-6754.8 -7696.4 1.6 94 0 10.8 12.6 2.5 2.5 2 1 1 3 3
-6799.7 -7685.9 2.5 114 0 15.1 7.1 7.5 2.5 2 0 3 0 0
-5228.2 7360.0 -21.9 316 0 10.0 24.6 2.5 2.5 2 1 1 4 4
-5592.3 7683.3 -22.4 47 0 14.2 17.3 7.5 2.5 2 1 3 2 2
-6715.4 6982.5 -22.0 136 0 14.9 12.6 7.5 2.5 2 0 3 3 3
-6038.5 8223.2 -24.0 318 0 12.6 11.6 5.0 2.5 2 0 2 2 2
-5428.4 7656.9 -21.2 137 0 18.7 11.4 2.5 2.5 2 0 1 0 0
-5227.1 7305.1 -22.0 44 0 12.6 26.1 7.5 2.5 2 1 3 0 0
-6280.4 7585.8 -25.8 218 0 9.6 17.1 2.5 0.0 0 1 1 0 0
-6712.1 7021.1 -22.4 221 0 7.9 13.1 7.5 2.5 2 1 3 4 4
-6204.8 8315.4 -26.9 223 0 15.5 27.4 7.5 2.5 4 1 3 1 1
-5363.2 7655.7 -21.0 45 0 29.5 12.4 10.0 2.5 2 0 4 2 2
-5976.0 8130.0 -23.6 313 0 7.4 20.0 7.5 2.5 2 1 3 1 1
-6671.9 6983.7 -21.4 4 0 3.8 7.2 5.0 2.5 2 1 2 1 1
-6065.3 8147.2 -24.5 137 0 14.7 30.8 7.5 2.5 2 1 3 2 2
-5200.1 7352.6 -21.6 315 0 15.6 11.5 2.5 2.5 2 0 1 0 0
-6297.7 7541.9 -25.9 124 0 13.3 11.6 7.5 2.5 2 0 3 1 1
-6641.9 6963.9 -20.7 272 0 9.9 19.9 5.0 2.5 2 1 2 2 2
-6271.7 7573.1 -25.8 310 0 4.9 3.3 5.0 2.5 2 0 2 3 3
-6662.6 6946.7 -21.0 94 0 9.8 7.6 7.5 2.5 2 0 3 5 5
-5091.7 7224.1 -21.4 312 0 7.7 19.5 7.5 2.5 2 1 3 1 1
-6247.4 7530.5 -25.9 42 0 13.1 5.2 7.5 0.0 0 0 3 0 0
-5690.0 7797.7 -22.3 129 0 17.1 23.4 7.5 2.5 2 1 3 4 4
-5101.6 7234.8 -21.5 316 0 7.8 12.6 5.0 2.5 2 1 2 2 2
-5144.7 7212.9 -21.7 135 0 20.0 10.9 5.0 2.5 2 0 2 1 1
-6272.9 7520.3 -25.7 136 0 11.4 12.6 10.0 2.5 2 1 4 0 0
-6642.8 6969.7 -20.7 273 0 7.4 5.8 7.5 2.5 2 0 3 5 5
-6303.6 7560.6 -25.9 128 0 6.5 17.7 7.5 2.5 2 1 3 0 0
-6039.4 8204.6 -24.4 314 0 9.2 28.2 7.5 0.0 0 1 3 2 2
-5109.9 7258.9 -21.5 316 0 13.9 11.6 7.5 2.5 4 0 3 3 3
-5386.0 7470.9 -23.1 220 0 11.6 27.3 10.0 2.5 2 1 4 0 0
-6660.5 6976.8 -21.0 274 0 9.8 22.6 5.0 2.5 2 0 2 2 2
-5983.8 8166.8 -23.7 319 0 15.2 12.6 2.5 2.5 2 0 1 1 1
-5995.4 8148.1 -23.8 318 0 9.4 16.7 5.0 2.5 2 1 2 3 3
-5127.4 7210.8 -21.6 137 0 7.5 22.5 7.5 2.5 2 1 3 2 2
-5228.8 7378.8 -21.7 317 0 13.9 9.7 2.5 2.5 2 0 1 2 2
-5380.2 7640.8 -21.1 44 0 15.2 27.5 7.5 2.5 2 1 3 3 3
-6685.5 6944.9 -21.4 122 0 30.4 12.7 10.0 2.5 2 0 4 0 0
-6016.0 8201.4 -23.9 312 0 12.6 12.7 7.5 0.0 0 1 3 0 0
-6029.5 8121.0 -24.1 133 0 22.6 12.2 10.0 2.5 2 0 4 1 1
-6671.2 6998.1 -21.4 271 0 15.2 12.1 2.5 2.5 2 0 1 1 1
-5980.8 8088.7 -23.8 44 0 12.2 20.4 5.0 2.5 2 1 2 4 4
5069.3 -3079.6 11.9 29 0 14.0 15.4 12.5 2.5 4 1 5 4 4
-4029.5 5718.8 -14.4 91 0 23.0 42.7 7.5 0.0 0 1 3 1 1
536.9 1578.5 1.3 304 0 6.8 11.6 5.0 2.5 2 1 2 3 3
-6874.0 3656.8 -2.8 195 0 4.9 7.5 5.0 0.0 0 0 2 4 4
-6844.0 3673.6 -2.7 10 0 4.9 4.3 2.5 2.5 2 0 1 4 4
-6860.8 3681.0 -2.9 192 0 7.6 5.6 7.5 0.0 0 0 3 3 3
-6877.8 3643.1 -2.7 195 0 4.4 15.3 7.5 2.5 2 0 3 0 0
-6844.1 3637.0 -2.7 16 0 10.9 11.7 7.5 2.5 2 0 3 2 2
-6856.0 3637.5 -2.7 15 0 5.3 7.1 7.5 2.5 2 0 3 0 0
-6868.3 3689.8 -3.1 192 0 6.5 9.2 5.0 2.5 2 0 2 2 2
-6835.5 3671.7 -2.7 10 0 9.8 8.7 5.0 2.5 2 0 2 3 3
-6855.1 3698.6 -3.0 280 0 6.2 3.5 7.5 2.5 2 0 3 4 4
-6852.9 3683.3 -2.9 282 0 4.8 7.6 7.5 2.5 4 0 3 3 3
-6854.7 3688.4 -3.0 282 0 8.8 4.6 5.0 2.5 2 0 2 0 0
-6755.6 4033.9 -4.6 4 0 5.8 13.2 7.5 2.5 2 1 3 3 3
-6822.7 3829.7 -3.4 101 0 3.9 3.2 2.5 2.5 2 0 1 0 0
-6822.3 3914.6 -4.2 182 0 7.0 20.5 5.0 2.5 4 1 2 3 3
-6749.4 3990.1 -4.1 8 0 12.3 9.0 2.5 2.5 2 0 1 5 5
-6787.1 4367.6 -4.5 5 0 6.3 13.1 7.5 2.5 2 0 3 1 1
-6790.4 4286.1 -4.0 7 0 4.4 4.7 2.5 2.5 4 1 1 0 0
-6788.4 4064.2 -4.8 271 0 12.6 14.9 5.0 2.5 2 1 2 2 2
-6753.1 4006.7 -4.5 7 0 6.1 10.6 5.0 2.5 2 0 2 4 4
-6854.7 3805.8 -2.8 194 0 5.4 6.0 7.5 2.5 2 0 3 4 4
-6794.7 3877.2 -4.2 13 0 5.1 12.8 5.0 2.5 2 1 2 5 5
-6827.7 3883.5 -4.4 97 0 8.9 13.7 5.0 2.5 2 1 2 0 0
-6796.5 3891.9 -4.1 11 0 5.9 4.9 7.5 2.5 2 0 3 1 1
-6783.2 4261.5 -3.9 5 0 5.4 19.5 5.0 2.5 4 1 2 4 4
-6847.9 3919.4 -4.7 273 0 9.5 8.5 5.0 2.5 2 0 2 5 5
-6785.6 4301.2 -4.1 4 0 10.4 10.9 5.0 2.5 2 1 2 1 1
-6793.9 3990.5 -4.2 181 0 5.6 3.9 7.5 2.5 2 0 3 2 2
-6834.6 3805.0 -2.6 285 0 13.3 5.0 7.5 2.5 2 0 3 4 4
-6765.2 3989.2 -4.2 9 0 6.8 13.8 7.5 2.5 4 0 3 3 3
-6809.9 4368.5 -4.6 5 0 4.4 3.3 5.0 2.5 2 0 2 3 3
-6742.9 4038.8 -4.4 4 0 12.2 7.7 2.5 2.5 4 0 1 0 0
-6828.1 3826.7 -3.4 100 0 5.7 4.0 2.5 2.5 2 0 1 5 5
-6798.3 3905.4 -4.1 18 0 14.0 5.6 5.0 2.5 2 0 2 4 4
-6817.0 4312.0 -4.3 184 0 5.4 12.5 5.0 2.5 2 1 2 1 1
-6780.5 3879.0 -4.0 14 0 13.4 6.1 5.0 0.0 0 0 2 1 1
-6759.5 3908.5 -3.9 15 0 5.9 15.6 7.5 0.0 0 0 3 2 2
-6774.6 3912.4 -4.0 14 0 5.9 10.5 5.0 2.5 2 0 2 4 4
-6811.4 3810.2 -2.6 285 0 14.5 12.1 2.5 2.5 2 0 1 1 1
-6816.8 3839.9 -4.1 102 0 12.3 12.6 5.0 0.0 0 0 2 1 1
-6787.1 3862.9 -4.1 10 0 15.2 7.1 2.5 2.5 2 0 1 4 4
-6742.7 4056.3 -4.3 360 0 10.3 9.3 2.5 2.5 2 0 1 3 3
-6799.0 3824.1 -3.4 102 0 10.2 11.8 5.0 2.5 2 0 2 4 4
-6790.0 3991.0 -4.2 180 0 6.9 11.2 7.5 2.5 4 0 3 3 3
-6793.0 3928.4 -4.1 285 0 7.5 11.9 7.5 2.5 4 0 3 0 0
-6812.8 4373.7 -4.7 5 0 14.4 7.8 7.5 2.5 2 0 3 0 0
-6800.2 4368.6 -4.6 5 0 6.3 9.7 7.5 2.5 2 0 3 3 3
-6784.8 3915.0 -4.0 14 0 5.9 7.5 7.5 2.5 2 0 3 4 4
-6791.6 3837.3 -3.7 12 0 5.3 16.4 2.5 2.5 2 0 1 2 2
-6831.7 4416.1 -4.9 185 0 16.1 16.5 5.0 2.5 2 1 2 5 5
-6764.6 4062.8 -4.6 276 0 25.6 5.3 2.5 0.0 0 0 1 1 1
-6821.3 3835.8 -3.7 100 0 8.1 4.9 5.0 2.5 2 0 2 0 0
-6826.5 3833.7 -3.6 100 0 5.0 3.0 7.5 2.5 2 0 3 0 0
-3405.7 -2967.9 2.8 253 0 14.5 8.4 5.0 0.0 0 0 2 3 3
-3440.9 -2977.2 2.4 253 0 25.2 16.1 12.5 2.5 2 0 5 2 2
-2933.2 -3078.5 2.4 77 0 11.7 7.2 7.5 2.5 4 0 3 4 4
-3693.3 -2459.0 12.7 109 0 14.1 28.5 10.0 2.5 2 1 4 2 2
-3448.7 -3717.9 -1.4 359 0 6.0 14.9 5.0 2.5 2 0 2 5 5
-3586.8 -2929.3 3.1 254 0 10.9 7.3 2.5 2.5 2 0 1 3 3
-3809.5 -2999.6 3.0 166 0 9.9 9.9 7.5 2.5 4 0 3 2 2
-3559.9 -2893.6 3.8 163 0 14.8 10.2 5.0 2.5 2 0 2 5 5
-3529.6 -3334.1 1.1 358 0 12.7 12.8 5.0 2.5 2 1 2 1 1
-3656.3 -3693.1 -0.3 89 0 9.6 12.6 5.0 2.5 2 1 2 4 4
-3549.0 -2579.4 13.7 269 0 18.7 20.1 12.5 2.5 2 1 5 4 4
-3642.3 -3726.0 -0.6 268 0 10.5 12.9 5.0 2.5 2 1 2 2 2
-3584.8 -2996.4 2.1 251 0 10.5 11.4 2.5 2.5 2 1 1 0 0
-3783.9 -3063.9 2.3 166 0 10.4 9.2 7.5 2.5 2 0 3 1 1
-3686.5 -3335.9 1.7 270 0 11.4 10.2 10.0 0.0 0 0 4 5 5
-3672.7 -3697.4 -0.3 89 0 11.1 12.5 7.5 2.5 2 1 3 4 4
-3799.8 -3094.1 2.1 358 0 9.9 9.8 5.0 2.5 2 0 2 4 4
-3666.3 -3727.3 -0.6 268 0 12.4 10.3 2.5 2.5 2 0 1 0 0
-3628.0 -2952.5 2.7 254 0 8.7 9.4 7.5 2.5 2 1 3 2 2
-3711.2 -3343.9 1.7 178 0 11.5 11.3 5.0 0.0 0 0 2 0 0
-3691.0 -3698.7 -0.4 89 0 10.6 9.9 5.0 2.5 2 0 2 3 3
-3720.4 -3744.5 -0.9 89 0 12.4 13.0 7.5 2.5 2 1 3 5 5
-3568.3 -2790.5 5.9 168 0 23.3 10.7 2.5 2.5 2 0 1 0 0
-3669.1 -2968.7 2.7 253 0 10.1 5.4 5.0 2.5 2 0 2 1 1
-3774.9 -3098.2 2.0 165 0 12.3 10.4 5.0 2.5 2 0 2 5 5
-3768.5 -3350.7 1.9 266 0 11.6 15.3 2.5 0.0 0 1 1 4 4
-3892.5 -3169.3 2.1 358 0 21.4 12.5 7.5 2.5 2 0 3 2 2
-3792.3 -3128.8 1.8 0 0 11.1 9.0 5.0 2.5 2 0 2 3 3
-3461.1 -2456.3 14.3 348 0 13.0 20.7 7.5 2.5 2 1 3 1 1
-3684.4 -2972.8 2.7 253 0 19.0 5.5 5.0 2.5 2 0 2 4 4
-3896.4 -3207.5 2.2 87 0 6.7 13.8 7.5 0.0 0 1 3 4 4
-3790.5 -3143.4 1.7 359 0 12.4 10.1 7.5 2.5 2 0 3 2 2
-3707.4 -2970.1 2.8 254 0 20.4 5.4 5.0 0.0 0 0 2 5 5
-3461.6 -3696.4 -1.5 91 0 9.0 12.5 7.5 2.5 2 0 3 2 2
-3798.8 -2528.1 11.0 154 0 18.0 11.2 5.0 2.5 2 0 2 5 5
-3824.1 -3004.7 3.0 352 0 11.8 13.3 7.5 2.5 2 1 3 2 2
-3563.4 -2878.1 4.2 167 0 14.0 12.9 5.0 2.5 2 0 2 5 5
-3560.2 -3293.5 1.1 86 0 17.0 6.3 7.5 2.5 2 0 3 3 3
-3787.1 -3161.0 1.6 359 0 11.2 12.0 2.5 2.5 2 1 1 2 2
-3593.9 -2632.6 11.3 353 0 25.1 15.7 10.0 2.5 2 0 4 1 1
-3758.3 -3147.5 1.5 163 0 12.0 12.6 5.0 2.5 2 1 2 5 5
-3774.3 -3184.3 1.6 356 0 11.8 9.9 7.5 2.5 2 0 3 2 2
-3978.4 -3024.7 3.2 177 0 8.9 13.7 5.0 2.5 2 1 2 2 2
-3740.6 -3151.1 1.4 164 0 5.4 24.4 7.5 0.0 0 0 3 1 1
-3787.9 -3219.5 1.8 359 0 6.8 14.1 7.5 2.5 2 1 3 3 3
-3750.2 -3177.6 1.3 166 0 12.5 12.2 2.5 2.5 2 0 1 4 4
-3846.4 -3259.0 2.4 86 0 10.3 12.1 7.5 2.5 2 1 3 2 2
-3768.5 -3228.8 1.7 360 0 12.6 11.3 7.5 2.5 2 0 3 0 0
-3746.4 -3191.3 1.3 164 0 8.1 13.6 7.5 0.0 0 1 3 5 5
-3768.4 -3240.3 1.9 360 0 10.5 11.3 2.5 2.5 4 0 1 1 1
-3736.2 -3225.3 1.4 165 0 12.9 10.8 10.0 2.5 2 0 4 5 5
-3482.7 -3715.6 -1.2 268 0 11.1 6.3 2.5 2.5 4 0 1 0 0
-3798.8 -3016.9 2.8 165 0 6.8 18.2 5.0 2.5 2 0 2 4 4
-3558.5 -2859.3 4.6 166 0 15.1 15.8 7.5 2.5 2 1 3 3 3
-3610.1 -3343.3 1.3 358 0 11.7 11.2 5.0 2.5 2 0 2 0 0
-3780.2 -2752.5 5.4 353 0 7.0 14.0 7.5 2.5 2 1 3 0 0
-3750.7 -3279.3 2.2 358 0 12.2 11.2 7.5 2.5 4 0 3 5 5
-3708.1 -3253.7 1.5 179 0 12.4 13.7 2.5 2.5 2 1 1 1 1
-3827.3 -3350.2 1.9 87 0 13.8 8.6 7.5 2.5 2 0 3 3 3
-3742.1 -3296.6 2.3 360 0 10.5 11.2 7.5 2.5 2 1 3 4 4
-3712.1 -3274.7 1.8 177 0 10.5 12.0 7.5 2.5 2 1 3 5 5
-3744.7 -3324.6 2.1 89 0 12.2 11.9 5.0 2.5 2 0 2 5 5
-3706.7 -3311.5 2.1 85 0 10.9 12.7 5.0 2.5 2 1 2 3 3
-3731.3 -3349.5 1.8 358 0 10.7 11.5 2.5 2.5 2 0 1 3 3
-3792.1 -3396.0 1.1 178 0 8.2 11.1 5.0 2.5 2 1 2 4 4
-3638.6 -3308.2 1.7 88 0 12.9 11.5 7.5 0.0 0 0 3 0 0
-3707.1 -3411.8 0.5 177 0 10.6 10.0 7.5 2.5 2 0 3 5 5
-3704.5 -3428.9 0.3 181 0 9.4 9.0 2.5 2.5 2 0 1 5 5
-3786.9 -3459.8 0.3 178 0 14.9 9.5 5.0 2.5 2 0 2 0 0
-3694.5 -3440.9 0.2 178 0 9.8 10.3 5.0 2.5 2 1 2 4 4
-3734.0 -3455.9 0.4 358 0 11.1 9.3 5.0 2.5 2 0 2 0 0
-3204.6 -3250.1 -1.2 258 0 12.2 25.2 7.5 2.5 2 1 3 5 5
-3705.9 -3464.5 0.2 178 0 9.2 11.2 5.0 2.5 2 1 2 3 3
-3734.0 -3477.0 0.3 358 0 10.5 11.6 5.0 2.5 2 1 2 5 5
-3790.2 -3495.9 0.1 178 0 8.9 10.4 7.5 2.5 2 1 3 0 0
-3700.6 -3483.4 0.1 177 0 12.0 12.7 2.5 2.5 2 1 1 2 2
-3799.4 -3028.6 2.7 164 0 5.1 14.3 2.5 2.5 2 1 1 3 3
-3567.8 -2839.6 5.0 169 0 12.0 9.6 5.0 2.5 2 0 2 4 4
-3727.7 -3519.5 0.2 359 0 12.0 12.9 5.0 2.5 4 1 2 2 2
-3789.5 -3536.2 0.0 177 0 7.4 12.9 2.5 2.5 2 1 1 3 3
-3700.4 -3515.9 0.0 179 0 6.4 11.7 5.0 2.5 2 1 2 1 1
-3699.7 -3535.9 -0.1 180 0 11.5 11.2 2.5 2.5 4 0 1 5 5
-3699.6 -3549.9 -0.1 178 0 7.6 10.9 7.5 2.5 2 1 3 0 0
-3698.9 -3572.4 -0.1 178 0 11.1 9.5 5.0 2.5 2 0 2 0 0
-3813.4 -3035.7 2.7 1 0 11.4 9.8 5.0 2.5 4 0 2 3 3
-3727.6 -3598.9 0.3 11 0 9.5 13.7 7.5 2.5 2 1 3 2 2
-3778.4 -3663.5 -0.3 177 0 19.3 9.0 7.5 2.5 2 0 3 1 1
-3698.9 -3590.4 -0.1 177 0 12.2 11.7 2.5 2.5 2 0 1 3 3
-3725.5 -3620.4 0.3 358 0 8.5 11.1 5.0 2.5 2 1 2 0 0
-3696.1 -3609.3 -0.1 173 0 10.8 10.4 7.5 2.5 2 0 3 1 1
-3695.6 -3626.3 -0.1 177 0 11.3 12.4 10.0 2.5 2 1 4 5 5
-3695.0 -3646.6 -0.1 180 0 13.2 11.1 7.5 2.5 2 0 3 0 0
-3596.7 -2967.2 2.4 251 0 11.7 12.7 5.0 2.5 2 1 2 2 2
-3804.1 -2637.9 6.8 354 0 13.2 8.0 2.5 2.5 2 0 1 5 5
-3655.4 -3335.2 1.5 268 0 12.8 10.3 7.5 2.5 2 0 3 5 5
-3635.4 -3694.1 -0.4 88 0 10.1 13.2 7.5 2.5 2 1 3 2 2
-3828.6 -3054.7 2.6 360 0 11.2 14.0 7.5 2.5 2 1 3 1 1
-3567.0 -2635.6 11.1 171 0 14.6 7.1 7.5 0.0 0 0 3 0 0
-3592.5 -2985.3 2.2 253 0 10.0 10.2 7.5 0.0 0 1 3 4 4
-3640.7 -2957.7 2.7 252 0 4.7 9.2 7.5 2.5 2 1 3 5 5
-3675.2 -3335.9 1.6 270 0 11.4 10.2 7.5 2.5 2 0 3 2 2
-3677.5 -3469.2 0.0 177 0 5.2 17.5 5.0 2.5 2 1 2 5 5
-3880.8 -2268.7 12.3 328 0 7.7 6.6 5.0 2.5 2 0 2 1 1
-3468.5 -3715.0 -1.3 269 0 9.6 6.0 7.5 2.5 2 0 3 1 1
-3843.6 -3352.1 1.7 87 0 6.0 9.6 2.5 2.5 2 1 1 3 3
-3557.2 -3695.3 -0.8 88 0 13.9 14.4 5.0 2.5 2 1 2 2 2
-3775.1 -3745.8 -1.2 87 0 8.7 6.6 5.0 2.5 2 0 2 0 0
-3686.2 -2333.0 12.0 149 0 8.9 17.0 2.5 2.5 2 0 1 2 2
-3445.5 -2531.0 13.4 77 0 8.2 20.4 5.0 2.5 4 1 2 3 3
-3609.6 -2525.5 16.4 348 0 9.8 6.0 5.0 2.5 2 0 2 5 5
-3577.7 -2519.0 16.1 168 0 7.0 29.3 2.5 2.5 2 1 1 5 5
-3634.2 -2969.8 2.6 342 0 5.7 26.3 7.5 2.5 2 1 3 4 4
-3597.6 -2936.8 3.0 253 0 9.2 5.8 7.5 2.5 2 0 3 1 1
-3538.8 -3720.8 -0.6 359 0 10.5 11.2 2.5 2.5 2 1 1 0 0
-3679.1 -3744.7 -0.8 88 0 4.8 10.3 7.5 2.5 2 1 3 1 1
-3804.6 -2704.0 5.7 173 0 14.3 8.7 5.0 2.5 2 0 2 5 5
-3529.6 -2479.9 15.4 77 0 7.2 14.4 7.5 2.5 2 1 3 3 3
-3409.8 -3547.7 -2.4 170 0 9.8 10.2 5.0 2.5 4 1 2 0 0
-3771.0 -2487.0 12.9 238 0 6.6 8.9 5.0 2.5 2 1 2 2 2
-3024.6 -2904.2 6.0 256 0 8.1 6.0 7.5 2.5 2 0 3 4 4
-3767.2 -3264.7 2.1 358 0 6.4 10.1 7.5 2.5 4 1 3 4 4
-3729.5 -2971.0 2.9 254 0 6.4 10.3 2.5 2.5 4 1 1 3 3
-3809.3 -3286.0 2.3 179 0 7.0 37.6 7.5 2.5 2 1 3 1 1
-3747.1 -3017.4 2.5 254 0 11.4 10.4 5.0 2.5 2 0 2 4 4
-3682.5 -3672.1 -0.1 181 0 11.0 5.7 7.5 2.5 2 0 3 1 1
-3807.5 -3147.1 1.7 1 0 5.2 16.7 7.5 2.5 2 1 3 5 5
-3865.0 -3047.1 2.8 176 0 6.2 12.4 7.5 2.5 2 0 3 5 5
-3012.6 -2821.1 7.4 76 0 32.6 9.2 7.5 2.5 2 0 3 4 4
-3873.6 -3308.4 2.0 267 0 8.1 9.8 7.5 2.5 2 1 3 5 5
-3599.1 -3696.5 -0.5 88 0 10.3 10.7 5.0 2.5 2 1 2 5 5
-3781.2 -3012.1 2.8 165 0 6.9 15.8 7.5 2.5 4 0 3 4 4
-3603.7 -2581.6 14.2 266 0 14.0 21.8 12.5 2.5 2 1 5 4 4
-3501.3 -3695.4 -1.1 88 0 12.2 6.3 5.0 2.5 2 0 2 1 1
-3982.5 -3044.8 3.0 177 0 9.2 5.0 2.5 2.5 2 0 1 0 0
-3849.8 -3008.5 3.0 269 0 8.0 10.6 5.0 2.5 2 1 2 4 4
-3468.3 -2424.8 14.5 347 0 9.8 23.4 2.5 2.5 2 1 1 1 1
-3767.2 -2981.8 2.9 256 0 7.3 10.6 5.0 2.5 2 1 2 5 5
-3827.4 -2893.0 3.9 180 0 6.3 8.2 5.0 2.5 2 1 2 0 0
-2921.9 -2883.2 5.8 262 0 13.3 19.5 7.5 2.5 2 1 3 1 1
-3930.1 -2256.8 12.1 151 0 29.9 12.7 10.0 2.5 4 0 4 2 2
-3492.1 -3715.9 -1.1 268 0 7.6 6.3 5.0 2.5 2 0 2 4 4
-3724.4 -3641.9 0.2 359 0 9.8 10.7 5.0 2.5 2 1 2 1 1
-3015.8 -2902.0 6.0 256 0 10.0 6.0 2.5 2.5 2 0 1 4 4
-3564.6 -2460.2 14.9 257 0 18.2 28.7 10.0 2.5 2 0 4 5 5
-3672.2 -2979.7 2.6 251 0 14.8 4.8 7.5 2.5 2 0 3 2 2
-3890.9 -3296.2 2.0 265 0 12.1 6.0 2.5 2.5 2 0 1 1 1
-3795.8 -3265.3 2.3 179 0 5.9 8.1 7.5 2.5 2 0 3 5 5
-3747.4 -2992.1 2.7 254 0 8.4 12.5 5.0 2.5 2 1 2 0 0
-3481.1 -2388.2 13.2 351 0 19.7 9.5 7.5 2.5 2 0 3 5 5
-3870.8 -3178.3 2.1 356 0 6.6 8.0 7.5 0.0 0 1 3 5 5
-3823.4 -3171.9 1.7 179 0 6.5 20.1 2.5 2.5 2 1 1 4 4
-3682.6 -3069.5 1.9 160 0 11.3 11.2 10.0 2.5 2 0 4 4 4
-3801.9 -3232.5 1.9 179 0 6.3 14.3 5.0 2.5 2 1 2 2 2
-3861.5 -3262.8 2.5 90 0 11.2 4.3 5.0 2.5 2 0 2 5 5
-3781.9 -2990.2 2.9 256 0 11.8 6.7 5.0 2.5 2 0 2 4 4
-3535.7 -3695.7 -0.8 88 0 11.5 6.2 5.0 2.5 4 0 2 3 3
-3837.7 -3022.8 2.9 355 0 5.4 8.0 5.0 2.5 2 1 2 0 0
-3848.8 -3092.6 2.3 181 0 12.8 8.2 5.0 2.5 2 0 2 3 3
-3613.2 -2566.9 16.7 77 0 10.9 14.1 5.0 2.5 2 1 2 5 5
-3530.2 -2501.2 15.7 349 0 13.6 14.9 7.5 2.5 2 1 3 5 5
-3805.3 -3131.0 1.9 360 0 6.2 25.4 5.0 2.5 2 0 2 5 5
-3787.4 -3196.5 1.7 360 0 6.0 15.7 5.0 2.5 2 1 2 0 0
-3552.3 -2673.3 7.4 256 0 12.8 52.9 10.0 2.5 4 1 4 2 2
-3221.4 -3253.6 -1.1 258 0 6.7 8.6 7.5 0.0 0 1 3 3 3
-3567.6 -3720.2 -0.4 269 0 13.0 8.0 5.0 2.5 4 0 2 3 3
-3737.4 -3627.9 0.4 360 0 5.7 10.2 7.5 2.5 2 1 3 2 2
-3652.7 -3132.2 1.2 164 0 10.7 8.5 2.5 2.5 2 0 1 0 0
-3809.4 -3246.3 2.0 178 0 6.3 21.4 2.5 2.5 4 1 1 5 5
-3298.2 -3378.2 -0.7 260 0 11.6 12.7 5.0 2.5 2 1 2 4 4
-3059.5 -2906.5 5.6 258 0 15.0 7.1 5.0 2.5 2 0 2 3 3
-3671.9 -3454.4 0.0 176 0 6.1 16.0 7.5 2.5 2 1 3 3 3
-3473.6 -3696.2 -1.4 91 0 15.1 10.2 10.0 2.5 2 0 4 2 2
-3768.0 -3306.1 2.4 88 0 6.4 13.5 5.0 2.5 2 1 2 4 4
-3721.8 -2984.0 2.8 253 0 8.8 4.9 2.5 2.5 2 0 1 0 0
-3914.9 -3201.9 2.2 88 0 6.5 14.7 7.5 2.5 4 1 3 5 5
-3646.5 -3274.9 1.4 92 0 11.3 11.6 10.0 2.5 2 1 4 1 1
-3820.6 -3096.3 2.2 360 0 5.6 15.2 5.0 0.0 0 1 2 0 0
-3619.6 -3093.7 1.5 344 0 5.7 9.9 5.0 0.0 0 1 2 2 2
-3766.6 -3326.6 2.2 89 0 13.1 18.6 7.5 0.0 0 1 3 3 3
-3830.8 -3040.0 2.7 360 0 5.5 20.6 5.0 2.5 2 0 2 4 4
-3838.3 -3125.4 1.9 181 0 17.9 7.6 5.0 2.5 2 0 2 3 3
-3859.9 -3033.6 2.8 179 0 12.9 8.4 5.0 2.5 4 0 2 2 2
-3659.8 -3500.3 -0.1 177 0 11.4 6.2 7.5 2.5 2 0 3 0 0
-3787.8 -3262.3 2.2 179 0 11.8 6.6 7.5 2.5 2 0 3 3 3
-3547.7 -2450.3 14.8 257 0 41.0 14.4 7.5 2.5 2 0 3 1 1
-3524.5 -2432.9 14.5 257 0 36.2 11.8 7.5 2.5 2 0 3 2 2
-3742.0 -3146.2 1.4 164 0 4.9 40.5 2.5 2.5 2 0 1 0 0
-3828.6 -3226.5 2.0 178 0 4.9 16.9 5.0 2.5 2 1 2 4 4
-3902.7 -2125.4 12.6 242 0 71.8 92.0 10.0 0.0 0 0 4 0 0
-3656.2 -2350.0 11.4 149 0 79.4 13.7 10.0 2.5 2 0 4 5 5
-3759.6 -3725.2 -1.0 267 0 7.3 11.3 5.0 2.5 2 1 2 1 1
-3807.7 -2783.8 5.0 121 0 6.9 13.6 5.0 0.0 0 1 2 5 5
-3659.2 -3313.9 1.8 88 0 6.5 16.0 7.5 2.5 2 1 3 3 3
-3583.4 -3724.1 -0.3 268 0 8.6 11.3 7.5 2.5 2 1 3 0 0
-3613.6 -2485.7 15.0 167 0 13.5 19.9 12.5 2.5 2 0 5 1 1
-3546.9 -3358.1 0.9 358 0 4.2 10.0 5.0 2.5 2 1 2 1 1
-3614.7 -3458.3 -0.2 0 0 9.1 10.4 5.0 2.5 2 1 2 1 1
-3506.0 -2993.3 2.1 344 0 12.4 13.9 7.5 0.0 0 1 3 2 2
-3442.2 -3823.3 -2.2 356 0 11.8 10.6 7.5 0.0 0 0 3 2 2
-3404.1 -3829.4 -2.8 176 0 13.8 14.7 5.0 2.5 2 1 2 0 0
-3442.6 -3841.3 -2.3 360 0 11.5 9.0 5.0 2.5 2 0 2 5 5
-3384.8 -3859.1 -3.3 82 0 10.1 13.7 5.0 2.5 2 1 2 5 5
-3441.8 -3859.3 -2.8 2 0 12.1 11.1 7.5 2.5 2 0 3 0 0
-3397.0 -3963.2 -3.2 81 0 9.1 15.5 5.0 0.0 0 0 2 0 0
-3403.0 -3891.8 -3.8 168 0 8.5 10.8 5.0 2.5 2 1 2 3 3
-3441.8 -3880.4 -3.0 357 0 11.6 11.2 5.0 2.5 2 0 2 3 3
-3437.9 -3895.2 -3.2 357 0 11.0 15.0 5.0 2.5 2 1 2 0 0
-3489.5 -2996.9 2.2 166 0 10.9 9.8 5.0 0.0 0 0 2 4 4
-3440.0 -3909.9 -3.3 359 0 9.7 7.5 5.0 0.0 0 0 2 5 5
-3440.5 -3935.3 -3.1 359 0 12.3 9.3 5.0 2.5 2 0 2 2 2
-3436.3 -3963.7 -2.7 359 0 10.5 9.2 5.0 2.5 2 0 2 2 2
-3456.2 -4006.2 -2.0 359 0 16.5 12.9 5.0 2.5 2 0 2 1 1
-3606.1 -3479.1 -0.3 360 0 9.7 11.0 2.5 2.5 2 1 1 0 0
-3593.7 -3037.7 1.9 342 0 3.9 12.9 7.5 0.0 0 1 3 3 3
-3430.2 -4049.7 -3.0 353 0 15.3 14.0 7.5 2.5 2 0 3 1 1
-3580.2 -3439.8 -0.3 179 0 10.1 12.1 2.5 2.5 2 1 1 2 2
-3486.2 -3014.7 1.9 166 0 12.4 9.9 7.5 2.5 2 0 3 0 0
-3607.9 -3494.7 -0.3 358 0 10.5 12.6 2.5 2.5 2 1 1 2 2
-3503.9 -3012.3 1.9 352 0 5.9 11.6 2.5 2.5 2 1 1 4 4
-3582.2 -3396.0 0.2 180 0 6.5 19.0 5.0 2.5 2 1 2 1 1
-3482.7 -3033.3 1.6 166 0 13.0 9.7 2.5 2.5 2 0 1 0 0
-3607.3 -3515.0 -0.4 357 0 6.2 12.3 5.0 2.5 4 1 2 4 4
-3507.8 -3023.8 1.7 343 0 5.8 10.0 5.0 2.5 2 1 2 4 4
-3479.8 -3044.7 1.5 166 0 10.5 9.7 7.5 2.5 2 0 3 3 3
-3498.5 -3030.2 1.6 344 0 6.9 10.5 7.5 2.5 4 1 3 0 0
-3469.6 -3063.2 1.2 164 0 9.3 10.5 5.0 2.5 2 1 2 5 5
-3531.0 -2922.3 3.3 337 0 11.6 11.9 7.5 2.5 2 0 3 3 3
-3603.7 -3550.7 -0.8 357 0 10.3 8.3 5.0 2.5 2 0 2 4 4
-3498.3 -3045.4 1.4 345 0 13.4 11.0 5.0 2.5 2 0 2 0 0
-3570.1 -3514.5 -0.8 182 0 12.5 11.5 5.0 0.0 0 0 2 0 0
-3467.1 -3081.8 0.9 164 0 13.2 9.8 5.0 2.5 2 0 2 0 0
-3602.6 -3570.4 -0.8 359 0 12.4 11.2 5.0 2.5 2 0 2 0 0
-3492.9 -3056.9 1.3 344 0 6.0 9.6 7.5 2.5 2 1 3 3 3
-3455.7 -3098.1 0.7 165 0 5.3 21.5 5.0 2.5 4 1 2 2 2
-3601.0 -3586.8 -0.8 358 0 10.1 9.0 5.0 2.5 2 0 2 5 5
-3558.8 -2947.0 2.9 254 0 10.3 6.1 7.5 0.0 0 0 3 0 0
-3612.6 -3605.9 -0.7 359 0 12.2 9.3 7.5 2.5 2 0 3 1 1
-3492.5 -3069.4 1.2 345 0 8.4 9.9 5.0 2.5 2 1 2 0 0
-3458.0 -3136.0 0.4 166 0 14.4 10.5 5.0 2.5 2 0 2 3 3
-3599.3 -3623.2 -0.8 357 0 10.0 10.6 7.5 2.5 2 1 3 0 0
-3454.2 -3147.3 0.3 166 0 9.5 9.5 7.5 0.0 0 0 3 2 2
-3581.4 -3371.8 0.6 179 0 11.4 12.7 7.5 2.5 2 1 3 4 4
-3598.4 -3640.1 -0.8 357 0 10.1 9.1 7.5 2.5 4 0 3 5 5
-3488.1 -3087.3 1.0 347 0 9.3 8.4 7.5 2.5 2 0 3 3 3
-3572.3 -3591.4 -1.2 179 0 9.6 11.7 7.5 2.5 2 1 3 0 0
-3449.4 -3163.4 0.2 165 0 12.0 9.8 7.5 2.5 2 0 3 0 0
-3570.7 -3612.2 -1.1 180 0 11.0 10.4 5.0 0.0 0 0 2 5 5
-3444.9 -3183.8 -0.0 168 0 11.3 9.0 5.0 2.5 4 0 2 0 0
-3488.7 -3120.1 0.7 345 0 11.8 10.2 5.0 2.5 2 0 2 4 4
-3442.6 -3194.9 -0.1 168 0 11.3 9.0 5.0 2.5 2 0 2 0 0
-3476.2 -3144.6 0.5 345 0 8.3 10.1 5.0 0.0 0 0 2 2 2
-3438.5 -3215.5 -0.3 173 0 15.2 8.9 7.5 2.5 2 0 3 3 3
-3473.9 -3153.0 0.4 345 0 9.1 10.0 5.0 2.5 2 0 2 3 3
-3436.7 -3231.0 -0.3 173 0 12.1 11.6 5.0 2.5 2 0 2 0 0
-3607.6 -3407.5 0.2 358 0 10.2 9.8 5.0 2.5 2 0 2 4 4
-3526.4 -2938.4 3.0 343 0 10.4 22.7 7.5 2.5 4 0 3 3 3
-3470.9 -3167.3 0.2 347 0 10.4 9.5 5.0 2.5 2 0 2 1 1
-3440.6 -3254.5 -0.1 169 0 6.1 18.2 7.5 2.5 2 0 3 4 4
-3374.7 -3241.0 -0.6 80 0 10.9 9.4 5.0 2.5 2 0 2 5 5
-3466.4 -3200.4 -0.1 354 0 11.6 12.3 5.0 2.5 2 1 2 4 4
-3440.6 -3261.6 0.0 169 0 7.7 12.7 7.5 2.5 2 0 3 0 0
-3471.7 -3222.9 -0.0 359 0 10.1 10.4 5.0 2.5 2 1 2 3 3
-3431.0 -3277.6 0.1 79 0 11.3 11.5 2.5 2.5 2 1 1 3 3
-3499.7 -3255.1 0.2 86 0 12.2 16.1 10.0 2.5 2 1 4 3 3
-3437.9 -3305.3 0.5 176 0 11.7 9.6 5.0 2.5 2 0 2 3 3
-3547.2 -3393.6 0.2 357 0 10.3 9.4 2.5 2.5 2 0 1 4 4
-3503.8 -2912.3 3.7 166 0 7.2 11.3 7.5 2.5 2 0 3 4 4
-3437.9 -3325.4 0.7 171 0 10.0 8.7 7.5 2.5 2 0 3 0 0
-3465.0 -3389.9 -0.1 269 0 13.1 6.4 7.5 2.5 2 0 3 2 2
-3428.0 -3337.4 0.6 171 0 10.0 10.0 7.5 2.5 2 0 3 5 5
-3455.9 -3403.9 -0.2 359 0 5.7 12.6 5.0 2.5 2 0 2 5 5
-3426.4 -3346.9 0.4 171 0 9.2 14.1 2.5 2.5 2 0 1 0 0
-3455.7 -3414.6 -0.4 359 0 6.7 13.9 7.5 2.5 2 1 3 3 3
-3454.0 -3427.1 -0.5 0 0 10.2 10.5 5.0 2.5 2 0 2 4 4
-3435.5 -3368.6 0.1 171 0 7.0 16.3 2.5 2.5 2 0 1 2 2
-3608.1 -3424.4 0.0 358 0 9.3 8.4 2.5 2.5 2 0 1 4 4
-3520.6 -2955.3 2.7 346 0 13.1 30.5 7.5 2.5 4 1 3 1 1
-3454.0 -3437.0 -0.7 0 0 9.8 10.5 7.5 2.5 2 0 3 0 0
-3435.9 -3378.3 0.0 169 0 4.7 9.3 5.0 2.5 2 0 2 0 0
-3460.6 -4073.5 -3.3 175 0 17.5 12.4 5.0 2.5 4 0 2 0 0
-3452.1 -3457.7 -0.9 359 0 12.7 9.3 5.0 2.5 2 0 2 4 4
-3424.4 -3387.9 -0.2 172 0 12.3 12.3 7.5 2.5 2 0 3 5 5
-3451.9 -3471.0 -1.0 359 0 13.9 10.1 5.0 0.0 0 0 2 0 0
-3432.3 -3406.3 -0.4 175 0 11.9 8.8 7.5 2.5 2 0 3 4 4
-3450.9 -3497.0 -1.0 358 0 5.6 10.5 2.5 2.5 2 1 1 1 1
-3431.5 -3424.8 -0.6 172 0 11.7 12.9 2.5 2.5 2 0 1 4 4
-3454.9 -3512.4 -1.4 359 0 12.6 10.4 5.0 2.5 2 0 2 1 1
-3429.5 -3437.3 -0.8 171 0 13.6 10.1 2.5 2.5 2 0 1 5 5
-3501.2 -2925.0 3.5 164 0 6.4 14.1 5.0 2.5 2 0 2 4 4
-3454.5 -3545.1 -2.0 357 0 10.6 9.0 7.5 2.5 2 0 3 2 2
-3428.6 -3458.1 -1.1 163 0 11.1 11.0 2.5 2.5 2 0 1 2 2
-3455.2 -3560.0 -2.0 359 0 9.7 10.2 7.5 2.5 2 1 3 3 3
-3424.7 -3484.2 -1.2 172 0 11.0 11.1 2.5 2.5 2 1 1 3 3
-3456.0 -3575.6 -2.0 359 0 10.5 9.7 5.0 2.5 2 0 2 5 5
-3416.0 -3501.9 -1.4 170 0 10.2 9.5 5.0 2.5 2 0 2 4 4
-3454.9 -3592.9 -2.0 359 0 6.0 15.9 7.5 2.5 2 1 3 3 3
-3423.2 -3516.7 -1.7 169 0 6.3 19.5 7.5 2.5 2 1 3 1 1
-3454.1 -3602.7 -2.0 359 0 9.9 10.2 5.0 2.5 2 0 2 1 1
-3421.3 -3531.0 -2.0 172 0 11.0 9.3 7.5 2.5 2 0 3 1 1
-3606.6 -3440.8 -0.2 358 0 11.0 12.5 5.0 2.5 2 1 2 0 0
-3510.7 -2976.3 2.4 346 0 18.6 12.9 7.5 2.5 2 0 3 0 0
-3454.0 -3610.6 -2.0 359 0 5.8 32.5 2.5 2.5 4 0 1 1 1
-3418.6 -3578.7 -2.4 171 0 5.0 13.6 5.0 2.5 2 1 2 2 2
-3453.2 -3624.2 -2.0 357 0 10.9 6.0 5.0 2.5 2 0 2 4 4
-3452.8 -3657.8 -1.6 358 0 6.1 13.9 5.0 2.5 2 0 2 3 3
-3500.1 -2941.0 3.1 163 0 11.1 9.6 7.5 2.5 2 0 3 4 4
-3447.6 -3727.9 -1.4 359 0 10.2 8.3 5.0 2.5 2 0 2 5 5
-3420.1 -3659.4 -2.0 170 0 14.4 10.6 10.0 2.5 4 0 4 2 2
-3500.4 -3091.0 1.0 344 0 4.1 10.6 5.0 2.5 2 0 2 2 2
-3418.3 -3669.9 -2.0 169 0 6.8 14.7 7.5 2.5 2 0 3 4 4
-3445.1 -3759.6 -1.7 359 0 9.8 13.0 2.5 2.5 2 1 1 4 4
-3445.1 -3774.6 -1.9 358 0 13.8 10.1 5.0 2.5 2 0 2 1 1
-3421.6 -3690.8 -1.9 170 0 13.1 15.0 5.0 2.5 2 0 2 1 1
-3444.4 -3790.0 -2.0 356 0 12.1 7.2 2.5 2.5 2 0 1 3 3
-3395.9 -3783.3 -2.5 259 0 12.7 13.5 7.5 2.5 2 1 3 2 2
-3499.2 -2949.4 3.0 163 0 5.6 18.7 7.5 2.5 4 0 3 4 4
-3459.2 -3624.5 -1.9 357 0 10.8 9.7 5.0 2.5 2 0 2 2 2
-3442.6 -3975.6 -2.4 358 0 11.1 13.0 2.5 2.5 2 1 1 2 2
-3549.1 -3627.3 -1.6 178 0 10.0 43.7 7.5 2.5 2 1 3 2 2
-3507.8 -3052.1 1.4 344 0 5.7 7.9 5.0 2.5 2 0 2 0 0
-3487.7 -2921.2 3.6 164 0 6.4 11.5 5.0 2.5 4 0 2 4 4
-3406.2 -3691.3 -2.0 170 0 6.6 16.6 5.0 2.5 2 0 2 4 4
-3642.4 -2988.3 2.4 255 0 9.1 4.7 7.5 2.5 2 0 3 5 5
-3440.7 -3157.9 0.2 164 0 6.0 23.1 2.5 2.5 2 0 1 5 5
-3466.7 -3659.1 -1.5 357 0 4.7 10.5 7.5 2.5 2 0 3 1 1
-3530.8 -3156.4 0.5 344 0 15.1 13.2 7.5 0.0 0 0 3 0 0
-3515.4 -3054.2 1.4 344 0 5.6 30.7 7.5 2.5 4 0 3 1 1
-3501.7 -3110.6 0.9 344 0 5.1 12.2 5.0 2.5 2 1 2 4 4
-3474.8 -3401.4 -0.2 269 0 12.6 5.7 7.5 0.0 0 0 3 4 4
-3542.4 -3082.4 1.2 343 0 11.7 8.4 5.0 2.5 2 0 2 0 0
-3530.1 -2897.1 3.9 72 0 23.4 10.6 5.0 2.5 2 0 2 3 3
-3551.2 -2944.9 2.9 254 0 5.7 6.1 5.0 2.5 2 0 2 2 2
-3479.8 -3390.1 -0.1 269 0 16.5 6.4 2.5 2.5 2 0 1 1 1
-3550.3 -2928.4 3.2 258 0 17.5 6.4 5.0 2.5 4 0 2 1 1
-3615.1 -3012.3 2.1 251 0 18.7 6.2 5.0 2.5 2 0 2 5 5
-3360.7 -3930.0 -3.8 349 0 6.4 33.3 2.5 2.5 2 1 1 1 1
-3640.9 -3045.3 1.9 254 0 6.9 9.1 2.5 2.5 2 1 1 0 0
-3495.3 -3150.4 0.5 345 0 6.0 19.5 7.5 2.5 2 1 3 2 2
-3554.1 -3063.6 1.5 344 0 8.8 53.4 7.5 2.5 4 0 3 1 1
-3521.7 -3080.1 1.2 343 0 4.3 12.2 5.0 2.5 2 1 2 5 5
-3535.9 -3227.0 0.3 71 0 19.4 5.5 2.5 2.5 2 0 1 3 3
-3519.3 -3070.8 1.3 344 0 4.8 8.4 5.0 2.5 2 1 2 5 5
-3527.8 -3354.8 0.8 358 0 10.1 9.8 5.0 0.0 0 0 2 5 5
-3501.6 -3164.9 0.4 344 0 5.6 12.2 2.5 2.5 2 1 1 3 3
-3507.9 -3075.2 1.2 342 0 5.9 11.0 5.0 2.5 2 1 2 4 4
-3493.0 -2908.7 3.9 166 0 5.3 21.1 5.0 2.5 2 0 2 5 5
-3483.9 -3207.5 0.0 344 0 7.5 33.9 7.5 2.5 2 0 3 2 2
-3528.1 -3008.7 1.9 343 0 5.1 14.2 7.5 2.5 2 1 3 4 4
-3422.7 -3251.3 -0.2 170 0 6.2 13.0 2.5 2.5 2 0 1 4 4
-3572.4 -2925.9 3.1 255 0 9.1 8.3 7.5 2.5 2 0 3 2 2
-3617.9 -2997.5 2.3 251 0 16.5 6.1 2.5 2.5 2 0 1 4 4
-3487.6 -2939.7 3.2 163 0 6.0 19.8 2.5 2.5 2 0 1 2 2
-3397.0 -3660.0 -2.2 169 0 4.8 9.4 5.0 2.5 2 0 2 3 3
-3518.4 -3042.3 1.5 344 0 5.3 31.2 5.0 2.5 2 0 2 2 2
-3403.9 -3666.5 -2.2 169 0 5.5 15.9 5.0 2.5 2 0 2 1 1
-3516.9 -3036.4 1.6 344 0 5.4 12.3 5.0 2.5 2 0 2 0 0
-3632.6 -3009.5 2.1 251 0 12.7 14.6 7.5 2.5 2 0 3 3 3
-3510.6 -3094.0 1.1 343 0 4.1 15.6 5.0 2.5 2 0 2 0 0
-3426.8 -3376.5 -0.0 169 0 4.7 13.2 5.0 2.5 4 0 2 3 3
-3408.9 -3662.2 -2.1 170 0 4.8 12.1 7.5 2.5 2 0 3 1 1
-3521.1 -3222.2 0.2 72 0 12.0 14.6 7.5 2.5 4 0 3 0 0
-3611.0 -3644.5 -0.7 357 0 5.4 10.8 5.0 0.0 0 1 2 5 5
-3545.8 -3059.5 1.5 344 0 12.0 9.1 2.5 2.5 2 0 1 1 1
-3488.0 -3290.9 0.5 88 0 20.0 15.6 15.0 0.0 0 0 6 5 5
-3543.8 -3888.5 -2.0 269 0 15.1 14.0 2.5 2.5 2 0 1 1 1
-3500.3 -3960.6 -2.3 179 0 10.3 10.3 7.5 2.5 2 0 3 3 3
-3500.7 -3946.6 -2.4 179 0 7.4 8.2 7.5 2.5 2 1 3 4 4
-3464.8 -4034.3 -2.4 175 0 4.4 9.7 7.5 2.5 2 1 3 1 1
-3603.5 -3903.9 -1.5 179 0 9.5 25.4 7.5 2.5 2 1 3 1 1
-3484.9 -4031.8 -2.3 87 0 6.0 14.3 5.0 2.5 2 1 2 3 3
-3547.5 -3838.0 -1.3 90 0 10.9 9.0 2.5 2.5 2 0 1 5 5
-3490.0 -4040.5 -2.5 88 0 7.0 7.1 5.0 2.5 2 1 2 2 2
-3460.4 -4041.2 -2.6 175 0 4.4 9.7 5.0 2.5 2 0 2 5 5
-3242.2 -4288.1 -3.9 161 0 5.5 8.7 5.0 2.5 2 1 2 3 3
-3569.6 -3912.3 -1.7 91 0 9.4 6.1 5.0 2.5 2 0 2 1 1
-3572.0 -3923.1 -2.1 89 0 60.3 10.8 10.0 2.5 4 0 4 3 3
-3089.8 -2954.6 4.4 168 0 12.2 13.3 5.0 2.5 2 1 2 1 1
-3283.1 -2974.7 3.2 168 0 8.1 17.6 5.0 0.0 0 1 2 0 0
-3087.4 -3003.0 3.3 347 0 11.1 9.1 7.5 2.5 2 0 3 2 2
-3293.4 -3056.8 1.5 345 0 5.6 23.6 2.5 2.5 4 1 1 0 0
-3252.8 -3063.6 1.6 165 0 10.4 10.9 7.5 2.5 2 1 3 0 0
-3301.3 -3073.3 1.2 345 0 9.4 16.7 2.5 2.5 2 1 1 2 2
-3245.9 -3081.1 1.3 167 0 10.2 13.8 5.0 2.5 2 1 2 0 0
-3286.0 -3087.8 1.0 344 0 12.5 11.0 2.5 2.5 4 0 1 4 4
-3237.2 -3098.5 1.0 167 0 10.6 12.5 5.0 2.5 4 1 2 0 0
-3279.4 -3104.2 0.8 343 0 14.6 11.6 10.0 2.5 4 0 4 1 1
-3075.3 -3199.2 -0.7 79 0 8.5 14.0 5.0 0.0 0 1 2 2 2
-3059.0 -3195.7 -0.7 78 0 8.5 16.1 7.5 2.5 2 1 3 3 3
-3264.0 -3119.9 0.6 349 0 10.6 14.0 2.5 2.5 2 1 1 1 1
-3227.2 -3136.4 0.4 168 0 10.8 10.0 5.0 2.5 2 0 2 5 5
-3133.6 -2946.0 4.3 348 0 12.2 9.5 7.5 2.5 2 0 3 4 4
-3317.7 -3283.5 -0.4 260 0 10.4 11.1 2.5 2.5 2 1 1 2 2
-3253.7 -3137.7 0.3 349 0 12.2 10.0 7.5 2.5 2 0 3 0 0
-3224.5 -3154.2 0.1 169 0 13.3 11.7 7.5 0.0 0 0 3 0 0
-3245.3 -3156.2 0.0 348 0 12.3 10.6 10.0 2.5 2 0 4 1 1
-3235.7 -3191.5 -0.5 352 0 11.0 11.1 5.0 2.5 2 1 2 1 1
-3239.8 -3214.0 -1.0 351 0 16.4 14.0 7.5 2.5 2 0 3 2 2
-3310.3 -3235.7 -0.9 78 0 7.0 15.3 7.5 2.5 2 1 3 1 1
-3084.4 -2971.9 4.1 169 0 9.2 10.6 7.5 2.5 2 1 3 1 1
-3353.3 -3264.1 -0.5 79 0 10.6 10.0 5.0 2.5 2 0 2 2 2
-3278.2 -2991.6 2.9 168 0 6.7 24.5 7.5 2.5 2 1 3 5 5
-3236.1 -3235.5 -1.1 80 0 11.5 10.9 10.0 2.5 2 0 4 1 1
-3337.7 -3577.8 -3.0 349 0 11.1 10.4 7.5 2.5 2 0 3 2 2
-3120.6 -2957.4 4.1 348 0 6.0 18.6 7.5 2.5 2 0 3 4 4
-3296.3 -3275.7 -0.6 246 0 15.5 10.7 7.5 2.5 2 0 3 1 1
-3305.7 -2997.8 2.5 342 0 12.8 13.2 7.5 2.5 2 1 3 1 1
-3332.9 -3620.5 -2.8 348 0 6.0 10.5 7.5 2.5 2 1 3 1 1
-3317.4 -3256.6 -0.8 80 0 18.0 11.1 5.0 2.5 2 0 2 0 0
-3119.2 -2964.0 4.0 348 0 7.5 14.7 7.5 2.5 2 0 3 1 1
-3266.9 -3018.7 2.3 168 0 12.5 10.7 5.0 0.0 0 0 2 2 2
-3306.5 -3449.1 -1.3 80 0 12.1 12.7 2.5 2.5 2 1 1 0 0
-3108.3 -2978.6 3.7 350 0 9.2 9.8 7.5 0.0 0 1 3 0 0
-3237.2 -3273.4 -0.9 260 0 16.8 11.6 5.0 0.0 0 0 2 5 5
-3156.8 -3022.7 2.7 77 0 10.0 17.5 7.5 2.5 2 1 3 1 1
-3332.9 -3715.0 -2.5 80 0 11.5 15.2 7.5 2.5 2 1 3 3 3
-3108.7 -3152.9 0.1 168 0 11.2 18.5 5.0 0.0 0 1 2 5 5
-3394.8 -3291.8 0.2 259 0 6.6 11.5 2.5 2.5 2 1 1 0 0
-3094.6 -3026.4 2.8 349 0 5.1 14.2 7.5 2.5 2 0 3 2 2
-2963.2 -3169.2 -0.3 77 0 6.6 7.7 5.0 2.5 2 1 2 1 1
-3087.2 -3176.0 -0.1 82 0 7.5 6.4 5.0 2.5 2 0 2 2 2
-3370.6 -3388.7 -0.4 349 0 7.5 15.1 7.5 2.5 4 1 3 3 3
-3165.3 -3242.8 -1.8 260 0 14.9 26.6 7.5 2.5 2 1 3 1 1
-3238.1 -3044.2 2.0 169 0 6.3 24.8 2.5 2.5 2 1 1 2 2
-3466.6 -2914.2 3.8 164 0 8.6 11.7 7.5 2.5 2 1 3 2 2
-3101.4 -2936.8 4.7 170 0 12.2 8.3 5.0 2.5 2 0 2 5 5
-3068.5 -2943.9 4.9 168 0 6.7 19.6 7.5 2.5 2 1 3 1 1
-3381.8 -3301.1 0.2 259 0 9.4 17.6 5.0 2.5 2 1 2 4 4
-3101.9 -3009.3 3.1 348 0 5.6 11.1 5.0 2.5 2 1 2 4 4
-3251.4 -3017.6 2.5 168 0 7.1 14.2 5.0 2.5 2 1 2 3 3
-3146.2 -2931.5 4.6 350 0 4.7 14.1 5.0 2.5 2 1 2 5 5
-3279.4 -3246.7 -1.0 76 0 6.0 11.0 5.0 2.5 2 1 2 0 0
-3000.3 -3187.7 -0.6 78 0 5.1 14.4 5.0 2.5 2 1 2 0 0
-3054.5 -2978.0 4.3 168 0 7.3 26.2 7.5 2.5 4 0 3 1 1
-3036.3 -2940.1 5.2 168 0 12.3 35.2 7.5 2.5 2 1 3 1 1
-3030.2 -2966.6 4.7 168 0 19.7 10.0 5.0 2.5 2 0 2 1 1
-3346.3 -2961.4 3.1 252 0 13.3 8.6 5.0 2.5 2 0 2 1 1
-3329.5 -2818.6 6.2 345 0 6.3 18.1 5.0 0.0 0 1 2 4 4
-3234.3 -2893.5 5.0 76 0 33.8 11.0 10.0 2.5 2 0 4 3 3
-3456.5 -2745.6 7.3 252 0 9.6 8.1 7.5 2.5 2 0 3 5 5
-3321.2 -2957.7 3.3 342 0 8.3 12.0 7.5 2.5 2 1 3 2 2
-3461.7 -2728.8 7.6 257 0 6.1 12.0 7.5 2.5 2 1 3 2 2
-3346.0 -2810.5 6.3 344 0 5.7 12.4 2.5 2.5 4 0 1 4 4
-3167.4 -2870.9 5.5 346 0 11.0 33.6 15.0 0.0 0 1 6 3 3
-3334.1 -2786.0 6.9 346 0 12.0 8.9 7.5 2.5 2 0 3 5 5
-3107.1 -2849.8 6.0 346 0 10.5 50.7 10.0 2.5 2 1 4 1 1
-3095.1 -2836.4 6.9 169 0 13.1 12.9 5.0 2.5 2 0 2 0 0
-3281.9 -2932.6 3.9 251 0 8.1 13.8 7.5 2.5 2 1 3 4 4
-3271.6 -2929.0 4.0 249 0 7.8 12.5 2.5 2.5 2 1 1 4 4
-3519.6 -2814.4 5.6 166 0 15.8 6.0 5.0 2.5 2 0 2 1 1
-3259.3 -2857.5 5.4 346 0 35.7 16.0 10.0 2.5 2 0 4 4 4
-3241.9 -2928.6 4.2 257 0 12.2 9.0 5.0 2.5 2 0 2 2 2
-3071.3 -2760.0 8.1 257 0 81.5 10.0 10.0 2.5 2 0 4 1 1
-3225.4 -2917.2 4.5 255 0 11.1 8.9 7.5 2.5 2 0 3 2 2
-3076.4 -2724.4 8.8 257 0 81.7 10.1 5.0 0.0 0 0 2 1 1
-3402.8 -3081.3 1.0 163 0 7.7 13.6 2.5 0.0 0 1 1 0 0
-3179.3 -2906.0 4.9 253 0 10.5 8.4 2.5 2.5 2 0 1 5 5
-3369.0 -2713.4 8.2 251 0 9.1 9.1 2.5 2.5 2 1 1 2 2
-3161.1 -2743.1 8.2 349 0 29.9 13.8 5.0 2.5 2 0 2 1 1
-3153.7 -2914.9 4.8 329 0 16.1 5.9 5.0 2.5 2 0 2 4 4
-3118.9 -2812.6 6.7 347 0 11.6 57.9 10.0 2.5 2 1 4 4 4
-3218.3 -2841.6 6.1 77 0 51.5 11.7 10.0 2.5 4 0 4 3 3
-3532.6 -2785.0 6.0 256 0 9.0 16.1 2.5 2.5 2 1 1 1 1
-3311.4 -2883.7 4.8 344 0 18.1 10.7 10.0 2.5 2 0 4 5 5
-3418.2 -2949.4 3.3 75 0 11.8 10.5 7.5 2.5 2 0 3 0 0
-3494.2 -2802.2 5.9 250 0 4.7 12.0 5.0 2.5 2 1 2 3 3
-3268.6 -2815.2 6.5 76 0 37.2 24.6 10.0 0.0 0 0 4 5 5
-3507.7 -2778.2 6.3 260 0 6.5 13.4 7.5 2.5 2 1 3 4 4
-3492.0 -2790.6 6.2 256 0 11.6 5.4 7.5 2.5 4 0 3 0 0
-3311.4 -2722.7 8.4 165 0 10.9 32.6 12.5 2.5 2 1 5 1 1
-3383.5 -2972.7 2.7 254 0 13.6 9.3 2.5 2.5 2 0 1 4 4
-3465.2 -2801.5 6.2 163 0 5.9 11.2 7.5 2.5 4 1 3 3 3
-3331.7 -2922.8 4.1 72 0 27.6 14.8 7.5 2.5 4 0 3 5 5
-3506.0 -2770.7 6.7 165 0 6.2 11.5 7.5 2.5 2 1 3 4 4
-3363.6 -2962.8 3.0 252 0 13.7 12.8 5.0 2.5 2 0 2 2 2
-3481.7 -2716.8 7.4 269 0 5.8 28.5 7.5 2.5 2 1 3 3 3
-3295.3 -2903.5 4.5 344 0 10.6 13.5 10.0 2.5 2 1 4 4 4
-3410.7 -3067.4 1.2 164 0 17.4 10.7 7.5 2.5 2 0 3 3 3
-3322.8 -2832.7 5.9 345 0 12.5 10.0 7.5 2.5 2 0 3 1 1
-3406.0 -2979.3 2.6 253 0 15.2 7.3 5.0 0.0 0 0 2 2 2
-3169.1 -2968.9 3.7 350 0 5.3 12.3 5.0 2.5 2 1 2 5 5
-3509.8 -2759.4 6.9 165 0 5.9 11.2 5.0 2.5 2 1 2 2 2
-3501.2 -2801.7 5.8 254 0 4.8 14.1 5.0 2.5 2 1 2 4 4
-2977.6 -2708.2 9.2 166 0 28.0 6.4 5.0 0.0 0 0 2 5 5
-3317.1 -2701.0 8.8 165 0 5.0 32.7 5.0 2.5 2 1 2 3 3
-3395.2 -2164.9 14.9 51 0 40.4 79.2 7.5 0.0 0 1 3 5 5
-3008.4 -2698.6 9.2 166 0 62.8 13.6 7.5 2.5 2 0 3 3 3
-3404.6 -2735.9 7.7 341 0 4.4 10.0 5.0 2.5 2 1 2 3 3
-3506.6 -2824.8 5.5 165 0 8.0 11.9 5.0 0.0 0 1 2 2 2
-3396.5 -2288.9 13.3 322 0 15.2 37.9 5.0 2.5 2 1 2 4 4
-3194.7 -2948.9 4.0 260 0 8.5 9.1 7.5 2.5 2 1 3 3 3
-3487.8 -2650.6 9.3 172 0 9.6 37.1 7.5 2.5 2 1 3 5 5
-3406.4 -2755.3 7.3 255 0 9.2 4.8 5.0 2.5 2 0 2 4 4
-3480.1 -2834.1 5.5 74 0 6.7 11.8 5.0 0.0 0 1 2 5 5
-3438.4 -2781.7 6.6 255 0 6.3 8.7 2.5 2.5 2 1 1 0 0
-3453.7 -2934.5 3.5 76 0 8.7 9.7 5.0 2.5 2 0 2 1 1
-3440.8 -2250.6 13.9 233 0 55.0 19.4 7.5 2.5 2 0 3 1 1
-3345.7 -2841.6 5.7 346 0 5.6 15.2 7.5 2.5 2 1 3 1 1
-3431.8 -2937.2 3.5 76 0 7.7 5.8 7.5 2.5 2 0 3 3 3
-3462.5 -2998.5 2.1 255 0 21.0 10.6 10.0 2.5 2 0 4 1 1
-2981.5 -2678.2 9.3 257 0 6.5 16.0 7.5 2.5 2 0 3 3 3
-3347.4 -2805.6 6.4 344 0 4.5 19.2 7.5 2.5 2 0 3 1 1
-2990.6 -2668.1 9.5 256 0 6.5 16.0 7.5 2.5 2 0 3 2 2
-2985.4 -2703.9 9.3 167 0 40.1 6.6 7.5 2.5 2 0 3 3 3
-2343.4 -4209.4 -3.0 75 0 10.4 10.9 10.0 0.0 0 0 4 3 3
-2347.3 -4196.1 -3.0 254 0 8.2 3.0 7.5 2.5 2 0 3 4 4
-6423.3 746.9 8.3 297 0 18.5 12.5 2.5 2.5 2 0 1 1 1
-6553.7 1010.3 7.0 169 0 17.7 21.1 10.0 2.5 2 1 4 2 2
-524.3 -1888.1 -2.6 37 0 31.1 16.3 7.5 2.5 2 0 3 2 2
-3612.4 -2873.9 4.1 81 0 45.7 14.1 12.5 2.5 2 0 5 4 4
6662.8 258.2 -5.4 194 0 17.8 9.9 5.0 2.5 2 0 2 0 0
1143.5 1532.4 -5.0 35 0 29.0 13.3 7.5 2.5 2 0 3 1 1
1929.3 -7055.8 12.3 186 0 18.4 12.4 2.5 2.5 2 0 1 0 0
1904.8 -7158.9 13.0 219 0 16.4 29.6 7.5 0.0 0 1 3 2 2
1967.7 -7213.1 15.8 38 0 23.4 24.2 10.0 0.0 0 1 4 3 3
3788.2 -3429.6 5.8 202 0 8.1 14.3 5.0 2.5 2 1 2 4 4
-6647.2 4007.5 -3.9 7 0 7.7 25.2 7.5 2.5 2 1 3 2 2
-6655.2 3973.6 -3.7 6 0 8.9 20.5 7.5 2.5 2 1 3 1 1
-6697.5 3949.1 -3.7 94 0 13.7 13.0 7.5 2.5 2 0 3 4 4
-6703.3 3901.1 -3.5 7 0 7.8 9.8 5.0 2.5 2 1 2 0 0
-6751.1 3863.8 -3.7 186 0 8.4 12.3 5.0 2.5 2 1 2 3 3
-6641.0 3924.1 -3.3 99 0 6.2 5.2 7.5 2.5 2 0 3 4 4
-6616.0 4019.3 -4.0 6 0 13.7 20.4 7.5 2.5 2 1 3 4 4
-6708.0 4031.5 -4.0 184 0 11.9 9.2 5.0 2.5 2 0 2 2 2
-6676.2 4062.9 -3.7 277 0 16.0 10.4 2.5 0.0 0 0 1 3 3
-6673.3 4145.0 -3.5 95 0 9.2 14.2 2.5 2.5 2 1 1 3 3
-6725.7 4157.2 -3.7 185 0 11.5 14.6 5.0 2.5 2 1 2 3 3
-6603.5 2755.5 -3.1 17 0 14.8 11.8 5.0 2.5 2 0 2 3 3
-6613.1 2731.0 -3.0 17 0 18.0 19.6 12.5 2.5 4 1 5 3 3
-6633.3 2667.9 -2.6 16 0 11.9 11.2 5.0 2.5 2 0 2 2 2
-6642.4 2644.7 -2.3 17 0 10.6 18.7 7.5 2.5 2 1 3 3 3
-6603.8 2638.5 -2.9 196 0 10.1 12.6 2.5 2.5 2 1 1 2 2
-6677.8 2618.9 -2.0 197 0 7.0 11.4 5.0 2.5 2 1 2 2 2
-6697.4 2535.3 -1.8 285 0 12.1 14.8 2.5 0.0 0 1 1 3 3
-6735.0 2247.2 -1.6 197 0 15.7 12.5 2.5 2.5 2 0 1 0 0
-6793.1 2184.2 -0.1 16 0 12.8 11.2 7.5 2.5 2 0 3 1 1
-6765.4 2120.4 -0.8 108 0 12.5 14.4 2.5 2.5 2 1 1 3 3
-6901.5 3010.9 1.0 198 0 21.3 12.7 7.5 2.5 2 0 3 1 1
-6896.0 2937.2 0.8 19 0 14.1 12.0 2.5 2.5 2 0 1 2 2
-6915.4 2860.8 0.4 214 0 10.4 15.7 2.5 2.5 2 1 1 5 5
-5737.6 3479.0 -4.0 185 0 19.0 19.5 7.5 2.5 2 1 3 0 0
-5751.1 3441.4 -3.8 186 0 17.4 12.5 7.5 2.5 2 0 3 2 2
-5690.5 3395.4 -3.3 5 0 13.6 10.6 5.0 2.5 2 0 2 0 0
-5698.3 3376.5 -3.2 7 0 13.8 12.2 5.0 2.5 2 0 2 2 2
-5711.1 3340.9 -2.6 6 0 11.4 8.9 7.5 2.5 4 0 3 4 4
-5584.9 3668.3 -3.0 8 0 13.4 8.8 2.5 2.5 2 0 1 4 4
-5554.6 3747.7 -3.8 8 0 12.6 9.5 5.0 2.5 2 0 2 4 4
-5522.6 3731.3 -2.9 276 0 10.7 9.3 2.5 2.5 2 0 1 5 5
-5491.3 3897.9 -4.5 17 0 11.8 12.6 7.5 2.5 2 1 3 0 0
-5470.0 3955.5 -4.7 12 0 12.9 9.5 5.0 2.5 4 0 2 2 2
-5472.7 3898.5 -4.0 195 0 11.6 10.3 10.0 0.0 0 0 4 1 1
-5414.3 4024.4 -3.1 185 0 10.5 11.1 7.5 2.5 2 1 3 0 0
-5324.3 4281.7 -5.8 186 0 13.4 15.0 7.5 2.5 4 1 3 0 0
-5416.8 4080.7 -4.1 18 0 13.7 9.6 5.0 2.5 2 0 2 0 0
-5337.7 4176.2 -3.7 277 0 16.6 23.0 5.0 2.5 2 1 2 2 2
-5367.5 4213.0 -5.6 10 0 12.6 10.5 10.0 0.0 0 0 4 0 0
-5326.2 4353.4 -7.2 11 0 13.4 9.9 7.5 2.5 2 0 3 4 4
-5315.3 4389.1 -7.5 11 0 16.3 10.7 10.0 2.5 4 0 4 1 1
-5291.7 4474.9 -7.9 15 0 14.8 9.5 7.5 2.5 2 0 3 2 2
-5250.4 4468.6 -6.8 275 0 15.4 14.9 5.0 2.5 2 0 2 1 1
-5283.5 4389.9 -6.6 276 0 12.2 11.0 2.5 2.5 4 0 1 5 5
-5219.5 4828.3 -9.9 274 0 11.0 13.1 7.5 2.5 2 1 3 2 2
-5165.0 4891.8 -9.4 10 0 8.9 12.8 7.5 2.5 2 1 3 2 2
-5132.0 4895.6 -8.7 179 0 8.0 10.1 2.5 2.5 2 1 1 2 2
-5079.3 4876.2 -8.4 278 0 14.1 6.5 2.5 2.5 2 0 1 5 5
-5097.3 4878.4 -8.6 277 0 21.9 6.6 5.0 2.5 4 0 2 5 5
-5166.7 4773.3 -8.5 186 0 6.7 11.5 5.0 0.0 0 1 2 2 2
-5446.5 2658.6 1.6 265 0 14.3 11.9 5.0 2.5 2 0 2 1 1
-5476.8 2697.2 1.3 161 0 12.0 16.3 7.5 2.5 2 1 3 5 5
-5495.6 2658.0 1.7 259 0 14.5 12.6 2.5 2.5 4 0 1 4 4
-5683.8 2647.9 -0.6 252 0 12.0 12.0 7.5 2.5 2 0 3 1 1
-5834.2 2685.3 -1.2 92 0 12.7 17.9 5.0 2.5 2 1 2 5 5
-5783.5 2658.6 -1.1 271 0 23.1 13.1 7.5 2.5 2 0 3 5 5
-5939.2 2596.0 -1.5 264 0 10.1 11.8 5.0 2.5 2 1 2 4 4
-6796.1 3858.8 -4.2 10 0 6.2 11.0 5.0 2.5 2 1 2 2 2
-6858.3 3886.3 -4.8 97 0 4.3 3.6 7.5 2.5 2 0 3 0 0
-250.0 3173.8 -13.9 27 0 13.1 9.0 5.0 0.0 0 0 2 2 2
-226.5 3165.8 -13.4 204 0 11.1 10.0 5.0 2.5 2 0 2 2 2
-184.2 3220.2 -14.2 27 0 13.6 8.7 2.5 2.5 2 0 1 2 2
-167.7 3337.5 -16.3 26 0 13.0 10.9 2.5 2.5 2 0 1 3 3
-319.0 3011.5 -12.8 212 0 9.7 10.5 7.5 2.5 2 1 3 3 3
-332.3 3044.7 -13.4 19 0 12.5 14.7 5.0 2.5 2 1 2 4 4
-4249.6 1555.3 1.0 1 0 11.6 10.1 7.5 2.5 2 0 3 5 5
-4251.4 1580.3 0.8 360 0 15.6 10.0 2.5 0.0 0 0 1 0 0
-4220.4 1667.6 -0.4 182 0 14.2 13.7 2.5 0.0 0 0 1 3 3
-4240.3 1708.2 -0.8 3 0 10.8 10.4 7.5 2.5 2 0 3 5 5
-4197.4 1847.1 -1.5 181 0 12.1 12.1 5.0 2.5 2 1 2 4 4
-4218.1 1870.5 -1.9 1 0 14.6 9.8 2.5 2.5 2 0 1 1 1
-4217.4 1951.9 -2.5 356 0 12.1 12.5 10.0 0.0 0 1 4 3 3
-4222.2 2075.0 -4.0 353 0 14.0 13.2 5.0 2.5 2 0 2 1 1
-4240.2 2190.1 -4.9 351 0 15.6 12.6 2.5 2.5 2 0 1 1 1
-4233.1 1486.3 1.9 181 0 10.2 9.8 2.5 2.5 4 0 1 5 5
-4238.8 1413.1 2.6 182 0 11.1 11.8 2.5 2.5 4 1 1 5 5
-4260.4 1414.3 2.3 358 0 10.4 10.6 5.0 0.0 0 1 2 1 1
-4243.3 1346.6 2.6 182 0 15.2 9.4 5.0 2.5 2 0 2 3 3
-4271.3 1263.3 2.9 1 0 13.4 7.1 7.5 2.5 2 0 3 1 1
-4250.3 1229.2 3.2 180 0 15.3 14.3 7.5 2.5 2 0 3 4 4
-4262.9 1045.9 6.3 181 0 13.9 14.3 7.5 2.5 2 1 3 4 4
-4274.2 900.9 7.2 183 0 15.7 9.8 7.5 2.5 2 0 3 4 4
-4290.7 962.2 6.8 1 0 14.8 8.5 5.0 2.5 2 0 2 3 3
-4303.2 805.4 8.0 0 0 13.8 8.7 5.0 2.5 2 0 2 5 5
-4310.0 703.4 9.5 358 0 13.3 9.9 5.0 2.5 2 0 2 3 3
-4313.4 670.5 9.8 359 0 14.7 12.6 2.5 2.5 2 0 1 2 2
-4331.2 507.1 11.7 357 0 11.0 11.2 2.5 2.5 2 1 1 0 0
-4335.2 369.1 14.5 358 0 11.8 10.3 7.5 0.0 0 0 3 2 2
-4305.0 281.3 15.6 355 0 11.3 9.0 5.0 2.5 2 0 2 1 1
-4341.5 258.2 15.8 359 0 11.8 12.6 7.5 2.5 4 1 3 3 3
-4348.3 126.5 18.2 1 0 13.8 9.5 5.0 2.5 2 0 2 5 5
-4352.3 72.9 17.8 3 0 10.3 9.9 7.5 2.5 2 0 3 3 3
-4311.0 107.7 17.3 356 0 10.0 10.2 2.5 2.5 2 1 1 1 1
-4319.3 -130.9 16.4 188 0 12.3 12.1 5.0 2.5 2 0 2 3 3
-4366.1 -130.0 16.1 358 0 14.7 11.8 5.0 0.0 0 0 2 3 3
-4318.0 -187.2 16.0 191 0 12.6 11.1 5.0 2.5 2 0 2 4 4
-4340.9 -314.6 15.1 359 0 13.1 9.4 5.0 2.5 2 0 2 0 0
-4319.4 -297.1 15.4 180 0 14.2 11.4 5.0 2.5 2 0 2 2 2
-4334.8 -399.9 14.9 0 0 11.3 10.4 7.5 2.5 4 0 3 1 1
-4294.8 -413.1 15.4 103 0 12.2 10.1 10.0 2.5 2 0 4 4 4
-4334.6 -375.9 15.0 359 0 13.8 10.1 7.5 2.5 2 0 3 1 1
-4327.9 -476.4 14.8 359 0 15.1 11.7 7.5 0.0 0 0 3 2 2
-4328.7 -590.4 14.5 357 0 9.6 10.2 7.5 2.5 2 1 3 5 5
-4315.6 -676.1 14.2 9 0 16.3 12.6 10.0 2.5 4 0 4 0 0
-4348.3 -738.5 13.7 102 0 11.6 11.7 2.5 2.5 2 1 1 3 3
-4367.8 -850.4 14.2 12 0 12.2 10.2 7.5 2.5 2 0 3 5 5
-4389.9 -983.9 13.8 11 0 9.7 11.7 2.5 0.0 0 1 1 2 2
-4295.7 -1061.3 13.0 189 0 12.5 11.2 5.0 0.0 0 0 2 2 2
-4039.3 -943.6 13.7 204 0 13.0 13.1 2.5 2.5 2 1 1 1 1
-4074.8 -945.6 13.6 16 0 11.4 15.4 7.5 2.5 2 1 3 3 3
-4200.7 -1001.2 13.2 111 0 10.7 11.6 2.5 2.5 2 1 1 3 3
-4055.8 -887.4 13.5 15 0 11.5 10.3 5.0 2.5 2 0 2 5 5
-3966.6 -670.9 14.2 196 0 13.7 7.4 5.0 2.5 2 0 2 3 3
-3938.3 -704.9 14.0 20 0 10.3 9.5 7.5 2.5 2 0 3 5 5
-3924.9 -543.9 14.8 196 0 11.4 9.9 5.0 2.5 2 0 2 4 4
-3908.5 -498.9 15.2 195 0 10.8 9.5 7.5 2.5 2 0 3 2 2
-3892.0 -419.4 16.0 195 0 13.2 11.2 5.0 2.5 2 0 2 2 2
-3859.5 -319.0 16.6 197 0 12.3 12.6 5.0 2.5 2 1 2 4 4
-3893.3 -296.3 16.9 14 0 12.3 17.0 7.5 2.5 4 1 3 0 0
-3808.2 -139.2 15.5 192 0 13.0 11.3 2.5 2.5 2 0 1 4 4
-3888.1 -31.6 16.0 5 0 15.8 8.3 2.5 2.5 2 0 1 0 0
-3874.4 -393.7 16.1 194 0 12.9 9.4 5.0 2.5 2 0 2 1 1
-5353.7 2657.4 1.8 268 0 11.4 8.9 2.5 2.5 4 0 1 1 1
-5367.2 2696.4 1.5 341 0 35.4 9.5 7.5 2.5 4 0 3 2 2
-5190.5 2652.9 2.0 269 0 12.6 6.0 5.0 2.5 4 0 2 4 4
-5197.2 2688.9 2.0 348 0 11.1 10.2 7.5 2.5 4 0 3 5 5
-5159.2 2654.1 1.7 263 0 10.9 9.3 5.0 0.0 0 0 2 4 4
-5125.2 2656.2 1.7 265 0 13.3 10.1 5.0 2.5 2 0 2 4 4
-5015.7 2676.2 2.4 70 0 6.5 11.9 5.0 2.5 2 1 2 4 4
-4937.2 2650.3 2.9 267 0 10.5 9.7 7.5 2.5 2 0 3 3 3
-4829.5 2652.4 2.1 263 0 16.3 13.5 5.0 2.5 2 0 2 3 3
-4856.4 2652.6 2.5 258 0 14.6 12.2 2.5 2.5 2 0 1 1 1
-4768.3 2652.7 1.4 263 0 11.6 10.6 5.0 2.5 2 0 2 3 3
-4741.2 2649.0 1.1 342 0 9.5 10.9 7.5 2.5 2 1 3 0 0
-4654.7 2649.8 0.2 270 0 14.8 10.8 5.0 2.5 2 0 2 4 4
-4601.9 2651.6 0.3 270 0 11.9 13.0 5.0 2.5 4 1 2 3 3
-4538.5 2651.6 0.1 265 0 13.3 11.3 5.0 2.5 2 0 2 1 1
-4505.5 2681.6 0.4 161 0 9.5 10.1 7.5 2.5 2 1 3 3 3
-4349.5 2657.3 -0.5 81 0 13.4 16.5 7.5 2.5 2 1 3 0 0
-4302.3 2561.3 -1.5 349 0 7.0 6.7 7.5 2.5 2 0 3 2 2
-4233.7 2950.6 -1.7 341 0 10.4 8.1 7.5 2.5 2 0 3 4 4
-5207.2 4670.1 -8.3 276 0 11.4 11.7 10.0 2.5 2 1 4 3 3
-5249.3 4616.8 -9.4 16 0 13.9 10.5 10.0 2.5 4 0 4 5 5
-5255.8 4590.0 -8.7 14 0 13.1 11.5 5.0 2.5 2 0 2 2 2
-5205.7 4646.8 -7.9 185 0 11.5 12.7 5.0 2.5 2 1 2 0 0
-5342.3 4301.2 -6.9 10 0 12.1 9.2 5.0 2.5 2 0 2 1 1
-5380.6 4176.0 -5.1 14 0 12.7 9.0 7.5 2.5 4 0 3 0 0
-5457.5 3982.6 -4.4 14 0 11.9 9.6 5.0 2.5 2 0 2 5 5
-5539.5 3785.0 -3.9 13 0 11.9 8.4 5.0 2.5 2 0 2 4 4
-5238.0 4651.6 -9.1 10 0 12.3 9.2 7.5 0.0 0 0 3 1 1
-5214.5 4729.9 -9.5 9 0 11.9 9.8 2.5 2.5 2 0 1 0 0
-5172.0 4743.4 -8.3 186 0 11.1 9.8 5.0 0.0 0 0 2 5 5
-5182.5 4692.5 -8.1 96 0 12.3 8.5 7.5 2.5 2 0 3 4 4
-5141.7 4816.6 -8.5 276 0 8.5 12.1 7.5 2.5 2 1 3 3 3
-5230.2 4902.3 -10.5 274 0 12.7 21.7 7.5 2.5 2 1 3 0 0
-5135.6 4999.0 -10.5 14 0 13.1 7.9 7.5 2.5 4 0 3 1 1
-5102.9 4994.4 -9.5 190 0 11.4 11.7 7.5 2.5 2 1 3 1 1
-5116.4 5056.6 -11.5 14 0 13.1 11.4 7.5 2.5 2 0 3 0 0
-5098.4 5117.1 -12.4 12 0 14.5 10.1 7.5 2.5 2 0 3 3 3
-5079.4 5071.4 -10.8 189 0 13.1 12.8 5.0 2.5 2 0 2 2 2
-5074.8 5202.2 -12.5 11 0 13.7 9.4 7.5 0.0 0 0 3 1 1
-5060.9 5244.2 -12.2 11 0 12.4 9.3 7.5 2.5 2 0 3 1 1
-5047.1 5297.4 -12.3 11 0 10.4 10.6 10.0 2.5 2 1 4 2 2
-4984.8 5389.0 -11.6 277 0 8.6 11.2 2.5 2.5 2 1 1 5 5
-5022.4 5369.6 -12.6 11 0 15.1 11.7 2.5 2.5 2 0 1 4 4
-5003.7 5433.3 -12.4 9 0 14.8 13.0 7.5 2.5 2 0 3 0 0
-4993.2 5473.8 -12.9 12 0 13.0 11.2 7.5 2.5 2 0 3 3 3
-4979.8 5519.4 -13.5 14 0 13.8 11.9 5.0 0.0 0 0 2 0 0
-4959.1 5589.6 -14.3 9 0 15.5 9.3 7.5 2.5 2 0 3 2 2
-4926.1 5575.5 -13.5 99 0 11.5 10.8 7.5 2.5 2 0 3 4 4
-4937.3 5655.2 -15.0 9 0 15.6 12.7 5.0 2.5 2 0 2 0 0
-4926.1 5696.4 -15.5 10 0 11.4 10.3 5.0 2.5 2 0 2 1 1
-4919.5 5717.2 -15.7 10 0 13.2 11.4 7.5 2.5 2 0 3 2 2
-4832.3 5770.1 -15.3 98 0 15.9 13.3 7.5 0.0 0 0 3 3 3
-4869.6 5791.8 -15.9 279 0 13.8 11.8 10.0 2.5 2 0 4 3 3
-4909.2 5801.2 -16.5 278 0 12.9 12.0 5.0 2.5 2 0 2 1 1
-6567.1 1012.6 6.8 347 0 14.8 9.6 7.5 2.5 2 0 3 0 0
-6433.6 945.3 8.3 167 0 14.2 9.0 7.5 2.5 2 0 3 1 1
-6560.9 979.2 6.9 347 0 9.7 10.1 7.5 0.0 0 1 3 4 4
-6591.5 931.2 6.9 78 0 9.4 10.4 2.5 2.5 2 1 1 3 3
-6600.4 1147.6 6.1 157 0 16.9 8.0 5.0 2.5 2 0 2 3 3
-6632.8 1185.6 5.4 169 0 14.8 12.5 5.0 2.5 2 0 2 5 5
-6646.7 1201.6 5.3 165 0 10.7 10.1 5.0 0.0 0 0 2 0 0
-6673.7 1258.5 4.5 254 0 11.1 14.5 5.0 2.5 2 1 2 3 3
-6709.8 1255.7 4.2 346 0 12.5 9.6 7.5 2.5 2 0 3 1 1
-6686.7 1347.5 3.4 181 0 10.1 9.5 5.0 0.0 0 0 2 1 1
-6716.6 1360.0 2.9 347 0 10.9 12.7 5.0 2.5 4 1 2 1 1
-6686.8 1398.3 3.4 186 0 12.3 11.2 5.0 2.5 2 0 2 2 2
-6722.4 1422.9 2.6 3 0 6.6 19.5 5.0 0.0 0 1 2 3 3
-6630.3 1625.1 3.1 197 0 14.6 12.6 5.0 2.5 2 0 2 5 5
-2869.1 -1683.4 11.5 274 0 18.1 21.9 7.5 2.5 2 1 3 5 5
-2860.0 -1796.8 11.7 96 0 10.3 13.2 2.5 2.5 2 1 1 3 3
-2804.6 -1649.5 11.5 312 0 11.2 14.6 7.5 2.5 2 1 3 1 1
-2779.1 -1620.0 12.1 112 0 11.7 11.2 2.5 2.5 2 0 1 4 4
-2822.4 -1631.7 11.6 306 0 14.2 10.3 5.0 2.5 2 0 2 4 4
-3054.2 -1943.1 11.4 118 0 10.9 16.5 5.0 2.5 2 1 2 2 2
-2780.3 -1697.9 12.8 225 0 18.2 9.9 7.5 2.5 2 0 3 4 4
-2689.3 -1736.4 13.3 278 0 6.6 12.4 5.0 2.5 2 1 2 1 1
-2681.9 -1704.2 13.8 109 0 11.6 10.6 2.5 2.5 4 0 1 4 4
-2673.9 -1612.1 12.7 279 0 10.9 12.0 2.5 2.5 4 1 1 5 5
1306.1 1415.6 -8.1 35 0 12.9 25.6 7.5 2.5 2 1 3 5 5
1241.7 1298.1 -10.0 218 0 13.5 15.4 7.5 2.5 4 0 3 3 3
1182.6 1238.7 -9.6 37 0 15.9 11.0 10.0 2.5 4 0 4 2 2
1193.3 1200.2 -10.5 215 0 14.4 11.7 5.0 2.5 2 0 2 1 1
1099.5 1100.9 -10.7 215 0 12.4 11.1 10.0 2.5 2 0 4 0 0
1060.9 1152.6 -9.2 117 0 10.4 12.8 5.0 2.5 2 1 2 1 1
1018.7 1022.6 -11.3 25 0 12.0 10.6 2.5 2.5 2 0 1 3 3
943.9 932.0 -11.6 23 0 11.3 11.5 10.0 2.5 2 1 4 0 0
832.7 749.7 -9.6 26 0 12.5 10.0 7.5 2.5 2 0 3 3 3
765.5 558.3 -12.1 204 0 11.1 10.7 5.0 2.5 2 0 2 4 4
717.4 523.7 -11.5 26 0 10.7 10.2 5.0 2.5 2 0 2 1 1
697.8 403.3 -12.6 204 0 13.2 11.3 7.5 2.5 2 0 3 4 4
727.4 1306.6 -2.5 296 0 8.8 9.9 7.5 2.5 2 1 3 2 2
794.8 1377.4 -2.6 211 0 12.2 12.7 10.0 2.5 2 1 4 4 4
674.3 1774.3 -2.1 298 0 11.2 10.7 7.5 2.5 2 0 3 3 3
747.0 1735.6 -1.8 298 0 10.7 12.5 7.5 2.5 2 1 3 3 3
822.8 1716.8 -2.5 124 0 12.1 10.5 10.0 2.5 2 0 4 3 3
906.3 1606.4 -2.2 29 0 10.1 9.8 5.0 2.5 2 0 2 4 4
1091.9 -4041.1 1.3 318 0 17.9 12.2 5.0 2.5 2 0 2 0 0
1162.9 -4052.4 5.2 221 0 11.3 11.7 7.5 2.5 2 1 3 5 5
1073.3 -3542.1 3.6 1 0 12.7 10.5 2.5 2.5 2 0 1 0 0
1096.5 -3436.9 3.5 178 0 11.4 12.5 2.5 2.5 2 1 1 2 2
1107.1 -3319.7 3.1 177 0 12.4 10.8 2.5 0.0 0 0 1 5 5
1086.1 -3279.2 1.6 359 0 10.6 9.6 5.0 2.5 2 0 2 3 3
1113.6 -2971.8 2.1 175 0 12.7 11.0 5.0 2.5 2 0 2 2 2
1120.7 -2766.7 -3.2 171 0 11.0 9.2 7.5 2.5 2 0 3 5 5
1111.9 -3027.3 2.2 176 0 11.6 9.2 5.0 2.5 2 0 2 5 5
1093.8 -3049.0 1.7 359 0 14.2 6.3 5.0 2.5 4 0 2 2 2
1020.1 1573.7 -3.4 130 0 9.2 9.4 5.0 2.5 2 1 2 3 3
1030.8 1525.6 -3.7 315 0 9.6 9.5 2.5 2.5 2 0 1 4 4
875.3 1678.9 -2.5 123 0 11.1 10.2 5.0 0.0 0 0 2 1 1
895.1 1665.2 -2.6 125 0 11.1 10.2 7.5 2.5 2 0 3 3 3
-4840.4 -743.4 14.0 10 0 12.8 12.8 5.0 2.5 2 1 2 1 1
-4847.1 -848.8 13.7 9 0 13.4 9.9 7.5 0.0 0 0 3 1 1
-4691.9 -706.4 14.4 282 0 11.7 11.0 2.5 2.5 2 0 1 4 4
-3601.5 -1611.4 14.3 343 0 16.5 14.1 5.0 2.5 2 0 2 5 5
-3582.5 -1629.4 13.9 351 0 15.9 14.9 7.5 2.5 2 0 3 3 3
-5920.3 2341.2 0.6 177 0 11.4 10.3 5.0 2.5 2 0 2 3 3
-5894.1 2383.1 0.7 269 0 30.2 28.7 7.5 0.0 0 0 3 3 3
-5976.1 2429.2 -0.6 178 0 12.7 25.8 10.0 2.5 2 1 4 5 5
-5937.1 2499.7 -0.6 270 0 10.7 11.9 5.0 2.5 2 1 2 1 1
-5844.3 1938.1 2.2 171 0 14.6 13.0 5.0 2.5 2 0 2 5 5
-5863.6 1951.9 2.2 351 0 11.8 10.1 7.5 2.5 2 0 3 4 4
-5811.2 1648.3 4.1 350 0 12.6 11.5 7.5 2.5 2 0 3 0 0
-5713.7 1487.4 3.9 260 0 11.0 25.8 10.0 2.5 2 1 4 3 3
-5715.5 1230.1 5.8 170 0 14.2 10.7 5.0 2.5 2 0 2 5 5
-5706.6 1177.6 6.0 170 0 11.3 9.6 5.0 0.0 0 0 2 0 0
-5711.2 1279.5 5.5 170 0 11.3 9.6 5.0 2.5 4 0 2 1 1
-5693.5 1118.2 6.2 172 0 12.9 12.4 10.0 2.5 2 0 4 1 1
-5698.7 1018.4 6.6 352 0 12.0 13.4 7.5 2.5 2 1 3 2 2
-5485.6 747.8 8.7 252 0 11.8 13.2 10.0 2.5 2 1 4 5 5
-5483.4 632.1 10.0 330 0 13.8 12.0 7.5 2.5 2 0 3 4 4
-5436.5 507.4 9.8 352 0 13.8 11.9 5.0 2.5 2 0 2 2 2
-5419.7 533.3 9.7 169 0 13.3 7.6 5.0 2.5 2 0 2 5 5
-5434.7 292.0 10.9 0 0 12.1 14.9 7.5 2.5 2 1 3 0 0
-5414.8 22.9 13.1 180 0 6.7 13.9 7.5 2.5 2 1 3 5 5
-5478.3 8.2 13.6 266 0 10.1 12.5 5.0 2.5 2 1 2 5 5
-6251.1 762.3 9.3 162 0 12.2 9.9 7.5 2.5 2 0 3 5 5
-5764.2 -654.6 14.2 349 0 11.8 10.8 5.0 2.5 2 0 2 1 1
-5766.6 -617.2 14.2 351 0 12.0 9.7 5.0 2.5 2 0 2 3 3
-5771.2 -540.0 14.2 349 0 11.8 10.8 5.0 2.5 2 0 2 3 3
-5835.6 -497.8 14.1 166 0 6.8 8.1 7.5 2.5 2 1 3 4 4
-5791.0 -425.9 14.0 351 0 11.7 13.2 2.5 2.5 2 1 1 0 0
-5826.7 -409.7 13.9 170 0 12.4 9.5 7.5 2.5 2 0 3 2 2
-5789.5 196.4 13.7 168 0 8.5 27.2 5.0 0.0 0 1 2 0 0
-5796.7 227.2 13.4 258 0 16.9 7.9 2.5 2.5 2 0 1 0 0
-5565.6 75.5 13.2 272 0 12.4 12.9 7.5 2.5 2 1 3 4 4
-5360.7 143.2 12.1 178 0 6.7 12.9 5.0 2.5 4 1 2 2 2
-6952.1 5648.0 -10.5 310 0 13.0 10.5 5.0 2.5 2 0 2 3 3
-6126.4 8308.4 -25.0 314 0 9.3 10.1 5.0 2.5 2 1 2 3 3
-6140.2 8325.5 -25.5 315 0 11.4 10.7 7.5 0.0 0 0 3 1 1
-6160.5 8346.9 -26.0 316 0 14.3 11.4 2.5 2.5 2 0 1 2 2
-6237.8 8425.0 -27.0 312 0 10.1 9.7 2.5 2.5 2 0 1 1 1
-6213.0 8400.0 -26.7 312 0 10.1 9.7 5.0 2.5 4 0 2 4 4
-6470.3 8524.5 -25.0 46 0 9.7 10.1 5.0 2.5 2 1 2 0 0
-5625.4 3564.5 -2.9 5 0 12.8 10.5 10.0 2.5 2 0 4 3 3
-5634.6 3543.8 -2.9 4 0 13.7 10.6 10.0 2.5 2 0 4 0 0
-5362.7 4231.8 -6.0 9 0 12.8 10.5 5.0 0.0 0 0 2 0 0
-5346.7 4284.4 -6.8 9 0 12.1 9.2 5.0 2.5 2 0 2 5 5
-5391.7 4152.5 -4.8 9 0 9.1 8.9 7.5 2.5 2 0 3 5 5
-5409.0 4102.3 -4.3 15 0 11.2 9.9 5.0 2.5 2 0 2 5 5
-5429.1 4052.2 -3.9 4 0 12.1 11.3 10.0 0.0 0 0 4 5 5
-5464.4 3971.3 -4.6 5 0 9.7 11.3 2.5 2.5 2 1 1 3 3
-5485.9 3917.3 -4.7 11 0 12.9 10.0 2.5 2.5 2 0 1 3 3
-5560.2 3872.1 -5.1 184 0 14.7 13.0 5.0 2.5 2 0 2 2 2
-5622.3 3585.2 -2.7 7 0 12.4 9.9 5.0 0.0 0 0 2 5 5
-5642.0 3522.5 -2.8 6 0 12.7 9.0 7.5 2.5 2 0 3 3 3
-5655.9 3484.8 -2.9 3 0 11.6 10.1 2.5 2.5 2 0 1 1 1
-5661.5 3467.8 -3.0 10 0 13.7 10.9 7.5 2.5 2 0 3 3 3
-5645.6 3370.1 -2.8 4 0 8.9 11.3 7.5 2.5 2 1 3 0 0
-5778.9 3367.8 -2.8 185 0 13.5 15.4 5.0 2.5 2 1 2 0 0
-5746.1 3175.1 -1.6 161 0 7.8 7.8 7.5 2.5 2 0 3 2 2
-5706.1 3153.7 -1.4 162 0 19.5 11.8 2.5 2.5 2 0 1 0 0
-5963.0 3222.8 -3.0 357 0 13.6 10.3 7.5 2.5 2 0 3 5 5
-5939.7 3141.9 -1.5 6 0 12.4 10.5 2.5 2.5 2 0 1 1 1
-3966.7 5781.2 -13.8 189 0 10.5 10.8 5.0 2.5 2 1 2 2 2
-3801.9 5794.2 -13.6 189 0 10.5 10.8 2.5 2.5 2 1 1 5 5
-3806.1 5715.8 -13.5 190 0 10.8 10.5 5.0 2.5 2 0 2 5 5
-3806.7 5764.9 -13.8 191 0 9.5 8.4 2.5 2.5 2 0 1 3 3
-3810.9 5685.4 -13.3 187 0 9.5 8.4 7.5 2.5 2 0 3 3 3
-3803.3 5731.5 -13.6 188 0 8.7 9.4 5.0 2.5 2 1 2 3 3
-3817.0 5649.4 -13.1 186 0 11.7 11.5 2.5 2.5 2 0 1 0 0
-3701.8 5592.6 -12.9 100 0 10.8 10.5 5.0 2.5 2 0 2 0 0
-3684.2 5589.2 -12.9 97 0 11.3 9.6 7.5 2.5 2 0 3 4 4
-3660.7 5608.2 -12.9 277 0 9.9 14.0 7.5 2.5 2 1 3 5 5
-3500.4 5555.3 -12.5 100 0 22.3 7.0 7.5 0.0 0 0 3 1 1
-3463.8 5643.0 -12.4 8 0 11.7 9.9 7.5 2.5 2 0 3 5 5
-3503.1 5587.3 -12.5 188 0 10.5 16.9 2.5 2.5 2 1 1 3 3
-3461.5 5691.0 -12.4 7 0 14.7 11.2 7.5 2.5 2 0 3 1 1
-3457.7 5721.0 -12.5 7 0 14.7 11.2 2.5 2.5 4 0 1 3 3
-3436.7 5639.6 -12.1 190 0 11.9 12.1 5.0 0.0 0 1 2 2 2
-3457.8 5738.9 -12.6 8 0 10.2 11.7 7.5 2.5 2 1 3 1 1
-3433.5 5754.1 -12.5 188 0 9.6 13.5 5.0 2.5 2 1 2 1 1
-3450.8 5782.3 -12.7 12 0 14.0 10.3 5.0 2.5 2 0 2 0 0
-3383.2 5894.8 -12.7 274 0 13.9 10.6 7.5 2.5 2 0 3 4 4
-3423.6 5827.5 -12.8 188 0 17.3 10.5 5.0 2.5 2 0 2 0 0
-3746.4 5860.5 -14.0 188 0 11.9 54.2 12.5 0.0 0 1 5 1 1
-3753.5 5948.7 -14.9 273 0 26.3 10.6 10.0 0.0 0 0 4 2 2
-3786.5 5950.1 -15.1 273 0 23.8 10.8 10.0 0.0 0 0 4 0 0
-3833.9 5937.5 -15.3 91 0 14.6 12.0 5.0 2.5 2 0 2 4 4
-3814.1 5888.4 -14.6 6 0 10.6 7.6 5.0 2.5 2 0 2 5 5
-3821.5 5890.8 -14.7 6 0 10.6 7.6 5.0 0.0 0 0 2 3 3
-3832.2 5898.0 -14.7 276 0 7.6 10.6 5.0 0.0 0 1 2 1 1
-3839.8 5900.3 -14.8 276 0 7.6 10.6 5.0 2.5 4 1 2 0 0
-3847.2 5902.4 -14.8 276 0 7.6 10.6 2.5 2.5 2 1 1 5 5
-3855.0 5901.5 -14.8 276 0 7.6 10.6 5.0 2.5 2 1 2 0 0
-3862.5 5903.6 -14.8 276 0 7.6 10.6 5.0 2.5 2 1 2 5 5
-3870.0 5904.3 -14.8 276 0 7.6 10.6 7.5 2.5 2 1 3 2 2
-3877.8 5903.5 -14.8 276 0 7.6 10.6 5.0 2.5 2 1 2 1 1
-3885.3 5905.2 -14.8 276 0 7.6 10.6 5.0 2.5 2 1 2 3 3
-3915.4 5907.9 -14.7 276 0 7.6 10.6 5.0 2.5 2 1 2 2 2
-3923.4 5906.6 -14.6 276 0 7.6 10.6 5.0 2.5 2 1 2 1 1
-3930.8 5939.9 -15.2 98 0 14.1 22.0 7.5 2.5 4 1 3 1 1
-3987.7 5858.6 -13.9 9 0 12.7 9.2 2.5 2.5 2 0 1 5 5
-3962.9 5853.6 -14.0 190 0 11.9 6.4 7.5 2.5 2 0 3 0 0
-4022.9 5809.9 -13.4 190 0 10.2 6.1 2.5 2.5 2 0 1 5 5
-4074.0 5946.8 -14.6 3 0 16.2 9.7 5.0 0.0 0 0 2 4 4
-4150.1 5839.8 -13.4 98 0 9.0 17.0 2.5 0.0 0 1 1 1 1
-4208.6 5938.0 -14.1 189 0 10.4 41.2 10.0 2.5 4 1 4 3 3
-4166.2 5942.0 -14.1 9 0 10.3 41.2 7.5 2.5 2 1 3 5 5
-4190.3 6003.4 -15.2 91 0 19.3 55.2 5.0 2.5 4 1 2 0 0
-4129.5 6097.9 -15.6 8 0 12.2 30.3 7.5 2.5 2 1 3 5 5
-4126.4 6119.0 -15.7 7 0 10.4 36.3 12.5 2.5 2 1 5 4 4
-4325.1 6079.1 -15.4 182 0 74.7 15.3 10.0 2.5 2 0 4 5 5
-4257.7 6142.2 -15.7 272 0 72.4 13.7 10.0 2.5 2 0 4 5 5
-4016.8 5498.9 -15.7 190 0 14.1 12.9 5.0 2.5 2 0 2 5 5
-4001.6 5605.1 -15.4 185 0 14.0 9.2 5.0 2.5 2 0 2 5 5
-2996.8 8395.1 -25.0 353 0 9.4 25.8 2.5 2.5 2 1 1 0 0
-3024.8 8451.1 -27.1 256 0 6.7 19.3 7.5 2.5 2 1 3 3 3
-2485.1 6384.3 -20.3 266 0 9.0 9.7 5.0 2.5 2 1 2 5 5
-2496.0 6257.5 -19.5 274 0 9.0 9.7 5.0 2.5 2 1 2 2 2
-2610.3 6228.1 -20.3 354 0 12.3 14.2 5.0 2.5 2 1 2 3 3
-2689.1 6270.0 -20.8 178 0 14.8 10.3 7.5 2.5 4 0 3 0 0
-2665.0 6252.3 -20.7 74 0 13.2 11.5 7.5 2.5 2 0 3 4 4
-2780.0 6128.8 -20.4 273 0 10.3 14.1 5.0 2.5 2 1 2 0 0
-3945.4 5489.8 -14.8 9 0 8.7 9.7 5.0 2.5 2 1 2 0 0
-3981.4 5618.4 -15.2 278 0 8.7 9.7 5.0 2.5 2 1 2 3 3
-3973.3 5568.0 -15.1 10 0 12.3 12.3 5.0 0.0 0 0 2 1 1
-3745.7 5600.0 -12.9 99 0 9.6 11.3 7.5 2.5 4 1 3 1 1
-3623.2 5581.8 -13.0 99 0 9.6 11.3 5.0 2.5 2 1 2 2 2
-3437.6 5659.3 -12.2 188 0 10.3 14.0 7.5 0.0 0 1 3 1 1
-3524.5 5048.1 -9.5 5 0 11.7 9.9 7.5 2.5 2 0 3 1 1
-3509.0 5212.9 -10.5 7 0 14.7 11.2 7.5 2.5 2 0 3 0 0
-3518.4 5115.3 -9.9 7 0 14.7 11.2 10.0 2.5 2 0 4 0 0
-3552.1 4424.3 -7.3 187 0 14.7 11.2 10.0 2.5 4 0 4 3 3
-3550.5 4778.2 -6.2 6 0 12.9 11.2 7.5 0.0 0 0 3 0 0
-3558.3 4691.4 -5.8 6 0 12.9 11.2 10.0 2.5 2 0 4 0 0
-3547.9 4805.0 -6.7 5 0 12.3 9.4 7.5 2.5 2 0 3 2 2
-3576.5 4519.4 -7.5 5 0 14.4 9.7 7.5 2.5 2 0 3 1 1
-3612.3 3676.8 -6.1 187 0 9.6 18.2 7.5 2.5 2 1 3 5 5
-3657.9 3462.3 -5.0 185 0 8.8 21.0 7.5 2.5 4 1 3 5 5
-3558.8 4476.3 -7.5 183 0 13.1 9.7 5.0 0.0 0 0 2 0 0
-3542.8 4853.0 -7.8 9 0 13.1 9.8 7.5 2.5 2 0 3 1 1
-3928.9 6656.0 -17.3 6 0 10.9 9.9 5.0 2.5 4 0 2 0 0
-3925.2 6678.9 -17.0 4 0 10.8 9.9 7.5 2.5 2 0 3 5 5
-3924.4 6734.0 -16.1 6 0 10.8 9.9 2.5 2.5 2 0 1 1 1
-3912.8 6876.5 -15.6 6 0 10.8 9.9 2.5 2.5 2 0 1 5 5
-3916.3 6826.5 -15.8 3 0 13.3 9.7 5.0 2.5 2 0 2 1 1
-3926.7 6768.1 -15.9 100 0 11.0 11.5 7.5 2.5 2 1 3 0 0
-3909.8 6906.5 -15.5 2 0 10.7 15.0 5.0 2.5 2 1 2 3 3
-3904.1 7007.1 -15.0 4 0 13.7 9.8 7.5 2.5 2 0 3 4 4
-3897.5 7105.7 -14.6 9 0 10.9 9.9 7.5 0.0 0 0 3 0 0
-3895.6 7149.3 -14.4 6 0 10.9 9.9 7.5 2.5 4 0 3 2 2
-3884.0 7275.3 -14.5 9 0 10.8 9.9 5.0 2.5 2 0 2 2 2
-3879.8 7333.6 -14.6 9 0 10.8 9.9 5.0 2.5 2 0 2 4 4
-3887.2 7261.5 -14.5 9 0 11.1 8.4 7.5 2.5 4 0 3 5 5
-3892.0 7176.9 -14.4 9 0 11.1 8.4 5.0 2.5 2 0 2 1 1
-3889.4 7218.7 -14.5 4 0 7.9 9.7 2.5 2.5 2 1 1 4 4
-3842.2 7226.8 -14.7 9 0 8.4 11.0 2.5 2.5 4 1 1 1 1
-3787.9 7111.3 -15.1 188 0 8.3 8.2 2.5 0.0 0 0 1 4 4
-3884.2 7304.7 -14.6 8 0 10.4 6.2 5.0 2.5 2 0 2 3 3
-3882.8 7319.3 -14.6 6 0 10.4 6.2 7.5 2.5 2 0 3 3 3
-3874.9 7450.6 -14.7 8 0 10.4 6.2 2.5 2.5 2 0 1 0 0
-3869.7 7529.1 -14.3 3 0 12.8 7.9 5.0 2.5 2 0 2 1 1
-3867.8 7559.9 -14.4 1 0 15.0 9.3 7.5 0.0 0 0 3 1 1
-3871.1 8031.2 -14.3 9 0 10.3 44.1 7.5 2.5 2 1 3 0 0
-3864.4 7614.0 -14.5 4 0 24.6 7.8 7.5 2.5 2 0 3 2 2
-3853.4 7730.1 -14.1 4 0 14.6 10.2 7.5 0.0 0 0 3 2 2
-3840.9 7646.1 -14.4 186 0 13.2 11.9 7.5 2.5 2 0 3 1 1
-3832.6 7780.3 -14.2 186 0 13.3 9.0 5.0 2.5 2 0 2 0 0
-3826.2 7848.2 -14.1 190 0 11.8 10.9 7.5 2.5 2 0 3 3 3
-3846.0 7848.3 -13.9 6 0 11.8 10.9 5.0 2.5 2 0 2 5 5
-3826.1 7870.9 -14.0 184 0 13.2 10.6 2.5 0.0 0 0 1 2 2
-3845.3 7871.1 -13.9 6 0 14.0 8.2 7.5 2.5 2 0 3 0 0
-3817.7 7985.5 -13.3 183 0 13.5 9.7 2.5 2.5 4 0 1 3 3
-3791.3 8079.1 -15.5 101 0 11.6 11.9 5.0 2.5 2 1 2 1 1
-3829.3 8102.9 -15.2 3 0 14.2 10.7 5.0 0.0 0 0 2 3 3
-3808.1 8164.9 -16.0 184 0 12.9 11.0 5.0 2.5 4 0 2 1 1
-3836.0 8232.9 -16.2 0 0 13.8 13.9 2.5 2.5 2 1 1 0 0
-3785.5 8280.7 -17.1 278 0 12.5 10.4 5.0 2.5 2 0 2 5 5
-3850.5 8307.1 -16.7 8 0 7.3 11.0 5.0 2.5 2 1 2 2 2
-3854.7 8359.4 -17.1 353 0 13.1 10.6 5.0 2.5 2 0 2 5 5
-3831.7 8491.1 -18.8 278 0 14.2 12.4 2.5 0.0 0 0 1 4 4
-3879.2 8538.4 -20.2 352 0 10.6 9.4 5.0 2.5 4 0 2 2 2
-3893.1 8638.3 -23.0 357 0 12.3 8.6 5.0 2.5 2 0 2 0 0
-3882.0 8666.5 -23.5 187 0 13.1 9.8 5.0 2.5 2 0 2 0 0
-5207.0 5875.6 -18.9 6 0 10.6 9.3 5.0 2.5 2 0 2 1 1
-5200.6 5944.9 -20.0 5 0 10.6 9.3 5.0 2.5 2 0 2 3 3
-5198.5 6010.6 -20.5 5 0 11.4 6.8 5.0 0.0 0 0 2 2 2
-6429.1 712.0 8.2 22 0 12.3 10.3 5.0 2.5 2 0 2 4 4
-4014.7 5167.2 -12.7 255 0 5.2 6.1 5.0 2.5 2 1 2 3 3
-4179.1 5754.1 -14.3 191 0 6.6 29.9 5.0 2.5 2 1 2 0 0
-4111.8 5778.5 -14.1 11 0 21.3 12.2 7.5 2.5 2 0 3 5 5
-6770.9 8415.2 -28.0 90 0 7.0 14.7 2.5 2.5 2 1 1 4 4
-4293.9 998.2 6.5 357 0 14.4 13.9 2.5 0.0 0 0 1 4 4
-4318.5 72.6 17.5 176 0 10.0 10.2 5.0 2.5 2 1 2 1 1
-4339.9 278.4 15.5 358 0 15.0 12.3 2.5 2.5 2 0 1 2 2
-4349.9 405.8 14.0 355 0 13.5 10.7 5.0 2.5 2 0 2 0 0
-4259.8 1118.4 4.9 179 0 15.1 11.0 5.0 2.5 2 0 2 4 4
-2654.9 -1536.9 16.8 111 0 12.5 13.0 5.0 2.5 2 1 2 2 2
6515.4 -5467.3 8.8 280 0 20.5 10.7 5.0 2.5 2 0 2 5 5
6497.3 -5501.9 8.9 100 0 7.6 22.6 7.5 2.5 2 1 3 5 5
6435.5 -5502.7 9.1 189 0 8.3 30.9 7.5 2.5 2 1 3 3 3
6446.4 -5464.4 9.2 277 0 6.8 24.0 7.5 2.5 2 1 3 5 5
6362.7 -5394.2 9.9 4 0 10.6 9.1 5.0 2.5 2 0 2 5 5
6539.1 -5137.1 12.9 293 0 8.0 14.6 7.5 2.5 2 1 3 1 1
6509.8 -5146.7 12.9 134 0 13.7 13.3 10.0 2.5 2 0 4 2 2
6486.9 -5137.9 13.0 227 0 7.1 8.0 5.0 2.5 4 1 2 1 1
6511.9 -5109.2 13.7 290 0 6.5 21.4 5.0 2.5 2 1 2 5 5
6504.6 -5094.6 14.8 285 0 7.7 9.2 5.0 2.5 2 1 2 5 5
6607.4 -5319.7 9.7 89 0 10.3 19.6 5.0 2.5 2 1 2 2 2
1158.4 1227.9 -9.6 306 0 15.0 18.6 10.0 2.5 2 0 4 5 5
1078.7 1054.0 -11.5 220 0 8.1 12.9 5.0 2.5 2 1 2 3 3
1049.4 1017.9 -11.8 208 0 9.2 9.5 5.0 2.5 2 1 2 0 0
964.6 1035.7 -10.9 295 0 16.8 15.2 10.0 2.5 2 0 4 2 2
887.8 846.2 -10.3 24 0 11.2 9.9 7.5 2.5 2 0 3 0 0
894.4 859.7 -10.5 21 0 12.7 13.9 7.5 2.5 2 1 3 4 4
366.4 1435.2 4.4 115 0 12.0 32.0 10.0 2.5 2 1 4 4 4
1197.2 1261.0 -9.5 35 0 17.3 9.5 5.0 0.0 0 0 2 3 3
1181.4 1301.3 -8.5 304 0 10.7 10.5 10.0 2.5 2 0 4 3 3
1083.3 1072.4 -11.1 220 0 6.4 12.7 5.0 2.5 2 1 2 4 4
1124.4 1119.6 -10.5 217 0 9.2 9.1 7.5 2.5 2 0 3 5 5
1164.9 1161.4 -11.1 216 0 9.8 35.5 7.5 2.5 2 1 3 5 5
1164.6 1191.6 -10.2 215 0 10.2 7.8 7.5 2.5 2 0 3 1 1
1167.8 1178.2 -10.4 219 0 8.0 9.6 5.0 2.5 2 1 2 4 4
1228.2 1264.3 -10.0 302 0 14.9 17.3 7.5 2.5 2 0 3 4 4
1241.6 1255.5 -10.3 304 0 17.5 12.9 5.0 2.5 2 0 2 5 5
1216.5 1251.9 -9.9 300 0 5.6 9.0 7.5 2.5 2 0 3 0 0
1202.9 1243.6 -9.9 213 0 10.4 8.0 7.5 2.5 2 0 3 1 1
1242.1 1232.9 -10.5 122 0 5.5 17.5 5.0 2.5 2 0 2 0 0
1260.3 1234.3 -10.7 32 0 11.8 7.8 7.5 2.5 2 0 3 4 4
1260.3 1234.3 -10.8 212 0 12.3 7.6 5.0 2.5 2 0 2 0 0
1273.2 1233.5 -10.9 304 0 7.2 12.7 5.0 2.5 2 0 2 2 2
1279.4 1229.0 -11.1 307 0 8.6 12.2 7.5 2.5 2 0 3 1 1
1286.1 1224.4 -11.2 301 0 7.7 11.1 7.5 2.5 2 0 3 5 5
1291.4 1221.0 -11.3 306 0 4.8 13.4 5.0 2.5 2 0 2 3 3
1295.1 1218.5 -11.4 301 0 4.2 13.4 7.5 2.5 2 0 3 1 1
1300.6 1214.6 -11.6 308 0 9.9 13.2 7.5 2.5 2 0 3 4 4
1309.3 1202.1 -11.7 32 0 11.2 9.7 7.5 2.5 2 0 3 0 0
1320.7 1201.0 -12.0 303 0 11.3 10.3 5.0 2.5 2 0 2 0 0
1306.5 1191.1 -12.0 214 0 11.5 7.5 7.5 2.5 2 0 3 1 1
1329.6 1194.9 -12.2 306 0 11.0 13.3 7.5 2.5 2 0 3 2 2
1337.6 1189.6 -12.3 302 0 8.7 11.7 7.5 2.5 2 0 3 3 3
1333.3 1212.0 -12.0 125 0 10.9 10.0 5.0 2.5 2 0 2 2 2
1319.5 1221.8 -11.7 127 0 11.9 12.3 10.0 2.5 2 1 4 1 1
1309.5 1237.6 -11.5 125 0 10.3 9.7 5.0 2.5 2 0 2 1 1
1296.2 1237.2 -11.3 124 0 4.6 15.0 7.5 2.5 4 1 3 3 3
1286.6 1243.6 -11.1 122 0 7.6 9.5 7.5 0.0 0 1 3 1 1
1278.4 1249.1 -10.9 124 0 7.3 13.9 7.5 2.5 2 0 3 5 5
1271.7 1253.4 -10.8 121 0 8.3 15.3 7.5 2.5 2 0 3 0 0
1263.1 1258.9 -10.6 124 0 11.5 15.3 2.5 2.5 2 0 1 1 1
1253.7 1266.1 -10.3 118 0 7.0 12.6 7.5 2.5 4 0 3 5 5
1237.1 1277.6 -10.0 125 0 15.0 12.4 2.5 2.5 2 0 1 4 4
1261.0 1321.1 -9.9 218 0 11.3 10.7 7.5 2.5 2 0 3 3 3
1256.8 1363.9 -8.7 130 0 15.4 10.8 5.0 2.5 2 0 2 5 5
1196.7 1414.4 -6.8 128 0 6.2 13.7 5.0 2.5 2 1 2 2 2
1186.8 1425.0 -6.7 126 0 10.1 11.4 7.5 2.5 4 1 3 1 1
1174.3 1435.8 -6.4 123 0 8.4 16.6 5.0 2.5 2 0 2 2 2
1152.0 1459.7 -5.9 129 0 11.1 40.1 10.0 2.5 2 1 4 2 2
1120.8 1504.5 -5.0 37 0 10.4 9.4 2.5 2.5 2 0 1 5 5
1128.6 1514.4 -5.0 42 0 8.5 10.0 7.5 2.5 2 1 3 0 0
1086.5 1502.3 -4.7 132 0 7.8 11.9 2.5 2.5 2 0 1 4 4
1082.3 1507.7 -4.6 132 0 5.5 8.5 5.0 2.5 2 0 2 3 3
1076.8 1514.0 -4.5 136 0 7.0 13.6 7.5 0.0 0 0 3 5 5
1064.8 1526.7 -4.3 133 0 6.3 11.1 7.5 2.5 2 1 3 2 2
1042.0 1542.8 -3.9 138 0 18.0 8.5 7.5 2.5 4 0 3 0 0
1036.8 1561.1 -3.6 127 0 4.5 6.6 5.0 2.5 2 1 2 1 1
1036.4 1571.0 -3.6 124 0 9.6 10.4 5.0 2.5 2 1 2 5 5
983.8 1519.4 -3.1 36 0 17.2 15.9 10.0 2.5 2 0 4 2 2
963.6 1500.7 -3.0 35 0 33.8 10.2 10.0 2.5 2 0 4 2 2
969.6 1426.4 -3.9 216 0 11.3 10.4 5.0 2.5 2 0 2 1 1
1607.5 969.6 -11.5 19 0 7.5 18.0 5.0 2.5 2 1 2 1 1
1597.7 927.0 -10.3 291 0 9.9 10.8 7.5 2.5 2 1 3 4 4
1530.4 960.3 -12.5 105 0 17.0 11.1 7.5 2.5 2 0 3 0 0
1095.7 1328.5 -6.5 301 0 19.3 11.5 5.0 2.5 2 0 2 5 5
1092.1 1359.7 -6.1 121 0 9.9 16.6 2.5 2.5 2 1 1 1 1
1071.3 1381.7 -5.7 118 0 5.2 10.3 2.5 2.5 2 1 1 5 5
1082.9 1473.9 -4.8 312 0 11.9 8.9 5.0 2.5 2 0 2 5 5
1107.4 1445.5 -5.3 311 0 6.8 11.9 5.0 2.5 2 1 2 5 5
1123.4 1425.7 -5.6 322 0 9.3 13.3 5.0 2.5 4 1 2 1 1
1040.5 1630.6 -3.8 300 0 13.5 22.4 7.5 2.5 2 1 3 4 4
979.6 1575.6 -2.9 305 0 13.2 11.4 5.0 2.5 2 0 2 3 3
938.6 1604.4 -2.4 307 0 7.7 12.2 7.5 2.5 4 0 3 4 4
996.6 949.5 -12.2 216 0 9.7 11.7 5.0 2.5 2 1 2 2 2
1015.4 975.2 -12.3 219 0 9.4 11.8 2.5 2.5 2 1 1 1 1
1027.3 991.1 -12.2 218 0 10.1 11.2 2.5 2.5 2 1 1 3 3
1033.2 1044.1 -11.0 29 0 5.5 9.9 5.0 2.5 2 1 2 5 5
1051.9 1062.8 -10.9 36 0 17.0 9.4 5.0 2.5 2 0 2 0 0
1069.2 1089.8 -10.4 38 0 8.6 8.8 2.5 2.5 2 1 1 0 0
1076.4 1146.5 -9.4 121 0 8.8 9.1 2.5 2.5 2 1 1 3 3
862.6 819.9 -9.9 33 0 6.5 12.7 5.0 2.5 2 1 2 0 0
840.0 706.1 -10.4 211 0 14.8 10.8 7.5 2.5 2 0 3 1 1
828.0 676.7 -10.4 205 0 11.2 11.5 5.0 2.5 2 1 2 0 0
816.5 640.2 -10.8 207 0 8.4 9.9 5.0 2.5 2 1 2 5 5
799.9 621.4 -11.0 208 0 8.9 8.6 7.5 0.0 0 0 3 1 1
775.2 664.6 -9.9 27 0 12.8 12.8 7.5 2.5 2 1 3 1 1
794.6 668.9 -10.0 23 0 5.4 21.3 5.0 2.5 4 1 2 1 1
813.0 705.5 -9.6 28 0 11.3 8.2 2.5 2.5 2 0 1 0 0
1161.9 1578.6 -5.1 33 0 10.9 9.4 7.5 2.5 2 0 3 1 1
1194.3 1653.1 -5.1 326 0 6.5 20.3 5.0 0.0 0 1 2 4 4
1206.8 1809.7 -6.7 36 0 10.7 13.4 5.0 2.5 2 1 2 4 4
1434.0 2181.9 -12.1 199 0 17.7 10.8 5.0 2.5 2 0 2 1 1
1403.4 2256.1 -12.4 31 0 9.0 12.1 5.0 2.5 2 1 2 1 1
1463.7 2277.9 -13.1 28 0 8.6 11.5 7.5 2.5 4 1 3 4 4
1121.0 2572.9 -13.5 113 0 18.8 11.7 5.0 0.0 0 0 2 0 0
799.6 1748.2 -2.7 115 0 7.3 11.6 5.0 2.5 2 1 2 3 3
772.7 1763.3 -2.6 129 0 9.3 15.9 7.5 2.5 2 1 3 5 5
403.5 2042.1 -2.7 35 0 10.2 11.7 10.0 2.5 2 1 4 3 3
1746.9 869.6 -7.4 291 0 11.2 12.2 5.0 2.5 2 1 2 2 2
1818.8 752.6 -3.6 111 0 9.1 12.8 5.0 0.0 0 1 2 1 1
1579.4 1132.9 -12.9 214 0 10.2 12.1 5.0 2.5 2 1 2 5 5
1732.4 1030.1 -10.6 25 0 9.8 15.1 2.5 0.0 0 1 1 1 1
1726.3 1086.9 -11.0 209 0 11.0 8.5 5.0 2.5 2 0 2 1 1
1388.8 1194.7 -12.8 41 0 12.9 14.3 7.5 2.5 2 1 3 3 3
1350.3 1167.1 -12.7 308 0 9.0 11.3 7.5 2.5 2 1 3 1 1
1300.4 1180.3 -12.0 210 0 10.2 5.5 7.5 2.5 2 0 3 4 4
1350.6 1207.5 -12.3 124 0 7.2 11.9 2.5 2.5 2 1 1 1 1
1347.4 1223.4 -12.1 124 0 5.9 12.6 7.5 2.5 2 1 3 2 2
1209.5 1218.4 -10.4 305 0 8.4 12.2 7.5 2.5 2 1 3 2 2
1186.8 1222.7 -10.0 216 0 13.0 8.3 5.0 2.5 2 0 2 4 4
1138.8 1178.9 -9.9 33 0 14.5 10.6 5.0 2.5 2 0 2 3 3
1274.6 1339.8 -9.7 215 0 11.8 10.4 7.5 2.5 2 0 3 5 5
1280.8 1350.3 -10.1 172 0 15.9 26.3 10.0 0.0 0 1 4 1 1
1337.8 1406.9 -9.5 212 0 14.7 11.7 5.0 2.5 2 0 2 2 2
1362.4 1424.4 -9.8 30 0 20.5 9.4 5.0 2.5 2 0 2 3 3
1347.9 1510.7 -8.0 296 0 9.6 12.9 2.5 2.5 2 1 1 0 0
1246.3 1527.5 -6.5 298 0 47.9 14.1 15.0 0.0 0 0 6 2 2
1274.2 1505.7 -6.6 29 0 11.6 11.0 2.5 2.5 2 0 1 3 3
1309.2 1713.1 -6.0 23 0 9.1 20.4 5.0 2.5 2 1 2 3 3
1123.2 1773.9 -5.6 123 0 11.1 7.5 7.5 2.5 2 0 3 1 1
1146.7 1795.3 -6.0 316 0 7.7 12.1 7.5 2.5 2 1 3 3 3
1369.8 1776.7 -7.7 295 0 10.3 13.7 7.5 2.5 2 1 3 3 3
1395.5 1725.0 -8.1 112 0 8.7 13.2 5.0 2.5 2 1 2 3 3
1411.6 1748.5 -8.3 23 0 11.1 9.6 2.5 2.5 2 0 1 4 4
1520.4 1684.3 -12.8 298 0 13.6 40.5 7.5 2.5 2 1 3 4 4
1317.1 1797.5 -7.3 205 0 6.7 16.7 2.5 0.0 0 1 1 5 5
1172.6 1830.8 -7.0 119 0 9.7 13.0 7.5 2.5 2 1 3 3 3
1153.1 1855.3 -7.2 136 0 8.5 10.9 7.5 0.0 0 1 3 1 1
1140.5 1881.1 -7.5 126 0 13.4 10.0 7.5 2.5 2 0 3 3 3
1118.8 1907.3 -7.7 126 0 11.3 16.7 5.0 2.5 2 1 2 0 0
1161.3 1911.6 -8.0 308 0 14.3 8.0 5.0 2.5 2 0 2 3 3
1064.4 1976.0 -7.6 122 0 10.7 11.2 2.5 2.5 2 1 1 3 3
974.2 2038.8 -8.6 306 0 12.7 30.5 7.5 2.5 2 1 3 0 0
1033.6 2048.3 -9.1 120 0 8.6 12.3 5.0 2.5 2 1 2 2 2
1479.8 2204.7 -12.7 288 0 55.1 8.3 7.5 2.5 2 0 3 4 4
1579.0 2158.9 -13.2 19 0 16.1 24.4 10.0 2.5 2 1 4 4 4
1136.1 2463.2 -11.1 294 0 23.8 11.6 7.5 0.0 0 0 3 1 1
1532.9 2680.1 -17.4 20 0 5.3 24.3 5.0 2.5 2 1 2 4 4
1548.5 2404.9 -15.2 298 0 10.6 17.6 5.0 2.5 2 1 2 5 5
944.9 2201.5 -9.1 53 0 10.2 62.2 10.0 2.5 2 1 4 1 1
976.8 2205.3 -9.4 53 0 11.7 60.8 7.5 2.5 2 1 3 2 2
727.7 2376.9 -9.6 316 0 14.2 11.3 5.0 2.5 2 0 2 3 3
715.7 2394.5 -9.8 302 0 10.6 8.3 5.0 2.5 2 0 2 3 3
594.3 2519.4 -11.5 26 0 13.2 14.9 5.0 2.5 2 1 2 2 2
474.2 1582.5 2.5 27 0 11.6 12.9 5.0 2.5 2 1 2 3 3
466.5 1567.5 2.7 26 0 9.7 11.2 5.0 2.5 2 1 2 2 2
405.1 1570.3 3.7 116 0 11.6 11.1 10.0 2.5 2 0 4 3 3
1240.6 1419.0 -7.3 39 0 28.5 20.6 5.0 0.0 0 0 2 4 4
912.8 1197.9 -6.8 302 0 8.1 12.2 5.0 2.5 2 1 2 4 4
807.2 1299.5 -3.6 29 0 9.8 10.9 7.5 0.0 0 1 3 3 3
840.1 1354.5 -3.2 33 0 6.3 12.9 5.0 2.5 2 0 2 0 0
714.8 1311.7 -2.2 316 0 7.0 11.3 7.5 2.5 2 1 3 2 2
882.3 1632.2 -2.2 296 0 10.1 8.8 7.5 2.5 2 0 3 1 1
849.2 1660.1 -2.2 298 0 8.7 10.0 2.5 0.0 0 0 1 5 5
841.5 1664.3 -2.2 299 0 8.6 9.1 5.0 2.5 2 0 2 3 3
680.7 1116.1 -2.1 23 0 9.1 12.2 5.0 2.5 2 1 2 1 1
588.0 1095.9 -0.4 24 0 6.0 21.2 7.5 2.5 4 1 3 1 1
623.8 1128.6 -1.2 22 0 10.8 9.6 2.5 2.5 2 0 1 1 1
387.4 1548.0 4.0 202 0 11.6 10.0 7.5 0.0 0 0 3 0 0
412.0 1597.7 3.6 208 0 11.6 11.6 5.0 2.5 2 0 2 0 0
475.5 1608.6 2.5 297 0 13.4 12.1 7.5 2.5 2 0 3 4 4
273.6 1501.1 6.5 202 0 8.6 18.5 5.0 2.5 2 1 2 5 5
487.7 35.7 -7.1 24 0 11.5 9.6 5.0 2.5 2 0 2 5 5
470.3 -3.0 -6.4 23 0 13.3 12.5 7.5 2.5 2 0 3 2 2
410.5 -122.3 -4.5 113 0 9.9 11.4 5.0 2.5 2 1 2 3 3
433.4 -77.5 -5.1 25 0 13.6 10.0 7.5 2.5 2 0 3 3 3
401.3 -158.6 -3.9 25 0 13.0 9.4 5.0 2.5 2 0 2 3 3
350.3 -250.2 -2.3 113 0 9.4 8.7 5.0 2.5 2 0 2 3 3
389.6 -227.8 -3.4 204 0 11.5 9.2 5.0 2.5 2 0 2 5 5
259.8 -495.7 -0.5 206 0 13.3 10.8 7.5 2.5 2 0 3 2 2
310.3 -357.8 -0.6 26 0 13.3 10.8 7.5 2.5 4 0 3 3 3
233.6 -510.9 0.5 26 0 12.7 10.3 2.5 2.5 2 0 1 3 3
259.7 -460.8 -0.4 23 0 13.2 11.0 2.5 2.5 2 0 1 2 2
210.8 -566.7 1.4 25 0 11.2 14.4 5.0 2.5 2 1 2 5 5
201.2 -619.8 0.6 206 0 11.3 9.3 7.5 2.5 2 0 3 4 4
170.2 -652.3 1.0 28 0 13.3 8.9 2.5 2.5 2 0 1 0 0
341.3 -329.6 -1.5 204 0 12.6 6.1 5.0 0.0 0 0 2 3 3
382.7 -171.5 -3.5 22 0 9.2 16.1 5.0 2.5 2 1 2 0 0
497.7 -73.6 -6.8 297 0 14.6 10.7 7.5 2.5 2 0 3 0 0
-6490.3 8504.1 -26.1 43 0 13.1 9.7 2.5 2.5 2 0 1 3 3
-6511.9 8482.4 -26.4 45 0 10.2 8.8 5.0 2.5 2 0 2 4 4
-6554.5 8489.1 -25.9 224 0 15.2 10.6 7.5 2.5 2 0 3 1 1
-6655.8 8340.5 -28.8 41 0 6.6 14.4 7.5 2.5 2 1 3 1 1
-6656.9 8375.1 -28.3 315 0 9.1 11.9 7.5 2.5 2 1 3 3 3
-6676.1 8425.5 -27.2 59 0 7.6 20.6 7.5 0.0 0 1 3 2 2
-6697.7 8449.9 -27.1 247 0 14.3 7.9 5.0 2.5 4 0 2 5 5
-6697.3 8409.7 -27.6 76 0 5.8 18.1 5.0 2.5 4 1 2 2 2
-6675.4 8408.6 -27.6 72 0 16.2 11.2 2.5 0.0 0 0 1 4 4
1259.3 1197.0 -11.4 303 0 12.3 19.2 10.0 0.0 0 1 4 5 5
-4523.0 3155.9 -1.5 81 0 13.3 11.8 7.5 2.5 2 0 3 3 3
-4055.2 6079.5 -15.6 274 0 24.1 14.5 7.5 2.5 2 0 3 5 5
-4280.9 6004.5 -14.9 91 0 63.4 15.1 12.5 2.5 4 0 5 5 5
-3952.1 5445.7 -15.4 9 0 12.5 12.1 7.5 2.5 2 0 3 2 2
-3948.8 5469.1 -15.1 9 0 10.9 11.0 5.0 2.5 4 1 2 5 5
-3565.6 4635.8 -6.4 4 0 8.5 7.1 2.5 2.5 2 0 1 0 0
-3565.0 4618.4 -6.6 4 0 10.7 11.5 7.5 2.5 4 1 3 5 5
-3619.2 4675.3 -7.2 187 0 14.9 8.8 2.5 2.5 2 0 1 3 3
-3570.5 4575.1 -6.5 4 0 8.7 9.5 5.0 2.5 2 1 2 3 3
-3581.0 3638.6 -6.4 94 0 10.0 22.7 5.0 2.5 2 1 2 5 5
-3577.2 3683.4 -6.5 274 0 9.7 15.9 5.0 2.5 2 1 2 1 1
-3624.2 3393.2 -5.3 5 0 14.3 6.5 5.0 2.5 4 0 2 1 1
-3695.6 3293.2 -5.8 185 0 15.6 7.5 5.0 2.5 2 0 2 3 3
-4116.0 3219.1 -3.4 80 0 14.4 12.5 5.0 0.0 0 0 2 0 0
-4151.9 2928.4 -2.5 75 0 11.1 11.6 7.5 2.5 2 1 3 2 2
-4496.3 3044.0 -0.3 164 0 13.6 11.6 5.0 0.0 0 0 2 5 5
-4408.9 2643.2 -0.2 252 0 11.0 10.8 7.5 2.5 2 0 3 5 5
-4442.0 2647.8 -0.3 252 0 12.9 13.5 2.5 2.5 2 1 1 5 5
-4484.6 2638.7 -0.5 251 0 13.2 27.1 10.0 2.5 2 1 4 0 0
-4905.3 2637.1 2.1 256 0 11.6 24.8 7.5 2.5 2 1 3 5 5
-4890.2 2648.8 2.5 249 0 11.5 13.8 5.0 2.5 2 1 2 5 5
-5097.0 2593.6 2.5 71 0 30.0 13.9 10.0 2.5 2 0 4 5 5
6768.1 8717.6 11.2 165 0 9.4 4.8 2.5 2.5 2 0 1 1 1
6760.9 8702.3 11.0 346 0 5.0 8.6 2.5 2.5 2 1 1 2 2
6734.2 8712.6 10.8 257 0 6.6 12.3 7.5 2.5 2 1 3 4 4
6735.8 8653.0 10.8 348 0 5.6 12.0 7.5 2.5 2 1 3 3 3
6739.7 8659.1 10.8 80 0 7.9 10.4 7.5 0.0 0 1 3 5 5
6325.6 8245.3 10.4 120 0 4.7 11.7 7.5 2.5 2 1 3 1 1
6341.3 8266.8 10.3 208 0 9.7 16.0 2.5 2.5 2 1 1 2 2
6358.2 8212.9 10.6 122 0 8.5 14.6 7.5 2.5 2 1 3 1 1
6398.4 8235.3 10.5 299 0 11.9 11.5 7.5 2.5 2 0 3 4 4
6408.9 8218.9 10.6 304 0 14.9 6.8 5.0 2.5 2 0 2 4 4
6401.4 8171.3 10.8 126 0 14.3 10.7 5.0 2.5 2 0 2 5 5
6472.2 8246.0 10.5 210 0 13.9 19.6 10.0 2.5 2 1 4 1 1
6225.4 8279.5 9.9 125 0 5.6 10.3 5.0 2.5 2 1 2 0 0
6206.8 8289.4 9.6 132 0 9.0 4.4 5.0 2.5 2 0 2 0 0
6193.4 8313.7 9.1 214 0 13.8 5.7 7.5 2.5 2 0 3 0 0
6194.1 8377.4 7.8 37 0 7.1 14.2 7.5 2.5 2 1 3 5 5
6192.3 8349.4 8.3 33 0 11.2 8.6 7.5 2.5 2 0 3 5 5
6175.6 8354.0 7.9 38 0 6.0 18.9 5.0 2.5 2 1 2 3 3
6134.9 8372.5 7.4 298 0 5.0 11.8 5.0 2.5 2 1 2 3 3
6149.9 8339.4 7.9 37 0 6.1 13.3 2.5 2.5 2 1 1 5 5
6131.4 8317.3 8.2 129 0 9.3 11.0 7.5 2.5 2 1 3 4 4
6148.4 8298.0 8.7 41 0 5.2 10.5 2.5 2.5 2 1 1 0 0
6093.9 8385.0 6.6 116 0 4.5 17.3 5.0 2.5 2 1 2 4 4
6104.2 8366.5 7.1 124 0 5.3 10.9 5.0 2.5 2 1 2 1 1
6068.1 8451.9 5.2 302 0 15.8 8.6 2.5 2.5 2 0 1 3 3
6060.0 8415.7 5.6 117 0 6.3 21.5 7.5 2.5 2 1 3 1 1
6042.3 8420.0 5.5 220 0 5.9 9.5 2.5 2.5 2 1 1 3 3
5923.9 8390.1 4.4 34 0 11.2 8.6 7.5 2.5 2 0 3 2 2
5882.6 8420.8 3.5 216 0 12.1 8.1 2.5 2.5 2 0 1 5 5
5890.4 8392.4 3.9 127 0 17.8 6.6 7.5 0.0 0 0 3 2 2
5927.3 8325.3 5.9 39 0 5.2 8.4 5.0 2.5 2 1 2 4 4
5896.8 8334.2 5.5 216 0 16.4 8.7 5.0 2.5 2 0 2 4 4
5916.2 8304.6 5.9 38 0 5.1 24.5 5.0 2.5 2 1 2 5 5
5945.6 8245.1 7.0 127 0 5.0 8.2 2.5 2.5 2 1 1 3 3
5966.9 8245.0 7.1 37 0 9.2 12.2 5.0 2.5 2 1 2 4 4
5922.2 7967.6 7.8 37 0 10.6 8.8 2.5 0.0 0 0 1 2 2
5791.7 7861.5 8.2 214 0 13.4 6.7 2.5 2.5 2 0 1 5 5
5800.8 7835.5 8.1 128 0 13.2 5.2 7.5 2.5 2 0 3 3 3
5824.3 7833.0 8.0 39 0 8.8 9.6 2.5 2.5 2 1 1 5 5
5710.7 7766.0 8.2 212 0 11.5 8.0 7.5 2.5 2 0 3 0 0
5718.1 7692.4 9.8 39 0 5.2 26.0 7.5 2.5 4 1 3 0 0
5919.3 3209.7 -4.0 76 0 9.2 15.4 5.0 0.0 0 1 2 5 5
533.6 247.4 -10.1 204 0 18.5 10.9 7.5 2.5 2 0 3 4 4
568.5 310.9 -10.9 295 0 10.9 18.5 2.5 2.5 2 1 1 2 2
517.7 186.2 -9.3 204 0 14.4 7.2 5.0 2.5 2 0 2 1 1
503.6 159.8 -8.8 115 0 10.9 18.5 2.5 2.5 2 1 1 2 2
552.4 166.6 -9.6 27 0 10.0 8.8 7.5 2.5 2 0 3 5 5
585.9 240.2 -11.1 25 0 10.5 10.1 5.0 2.5 2 0 2 1 1
609.5 279.2 -11.8 25 0 10.5 10.1 5.0 2.5 4 0 2 5 5
612.7 298.3 -11.7 25 0 10.5 10.1 5.0 2.5 2 0 2 3 3
667.4 412.7 -11.9 26 0 10.5 13.1 2.5 2.5 2 1 1 5 5
687.1 387.5 -12.5 204 0 10.1 13.0 10.0 2.5 2 1 4 2 2
731.8 478.4 -12.4 205 0 9.8 10.5 7.5 0.0 0 1 3 0 0
780.9 587.4 -11.7 205 0 9.7 10.1 7.5 2.5 2 1 3 1 1
587.5 175.2 -10.6 206 0 12.6 12.9 5.0 2.5 2 1 2 3 3
573.3 152.3 -9.9 206 0 12.6 12.9 5.0 0.0 0 1 2 0 0
381.0 -396.0 -2.7 26 0 27.9 13.7 7.5 2.5 2 0 3 0 0
322.1 -497.2 -2.0 27 0 25.1 12.6 5.0 2.5 2 0 2 0 0
248.0 -350.1 0.5 205 0 20.8 12.6 10.0 2.5 2 0 4 5 5
182.7 -497.5 1.3 205 0 22.7 13.9 7.5 2.5 2 0 3 3 3
216.2 -547.3 1.2 25 0 11.7 10.7 5.0 2.5 2 0 2 4 4
276.2 -326.8 -0.3 205 0 8.0 21.5 2.5 2.5 2 1 1 3 3
381.8 -204.6 -3.3 25 0 10.9 11.7 5.0 2.5 2 1 2 5 5
548.8 151.9 -9.2 27 0 11.5 9.7 2.5 2.5 4 0 1 2 2
562.7 115.7 -8.9 206 0 10.8 13.1 7.5 2.5 2 1 3 5 5
528.5 108.8 -7.9 27 0 10.2 9.2 5.0 0.0 0 0 2 3 3
685.3 444.7 -11.8 27 0 11.2 9.7 2.5 0.0 0 0 1 1 1
692.5 488.2 -11.5 27 0 14.0 10.3 7.5 2.5 4 0 3 1 1
754.4 789.7 -7.9 297 0 15.9 15.0 2.5 2.5 2 0 1 2 2
958.4 897.6 -12.0 210 0 8.1 7.8 5.0 2.5 2 0 2 1 1
1062.1 1488.7 -4.4 309 0 9.7 8.7 5.0 2.5 2 0 2 5 5
1005.0 1652.7 -3.6 299 0 13.8 7.1 7.5 2.5 2 0 3 1 1
692.2 1761.2 -1.9 297 0 15.5 9.4 2.5 2.5 2 0 1 1 1
499.0 1582.4 1.8 203 0 12.2 12.3 5.0 2.5 4 1 2 3 3
384.5 1492.2 4.0 115 0 13.7 14.8 2.5 2.5 4 1 1 1 1
356.7 1539.0 4.8 23 0 12.6 12.2 5.0 2.5 2 0 2 4 4
294.5 1589.8 5.3 205 0 10.4 12.0 7.5 2.5 2 1 3 0 0
304.2 1531.1 5.7 113 0 12.0 11.6 5.0 2.5 4 0 2 3 3
263.5 1440.6 6.6 295 0 11.6 12.9 7.5 2.5 2 1 3 4 4
275.0 1435.2 6.2 295 0 11.6 12.9 2.5 2.5 2 1 1 1 1
251.4 1447.3 6.9 295 0 11.6 12.9 7.5 2.5 2 1 3 1 1
1716.1 1120.8 -11.6 48 0 9.5 7.5 7.5 2.5 2 0 3 1 1
1707.7 1101.8 -11.8 35 0 8.6 13.2 7.5 2.5 2 1 3 0 0
1674.5 1083.2 -11.9 115 0 8.7 10.9 5.0 2.5 2 1 2 5 5
1678.7 1131.6 -12.3 220 0 13.4 7.0 7.5 2.5 2 0 3 1 1
1726.5 1195.4 -12.6 200 0 13.6 8.8 2.5 2.5 2 0 1 1 1
1749.6 1183.9 -12.0 13 0 6.5 10.2 5.0 2.5 2 1 2 2 2
1752.8 1180.5 -11.8 103 0 6.1 12.8 2.5 2.5 2 1 1 3 3
1751.9 1168.3 -11.7 28 0 11.6 9.9 2.5 2.5 2 0 1 3 3
1738.7 1145.9 -11.4 35 0 11.0 8.8 2.5 2.5 2 0 1 5 5
1849.4 1268.5 -11.5 185 0 5.5 15.0 2.5 2.5 4 1 1 4 4
1871.0 1237.4 -10.7 7 0 21.2 11.1 5.0 0.0 0 0 2 0 0
1803.6 1238.7 -12.1 6 0 12.0 10.7 5.0 2.5 2 0 2 5 5
1796.9 1228.0 -12.1 5 0 10.6 12.9 7.5 2.5 2 1 3 1 1
1802.6 1258.3 -12.4 274 0 17.1 8.5 7.5 2.5 4 0 3 0 0
1798.9 1186.6 -10.7 188 0 9.6 9.7 7.5 2.5 2 1 3 2 2
1823.8 1224.8 -11.1 188 0 10.5 9.2 7.5 2.5 2 0 3 0 0
1753.5 1109.2 -10.6 187 0 6.6 17.8 5.0 2.5 2 1 2 3 3
1744.0 1117.7 -10.8 187 0 6.1 20.6 5.0 2.5 2 1 2 0 0
1762.1 1153.2 -10.7 210 0 8.0 7.7 5.0 2.5 4 0 2 2 2
1756.4 1069.4 -10.6 27 0 7.8 14.7 2.5 2.5 2 1 1 0 0
1739.2 1101.7 -10.8 201 0 8.5 9.0 5.0 2.5 2 1 2 2 2
1787.8 1119.8 -10.0 279 0 9.3 12.8 7.5 2.5 2 1 3 0 0
1796.1 1089.7 -9.7 10 0 16.4 9.6 7.5 2.5 2 0 3 4 4
1587.3 1073.3 -13.1 126 0 12.0 10.8 2.5 2.5 2 0 1 1 1
1596.2 1115.7 -12.9 218 0 20.1 9.4 5.0 2.5 2 0 2 3 3
1607.7 1000.6 -11.8 292 0 9.8 9.0 2.5 2.5 2 0 1 3 3
1746.8 838.8 -6.9 198 0 12.8 6.8 5.0 0.0 0 0 2 5 5
1776.2 819.9 -5.7 105 0 9.4 11.4 5.0 2.5 2 1 2 0 0
2020.9 966.4 -4.5 92 0 8.6 16.5 5.0 2.5 2 1 2 0 0
2016.8 1561.9 -10.9 4 0 10.3 9.8 7.5 0.0 0 0 3 0 0
2002.3 1537.2 -11.3 4 0 9.9 11.9 5.0 2.5 2 1 2 2 2
2024.0 1502.6 -10.3 188 0 11.5 12.4 5.0 0.0 0 1 2 0 0
1940.2 1478.6 -12.6 278 0 8.3 11.5 2.5 0.0 0 1 1 5 5
1938.6 1426.9 -12.4 95 0 11.8 10.7 7.5 2.5 2 0 3 4 4
1968.3 1390.8 -11.2 187 0 11.8 10.7 7.5 2.5 2 0 3 0 0
1845.4 1333.4 -12.6 276 0 11.6 8.5 5.0 2.5 2 0 2 0 0
1853.3 1308.6 -12.6 8 0 6.6 23.1 5.0 2.5 2 1 2 1 1
2048.4 1640.3 -11.3 6 0 10.7 8.8 5.0 2.5 2 0 2 4 4
2014.7 1630.4 -11.9 183 0 11.4 13.0 10.0 2.5 2 1 4 0 0
2089.8 1584.2 -9.6 5 0 11.2 6.6 5.0 2.5 4 0 2 3 3
2056.5 1587.8 -9.7 186 0 10.4 13.6 10.0 0.0 0 1 4 4 4
2039.2 1570.5 -9.9 184 0 7.5 13.0 2.5 2.5 2 1 1 4 4
2097.4 1677.0 -10.8 6 0 10.9 12.9 5.0 0.0 0 1 2 2 2
2081.7 1659.8 -10.7 185 0 12.1 11.3 7.5 2.5 2 0 3 3 3
2074.7 1637.6 -10.5 187 0 12.0 14.1 5.0 2.5 2 1 2 3 3
2006.9 1646.8 -12.1 185 0 8.1 9.3 5.0 2.5 2 1 2 2 2
2095.2 1303.0 -9.9 187 0 16.3 16.4 7.5 2.5 2 1 3 4 4
1555.4 858.7 -10.2 3 0 10.1 9.1 7.5 2.5 2 0 3 3 3
1515.3 856.0 -10.7 195 0 17.7 9.4 7.5 2.5 2 0 3 2 2
1599.3 812.6 -9.1 109 0 13.4 9.8 2.5 2.5 2 0 1 2 2
1577.6 835.4 -9.5 199 0 9.9 12.1 5.0 2.5 2 1 2 5 5
1586.7 881.7 -9.7 193 0 9.3 8.0 7.5 0.0 0 0 3 2 2
1611.6 1063.9 -13.0 36 0 11.6 12.0 7.5 2.5 2 1 3 2 2
1547.9 778.2 -9.9 19 0 11.5 12.1 5.0 2.5 2 1 2 1 1
1577.2 697.9 -8.7 107 0 10.2 11.5 5.0 2.5 2 1 2 2 2
1611.2 718.4 -8.3 17 0 19.2 13.3 7.5 0.0 0 0 3 5 5
1578.3 749.4 -8.9 197 0 9.9 9.7 5.0 2.5 2 0 2 3 3
1550.8 678.2 -9.2 4 0 13.6 10.2 5.0 2.5 4 0 2 3 3
1551.6 696.2 -9.3 10 0 12.7 9.3 5.0 2.5 2 0 2 4 4
1550.2 718.2 -9.4 5 0 11.1 6.4 7.5 2.5 2 0 3 0 0
1523.4 676.2 -9.5 197 0 7.5 11.8 5.0 2.5 2 1 2 2 2
1517.7 729.7 -9.9 198 0 11.2 5.8 7.5 2.5 2 0 3 2 2
1497.4 717.3 -10.2 198 0 16.4 13.7 7.5 2.5 2 0 3 0 0
1500.8 622.9 -9.6 196 0 14.4 9.8 5.0 0.0 0 0 2 0 0
1502.4 647.1 -9.7 194 0 19.0 9.0 5.0 2.5 2 0 2 3 3
1549.8 628.1 -8.9 10 0 14.2 9.4 5.0 2.5 2 0 2 5 5
1492.0 531.5 -9.3 107 0 8.1 12.6 2.5 2.5 2 1 1 3 3
1543.5 518.5 -8.3 17 0 10.5 9.0 7.5 2.5 2 0 3 5 5
1545.5 538.7 -8.4 17 0 10.9 8.8 5.0 2.5 2 0 2 1 1
1564.7 519.7 -7.7 199 0 9.9 9.2 5.0 2.5 2 0 2 0 0
1570.7 611.2 -8.3 285 0 8.7 10.4 5.0 0.0 0 1 2 4 4
1621.8 437.2 -6.4 18 0 25.9 13.1 10.0 0.0 0 0 4 0 0
1564.2 475.0 -7.4 195 0 10.3 9.1 5.0 2.5 2 0 2 4 4
1525.0 362.0 -7.1 19 0 9.8 10.9 7.5 2.5 2 1 3 2 2
1513.7 298.3 -6.3 18 0 19.7 9.0 7.5 2.5 2 0 3 5 5
1516.5 323.8 -6.7 15 0 14.4 10.4 2.5 2.5 2 0 1 1 1
1557.0 384.3 -6.6 199 0 7.1 13.1 2.5 2.5 2 1 1 2 2
1546.6 368.8 -6.5 199 0 6.4 11.4 2.5 2.5 4 1 1 3 3
1543.9 355.0 -6.4 200 0 10.1 8.8 5.0 2.5 2 0 2 4 4
1537.6 336.2 -6.2 200 0 11.8 10.1 5.0 2.5 2 0 2 5 5
1528.7 296.9 -5.8 197 0 7.7 15.6 5.0 0.0 0 1 2 5 5
1456.5 319.5 -7.5 199 0 18.4 9.3 5.0 2.5 2 0 2 3 3
1506.1 264.8 -5.9 17 0 12.4 10.9 7.5 2.5 2 0 3 4 4
1520.3 167.8 -4.8 200 0 11.3 10.1 7.5 2.5 2 0 3 3 3
1519.7 212.6 -5.2 197 0 9.1 8.7 7.5 2.5 2 0 3 5 5
1497.5 167.6 -5.3 17 0 11.1 9.9 5.0 2.5 4 0 2 1 1
1504.1 143.7 -5.0 6 0 11.4 5.9 7.5 2.5 4 0 3 0 0
1504.2 115.2 -5.1 15 0 10.9 9.4 7.5 2.5 4 0 3 5 5
-3497.6 4814.6 -7.0 98 0 10.2 8.5 7.5 2.5 4 0 3 2 2
-3537.8 4905.7 -8.9 6 0 19.0 7.0 2.5 2.5 2 0 1 0 0
-3591.5 5003.5 -9.7 186 0 17.3 11.1 7.5 2.5 2 0 3 5 5
-3546.3 5005.0 -9.4 5 0 10.2 15.6 7.5 2.5 2 1 3 2 2
-3536.0 5130.9 -10.3 7 0 15.8 30.1 15.0 0.0 0 1 6 0 0
-3531.6 5156.3 -10.4 6 0 14.8 28.9 10.0 2.5 2 1 4 5 5
-3515.4 5136.1 -10.0 6 0 14.8 9.5 2.5 0.0 0 0 1 2 2
-3511.0 5159.0 -10.1 5 0 13.5 11.7 5.0 2.5 2 0 2 5 5
-3571.0 5246.3 -11.2 276 0 14.0 31.9 7.5 0.0 0 1 3 3 3
-3486.3 5430.2 -11.8 6 0 10.9 10.5 7.5 2.5 4 0 3 1 1
-3484.2 5452.4 -11.9 6 0 13.8 12.4 2.5 2.5 2 0 1 4 4
-3544.5 5471.6 -12.5 277 0 12.5 18.7 7.5 2.5 2 1 3 3 3
-3498.2 5323.8 -11.1 6 0 10.4 9.2 7.5 2.5 2 0 3 3 3
-3416.5 5950.3 -14.5 273 0 14.4 9.7 5.0 2.5 4 0 2 5 5
-4078.1 5666.0 -14.3 3 0 11.2 11.8 7.5 2.5 4 1 3 4 4
-4064.5 5689.2 -14.3 183 0 11.7 15.1 2.5 2.5 2 1 1 0 0
-4088.6 5709.3 -14.4 3 0 6.6 15.5 7.5 2.5 2 1 3 2 2
-3822.9 5832.0 -14.1 8 0 10.6 11.3 2.5 2.5 2 1 1 3 3
-4008.7 6633.8 -17.3 277 0 30.8 14.9 10.0 2.5 2 0 4 3 3
-3608.6 4613.7 -7.6 95 0 20.2 13.3 7.5 2.5 2 0 3 5 5
-3512.5 3023.7 -8.6 66 0 12.3 24.6 7.5 2.5 2 1 3 5 5
-3509.5 3060.5 -8.4 246 0 12.9 9.4 5.0 2.5 2 0 2 0 0
6638.3 8494.2 9.6 29 0 9.1 10.7 2.5 2.5 2 1 1 5 5
-5586.2 7486.6 -25.7 45 0 8.7 13.6 5.0 2.5 2 0 2 3 3
6274.5 8262.4 10.1 120 0 11.7 5.3 5.0 2.5 4 0 2 2 2
