-3704.9 7798.5 -1.7 204 0 13.9 6.6 2.5 2.5 2 0 1 4 4
-3710.3 7772.8 -1.5 110 0 5.9 13.9 7.5 2.5 2 1 3 5 5
-3682.4 7783.7 -1.5 23 0 5.3 11.2 2.5 2.5 2 0 1 1 1
-3692.7 7788.0 -1.6 21 0 5.2 8.1 7.5 2.5 2 0 3 1 1
-3702.7 7765.6 -1.4 111 0 7.2 5.8 5.0 2.5 2 0 2 1 1
-3679.9 7777.4 -1.5 23 0 4.2 17.0 2.5 2.5 2 0 1 5 5
-3671.1 7781.2 -1.4 22 0 9.4 11.4 2.5 2.5 2 0 1 3 3
-3682.6 7761.2 -1.3 20 0 6.2 16.7 2.5 0.0 0 0 1 2 2
-3675.0 7757.9 -1.2 21 0 12.6 8.3 5.0 2.5 2 0 2 5 5
6076.0 -7592.3 -10.2 202 0 12.2 21.4 10.0 2.5 4 1 4 4 4
6186.5 -7726.0 -11.4 30 0 18.8 15.3 12.5 2.5 2 0 5 4 4
6109.5 -7771.6 -16.5 333 0 24.1 7.0 2.5 2.5 2 0 1 4 4
-4351.6 -8034.8 10.7 150 0 8.7 8.0 7.5 2.5 4 0 3 2 2
-4352.4 -8023.1 10.6 150 0 10.3 10.5 7.5 2.5 2 1 3 0 0
-4356.4 -8002.0 10.6 154 0 11.2 13.8 5.0 2.5 2 1 2 1 1
-4354.8 -7973.0 10.7 152 0 9.7 6.6 7.5 2.5 4 0 3 2 2
-4364.1 -7901.8 10.3 151 0 8.4 10.3 7.5 2.5 4 0 3 1 1
-4359.5 -7910.5 10.2 152 0 11.2 10.3 7.5 2.5 2 0 3 2 2
-4378.6 -7977.4 9.7 0 0 10.7 9.7 7.5 2.5 2 0 3 1 1
-4382.3 -7893.7 10.0 348 0 9.3 9.7 7.5 0.0 0 1 3 2 2
-4384.5 -7869.8 10.7 355 0 11.2 12.5 5.0 2.5 2 1 2 0 0
-4366.6 -7876.4 11.0 176 0 8.9 13.5 2.5 2.5 2 1 1 5 5
-4366.2 -7856.4 11.6 173 0 9.4 8.8 5.0 2.5 2 0 2 4 4
-4365.5 -7836.0 11.6 157 0 10.6 9.7 7.5 2.5 2 0 3 1 1
-4387.5 -7774.9 11.2 355 0 10.1 16.0 7.5 2.5 2 1 3 2 2
-4369.3 -7729.0 11.2 159 0 10.2 11.3 7.5 2.5 2 1 3 0 0
-4397.8 -7631.7 12.7 356 0 12.3 12.2 5.0 2.5 2 0 2 0 0
-4399.3 -7582.9 12.9 346 0 9.8 9.6 7.5 2.5 2 0 3 4 4
-4368.0 -7574.1 12.5 157 0 9.1 9.2 5.0 2.5 2 1 2 2 2
-4384.8 -7559.7 12.3 160 0 10.4 10.8 2.5 2.5 2 1 1 5 5
-4366.1 -7534.0 12.4 156 0 7.1 21.7 5.0 2.5 2 1 2 1 1
-4386.7 -7474.5 12.3 156 0 11.0 11.2 7.5 2.5 2 1 3 5 5
-4411.5 -7410.6 11.9 335 0 10.2 10.0 2.5 2.5 2 0 1 3 3
-4423.4 -7352.2 12.3 335 0 8.4 13.7 5.0 2.5 2 1 2 0 0
-4390.2 -7409.6 12.3 171 0 11.5 10.7 7.5 2.5 2 0 3 0 0
-4391.1 -7385.4 12.6 153 0 9.5 10.0 7.5 0.0 0 1 3 4 4
-4391.6 -7366.7 12.8 156 0 9.2 9.5 7.5 2.5 2 1 3 2 2
-4392.6 -7337.9 12.5 156 0 9.9 10.6 5.0 2.5 2 1 2 3 3
-4394.2 -7308.3 11.8 156 0 12.1 11.7 7.5 2.5 2 0 3 3 3
-4394.1 -7271.0 11.0 155 0 10.0 15.7 7.5 2.5 4 1 3 3 3
-4389.9 -7218.9 10.6 159 0 5.3 18.5 7.5 2.5 2 1 3 2 2
-4423.4 -7289.6 11.4 335 0 6.1 8.6 5.0 2.5 2 1 2 1 1
-332.6 1508.2 1.2 270 0 6.9 7.4 5.0 2.5 2 1 2 0 0
-6047.1 326.7 11.7 234 0 7.8 12.8 5.0 2.5 2 1 2 2 2
-1595.9 3368.2 -3.8 194 0 8.8 9.4 5.0 2.5 2 1 2 3 3
-1486.5 3060.4 -2.8 12 0 13.6 11.6 5.0 2.5 2 0 2 0 0
-1488.2 2987.5 -1.0 196 0 12.1 11.7 2.5 2.5 2 0 1 0 0
-1628.7 3568.9 -2.5 357 0 13.3 16.9 5.0 2.5 2 1 2 3 3
-1678.7 3669.7 -2.7 228 0 11.3 13.5 7.5 2.5 2 0 3 3 3
-1654.5 3480.4 -2.5 182 0 10.8 11.1 5.0 2.5 2 1 2 0 0
-1607.4 3379.7 -3.6 109 0 13.9 11.3 5.0 2.5 2 0 2 4 4
-1659.5 3495.8 -2.4 180 0 11.9 14.5 5.0 2.5 2 1 2 5 5
-1660.6 3538.5 -1.7 178 0 10.1 10.0 5.0 2.5 2 0 2 5 5
-1668.7 3677.5 -3.0 235 0 14.3 13.3 7.5 0.0 0 0 3 0 0
-1681.0 3466.0 -1.5 17 0 11.9 11.1 5.0 2.5 4 0 2 1 1
-1699.5 3654.4 -2.2 228 0 13.3 11.2 5.0 2.5 2 0 2 1 1
-1673.0 3510.1 -1.4 354 0 17.3 12.4 2.5 2.5 2 0 1 4 4
-1574.4 3303.2 -4.0 194 0 10.3 10.4 5.0 2.5 4 1 2 2 2
-1580.3 3336.4 -3.6 102 0 11.1 15.1 5.0 2.5 2 1 2 0 0
-1686.4 3437.9 -1.6 106 0 13.7 11.8 5.0 2.5 2 0 2 1 1
-1618.0 3468.7 -3.4 14 0 13.0 17.5 5.0 2.5 2 1 2 0 0
-1655.2 3524.0 -2.1 180 0 7.6 10.0 5.0 0.0 0 1 2 4 4
-1690.4 3580.6 -1.0 305 0 11.1 16.1 5.0 2.5 2 1 2 3 3
-1447.0 2881.9 -1.7 122 0 19.6 14.4 7.5 2.5 4 0 3 4 4
-1635.4 3413.0 -2.8 155 0 8.3 9.3 5.0 2.5 2 1 2 4 4
-1579.7 3317.7 -3.8 189 0 10.1 10.4 5.0 2.5 2 1 2 4 4
-1676.7 3545.1 -0.8 354 0 9.2 14.2 5.0 2.5 2 1 2 1 1
-1491.3 2975.9 -0.8 194 0 11.8 11.8 5.0 2.5 2 0 2 4 4
-1655.7 3464.3 -2.5 178 0 14.2 13.9 5.0 2.5 2 0 2 3 3
-1682.6 3484.7 -1.5 22 0 15.3 15.2 5.0 2.5 2 0 2 3 3
-1533.1 3018.3 -0.4 352 0 8.2 16.6 5.0 2.5 2 1 2 3 3
1652.5 7632.4 -7.7 199 0 6.5 9.1 5.0 2.5 4 1 2 2 2
1637.9 7625.8 -8.1 281 0 8.1 8.3 2.5 2.5 2 1 1 4 4
-4263.9 -3527.7 8.3 183 0 7.4 11.7 7.5 2.5 2 1 3 3 3
-447.0 -8575.2 -24.5 195 0 10.3 39.4 10.0 2.5 2 1 4 2 2
-385.6 -8567.0 -24.7 13 0 18.9 28.0 7.5 0.0 0 1 3 4 4
-4249.5 -3568.4 8.1 85 0 12.8 7.9 5.0 2.5 2 0 2 4 4
5429.9 -4.8 -4.9 21 0 15.3 13.0 7.5 2.5 2 0 3 0 0
4396.1 3779.7 -4.2 84 0 4.6 13.7 2.5 2.5 2 1 1 4 4
4404.3 3809.5 -3.7 353 0 8.8 8.7 5.0 2.5 2 0 2 5 5
3381.3 4288.8 -11.8 195 0 6.0 8.8 7.5 2.5 2 1 3 0 0
3431.7 4328.7 -11.7 12 0 7.6 12.8 7.5 2.5 2 1 3 1 1
3367.5 4318.8 -11.7 201 0 7.9 16.7 7.5 2.5 4 1 3 5 5
3403.5 4345.9 -11.7 297 0 10.7 20.9 10.0 0.0 0 1 4 1 1
4383.3 -742.9 -3.0 70 0 10.6 15.4 7.5 2.5 2 1 3 2 2
-4620.3 2304.1 2.4 265 0 11.2 24.9 7.5 2.5 2 1 3 5 5
-4651.4 2273.2 2.1 171 0 9.9 22.0 7.5 2.5 2 1 3 0 0
-563.9 3125.6 -3.1 189 0 12.9 8.4 2.5 2.5 2 0 1 1 1
-566.7 3112.7 -2.8 193 0 18.7 14.1 7.5 2.5 2 0 3 1 1
-2158.0 3960.1 -5.1 181 0 5.2 9.8 2.5 2.5 4 1 1 1 1
-2077.5 3948.2 -5.3 305 0 14.8 19.0 15.0 0.0 0 1 6 4 4
-2170.9 3987.2 -4.6 219 0 18.0 17.9 7.5 0.0 0 0 3 0 0
-4823.9 -1940.1 13.0 354 0 4.9 5.6 2.5 2.5 2 1 1 1 1
-4845.3 -1931.8 13.0 144 0 10.4 12.1 7.5 2.5 2 1 3 0 0
-4844.1 -1956.9 12.9 171 0 16.8 6.3 7.5 2.5 2 0 3 3 3
-4749.3 -1909.5 13.1 336 0 5.3 10.0 7.5 2.5 2 1 3 3 3
-4806.0 -1894.0 13.0 228 0 13.1 6.7 5.0 2.5 2 0 2 5 5
-4748.0 -1972.3 13.1 66 0 12.1 44.4 7.5 2.5 2 1 3 4 4
-4757.1 -1869.7 12.8 330 0 13.9 16.3 7.5 2.5 4 1 3 3 3
-2266.4 -259.6 1.4 296 0 15.5 36.9 7.5 2.5 2 1 3 2 2
-1974.5 -84.0 -1.9 225 0 5.8 17.8 5.0 2.5 2 1 2 0 0
-1909.2 -116.9 -2.0 114 0 14.1 19.1 7.5 2.5 2 1 3 1 1
-1930.3 -86.2 -2.1 292 0 12.5 14.1 5.0 2.5 2 1 2 2 2
-1943.1 -109.3 -1.7 118 0 17.1 10.7 2.5 2.5 2 0 1 5 5
3807.3 4379.5 -9.6 89 0 14.7 16.5 5.0 2.5 2 1 2 2 2
4211.0 -1261.3 -2.6 277 0 10.4 6.6 5.0 0.0 0 0 2 5 5
4228.5 -1262.0 -2.6 280 0 9.6 5.8 7.5 2.5 2 0 3 3 3
4205.4 -1277.7 -1.7 195 0 5.8 10.2 5.0 2.5 2 1 2 0 0
4224.6 -1275.2 -1.7 280 0 9.3 12.5 2.5 2.5 2 1 1 5 5
4238.0 -1290.0 -1.5 101 0 8.3 13.4 7.5 2.5 2 1 3 1 1
-233.2 -8610.9 -23.1 7 0 9.7 20.6 5.0 0.0 0 1 2 2 2
-375.3 -8763.3 -24.7 106 0 18.4 32.8 7.5 0.0 0 1 3 5 5
-6939.3 4286.8 -3.1 164 0 8.9 8.3 7.5 2.5 2 0 3 4 4
-6895.3 4288.2 -3.7 344 0 5.9 9.3 5.0 2.5 2 1 2 5 5
142.0 -8416.1 -15.7 324 0 12.8 11.6 5.0 2.5 2 0 2 1 1
117.3 -8443.9 -16.6 57 0 7.2 18.1 2.5 2.5 2 1 1 3 3
56.5 -8473.1 -18.4 76 0 10.6 13.0 2.5 2.5 2 1 1 0 0
2061.5 6764.0 -10.3 293 0 4.4 3.5 5.0 2.5 2 0 2 4 4
2041.9 6765.9 -10.1 203 0 4.9 10.9 7.5 0.0 0 1 3 1 1
-4531.7 1960.7 3.7 161 0 15.7 10.8 7.5 2.5 2 0 3 5 5
-4500.0 1906.7 4.2 84 0 15.0 11.0 5.0 0.0 0 0 2 1 1
