-267.2 -731.4 -36.1 359 0 13.5 11.1 2.5 2.5 2 0 1 4 4
-297.5 -749.1 -36.0 91 0 7.3 25.7 2.5 2.5 2 1 1 1 1
-4931.6 1031.8 -47.7 285 0 51.0 13.1 10.0 2.5 2 0 4 0 0
-5041.9 959.1 -48.3 195 0 25.7 121.3 7.5 0.0 0 0 3 2 2
-4805.1 894.5 -48.1 15 0 22.7 90.1 7.5 0.0 0 1 3 0 0
-4814.6 858.7 -48.3 15 0 49.5 179.6 7.5 0.0 0 0 3 4 4
-3258.6 -4353.0 -32.1 91 0 18.7 49.2 10.0 2.5 2 0 4 0 0
-3321.0 -4323.1 -32.3 183 0 43.7 45.0 7.5 0.0 0 0 3 5 5
-3272.9 -4246.8 -31.1 2 0 38.1 46.2 12.5 0.0 0 0 5 4 4
-3231.4 -4305.7 -31.7 271 0 12.3 12.1 2.5 2.5 2 0 1 3 3
-3237.4 -4261.6 -31.5 181 0 8.1 13.9 5.0 2.5 2 0 2 0 0
-4808.6 4303.9 -28.1 73 0 21.0 61.5 10.0 2.5 2 1 4 2 2
-5452.5 1414.2 -42.6 285 0 47.0 20.3 7.5 2.5 2 0 3 5 5
-620.7 1125.1 -41.4 247 0 9.4 28.7 7.5 2.5 2 1 3 0 0
-576.8 1113.4 -41.4 68 0 8.9 11.5 5.0 2.5 2 1 2 2 2
-588.0 1100.4 -41.5 337 0 9.8 16.0 2.5 2.5 2 1 1 2 2
-2185.8 -3429.4 -33.1 69 0 8.9 28.9 2.5 2.5 2 1 1 2 2
-93.5 -6721.9 -32.3 11 0 15.3 18.6 10.0 2.5 2 1 4 1 1
-71.0 -6731.1 -32.5 197 0 19.4 14.4 10.0 2.5 2 0 4 1 1
-110.3 -6894.2 -32.1 282 0 13.0 11.6 5.0 2.5 2 0 2 2 2
-91.7 -6897.9 -31.6 286 0 12.6 7.9 7.5 2.5 2 0 3 0 0
-104.1 -6887.5 -32.1 286 0 17.6 6.5 5.0 2.5 2 0 2 0 0
-121.2 -6927.2 -31.9 182 0 11.8 11.5 2.5 2.5 2 0 1 3 3
-124.4 -6943.5 -31.8 195 0 11.9 13.6 5.0 2.5 2 1 2 1 1
-113.3 -6970.6 -31.8 14 0 6.6 13.4 5.0 2.5 2 1 2 3 3
-87.6 -6940.4 -31.3 19 0 8.5 18.6 7.5 2.5 2 1 3 0 0
-59.1 -6981.9 -30.2 16 0 17.5 14.3 5.0 2.5 4 0 2 0 0
-115.2 -7020.3 -32.0 9 0 12.5 12.7 5.0 2.5 2 1 2 1 1
-117.3 -7065.6 -32.3 10 0 12.2 14.1 5.0 2.5 2 1 2 4 4
-118.3 -7087.2 -32.5 17 0 8.6 17.3 5.0 0.0 0 1 2 5 5
-122.6 -7101.5 -32.5 3 0 11.3 11.7 5.0 2.5 2 1 2 2 2
-124.4 -7128.0 -32.5 3 0 5.9 12.8 5.0 2.5 2 0 2 4 4
-125.0 -7135.9 -32.6 6 0 9.6 15.2 5.0 2.5 4 0 2 3 3
-125.3 -7159.9 -32.4 14 0 7.6 16.6 5.0 2.5 2 1 2 0 0
-163.1 -7244.0 -33.4 6 0 9.1 8.9 5.0 2.5 2 0 2 4 4
-178.9 -7229.4 -33.4 179 0 11.1 16.0 2.5 2.5 2 1 1 2 2
-162.3 -7220.3 -33.1 5 0 9.6 9.2 5.0 2.5 2 0 2 5 5
-160.5 -7205.1 -33.0 4 0 13.1 11.2 2.5 2.5 2 0 1 4 4
-158.7 -7189.4 -33.1 6 0 11.0 11.8 2.5 2.5 2 1 1 2 2
-163.1 -7158.2 -33.2 93 0 11.8 11.8 2.5 2.5 2 1 1 4 4
-173.5 -7120.7 -33.6 189 0 14.5 14.4 5.0 2.5 4 0 2 2 2
-169.2 -7101.2 -33.5 189 0 9.5 11.1 5.0 2.5 2 1 2 4 4
-178.3 -7069.5 -33.7 189 0 11.1 19.3 5.0 0.0 0 1 2 0 0
-156.2 -7047.4 -33.1 277 0 11.2 9.4 5.0 2.5 2 0 2 0 0
-157.0 -7029.7 -33.1 269 0 15.3 13.8 2.5 2.5 4 0 1 1 1
-157.8 -6964.1 -32.8 174 0 12.3 11.4 5.0 2.5 2 0 2 2 2
-159.0 -6938.9 -32.8 183 0 11.6 16.3 5.0 2.5 2 1 2 3 3
-157.3 -6912.1 -33.1 181 0 15.8 16.8 5.0 2.5 2 1 2 1 1
-152.2 -6885.5 -33.0 182 0 13.4 13.5 5.0 2.5 2 1 2 2 2
-131.7 -7206.2 -32.3 194 0 12.1 13.7 5.0 2.5 2 1 2 5 5
-92.4 -7209.7 -31.8 290 0 13.8 19.5 5.0 2.5 4 1 2 5 5
-123.0 -7188.6 -31.9 194 0 12.5 11.8 2.5 2.5 2 0 1 4 4
-186.6 -6955.2 -33.9 268 0 13.4 14.5 2.5 2.5 2 1 1 4 4
-172.7 -7352.0 -34.1 0 0 12.0 14.2 5.0 2.5 4 0 2 4 4
-185.8 -7337.9 -34.1 185 0 15.4 14.8 5.0 2.5 2 0 2 3 3
-173.6 -7380.0 -33.9 4 0 17.2 8.4 5.0 2.5 2 0 2 3 3
-175.1 -7399.7 -34.1 7 0 10.7 9.6 2.5 2.5 2 0 1 4 4
-176.3 -7415.4 -34.3 6 0 13.1 10.7 2.5 2.5 2 0 1 1 1
-182.0 -7441.6 -34.7 9 0 12.4 10.8 5.0 2.5 2 0 2 2 2
-186.0 -7468.3 -35.0 5 0 11.5 11.5 2.5 2.5 4 0 1 0 0
-186.0 -7489.2 -35.2 12 0 13.3 12.6 5.0 2.5 2 0 2 5 5
-191.0 -7503.7 -35.4 2 0 9.8 11.6 5.0 2.5 2 1 2 4 4
-197.9 -7518.3 -35.6 11 0 10.0 8.7 5.0 2.5 2 0 2 5 5
-196.2 -7530.7 -35.7 11 0 10.2 10.8 5.0 2.5 2 1 2 1 1
-209.2 -7548.7 -35.9 193 0 13.4 11.9 5.0 2.5 2 0 2 5 5
-212.9 -7562.1 -36.1 198 0 14.2 12.9 5.0 2.5 2 0 2 1 1
-202.5 -7583.5 -36.2 9 0 10.0 10.2 5.0 2.5 4 1 2 1 1
-204.8 -7600.1 -36.4 8 0 13.0 11.5 5.0 2.5 2 0 2 3 3
-209.9 -7615.2 -36.6 11 0 13.6 11.6 5.0 2.5 2 0 2 4 4
-213.2 -7628.4 -36.7 2 0 13.8 13.3 5.0 2.5 2 0 2 5 5
-214.6 -7645.6 -36.9 11 0 12.3 13.3 5.0 2.5 2 1 2 2 2
-216.5 -7658.9 -37.0 6 0 14.6 11.6 7.5 2.5 2 0 3 0 0
-217.9 -7676.0 -36.9 15 0 10.0 9.7 5.0 2.5 2 0 2 5 5
-221.8 -7691.5 -36.9 13 0 14.2 12.9 2.5 2.5 4 0 1 5 5
-223.7 -7707.5 -36.9 11 0 12.1 13.3 2.5 2.5 2 1 1 2 2
-224.9 -7723.9 -37.0 8 0 16.3 12.6 5.0 2.5 2 0 2 5 5
-226.6 -7739.6 -37.0 1 0 11.8 14.6 5.0 2.5 2 1 2 1 1
-228.7 -7755.0 -37.0 0 0 11.5 14.2 5.0 0.0 0 1 2 5 5
-232.7 -7774.7 -36.6 8 0 15.6 11.5 5.0 0.0 0 0 2 4 4
-261.3 -8128.2 -36.0 11 0 13.5 11.7 5.0 2.5 2 0 2 3 3
-267.0 -8138.9 -36.0 0 0 5.1 13.6 2.5 2.5 2 1 1 5 5
-266.8 -8155.9 -36.0 4 0 11.4 9.6 5.0 0.0 0 0 2 3 3
-270.1 -8181.1 -36.0 12 0 13.8 11.8 2.5 2.5 2 0 1 1 1
-273.5 -8202.8 -36.0 7 0 15.9 17.4 7.5 2.5 2 1 3 3 3
-276.1 -8248.0 -35.7 6 0 13.2 11.7 5.0 2.5 2 0 2 2 2
-277.6 -8263.5 -35.9 11 0 10.7 12.6 5.0 2.5 4 1 2 3 3
-279.3 -8275.6 -36.0 6 0 13.6 12.4 5.0 2.5 4 0 2 4 4
-280.3 -8302.9 -36.2 12 0 11.4 16.0 5.0 2.5 2 1 2 2 2
-282.4 -8328.8 -36.5 12 0 12.9 12.3 5.0 2.5 2 0 2 2 2
-287.1 -8343.1 -36.6 5 0 10.2 10.2 5.0 2.5 2 0 2 3 3
-285.6 -8364.9 -36.8 16 0 14.6 13.9 5.0 2.5 2 0 2 4 4
-311.7 -8222.0 -35.9 192 0 9.7 15.6 5.0 2.5 2 1 2 5 5
-286.1 -8380.7 -36.7 6 0 14.4 14.0 5.0 2.5 2 0 2 1 1
-288.1 -8404.2 -36.4 7 0 13.2 16.6 2.5 2.5 2 1 1 2 2
-291.4 -8418.7 -36.2 13 0 9.0 15.4 5.0 2.5 2 0 2 5 5
-293.5 -8429.7 -36.1 9 0 13.3 15.0 2.5 2.5 2 0 1 0 0
-297.2 -8455.0 -36.0 5 0 13.5 15.8 7.5 2.5 2 1 3 2 2
-351.2 -8497.4 -36.8 193 0 15.5 14.9 5.0 2.5 2 0 2 3 3
-335.8 -8508.5 -36.5 193 0 9.2 10.7 7.5 2.5 2 1 3 2 2
-296.9 -8535.1 -36.2 7 0 12.6 11.4 2.5 2.5 2 0 1 0 0
-300.0 -8552.0 -36.4 2 0 16.3 14.4 5.0 2.5 2 0 2 5 5
-301.1 -8588.1 -36.5 6 0 13.9 13.4 5.0 2.5 2 0 2 0 0
-302.2 -8608.7 -36.6 7 0 14.1 13.6 5.0 2.5 2 0 2 0 0
-305.0 -8661.1 -36.9 355 0 14.0 13.5 5.0 2.5 2 0 2 5 5
-299.4 -8707.6 -36.8 357 0 13.0 14.7 5.0 2.5 4 1 2 1 1
66.5 -6297.3 -35.0 103 0 13.3 18.6 5.0 2.5 2 1 2 0 0
-279.1 -8657.4 -36.1 196 0 12.7 14.6 2.5 2.5 2 1 1 1 1
-279.0 -8626.0 -36.1 195 0 15.5 14.6 5.0 2.5 2 0 2 4 4
-2838.3 2179.5 -11.6 165 0 11.7 34.2 2.5 2.5 2 1 1 0 0
-3614.0 -4504.7 -34.7 288 0 14.8 9.8 5.0 2.5 2 0 2 0 0
-3888.9 -4734.8 -39.9 21 0 30.8 29.9 10.0 0.0 0 0 4 5 5
2535.4 7843.7 -24.9 103 0 5.3 11.3 2.5 2.5 2 1 1 2 2
2581.9 7817.2 -25.1 279 0 7.3 8.5 5.0 2.5 2 1 2 4 4
-750.9 8170.5 -21.9 113 0 10.4 16.4 5.0 2.5 2 1 2 3 3
-660.0 8101.1 -21.6 25 0 12.4 13.0 5.0 2.5 2 1 2 0 0
-656.4 8202.3 -23.2 293 0 7.6 8.6 7.5 2.5 2 1 3 3 3
-672.2 8213.4 -23.0 295 0 11.7 11.9 7.5 2.5 2 1 3 5 5
-693.4 8150.5 -22.5 114 0 11.1 12.6 5.0 0.0 0 1 2 4 4
-704.3 8129.9 -21.4 291 0 9.8 12.5 5.0 2.5 2 1 2 5 5
-931.1 8464.4 -26.2 22 0 17.8 61.6 12.5 2.5 2 1 5 1 1
-727.8 8236.9 -22.4 293 0 14.1 13.1 7.5 2.5 2 0 3 3 3
-648.0 8727.4 -33.1 8 0 11.6 6.8 2.5 2.5 2 0 1 3 3
263.5 8608.2 -23.9 101 0 12.7 14.3 5.0 2.5 2 1 2 4 4
-738.2 8650.5 -32.6 101 0 12.3 13.5 5.0 2.5 2 1 2 5 5
-374.5 8582.9 -30.1 274 0 15.7 12.2 5.0 2.5 2 0 2 5 5
306.4 8560.2 -22.5 101 0 9.4 12.8 5.0 2.5 2 1 2 4 4
298.2 8607.5 -22.5 230 0 18.0 11.3 2.5 2.5 2 0 1 5 5
-42.2 8518.8 -26.6 99 0 9.8 6.2 2.5 2.5 2 0 1 0 0
-770.8 8650.4 -32.7 100 0 8.5 13.2 7.5 2.5 2 1 3 3 3
-356.5 8505.3 -28.2 93 0 30.0 12.9 10.0 2.5 2 0 4 0 0
-7.3 8509.5 -26.6 96 0 8.8 9.4 5.0 2.5 2 1 2 4 4
-1.8 8533.9 -27.3 278 0 18.6 11.0 7.5 2.5 2 0 3 1 1
164.2 8535.5 -27.8 54 0 6.7 6.0 5.0 2.5 2 0 2 5 5
-475.9 8632.7 -30.4 100 0 11.3 10.1 10.0 2.5 2 0 4 0 0
166.1 8474.1 -25.9 91 0 22.9 10.1 2.5 2.5 2 0 1 5 5
-339.2 8578.8 -28.8 276 0 9.6 14.0 5.0 2.5 2 1 2 3 3
-759.4 8659.2 -32.9 99 0 8.3 17.8 7.5 2.5 2 1 3 5 5
-38.4 8541.8 -28.1 279 0 20.0 11.9 5.0 2.5 2 0 2 4 4
-305.4 8474.7 -26.4 5 0 20.4 6.8 7.5 0.0 0 0 3 5 5
148.2 8537.1 -28.1 146 0 4.8 6.3 7.5 2.5 2 1 3 2 2
-382.0 8615.0 -30.1 95 0 9.8 10.3 2.5 2.5 2 1 1 1 1
-552.4 8588.7 -29.8 277 0 5.6 16.5 7.5 2.5 2 1 3 5 5
-507.6 8548.5 -29.8 101 0 7.3 13.3 7.5 2.5 2 1 3 5 5
-323.9 8553.9 -27.9 275 0 4.7 14.2 7.5 2.5 2 1 3 4 4
-649.6 8613.4 -30.6 193 0 10.2 9.5 2.5 2.5 4 0 1 5 5
-371.9 8552.2 -29.2 272 0 6.2 8.7 7.5 2.5 2 1 3 4 4
-491.6 8614.2 -30.4 94 0 13.0 13.5 2.5 2.5 4 1 1 0 0
-385.5 8583.8 -30.3 282 0 8.4 11.7 5.0 2.5 2 1 2 4 4
-553.4 8678.3 -31.3 273 0 6.4 16.5 7.5 2.5 2 1 3 3 3
-636.8 8581.0 -29.8 199 0 10.4 18.9 5.0 2.5 2 1 2 1 1
-569.1 8609.0 -29.8 274 0 12.6 7.5 5.0 2.5 2 0 2 5 5
327.6 8610.4 -21.2 282 0 9.1 6.7 7.5 2.5 2 0 3 4 4
76.6 8523.2 -27.2 282 0 9.5 11.5 2.5 2.5 2 1 1 1 1
-425.0 8622.1 -30.5 95 0 6.4 21.0 7.5 2.5 2 1 3 1 1
-412.5 8543.8 -29.4 98 0 16.5 7.9 7.5 2.5 2 0 3 0 0
-591.8 8629.0 -30.6 95 0 10.4 11.4 7.5 2.5 2 1 3 2 2
-589.3 8703.1 -32.4 182 0 14.5 8.6 5.0 2.5 2 0 2 1 1
-497.0 8634.4 -30.5 96 0 15.4 26.9 7.5 2.5 2 1 3 4 4
-589.0 8592.9 -29.7 277 0 15.8 26.2 7.5 2.5 2 1 3 2 2
-689.4 8684.9 -32.8 6 0 18.8 10.4 10.0 0.0 0 0 4 0 0
-653.2 8687.1 -32.6 3 0 14.3 6.6 5.0 2.5 2 0 2 3 3
-517.3 8685.9 -31.2 274 0 9.9 12.9 7.5 2.5 2 1 3 3 3
-535.2 8222.7 -24.1 105 0 8.9 57.1 7.5 2.5 2 1 3 3 3
-411.4 8587.5 -30.4 282 0 11.5 11.6 5.0 2.5 2 1 2 1 1
-540.5 8286.3 -23.7 286 0 8.6 11.6 5.0 2.5 2 1 2 2 2
-388.7 8548.8 -29.2 270 0 7.0 7.6 5.0 2.5 2 1 2 0 0
-722.6 8648.3 -32.4 97 0 12.2 12.0 5.0 2.5 2 0 2 2 2
330.3 8589.0 -21.5 10 0 5.4 12.6 7.5 2.5 2 1 3 5 5
-484.9 8595.6 -30.4 281 0 10.5 12.0 2.5 2.5 2 1 1 1 1
-787.1 8163.8 -20.5 300 0 12.4 10.0 2.5 2.5 2 0 1 4 4
-753.6 8610.0 -31.7 280 0 4.7 13.3 5.0 2.5 2 1 2 0 0
-513.4 8586.0 -30.1 272 0 8.5 19.4 2.5 2.5 2 1 1 2 2
-761.3 8143.4 -20.8 203 0 10.3 15.5 5.0 2.5 2 1 2 2 2
-383.0 8557.4 -29.4 273 0 4.3 6.2 2.5 2.5 2 1 1 3 3
-587.0 8236.3 -24.0 103 0 28.2 59.2 10.0 0.0 0 1 4 2 2
-580.8 8652.2 -31.2 94 0 6.3 13.4 2.5 2.5 4 1 1 2 2
-316.5 8575.6 -28.0 279 0 10.9 10.9 7.5 2.5 2 1 3 1 1
-774.6 8183.7 -21.5 109 0 12.6 10.3 5.0 2.5 2 0 2 0 0
-582.1 8610.1 -29.9 275 0 10.8 12.1 5.0 2.5 4 1 2 5 5
-521.9 8539.6 -29.6 103 0 5.7 12.4 7.5 2.5 2 1 3 5 5
-604.9 8611.4 -30.2 281 0 13.1 12.5 7.5 2.5 2 0 3 4 4
-479.1 8571.8 -30.0 285 0 6.8 13.0 2.5 2.5 2 1 1 3 3
-473.4 8594.2 -30.4 276 0 11.5 12.4 5.0 2.5 2 1 2 1 1
-652.3 8710.8 -32.9 5 0 12.3 10.5 7.5 2.5 2 0 3 2 2
-503.2 8597.8 -30.3 277 0 20.9 11.6 10.0 2.5 2 0 4 5 5
-769.0 8588.0 -31.4 109 0 6.7 16.0 7.5 2.5 2 1 3 4 4
169.5 8515.6 -26.8 270 0 12.0 10.3 5.0 2.5 2 0 2 0 0
-795.4 8628.0 -32.0 282 0 14.4 16.6 2.5 2.5 2 1 1 3 3
-504.5 8402.2 -25.9 23 0 39.2 14.2 10.0 2.5 2 0 4 4 4
-292.5 8573.7 -27.2 279 0 9.2 11.4 7.5 2.5 2 1 3 3 3
-423.9 8589.5 -30.4 284 0 10.5 12.1 5.0 2.5 2 1 2 0 0
-680.5 8567.6 -29.9 18 0 12.4 13.8 5.0 0.0 0 1 2 2 2
-608.7 8650.2 -31.3 99 0 6.5 14.8 7.5 2.5 4 1 3 0 0
-520.0 8600.4 -30.1 278 0 10.2 11.4 7.5 0.0 0 1 3 4 4
252.8 8599.1 -25.3 12 0 10.2 26.5 15.0 0.0 0 1 6 3 3
-697.3 8623.7 -31.6 280 0 11.2 6.6 5.0 2.5 2 0 2 2 2
-657.9 8640.5 -31.9 7 0 12.3 14.4 5.0 2.5 2 1 2 2 2
268.6 8569.0 -24.0 99 0 11.6 14.9 5.0 2.5 2 1 2 2 2
-64.0 8525.2 -27.4 118 0 15.1 5.8 7.5 2.5 2 0 3 0 0
-339.2 8609.1 -28.9 99 0 13.4 13.8 2.5 0.0 0 1 1 0 0
-621.3 8546.2 -29.1 23 0 9.4 13.3 5.0 2.5 2 1 2 2 2
-775.9 8201.7 -21.7 112 0 6.0 7.7 7.5 2.5 2 1 3 5 5
168.4 8558.2 -28.3 238 0 18.8 5.8 2.5 2.5 2 0 1 1 1
-303.0 8534.0 -27.3 10 0 9.2 12.4 5.0 2.5 2 1 2 3 3
-725.4 8628.4 -32.2 275 0 31.4 9.1 7.5 2.5 2 0 3 2 2
-452.9 8699.5 -31.3 269 0 11.8 9.9 7.5 2.5 4 0 3 0 0
-519.1 8614.8 -30.2 96 0 8.7 18.2 5.0 2.5 4 1 2 0 0
-662.5 8584.7 -30.1 19 0 8.2 8.3 5.0 2.5 2 1 2 3 3
-592.7 8653.7 -31.3 100 0 5.4 14.4 2.5 2.5 2 1 1 3 3
-581.0 8627.2 -30.5 94 0 8.2 12.9 7.5 2.5 2 1 3 1 1
-328.7 8577.2 -28.4 276 0 9.3 13.8 7.5 2.5 2 1 3 0 0
-566.2 8638.7 -30.6 95 0 9.3 11.0 2.5 2.5 2 1 1 4 4
-750.5 8116.7 -20.2 202 0 7.7 13.2 7.5 2.5 2 1 3 4 4
-436.5 8590.0 -30.4 283 0 10.2 11.7 5.0 2.5 2 1 2 1 1
-1085.4 8292.4 -20.1 110 0 13.8 16.4 5.0 2.5 2 1 2 3 3
-1126.6 8308.2 -19.9 110 0 11.7 12.3 2.5 2.5 4 1 1 0 0
-1107.5 8405.6 -22.6 203 0 12.9 14.8 5.0 2.5 2 1 2 3 3
-1086.1 8483.3 -25.4 202 0 33.4 22.3 15.0 0.0 0 0 6 0 0
-1063.5 8342.5 -21.2 289 0 13.3 11.0 5.0 2.5 4 0 2 1 1
-1126.5 8353.6 -21.0 197 0 10.1 14.0 2.5 2.5 2 1 1 5 5
-1143.5 8377.3 -21.5 16 0 11.8 12.4 2.5 2.5 2 1 1 2 2
-1160.0 8362.3 -20.9 17 0 10.5 6.1 5.0 2.5 2 0 2 1 1
-1107.3 8480.7 -24.7 19 0 12.4 14.6 5.0 2.5 2 1 2 3 3
-1097.5 8514.3 -26.1 18 0 14.4 15.2 7.5 2.5 2 1 3 3 3
-1146.6 8495.4 -24.9 18 0 12.1 16.2 5.0 2.5 2 1 2 2 2
-1181.5 8400.1 -21.5 292 0 12.1 12.5 5.0 2.5 2 1 2 2 2
-1198.9 8406.5 -21.5 289 0 13.5 13.9 5.0 2.5 2 1 2 2 2
-1120.4 8281.1 -18.9 292 0 12.7 14.4 2.5 0.0 0 1 1 3 3
-1150.9 8277.4 -18.8 200 0 13.6 13.0 5.0 2.5 4 0 2 1 1
-1168.4 8289.2 -18.8 16 0 12.1 13.1 5.0 2.5 2 1 2 4 4
-1192.1 8305.8 -18.9 285 0 11.0 13.7 2.5 2.5 2 1 1 2 2
-1211.0 8311.6 -18.8 288 0 14.0 13.9 2.5 2.5 2 0 1 0 0
-1220.6 8338.0 -19.7 108 0 11.5 11.7 2.5 2.5 2 1 1 3 3
-1255.8 8325.6 -18.7 290 0 12.1 12.7 2.5 2.5 2 1 1 5 5
-1271.7 8354.0 -19.8 107 0 8.3 16.0 5.0 2.5 2 1 2 3 3
-1276.0 8331.0 -18.7 290 0 19.9 13.0 10.0 2.5 2 0 4 1 1
-1089.0 8548.8 -27.5 21 0 11.4 14.3 5.0 2.5 2 1 2 1 1
-1085.6 8569.3 -28.2 20 0 12.9 17.2 5.0 2.5 2 1 2 2 2
-1079.0 8584.8 -28.9 16 0 11.4 13.0 2.5 2.5 2 1 1 5 5
-993.7 8319.2 -21.3 289 0 12.6 12.5 7.5 2.5 2 0 3 3 3
-1029.0 8275.2 -20.1 112 0 15.3 13.6 2.5 2.5 2 0 1 0 0
-1009.1 8270.3 -20.2 105 0 11.3 12.8 5.0 2.5 2 1 2 2 2
-991.1 8265.6 -20.2 111 0 11.1 11.3 5.0 2.5 2 1 2 5 5
-975.1 8313.6 -21.4 285 0 11.7 13.3 2.5 2.5 2 1 1 1 1
-971.0 8258.1 -20.2 110 0 16.9 11.6 5.0 2.5 2 0 2 0 0
-955.5 8308.2 -21.4 289 0 13.9 13.4 5.0 2.5 2 0 2 1 1
-1101.6 8274.8 -18.9 294 0 14.8 12.7 5.0 2.5 2 0 2 2 2
-1109.1 8191.1 -17.8 111 0 12.4 16.4 5.0 2.5 2 1 2 0 0
-1129.3 8200.8 -17.8 113 0 12.2 13.6 5.0 2.5 2 1 2 1 1
-1196.9 8221.8 -17.7 108 0 11.9 12.9 5.0 2.5 2 1 2 3 3
-1240.6 8216.3 -17.1 289 0 11.6 12.6 2.5 2.5 2 1 1 3 3
-1257.1 8240.8 -17.6 108 0 10.8 13.2 5.0 2.5 4 1 2 5 5
-1280.2 8249.1 -17.5 108 0 11.5 10.8 5.0 2.5 2 0 2 2 2
-1302.4 8255.8 -17.6 108 0 22.8 14.1 7.5 2.5 4 0 3 0 0
-1293.0 8234.1 -17.0 291 0 22.1 13.3 12.5 2.5 2 0 5 1 1
-1324.2 8261.9 -17.5 108 0 12.2 11.8 5.0 0.0 0 0 2 5 5
-1374.0 8257.3 -16.9 289 0 12.0 13.2 5.0 2.5 2 1 2 1 1
-1350.8 8250.3 -16.9 287 0 21.9 14.7 7.5 2.5 2 0 3 3 3
-1403.8 8296.4 -17.4 196 0 12.9 11.7 5.0 2.5 2 0 2 5 5
-1420.2 8263.9 -16.8 198 0 14.6 13.1 5.0 2.5 2 0 2 2 2
-1432.2 8295.1 -17.2 25 0 14.0 11.9 5.0 2.5 2 0 2 0 0
-1419.7 8350.5 -18.2 25 0 13.7 11.2 2.5 2.5 2 0 1 3 3
-1401.6 8369.0 -18.6 19 0 13.3 11.1 5.0 2.5 2 0 2 3 3
-1392.4 8335.4 -18.2 194 0 14.0 12.8 2.5 2.5 2 0 1 4 4
-1363.6 8472.6 -22.0 23 0 13.1 15.6 5.0 2.5 2 1 2 3 3
-1358.3 8491.4 -22.7 18 0 13.5 13.1 5.0 2.5 2 0 2 5 5
-1350.9 8507.2 -23.4 18 0 15.2 9.3 5.0 0.0 0 0 2 5 5
-1285.6 8434.3 -21.2 291 0 12.6 13.0 5.0 0.0 0 1 2 1 1
-1305.9 8440.2 -21.2 284 0 15.3 12.9 5.0 2.5 4 0 2 2 2
-1323.2 8450.2 -21.2 287 0 13.1 16.7 5.0 2.5 2 1 2 3 3
-1333.1 8488.5 -22.8 195 0 14.5 13.0 5.0 0.0 0 0 2 4 4
-1344.4 8527.3 -24.2 18 0 14.7 11.9 5.0 0.0 0 0 2 5 5
-1338.5 8543.3 -24.9 21 0 14.8 13.3 5.0 0.0 0 0 2 5 5
-1417.7 8385.8 -18.7 292 0 11.3 13.0 5.0 0.0 0 1 2 3 3
-1434.1 8393.4 -18.7 292 0 13.2 12.8 2.5 2.5 2 0 1 1 1
-1450.4 8400.4 -18.7 290 0 12.1 13.9 5.0 0.0 0 1 2 0 0
-1518.4 8357.4 -17.7 209 0 15.0 12.6 5.0 2.5 2 0 2 0 0
-1529.2 8377.0 -17.9 36 0 9.5 9.8 2.5 2.5 2 1 1 0 0
-1540.2 8366.2 -17.7 35 0 9.5 9.7 2.5 2.5 2 1 1 1 1
-1553.2 8353.0 -17.4 34 0 9.2 11.8 5.0 2.5 2 1 2 1 1
-1568.9 8338.2 -17.1 48 0 7.8 12.2 5.0 0.0 0 1 2 2 2
-1555.9 8317.4 -16.8 223 0 13.3 12.2 5.0 2.5 2 0 2 4 4
-1541.0 8333.3 -17.1 222 0 15.2 10.9 5.0 0.0 0 0 2 0 0
-1583.1 8323.7 -16.7 34 0 10.3 12.5 5.0 2.5 2 1 2 5 5
-1600.3 8303.9 -16.6 43 0 8.6 10.3 5.0 2.5 4 1 2 1 1
-1584.0 8286.6 -16.1 218 0 13.6 13.1 5.0 2.5 2 0 2 0 0
-1571.9 8231.9 -15.4 102 0 13.4 11.1 5.0 2.5 2 0 2 5 5
-1572.9 8179.3 -14.4 282 0 13.9 13.1 5.0 2.5 2 0 2 2 2
-1601.7 8205.8 -14.6 286 0 11.2 12.1 5.0 2.5 2 1 2 3 3
-1588.1 8247.0 -15.6 93 0 10.2 13.9 5.0 2.5 2 1 2 4 4
-1559.7 8213.1 -15.2 100 0 11.6 11.7 2.5 2.5 2 1 1 5 5
-1481.0 8162.1 -14.6 15 0 14.2 11.4 5.0 2.5 2 0 2 0 0
-1466.7 8144.2 -14.7 200 0 17.0 16.1 7.5 2.5 2 0 3 3 3
-1463.0 8110.6 -14.7 135 0 10.9 16.4 5.0 0.0 0 1 2 3 3
-1450.7 8097.1 -14.7 137 0 13.7 16.2 2.5 2.5 2 1 1 2 2
-1435.0 8086.3 -14.7 134 0 15.1 11.9 2.5 0.0 0 0 1 2 2
-1427.9 8240.2 -16.4 203 0 13.7 12.3 7.5 0.0 0 0 3 3 3
-1464.7 8213.0 -15.7 36 0 11.1 13.1 5.0 2.5 2 1 2 0 0
-1458.1 8227.4 -16.0 36 0 11.3 14.0 5.0 2.5 4 1 2 3 3
-1407.2 8163.1 -14.9 285 0 13.0 13.5 5.0 2.5 4 1 2 1 1
-1400.6 8178.0 -15.7 106 0 12.4 13.6 2.5 2.5 2 1 1 4 4
-1422.8 8169.2 -14.9 284 0 8.9 16.3 7.5 2.5 2 1 3 1 1
-1352.8 8120.6 -15.2 195 0 16.5 15.6 7.5 2.5 2 0 3 5 5
-1370.8 8047.0 -14.1 198 0 14.9 11.3 7.5 2.5 2 0 3 4 4
-1421.4 8068.1 -14.7 126 0 11.9 15.1 5.0 2.5 2 1 2 1 1
-1443.3 8512.0 -22.6 199 0 11.6 14.6 2.5 0.0 0 1 1 1 1
-1437.4 8524.3 -23.1 199 0 11.1 13.3 5.0 2.5 4 1 2 2 2
-1432.6 8560.0 -24.4 196 0 11.5 14.2 5.0 2.5 2 1 2 0 0
-1461.4 8544.0 -23.6 102 0 10.5 12.3 2.5 2.5 2 0 1 2 2
-1452.6 8559.7 -23.8 12 0 9.9 9.6 5.0 2.5 2 0 2 5 5
-1430.8 8574.4 -24.9 194 0 12.7 11.3 5.0 2.5 2 0 2 1 1
-1429.9 8596.2 -25.3 199 0 13.6 12.7 5.0 0.0 0 0 2 5 5
-1452.1 8645.4 -25.9 103 0 12.4 13.5 5.0 2.5 2 1 2 3 3
-1450.0 8589.9 -24.3 12 0 10.0 9.5 5.0 2.5 2 0 2 1 1
-1419.9 8636.6 -26.3 100 0 12.1 14.8 5.0 2.5 2 1 2 3 3
-1450.2 8628.5 -25.2 278 0 11.5 22.0 10.0 2.5 2 1 4 5 5
-1463.8 8512.4 -22.5 24 0 6.3 11.3 10.5 3.5 2 0 3 0 0
-1489.7 8458.7 -20.1 25 0 9.9 9.6 10.5 3.5 2 0 3 5 5
-1480.1 8478.2 -20.9 25 0 8.5 8.4 10.5 0.0 0 0 3 5 5
-1511.7 8427.1 -18.8 300 0 9.7 9.4 5.0 2.5 2 0 2 4 4
-1547.9 8447.4 -18.9 300 0 8.9 7.9 5.0 2.5 2 0 2 4 4
-1563.3 8456.5 -19.0 300 0 10.2 9.6 5.0 2.5 2 0 2 1 1
-1544.9 8469.2 -20.0 120 0 8.9 10.0 10.5 3.5 2 1 3 1 1
-1520.9 8467.6 -20.1 115 0 10.9 5.3 10.5 3.5 2 0 3 4 4
-1581.4 8466.6 -19.0 299 0 9.9 11.0 5.0 0.0 0 1 2 5 5
-1562.1 8479.0 -19.9 124 0 8.2 9.4 10.5 3.5 2 1 3 5 5
-1588.4 8494.3 -19.8 126 0 9.4 10.0 10.5 3.5 2 1 3 1 1
-1575.5 8486.3 -19.8 119 0 8.9 8.5 10.5 3.5 2 0 3 1 1
-1606.8 8474.2 -19.5 42 0 10.0 9.9 10.5 3.5 2 0 3 0 0
-1633.7 8503.7 -20.1 305 0 9.0 10.2 10.5 3.5 2 1 3 1 1
-1619.9 8492.7 -19.8 312 0 9.8 10.6 10.5 3.5 2 1 3 3 3
-1618.2 8517.1 -20.1 125 0 8.8 10.2 10.5 0.0 0 1 3 0 0
-1647.7 8541.2 -20.8 131 0 9.2 10.1 10.5 3.5 2 1 3 2 2
-1632.8 8530.4 -20.4 132 0 9.7 9.7 10.5 3.5 2 0 3 1 1
-1603.4 8505.8 -19.9 129 0 8.3 9.4 10.5 3.5 2 1 3 1 1
-1663.1 8525.4 -20.7 309 0 8.0 12.8 10.5 3.5 2 1 3 3 3
-1644.0 8423.9 -19.5 39 1 11.0 11.1 14.0 3.5 2 1 4 0 0
-1633.3 8437.1 -19.4 35 0 5.8 12.0 10.5 3.5 2 1 3 4 4
-1620.0 8423.7 -18.8 215 0 6.2 12.1 7.5 0.0 0 1 3 1 1
-1640.3 8390.7 -18.6 199 0 9.3 12.9 5.0 2.5 2 1 2 0 0
-1653.3 8405.8 -19.3 41 1 10.3 10.6 14.0 3.5 2 1 4 0 0
-1608.4 8438.5 -19.0 214 0 7.2 11.7 5.0 2.5 2 1 2 3 3
-1586.9 8591.6 -21.8 306 0 10.9 9.5 10.5 3.5 2 0 3 3 3
-1568.3 8599.9 -22.7 123 0 6.1 11.6 5.0 2.5 2 1 2 4 4
-1549.6 8586.3 -22.6 126 0 10.6 10.5 5.0 2.5 2 0 2 2 2
-1572.9 8584.0 -21.9 306 1 12.0 10.7 14.0 3.5 2 0 4 5 5
-1554.9 8572.2 -21.9 306 1 10.3 11.1 14.0 3.5 2 1 4 5 5
-1528.4 8571.8 -22.7 125 0 10.2 10.3 7.5 2.5 2 1 3 1 1
-1539.9 8560.9 -21.9 307 0 10.5 9.6 10.5 3.5 2 0 3 1 1
-1524.1 8657.4 -24.5 297 0 9.3 10.0 7.5 2.5 2 1 3 2 2
-1490.8 8641.1 -24.7 296 0 8.4 8.9 5.0 2.5 4 1 2 3 3
-1504.0 8647.4 -24.6 295 0 9.6 10.9 5.0 2.5 2 1 2 3 3
-1320.7 8601.7 -27.4 112 0 13.4 14.6 5.0 2.5 2 1 2 0 0
-1306.0 8622.3 -28.0 26 0 12.3 12.5 5.0 0.0 0 1 2 4 4
-1296.3 8645.7 -28.9 22 0 13.7 13.6 7.5 2.5 2 0 3 3 3
-1282.4 8682.6 -30.3 20 0 12.8 16.4 5.0 2.5 2 1 2 5 5
-1272.4 8646.3 -29.4 194 0 17.6 14.3 7.5 2.5 2 0 3 0 0
-1331.9 8736.3 -29.7 279 1 16.7 15.0 14.0 3.5 2 0 4 2 2
-1344.5 8704.8 -29.0 280 0 13.5 13.9 5.0 0.0 0 1 2 0 0
-1389.7 8737.2 -29.2 100 1 14.3 14.5 14.0 3.5 2 1 4 2 2
-1418.2 8699.8 -27.5 183 0 12.6 10.8 5.0 2.5 2 0 2 2 2
-1390.2 8705.2 -28.1 280 0 13.2 12.8 5.0 2.5 2 0 2 2 2
-1367.7 8703.0 -28.4 283 0 13.1 12.2 5.0 2.5 2 0 2 2 2
-1357.5 8737.8 -29.7 195 1 14.2 10.4 14.0 3.5 2 0 4 5 5
-1262.4 8675.6 -30.4 199 0 16.8 14.3 5.0 2.5 2 0 2 3 3
-1390.0 8629.5 -26.8 107 0 12.5 11.4 5.0 2.5 4 0 2 1 1
-1358.6 8616.5 -27.4 112 0 12.0 13.6 2.5 2.5 2 1 1 2 2
-1373.0 8622.8 -27.2 106 0 12.8 12.3 5.0 2.5 4 0 2 0 0
-1510.1 8538.6 -21.9 305 1 10.3 11.1 14.0 3.5 2 1 4 1 1
-1488.7 8525.6 -22.3 295 0 9.9 4.2 10.5 0.0 0 0 3 0 0
-1525.2 8549.7 -21.9 308 1 10.5 10.4 14.0 3.5 2 0 4 0 0
-1511.6 8561.6 -22.7 116 0 8.9 8.2 5.0 2.5 2 0 2 0 0
-1544.0 8541.3 -21.4 306 0 5.0 13.4 10.5 3.5 2 0 3 5 5
-1135.9 8180.5 -16.9 297 0 13.1 12.7 5.0 2.5 2 0 2 5 5
-1114.5 8174.4 -16.7 288 0 11.8 13.9 5.0 2.5 2 1 2 2 2
-1095.1 8166.3 -16.5 289 0 12.0 13.0 7.5 2.5 2 1 3 1 1
-1093.3 8092.3 -15.5 107 0 13.3 16.8 5.0 2.5 2 1 2 2 2
-1068.3 8156.7 -16.4 286 0 12.1 10.2 5.0 2.5 4 0 2 3 3
-1051.3 8152.2 -16.4 287 0 12.0 14.0 5.0 2.5 2 1 2 2 2
-1032.7 8148.0 -16.5 290 0 14.7 16.7 5.0 2.5 2 1 2 4 4
-1042.5 8167.9 -17.4 110 0 13.0 14.1 5.0 2.5 2 1 2 0 0
-1061.6 8174.2 -17.5 112 0 14.9 14.2 5.0 2.5 2 0 2 3 3
-1039.2 8073.0 -14.6 113 0 14.6 15.5 5.0 2.5 2 1 2 1 1
-1016.1 8139.3 -16.4 287 0 10.8 12.2 5.0 2.5 2 1 2 2 2
-1055.0 8079.5 -14.7 109 0 12.5 11.3 5.0 2.5 2 0 2 3 3
-1073.5 8085.4 -15.2 104 0 18.9 18.6 7.5 2.5 2 0 3 2 2
-999.2 8132.5 -16.2 290 0 14.3 14.5 5.0 2.5 2 1 2 2 2
-1022.9 8163.1 -17.1 110 0 13.6 10.3 5.0 2.5 2 0 2 2 2
-1005.4 8156.2 -17.4 109 0 13.3 22.7 5.0 2.5 2 1 2 0 0
-986.0 8148.6 -17.1 107 0 12.5 17.9 5.0 2.5 2 1 2 0 0
-978.8 8111.9 -15.8 22 0 17.3 13.8 5.0 2.5 2 0 2 5 5
-1330.7 8348.8 -18.7 286 0 20.9 13.5 7.5 2.5 2 0 3 0 0
-1329.2 8245.1 -17.0 289 0 8.8 13.6 5.0 2.5 2 1 2 5 5
-1285.5 8102.4 -15.4 189 0 13.4 14.2 5.0 0.0 0 1 2 4 4
438.0 8206.4 -25.0 213 0 22.7 12.2 10.0 0.0 0 0 4 1 1
-551.0 8511.5 -29.0 105 0 10.1 10.7 5.0 2.5 2 1 2 2 2
-1364.2 8656.2 -27.8 104 0 7.5 8.5 2.5 2.5 2 1 1 2 2
-1324.4 8429.4 -20.8 289 0 8.4 17.4 2.5 2.5 2 1 1 5 5
-1056.5 8652.9 -32.3 12 0 12.5 11.4 2.5 2.5 4 0 1 2 2
-1376.0 8587.2 -25.8 285 0 11.9 12.9 10.0 2.5 2 1 4 5 5
-1277.6 8148.9 -15.5 100 0 14.6 11.8 5.0 2.5 2 0 2 4 4
-903.9 8614.8 -30.7 183 0 7.8 10.9 5.0 2.5 4 1 2 4 4
-1366.0 8018.4 -13.4 105 0 11.0 13.8 5.0 2.5 2 1 2 4 4
-1222.7 8362.7 -20.4 106 0 9.4 11.0 7.5 2.5 2 1 3 2 2
-1179.6 8676.0 -31.1 278 0 9.5 11.2 5.0 2.5 4 1 2 1 1
-1216.3 8469.7 -23.5 108 0 14.3 14.1 7.5 0.0 0 0 3 5 5
-1231.7 8415.6 -21.4 287 0 11.3 13.0 5.0 2.5 2 1 2 2 2
-1082.0 8673.6 -32.7 278 0 13.2 9.1 2.5 2.5 2 0 1 1 1
-815.3 8630.3 -31.9 279 0 6.6 14.8 7.5 2.5 2 1 3 4 4
-1370.9 8604.4 -26.4 285 0 18.6 12.2 5.0 2.5 2 0 2 3 3
-1022.5 8679.3 -33.0 95 0 11.0 9.1 7.5 2.5 2 0 3 0 0
-911.8 8649.0 -31.6 276 0 8.5 14.9 5.0 2.5 2 1 2 0 0
-1323.9 8182.5 -16.2 104 0 12.3 10.4 2.5 2.5 2 0 1 1 1
-1265.1 8169.4 -16.2 105 0 9.6 14.1 7.5 2.5 2 1 3 5 5
-1002.2 8644.4 -31.8 275 0 8.7 11.4 2.5 2.5 2 1 1 5 5
-1259.2 8063.3 -14.4 8 0 10.5 8.7 5.0 2.5 2 0 2 4 4
-1188.4 8537.8 -26.2 16 0 21.0 17.8 7.5 2.5 2 0 3 0 0
-915.3 8564.6 -29.6 19 0 10.7 10.0 7.5 2.5 2 0 3 0 0
-1344.2 8163.9 -15.6 100 0 21.6 13.7 15.0 0.0 0 0 6 4 4
-1197.1 8704.3 -32.2 102 0 9.1 12.8 5.0 2.5 2 1 2 5 5
-940.5 8687.8 -32.9 94 0 8.7 9.0 7.5 2.5 2 1 3 1 1
-677.2 8536.2 -29.3 18 0 12.8 8.4 5.0 2.5 2 0 2 1 1
-1217.2 8247.3 -17.9 108 0 7.9 12.4 7.5 2.5 2 1 3 5 5
-994.3 8687.1 -33.2 100 0 10.9 11.5 5.0 2.5 2 1 2 3 3
-784.7 8650.5 -32.7 94 0 11.9 11.5 5.0 2.5 2 0 2 0 0
458.9 8734.6 -15.4 112 0 8.7 24.4 4.0 2.5 2 1 1 0 0
355.7 8110.1 -22.8 115 0 18.4 7.4 5.0 2.5 2 0 2 4 4
432.9 8460.6 -19.8 281 0 10.6 13.7 7.5 2.5 2 1 3 4 4
-949.9 8723.3 -33.8 275 0 11.6 23.9 7.5 2.5 4 1 3 2 2
-1220.7 8712.1 -31.8 106 0 10.0 10.2 7.5 2.5 2 1 3 2 2
-1315.0 8052.7 -14.2 12 0 13.8 11.6 5.0 2.5 2 0 2 5 5
-1317.2 8240.1 -17.0 288 0 8.2 13.1 7.5 2.5 2 1 3 3 3
-1248.5 8036.4 -13.5 16 0 13.8 11.6 2.5 2.5 2 0 1 1 1
-1034.5 8607.4 -30.7 200 0 11.6 12.3 5.0 2.5 2 1 2 4 4
-1224.8 8134.4 -15.7 103 0 13.3 14.3 5.0 2.5 2 1 2 5 5
-1242.0 8597.2 -27.8 196 0 17.1 11.0 2.5 2.5 2 0 1 1 1
-1204.1 8242.2 -17.9 104 0 7.3 12.3 7.5 2.5 4 1 3 0 0
-1325.6 8083.6 -15.1 15 0 23.3 9.1 7.5 2.5 2 0 3 1 1
-1335.1 8145.3 -15.2 275 0 16.5 12.9 5.0 2.5 2 0 2 1 1
-979.9 8638.9 -31.5 279 0 11.2 11.4 2.5 2.5 2 1 1 3 3
-832.1 8642.3 -32.1 278 0 7.5 10.4 7.5 2.5 2 1 3 4 4
-922.5 8588.5 -30.2 19 0 12.6 13.2 2.5 2.5 2 1 1 5 5
-1300.0 8004.2 -13.0 106 0 12.6 11.7 10.0 2.5 2 0 4 2 2
-1302.0 8026.4 -13.3 192 0 16.6 11.4 5.0 2.5 2 0 2 4 4
-1401.3 8604.8 -25.9 285 0 12.2 11.9 7.5 2.5 2 0 3 2 2
-1297.5 8047.4 -13.9 193 0 15.5 13.0 2.5 2.5 2 0 1 2 2
-956.2 8634.2 -31.2 279 0 10.3 12.7 7.5 2.5 2 1 3 3 3
-1127.1 8733.6 -33.1 282 0 4.9 19.2 7.5 0.0 0 1 3 5 5
359.0 8469.3 -22.2 274 0 10.4 9.6 7.5 2.5 4 0 3 5 5
-1353.9 8639.1 -28.0 106 0 9.6 17.5 5.0 2.5 2 1 2 0 0
-932.2 8528.5 -28.7 22 0 25.9 19.9 12.5 0.0 0 0 5 3 3
-672.6 8474.6 -28.0 302 0 9.1 11.7 5.0 2.5 2 1 2 0 0
-1111.7 8692.2 -33.2 97 0 7.0 24.1 5.0 2.5 2 1 2 3 3
-790.0 8683.3 -33.2 276 0 8.5 14.1 5.0 2.5 2 1 2 3 3
-1352.3 8677.5 -28.5 274 0 20.3 11.2 5.0 2.5 4 0 2 4 4
-947.0 8606.8 -30.7 12 0 7.2 10.6 5.0 2.5 2 1 2 4 4
-1107.6 8673.7 -32.6 275 0 11.3 17.2 2.5 2.5 2 1 1 0 0
-763.5 8563.4 -30.5 14 0 10.8 10.8 2.5 2.5 2 0 1 1 1
-259.9 8234.0 -23.2 22 0 62.1 13.4 12.5 2.5 2 0 5 4 4
-307.1 8333.8 -23.7 110 0 34.1 13.4 10.0 2.5 4 0 4 2 2
-1202.4 8741.4 -32.0 282 0 11.5 12.4 5.0 2.5 2 1 2 5 5
-1246.5 8581.6 -27.1 195 0 10.0 9.4 2.5 2.5 2 0 1 1 1
426.4 8233.3 -24.7 119 0 24.2 9.7 5.0 2.5 2 0 2 2 2
-682.5 8513.6 -28.8 19 0 9.2 9.6 5.0 0.0 0 1 2 0 0
381.1 8467.1 -21.4 278 0 11.8 10.3 2.5 2.5 2 0 1 4 4
-850.0 8746.9 -34.6 4 0 35.5 13.2 7.5 2.5 2 0 3 0 0
424.5 8698.6 -16.8 121 0 9.5 26.4 7.5 2.5 2 1 3 5 5
-1095.4 8650.1 -31.6 284 0 12.2 10.3 5.0 2.5 2 0 2 1 1
-1271.7 8127.4 -15.5 287 0 13.4 15.9 7.5 2.5 2 1 3 5 5
-1366.3 8063.3 -14.6 190 0 13.1 12.3 2.5 2.5 2 0 1 3 3
-1261.6 8144.7 -15.5 105 0 12.1 9.6 7.5 2.5 2 0 3 3 3
-989.2 8508.0 -28.0 110 0 31.1 30.4 10.0 0.0 0 0 4 5 5
-854.9 8645.1 -31.9 273 0 8.8 6.8 2.5 2.5 2 0 1 4 4
-1319.4 8160.4 -15.6 105 0 11.7 14.1 5.0 2.5 2 1 2 4 4
-1074.9 8717.4 -33.5 282 0 5.1 10.3 5.0 2.5 2 1 2 0 0
-1321.1 8033.1 -13.6 13 0 15.0 11.6 5.0 2.5 2 0 2 1 1
-402.6 8210.9 -24.0 106 0 172.9 25.0 10.0 0.0 0 0 4 3 3
-665.4 8455.3 -27.6 292 0 12.8 21.1 7.5 2.5 2 1 3 4 4
-864.1 8688.1 -33.6 94 0 19.9 10.0 2.5 2.5 2 0 1 3 3
-589.8 8434.4 -26.6 288 0 5.6 11.4 7.5 2.5 2 1 3 4 4
-1009.6 8680.3 -33.0 94 0 7.9 8.4 7.5 2.5 2 1 3 3 3
-1155.9 8672.3 -31.4 272 0 10.1 13.6 7.5 2.5 2 1 3 3 3
-884.1 8646.6 -31.6 281 0 9.1 12.5 7.5 2.5 2 1 3 4 4
-1223.1 8440.9 -22.3 108 0 20.6 12.7 7.5 2.5 2 0 3 2 2
-1353.9 8188.6 -16.2 99 0 9.6 16.5 5.0 0.0 0 1 2 1 1
-1222.5 8162.9 -15.9 10 0 14.0 10.6 5.0 2.5 2 0 2 1 1
-1241.9 8053.0 -14.1 14 0 14.9 13.4 5.0 2.5 2 0 2 0 0
-627.5 8465.8 -27.8 196 0 11.9 13.4 5.0 2.5 2 1 2 1 1
-1289.8 8078.5 -15.2 190 0 23.3 15.8 7.5 2.5 4 0 3 4 4
-1356.8 8101.7 -15.1 192 0 15.1 12.4 7.5 2.5 2 0 3 1 1
-1184.8 8707.9 -32.4 102 0 7.9 13.7 7.5 2.5 2 1 3 4 4
-1299.2 8129.9 -15.3 10 0 12.0 11.3 10.0 2.5 2 0 4 5 5
-1241.3 8396.5 -20.8 284 0 9.0 11.4 5.0 2.5 2 1 2 0 0
-1245.2 8140.3 -15.6 99 0 14.3 12.6 2.5 2.5 2 0 1 4 4
-1328.2 8015.8 -13.2 17 0 15.2 10.3 5.0 2.5 2 0 2 3 3
-1476.0 8622.9 -24.6 277 0 12.5 7.6 5.0 2.5 2 0 2 4 4
-1834.3 8623.3 -22.8 109 0 13.0 9.8 10.5 3.5 2 0 3 5 5
-1490.3 8562.9 -23.2 102 0 15.4 5.3 5.0 2.5 2 0 2 5 5
-1745.2 8681.1 -22.4 187 0 28.0 10.1 14.0 3.5 2 0 4 4 4
-1449.9 8713.7 -26.6 278 0 10.5 13.9 2.5 2.5 2 1 1 2 2
-1485.3 8657.3 -25.5 103 0 10.0 11.0 5.0 2.5 2 1 2 2 2
-1507.4 8685.9 -25.4 194 0 13.9 10.9 2.5 2.5 2 0 1 1 1
-1627.3 8734.8 -24.9 245 0 13.5 8.7 10.5 3.5 2 0 3 2 2
-1597.0 8689.2 -24.1 60 0 5.8 9.9 10.5 3.5 2 0 3 5 5
-1643.9 8660.6 -22.8 58 0 9.4 12.0 10.5 3.5 4 1 3 2 2
-1467.3 8586.2 -23.9 12 0 6.1 21.4 7.5 2.5 2 0 3 4 4
-1544.6 8623.0 -23.4 214 0 11.1 5.0 7.5 2.5 2 0 3 0 0
-1486.9 8701.8 -25.8 194 0 8.1 8.6 2.5 2.5 2 1 1 1 1
-1503.4 8738.8 -27.4 66 1 10.1 10.2 14.0 3.5 2 0 4 1 1
-1655.7 8654.2 -22.6 61 0 16.2 12.0 14.0 3.5 2 0 4 0 0
-1466.5 8661.3 -25.8 103 0 14.4 4.9 5.0 2.5 4 0 2 4 4
-1535.6 8736.0 -26.4 243 0 8.5 10.8 10.5 3.5 4 0 3 1 1
-1635.4 8685.5 -23.7 62 0 9.2 16.2 10.5 0.0 0 1 3 2 2
-1473.7 8712.1 -26.0 282 0 9.8 4.2 7.5 2.5 2 0 3 0 0
-1647.5 8678.1 -23.3 66 0 6.2 14.6 10.5 3.5 2 1 3 5 5
-1832.1 8700.8 -21.6 284 0 13.1 22.1 14.0 3.5 2 0 4 1 1
-1558.0 8712.2 -24.8 61 1 14.3 11.0 14.0 3.5 2 0 4 2 2
-1761.7 8475.3 -21.0 14 0 5.0 9.0 10.5 3.5 2 1 3 1 1
-1897.9 8606.1 -23.9 106 0 12.8 6.2 10.5 3.5 2 0 3 2 2
-1786.3 8519.8 -21.7 192 1 16.8 11.0 14.0 3.5 2 0 4 0 0
-1643.8 8371.8 -18.2 214 0 9.5 10.6 2.5 2.5 2 1 1 5 5
-1721.4 8556.5 -21.6 12 0 5.2 16.9 10.5 3.5 2 1 3 1 1
-1528.5 8420.7 -18.5 299 0 4.2 23.7 5.0 2.5 2 0 2 1 1
-1471.3 8308.1 -17.3 33 0 21.7 13.3 7.5 2.5 2 0 3 4 4
-1713.9 8603.4 -22.4 249 0 9.6 10.7 10.5 3.5 2 1 3 0 0
-1643.4 8644.4 -22.4 237 1 18.2 10.9 14.0 3.5 2 0 4 0 0
-723.6 8259.1 -23.0 113 0 6.8 7.2 5.0 2.5 2 1 2 5 5
-1668.4 8330.2 -17.9 193 0 9.6 10.7 5.0 2.5 2 1 2 2 2
-1847.7 8547.5 -22.6 282 0 9.3 19.6 10.5 3.5 2 1 3 5 5
-1804.2 8571.3 -22.5 284 0 8.7 11.7 10.5 3.5 2 0 3 4 4
-1583.9 8515.0 -20.3 125 0 4.8 9.0 10.5 3.5 2 1 3 2 2
-1706.5 8514.1 -20.8 191 0 4.9 31.1 10.5 3.5 4 0 3 2 2
-903.5 8186.2 -18.6 287 0 12.1 7.6 7.5 2.5 2 0 3 0 0
-1839.9 8509.9 -22.3 14 0 16.7 14.5 10.5 3.5 2 0 3 5 5
-1741.4 8596.4 -22.4 266 0 13.3 9.8 10.5 3.5 2 0 3 4 4
-1831.1 8423.0 -21.7 11 0 4.8 8.7 10.5 0.0 0 0 3 2 2
-1839.7 8424.2 -21.9 10 0 4.5 14.5 10.5 3.5 2 0 3 5 5
-1627.1 8563.3 -20.8 215 0 10.8 5.2 10.5 3.5 2 0 3 1 1
-1892.8 8536.1 -23.0 184 0 17.7 11.9 10.5 0.0 0 0 3 3 3
-1587.3 8679.6 -23.9 237 1 10.9 10.8 14.0 3.5 2 0 4 4 4
-808.6 8173.7 -20.3 293 0 13.6 8.9 7.5 2.5 2 0 3 2 2
-1422.7 8148.9 -14.8 282 0 9.8 9.1 7.5 2.5 2 0 3 2 2
-1803.9 8386.9 -20.9 201 0 5.4 8.8 10.5 3.5 4 1 3 0 0
-1017.3 7706.0 -8.0 110 0 11.0 9.2 7.5 2.5 2 0 3 5 5
-1554.5 8382.4 -17.8 35 0 5.2 11.0 7.5 2.5 2 0 3 0 0
-1716.4 8335.7 -18.7 315 0 4.5 9.2 10.5 3.5 2 0 3 2 2
-1722.6 8341.9 -19.0 315 0 13.0 9.2 10.5 3.5 2 0 3 1 1
-902.2 8212.8 -19.5 294 0 13.3 14.4 7.5 2.5 2 1 3 5 5
-1771.3 8568.5 -22.1 197 0 6.2 8.1 10.5 3.5 2 0 3 2 2
-1653.0 8515.7 -20.4 280 0 9.9 5.8 10.5 3.5 2 0 3 1 1
-1018.2 8212.9 -18.5 289 0 4.7 7.0 7.5 2.5 2 1 3 2 2
-1637.3 8610.1 -21.8 55 0 12.0 6.9 10.5 3.5 2 0 3 0 0
-972.3 8183.1 -18.0 16 0 11.5 9.5 7.5 2.5 4 0 3 4 4
-1319.2 8128.0 -15.2 286 0 8.1 11.4 5.0 2.5 2 1 2 5 5
-1794.6 8483.8 -21.3 194 0 5.6 17.1 10.5 3.5 2 1 3 4 4
-1599.0 8571.4 -21.2 216 0 10.0 4.6 10.5 3.5 2 0 3 0 0
-851.4 8191.2 -19.8 293 0 15.4 11.7 5.0 2.5 2 0 2 5 5
-840.3 8308.5 -23.1 115 0 4.0 6.7 7.5 2.5 2 1 3 5 5
-903.3 8239.8 -20.6 111 0 32.5 14.1 10.0 2.5 2 0 4 5 5
-1509.8 8317.1 -17.1 223 0 21.4 8.7 5.0 2.5 2 0 2 3 3
-1771.9 8583.2 -22.3 193 0 8.2 12.8 10.5 3.5 2 0 3 5 5
-1632.3 8409.6 -18.8 216 0 9.5 10.3 7.5 2.5 2 1 3 2 2
-853.2 8161.0 -19.2 119 0 5.1 8.1 5.0 2.5 2 1 2 5 5
-747.2 8233.9 -22.1 292 0 6.9 7.5 7.5 2.5 2 1 3 5 5
-1769.2 8419.6 -21.1 15 0 6.1 16.1 10.5 3.5 2 0 3 4 4
-1810.3 8716.4 -22.1 277 0 10.0 20.7 10.5 3.5 2 1 3 4 4
-1574.5 8506.9 -20.3 125 0 4.9 9.0 10.5 3.5 2 0 3 1 1
-1713.6 8416.3 -20.1 191 0 6.6 5.7 10.5 3.5 2 0 3 3 3
-1200.7 8361.7 -20.5 106 0 6.7 6.4 5.0 2.5 2 0 2 1 1
-1796.9 8550.3 -22.2 12 0 12.0 7.5 10.5 3.5 2 0 3 2 2
-1641.4 8629.7 -22.0 234 0 4.3 11.2 10.5 3.5 2 1 3 2 2
-966.7 8227.7 -19.1 293 0 9.1 10.6 7.5 2.5 2 1 3 1 1
-1495.0 8340.6 -17.5 218 0 13.0 5.6 7.5 2.5 2 0 3 4 4
-1822.7 8575.6 -22.7 283 0 7.4 11.6 10.5 3.5 2 0 3 5 5
-1566.4 8437.8 -18.5 299 0 5.1 11.6 7.5 2.5 4 0 3 3 3
-1729.7 8544.4 -21.6 15 0 4.7 22.0 10.5 3.5 4 0 3 1 1
-1894.7 8498.1 -22.6 181 0 9.1 11.0 10.5 3.5 2 0 3 3 3
-881.4 8201.6 -19.4 295 0 10.2 9.2 5.0 2.5 2 0 2 1 1
-1689.0 8457.8 -19.9 191 0 8.0 8.0 10.5 3.5 2 0 3 5 5
-873.6 8322.3 -22.9 111 0 4.0 7.2 7.5 0.0 0 1 3 5 5
-1329.3 8650.5 -28.5 32 0 8.5 8.9 5.0 2.5 4 1 2 3 3
-1748.3 8388.0 -20.1 193 0 4.9 10.1 10.5 3.5 2 0 3 2 2
-1606.8 8404.5 -18.3 215 0 5.0 11.5 5.0 2.5 2 1 2 1 1
-1654.4 8441.7 -19.6 42 0 5.0 16.7 10.5 3.5 2 0 3 3 3
-1480.7 8247.6 -16.2 41 0 12.0 7.1 5.0 2.5 2 0 2 0 0
-1751.3 8404.5 -20.5 193 0 5.7 7.8 10.5 3.5 2 0 3 3 3
-1628.9 8653.5 -22.6 239 1 16.0 10.9 14.0 3.5 2 0 4 1 1
-1609.5 8327.9 -17.1 35 0 5.4 9.8 5.0 2.5 2 0 2 3 3
-1488.2 8231.4 -15.8 40 0 4.8 10.6 2.5 2.5 2 1 1 1 1
-813.7 8296.8 -23.1 114 0 6.7 6.5 7.5 2.5 2 0 3 1 1
-1792.1 8493.7 -21.4 194 0 7.1 9.8 10.5 0.0 0 1 3 1 1
-695.4 8248.9 -23.0 117 0 6.4 5.8 5.0 2.5 2 0 2 4 4
-1578.7 8561.8 -21.2 307 0 5.1 13.5 10.5 3.5 2 0 3 3 3
-1887.7 8564.9 -23.1 193 0 24.6 27.9 10.5 0.0 0 1 3 5 5
-1455.3 8369.0 -18.1 295 0 11.2 10.5 7.5 0.0 0 0 3 1 1
-1712.0 8331.4 -18.6 315 0 7.8 9.2 10.5 3.5 2 0 3 5 5
-1761.0 8534.0 -21.6 194 0 5.0 11.7 10.5 3.5 2 0 3 2 2
-1912.9 8590.3 -23.9 281 0 12.1 11.5 14.0 3.5 2 0 4 0 0
-832.2 8182.2 -20.0 292 0 11.3 16.8 7.5 2.5 2 1 3 2 2
-804.8 8193.0 -21.1 116 0 12.8 12.7 2.5 2.5 2 0 1 1 1
-1679.4 8616.0 -22.2 148 0 9.9 10.5 10.5 3.5 2 1 3 1 1
-1595.4 8674.5 -23.6 239 0 8.3 11.0 10.5 3.5 2 0 3 3 3
-1525.7 8524.4 -21.3 306 0 4.6 9.8 10.5 0.0 0 1 3 5 5
-1665.1 8630.8 -22.2 238 1 11.0 11.3 14.0 3.5 2 0 4 4 4
-1221.0 7817.9 -9.3 7 0 6.7 7.8 7.5 2.5 4 1 3 1 1
-1585.6 8663.4 -23.5 227 0 4.9 15.9 10.5 3.5 2 0 3 0 0
-830.4 8303.4 -23.2 115 0 6.0 9.8 7.5 2.5 2 1 3 1 1
-1853.9 8482.0 -22.2 103 0 14.4 22.2 10.5 3.5 2 0 3 0 0
-1713.1 8447.4 -20.2 190 0 5.8 11.3 10.5 3.5 2 1 3 3 3
-1450.2 8326.2 -17.6 24 0 10.7 6.5 7.5 2.5 2 0 3 1 1
-1869.6 8429.6 -22.0 179 0 5.0 8.4 10.5 3.5 4 0 3 3 3
-1651.3 8303.7 -17.3 105 0 9.6 8.6 2.5 2.5 2 0 1 5 5
-1427.4 8312.3 -17.6 31 0 10.4 11.2 7.5 2.5 4 1 3 3 3
-1794.5 8619.7 -22.4 19 0 12.3 23.1 14.0 3.5 4 0 4 0 0
-1149.2 8701.6 -32.6 102 0 9.8 10.9 5.0 2.5 4 1 2 5 5
-1586.8 8619.7 -22.8 49 0 8.2 7.7 10.5 3.5 2 0 3 4 4
-943.1 8501.3 -27.5 22 0 17.5 14.9 7.5 2.5 2 0 3 1 1
-1593.1 8624.6 -22.7 49 0 4.4 31.7 10.5 3.5 2 0 3 5 5
-697.8 8219.6 -22.7 293 0 3.2 8.3 2.5 2.5 2 1 1 0 0
-1686.1 8342.1 -18.6 16 1 11.0 10.3 14.0 3.5 2 0 4 4 4
-1623.3 8374.1 -18.0 217 0 6.6 15.2 5.0 0.0 0 0 2 0 0
-1035.8 8096.7 -15.4 108 0 4.9 15.2 7.5 2.5 2 1 3 3 3
-1641.5 8485.8 -19.8 312 0 5.1 10.3 10.5 3.5 2 1 3 3 3
-1681.8 8588.0 -22.1 331 0 40.8 12.0 14.0 0.0 0 0 4 0 0
-784.7 8285.1 -23.1 112 0 4.7 6.3 7.5 2.5 2 1 3 0 0
-1681.2 8365.4 -18.9 12 0 5.6 13.6 10.5 3.5 2 0 3 0 0
-1733.7 8473.8 -20.6 191 0 6.3 8.8 10.5 3.5 2 0 3 5 5
-1399.4 8646.2 -26.6 108 0 10.7 3.5 7.5 0.0 0 0 3 0 0
-1755.1 8516.7 -21.4 17 0 5.2 8.4 10.5 0.0 0 0 3 1 1
-1830.3 8577.4 -22.7 283 0 8.1 49.1 10.5 3.5 2 0 3 1 1
-1107.4 8575.6 -28.2 27 0 6.1 10.3 2.5 2.5 2 1 1 0 0
-1655.8 8636.5 -22.3 238 1 11.5 11.2 14.0 3.5 2 0 4 2 2
-1891.6 8471.9 -22.2 172 0 4.3 14.2 10.5 0.0 0 0 3 1 1
-1601.0 8530.4 -20.4 125 0 4.8 12.0 10.5 3.5 2 1 3 5 5
-1744.1 8429.5 -20.6 192 0 8.9 9.8 10.5 3.5 2 0 3 4 4
-1754.9 8490.8 -21.2 16 0 6.0 18.4 10.5 3.5 2 0 3 0 0
-826.8 8204.5 -21.0 111 0 12.7 14.5 5.0 2.5 2 1 2 0 0
-1813.7 8573.5 -22.6 283 0 10.9 11.7 10.5 3.5 2 0 3 0 0
-899.8 8302.7 -21.9 291 0 10.7 30.0 10.0 2.5 2 1 4 4 4
-1871.9 8452.6 -22.1 281 0 8.1 10.9 10.5 3.5 2 0 3 5 5
-1742.3 8361.6 -19.6 315 0 8.3 9.5 10.5 3.5 4 0 3 2 2
-797.7 8290.8 -23.1 117 0 6.8 6.0 5.0 2.5 2 0 2 5 5
-1674.0 8413.7 -19.7 43 0 5.2 12.8 10.5 3.5 4 1 3 0 0
-1795.5 8569.1 -22.4 284 0 9.4 11.7 10.5 3.5 2 0 3 1 1
-1414.9 8197.8 -15.8 107 0 16.7 6.5 5.0 2.5 4 0 2 1 1
-1701.8 8623.6 -22.3 58 1 10.2 11.1 14.0 3.5 2 0 4 3 3
-934.6 8398.4 -24.1 19 0 12.5 9.8 5.0 2.5 2 0 2 4 4
-1495.5 8492.8 -21.2 25 0 5.0 8.4 10.5 3.5 2 0 3 3 3
-1588.9 8426.6 -18.4 215 0 10.6 25.0 5.0 2.5 2 0 2 1 1
-1003.5 8214.8 -18.6 289 0 6.0 14.5 7.5 0.0 0 1 3 2 2
-1686.1 8612.0 -22.2 331 0 9.7 8.2 10.5 3.5 2 0 3 2 2
-820.3 8280.0 -22.5 288 0 9.0 12.1 2.5 2.5 2 1 1 3 3
-1653.5 8354.3 -18.1 211 0 9.8 11.5 2.5 2.5 2 1 1 1 1
-1527.2 8438.0 -18.9 300 0 5.7 12.9 7.5 0.0 0 1 3 1 1
-1141.4 8440.0 -22.8 22 0 7.4 16.7 7.5 2.5 2 1 3 0 0
-1630.2 8469.2 -19.5 42 0 9.5 5.0 10.5 3.5 2 0 3 4 4
-2053.4 8466.2 -26.4 192 0 9.5 8.3 10.5 3.5 2 0 3 5 5
-2000.3 8458.2 -24.6 14 0 4.6 11.1 10.5 3.5 2 1 3 2 2
-1346.6 8226.1 -16.6 291 0 7.9 13.9 7.5 2.5 2 1 3 5 5
-1373.6 8233.3 -16.5 285 0 10.8 10.6 7.5 2.5 4 0 3 4 4
-1374.3 8172.5 -15.7 109 0 23.2 11.1 7.5 2.5 4 0 3 0 0
-2053.5 8495.4 -26.8 195 0 21.0 12.2 14.0 3.5 2 0 4 0 0
-1304.7 8339.6 -18.7 290 0 17.8 11.3 5.0 2.5 2 0 2 0 0
-1375.7 8297.5 -17.6 112 0 12.6 6.5 5.0 2.5 2 0 2 0 0
-2022.9 8390.0 -25.2 15 0 14.2 9.4 10.5 3.5 2 0 3 4 4
-2004.7 8445.7 -25.2 10 0 6.3 23.7 10.5 3.5 2 1 3 2 2
-2063.8 8425.7 -26.1 192 0 9.5 18.0 10.5 3.5 2 1 3 0 0
-1997.7 8485.1 -25.1 11 0 7.9 16.0 10.5 3.5 2 1 3 4 4
-866.5 8678.5 -33.1 184 0 15.4 10.3 5.0 2.5 2 0 2 3 3
-1357.2 8337.5 -18.3 288 0 7.8 10.5 5.0 2.5 2 1 2 1 1
-1994.3 8499.0 -24.8 14 0 13.9 6.2 10.5 3.5 2 0 3 0 0
-1159.8 8117.3 -15.9 110 0 11.5 14.7 7.5 2.5 2 1 3 1 1
-1553.4 8294.1 -16.4 225 0 12.8 19.1 10.0 2.5 2 1 4 0 0
-1176.2 8125.5 -15.9 113 0 10.8 13.2 7.5 2.5 4 1 3 1 1
-652.5 8544.5 -29.2 197 0 9.9 11.8 5.0 2.5 2 1 2 3 3
-1537.6 8077.5 -14.2 281 0 14.2 16.1 2.5 2.5 2 1 1 3 3
-1504.4 8015.1 -13.6 185 0 7.7 11.5 5.0 2.5 2 1 2 1 1
-1529.8 8014.0 -14.0 184 0 13.0 14.6 5.0 2.5 2 1 2 2 2
-1528.2 7990.1 -14.0 181 0 13.2 13.5 5.0 2.5 2 1 2 5 5
-1554.9 7962.2 -14.4 183 0 13.5 15.7 5.0 2.5 2 1 2 2 2
-1588.6 7986.6 -15.1 15 1 10.8 13.3 14.0 3.5 2 1 4 1 1
-1631.4 7893.7 -15.9 9 0 10.7 18.6 5.0 2.5 2 1 2 5 5
-1657.3 7929.2 -16.0 103 1 15.5 11.8 14.0 3.5 2 0 4 3 3
-1647.6 7953.3 -15.8 191 1 11.4 10.9 14.0 3.5 2 0 4 5 5
-1653.2 7865.0 -16.6 4 0 7.3 19.5 5.0 2.5 2 1 2 5 5
-1668.3 7837.5 -17.2 4 0 11.7 13.1 2.5 2.5 2 1 1 0 0
-1676.5 7811.5 -17.7 90 0 11.2 13.0 5.0 2.5 2 1 2 3 3
-1968.1 8679.4 -27.4 310 1 11.8 11.6 14.0 3.5 2 0 4 1 1
-1749.0 7874.5 -17.8 343 0 14.8 12.9 5.0 2.5 2 0 2 0 0
-1761.9 7896.1 -17.8 342 0 14.8 17.2 7.5 2.5 2 1 3 1 1
-1804.3 7868.9 -18.6 160 0 16.6 15.6 7.5 2.5 2 0 3 0 0
-1961.1 8667.1 -26.8 306 0 9.4 5.1 10.5 3.5 4 0 3 2 2
-1783.4 7842.5 -19.0 176 0 15.8 12.6 5.0 2.5 2 0 2 2 2
-1932.1 8649.5 -25.9 320 1 15.8 12.1 14.0 3.5 2 0 4 0 0
-1778.0 7809.9 -19.6 90 0 13.6 15.2 5.0 2.5 2 1 2 4 4
-1982.2 8692.7 -28.0 309 0 7.5 12.5 10.5 3.5 2 1 3 2 2
-1818.8 7925.5 -17.8 254 0 12.2 16.3 5.0 2.5 2 1 2 0 0
-1836.1 7885.4 -18.9 1 0 13.3 15.9 2.5 2.5 2 1 1 2 2
-1975.7 8686.8 -27.7 307 0 6.7 10.4 10.5 3.5 2 1 3 0 0
-1850.1 7910.4 -18.7 2 0 11.5 15.4 5.0 2.5 2 1 2 0 0
-1977.5 8714.6 -28.1 128 0 8.5 6.8 10.5 3.5 2 0 3 4 4
-1953.6 8686.1 -26.6 127 0 8.4 13.3 10.5 3.5 2 1 3 1 1
-1881.7 7841.4 -20.4 264 0 14.9 14.8 5.0 2.5 2 0 2 1 1
-1883.6 7877.8 -19.4 87 0 10.7 15.7 2.5 2.5 2 1 1 3 3
-1908.9 7840.4 -20.5 268 0 17.0 12.3 2.5 2.5 2 0 1 4 4
-1959.3 8691.9 -26.9 128 0 5.7 12.2 10.5 3.5 2 1 3 2 2
-2048.1 8740.5 -31.4 220 1 13.5 14.0 14.0 3.5 2 1 4 4 4
-1958.6 7953.9 -21.1 176 0 14.8 17.3 5.0 2.5 2 1 2 1 1
-2074.9 8740.0 -32.2 217 0 16.3 7.2 10.5 3.5 2 0 3 5 5
-1960.6 7975.0 -21.3 174 0 18.0 15.2 7.5 2.5 2 0 3 3 3
-1946.5 7989.3 -20.7 170 0 8.8 11.5 7.5 2.5 2 1 3 1 1
-1996.1 8723.1 -29.1 130 1 10.0 12.3 14.0 3.5 2 1 4 5 5
-1947.3 8596.6 -25.1 13 0 7.2 12.2 10.5 3.5 4 1 3 5 5
-1951.1 8585.6 -25.0 15 1 13.7 11.9 14.0 3.5 2 0 4 2 2
-1967.1 8042.7 -21.3 172 0 11.2 12.3 5.0 2.5 2 1 2 4 4
-1951.2 8029.4 -20.6 176 0 8.5 12.1 5.0 2.5 2 1 2 2 2
-1965.4 8514.4 -24.1 15 0 7.4 10.8 10.5 3.5 2 1 3 2 2
-1915.1 8033.5 -19.5 263 0 18.3 11.4 5.0 0.0 0 0 2 0 0
-1874.5 7992.1 -18.5 354 0 11.4 14.2 2.5 2.5 2 1 1 2 2
-1918.0 8523.7 -23.2 4 0 4.6 19.2 10.5 3.5 4 0 3 3 3
-1867.2 8014.9 -18.3 351 0 15.3 15.2 5.0 0.0 0 0 2 5 5
-1904.1 8562.7 -23.4 4 1 12.1 11.0 14.0 3.5 2 0 4 2 2
-1881.6 8037.2 -18.6 262 0 14.0 10.2 5.0 2.5 2 0 2 2 2
-1904.9 8552.8 -23.2 4 0 7.8 11.0 10.5 3.5 2 0 3 5 5
-1877.6 8054.5 -19.0 95 0 12.1 11.6 5.0 2.5 2 0 2 0 0
-1867.4 8072.4 -19.1 9 0 12.1 13.0 2.5 2.5 2 1 1 0 0
-2056.5 8739.0 -31.8 128 0 8.6 13.1 10.5 3.5 2 1 3 1 1
-1782.6 7954.4 -16.0 85 0 11.5 18.1 14.0 0.0 0 1 4 5 5
-1746.7 7949.8 -16.3 98 1 15.4 12.2 14.0 3.5 2 0 4 1 1
-1954.6 8569.1 -24.8 12 1 16.1 11.4 14.0 3.5 2 0 4 2 2
-1929.9 8318.4 -22.4 282 0 13.2 8.4 5.0 2.5 4 0 2 1 1
-1845.4 8061.5 -18.0 187 1 10.1 11.4 14.0 3.5 2 1 4 3 3
-1958.3 8554.0 -24.6 10 1 13.7 11.8 14.0 3.5 2 0 4 3 3
-1847.4 8080.3 -18.3 184 0 19.9 13.4 14.0 3.5 2 0 4 5 5
-1945.7 8461.9 -22.8 277 1 10.3 10.2 14.0 3.5 2 0 4 3 3
-1774.8 8062.5 -16.4 12 1 12.2 13.7 14.0 3.5 2 1 4 0 0
-1819.1 8112.0 -18.2 274 0 9.5 13.5 10.5 3.5 2 1 3 0 0
-1905.4 8369.2 -22.1 273 0 9.7 12.7 10.5 3.5 2 1 3 4 4
-1882.0 8137.4 -20.6 5 0 11.2 12.2 5.0 2.5 2 1 2 3 3
-1904.2 8330.7 -21.6 90 1 11.6 11.5 14.0 0.0 0 0 4 5 5
-1840.1 8110.9 -18.6 183 0 8.2 13.6 10.5 3.5 4 1 3 2 2
-1888.7 8229.3 -21.4 2 0 12.8 10.0 2.5 2.5 2 0 1 1 1
-1897.1 8249.5 -21.7 10 0 9.1 11.9 2.5 2.5 2 1 1 0 0
-1897.0 8269.5 -21.7 9 0 9.9 9.8 2.5 2.5 2 0 1 2 2
-1859.4 8184.6 -20.1 188 0 10.0 13.3 10.5 3.5 4 1 3 1 1
-1883.6 8164.2 -20.9 3 0 11.7 11.1 2.5 2.5 2 0 1 1 1
-1823.0 8185.3 -19.5 8 0 7.7 12.4 10.5 3.5 2 1 3 3 3
-1809.9 8195.5 -19.1 11 0 17.0 8.9 10.5 3.5 2 0 3 2 2
-1884.7 8179.0 -21.1 359 0 12.5 11.6 5.0 2.5 2 0 2 2 2
-1852.1 8125.0 -19.2 186 1 10.1 12.6 14.0 3.5 2 1 4 3 3
-1845.8 8239.9 -19.9 185 1 10.1 13.6 14.0 3.5 2 1 4 3 3
-1928.7 8216.2 -22.1 189 0 10.0 13.5 7.5 2.5 2 1 3 3 3
-1920.8 8162.9 -21.6 182 0 15.2 8.9 5.0 0.0 0 0 2 5 5
-1924.3 8236.6 -22.1 191 0 8.9 11.1 5.0 2.5 2 0 2 3 3
-1923.1 8293.5 -22.3 280 0 10.6 6.6 2.5 2.5 2 0 1 4 4
-2007.3 8701.8 -29.4 310 1 17.3 13.0 14.0 3.5 2 0 4 5 5
-1896.9 8385.5 -22.5 84 0 9.1 9.6 10.5 3.5 2 1 3 2 2
-2020.2 8724.8 -30.6 307 0 21.1 13.5 14.0 3.5 2 0 4 1 1
-2091.9 8336.3 -27.4 189 1 12.3 12.2 14.0 3.5 4 0 4 5 5
-1906.7 8496.9 -22.8 359 1 16.6 13.1 14.0 3.5 2 0 4 1 1
-2091.2 8263.0 -27.5 193 0 12.1 13.8 5.0 2.5 2 1 2 3 3
-1906.0 8536.5 -23.2 4 0 4.7 11.2 10.5 3.5 4 0 3 3 3
-2063.9 8287.9 -26.7 193 0 12.4 14.0 5.0 2.5 2 1 2 4 4
-1926.0 8354.4 -22.2 270 0 11.0 6.1 10.5 3.5 4 0 3 3 3
-2149.9 8283.0 -29.1 284 1 12.1 17.2 14.0 3.5 2 1 4 4 4
-2167.1 8293.9 -29.7 280 0 12.1 8.7 10.5 3.5 2 0 3 4 4
-1978.2 8327.2 -23.9 282 0 14.1 8.3 2.5 0.0 0 0 1 3 3
-2181.3 8202.1 -29.2 230 0 18.0 14.3 7.5 2.5 4 0 3 4 4
-2035.7 8304.0 -25.4 190 0 9.3 12.9 5.0 2.5 2 1 2 4 4
-2140.2 8217.6 -28.0 196 0 11.9 9.5 5.0 2.5 2 0 2 1 1
-2054.4 8217.9 -26.2 15 0 18.4 13.4 5.0 2.5 4 0 2 3 3
-1540.1 8187.2 -14.8 189 0 8.9 17.0 2.5 2.5 4 1 1 0 0
-2286.2 8179.4 -32.6 97 0 21.2 18.0 10.0 0.0 0 0 4 4 4
-1540.2 8195.3 -15.0 97 0 11.4 10.4 2.5 0.0 0 0 1 5 5
-1445.9 8033.5 -13.7 275 0 15.8 14.6 5.0 2.5 2 0 2 3 3
-1416.1 8008.9 -13.2 273 0 14.6 12.5 5.0 2.5 2 0 2 4 4
-1392.9 7969.3 -12.6 182 0 9.4 17.7 2.5 2.5 2 1 1 4 4
-1355.9 7947.2 -12.2 6 0 13.1 11.2 5.0 2.5 2 0 2 5 5
-2103.1 8195.6 -26.9 107 0 11.0 25.7 10.0 2.5 2 1 4 5 5
-1968.6 8437.4 -23.2 195 1 14.6 10.4 14.0 3.5 2 0 4 1 1
-2009.2 8619.4 -27.4 194 0 16.9 13.1 14.0 3.5 2 0 4 5 5
-2042.7 8556.4 -27.2 190 0 8.3 12.7 10.5 3.5 2 1 3 0 0
-1957.0 8626.0 -26.2 17 0 4.4 15.8 10.5 3.5 2 0 3 1 1
-2038.2 8581.3 -27.5 193 0 8.7 17.0 10.5 3.5 4 1 3 2 2
-1971.0 8488.3 -23.9 12 0 21.4 10.7 14.0 3.5 2 0 4 0 0
-1968.9 8505.5 -24.0 10 0 8.9 9.7 10.5 3.5 2 1 3 1 1
-1898.2 8438.4 -22.4 356 0 15.4 5.7 10.5 3.5 2 0 3 0 0
-1853.3 8629.9 -23.1 109 0 4.7 11.2 10.5 3.5 2 0 3 2 2
-1973.9 8375.1 -23.4 108 0 6.9 14.7 10.5 0.0 0 1 3 4 4
-1924.3 8458.8 -22.6 279 1 13.2 10.5 14.0 3.5 2 0 4 3 3
-1981.8 8440.0 -23.8 12 0 7.2 10.3 10.5 3.5 2 1 3 1 1
-1881.2 8403.3 -22.3 173 0 11.9 9.2 10.5 3.5 4 0 3 0 0
-1912.5 8471.3 -22.6 93 0 12.0 17.4 14.0 3.5 2 0 4 0 0
-1990.8 8518.8 -25.0 16 0 7.5 9.2 10.5 3.5 2 1 3 2 2
-1943.7 8553.8 -23.8 192 1 17.9 10.8 14.0 3.5 2 0 4 2 2
-1944.0 8506.1 -23.1 187 0 5.7 21.6 10.5 3.5 2 0 3 1 1
-1974.5 8472.2 -23.8 12 0 9.2 10.1 10.5 3.5 2 1 3 2 2
-1683.0 8635.3 -22.5 58 0 10.0 10.6 10.5 3.5 2 0 3 3 3
-1706.5 8325.9 -18.4 315 0 7.8 9.2 10.5 3.5 4 0 3 1 1
-1649.9 8336.4 -17.7 224 0 3.6 10.1 5.0 0.0 0 0 2 4 4
-1749.6 8615.0 -22.4 84 0 3.6 19.6 10.5 3.5 2 0 3 3 3
-1743.4 8609.9 -22.5 83 0 8.1 6.7 10.5 3.5 4 0 3 1 1
-1800.9 8529.5 -22.0 11 0 8.4 8.6 10.5 3.5 2 0 3 1 1
-1798.8 8538.7 -22.1 14 0 10.8 8.6 10.5 3.5 2 0 3 1 1
-1611.4 8680.4 -23.7 59 0 14.8 5.5 10.5 3.5 4 0 3 0 0
-1692.3 8629.5 -22.4 58 1 10.4 10.5 14.0 3.5 2 0 4 5 5
-1718.5 8615.7 -22.4 69 0 7.8 11.2 10.5 3.5 2 0 3 1 1
-1710.6 8618.9 -22.3 67 0 8.4 11.5 10.5 3.5 2 0 3 0 0
-1779.7 8548.6 -22.0 193 0 12.9 5.9 10.5 3.5 2 0 3 5 5
-1777.0 8559.3 -22.0 195 0 9.2 10.6 10.5 3.5 2 0 3 5 5
-1819.2 8394.7 -21.3 199 0 8.8 5.9 10.5 3.5 2 0 3 1 1
-1823.4 8415.1 -21.7 11 0 8.4 5.7 10.5 0.0 0 0 3 3 3
-1825.1 8406.4 -21.7 11 0 9.3 5.8 10.5 3.5 2 0 3 5 5
-1827.0 8396.8 -21.6 11 0 10.6 8.5 10.5 3.5 2 0 3 0 0
-1819.2 8489.8 -21.8 13 0 4.9 14.1 10.5 0.0 0 0 3 5 5
-1642.9 8329.1 -17.4 223 0 4.2 10.1 5.0 2.5 2 0 2 3 3
-1720.3 8360.8 -19.4 101 1 10.6 10.2 14.0 3.5 2 0 4 2 2
-1673.7 8641.1 -22.5 58 1 10.7 10.7 14.0 0.0 0 0 4 0 0
-1720.7 8287.6 -18.3 12 0 6.4 25.8 10.5 3.5 2 0 3 5 5
-1845.9 8393.9 -21.9 99 0 7.0 11.9 10.5 3.5 2 0 3 0 0
-1330.0 8563.6 -25.7 20 0 12.4 10.8 5.0 2.5 2 0 2 5 5
-1408.3 8404.3 -19.9 113 0 14.2 24.3 7.5 0.0 0 1 3 4 4
-1420.9 8664.6 -26.8 189 0 17.2 11.1 2.5 2.5 2 0 1 0 0
-1324.7 8697.3 -29.4 286 0 9.0 10.0 5.0 0.0 0 1 2 3 3
-1327.2 8587.6 -26.3 291 0 11.6 12.2 5.0 2.5 2 1 2 4 4
-1537.9 8676.9 -24.6 39 0 8.9 5.9 10.5 3.5 2 0 3 1 1
-1810.8 8479.8 -21.6 10 0 10.7 11.4 10.5 3.5 2 0 3 0 0
-1375.4 8682.6 -27.8 278 0 11.1 12.7 7.5 2.5 2 1 3 1 1
-1433.5 8543.6 -23.9 195 0 12.9 10.0 5.0 2.5 2 0 2 2 2
-1543.0 8144.9 -14.3 279 0 9.7 14.2 2.5 2.5 2 1 1 1 1
-1555.9 8698.2 -24.8 241 1 12.9 11.9 14.0 3.5 2 0 4 0 0
-1548.6 8232.1 -15.5 100 0 6.1 10.0 7.5 2.5 2 1 3 1 1
-1419.4 8513.7 -22.8 198 0 10.7 14.4 5.0 2.5 2 1 2 0 0
-1420.7 8619.3 -25.6 284 0 9.1 11.9 5.0 2.5 2 1 2 0 0
-1629.0 8196.0 -15.0 103 0 14.2 8.7 2.5 2.5 2 0 1 4 4
-1308.1 8467.5 -22.3 104 0 10.6 7.5 7.5 0.0 0 0 3 3 3
-546.4 8605.4 -29.9 275 0 11.2 12.0 5.0 2.5 2 1 2 1 1
-1283.4 8608.1 -27.8 195 0 12.1 10.0 10.0 2.5 4 0 4 1 1
-333.6 8555.3 -28.2 278 0 3.8 14.8 7.5 0.0 0 1 3 3 3
-339.7 8557.0 -28.4 276 0 3.8 16.0 7.5 2.5 2 1 3 5 5
-1149.2 8529.2 -26.2 15 0 15.1 12.1 5.0 2.5 2 0 2 1 1
-518.1 8648.2 -30.7 97 0 8.3 15.0 5.0 2.5 2 1 2 5 5
-728.4 8688.4 -32.9 277 0 7.8 9.2 5.0 2.5 2 1 2 4 4
-569.0 8562.2 -29.5 99 0 15.4 6.8 7.5 2.5 4 0 3 5 5
-657.5 8609.3 -30.7 13 0 9.2 7.1 5.0 2.5 2 0 2 2 2
-723.3 8693.7 -33.0 187 0 10.4 21.3 10.0 0.0 0 1 4 3 3
-789.6 8498.3 -28.7 23 0 21.8 8.0 2.5 2.5 2 0 1 3 3
-1291.4 8589.1 -27.2 200 0 22.2 12.8 10.0 0.0 0 0 4 5 5
-533.2 8603.5 -30.0 275 0 12.1 11.2 7.5 2.5 2 0 3 2 2
-1310.5 8504.0 -23.6 196 0 14.3 9.6 7.5 2.5 2 0 3 3 3
201.8 8685.2 -25.9 186 0 16.0 10.0 2.5 2.5 2 0 1 5 5
289.4 8568.7 -23.1 100 0 10.9 10.4 7.5 2.5 4 0 3 5 5
-859.0 8224.9 -21.5 113 0 13.7 35.1 12.5 0.0 0 1 5 0 0
303.2 8159.2 -23.5 206 0 50.4 51.4 10.0 0.0 0 1 4 2 2
-729.3 8140.3 -21.2 291 0 11.7 12.3 5.0 2.5 2 1 2 0 0
439.6 8092.5 -22.7 111 0 17.0 49.3 12.5 2.5 2 1 5 1 1
-923.1 8216.7 -19.3 292 0 10.6 15.5 2.5 2.5 2 1 1 0 0
383.6 8099.6 -22.6 20 0 8.8 14.2 7.5 2.5 2 1 3 5 5
-760.9 8250.5 -22.3 290 0 21.2 13.1 10.0 2.5 2 0 4 0 0
-853.5 8294.3 -22.4 291 0 42.4 16.5 7.5 0.0 0 0 3 4 4
-800.5 7960.0 -14.6 291 0 19.7 14.4 10.0 2.5 2 0 4 1 1
-934.1 8132.7 -17.3 115 0 18.8 21.4 7.5 0.0 0 1 3 4 4
-754.6 8270.9 -23.1 108 0 4.7 7.5 5.0 2.5 2 1 2 1 1
-1093.0 8351.3 -21.2 284 0 19.7 15.9 7.5 2.5 2 0 3 0 0
-1018.5 8249.0 -19.1 286 0 9.5 8.7 7.5 2.5 2 0 3 3 3
-1288.3 8359.7 -19.7 104 0 11.5 13.6 7.5 0.0 0 1 3 3 3
-1035.9 8253.6 -19.1 289 0 13.5 14.4 5.0 2.5 2 1 2 5 5
-1128.1 8421.4 -22.6 15 0 12.4 12.5 7.5 2.5 2 1 3 3 3
-1106.3 8304.9 -20.1 103 0 12.6 11.5 7.5 2.5 2 0 3 4 4
-1250.3 8347.9 -19.7 105 0 11.1 11.3 2.5 2.5 2 1 1 5 5
-1020.6 8065.4 -14.3 110 0 15.1 15.5 5.0 2.5 2 1 2 2 2
-1307.0 8363.6 -19.6 105 0 11.9 13.1 5.0 2.5 2 1 2 4 4
-1172.7 8166.8 -16.3 196 0 13.5 7.7 5.0 0.0 0 0 2 4 4
-1196.1 8140.5 -15.8 196 0 11.8 11.0 5.0 2.5 2 0 2 2 2
-1152.6 8185.1 -16.9 292 0 10.8 12.5 7.5 2.5 2 1 3 5 5
-1045.3 8200.9 -18.3 108 0 5.6 11.8 5.0 0.0 0 1 2 1 1
-1139.3 8107.1 -16.0 107 0 20.9 19.4 7.5 2.5 4 0 3 3 3
-1370.4 8153.3 -15.0 282 0 10.9 13.8 5.0 2.5 2 1 2 1 1
-1363.0 8083.2 -15.0 195 0 13.2 15.4 5.0 2.5 2 1 2 2 2
-1390.2 8158.5 -15.0 282 0 10.8 13.4 2.5 2.5 2 1 1 0 0
-1185.5 8264.4 -18.3 16 0 5.7 8.8 7.5 2.5 2 1 3 4 4
-1312.4 8284.1 -17.9 109 0 7.2 11.5 2.5 2.5 2 1 1 3 3
-1557.1 8034.5 -14.4 98 0 18.4 19.8 7.5 2.5 2 1 3 1 1
-1205.2 8205.1 -17.2 284 0 15.7 15.2 2.5 2.5 4 0 1 5 5
-1257.4 8225.1 -17.1 285 0 12.6 13.2 7.5 2.5 4 1 3 1 1
-1447.0 8172.3 -14.9 284 0 15.1 15.6 5.0 2.5 2 1 2 3 3
-1234.7 8232.7 -17.6 105 0 13.1 12.5 7.5 2.5 2 0 3 4 4
-1357.7 8270.7 -17.5 107 0 18.1 14.6 12.5 2.5 2 0 5 0 0
-1229.2 8316.9 -18.8 284 0 12.7 14.6 5.0 2.5 2 1 2 1 1
-1236.2 8074.3 -15.1 15 0 9.9 12.4 7.5 2.5 2 1 3 3 3
-1400.5 8315.7 -17.8 194 0 15.2 13.6 5.0 2.5 2 0 2 1 1
-1323.0 8296.8 -18.0 108 0 3.8 10.2 2.5 2.5 2 1 1 5 5
-1301.2 8313.9 -18.3 285 0 7.7 16.1 7.5 2.5 2 1 3 4 4
-1351.6 8442.2 -20.8 194 0 7.2 10.9 7.5 2.5 2 1 3 4 4
-1216.6 8225.9 -17.6 106 0 12.3 13.7 5.0 2.5 2 1 2 0 0
-1391.2 8258.0 -16.8 290 0 14.9 15.7 7.5 2.5 2 1 3 5 5
-1394.0 8057.2 -14.7 45 0 12.3 16.1 7.5 2.5 2 1 3 3 3
-1310.0 8071.5 -14.9 10 0 13.9 13.4 7.5 2.5 2 0 3 3 3
-1362.1 8410.3 -20.1 197 0 15.4 15.0 10.0 2.5 2 0 4 2 2
-1151.9 8247.8 -18.2 200 0 6.8 8.2 7.5 2.5 2 1 3 5 5
-1356.6 8427.4 -20.6 196 0 13.4 11.2 7.5 2.5 2 0 3 5 5
-1783.5 7861.9 -18.5 159 0 9.3 8.7 5.0 2.5 2 0 2 3 3
-1607.8 7942.6 -15.4 10 0 15.5 15.1 14.0 3.5 2 0 4 3 3
-1615.7 7658.3 -18.6 358 0 15.9 12.3 7.5 2.5 2 0 3 1 1
-1627.8 7676.0 -18.9 0 0 14.7 11.9 2.5 2.5 2 0 1 0 0
-1688.2 7675.2 -20.1 177 0 12.2 11.8 2.5 2.5 2 0 1 2 2
-2013.4 8061.4 -23.2 262 0 19.9 16.3 7.5 0.0 0 0 3 5 5
-1882.4 8194.8 -21.0 2 0 14.0 9.7 5.0 2.5 2 0 2 3 3
-1901.4 8198.6 -21.5 2 0 16.7 7.6 7.5 2.5 2 0 3 1 1
-1913.4 8073.4 -20.3 98 0 11.3 12.8 5.0 2.5 2 1 2 2 2
-1938.4 8268.7 -22.6 190 0 5.1 18.5 5.0 2.5 4 0 2 0 0
-1953.1 7920.5 -20.9 175 0 19.1 12.1 2.5 2.5 2 0 1 0 0
-1700.2 7919.6 -16.7 283 0 6.0 10.0 7.5 0.0 0 1 3 0 0
-1918.2 8058.3 -20.3 100 0 15.6 13.3 7.5 2.5 2 0 3 2 2
-1744.9 7698.7 -21.5 160 0 24.4 10.3 5.0 2.5 2 0 2 4 4
-1828.4 8168.6 -19.5 10 0 9.6 9.9 10.5 0.0 0 1 3 2 2
-1828.5 8052.3 -17.2 191 0 6.0 20.4 10.5 3.5 2 1 3 0 0
-1732.8 7736.4 -20.7 177 0 12.0 6.4 7.5 2.5 4 0 3 1 1
-1678.8 7731.5 -19.8 268 0 15.2 15.6 5.0 2.5 2 1 2 2 2
-1940.0 7896.8 -20.4 175 0 8.5 12.5 2.5 2.5 2 1 1 1 1
-1851.4 8284.6 -19.9 191 0 6.0 25.4 10.5 3.5 4 0 3 4 4
-1825.0 8074.3 -17.5 186 0 7.6 15.5 10.5 3.5 2 1 3 0 0
-1670.3 7614.1 -19.9 76 0 13.3 11.9 2.5 2.5 2 0 1 0 0
-1854.7 8171.7 -19.9 192 0 11.2 9.1 10.5 3.5 4 0 3 1 1
-1714.5 7621.5 -20.9 155 0 16.7 10.3 5.0 2.5 2 0 2 4 4
-1832.6 7967.0 -16.9 175 0 8.5 16.6 10.5 3.5 2 1 3 0 0
-1855.0 8200.8 -20.1 192 0 11.5 12.4 14.0 0.0 0 1 4 2 2
-1659.3 7741.1 -19.1 269 0 13.7 13.7 5.0 2.5 2 0 2 1 1
-1773.7 7764.9 -20.7 156 0 20.0 11.3 7.5 0.0 0 0 3 4 4
-1315.6 8738.3 -30.2 239 0 9.6 16.0 10.5 3.5 2 1 3 1 1
-1228.1 8108.9 -15.6 14 0 16.3 16.3 7.5 2.5 2 1 3 5 5
-1257.0 7997.4 -12.7 15 0 12.4 12.1 2.5 2.5 2 0 1 0 0
-1223.8 8212.1 -17.1 285 0 10.5 13.9 5.0 2.5 2 1 2 1 1
-603.8 8630.2 -30.8 97 0 9.4 12.1 5.0 2.5 2 1 2 2 2
-630.6 8615.2 -30.4 274 0 4.8 8.9 7.5 2.5 2 1 3 0 0
-647.0 8647.4 -31.5 184 0 10.9 16.7 10.0 2.5 2 1 4 4 4
-618.0 8632.0 -31.0 96 0 13.9 11.8 5.0 2.5 2 0 2 4 4
-759.2 8633.3 -32.3 282 0 16.2 12.6 7.5 2.5 2 0 3 0 0
2072.9 7963.7 -25.5 98 0 27.4 13.7 10.0 2.5 2 0 4 4 4
-1825.3 8479.7 -21.7 12 0 4.4 12.8 10.5 3.5 2 0 3 3 3
5425.8 -7457.9 -19.4 173 0 10.2 10.0 5.0 2.5 2 0 2 0 0
5456.2 -7434.3 -19.7 355 0 7.3 16.5 7.5 2.5 2 1 3 0 0
5471.2 -7440.6 -19.6 263 0 9.6 16.4 7.5 2.5 2 1 3 2 2
-3586.2 -8306.2 -43.3 0 0 65.8 67.0 7.5 0.0 0 1 3 0 0
2020.5 7977.0 -25.6 187 0 13.1 15.6 3.5 2.5 2 1 1 2 2
1500.5 7752.3 -27.9 193 0 12.4 8.0 7.5 2.5 2 0 3 0 0
1541.4 7656.3 -30.5 18 0 8.8 11.5 5.0 2.5 4 0 2 2 2
2266.8 7685.1 -29.4 278 0 23.7 11.6 7.5 2.5 2 0 3 2 2
2260.2 7644.1 -28.9 89 0 15.0 13.0 5.0 2.5 2 0 2 3 3
2086.2 7824.6 -27.3 74 0 7.2 7.6 2.5 2.5 2 1 1 4 4
1779.6 7818.9 -25.4 188 0 13.1 10.0 5.0 2.5 4 0 2 1 1
1797.5 7816.3 -25.3 8 0 13.1 8.1 5.0 2.5 2 0 2 2 2
1500.6 7853.6 -28.1 196 0 15.0 8.2 7.5 2.5 2 0 3 3 3
1838.7 7808.2 -24.9 282 0 13.0 24.9 12.5 0.0 0 1 5 5 5
2416.6 7832.7 -27.5 280 0 20.3 9.3 8.0 2.5 2 0 2 2 2
2507.3 7782.5 -26.8 97 0 3.8 9.4 5.0 2.5 2 1 2 1 1
2543.5 7752.7 -24.9 286 0 19.7 32.2 12.5 0.0 0 1 5 5 5
2196.6 7667.1 -29.0 8 0 12.1 6.3 2.5 2.5 2 0 1 5 5
2250.0 7535.3 -23.4 6 0 17.2 23.8 5.0 2.5 2 1 2 0 0
1497.0 7910.2 -26.9 16 0 14.3 22.4 7.5 2.5 2 1 3 2 2
1171.9 7882.3 -27.6 193 0 25.4 44.0 10.0 0.0 0 1 4 3 3
1168.3 6068.0 -20.0 328 0 20.5 8.6 7.5 2.5 2 0 3 5 5
972.3 6238.7 -18.0 282 0 13.2 12.5 5.0 2.5 2 0 2 4 4
1345.1 5652.0 -16.6 165 0 12.6 11.2 7.5 2.5 2 0 3 0 0
1188.5 6102.4 -20.6 212 0 3.7 5.5 5.0 2.5 2 1 2 4 4
955.7 7859.7 -25.4 99 0 15.3 12.5 5.0 2.5 2 0 2 1 1
905.3 7874.9 -25.6 189 0 10.6 14.7 5.0 2.5 2 1 2 0 0
1003.8 7851.5 -25.4 99 0 15.1 11.1 2.5 2.5 2 0 1 4 4
1047.6 7843.7 -26.4 98 0 14.3 11.3 5.0 2.5 2 0 2 3 3
1100.5 7834.6 -27.4 98 0 25.3 12.2 7.5 2.5 2 0 3 3 3
1133.5 7828.2 -28.0 100 0 26.2 14.0 7.5 2.5 2 0 3 4 4
2210.2 7773.4 -28.4 11 0 10.3 13.7 4.0 2.5 2 1 1 0 0
1997.3 7995.8 -25.5 360 0 10.6 14.2 5.0 2.5 2 1 2 2 2
2150.0 7526.2 -25.6 279 0 102.8 8.3 7.5 0.0 0 0 3 1 1
1345.9 7811.1 -28.0 198 0 35.3 7.4 7.5 2.5 2 0 3 1 1
1296.7 7870.1 -26.6 9 0 10.2 22.8 8.0 2.5 2 1 2 5 5
1254.8 7875.9 -26.7 270 0 3.2 3.7 4.0 2.5 4 1 1 3 3
1238.8 7856.6 -27.6 295 0 17.9 19.0 10.0 2.5 2 1 4 0 0
1229.8 7959.0 -25.4 92 0 7.6 20.1 8.0 2.5 4 0 2 5 5
1245.6 7981.6 -25.0 5 0 11.8 15.6 8.0 2.5 2 0 2 0 0
1246.9 8013.5 -24.4 274 0 10.1 8.3 4.0 2.5 2 0 1 5 5
1232.4 8013.3 -24.5 281 0 3.3 6.3 8.0 2.5 2 1 2 1 1
1230.8 7916.3 -26.4 189 0 20.8 36.3 10.0 0.0 0 1 4 1 1
1291.0 7825.0 -27.6 11 0 21.3 4.8 8.0 2.5 2 0 2 5 5
1448.7 7923.4 -26.6 187 0 10.2 18.6 8.0 2.5 2 1 2 5 5
1375.2 7594.0 -32.1 18 0 13.4 20.2 15.0 0.0 0 1 6 1 1
1372.1 7613.7 -31.8 20 0 11.8 11.4 5.0 2.5 2 0 2 5 5
1321.8 7606.9 -31.5 201 0 16.2 11.6 2.5 0.0 0 0 1 1 1
1325.4 7653.9 -30.7 199 0 11.6 14.5 5.0 2.5 2 1 2 4 4
1268.8 7769.2 -28.9 292 0 14.6 12.6 5.0 2.5 2 0 2 4 4
1297.4 7751.7 -29.5 292 0 8.1 38.8 7.5 2.5 2 1 3 5 5
1264.1 7721.6 -29.5 109 0 8.2 10.4 5.0 2.5 2 1 2 4 4
1225.0 7688.6 -29.6 161 0 11.9 9.5 5.0 2.5 2 0 2 5 5
1230.7 7664.3 -29.6 162 0 11.3 10.0 5.0 2.5 2 0 2 4 4
1275.5 7678.2 -29.9 275 0 12.3 21.0 7.5 2.5 4 1 3 2 2
1298.7 7673.3 -30.1 291 0 17.3 9.7 2.5 2.5 2 0 1 3 3
1301.4 7632.5 -30.7 23 0 17.6 10.0 5.0 2.5 2 0 2 1 1
1399.8 7577.6 -32.5 199 0 12.8 9.3 5.0 2.5 2 0 2 2 2
1393.5 7604.7 -32.3 201 0 11.2 12.8 5.0 2.5 4 1 2 2 2
1392.8 7626.3 -31.9 200 0 14.4 13.5 2.5 2.5 2 0 1 2 2
1393.4 7555.8 -32.3 213 0 16.8 12.2 5.0 2.5 4 0 2 4 4
1308.0 7523.4 -30.9 123 0 13.1 11.6 5.0 2.5 4 0 2 3 3
1268.9 7564.8 -30.9 136 0 7.8 11.8 5.0 2.5 2 1 2 0 0
1220.0 7618.3 -30.0 27 0 11.8 12.1 5.0 2.5 4 1 2 5 5
1206.0 7652.0 -29.7 296 0 6.3 27.6 5.0 2.5 2 1 2 5 5
1198.7 7680.5 -29.3 25 0 13.0 10.3 5.0 2.5 2 0 2 3 3
1172.2 7663.9 -29.1 209 0 10.3 6.7 5.0 2.5 2 0 2 1 1
1167.0 7686.3 -28.8 296 0 5.2 22.6 2.5 2.5 2 1 1 1 1
1137.0 7671.3 -28.6 208 0 11.8 11.7 5.0 2.5 2 0 2 4 4
1131.0 7691.5 -28.3 99 0 10.3 24.0 5.0 2.5 2 1 2 4 4
1113.5 7720.5 -27.9 276 0 9.3 11.7 2.5 2.5 2 1 1 0 0
1118.8 7738.7 -27.6 102 0 6.5 20.7 5.0 2.5 4 1 2 1 1
1063.2 7765.9 -26.5 101 0 6.9 13.5 5.0 2.5 2 1 2 4 4
1079.6 7787.1 -26.8 282 0 6.5 5.0 5.0 2.5 4 0 2 5 5
1042.7 7764.6 -26.2 100 0 6.2 17.5 5.0 2.5 2 1 2 3 3
1022.4 7763.4 -25.7 103 0 7.5 28.0 5.0 2.5 2 1 2 0 0
1451.9 7761.6 -28.5 22 0 35.6 14.2 7.5 2.5 2 0 3 0 0
1419.1 7746.4 -28.8 293 0 34.7 12.5 10.0 2.5 2 0 4 1 1
1469.2 7817.1 -28.4 17 0 53.2 11.5 10.0 2.5 2 0 4 2 2
1431.9 7786.7 -28.6 20 0 7.1 5.3 8.0 2.5 2 0 2 4 4
2129.8 7981.0 -24.8 8 0 11.5 13.2 5.0 2.5 2 1 2 0 0
1160.6 7731.3 -28.3 102 0 9.7 22.0 5.0 2.5 2 1 2 3 3
1203.7 7749.1 -28.9 22 0 12.9 10.2 5.0 2.5 2 0 2 0 0
1206.1 7794.1 -28.8 286 0 10.0 9.9 7.5 2.5 4 0 3 3 3
1188.4 7798.5 -28.8 282 0 16.0 10.4 5.0 0.0 0 0 2 2 2
1145.6 7808.5 -28.0 281 0 9.9 10.7 5.0 2.5 2 0 2 1 1
1090.4 7813.9 -27.0 279 0 10.5 14.4 5.0 2.5 2 1 2 2 2
1051.6 7806.0 -26.3 283 0 5.6 8.9 5.0 2.5 2 1 2 1 1
1037.2 7816.8 -26.0 285 0 6.4 17.2 7.5 2.5 2 1 3 0 0
985.0 7803.1 -25.1 104 0 5.7 11.8 5.0 2.5 4 1 2 2 2
968.5 7818.1 -24.8 104 0 10.7 10.7 2.5 0.0 0 0 1 4 4
929.1 7848.2 -24.8 284 0 10.3 8.6 5.0 2.5 2 0 2 2 2
896.0 7827.8 -24.9 104 0 5.7 11.7 5.0 2.5 2 1 2 2 2
859.6 7832.3 -24.7 102 0 7.6 13.7 5.0 2.5 2 1 2 0 0
826.4 7976.1 -25.1 7 0 9.4 21.6 5.0 2.5 2 0 2 0 0
1372.3 7714.2 -29.4 291 0 9.7 13.7 7.5 2.5 2 1 3 1 1
1394.3 7707.9 -29.4 290 0 6.7 8.3 2.5 2.5 2 1 1 5 5
1422.0 7652.4 -30.9 103 0 10.5 8.9 5.0 2.5 2 0 2 3 3
1438.5 7650.4 -31.0 105 0 9.6 8.4 7.5 2.5 2 0 3 2 2
1428.5 7641.2 -31.3 105 0 4.9 11.5 5.0 2.5 2 1 2 3 3
1475.6 7677.7 -30.2 283 0 11.1 11.1 2.5 2.5 4 0 1 2 2
1507.8 7671.3 -30.4 282 0 11.9 12.2 5.0 2.5 2 1 2 3 3
1527.1 7621.9 -31.8 16 0 11.6 10.8 5.0 2.5 2 0 2 5 5
1135.6 7810.4 -27.8 281 0 10.5 10.7 5.0 2.5 2 0 2 1 1
949.8 7809.4 -24.9 104 0 6.7 3.4 2.5 2.5 2 0 1 0 0
832.9 7979.6 -25.3 7 0 16.4 6.0 2.5 2.5 4 0 1 4 4
780.2 7955.3 -24.5 100 0 14.5 11.8 2.5 0.0 0 0 1 3 3
1290.7 7760.1 -29.0 292 0 12.7 13.1 5.0 2.5 2 0 2 0 0
1337.5 7734.5 -29.1 22 0 11.5 15.6 5.0 2.5 2 0 2 2 2
1359.4 7726.1 -29.2 20 0 10.8 8.1 5.0 2.5 2 0 2 2 2
1182.8 7663.8 -29.2 299 0 5.1 10.3 2.5 0.0 0 0 1 3 3
1255.7 7579.5 -30.7 165 0 8.9 11.6 5.0 0.0 0 1 2 3 3
1471.5 7741.9 -28.1 191 0 15.2 9.1 5.0 2.5 2 0 2 4 4
1465.0 7743.2 -28.2 191 0 15.2 6.6 5.0 0.0 0 0 2 5 5
1489.5 7758.5 -28.0 283 0 4.9 24.3 5.0 2.5 2 1 2 1 1
1542.5 7729.5 -28.6 285 0 6.8 24.1 5.0 2.5 2 0 2 3 3
1552.8 7713.4 -28.7 14 0 14.3 10.6 5.0 2.5 4 0 2 2 2
1544.7 7699.2 -29.0 14 0 9.5 11.4 2.5 2.5 2 0 1 4 4
1498.0 7696.0 -29.1 110 0 12.7 11.5 5.0 2.5 2 0 2 4 4
1478.1 7783.5 -28.1 199 0 10.7 10.9 2.5 2.5 2 1 1 2 2
1498.3 7773.1 -27.9 106 0 8.0 10.3 5.0 2.5 2 0 2 2 2
1507.9 7770.4 -27.9 106 0 11.8 10.3 7.5 2.5 2 0 3 0 0
1519.3 7767.6 -27.8 106 0 11.6 9.9 5.0 2.5 2 0 2 5 5
1538.9 7757.9 -27.5 102 0 8.1 11.1 5.0 0.0 0 0 2 3 3
1547.3 7756.1 -27.5 102 0 9.0 11.1 5.0 2.5 4 0 2 4 4
1557.4 7764.7 -27.4 108 0 4.5 10.9 5.0 2.5 4 1 2 3 3
1581.8 7782.3 -27.3 16 0 15.3 10.5 2.5 2.5 2 0 1 2 2
1589.2 7853.7 -27.3 287 0 9.9 10.2 2.5 2.5 2 0 1 5 5
1579.2 7856.8 -27.4 287 0 11.1 11.2 5.0 2.5 2 0 2 0 0
1568.7 7860.1 -27.5 287 0 11.0 13.1 5.0 2.5 2 0 2 4 4
1558.7 7863.3 -27.6 287 0 10.0 14.2 2.5 0.0 0 0 1 5 5
1548.6 7866.4 -27.7 287 0 11.1 14.2 5.0 2.5 4 0 2 0 0
1535.6 7867.3 -27.8 286 0 8.9 11.2 2.5 2.5 2 1 1 5 5
1510.8 7837.5 -27.9 197 0 9.0 5.2 5.0 2.5 2 0 2 1 1
1485.9 7807.1 -28.1 193 0 13.0 12.0 5.0 2.5 2 0 2 5 5
1586.4 7758.5 -27.1 196 0 15.2 11.2 2.5 0.0 0 0 1 4 4
1615.1 7781.2 -26.9 196 0 25.7 6.5 5.0 2.5 2 0 2 0 0
1636.2 7746.4 -26.8 95 0 12.8 9.7 5.0 2.5 2 0 2 1 1
1653.8 7760.5 -26.4 102 0 6.5 16.1 5.0 2.5 2 1 2 0 0
1677.4 7745.2 -26.7 97 0 11.8 12.3 2.5 2.5 2 1 1 2 2
1703.8 7742.0 -26.7 102 0 5.7 18.9 5.0 2.5 2 1 2 3 3
1747.4 7745.8 -26.6 12 0 12.0 7.8 2.5 0.0 0 0 1 1 1
1760.9 7783.8 -25.6 10 0 8.0 13.6 5.0 2.5 2 1 2 4 4
1763.0 7799.7 -25.6 10 0 12.4 11.1 2.5 2.5 2 0 1 3 3
1764.7 7822.0 -25.5 103 0 6.6 6.6 7.5 2.5 2 1 3 0 0
1730.9 7823.3 -26.0 13 0 16.1 11.8 2.5 2.5 2 0 1 1 1
1710.2 7840.6 -26.1 280 0 9.6 10.4 5.0 2.5 2 1 2 3 3
1697.5 7796.9 -26.2 280 0 12.6 13.5 5.0 2.5 2 1 2 3 3
1667.4 7825.5 -26.5 281 0 10.4 16.8 2.5 2.5 2 1 1 5 5
1648.6 7848.4 -26.7 287 0 12.9 13.1 5.0 2.5 2 1 2 0 0
1634.1 7838.6 -26.9 288 0 10.9 15.7 5.0 2.5 2 1 2 2 2
1626.7 7853.8 -26.9 280 0 11.7 10.8 2.5 2.5 2 0 1 3 3
1605.5 7810.8 -27.0 199 0 15.4 13.4 5.0 0.0 0 0 2 3 3
1724.7 7652.4 -29.9 92 0 11.2 11.4 2.5 2.5 2 1 1 5 5
1700.0 7656.5 -29.8 94 0 7.0 17.0 5.0 2.5 4 1 2 4 4
1737.1 7719.5 -27.8 274 0 10.9 10.0 2.5 2.5 2 0 1 3 3
1716.8 7722.7 -27.7 275 0 10.3 10.0 5.0 2.5 2 0 2 0 0
1696.9 7725.0 -27.7 274 0 11.4 9.8 2.5 2.5 2 0 1 0 0
1676.5 7727.8 -27.7 277 0 10.6 10.5 5.0 2.5 2 0 2 1 1
1656.5 7733.7 -27.9 274 0 10.3 18.2 5.0 2.5 2 1 2 5 5
1634.6 7729.7 -27.8 275 0 11.8 10.5 5.0 2.5 2 0 2 0 0
1601.8 7700.1 -28.8 195 0 8.6 8.8 5.0 2.5 2 1 2 3 3
1582.6 7727.6 -27.8 192 0 11.5 13.7 2.5 2.5 2 0 1 3 3
1580.1 7725.1 -27.8 102 0 3.9 5.8 2.5 2.5 2 0 1 1 1
1573.6 7670.2 -29.8 101 0 12.7 11.3 2.5 2.5 2 0 1 3 3
1596.8 7666.2 -29.8 102 0 11.7 10.7 5.0 2.5 2 0 2 2 2
1620.8 7662.6 -29.8 96 0 12.2 10.6 5.0 2.5 2 0 2 0 0
1644.0 7660.2 -29.9 96 0 13.7 12.5 2.5 2.5 2 0 1 2 2
1657.3 7675.3 -29.3 99 0 5.7 14.3 5.0 2.5 2 1 2 2 2
1683.3 7657.1 -29.8 97 0 13.5 10.6 5.0 2.5 2 0 2 4 4
1752.1 7648.6 -29.9 93 0 12.6 12.3 2.5 0.0 0 0 1 3 3
921.7 7385.2 -26.7 23 0 12.8 8.3 5.0 2.5 4 0 2 1 1
912.6 7412.9 -26.8 297 0 10.5 11.4 5.0 0.0 0 1 2 5 5
875.0 7438.2 -25.7 113 0 12.6 12.6 2.5 2.5 4 1 1 5 5
876.9 7410.0 -25.7 27 0 12.4 9.6 2.5 2.5 2 0 1 3 3
1577.8 7549.5 -31.8 121 0 16.9 17.5 7.5 2.5 2 1 3 0 0
1280.5 7764.2 -29.0 292 0 9.2 13.1 2.5 2.5 2 0 1 2 2
2562.5 7746.8 -21.9 194 0 9.0 8.2 5.0 2.5 2 0 2 3 3
2725.2 8202.3 -18.3 185 0 5.0 15.2 7.5 0.0 0 0 3 0 0
2726.7 8217.7 -18.8 186 0 25.0 10.1 10.0 2.5 2 0 4 4 4
4964.0 -935.4 -31.6 355 0 16.1 10.8 5.0 2.5 2 0 2 1 1
1621.2 7642.6 -31.0 275 0 12.0 11.3 5.0 2.5 2 0 2 3 3
-1576.9 8362.5 -17.3 36 0 5.6 11.6 5.0 2.5 2 0 2 1 1
-1748.0 8367.1 -19.8 313 0 7.5 7.9 10.5 0.0 0 0 3 5 5
-1621.5 8388.9 -18.2 212 0 3.3 4.9 2.5 2.5 2 1 1 1 1
-1736.3 8335.2 -19.2 11 0 5.6 10.6 10.5 3.5 2 0 3 2 2
-1727.5 8316.3 -19.1 10 0 4.9 34.9 10.5 3.5 2 1 3 4 4
-1726.4 8398.6 -20.0 193 0 4.6 11.0 10.5 3.5 2 0 3 0 0
-1722.1 8294.6 -18.4 12 0 6.7 21.5 10.5 3.5 2 0 3 4 4
-1746.7 8337.3 -19.4 11 0 5.6 15.1 10.5 3.5 2 0 3 3 3
-1639.8 8332.4 -17.4 224 0 4.8 13.0 5.0 2.5 2 0 2 0 0
-1606.6 8331.9 -17.2 35 0 4.5 12.7 5.0 2.5 4 0 2 2 2
-1580.8 8357.1 -17.3 36 0 7.6 14.0 2.5 2.5 2 0 1 3 3
-1728.5 8375.2 -19.6 191 0 4.6 10.2 10.5 3.5 2 0 3 3 3
-1770.6 8318.3 -19.2 282 0 6.9 16.8 10.5 3.5 2 0 3 1 1
-1762.7 8366.4 -20.1 297 0 9.9 8.6 10.5 3.5 2 0 3 0 0
-1652.9 8314.9 -17.3 191 0 4.9 11.1 2.5 2.5 2 0 1 1 1
-1743.7 8402.6 -20.3 193 0 5.4 17.7 10.5 0.0 0 0 3 0 0
-1704.1 8363.4 -19.0 115 0 8.7 6.1 10.5 0.0 0 0 3 5 5
-1893.7 8486.4 -22.4 172 0 5.3 10.7 10.5 3.5 2 0 3 3 3
-1864.2 8451.2 -22.0 281 0 7.5 10.9 10.5 3.5 4 0 3 2 2
-1726.2 8420.0 -20.4 194 0 4.0 19.0 10.5 3.5 2 1 3 2 2
-1728.1 8439.6 -20.4 194 0 5.4 7.9 10.5 3.5 2 0 3 5 5
-1871.7 8498.0 -22.3 199 0 9.5 5.1 10.5 3.5 2 0 3 1 1
-1551.6 8386.5 -17.9 35 0 4.9 11.0 7.5 2.5 2 0 3 0 0
-1732.6 8479.6 -20.6 191 0 5.4 8.7 10.5 0.0 0 0 3 1 1
-1893.0 8481.2 -22.3 172 0 5.1 10.6 10.5 3.5 4 0 3 0 0
-1831.4 8444.2 -21.6 280 0 8.7 9.1 10.5 3.5 2 1 3 2 2
-1865.0 8516.9 -22.5 196 0 12.5 4.3 10.5 3.5 2 0 3 3 3
-1783.9 8398.4 -20.9 305 0 7.6 9.2 10.5 3.5 2 1 3 0 0
-1894.2 8516.3 -22.7 184 0 6.8 9.7 10.5 3.5 2 0 3 2 2
-1690.2 8504.6 -20.5 191 0 7.2 13.4 10.5 3.5 4 0 3 5 5
-1892.3 8476.3 -22.3 172 0 4.8 10.5 10.5 3.5 4 0 3 3 3
-1844.4 8405.7 -21.9 102 0 4.6 7.4 10.5 3.5 2 0 3 3 3
-1815.9 8404.3 -21.5 199 0 11.6 5.8 10.5 3.5 4 0 3 4 4
-1746.4 8443.6 -20.6 192 0 5.5 18.8 10.5 3.5 2 0 3 1 1
-1883.6 8422.9 -22.2 174 0 8.6 10.2 10.5 3.5 2 0 3 5 5
-1651.1 8445.4 -19.6 42 0 5.0 17.3 10.5 3.5 2 0 3 2 2
-1630.1 8462.6 -19.4 42 0 19.1 4.5 10.5 3.5 4 0 3 1 1
-1814.3 8390.8 -21.1 198 0 4.9 10.6 10.5 3.5 2 0 3 0 0
-1894.5 8507.7 -22.7 181 0 10.1 10.8 10.5 3.5 2 0 3 0 0
-1742.5 8436.8 -20.6 192 0 6.1 10.5 10.5 3.5 2 0 3 3 3
-1819.3 8434.9 -21.6 13 0 15.6 7.4 10.5 3.5 2 0 3 2 2
-1841.0 8480.6 -21.9 102 0 5.6 11.4 10.5 3.5 2 0 3 2 2
-1527.2 8408.2 -18.5 29 0 15.9 5.2 7.5 2.5 2 0 3 1 1
-1731.1 8486.7 -20.7 192 0 9.0 10.6 10.5 3.5 2 0 3 1 1
-1868.9 8506.7 -22.4 196 0 9.9 5.2 10.5 3.5 4 0 3 2 2
-1894.5 8491.3 -22.5 172 0 4.7 10.9 10.5 0.0 0 0 3 3 3
-1872.4 8526.6 -22.6 187 0 5.2 14.2 10.5 3.5 2 0 3 3 3
-1857.2 8431.7 -22.0 275 0 7.4 7.2 10.5 3.5 2 0 3 3 3
-1711.8 8463.9 -20.2 191 0 4.9 11.2 10.5 3.5 2 0 3 4 4
-1899.1 8450.9 -22.4 356 0 9.1 9.4 10.5 3.5 2 0 3 5 5
-1884.3 8429.9 -22.2 174 0 5.1 14.6 10.5 3.5 2 0 3 1 1
-1726.1 8466.8 -20.4 192 0 4.6 14.6 10.5 3.5 2 0 3 5 5
-1893.7 8523.3 -22.8 184 0 6.7 9.8 10.5 3.5 2 0 3 3 3
-1884.2 8521.6 -22.7 186 0 3.9 14.4 10.5 3.5 2 0 3 2 2
-1883.6 8492.6 -22.3 174 0 4.1 15.2 10.5 3.5 4 0 3 5 5
-1867.0 8465.3 -22.0 101 0 6.1 11.0 10.5 0.0 0 0 3 4 4
-1490.4 8521.8 -22.1 295 0 9.9 4.2 10.5 3.5 2 0 3 3 3
-1493.9 8449.7 -19.7 25 0 10.0 9.6 10.5 3.5 2 0 3 0 0
-1512.3 8600.4 -23.5 125 0 7.0 6.0 7.5 0.0 0 0 3 4 4
-1706.7 8581.8 -22.0 241 0 4.3 10.7 10.5 0.0 0 1 3 4 4
-1752.2 8583.0 -22.1 282 0 12.7 6.5 10.5 3.5 2 0 3 1 1
-1807.7 8538.6 -22.2 15 0 7.0 8.6 10.5 3.5 4 1 3 0 0
-1476.5 8486.1 -21.3 25 0 8.9 8.4 10.5 3.5 2 0 3 5 5
-1534.0 8495.1 -20.8 125 0 5.1 11.1 10.5 3.5 2 1 3 5 5
-1484.1 8556.6 -23.0 101 0 11.2 4.9 5.0 2.5 2 0 2 4 4
-1471.3 8591.7 -23.9 12 0 5.0 12.3 5.0 2.5 2 0 2 4 4
-1622.8 8560.3 -20.8 215 0 10.8 5.1 10.5 3.5 4 0 3 1 1
-1746.2 8514.0 -21.3 17 0 5.3 9.3 10.5 3.5 2 0 3 2 2
-1676.6 8587.2 -21.8 331 0 23.2 4.2 10.5 3.5 2 0 3 5 5
-1802.5 8521.4 -22.0 11 0 8.1 8.6 10.5 3.5 2 0 3 5 5
-1539.7 8538.2 -21.4 306 0 5.5 9.8 10.5 3.5 2 0 3 5 5
-1763.6 8566.2 -22.0 196 0 6.1 20.7 10.5 3.5 2 0 3 5 5
-1817.5 8500.1 -21.9 13 0 4.1 10.6 10.5 3.5 2 0 3 5 5
-1452.2 8579.9 -24.1 12 0 10.3 9.5 5.0 2.5 2 0 2 2 2
-1812.4 8516.3 -22.1 12 0 5.7 21.3 10.5 3.5 2 0 3 0 0
-1497.5 8488.3 -21.0 25 0 4.9 8.4 10.5 3.5 2 0 3 1 1
-1697.6 8545.7 -21.2 14 0 4.6 12.0 10.5 3.5 4 1 3 3 3
-1737.7 8542.0 -21.6 15 0 4.0 13.3 10.5 3.5 2 0 3 1 1
-1760.1 8486.6 -21.1 13 0 5.3 10.9 10.5 3.5 2 0 3 3 3
-1523.4 8463.2 -19.9 115 0 11.8 5.1 10.5 3.5 2 0 3 2 2
-1783.9 8530.7 -21.8 193 0 5.2 13.1 10.5 3.5 2 0 3 0 0
-1804.2 8513.0 -21.9 11 0 9.0 8.7 10.5 3.5 2 0 3 5 5
-1736.3 8527.8 -21.4 14 0 5.3 13.7 10.5 3.5 2 0 3 3 3
-1483.3 8594.2 -23.8 12 0 5.0 8.1 7.5 2.5 2 0 3 2 2
-1740.6 8517.7 -21.4 17 0 5.1 22.1 10.5 3.5 2 0 3 4 4
-1465.8 8507.8 -22.1 24 1 10.5 11.3 14.0 3.5 4 0 4 5 5
-1574.7 8558.9 -21.2 307 0 4.8 13.5 10.5 3.5 2 0 3 0 0
-1834.7 8496.4 -22.0 14 0 10.8 5.5 10.5 3.5 2 0 3 3 3
-1827.8 8529.6 -22.4 13 0 6.1 9.0 10.5 3.5 2 0 3 1 1
-1615.4 8661.8 -23.1 238 1 16.0 10.6 14.0 3.5 2 0 4 5 5
-1726.1 8613.4 -22.5 77 0 7.9 5.8 10.5 3.5 2 0 3 3 3
-1713.9 8657.8 -22.2 78 0 8.0 6.2 10.5 3.5 2 0 3 5 5
-1734.6 8611.5 -22.5 77 0 9.4 5.6 10.5 3.5 2 0 3 4 4
-1615.1 8598.3 -21.6 54 0 9.9 6.6 10.5 3.5 2 0 3 0 0
-1573.3 8657.7 -23.6 47 0 5.4 8.9 10.5 0.0 0 0 3 0 0
-1730.9 8597.9 -22.4 257 0 9.4 10.3 10.5 0.0 0 0 3 1 1
-1615.8 8618.5 -22.1 50 0 5.6 21.2 10.5 3.5 2 0 3 5 5
-1704.5 8658.5 -22.2 68 0 10.0 8.4 10.5 3.5 2 0 3 1 1
-1603.1 8653.9 -23.0 232 0 4.9 18.2 10.5 3.5 2 0 3 3 3
-1752.9 8642.4 -22.0 178 0 15.7 4.2 10.5 3.5 2 0 3 5 5
-1661.7 8619.6 -21.8 238 0 4.7 15.7 10.5 3.5 2 0 3 4 4
-1723.6 8599.9 -22.4 251 0 6.1 10.6 10.5 3.5 2 0 3 1 1
-1757.8 8655.0 -21.9 186 0 10.1 8.7 10.5 3.5 2 0 3 4 4
-1585.7 8640.3 -23.1 47 0 5.3 13.7 10.5 3.5 2 0 3 3 3
-1727.4 8641.3 -22.1 79 0 4.2 20.7 10.5 3.5 2 1 3 1 1
-1709.7 8636.5 -22.2 72 0 5.4 15.0 10.5 3.5 2 1 3 2 2
-1745.2 8616.4 -22.4 84 0 5.2 18.8 10.5 3.5 2 0 3 1 1
-1601.2 8658.7 -23.1 232 0 5.0 10.3 10.5 3.5 2 0 3 1 1
-1734.7 8587.1 -22.1 268 0 5.8 8.2 10.5 3.5 2 0 3 5 5
-1663.8 8608.2 -21.7 148 0 12.5 5.7 10.5 3.5 2 0 3 4 4
-1568.5 8706.3 -24.8 60 0 5.0 8.5 10.5 3.5 2 0 3 0 0
-1594.6 8704.0 -24.4 65 0 4.6 11.9 10.5 3.5 2 0 3 2 2
-1537.3 8722.8 -24.7 61 0 6.8 10.9 10.5 3.5 2 0 3 2 2
-1510.1 8741.5 -27.2 337 1 10.2 11.9 14.0 3.5 2 0 4 0 0
-1595.1 8731.7 -24.4 250 0 4.4 13.9 10.5 3.5 2 0 3 2 2
-1604.4 8727.9 -24.4 248 0 4.9 13.8 10.5 3.5 2 0 3 2 2
-1464.5 8679.5 -26.1 13 0 5.4 13.0 5.0 2.5 2 0 2 4 4
-1540.4 8620.1 -23.4 215 0 11.2 5.0 2.5 2.5 2 0 1 0 0
-1506.3 8695.7 -25.3 194 0 5.6 8.4 5.0 2.5 2 0 2 5 5
-1547.6 8717.7 -24.7 63 0 8.6 5.7 10.5 3.5 2 0 3 3 3
-1573.9 8703.2 -24.6 60 0 6.6 8.6 10.5 3.5 2 0 3 5 5
-1533.7 8684.3 -24.6 37 0 5.2 6.8 10.5 3.5 4 0 3 3 3
-1557.1 8736.3 -25.7 252 0 5.7 15.2 10.5 3.5 4 0 3 3 3
-1580.9 8728.7 -24.4 257 0 10.4 5.2 10.5 3.5 2 0 3 3 3
-1538.1 8689.8 -24.8 51 0 5.0 9.4 10.5 0.0 0 0 3 2 2
-1602.3 8686.0 -24.0 58 0 6.5 10.0 10.5 0.0 0 0 3 2 2
-1546.8 8666.6 -24.5 37 0 15.7 7.0 10.5 3.5 2 0 3 4 4
-1533.6 8630.3 -23.9 207 0 13.4 5.1 7.5 2.5 2 0 3 3 3
-1588.6 8694.6 -24.4 58 0 9.1 10.9 10.5 3.5 2 0 3 4 4
-1563.3 8666.1 -24.0 47 0 5.8 8.8 10.5 3.5 2 0 3 2 2
-1623.9 8683.2 -24.0 60 0 4.1 26.9 10.5 3.5 2 0 3 0 0
-1620.6 8674.8 -23.4 57 0 6.8 9.1 10.5 3.5 2 0 3 1 1
-1618.6 8720.2 -24.3 250 0 4.4 12.6 10.5 3.5 2 1 3 3 3
-1574.5 8737.8 -26.4 166 0 13.5 5.8 10.5 3.5 2 0 3 3 3
-1498.1 8693.9 -25.8 194 0 6.2 15.9 2.5 2.5 4 0 1 2 2
-1618.6 8682.5 -24.1 60 0 4.5 30.0 10.5 3.5 2 0 3 1 1
-1970.8 8409.9 -23.3 198 0 4.7 16.9 10.5 3.5 2 0 3 4 4
-1763.8 8254.5 -18.4 12 0 7.7 24.2 10.5 3.5 2 0 3 4 4
-1940.5 8510.9 -23.1 187 0 4.9 12.6 10.5 3.5 2 0 3 1 1
-1913.0 8431.1 -22.6 360 0 10.0 5.2 10.5 3.5 2 0 3 4 4
-1905.5 8545.0 -23.2 4 0 8.1 11.0 10.5 3.5 2 0 3 3 3
-1972.0 8630.9 -26.6 17 0 5.1 10.2 10.5 3.5 2 0 3 3 3
-1972.0 8341.0 -23.4 100 0 5.4 10.8 10.5 3.5 2 1 3 2 2
-1973.0 8651.5 -26.9 291 0 11.0 4.8 10.5 3.5 2 0 3 5 5
-1906.3 8531.9 -23.1 4 0 4.5 11.2 10.5 3.5 2 0 3 5 5
-1790.4 8370.4 -20.4 294 0 5.4 6.6 10.5 3.5 2 1 3 5 5
-1972.6 8423.1 -23.3 198 0 8.4 5.8 10.5 3.5 2 0 3 3 3
-1911.1 8384.7 -22.7 90 0 13.5 8.2 10.5 3.5 2 0 3 5 5
-1937.8 8521.3 -23.2 188 0 5.1 8.3 10.5 3.5 2 0 3 2 2
-1832.7 8642.7 -22.1 108 0 25.3 3.7 10.5 3.5 2 0 3 5 5
-1801.3 8267.1 -18.8 100 0 6.2 4.5 10.5 3.5 2 0 3 4 4
-1958.4 8631.9 -26.2 17 0 4.7 12.7 10.5 3.5 2 0 3 0 0
-1792.8 8649.6 -21.9 27 0 16.4 10.8 14.0 3.5 2 0 4 0 0
-1906.6 8527.6 -23.1 4 0 4.2 11.2 10.5 3.5 2 0 3 0 0
-1838.3 8295.2 -19.8 191 0 7.9 6.2 10.5 3.5 2 0 3 0 0
-1951.0 8434.7 -23.0 195 0 13.8 5.0 10.5 3.5 4 0 3 5 5
-1795.0 8278.6 -18.9 100 0 5.4 7.8 10.5 0.0 0 0 3 0 0
-1788.0 8669.3 -21.6 23 0 23.6 7.0 10.5 3.5 2 0 3 4 4
-1932.9 8565.0 -23.7 192 0 7.3 7.8 10.5 3.5 2 0 3 3 3
-1900.9 8232.2 -21.8 11 0 8.9 12.7 7.5 2.5 2 0 3 0 0
-1906.9 8523.0 -23.0 4 0 5.0 11.2 10.5 3.5 2 0 3 3 3
-1934.9 8262.2 -22.5 189 0 6.6 14.0 2.5 2.5 2 0 1 5 5
-1774.6 8362.8 -20.1 282 0 4.8 5.1 10.5 3.5 2 0 3 4 4
-1797.7 8639.8 -22.0 27 0 5.4 10.8 10.5 3.5 2 0 3 4 4
-1945.4 8605.6 -25.4 17 0 6.6 16.3 10.5 3.5 2 0 3 0 0
-1945.5 8513.0 -23.2 187 0 7.7 5.2 10.5 0.0 0 0 3 5 5
-1930.2 8297.1 -22.4 280 0 4.7 8.9 5.0 2.5 2 0 2 3 3
-1937.0 8633.7 -25.7 17 0 5.4 16.1 10.5 0.0 0 0 3 4 4
-1975.5 8414.3 -23.3 198 0 10.2 5.8 10.5 3.5 2 0 3 4 4
-1951.4 8642.1 -26.0 6 0 6.3 8.0 10.5 0.0 0 0 3 0 0
-1786.0 8625.8 -22.4 18 0 16.7 6.2 10.5 0.0 0 0 3 5 5
-1935.7 8460.5 -22.7 279 0 9.8 10.5 10.5 3.5 4 0 3 2 2
-1931.5 8545.3 -23.3 184 0 3.9 9.7 10.5 3.5 2 1 3 3 3
-1825.9 8691.9 -21.5 284 0 3.2 16.3 10.5 3.5 2 0 3 1 1
-1952.7 8613.1 -25.7 17 0 3.9 13.9 10.5 0.0 0 0 3 1 1
-1945.1 8448.6 -22.9 282 0 4.9 8.0 10.5 3.5 4 0 3 3 3
-1948.3 8645.8 -26.3 303 0 13.7 7.2 10.5 3.5 2 0 3 4 4
-1836.1 8276.5 -19.6 190 0 4.6 9.0 10.5 3.5 2 0 3 3 3
-1792.1 8256.5 -18.9 102 0 8.6 34.4 10.5 3.5 2 0 3 0 0
-2684.8 -6028.1 -40.7 184 0 18.6 21.6 10.0 2.5 2 1 4 1 1
-2609.2 -5833.8 -39.6 1 0 15.7 72.2 7.5 2.5 4 1 3 3 3
6950.4 -5320.5 -17.0 298 0 5.7 11.6 5.0 2.5 2 0 2 0 0
6944.9 -5330.7 -17.7 298 0 5.7 17.7 5.0 2.5 4 0 2 2 2
6933.2 -5305.7 -17.1 300 0 11.5 14.0 2.5 2.5 4 1 1 3 3
6899.7 -5343.2 -18.4 114 0 4.2 18.1 5.0 2.5 2 0 2 3 3
6912.5 -5349.0 -18.4 114 0 23.7 9.0 5.0 2.5 2 0 2 5 5
6871.0 -5333.2 -18.3 114 0 10.1 6.4 7.5 0.0 0 0 3 5 5
6892.3 -5277.3 -16.6 294 0 5.3 13.3 5.0 2.5 4 1 2 5 5
6882.2 -5272.3 -16.5 293 0 8.0 11.9 2.5 2.5 2 1 1 3 3
6859.4 -5276.6 -16.5 293 0 7.5 7.7 5.0 2.5 2 0 2 0 0
6866.0 -5256.1 -16.1 292 0 10.5 10.0 7.5 2.5 2 0 3 2 2
6867.9 -5272.8 -16.6 293 0 5.1 13.6 7.5 2.5 2 0 3 1 1
6833.2 -5294.0 -16.9 112 0 12.0 12.2 7.5 2.5 2 1 3 4 4
6833.9 -5241.3 -16.1 290 0 11.4 9.6 7.5 2.5 2 0 3 2 2
6817.3 -5299.0 -17.2 112 0 15.7 9.2 2.5 2.5 2 0 1 2 2
6791.9 -5263.2 -16.7 111 0 7.1 5.7 2.5 0.0 0 0 1 5 5
6799.0 -5230.4 -16.3 291 0 5.4 14.8 5.0 2.5 2 1 2 2 2
6787.3 -5223.2 -16.3 292 0 6.0 13.5 5.0 2.5 2 1 2 2 2
6825.0 -5218.0 -15.6 111 0 10.5 9.4 7.5 2.5 4 0 3 3 3
6830.7 -5175.8 -14.9 289 0 11.4 7.9 2.5 2.5 2 0 1 5 5
6814.5 -5201.6 -15.4 108 0 6.0 8.5 5.0 2.5 2 1 2 1 1
6788.9 -5158.0 -14.7 23 0 7.3 13.3 7.5 0.0 0 1 3 0 0
6771.2 -5192.6 -15.4 110 0 7.0 10.7 5.0 2.5 2 1 2 3 3
6729.6 -5172.9 -14.9 109 0 5.9 12.8 5.0 2.5 2 0 2 0 0
6725.7 -5184.4 -15.2 109 0 6.0 12.1 5.0 2.5 2 0 2 0 0
6706.3 -5159.0 -14.7 193 0 10.0 10.9 7.5 2.5 2 1 3 0 0
6709.3 -5144.8 -14.3 196 0 5.9 9.8 5.0 2.5 2 0 2 1 1
6711.7 -5136.4 -14.2 196 0 11.6 5.7 7.5 2.5 2 0 3 2 2
6718.9 -5119.2 -13.9 201 0 6.5 9.4 5.0 2.5 2 0 2 4 4
6726.1 -5126.4 -14.0 201 0 8.0 12.9 5.0 2.5 2 0 2 5 5
6725.9 -5109.2 -13.7 202 0 17.3 6.7 5.0 2.5 2 0 2 4 4
6674.4 -5139.2 -14.2 21 0 14.9 6.4 7.5 2.5 2 0 3 2 2
6630.4 -5130.1 -13.9 110 0 10.8 5.5 5.0 2.5 4 0 2 2 2
6610.3 -5087.9 -13.4 200 0 5.4 24.9 5.0 2.5 2 1 2 1 1
6620.0 -5077.1 -13.2 200 0 4.1 12.2 7.5 2.5 2 1 3 4 4
6644.0 -5056.1 -12.8 206 0 15.1 9.4 2.5 2.5 2 0 1 3 3
6671.4 -5056.4 -12.6 201 0 11.0 6.1 5.0 0.0 0 0 2 1 1
6697.5 -5071.5 -12.9 25 0 5.8 13.6 5.0 2.5 2 1 2 4 4
6686.6 -5088.2 -13.1 23 0 5.9 8.9 7.5 2.5 2 1 3 3 3
6704.4 -5088.8 -13.2 23 0 6.2 10.3 2.5 2.5 2 1 1 1 1
6689.4 -5139.9 -14.2 23 0 11.2 12.0 5.0 2.5 2 1 2 4 4
6692.4 -5123.4 -13.9 25 0 15.8 10.4 7.5 2.5 2 0 3 5 5
6673.3 -5089.7 -13.2 23 0 18.1 9.1 7.5 2.5 2 0 3 3 3
6703.8 -5106.5 -13.6 24 0 11.9 11.9 7.5 2.5 2 0 3 0 0
6728.7 -4997.5 -11.9 25 0 6.0 9.7 7.5 0.0 0 0 3 4 4
6730.1 -5017.8 -12.1 23 0 10.1 11.7 5.0 2.5 2 1 2 3 3
6731.1 -5035.3 -12.3 18 0 9.0 11.2 5.0 2.5 4 1 2 1 1
6719.2 -5065.0 -12.9 19 0 13.6 8.7 2.5 0.0 0 0 1 5 5
6937.9 -4641.5 -9.7 104 0 5.6 12.0 2.5 2.5 4 1 1 3 3
6941.0 -4607.3 -10.2 16 0 12.4 4.3 7.5 0.0 0 0 3 5 5
6945.7 -4613.8 -10.2 15 0 16.3 5.3 7.5 2.5 2 0 3 1 1
6937.3 -4620.1 -9.9 16 0 14.3 5.8 7.5 2.5 2 0 3 3 3
6926.4 -4639.6 -9.5 106 0 10.5 8.5 7.5 2.5 4 0 3 2 2
6926.7 -4516.0 -11.2 18 0 9.9 11.8 7.5 2.5 2 1 3 4 4
6873.7 -4519.3 -10.2 16 0 12.4 12.3 5.0 2.5 2 0 2 1 1
6755.5 -4925.0 -11.3 25 0 7.0 8.3 5.0 2.5 2 0 2 3 3
6880.4 -4498.7 -10.6 18 0 11.0 10.6 5.0 2.5 2 0 2 1 1
6854.6 -4498.0 -10.0 29 0 5.3 9.6 5.0 2.5 2 1 2 0 0
6841.4 -4465.1 -10.4 207 0 10.1 12.0 5.0 2.5 4 0 2 5 5
6842.9 -4471.5 -10.2 297 0 8.6 16.7 5.0 2.5 2 0 2 1 1
6801.2 -4508.1 -9.5 118 0 14.0 27.0 10.0 0.0 0 1 4 4 4
6816.1 -4611.8 -9.4 201 0 7.1 11.2 7.5 2.5 2 1 3 0 0
6850.3 -4639.5 -9.4 14 0 7.2 12.4 5.0 2.5 2 1 2 5 5
6863.6 -4640.2 -9.4 8 0 10.5 7.8 7.5 2.5 2 0 3 4 4
6797.2 -4654.7 -9.6 203 0 14.8 12.4 7.5 2.5 2 0 3 3 3
6811.5 -4650.0 -9.5 203 0 5.3 11.3 5.0 2.5 2 0 2 5 5
6843.3 -4663.8 -9.6 23 0 5.3 23.4 7.5 2.5 2 0 3 2 2
6846.7 -4680.6 -9.6 24 0 4.7 12.9 2.5 2.5 2 1 1 4 4
6862.5 -4684.6 -9.6 23 0 10.1 9.0 2.5 2.5 2 0 1 1 1
6864.4 -4661.8 -9.5 359 0 12.6 9.3 7.5 2.5 2 0 3 2 2
6896.0 -4653.0 -9.5 274 0 10.8 11.0 7.5 2.5 2 1 3 1 1
6888.4 -4683.2 -9.6 184 0 17.8 9.4 7.5 0.0 0 0 3 0 0
6774.7 -4819.7 -10.4 205 0 14.0 9.5 7.5 2.5 2 0 3 0 0
6781.3 -4828.1 -10.7 205 0 4.4 22.2 2.5 2.5 2 0 1 0 0
6764.0 -4844.9 -10.6 205 0 12.7 8.6 5.0 2.5 2 0 2 3 3
6766.2 -4839.0 -10.5 115 0 8.6 14.1 5.0 2.5 2 0 2 0 0
6795.3 -4890.3 -11.3 25 0 4.8 16.7 5.0 2.5 2 1 2 5 5
6741.4 -4910.5 -11.2 205 0 7.6 16.6 7.5 2.5 2 0 3 4 4
6771.1 -4924.0 -11.4 25 0 7.8 16.0 7.5 2.5 2 0 3 1 1
6791.4 -4714.2 -9.9 115 0 9.6 28.2 7.5 2.5 2 1 3 0 0
6816.6 -4726.1 -9.9 115 0 18.4 7.0 2.5 2.5 2 0 1 4 4
6854.9 -4720.0 -9.8 23 0 10.3 11.6 2.5 2.5 2 1 1 5 5
6844.8 -4742.9 -9.9 27 0 6.2 13.9 5.0 2.5 2 1 2 4 4
6863.6 -4753.6 -10.0 22 0 11.5 10.3 5.0 0.0 0 0 2 0 0
6821.2 -4762.9 -10.1 205 0 9.4 7.0 2.5 2.5 2 0 1 4 4
6854.6 -4818.5 -11.0 25 0 10.1 10.3 2.5 2.5 2 0 1 3 3
6844.8 -4815.1 -10.8 25 0 7.8 21.7 5.0 2.5 2 0 2 0 0
6851.6 -4797.3 -10.6 25 0 9.1 6.0 5.0 2.5 2 0 2 5 5
6886.9 -4771.5 -10.7 194 0 13.4 8.2 2.5 2.5 2 0 1 5 5
6894.7 -4790.7 -11.3 191 0 5.7 18.2 7.5 2.5 2 1 3 1 1
6917.9 -4834.1 -11.7 15 0 4.2 15.1 7.5 2.5 2 0 3 3 3
6922.0 -4832.7 -11.9 284 0 7.2 12.5 2.5 2.5 2 0 1 5 5
6891.4 -4842.3 -11.7 195 0 5.7 12.5 7.5 0.0 0 0 3 5 5
6877.7 -4838.7 -11.6 195 0 5.5 14.2 5.0 2.5 2 0 2 2 2
6874.6 -4852.2 -11.9 194 0 5.4 40.5 5.0 2.5 2 1 2 1 1
6867.3 -4831.7 -11.4 201 0 13.1 10.1 5.0 2.5 2 0 2 1 1
6860.3 -4844.9 -11.5 198 0 10.3 9.1 2.5 2.5 2 0 1 5 5
6856.9 -4855.5 -11.5 198 0 11.9 6.5 5.0 2.5 2 0 2 1 1
6847.4 -4873.4 -11.6 194 0 11.0 6.2 2.5 0.0 0 0 1 2 2
6875.2 -4870.6 -11.8 193 0 6.3 10.3 2.5 2.5 2 1 1 1 1
6884.9 -4929.7 -12.5 104 0 9.9 18.4 2.5 2.5 2 0 1 4 4
6847.6 -4917.7 -12.2 195 0 5.5 13.1 7.5 2.5 2 1 3 1 1
6846.2 -4896.3 -11.9 192 0 6.4 13.8 7.5 2.5 4 1 3 5 5
6830.9 -5021.6 -13.1 10 0 6.1 9.4 5.0 0.0 0 1 2 3 3
6848.1 -5025.1 -13.3 16 0 10.3 6.5 7.5 2.5 2 0 3 2 2
6834.9 -5045.4 -13.4 15 0 4.8 11.6 2.5 2.5 2 0 1 5 5
6844.8 -5042.0 -13.5 15 0 16.6 8.6 5.0 2.5 2 0 2 0 0
6824.0 -5041.3 -13.3 15 0 7.0 18.9 2.5 2.5 2 0 1 2 2
6797.2 -5029.9 -13.0 196 0 12.1 5.9 7.5 2.5 2 0 3 0 0
6804.4 -5002.6 -12.8 195 0 11.1 13.4 5.0 2.5 2 1 2 1 1
6821.2 -4959.7 -12.4 194 0 6.1 13.9 5.0 2.5 2 1 2 5 5
6830.6 -4910.7 -11.9 195 0 11.2 9.7 2.5 2.5 2 0 1 0 0
6836.9 -4892.4 -11.7 196 0 9.2 8.2 7.5 2.5 2 0 3 5 5
6824.7 -4872.5 -11.3 25 0 10.5 12.5 7.5 0.0 0 1 3 4 4
6806.3 -4875.9 -11.2 24 0 6.0 21.0 7.5 2.5 2 1 3 0 0
6807.9 -4897.2 -11.5 24 0 13.0 10.7 5.0 2.5 2 0 2 0 0
6759.9 -4897.7 -11.1 204 0 12.7 6.2 5.0 0.0 0 0 2 3 3
6787.4 -4928.9 -11.6 24 0 11.2 10.6 5.0 2.5 2 0 2 4 4
6777.7 -4950.1 -11.8 25 0 9.5 11.2 2.5 2.5 2 1 1 0 0
6443.4 -5204.1 -16.3 282 0 6.0 29.9 5.0 2.5 2 1 2 0 0
6480.7 -5241.0 -16.3 101 0 14.9 8.4 7.5 2.5 2 0 3 1 1
6952.5 -5420.2 -19.2 193 0 9.5 17.6 7.5 2.5 2 1 3 2 2
6948.1 -5241.7 -15.3 288 0 5.8 20.0 7.5 2.5 2 1 3 2 2
6871.3 -5203.0 -15.0 19 0 5.7 11.4 7.5 2.5 2 1 3 1 1
6191.8 -5293.6 -18.1 192 0 7.6 11.9 7.5 2.5 2 1 3 0 0
6255.9 -5273.3 -17.7 281 0 9.4 10.7 5.0 2.5 2 1 2 0 0
6307.8 -5156.0 -14.1 186 0 5.2 13.8 7.5 2.5 2 1 3 3 3
6305.3 -5184.3 -14.4 96 0 5.8 21.4 5.0 2.5 4 1 2 2 2
6314.3 -5193.9 -14.8 92 0 11.7 9.1 7.5 2.5 4 0 3 1 1
6339.1 -5218.3 -15.7 282 0 11.3 9.7 2.5 2.5 2 0 1 3 3
6403.4 -5198.5 -15.7 283 0 5.5 21.1 5.0 2.5 2 1 2 0 0
6403.3 -5271.6 -17.2 105 0 8.6 21.8 5.0 2.5 2 1 2 3 3
6424.1 -5255.1 -16.8 103 0 10.0 15.8 10.0 2.5 2 1 4 0 0
6425.3 -5198.4 -15.8 276 0 15.8 9.8 2.5 2.5 2 0 1 3 3
6446.7 -5193.4 -15.6 281 0 6.4 7.6 5.0 2.5 4 1 2 0 0
6466.2 -5220.4 -16.0 280 0 12.2 7.6 2.5 2.5 4 0 1 3 3
6708.4 -5240.3 -16.3 108 0 6.8 6.2 7.5 2.5 2 0 3 5 5
6703.6 -5257.6 -16.7 23 0 6.7 12.3 5.0 2.5 4 1 2 0 0
6738.8 -5244.1 -16.5 22 0 4.7 8.9 7.5 2.5 2 1 3 1 1
6709.9 -5216.4 -16.0 291 0 4.3 9.5 2.5 2.5 2 0 1 5 5
6714.4 -5205.0 -15.8 291 0 6.7 12.2 2.5 2.5 2 0 1 3 3
6655.6 -5201.5 -15.7 288 0 10.7 10.8 5.0 2.5 2 1 2 3 3
6666.8 -5226.9 -16.2 289 0 8.9 7.0 2.5 2.5 2 0 1 2 2
6629.0 -5257.4 -16.7 108 0 14.8 8.5 7.5 0.0 0 0 3 5 5
6607.6 -5224.0 -16.2 287 0 6.3 13.5 5.0 2.5 2 1 2 3 3
6623.3 -5251.1 -16.6 18 0 8.5 19.6 7.5 2.5 2 0 3 1 1
6587.6 -5259.3 -16.7 108 0 23.8 10.8 7.5 2.5 2 0 3 1 1
6546.8 -5239.2 -16.3 102 0 13.5 7.6 2.5 2.5 2 0 1 2 2
6527.9 -5227.2 -16.2 282 0 16.6 7.8 5.0 0.0 0 0 2 0 0
6532.0 -5192.6 -15.5 282 0 5.9 9.9 7.5 2.5 2 0 3 1 1
6529.9 -5202.3 -15.6 282 0 5.8 7.7 5.0 2.5 2 0 2 5 5
6559.1 -5193.9 -15.4 284 0 12.6 6.2 7.5 2.5 2 0 3 4 4
6641.2 -5207.9 -15.9 287 0 6.6 14.1 7.5 2.5 2 1 3 5 5
6712.9 -5045.8 -12.4 27 0 5.9 15.8 5.0 2.5 2 1 2 4 4
6679.5 -5012.3 -12.2 203 0 14.6 8.5 5.0 2.5 2 0 2 0 0
6695.6 -4978.2 -11.8 203 0 12.8 8.2 5.0 2.5 4 0 2 0 0
6719.8 -4993.5 -11.8 25 0 6.0 8.1 2.5 2.5 2 0 1 2 2
6688.3 -4992.7 -12.0 203 0 18.0 10.0 5.0 2.5 2 0 2 2 2
6742.8 -4979.6 -11.8 22 0 8.3 14.7 7.5 2.5 2 1 3 3 3
6749.9 -4960.9 -11.6 26 0 5.9 10.1 7.5 2.5 2 1 3 4 4
6954.1 -4291.2 -14.7 197 0 7.5 10.1 2.5 2.5 2 1 1 4 4
6954.9 -4256.5 -15.3 359 0 15.2 6.9 5.0 2.5 2 0 2 4 4
6794.9 -4297.5 -11.8 295 0 7.1 14.4 2.5 2.5 2 1 1 0 0
6802.6 -4328.0 -11.8 117 0 15.1 8.7 5.0 0.0 0 0 2 1 1
6824.7 -4334.6 -11.9 27 0 6.8 11.4 5.0 2.5 2 1 2 4 4
6831.1 -4225.9 -13.9 113 0 9.5 11.0 5.0 2.5 2 1 2 5 5
6814.8 -4226.3 -13.4 115 0 12.1 5.3 7.5 0.0 0 0 3 2 2
6790.2 -4203.8 -14.0 204 0 13.4 8.6 5.0 2.5 2 0 2 0 0
6702.1 -4341.6 -9.4 24 0 5.3 10.2 5.0 0.0 0 1 2 1 1
6671.3 -4283.0 -9.5 294 0 9.2 15.2 2.5 0.0 0 1 1 4 4
6651.7 -4375.9 -8.2 206 0 15.5 9.0 7.5 2.5 2 0 3 0 0
6629.6 -4399.6 -7.5 206 0 10.8 25.0 7.5 2.5 2 1 3 4 4
6693.0 -4406.4 -8.3 295 0 10.4 7.1 5.0 2.5 2 0 2 0 0
6700.7 -4432.7 -8.1 20 0 6.8 11.4 5.0 2.5 2 0 2 4 4
6699.3 -4419.7 -8.2 290 0 11.4 8.4 5.0 2.5 2 0 2 4 4
6670.9 -4551.3 -7.8 25 0 10.0 20.5 10.0 2.5 2 1 4 1 1
6647.4 -4520.3 -7.5 203 0 17.3 8.3 5.0 2.5 4 0 2 1 1
6661.3 -4499.4 -7.5 295 0 8.4 16.1 7.5 0.0 0 0 3 2 2
6665.7 -4492.3 -7.6 295 0 10.2 8.3 2.5 2.5 2 0 1 0 0
6684.4 -4458.4 -7.9 116 0 9.3 12.5 5.0 0.0 0 1 2 1 1
6758.3 -5074.0 -13.2 194 0 12.9 10.5 5.0 2.5 2 0 2 0 0
6552.7 -5206.9 -15.8 285 0 6.2 10.4 5.0 2.5 2 1 2 2 2
6212.5 -5346.8 -19.3 8 0 8.5 17.3 5.0 2.5 2 1 2 1 1
6192.7 -5303.5 -18.7 280 0 5.5 24.1 7.5 2.5 2 1 3 1 1
6110.7 -5365.0 -19.7 13 0 5.7 14.3 7.5 2.5 2 1 3 0 0
6157.9 -5315.9 -18.7 274 0 12.9 7.0 2.5 2.5 2 0 1 5 5
6163.0 -5307.7 -18.5 274 0 5.4 8.6 5.0 2.5 2 0 2 5 5
6089.3 -5377.4 -20.1 12 0 17.2 6.2 7.5 0.0 0 0 3 1 1
6060.2 -5379.7 -20.3 280 0 4.1 11.4 7.5 2.5 2 0 3 2 2
6016.5 -5432.4 -20.9 101 0 5.2 9.4 5.0 2.5 2 1 2 2 2
5949.7 -5444.6 -20.9 283 0 5.0 12.3 5.0 2.5 2 1 2 3 3
5786.4 -5448.8 -20.4 282 0 7.0 20.0 5.0 0.0 0 1 2 1 1
5794.3 -5523.2 -20.9 189 0 11.6 6.6 5.0 2.5 2 0 2 0 0
5855.0 -5505.7 -21.3 12 0 6.6 13.3 7.5 2.5 2 1 3 2 2
5849.7 -5480.3 -21.0 281 0 5.7 13.3 2.5 2.5 2 0 1 5 5
5851.8 -5470.0 -20.8 282 0 5.7 10.5 7.5 0.0 0 0 3 4 4
5795.5 -5543.4 -21.1 189 0 8.2 14.2 2.5 2.5 2 1 1 5 5
5812.7 -5494.0 -20.9 279 0 10.1 9.3 7.5 2.5 2 0 3 2 2
5985.3 -5200.9 -18.1 283 0 5.6 11.3 7.5 2.5 2 1 3 3 3
5938.5 -5211.0 -18.4 191 0 9.3 10.3 5.0 0.0 0 1 2 5 5
5955.6 -5436.1 -20.8 191 0 6.3 10.2 5.0 2.5 2 1 2 3 3
5979.6 -5416.5 -20.7 281 0 6.7 12.6 5.0 2.5 2 1 2 3 3
5996.7 -5446.5 -21.0 101 0 8.9 11.4 2.5 2.5 2 0 1 4 4
5986.3 -5418.2 -20.7 189 0 8.8 11.4 7.5 2.5 2 1 3 3 3
5987.1 -5444.6 -20.9 101 0 10.8 7.1 5.0 2.5 2 0 2 1 1
6019.6 -5398.1 -20.7 282 0 11.8 10.5 5.0 2.5 2 0 2 2 2
6074.4 -5416.7 -20.7 9 0 6.1 12.4 5.0 0.0 0 1 2 1 1
6078.4 -5398.3 -20.4 10 0 7.5 17.1 7.5 0.0 0 0 3 1 1
6069.7 -5359.6 -20.2 280 0 7.4 32.9 5.0 2.5 2 0 2 5 5
6104.8 -5335.5 -19.3 281 0 6.4 13.2 7.5 2.5 2 0 3 5 5
6102.1 -5348.5 -19.5 281 0 6.4 9.5 7.5 2.5 2 0 3 2 2
6090.0 -5345.6 -19.5 281 0 11.0 11.8 2.5 2.5 2 1 1 3 3
6557.4 -5100.6 -13.8 276 0 7.8 10.6 2.5 2.5 2 1 1 0 0
6495.6 -5087.8 -14.2 279 0 8.5 18.2 2.5 2.5 4 1 1 4 4
6520.3 -5116.8 -14.1 99 0 16.2 6.7 5.0 2.5 2 0 2 4 4
6540.9 -5107.3 -14.0 281 0 9.1 13.0 5.0 2.5 2 1 2 2 2
561.7 -6061.8 -32.9 281 0 6.2 16.8 5.0 0.0 0 0 2 1 1
6833.7 -4597.4 -9.3 204 0 5.0 12.7 5.0 2.5 2 1 2 1 1
6622.0 -4012.5 -16.6 112 0 9.6 17.6 7.5 2.5 2 1 3 5 5
6668.5 -4024.0 -16.4 291 0 9.0 10.0 7.5 2.5 2 1 3 3 3
561.7 -6087.5 -33.1 101 0 16.3 8.4 7.5 2.5 2 0 3 3 3
773.5 -5866.0 -25.7 282 0 16.2 4.0 5.0 2.5 4 0 2 3 3
749.5 -5865.7 -26.1 196 0 13.3 7.8 7.5 2.5 4 0 3 3 3
772.4 -5909.4 -26.6 12 0 5.3 10.1 7.5 2.5 4 1 3 4 4
750.5 -5895.0 -26.7 193 0 13.8 9.3 7.5 2.5 4 0 3 5 5
742.7 -5918.5 -27.4 194 0 15.9 9.5 2.5 2.5 2 0 1 2 2
751.7 -6018.4 -29.5 9 0 12.9 9.0 7.5 2.5 2 0 3 2 2
767.5 -6008.2 -29.0 9 0 5.4 17.1 7.5 2.5 2 1 3 4 4
774.8 -5979.2 -28.2 10 0 3.3 15.8 7.5 2.5 2 0 3 0 0
744.3 -5987.1 -28.9 185 0 17.2 9.2 2.5 0.0 0 0 1 4 4
716.0 -6061.9 -30.9 97 0 4.8 8.4 5.0 2.5 2 0 2 3 3
716.6 -6042.6 -30.5 97 0 8.0 7.4 7.5 2.5 2 0 3 3 3
716.9 -6053.6 -30.7 97 0 4.9 10.8 7.5 0.0 0 0 3 1 1
652.8 -6032.0 -31.5 100 0 5.5 14.2 7.5 2.5 4 1 3 4 4
650.9 -5997.3 -31.1 282 0 22.9 7.8 2.5 2.5 2 0 1 2 2
632.6 -6003.9 -31.7 281 0 5.8 16.0 7.5 2.5 2 1 3 2 2
605.6 -5992.6 -31.6 192 0 8.5 16.0 7.5 2.5 2 1 3 5 5
514.2 -6038.3 -33.3 279 0 5.5 13.1 5.0 2.5 4 1 2 0 0
488.0 -6062.5 -33.6 105 0 14.4 9.0 7.5 2.5 4 0 3 3 3
506.4 -6033.5 -33.4 285 0 6.5 23.7 2.5 2.5 2 1 1 1 1
528.6 -6052.7 -33.1 286 0 16.7 7.5 7.5 2.5 2 0 3 0 0
582.1 -6065.7 -32.6 284 0 5.4 14.0 2.5 2.5 2 1 1 4 4
612.8 -6076.4 -32.4 286 0 6.7 12.6 7.5 2.5 2 1 3 2 2
589.7 -6101.0 -33.1 105 0 19.2 9.2 5.0 2.5 2 0 2 4 4
591.3 -6068.5 -32.6 285 0 5.9 17.4 5.0 2.5 2 1 2 3 3
656.6 -6084.1 -32.2 289 0 6.6 21.3 2.5 0.0 0 1 1 2 2
634.6 -6087.9 -32.5 283 0 5.1 14.6 2.5 2.5 2 0 1 4 4
621.7 -6108.6 -32.8 101 0 11.6 7.2 2.5 2.5 2 0 1 5 5
635.2 -6111.5 -32.7 103 0 16.2 8.3 2.5 2.5 2 0 1 4 4
686.0 -6072.7 -31.4 108 0 8.7 8.6 5.0 2.5 2 0 2 2 2
666.8 -6041.2 -31.4 99 0 3.6 10.3 5.0 2.5 2 1 2 3 3
684.5 -6043.7 -31.1 94 0 5.3 19.4 2.5 2.5 2 1 1 0 0
693.9 -6011.4 -30.5 276 0 16.0 9.3 7.5 2.5 2 0 3 0 0
718.5 -6018.5 -30.3 278 0 26.8 9.4 7.5 2.5 2 0 3 1 1
772.7 -6050.2 -29.8 10 0 9.3 14.8 7.5 2.5 2 1 3 2 2
794.0 -6050.9 -29.1 191 0 7.9 5.2 5.0 2.5 2 0 2 3 3
788.6 -6033.7 -28.9 187 0 9.2 12.2 7.5 2.5 2 1 3 1 1
800.2 -6046.8 -29.1 191 0 7.9 4.7 5.0 2.5 2 0 2 2 2
813.2 -6027.4 -28.3 186 0 9.0 13.1 5.0 2.5 2 0 2 1 1
801.8 -6026.1 -28.5 187 0 9.1 11.4 2.5 2.5 2 0 1 0 0
792.0 -6061.6 -29.5 191 0 13.8 10.0 5.0 2.5 2 0 2 1 1
835.9 -6123.9 -30.0 273 0 9.2 16.7 5.0 0.0 0 1 2 5 5
1025.6 -6089.3 -30.1 262 0 8.8 10.8 2.5 0.0 0 1 1 2 2
458.5 -5997.8 -34.2 285 0 9.2 8.7 5.0 2.5 2 0 2 2 2
486.9 -6008.8 -33.8 285 0 6.6 12.4 5.0 2.5 2 1 2 1 1
524.1 -6021.2 -33.4 287 0 9.2 11.8 7.5 2.5 4 1 3 2 2
569.3 -6041.7 -32.8 283 0 11.6 16.1 2.5 2.5 2 1 1 0 0
600.3 -6053.4 -32.4 289 0 10.2 9.7 2.5 2.5 2 0 1 0 0
613.4 -6039.1 -32.4 107 0 10.8 9.1 2.5 2.5 2 0 1 2 2
639.4 -6047.3 -32.0 106 0 10.3 9.0 7.5 2.5 2 0 3 5 5
627.5 -6064.6 -32.0 288 0 9.3 8.9 5.0 2.5 2 0 2 0 0
641.7 -6070.8 -31.8 282 0 10.5 9.1 5.0 2.5 2 0 2 5 5
812.6 -6109.6 -30.0 271 0 10.4 9.3 5.0 2.5 2 0 2 2 2
812.6 -6085.7 -29.5 94 0 10.0 9.0 5.0 2.5 2 0 2 1 1
815.2 -5933.1 -26.2 189 0 7.7 5.3 2.5 2.5 2 0 1 3 3
837.4 -5888.2 -24.9 191 0 17.6 13.6 5.0 2.5 2 0 2 4 4
800.4 -5876.1 -25.4 13 0 10.0 10.4 2.5 2.5 4 1 1 2 2
794.7 -5898.8 -26.0 15 0 9.0 8.7 7.5 2.5 2 0 3 1 1
788.7 -5930.9 -26.8 14 0 10.0 9.4 2.5 0.0 0 0 1 4 4
784.3 -5949.9 -27.3 11 0 9.9 10.2 7.5 2.5 2 1 3 0 0
785.1 -5974.3 -27.8 11 0 10.2 9.3 2.5 2.5 2 0 1 3 3
780.7 -6003.7 -28.6 9 0 10.1 8.3 5.0 2.5 2 0 2 2 2
776.0 -6034.6 -29.3 11 0 10.0 9.1 5.0 2.5 2 0 2 4 4
782.8 -6080.8 -30.0 189 0 9.0 10.1 2.5 2.5 2 0 1 1 1
796.8 -6087.7 -29.9 99 0 9.9 9.0 5.0 2.5 2 0 2 4 4
754.9 -6092.2 -30.6 98 0 8.8 9.6 7.5 2.5 4 1 3 1 1
737.7 -6089.3 -30.8 94 0 5.4 10.7 7.5 2.5 2 1 3 0 0
700.4 -6079.1 -31.3 101 0 10.6 8.9 7.5 2.5 2 0 3 4 4
719.6 -6084.9 -31.0 101 0 10.2 9.7 2.5 0.0 0 0 1 2 2
2861.4 -7922.0 -16.5 13 0 11.1 23.1 7.5 2.5 2 1 3 5 5
-3888.8 -4960.2 -39.3 195 0 16.8 10.4 2.5 2.5 2 0 1 4 4
-3893.7 -5021.0 -38.8 104 0 9.9 13.5 5.0 0.0 0 1 2 5 5
-3905.4 -4997.6 -39.2 107 0 15.0 6.9 7.5 2.5 2 0 3 0 0
-3911.1 -4966.6 -39.8 2 0 31.7 11.7 7.5 2.5 2 0 3 4 4
-3932.9 -4872.1 -40.3 22 0 11.1 10.0 5.0 0.0 0 0 2 5 5
-3943.8 -4891.1 -40.4 24 0 19.1 11.6 10.0 2.5 2 0 4 3 3
-3957.3 -5004.9 -39.9 88 0 9.1 13.0 2.5 2.5 2 1 1 5 5
-3943.3 -4984.2 -40.0 94 0 17.3 8.5 5.0 2.5 2 0 2 3 3
4677.1 2350.6 -25.2 298 0 15.7 18.0 7.5 2.5 2 0 3 2 2
4688.2 2340.4 -25.2 298 0 13.6 14.3 7.5 2.5 2 0 3 2 2
4702.8 2328.4 -25.2 298 0 20.0 10.5 7.5 2.5 4 0 3 1 1
4671.3 2206.1 -25.1 111 0 20.2 12.9 7.5 2.5 2 0 3 1 1
1689.9 -2567.0 -26.6 64 0 31.0 12.8 7.5 2.5 2 0 3 0 0
1671.4 -2896.9 -22.6 298 0 12.4 13.7 7.5 2.5 2 1 3 3 3
-4278.6 2619.8 44.4 5 0 6.2 11.3 7.5 2.5 4 1 3 3 3
-5353.1 4246.2 -25.9 5 0 11.6 9.7 5.0 0.0 0 0 2 0 0
-5341.2 4377.2 -23.8 5 0 10.1 17.7 5.0 0.0 0 1 2 2 2
-4591.8 5591.7 -33.3 306 0 12.5 10.2 5.0 2.5 2 0 2 3 3
-4603.2 5675.6 -33.0 35 0 7.7 13.3 5.0 2.5 2 1 2 0 0
-2441.1 6224.5 -37.0 20 0 17.3 22.0 7.5 2.5 2 1 3 0 0
-2409.8 6448.9 -38.7 192 0 12.1 9.2 7.5 2.5 2 0 3 3 3
-2396.8 6491.5 -37.3 194 0 12.0 9.6 5.0 2.5 2 0 2 1 1
-2396.6 6536.6 -36.3 14 0 11.0 10.9 5.0 2.5 2 0 2 4 4
-2326.3 6573.8 -34.2 286 0 12.3 15.6 5.0 2.5 2 1 2 2 2
-2354.8 6472.4 -36.7 108 0 10.4 14.7 5.0 2.5 2 1 2 4 4
-2334.7 6518.3 -35.5 18 0 16.8 11.2 7.5 2.5 4 0 3 3 3
-2380.8 6531.6 -35.9 206 0 10.4 9.8 5.0 2.5 2 0 2 1 1
-2372.5 6555.0 -35.2 199 0 10.2 10.3 7.5 2.5 2 1 3 4 4
-2363.8 6574.1 -34.8 198 0 9.8 10.9 5.0 2.5 2 1 2 0 0
-2391.0 6559.2 -35.7 23 0 13.7 13.6 7.5 2.5 2 0 3 2 2
-2441.7 6547.2 -36.8 108 0 8.5 14.7 5.0 2.5 2 1 2 0 0
-2384.5 6598.8 -35.1 13 0 13.0 11.3 5.0 2.5 2 0 2 5 5
-2408.8 6633.6 -35.0 195 0 11.4 9.3 5.0 2.5 2 0 2 4 4
-2404.0 6655.1 -34.9 188 0 15.1 7.8 5.0 2.5 2 0 2 0 0
-2351.5 6649.7 -34.3 18 0 21.3 12.0 7.5 2.5 2 0 3 3 3
-2327.4 6713.2 -33.1 20 0 9.6 11.1 7.5 2.5 4 1 3 2 2
-2326.4 6677.7 -33.3 198 0 15.0 10.8 5.0 2.5 2 0 2 1 1
-2277.1 6670.3 -32.7 285 0 11.2 13.8 5.0 2.5 2 1 2 3 3
-2207.5 6783.0 -32.4 198 0 9.4 15.3 2.5 2.5 2 1 1 0 0
-2064.2 6782.0 -29.5 93 0 7.6 13.3 5.0 2.5 2 1 2 4 4
-2289.9 6807.6 -33.3 15 0 15.5 13.5 10.0 2.5 2 0 4 4 4
-2245.1 6866.0 -31.9 204 0 9.3 18.1 5.0 2.5 2 1 2 0 0
-2203.8 6868.8 -31.3 295 0 8.8 18.0 2.5 0.0 0 1 1 2 2
-2185.4 6950.0 -29.4 113 0 10.3 22.3 5.0 2.5 2 1 2 5 5
-2252.0 6912.2 -31.3 24 0 10.8 15.3 7.5 2.5 2 1 3 0 0
-2233.1 6950.8 -30.5 24 0 10.6 10.7 7.5 2.5 2 1 3 0 0
-2208.2 6978.9 -29.3 197 0 12.5 12.4 5.0 2.5 2 0 2 3 3
-2168.0 7075.9 -27.3 195 0 11.7 13.9 5.0 2.5 2 1 2 0 0
-2169.0 7038.0 -27.4 198 0 10.5 14.4 7.5 2.5 4 1 3 3 3
-2192.4 7016.9 -27.8 201 0 11.8 10.7 5.0 2.5 2 0 2 5 5
-2214.6 7099.2 -29.7 281 0 55.1 19.4 12.5 2.5 4 0 5 2 2
-2405.0 7135.7 -33.8 294 0 9.6 13.1 7.5 2.5 4 1 3 2 2
-3225.4 -5148.0 -33.8 357 0 12.0 16.1 4.0 2.5 2 1 1 2 2
-3187.2 -5228.4 -34.7 3 0 15.6 48.9 5.0 2.5 2 1 2 2 2
-3186.8 -5356.2 -35.0 92 0 21.6 20.9 7.5 2.5 2 0 3 3 3
-2947.8 -5384.5 -35.1 93 0 92.3 45.0 7.5 0.0 0 0 3 0 0
-2848.6 -5235.7 -32.9 3 0 26.4 115.5 10.0 0.0 0 1 4 4 4
-2850.3 -5267.2 -33.5 3 0 30.7 115.5 10.0 0.0 0 1 4 2 2
-3150.5 -5186.9 -33.7 183 0 50.2 89.8 10.0 0.0 0 1 4 3 3
-3235.8 -5643.9 -38.7 183 0 54.8 145.4 10.0 0.0 0 1 4 4 4
-3134.5 -5915.0 -40.8 273 0 75.8 32.6 10.0 0.0 0 0 4 0 0
966.2 7475.0 -25.1 28 0 14.0 10.1 7.5 0.0 0 0 3 3 3
886.0 7494.1 -25.6 205 0 9.7 11.4 5.0 2.5 2 1 2 2 2
861.7 7477.4 -25.0 216 0 7.8 8.7 5.0 2.5 4 1 2 5 5
886.4 7477.8 -25.5 297 0 5.4 16.7 5.0 2.5 2 1 2 3 3
831.8 7442.5 -24.0 22 0 10.0 8.2 7.5 2.5 2 0 3 3 3
850.8 7462.1 -24.5 297 0 4.1 8.2 7.5 0.0 0 1 3 5 5
5705.9 -7548.9 -14.8 85 0 12.9 25.8 12.5 0.0 0 1 5 0 0
5709.1 -7510.2 -14.8 355 0 16.3 9.7 5.0 2.5 2 0 2 2 2
5688.9 -7492.3 -15.2 175 0 10.2 18.9 7.5 2.5 2 1 3 4 4
5713.4 -7471.1 -14.8 357 0 22.1 13.2 10.0 2.5 2 0 4 0 0
-5810.3 606.4 -48.3 106 0 8.7 22.9 5.0 2.5 2 1 2 0 0
3544.6 8176.2 -30.1 161 0 15.9 9.6 2.5 0.0 0 0 1 1 1
3566.2 8138.6 -31.0 151 0 10.5 10.2 7.5 2.5 4 0 3 0 0
3475.7 8235.1 -29.5 349 0 10.7 9.0 7.5 2.5 2 0 3 0 0
3463.5 8273.4 -29.7 347 0 10.9 10.2 7.5 2.5 2 0 3 1 1
3471.2 8254.7 -29.6 347 0 14.6 10.3 5.0 2.5 2 0 2 0 0
3406.6 8456.7 -28.4 77 0 7.1 15.4 5.0 2.5 2 1 2 2 2
3441.8 8489.3 -28.4 179 0 11.3 6.4 7.5 2.5 2 0 3 5 5
3413.9 8498.2 -27.9 350 0 10.7 5.6 5.0 2.5 2 0 2 5 5
3427.7 8616.6 -29.5 193 0 10.1 12.3 5.0 0.0 0 1 2 3 3
3350.0 8669.3 -28.4 195 0 9.9 10.1 5.0 2.5 2 1 2 1 1
3409.0 8651.5 -29.0 15 0 11.4 12.2 2.5 2.5 2 1 1 1 1
3357.7 8689.1 -28.1 194 0 13.5 10.5 10.0 2.5 2 0 4 0 0
3444.0 8717.6 -28.3 197 0 11.1 11.8 7.5 2.5 2 1 3 1 1
3456.2 8739.2 -28.1 285 0 14.9 11.5 7.5 2.5 2 0 3 5 5
3335.5 8640.7 -28.5 194 0 11.1 10.6 5.0 2.5 2 0 2 2 2
3302.1 8655.6 -28.1 8 0 10.8 11.9 7.5 2.5 2 1 3 4 4
3253.2 8606.4 -26.6 3 0 15.2 11.6 7.5 2.5 2 0 3 0 0
3176.4 8512.0 -25.0 279 0 7.7 12.5 7.5 2.5 2 1 3 5 5
3203.6 8401.7 -26.6 254 0 8.9 9.0 5.0 2.5 2 1 2 0 0
2945.3 8189.8 -23.6 183 0 10.3 7.1 7.5 2.5 2 0 3 2 2
2934.0 8139.1 -23.7 277 0 8.2 11.3 5.0 2.5 2 1 2 0 0
2915.5 8119.4 -23.6 255 0 13.0 12.3 7.5 2.5 2 0 3 0 0
3006.8 8111.7 -24.5 170 0 18.7 11.3 7.5 2.5 2 0 3 0 0
3121.4 8160.9 -25.0 75 0 10.9 12.2 2.5 2.5 2 1 1 2 2
3092.8 8164.8 -24.5 75 0 10.9 12.2 5.0 2.5 2 1 2 0 0
3155.8 8153.0 -25.6 77 0 14.0 12.0 7.5 2.5 2 0 3 2 2
3227.1 8147.1 -26.7 76 0 11.1 12.8 5.0 2.5 2 1 2 2 2
3206.6 8145.5 -26.4 76 0 11.1 12.8 7.5 2.5 2 1 3 5 5
3229.9 8078.0 -27.5 164 0 11.1 12.8 2.5 2.5 2 1 1 4 4
3228.5 8176.2 -26.6 75 0 10.1 11.7 7.5 2.5 2 1 3 3 3
3240.5 8155.7 -26.9 75 0 10.1 11.7 5.0 0.0 0 1 2 2 2
3293.9 8148.4 -27.7 75 0 9.5 10.1 2.5 2.5 2 1 1 5 5
3483.4 8051.3 -31.2 255 0 10.4 10.1 2.5 0.0 0 0 1 1 1
3480.4 8114.5 -30.1 72 0 26.1 15.7 10.0 0.0 0 0 4 1 1
3381.1 8080.0 -29.5 257 0 7.6 17.0 5.0 2.5 4 1 2 4 4
3596.7 8033.2 -32.5 0 0 11.1 11.2 2.5 2.5 2 1 1 3 3
3504.6 8107.2 -30.3 93 0 12.4 12.4 10.0 2.5 4 0 4 0 0
3752.1 7847.9 -32.8 189 0 10.7 21.9 5.0 2.5 2 1 2 1 1
3754.0 7861.1 -32.7 190 0 10.7 21.9 5.0 2.5 2 1 2 2 2
3745.7 7797.2 -32.4 188 0 13.3 10.4 5.0 2.5 2 0 2 1 1
3414.3 8054.0 -30.0 73 0 12.8 13.0 2.5 2.5 4 1 1 4 4
3262.0 8140.0 -27.3 72 0 11.8 10.4 2.5 2.5 4 0 1 3 3
3425.1 8486.1 -28.2 351 0 10.8 11.9 5.0 2.5 2 1 2 5 5
2196.8 8442.5 -19.9 96 0 10.3 11.9 7.5 2.5 2 1 3 3 3
2197.5 8422.1 -19.1 275 0 10.1 12.1 10.0 2.5 2 1 4 5 5
2291.1 8431.0 -19.8 97 0 13.2 11.0 5.0 2.5 2 0 2 0 0
2269.9 8434.1 -19.8 99 0 12.7 11.4 2.5 2.5 2 0 1 4 4
2332.9 8427.3 -19.7 97 0 11.3 9.9 7.5 2.5 2 0 3 4 4
2294.1 8308.9 -21.0 186 0 12.4 22.4 7.5 0.0 0 1 3 1 1
2350.9 8275.5 -19.9 95 0 11.6 9.4 7.5 2.5 2 0 3 4 4
2380.1 8277.7 -19.5 5 0 9.7 14.4 5.0 2.5 4 1 2 3 3
2398.9 8276.0 -19.0 5 0 10.5 13.7 7.5 2.5 2 1 3 5 5
2399.3 8312.9 -19.3 6 0 9.9 13.3 7.5 2.5 2 1 3 3 3
2366.5 8410.0 -19.7 185 0 14.3 9.9 7.5 0.0 0 0 3 2 2
2164.0 8448.5 -19.7 6 0 13.2 11.5 5.0 2.5 2 0 2 2 2
-5768.3 734.2 -47.8 104 0 9.8 4.1 5.0 2.5 2 0 2 5 5
1984.1 7583.9 -27.6 177 0 42.4 16.1 10.0 2.5 4 0 4 3 3
-5218.1 1174.3 -46.7 195 0 62.7 18.0 7.5 2.5 2 0 3 1 1
-5052.9 1169.5 -46.7 285 0 12.1 5.9 5.0 2.5 2 0 2 0 0
-5054.3 1163.8 -46.8 285 0 12.9 25.2 7.5 2.5 2 0 3 2 2
-5064.9 1075.5 -46.9 15 0 12.0 5.7 5.0 2.5 4 0 2 2 2
-5058.3 1100.0 -46.9 15 0 38.8 17.8 15.0 0.0 0 0 6 5 5
-5140.0 1214.0 -46.6 285 0 6.0 18.5 5.0 2.5 2 1 2 0 0
-5122.5 1144.8 -46.8 195 0 55.3 13.0 7.5 2.5 2 0 3 2 2
-5080.4 993.8 -47.6 15 0 12.4 38.7 7.5 0.0 0 1 3 4 4
-5067.0 1035.8 -47.3 15 0 35.7 10.8 12.5 2.5 2 0 5 1 1
-5077.0 1051.3 -47.1 15 0 11.1 71.2 7.5 0.0 0 0 3 5 5
-6141.5 3142.2 -19.0 95 0 24.9 103.8 10.0 0.0 0 1 4 5 5
-6099.0 3421.0 -11.2 275 0 41.3 57.4 7.5 0.0 0 1 3 5 5
-6086.1 3323.7 -12.7 5 0 37.0 31.8 7.5 0.0 0 0 3 1 1
328.9 7073.2 -21.7 31 0 6.4 9.6 5.0 2.5 2 0 2 5 5
331.8 7078.2 -21.9 31 0 5.3 10.3 2.5 2.5 2 0 1 0 0
323.1 7104.2 -22.3 299 0 11.2 10.6 5.0 2.5 2 0 2 0 0
343.9 7120.9 -22.9 23 0 7.1 5.5 2.5 2.5 2 0 1 3 3
301.8 7100.6 -22.2 116 0 7.4 5.4 5.0 2.5 2 0 2 0 0
290.0 7114.0 -22.3 203 0 8.0 8.8 5.0 2.5 2 1 2 1 1
6912.9 5611.9 -11.7 141 0 6.2 5.1 5.0 2.5 2 0 2 0 0
6767.5 5108.3 -13.5 211 0 13.0 25.1 10.0 2.5 2 0 4 5 5
6952.4 4947.0 -16.4 301 0 20.4 10.0 5.0 0.0 0 0 2 1 1
6794.6 5099.7 -13.1 300 0 5.3 13.0 7.5 2.5 2 0 3 3 3
6930.9 4991.4 -15.0 304 0 4.7 8.3 2.5 2.5 2 1 1 3 3
6945.4 5263.0 -14.0 142 0 12.3 4.0 2.5 2.5 2 0 1 1 1
6944.3 4983.5 -15.3 303 0 6.1 5.2 5.0 2.5 2 0 2 3 3
6790.7 5017.6 -14.0 119 0 9.6 9.0 5.0 0.0 0 0 2 0 0
6765.1 5094.6 -13.7 211 0 13.0 14.4 5.0 0.0 0 0 2 2 2
6906.2 4985.6 -15.1 216 0 5.1 12.2 7.5 2.5 2 1 3 1 1
6948.7 5216.2 -13.5 212 0 9.9 9.9 5.0 2.5 2 0 2 4 4
6789.8 5066.5 -14.1 300 0 4.9 13.4 7.5 2.5 2 1 3 4 4
6842.8 4991.5 -13.9 31 0 10.2 9.8 5.0 2.5 2 0 2 4 4
6719.5 5066.1 -14.5 211 0 7.0 9.9 7.5 2.5 2 1 3 2 2
6940.7 5180.9 -13.2 122 0 4.8 14.9 5.0 2.5 2 1 2 2 2
6873.3 5039.5 -13.6 31 0 11.0 9.0 5.0 2.5 2 0 2 5 5
6922.8 4870.1 -14.0 289 0 6.0 17.0 5.0 2.5 2 1 2 3 3
6799.1 5037.6 -14.1 121 0 4.0 4.8 5.0 2.5 2 1 2 5 5
6830.2 5053.7 -13.8 302 0 6.4 7.6 5.0 2.5 2 1 2 1 1
6774.5 5027.7 -14.1 121 0 8.2 8.8 5.0 2.5 2 1 2 4 4
6754.8 5075.4 -14.4 212 0 30.6 16.2 10.0 0.0 0 0 4 0 0
877.6 7340.4 -25.5 210 0 21.3 16.2 10.0 2.5 2 0 4 1 1
914.8 7290.8 -25.3 29 0 13.5 15.5 5.0 2.5 2 1 2 1 1
903.2 7267.6 -24.7 28 0 13.8 14.9 5.0 2.5 2 1 2 2 2
891.6 7246.2 -24.1 27 0 12.4 13.7 2.5 2.5 2 1 1 3 3
863.5 7309.7 -24.8 206 0 19.6 14.6 10.0 2.5 2 0 4 3 3
2238.1 7822.3 -27.2 99 0 34.5 30.0 7.5 0.0 0 0 3 4 4
