255.7 -6647.5 -14.0 256 0 31.0 15.6 5.0 2.5 2 0 2 5 5
-3322.9 -5990.6 -25.1 96 0 13.2 32.6 5.0 2.5 2 1 2 5 5
-3495.3 -5683.2 -22.6 1 0 15.8 24.1 10.0 2.5 2 1 4 0 0
-323.9 8711.3 -16.2 177 0 12.2 15.5 2.5 2.5 2 1 1 2 2
-303.2 8665.3 -15.2 1 0 14.4 12.9 5.0 2.5 2 0 2 0 0
-320.0 8410.6 -15.2 176 0 13.3 16.2 5.0 2.5 4 1 2 1 1
-264.4 8434.0 -14.4 271 0 12.6 13.1 5.0 0.0 0 1 2 0 0
50.4 5308.6 -6.1 345 0 10.5 9.2 5.0 2.5 2 0 2 5 5
57.3 5283.0 -5.7 345 0 11.4 9.7 5.0 2.5 2 0 2 0 0
56.5 5248.6 -5.9 346 0 18.1 11.8 5.0 2.5 2 0 2 4 4
72.2 5236.6 -4.6 342 0 13.2 10.5 5.0 2.5 2 0 2 1 1
23.9 5303.8 -7.7 256 0 11.0 4.9 5.0 2.5 2 0 2 4 4
14.4 5323.3 -8.6 73 0 27.9 11.7 10.0 2.5 2 0 4 1 1
-114.2 5706.3 -6.6 340 0 11.5 11.5 5.0 2.5 2 1 2 0 0
-105.3 5681.8 -6.7 340 0 10.5 10.5 5.0 0.0 0 1 2 3 3
-79.3 5616.1 -6.2 341 0 13.5 9.2 5.0 2.5 2 0 2 3 3
-60.0 5568.6 -5.8 336 0 11.7 10.5 5.0 2.5 2 0 2 5 5
-54.1 5554.1 -5.7 341 0 10.9 10.8 2.5 2.5 2 0 1 3 3
-38.5 5524.7 -5.3 346 0 11.1 10.6 2.5 2.5 2 0 1 4 4
-31.8 5510.8 -5.6 338 0 10.2 9.3 5.0 2.5 2 0 2 5 5
-15.5 5472.7 -6.7 338 0 10.1 9.6 5.0 2.5 2 0 2 2 2
-8.1 5455.7 -6.0 339 0 9.4 8.4 5.0 2.5 2 0 2 4 4
13.9 5407.2 -6.2 338 0 20.4 10.5 5.0 2.5 2 0 2 4 4
-15.0 5529.9 -4.5 162 0 10.6 10.5 2.5 2.5 2 0 1 2 2
-181.6 5577.1 -9.1 347 0 12.0 11.6 2.5 2.5 2 0 1 5 5
-189.5 5600.8 -9.3 346 0 9.6 11.0 5.0 0.0 0 1 2 1 1
-198.2 5617.7 -9.4 345 0 11.3 8.3 5.0 2.5 2 0 2 3 3
-200.4 5638.1 -9.4 345 0 12.4 10.2 5.0 2.5 2 0 2 1 1
-202.2 5653.9 -9.6 344 0 10.1 14.3 5.0 2.5 2 1 2 2 2
-207.7 5671.3 -9.6 346 0 9.4 11.9 2.5 2.5 2 1 1 0 0
-165.5 5514.6 -8.8 345 0 9.9 11.6 5.0 2.5 2 1 2 4 4
-154.1 5472.8 -8.8 347 0 7.6 9.7 5.0 2.5 2 1 2 3 3
-187.4 5481.0 -9.7 124 0 12.2 9.5 5.0 2.5 4 0 2 1 1
-200.6 5496.9 -9.8 143 0 10.9 10.7 5.0 2.5 2 0 2 5 5
-165.7 5448.9 -9.6 284 0 10.5 11.3 5.0 2.5 2 1 2 1 1
-184.8 5455.0 -10.5 296 0 9.9 11.5 5.0 0.0 0 1 2 3 3
-195.6 5462.6 -10.6 305 0 4.9 9.2 5.0 2.5 2 1 2 4 4
-221.7 5527.2 -10.2 145 0 9.3 11.0 5.0 2.5 2 1 2 0 0
-230.9 5505.0 -11.2 325 0 9.9 9.2 5.0 2.5 4 0 2 1 1
-241.6 5520.2 -11.4 324 0 9.9 10.4 5.0 2.5 2 1 2 3 3
-251.6 5534.3 -11.6 324 0 10.1 10.3 5.0 2.5 2 1 2 1 1
-261.7 5548.4 -11.7 324 0 9.7 10.5 2.5 2.5 2 1 1 5 5
-273.0 5564.2 -11.9 325 0 10.6 9.5 2.5 2.5 2 0 1 4 4
-303.8 5608.3 -12.5 324 0 9.6 11.9 5.0 0.0 0 1 2 4 4
-313.8 5621.8 -12.5 326 0 7.9 7.1 5.0 2.5 4 0 2 0 0
-315.4 5635.2 -12.6 8 0 6.4 10.2 5.0 2.5 2 1 2 5 5
-263.2 5754.2 -10.7 158 0 18.2 11.3 5.0 2.5 2 0 2 3 3
-287.9 5619.3 -11.7 145 0 12.5 9.6 5.0 2.5 2 0 2 3 3
-270.6 5603.2 -11.4 56 0 10.0 10.2 7.5 2.5 2 1 3 2 2
-260.2 5590.7 -11.0 235 0 11.0 10.1 5.0 2.5 2 0 2 5 5
-238.9 5587.4 -10.5 236 0 10.9 6.1 2.5 2.5 2 0 1 5 5
-222.7 5559.3 -10.2 75 0 11.0 10.0 2.5 2.5 2 0 1 3 3
-235.5 5607.1 -10.3 236 0 11.1 11.0 5.0 2.5 2 0 2 3 3
-126.1 5443.4 -7.8 164 0 6.5 9.5 7.5 0.0 0 1 3 1 1
-102.9 5440.2 -7.8 72 0 7.5 8.4 5.0 2.5 4 1 2 0 0
-145.4 5738.5 -7.4 63 0 11.6 9.4 2.5 2.5 2 0 1 2 2
-93.8 5797.1 -5.9 160 0 8.9 9.0 5.0 2.5 2 1 2 5 5
-86.3 5777.3 -5.6 161 0 9.2 8.6 5.0 2.5 2 0 2 3 3
-35.5 5787.8 -4.4 343 0 11.7 7.3 2.5 2.5 2 0 1 1 1
-63.9 5720.0 -4.8 164 0 11.0 10.0 5.0 2.5 2 0 2 2 2
-46.0 5672.9 -4.9 72 0 9.3 9.8 2.5 2.5 4 1 1 0 0
-14.1 5683.8 -3.8 77 0 9.3 15.8 5.0 2.5 2 1 2 0 0
-107.4 5653.9 -7.0 340 0 5.1 15.0 5.0 2.5 2 1 2 0 0
77.9 5412.2 -2.0 65 0 12.3 12.6 10.0 2.5 4 0 4 2 2
229.4 5454.7 3.4 83 0 12.7 21.0 7.5 2.5 2 1 3 4 4
205.4 5487.4 2.3 262 0 10.1 22.3 10.0 2.5 2 1 4 2 2
207.2 5508.1 1.1 351 0 10.7 9.7 5.0 2.5 2 0 2 0 0
207.4 5533.7 0.6 354 0 8.4 13.1 5.0 2.5 2 1 2 1 1
167.2 5556.4 -0.1 169 0 11.2 12.4 5.0 2.5 2 1 2 2 2
165.3 5574.8 -0.1 168 0 9.5 10.8 7.5 2.5 2 1 3 1 1
160.1 5599.7 -0.0 168 0 6.6 10.7 5.0 2.5 2 1 2 4 4
128.4 5563.9 -1.5 73 0 10.3 9.3 2.5 2.5 4 0 1 0 0
124.1 5607.2 -0.7 349 0 13.2 11.4 2.5 2.5 2 0 1 0 0
150.5 5649.3 0.5 169 0 11.1 9.3 5.0 2.5 2 0 2 1 1
147.2 5665.6 0.6 169 0 5.7 9.3 5.0 0.0 0 1 2 4 4
144.6 5677.9 0.8 169 0 11.1 10.2 5.0 0.0 0 0 2 0 0
139.1 5709.3 0.9 172 0 9.8 10.3 5.0 2.5 2 1 2 2 2
132.9 5741.5 0.9 170 0 11.4 12.1 2.5 2.5 2 1 1 1 1
93.8 5764.8 -0.6 344 0 10.5 10.5 5.0 0.0 0 0 2 4 4
87.8 5785.1 -0.7 344 0 12.1 10.4 2.5 2.5 2 0 1 1 1
83.2 5820.8 -0.6 343 0 10.4 14.0 5.0 2.5 2 1 2 5 5
78.6 5847.0 -0.7 345 0 10.3 10.1 5.0 2.5 2 0 2 0 0
44.8 5822.9 -1.4 170 0 15.1 13.4 5.0 2.5 4 0 2 1 1
97.5 5919.8 -1.9 173 0 11.3 9.7 5.0 2.5 2 0 2 2 2
92.7 5944.4 -2.8 173 0 8.9 9.8 5.0 2.5 2 1 2 0 0
89.9 6003.5 -5.3 175 0 9.8 10.7 5.0 2.5 2 1 2 4 4
70.5 5900.8 -2.5 351 0 9.9 9.2 5.0 2.5 2 0 2 4 4
68.5 5921.3 -3.1 356 0 9.8 9.3 5.0 2.5 2 0 2 0 0
63.3 5965.9 -4.6 355 0 10.0 9.7 5.0 2.5 2 0 2 4 4
140.4 6019.9 -4.9 358 0 9.2 12.5 5.0 2.5 2 1 2 3 3
63.9 6029.9 -7.0 68 0 10.0 8.9 7.5 2.5 2 0 3 0 0
82.7 6037.9 -6.7 67 0 9.5 10.5 5.0 2.5 2 1 2 0 0
103.0 6055.5 -6.2 248 0 12.8 8.3 7.5 2.5 2 0 3 2 2
117.5 6065.1 -5.8 247 0 11.2 10.8 2.5 2.5 2 0 1 0 0
153.1 6074.3 -5.0 339 0 10.9 10.1 5.0 2.5 2 0 2 2 2
165.2 6019.9 -4.1 87 0 6.3 18.8 5.0 2.5 2 1 2 0 0
24.4 5945.6 -4.9 248 0 8.4 6.8 5.0 2.5 2 0 2 2 2
2.5 5880.6 -4.1 75 0 11.0 9.1 5.0 2.5 2 0 2 2 2
-9.5 5929.3 -5.5 245 0 9.2 10.4 5.0 2.5 4 1 2 3 3
-55.9 5871.5 -5.3 166 0 9.1 13.8 5.0 2.5 2 1 2 4 4
-65.3 5892.6 -6.1 251 0 8.7 10.1 5.0 2.5 2 1 2 1 1
-24.6 5883.2 -4.9 73 0 12.2 6.7 2.5 2.5 2 0 1 2 2
-36.3 5915.9 -5.9 252 0 8.6 12.9 5.0 2.5 2 1 2 3 3
-109.8 5921.9 -8.9 63 0 15.7 13.5 5.0 0.0 0 0 2 5 5
152.5 5170.0 -3.7 167 0 9.5 11.2 5.0 2.5 2 1 2 2 2
151.3 5141.2 -3.7 168 0 10.1 9.7 2.5 2.5 2 0 1 1 1
161.8 5153.1 -3.5 168 0 9.2 8.4 5.0 2.5 2 0 2 5 5
128.1 5149.6 -4.7 346 0 9.8 13.2 2.5 2.5 2 0 1 5 5
131.4 5136.2 -4.6 346 0 6.2 13.2 2.5 0.0 0 0 1 0 0
131.3 5116.1 -4.5 345 0 10.8 8.7 5.0 2.5 2 0 2 2 2
135.9 5102.2 -4.5 346 0 6.4 14.1 5.0 2.5 2 1 2 3 3
139.8 5087.9 -4.4 346 0 6.0 13.8 5.0 2.5 2 0 2 5 5
161.6 5111.8 -3.5 167 0 6.9 9.5 2.5 2.5 2 1 1 4 4
163.7 5097.9 -3.4 169 0 6.9 7.7 2.5 0.0 0 1 1 0 0
168.1 5073.7 -3.3 168 0 10.4 9.4 5.0 2.5 2 0 2 4 4
142.0 5077.1 -4.2 346 0 6.9 9.1 7.5 2.5 2 1 3 1 1
146.4 5059.8 -4.0 347 0 8.8 7.9 5.0 2.5 2 0 2 0 0
143.7 5033.2 -4.1 344 0 10.3 9.0 2.5 2.5 2 0 1 4 4
182.6 5049.3 -2.9 170 0 9.9 9.9 2.5 2.5 2 0 1 3 3
177.2 5035.2 -3.1 170 0 8.3 9.3 2.5 2.5 2 1 1 3 3
184.0 5012.9 -2.9 167 0 8.0 8.1 2.5 2.5 2 1 1 4 4
188.8 4996.7 -2.8 166 0 10.5 10.0 2.5 2.5 2 0 1 0 0
150.6 4989.9 -3.4 345 0 8.8 7.7 2.5 2.5 2 0 1 2 2
153.7 4977.9 -3.1 346 0 9.8 9.2 5.0 2.5 2 0 2 1 1
168.6 4957.8 -2.8 346 0 9.3 10.8 5.0 0.0 0 0 2 1 1
192.2 4981.2 -2.7 168 0 8.4 9.8 5.0 2.5 2 1 2 5 5
203.0 4972.4 -2.4 163 0 8.3 8.7 5.0 0.0 0 1 2 3 3
210.2 4954.8 -2.3 169 0 9.0 8.9 7.5 2.5 2 0 3 0 0
172.2 4940.1 -2.5 347 0 9.0 8.6 5.0 2.5 2 0 2 5 5
155.3 4908.1 -2.0 167 0 10.4 11.0 2.5 2.5 2 0 1 0 0
177.7 4900.3 -1.5 346 0 9.0 10.3 5.0 2.5 2 1 2 5 5
182.6 4883.5 -0.9 347 0 9.9 9.0 5.0 2.5 2 0 2 1 1
201.7 4926.6 -1.8 168 0 8.0 7.8 5.0 2.5 2 0 2 1 1
207.9 4916.3 -1.4 169 0 7.7 8.8 2.5 2.5 2 1 1 5 5
207.9 4900.7 -0.8 166 0 7.2 8.4 2.5 2.5 2 0 1 5 5
212.2 4882.5 -0.2 167 0 8.7 8.1 5.0 2.5 2 0 2 1 1
219.8 4868.1 0.5 169 0 8.9 8.8 7.5 2.5 2 0 3 5 5
192.8 4846.4 0.6 349 0 9.1 8.6 7.5 0.0 0 0 3 1 1
196.2 4829.5 0.9 349 0 9.1 8.6 5.0 2.5 2 0 2 4 4
199.0 4816.0 1.1 349 0 10.5 9.8 2.5 2.5 4 0 1 4 4
220.7 4832.9 1.5 168 0 10.5 9.5 2.5 2.5 2 0 1 5 5
226.6 4808.2 1.8 172 0 9.1 9.7 5.0 2.5 4 1 2 4 4
237.4 4794.2 2.2 169 0 8.9 10.1 5.0 2.5 2 1 2 5 5
234.2 4776.2 2.4 168 0 8.9 7.7 5.0 2.5 2 0 2 4 4
210.7 4766.2 2.1 347 0 9.1 8.6 5.0 2.5 2 0 2 2 2
213.1 4754.2 2.3 346 0 10.3 10.5 5.0 2.5 4 1 2 3 3
237.9 4758.8 2.7 170 0 9.0 8.7 5.0 0.0 0 0 2 1 1
249.8 4746.5 2.9 168 0 11.9 9.2 5.0 2.5 2 0 2 2 2
249.9 4723.1 3.0 169 0 14.9 8.9 2.5 2.5 2 0 1 2 2
254.6 4699.8 3.1 169 0 10.4 9.3 5.0 2.5 2 0 2 2 2
260.5 4676.1 3.1 169 0 11.0 9.2 5.0 2.5 2 0 2 4 4
216.0 4709.4 2.4 259 0 11.9 10.1 2.5 2.5 2 0 1 3 3
226.6 4688.3 2.4 347 0 10.3 8.8 5.0 2.5 2 0 2 0 0
240.3 5338.9 2.1 261 0 9.4 12.7 5.0 2.5 2 1 2 5 5
248.6 5355.4 2.9 260 0 10.1 8.9 5.0 0.0 0 0 2 5 5
302.6 5360.7 4.0 258 0 8.1 12.5 5.0 2.5 2 1 2 3 3
320.6 5364.8 4.6 258 0 8.5 7.0 5.0 2.5 2 0 2 1 1
349.9 5364.0 5.0 348 0 9.8 10.4 2.5 2.5 2 1 1 1 1
357.8 5330.5 3.7 349 0 13.2 12.6 5.0 2.5 2 0 2 4 4
361.4 5309.9 3.1 350 0 9.3 10.5 5.0 2.5 2 1 2 4 4
368.3 5291.3 2.5 348 0 10.2 10.9 5.0 0.0 0 1 2 0 0
384.3 5304.8 3.6 169 0 8.3 6.7 5.0 2.5 2 0 2 1 1
380.9 5321.1 4.1 169 0 8.0 10.8 5.0 2.5 2 1 2 4 4
377.7 5338.8 4.7 169 0 11.2 12.1 5.0 2.5 2 1 2 5 5
380.0 5376.0 4.8 258 0 9.9 8.8 5.0 2.5 2 0 2 3 3
401.9 5380.5 4.6 259 0 9.3 8.4 5.0 2.5 2 0 2 0 0
421.4 5383.8 4.5 259 0 10.7 9.2 2.5 2.5 2 0 1 0 0
438.5 5381.2 4.5 350 0 10.8 6.8 2.5 2.5 2 0 1 1 1
438.4 5349.5 5.1 349 0 9.6 11.4 5.0 2.5 2 1 2 2 2
445.8 5318.6 4.8 348 0 11.6 10.6 5.0 2.5 4 0 2 4 4
450.1 5299.2 4.2 349 0 10.5 10.0 5.0 2.5 2 0 2 0 0
468.7 5372.0 4.5 169 0 9.0 7.4 5.0 2.5 2 0 2 3 3
472.4 5353.1 4.7 169 0 10.2 10.5 2.5 0.0 0 1 1 0 0
477.8 5327.6 5.4 167 0 8.6 9.0 5.0 2.5 2 1 2 3 3
483.4 5303.9 5.1 169 0 10.8 9.4 5.0 2.5 2 0 2 2 2
488.4 5279.0 5.0 167 0 10.6 9.2 2.5 2.5 2 0 1 1 1
454.4 5277.6 4.0 348 0 10.3 9.0 5.0 2.5 2 0 2 2 2
458.2 5259.7 3.9 349 0 10.6 10.0 2.5 2.5 2 0 1 1 1
463.5 5237.0 3.9 349 0 8.8 7.3 2.5 2.5 4 0 1 0 0
494.6 5251.3 4.9 170 0 9.5 9.0 5.0 2.5 2 0 2 2 2
499.2 5231.3 4.9 168 0 10.6 10.5 5.0 2.5 2 0 2 4 4
468.6 5210.6 3.8 349 0 11.5 10.9 5.0 2.5 2 0 2 2 2
473.3 5190.0 3.9 347 0 10.6 9.0 2.5 2.5 2 0 1 2 2
478.0 5166.9 4.0 348 0 10.7 9.7 2.5 2.5 2 0 1 0 0
506.9 5194.3 4.9 170 0 18.1 9.7 5.0 2.5 2 0 2 0 0
514.0 5160.2 5.2 166 0 8.0 10.8 5.0 2.5 2 1 2 1 1
519.1 5134.0 5.4 169 0 10.7 11.5 2.5 0.0 0 1 1 5 5
482.1 5148.1 4.2 348 0 9.3 9.0 2.5 0.0 0 0 1 3 3
493.4 5099.2 4.5 347 0 11.4 12.3 5.0 2.5 2 1 2 2 2
497.4 5079.2 4.5 348 0 9.9 9.3 5.0 2.5 4 0 2 3 3
502.2 5053.2 4.4 348 0 11.1 11.1 5.0 2.5 2 0 2 2 2
507.5 5030.0 4.4 348 0 9.1 10.3 5.0 2.5 4 1 2 3 3
514.0 5001.5 4.5 348 0 14.4 9.4 5.0 2.5 2 0 2 5 5
518.0 4981.4 4.6 347 0 10.5 9.6 5.0 2.5 2 0 2 1 1
541.2 5031.1 5.4 166 0 9.6 8.6 5.0 2.5 2 0 2 0 0
546.2 5008.9 5.4 171 0 11.9 13.0 2.5 0.0 0 1 1 4 4
550.8 4985.2 5.6 169 0 9.6 9.0 5.0 2.5 2 0 2 3 3
554.4 4962.7 5.8 171 0 14.1 13.8 5.0 2.5 2 0 2 0 0
571.8 5044.3 5.9 346 0 11.5 13.2 5.0 2.5 4 1 2 2 2
575.4 5089.4 6.0 349 0 13.3 17.9 5.0 2.5 4 1 2 2 2
490.3 5384.7 4.4 262 0 6.2 15.0 2.5 2.5 2 1 1 3 3
502.3 5388.6 4.6 262 0 8.0 15.3 5.0 2.5 2 1 2 3 3
561.0 5408.1 5.6 264 0 12.5 11.9 5.0 2.5 2 0 2 4 4
753.6 5415.6 5.7 178 0 11.4 15.0 5.0 2.5 2 1 2 5 5
785.7 5430.8 5.6 266 0 13.6 12.4 5.0 2.5 2 0 2 1 1
808.1 5433.0 5.5 273 0 11.9 13.7 5.0 2.5 2 1 2 3 3
837.2 5433.2 5.6 265 0 17.8 11.9 5.0 2.5 2 0 2 2 2
781.2 5473.0 4.9 84 0 12.8 11.1 2.5 2.5 2 0 1 4 4
803.7 5474.7 4.8 85 0 15.9 12.2 2.5 2.5 2 0 1 4 4
738.5 5485.9 5.3 270 0 10.5 12.4 5.0 0.0 0 1 2 2 2
759.5 5500.9 4.9 270 0 10.5 21.2 5.0 2.5 2 1 2 2 2
778.2 5529.0 4.7 180 0 13.9 15.5 2.5 2.5 2 1 1 0 0
806.0 5558.0 4.6 178 0 13.7 13.5 5.0 2.5 4 0 2 5 5
280.9 5287.8 0.9 349 0 10.1 12.9 5.0 2.5 4 1 2 3 3
302.0 5324.0 2.8 170 0 17.1 6.6 5.0 2.5 2 0 2 4 4
308.1 5276.8 1.2 168 0 10.8 9.6 5.0 2.5 2 0 2 3 3
288.0 5254.4 -0.1 349 0 8.6 7.8 5.0 2.5 2 0 2 2 2
294.3 5232.1 -0.4 348 0 13.1 12.8 5.0 2.5 4 0 2 5 5
313.6 5252.6 0.6 169 0 9.6 10.1 2.5 2.5 2 1 1 0 0
317.7 5233.9 0.6 167 0 9.9 9.5 5.0 2.5 4 0 2 4 4
297.0 5214.2 -0.4 348 0 9.6 11.2 5.0 2.5 2 1 2 5 5
302.5 5184.6 -0.4 349 0 10.6 12.2 5.0 2.5 2 1 2 0 0
323.0 5207.1 0.5 168 0 11.9 10.9 2.5 2.5 4 0 1 5 5
706.8 5643.1 4.5 88 0 10.9 30.0 7.5 2.5 2 1 3 1 1
799.2 5628.8 4.4 88 0 11.8 18.3 2.5 0.0 0 0 1 5 5
781.3 5662.0 4.2 178 0 31.5 25.5 10.0 0.0 0 0 4 4 4
839.9 5605.1 4.4 180 0 12.9 13.1 5.0 2.5 2 1 2 0 0
867.8 5639.1 4.2 266 0 10.3 15.9 5.0 2.5 2 1 2 1 1
877.8 5655.1 4.1 177 0 8.8 10.9 5.0 2.5 2 1 2 0 0
-3665.5 4988.2 -32.9 266 0 10.4 9.2 2.5 0.0 0 0 1 2 2
-3668.5 4969.1 -33.0 180 0 5.3 10.0 5.0 2.5 2 1 2 3 3
-1950.1 7006.6 -16.9 172 0 9.3 17.9 2.5 2.5 2 1 1 1 1
-1120.0 7130.9 -8.5 259 0 11.4 12.2 5.0 2.5 2 1 2 4 4
-1156.8 7176.3 -7.6 347 0 10.3 7.8 2.5 2.5 2 0 1 3 3
-1237.1 7123.2 -11.8 72 0 11.9 10.7 5.0 2.5 2 0 2 0 0
-1310.6 7088.5 -13.3 321 0 10.4 10.3 5.0 2.5 2 0 2 1 1
-1340.1 7109.5 -13.4 70 0 11.2 13.4 5.0 2.5 2 1 2 3 3
-1420.9 7095.2 -13.1 85 0 8.9 9.6 5.0 2.5 2 1 2 3 3
-1461.6 7092.0 -12.9 80 0 9.6 11.2 5.0 2.5 2 1 2 5 5
-2045.2 6965.9 -17.7 69 0 8.7 8.2 7.5 2.5 2 0 3 0 0
-1859.8 7053.0 -16.5 78 0 10.1 8.5 2.5 2.5 2 0 1 2 2
-2013.5 6865.8 -17.0 163 0 8.7 14.2 5.0 2.5 2 1 2 3 3
-2064.8 6938.1 -17.2 256 0 7.4 11.5 5.0 2.5 2 1 2 3 3
-2256.0 7001.2 -15.7 86 0 11.9 14.5 2.5 2.5 2 1 1 5 5
-2333.8 7008.6 -16.1 84 0 10.7 12.9 5.0 2.5 2 1 2 4 4
-1480.9 6946.7 -10.6 107 0 7.6 24.8 8.0 2.5 2 1 2 3 3
4605.9 -8732.3 4.0 304 0 37.2 19.0 14.0 0.0 0 0 4 0 0
4544.0 -8693.2 5.3 303 0 48.7 13.6 14.0 3.5 2 0 4 0 0
4444.2 -8468.9 6.3 271 0 12.0 49.6 7.5 2.5 2 1 3 1 1
4292.5 -8422.8 4.3 93 0 24.6 28.0 12.5 0.0 0 0 5 5 5
4414.8 -8421.8 6.7 271 0 45.8 12.4 10.0 2.5 2 0 4 0 0
4510.0 -8586.3 6.1 10 0 29.3 7.3 7.5 2.5 2 0 3 3 3
4398.9 -8546.8 4.8 125 0 21.2 11.9 7.5 2.5 2 0 3 3 3
4836.2 -8564.1 3.5 288 0 15.4 30.1 7.5 2.5 4 0 3 1 1
4724.3 -8580.4 6.5 108 0 15.1 30.0 12.5 2.5 2 1 5 3 3
4815.1 -8499.5 5.3 277 0 11.8 20.1 7.5 0.0 0 1 3 2 2
4857.5 -8668.8 1.2 207 0 12.4 11.1 7.5 2.5 2 0 3 0 0
5470.2 -8224.1 6.4 350 0 5.0 11.1 5.0 2.5 2 1 2 2 2
5454.8 -8254.7 5.2 3 0 5.4 11.0 7.5 2.5 2 1 3 2 2
5479.6 -8224.5 6.7 174 0 9.5 11.0 7.5 2.5 2 1 3 4 4
5452.7 -8184.7 7.6 34 0 12.3 8.9 2.5 2.5 2 0 1 3 3
5291.3 -8467.1 1.4 196 0 10.1 11.2 5.0 2.5 2 1 2 1 1
5285.9 -8422.6 1.2 16 0 13.4 10.2 5.0 2.5 2 0 2 5 5
5308.6 -8445.6 1.5 15 0 9.6 10.8 7.5 2.5 2 1 3 5 5
5219.8 -8404.4 0.7 196 0 13.2 10.3 10.0 2.5 2 0 4 3 3
5192.2 -8435.8 0.3 286 0 9.5 13.1 5.0 2.5 2 1 2 0 0
5193.6 -8427.1 0.4 108 0 8.7 9.6 2.5 2.5 2 1 1 2 2
5212.4 -8398.6 0.6 17 0 10.4 13.4 7.5 2.5 4 1 3 3 3
5266.8 -8417.4 1.0 16 0 13.6 10.1 10.0 2.5 2 0 4 0 0
5238.9 -8409.6 0.9 196 0 13.2 10.1 5.0 0.0 0 0 2 4 4
5311.6 -8433.1 1.5 28 0 6.8 10.5 5.0 0.0 0 1 2 1 1
5205.2 -8445.8 0.5 197 0 5.1 16.3 7.5 0.0 0 0 3 3 3
5246.0 -8457.5 0.9 196 0 12.6 10.7 5.0 2.5 2 0 2 1 1
5264.1 -8462.9 1.1 196 0 10.0 9.6 5.0 2.5 2 0 2 5 5
5210.5 -8453.7 0.6 197 0 6.8 6.2 5.0 2.5 4 0 2 1 1
5284.9 -8462.7 1.3 104 0 8.3 4.9 7.5 2.5 2 0 3 2 2
5227.4 -8428.1 0.7 17 0 5.5 9.7 7.5 2.5 2 0 3 4 4
5205.2 -8422.6 0.5 107 0 6.0 11.2 2.5 2.5 2 1 1 0 0
5246.3 -8437.1 0.8 17 0 5.4 12.5 2.5 2.5 2 0 1 4 4
5232.1 -8426.7 0.8 287 0 8.2 6.8 2.5 2.5 2 0 1 3 3
5229.8 -8454.1 0.7 17 0 6.4 9.7 2.5 2.5 4 0 1 0 0
5263.6 -8435.2 1.1 284 0 7.1 5.5 7.5 2.5 2 0 3 2 2
5287.6 -8452.1 1.3 284 0 8.3 6.1 5.0 2.5 2 0 2 3 3
5306.1 -8330.2 2.2 267 0 8.5 8.8 5.0 2.5 2 1 2 3 3
5280.2 -8377.9 1.6 87 0 9.3 9.3 5.0 2.5 4 1 2 1 1
5218.9 -8349.1 1.0 287 0 10.2 11.5 7.5 2.5 2 1 3 0 0
5221.1 -8334.4 1.3 108 0 8.7 9.4 5.0 2.5 2 1 2 1 1
5312.8 -8370.3 1.9 357 0 9.1 9.1 7.5 2.5 2 0 3 0 0
5307.2 -8356.3 2.0 86 0 9.5 9.4 5.0 2.5 2 0 2 5 5
5290.1 -8338.1 2.0 264 0 5.1 8.2 2.5 2.5 4 1 1 3 3
5238.3 -8360.2 1.3 105 0 5.0 12.5 7.5 2.5 2 1 3 2 2
5296.8 -8366.1 1.8 356 0 5.1 7.9 5.0 2.5 2 1 2 2 2
5343.7 -8364.1 2.3 267 0 9.0 9.5 2.5 2.5 2 1 1 5 5
5343.1 -8354.1 2.4 86 0 9.2 9.4 5.0 2.5 4 1 2 1 1
5372.0 -8371.1 2.6 87 0 9.2 9.0 7.5 2.5 4 0 3 0 0
5362.6 -8331.6 2.8 177 0 9.8 9.2 5.0 2.5 2 0 2 1 1
5391.7 -8370.1 2.8 86 0 10.8 10.4 2.5 2.5 2 0 1 0 0
5337.5 -8332.8 2.5 178 0 9.1 8.1 5.0 2.5 2 0 2 2 2
5386.8 -8325.5 3.0 267 0 9.0 9.5 7.5 2.5 2 1 3 3 3
5519.4 -8309.3 5.0 266 0 12.1 10.2 7.5 2.5 2 0 3 0 0
5495.8 -8311.6 4.5 283 0 6.3 12.1 7.5 2.5 4 1 3 2 2
5521.1 -8329.5 4.8 86 0 10.6 10.0 7.5 2.5 2 0 3 5 5
5521.8 -8338.0 4.4 265 0 12.1 11.2 2.5 2.5 2 0 1 3 3
5523.8 -8358.5 4.2 85 0 10.4 9.4 2.5 2.5 2 0 1 3 3
5491.5 -8356.8 3.9 175 0 9.4 10.9 5.0 2.5 2 1 2 4 4
5479.7 -8319.0 4.2 355 0 10.3 10.0 5.0 2.5 2 0 2 1 1
5472.2 -8352.4 3.7 182 0 5.3 11.0 5.0 2.5 2 1 2 5 5
5453.5 -8352.8 3.5 176 0 9.7 11.1 5.0 0.0 0 1 2 2 2
5500.2 -8329.4 4.4 265 0 5.4 7.9 5.0 2.5 2 1 2 1 1
5379.4 -8347.2 2.9 176 0 6.6 6.3 5.0 2.5 2 0 2 0 0
5502.0 -8319.9 4.7 177 0 5.8 7.2 5.0 2.5 2 1 2 0 0
5349.6 -8357.7 2.5 177 0 4.6 10.0 5.0 0.0 0 1 2 3 3
5357.9 -8337.3 2.7 356 0 7.6 5.3 5.0 0.0 0 0 2 2 2
5488.3 -8337.4 4.0 265 0 6.1 7.3 5.0 2.5 2 1 2 2 2
5460.3 -8334.2 3.7 255 0 7.4 6.5 5.0 2.5 2 0 2 1 1
5468.4 -8333.2 3.8 265 0 7.8 5.9 5.0 2.5 2 0 2 1 1
5073.1 -8682.8 -1.8 15 0 14.3 5.8 2.5 2.5 2 0 1 2 2
5100.8 -8697.4 -1.3 108 0 8.4 8.8 7.5 0.0 0 1 3 3 3
5163.7 -8706.9 -0.2 185 0 24.7 19.0 12.5 2.5 2 0 5 3 3
5032.9 -8665.3 -2.5 289 0 10.3 10.3 2.5 2.5 2 1 1 3 3
5036.6 -8660.1 -2.2 121 0 9.8 10.1 2.5 2.5 2 1 1 4 4
5182.0 -8677.7 -0.0 196 0 7.2 7.2 5.0 2.5 2 0 2 5 5
5063.0 -8647.1 -1.9 289 0 14.2 10.4 2.5 2.5 2 0 1 1 1
5109.0 -8671.9 -1.2 108 0 5.2 8.5 5.0 2.5 4 1 2 5 5
5096.9 -8710.3 0.3 347 0 5.1 75.7 7.5 2.5 2 0 3 3 3
5056.2 -8635.8 -1.8 109 0 9.5 9.9 7.5 2.5 2 1 3 2 2
5065.6 -8617.2 -1.5 198 0 9.8 9.6 7.5 2.5 4 0 3 5 5
5071.4 -8600.0 -1.3 197 0 8.6 5.1 5.0 2.5 2 0 2 4 4
5213.8 -8684.0 0.3 13 0 4.5 8.0 7.5 2.5 2 0 3 3 3
4991.4 -8712.4 0.7 214 0 7.6 8.9 5.0 2.5 2 0 2 0 0
5136.1 -8676.6 -0.9 17 0 8.5 8.2 5.0 2.5 2 0 2 4 4
4996.2 -8705.4 -0.3 215 0 9.4 7.8 5.0 0.0 0 0 2 4 4
5095.0 -8681.9 -1.4 193 0 6.0 10.1 5.0 2.5 2 1 2 1 1
5123.9 -8688.4 -1.2 17 0 4.9 11.4 5.0 2.5 2 1 2 0 0
5209.8 -8663.4 0.4 15 0 9.1 9.1 7.5 2.5 2 1 3 5 5
5062.1 -8708.7 0.1 2 0 4.9 14.6 5.0 2.5 4 1 2 5 5
5089.1 -8606.5 -1.0 195 0 4.8 9.8 5.0 2.5 2 1 2 4 4
5079.3 -8644.9 -1.4 197 0 5.3 9.5 7.5 2.5 2 0 3 4 4
5054.8 -8663.1 -2.1 109 0 22.0 6.3 7.5 0.0 0 0 3 1 1
5029.5 -8714.4 0.0 100 0 4.3 9.5 7.5 2.5 2 1 3 2 2
5042.1 -8670.0 -2.2 200 0 7.6 20.5 5.0 2.5 2 1 2 5 5
5008.5 -8714.1 0.9 205 0 5.8 8.4 5.0 2.5 2 0 2 5 5
5206.1 -8682.1 0.2 13 0 4.5 8.9 7.5 2.5 2 0 3 5 5
5182.9 -8654.1 0.1 195 0 4.0 10.7 7.5 0.0 0 1 3 5 5
5011.2 -8733.0 1.7 97 0 4.6 13.8 7.5 2.5 2 1 3 5 5
5084.1 -8634.3 -1.3 107 0 9.8 4.7 7.5 0.0 0 0 3 2 2
5040.4 -8684.7 -2.4 291 0 12.1 5.0 7.5 2.5 4 0 3 0 0
5096.5 -8652.4 -1.2 196 0 4.5 15.3 7.5 2.5 2 1 3 1 1
5059.9 -8695.6 -1.7 8 0 7.5 5.9 7.5 2.5 2 0 3 3 3
5169.0 -8649.0 -0.1 106 0 7.9 11.0 7.5 2.5 2 1 3 1 1
5014.5 -8700.1 -0.7 206 0 4.3 8.5 7.5 0.0 0 0 3 3 3
5001.8 -8711.1 0.6 213 0 6.4 7.3 5.0 0.0 0 0 2 2 2
5019.1 -8731.7 2.3 97 0 7.4 8.1 5.0 2.5 4 0 2 0 0
5079.5 -8638.5 -1.5 107 0 22.4 5.4 5.0 2.5 2 0 2 5 5
5088.9 -8646.0 -1.3 197 0 14.2 6.6 5.0 2.5 2 0 2 3 3
5562.6 -8362.5 4.7 176 0 4.6 9.6 7.5 2.5 2 1 3 2 2
5618.2 -8345.5 5.7 267 0 10.3 10.1 5.0 2.5 2 0 2 4 4
5578.0 -8360.4 5.0 174 0 6.0 7.9 5.0 2.5 2 1 2 5 5
5584.4 -8420.4 4.5 239 0 9.8 10.0 7.5 2.5 2 1 3 0 0
5590.0 -8443.6 4.5 150 0 6.4 11.9 2.5 2.5 2 1 1 3 3
5624.9 -8419.1 4.8 170 0 6.3 10.8 5.0 2.5 2 1 2 1 1
5607.1 -8460.2 4.5 59 0 8.4 10.1 5.0 2.5 2 1 2 5 5
5607.8 -8470.9 4.5 149 0 6.1 9.9 7.5 2.5 2 1 3 3 3
5651.7 -8454.5 4.9 59 0 9.9 10.3 2.5 2.5 2 1 1 5 5
4047.0 -5223.8 5.5 157 0 10.8 13.4 10.0 2.5 2 1 4 4 4
4164.8 -5327.5 4.9 160 0 6.6 13.2 7.5 2.5 2 1 3 0 0
4427.6 -6908.3 10.7 163 0 7.5 17.5 7.5 2.5 2 1 3 0 0
4276.8 -5582.1 5.7 159 0 11.0 11.4 7.5 2.5 2 1 3 1 1
4230.8 -5404.5 4.1 8 0 10.8 14.6 5.0 2.5 2 1 2 5 5
2098.1 -5523.7 -4.7 174 0 11.1 12.3 2.5 2.5 2 1 1 1 1
4008.9 -6907.2 12.1 251 0 5.8 13.0 7.5 0.0 0 1 3 3 3
3784.2 -4819.0 6.4 251 0 10.0 11.1 5.0 2.5 2 1 2 5 5
4532.1 -6472.1 7.0 71 0 6.7 16.0 2.5 2.5 2 1 1 4 4
3838.7 -6714.3 15.6 162 0 4.8 8.6 2.5 2.5 2 1 1 1 1
4470.7 -6652.2 8.6 351 0 10.5 9.5 2.5 2.5 4 0 1 4 4
2310.6 -6214.5 0.5 65 0 6.7 9.6 7.5 2.5 2 1 3 3 3
3929.1 -5108.6 8.3 72 0 6.3 7.1 5.0 2.5 2 1 2 1 1
3287.0 -6491.4 20.7 63 0 4.8 16.8 5.0 2.5 4 1 2 2 2
2432.0 -6507.3 1.6 340 0 9.8 8.6 5.0 2.5 2 0 2 1 1
4356.5 -6128.0 11.6 162 0 13.4 8.9 7.5 2.5 2 0 3 1 1
2248.8 -5690.0 -2.3 96 0 6.6 6.1 5.0 0.0 0 0 2 5 5
4420.2 -6437.8 9.9 165 0 5.7 8.5 7.5 2.5 2 1 3 4 4
3856.4 -4784.9 4.2 340 0 5.0 17.8 2.5 2.5 2 1 1 0 0
3033.7 -6872.2 11.3 50 0 6.6 17.1 2.5 2.5 2 1 1 2 2
4383.3 -6072.1 10.1 346 0 9.4 8.6 5.0 2.5 2 0 2 2 2
4045.5 -6896.9 11.8 253 0 10.4 8.1 2.5 2.5 2 0 1 0 0
4328.9 -5828.8 7.4 341 0 8.0 5.5 7.5 2.5 2 0 3 2 2
4280.2 -5689.5 7.5 337 0 9.9 9.0 5.0 2.5 2 0 2 2 2
4488.9 -6364.2 8.6 252 0 9.0 9.6 7.5 2.5 2 1 3 4 4
4177.0 -5434.9 6.4 341 0 8.3 10.8 5.0 2.5 2 1 2 0 0
4370.1 -5979.4 9.0 355 0 9.0 8.4 2.5 2.5 2 0 1 5 5
4375.4 -6820.6 8.1 253 0 24.5 4.9 7.5 2.5 2 0 3 3 3
4012.1 -6786.8 13.2 73 0 6.9 8.7 2.5 2.5 2 1 1 5 5
4338.9 -5841.9 7.4 340 0 11.5 10.2 5.0 2.5 2 0 2 3 3
2059.3 -5468.4 -3.5 182 0 6.1 9.5 5.0 2.5 2 1 2 3 3
4357.4 -5918.4 8.6 351 0 10.9 6.5 7.5 2.5 2 0 3 3 3
4532.3 -6658.9 9.0 73 0 12.1 9.9 7.5 2.5 2 0 3 2 2
4453.0 -6520.6 8.1 342 0 9.4 8.4 5.0 2.5 2 0 2 2 2
4191.4 -5386.7 4.7 162 0 10.0 8.7 7.5 2.5 2 0 3 4 4
3855.7 -6701.1 15.4 341 0 9.3 7.9 5.0 2.5 2 0 2 3 3
2143.7 -6104.8 -2.4 67 0 12.5 11.9 7.5 2.5 2 0 3 4 4
3150.3 -6700.5 13.7 75 0 7.9 8.7 2.5 2.5 4 1 1 2 2
4374.9 -5757.1 5.8 342 0 14.3 9.4 5.0 2.5 2 0 2 0 0
4440.4 -6166.6 9.8 162 0 8.3 8.3 5.0 2.5 2 0 2 1 1
2418.4 -6443.6 1.8 155 0 10.2 8.2 5.0 2.5 2 0 2 3 3
4394.7 -6104.3 10.5 347 0 8.1 7.3 5.0 2.5 2 0 2 3 3
2155.5 -5575.9 -3.8 357 0 10.0 8.6 7.5 2.5 2 0 3 2 2
4429.1 -6413.0 10.2 339 0 4.9 9.8 5.0 2.5 4 1 2 1 1
3793.7 -4848.1 7.0 343 0 9.6 10.5 7.5 2.5 2 1 3 4 4
3044.6 -6867.9 12.0 143 0 4.6 20.8 5.0 2.5 2 0 2 4 4
4352.8 -6056.9 10.3 161 0 4.8 10.1 7.5 2.5 4 1 3 1 1
4332.5 -5804.3 7.1 339 0 8.1 8.8 5.0 2.5 2 1 2 4 4
4148.5 -5367.5 5.8 343 0 9.1 8.4 7.5 2.5 2 0 3 3 3
4288.6 -5612.0 5.9 158 0 10.0 11.5 2.5 2.5 2 1 1 3 3
4226.9 -5556.7 6.8 339 0 9.7 6.8 5.0 2.5 2 0 2 2 2
4402.3 -6189.6 11.3 341 0 8.8 7.8 5.0 2.5 2 0 2 5 5
4259.0 -5634.1 7.3 340 0 9.1 8.2 2.5 2.5 2 0 1 5 5
4187.5 -5463.5 6.5 341 0 9.0 7.8 7.5 2.5 4 0 3 5 5
4370.8 -5957.4 8.8 349 0 9.1 8.0 7.5 2.5 2 0 3 3 3
4483.1 -6728.0 9.7 350 0 10.2 9.3 7.5 2.5 4 0 3 5 5
4151.0 -5511.9 7.9 162 0 5.7 7.2 5.0 2.5 2 1 2 2 2
3895.1 -6741.3 15.2 333 0 9.9 9.1 2.5 2.5 2 0 1 5 5
4405.0 -5835.0 6.0 71 0 10.4 9.4 7.5 2.5 2 0 3 4 4
2492.8 -6541.2 3.2 152 0 9.5 10.6 2.5 2.5 2 1 1 0 0
4479.9 -6670.0 9.0 349 0 12.5 8.8 7.5 2.5 2 0 3 0 0
3837.5 -6663.9 15.5 252 0 9.6 9.9 5.0 2.5 2 1 2 0 0
4394.0 -6141.7 11.1 349 0 10.6 9.1 7.5 2.5 2 0 3 0 0
4108.7 -5274.3 5.9 336 0 8.8 8.1 2.5 2.5 2 0 1 5 5
2039.9 -5938.1 -5.3 76 0 9.2 10.4 7.5 2.5 2 1 3 0 0
4439.2 -6450.9 9.1 347 0 10.9 11.6 7.5 0.0 0 1 3 4 4
3102.7 -6680.6 12.5 268 0 9.4 26.5 7.5 2.5 4 1 3 3 3
4385.5 -6081.2 10.3 346 0 9.3 8.6 5.0 2.5 2 0 2 0 0
4391.4 -5781.8 5.8 343 0 10.2 10.8 7.5 0.0 0 1 3 3 3
3058.0 -6851.3 11.9 320 0 5.0 20.7 5.0 2.5 2 0 2 5 5
4293.2 -5706.6 7.3 339 0 8.5 7.7 5.0 2.5 2 0 2 4 4
4378.9 -6035.1 9.5 345 0 12.7 11.9 5.0 2.5 2 0 2 4 4
4505.0 -6413.8 8.0 160 0 8.5 5.1 2.5 2.5 2 0 1 0 0
4244.9 -5614.7 7.3 342 0 10.8 9.8 5.0 2.5 4 0 2 5 5
4308.5 -5872.2 7.9 162 0 4.9 18.8 5.0 2.5 2 1 2 3 3
2068.8 -5486.9 -3.7 180 0 10.1 8.6 2.5 2.5 2 0 1 4 4
4340.3 -5569.0 3.9 68 0 11.5 10.0 2.5 2.5 2 0 1 4 4
4366.2 -5916.9 8.4 351 0 10.9 8.9 7.5 2.5 2 0 3 0 0
4478.1 -6700.2 9.6 351 0 9.8 8.8 7.5 2.5 4 0 3 5 5
4459.7 -6548.7 7.6 347 0 8.8 7.6 5.0 2.5 2 0 2 2 2
4206.5 -5501.0 6.4 341 0 7.8 6.8 2.5 2.5 2 0 1 3 3
4401.9 -5809.3 6.0 341 0 5.0 10.2 5.0 2.5 2 1 2 1 1
2479.6 -6573.7 2.8 322 0 10.2 10.0 5.0 0.0 0 0 2 1 1
4302.0 -5727.8 7.2 336 0 11.9 9.1 2.5 2.5 2 0 1 3 3
4460.7 -6588.6 7.4 352 0 14.9 11.8 7.5 2.5 2 0 3 4 4
4373.2 -6001.0 9.2 351 0 10.2 12.4 10.0 2.5 2 1 4 3 3
4011.2 -6885.6 12.5 73 0 10.7 11.8 2.5 2.5 2 1 1 0 0
4327.4 -5791.9 7.0 341 0 7.9 7.6 2.5 2.5 2 0 1 1 1
4369.2 -6184.7 11.9 161 0 9.5 11.6 5.0 2.5 2 1 2 3 3
4118.1 -5295.0 6.1 340 0 12.4 12.2 5.0 2.5 2 0 2 0 0
4238.7 -5599.1 7.3 337 0 8.9 13.0 7.5 2.5 2 1 3 2 2
4192.5 -5480.0 6.6 342 0 7.9 7.8 7.5 2.5 4 0 3 3 3
4207.1 -5518.2 6.7 344 0 5.5 21.4 5.0 0.0 0 1 2 3 3
2522.1 -6575.5 3.8 160 0 9.9 8.0 7.5 2.5 2 0 3 5 5
4350.8 -5732.7 5.9 251 0 9.8 12.7 2.5 2.5 2 1 1 5 5
2389.3 -6393.9 1.8 88 0 4.8 8.8 7.5 2.5 2 1 3 5 5
4431.1 -6389.1 10.2 341 0 8.1 8.9 7.5 2.5 2 1 3 3 3
2461.9 -6560.4 2.3 326 0 9.6 10.6 7.5 2.5 2 1 3 0 0
4236.4 -5523.7 5.7 161 0 8.8 8.3 5.0 2.5 2 0 2 2 2
4426.9 -5908.9 6.9 342 0 9.3 11.1 7.5 2.5 2 0 3 1 1
4181.0 -5448.2 6.5 342 0 9.8 11.0 7.5 2.5 2 1 3 4 4
4427.0 -5927.4 6.9 72 0 11.2 12.9 10.0 2.5 2 0 4 2 2
5377.7 -8284.4 3.6 86 0 5.8 10.4 7.5 2.5 2 0 3 2 2
5362.0 -8264.9 3.6 283 0 5.1 7.0 5.0 2.5 2 0 2 5 5
5372.3 -8299.1 3.1 358 0 8.7 8.7 2.5 2.5 2 1 1 2 2
5384.0 -8296.1 3.4 176 0 9.1 8.7 5.0 2.5 2 0 2 2 2
5340.9 -8307.0 2.7 85 0 9.0 9.3 5.0 2.5 2 1 2 3 3
5334.9 -8282.7 3.0 175 0 8.6 8.5 5.0 2.5 2 0 2 5 5
5331.5 -8266.8 3.2 176 0 14.2 9.9 5.0 2.5 2 0 2 1 1
5335.9 -8244.9 3.8 194 0 9.1 9.3 7.5 2.5 4 1 3 0 0
5350.2 -8225.9 4.5 294 0 10.3 10.0 5.0 2.5 2 0 2 3 3
5364.8 -8251.0 4.1 189 0 11.9 10.3 5.0 2.5 2 0 2 0 0
5387.4 -8252.4 4.2 279 0 8.7 9.1 5.0 0.0 0 1 2 0 0
5386.5 -8274.5 3.8 11 0 4.1 12.0 7.5 2.5 2 0 3 0 0
5356.2 -8290.0 3.1 357 0 6.8 4.5 2.5 2.5 4 0 1 1 1
5363.8 -8268.5 3.7 191 0 7.4 11.4 2.5 2.5 2 0 1 2 2
5513.7 -8243.1 6.4 265 0 11.9 10.2 2.5 2.5 4 0 1 4 4
5515.5 -8263.3 6.1 85 0 10.5 10.1 5.0 2.5 4 0 2 5 5
5522.3 -8273.8 5.7 334 0 10.0 12.0 7.5 2.5 4 0 3 4 4
5517.8 -8292.6 5.5 85 0 10.7 10.2 5.0 0.0 0 0 2 2 2
5481.7 -8249.9 5.9 175 0 9.3 10.9 7.5 2.5 2 1 3 2 2
5473.8 -8253.1 5.5 3 0 5.5 11.1 7.5 2.5 2 1 3 1 1
5477.3 -8290.1 4.8 354 0 9.7 11.1 2.5 2.5 2 1 1 4 4
5447.6 -8286.2 4.6 175 0 9.6 11.1 5.0 2.5 2 1 2 3 3
5457.2 -8267.2 5.1 266 0 7.2 5.7 2.5 2.5 2 0 1 1 1
5362.2 -8345.0 2.6 267 0 6.0 11.7 7.5 2.5 2 1 3 4 4
5479.6 -8275.8 5.2 358 0 6.7 6.8 7.5 0.0 0 1 3 3 3
5499.9 -8290.5 5.2 176 0 13.3 4.2 7.5 2.5 2 0 3 1 1
5482.4 -8265.9 5.5 263 0 7.8 5.2 5.0 2.5 2 0 2 4 4
5496.0 -8277.3 5.5 83 0 5.5 7.7 7.5 2.5 2 0 3 5 5
5444.3 -8275.7 4.8 176 0 3.7 17.1 7.5 2.5 2 0 3 3 3
5497.5 -8266.8 5.6 353 0 5.2 11.0 5.0 2.5 2 0 2 0 0
5358.2 -8373.0 2.5 55 0 4.0 4.6 7.5 2.5 2 1 3 4 4
5507.9 -8198.0 7.8 250 0 10.0 11.5 10.0 2.5 2 1 4 3 3
5516.5 -8228.2 7.2 86 0 9.5 10.8 5.0 2.5 2 1 2 1 1
5496.8 -8215.5 7.2 264 0 7.6 5.9 7.5 2.5 2 0 3 5 5
5492.7 -8209.0 7.4 355 0 6.7 6.1 7.5 2.5 2 0 3 3 3
5456.6 -8201.9 7.2 221 0 6.0 3.7 7.5 2.5 2 0 3 5 5
5475.1 -8212.8 7.2 81 0 5.2 10.5 7.5 2.5 2 1 3 1 1
5524.2 -8220.9 7.6 359 0 4.3 5.0 7.5 2.5 2 1 3 3 3
3928.4 -8290.1 1.6 215 0 25.5 8.3 2.5 2.5 2 0 1 2 2
4107.6 -8415.8 0.9 124 0 10.0 11.3 7.5 2.5 2 1 3 4 4
4317.5 -8546.1 2.8 305 0 15.1 10.7 5.0 2.5 2 0 2 1 1
4210.5 -8488.3 1.2 125 0 5.8 13.6 5.0 2.5 2 1 2 3 3
4273.8 -8504.9 2.4 308 0 9.2 11.9 7.5 0.0 0 0 3 1 1
4259.5 -8496.7 2.3 298 0 14.4 10.1 5.0 0.0 0 0 2 0 0
4073.3 -8389.9 1.1 122 0 11.3 10.6 2.5 2.5 2 0 1 5 5
4460.4 -8684.7 4.3 3 0 10.0 8.8 10.5 0.0 0 0 3 1 1
3890.6 -8471.3 1.5 124 0 54.1 19.4 12.5 2.5 2 0 5 4 4
4461.5 -8640.9 4.5 359 0 5.0 9.7 10.5 3.5 4 0 3 0 0
3999.3 -8354.1 2.1 216 0 9.4 9.9 7.5 2.5 2 1 3 5 5
4158.3 -8436.1 1.2 305 0 6.8 10.5 7.5 0.0 0 0 3 4 4
3776.2 -8461.3 4.2 33 0 60.2 22.9 7.5 2.5 2 0 3 3 3
3982.7 -8361.5 2.5 35 0 15.3 42.5 7.5 2.5 2 1 3 5 5
4461.4 -8635.3 4.5 359 0 6.2 9.7 10.5 3.5 2 0 3 2 2
3998.3 -8331.2 1.6 35 0 8.0 8.9 5.0 2.5 2 1 2 4 4
4152.6 -8432.1 1.2 305 0 7.2 10.5 5.0 2.5 2 0 2 1 1
4228.9 -8504.4 1.2 122 0 13.3 13.0 10.0 2.5 2 0 4 2 2
3838.4 -8320.9 3.9 35 0 74.0 31.3 12.5 0.0 0 0 5 1 1
4131.1 -8428.0 1.1 125 0 9.4 9.1 2.5 2.5 2 0 1 0 0
4175.6 -8447.7 1.2 304 0 9.9 10.5 5.0 2.5 2 1 2 0 0
4057.7 -8366.2 1.5 303 0 9.7 10.4 7.5 2.5 2 1 3 0 0
3729.5 -8140.6 9.3 289 0 9.0 11.1 5.0 2.5 2 1 2 3 3
4094.3 -8405.1 0.9 124 0 8.3 10.9 5.0 2.5 2 0 2 0 0
4087.4 -8400.3 0.9 124 0 8.4 10.8 5.0 2.5 2 0 2 5 5
4379.3 -8575.5 3.6 304 0 7.1 9.5 5.0 2.5 2 1 2 4 4
4195.2 -8470.6 1.2 35 0 10.0 10.0 5.0 2.5 2 0 2 1 1
4180.3 -7956.0 4.4 138 0 13.8 10.8 5.0 2.5 4 0 2 0 0
4501.8 -8067.7 11.0 181 0 10.6 13.5 5.0 2.5 2 1 2 4 4
4501.6 -7975.1 13.8 180 0 11.5 13.3 5.0 2.5 2 1 2 5 5
4431.8 -8269.6 8.2 273 0 11.0 12.0 5.0 2.5 2 1 2 4 4
4937.7 -8253.3 4.5 359 0 11.1 12.5 5.0 2.5 2 1 2 0 0
4866.0 -7669.4 6.1 353 0 8.3 11.7 5.0 0.0 0 1 2 4 4
4865.9 -7631.8 6.4 356 0 13.4 18.7 10.0 2.5 2 1 4 3 3
4899.4 -8134.8 4.7 271 0 9.1 5.5 5.0 2.5 2 0 2 0 0
4655.1 -8667.6 7.1 110 0 6.4 10.8 5.0 2.5 2 0 2 5 5
4902.1 -7904.5 2.5 357 0 11.1 9.2 7.5 2.5 4 0 3 5 5
4888.1 -8380.1 5.1 183 0 6.0 17.1 5.0 2.5 4 1 2 1 1
4513.9 -8642.2 5.5 124 0 16.3 9.2 5.0 2.5 2 0 2 3 3
4918.6 -8410.4 4.0 290 0 8.5 8.7 5.0 2.5 2 1 2 5 5
4584.7 -8664.1 6.7 96 0 6.0 10.0 5.0 2.5 2 0 2 5 5
3997.1 -8101.0 3.2 32 0 10.6 21.8 5.0 2.5 2 1 2 2 2
4938.2 -8320.3 4.6 273 0 8.5 6.6 7.5 2.5 2 0 3 1 1
4887.0 -8512.3 3.4 20 0 9.2 8.2 2.5 2.5 2 0 1 1 1
4441.3 -7876.2 17.3 1 0 7.2 9.0 5.0 2.5 2 1 2 5 5
4922.7 -8109.5 3.7 356 0 11.9 10.5 5.0 2.5 2 0 2 1 1
4670.7 -8672.0 6.6 112 0 5.5 9.6 5.0 2.5 2 0 2 2 2
4456.2 -8234.0 8.8 4 0 9.8 9.8 7.5 2.5 2 1 3 1 1
4934.2 -8219.1 4.8 351 0 8.7 10.0 5.0 2.5 2 0 2 4 4
4940.5 -8349.6 4.8 3 0 6.5 8.3 5.0 2.5 2 0 2 1 1
4857.1 -7595.1 6.6 265 0 10.4 13.9 7.5 2.5 2 1 3 5 5
4007.7 -8152.5 1.7 33 0 15.6 9.5 5.0 2.5 4 0 2 3 3
4907.7 -8309.8 5.0 94 0 18.9 4.8 7.5 2.5 2 0 3 2 2
4892.9 -8496.7 3.5 20 0 8.8 8.4 2.5 0.0 0 0 1 5 5
4502.1 -7932.8 15.0 181 0 9.2 11.2 2.5 0.0 0 0 1 0 0
4887.6 -7791.8 3.9 357 0 9.6 9.4 2.5 2.5 2 0 1 2 2
4863.2 -7539.8 8.0 357 0 9.0 11.3 2.5 2.5 2 1 1 0 0
4454.3 -8169.7 9.4 1 0 13.0 9.6 2.5 2.5 2 0 1 1 1
4921.9 -8098.0 3.4 356 0 11.1 10.5 2.5 2.5 4 0 1 5 5
4679.8 -8675.8 6.1 112 0 14.1 9.6 2.5 2.5 2 0 1 0 0
4932.8 -8210.4 4.9 351 0 9.0 10.0 5.0 2.5 2 0 2 5 5
4024.7 -8296.0 0.5 125 0 6.0 9.3 5.0 2.5 2 0 2 4 4
4205.7 -8412.5 2.7 124 0 12.6 10.6 5.0 2.5 2 0 2 0 0
4944.3 -8293.1 4.3 3 0 8.0 10.1 7.5 2.5 2 1 3 0 0
4898.3 -8481.2 3.6 19 0 8.7 8.4 7.5 2.5 4 0 3 3 3
4887.0 -7775.2 4.2 1 0 6.2 12.4 5.0 2.5 2 0 2 4 4
4506.1 -8197.8 9.6 93 0 12.2 8.8 7.5 2.5 2 0 3 0 0
4451.0 -8134.1 9.7 4 0 10.2 12.0 7.5 2.5 2 1 3 0 0
4685.3 -8690.0 4.5 302 0 12.7 9.9 7.5 2.5 4 0 3 1 1
4929.6 -8189.7 4.9 351 0 9.8 9.4 7.5 2.5 2 0 3 2 2
4029.6 -8299.5 0.5 125 0 6.0 9.3 2.5 2.5 2 0 1 2 2
4452.7 -8410.9 8.0 273 0 6.5 16.5 7.5 2.5 4 1 3 1 1
4903.8 -8464.6 3.7 19 0 9.0 8.4 5.0 2.5 4 0 2 0 0
4887.0 -7769.0 4.3 1 0 6.1 12.4 7.5 2.5 2 0 3 0 0
4501.7 -7995.6 13.4 181 0 8.6 8.8 5.0 2.5 2 1 2 3 3
4453.0 -8084.2 10.6 1 0 14.2 9.9 5.0 2.5 2 0 2 2 2
4699.5 -8699.2 3.4 303 0 12.7 9.8 7.5 2.5 2 0 3 1 1
4702.3 -8685.5 5.1 110 0 5.2 9.0 7.5 2.5 2 0 3 3 3
4916.8 -8174.8 4.6 172 0 12.0 10.5 7.5 2.5 2 0 3 0 0
4609.1 -8706.7 5.9 123 0 9.0 10.1 7.5 2.5 2 0 3 3 3
4078.7 -8332.7 0.6 125 0 11.8 10.0 5.0 0.0 0 0 2 0 0
4802.4 -8710.7 0.8 27 0 9.2 8.9 5.0 2.5 2 0 2 3 3
4873.0 -8033.3 3.1 92 0 14.2 5.0 5.0 2.5 2 0 2 0 0
4415.7 -8326.3 6.9 92 0 66.2 18.2 7.5 2.5 2 0 3 3 3
4909.5 -8448.2 3.8 19 0 9.0 8.3 5.0 0.0 0 0 2 5 5
4887.6 -7752.1 4.6 0 0 8.8 10.0 5.0 2.5 2 1 2 0 0
4081.8 -8277.5 1.6 203 0 9.0 9.9 5.0 0.0 0 1 2 1 1
4501.3 -8030.6 12.2 181 0 16.1 9.9 2.5 2.5 2 0 1 5 5
4940.9 -8342.9 4.8 3 0 6.9 8.3 5.0 2.5 2 0 2 3 3
4454.8 -7974.6 13.7 4 0 10.2 9.3 5.0 0.0 0 0 2 3 3
4614.3 -8659.0 7.3 88 0 8.6 10.4 2.5 2.5 2 0 1 2 2
4903.2 -8010.9 2.4 3 0 9.8 9.6 7.5 2.5 2 0 3 5 5
4729.0 -8736.9 2.9 125 0 9.1 15.0 2.5 2.5 2 1 1 3 3
4914.1 -8151.5 4.3 171 0 9.4 9.4 5.0 2.5 2 1 2 1 1
4648.9 -8665.4 7.3 110 0 6.8 10.8 5.0 0.0 0 0 2 1 1
4817.0 -8693.2 1.2 27 0 9.2 8.3 2.5 2.5 2 0 1 2 2
4902.7 -7914.8 2.4 357 0 9.6 9.2 5.0 2.5 2 0 2 0 0
4915.3 -8432.1 3.8 19 0 8.8 8.4 2.5 2.5 2 0 1 1 1
4568.7 -8674.0 6.1 34 0 9.2 14.7 7.5 2.5 2 0 3 5 5
4089.5 -8260.7 2.1 204 0 8.6 8.2 7.5 2.5 2 0 3 4 4
4501.6 -8047.6 11.8 181 0 9.1 8.7 7.5 2.5 2 0 3 5 5
4937.8 -8326.9 4.7 273 0 8.5 6.7 7.5 2.5 2 0 3 4 4
4452.9 -7932.0 14.6 274 0 6.8 10.6 7.5 2.5 2 1 3 0 0
4902.8 -7982.6 2.2 3 0 10.3 9.4 7.5 2.5 2 0 3 0 0
4900.9 -7944.9 2.3 2 0 8.5 9.1 5.0 2.5 2 0 2 2 2
4821.2 -8684.9 1.8 27 0 9.3 10.5 7.5 2.5 2 0 3 2 2
4547.3 -8665.1 6.0 121 0 9.1 9.5 7.5 2.5 2 1 3 3 3
4537.6 -8659.2 5.8 118 0 8.4 9.7 2.5 2.5 2 1 1 4 4
4922.7 -8396.9 4.1 110 0 8.7 9.1 7.5 2.5 2 1 3 4 4
4502.0 -7941.9 14.8 181 0 9.1 11.2 7.5 2.5 2 0 3 4 4
4716.4 -8690.0 4.3 30 0 9.7 9.3 5.0 2.5 2 0 2 0 0
4624.6 -8659.7 7.5 98 0 12.9 11.2 10.0 2.5 2 0 4 1 1
4898.2 -8064.5 3.0 181 0 10.4 10.7 2.5 2.5 2 0 1 4 4
4885.8 -7858.1 3.3 89 0 8.5 12.7 7.5 2.5 2 1 3 5 5
4501.6 -8084.3 10.7 181 0 8.6 15.0 5.0 2.5 2 1 2 2 2
3883.4 -8198.5 3.8 122 0 19.2 13.8 5.0 2.5 2 0 2 0 0
4888.5 -7812.1 3.8 1 0 8.9 9.4 7.5 2.5 2 1 3 1 1
4452.8 -8194.4 9.1 1 0 5.6 13.4 2.5 2.5 2 1 1 4 4
4499.1 -8136.5 10.2 182 0 8.3 12.6 7.5 2.5 2 1 3 0 0
4875.6 -7713.9 5.6 2 0 5.3 13.4 5.0 2.5 2 1 2 4 4
4888.3 -7958.1 2.3 182 0 7.8 12.1 5.0 2.5 2 0 2 0 0
4939.3 -8372.2 4.1 3 0 13.0 10.1 7.5 0.0 0 0 3 4 4
4890.5 -7967.7 2.3 182 0 10.0 9.5 7.5 2.5 2 0 3 4 4
4445.4 -8255.4 8.6 93 0 11.7 10.8 5.0 2.5 2 0 2 1 1
4935.1 -8235.9 4.5 2 0 9.2 8.6 7.5 2.5 2 0 3 1 1
4871.5 -7688.2 5.8 358 0 8.6 12.9 5.0 2.5 2 0 2 2 2
4867.7 -7650.4 6.2 353 0 10.6 10.2 5.0 2.5 2 0 2 0 0
4501.4 -8118.5 10.4 182 0 8.1 12.1 5.0 2.5 2 1 2 1 1
4780.9 -8738.8 2.8 127 0 9.9 17.7 7.5 2.5 2 1 3 0 0
5407.6 -8698.6 3.1 237 0 10.0 9.8 7.5 2.5 2 0 3 2 2
5529.4 -8628.1 5.3 283 0 6.1 8.8 5.0 2.5 2 1 2 1 1
5369.8 -8722.1 3.0 241 0 8.3 5.8 2.5 0.0 0 0 1 1 1
5416.1 -8693.2 3.2 237 0 10.2 9.8 2.5 2.5 2 0 1 0 0
5599.9 -8622.6 5.3 16 0 6.0 16.7 5.0 2.5 2 1 2 5 5
5383.8 -8739.1 3.0 103 0 10.0 8.3 5.0 2.5 2 0 2 5 5
5699.1 -8530.1 5.2 288 0 7.9 11.5 7.5 2.5 4 1 3 1 1
5481.6 -8671.6 4.5 194 0 8.4 8.7 5.0 2.5 2 0 2 2 2
5778.2 -8587.9 5.8 289 0 12.4 4.9 7.5 2.5 2 0 3 2 2
5490.2 -8656.4 4.7 285 0 8.6 9.1 2.5 2.5 2 1 1 3 3
5954.5 -8429.6 8.4 108 0 29.0 14.6 7.5 2.5 2 0 3 1 1
5479.5 -8680.0 4.3 194 0 8.8 8.7 5.0 2.5 2 0 2 0 0
5789.2 -8559.6 6.0 290 0 7.8 10.3 7.5 2.5 2 1 3 2 2
5523.4 -8653.0 5.0 14 0 8.8 8.7 5.0 0.0 0 0 2 5 5
6193.7 -8495.0 7.0 108 0 8.5 5.8 5.0 2.5 2 0 2 4 4
5363.0 -8734.5 3.1 119 0 5.6 7.5 2.5 2.5 2 1 1 5 5
5516.6 -8642.2 5.2 195 0 8.9 9.5 7.5 2.5 2 1 3 2 2
5403.6 -8721.9 3.1 104 0 9.5 9.4 5.0 2.5 2 0 2 3 3
5730.4 -8595.8 5.5 157 0 9.4 15.6 2.5 2.5 2 1 1 5 5
4914.5 -7798.6 2.4 166 0 11.6 10.2 5.0 2.5 2 0 2 3 3
4921.3 -7986.6 1.6 180 0 11.5 9.6 5.0 2.5 2 0 2 3 3
4917.8 -7859.4 2.1 176 0 10.0 13.0 7.5 2.5 2 1 3 4 4
5328.9 -7995.6 7.2 107 0 11.0 10.1 7.5 2.5 2 0 3 3 3
4919.5 -7912.9 1.7 178 0 7.9 8.6 7.5 2.5 4 1 3 1 1
5557.5 -7712.9 21.3 198 0 10.1 13.7 2.5 2.5 2 1 1 2 2
4896.6 -7643.8 3.5 174 0 10.1 9.5 5.0 2.5 2 0 2 1 1
4876.6 -7446.8 8.5 178 0 9.1 9.0 2.5 2.5 2 0 1 1 1
4920.5 -7932.0 1.6 180 0 10.7 9.9 5.0 2.5 2 0 2 5 5
4910.7 -7776.1 2.8 174 0 9.0 8.5 7.5 2.5 2 0 3 5 5
4907.8 -7486.6 5.1 357 0 5.6 14.0 5.0 2.5 4 1 2 2 2
4925.8 -8001.9 1.8 90 0 8.8 9.6 7.5 0.0 0 0 3 3 3
4904.2 -7717.4 3.2 175 0 4.5 10.2 7.5 2.5 2 0 3 0 0
4916.6 -7956.7 1.6 177 0 8.8 9.4 7.5 2.5 4 1 3 4 4
4915.0 -7820.5 2.3 176 0 9.6 9.6 5.0 2.5 2 0 2 4 4
4882.8 -7515.0 5.1 174 0 9.5 12.1 7.5 2.5 2 1 3 2 2
5412.6 -7968.1 11.7 21 0 13.4 9.9 2.5 2.5 2 0 1 1 1
4910.1 -7725.7 3.1 85 0 10.2 6.6 7.5 2.5 2 0 3 1 1
4921.1 -7974.8 1.5 179 0 5.6 8.1 7.5 0.0 0 1 3 5 5
5385.4 -8011.7 9.5 22 0 9.2 11.6 5.0 2.5 2 1 2 3 3
4887.0 -7552.5 4.3 176 0 8.7 8.4 5.0 0.0 0 0 2 3 3
4919.4 -7886.4 1.8 178 0 9.0 9.5 7.5 2.5 2 1 3 3 3
4894.9 -7576.7 4.0 85 0 11.4 12.7 7.5 2.5 2 1 3 3 3
5595.5 -7785.3 21.9 200 0 6.9 11.5 7.5 2.5 2 1 3 4 4
4913.7 -7844.3 2.4 176 0 5.0 8.4 2.5 2.5 2 1 1 5 5
4923.0 -7901.7 1.6 177 0 9.3 9.4 2.5 2.5 2 1 1 2 2
4899.1 -7613.4 3.6 264 0 11.5 10.2 5.0 2.5 4 0 2 2 2
4875.5 -7415.5 9.7 178 0 9.1 9.0 5.0 0.0 0 0 2 4 4
4898.4 -7663.9 3.2 174 0 10.4 11.6 7.5 2.5 2 1 3 0 0
4902.5 -7704.4 3.1 176 0 9.6 11.1 2.5 2.5 4 1 1 4 4
4908.3 -7766.5 3.0 174 0 10.5 12.1 7.5 0.0 0 0 3 3 3
4877.0 -7457.3 8.1 178 0 12.0 9.9 7.5 2.5 2 0 3 3 3
5513.8 -7852.9 18.5 198 0 17.0 9.1 5.0 2.5 2 0 2 1 1
5428.8 -7906.1 15.0 193 0 9.2 10.6 2.5 2.5 2 1 1 4 4
4876.0 -7431.8 9.2 178 0 8.4 11.5 5.0 2.5 2 1 2 2 2
5578.4 -7810.5 21.1 198 0 10.2 9.8 5.0 2.5 2 0 2 2 2
5400.2 -7995.2 10.7 23 0 7.5 11.1 7.5 2.5 2 1 3 5 5
5117.7 -8503.9 -0.5 110 0 9.6 9.6 7.5 0.0 0 0 3 0 0
4945.7 -8731.8 2.2 105 0 11.0 10.1 5.0 2.5 2 0 2 3 3
4916.8 -8501.4 2.4 196 0 13.0 11.3 2.5 2.5 2 0 1 1 1
5243.2 -8189.5 3.2 24 0 6.0 9.2 5.0 2.5 2 1 2 0 0
4978.3 -8539.6 0.4 15 0 9.2 6.0 7.5 0.0 0 0 3 4 4
5306.8 -8101.8 4.4 33 0 10.1 8.3 2.5 2.5 4 0 1 2 2
4913.1 -8621.0 0.7 106 0 12.3 5.9 7.5 2.5 2 0 3 4 4
5164.1 -8411.7 0.0 17 0 10.8 11.3 2.5 0.0 0 0 1 3 3
5069.1 -8562.8 -1.2 19 0 4.9 8.4 2.5 0.0 0 0 1 2 2
4822.6 -8725.0 2.6 210 0 8.9 9.5 7.5 2.5 2 0 3 4 4
5210.2 -8246.8 1.8 23 0 5.7 13.2 2.5 2.5 2 1 1 5 5
5004.0 -8671.4 -2.6 32 0 8.9 10.0 5.0 2.5 2 1 2 4 4
5263.8 -8166.8 3.7 33 0 10.0 9.5 5.0 2.5 2 0 2 2 2
5315.1 -8080.8 4.3 33 0 9.4 8.9 5.0 2.5 2 0 2 3 3
4885.3 -8599.2 1.7 195 0 8.8 7.3 2.5 2.5 2 0 1 0 0
5170.7 -8386.8 0.2 15 0 10.7 10.3 5.0 2.5 4 0 2 0 0
5074.7 -8550.8 -1.0 29 0 9.0 10.6 2.5 2.5 4 1 1 1 1
5224.2 -8237.8 2.3 22 0 8.9 8.0 7.5 0.0 0 0 3 2 2
4959.8 -8151.6 3.7 171 0 16.3 8.4 7.5 2.5 2 0 3 3 3
5016.9 -8651.8 -2.5 27 0 7.5 7.8 5.0 2.5 2 1 2 1 1
5273.4 -8152.5 4.3 34 0 10.0 9.6 5.0 2.5 2 0 2 2 2
5166.3 -8348.2 0.5 17 0 8.5 12.4 2.5 2.5 2 0 1 1 1
5107.2 -8516.9 -0.5 18 0 5.6 9.4 5.0 2.5 2 1 2 0 0
5002.6 -8185.8 3.8 1 0 5.3 20.2 5.0 2.5 2 1 2 1 1
5020.1 -8640.7 -2.3 33 0 6.2 11.0 5.0 2.5 2 0 2 5 5
5283.2 -8137.8 4.5 34 0 8.5 8.5 2.5 2.5 2 0 1 2 2
4957.0 -8491.5 1.7 282 0 9.3 8.7 2.5 2.5 2 0 1 2 2
4945.6 -8083.0 2.4 90 0 8.7 9.3 7.5 0.0 0 1 3 1 1
4975.4 -8288.3 3.6 176 0 8.9 9.1 5.0 2.5 2 1 2 2 2
5189.3 -8355.5 0.7 15 0 9.1 5.8 7.5 2.5 4 0 3 0 0
5087.6 -8527.4 -0.7 19 0 4.5 12.5 5.0 2.5 2 0 2 0 0
5082.3 -8533.4 -0.8 19 0 10.4 9.4 7.5 2.5 2 0 3 2 2
4942.8 -8566.6 1.0 17 0 4.3 8.4 2.5 2.5 2 1 1 5 5
4864.9 -8698.2 -0.2 200 0 7.5 15.6 5.0 2.5 2 1 2 0 0
4958.9 -8177.2 4.1 174 0 9.9 10.7 5.0 0.0 0 1 2 5 5
4923.7 -8018.0 2.0 176 0 8.2 8.3 5.0 2.5 2 0 2 2 2
4977.2 -8315.8 3.6 180 0 10.8 9.5 5.0 2.5 2 0 2 1 1
5023.4 -8635.5 -2.2 32 0 6.3 11.0 5.0 2.5 2 0 2 3 3
4950.8 -8434.8 2.5 291 0 9.8 12.5 7.5 2.5 4 1 3 4 4
4952.2 -8517.3 1.3 284 0 10.1 11.1 10.0 2.5 2 1 4 2 2
5187.6 -8337.9 0.8 19 0 11.2 9.9 7.5 2.5 2 0 3 1 1
4946.0 -8135.1 3.8 181 0 4.2 7.8 7.5 0.0 0 1 3 4 4
5128.6 -8483.7 -0.5 20 0 9.6 9.5 5.0 2.5 2 0 2 0 0
4893.7 -8568.2 2.1 199 0 7.6 6.0 2.5 2.5 2 0 1 3 3
4838.6 -8698.0 0.1 209 0 9.2 11.7 2.5 2.5 2 1 1 2 2
4962.5 -8193.7 4.4 180 0 10.6 9.4 7.5 2.5 2 0 3 4 4
4924.4 -8026.7 2.1 176 0 9.4 8.3 2.5 0.0 0 0 1 1 1
4967.7 -8336.7 4.0 184 0 8.6 8.6 5.0 0.0 0 1 2 4 4
5038.0 -8609.6 -1.9 36 0 10.8 9.4 5.0 2.5 2 0 2 1 1
4929.7 -8468.5 2.7 202 0 16.8 9.2 7.5 2.5 2 0 3 0 0
4953.5 -8555.2 0.7 105 0 10.1 12.7 2.5 2.5 2 1 1 4 4
5194.3 -8319.3 1.0 19 0 10.1 10.1 5.0 2.5 2 0 2 2 2
5137.5 -8473.7 -0.4 20 0 9.1 8.1 5.0 2.5 2 0 2 5 5
4914.5 -8593.1 0.8 196 0 12.8 13.5 10.0 2.5 2 1 4 4 4
5160.9 -8421.9 -0.0 17 0 10.6 11.3 5.0 2.5 2 0 2 5 5
5057.2 -8579.5 -1.5 28 0 9.7 9.1 7.5 2.5 2 0 3 0 0
5008.3 -8055.2 1.3 90 0 11.5 7.6 5.0 2.5 2 0 2 4 4
4826.9 -8717.3 1.6 208 0 8.9 9.5 5.0 2.5 2 0 2 5 5
4964.7 -8212.4 4.3 172 0 9.4 10.5 5.0 2.5 2 1 2 3 3
4933.6 -8042.6 2.1 180 0 8.9 8.6 7.5 2.5 4 0 3 5 5
4965.3 -8363.9 3.2 187 0 15.8 11.7 2.5 2.5 2 0 1 3 3
5214.9 -8260.7 1.7 22 0 8.9 6.1 2.5 2.5 2 0 1 2 2
5149.1 -8449.1 -0.2 20 0 8.9 9.9 5.0 2.5 2 1 2 2 2
4941.2 -8062.5 2.2 179 0 8.2 9.8 2.5 2.5 4 0 1 1 1
4983.8 -8543.4 0.2 15 0 13.6 6.3 2.5 2.5 4 0 1 1 1
4996.3 -8008.2 1.0 271 0 10.1 10.2 7.5 0.0 0 1 3 0 0
4962.6 -8225.5 4.1 171 0 5.6 13.5 5.0 0.0 0 1 2 3 3
4968.2 -8396.2 2.8 97 0 10.6 10.4 5.0 2.5 2 0 2 3 3
4982.0 -8128.3 3.1 1 0 4.8 11.9 2.5 2.5 2 1 1 0 0
5096.4 -8528.0 -0.5 19 0 9.0 8.5 7.5 2.5 2 0 3 2 2
5224.5 -8226.3 2.6 21 0 6.1 8.3 5.0 2.5 2 1 2 3 3
4958.2 -8103.5 2.8 271 0 11.2 10.1 2.5 2.5 2 0 1 0 0
4920.0 -8643.3 0.1 105 0 11.7 9.5 7.5 2.5 2 0 3 0 0
5198.2 -8296.2 1.2 19 0 10.1 11.9 5.0 2.5 2 1 2 3 3
5298.3 -8115.1 4.2 33 0 12.1 11.4 5.0 2.5 4 0 2 1 1
5002.2 -8491.4 0.6 281 0 8.0 9.9 5.0 2.5 2 1 2 4 4
4971.7 -8244.1 3.7 172 0 5.6 12.2 7.5 2.5 2 1 3 2 2
4987.1 -8301.5 3.2 181 0 9.9 11.7 7.5 2.5 4 1 3 4 4
5048.5 -8594.3 -1.7 29 0 10.0 9.2 5.0 2.5 2 0 2 3 3
5650.0 -8406.5 5.1 149 0 6.1 9.9 5.0 2.5 2 1 2 1 1
5681.5 -8373.8 6.1 330 0 5.8 8.4 7.5 2.5 4 1 3 4 4
5668.9 -8383.3 5.8 329 0 8.0 5.4 2.5 2.5 2 0 1 0 0
5622.8 -8456.6 4.7 240 0 5.6 3.8 5.0 0.0 0 0 2 2 2
5612.7 -8421.8 4.7 331 0 15.5 6.2 7.5 2.5 2 0 3 0 0
5761.7 -8376.5 7.2 239 0 11.4 9.1 7.5 2.5 4 0 3 5 5
5748.5 -8345.8 7.6 328 0 11.0 10.3 7.5 2.5 2 0 3 4 4
5695.5 -8356.0 6.9 148 0 8.4 9.7 7.5 2.5 2 1 3 0 0
5736.9 -8327.5 7.8 325 0 8.3 9.8 5.0 2.5 2 1 2 3 3
5747.9 -8383.3 7.0 328 0 4.6 4.7 7.5 0.0 0 1 3 2 2
5713.7 -8385.9 6.5 149 0 6.1 9.7 7.5 2.5 2 1 3 1 1
5382.0 -8052.3 8.5 128 0 9.3 9.3 7.5 2.5 2 1 3 3 3
5456.1 -8140.0 8.5 304 0 5.0 9.2 2.5 2.5 2 1 1 0 0
5783.1 -8340.8 8.4 57 0 8.0 9.0 2.5 2.5 2 1 1 4 4
5706.7 -8461.5 5.4 239 0 8.2 9.5 7.5 2.5 2 1 3 4 4
5449.9 -8099.9 9.3 124 0 9.1 11.4 2.5 2.5 2 1 1 0 0
5702.1 -8304.4 8.1 148 0 6.1 10.6 5.0 2.5 2 1 2 2 2
5724.4 -8168.0 10.6 196 0 10.9 12.2 5.0 2.5 2 1 2 5 5
5469.8 -8156.5 8.5 34 0 12.5 10.0 5.0 2.5 2 0 2 0 0
5462.4 -8105.8 9.4 124 0 4.6 9.1 7.5 0.0 0 1 3 0 0
5694.0 -8293.7 8.0 27 0 9.8 10.3 7.5 2.5 2 1 3 3 3
5755.5 -8305.5 8.9 134 0 8.6 9.6 5.0 2.5 2 1 2 0 0
5479.9 -8117.4 9.5 123 0 8.9 8.8 7.5 2.5 2 0 3 3 3
5667.4 -8284.0 7.9 198 0 8.1 9.0 5.0 2.5 2 1 2 5 5
5735.3 -8276.6 9.1 39 0 8.1 8.9 7.5 0.0 0 1 3 2 2
5487.3 -8122.3 9.6 123 0 8.8 8.8 5.0 2.5 2 0 2 2 2
5646.2 -8281.5 7.6 185 0 9.7 9.9 2.5 2.5 2 1 1 2 2
5711.4 -8265.6 9.1 120 0 6.1 9.8 5.0 0.0 0 1 2 2 2
5642.7 -8500.4 4.8 249 0 6.1 9.5 5.0 2.5 2 1 2 3 3
5694.7 -8252.9 9.0 203 0 10.1 10.3 7.5 2.5 2 1 3 0 0
5515.8 -8146.2 9.8 133 0 11.1 9.4 5.0 0.0 0 0 2 4 4
5613.9 -8280.9 7.0 356 0 9.8 9.8 5.0 2.5 4 1 2 2 2
5678.0 -8251.4 8.8 12 0 5.1 11.2 5.0 2.5 2 1 2 3 3
5331.8 -8188.0 5.3 26 0 13.3 9.7 5.0 0.0 0 0 2 4 4
5532.8 -8164.8 9.7 59 0 5.0 11.0 5.0 2.5 2 1 2 0 0
5594.0 -8278.1 6.7 281 0 6.3 11.4 5.0 2.5 2 1 2 3 3
5652.6 -8249.4 8.6 97 0 11.0 9.4 2.5 2.5 2 0 1 2 2
5343.9 -8173.0 5.8 33 0 8.7 8.5 7.5 2.5 2 0 3 5 5
5541.9 -8180.3 9.0 249 0 9.3 11.1 2.5 2.5 2 0 1 3 3
5359.1 -8207.0 5.6 122 0 8.7 9.0 5.0 2.5 2 1 2 3 3
5627.4 -8246.5 8.3 181 0 9.3 11.1 5.0 2.5 2 1 2 5 5
5359.3 -8150.5 6.2 34 0 9.5 9.3 7.5 2.5 2 0 3 0 0
5545.5 -8196.6 8.7 159 0 11.1 9.3 5.0 2.5 2 0 2 2 2
5366.7 -8182.4 6.2 214 0 8.6 11.3 2.5 2.5 4 1 1 4 4
5611.3 -8244.0 7.9 354 0 8.3 10.0 2.5 2.5 4 1 1 0 0
5368.7 -8136.6 6.6 34 0 9.0 8.8 5.0 2.5 2 0 2 0 0
5549.4 -8216.0 8.1 172 0 9.5 11.1 7.5 2.5 2 1 3 1 1
5564.3 -8152.0 10.4 65 0 11.2 9.3 7.5 2.5 2 0 3 0 0
5590.4 -8313.6 6.0 219 0 7.5 13.6 5.0 0.0 0 1 2 0 0
5308.0 -8219.8 4.2 18 0 8.3 5.0 5.0 2.5 2 0 2 1 1
5608.7 -8216.3 8.7 354 0 10.3 11.7 7.5 2.5 2 1 3 0 0
5751.3 -8260.8 9.8 41 0 6.0 9.9 2.5 2.5 2 1 1 2 2
5382.6 -8222.0 5.5 123 0 9.0 8.9 2.5 2.5 2 0 1 5 5
5684.6 -8225.9 9.8 26 0 6.3 11.6 7.5 2.5 2 1 3 5 5
5395.1 -8060.7 8.7 124 0 4.8 9.0 5.0 2.5 2 1 2 3 3
5414.4 -8162.7 7.5 124 0 9.0 9.0 5.0 2.5 2 1 2 1 1
5385.6 -8167.6 6.6 304 0 9.2 9.6 5.0 2.5 2 1 2 1 1
5588.3 -8251.0 7.5 84 0 11.2 9.6 2.5 2.5 2 0 1 0 0
5380.2 -8119.5 7.3 34 0 9.8 9.4 2.5 2.5 2 0 1 1 1
5552.0 -8234.0 7.5 173 0 11.1 9.5 5.0 2.5 2 0 2 5 5
5396.9 -8150.7 7.4 124 0 9.0 9.1 7.5 0.0 0 1 3 2 2
5560.3 -8257.5 6.9 83 0 9.5 11.0 5.0 2.5 4 1 2 4 4
5557.4 -8296.9 6.1 167 0 11.6 9.3 5.0 2.5 2 0 2 0 0
5560.6 -8307.4 5.7 261 0 10.9 9.1 2.5 2.5 2 0 1 5 5
5574.1 -8169.7 9.9 246 0 10.9 9.4 5.0 2.5 2 0 2 0 0
5810.6 -8360.9 7.7 238 0 7.2 9.7 2.5 2.5 2 1 1 2 2
5628.0 -8216.9 9.3 181 0 10.7 8.6 2.5 2.5 2 0 1 0 0
5778.2 -8282.5 9.5 232 0 8.9 9.9 2.5 0.0 0 1 1 0 0
5531.7 -8114.6 10.5 220 0 11.0 9.5 5.0 2.5 2 0 2 0 0
5819.3 -8343.4 8.0 238 0 6.2 10.3 5.0 2.5 2 1 2 2 2
5706.3 -8227.0 10.1 203 0 6.8 9.8 7.5 2.5 2 1 3 0 0
5389.8 -8097.3 8.0 304 0 8.7 8.8 5.0 2.5 2 1 2 2 2
5407.9 -8185.0 6.8 305 0 9.0 8.8 5.0 2.5 4 0 2 2 2
5656.8 -8490.8 4.9 239 0 11.0 9.8 2.5 2.5 2 0 1 5 5
5566.9 -8325.0 5.5 86 0 10.1 9.2 5.0 0.0 0 0 2 4 4
5581.2 -8144.3 10.9 66 0 10.9 9.4 7.5 2.5 2 0 3 3 3
5610.5 -8322.6 6.3 96 0 5.3 10.7 5.0 2.5 2 1 2 2 2
5607.1 -8201.5 9.4 355 0 6.9 11.8 7.5 0.0 0 1 3 5 5
5765.7 -8243.0 10.4 38 0 9.1 10.5 2.5 2.5 2 1 1 1 1
5821.9 -8319.2 8.9 58 0 10.2 9.8 5.0 2.5 2 0 2 1 1
5398.6 -8228.3 5.5 123 0 8.5 8.5 7.5 2.5 2 1 3 4 4
5687.4 -8204.6 10.5 12 0 11.0 9.0 5.0 2.5 2 0 2 3 3
5409.7 -8070.9 8.8 124 0 4.9 9.2 5.0 2.5 2 1 2 0 0
5279.1 -8312.4 2.0 86 0 9.4 12.9 7.5 2.5 2 1 3 1 1
5428.6 -8171.9 7.6 123 0 8.9 8.9 7.5 2.5 2 1 3 2 2
5589.0 -8166.2 10.2 249 0 10.3 11.9 2.5 2.5 2 1 1 1 1
5630.0 -8198.0 9.9 182 0 11.0 8.8 5.0 2.5 2 0 2 4 4
5421.3 -8116.5 8.0 304 0 9.5 9.4 5.0 2.5 2 0 2 3 3
5420.3 -8196.9 6.6 304 0 9.3 9.1 5.0 0.0 0 0 2 5 5
5799.2 -8376.5 7.4 148 0 10.6 11.5 5.0 2.5 4 1 2 3 3
5675.0 -8478.8 5.1 248 0 6.3 11.0 7.5 2.5 2 1 3 5 5
5641.6 -8319.5 6.6 360 0 9.1 11.3 5.0 2.5 2 1 2 0 0
5774.1 -8229.7 10.3 35 0 6.2 10.4 7.5 2.5 2 1 3 4 4
5690.4 -8186.6 11.2 16 0 8.0 11.7 5.0 2.5 2 1 2 4 4
5429.6 -8083.1 9.3 124 0 8.0 9.3 5.0 2.5 2 0 2 1 1
5304.5 -8310.4 2.3 86 0 9.2 9.4 7.5 2.5 2 1 3 4 4
5227.4 -8285.5 1.7 199 0 17.5 8.5 7.5 2.5 2 0 3 3 3
5231.7 -8272.8 1.8 199 0 9.1 8.5 5.0 2.5 2 0 2 5 5
5237.4 -8257.0 2.0 201 0 8.8 8.9 7.5 2.5 2 0 3 3 3
5239.9 -8248.9 2.3 201 0 8.1 8.0 5.0 2.5 2 0 2 2 2
5247.0 -8236.1 2.7 210 0 9.0 5.6 5.0 2.5 2 0 2 2 2
5624.7 -8178.3 10.6 176 0 9.0 10.1 5.0 2.5 2 1 2 5 5
5439.5 -8128.9 8.3 303 0 4.9 9.1 2.5 2.5 2 1 1 3 3
5692.2 -8468.6 5.3 258 0 8.3 13.0 7.5 2.5 2 1 3 1 1
5748.2 -8463.9 5.7 58 0 10.0 9.0 5.0 0.0 0 0 2 0 0
5254.7 -8222.6 3.3 210 0 6.7 9.5 2.5 2.5 2 1 1 2 2
5267.3 -8203.2 3.9 212 0 9.0 8.6 7.5 2.5 2 0 3 2 2
5783.4 -8426.3 5.8 289 0 8.9 9.1 5.0 2.5 4 1 2 5 5
5283.0 -8182.4 4.4 211 0 10.0 9.0 5.0 2.5 2 0 2 0 0
5390.8 -8182.9 6.6 302 0 7.9 5.2 5.0 2.5 2 0 2 2 2
5933.1 -8134.1 14.4 85 0 8.1 11.1 7.5 0.0 0 1 3 4 4
5308.3 -8146.9 5.1 213 0 4.8 9.3 2.5 2.5 2 1 1 1 1
5652.0 -8319.1 6.9 194 0 9.8 10.3 5.0 2.5 4 1 2 5 5
5698.1 -8162.0 11.1 95 0 9.7 10.1 5.0 2.5 2 1 2 5 5
5432.0 -8084.7 9.5 124 0 6.3 9.3 7.5 2.5 2 0 3 5 5
5321.9 -8126.9 6.0 214 0 4.9 9.4 7.5 2.5 2 1 3 1 1
5333.3 -8110.1 6.3 214 0 4.6 9.3 5.0 0.0 0 1 2 5 5
5344.5 -8093.4 6.3 214 0 4.7 10.0 5.0 2.5 2 1 2 0 0
5355.5 -8076.8 6.4 214 0 4.4 10.3 7.5 2.5 2 1 3 0 0
5634.9 -8229.4 9.0 180 0 5.3 6.9 5.0 2.5 2 1 2 3 3
5600.9 -8188.9 9.7 355 0 5.9 8.8 7.5 0.0 0 0 3 0 0
5791.7 -8311.9 9.1 58 0 10.1 6.7 2.5 2.5 2 0 1 1 1
5327.1 -8169.8 5.5 34 0 6.5 6.4 2.5 2.5 2 0 1 0 0
5741.9 -8241.5 10.2 38 0 5.9 8.9 5.0 2.5 2 1 2 5 5
5336.7 -8168.3 5.7 33 0 8.7 5.2 5.0 0.0 0 0 2 1 1
5452.6 -8167.6 8.0 34 0 8.1 6.6 7.5 2.5 2 0 3 3 3
5438.0 -8052.0 10.4 303 0 5.1 10.7 2.5 2.5 2 0 1 3 3
5339.3 -8132.6 6.1 214 0 9.5 4.6 7.5 2.5 2 0 3 1 1
5672.8 -8316.0 7.4 105 0 4.5 10.3 7.5 2.5 2 1 3 3 3
5434.0 -8049.4 10.4 303 0 4.4 10.7 5.0 2.5 2 0 2 0 0
5592.7 -8302.6 6.5 175 0 4.6 8.9 7.5 2.5 2 0 3 2 2
5475.4 -8069.4 10.5 303 0 5.8 9.2 2.5 2.5 2 0 1 1 1
5642.8 -8292.7 7.3 268 0 5.7 7.3 7.5 2.5 2 1 3 4 4
5258.2 -8263.9 2.2 198 0 7.2 8.0 2.5 2.5 2 1 1 4 4
5717.8 -8448.3 5.5 238 0 6.6 6.8 5.0 2.5 2 1 2 4 4
5373.8 -8093.4 7.4 302 0 4.7 8.5 2.5 2.5 2 1 1 2 2
5505.0 -8087.0 10.6 33 0 10.8 4.6 5.0 2.5 2 0 2 2 2
5661.4 -8294.6 7.5 282 0 5.6 7.3 2.5 2.5 2 1 1 5 5
5889.8 -8122.7 11.9 263 0 6.7 18.5 7.5 2.5 2 1 3 3 3
5921.8 -8144.3 12.3 356 0 6.6 15.4 5.0 2.5 2 1 2 5 5
5310.4 -8200.7 4.7 20 0 5.5 11.9 2.5 2.5 2 1 1 1 1
5571.2 -8195.1 9.0 266 0 5.4 9.5 5.0 2.5 2 0 2 4 4
5730.9 -8224.9 10.6 208 0 9.3 8.2 7.5 2.5 2 0 3 0 0
5663.8 -8190.5 10.6 281 0 5.5 7.8 7.5 2.5 2 1 3 1 1
5806.0 -8302.0 9.3 58 0 11.0 6.3 2.5 2.5 2 0 1 1 1
5254.0 -8289.6 2.0 106 0 8.0 5.1 5.0 2.5 2 0 2 2 2
5401.7 -8202.2 6.2 304 0 7.7 5.2 2.5 2.5 2 0 1 3 3
5426.2 -8154.1 7.9 123 0 7.4 7.7 7.5 2.5 2 1 3 3 3
5354.5 -8105.7 7.1 214 0 12.1 7.0 2.5 2.5 4 0 1 4 4
5776.3 -8424.7 6.3 18 0 6.4 8.4 5.0 0.0 0 1 2 4 4
5347.6 -8138.2 6.1 34 0 9.5 5.4 7.5 2.5 2 0 3 1 1
5373.5 -8210.0 5.7 124 0 5.9 6.9 5.0 2.5 2 1 2 3 3
5665.7 -8233.0 9.3 12 0 7.2 5.8 5.0 2.5 2 0 2 1 1
5799.5 -8247.9 9.8 238 0 6.7 8.5 7.5 2.5 2 1 3 0 0
5601.6 -8302.6 6.6 175 0 6.0 6.9 5.0 2.5 2 0 2 2 2
5592.2 -8189.6 9.6 355 0 5.7 9.8 7.5 0.0 0 0 3 3 3
5317.2 -8162.3 5.3 214 0 7.7 6.1 7.5 2.5 2 0 3 1 1
5616.5 -8291.8 6.8 265 0 4.6 6.3 5.0 2.5 2 1 2 5 5
5564.1 -8178.1 9.5 247 0 4.5 5.5 5.0 2.5 2 1 2 2 2
5576.6 -8193.9 8.8 265 0 5.8 17.5 7.5 2.5 2 0 3 4 4
5598.7 -8292.6 6.5 265 0 4.7 7.2 5.0 2.5 2 0 2 5 5
5302.2 -8249.2 3.0 19 0 11.6 13.0 2.5 0.0 0 1 1 0 0
5351.6 -8132.3 6.5 34 0 4.8 5.4 2.5 2.5 2 0 1 1 1
5579.9 -8229.7 8.2 85 0 5.9 10.5 7.5 2.5 2 1 3 3 3
5815.8 -8381.4 7.4 148 0 5.2 10.3 7.5 2.5 2 0 3 0 0
5451.0 -8158.1 8.2 34 0 5.9 8.5 7.5 2.5 2 0 3 5 5
5549.2 -8140.8 10.4 51 0 5.8 6.9 2.5 2.5 2 0 1 0 0
5834.6 -8339.3 8.2 233 0 10.0 9.9 7.5 2.5 4 0 3 1 1
5214.9 -8564.3 0.9 15 0 6.9 5.9 7.5 2.5 2 0 3 0 0
5501.8 -8521.2 3.5 83 0 5.6 9.5 7.5 2.5 2 1 3 3 3
5383.2 -8496.8 2.2 16 0 9.0 9.0 7.5 2.5 2 1 3 1 1
5354.1 -8488.7 2.0 196 0 9.3 9.6 5.0 2.5 2 1 2 2 2
5218.8 -8603.1 0.9 17 0 8.6 9.0 5.0 2.5 2 1 2 0 0
5227.3 -8592.5 1.0 16 0 8.7 8.5 2.5 2.5 2 0 1 3 3
5525.3 -8508.7 3.8 161 0 7.0 10.7 7.5 2.5 2 1 3 5 5
5408.7 -8498.0 2.6 285 0 11.1 10.0 5.0 2.5 2 0 2 4 4
5231.9 -8576.1 1.1 15 0 9.4 10.0 5.0 2.5 2 0 2 3 3
5532.5 -8542.3 4.2 254 0 9.2 13.5 5.0 2.5 2 1 2 2 2
5234.4 -8566.4 1.0 15 0 10.5 11.1 7.5 2.5 4 0 3 2 2
5433.4 -8515.0 2.8 105 0 8.9 10.0 7.5 2.5 2 1 3 0 0
5563.2 -8558.0 4.5 58 0 6.0 9.0 5.0 2.5 2 1 2 4 4
5269.0 -8544.0 1.5 13 0 11.1 9.8 7.5 2.5 2 0 3 0 0
5245.3 -8544.8 1.1 13 0 6.3 10.3 5.0 2.5 2 1 2 2 2
5466.1 -8520.3 3.1 88 0 11.4 12.5 5.0 2.5 2 1 2 3 3
5580.7 -8535.4 4.3 260 0 7.1 13.5 5.0 0.0 0 1 2 1 1
5290.2 -8524.6 1.8 17 0 9.1 8.5 7.5 2.5 4 0 3 1 1
5482.3 -8522.8 3.3 84 0 6.0 11.2 5.0 2.5 2 1 2 3 3
5598.5 -8532.0 4.4 331 0 10.0 9.6 7.5 0.0 0 0 3 4 4
5500.4 -8485.7 3.4 356 0 7.1 11.4 7.5 2.5 2 1 3 3 3
5382.0 -8471.5 2.3 103 0 8.4 11.8 7.5 2.5 2 1 3 4 4
5493.2 -8382.2 3.8 175 0 9.4 11.3 7.5 2.5 2 1 3 2 2
5293.3 -8500.1 1.9 286 0 9.6 12.0 7.5 2.5 4 1 3 0 0
5547.5 -8508.0 3.9 84 0 6.2 10.2 7.5 0.0 0 1 3 3 3
5096.9 -8562.7 -0.6 201 0 8.6 5.8 7.5 2.5 2 0 3 2 2
5527.9 -8384.8 4.0 82 0 11.4 10.1 7.5 2.5 2 0 3 2 2
5100.0 -8554.8 -0.5 201 0 8.5 6.2 7.5 2.5 2 0 3 0 0
5529.8 -8393.1 4.1 263 0 11.8 10.2 10.0 2.5 2 0 4 0 0
5124.4 -8543.4 -0.1 196 0 4.3 10.9 7.5 2.5 4 1 3 5 5
5343.0 -8458.1 1.9 104 0 10.0 10.4 5.0 0.0 0 1 2 3 3
5519.5 -8481.3 3.6 157 0 8.8 9.7 7.5 2.5 2 1 3 5 5
5555.9 -8444.5 4.0 346 0 6.7 11.9 5.0 2.5 4 1 2 3 3
5131.1 -8532.6 -0.1 195 0 7.7 11.3 7.5 2.5 2 1 3 1 1
5562.7 -8455.0 4.0 328 0 9.4 11.2 2.5 2.5 2 1 1 2 2
5147.6 -8521.0 0.0 194 0 8.7 8.8 2.5 2.5 2 0 1 1 1
5573.5 -8474.5 4.0 332 0 7.9 11.0 5.0 2.5 2 1 2 3 3
5475.7 -8480.6 3.2 259 0 5.0 8.9 7.5 2.5 2 1 3 1 1
5150.2 -8508.5 -0.0 195 0 10.8 11.0 5.0 2.5 2 1 2 4 4
5157.4 -8491.8 0.0 195 0 10.2 8.0 7.5 0.0 0 0 3 2 2
5189.8 -8483.5 0.4 285 0 10.9 5.0 7.5 2.5 4 0 3 4 4
5485.3 -8380.6 3.6 355 0 9.3 11.2 7.5 2.5 4 1 3 4 4
5191.0 -8478.9 0.5 285 0 10.9 4.7 5.0 2.5 2 0 2 3 3
5513.6 -8464.7 3.5 162 0 10.3 10.0 2.5 2.5 2 0 1 4 4
5414.4 -8456.8 2.6 194 0 9.0 9.1 2.5 2.5 4 1 1 3 3
5524.5 -8581.2 5.1 18 0 8.6 9.6 2.5 0.0 0 1 1 0 0
5345.0 -8484.1 1.8 12 0 8.2 10.4 5.0 2.5 2 1 2 5 5
5178.4 -8594.3 0.3 14 0 4.7 11.8 7.5 2.5 2 0 3 0 0
5548.7 -8490.3 3.9 69 0 7.3 5.6 2.5 2.5 2 0 1 5 5
5214.7 -8532.9 0.8 284 0 6.4 8.0 5.0 2.5 2 1 2 1 1
5215.1 -8591.6 0.9 15 0 5.7 9.6 7.5 0.0 0 1 3 0 0
5421.9 -8490.7 2.7 194 0 8.1 6.4 5.0 2.5 2 0 2 1 1
5175.9 -8527.6 0.4 198 0 10.3 5.7 7.5 2.5 2 0 3 0 0
5516.3 -8393.4 3.9 354 0 6.5 7.5 7.5 0.0 0 0 3 0 0
5187.0 -8596.5 0.5 14 0 4.7 8.9 7.5 2.5 2 0 3 0 0
5457.6 -8466.1 3.0 271 0 5.1 8.0 5.0 2.5 2 1 2 4 4
5493.2 -8502.0 3.4 355 0 9.3 5.0 7.5 2.5 2 0 3 2 2
5202.6 -8587.8 0.6 16 0 5.0 20.2 5.0 2.5 2 0 2 1 1
5162.9 -8554.8 0.4 197 0 4.5 9.1 2.5 0.0 0 0 1 0 0
5145.6 -8528.7 0.1 194 0 7.3 10.3 7.5 2.5 2 0 3 4 4
5183.9 -8579.7 0.5 16 0 10.1 8.1 2.5 2.5 4 0 1 0 0
5170.7 -8534.0 0.4 198 0 5.1 8.6 5.0 2.5 2 0 2 2 2
5170.6 -8560.9 0.5 197 0 11.6 8.8 5.0 0.0 0 0 2 1 1
5199.2 -8600.2 0.6 14 0 5.7 12.8 5.0 2.5 4 0 2 4 4
5199.8 -8481.2 0.6 285 0 7.3 9.7 5.0 2.5 4 0 2 5 5
5558.8 -8499.5 4.0 95 0 6.5 9.7 5.0 2.5 2 1 2 5 5
5113.7 -8574.1 -0.4 197 0 4.0 10.2 5.0 2.5 2 1 2 3 3
5243.2 -8637.0 1.2 193 0 11.1 14.2 2.5 0.0 0 1 1 3 3
5242.0 -8625.0 1.3 193 0 5.9 14.4 5.0 2.5 4 0 2 3 3
5235.5 -8622.4 1.2 193 0 8.0 6.9 5.0 2.5 2 0 2 0 0
5255.2 -8631.9 1.4 193 0 7.5 12.2 5.0 2.5 2 0 2 1 1
5240.8 -8608.0 1.3 195 0 10.8 7.0 5.0 2.5 2 0 2 5 5
5297.5 -8614.3 2.0 285 0 4.2 9.4 5.0 2.5 2 0 2 5 5
5311.7 -8619.5 2.2 285 0 4.8 9.1 5.0 0.0 0 1 2 2 2
5251.8 -8599.7 1.5 193 0 10.1 9.1 5.0 2.5 2 0 2 3 3
5301.6 -8611.2 2.0 15 0 8.1 10.4 5.0 2.5 2 0 2 1 1
5274.4 -8581.5 1.7 195 0 7.0 12.5 5.0 2.5 2 1 2 1 1
5277.5 -8571.4 1.7 194 0 8.3 8.8 2.5 2.5 2 1 1 1 1
5280.0 -8561.9 1.7 194 0 5.7 16.0 2.5 2.5 2 1 1 2 2
5251.5 -8728.6 1.9 105 0 13.7 5.2 2.5 0.0 0 0 1 5 5
5263.1 -8737.0 2.2 105 0 10.6 10.4 5.0 2.5 2 0 2 2 2
5306.5 -8734.1 2.8 57 0 8.8 8.8 7.5 2.5 2 0 3 5 5
5289.3 -8732.7 2.5 106 0 9.3 9.7 2.5 2.5 2 1 1 4 4
5331.5 -8711.9 2.2 15 0 9.6 9.3 5.0 2.5 2 0 2 2 2
5340.6 -8698.0 2.2 15 0 9.4 10.0 5.0 2.5 2 0 2 5 5
5382.1 -8688.7 2.9 59 0 10.2 7.4 7.5 2.5 2 0 3 0 0
5380.1 -8667.7 2.8 15 0 9.5 12.5 5.0 2.5 2 1 2 0 0
5396.3 -8659.5 3.1 15 0 8.8 10.7 2.5 2.5 2 0 1 1 1
5398.5 -8651.2 3.1 15 0 8.4 11.1 7.5 0.0 0 0 3 4 4
5431.9 -8651.7 3.7 106 0 7.7 8.9 5.0 2.5 2 1 2 5 5
5440.1 -8637.2 3.8 16 0 4.9 11.8 7.5 2.5 2 0 3 4 4
5481.6 -8623.1 4.8 108 0 8.6 10.5 7.5 2.5 2 0 3 3 3
5484.7 -8613.1 4.8 107 0 11.9 10.0 7.5 2.5 2 0 3 5 5
5495.8 -8595.8 4.8 17 0 8.8 9.5 2.5 2.5 2 1 1 2 2
5266.2 -8605.7 1.7 194 0 5.7 7.3 7.5 2.5 2 1 3 5 5
5332.7 -8628.7 2.3 14 0 4.3 11.5 7.5 2.5 2 1 3 1 1
5277.1 -8627.9 1.7 195 0 5.5 13.8 7.5 2.5 2 0 3 1 1
5430.1 -8629.2 3.7 16 0 4.9 9.4 7.5 2.5 2 0 3 2 2
5258.5 -8611.8 1.5 194 0 10.0 4.8 5.0 2.5 2 0 2 5 5
5331.4 -8684.5 2.3 104 0 3.6 6.6 5.0 2.5 2 1 2 0 0
5457.7 -8601.5 4.5 197 0 5.3 12.6 7.5 2.5 2 0 3 1 1
5478.2 -8556.5 4.4 285 0 8.2 7.8 7.5 2.5 2 0 3 1 1
5313.6 -8571.5 2.1 15 0 4.9 8.6 5.0 2.5 2 1 2 2 2
5275.9 -8615.8 1.7 195 0 9.8 5.9 5.0 2.5 2 0 2 3 3
5419.2 -8645.5 3.4 15 0 4.5 10.4 5.0 2.5 2 1 2 1 1
5236.5 -8684.1 0.8 195 0 10.2 11.9 7.5 2.5 2 1 3 0 0
5466.4 -8614.3 4.5 17 0 4.1 12.1 7.5 2.5 2 0 3 5 5
5399.9 -8633.2 3.3 195 0 5.5 7.5 5.0 2.5 2 1 2 3 3
5444.8 -8620.5 4.0 16 0 3.9 10.4 7.5 2.5 2 0 3 3 3
5371.3 -8685.2 2.7 15 0 5.0 13.1 7.5 2.5 2 1 3 2 2
5326.6 -8633.4 2.3 288 0 7.2 3.9 7.5 2.5 2 0 3 0 0
5301.8 -8634.5 1.9 15 0 5.5 11.7 2.5 2.5 2 0 1 1 1
5496.0 -8569.6 4.7 286 0 9.8 8.5 7.5 2.5 2 0 3 2 2
5369.9 -8650.5 2.8 283 0 13.3 6.2 5.0 2.5 2 0 2 0 0
5471.4 -8565.5 4.5 195 0 5.3 10.7 5.0 2.5 2 0 2 1 1
5314.9 -8709.8 1.9 15 0 4.7 16.4 7.5 2.5 2 0 3 5 5
5434.0 -8607.6 4.0 286 0 7.1 11.5 7.5 2.5 2 0 3 0 0
5313.8 -8713.9 2.0 15 0 3.7 16.4 2.5 2.5 2 0 1 4 4
5293.5 -8708.7 1.7 105 0 9.3 5.2 7.5 2.5 2 0 3 2 2
5472.0 -8611.4 4.5 17 0 5.0 16.6 5.0 2.5 2 0 2 3 3
5814.6 -8403.6 6.8 149 0 5.5 6.5 5.0 2.5 2 1 2 4 4
5820.0 -8412.5 6.5 149 0 5.9 6.5 5.0 2.5 2 1 2 0 0
4163.3 -7936.1 4.4 47 0 5.3 22.8 7.5 2.5 4 1 3 3 3
4398.3 -8412.3 6.7 271 0 12.4 9.3 5.0 2.5 2 0 2 1 1
3807.0 -8387.3 5.6 32 0 4.4 11.7 7.5 2.5 2 1 3 3 3
3916.0 -8527.3 1.0 304 0 9.9 20.9 7.5 2.5 2 1 3 0 0
4498.4 -8177.9 9.7 183 0 10.1 20.0 5.0 2.5 2 1 2 0 0
4578.5 -8180.3 9.1 3 0 8.1 30.1 7.5 2.5 2 1 3 0 0
4498.6 -8158.9 9.9 182 0 10.0 20.1 5.0 2.5 2 1 2 4 4
4171.2 -7938.1 4.9 134 0 5.3 10.6 5.0 2.5 2 1 2 5 5
4407.6 -8054.9 10.3 273 0 4.2 13.4 7.5 2.5 2 0 3 2 2
3723.0 -8501.4 4.3 122 0 27.2 15.7 10.0 2.5 2 0 4 1 1
3939.1 -8502.7 0.4 123 0 18.0 13.9 10.0 2.5 2 0 4 4 4
4544.7 -7987.1 13.1 1 0 4.4 10.6 7.5 2.5 2 0 3 4 4
3869.9 -8249.7 3.6 306 0 31.3 39.2 12.5 0.0 0 0 5 1 1
3728.2 -8076.1 10.5 123 0 10.6 21.3 10.0 0.0 0 0 4 1 1
3873.7 -8136.2 5.1 34 0 16.7 30.2 15.0 0.0 0 0 6 0 0
3929.2 -8058.7 5.3 33 0 6.5 14.0 5.0 0.0 0 1 2 0 0
3935.1 -8598.3 -0.1 303 0 12.4 6.8 7.5 2.5 2 0 3 2 2
3901.7 -8159.0 3.9 211 0 9.1 8.2 5.0 2.5 2 0 2 5 5
3897.4 -8578.2 0.7 302 0 13.3 11.8 7.5 2.5 4 0 3 2 2
4008.4 -8658.3 -3.6 355 0 12.6 6.6 7.5 0.0 0 0 3 3 3
4259.6 -8297.1 4.1 274 0 9.6 9.5 7.5 2.5 2 0 3 3 3
3974.9 -8033.9 4.3 236 0 20.2 9.6 7.5 2.5 2 0 3 5 5
3801.6 -8426.4 4.6 30 0 7.4 5.5 2.5 2.5 2 0 1 2 2
3861.7 -8342.1 4.5 34 0 5.4 16.5 7.5 2.5 4 0 3 4 4
4163.5 -8488.5 0.2 214 0 14.8 7.2 5.0 2.5 2 0 2 2 2
4156.4 -7900.3 5.7 224 0 5.8 17.5 2.5 2.5 2 0 1 5 5
3864.0 -8528.6 1.8 303 0 9.1 51.1 7.5 2.5 2 1 3 3 3
3702.0 -8242.3 8.2 212 0 12.4 14.0 7.5 2.5 2 0 3 2 2
3686.8 -8386.2 6.7 212 0 10.1 26.7 7.5 2.5 4 0 3 2 2
3839.0 -8049.7 6.5 213 0 55.1 18.9 7.5 0.0 0 0 3 3 3
3873.1 -8094.2 5.5 32 0 11.9 4.5 5.0 2.5 2 0 2 0 0
3732.8 -8301.4 6.8 212 0 30.8 18.7 12.5 2.5 2 0 5 2 2
3748.9 -8293.2 6.6 122 0 18.8 29.1 7.5 2.5 2 0 3 2 2
3795.4 -8530.4 2.8 213 0 6.4 12.5 5.0 2.5 2 1 2 5 5
4143.9 -7901.8 4.8 224 0 14.0 7.9 7.5 2.5 2 0 3 2 2
4425.1 -8076.0 10.6 274 0 9.1 5.0 2.5 2.5 2 0 1 4 4
3877.1 -8001.9 6.2 212 0 45.5 24.8 10.0 0.0 0 0 4 5 5
3885.7 -8073.8 5.8 32 0 12.3 8.6 2.5 2.5 2 0 1 4 4
4312.8 -8329.9 5.6 273 0 4.8 17.4 5.0 2.5 2 0 2 3 3
4041.1 -8407.8 1.3 125 0 5.4 9.4 7.5 0.0 0 0 3 0 0
3872.3 -8507.7 1.9 303 0 5.0 10.7 7.5 2.5 2 1 3 2 2
4150.8 -7894.8 5.8 224 0 5.8 7.9 7.5 2.5 4 0 3 5 5
4400.9 -8448.0 6.6 94 0 5.4 14.0 5.0 2.5 2 0 2 4 4
3980.1 -8375.6 2.9 214 0 5.6 7.3 5.0 2.5 2 0 2 5 5
3808.7 -8196.1 6.0 302 0 18.8 54.7 10.0 2.5 2 0 4 5 5
3772.2 -8124.1 8.0 124 0 12.8 9.4 7.5 2.5 2 0 3 0 0
3793.4 -8330.1 5.5 35 0 6.6 7.7 7.5 2.5 4 0 3 1 1
4402.2 -8470.5 5.8 4 0 44.8 5.4 7.5 2.5 2 0 3 3 3
4393.9 -8040.9 10.1 273 0 5.7 7.2 7.5 2.5 2 1 3 1 1
3885.5 -8622.8 0.4 121 0 6.4 8.0 7.5 2.5 2 1 3 5 5
3720.3 -8392.5 6.6 213 0 6.3 7.5 5.0 2.5 2 1 2 1 1
4346.5 -8039.2 8.4 184 0 6.8 29.0 5.0 2.5 2 0 2 2 2
4532.0 -8191.5 9.4 93 0 12.2 4.3 2.5 2.5 2 0 1 3 3
3793.7 -8511.4 3.2 196 0 15.3 5.9 2.5 2.5 2 0 1 0 0
4519.6 -7998.9 13.0 182 0 5.9 9.7 5.0 2.5 2 1 2 1 1
3995.7 -8266.1 0.5 213 0 21.2 5.1 5.0 2.5 2 0 2 4 4
4381.0 -8066.8 9.2 93 0 7.0 13.4 5.0 2.5 4 0 2 5 5
3722.6 -8215.2 7.8 212 0 40.6 18.8 7.5 2.5 2 0 3 5 5
3780.0 -8242.6 6.3 302 0 18.7 30.3 7.5 2.5 2 0 3 3 3
3737.3 -8270.2 7.1 122 0 7.8 24.0 5.0 2.5 2 0 2 2 2
4421.4 -8097.4 10.1 92 0 6.2 9.2 7.5 2.5 2 1 3 1 1
3915.6 -8062.2 5.5 32 0 5.9 19.4 2.5 2.5 2 0 1 5 5
3920.0 -8623.1 -0.2 124 0 12.4 5.9 2.5 2.5 2 0 1 0 0
4533.2 -8125.3 10.3 3 0 4.9 12.1 7.5 2.5 4 1 3 1 1
4536.2 -7932.4 14.8 269 0 12.1 5.2 7.5 2.5 2 0 3 3 3
4356.7 -8433.0 5.8 91 0 8.3 6.1 5.0 2.5 2 0 2 5 5
4599.1 -8085.7 8.8 272 0 15.0 6.5 2.5 2.5 2 0 1 0 0
3831.7 -8653.5 -0.4 303 0 58.9 9.5 7.5 2.5 2 0 3 2 2
4023.8 -8063.7 3.5 326 0 9.1 27.1 5.0 2.5 2 1 2 5 5
3982.4 -8577.2 -0.9 303 0 13.1 43.6 7.5 2.5 2 1 3 5 5
4030.8 -8462.2 0.2 35 0 14.8 7.4 2.5 2.5 4 0 1 4 4
4158.1 -8502.8 -0.0 124 0 7.2 7.5 2.5 2.5 2 0 1 3 3
4530.0 -8055.8 11.1 359 0 4.9 8.2 5.0 2.5 2 1 2 4 4
3690.9 -8272.8 8.3 122 0 14.0 25.4 7.5 2.5 2 0 3 1 1
3847.9 -8362.2 4.7 35 0 43.3 16.2 10.0 2.5 2 0 4 2 2
3927.7 -8557.1 0.4 304 0 12.8 23.8 7.5 2.5 2 1 3 5 5
4384.9 -8060.3 9.5 183 0 13.4 20.2 10.0 0.0 0 0 4 2 2
4396.7 -8470.2 5.4 4 0 44.8 18.7 12.5 2.5 2 0 5 2 2
4381.0 -8037.9 9.6 274 0 10.8 6.8 7.5 2.5 2 0 3 3 3
3760.3 -8183.1 7.3 306 0 30.6 10.6 15.0 0.0 0 0 6 4 4
3679.3 -8342.4 8.3 213 0 4.9 8.3 2.5 2.5 2 1 1 3 3
3748.8 -8077.9 8.6 120 0 23.5 12.3 12.5 2.5 2 0 5 2 2
3735.2 -8170.5 8.7 121 0 4.2 10.2 5.0 2.5 2 1 2 2 2
4429.8 -8073.6 10.5 4 0 5.6 15.3 5.0 2.5 4 0 2 1 1
3713.2 -8330.6 7.5 212 0 34.8 5.8 5.0 2.5 2 0 2 0 0
3983.5 -8370.5 2.8 214 0 6.6 11.0 2.5 2.5 2 0 1 4 4
3945.0 -8582.4 -0.1 303 0 12.9 18.7 7.5 2.5 2 0 3 4 4
3750.2 -8239.0 7.1 212 0 18.4 9.7 5.0 2.5 2 0 2 5 5
3951.9 -8083.3 3.9 212 0 41.8 12.5 7.5 0.0 0 0 3 2 2
3770.7 -8372.6 6.5 32 0 10.1 9.3 7.5 2.5 2 0 3 4 4
3795.4 -8414.3 5.0 32 0 12.3 52.3 15.0 0.0 0 0 6 0 0
4026.0 -8415.5 1.3 125 0 16.7 6.7 5.0 2.5 2 0 2 3 3
4562.7 -7987.8 12.6 1 0 5.0 18.0 5.0 2.5 2 0 2 3 3
4041.5 -8418.2 1.1 125 0 7.3 8.3 7.5 2.5 2 0 3 4 4
3799.6 -8403.4 5.3 32 0 10.6 49.9 10.0 2.5 2 0 4 2 2
4070.3 -8414.7 0.7 35 0 18.0 8.1 2.5 2.5 2 0 1 2 2
4055.1 -8401.5 1.2 35 0 26.4 5.0 7.5 2.5 2 0 3 0 0
4544.6 -7993.9 12.8 1 0 8.0 7.1 5.0 2.5 2 0 2 0 0
3885.3 -8529.5 1.4 303 0 12.6 22.7 10.0 2.5 2 0 4 3 3
3988.5 -8020.9 4.1 236 0 16.9 12.6 7.5 2.5 2 0 3 5 5
3815.5 -8630.5 1.4 123 0 9.1 63.4 7.5 2.5 2 0 3 1 1
3866.7 -8146.5 5.3 34 0 8.9 22.3 7.5 2.5 2 0 3 3 3
3708.1 -8348.1 6.6 304 0 54.9 12.8 10.0 2.5 2 0 4 5 5
3932.1 -8104.0 3.9 212 0 14.3 8.0 7.5 2.5 2 0 3 1 1
4538.4 -8037.8 11.5 3 0 5.0 11.2 5.0 2.5 2 0 2 4 4
3680.8 -8395.9 6.4 212 0 12.7 30.7 7.5 2.5 2 0 3 2 2
3871.8 -8547.7 1.5 303 0 9.8 36.6 7.5 2.5 2 0 3 4 4
4041.5 -8451.2 0.4 125 0 4.9 37.5 5.0 2.5 2 1 2 4 4
3861.9 -8492.4 2.2 303 0 10.0 13.3 7.5 2.5 2 0 3 5 5
3938.9 -8108.3 3.4 212 0 14.3 12.8 7.5 2.5 4 0 3 1 1
4298.7 -8319.8 4.6 273 0 24.6 75.2 10.0 0.0 0 0 4 2 2
4053.1 -8430.5 0.7 35 0 6.7 22.5 7.5 2.5 2 0 3 3 3
4033.8 -8412.8 1.2 125 0 7.1 8.3 2.5 2.5 2 0 1 2 2
3792.6 -8183.8 6.7 301 0 11.5 15.6 5.0 2.5 2 1 2 0 0
3851.3 -8169.5 5.4 34 0 12.4 42.0 12.5 2.5 2 0 5 2 2
3795.1 -8139.7 6.8 124 0 42.5 12.5 15.0 0.0 0 0 6 0 0
5474.1 -7681.8 18.8 104 0 9.9 11.6 5.0 2.5 2 0 2 3 3
5630.8 -7769.5 23.5 295 0 6.4 6.4 5.0 2.5 2 0 2 0 0
5426.2 -7684.8 16.2 104 0 25.6 7.5 5.0 2.5 2 0 2 1 1
5450.2 -7655.3 17.6 284 0 18.5 8.4 5.0 2.5 2 0 2 2 2
5370.9 -7965.4 10.4 197 0 6.2 13.4 5.0 2.5 2 0 2 4 4
5288.3 -7986.1 5.9 107 0 10.1 15.1 5.0 2.5 4 1 2 0 0
5432.5 -7647.5 16.8 284 0 19.8 11.7 2.5 2.5 2 0 1 0 0
5350.5 -7958.2 9.8 197 0 7.7 21.6 2.5 2.5 2 0 1 3 3
5418.7 -7662.2 16.5 194 0 11.6 53.6 17.5 0.0 0 0 7 2 2
4974.9 -8718.4 0.9 39 0 7.1 8.3 2.5 2.5 2 0 1 0 0
5175.9 -8396.7 0.2 15 0 5.8 17.8 5.0 2.5 2 0 2 3 3
4979.5 -8712.9 0.2 39 0 7.1 8.3 7.5 2.5 2 0 3 2 2
4883.7 -8725.3 2.0 103 0 8.3 7.0 7.5 2.5 2 0 3 5 5
4960.6 -7916.4 0.7 267 0 16.6 5.7 7.5 2.5 2 0 3 0 0
4930.4 -7933.8 1.3 180 0 7.0 8.4 5.0 2.5 2 0 2 0 0
4977.4 -8496.8 1.1 281 0 9.4 5.5 2.5 2.5 2 0 1 2 2
4939.3 -7629.8 2.3 359 0 5.3 18.5 5.0 2.5 2 1 2 1 1
5285.3 -8065.7 3.8 206 0 11.3 6.0 5.0 2.5 4 0 2 2 2
5036.3 -8583.0 -1.5 23 0 5.0 7.4 5.0 2.5 2 1 2 2 2
4981.1 -8234.0 3.8 179 0 5.1 10.9 2.5 2.5 2 0 1 4 4
5006.6 -8251.9 3.4 358 0 10.1 7.0 7.5 2.5 2 0 3 5 5
4970.6 -8064.1 1.9 90 0 8.1 5.7 7.5 2.5 2 0 3 4 4
4911.6 -7556.1 3.2 354 0 7.2 5.8 7.5 2.5 2 0 3 1 1
4971.9 -8516.7 0.8 284 0 10.8 5.5 5.0 2.5 2 0 2 0 0
4928.4 -7650.4 2.2 357 0 5.0 12.3 5.0 2.5 2 1 2 5 5
4950.0 -7847.7 1.4 356 0 4.5 9.1 2.5 2.5 2 1 1 2 2
5219.2 -8188.1 2.8 200 0 7.1 5.5 2.5 2.5 2 0 1 1 1
5129.3 -8373.4 -0.0 196 0 15.0 11.1 5.0 2.5 2 0 2 5 5
5276.8 -8112.7 3.5 30 0 7.4 5.6 5.0 2.5 2 0 2 1 1
4988.4 -8650.8 -2.0 199 0 8.4 5.0 7.5 2.5 2 0 3 3 3
4981.2 -8239.3 3.7 179 0 5.5 10.9 7.5 2.5 2 0 3 4 4
5005.8 -8623.1 -1.7 21 0 9.9 5.9 7.5 2.5 2 0 3 0 0
4924.6 -7438.9 6.3 358 0 5.2 19.1 7.5 2.5 2 0 3 2 2
4963.1 -7935.4 0.8 88 0 20.6 5.8 7.5 0.0 0 0 3 1 1
4952.2 -7914.8 1.1 357 0 4.1 12.0 7.5 2.5 2 0 3 0 0
4942.1 -8607.1 0.3 15 0 5.9 8.5 2.5 2.5 4 1 1 3 3
4920.9 -7530.6 3.5 85 0 6.6 5.1 2.5 2.5 2 0 1 2 2
4989.6 -8110.6 2.6 1 0 4.6 14.5 2.5 2.5 2 1 1 1 1
4952.0 -7996.9 1.3 90 0 14.6 4.7 7.5 2.5 2 0 3 5 5
4930.2 -7515.8 3.4 355 0 6.4 20.0 7.5 2.5 2 1 3 5 5
5324.1 -8047.3 5.5 28 0 4.7 6.6 5.0 2.5 2 1 2 3 3
5045.8 -8539.6 -1.0 202 0 4.2 9.6 5.0 2.5 2 1 2 3 3
4936.7 -7815.7 1.7 266 0 5.1 7.9 7.5 2.5 4 1 3 3 3
5151.4 -8310.9 0.7 197 0 10.2 6.4 5.0 2.5 2 0 2 0 0
4999.7 -8202.7 4.0 271 0 9.2 9.9 5.0 2.5 2 1 2 2 2
5142.8 -8425.0 -0.2 14 0 3.0 9.5 5.0 2.5 2 1 2 2 2
4944.0 -8593.5 0.4 14 0 5.7 7.4 7.5 2.5 2 1 3 4 4
5002.6 -8139.9 2.7 182 0 4.9 28.7 2.5 0.0 0 1 1 2 2
4945.4 -7805.0 1.6 358 0 5.8 10.1 7.5 2.5 2 1 3 1 1
4949.3 -7975.3 1.2 358 0 4.5 9.9 5.0 2.5 2 1 2 4 4
5020.2 -8319.8 2.5 3 0 8.2 5.1 7.5 0.0 0 0 3 3 3
4892.7 -8599.7 1.3 195 0 5.7 13.9 5.0 2.5 4 0 2 5 5
4946.3 -7869.8 1.4 358 0 4.0 15.3 2.5 2.5 2 1 1 2 2
4986.5 -8586.1 -0.7 106 0 5.5 10.1 5.0 2.5 2 1 2 4 4
5007.5 -8274.1 3.3 359 0 5.6 16.5 7.5 2.5 2 1 3 1 1
4894.5 -7405.8 9.6 267 0 8.0 5.1 7.5 2.5 2 0 3 5 5
4945.3 -8021.1 1.7 271 0 15.2 4.6 7.5 2.5 2 0 3 1 1
4998.3 -8103.3 2.3 2 0 5.3 14.3 7.5 2.5 2 1 3 2 2
5122.9 -8414.3 -0.3 193 0 14.1 6.2 2.5 2.5 2 0 1 1 1
4911.1 -8572.9 1.5 195 0 4.3 7.8 2.5 0.0 0 1 1 3 3
5124.7 -8463.4 -0.5 19 0 4.1 12.6 5.0 2.5 2 1 2 4 4
5091.9 -8509.9 -0.7 18 0 4.5 9.2 5.0 2.5 2 0 2 1 1
5138.7 -8386.5 0.0 197 0 4.7 9.0 7.5 2.5 4 1 3 2 2
5082.0 -8481.3 -0.5 199 0 9.3 6.0 2.5 2.5 2 0 1 2 2
5265.3 -8119.3 3.5 207 0 4.6 7.3 5.0 2.5 2 1 2 0 0
4952.5 -7919.7 1.0 357 0 5.8 12.0 7.5 0.0 0 0 3 2 2
4935.4 -7664.2 2.3 354 0 5.1 12.2 5.0 2.5 2 0 2 4 4
5159.7 -8280.8 1.0 197 0 18.3 7.1 7.5 2.5 2 0 3 5 5
5001.7 -8633.9 -1.9 21 0 13.1 5.9 5.0 2.5 2 0 2 3 3
4913.1 -8727.5 1.6 93 0 4.8 11.8 5.0 2.5 2 1 2 4 4
4978.6 -8483.2 1.4 99 0 9.1 4.9 7.5 2.5 2 0 3 1 1
4919.5 -7731.4 2.1 177 0 6.0 12.4 5.0 2.5 2 1 2 3 3
5199.1 -8220.7 2.2 202 0 5.6 7.9 7.5 2.5 2 1 3 3 3
4960.6 -8034.4 1.7 270 0 7.5 4.2 5.0 2.5 2 0 2 0 0
4911.2 -7546.6 3.3 355 0 4.6 6.1 5.0 2.5 2 1 2 1 1
4998.7 -8344.6 3.0 273 0 18.6 5.5 5.0 2.5 2 0 2 4 4
5168.1 -8341.9 0.5 16 0 4.7 19.7 7.5 2.5 2 0 3 3 3
5061.2 -8560.0 -1.3 19 0 4.9 9.0 7.5 2.5 4 0 3 5 5
4971.6 -8082.8 2.1 90 0 5.8 11.8 2.5 2.5 2 0 1 2 2
4960.3 -8021.3 1.6 271 0 14.8 4.6 2.5 2.5 2 0 1 4 4
4848.6 -8736.1 3.6 106 0 13.8 4.7 5.0 2.5 2 0 2 5 5
5096.0 -8515.4 -0.7 18 0 3.4 14.7 7.5 2.5 2 0 3 5 5
4936.3 -7671.8 2.2 354 0 10.1 13.5 2.5 2.5 2 0 1 2 2
4901.5 -7405.5 8.6 267 0 6.0 10.5 5.0 0.0 0 0 2 3 3
5143.9 -8330.0 0.5 197 0 13.5 7.0 5.0 2.5 2 0 2 2 2
5006.3 -8345.0 2.9 93 0 9.2 4.9 7.5 2.5 2 0 3 3 3
4878.2 -8627.1 1.5 110 0 10.0 13.4 2.5 2.5 2 0 1 3 3
4834.1 -8739.1 3.3 20 0 7.6 7.4 5.0 2.5 2 0 2 3 3
4894.8 -8731.7 2.2 102 0 9.8 10.9 5.0 2.5 2 0 2 3 3
4908.2 -8625.6 0.5 105 0 25.1 5.8 2.5 2.5 2 0 1 3 3
4962.2 -8082.8 2.2 90 0 12.9 5.3 7.5 2.5 2 0 3 0 0
4955.4 -8013.1 1.6 271 0 15.2 8.1 5.0 0.0 0 0 2 4 4
5121.4 -8441.9 -0.3 193 0 8.0 6.4 2.5 0.0 0 0 1 0 0
4924.7 -7444.2 6.1 358 0 5.3 19.1 2.5 2.5 4 0 1 3 3
5120.4 -8478.4 -0.6 20 0 5.1 14.4 5.0 2.5 2 0 2 0 0
4443.6 -8688.1 3.8 2 0 4.4 15.2 10.5 3.5 2 1 3 1 1
4213.1 -8384.4 3.0 302 0 9.0 7.7 7.5 2.5 2 0 3 4 4
4103.1 -8320.4 0.8 182 0 4.7 8.0 7.5 2.5 4 1 3 2 2
4446.8 -8667.0 4.0 2 0 10.5 19.5 14.0 3.5 2 1 4 1 1
4368.6 -8532.7 4.4 125 0 12.3 12.6 7.5 2.5 2 1 3 4 4
4156.4 -8389.0 2.1 91 0 7.0 12.7 2.5 2.5 2 1 1 4 4
3986.1 -8306.9 1.3 305 0 9.5 17.3 5.0 2.5 2 1 2 2 2
4341.6 -8179.2 7.4 184 0 9.1 22.7 5.0 2.5 2 1 2 1 1
4421.2 -7900.3 15.4 92 0 10.5 5.5 5.0 2.5 2 0 2 4 4
4126.6 -8288.2 1.9 4 0 5.0 15.0 5.0 2.5 4 1 2 4 4
4400.9 -7873.2 15.6 271 0 5.6 16.1 5.0 2.5 2 1 2 4 4
4421.2 -7980.7 12.5 94 0 11.4 8.7 5.0 0.0 0 0 2 2 2
4119.2 -8262.6 2.4 4 0 7.7 6.2 7.5 2.5 2 0 3 0 0
4118.7 -8272.9 2.3 3 0 5.0 8.7 5.0 0.0 0 1 2 3 3
4414.1 -8517.8 5.3 304 0 6.3 15.6 7.5 2.5 2 1 3 1 1
4151.6 -8326.1 1.7 4 0 7.0 8.0 2.5 2.5 2 1 1 3 3
4417.7 -8242.4 8.5 91 0 11.8 4.8 7.5 2.5 2 0 3 5 5
4430.0 -7964.0 13.3 184 0 5.9 9.7 5.0 2.5 2 1 2 0 0
3973.1 -8239.6 1.5 34 0 8.0 12.5 5.0 2.5 2 0 2 3 3
4425.1 -8549.0 5.3 34 0 6.4 12.2 7.5 2.5 2 0 3 4 4
4416.4 -8160.9 9.1 273 0 16.2 5.5 2.5 2.5 2 0 1 3 3
5431.6 -8693.2 3.6 194 0 6.2 10.3 7.5 2.5 2 1 3 0 0
5832.0 -8662.3 4.8 109 0 14.5 9.6 7.5 2.5 2 0 3 0 0
5454.2 -8724.0 3.4 104 0 7.5 13.8 7.5 0.0 0 1 3 0 0
5858.2 -8611.5 5.9 18 0 16.8 49.8 10.0 2.5 2 1 4 2 2
5492.2 -8396.4 3.7 267 0 5.4 9.8 2.5 2.5 2 1 1 5 5
5674.7 -8552.4 5.1 197 0 17.1 42.7 10.0 2.5 2 1 4 0 0
5860.5 -8654.6 4.9 17 0 12.9 16.1 5.0 2.5 2 1 2 2 2
5779.2 -8635.0 5.3 106 0 43.9 9.2 7.5 2.5 2 0 3 4 4
4496.9 -8688.2 5.0 214 0 6.7 19.1 10.5 3.5 2 0 3 0 0
4763.6 -8533.6 5.5 276 0 56.3 9.9 7.5 0.0 0 0 3 2 2
4871.8 -7696.2 5.8 358 0 7.5 12.9 5.0 2.5 2 0 2 4 4
4908.4 -8285.0 4.7 183 0 6.2 15.4 5.0 2.5 2 0 2 3 3
4677.2 -8722.3 3.1 111 0 12.1 7.1 7.5 2.5 2 0 3 5 5
4652.8 -8736.8 3.4 122 0 5.3 15.6 7.5 2.5 2 0 3 2 2
4871.9 -8540.7 3.2 109 0 9.7 9.5 7.5 2.5 2 0 3 0 0
4647.1 -8732.9 3.6 125 0 9.4 10.0 5.0 2.5 2 0 2 0 0
4637.8 -8691.9 5.8 301 0 9.4 10.2 2.5 2.5 2 1 1 5 5
4600.9 -8701.2 6.5 124 0 11.0 10.0 7.5 2.5 2 0 3 4 4
4834.0 -8521.3 3.8 199 0 12.5 31.6 10.0 2.5 2 1 4 5 5
4525.9 -8650.2 5.7 124 0 12.5 9.2 2.5 2.5 2 0 1 4 4
4771.6 -8704.9 1.4 207 0 4.9 17.1 5.0 2.5 2 1 2 5 5
4857.3 -8511.9 4.0 194 0 5.5 8.4 2.5 2.5 2 1 1 5 5
4633.2 -8607.5 8.0 356 0 12.8 5.5 7.5 2.5 2 0 3 0 0
4819.6 -7762.0 7.6 182 0 4.7 10.9 2.5 2.5 2 0 1 5 5
4884.4 -8419.8 4.6 199 0 8.8 9.2 7.5 2.5 2 1 3 1 1
4866.7 -8478.0 4.2 199 0 5.2 11.8 2.5 2.5 2 0 1 4 4
4627.2 -8641.6 7.8 86 0 5.2 9.7 7.5 0.0 0 0 3 1 1
4888.6 -8067.8 3.4 2 0 7.0 50.8 7.5 2.5 2 1 3 4 4
4894.6 -8117.0 4.5 91 0 6.8 5.1 5.0 2.5 2 0 2 5 5
4542.0 -8630.2 6.2 10 0 15.3 4.3 5.0 2.5 2 0 2 3 3
4711.7 -8731.6 3.1 33 0 4.9 10.9 2.5 2.5 2 1 1 1 1
4875.7 -8028.4 3.1 92 0 9.3 4.8 5.0 2.5 2 0 2 1 1
4714.8 -8577.1 7.0 21 0 6.9 9.2 2.5 0.0 0 1 1 5 5
4887.9 -8229.1 5.1 182 0 4.1 15.4 2.5 2.5 2 1 1 5 5
4805.0 -8727.6 2.5 30 0 7.0 9.1 7.5 2.5 2 1 3 1 1
4847.2 -7706.3 7.0 180 0 7.1 6.3 2.5 2.5 2 0 1 2 2
4864.1 -7908.5 3.4 273 0 7.9 5.9 7.5 2.5 2 0 3 5 5
4841.1 -7528.7 9.4 174 0 5.1 12.7 7.5 2.5 4 1 3 2 2
4865.7 -8125.3 4.8 182 0 7.4 32.2 5.0 0.0 0 1 2 5 5
4550.1 -8614.7 6.5 6 0 26.3 5.2 7.5 2.5 2 0 3 0 0
4859.4 -7845.5 4.2 180 0 5.4 8.4 2.5 2.5 2 1 1 3 3
4874.1 -8231.3 5.5 3 0 8.1 8.1 5.0 2.5 2 1 2 4 4
4834.8 -7672.3 7.8 180 0 17.5 5.8 2.5 2.5 2 0 1 5 5
4902.2 -8087.2 3.7 270 0 7.0 6.1 7.5 2.5 2 0 3 1 1
4812.7 -8635.4 3.2 109 0 12.1 30.3 7.5 2.5 2 1 3 0 0
4887.7 -7980.3 2.5 183 0 7.6 5.8 5.0 2.5 4 0 2 0 0
4853.8 -7783.6 5.1 182 0 5.0 8.0 5.0 2.5 2 1 2 0 0
4895.3 -8087.2 3.8 270 0 6.8 6.1 2.5 2.5 2 0 1 1 1
4663.7 -8622.1 7.5 145 0 6.4 7.3 7.5 2.5 2 1 3 4 4
4901.8 -8359.6 5.5 183 0 11.4 6.0 7.5 0.0 0 0 3 0 0
4608.6 -8667.0 7.0 275 0 10.0 5.4 7.5 2.5 2 0 3 4 4
4781.0 -8684.8 2.4 204 0 6.1 10.6 5.0 2.5 2 1 2 0 0
4859.8 -8497.3 4.1 197 0 4.8 11.9 5.0 0.0 0 0 2 1 1
4869.6 -7998.2 2.6 182 0 6.2 21.3 5.0 2.5 2 0 2 1 1
4917.7 -8346.0 5.3 272 0 5.8 5.8 2.5 2.5 2 0 1 0 0
4826.4 -8560.8 4.1 288 0 5.4 20.6 5.0 2.5 2 0 2 3 3
4853.5 -7861.4 4.2 92 0 11.6 5.0 7.5 2.5 2 0 3 0 0
4820.1 -8671.9 2.5 24 0 5.9 16.1 7.5 2.5 2 1 3 4 4
4861.2 -8492.6 4.1 197 0 5.0 11.9 7.5 2.5 2 0 3 3 3
4881.9 -8051.7 3.1 183 0 4.9 13.9 7.5 2.5 2 1 3 3 3
4863.1 -7903.9 3.1 184 0 5.9 17.1 7.5 2.5 2 1 3 0 0
4860.7 -7734.8 6.2 2 0 6.1 7.2 5.0 2.5 2 0 2 0 0
4889.1 -8134.7 4.8 271 0 11.5 5.5 7.5 2.5 2 0 3 2 2
4837.1 -7590.0 9.1 263 0 6.5 8.5 5.0 2.5 4 1 2 3 3
4922.3 -8375.5 4.7 2 0 5.0 13.5 7.5 2.5 4 1 3 3 3
4848.1 -7560.2 8.3 86 0 17.6 5.0 2.5 2.5 2 0 1 1 1
4679.7 -8632.6 6.9 108 0 11.5 5.6 5.0 2.5 2 0 2 1 1
4818.5 -8055.3 4.3 182 0 7.4 13.9 5.0 2.5 2 1 2 4 4
4844.1 -7739.3 6.4 182 0 4.4 9.2 7.5 2.5 2 0 3 2 2
4843.6 -7942.3 3.7 182 0 9.7 6.1 2.5 2.5 2 0 1 4 4
4534.7 -8623.7 6.2 13 0 9.2 5.7 5.0 2.5 4 0 2 5 5
4649.1 -8709.9 4.6 114 0 8.3 6.7 2.5 2.5 4 0 1 3 3
4870.6 -8110.3 4.8 183 0 11.3 7.0 5.0 2.5 2 0 2 5 5
4864.8 -7948.0 3.2 92 0 8.2 5.1 7.5 2.5 2 0 3 4 4
4711.1 -8642.3 5.8 198 0 5.3 9.3 5.0 2.5 4 0 2 0 0
4899.1 -8179.4 5.2 273 0 10.6 5.1 7.5 2.5 2 0 3 3 3
4875.3 -7934.4 2.9 91 0 14.1 5.8 2.5 2.5 2 0 1 1 1
4893.9 -8245.0 5.1 3 0 9.7 10.7 7.5 2.5 2 1 3 5 5
4850.9 -8014.1 3.5 273 0 11.8 11.8 7.5 2.5 2 1 3 0 0
4895.6 -8069.6 3.2 91 0 5.0 10.4 7.5 2.5 2 0 3 1 1
4865.4 -7861.8 3.8 92 0 12.3 5.0 5.0 2.5 2 0 2 1 1
4634.0 -8620.3 7.9 356 0 12.8 5.5 7.5 2.5 2 0 3 5 5
4682.8 -8711.8 3.1 293 0 13.6 4.7 2.5 2.5 2 0 1 5 5
4697.1 -8650.6 6.2 288 0 4.3 13.0 5.0 2.5 2 0 2 1 1
4628.5 -8620.7 7.9 356 0 17.6 5.2 2.5 2.5 2 0 1 1 1
4719.8 -8645.6 5.4 198 0 6.2 10.9 2.5 2.5 2 0 1 4 4
4867.2 -7740.3 5.8 2 0 4.4 14.0 2.5 2.5 2 0 1 5 5
4889.0 -8086.0 3.9 270 0 5.7 7.2 2.5 2.5 4 0 1 5 5
4861.6 -7992.3 3.1 182 0 17.3 8.2 5.0 0.0 0 0 2 4 4
4598.7 -8613.4 7.9 179 0 11.8 7.0 5.0 2.5 2 0 2 1 1
4865.1 -8482.6 4.1 199 0 4.5 15.1 7.5 2.5 2 0 3 3 3
4596.0 -8623.7 7.6 179 0 8.7 9.1 7.5 2.5 4 0 3 3 3
4900.4 -8281.4 5.0 273 0 16.5 7.2 7.5 2.5 2 0 3 2 2
4836.8 -7764.9 6.3 92 0 12.7 4.7 7.5 2.5 2 0 3 2 2
4581.6 -8665.1 6.5 6 0 7.0 6.8 5.0 2.5 2 0 2 5 5
4660.0 -8714.9 4.0 115 0 10.7 6.7 5.0 2.5 2 0 2 0 0
4523.4 -8622.3 6.1 193 0 11.2 5.7 5.0 2.5 4 0 2 4 4
4696.4 -8638.3 6.4 108 0 12.3 5.8 5.0 2.5 2 0 2 3 3
4685.6 -8633.0 6.7 198 0 8.3 5.8 7.5 2.5 2 0 3 2 2
4563.6 -8661.9 6.2 18 0 10.7 6.0 7.5 2.5 2 0 3 5 5
4711.1 -8642.3 6.0 18 0 5.3 9.1 2.5 2.5 2 0 1 2 2
4854.3 -7760.8 5.6 92 0 5.9 6.9 2.5 2.5 2 0 1 3 3
4694.0 -8673.9 5.9 110 0 4.7 15.8 5.0 2.5 2 0 2 3 3
4667.1 -8718.1 3.4 114 0 9.6 10.5 7.5 0.0 0 0 3 5 5
4718.4 -8667.9 5.4 19 0 15.4 6.2 5.0 2.5 2 0 2 0 0
4880.3 -7948.5 2.6 92 0 22.8 6.7 5.0 0.0 0 0 2 3 3
4889.0 -8213.9 5.2 91 0 22.2 6.1 2.5 0.0 0 0 1 3 3
4841.3 -7760.4 6.0 92 0 9.0 11.5 7.5 2.5 2 0 3 3 3
4889.2 -8215.4 5.2 181 0 3.1 22.2 2.5 2.5 2 0 1 1 1
4709.8 -8673.1 5.5 22 0 10.6 4.7 7.5 2.5 2 0 3 0 0
4607.3 -8622.7 7.9 176 0 11.3 9.4 5.0 2.5 2 0 2 2 2
5577.3 -8305.5 6.1 178 0 7.0 6.4 7.5 2.5 2 0 3 3 3
5472.0 -8403.5 3.5 179 0 5.6 7.6 7.5 2.5 2 1 3 0 0
1313.3 -7241.4 -2.3 1 0 20.4 13.5 12.5 2.5 2 0 5 4 4
1225.8 -7994.9 -4.8 8 0 7.2 7.6 7.5 0.0 0 1 3 3 3
153.0 4620.0 1.7 274 0 9.8 9.3 5.0 0.0 0 0 2 0 0
586.4 4690.7 7.2 271 0 9.3 14.0 7.5 2.5 2 1 3 4 4
-252.0 5629.8 -10.8 76 0 14.1 10.6 5.0 2.5 2 0 2 2 2
-5.8 5294.0 -9.0 261 0 5.6 10.2 5.0 2.5 2 1 2 0 0
166.2 4967.1 -3.0 346 0 9.9 10.8 7.5 2.5 2 0 3 5 5
244.7 4602.1 2.3 4 0 11.4 12.1 10.0 2.5 2 1 4 5 5
170.1 5064.4 -3.3 168 0 8.7 9.4 2.5 2.5 2 0 1 5 5
-157.1 5274.8 -7.9 71 0 8.3 9.3 5.0 2.5 2 1 2 4 4
-121.9 6131.5 -7.7 234 0 4.7 10.3 7.5 0.0 0 1 3 3 3
-248.2 5867.4 -11.3 335 0 10.8 9.1 7.5 2.5 2 0 3 0 0
-438.5 5162.5 1.9 359 0 11.4 12.1 5.0 2.5 2 1 2 2 2
241.8 4896.0 -0.1 350 0 6.2 8.0 5.0 2.5 2 1 2 1 1
28.9 5549.4 -3.4 74 0 11.5 4.2 5.0 0.0 0 0 2 3 3
289.9 4653.9 3.3 273 0 5.0 13.8 5.0 2.5 2 1 2 5 5
-492.7 5153.6 0.7 269 0 20.6 5.0 7.5 2.5 2 0 3 3 3
108.3 5080.3 -4.8 166 0 4.7 11.0 2.5 2.5 2 1 1 2 2
420.6 4746.5 5.3 169 0 10.1 12.9 7.5 0.0 0 1 3 0 0
323.0 4652.3 3.9 273 0 9.5 10.6 2.5 2.5 2 1 1 1 1
165.0 5088.4 -3.4 168 0 7.8 8.7 7.5 2.5 2 1 3 2 2
339.6 5009.4 0.6 349 0 7.5 11.4 7.5 2.5 2 1 3 4 4
406.1 4703.8 5.1 349 0 10.2 9.3 5.0 0.0 0 0 2 4 4
-624.6 5297.9 -3.0 184 0 36.5 12.9 10.0 2.5 2 0 4 1 1
-242.5 5592.8 -10.6 236 0 10.9 6.5 5.0 2.5 2 0 2 2 2
154.1 4918.6 -2.0 167 0 10.6 9.8 2.5 2.5 2 0 1 5 5
81.6 5427.8 -1.3 65 0 10.7 11.8 7.5 2.5 2 0 3 4 4
-635.6 5243.9 -2.0 94 0 13.9 9.3 5.0 2.5 2 0 2 3 3
167.3 4791.7 1.1 165 0 9.7 5.8 5.0 2.5 2 0 2 4 4
277.8 4648.2 3.1 274 0 8.5 8.6 5.0 0.0 0 1 2 0 0
567.7 4909.7 6.5 166 0 9.6 10.0 7.5 0.0 0 1 3 1 1
152.0 5121.7 -3.7 165 0 5.5 11.7 5.0 2.5 2 1 2 5 5
-519.7 5362.5 -4.6 298 0 9.0 11.4 7.5 2.5 2 1 3 1 1
136.7 5269.3 -1.9 163 0 14.2 11.0 7.5 2.5 2 0 3 2 2
424.6 4727.4 5.4 167 0 11.3 9.8 2.5 2.5 2 0 1 5 5
154.0 4695.9 1.4 263 0 6.3 8.9 2.5 2.5 2 1 1 5 5
-22.9 5547.0 -4.5 164 0 12.2 8.1 2.5 2.5 4 0 1 4 4
150.6 5224.5 -3.5 163 0 21.9 10.1 5.0 2.5 2 0 2 2 2
408.1 4666.8 5.3 272 0 12.5 11.2 5.0 2.5 2 0 2 3 3
479.2 5117.1 4.2 348 0 10.3 8.9 5.0 0.0 0 0 2 5 5
443.5 5330.6 5.2 349 0 14.7 10.5 5.0 0.0 0 0 2 1 1
75.6 5225.8 -4.8 343 0 9.3 10.6 7.5 2.5 2 0 3 2 2
-258.0 5783.6 -10.6 161 0 11.4 12.3 7.5 2.5 2 1 3 5 5
186.8 4634.1 1.5 272 0 5.1 16.3 7.5 2.5 2 1 3 2 2
-471.1 5090.7 0.7 89 0 12.4 49.7 7.5 2.5 4 0 3 3 3
114.0 5007.0 -3.5 166 0 5.3 16.1 2.5 2.5 2 1 1 0 0
81.6 5207.0 -5.4 343 0 10.6 8.7 7.5 2.5 2 0 3 5 5
-11.5 6023.0 -8.6 335 0 6.5 17.1 7.5 2.5 2 1 3 3 3
-266.3 5986.8 -12.1 335 0 13.7 9.4 5.0 2.5 2 0 2 3 3
-132.3 6153.6 -5.3 350 0 8.2 10.9 7.5 2.5 2 1 3 3 3
395.1 4745.7 4.8 345 0 12.6 11.1 7.5 2.5 2 0 3 4 4
88.6 5185.2 -5.5 342 0 9.9 8.7 7.5 2.5 2 0 3 5 5
371.7 4830.6 3.7 349 0 9.8 10.6 5.0 2.5 2 1 2 1 1
-544.1 5250.4 -2.5 95 0 37.3 25.0 10.0 0.0 0 0 4 4 4
425.7 4669.6 5.6 273 0 8.3 13.9 7.5 0.0 0 1 3 5 5
-198.1 6095.6 -9.0 259 0 6.6 19.9 7.5 2.5 4 1 3 4 4
164.9 4710.5 1.6 79 0 9.5 11.9 2.5 2.5 2 1 1 5 5
387.8 4661.6 5.0 273 0 10.2 8.9 7.5 2.5 2 0 3 4 4
537.6 4891.6 5.6 349 0 15.1 8.7 7.5 2.5 2 0 3 2 2
587.5 4815.5 7.4 169 0 10.5 8.9 5.0 2.5 4 0 2 1 1
130.0 5142.1 -4.6 346 0 5.8 13.2 7.5 2.5 4 0 3 5 5
147.2 4707.2 1.3 76 0 9.5 8.7 2.5 2.5 2 0 1 2 2
-756.4 5409.1 -5.4 183 0 12.6 45.7 15.0 0.0 0 1 6 4 4
543.8 4864.0 6.5 349 0 10.3 9.1 2.5 2.5 2 0 1 4 4
562.6 4773.3 7.0 350 0 10.1 10.9 7.5 2.5 2 1 3 2 2
145.6 5240.5 -2.8 163 0 11.6 10.1 5.0 2.5 2 0 2 4 4
457.7 5145.0 3.6 349 0 5.0 10.8 5.0 2.5 2 1 2 4 4
166.4 4651.7 1.4 83 0 9.8 11.6 2.5 0.0 0 1 1 3 3
-88.6 5270.6 -8.4 254 0 9.2 7.6 5.0 0.0 0 0 2 0 0
356.9 5466.9 3.9 258 0 7.2 22.2 7.5 2.5 4 1 3 0 0
582.4 4839.0 7.3 169 0 10.4 11.6 10.0 2.5 2 1 4 0 0
-245.6 5844.9 -10.9 333 0 11.8 9.0 7.5 2.5 2 0 3 5 5
-51.5 5710.5 -4.5 165 0 5.3 18.6 7.5 2.5 2 1 3 1 1
568.8 4746.8 7.2 350 0 9.8 11.4 5.0 2.5 2 1 2 1 1
-472.0 5160.8 1.2 269 0 12.4 20.3 10.0 2.5 2 0 4 0 0
-239.1 6034.5 -11.4 64 0 9.6 9.1 5.0 2.5 2 0 2 5 5
148.4 5210.9 -3.9 255 0 10.0 16.3 5.0 0.0 0 1 2 0 0
144.5 5067.8 -4.1 346 0 7.7 7.9 7.5 2.5 2 0 3 3 3
170.0 4700.4 1.6 256 0 11.0 9.3 5.0 2.5 2 0 2 5 5
-208.8 5263.3 -6.6 75 0 14.2 6.6 7.5 2.5 2 0 3 3 3
-236.4 5626.4 -10.2 166 0 10.8 9.0 5.0 2.5 2 0 2 2 2
53.0 5299.3 -5.9 344 0 8.8 9.1 2.5 2.5 2 0 1 1 1
-264.6 6042.0 -11.2 155 0 9.9 6.4 5.0 2.5 2 0 2 5 5
44.7 5328.5 -6.5 343 0 9.1 11.2 5.0 0.0 0 1 2 1 1
532.3 4913.3 5.4 347 0 9.9 10.8 7.5 2.5 2 1 3 0 0
553.2 4817.0 6.7 349 0 10.2 8.7 2.5 0.0 0 0 1 1 1
85.4 5194.9 -5.6 342 0 10.5 8.7 7.5 2.5 2 0 3 5 5
177.3 4712.9 1.9 75 0 5.8 11.3 7.5 2.5 4 1 3 3 3
0.4 5434.6 -6.1 339 0 9.4 8.9 5.0 2.5 2 0 2 3 3
374.3 4847.1 3.8 349 0 12.2 12.2 5.0 2.5 2 1 2 0 0
474.8 4674.4 6.3 274 0 10.4 12.6 7.5 2.5 4 1 3 0 0
140.6 5256.2 -2.3 163 0 13.3 11.0 2.5 2.5 2 0 1 4 4
440.9 4670.2 5.8 272 0 5.1 19.2 2.5 2.5 2 1 1 2 2
-171.6 6091.7 -8.4 38 0 10.6 9.9 2.5 2.5 2 0 1 0 0
98.7 5910.8 -1.6 173 0 7.1 9.7 7.5 2.5 2 0 3 0 0
337.3 5140.3 0.9 166 0 15.4 9.8 5.0 2.5 2 0 2 5 5
115.6 5544.8 -2.0 253 0 11.2 9.1 5.0 2.5 2 0 2 0 0
179.9 5021.1 -3.0 170 0 3.9 11.6 5.0 2.5 2 1 2 3 3
545.3 4721.1 7.1 81 0 8.0 5.9 5.0 2.5 2 0 2 2 2
-220.8 6035.2 -11.5 59 0 9.2 9.5 2.5 2.5 2 1 1 4 4
-567.1 5252.3 -2.3 95 0 8.7 25.0 5.0 2.5 2 0 2 5 5
-431.3 5156.8 2.3 90 0 11.3 21.9 2.5 2.5 4 1 1 0 0
-626.6 5361.4 -4.3 184 0 60.1 19.3 10.0 2.5 2 0 4 1 1
-346.1 5677.0 -13.2 248 0 10.7 12.9 2.5 0.0 0 1 1 2 2
-142.5 5258.3 -7.4 252 0 10.9 11.7 7.5 2.5 2 1 3 0 0
360.8 5026.5 1.4 169 0 13.0 10.4 2.5 2.5 2 0 1 5 5
-240.0 6007.0 -11.8 67 0 4.1 25.9 5.0 2.5 2 1 2 3 3
50.1 5573.1 -2.7 253 0 14.2 9.0 5.0 2.5 2 0 2 3 3
26.9 5350.8 -7.5 344 0 10.9 18.4 2.5 2.5 2 0 1 1 1
573.5 4883.0 6.8 166 0 9.6 10.0 5.0 2.5 2 1 2 5 5
557.6 4793.9 6.9 348 0 9.4 10.1 7.5 2.5 4 1 3 4 4
148.4 4649.6 1.4 84 0 9.2 8.7 7.5 2.5 2 0 3 4 4
172.7 4775.2 1.5 166 0 10.2 5.2 7.5 2.5 2 0 3 1 1
-119.1 5268.5 -8.1 254 0 10.2 8.5 2.5 0.0 0 0 1 1 1
-24.5 5559.1 -4.6 157 0 11.4 9.4 2.5 2.5 2 0 1 2 2
-718.4 5259.6 -3.8 96 0 13.2 12.2 5.0 2.5 2 0 2 3 3
577.5 4862.0 7.3 168 0 10.4 9.3 7.5 2.5 2 0 3 3 3
597.5 4762.1 7.7 169 0 9.7 10.9 2.5 2.5 2 1 1 5 5
-3.1 5314.2 -9.0 75 0 9.7 9.9 2.5 2.5 2 1 1 2 2
389.1 4891.0 2.8 170 0 11.2 12.5 5.0 0.0 0 1 2 1 1
331.0 5053.2 0.5 350 0 9.5 11.1 7.5 2.5 2 1 3 1 1
341.3 5118.0 1.0 169 0 9.4 10.8 5.0 2.5 2 1 2 5 5
172.6 4626.5 1.5 274 0 10.4 10.4 7.5 2.5 2 1 3 1 1
569.8 4715.1 7.4 81 0 8.5 9.1 5.0 0.0 0 1 2 3 3
184.4 4652.5 1.7 83 0 8.6 8.4 7.5 2.5 2 0 3 4 4
-437.1 5198.6 2.3 270 0 21.0 14.0 7.5 2.5 2 0 3 1 1
380.8 4933.4 1.9 168 0 9.9 10.8 5.0 2.5 2 1 2 0 0
345.1 4973.5 0.6 351 0 10.2 9.6 5.0 0.0 0 0 2 4 4
-158.0 5256.9 -7.0 253 0 12.8 9.5 5.0 2.5 2 0 2 0 0
592.6 4790.7 7.5 169 0 10.5 8.9 5.0 2.5 2 0 2 5 5
265.4 4649.4 2.9 274 0 5.0 8.9 7.5 2.5 2 1 3 5 5
100.5 5426.8 -0.1 66 0 6.3 13.8 7.5 2.5 4 1 3 0 0
-35.2 5985.3 -8.3 66 0 8.6 9.8 5.0 2.5 2 0 2 1 1
490.6 5269.7 5.0 167 0 8.5 9.2 5.0 2.5 2 0 2 0 0
126.4 5303.4 -0.8 163 0 12.1 10.7 7.5 2.5 2 0 3 1 1
-129.2 5265.7 -7.9 254 0 10.8 8.5 5.0 2.5 2 0 2 0 0
228.8 4938.9 -1.8 350 0 8.7 7.9 7.5 2.5 4 0 3 2 2
237.0 4817.5 1.8 170 0 6.2 14.6 5.0 0.0 0 1 2 3 3
-27.6 5988.6 -8.1 67 0 8.1 9.8 5.0 0.0 0 0 2 4 4
93.2 5594.0 -1.5 256 0 18.0 6.6 5.0 2.5 2 0 2 4 4
304.1 4651.4 3.5 274 0 10.0 8.8 5.0 2.5 2 0 2 0 0
99.8 5093.0 -5.0 165 0 5.1 10.1 5.0 2.5 2 1 2 2 2
-209.2 6061.0 -10.1 69 0 11.4 8.6 5.0 2.5 2 0 2 1 1
370.2 4980.4 1.4 169 0 9.7 10.8 7.5 2.5 2 1 3 5 5
416.0 4768.6 5.2 169 0 10.0 10.3 2.5 2.5 2 1 1 5 5
104.6 5176.4 -5.0 258 0 5.8 10.4 5.0 2.5 2 0 2 5 5
-605.1 5394.4 -4.4 4 0 8.6 19.3 7.5 2.5 2 0 3 5 5
60.5 5271.7 -5.4 344 0 12.1 9.7 5.0 2.5 2 0 2 4 4
-621.5 5252.2 -2.3 94 0 12.9 27.1 7.5 2.5 2 0 3 3 3
385.9 4908.8 2.1 170 0 13.7 10.7 7.5 2.5 2 0 3 1 1
390.9 4772.6 4.7 346 0 9.6 10.5 7.5 2.5 2 1 3 1 1
123.4 5327.3 -0.2 251 0 9.7 10.4 7.5 2.5 4 1 3 4 4
193.7 4960.6 -2.7 166 0 5.5 11.4 5.0 2.5 2 1 2 3 3
400.5 4839.7 4.4 168 0 11.9 13.1 7.5 2.5 2 1 3 4 4
-221.6 5577.7 -10.0 75 0 8.1 5.4 5.0 2.5 2 0 2 2 2
225.9 4639.9 2.2 275 0 10.3 8.8 7.5 2.5 2 0 3 2 2
-661.6 5408.4 -4.6 275 0 36.1 18.6 7.5 0.0 0 0 3 4 4
328.1 5181.6 0.6 169 0 9.5 10.7 2.5 2.5 2 1 1 4 4
-72.7 5296.1 -8.9 75 0 18.6 7.7 5.0 2.5 2 0 2 1 1
346.1 5095.0 1.1 169 0 9.2 9.2 7.5 2.5 2 0 3 0 0
523.3 4958.8 4.9 348 0 12.9 8.9 5.0 2.5 2 0 2 3 3
51.4 5493.8 -4.4 251 0 18.2 8.5 7.5 2.5 2 0 3 3 3
601.9 4742.5 7.6 168 0 9.5 10.3 5.0 2.5 2 1 2 5 5
357.7 4927.8 1.1 348 0 10.6 10.7 5.0 2.5 2 1 2 3 3
78.5 5216.7 -5.1 342 0 9.8 10.6 2.5 2.5 2 0 1 0 0
-525.0 5144.0 0.2 179 0 8.4 42.7 7.5 2.5 2 0 3 4 4
138.5 5093.2 -4.4 346 0 5.0 15.4 7.5 2.5 2 0 3 0 0
-480.4 5160.7 1.1 269 0 4.3 20.3 5.0 2.5 2 0 2 1 1
206.4 4906.7 -1.0 166 0 5.0 10.5 2.5 0.0 0 0 1 4 4
110.8 5167.1 -5.0 258 0 8.2 11.8 5.0 2.5 2 0 2 2 2
550.4 4687.4 7.2 263 0 9.6 10.1 7.5 2.5 2 1 3 0 0
114.4 5034.1 -4.3 165 0 4.8 13.8 5.0 2.5 2 1 2 0 0
145.4 5459.7 -0.0 71 0 11.2 19.3 7.5 2.5 4 1 3 3 3
202.4 4631.0 1.8 275 0 10.1 11.3 5.0 2.5 2 1 2 1 1
602.1 4690.2 7.3 274 0 9.6 11.5 7.5 2.5 4 1 3 0 0
350.9 5073.3 1.3 170 0 8.5 9.9 7.5 2.5 4 1 3 4 4
-174.5 5207.2 -4.9 348 0 13.6 31.6 7.5 2.5 2 1 3 4 4
-533.8 5188.1 0.1 270 0 4.4 19.9 5.0 2.5 2 1 2 2 2
236.1 4886.1 0.0 352 0 9.8 10.0 7.5 2.5 2 1 3 0 0
306.3 5162.3 -0.2 350 0 5.1 11.0 7.5 0.0 0 1 3 1 1
419.6 5279.5 3.4 169 0 9.9 7.6 5.0 2.5 2 0 2 2 2
319.7 5104.4 0.2 350 0 9.8 11.1 2.5 2.5 2 1 1 2 2
411.7 4790.4 4.9 167 0 12.0 9.7 5.0 2.5 2 0 2 3 3
339.2 4650.8 4.1 270 0 9.1 10.9 7.5 2.5 2 1 3 5 5
566.7 4689.2 7.2 273 0 9.0 9.8 2.5 0.0 0 1 1 2 2
33.6 5473.0 -5.0 71 0 8.7 15.5 5.0 0.0 0 1 2 0 0
332.7 5158.4 0.7 169 0 11.4 11.5 5.0 2.5 4 1 2 1 1
440.3 4714.0 5.7 171 0 4.9 23.2 5.0 2.5 4 1 2 2 2
394.8 4867.1 3.8 169 0 9.6 14.3 5.0 2.5 2 1 2 0 0
327.1 5074.6 0.4 349 0 11.2 9.6 5.0 2.5 2 0 2 4 4
360.7 4658.1 4.5 267 0 13.2 11.0 5.0 2.5 4 0 2 4 4
365.7 5003.4 1.4 167 0 9.8 11.0 5.0 2.5 2 1 2 1 1
364.9 4889.8 2.3 350 0 4.4 11.7 7.5 2.5 2 1 3 4 4
524.5 4682.9 7.0 272 0 9.6 10.6 7.5 0.0 0 1 3 4 4
131.4 5286.9 -1.5 163 0 22.5 10.8 7.5 0.0 0 0 3 4 4
522.4 4717.1 6.8 84 0 6.2 9.9 5.0 2.5 2 1 2 2 2
526.6 4938.9 5.1 348 0 9.9 10.5 7.5 2.5 2 1 3 3 3
25.1 5356.9 -7.7 344 0 10.2 24.0 12.5 2.5 2 0 5 4 4
4513.3 -1889.2 -2.9 279 0 21.6 5.8 7.5 2.5 4 0 3 0 0
4850.6 -1120.5 -2.9 8 0 7.3 31.1 7.5 2.5 2 0 3 4 4
4493.8 -1943.1 -3.5 97 0 9.2 4.9 7.5 2.5 2 0 3 5 5
4764.7 -1646.7 -2.9 189 0 7.1 6.1 5.0 2.5 2 0 2 0 0
4748.3 -1672.3 -2.6 214 0 9.1 8.7 5.0 2.5 2 0 2 4 4
5079.8 -771.3 -4.3 97 0 6.7 12.5 7.5 2.5 2 1 3 3 3
4560.5 -1964.9 -3.6 295 0 13.3 6.2 5.0 2.5 2 0 2 2 2
4860.7 -885.5 -4.3 100 0 8.0 10.7 5.0 0.0 0 1 2 5 5
4878.3 -1279.1 -2.8 184 0 10.1 11.7 5.0 2.5 2 1 2 0 0
4557.8 -1824.3 -2.2 101 0 6.2 7.7 2.5 2.5 2 1 1 0 0
4903.9 -1174.7 -3.9 98 0 9.2 4.8 7.5 2.5 2 0 3 2 2
4920.4 -808.0 -5.2 276 0 11.0 7.7 7.5 2.5 2 0 3 3 3
5072.4 -787.5 -4.6 7 0 4.6 11.1 7.5 2.5 2 1 3 2 2
4809.6 -1550.0 -2.8 189 0 6.5 13.1 5.0 2.5 2 0 2 1 1
4926.6 -1166.9 -4.3 7 0 11.7 9.1 7.5 2.5 2 0 3 2 2
4812.3 -1137.5 -2.1 99 0 8.6 18.9 7.5 2.5 2 0 3 0 0
4923.3 -1281.8 -3.4 5 0 7.1 6.7 7.5 2.5 2 0 3 1 1
5100.2 -816.6 -5.2 280 0 8.0 5.7 5.0 2.5 2 0 2 1 1
4819.5 -1089.5 -2.3 279 0 8.6 11.2 7.5 2.5 2 0 3 4 4
4662.7 -1791.0 -1.9 214 0 8.9 9.4 5.0 2.5 2 1 2 5 5
4538.1 -1919.1 -3.2 8 0 9.8 8.1 7.5 2.5 2 0 3 2 2
4744.1 -1695.2 -2.5 189 0 6.5 18.1 7.5 2.5 2 1 3 5 5
4865.8 -1143.5 -3.2 5 0 4.9 13.9 2.5 2.5 2 0 1 0 0
4856.5 -1525.7 -2.9 100 0 8.8 11.7 5.0 2.5 2 1 2 1 1
4888.5 -1488.1 -2.7 10 0 4.5 11.1 7.5 2.5 2 0 3 3 3
4728.3 -1764.4 -1.6 279 0 9.1 6.5 5.0 2.5 2 0 2 0 0
4729.3 -1119.4 -0.4 189 0 7.4 41.0 7.5 2.5 2 1 3 4 4
5045.2 -759.2 -4.4 279 0 9.3 8.4 2.5 2.5 2 0 1 4 4
4789.3 -1617.0 -3.4 190 0 6.9 7.4 7.5 2.5 2 0 3 5 5
4524.9 -1915.1 -3.1 9 0 5.3 9.4 5.0 0.0 0 1 2 0 0
4821.1 -970.3 -3.0 99 0 13.6 4.0 2.5 2.5 2 0 1 2 2
4820.2 -1040.3 -2.7 187 0 5.5 12.3 2.5 0.0 0 1 1 0 0
4829.5 -1512.6 -2.5 189 0 5.9 16.1 7.5 0.0 0 1 3 3 3
4872.8 -1320.0 -2.3 187 0 10.1 9.4 5.0 2.5 4 0 2 4 4
4611.5 -1858.5 -2.5 214 0 9.6 9.9 2.5 2.5 2 1 1 5 5
5054.1 -782.3 -4.6 9 0 10.0 6.4 7.5 2.5 4 0 3 4 4
4730.7 -1698.0 -1.8 213 0 10.1 8.5 5.0 2.5 2 0 2 0 0
4793.0 -1678.5 -3.4 8 0 8.6 21.1 5.0 2.5 2 1 2 4 4
4849.4 -1467.4 -1.9 193 0 12.6 11.0 5.0 2.5 2 0 2 3 3
4676.2 -1807.9 -2.0 189 0 8.9 14.5 2.5 2.5 4 1 1 1 1
4593.5 -1939.0 -3.2 97 0 15.4 12.7 2.5 2.5 4 0 1 2 2
4803.8 -1601.5 -3.8 190 0 5.6 11.6 5.0 2.5 2 0 2 5 5
4807.3 -1052.6 -2.5 189 0 6.1 19.0 7.5 2.5 2 1 3 0 0
4646.6 -1825.8 -2.2 189 0 7.0 22.2 7.5 2.5 2 1 3 0 0
4895.4 -1338.1 -2.6 185 0 6.3 6.4 5.0 2.5 2 0 2 0 0
4830.6 -987.2 -3.1 278 0 11.9 6.9 2.5 2.5 2 0 1 3 3
4738.8 -1719.8 -1.9 99 0 18.0 5.5 7.5 2.5 2 0 3 4 4
4810.1 -1099.4 -2.1 279 0 7.0 5.7 5.0 0.0 0 0 2 1 1
4834.0 -1585.5 -3.7 8 0 13.7 8.1 7.5 2.5 2 0 3 5 5
4858.5 -1541.0 -3.3 9 0 11.9 8.4 5.0 2.5 4 0 2 2 2
4851.1 -1488.4 -2.3 189 0 9.5 8.8 7.5 2.5 2 0 3 3 3
4682.2 -1764.1 -1.6 213 0 11.0 8.1 7.5 2.5 2 0 3 3 3
4842.7 -1156.2 -2.6 6 0 6.5 8.8 7.5 0.0 0 0 3 2 2
4777.2 -1711.5 -3.1 100 0 8.0 14.7 5.0 2.5 2 1 2 1 1
4847.7 -1140.3 -2.8 7 0 6.9 20.7 5.0 2.5 2 1 2 0 0
4657.2 -1846.1 -2.3 10 0 7.1 10.5 7.5 2.5 4 0 3 0 0
4744.6 -1112.1 -0.7 188 0 7.8 29.3 2.5 2.5 2 1 1 0 0
4854.3 -1171.5 -2.8 9 0 8.8 8.7 5.0 2.5 2 0 2 1 1
4796.6 -1618.3 -3.7 191 0 7.0 13.7 5.0 2.5 2 0 2 4 4
4831.2 -1016.9 -3.0 189 0 5.1 8.0 7.5 2.5 2 0 3 4 4
5097.6 -858.6 -5.5 99 0 15.1 4.5 7.5 2.5 2 0 3 3 3
4521.0 -1927.2 -3.3 8 0 4.0 14.1 2.5 2.5 2 0 1 5 5
4770.6 -1627.8 -3.1 192 0 7.3 7.6 5.0 2.5 2 1 2 5 5
4842.0 -1554.2 -3.2 9 0 4.7 10.8 2.5 2.5 4 0 1 5 5
5047.3 -743.3 -4.4 277 0 10.0 10.3 2.5 2.5 2 1 1 0 0
4863.1 -1107.0 -3.3 3 0 10.2 11.2 5.0 2.5 2 0 2 4 4
4884.4 -1256.6 -3.3 187 0 6.7 27.2 7.5 2.5 2 1 3 3 3
4703.0 -1824.7 -2.1 9 0 12.4 7.9 5.0 2.5 2 0 2 0 0
4868.0 -844.1 -4.5 280 0 9.1 16.5 5.0 2.5 2 1 2 3 3
4845.0 -1193.3 -2.7 97 0 10.6 10.2 10.0 2.5 2 0 4 3 3
4720.0 -1788.9 -1.8 9 0 6.0 9.6 2.5 2.5 2 0 1 5 5
4867.0 -1129.9 -3.3 5 0 7.5 10.6 5.0 2.5 2 0 2 1 1
4895.3 -1415.0 -1.6 5 0 10.1 24.0 7.5 2.5 2 1 3 3 3
4629.5 -1832.8 -2.3 208 0 13.8 11.1 5.0 2.5 2 0 2 5 5
4792.8 -1577.1 -3.1 190 0 11.7 9.2 7.5 2.5 2 0 3 3 3
4848.1 -806.3 -3.2 280 0 10.0 4.5 5.0 2.5 2 0 2 4 4
4844.1 -1579.5 -4.2 279 0 10.9 23.9 7.5 2.5 2 1 3 1 1
5081.1 -812.5 -5.3 276 0 6.7 14.1 5.0 2.5 2 1 2 0 0
4497.4 -1910.6 -3.3 278 0 9.4 15.2 7.5 2.5 2 0 3 3 3
4820.2 -1197.7 -2.2 99 0 26.0 5.6 5.0 0.0 0 0 2 0 0
4653.6 -1806.1 -2.0 213 0 10.7 9.2 7.5 2.5 2 0 3 4 4
4896.0 -1331.6 -2.6 185 0 6.7 6.4 2.5 2.5 2 0 1 2 2
4841.4 -988.8 -3.3 278 0 9.9 6.9 2.5 2.5 2 0 1 2 2
4834.6 -803.9 -3.1 278 0 7.5 13.3 5.0 2.5 2 1 2 1 1
4813.9 -871.9 -2.7 190 0 17.3 7.6 5.0 0.0 0 0 2 2 2
4548.8 -1905.7 -3.0 9 0 12.3 9.3 5.0 0.0 0 0 2 3 3
4856.0 -1157.3 -2.9 8 0 9.4 9.0 7.5 2.5 2 0 3 0 0
4825.4 -1529.0 -2.8 189 0 7.3 18.8 5.0 2.5 2 1 2 1 1
4876.6 -1505.5 -2.9 101 0 13.7 7.1 5.0 2.5 2 0 2 1 1
4773.3 -1141.5 -0.7 99 0 6.1 7.6 7.5 2.5 2 1 3 0 0
5037.1 -817.4 -5.4 97 0 9.2 9.0 7.5 2.5 2 0 3 4 4
4710.5 -1787.4 -1.8 8 0 6.2 8.2 5.0 2.5 2 0 2 0 0
4805.6 -1631.3 -3.8 188 0 11.8 9.2 7.5 2.5 2 0 3 1 1
4847.0 -1045.9 -3.1 8 0 8.9 7.6 5.0 2.5 2 0 2 3 3
4883.0 -1458.4 -2.1 18 0 5.0 14.4 5.0 2.5 2 0 2 5 5
4554.3 -1882.1 -2.8 214 0 15.3 6.3 5.0 2.5 2 0 2 4 4
4611.2 -1895.3 -2.8 189 0 6.1 12.8 5.0 2.5 2 0 2 4 4
4814.9 -1511.9 -2.1 189 0 9.5 11.3 5.0 2.5 2 1 2 0 0
4870.6 -1354.7 -1.9 187 0 10.0 10.7 5.0 2.5 2 1 2 0 0
5043.4 -804.1 -5.2 8 0 10.1 9.2 5.0 2.5 2 0 2 5 5
4536.1 -1959.9 -3.5 210 0 9.2 8.1 5.0 2.5 2 0 2 1 1
4833.2 -1441.2 -1.1 189 0 5.2 11.6 2.5 2.5 2 1 1 0 0
4681.7 -1783.4 -1.8 188 0 6.2 20.9 5.0 2.5 2 0 2 0 0
4757.0 -1659.6 -2.9 216 0 9.6 8.4 5.0 2.5 4 0 2 0 0
4893.2 -1246.3 -3.4 189 0 9.7 19.7 7.5 2.5 2 0 3 1 1
4912.0 -1373.0 -2.5 10 0 7.6 12.0 2.5 2.5 2 1 1 3 3
4597.5 -1893.2 -2.8 189 0 6.1 13.8 5.0 2.5 2 0 2 1 1
4679.1 -1827.7 -2.1 98 0 12.2 5.3 7.5 2.5 2 0 3 2 2
4873.6 -814.7 -4.4 279 0 8.5 9.0 7.5 2.5 2 1 3 0 0
4791.3 -1088.8 -1.7 281 0 8.3 10.9 5.0 2.5 2 1 2 2 2
4919.4 -1346.7 -2.9 9 0 16.3 8.9 7.5 2.5 2 0 3 2 2
4849.8 -1011.6 -3.4 278 0 8.5 10.5 2.5 2.5 2 1 1 4 4
4833.9 -1155.3 -2.4 6 0 6.4 10.2 5.0 2.5 2 0 2 5 5
4850.7 -1424.4 -1.1 194 0 9.8 8.9 5.0 2.5 4 0 2 1 1
4816.3 -1576.4 -3.3 192 0 4.2 9.6 2.5 2.5 2 1 1 2 2
4754.9 -1733.6 -2.1 98 0 8.2 12.2 2.5 2.5 2 1 1 1 1
4898.4 -1211.1 -3.6 278 0 19.9 10.1 2.5 2.5 2 0 1 4 4
4891.2 -1448.0 -2.0 5 0 6.6 21.4 7.5 2.5 2 1 3 3 3
5101.1 -811.6 -5.1 280 0 8.0 5.1 7.5 2.5 2 0 3 3 3
4800.7 -1701.5 -3.7 100 0 8.8 18.8 5.0 2.5 2 1 2 5 5
4772.3 -1009.3 -1.3 100 0 6.0 17.2 2.5 2.5 2 1 1 0 0
4656.2 -1852.0 -2.4 8 0 4.6 10.6 7.5 2.5 2 0 3 5 5
4791.8 -1178.3 -1.3 188 0 14.4 9.1 7.5 2.5 2 0 3 0 0
4567.4 -1984.3 -3.7 116 0 7.9 12.4 7.5 2.5 2 1 3 0 0
4853.8 -869.1 -4.1 98 0 9.7 5.0 2.5 2.5 2 0 1 2 2
4832.2 -837.5 -3.9 190 0 6.5 21.8 5.0 2.5 2 1 2 4 4
4831.1 -949.7 -3.3 278 0 16.2 5.9 5.0 2.5 2 0 2 1 1
4826.3 -861.6 -3.5 191 0 5.1 18.0 5.0 2.5 2 0 2 3 3
4919.7 -1220.0 -3.8 277 0 8.5 15.9 7.5 2.5 2 0 3 5 5
4677.4 -1849.8 -2.3 10 0 7.1 20.5 7.5 2.5 2 0 3 5 5
5047.8 -849.6 -5.7 98 0 9.1 6.7 7.5 2.5 4 0 3 2 2
4799.7 -1013.4 -2.4 99 0 9.4 21.0 7.5 2.5 4 0 3 1 1
4664.5 -1859.8 -2.5 8 0 17.3 9.3 7.5 2.5 2 0 3 3 3
4727.9 -1796.7 -1.9 9 0 19.0 9.1 7.5 2.5 2 0 3 5 5
4913.9 -1311.5 -3.0 7 0 7.7 12.9 7.5 0.0 0 0 3 2 2
4770.6 -1648.6 -3.3 189 0 9.0 19.0 7.5 0.0 0 0 3 2 2
4819.7 -1156.6 -2.2 97 0 7.5 12.2 7.5 2.5 2 0 3 4 4
4803.4 -1594.9 -3.8 190 0 7.2 13.2 7.5 2.5 2 0 3 2 2
4822.5 -1552.0 -3.0 189 0 6.5 8.9 2.5 2.5 2 0 1 5 5
4897.3 -1485.2 -2.8 10 0 4.4 19.3 7.5 2.5 2 0 3 1 1
4475.5 -1938.4 -3.4 98 0 7.8 15.2 7.5 2.5 2 0 3 4 4
4816.3 -1597.1 -3.9 190 0 7.2 6.7 5.0 2.5 2 0 2 2 2
4850.3 -1561.9 -3.6 9 0 17.4 9.3 7.5 2.5 2 0 3 2 2
4498.3 -1886.8 -3.1 279 0 8.8 16.6 7.5 2.5 2 0 3 5 5
4863.7 -1098.1 -3.3 4 0 7.6 14.0 7.5 2.5 2 0 3 4 4
4866.3 -1137.3 -3.2 5 0 7.5 13.9 5.0 2.5 2 0 2 4 4
4913.0 -1217.3 -3.7 277 0 5.5 9.8 5.0 2.5 2 0 2 0 0
4720.8 -1783.7 -1.7 9 0 4.6 17.8 7.5 2.5 2 0 3 0 0
4540.2 -1952.8 -3.5 210 0 7.1 10.4 7.5 2.5 2 0 3 2 2
4924.3 -1269.4 -3.6 5 0 17.9 9.3 5.0 2.5 2 0 2 3 3
5097.3 -845.6 -5.5 99 0 16.5 6.1 5.0 2.5 2 0 2 5 5
4681.0 -1854.0 -2.4 100 0 8.5 18.7 7.5 2.5 2 0 3 4 4
4716.4 -1753.8 -1.5 279 0 35.3 8.6 5.0 0.0 0 0 2 3 3
4489.8 -1932.1 -3.4 98 0 18.8 7.0 2.5 2.5 4 0 1 2 2
4730.6 -1779.4 -1.7 9 0 16.0 9.1 5.0 2.5 2 0 2 0 0
5087.1 -856.9 -5.6 99 0 6.2 12.8 5.0 0.0 0 0 2 1 1
4793.1 -1647.6 -3.4 279 0 6.1 23.9 5.0 0.0 0 0 2 1 1
4922.9 -1319.7 -3.2 7 0 16.0 10.0 7.5 2.5 2 0 3 4 4
4809.1 -968.5 -2.6 99 0 10.7 5.2 5.0 2.5 2 0 2 1 1
5060.5 -853.0 -5.7 98 0 17.1 5.6 7.5 2.5 2 0 3 2 2
4917.4 -1241.5 -3.6 279 0 7.1 13.2 5.0 2.5 2 0 2 5 5
5041.2 -836.8 -5.7 99 0 11.0 9.6 2.5 2.5 2 0 1 4 4
4831.9 -1607.4 -4.1 10 0 7.6 12.1 5.0 2.5 4 0 2 1 1
4901.8 -1460.2 -2.5 10 0 10.7 18.8 5.0 0.0 0 0 2 0 0
4804.1 -1016.0 -2.8 189 0 7.7 26.9 5.0 2.5 4 0 2 2 2
4817.8 -1100.5 -2.3 279 0 8.6 18.5 5.0 2.5 2 0 2 5 5
4906.2 -1463.1 -3.0 280 0 9.8 25.5 7.5 2.5 2 0 3 1 1
4861.4 -1378.4 -1.2 192 0 6.1 10.0 5.0 2.5 2 1 2 0 0
-3391.4 324.3 -31.6 257 0 19.7 23.2 7.5 2.5 4 1 3 1 1
-3298.1 362.5 -30.3 240 0 8.3 22.1 7.5 0.0 0 1 3 5 5
-3861.7 -5747.4 -25.5 351 0 13.8 7.9 2.5 2.5 2 0 1 3 3
-3836.0 -5827.6 -26.2 0 0 13.5 5.8 7.5 2.5 2 0 3 5 5
-3897.9 -5845.7 -27.5 176 0 22.4 24.3 7.5 0.0 0 1 3 3 3
2063.7 -1719.1 -4.6 200 0 6.1 11.9 7.5 2.5 2 1 3 0 0
2104.8 -1681.2 -3.7 289 0 9.6 22.0 7.5 2.5 2 0 3 0 0
2107.8 -1696.6 -3.6 289 0 6.1 8.5 2.5 2.5 2 0 1 3 3
2104.1 -1730.8 -4.6 109 0 9.3 40.9 7.5 2.5 2 0 3 0 0
2202.5 -1745.7 -4.5 118 0 4.4 15.6 7.5 2.5 2 1 3 2 2
2165.7 -1750.1 -5.2 193 0 11.5 15.1 5.0 2.5 2 1 2 2 2
2199.7 -1690.2 -2.5 208 0 15.8 9.9 5.0 2.5 2 0 2 4 4
2236.6 -1716.3 -3.1 27 0 10.5 13.1 5.0 2.5 2 1 2 3 3
2270.4 -1694.7 -2.8 295 0 7.0 10.1 7.5 0.0 0 0 3 2 2
2256.1 -1688.2 -2.7 295 0 24.4 12.3 10.0 2.5 2 0 4 0 0
4142.3 5548.0 -6.9 281 0 8.1 18.1 2.5 2.5 2 1 1 0 0
6427.5 7242.8 -9.3 297 0 19.2 11.4 5.0 2.5 2 0 2 2 2
6442.3 7298.1 -6.4 255 0 9.0 6.9 2.5 2.5 2 0 1 4 4
5428.9 1300.1 -6.3 320 0 28.9 17.3 12.5 2.5 2 0 5 3 3
5419.3 1210.9 -7.7 94 0 19.0 18.1 7.5 2.5 2 0 3 3 3
5244.1 1353.2 -2.8 93 0 21.1 6.6 7.5 2.5 2 0 3 0 0
5260.8 1379.2 -2.1 3 0 5.3 8.4 7.5 0.0 0 0 3 3 3
5272.8 1371.2 -2.4 3 0 20.2 12.4 7.5 2.5 2 0 3 3 3
-3232.5 336.2 -30.2 70 0 10.7 10.4 2.5 2.5 2 0 1 3 3
4967.0 3758.9 -10.3 84 0 43.1 18.6 7.5 2.5 2 0 3 0 0
5324.2 3713.5 -11.0 170 0 36.7 16.9 10.0 2.5 2 0 4 1 1
5333.1 3675.7 -11.6 169 0 13.5 30.2 10.0 2.5 2 1 4 1 1
5541.4 3800.3 -10.6 85 0 13.0 36.7 5.0 2.5 2 1 2 3 3
5388.2 3750.1 -10.8 266 0 11.6 18.6 7.5 2.5 2 1 3 1 1
5426.1 3715.2 -10.8 84 0 26.0 11.1 10.0 2.5 2 0 4 5 5
5742.6 3374.2 -14.9 155 0 28.9 10.5 7.5 2.5 2 0 3 3 3
5677.9 3465.8 -14.3 18 0 20.0 13.6 7.5 2.5 2 0 3 4 4
6375.0 7370.6 -9.5 161 0 35.9 14.8 10.0 2.5 2 0 4 0 0
6794.0 5215.5 -16.0 358 0 9.3 10.6 2.5 0.0 0 1 1 5 5
6751.7 5209.2 -15.4 182 0 16.2 9.1 2.5 2.5 2 0 1 2 2
6785.1 5257.7 -16.1 359 0 5.8 10.5 5.0 2.5 2 1 2 0 0
-5835.3 5709.1 -30.4 54 0 5.1 8.5 7.5 0.0 0 1 3 4 4
-5480.2 5254.8 -30.4 264 0 19.3 8.4 7.5 2.5 2 0 3 2 2
-5509.8 5231.0 -30.2 174 0 8.0 16.3 7.5 2.5 2 1 3 0 0
-5477.6 5208.1 -29.4 86 0 12.1 10.2 5.0 2.5 2 0 2 4 4
-5486.6 5220.1 -29.8 86 0 4.7 13.3 2.5 2.5 2 1 1 2 2
-5492.0 5210.6 -29.6 87 0 4.5 10.1 2.5 2.5 2 1 1 2 2
-5500.1 5193.0 -29.9 86 0 12.7 7.3 2.5 0.0 0 0 1 4 4
-5518.3 5186.5 -30.1 85 0 11.0 10.1 5.0 2.5 2 0 2 1 1
-5521.1 5215.6 -30.2 177 0 21.7 5.2 5.0 2.5 2 0 2 0 0
-5467.9 5256.1 -30.1 264 0 5.3 8.4 7.5 2.5 2 0 3 2 2
-5165.3 5247.3 -26.7 0 0 5.0 8.2 2.5 0.0 0 1 1 5 5
-5186.4 5256.4 -26.8 268 0 9.9 7.2 7.5 2.5 2 0 3 4 4
-5196.2 5235.2 -26.9 84 0 15.0 7.9 7.5 2.5 2 0 3 3 3
-5192.7 5269.5 -27.2 268 0 14.0 7.9 7.5 0.0 0 0 3 3 3
-5422.8 6127.7 -26.9 204 0 34.0 7.5 7.5 2.5 2 0 3 5 5
-5402.0 6157.7 -27.1 201 0 8.8 16.5 5.0 2.5 2 1 2 5 5
6809.9 5446.6 -16.8 1 0 10.3 7.1 7.5 2.5 4 0 3 0 0
-4515.4 8655.6 -28.5 2 0 21.7 35.7 7.5 0.0 0 1 3 0 0
-3062.5 -5854.1 -24.4 280 0 17.1 35.8 7.5 2.5 2 1 3 4 4
-3746.0 -5787.5 -23.8 97 0 11.7 23.6 10.0 2.5 2 1 4 3 3
-3164.5 -5852.5 -24.7 186 0 11.7 11.5 5.0 2.5 2 0 2 5 5
-3773.5 -5488.2 -20.8 292 0 9.8 6.8 5.0 2.5 4 0 2 5 5
5228.9 1238.5 -6.7 182 0 19.8 32.4 7.5 0.0 0 1 3 2 2
5304.7 603.2 -5.8 271 0 26.0 25.6 12.5 0.0 0 0 5 4 4
5276.4 -8040.6 3.0 206 0 9.3 10.4 5.0 2.5 4 1 2 3 3
1306.2 -7148.1 -2.7 187 0 17.1 10.7 7.5 2.5 2 0 3 3 3
1317.4 -7097.2 -2.8 188 0 18.5 11.0 7.5 2.5 2 0 3 4 4
1320.3 -7068.9 -2.6 188 0 19.6 11.1 2.5 2.5 2 0 1 5 5
1232.3 -7108.0 -3.3 191 0 16.4 37.8 10.0 2.5 2 1 4 4 4
1289.6 -7064.3 -2.9 9 0 32.6 18.4 10.0 0.0 0 0 4 4 4
1181.6 -7095.1 -3.3 100 0 12.6 18.8 5.0 2.5 2 1 2 2 2
1196.0 -7061.6 -3.3 11 0 13.0 12.5 7.5 2.5 2 0 3 1 1
1237.8 -6995.7 -4.2 190 0 21.2 6.3 5.0 2.5 2 0 2 3 3
1241.1 -7013.3 -4.1 189 0 54.8 22.2 12.5 2.5 2 0 5 3 3
1206.0 -6938.6 -4.9 1 0 18.6 9.7 7.5 2.5 2 0 3 5 5
1198.0 -6893.9 -4.3 99 0 10.1 10.3 7.5 2.5 2 1 3 1 1
1297.2 -6950.3 -3.8 15 0 7.3 8.9 7.5 2.5 4 1 3 1 1
1304.4 -6953.7 -3.7 328 0 8.2 4.3 7.5 2.5 2 0 3 0 0
1306.2 -6979.8 -3.6 2 0 4.8 4.2 2.5 0.0 0 0 1 2 2
1285.5 -6979.5 -3.9 6 0 6.3 6.5 2.5 2.5 4 1 1 5 5
1300.9 -6977.6 -3.8 4 0 9.5 14.0 5.0 2.5 2 1 2 2 2
