-3454.9 7283.4 7.4 120 0 13.9 35.3 7.5 2.5 2 1 3 3 3
-5008.4 7714.9 -4.8 139 0 7.1 8.5 7.5 2.5 2 1 3 3 3
-5005.8 7732.7 -4.4 139 0 7.1 8.5 2.5 2.5 2 1 1 3 3
-5003.2 7747.7 -4.1 139 0 7.1 8.5 7.5 2.5 2 1 3 3 3
-2752.9 -730.2 -8.5 299 0 16.4 11.1 2.5 2.5 2 0 1 5 5
-2859.5 -693.9 -9.3 201 0 8.1 11.1 5.0 2.5 2 1 2 0 0
-2684.3 -1270.2 -8.9 192 0 11.7 10.8 5.0 2.5 2 0 2 4 4
-2812.8 -622.7 -9.3 198 0 7.4 7.4 7.5 2.5 2 1 3 1 1
-2765.3 -660.0 -9.0 209 0 13.6 13.6 10.0 2.5 2 1 4 0 0
-2822.9 -687.3 -9.3 17 0 14.7 10.8 7.5 2.5 2 0 3 3 3
-2749.7 -697.1 -8.8 119 0 8.0 13.8 2.5 2.5 2 1 1 5 5
-2774.9 -716.3 -8.7 281 0 10.6 12.1 7.5 2.5 4 1 3 3 3
-2735.0 -704.4 -8.7 120 0 12.4 10.7 7.5 2.5 2 0 3 0 0
-2742.5 -1188.2 -8.5 193 0 8.4 14.4 5.0 2.5 2 1 2 4 4
-2700.9 -1230.1 -8.8 283 0 12.5 15.0 7.5 2.5 4 1 3 4 4
-2801.5 -649.6 -9.3 18 0 17.0 21.6 7.5 2.5 2 1 3 2 2
-2716.6 -1199.9 -8.7 104 0 15.0 13.1 7.5 2.5 4 0 3 2 2
-2683.6 -1190.7 -8.8 15 0 10.4 16.4 7.5 2.5 2 1 3 5 5
-2700.0 -717.9 -8.4 210 0 12.0 17.1 7.5 2.5 2 1 3 2 2
-2158.0 -1050.5 -10.2 297 0 10.1 11.5 5.0 2.5 2 1 2 3 3
-2169.6 -1074.6 -10.8 110 0 11.5 6.2 2.5 2.5 2 0 1 0 0
-2124.6 -1076.6 -11.7 321 0 15.5 10.8 5.0 2.5 2 0 2 5 5
-2093.7 -1107.6 -13.1 145 0 25.1 13.7 12.5 2.5 2 0 5 5 5
-2219.9 -1016.2 -9.4 299 0 12.1 10.8 5.0 2.5 4 0 2 0 0
-2237.3 -1011.3 -9.3 209 0 7.4 11.5 5.0 2.5 2 0 2 2 2
-2249.3 -1044.2 -9.3 204 0 11.0 13.1 5.0 2.5 2 1 2 4 4
-2253.4 -1063.1 -9.4 113 0 10.0 10.1 2.5 2.5 2 1 1 2 2
-2156.7 -1089.1 -11.6 112 0 14.4 10.4 5.0 2.5 2 0 2 0 0
-2191.5 -1053.0 -9.9 291 0 6.3 9.3 7.5 2.5 2 1 3 3 3
-2220.0 -1056.3 -9.5 115 0 13.2 11.0 2.5 2.5 2 0 1 2 2
-2244.5 -1023.8 -9.3 207 0 5.4 11.0 5.0 2.5 2 1 2 5 5
-2222.7 -1064.3 -9.6 111 0 12.8 6.3 7.5 2.5 2 0 3 1 1
-2207.7 -1040.7 -9.5 294 0 3.5 6.5 7.5 0.0 0 0 3 1 1
-2230.1 -1065.6 -9.7 111 0 10.0 3.9 7.5 2.5 2 0 3 4 4
-2184.5 -1070.8 -10.4 114 0 6.5 3.5 5.0 2.5 2 0 2 0 0
-2175.6 -1090.4 -11.3 118 0 5.5 7.1 7.5 2.5 2 1 3 3 3
-2103.9 -1067.4 -11.2 121 0 14.4 10.4 5.0 2.5 4 0 2 5 5
-2134.8 -1049.3 -10.0 121 0 6.3 10.0 5.0 2.5 2 0 2 1 1
-2126.4 -1055.9 -10.3 122 0 3.9 6.6 7.5 2.5 2 1 3 2 2
-2128.4 -1034.2 -10.1 215 0 12.8 11.9 2.5 2.5 2 0 1 5 5
-2074.8 -1067.6 -11.5 116 0 13.8 11.4 5.0 2.5 2 0 2 3 3
-2109.4 -1038.3 -10.5 203 0 4.2 23.7 2.5 2.5 2 0 1 0 0
-2099.1 -1058.2 -10.8 120 0 5.1 4.8 2.5 2.5 2 0 1 5 5
-2118.6 -1013.4 -10.1 210 0 8.6 11.0 2.5 2.5 2 1 1 5 5
-2076.8 -1046.2 -10.6 122 0 14.6 12.0 5.0 2.5 4 0 2 2 2
-2107.4 -1034.1 -10.2 208 0 4.7 11.1 7.5 2.5 2 0 3 3 3
-2098.5 -1012.3 -10.2 210 0 10.2 11.4 5.0 0.0 0 1 2 0 0
-2034.7 -1041.1 -10.8 29 0 10.6 19.5 7.5 2.5 2 1 3 5 5
-2041.8 -1048.7 -11.0 27 0 5.8 9.0 5.0 2.5 2 1 2 3 3
-2018.3 -1049.1 -11.3 29 0 9.5 6.7 2.5 2.5 2 0 1 5 5
-2089.2 -972.1 -10.2 211 0 13.0 10.9 2.5 2.5 2 0 1 1 1
-2070.7 -940.8 -10.1 212 0 8.2 11.0 7.5 0.0 0 1 3 1 1
-2009.3 -999.4 -10.7 27 0 12.3 10.9 5.0 2.5 4 0 2 0 0
-2039.7 -954.6 -10.5 298 0 16.2 13.1 2.5 2.5 2 0 1 1 1
-2003.9 -989.6 -10.8 31 0 10.6 11.3 2.5 2.5 2 0 1 0 0
-2074.8 -948.8 -10.2 210 0 4.7 11.8 7.5 2.5 4 1 3 5 5
-2069.4 -984.3 -10.4 210 0 13.3 6.2 7.5 2.5 2 0 3 4 4
-2030.3 -974.1 -10.6 296 0 15.6 6.9 2.5 2.5 2 0 1 1 1
-2027.2 -998.4 -10.6 27 0 7.0 22.4 5.0 2.5 4 1 2 3 3
-2162.1 -1032.9 -9.8 116 0 9.9 12.6 2.5 2.5 2 1 1 3 3
-2173.4 -1027.1 -9.7 115 0 8.4 9.3 2.5 2.5 4 0 1 0 0
-2221.4 -1003.2 -9.3 117 0 10.1 11.8 5.0 2.5 2 1 2 4 4
-2143.3 -1014.8 -9.9 31 0 6.0 13.2 7.5 2.5 2 0 3 5 5
-2171.4 -1000.9 -9.7 116 0 11.2 6.7 5.0 2.5 2 0 2 2 2
-2198.0 -1007.0 -9.5 117 0 5.4 7.2 5.0 2.5 2 1 2 3 3
-2128.1 -1011.6 -10.0 34 0 7.6 15.7 5.0 2.5 2 0 2 4 4
-2121.3 -1001.7 -10.0 36 0 12.1 14.3 5.0 2.5 4 1 2 3 3
-2112.4 -986.9 -10.0 34 0 14.6 11.0 5.0 2.5 2 0 2 0 0
-2095.4 -959.3 -10.0 32 0 23.9 11.6 10.0 2.5 2 0 4 0 0
-2082.1 -928.2 -9.9 302 0 10.3 10.1 5.0 2.5 2 0 2 2 2
-2117.8 -908.0 -9.4 300 0 8.1 10.8 2.5 2.5 4 0 1 0 0
-2128.1 -902.0 -9.3 300 0 15.7 10.8 2.5 2.5 2 0 1 2 2
-2143.7 -996.0 -9.8 28 0 5.1 9.8 5.0 2.5 2 1 2 5 5
-2160.4 -999.3 -9.7 117 0 9.1 5.6 5.0 2.5 2 0 2 0 0
-2124.4 -968.8 -9.8 33 0 4.3 11.7 5.0 0.0 0 1 2 3 3
-2112.5 -949.4 -9.7 34 0 4.5 10.7 7.5 0.0 0 1 3 0 0
-2121.2 -927.6 -9.5 301 0 5.3 8.0 5.0 2.5 2 1 2 1 1
-2102.9 -915.8 -9.6 301 0 7.0 10.9 2.5 2.5 2 1 1 5 5
-2141.8 -913.1 -9.3 299 0 6.4 13.5 5.0 0.0 0 0 2 5 5
-2211.5 -971.6 -9.3 210 0 12.6 10.7 2.5 2.5 2 0 1 4 4
-2199.6 -950.1 -9.2 206 0 11.7 9.8 5.0 2.5 2 0 2 3 3
-2193.9 -938.8 -9.1 207 0 13.7 10.4 5.0 2.5 4 0 2 5 5
-2179.9 -912.8 -9.0 208 0 12.8 10.0 5.0 2.5 2 0 2 4 4
-2171.4 -900.3 -9.0 210 0 13.0 13.5 5.0 2.5 2 1 2 1 1
-2169.7 -886.2 -9.0 211 0 7.1 18.2 5.0 2.5 2 1 2 5 5
-2165.3 -968.5 -9.6 210 0 12.4 6.7 5.0 2.5 2 0 2 4 4
-2168.5 -957.2 -9.5 208 0 5.1 15.0 7.5 2.5 2 1 3 1 1
-2165.8 -949.8 -9.5 209 0 5.4 13.4 2.5 2.5 2 1 1 0 0
-2171.7 -941.1 -9.3 208 0 5.8 7.2 5.0 2.5 2 1 2 0 0
-2166.6 -934.0 -9.2 211 0 4.3 5.8 7.5 2.5 2 0 3 5 5
-2163.3 -918.1 -9.1 210 0 5.5 5.4 5.0 2.5 2 0 2 1 1
-2161.5 -925.5 -9.3 211 0 16.2 7.6 7.5 2.5 2 0 3 3 3
-2148.3 -910.7 -9.2 298 0 7.2 6.3 2.5 2.5 2 0 1 5 5
-2144.4 -904.9 -9.2 297 0 5.4 6.9 5.0 2.5 2 0 2 0 0
-3812.0 -2378.7 -12.8 223 0 73.6 58.7 12.5 0.0 0 0 5 3 3
-2562.9 -8263.7 -22.0 226 0 8.8 17.9 7.5 2.5 2 1 3 4 4
-2586.7 -870.7 -7.2 203 0 20.1 10.0 5.0 2.5 2 0 2 0 0
-2044.8 -778.8 -9.7 212 0 11.3 44.9 7.5 2.5 2 0 3 1 1
-1976.5 -805.0 -9.9 121 0 11.6 11.1 2.5 2.5 2 0 1 5 5
-1974.0 -788.2 -9.7 210 0 8.7 9.8 5.0 2.5 2 1 2 5 5
-1970.2 -781.9 -9.6 212 0 5.9 10.2 5.0 2.5 2 0 2 1 1
-1966.1 -775.5 -9.5 212 0 9.4 11.0 5.0 2.5 2 0 2 0 0
-1959.9 -765.4 -9.4 212 0 14.8 10.7 5.0 2.5 2 0 2 1 1
-1953.5 -755.2 -9.3 212 0 9.7 9.9 2.5 2.5 2 0 1 5 5
-1949.2 -748.3 -9.3 212 0 6.9 11.6 5.0 2.5 2 0 2 0 0
-1946.0 -813.9 -10.1 34 0 5.2 14.2 5.0 0.0 0 1 2 2 2
-1964.7 -792.0 -9.8 211 0 5.1 11.7 7.5 2.5 2 0 3 0 0
-1945.3 -796.8 -9.8 33 0 7.7 8.8 5.0 2.5 2 0 2 3 3
-1919.6 -780.4 -9.7 33 0 8.6 7.6 2.5 2.5 2 0 1 4 4
-1922.7 -763.7 -9.5 31 0 5.7 9.7 7.5 2.5 2 1 3 1 1
-1927.3 -767.0 -9.5 33 0 3.4 6.6 5.0 0.0 0 1 2 4 4
-1901.1 -765.6 -9.7 23 0 12.6 5.6 7.5 2.5 2 0 3 0 0
-2051.7 -756.0 -8.7 121 0 9.1 8.5 5.0 2.5 2 0 2 0 0
-2039.7 -747.7 -8.6 31 0 9.5 10.8 5.0 2.5 2 0 2 0 0
-2069.7 -741.9 -8.4 122 0 6.1 5.2 5.0 2.5 2 0 2 3 3
-2060.1 -738.3 -8.4 120 0 14.9 6.1 5.0 2.5 2 0 2 4 4
-2032.2 -735.1 -8.5 31 0 10.5 10.8 2.5 2.5 2 0 1 4 4
-2062.5 -716.8 -8.3 205 0 3.4 16.5 2.5 2.5 2 0 1 1 1
-2064.4 -710.2 -8.3 207 0 5.0 20.4 7.5 0.0 0 0 3 0 0
-2020.7 -715.7 -8.5 28 0 12.4 10.5 5.0 2.5 2 0 2 1 1
-2053.8 -694.1 -8.1 208 0 4.4 8.9 7.5 2.5 2 1 3 3 3
-2014.8 -704.3 -8.4 28 0 13.3 15.6 7.0 2.5 2 0 2 2 2
-2050.9 -689.8 -8.2 207 0 6.1 14.9 5.0 2.5 2 0 2 5 5
-2006.7 -695.6 -8.4 30 0 9.9 12.7 10.5 2.5 2 0 3 5 5
-2008.5 -682.0 -8.3 297 0 5.0 5.2 7.0 2.5 2 1 2 3 3
-2035.2 -674.9 -8.1 295 0 10.0 5.5 10.5 2.5 2 0 3 2 2
-1897.9 -765.4 -9.7 113 0 5.5 8.7 2.5 2.5 2 0 1 0 0
-1889.4 -743.2 -9.6 295 0 3.7 9.5 7.5 2.5 2 1 3 5 5
-2036.8 -820.8 -9.6 122 0 7.1 16.0 7.0 2.5 2 1 2 4 4
-1934.5 -580.9 -7.2 206 0 13.2 10.9 5.0 2.5 4 0 2 4 4
-1912.5 -586.6 -7.2 27 0 4.5 11.4 7.5 2.5 2 0 3 1 1
-1927.7 -567.4 -7.2 206 0 17.1 10.9 2.5 2.5 2 0 1 2 2
-1910.5 -582.8 -7.2 26 0 4.2 11.4 7.5 2.5 2 0 3 1 1
-1900.5 -573.2 -7.3 21 0 3.6 8.1 7.5 2.5 2 1 3 0 0
-1921.1 -554.2 -7.3 205 0 11.8 10.6 5.0 2.5 2 0 2 4 4
-1916.7 -543.2 -7.3 206 0 5.3 11.1 2.5 2.5 4 0 1 1 1
-1895.5 -559.7 -7.4 25 0 4.4 10.3 7.5 2.5 2 0 3 2 2
-1913.6 -537.0 -7.3 206 0 9.0 9.3 2.5 2.5 4 0 1 0 0
-1893.7 -555.5 -7.4 22 0 4.3 10.3 2.5 2.5 2 0 1 0 0
-2211.5 -1062.6 -9.7 110 0 7.1 5.2 5.0 2.5 2 0 2 2 2
-2228.8 -1052.0 -9.4 117 0 6.8 10.9 5.0 2.5 2 0 2 1 1
-2199.5 -980.7 -9.4 205 0 6.1 7.5 2.5 2.5 2 1 1 3 3
-2082.7 -1012.1 -10.3 207 0 3.4 7.3 5.0 2.5 2 1 2 1 1
-2028.2 -969.0 -10.6 296 0 14.4 5.5 7.5 2.5 2 0 3 5 5
-2017.1 -967.8 -10.6 298 0 3.9 6.1 7.5 2.5 2 1 3 2 2
-1965.5 -802.9 -9.9 122 0 8.3 3.6 7.5 2.5 2 0 3 4 4
-1990.1 -846.4 -10.4 123 0 22.5 8.4 5.0 2.5 2 0 2 1 1
-1935.5 -860.2 -11.0 130 0 7.6 7.2 2.5 2.5 2 0 1 3 3
-1941.8 -828.2 -10.5 215 0 10.9 9.7 5.0 2.5 2 0 2 1 1
-1939.2 -843.9 -10.8 219 0 5.8 9.5 5.0 2.5 2 1 2 4 4
-1925.4 -830.9 -10.6 213 0 4.5 9.5 7.5 2.5 2 0 3 0 0
-1913.1 -858.3 -11.1 121 0 12.6 12.6 2.5 2.5 2 1 1 1 1
-1906.1 -832.7 -10.7 210 0 6.9 11.2 5.0 2.5 2 0 2 0 0
-1928.5 -809.8 -10.3 216 0 7.5 10.4 5.0 2.5 2 0 2 5 5
-1905.6 -825.3 -10.6 209 0 6.3 10.5 5.0 2.5 2 0 2 4 4
-1918.6 -796.1 -10.1 215 0 11.8 10.8 2.5 2.5 2 0 1 3 3
-1906.4 -803.9 -10.2 197 0 5.0 13.2 5.0 2.5 2 1 2 1 1
-1868.6 -769.7 -10.1 205 0 12.6 12.9 2.5 2.5 2 1 1 0 0
-1822.5 -775.2 -10.4 292 0 10.4 9.6 2.5 2.5 2 0 1 3 3
-1821.3 -795.6 -10.5 21 0 4.5 15.1 5.0 2.5 2 1 2 0 0
-1806.0 -785.3 -10.6 292 0 8.3 14.1 7.5 2.5 2 1 3 0 0
-1815.1 -817.6 -10.8 14 0 22.9 16.7 5.0 2.5 2 0 2 0 0
-3496.2 7457.8 11.0 190 0 10.9 21.4 5.0 2.5 2 1 2 1 1
-3261.8 7894.2 12.0 276 0 11.6 37.2 7.5 2.5 4 1 3 0 0
-3789.2 7453.1 6.6 262 0 93.0 75.1 12.5 0.0 0 0 5 5 5
3246.1 -3727.2 -6.6 215 0 15.5 16.0 5.0 2.5 2 1 2 5 5
-3981.5 -6403.9 -17.6 226 0 21.5 81.5 10.0 0.0 0 1 4 4 4
-4171.7 -7271.2 -21.6 178 0 13.4 8.8 5.0 2.5 2 0 2 2 2
-6422.1 -8716.7 -11.8 118 0 8.8 14.1 7.5 2.5 2 1 3 3 3
1149.8 -5075.7 -9.3 2 0 12.6 27.9 7.5 2.5 4 1 3 5 5
-1907.0 -599.8 -7.4 17 0 3.9 21.8 2.5 2.5 2 0 1 3 3
-2096.0 -782.1 -8.8 207 0 3.9 16.7 5.0 2.5 2 0 2 5 5
-2068.1 -879.0 -9.5 34 0 9.3 8.8 7.5 0.0 0 0 3 1 1
-2120.0 -809.9 -8.6 210 0 3.8 20.0 5.0 2.5 2 1 2 1 1
-2123.6 -781.6 -8.2 28 0 8.7 8.5 5.0 2.5 4 0 2 1 1
-2133.4 -831.2 -8.7 208 0 4.0 16.0 5.0 2.5 2 1 2 5 5
-2039.2 -833.2 -9.5 299 0 10.1 9.8 5.0 2.5 2 0 2 2 2
-2119.7 -774.1 -8.2 28 0 9.0 8.4 5.0 2.5 2 0 2 4 4
-2091.7 -836.0 -8.9 30 0 13.7 12.0 2.5 0.0 0 0 1 3 3
-2128.3 -790.4 -8.2 29 0 11.8 8.6 5.0 2.5 2 0 2 3 3
-2121.0 -824.8 -8.8 209 0 4.4 14.2 5.0 2.5 2 1 2 1 1
-1974.2 -925.1 -10.6 27 0 3.5 14.3 5.0 2.5 4 1 2 1 1
-1978.1 -887.5 -10.5 299 0 10.5 4.0 5.0 2.5 4 0 2 4 4
-2054.6 -794.7 -9.3 212 0 25.8 7.5 2.5 2.5 2 0 1 5 5
-2083.9 -891.5 -9.5 120 0 6.4 9.0 5.0 2.5 2 0 2 0 0
-1965.8 -869.1 -10.6 297 0 8.9 9.9 5.0 2.5 2 1 2 4 4
-2104.6 -858.3 -9.0 31 0 10.3 10.1 5.0 2.5 2 0 2 1 1
-2020.3 -832.2 -9.9 122 0 9.0 24.9 7.5 2.5 2 0 3 5 5
-1946.1 -902.9 -10.9 25 0 4.6 12.5 5.0 2.5 2 1 2 3 3
-2159.4 -785.8 -8.0 29 0 3.7 11.2 7.5 2.5 2 0 3 4 4
-2145.2 -821.3 -8.4 29 0 10.0 6.6 2.5 2.5 2 0 1 0 0
-2085.3 -748.4 -8.6 300 0 6.9 15.2 5.0 2.5 2 1 2 5 5
-2068.3 -795.3 -9.0 31 0 8.8 10.0 7.5 2.5 2 0 3 2 2
-2060.4 -819.6 -9.2 303 0 13.8 8.2 5.0 2.5 2 0 2 2 2
-2094.8 -767.9 -8.8 209 0 4.4 22.1 7.5 0.0 0 0 3 3 3
-2096.8 -845.0 -9.0 30 0 7.1 12.0 5.0 2.5 4 0 2 0 0
-2082.8 -908.3 -9.7 121 0 13.3 3.1 5.0 2.5 4 0 2 4 4
-2106.2 -882.4 -9.4 211 0 6.8 13.7 5.0 2.5 2 0 2 1 1
-2165.2 -855.6 -8.5 28 0 8.3 11.8 2.5 2.5 2 0 1 1 1
-1988.2 -933.3 -10.6 28 0 9.8 13.4 5.0 2.5 2 1 2 0 0
-1999.8 -808.1 -9.9 32 0 13.3 8.9 5.0 2.5 4 0 2 4 4
-2059.4 -763.8 -9.0 300 0 15.7 10.7 5.0 2.5 2 0 2 0 0
-2082.1 -809.3 -8.9 30 0 29.6 14.0 7.5 2.5 4 0 3 4 4
-2053.4 -833.1 -9.4 300 0 12.8 6.9 5.0 2.5 2 0 2 2 2
-2067.8 -761.0 -8.8 300 0 5.9 9.4 7.5 2.5 2 0 3 4 4
-2086.9 -827.2 -8.8 26 0 6.1 14.4 2.5 2.5 4 0 1 4 4
-1979.7 -875.1 -10.4 295 0 3.8 14.1 7.5 2.5 2 0 3 1 1
-2082.1 -840.7 -9.2 208 0 15.6 12.7 2.5 2.5 2 0 1 3 3
-1973.8 -907.5 -10.6 25 0 10.8 11.8 7.5 2.5 2 1 3 5 5
-2148.2 -871.9 -8.8 119 0 4.9 10.2 7.5 2.5 2 1 3 5 5
-2073.9 -826.6 -9.2 211 0 9.3 14.6 5.0 2.5 2 0 2 1 1
-2084.9 -875.2 -9.5 208 0 4.9 11.8 7.5 2.5 2 0 3 2 2
-2058.4 -859.5 -9.4 31 0 15.4 4.5 2.5 2.5 2 0 1 0 0
-2090.2 -855.9 -9.2 210 0 4.9 10.8 5.0 2.5 2 0 2 1 1
-2160.1 -847.8 -8.5 29 0 11.5 5.3 5.0 2.5 2 0 2 0 0
-2074.6 -919.7 -9.8 122 0 9.9 8.5 5.0 2.5 2 0 2 1 1
-2151.6 -829.4 -8.4 27 0 10.3 11.1 5.0 2.5 2 0 2 5 5
-2067.8 -841.0 -9.3 209 0 3.5 15.3 2.5 2.5 2 0 1 3 3
-2108.9 -754.1 -8.3 29 0 11.1 12.0 5.0 2.5 2 0 2 3 3
-2095.2 -685.4 -7.7 301 0 4.9 15.2 2.5 2.5 2 0 1 1 1
-2149.0 -652.9 -7.0 94 0 9.5 9.8 2.5 2.5 2 0 1 1 1
-2151.3 -737.5 -7.8 294 0 10.5 4.3 7.5 2.5 4 0 3 5 5
-2128.7 -697.9 -7.6 113 0 8.4 5.1 5.0 2.5 2 0 2 0 0
-2105.9 -736.2 -8.3 299 0 11.9 11.6 5.0 2.5 4 0 2 0 0
-2142.9 -764.9 -7.9 20 0 7.8 7.3 5.0 2.5 2 0 2 5 5
-2162.3 -651.9 -7.0 94 0 10.5 9.7 2.5 2.5 2 0 1 2 2
-2126.4 -654.1 -7.2 96 0 9.8 10.2 5.0 2.5 2 1 2 2 2
-2149.8 -699.9 -7.4 121 0 10.7 11.5 5.0 2.5 2 1 2 1 1
-2127.7 -665.6 -7.1 271 0 5.9 8.8 5.0 2.5 2 0 2 3 3
-2160.7 -705.4 -7.5 299 0 8.7 9.9 2.5 2.5 2 1 1 2 2
-2086.8 -713.8 -8.0 28 0 11.5 10.3 2.5 2.5 2 0 1 2 2
-2136.1 -649.3 -7.0 96 0 4.2 15.1 5.0 2.5 2 1 2 4 4
-2131.2 -721.7 -7.9 296 0 4.4 11.5 5.0 2.5 2 1 2 3 3
-2081.9 -704.9 -7.9 29 0 8.9 10.3 2.5 2.5 4 0 1 0 0
-2141.4 -715.9 -7.8 299 0 11.0 10.2 2.5 2.5 2 0 1 0 0
-2099.6 -654.4 -7.0 89 0 8.9 10.2 7.5 2.5 2 0 3 5 5
-2146.5 -774.8 -7.9 22 0 5.6 7.4 5.0 0.0 0 0 2 0 0
-2152.4 -790.7 -8.1 29 0 5.4 8.4 5.0 2.5 2 0 2 4 4
-2133.7 -689.9 -7.5 118 0 9.6 4.9 5.0 2.5 2 0 2 1 1
-2114.8 -698.3 -7.7 113 0 16.9 5.1 5.0 2.5 2 0 2 1 1
-2101.3 -727.5 -8.0 117 0 9.0 13.5 5.0 2.5 2 0 2 0 0
-2121.5 -665.6 -7.4 270 0 6.4 15.8 5.0 2.5 2 0 2 3 3
-2122.0 -702.0 -7.7 116 0 9.7 6.5 5.0 0.0 0 0 2 4 4
-2091.2 -676.1 -7.7 281 0 7.3 9.0 7.5 2.5 2 0 3 0 0
-2090.7 -654.2 -7.0 89 0 8.8 8.5 2.5 0.0 0 0 1 0 0
-2112.0 -717.1 -7.8 117 0 5.1 16.0 5.0 0.0 0 0 2 1 1
-2069.2 -682.1 -7.8 29 0 3.5 9.6 7.5 0.0 0 0 3 5 5
-2092.9 -640.6 -6.9 90 0 4.4 8.6 7.5 2.5 2 0 3 3 3
-2073.2 -687.0 -7.8 18 0 4.6 6.7 2.5 2.5 2 1 1 4 4
-2088.5 -631.4 -6.8 93 0 11.0 6.3 2.5 2.5 2 0 1 4 4
-2139.3 -631.5 -7.0 93 0 8.1 11.7 5.0 2.5 2 1 2 2 2
-2142.2 -670.5 -7.1 286 0 4.0 7.7 5.0 0.0 0 0 2 3 3
-2036.1 -681.3 -8.1 296 0 10.3 4.1 5.0 2.5 2 0 2 1 1
-2037.6 -696.6 -8.2 207 0 6.1 4.5 7.5 0.0 0 0 3 5 5
-2068.5 -668.8 -7.8 298 0 9.6 10.2 5.0 2.5 2 0 2 5 5
-2147.8 -677.0 -7.1 286 0 7.2 3.3 7.5 2.5 2 0 3 2 2
-2138.5 -693.2 -7.5 121 0 5.1 5.3 5.0 2.5 2 0 2 1 1
-2150.7 -643.1 -6.9 93 0 5.2 12.4 7.5 2.5 2 0 3 0 0
-2098.0 -644.2 -7.0 90 0 5.9 12.2 7.5 2.5 2 0 3 2 2
-2067.7 -653.3 -7.2 89 0 7.3 5.1 5.0 2.5 2 0 2 1 1
-2021.3 -626.5 -6.9 30 0 4.4 12.3 5.0 2.5 2 1 2 0 0
-1978.6 -632.1 -7.5 27 0 12.5 9.6 2.5 2.5 2 0 1 1 1
-1890.7 -725.3 -9.5 112 0 11.0 9.5 2.5 0.0 0 0 1 5 5
-1885.1 -677.0 -9.1 101 0 8.9 4.7 5.0 2.5 2 0 2 3 3
-1999.0 -636.1 -7.4 30 0 7.3 13.9 7.5 0.0 0 1 3 1 1
-1990.5 -655.5 -8.0 27 0 10.3 10.1 5.0 2.5 2 0 2 3 3
-1873.1 -727.4 -9.6 22 0 9.4 11.7 5.0 2.5 4 0 2 1 1
-1874.0 -693.8 -9.3 95 0 4.9 9.6 5.0 2.5 4 0 2 0 0
-1863.6 -730.5 -9.8 201 0 11.1 15.0 2.5 2.5 2 0 1 3 3
-1871.9 -838.0 -10.8 30 0 8.6 8.0 5.0 2.5 2 0 2 4 4
-2051.8 -634.4 -6.9 115 0 11.0 4.5 5.0 2.5 2 0 2 3 3
-1900.8 -721.2 -9.4 112 0 10.9 9.6 7.5 2.5 2 0 3 0 0
-2022.1 -653.3 -7.6 115 0 3.8 7.6 7.5 2.5 2 0 3 3 3
-1905.5 -698.5 -9.2 97 0 11.7 5.7 7.5 2.5 2 0 3 1 1
-2044.2 -638.0 -7.0 116 0 5.8 4.5 2.5 2.5 2 0 1 1 1
-1854.1 -836.0 -10.9 32 0 9.7 20.0 2.5 2.5 2 1 1 4 4
-1994.0 -620.0 -7.0 28 0 5.7 17.7 5.0 2.5 2 1 2 3 3
-1828.6 -750.7 -10.1 112 0 9.8 9.1 5.0 2.5 2 0 2 1 1
-1973.3 -621.3 -7.3 26 0 11.5 10.1 5.0 2.5 2 0 2 3 3
-1880.4 -703.3 -9.4 96 0 5.5 8.5 7.5 2.5 2 0 3 2 2
-1891.7 -643.7 -8.9 203 0 25.5 6.7 5.0 0.0 0 0 2 1 1
-1819.5 -754.5 -10.2 113 0 10.5 9.6 5.0 2.5 2 0 2 3 3
-1837.8 -747.0 -10.0 112 0 10.1 9.2 5.0 2.5 2 0 2 5 5
-1879.2 -695.0 -9.3 98 0 5.1 11.1 5.0 2.5 2 0 2 1 1
-1956.6 -596.9 -7.0 28 0 14.3 11.3 5.0 0.0 0 0 2 5 5
-2004.5 -669.3 -8.2 116 0 9.2 13.5 5.0 0.0 0 0 2 2 2
-2024.8 -661.0 -7.8 115 0 5.2 8.3 5.0 2.5 2 0 2 2 2
-1878.5 -678.3 -9.2 102 0 4.6 9.3 5.0 2.5 2 0 2 1 1
-1914.4 -704.0 -9.2 286 0 6.9 10.0 2.5 2.5 2 0 1 2 2
-1809.4 -759.0 -10.4 114 0 12.1 12.2 2.5 2.5 2 0 1 1 1
-1913.1 -664.7 -9.0 197 0 9.8 13.1 5.0 2.5 2 0 2 0 0
-2037.3 -652.5 -7.5 113 0 11.3 10.7 2.5 2.5 2 0 1 5 5
-1903.3 -705.3 -9.3 280 0 9.4 14.9 5.0 2.5 2 0 2 4 4
-1950.9 -549.4 -7.2 27 0 10.5 8.7 2.5 2.5 4 0 1 0 0
-1886.9 -593.6 -7.9 200 0 15.0 16.2 5.0 2.5 2 0 2 2 2
-1933.5 -533.9 -7.5 25 0 13.0 12.6 2.5 0.0 0 0 1 1 1
-1898.9 -613.2 -8.1 197 0 20.9 12.2 7.5 0.0 0 0 3 0 0
-1955.7 -576.6 -6.9 28 0 10.9 11.1 2.5 2.5 2 1 1 3 3
-1981.3 -589.9 -6.8 29 0 4.9 20.1 7.5 2.5 2 1 3 3 3
-1854.5 -704.1 -9.6 94 0 9.1 10.1 5.0 2.5 4 1 2 3 3
-2003.5 -521.9 -7.7 25 0 7.4 18.2 5.0 2.5 2 1 2 1 1
-1830.8 -705.5 -9.8 94 0 11.6 8.6 5.0 2.5 2 0 2 2 2
-1965.6 -534.7 -7.5 27 0 5.1 13.1 5.0 2.5 2 0 2 1 1
-1904.2 -590.6 -7.3 16 0 4.5 9.1 7.5 2.5 2 0 3 2 2
-1985.4 -513.7 -7.7 27 0 7.5 7.8 5.0 2.5 2 0 2 4 4
-1965.7 -561.7 -7.2 27 0 4.9 19.1 7.5 0.0 0 0 3 1 1
-1983.1 -553.8 -7.3 27 0 6.8 7.7 5.0 2.5 2 0 2 5 5
-1944.0 -522.5 -7.6 27 0 6.1 6.1 7.5 2.5 2 1 3 4 4
-1925.4 -529.3 -7.5 24 0 7.9 5.5 5.0 2.5 4 0 2 1 1
-1952.4 -500.6 -7.7 24 0 10.4 6.4 5.0 2.5 2 0 2 4 4
-1981.6 -521.6 -7.6 27 0 3.2 14.7 7.5 0.0 0 0 3 4 4
-1977.2 -528.7 -7.6 26 0 6.5 16.5 7.5 2.5 2 0 3 1 1
-1919.7 -516.7 -7.6 24 0 8.6 8.9 5.0 2.5 4 0 2 0 0
-1844.2 -556.0 -8.3 289 0 14.0 15.2 2.5 2.5 2 1 1 3 3
-1835.0 -665.8 -9.4 27 0 7.5 5.4 7.5 2.5 2 0 3 4 4
-2050.4 -889.4 -9.7 32 0 8.3 10.0 7.5 2.5 4 0 3 3 3
-1826.0 -680.8 -9.6 9 0 6.5 7.7 7.5 2.5 2 0 3 1 1
-1868.2 -541.7 -7.9 108 0 12.0 10.6 5.0 2.5 2 0 2 4 4
-1833.6 -822.8 -10.7 15 0 3.9 4.5 7.5 2.5 2 0 3 3 3
-1829.5 -543.0 -8.6 101 0 7.0 11.1 5.0 2.5 2 1 2 3 3
-2037.8 -869.4 -9.6 32 0 15.5 10.4 2.5 2.5 2 0 1 2 2
-1904.5 -475.7 -8.0 180 0 10.3 8.9 5.0 2.5 4 0 2 0 0
-1851.4 -680.2 -9.4 99 0 9.6 6.1 5.0 2.5 2 0 2 5 5
-1892.3 -516.6 -7.6 107 0 5.6 8.0 5.0 2.5 2 0 2 3 3
-1873.4 -515.9 -7.9 194 0 11.5 9.3 5.0 0.0 0 0 2 5 5
-1844.6 -682.3 -9.4 99 0 3.4 7.7 2.5 2.5 2 0 1 1 1
-1833.6 -679.7 -9.5 9 0 6.5 3.4 7.5 2.5 2 0 3 1 1
-2031.3 -859.1 -9.7 32 0 9.2 11.4 5.0 2.5 2 0 2 2 2
-1865.2 -580.9 -7.8 204 0 8.4 5.8 5.0 2.5 2 0 2 3 3
-2045.8 -881.8 -9.7 32 0 9.7 11.1 2.5 2.5 2 0 1 4 4
-1840.9 -686.9 -9.5 99 0 5.3 10.3 7.5 2.5 2 0 3 1 1
-1886.7 -489.9 -8.0 107 0 5.2 18.8 5.0 2.5 2 0 2 4 4
-1893.4 -508.1 -7.8 104 0 5.8 19.3 2.5 2.5 2 0 1 1 1
-1872.8 -588.4 -7.8 203 0 5.6 10.0 7.5 2.5 2 0 3 4 4
-2028.1 -838.3 -9.8 299 0 15.1 12.1 5.0 2.5 4 0 2 0 0
-1877.8 -514.8 -7.7 106 0 9.2 11.5 5.0 2.5 4 0 2 3 3
1527.6 -8649.2 -16.7 334 0 4.7 14.0 5.0 2.5 2 0 2 0 0
1490.3 -8676.6 -17.1 67 0 9.1 10.0 5.0 2.5 2 1 2 0 0
1429.2 -8556.9 -16.1 169 0 9.5 8.2 5.0 2.5 2 0 2 3 3
1440.6 -8622.5 -17.2 171 0 4.7 12.6 7.5 2.5 2 1 3 5 5
1472.4 -8523.7 -15.9 340 0 13.7 8.9 7.5 2.5 2 0 3 4 4
1433.9 -8601.5 -17.1 173 0 10.8 8.9 5.0 2.5 2 0 2 0 0
1458.5 -8641.8 -16.9 162 0 11.0 9.1 5.0 2.5 2 0 2 3 3
1526.6 -8678.0 -17.0 84 0 9.7 5.0 2.5 2.5 2 0 1 4 4
1463.7 -8572.3 -16.6 169 0 13.1 6.4 7.5 2.5 2 0 3 3 3
1411.5 -8558.2 -16.5 354 0 10.7 9.0 5.0 2.5 2 0 2 3 3
1444.9 -8538.0 -16.0 166 0 4.6 13.0 5.0 2.5 2 1 2 5 5
1515.0 -8655.3 -16.7 334 0 4.7 9.9 2.5 2.5 2 0 1 0 0
1522.6 -8714.0 -16.9 81 0 10.4 8.9 2.5 2.5 2 0 1 3 3
1432.0 -8570.1 -16.7 171 0 9.4 9.2 5.0 2.5 4 0 2 3 3
1448.5 -8701.6 -17.0 154 0 4.4 17.1 7.5 2.5 2 1 3 1 1
1425.7 -8527.1 -16.3 160 0 5.4 18.1 5.0 2.5 2 1 2 0 0
1407.8 -8675.1 -17.1 354 0 18.3 4.9 5.0 2.5 4 0 2 4 4
1407.6 -8589.5 -17.1 82 0 6.6 13.4 5.0 2.5 2 1 2 0 0
1464.2 -8625.1 -17.1 168 0 3.4 12.4 7.5 2.5 2 1 3 5 5
1410.7 -8604.9 -17.4 264 0 12.7 10.3 5.0 0.0 0 0 2 5 5
1429.1 -8539.7 -16.2 165 0 9.7 8.4 5.0 2.5 2 0 2 3 3
1444.9 -8587.9 -16.8 169 0 4.8 20.2 7.5 2.5 2 1 3 1 1
1479.8 -8541.1 -15.7 344 0 13.8 6.4 5.0 2.5 2 0 2 1 1
1422.5 -8659.6 -17.0 357 0 5.1 10.4 2.5 0.0 0 1 1 2 2
1462.1 -8606.5 -17.1 174 0 22.2 8.5 5.0 2.5 4 0 2 2 2
1490.3 -8594.0 -16.7 350 0 10.8 7.2 2.5 2.5 2 0 1 1 1
1452.7 -8493.3 -16.1 249 0 7.7 25.1 7.5 2.5 2 1 3 5 5
1451.8 -8553.8 -15.9 164 0 4.9 13.6 5.0 2.5 2 1 2 0 0
1477.1 -8706.0 -17.0 61 0 9.7 17.8 7.5 2.5 2 1 3 0 0
1503.4 -8636.3 -16.9 340 0 36.6 8.7 7.5 2.5 2 0 3 3 3
1415.9 -8627.3 -17.3 355 0 11.8 5.5 7.5 2.5 2 0 3 5 5
1448.6 -8667.0 -17.0 158 0 12.8 11.5 2.5 2.5 2 0 1 2 2
1543.8 -8696.1 -17.1 83 0 9.7 24.8 7.5 2.5 2 1 3 1 1
1423.0 -8690.2 -17.1 354 0 7.7 15.8 5.0 2.5 4 1 2 5 5
1483.6 -8662.0 -16.8 155 0 5.2 18.7 7.5 0.0 0 0 3 3 3
5512.5 -453.9 -2.9 176 0 27.9 11.8 5.0 2.5 2 0 2 4 4
5347.1 -830.5 -2.0 9 0 16.6 11.4 5.0 2.5 2 0 2 5 5
5308.5 -784.3 -1.9 189 0 20.2 40.1 7.5 0.0 0 1 3 4 4
5513.7 -471.7 -3.0 177 0 7.9 5.3 7.5 2.5 2 0 3 0 0
5524.0 -475.6 -3.0 87 0 4.2 8.6 2.5 2.5 2 0 1 3 3
5509.4 -413.2 -2.6 175 0 16.8 11.7 10.0 2.5 2 0 4 3 3
5496.7 -576.0 -2.3 1 0 5.3 14.1 2.5 2.5 2 1 1 1 1
4224.1 -999.0 -5.2 177 0 19.1 13.3 7.5 2.5 2 0 3 5 5
5518.5 -378.7 -2.3 355 0 16.5 7.2 7.5 2.5 2 0 3 3 3
4332.1 -1132.1 -5.8 273 0 11.0 11.5 5.0 2.5 2 1 2 1 1
4402.2 -1145.4 -5.9 360 0 11.7 13.6 5.0 2.5 2 1 2 2 2
4600.5 -941.8 -4.3 278 0 11.3 9.3 7.5 2.5 4 0 3 5 5
4749.7 -824.1 -5.9 15 0 9.9 13.7 5.0 2.5 2 1 2 3 3
5283.1 155.3 0.7 189 0 12.3 32.3 10.0 0.0 0 1 4 5 5
-4720.5 -8443.7 -18.5 295 0 11.1 15.7 2.5 2.5 2 1 1 5 5
-4728.1 -8458.7 -18.2 293 0 6.9 10.9 5.0 0.0 0 1 2 0 0
-4754.4 -8463.2 -18.0 204 0 7.8 20.1 5.0 2.5 2 1 2 5 5
-4731.8 -8435.7 -18.8 117 0 6.0 6.6 5.0 0.0 0 1 2 0 0
-4718.2 -8430.9 -18.7 115 0 16.8 8.2 7.5 2.5 2 0 3 3 3
-4733.2 -8424.1 -18.9 111 0 8.4 6.8 7.5 2.5 4 0 3 5 5
-4753.8 -8426.4 -19.0 115 0 9.1 16.0 5.0 2.5 2 1 2 2 2
-4761.9 -8444.5 -18.6 294 0 9.5 19.6 2.5 2.5 2 1 1 4 4
-4760.0 -8438.2 -18.9 115 0 8.1 8.5 7.5 2.5 2 1 3 0 0
-4776.7 -8500.3 -17.7 116 0 11.2 5.7 2.5 2.5 2 0 1 2 2
-4761.8 -8507.5 -18.6 116 0 21.9 6.8 7.5 2.5 2 0 3 3 3
-4779.8 -8482.7 -17.3 204 0 14.1 7.0 2.5 2.5 2 0 1 2 2
4436.5 -2688.0 -3.1 207 0 8.3 30.8 7.5 2.5 2 1 3 5 5
3267.1 -3690.6 -7.2 214 0 17.1 10.1 10.0 2.5 2 0 4 4 4
5281.6 -832.0 -1.5 187 0 16.3 8.3 7.5 2.5 2 0 3 4 4
5283.4 -817.5 -1.5 187 0 12.9 8.3 7.5 0.0 0 0 3 4 4
636.4 4120.7 -0.9 185 0 6.5 15.4 7.5 2.5 4 1 3 1 1
660.4 4092.1 -1.6 9 0 8.3 8.6 5.0 2.5 2 1 2 5 5
675.1 4107.9 -1.7 7 0 9.4 7.1 7.5 0.0 0 0 3 0 0
-6555.2 -6917.4 -26.6 223 0 8.4 21.6 5.0 2.5 2 0 2 4 4
-6538.7 -6893.7 -26.9 221 0 6.6 5.4 5.0 2.5 2 0 2 2 2
-6548.0 -6904.1 -26.8 222 0 21.1 5.2 5.0 2.5 2 0 2 5 5
-6524.2 -6880.8 -27.1 311 0 7.9 16.0 2.5 2.5 2 0 1 0 0
-6521.4 -6947.4 -25.9 328 0 27.5 12.7 7.5 2.5 4 0 3 4 4
-1794.1 68.6 -8.4 198 0 12.6 6.3 5.0 2.5 2 0 2 5 5
-3993.9 7410.3 14.5 176 0 9.3 24.4 2.5 2.5 2 1 1 2 2
-1959.3 -1196.8 -13.6 126 0 42.7 12.6 10.0 2.5 2 0 4 0 0
-4438.6 3273.6 1.0 258 0 18.4 12.0 10.0 2.5 2 0 4 0 0
-4517.7 3251.6 -0.5 253 0 12.1 10.1 7.5 2.5 4 0 3 3 3
-4677.3 3532.6 2.8 167 0 17.4 8.8 5.0 2.5 2 0 2 2 2
-4627.6 3550.2 2.5 257 0 10.4 10.5 2.5 2.5 2 1 1 3 3
-4573.5 3479.5 0.8 167 0 7.7 22.7 5.0 2.5 2 1 2 4 4
-4561.1 3449.6 0.1 80 0 23.5 10.1 5.0 0.0 0 0 2 0 0
-4604.4 3482.5 1.0 261 0 16.0 12.7 2.5 2.5 2 0 1 2 2
-4408.0 3401.2 1.8 168 0 14.9 8.7 5.0 2.5 2 0 2 2 2
-4411.8 3423.8 1.5 170 0 15.5 9.9 5.0 2.5 2 0 2 1 1
-4353.1 3428.9 2.3 355 0 12.3 8.7 5.0 2.5 2 0 2 5 5
-4358.9 3459.6 2.3 352 0 9.4 14.0 7.5 2.5 2 1 3 4 4
-4303.5 3450.7 3.3 263 0 13.2 14.3 2.5 2.5 2 1 1 5 5
-4404.6 3693.2 4.5 349 0 10.5 9.3 7.5 2.5 2 0 3 0 0
-4388.2 3625.1 4.8 354 0 9.0 12.3 2.5 2.5 2 1 1 4 4
-4339.0 3644.3 4.2 84 0 9.0 8.5 2.5 2.5 2 0 1 5 5
-4356.4 3581.2 4.2 260 0 7.6 12.1 5.0 2.5 2 1 2 1 1
-4341.1 3688.5 4.2 258 0 11.6 24.0 10.0 2.5 2 1 4 1 1
-4376.5 3671.7 4.3 169 0 13.5 10.8 5.0 2.5 2 0 2 2 2
-4394.8 3758.9 4.9 172 0 12.0 7.0 5.0 2.5 2 0 2 1 1
-4389.5 3733.5 4.8 172 0 11.7 8.5 7.5 2.5 2 0 3 4 4
-4570.2 3741.5 5.2 349 0 12.6 12.4 5.0 2.5 2 0 2 0 0
-4444.7 3842.2 5.5 172 0 9.2 6.6 5.0 2.5 4 0 2 5 5
-4536.3 3845.7 5.8 172 0 14.7 7.9 7.5 2.5 2 0 3 3 3
-4522.3 3868.9 6.0 263 0 13.1 6.9 7.5 2.5 4 0 3 5 5
-4512.4 3837.2 5.8 80 0 13.8 6.6 5.0 0.0 0 0 2 4 4
-4491.3 3851.6 6.0 348 0 9.7 9.0 7.5 2.5 2 0 3 5 5
-4387.8 3926.0 7.5 348 0 7.7 22.2 2.5 2.5 4 1 1 1 1
-4417.3 3906.1 7.2 80 0 8.8 7.6 2.5 2.5 2 0 1 5 5
-4519.0 3926.1 7.3 170 0 16.8 10.0 7.5 2.5 2 0 3 1 1
-4483.2 3919.8 7.6 78 0 21.6 7.8 7.5 2.5 2 0 3 2 2
-4512.6 3956.9 8.1 80 0 14.1 7.4 7.5 2.5 2 0 3 2 2
-4421.0 3961.0 8.5 169 0 13.8 13.3 10.0 2.5 2 0 4 2 2
-4437.4 4001.2 8.7 260 0 10.4 10.9 5.0 2.5 2 1 2 4 4
-4470.5 3977.4 8.4 349 0 21.8 12.1 10.0 2.5 2 0 4 5 5
-4468.3 4016.2 8.6 350 0 11.0 9.6 7.5 2.5 2 0 3 3 3
-4522.4 4026.8 7.9 257 0 12.1 16.6 10.0 2.5 2 1 4 2 2
-4425.9 4047.3 8.6 79 0 14.6 8.2 7.5 2.5 2 0 3 0 0
-4450.8 4077.4 8.8 168 0 14.2 10.9 5.0 2.5 2 0 2 0 0
-4460.2 4099.1 8.9 168 0 11.2 8.2 2.5 2.5 2 0 1 2 2
-4479.2 4070.1 8.6 352 0 6.3 7.8 5.0 2.5 2 1 2 2 2
-4499.9 4059.4 8.3 82 0 17.3 9.4 5.0 2.5 2 0 2 3 3
-4526.7 4074.1 8.1 169 0 24.0 8.0 5.0 2.5 2 0 2 3 3
-4482.2 4085.2 8.6 348 0 10.2 9.0 5.0 2.5 2 0 2 4 4
-4527.8 4102.0 8.2 169 0 13.0 6.8 7.5 2.5 4 0 3 4 4
-4487.0 4114.3 8.7 348 0 10.5 7.5 5.0 2.5 2 0 2 0 0
-4526.7 4125.4 8.3 170 0 8.1 19.6 5.0 2.5 2 1 2 3 3
-4520.9 4168.9 8.4 260 0 8.9 10.6 5.0 0.0 0 1 2 5 5
-4544.1 4152.1 8.3 169 0 5.7 13.6 7.5 2.5 2 1 3 4 4
-4538.9 4126.0 8.1 79 0 10.3 20.2 2.5 2.5 4 1 1 5 5
-4464.4 4146.1 8.9 267 0 9.4 12.6 7.5 2.5 2 1 3 4 4
-4452.6 4223.5 8.7 347 0 10.2 9.8 2.5 2.5 2 0 1 2 2
-4431.3 4361.4 9.6 166 0 12.0 10.1 5.0 2.5 2 0 2 3 3
-4430.6 4330.4 9.5 77 0 13.5 12.4 2.5 2.5 4 0 1 4 4
-4590.2 4234.6 8.3 0 0 11.6 6.9 5.0 2.5 4 0 2 2 2
-4588.5 4404.3 8.3 168 0 22.4 12.1 12.5 2.5 4 0 5 5 5
-4602.2 4432.6 8.2 172 0 19.1 8.8 5.0 0.0 0 0 2 5 5
-4547.0 4384.8 8.7 351 0 11.1 12.6 10.0 2.5 2 1 4 0 0
-4604.3 4367.5 8.8 167 0 19.4 10.6 10.0 2.5 2 0 4 1 1
-4930.1 4740.1 6.5 265 0 12.2 23.9 7.5 2.5 2 1 3 3 3
-4811.5 4713.4 8.3 343 0 7.0 13.5 5.0 2.5 2 1 2 0 0
-4803.7 4684.8 8.7 75 0 11.9 10.3 7.5 2.5 2 0 3 0 0
-4836.8 4674.2 8.5 169 0 11.8 18.3 2.5 2.5 2 1 1 3 3
-4852.0 4698.2 8.0 169 0 17.9 9.4 7.5 2.5 2 0 3 1 1
-4876.7 4740.2 7.3 263 0 12.4 11.7 7.5 0.0 0 0 3 2 2
-4800.9 4627.7 8.6 348 0 15.3 6.6 7.5 2.5 2 0 3 0 0
-4802.3 4664.0 9.0 348 0 11.5 11.1 5.0 2.5 2 0 2 0 0
-4731.6 4507.1 8.0 168 0 15.3 9.2 7.5 2.5 2 0 3 1 1
-4552.5 4433.7 8.2 349 0 10.1 13.0 7.5 2.5 2 1 3 2 2
-4688.5 4506.4 8.0 81 0 8.9 10.9 5.0 2.5 2 1 2 0 0
-4589.3 4480.7 8.2 259 0 10.7 10.5 7.5 2.5 2 0 3 5 5
-4528.3 4516.7 8.6 81 0 23.6 7.6 7.5 2.5 2 0 3 1 1
-4621.6 4603.3 9.0 253 0 9.6 11.6 5.0 2.5 2 1 2 3 3
-4616.7 4540.2 8.5 78 0 13.4 12.7 7.5 2.5 2 0 3 1 1
-4591.1 4556.9 8.7 347 0 8.7 8.6 7.5 2.5 2 0 3 1 1
-4502.7 4558.0 9.1 172 0 8.9 7.4 7.5 2.5 2 0 3 4 4
-4522.4 4596.1 9.4 260 0 7.2 10.4 7.5 2.5 2 1 3 5 5
-4553.3 4586.1 9.2 170 0 8.2 7.9 7.5 2.5 2 0 3 0 0
-4524.3 4607.5 9.6 82 0 6.0 5.7 7.5 2.5 2 0 3 2 2
-4533.8 4608.2 9.5 348 0 5.2 12.3 2.5 2.5 2 1 1 3 3
-4543.6 4621.6 9.6 262 0 15.0 5.1 7.5 2.5 2 0 3 5 5
-4531.8 4636.7 9.8 265 0 6.9 13.9 5.0 2.5 2 1 2 4 4
-4559.4 4633.7 9.7 258 0 9.4 9.8 5.0 2.5 2 1 2 1 1
-4555.3 4672.4 10.2 254 0 8.8 5.2 7.5 2.5 2 0 3 3 3
-4569.4 4674.9 10.1 260 0 10.5 11.0 5.0 0.0 0 1 2 2 2
-4359.0 4782.8 11.0 266 0 13.6 7.6 2.5 2.5 2 0 1 3 3
-4365.7 4744.4 11.0 81 0 22.4 11.4 15.0 0.0 0 0 6 3 3
-4462.7 4848.2 11.5 356 0 10.3 21.5 5.0 0.0 0 1 2 5 5
-4439.6 4816.7 12.1 348 0 11.2 9.5 7.5 2.5 2 0 3 5 5
-4578.7 4852.5 10.6 83 0 12.8 18.0 7.5 2.5 2 1 3 0 0
-4653.1 4947.3 9.4 267 0 7.6 9.3 5.0 2.5 2 1 2 2 2
-4633.5 4859.6 9.8 352 0 11.7 10.4 2.5 2.5 2 0 1 1 1
-4616.8 5546.7 4.0 76 0 7.4 16.1 7.5 2.5 2 1 3 0 0
-4717.0 5501.9 3.2 262 0 15.0 9.4 5.0 2.5 2 0 2 0 0
-4640.1 5527.7 4.0 83 0 12.2 13.7 5.0 2.5 2 1 2 1 1
-4652.6 5511.4 4.1 76 0 9.5 9.7 7.5 2.5 4 1 3 4 4
-4700.6 5463.8 4.5 66 0 11.2 9.8 5.0 2.5 2 0 2 5 5
-4775.1 5378.8 3.5 355 0 7.0 7.3 2.5 2.5 2 1 1 2 2
-4831.2 5390.9 2.2 80 0 19.6 22.9 10.0 2.5 2 1 4 3 3
-4778.9 5416.1 3.4 75 0 10.6 13.6 2.5 2.5 2 1 1 4 4
-4869.9 5414.8 1.7 169 0 22.3 6.6 7.5 2.5 2 0 3 2 2
-5037.7 5327.7 0.1 97 0 10.0 8.5 5.0 2.5 2 0 2 5 5
-5015.3 5325.0 0.2 97 0 12.3 10.7 5.0 2.5 2 0 2 5 5
-5248.2 4960.3 -0.2 291 0 7.5 18.8 5.0 2.5 2 1 2 2 2
-5229.4 4942.9 -0.4 289 0 13.6 8.2 5.0 2.5 2 0 2 3 3
-5240.2 4979.1 0.3 202 0 11.0 13.2 5.0 2.5 2 1 2 4 4
-5089.2 5066.6 1.3 110 0 10.9 10.5 5.0 2.5 2 0 2 5 5
-5262.4 5204.0 1.2 9 0 10.1 10.4 10.0 2.5 4 1 4 5 5
4749.3 5061.6 1.7 283 0 7.4 12.2 5.0 2.5 2 1 2 4 4
4686.4 5003.6 -0.5 282 0 11.3 15.6 5.0 2.5 2 1 2 4 4
2758.3 8392.3 -3.5 352 0 16.7 8.6 7.5 2.5 2 0 3 3 3
2725.6 8382.4 -3.4 253 0 10.8 11.4 5.0 2.5 2 1 2 3 3
2721.1 8173.7 -2.5 1 0 9.9 17.9 5.0 2.5 2 1 2 2 2
2727.5 8302.1 -2.8 79 0 9.3 15.9 5.0 2.5 2 1 2 4 4
2732.9 8346.5 -3.3 354 0 15.7 11.2 5.0 0.0 0 0 2 1 1
2717.5 8254.5 -2.4 351 0 9.2 27.8 7.5 2.5 2 1 3 2 2
2643.2 8257.0 -1.2 176 0 15.3 14.3 7.5 2.5 2 0 3 1 1
2680.1 8262.5 -1.7 349 0 10.8 10.7 7.5 2.5 2 0 3 2 2
2688.4 8299.6 -2.1 354 0 12.7 11.3 7.5 2.5 2 0 3 1 1
2653.7 8099.7 -1.2 173 0 16.7 8.6 2.5 2.5 4 0 1 3 3
2690.7 8086.9 -1.6 356 0 9.3 9.4 7.5 2.5 2 1 3 2 2
2696.1 8153.1 -1.9 354 0 18.7 12.1 7.5 2.5 2 0 3 2 2
2634.6 8094.6 -1.1 172 0 13.7 11.5 7.5 2.5 2 0 3 0 0
2631.9 8068.1 -1.2 183 0 12.3 12.2 5.0 2.5 2 0 2 1 1
2645.7 8045.4 -1.5 174 0 12.3 10.7 5.0 2.5 2 0 2 2 2
2642.2 8005.3 -1.8 171 0 10.4 11.4 7.5 2.5 2 1 3 2 2
2674.2 7952.3 -2.3 357 0 13.6 9.3 2.5 2.5 2 0 1 3 3
2543.2 7830.8 -1.5 254 0 13.0 15.2 5.0 2.5 2 1 2 1 1
2629.2 7813.0 -2.0 175 0 15.6 11.3 5.0 2.5 2 0 2 4 4
2633.2 7846.7 -2.2 180 0 12.3 10.9 5.0 2.5 2 0 2 1 1
2672.5 7903.2 -2.6 354 0 18.7 9.4 7.5 2.5 2 0 3 5 5
2656.1 7792.3 -2.3 173 0 8.7 8.0 5.0 2.5 2 0 2 4 4
2695.2 7704.0 -2.4 352 0 16.7 12.5 5.0 2.5 2 0 2 2 2
2606.1 7706.2 -0.9 175 0 11.0 11.4 7.5 2.5 2 1 3 1 1
2631.8 7708.7 -1.5 170 0 11.4 11.1 5.0 2.5 4 0 2 1 1
2696.3 7631.3 -1.9 353 0 14.5 8.9 7.5 2.5 2 0 3 5 5
2711.3 7615.7 -2.2 352 0 8.0 19.1 2.5 0.0 0 1 1 5 5
2641.2 7673.6 -1.2 174 0 17.5 7.8 2.5 0.0 0 0 1 5 5
2642.0 7640.8 -1.0 175 0 12.0 10.9 7.5 2.5 2 0 3 1 1
2641.5 7610.7 -0.7 171 0 13.1 11.4 2.5 2.5 2 0 1 1 1
2702.9 7530.5 -1.6 82 0 9.8 13.5 5.0 0.0 0 1 2 1 1
2648.4 7558.8 -0.5 174 0 12.7 10.5 2.5 2.5 4 0 1 0 0
2668.1 7591.9 -1.2 173 0 11.5 12.0 2.5 2.5 2 1 1 0 0
2683.3 7564.9 -1.7 171 0 10.3 22.1 5.0 2.5 2 1 2 2 2
2655.1 7533.4 -0.5 171 0 10.2 12.3 5.0 2.5 2 1 2 4 4
2721.9 7505.7 -1.6 352 0 16.1 7.4 5.0 2.5 2 0 2 1 1
2678.9 7495.6 -0.8 174 0 11.5 11.5 7.5 2.5 2 1 3 3 3
2686.9 7463.5 -0.8 176 0 10.2 7.8 7.5 2.5 4 0 3 2 2
2699.9 7446.7 -1.0 172 0 8.4 8.7 5.0 2.5 2 1 2 2 2
2775.2 7390.4 -2.5 262 0 10.2 17.6 7.5 2.5 2 1 3 1 1
2717.1 7387.4 -1.4 177 0 7.5 16.4 7.5 2.5 2 1 3 1 1
2661.1 7414.0 -0.2 168 0 19.1 10.8 10.0 2.5 4 0 4 4 4
2695.5 7397.2 -0.8 173 0 12.4 10.0 7.5 2.5 2 0 3 5 5
2676.0 7372.4 -0.3 259 0 8.4 8.6 2.5 2.5 2 1 1 0 0
2709.4 7365.8 -1.2 176 0 10.6 11.3 7.5 2.5 4 1 3 5 5
2715.7 7339.7 -1.4 168 0 10.8 9.3 5.0 2.5 4 0 2 2 2
2725.6 7296.6 -1.9 175 0 13.8 8.9 7.5 2.5 2 0 3 2 2
2734.3 7316.9 -2.1 169 0 9.7 14.5 5.0 2.5 2 1 2 1 1
2708.2 7203.0 -1.9 263 0 9.1 9.4 5.0 2.5 2 1 2 2 2
2761.7 7244.7 -3.3 176 0 14.5 12.2 10.0 2.5 2 0 4 3 3
2738.0 7227.0 -2.9 174 0 12.5 12.6 10.0 2.5 2 1 4 4 4
2738.0 7260.6 -2.8 172 0 9.2 22.9 7.5 2.5 2 1 3 1 1
2768.6 7214.2 -3.6 175 0 11.0 10.0 10.0 2.5 2 0 4 4 4
2739.7 7196.3 -2.8 171 0 10.9 11.0 5.0 0.0 0 1 2 2 2
2692.2 7207.8 -1.5 353 0 10.9 23.2 10.0 2.5 2 1 4 0 0
2712.7 7178.1 -1.6 354 0 6.6 13.0 5.0 2.5 2 1 2 0 0
2735.8 7158.7 -2.2 176 0 11.8 11.5 5.0 2.5 2 0 2 3 3
2739.0 7132.2 -1.8 173 0 12.9 11.3 5.0 0.0 0 0 2 3 3
2783.2 7090.4 -2.7 356 0 13.1 7.2 5.0 2.5 2 0 2 1 1
2733.5 7110.0 -1.4 173 0 9.5 12.3 5.0 0.0 0 1 2 3 3
2719.4 7048.1 -0.6 181 0 9.0 6.3 2.5 2.5 2 0 1 2 2
2728.2 7088.0 -1.1 182 0 11.8 9.8 5.0 2.5 2 0 2 1 1
2738.1 6931.1 -1.7 94 0 14.8 7.7 5.0 0.0 0 0 2 0 0
2777.6 6929.1 -2.7 9 0 14.2 10.3 2.5 2.5 2 0 1 5 5
2742.3 7018.3 -1.5 173 0 18.7 9.7 7.5 2.5 2 0 3 4 4
2715.4 7017.1 -0.6 173 0 12.4 8.2 2.5 2.5 2 0 1 4 4
2708.5 6989.5 -0.6 176 0 9.7 10.6 5.0 2.5 2 1 2 2 2
2701.9 6971.9 -0.5 177 0 11.0 9.8 5.0 0.0 0 0 2 5 5
2702.2 6941.6 -0.7 179 0 12.3 10.9 2.5 2.5 2 0 1 5 5
2720.7 6944.1 -1.0 93 0 8.9 10.1 5.0 2.5 2 1 2 2 2
2720.8 6713.7 -4.1 286 0 14.5 12.4 2.5 2.5 2 0 1 3 3
2560.7 6830.1 -0.6 282 0 12.0 14.9 7.5 2.5 2 1 3 2 2
2687.0 6802.2 -2.7 13 0 9.4 21.7 7.5 2.5 2 1 3 4 4
2691.9 6846.6 -1.9 5 0 11.6 13.3 10.0 2.5 2 1 4 5 5
2665.7 6880.0 -1.0 188 0 11.2 17.4 10.0 2.5 2 1 4 1 1
2640.1 6803.3 -2.2 205 0 15.7 11.7 7.5 2.5 2 0 3 4 4
2626.5 6717.0 -3.6 196 0 13.7 15.5 7.5 2.5 2 1 3 5 5
2702.3 6670.1 -4.0 13 0 9.3 13.2 5.0 2.5 2 1 2 3 3
2747.3 6325.2 -1.8 352 0 11.4 6.5 7.5 2.5 2 0 3 2 2
2752.7 6523.1 -2.8 169 0 24.6 13.0 10.0 2.5 2 0 4 5 5
2776.4 6546.6 -3.0 276 0 12.6 9.2 2.5 2.5 2 0 1 0 0
2712.3 6650.0 -3.8 285 0 13.1 16.5 7.5 2.5 2 1 3 5 5
-978.5 7214.7 10.9 182 0 9.0 10.3 7.5 2.5 2 1 3 3 3
-965.1 7255.5 11.0 277 0 14.7 10.4 5.0 2.5 2 0 2 0 0
-918.6 7378.8 12.8 188 0 12.0 11.4 10.0 2.5 2 0 4 1 1
-893.5 7409.1 13.3 5 0 12.0 11.5 2.5 2.5 2 0 1 5 5
-744.7 7440.9 11.0 98 0 10.0 11.7 5.0 2.5 2 1 2 4 4
-710.0 7466.3 10.7 6 0 8.1 17.6 5.0 2.5 2 1 2 0 0
-740.6 7487.3 11.4 190 0 16.3 12.6 7.5 2.5 2 0 3 2 2
-705.0 7510.4 11.3 10 0 11.0 20.3 5.0 2.5 4 1 2 0 0
-191.0 7528.6 11.9 7 0 9.9 21.0 5.0 2.5 2 1 2 3 3
-216.5 7559.8 12.9 281 0 10.3 12.5 5.0 2.5 2 1 2 4 4
-212.7 7247.4 4.8 186 0 10.7 10.3 7.5 2.5 2 0 3 1 1
-197.3 7227.6 4.8 95 0 7.9 11.3 2.5 2.5 2 1 1 3 3
-174.2 7224.8 4.8 91 0 7.3 12.9 7.5 2.5 2 1 3 2 2
-162.3 7251.8 4.8 272 0 9.6 6.5 5.0 2.5 2 0 2 0 0
-320.7 6856.8 4.6 93 0 14.8 17.3 7.5 2.5 2 1 3 2 2
-426.5 6737.2 6.8 178 0 8.0 16.7 5.0 2.5 2 1 2 0 0
4593.8 2955.2 -0.4 113 0 8.9 14.6 7.5 0.0 0 1 3 4 4
4545.6 2953.6 -0.2 295 0 6.4 6.4 7.5 2.5 2 1 3 5 5
4559.2 2949.6 -0.2 294 0 7.4 15.3 2.5 2.5 2 1 1 1 1
4528.4 3021.0 -1.1 25 0 10.4 17.3 10.0 2.5 2 1 4 4 4
4497.2 3000.1 -1.0 115 0 8.9 17.5 2.5 2.5 2 1 1 4 4
4482.0 2997.8 -1.1 113 0 10.1 12.9 7.5 0.0 0 1 3 1 1
4396.0 3030.2 -1.8 106 0 11.7 9.0 5.0 2.5 2 0 2 2 2
4355.1 3044.3 -2.1 103 0 10.9 12.2 7.5 2.5 2 1 3 1 1
4269.4 3021.3 -1.6 289 0 9.7 9.5 7.5 2.5 2 0 3 0 0
4256.8 3000.2 -1.6 295 0 12.6 14.2 5.0 2.5 2 1 2 0 0
4292.2 2989.0 -1.9 22 0 13.7 16.0 5.0 2.5 2 1 2 4 4
4206.9 3000.6 -1.1 202 0 6.7 10.5 7.5 2.5 2 1 3 3 3
4199.9 2957.9 -1.1 24 0 11.6 30.1 7.5 2.5 2 1 3 5 5
4173.3 2990.6 -0.7 295 0 13.1 10.9 5.0 2.5 2 0 2 5 5
4127.7 2966.7 -0.4 121 0 12.9 10.4 2.5 0.0 0 0 1 0 0
4129.0 2999.3 -0.1 294 0 6.6 17.4 2.5 2.5 2 1 1 4 4
4155.1 3000.3 -0.5 295 0 8.7 12.8 5.0 2.5 2 1 2 3 3
4066.9 2966.6 0.4 114 0 14.2 7.1 5.0 2.5 2 0 2 1 1
4057.9 2983.6 0.2 115 0 7.2 13.3 7.5 2.5 4 1 3 3 3
4078.5 3009.9 0.0 290 0 11.4 7.8 5.0 2.5 2 0 2 2 2
4108.0 3002.2 -0.0 294 0 12.9 11.2 7.5 2.5 2 0 3 4 4
4043.7 3030.3 -0.0 302 0 11.2 8.2 2.5 2.5 2 0 1 4 4
4031.2 3046.8 -0.1 296 0 10.3 17.6 5.0 2.5 2 1 2 4 4
4005.0 3013.0 0.3 204 0 7.8 12.4 7.5 2.5 2 1 3 0 0
4024.0 2985.8 0.3 114 0 14.9 11.3 2.5 0.0 0 0 1 5 5
4021.4 3113.0 -0.6 24 0 11.6 9.7 5.0 2.5 2 0 2 2 2
4006.0 3137.0 -0.7 294 0 10.9 18.5 5.0 2.5 2 1 2 3 3
3987.3 3138.2 -0.6 294 0 8.1 9.6 2.5 2.5 2 1 1 1 1
3956.9 3159.9 -0.8 292 0 11.7 14.8 7.5 2.5 2 1 3 5 5
3943.5 3103.6 -0.4 293 0 13.5 10.2 2.5 2.5 2 0 1 3 3
3899.1 3119.6 -0.6 294 0 7.4 13.3 5.0 2.5 2 1 2 2 2
3882.3 3129.3 -1.0 297 0 11.7 11.3 5.0 2.5 2 0 2 3 3
3734.4 3134.8 -1.4 116 0 7.2 14.9 7.5 2.5 2 1 3 2 2
3761.3 3148.8 -1.5 25 0 13.5 9.8 2.5 2.5 2 0 1 0 0
3765.2 3182.1 -1.8 296 0 12.7 12.6 5.0 2.5 2 0 2 2 2
3731.9 3201.9 -1.9 287 0 11.3 9.8 5.0 2.5 2 0 2 2 2
3687.7 3209.9 -2.1 296 0 6.7 19.9 7.5 2.5 2 1 3 2 2
3664.9 3215.3 -2.2 296 0 5.9 8.3 5.0 2.5 2 1 2 2 2
3680.1 3226.6 -2.2 293 0 9.7 8.9 7.5 2.5 2 0 3 3 3
3605.8 3293.5 -2.6 116 0 6.9 6.8 7.5 2.5 2 0 3 4 4
3614.4 3246.2 -2.4 295 0 10.1 13.0 5.0 2.5 4 1 2 0 0
3577.6 3260.9 -2.5 296 0 5.7 13.4 5.0 2.5 2 1 2 1 1
3624.5 3206.6 -2.2 116 0 11.9 8.2 2.5 2.5 2 0 1 5 5
3645.5 3229.9 -2.3 295 0 6.5 18.1 5.0 2.5 2 1 2 3 3
3598.6 3263.3 -2.5 291 0 10.8 12.4 7.5 2.5 2 1 3 5 5
3574.2 3227.6 -2.4 120 0 7.0 5.6 5.0 2.5 4 0 2 3 3
3589.4 3213.0 -2.3 117 0 7.0 8.5 7.5 0.0 0 1 3 3 3
3538.4 3269.7 -2.5 295 0 6.1 16.7 7.5 2.5 2 1 3 2 2
3516.7 3251.9 -2.4 115 0 13.5 7.9 7.5 2.5 4 0 3 1 1
3503.2 3296.0 -2.4 289 0 11.4 8.3 5.0 2.5 2 0 2 5 5
3533.1 3289.7 -2.5 290 0 9.7 9.0 7.5 2.5 2 0 3 3 3
3443.9 3290.9 -2.2 113 0 10.5 7.1 2.5 2.5 2 0 1 5 5
3468.0 3311.9 -2.3 292 0 11.4 10.6 7.5 2.5 2 0 3 3 3
3396.5 3306.5 -2.1 114 0 6.7 28.0 7.5 0.0 0 1 3 1 1
3435.5 3322.2 -2.2 294 0 7.7 17.6 5.0 2.5 2 1 2 4 4
3389.9 3348.2 -2.1 294 0 9.2 11.2 5.0 0.0 0 1 2 4 4
3419.4 3344.3 -2.1 296 0 19.5 9.8 7.5 2.5 2 0 3 0 0
3343.4 3327.7 -2.2 111 0 13.2 9.0 7.5 2.5 2 0 3 1 1
3333.2 3362.9 -2.3 295 0 10.7 8.6 7.5 2.5 2 0 3 1 1
3364.6 3354.8 -2.1 291 0 6.1 14.4 2.5 2.5 2 1 1 2 2
3356.4 3372.2 -2.2 295 0 8.7 11.1 2.5 2.5 2 1 1 3 3
3333.5 3385.1 -2.3 292 0 12.7 6.5 5.0 2.5 4 0 2 4 4
3310.8 3394.4 -2.4 296 0 9.2 10.4 5.0 0.0 0 1 2 2 2
3696.3 3773.6 -3.2 205 0 18.7 8.5 5.0 2.5 2 0 2 0 0
3732.8 3684.6 -2.4 116 0 9.2 7.1 7.5 2.5 2 0 3 4 4
3746.2 3627.3 -2.9 295 0 9.7 8.7 2.5 2.5 4 0 1 3 3
3695.0 3670.2 -3.0 295 0 13.2 7.9 7.5 0.0 0 0 3 0 0
3682.9 3689.1 -3.2 291 0 11.8 10.0 7.5 2.5 2 0 3 0 0
3670.5 3636.6 -3.4 113 0 11.9 11.5 5.0 2.5 2 0 2 3 3
3698.6 3821.4 -3.7 31 0 7.0 16.0 2.5 2.5 2 1 1 5 5
3684.8 3851.4 -4.0 294 0 12.2 14.1 5.0 2.5 2 1 2 2 2
3743.1 3860.3 -3.4 209 0 9.5 9.3 5.0 2.5 2 0 2 3 3
3752.2 3884.7 -3.5 204 0 10.5 10.6 7.5 2.5 2 1 3 1 1
3811.7 3923.5 -2.7 300 0 13.1 11.9 7.5 0.0 0 0 3 4 4
3762.2 3905.3 -3.2 203 0 12.9 9.4 5.0 2.5 2 0 2 3 3
3796.2 3874.5 -3.1 25 0 17.5 9.1 2.5 2.5 2 0 1 5 5
3831.8 3993.2 -4.0 115 0 25.2 11.7 7.5 2.5 2 0 3 4 4
3861.2 4012.6 -3.7 295 0 12.0 11.0 2.5 2.5 2 0 1 1 1
3862.2 4051.4 -3.6 26 0 15.8 14.5 7.5 2.5 2 0 3 1 1
3844.5 4135.5 -3.6 203 0 17.7 9.2 2.5 2.5 2 0 1 1 1
3899.4 4097.3 -3.3 205 0 13.2 14.1 2.5 0.0 0 1 1 3 3
3933.7 4140.1 -3.0 205 0 13.3 20.1 7.5 0.0 0 1 3 2 2
3903.7 4134.8 -3.2 186 0 15.0 11.5 5.0 2.5 2 0 2 4 4
3880.6 4113.3 -3.4 20 0 15.8 10.6 2.5 2.5 2 0 1 3 3
3890.6 4164.7 -3.3 15 0 7.1 14.4 5.0 2.5 2 1 2 0 0
3910.9 4156.6 -3.1 210 0 10.7 11.9 5.0 2.5 2 1 2 2 2
3911.8 4184.7 -2.9 202 0 10.7 9.8 5.0 2.5 2 0 2 4 4
3932.0 4194.5 -2.5 204 0 9.1 16.3 2.5 2.5 2 1 1 2 2
3957.1 4167.7 -2.7 24 0 14.1 10.1 5.0 2.5 4 0 2 3 3
3918.6 4214.1 -2.3 212 0 11.8 10.8 2.5 2.5 4 0 1 4 4
3894.3 4198.5 -2.9 22 0 9.7 13.2 7.5 0.0 0 1 3 5 5
3900.2 4218.6 -2.6 24 0 12.3 11.9 7.5 2.5 2 0 3 3 3
3920.4 4229.3 -2.1 189 0 10.4 12.1 5.0 2.5 2 1 2 1 1
3904.9 4243.7 -2.4 21 0 10.0 17.0 5.0 2.5 2 1 2 0 0
3865.2 4264.9 -2.6 112 0 13.9 11.8 2.5 2.5 2 0 1 0 0
3972.2 4232.8 -1.6 28 0 11.3 14.1 5.0 2.5 2 1 2 1 1
3934.5 4310.4 -1.5 189 0 20.8 11.2 5.0 2.5 2 0 2 2 2
3952.5 4308.2 -1.3 200 0 12.3 21.1 7.5 2.5 2 1 3 2 2
3912.0 4274.4 -2.1 10 0 21.9 9.4 2.5 2.5 2 0 1 5 5
3821.3 4278.1 -3.2 195 0 10.0 14.6 2.5 2.5 2 1 1 5 5
3887.4 4355.4 -2.1 289 0 10.0 17.2 7.5 0.0 0 1 3 3 3
3921.6 4317.5 -1.8 12 0 12.5 10.9 5.0 2.5 2 0 2 0 0
3990.1 4326.1 -1.1 20 0 17.3 10.9 7.5 2.5 4 0 3 5 5
4000.6 4378.0 -0.6 16 0 16.6 10.4 5.0 2.5 2 0 2 5 5
3971.5 4509.7 -1.4 190 0 11.8 9.3 7.5 2.5 2 0 3 2 2
3925.9 4343.4 -1.6 12 0 12.5 10.9 2.5 2.5 2 0 1 3 3
3941.3 4342.0 -1.4 195 0 11.7 12.3 5.0 2.5 2 1 2 1 1
3943.2 4361.3 -1.2 184 0 13.3 7.7 5.0 0.0 0 0 2 3 3
3946.1 4387.9 -1.3 193 0 14.3 11.5 5.0 2.5 2 0 2 5 5
3932.5 4378.7 -1.7 12 0 12.2 13.0 5.0 2.5 2 1 2 5 5
3936.4 4392.8 -1.6 12 0 7.7 11.5 5.0 2.5 2 1 2 1 1
3872.0 4406.9 -2.4 103 0 12.1 20.4 7.5 2.5 4 1 3 0 0
3938.8 4459.5 -1.6 11 0 10.1 14.3 10.0 2.5 2 1 4 0 0
3961.5 4423.5 -1.0 200 0 14.7 13.7 7.5 2.5 2 0 3 2 2
4095.6 4551.8 0.2 291 0 13.5 14.6 7.5 0.0 0 1 3 3 3
4041.2 4494.7 -0.7 34 0 13.6 12.1 10.0 2.5 2 0 4 0 0
3961.6 4488.2 -1.4 186 0 15.3 13.5 10.0 2.5 4 0 4 4 4
3996.4 4543.2 -1.0 205 0 11.7 13.6 2.5 2.5 2 1 1 5 5
3949.4 4552.8 -1.8 11 0 14.5 13.8 7.5 2.5 2 0 3 2 2
3948.0 4600.4 -1.5 0 0 15.2 12.9 2.5 0.0 0 0 1 4 4
3970.1 4585.9 -1.0 200 0 15.8 11.7 5.0 0.0 0 0 2 3 3
3971.5 4538.4 -1.4 182 0 11.2 14.9 5.0 2.5 2 1 2 4 4
4023.0 4540.6 -0.8 297 0 12.3 9.0 7.5 2.5 2 0 3 3 3
4085.2 4579.7 0.2 117 0 11.1 11.4 2.5 2.5 2 1 1 2 2
3906.8 4643.1 -2.3 196 0 17.6 12.1 5.0 2.5 2 0 2 5 5
3957.6 4636.0 -1.8 17 0 9.3 11.4 5.0 2.5 2 1 2 5 5
3960.5 4669.0 -1.7 13 0 15.7 8.2 7.5 2.5 2 0 3 3 3
3926.1 4689.8 -1.8 286 0 9.2 13.4 5.0 2.5 2 1 2 5 5
3934.7 4716.5 -1.6 288 0 9.3 22.9 7.5 2.5 2 1 3 0 0
3965.1 4690.5 -1.5 11 0 12.1 9.8 5.0 2.5 2 0 2 2 2
3937.3 4740.4 -1.1 203 0 11.1 19.0 5.0 2.5 2 1 2 4 4
3970.3 4717.8 -1.1 22 0 10.8 12.2 5.0 2.5 2 1 2 5 5
3977.3 4742.4 -0.9 293 0 11.1 11.1 7.5 2.5 4 0 3 4 4
-3558.8 -577.3 -10.4 198 0 9.3 6.4 2.5 2.5 2 0 1 0 0
-3547.8 -585.0 -10.4 173 0 7.7 7.7 2.5 2.5 2 0 1 2 2
-1287.2 -5058.9 -10.0 282 0 9.9 10.2 5.0 2.5 2 1 2 1 1
-1322.3 -5117.7 -10.6 192 0 6.3 18.9 2.5 2.5 4 0 1 4 4
-1293.0 -5103.2 -10.6 15 0 12.2 17.7 5.0 2.5 2 1 2 0 0
-1244.2 -4679.2 -14.2 15 0 7.7 20.9 2.5 0.0 0 1 1 1 1
-1279.3 -4694.3 -14.3 104 0 9.0 16.9 2.5 2.5 2 1 1 2 2
-1183.9 -4748.9 -14.3 284 0 15.3 8.5 5.0 0.0 0 0 2 3 3
-1207.9 -4743.6 -14.4 286 0 10.6 13.3 5.0 2.5 2 1 2 5 5
-1193.7 -4789.0 -14.3 16 0 15.1 9.3 2.5 2.5 2 0 1 1 1
-1208.5 -4826.8 -14.0 106 0 9.2 16.6 5.0 2.5 2 1 2 2 2
-1241.1 -4782.3 -14.4 196 0 8.6 12.9 7.5 2.5 2 1 3 1 1
-1248.5 -4800.3 -14.3 196 0 10.9 13.5 5.0 2.5 2 1 2 0 0
-1250.9 -4818.4 -14.0 194 0 5.8 24.9 2.5 2.5 2 1 1 2 2
-1283.5 -4840.0 -13.8 286 0 6.4 11.2 5.0 2.5 2 1 2 2 2
-1339.6 -4941.2 -12.7 106 0 9.7 14.7 7.5 2.5 2 1 3 3 3
-1316.8 -4945.3 -12.8 106 0 14.0 12.2 5.0 2.5 2 0 2 5 5
-1309.0 -4907.1 -13.4 284 0 21.3 6.4 5.0 2.5 4 0 2 2 2
-1332.4 -4901.4 -13.5 285 0 26.4 12.6 7.5 2.5 2 0 3 0 0
-1266.6 -4929.6 -13.2 104 0 15.8 13.6 7.5 2.5 2 0 3 2 2
-1270.7 -4988.9 -12.0 103 0 11.2 16.1 7.5 2.5 2 1 3 2 2
-1193.4 -5029.7 -11.3 17 0 14.4 7.8 7.5 2.5 2 0 3 4 4
-1219.7 -5018.8 -11.4 106 0 11.4 9.5 7.5 2.5 2 0 3 5 5
-1310.1 -5132.1 -10.4 11 0 5.6 4.7 7.5 2.5 2 0 3 0 0
-1304.9 -5127.5 -10.6 10 0 5.6 18.9 7.5 2.5 4 0 3 4 4
-1331.2 -5142.8 -10.5 188 0 11.7 10.4 5.0 2.5 2 0 2 1 1
-933.1 -3364.1 -8.0 11 0 11.3 13.3 5.0 2.5 2 1 2 5 5
-853.8 -3411.1 -7.2 14 0 15.1 8.7 5.0 2.5 2 0 2 1 1
-871.2 -3387.1 -7.1 284 0 19.1 8.0 7.5 2.5 4 0 3 0 0
-902.2 -3397.9 -7.7 194 0 8.2 12.4 5.0 2.5 2 1 2 4 4
-927.1 -3458.7 -8.2 196 0 7.1 11.1 5.0 2.5 2 1 2 1 1
-912.5 -3482.8 -7.9 104 0 12.7 9.7 7.5 0.0 0 0 3 4 4
-985.3 -3472.5 -8.7 284 0 9.8 15.5 2.5 2.5 2 1 1 2 2
-967.0 -3514.7 -8.2 14 0 10.4 10.3 5.0 0.0 0 0 2 2 2
-981.4 -3534.0 -8.6 14 0 7.1 23.7 7.5 2.5 2 1 3 5 5
-1012.2 -3514.7 -8.5 194 0 17.5 8.9 7.5 2.5 2 0 3 2 2
-931.5 -3582.3 -9.1 286 0 12.8 5.4 2.5 2.5 2 0 1 2 2
-949.6 -3598.1 -9.4 194 0 9.2 12.1 7.5 2.5 4 1 3 5 5
-984.1 -3590.7 -9.6 14 0 13.2 7.2 7.5 2.5 2 0 3 5 5
-993.7 -3576.6 -9.4 14 0 6.1 16.5 7.5 2.5 2 1 3 5 5
-1026.4 -3582.3 -9.8 194 0 17.5 7.3 7.5 2.5 2 0 3 2 2
-997.0 -3610.5 -10.0 16 0 7.6 20.9 5.0 2.5 2 1 2 0 0
-1011.0 -3630.6 -10.3 16 0 7.2 7.1 7.5 0.0 0 0 3 4 4
-1041.5 -3628.9 -10.5 194 0 16.4 10.3 7.5 2.5 2 0 3 4 4
-1000.3 -3655.2 -10.6 14 0 10.3 12.7 10.0 2.5 2 1 4 2 2
-1057.8 -3693.0 -11.1 194 0 11.6 8.5 2.5 2.5 2 0 1 1 1
-1065.3 -3728.9 -11.5 194 0 15.6 9.0 2.5 2.5 2 0 1 0 0
-1018.6 -3734.5 -11.3 14 0 8.2 9.1 7.5 2.5 2 1 3 1 1
-961.1 -3755.8 -11.2 104 0 7.9 12.1 7.5 2.5 2 1 3 4 4
-983.3 -3757.6 -11.3 106 0 9.6 7.4 5.0 0.0 0 0 2 2 2
-1074.9 -3762.4 -12.0 194 0 15.3 7.2 7.5 2.5 2 0 3 2 2
-1032.5 -3799.4 -11.8 14 0 12.8 10.3 7.5 2.5 2 0 3 3 3
-1068.7 -3791.2 -12.0 194 0 15.7 9.1 5.0 2.5 2 0 2 3 3
-1047.5 -3807.5 -11.9 14 0 6.4 15.3 5.0 2.5 2 1 2 2 2
-1037.5 -3827.2 -11.8 14 0 12.0 13.5 7.5 2.5 2 1 3 1 1
-1080.6 -3913.6 -12.0 14 0 4.6 11.9 7.5 0.0 0 1 3 0 0
-1072.8 -3831.4 -11.9 196 0 6.3 9.3 7.5 2.5 2 1 3 1 1
-1074.6 -3880.9 -12.0 14 0 18.9 15.0 7.5 2.5 2 0 3 1 1
-1065.1 -3925.0 -11.9 15 0 9.6 11.8 7.5 2.5 4 1 3 4 4
-1075.7 -3969.8 -11.8 14 0 9.2 9.0 7.5 2.5 4 0 3 1 1
-1068.9 -3949.1 -11.9 14 0 12.3 10.9 2.5 2.5 4 0 1 1 1
-1088.6 -3951.7 -12.1 16 0 3.6 20.5 5.0 0.0 0 1 2 4 4
-1115.4 -3946.3 -12.2 104 0 13.6 38.1 10.0 2.5 2 1 4 4 4
-1096.9 -4065.1 -12.0 16 0 17.9 14.3 7.5 2.5 2 0 3 5 5
-1114.2 -4054.8 -12.0 286 0 11.2 8.1 5.0 0.0 0 0 2 4 4
-1116.7 -4086.9 -12.1 14 0 13.7 8.0 5.0 2.5 2 0 2 4 4
-1136.7 -4096.0 -12.2 104 0 14.2 4.0 7.5 2.5 2 0 3 5 5
-1153.0 -4094.4 -12.3 106 0 7.2 7.1 5.0 0.0 0 0 2 4 4
-1157.2 -4073.7 -12.4 286 0 10.6 16.7 5.0 2.5 4 1 2 5 5
-1046.6 -4128.3 -11.7 284 0 5.0 13.2 5.0 2.5 2 1 2 0 0
-1081.0 -4131.4 -11.9 194 0 10.2 7.2 5.0 0.0 0 0 2 3 3
-1077.1 -4162.3 -11.8 194 0 5.3 17.5 5.0 2.5 2 1 2 3 3
-1056.9 -4193.8 -11.7 16 0 18.3 10.5 5.0 2.5 2 0 2 0 0
-1102.6 -4172.0 -12.0 196 0 9.8 10.7 2.5 2.5 2 1 1 0 0
-1052.9 -4248.7 -12.0 14 0 28.0 13.5 10.0 2.5 2 0 4 1 1
-1137.3 -4232.4 -12.4 16 0 5.0 6.3 2.5 2.5 2 1 1 0 0
-1107.7 -4231.8 -12.2 194 0 12.2 14.2 5.0 2.5 2 1 2 3 3
-1112.3 -4269.1 -12.4 196 0 14.6 15.1 5.0 2.5 2 1 2 2 2
-1084.6 -4298.0 -12.4 14 0 22.0 8.7 7.5 2.5 2 0 3 2 2
-1119.8 -4298.4 -12.6 194 0 8.8 24.2 5.0 2.5 2 1 2 5 5
-1131.6 -4279.7 -12.6 196 0 14.8 12.7 2.5 2.5 4 0 1 2 2
-1087.2 -4346.2 -12.6 16 0 15.4 9.8 2.5 2.5 4 0 1 1 1
-1120.1 -4325.8 -12.7 194 0 6.3 17.2 5.0 2.5 2 1 2 3 3
-1140.4 -4333.2 -12.8 194 0 9.2 10.5 7.5 2.5 2 1 3 4 4
-1147.2 -4361.4 -12.8 194 0 6.2 15.4 7.5 2.5 2 1 3 4 4
-1109.8 -4383.3 -12.8 16 0 11.4 16.6 5.0 0.0 0 1 2 2 2
-1144.3 -4407.6 -12.8 194 0 6.9 20.1 5.0 2.5 2 1 2 1 1
-1157.2 -4399.6 -12.9 194 0 10.1 10.1 7.5 2.5 2 1 3 5 5
-1214.4 -4398.8 -13.2 284 0 17.1 8.5 2.5 2.5 2 0 1 2 2
-1184.0 -4411.1 -13.1 14 0 10.5 13.9 10.0 2.5 2 1 4 0 0
-1192.4 -4453.7 -13.4 16 0 8.9 11.1 2.5 2.5 2 1 1 5 5
-1192.2 -4470.1 -13.6 16 0 11.8 6.2 7.5 2.5 2 0 3 0 0
-1197.7 -4466.1 -13.6 14 0 16.5 7.0 5.0 2.5 2 0 2 1 1
-1241.9 -4456.9 -13.7 194 0 15.8 9.2 5.0 2.5 2 0 2 1 1
-1212.4 -4480.0 -13.7 16 0 4.8 16.3 5.0 2.5 2 1 2 5 5
-1199.3 -4501.1 -13.7 16 0 8.5 10.8 2.5 2.5 2 1 1 1 1
-1214.4 -4507.3 -13.7 14 0 5.3 19.6 2.5 2.5 2 1 1 5 5
-1259.7 -4485.0 -13.8 196 0 24.8 13.2 7.5 2.5 2 0 3 1 1
-1246.3 -4547.3 -13.9 14 0 14.7 9.2 7.5 2.5 2 0 3 2 2
-1210.1 -4547.5 -13.8 15 0 10.1 10.3 5.0 2.5 2 1 2 1 1
-1220.4 -4534.1 -13.8 14 0 8.1 24.9 5.0 2.5 2 1 2 1 1
-1220.7 -4596.4 -14.2 16 0 10.8 11.1 7.5 2.5 2 1 3 1 1
-1267.3 -4592.7 -14.2 194 0 21.4 10.1 2.5 2.5 2 0 1 0 0
-1232.6 -4634.1 -14.1 14 0 7.9 9.4 2.5 2.5 2 1 1 3 3
-1271.3 -4622.1 -14.2 194 0 12.0 7.3 2.5 0.0 0 0 1 5 5
-1248.5 -4642.1 -14.1 16 0 3.8 11.6 5.0 2.5 2 1 2 0 0
-1163.9 -4763.5 -14.3 16 0 17.6 7.8 5.0 2.5 2 0 2 0 0
-2847.9 -7895.2 -19.4 169 0 14.2 8.1 7.5 2.5 2 0 3 0 0
-2843.5 -7909.5 -19.2 151 0 3.8 4.7 5.0 2.5 4 1 2 3 3
-56.4 -5344.9 -9.7 284 0 6.8 12.1 7.5 2.5 2 1 3 3 3
-40.6 -5371.0 -9.7 111 0 5.8 16.5 2.5 2.5 2 1 1 0 0
-33.8 -5347.6 -9.6 18 0 7.5 22.2 7.5 0.0 0 1 3 1 1
-62.1 -5379.9 -9.8 106 0 11.9 11.0 7.5 2.5 2 0 3 0 0
-4656.5 -1970.7 -12.7 129 0 16.7 19.6 5.0 2.5 2 1 2 0 0
-2808.2 -7930.9 -20.0 128 0 7.2 20.9 7.5 0.0 0 1 3 5 5
-2799.6 -7897.9 -20.0 321 0 19.2 12.0 7.5 2.5 2 0 3 4 4
-2835.5 -7934.7 -19.3 47 0 11.2 10.5 5.0 2.5 2 0 2 4 4
-2884.4 -7945.8 -18.3 354 0 10.7 11.3 5.0 2.5 2 1 2 0 0
-2811.2 -7873.7 -19.9 327 0 5.4 18.7 7.5 2.5 4 1 3 3 3
-2829.2 -7816.0 -20.1 250 0 8.4 7.6 5.0 2.5 2 0 2 0 0
-2810.5 -7830.2 -20.2 345 0 9.3 13.3 5.0 2.5 2 1 2 2 2
-2858.3 -7839.2 -19.9 174 0 13.3 14.9 7.5 2.5 2 1 3 0 0
-2965.9 -7816.7 -17.9 167 0 4.4 16.1 7.5 2.5 2 1 3 0 0
-3017.3 -7879.3 -15.2 140 0 4.1 4.1 7.5 2.5 2 1 3 2 2
-2992.6 -7878.7 -15.8 1 0 7.3 6.6 5.0 2.5 2 0 2 5 5
-2334.7 -7431.9 -17.8 181 0 10.8 10.7 5.0 0.0 0 0 2 0 0
-2361.7 -7507.2 -20.7 1 0 12.5 11.0 5.0 2.5 4 0 2 0 0
-2482.4 -7557.8 -21.8 271 0 8.0 13.9 7.5 2.5 2 1 3 0 0
-2504.4 -7591.3 -21.8 180 0 10.6 22.7 7.5 2.5 2 1 3 4 4
-2454.5 -7569.5 -21.7 357 0 8.5 6.1 7.5 2.5 2 0 3 1 1
-2457.8 -7534.1 -21.3 271 0 13.8 17.7 7.5 2.5 2 1 3 4 4
-2088.5 -7414.0 -19.7 9 0 10.4 16.7 5.0 2.5 2 1 2 1 1
-2112.8 -7340.4 -19.1 182 0 15.6 12.9 5.0 2.5 2 0 2 1 1
-2103.5 -7318.7 -18.9 0 0 13.9 18.5 10.0 2.5 2 1 4 5 5
-2234.0 -6584.1 -8.6 339 0 15.6 14.1 7.5 2.5 2 0 3 2 2
-2292.3 -6561.8 -8.9 248 0 11.4 30.8 10.0 2.5 2 1 4 0 0
-2262.3 -6631.5 -9.5 66 0 13.4 23.6 10.0 2.5 2 1 4 0 0
-883.4 -1182.7 -8.2 296 0 10.8 11.5 5.0 2.5 4 1 2 1 1
6053.8 -8531.0 -10.0 46 0 11.8 8.3 5.0 2.5 2 0 2 5 5
6059.5 -8503.8 -9.9 315 0 15.1 12.9 5.0 2.5 2 0 2 2 2
6040.4 -8531.4 -10.2 41 0 6.3 13.0 5.0 2.5 2 0 2 4 4
6255.4 -8629.1 -8.2 33 0 18.2 11.9 2.5 2.5 2 0 1 2 2
6238.9 -8642.5 -8.3 33 0 11.2 11.6 10.0 2.5 2 0 4 2 2
6228.1 -8648.0 -8.4 33 0 11.0 22.8 7.5 0.0 0 0 3 1 1
6178.2 -8619.5 -8.7 120 0 17.7 10.5 7.5 2.5 2 0 3 4 4
6196.5 -8630.2 -8.5 121 0 19.9 8.0 5.0 2.5 4 0 2 5 5
6210.1 -8628.2 -8.4 118 0 10.3 23.9 5.0 2.5 2 1 2 4 4
6213.9 -8566.2 -8.5 303 0 8.6 10.2 5.0 2.5 2 1 2 1 1
6135.3 -8597.8 -9.3 125 0 24.8 9.4 7.5 0.0 0 0 3 4 4
6126.1 -8568.5 -9.3 215 0 18.3 6.7 2.5 2.5 2 0 1 4 4
6155.2 -8564.7 -9.0 303 0 10.6 13.2 2.5 2.5 2 1 1 0 0
6178.1 -8577.0 -8.8 308 0 4.8 15.8 5.0 2.5 4 1 2 0 0
6198.0 -8586.8 -8.6 300 0 10.9 12.4 5.0 2.5 2 0 2 4 4
6209.6 -8593.1 -8.5 302 0 8.7 9.3 7.5 2.5 2 1 3 0 0
6239.6 -8601.1 -8.2 302 0 13.6 13.1 10.0 2.5 2 0 4 4 4
-1845.8 -1168.4 -12.2 231 0 20.0 51.2 10.0 0.0 0 1 4 1 1
-1790.8 -1017.8 -12.1 207 0 8.5 8.8 5.0 2.5 2 1 2 5 5
-1896.4 -1084.5 -12.6 24 0 3.4 8.1 7.5 2.5 2 0 3 1 1
-1883.3 -1089.9 -12.7 25 0 4.4 14.1 5.0 2.5 2 0 2 2 2
-1869.7 -1093.1 -12.7 25 0 9.7 13.8 7.5 0.0 0 0 3 1 1
-1865.2 -1082.8 -12.6 24 0 5.1 16.2 2.5 2.5 2 1 1 4 4
-1894.9 -1065.5 -12.1 24 0 12.2 12.7 2.5 2.5 2 0 1 0 0
-1896.3 -1074.4 -12.3 24 0 5.1 7.4 5.0 2.5 2 0 2 5 5
-1904.7 -1075.0 -12.4 24 0 12.9 8.2 5.0 0.0 0 0 2 0 0
-1885.2 -1036.9 -11.8 27 0 4.3 7.2 7.5 2.5 2 1 3 1 1
-1903.1 -1021.4 -11.6 206 0 10.6 11.2 2.5 2.5 2 1 1 4 4
-1883.6 -1043.6 -11.9 24 0 4.6 3.3 7.5 2.5 2 0 3 5 5
-1908.6 -1040.8 -11.9 206 0 6.7 19.2 7.5 2.5 2 1 3 3 3
-1862.8 -1063.7 -12.3 28 0 11.5 13.2 5.0 2.5 2 1 2 2 2
-1846.3 -1051.0 -12.3 27 0 8.9 11.9 7.5 2.5 2 1 3 5 5
-1785.1 -884.0 -11.0 210 0 3.4 5.5 2.5 2.5 2 1 1 4 4
-1850.2 -1017.5 -12.0 25 0 6.7 12.0 2.5 2.5 2 1 1 1 1
-1844.0 -1001.4 -11.9 24 0 6.6 14.9 5.0 2.5 2 1 2 3 3
-1830.0 -1012.0 -12.1 26 0 14.5 7.4 2.5 2.5 2 0 1 5 5
-1832.9 -999.7 -11.9 25 0 4.9 20.0 5.0 2.5 2 1 2 0 0
-1817.2 -1004.0 -12.0 26 0 11.1 12.1 2.5 2.5 2 1 1 1 1
-1810.2 -970.1 -11.6 28 0 10.5 11.0 7.5 2.5 2 1 3 2 2
-1820.5 -985.1 -11.7 27 0 4.2 16.4 5.0 2.5 2 0 2 3 3
-1809.1 -987.7 -11.8 27 0 9.8 11.4 2.5 2.5 2 0 1 3 3
-1830.3 -951.0 -11.6 208 0 3.4 6.3 5.0 2.5 2 1 2 1 1
-1840.9 -957.4 -11.6 207 0 5.2 10.1 7.5 2.5 2 1 3 4 4
-1850.2 -929.3 -11.8 208 0 8.2 5.2 7.5 2.5 2 0 3 1 1
-1842.6 -916.8 -11.7 209 0 4.6 20.6 2.5 2.5 2 1 1 3 3
-1835.1 -906.2 -11.6 207 0 16.5 8.2 5.0 2.5 2 0 2 0 0
-1822.5 -921.3 -11.5 207 0 5.1 14.9 2.5 2.5 2 1 1 2 2
-1789.7 -922.6 -11.3 38 0 4.9 15.8 2.5 2.5 4 0 1 0 0
-1802.2 -905.5 -11.3 220 0 5.5 6.4 5.0 0.0 0 0 2 3 3
-1793.2 -912.6 -11.3 40 0 6.2 5.1 7.5 2.5 2 0 3 0 0
-1780.6 -919.9 -11.3 38 0 10.0 14.4 5.0 2.5 2 0 2 4 4
-1797.9 -894.9 -11.2 217 0 3.4 6.3 5.0 2.5 2 0 2 1 1
-1785.0 -905.3 -11.2 37 0 4.3 10.3 7.5 2.5 2 0 3 3 3
-1781.6 -902.6 -11.2 37 0 4.1 14.8 5.0 2.5 2 0 2 2 2
-1768.9 -906.8 -11.1 33 0 11.2 10.4 10.0 0.0 0 0 4 5 5
-1771.2 -841.6 -10.8 218 0 16.8 6.1 5.0 2.5 2 0 2 2 2
-1776.1 -851.9 -10.8 219 0 5.2 7.0 2.5 2.5 2 0 1 4 4
-1799.0 -870.0 -11.1 209 0 6.4 12.3 5.0 2.5 2 1 2 5 5
-1779.2 -866.0 -10.9 208 0 6.2 11.8 5.0 2.5 2 0 2 0 0
-1769.5 -850.6 -10.7 208 0 5.2 6.3 2.5 0.0 0 0 1 0 0
-1758.0 -826.8 -10.6 223 0 8.3 6.0 7.5 2.5 2 0 3 2 2
-1763.9 -853.5 -10.7 208 0 5.2 8.7 2.5 2.5 2 0 1 3 3
-1738.9 -852.3 -10.5 27 0 11.4 10.6 7.5 2.5 2 0 3 0 0
-1741.3 -823.3 -10.4 207 0 9.8 9.7 7.5 2.5 2 0 3 3 3
-1692.6 -1060.4 -11.0 35 0 11.5 16.9 5.0 2.5 2 1 2 2 2
-1723.1 -1064.5 -11.2 216 0 13.9 15.2 10.0 2.5 2 1 4 3 3
-1718.9 -863.9 -10.5 208 0 11.3 10.1 7.5 2.5 2 0 3 4 4
-1715.8 -888.2 -10.6 206 0 4.5 10.5 7.5 2.5 2 0 3 5 5
-1692.2 -898.9 -10.4 26 0 3.1 9.3 2.5 2.5 2 0 1 2 2
-1706.3 -892.8 -10.5 206 0 4.5 6.1 7.5 2.5 2 0 3 5 5
-1729.4 -884.6 -10.8 206 0 11.3 11.8 7.5 2.5 2 1 3 3 3
-1735.8 -896.5 -11.0 210 0 10.3 11.8 5.0 2.5 2 1 2 1 1
-1694.6 -917.3 -10.7 30 0 10.0 5.4 5.0 2.5 2 0 2 4 4
-1699.1 -947.3 -11.0 30 0 12.9 7.7 2.5 2.5 4 0 1 3 3
-1725.4 -944.7 -11.2 30 0 3.8 4.8 7.5 2.5 4 0 3 2 2
-1740.6 -936.5 -11.3 210 0 4.6 12.4 7.5 2.5 2 0 3 3 3
-1734.6 -923.4 -11.2 211 0 16.0 12.6 7.5 2.5 2 0 3 1 1
-1755.8 -930.9 -11.4 210 0 10.2 9.8 7.5 2.5 2 0 3 0 0
-1745.5 -947.4 -11.4 210 0 3.6 7.5 5.0 2.5 2 1 2 3 3
-1725.3 -964.2 -11.2 32 0 4.4 8.6 5.0 2.5 2 1 2 5 5
-1734.0 -971.8 -11.3 31 0 5.6 9.1 2.5 2.5 2 1 1 2 2
-1755.8 -950.2 -11.5 210 0 10.9 11.9 7.5 2.5 2 1 3 1 1
-1778.0 -974.0 -11.8 206 0 10.3 10.9 5.0 2.5 2 1 2 0 0
-1781.7 -1001.4 -11.9 205 0 10.7 13.5 5.0 2.5 2 1 2 5 5
-1764.2 -1021.3 -11.8 22 0 3.5 5.1 5.0 2.5 2 1 2 3 3
-1826.4 -1093.1 -12.4 224 0 11.3 11.9 7.5 2.5 4 1 3 5 5
-1781.8 -1053.0 -11.9 247 0 8.0 7.3 7.5 2.5 2 0 3 0 0
-1787.5 -1035.0 -12.0 205 0 7.0 17.4 5.0 2.5 2 1 2 3 3
-1758.1 -1043.6 -11.7 28 0 8.8 6.5 7.5 2.5 2 0 3 3 3
-1813.8 -1069.0 -12.2 207 0 5.3 9.9 5.0 2.5 2 1 2 4 4
-1782.8 -1092.1 -12.0 27 0 13.2 12.0 5.0 2.5 2 0 2 5 5
-1796.1 -1139.7 -12.2 316 0 6.1 3.9 5.0 0.0 0 0 2 5 5
-1837.2 -1122.5 -12.5 135 0 10.3 14.7 5.0 2.5 2 1 2 0 0
-1946.1 -1089.9 -12.9 207 0 15.7 29.1 10.0 0.0 0 1 4 0 0
-1902.7 -1092.2 -12.8 25 0 10.3 10.7 5.0 2.5 2 1 2 1 1
-1881.2 -1106.1 -12.6 28 0 9.4 7.7 7.5 2.5 2 0 3 3 3
-1883.8 -1120.8 -12.6 28 0 9.1 14.5 7.5 2.5 2 1 3 3 3
-1900.2 -1128.1 -12.6 31 0 3.8 6.0 7.5 0.0 0 1 3 5 5
-1899.3 -1137.3 -12.5 27 0 10.1 10.3 10.0 2.5 2 1 4 4 4
-1919.2 -1121.1 -12.7 32 0 11.2 5.5 7.5 2.5 2 0 3 0 0
-1930.8 -1145.7 -12.5 39 0 5.4 13.5 7.5 2.5 2 1 3 5 5
-1970.5 -1124.0 -12.8 218 0 10.2 21.6 10.0 2.5 2 1 4 1 1
-1918.5 -1164.1 -12.2 41 0 5.0 9.9 5.0 0.0 0 0 2 0 0
-1952.8 -1163.1 -12.6 127 0 5.9 11.7 7.5 2.5 2 1 3 2 2
-1963.2 -1174.2 -13.1 127 0 9.3 15.1 5.0 2.5 4 1 2 1 1
-1922.2 -1197.4 -12.4 37 0 10.7 11.4 2.5 2.5 2 1 1 2 2
-1841.3 -1226.7 -11.3 41 0 4.2 6.3 7.5 2.5 2 1 3 1 1
-1885.9 -1205.8 -11.9 221 0 11.4 12.5 5.0 2.5 2 1 2 4 4
-2376.6 -1491.9 -12.3 228 0 4.7 4.6 7.5 2.5 2 0 3 3 3
-2369.9 -1552.0 -12.2 318 0 4.4 5.9 7.5 2.5 4 1 3 0 0
-2311.6 -1522.7 -12.2 47 0 3.5 6.1 5.0 2.5 2 1 2 1 1
-2361.6 -1472.2 -12.3 227 0 14.3 8.6 5.0 2.5 2 0 2 3 3
-2338.4 -1480.3 -12.3 317 0 10.6 4.9 7.5 2.5 4 0 3 5 5
-2342.5 -1490.4 -12.3 316 0 25.3 7.6 5.0 2.5 2 0 2 3 3
-2361.1 -1490.9 -12.3 226 0 7.8 25.1 2.5 2.5 2 1 1 2 2
-2370.2 -1499.3 -12.3 226 0 7.7 25.2 2.5 2.5 4 1 1 5 5
-2371.5 -1518.1 -12.3 137 0 25.1 7.6 2.5 0.0 0 0 1 4 4
5436.7 7403.3 -1.1 51 0 24.5 18.9 7.5 2.5 2 0 3 4 4
5422.2 7391.6 -1.0 51 0 12.7 19.4 7.5 2.5 2 0 3 2 2
4693.1 -910.8 -4.8 279 0 6.8 14.8 2.5 2.5 2 1 1 5 5
4720.2 -935.6 -4.6 4 0 14.6 7.0 7.5 0.0 0 0 3 3 3
4658.1 -868.7 -5.3 13 0 5.6 14.1 5.0 2.5 2 1 2 2 2
4631.1 -880.6 -5.3 104 0 9.9 17.5 7.5 0.0 0 1 3 3 3
4667.3 -821.2 -6.0 285 0 10.5 11.4 5.0 2.5 2 1 2 5 5
4638.9 -821.0 -6.1 194 0 9.5 7.3 7.5 2.5 2 0 3 4 4
4727.0 -796.5 -5.7 195 0 5.3 7.4 2.5 2.5 4 1 1 3 3
4774.4 -831.4 -5.8 181 0 6.2 10.4 5.0 0.0 0 1 2 3 3
4726.3 -823.4 -5.9 104 0 10.9 4.7 7.5 2.5 2 0 3 4 4
4751.5 -799.4 -5.7 13 0 12.2 10.3 2.5 2.5 2 0 1 2 2
4861.8 -866.9 -5.3 274 0 9.6 12.3 5.0 2.5 2 1 2 1 1
4856.7 -895.1 -5.5 93 0 9.3 4.7 7.5 2.5 2 0 3 3 3
4902.2 -886.0 -5.6 4 0 10.3 12.1 7.5 2.5 2 1 3 0 0
4968.7 -784.2 -4.7 77 0 7.7 9.4 2.5 2.5 2 1 1 0 0
4956.9 -761.6 -4.5 168 0 6.5 12.2 5.0 2.5 2 1 2 2 2
4953.7 -745.5 -4.5 168 0 15.2 4.6 7.5 2.5 2 0 3 3 3
4885.4 -729.7 -4.5 107 0 14.7 11.2 5.0 2.5 2 0 2 3 3
4864.2 -736.1 -4.7 102 0 11.0 6.3 5.0 2.5 2 0 2 1 1
4853.7 -734.0 -4.7 103 0 10.3 6.5 2.5 2.5 2 0 1 5 5
4843.2 -731.6 -4.7 103 0 11.3 6.5 7.5 2.5 2 0 3 1 1
4834.0 -728.2 -4.7 102 0 8.2 20.4 2.5 2.5 2 0 1 0 0
4852.7 -704.6 -4.5 285 0 17.5 6.9 7.5 0.0 0 0 3 0 0
4991.5 -778.3 -4.6 80 0 13.3 9.5 5.0 2.5 2 0 2 5 5
5010.0 -713.5 -3.9 348 0 9.9 11.4 2.5 2.5 2 1 1 0 0
5022.4 -767.0 -4.3 81 0 11.3 11.2 2.5 2.5 2 0 1 0 0
5048.6 -757.0 -4.2 350 0 10.7 13.1 7.5 2.5 2 1 3 3 3
5038.1 -738.7 -4.1 350 0 4.5 6.1 7.5 2.5 2 1 3 5 5
4989.9 -844.2 -5.3 97 0 5.8 6.6 2.5 2.5 2 0 1 0 0
5012.3 -843.7 -5.3 7 0 6.6 19.3 7.5 2.5 2 0 3 1 1
4757.6 -996.3 -4.7 336 0 8.8 15.9 5.0 2.5 2 1 2 3 3
4744.2 -1019.3 -5.0 192 0 6.4 14.5 7.5 2.5 2 1 3 4 4
4766.0 -998.9 -4.8 191 0 10.9 6.7 5.0 0.0 0 0 2 5 5
4582.7 -952.3 -4.2 278 0 5.9 14.7 7.5 2.5 2 0 3 2 2
4577.5 -969.0 -4.1 188 0 5.1 5.9 5.0 2.5 2 0 2 1 1
4558.7 -903.0 -4.9 104 0 5.3 17.3 2.5 2.5 2 1 1 2 2
4576.0 -907.6 -4.6 102 0 7.3 5.2 7.5 2.5 2 0 3 4 4
4541.8 -833.4 -5.9 195 0 6.1 9.6 5.0 2.5 2 1 2 4 4
4537.3 -813.9 -6.3 194 0 6.7 11.9 7.5 2.5 2 0 3 0 0
4529.3 -815.6 -6.3 194 0 11.2 7.4 5.0 2.5 4 0 2 0 0
4551.3 -799.9 -6.3 286 0 12.5 5.4 2.5 2.5 2 0 1 5 5
4537.9 -782.7 -6.3 285 0 7.6 12.8 7.5 2.5 2 1 3 4 4
4565.9 -714.1 -5.5 106 0 6.7 12.6 7.5 2.5 2 0 3 3 3
4572.2 -704.4 -5.4 196 0 3.3 7.5 7.5 2.5 2 0 3 3 3
4590.1 -728.5 -5.5 103 0 10.6 10.2 5.0 2.5 2 0 2 1 1
4569.9 -727.2 -5.5 103 0 10.0 5.9 5.0 2.5 2 0 2 2 2
4597.9 -677.3 -5.2 285 0 9.6 14.1 2.5 2.5 2 1 1 5 5
4564.6 -687.1 -5.3 195 0 6.6 20.2 7.5 2.5 2 0 3 3 3
4548.9 -677.5 -5.3 195 0 16.9 10.4 5.0 2.5 2 0 2 3 3
4575.8 -662.1 -5.1 14 0 5.2 12.7 5.0 2.5 2 0 2 4 4
4578.0 -663.4 -5.1 284 0 4.8 3.8 5.0 2.5 2 0 2 2 2
4288.5 -1129.4 -5.8 187 0 17.3 9.6 7.5 2.5 2 0 3 4 4
4307.2 -1120.5 -5.8 9 0 4.1 5.7 7.5 2.5 2 1 3 2 2
4520.8 -1411.2 -6.2 177 0 5.4 10.7 7.5 2.5 2 1 3 4 4
4449.4 -1268.9 -6.1 35 0 7.5 13.1 5.0 2.5 2 1 2 4 4
4433.4 -1277.8 -6.0 88 0 9.3 5.8 2.5 2.5 2 0 1 0 0
4413.9 -1261.2 -5.8 271 0 9.0 15.3 5.0 2.5 2 0 2 0 0
4409.6 -1254.0 -5.8 181 0 8.6 9.0 5.0 2.5 2 0 2 3 3
4414.9 -1210.3 -5.9 269 0 11.6 18.1 5.0 2.5 2 1 2 0 0
4388.2 -1297.7 -5.5 87 0 12.1 10.6 5.0 2.5 2 0 2 3 3
4380.4 -1303.4 -5.4 88 0 3.6 5.4 5.0 2.5 2 0 2 3 3
4363.7 -1301.3 -5.4 178 0 5.4 14.8 7.5 0.0 0 0 3 2 2
4356.5 -1295.3 -5.2 87 0 7.3 13.9 7.5 2.5 2 0 3 3 3
4364.0 -1281.0 -5.3 267 0 9.0 5.3 7.5 2.5 2 0 3 3 3
-2809.2 234.5 -9.9 11 0 16.0 10.3 7.5 2.5 2 0 3 3 3
3361.3 -3359.1 -7.0 33 0 16.0 22.9 7.5 2.5 2 1 3 0 0
3385.8 -3342.2 -6.6 24 0 10.8 16.6 5.0 2.5 2 1 2 0 0
3402.6 -3303.8 -6.2 20 0 13.0 13.6 5.0 2.5 2 1 2 1 1
3172.4 -3798.5 -7.5 210 0 18.2 16.9 7.5 2.5 2 0 3 4 4
3212.9 -3504.7 -8.0 210 0 5.0 13.1 2.5 2.5 2 1 1 5 5
3247.9 -3504.5 -7.5 301 0 13.8 10.8 2.5 2.5 2 0 1 2 2
3291.6 -3584.9 -6.1 25 0 13.7 9.9 7.5 2.5 2 0 3 5 5
3472.1 -3187.2 -6.1 200 0 15.1 8.7 7.5 2.5 2 0 3 1 1
3048.5 -3924.7 -7.4 227 0 16.7 16.0 10.0 2.5 2 0 4 3 3
3413.5 -3277.4 -6.1 25 0 11.2 10.3 5.0 2.5 2 0 2 3 3
3377.5 -3238.4 -6.6 299 0 11.1 23.6 10.0 2.5 2 1 4 1 1
3392.7 -3275.2 -6.5 31 0 7.3 25.3 7.5 2.5 2 1 3 2 2
3343.8 -3237.1 -6.8 212 0 15.3 8.6 5.0 2.5 2 0 2 5 5
3171.4 -3752.2 -7.7 37 0 12.1 16.5 5.0 2.5 2 1 2 3 3
2923.5 -4359.7 -9.2 124 0 9.7 10.9 2.5 0.0 0 1 1 3 3
2954.4 -4333.3 -9.1 120 0 6.7 12.0 5.0 2.5 2 1 2 0 0
2979.7 -4311.5 -9.0 120 0 12.8 12.1 2.5 2.5 2 0 1 4 4
3275.4 -3592.0 -6.2 118 0 7.6 6.4 7.5 2.5 2 0 3 5 5
3342.0 -3445.9 -5.7 24 0 11.2 11.7 7.5 2.5 2 1 3 3 3
3621.6 -2870.5 -6.0 302 0 10.4 14.9 2.5 2.5 2 1 1 5 5
3601.2 -2895.9 -6.3 208 0 10.4 11.9 5.0 2.5 2 1 2 4 4
3309.2 -3543.5 -6.2 26 0 5.1 7.7 7.5 2.5 2 1 3 5 5
6341.8 -7416.5 -12.6 28 0 7.9 19.9 5.0 2.5 4 1 2 4 4
6353.8 -7400.4 -12.4 24 0 15.7 6.9 2.5 0.0 0 0 1 4 4
6351.9 -7379.0 -12.1 21 0 13.5 12.4 5.0 2.5 2 0 2 3 3
6329.9 -7402.2 -12.4 110 0 6.8 19.4 7.5 2.5 2 1 3 3 3
6338.4 -7305.3 -11.8 293 0 13.3 10.7 5.0 2.5 2 0 2 4 4
6294.4 -7340.7 -11.9 202 0 10.0 30.9 7.5 2.5 2 1 3 1 1
4102.9 -2400.1 -4.8 102 0 12.3 22.6 7.5 2.5 2 1 3 4 4
4059.9 -2477.3 -3.4 104 0 13.0 14.0 7.5 2.5 2 1 3 0 0
4100.2 -2469.1 -3.7 285 0 10.1 21.7 2.5 2.5 2 1 1 3 3
6314.4 -1056.0 -4.9 91 0 21.3 97.2 7.5 0.0 0 1 3 2 2
6357.0 -1088.6 -5.4 359 0 21.9 8.4 2.5 2.5 2 0 1 3 3
6384.7 -1091.2 -5.5 180 0 16.1 88.2 10.0 2.5 2 1 4 4 4
6397.2 -829.7 -4.6 180 0 85.9 20.3 7.5 0.0 0 0 3 3 3
3513.4 -3005.4 -7.0 28 0 10.1 12.4 7.5 2.5 2 1 3 4 4
3481.3 -3093.8 -6.5 24 0 11.4 11.5 2.5 2.5 2 1 1 5 5
3925.5 -2500.8 -3.9 40 0 9.3 13.2 5.0 2.5 4 1 2 2 2
3895.9 -2500.4 -4.0 208 0 11.5 8.0 7.5 2.5 4 0 3 2 2
3945.3 -2271.8 -6.3 22 0 6.9 16.9 7.5 2.5 2 1 3 2 2
2702.3 -4165.4 -8.9 212 0 6.2 7.8 7.5 2.5 2 1 3 0 0
2715.5 -4189.8 -9.0 28 0 10.2 22.3 7.5 2.5 2 1 3 0 0
2922.4 -4056.7 -7.8 209 0 8.1 9.4 5.0 2.5 2 1 2 4 4
3383.4 -3423.8 -4.9 200 0 8.6 5.8 5.0 2.5 2 0 2 0 0
3401.2 -3413.6 -4.7 206 0 8.2 11.9 2.5 2.5 2 1 1 1 1
3140.1 -3717.6 -8.1 302 0 10.2 20.7 10.0 2.5 2 1 4 2 2
3344.9 -3937.2 -2.2 118 0 3.4 6.4 5.0 2.5 2 1 2 2 2
3759.8 -2582.1 -4.8 31 0 13.0 15.9 2.5 2.5 2 1 1 5 5
178.1 -143.9 -5.9 125 0 9.2 7.1 7.5 2.5 2 0 3 4 4
