-6523.0 -4692.5 3.2 296 0 68.0 19.1 5.0 2.5 2 0 2 0 0
-6604.8 -4709.5 3.1 24 0 16.8 32.6 10.0 2.5 2 1 4 5 5
-6297.3 -4836.5 3.4 127 0 25.7 76.5 7.5 0.0 0 1 3 5 5
-6368.5 -3873.4 3.5 107 0 74.1 10.3 5.0 2.5 2 0 2 3 3
-6453.0 -3849.0 3.7 110 0 23.4 11.2 2.5 2.5 2 0 1 3 3
-6892.9 -4591.3 3.9 294 0 4.8 11.3 2.5 2.5 2 1 1 5 5
-6697.8 -4572.9 3.0 30 0 15.3 13.8 7.5 2.5 2 0 3 4 4
-6819.0 -4673.0 3.8 206 0 12.1 11.5 2.5 0.0 0 0 1 0 0
-6788.1 -4680.7 3.4 205 0 33.2 29.3 2.5 0.0 0 0 1 4 4
-6487.3 -4752.4 3.0 34 0 72.6 9.2 7.5 2.5 2 0 3 1 1
-6891.2 -4569.1 4.0 297 0 9.2 12.1 5.0 2.5 2 1 2 3 3
-6794.2 -4622.1 3.6 207 0 13.0 10.8 5.0 2.5 2 0 2 1 1
-5187.5 -5741.9 5.0 110 0 21.8 11.8 10.0 2.5 2 0 4 3 3
-5132.8 -5840.5 3.3 108 0 26.2 18.1 10.0 2.5 2 0 4 2 2
-5234.6 -5761.2 5.1 14 0 13.0 8.6 5.0 2.5 4 0 2 5 5
-6864.8 -5349.2 0.9 227 0 15.7 91.5 10.0 2.5 2 1 4 2 2
-6770.1 -5321.7 2.4 128 0 9.8 28.5 5.0 2.5 2 1 2 4 4
-6765.6 -5341.4 2.0 308 0 23.2 19.8 7.5 2.5 2 0 3 4 4
-6778.6 -5539.5 -1.4 18 0 114.6 12.3 10.0 2.5 2 0 4 5 5
-6740.4 -4998.4 2.2 317 0 68.4 13.5 10.0 2.5 2 0 4 3 3
-6800.0 -5510.8 -0.9 18 0 100.6 12.7 17.5 0.0 0 0 7 4 4
-6785.1 -5293.3 2.1 37 0 16.5 10.1 5.0 2.5 2 0 2 2 2
-6772.1 -5424.2 1.0 195 0 11.0 9.8 5.0 0.0 0 0 2 5 5
-6836.3 -5569.1 -1.3 198 0 13.7 6.0 8.0 2.5 2 0 2 3 3
-3672.6 1504.5 9.4 148 0 14.6 10.5 7.5 2.5 2 0 3 5 5
-5658.4 -3449.1 8.1 142 0 6.6 5.8 5.0 2.5 2 0 2 0 0
-6491.3 -3041.6 6.6 174 0 36.7 11.8 5.0 2.5 2 0 2 0 0
-6882.3 -3822.4 5.2 204 0 9.9 13.9 10.5 3.5 2 1 3 5 5
-6099.4 -3808.1 6.7 202 0 3.6 4.6 3.5 3.5 2 1 1 4 4
-6644.0 -3833.9 5.0 295 0 22.7 6.9 10.5 3.5 2 0 3 2 2
-6463.6 -3965.2 4.2 287 0 22.8 8.7 10.5 3.5 4 0 3 1 1
-6352.3 -4026.3 4.0 295 0 4.5 41.5 3.5 3.5 2 0 1 2 2
-6574.9 -3909.4 4.9 109 0 12.2 12.3 10.5 3.5 2 0 3 5 5
-6445.9 -4335.6 3.4 118 0 77.3 13.8 10.5 3.5 4 0 3 1 1
-6462.8 -3932.0 4.0 285 0 14.8 6.1 3.5 3.5 2 0 1 5 5
-6805.6 -3831.6 5.0 19 0 28.6 11.4 10.5 3.5 2 0 3 3 3
-6648.8 -3880.4 4.9 101 0 39.0 12.1 10.5 3.5 2 0 3 5 5
-6183.6 -3819.6 5.8 198 0 13.3 6.8 3.5 3.5 2 0 1 2 2
-5883.5 -3598.0 8.5 8 0 10.5 11.4 3.5 3.5 4 1 1 0 0
-6606.1 -3895.0 4.9 107 0 7.1 5.8 10.5 3.5 2 0 3 1 1
-6766.1 -3976.7 4.6 28 0 9.3 10.3 10.5 3.5 2 1 3 3 3
-6324.1 -4011.7 3.9 288 0 5.3 6.4 3.5 3.5 2 0 1 0 0
-6172.4 -3825.2 5.7 197 0 10.1 18.8 5.2 3.5 2 1 2 0 0
-6008.7 -3582.5 9.6 279 0 13.9 10.7 10.5 3.5 2 0 3 0 0
-6772.7 -3991.8 4.6 26 0 8.5 9.3 10.5 0.0 0 1 3 5 5
-6045.6 -4073.1 5.2 217 0 23.5 20.0 10.5 3.5 2 0 3 3 3
-6037.1 -3761.3 7.3 199 0 8.2 10.8 3.5 3.5 2 1 1 4 4
-6959.5 -3743.7 5.6 292 0 38.5 8.3 7.5 2.5 2 0 3 3 3
-6714.1 -3862.6 4.9 110 0 7.2 15.4 10.5 0.0 0 1 3 5 5
-6079.6 -4111.7 5.0 209 0 12.6 16.7 7.0 3.5 2 0 2 2 2
-5908.6 -3841.6 5.0 199 0 49.3 9.7 10.5 3.5 2 0 3 5 5
-6846.8 -4090.1 4.4 208 0 11.8 25.4 10.5 3.5 2 1 3 3 3
-6007.9 -3653.0 8.1 200 0 12.6 50.9 17.5 3.5 2 1 5 1 1
-6324.7 -4027.9 4.1 289 0 3.8 26.5 3.5 3.5 2 0 1 1 1
-6807.8 -4069.6 4.4 27 0 26.9 12.9 14.0 3.5 2 0 4 2 2
-6825.0 -3761.9 4.4 293 0 19.8 28.2 10.5 3.5 4 1 3 1 1
-6309.8 -4060.6 4.4 23 0 8.1 4.0 3.5 3.5 2 0 1 5 5
-6343.4 -4100.9 3.9 296 0 7.9 41.5 3.5 3.5 2 0 1 1 1
-6121.8 -3673.4 9.1 12 0 47.1 36.1 3.5 0.0 0 0 1 1 1
-6021.0 -3684.7 7.7 204 0 12.6 50.9 17.5 3.5 2 1 5 3 3
-6772.7 -3891.6 4.7 206 0 8.1 8.0 10.5 3.5 2 0 3 1 1
-6093.5 -3828.6 6.4 110 0 8.1 12.8 3.5 3.5 2 1 1 4 4
-6360.9 -4143.5 3.7 297 0 11.5 7.4 3.5 3.5 2 0 1 0 0
-6028.7 -3615.0 8.8 288 0 12.8 64.7 17.5 3.5 2 1 5 3 3
-6725.9 -3805.3 5.0 287 0 33.1 10.1 10.5 3.5 2 0 3 4 4
-6334.8 -4091.9 4.0 26 0 23.8 14.4 3.5 3.5 2 0 1 1 1
-6733.0 -3892.8 4.7 296 0 7.6 10.9 10.5 3.5 4 1 3 1 1
-5984.4 -3815.4 5.9 199 0 55.9 10.8 17.5 0.0 0 0 5 1 1
-6541.0 -3897.2 4.7 109 0 5.7 6.2 3.5 3.5 2 1 1 0 0
-6725.0 -3863.8 4.9 110 0 7.2 15.4 10.5 3.5 2 1 3 5 5
-6033.8 -3716.6 8.0 19 0 10.5 31.8 17.5 3.5 2 1 5 1 1
-6326.0 -4073.5 4.1 26 0 16.9 24.7 3.5 3.5 2 0 1 1 1
-6311.0 -3796.6 5.1 287 0 26.6 13.7 10.5 3.5 2 0 3 2 2
-6326.1 -4017.7 4.0 288 0 5.3 9.2 3.5 3.5 2 0 1 3 3
-6585.8 -3905.6 4.9 109 0 10.9 12.3 10.5 3.5 2 0 3 3 3
-5991.7 -3585.2 9.5 280 0 11.8 8.3 5.2 0.0 0 0 2 5 5
-5998.8 -3784.8 6.5 18 0 44.9 24.7 7.0 0.0 0 0 2 4 4
-6789.4 -4034.0 4.5 28 0 26.6 12.8 14.0 3.5 2 0 4 0 0
-6075.4 -3746.2 7.6 289 0 22.0 17.8 14.0 3.5 2 0 4 5 5
-6087.6 -4140.2 4.9 119 0 14.0 22.5 3.5 3.5 2 0 1 1 1
-5930.0 -3797.2 5.6 288 0 9.7 49.3 10.5 3.5 2 1 3 0 0
-6735.0 -3854.5 4.9 108 0 9.0 16.0 10.5 3.5 2 1 3 2 2
-6267.6 -3803.5 5.7 108 0 4.8 7.5 3.5 3.5 2 1 1 0 0
-6798.9 -3931.4 4.7 208 0 8.5 8.6 10.5 0.0 0 1 3 3 3
-5998.1 -3620.2 8.4 200 0 12.6 52.8 17.5 3.5 2 1 5 0 0
-6316.4 -3795.0 5.1 287 0 9.5 13.7 7.0 3.5 2 0 2 2 2
-6335.4 -4008.7 3.8 287 0 12.4 12.0 3.5 3.5 2 0 1 0 0
-6480.0 -3895.6 4.1 292 0 8.7 8.5 4.0 0.0 0 0 1 2 2
-6054.9 -3810.1 6.4 18 0 56.4 10.1 14.0 3.5 2 0 4 0 0
-6027.4 -3721.1 7.8 199 0 8.7 12.1 3.5 3.5 2 1 1 4 4
-6495.3 -3886.4 4.3 19 0 13.1 33.0 3.5 3.5 2 1 1 1 1
-6344.4 -4005.8 3.8 288 0 6.5 22.0 3.5 3.5 2 0 1 3 3
-6478.8 -3886.5 4.0 287 0 17.8 6.6 4.0 3.5 4 0 1 3 3
-6837.8 -4127.7 4.6 28 0 9.8 26.9 10.5 0.0 0 1 3 5 5
-6069.3 -3626.4 9.5 0 0 23.5 13.3 7.0 3.5 2 0 2 0 0
-5983.0 -3733.1 7.4 18 0 11.4 32.4 17.5 3.5 2 1 5 0 0
-5961.9 -3505.1 9.0 336 0 10.4 11.3 3.5 3.5 2 1 1 0 0
-5956.2 -3543.2 9.4 344 0 7.6 6.2 3.5 3.5 2 0 1 2 2
-5948.9 -3561.0 9.5 86 0 10.3 9.7 5.2 3.5 2 0 2 0 0
-6047.5 -3495.6 9.0 156 0 5.9 15.0 5.2 3.5 2 0 2 5 5
-5952.9 -3590.9 9.0 276 0 9.3 10.8 7.0 3.5 4 1 2 4 4
-6035.6 -3485.5 8.8 156 0 8.0 21.4 5.2 3.5 2 0 2 0 0
-6038.6 -3457.9 8.7 245 0 9.5 11.2 5.2 3.5 4 1 2 0 0
-6017.1 -3504.3 9.0 158 0 4.3 15.0 10.5 3.5 2 1 3 1 1
-6009.5 -3430.6 8.4 244 0 6.1 18.0 7.0 3.5 2 1 2 4 4
-6020.3 -3437.1 8.4 245 0 17.1 9.3 7.0 3.5 2 0 2 0 0
-6028.5 -3503.4 9.0 157 0 12.3 10.7 7.0 3.5 2 0 2 3 3
-5937.6 -3587.1 9.0 287 0 4.4 9.5 3.5 3.5 2 1 1 4 4
-5982.5 -3490.3 8.9 335 0 17.5 4.2 3.5 0.0 0 0 1 4 4
-5986.9 -3560.4 9.5 85 0 21.1 10.2 5.2 3.5 2 0 2 2 2
-6016.6 -3494.5 9.0 156 0 4.7 3.6 3.5 3.5 2 0 1 3 3
-6009.6 -3531.0 9.3 176 0 8.6 4.1 3.5 3.5 4 0 1 3 3
-5969.8 -3493.4 9.0 336 0 4.6 9.1 3.5 3.5 2 0 1 2 2
-5966.7 -3489.5 8.9 246 0 8.8 6.1 10.5 3.5 2 0 3 4 4
-6056.1 -3470.5 8.7 156 0 11.2 12.5 3.5 3.5 2 1 1 3 3
-5941.1 -3544.4 9.4 332 0 10.3 9.7 10.5 3.5 2 0 3 2 2
-5960.5 -3592.0 9.0 284 0 4.2 14.5 5.2 3.5 2 1 2 2 2
-5992.2 -3474.3 8.8 246 0 5.0 6.7 3.5 3.5 2 1 1 5 5
-5975.9 -3464.3 8.7 335 0 3.6 9.3 3.5 3.5 2 1 1 2 2
-5993.7 -3460.3 8.5 64 0 15.0 8.9 7.0 3.5 2 0 2 2 2
-6112.3 -3076.4 6.5 335 0 26.2 61.4 12.5 0.0 0 1 5 1 1
-6160.2 -3294.2 8.1 332 0 36.7 24.4 7.5 0.0 0 0 3 2 2
-6061.5 -3322.6 7.7 63 0 15.9 10.1 5.0 2.5 2 0 2 5 5
-5972.2 -3404.3 8.0 245 0 13.2 12.4 7.5 2.5 2 0 3 3 3
-6102.0 -3335.9 8.0 153 0 11.2 14.0 5.0 2.5 2 1 2 3 3
6399.2 -717.9 -13.3 273 0 10.3 6.3 2.5 2.5 2 0 1 4 4
5883.8 -946.9 -11.0 250 0 13.5 11.3 7.5 2.5 2 0 3 0 0
6148.5 -826.5 -12.7 70 0 13.0 9.4 5.0 0.0 0 0 2 2 2
6314.0 -740.0 -12.1 63 0 14.6 7.8 5.0 2.5 2 0 2 2 2
6361.0 -798.3 -13.5 341 0 13.0 9.5 7.5 2.5 2 0 3 0 0
6266.6 -748.1 -11.9 70 0 8.2 28.5 7.5 2.5 2 1 3 0 0
6326.8 -762.9 -12.8 244 0 6.0 14.0 2.5 2.5 2 1 1 3 3
6220.4 -771.6 -12.0 70 0 14.6 11.8 5.0 2.5 2 0 2 5 5
6341.8 -719.2 -12.3 71 0 16.4 9.2 5.0 2.5 2 0 2 3 3
6185.2 -726.9 -11.1 160 0 17.5 35.6 7.5 2.5 2 1 3 5 5
5905.2 -960.0 -11.0 339 0 16.9 6.1 5.0 2.5 2 0 2 1 1
6456.8 -695.6 -13.2 95 0 7.1 18.8 5.0 2.5 2 1 2 0 0
6319.8 -712.9 -11.9 70 0 5.9 32.5 2.5 2.5 2 1 1 4 4
6330.4 -749.9 -12.5 239 0 15.6 9.2 5.0 2.5 2 0 2 0 0
6098.3 -817.6 -12.3 160 0 15.5 10.3 7.5 2.5 2 0 3 4 4
6239.1 -760.8 -11.9 70 0 7.7 35.1 5.0 2.5 2 1 2 2 2
6333.4 -680.0 -12.1 342 0 8.0 13.6 7.5 2.5 2 1 3 5 5
6163.8 -806.5 -12.7 70 0 20.2 8.4 5.0 2.5 2 0 2 1 1
6390.3 -725.2 -13.1 278 0 5.6 10.9 5.0 2.5 2 1 2 2 2
6088.5 -798.3 -12.1 250 0 5.3 13.8 7.5 2.5 2 1 3 3 3
5894.8 -986.3 -11.0 67 0 11.0 12.8 5.0 2.5 2 0 2 4 4
6334.9 -816.9 -13.6 69 0 5.1 4.4 7.5 2.5 2 0 3 5 5
5882.2 -980.8 -11.0 67 0 7.9 20.1 2.5 2.5 2 0 1 5 5
6338.3 -812.0 -13.5 69 0 4.7 14.2 2.5 2.5 2 0 1 3 3
-6549.0 -3319.6 8.3 87 0 50.1 16.4 7.5 2.5 2 0 3 4 4
6086.4 4089.6 -12.6 148 0 10.5 20.2 2.5 2.5 2 1 1 3 3
2883.1 1972.7 -6.8 237 0 8.5 13.3 5.0 2.5 2 0 2 5 5
-3355.2 -1635.0 -5.5 230 0 15.8 27.2 12.5 0.0 0 1 5 1 1
2287.9 -6565.8 0.1 106 0 26.1 13.2 10.0 2.5 2 0 4 0 0
2212.8 -6538.7 -0.0 107 0 30.5 9.7 7.5 2.5 4 0 3 5 5
2232.8 -6499.0 -0.3 288 0 24.3 14.2 2.5 2.5 2 0 1 2 2
-2108.1 -5373.2 4.8 198 0 14.6 21.0 10.0 2.5 2 1 4 0 0
2319.3 -6119.0 -2.8 332 0 29.0 29.8 12.5 0.0 0 1 5 5 5
6644.5 -6753.8 -17.6 91 0 12.8 28.1 10.0 2.5 4 1 4 2 2
-6495.5 -4685.9 3.3 119 0 8.5 12.4 5.0 2.5 2 1 2 0 0
-5344.0 -4089.1 3.0 270 0 22.1 37.9 12.5 0.0 0 1 5 5 5
-6134.8 -4069.3 3.6 288 0 14.2 17.1 14.0 3.5 2 1 4 2 2
-6114.6 -4157.4 4.8 297 0 15.5 26.2 7.0 3.5 2 1 2 5 5
-6572.8 -3189.6 7.2 264 0 83.9 16.2 12.5 0.0 0 0 5 3 3
-6432.7 -2775.6 2.5 333 0 76.5 12.6 10.0 2.5 2 0 4 1 1
-6157.7 -3038.7 6.7 244 0 48.8 17.3 2.5 2.5 2 0 1 4 4
-6122.8 -3032.4 6.4 155 0 19.6 45.0 2.5 2.5 2 0 1 3 3
-6063.7 -3009.4 6.2 335 0 44.0 11.2 7.5 2.5 2 0 3 3 3
-6177.9 -2933.6 5.4 150 0 20.1 48.1 12.5 2.5 2 1 5 5 5
-6085.8 -2987.4 5.8 66 0 14.7 53.7 10.0 2.5 2 1 4 4 4
-6120.7 -2638.5 0.1 56 0 47.8 58.8 12.5 0.0 0 1 5 0 0
-6291.4 -2680.9 0.8 148 0 26.9 28.6 10.0 0.0 0 1 4 2 2
-5973.7 -2711.1 1.6 147 0 29.4 16.4 7.5 2.5 2 0 3 3 3
-5676.0 -2270.7 -2.8 57 0 37.5 65.4 12.5 0.0 0 1 5 3 3
-5955.7 -2564.4 4.6 57 0 163.5 169.0 10.0 0.0 0 0 4 5 5
-6072.7 -2417.6 4.2 147 0 35.8 99.3 12.5 0.0 0 0 5 5 5
-5687.0 -2153.9 -2.8 237 0 57.4 63.3 10.0 0.0 0 0 4 0 0
-5197.9 -5771.7 5.0 10 0 10.6 10.5 7.0 2.5 2 0 2 5 5
-6940.4 -5490.6 -2.0 47 0 19.4 103.2 2.5 0.0 0 1 1 3 3
-5094.0 -5819.8 3.0 289 0 13.8 36.8 10.0 2.5 4 0 4 2 2
-5170.5 -5785.0 5.0 103 0 18.0 6.6 2.5 2.5 2 0 1 4 4
-6074.1 -6687.9 1.4 148 0 20.9 20.9 7.5 2.5 2 0 3 1 1
-6638.1 -3741.6 4.7 109 0 43.4 15.0 10.5 3.5 2 0 3 5 5
-4213.6 -2949.1 0.6 132 0 21.0 21.0 7.5 2.5 4 1 3 1 1
-4310.6 -2936.4 0.8 312 0 6.9 18.6 2.5 2.5 2 1 1 4 4
-4232.9 -2996.6 1.2 41 0 22.3 16.0 10.0 2.5 2 0 4 4 4
-4189.8 -2511.7 -2.0 309 0 16.0 63.2 10.0 2.5 2 1 4 5 5
-4176.6 -2601.6 -2.0 46 0 14.7 45.9 10.0 2.5 2 1 4 4 4
-3112.6 -123.8 -1.4 360 0 13.4 11.5 5.0 2.5 4 0 2 0 0
-3141.8 -124.2 -1.4 255 0 14.8 16.6 2.5 0.0 0 1 1 1 1
-3013.0 -93.8 -2.3 74 0 39.9 20.5 5.0 0.0 0 0 2 3 3
-6489.6 -3836.4 4.2 81 0 6.3 10.7 7.5 0.0 0 1 3 0 0
-5644.5 -4116.0 2.9 118 0 7.6 5.2 2.5 2.5 2 0 1 2 2
2050.1 -6495.3 0.2 286 0 12.0 8.6 5.0 2.5 2 0 2 5 5
2365.2 -6559.9 0.0 109 0 7.3 4.8 5.0 2.5 2 0 2 4 4
-4654.1 -5815.4 2.4 21 0 6.2 5.3 5.0 2.5 2 0 2 3 3
-2216.1 -975.1 -4.2 53 0 6.9 8.0 5.0 2.5 2 1 2 1 1
2897.2 1976.1 -6.6 237 0 19.0 8.6 7.5 2.5 2 0 3 3 3
2423.4 -6819.6 -3.0 353 0 39.6 32.3 7.5 0.0 0 0 3 0 0
2406.4 -6864.6 -3.5 263 0 16.3 25.9 10.0 2.5 2 1 4 3 3
2419.4 -6949.5 -3.2 172 0 15.4 21.2 5.0 2.5 2 1 2 5 5
2199.8 -8223.9 2.4 280 0 21.5 24.0 10.0 2.5 2 1 4 4 4
2315.7 -6509.6 -0.3 107 0 40.8 16.1 7.5 2.5 2 0 3 1 1
-2205.1 -7673.3 10.5 188 0 12.0 14.4 5.0 2.5 2 1 2 1 1
-4172.0 -5102.2 8.9 119 0 14.4 14.5 5.0 2.5 2 1 2 1 1
-6527.4 -2283.5 -3.0 339 0 6.9 24.9 2.5 2.5 4 1 1 1 1
-6551.5 -2314.0 -3.0 78 0 13.8 16.3 7.5 2.5 2 1 3 5 5
-6490.6 -2235.5 -2.9 57 0 11.9 13.6 5.0 2.5 2 1 2 5 5
-6597.7 -2086.4 -1.5 69 0 20.2 11.3 2.5 2.5 2 0 1 0 0
-5683.6 -5553.1 4.6 17 0 10.9 15.7 2.5 2.5 2 1 1 0 0
-5721.5 -5550.5 4.7 196 0 13.0 18.4 5.0 2.5 4 1 2 3 3
-5618.6 -5326.2 3.6 287 0 14.8 18.5 7.5 2.5 2 1 3 5 5
-5602.2 -5285.7 3.6 290 0 16.5 10.6 5.0 2.5 2 0 2 0 0
-5527.1 -5353.7 3.0 198 0 13.7 10.4 2.5 2.5 4 0 1 1 1
-6551.6 -5038.8 2.7 136 0 43.6 16.0 7.5 2.5 2 0 3 2 2
2570.5 -6302.6 -5.4 288 0 12.0 10.9 10.0 2.5 2 0 4 3 3
2395.1 -6276.4 -3.4 15 0 17.0 28.6 10.0 2.5 4 1 4 2 2
2360.6 -6249.5 -3.0 288 0 17.3 71.0 7.5 2.5 2 1 3 1 1
2718.8 1820.5 -3.7 322 0 7.2 5.5 2.5 2.5 2 0 1 5 5
2716.0 1801.5 -3.3 49 0 6.7 13.8 5.0 2.5 2 1 2 2 2
2689.7 1831.9 -5.0 234 0 6.9 6.6 7.5 2.5 2 0 3 5 5
-5612.3 -5660.9 4.1 196 0 5.4 7.6 7.5 2.5 2 1 3 3 3
-5598.6 -5650.9 4.1 199 0 8.6 5.4 7.5 2.5 2 0 3 5 5
-5605.2 -5634.4 4.1 197 0 9.9 10.0 5.0 2.5 2 1 2 0 0
-5567.4 -5639.7 4.0 287 0 12.9 6.4 2.5 0.0 0 0 1 5 5
-5561.3 -5676.1 3.9 18 0 15.7 12.2 5.0 2.5 2 0 2 1 1
-5557.6 -5650.1 3.9 17 0 8.1 5.9 2.5 2.5 2 0 1 4 4
-5573.2 -5693.8 3.8 17 0 13.4 11.2 2.5 2.5 2 0 1 5 5
-5587.0 -5701.2 3.9 18 0 6.3 12.2 5.0 2.5 2 1 2 5 5
-5586.1 -5735.2 3.7 17 0 11.6 18.1 10.0 2.5 2 1 4 3 3
-5592.6 -5758.0 3.6 18 0 11.1 9.6 2.5 2.5 2 0 1 0 0
-5624.9 -5719.9 3.9 197 0 16.3 12.4 5.0 2.5 2 0 2 5 5
-5634.0 -5747.7 3.6 196 0 9.4 11.4 5.0 2.5 2 1 2 2 2
-5645.8 -5793.1 3.6 196 0 17.7 11.8 5.0 2.5 2 0 2 1 1
-5658.4 -5822.6 3.6 197 0 15.2 9.6 2.5 2.5 2 0 1 4 4
-5667.8 -5856.3 3.5 196 0 16.0 10.2 2.5 2.5 4 0 1 4 4
-5673.7 -5880.9 3.4 197 0 17.4 12.1 5.0 2.5 2 0 2 0 0
-5701.7 -5963.9 3.5 199 0 18.3 16.2 7.5 2.5 2 0 3 5 5
-5707.5 -5987.8 3.5 196 0 15.0 13.7 2.5 2.5 2 0 1 2 2
-5719.7 -6023.5 3.5 198 0 16.5 14.1 5.0 2.5 4 0 2 3 3
-5731.8 -6099.0 3.1 107 0 7.8 10.9 5.0 2.5 2 1 2 5 5
-5610.1 -5802.1 3.6 17 0 16.8 13.7 5.0 2.5 4 0 2 5 5
-5639.5 -5893.8 3.4 17 0 14.0 11.3 2.5 2.5 2 0 1 5 5
-5667.4 -5994.4 3.3 16 0 20.0 16.1 10.0 2.5 2 0 4 5 5
-5686.5 -6034.1 3.4 16 0 17.1 10.2 5.0 2.5 2 0 2 3 3
-5667.5 -6106.8 2.9 198 0 8.9 10.0 2.5 2.5 2 1 1 5 5
-5791.2 -6066.8 3.5 121 0 4.7 6.0 5.0 2.5 2 1 2 5 5
-5770.9 -6052.6 3.6 16 0 10.9 12.8 2.5 2.5 2 1 1 4 4
-5771.6 -6032.8 3.8 106 0 10.6 12.9 5.0 2.5 2 1 2 3 3
-5715.0 -5888.1 3.0 17 0 10.9 7.1 5.0 2.5 2 0 2 1 1
-5730.9 -5848.7 3.0 198 0 11.3 14.3 5.0 2.5 2 0 2 1 1
-5706.7 -5839.2 3.3 17 0 15.9 7.4 7.5 2.5 2 0 3 2 2
-5722.1 -5819.6 3.3 198 0 10.4 12.2 5.0 2.5 2 0 2 0 0
-5700.3 -5824.9 3.4 18 0 7.0 10.2 5.0 2.5 2 0 2 2 2
-5696.8 -5820.1 3.4 16 0 4.3 11.1 5.0 2.5 2 0 2 0 0
-5712.8 -5802.7 3.4 197 0 13.9 10.2 2.5 2.5 4 0 1 0 0
-5685.8 -5793.0 3.5 17 0 6.6 12.0 7.5 0.0 0 1 3 0 0
-5679.6 -5772.7 3.5 17 0 7.7 5.1 5.0 2.5 4 0 2 2 2
-5708.6 -5771.2 3.4 196 0 6.8 6.9 5.0 2.5 2 1 2 5 5
-5695.9 -5736.6 3.7 196 0 13.6 10.1 2.5 2.5 2 0 1 4 4
-5673.4 -5726.5 4.0 17 0 8.4 16.8 2.5 2.5 4 1 1 1 1
-5663.7 -5720.9 4.1 17 0 5.3 8.7 5.0 2.5 2 1 2 5 5
-5664.1 -5706.2 4.2 18 0 8.2 12.4 5.0 2.5 2 0 2 0 0
-5636.1 -5631.5 4.3 197 0 14.5 7.5 2.5 2.5 2 0 1 4 4
-5628.2 -5662.1 4.2 17 0 13.8 10.2 5.0 2.5 2 0 2 2 2
-5633.0 -5684.6 4.1 18 0 11.8 11.1 5.0 0.0 0 0 2 1 1
-5657.1 -5707.8 4.0 198 0 11.3 16.6 5.0 0.0 0 1 2 2 2
-5758.0 -5935.9 2.7 195 0 11.4 10.5 2.5 2.5 2 0 1 3 3
-5807.6 -6034.1 3.5 17 0 12.6 10.1 5.0 0.0 0 0 2 4 4
-5826.6 -6014.2 3.2 193 0 11.0 10.9 5.0 2.5 2 0 2 5 5
-5801.7 -6003.9 3.2 17 0 12.1 10.5 2.5 2.5 2 0 1 0 0
-5785.3 -5955.8 2.3 15 0 11.0 13.5 5.0 2.5 2 1 2 2 2
-5805.7 -5945.4 2.1 196 0 11.2 5.5 5.0 0.0 0 0 2 0 0
-5785.8 -5878.9 2.3 196 0 12.0 10.5 5.0 2.5 2 0 2 4 4
-5764.4 -5890.8 2.4 14 0 11.8 13.3 5.0 0.0 0 0 2 4 4
-5753.5 -5858.8 2.6 19 0 11.1 11.7 5.0 2.5 2 1 2 1 1
-5743.4 -5831.1 2.9 18 0 12.6 11.3 5.0 2.5 4 0 2 3 3
-5769.4 -5817.0 2.8 198 0 10.7 7.1 7.5 2.5 2 0 3 3 3
-5760.4 -5787.7 3.1 197 0 8.7 6.2 5.0 2.5 2 0 2 2 2
-5735.7 -5801.4 3.2 18 0 11.7 11.0 5.0 2.5 2 0 2 2 2
-5751.7 -5759.6 3.4 198 0 12.8 7.1 5.0 2.5 2 0 2 5 5
-5725.9 -5771.9 3.4 18 0 11.2 10.1 5.0 2.5 2 0 2 1 1
-5741.0 -5735.0 3.7 197 0 14.9 5.1 2.5 2.5 2 0 1 4 4
-5715.6 -5742.1 3.7 17 0 12.9 10.8 5.0 2.5 2 0 2 5 5
-5712.5 -5725.1 4.0 17 0 10.6 11.7 5.0 2.5 2 1 2 4 4
-5727.8 -5699.3 4.3 196 0 16.9 13.4 5.0 0.0 0 0 2 4 4
-5692.8 -5661.3 4.5 18 0 9.5 9.5 2.5 2.5 2 0 1 1 1
-5728.9 -5603.9 4.8 107 0 14.3 11.8 5.0 2.5 2 0 2 0 0
-5754.8 -5579.0 4.8 287 0 11.2 10.6 7.5 0.0 0 0 3 3 3
-5664.9 -5782.1 3.5 16 0 7.2 9.1 5.0 2.5 2 1 2 0 0
-5672.7 -5796.9 3.5 17 0 8.1 4.4 5.0 2.5 4 0 2 4 4
-5726.7 -5942.6 3.3 196 0 6.7 10.1 2.5 2.5 2 1 1 3 3
-5735.1 -5970.9 3.4 196 0 11.2 8.1 5.0 2.5 2 0 2 2 2
-5732.1 -6002.7 3.8 16 0 11.6 9.3 2.5 2.5 2 0 1 1 1
-5663.9 -6044.3 3.1 199 0 17.6 8.4 7.5 2.5 2 0 3 2 2
-5655.0 -6015.2 3.1 198 0 23.3 8.1 5.0 2.5 2 0 2 1 1
-5640.7 -5969.1 3.0 196 0 26.1 9.2 2.5 0.0 0 0 1 3 3
-5626.7 -6037.7 2.9 47 0 13.5 18.0 2.5 2.5 2 1 1 5 5
-5635.8 -6053.7 3.0 18 0 17.3 13.9 2.5 2.5 2 0 1 3 3
-5616.7 -5991.0 2.9 17 0 16.1 10.9 5.0 2.5 2 0 2 1 1
-5604.4 -5953.9 3.1 17 0 11.0 13.4 5.0 2.5 2 1 2 4 4
-5594.4 -5919.0 3.5 16 0 14.2 14.5 5.0 2.5 2 1 2 2 2
-5630.6 -6139.5 2.6 106 0 9.1 17.3 5.0 0.0 0 1 2 1 1
-5619.4 -6089.7 2.7 196 0 12.6 11.0 5.0 2.5 2 0 2 5 5
-5608.4 -6055.2 2.7 197 0 14.3 9.6 5.0 2.5 2 0 2 5 5
-5595.5 -6017.9 2.7 198 0 11.2 12.6 5.0 2.5 2 1 2 5 5
-5590.8 -5988.1 2.8 193 0 14.0 12.8 5.0 0.0 0 0 2 0 0
-5582.9 -5962.4 3.1 194 0 10.2 14.2 5.0 0.0 0 1 2 4 4
-5558.4 -5932.1 3.5 17 0 15.7 15.1 2.5 2.5 2 0 1 2 2
-5528.8 -5933.6 3.5 284 0 11.3 10.3 5.0 2.5 2 0 2 2 2
-5552.0 -5980.6 2.9 196 0 11.1 18.4 7.5 2.5 2 1 3 4 4
-5562.5 -6054.2 2.6 15 0 15.9 15.0 2.5 2.5 2 0 1 5 5
-5489.1 -5965.6 3.3 106 0 13.4 13.7 2.5 2.5 2 1 1 0 0
-5497.3 -5994.0 2.8 289 0 10.8 12.7 5.0 2.5 2 1 2 2 2
-5511.6 -6035.1 2.4 107 0 17.3 8.9 2.5 2.5 4 0 1 5 5
-5528.4 -6025.5 2.5 106 0 7.2 14.8 5.0 2.5 2 1 2 4 4
-5532.3 -6092.4 2.4 284 0 5.2 5.0 5.0 2.5 2 0 2 3 3
-5540.3 -6212.3 3.4 124 0 10.9 6.6 2.5 2.5 2 0 1 5 5
-5524.8 -6211.6 3.3 106 0 14.0 17.8 5.0 2.5 2 1 2 1 1
-5504.2 -6175.9 2.8 15 0 14.7 15.9 5.0 2.5 2 1 2 3 3
-5492.1 -6096.5 2.1 109 0 17.5 10.0 2.5 2.5 2 0 1 2 2
-5495.5 -6079.3 2.1 198 0 10.5 17.5 5.0 2.5 2 0 2 5 5
-5482.3 -6037.2 2.4 199 0 14.5 10.8 5.0 2.5 2 0 2 3 3
-5476.1 -6016.7 2.6 195 0 9.0 12.8 5.0 2.5 2 1 2 0 0
-5425.1 -6001.3 2.9 16 0 10.1 10.8 5.0 2.5 4 1 2 2 2
-5557.5 -6266.0 3.1 55 0 12.2 9.1 7.5 2.5 2 0 3 1 1
-5540.4 -6248.8 3.3 144 0 10.5 9.8 5.0 2.5 2 0 2 5 5
-5517.8 -6262.2 3.0 56 0 14.6 10.7 5.0 2.5 2 0 2 1 1
-5562.5 -6393.7 2.7 144 0 11.1 14.2 5.0 0.0 0 1 2 5 5
-5531.2 -6383.5 2.4 323 0 13.2 13.2 2.5 2.5 2 0 1 1 1
-5429.2 -6309.6 2.8 56 0 13.4 15.6 5.0 2.5 2 1 2 5 5
-5479.0 -6196.8 2.9 285 0 11.1 17.8 5.0 2.5 4 1 2 5 5
-5484.6 -6236.4 2.8 106 0 7.9 6.5 5.0 2.5 4 0 2 0 0
-5429.5 -6169.3 2.2 16 0 13.4 12.4 5.0 2.5 2 0 2 1 1
-5441.7 -6152.2 2.0 197 0 8.3 8.5 7.5 0.0 0 1 3 3 3
-5416.6 -6127.4 1.8 16 0 17.1 11.0 7.5 2.5 2 0 3 5 5
-5443.6 -6076.7 2.0 105 0 8.1 5.3 5.0 2.5 2 0 2 3 3
-5419.4 -6045.7 2.3 287 0 5.2 7.1 5.0 2.5 2 1 2 2 2
-5420.0 -6062.2 2.2 107 0 6.9 4.1 5.0 0.0 0 0 2 5 5
-5399.3 -6084.7 1.9 197 0 12.1 6.7 5.0 2.5 2 0 2 1 1
-6072.3 -7762.1 4.9 187 0 9.8 12.4 5.0 2.5 2 1 2 0 0
-6048.5 -7975.1 6.5 106 0 10.9 11.4 7.5 2.5 2 1 3 4 4
-6044.5 -7925.8 6.6 287 0 17.4 14.8 10.0 2.5 2 0 4 3 3
-6287.1 -8358.9 2.9 356 0 12.5 10.7 5.0 2.5 4 0 2 2 2
-6279.5 -8348.1 3.5 175 0 6.9 19.7 5.0 2.5 4 1 2 3 3
-6133.2 -7951.7 7.0 104 0 11.2 25.2 15.0 0.0 0 1 6 5 5
-6104.1 -7982.3 6.8 198 0 11.8 5.2 5.0 2.5 2 0 2 3 3
-6089.8 -7950.6 6.8 2 0 8.1 12.4 5.0 2.5 2 0 2 2 2
-6112.4 -7961.3 6.9 18 0 3.9 11.0 2.5 2.5 2 1 1 3 3
-6105.6 -7950.5 6.9 182 0 6.4 3.4 2.5 2.5 2 0 1 3 3
-6108.7 -7940.4 6.9 19 0 6.0 10.2 7.5 2.5 2 1 3 0 0
-6120.8 -7921.1 7.0 290 0 13.3 4.2 7.5 2.5 2 0 3 4 4
-6135.4 -7826.4 6.6 289 0 13.8 35.8 12.5 2.5 2 1 5 5 5
-6090.2 -7863.2 6.9 5 0 14.5 9.1 5.0 2.5 2 0 2 2 2
-6111.2 -7879.8 6.9 110 0 19.3 6.5 7.5 2.5 2 0 3 2 2
-5895.7 -8110.5 5.3 2 0 14.5 8.3 2.5 2.5 2 0 1 5 5
-5895.2 -8099.2 5.2 185 0 4.5 12.0 2.5 2.5 2 1 1 1 1
-5856.7 -8349.9 4.4 99 0 14.7 10.4 5.0 2.5 2 0 2 5 5
-5852.8 -8318.4 4.3 192 0 8.2 32.0 7.5 2.5 4 1 3 4 4
-5293.6 -8117.3 12.5 112 0 11.4 39.3 7.5 2.5 4 1 3 3 3
-5189.6 -8111.0 13.5 24 0 19.3 72.4 7.5 2.5 2 1 3 0 0
-5187.9 -8106.9 14.2 203 0 17.9 22.8 7.5 2.5 2 1 3 1 1
-5166.5 -8151.2 14.3 111 0 14.6 17.8 10.0 2.5 2 1 4 2 2
-4923.5 -7828.1 10.6 25 0 7.9 13.4 7.5 2.5 2 1 3 4 4
-4953.5 -7836.5 10.6 118 0 10.2 16.5 2.5 2.5 2 1 1 0 0
-5043.6 -7776.5 12.2 116 0 11.5 12.7 5.0 2.5 2 1 2 5 5
-5135.8 -8079.8 14.1 208 0 6.9 9.1 2.5 2.5 2 1 1 2 2
-5103.9 -8083.5 14.1 299 0 5.4 17.5 5.0 0.0 0 1 2 3 3
-5085.9 -8105.3 14.1 26 0 8.7 9.4 5.0 2.5 2 1 2 5 5
-4976.5 -8057.7 13.4 25 0 8.8 9.4 2.5 2.5 2 1 1 1 1
-4792.9 -7624.5 8.9 115 0 10.4 14.2 2.5 2.5 4 1 1 4 4
-4814.1 -7595.0 8.2 293 0 7.8 17.6 7.5 2.5 2 1 3 1 1
-4787.5 -7597.6 8.1 22 0 7.7 20.2 5.0 2.5 2 1 2 3 3
-4988.3 -7437.5 10.0 244 0 10.2 10.1 2.5 2.5 4 0 1 5 5
-4772.9 -7535.3 7.4 293 0 7.8 6.2 5.0 2.5 2 0 2 3 3
-4764.4 -7528.3 7.1 113 0 19.6 16.5 10.0 2.5 2 0 4 2 2
-4775.3 -7451.5 6.4 291 0 11.3 27.6 10.0 2.5 2 1 4 1 1
-4738.7 -7472.5 6.3 292 0 37.2 18.8 7.5 0.0 0 0 3 1 1
-4683.7 -7393.9 5.1 204 0 11.8 10.9 2.5 0.0 0 0 1 1 1
-4657.8 -7370.1 5.1 355 0 13.4 11.6 5.0 2.5 2 0 2 5 5
-4672.6 -7331.7 5.1 261 0 12.8 9.3 5.0 2.5 2 0 2 1 1
-4709.0 -7347.3 4.9 172 0 9.3 6.0 2.5 2.5 2 0 1 5 5
-4847.7 -7305.2 6.0 55 0 13.1 12.3 5.0 2.5 2 0 2 5 5
-4899.5 -7241.1 6.3 241 0 11.2 13.5 5.0 2.5 4 1 2 0 0
-6916.2 -6375.0 -6.6 46 0 13.3 12.9 2.5 2.5 2 0 1 2 2
-6861.9 -6361.7 -6.1 323 0 11.0 10.1 5.0 2.5 2 0 2 5 5
-6842.7 -6335.9 -6.1 235 0 14.7 20.7 7.5 2.5 2 1 3 4 4
-6900.8 -6333.2 -6.9 55 0 11.1 17.4 5.0 2.5 2 1 2 0 0
-6950.3 -6288.4 -7.9 146 0 11.5 15.3 5.0 2.5 2 1 2 5 5
-6506.3 -2963.6 5.1 353 0 73.2 8.3 7.5 2.5 2 0 3 1 1
-6364.0 -3023.4 6.8 353 0 26.3 96.3 7.5 0.0 0 1 3 3 3
-6433.1 -2765.1 1.4 153 0 125.4 14.4 10.0 0.0 0 0 4 3 3
-6379.5 -2737.5 1.6 333 0 39.1 42.0 15.0 0.0 0 1 6 5 5
-5667.2 -4173.2 3.7 105 0 19.0 8.0 5.0 2.5 2 0 2 1 1
-5671.7 -4245.7 5.2 196 0 11.3 12.2 5.0 2.5 2 1 2 0 0
-5654.0 -4260.8 5.3 105 0 11.4 10.4 5.0 2.5 2 0 2 0 0
-5636.6 -4265.7 5.3 107 0 11.8 11.0 2.5 0.0 0 0 1 2 2
-5623.5 -4271.3 5.3 106 0 11.7 12.3 5.0 2.5 2 1 2 3 3
-5650.7 -4197.2 4.1 288 0 11.6 12.3 5.0 2.5 2 1 2 1 1
-5637.1 -4205.8 4.1 287 0 12.8 11.0 2.5 2.5 2 0 1 0 0
-5624.0 -4215.9 4.1 286 0 11.5 11.4 5.0 2.5 2 0 2 0 0
-5608.7 -4225.8 4.2 286 0 11.1 10.7 7.5 2.5 4 0 3 4 4
-5585.1 -4239.8 4.2 16 0 11.4 10.1 5.0 0.0 0 0 2 5 5
-5600.6 -4256.2 4.9 13 0 5.6 6.1 5.0 2.5 2 1 2 2 2
4933.5 -5149.1 -10.1 292 0 7.3 17.1 5.0 2.5 2 1 2 4 4
4932.3 -5179.3 -10.6 105 0 15.4 11.0 2.5 2.5 2 0 1 3 3
4758.8 -5146.8 -8.8 109 0 17.0 15.4 10.0 2.5 2 0 4 1 1
4825.6 -5161.0 -9.3 103 0 17.5 13.1 5.0 2.5 2 0 2 5 5
4773.3 -5095.2 -8.4 203 0 18.0 26.6 10.0 2.5 2 1 4 5 5
4773.6 -5145.1 -8.8 111 0 6.9 18.7 7.5 2.5 4 1 3 3 3
-3268.6 -5083.8 4.5 289 0 13.1 12.2 5.0 2.5 2 0 2 1 1
-3230.2 -5098.3 4.9 198 0 12.3 18.3 2.5 2.5 2 1 1 0 0
-3250.7 -5094.8 4.7 288 0 8.7 10.6 5.0 2.5 2 1 2 0 0
-3305.8 -5066.8 4.2 289 0 12.2 7.9 5.0 2.5 2 0 2 1 1
-3349.6 -5082.6 4.2 200 0 10.5 11.1 2.5 2.5 4 1 1 3 3
-3333.4 -5034.7 3.9 200 0 9.8 6.4 2.5 2.5 2 0 1 3 3
-3345.9 -5062.0 4.0 16 0 9.4 9.7 5.0 2.5 2 1 2 2 2
-3377.4 -5051.0 3.9 196 0 6.5 14.0 2.5 2.5 2 1 1 5 5
-3455.0 -5026.0 5.6 286 0 10.5 15.1 5.0 2.5 2 1 2 4 4
-3411.6 -5040.7 3.7 288 0 16.4 10.0 5.0 2.5 2 0 2 1 1
-3478.4 -5017.9 7.1 282 0 10.2 7.4 5.0 0.0 0 0 2 5 5
-3497.5 -5020.0 8.2 285 0 10.1 11.0 5.0 2.5 2 1 2 5 5
-3490.8 -4988.9 7.9 109 0 13.4 14.9 5.0 2.5 2 1 2 3 3
-3428.6 -4986.1 4.8 18 0 14.8 14.0 5.0 2.5 2 0 2 5 5
-3389.4 -5015.9 3.5 197 0 9.0 8.7 5.0 2.5 2 0 2 5 5
-3161.1 -4869.9 5.0 287 0 9.2 10.0 2.5 0.0 0 1 1 5 5
-3373.3 -5474.3 6.5 349 0 9.9 12.3 5.0 2.5 2 1 2 0 0
-3169.5 -5231.1 4.8 107 0 16.6 15.2 5.0 2.5 2 0 2 3 3
-3113.8 -5164.1 5.2 110 0 14.3 7.5 2.5 2.5 4 0 1 5 5
-3120.7 -5146.4 5.4 200 0 13.8 5.3 5.0 2.5 2 0 2 3 3
-3092.0 -5161.5 5.4 108 0 14.0 12.9 2.5 2.5 2 0 1 2 2
-3072.0 -5168.8 5.3 108 0 12.8 12.2 5.0 2.5 2 0 2 5 5
-3043.9 -5154.5 5.5 288 0 8.5 10.3 5.0 2.5 2 1 2 5 5
-3009.1 -5188.5 5.3 17 0 12.7 10.2 5.0 2.5 4 0 2 3 3
-2960.1 -5176.1 5.7 288 0 15.7 10.0 5.0 2.5 2 0 2 2 2
-4839.7 -5846.1 2.8 97 0 23.7 8.1 2.5 2.5 2 0 1 0 0
-4833.2 -6172.8 2.2 167 0 12.0 10.7 2.5 2.5 2 0 1 0 0
-4835.6 -6150.8 2.4 166 0 15.4 7.9 2.5 0.0 0 0 1 0 0
-4801.6 -6108.5 1.7 345 0 20.5 11.3 2.5 2.5 2 0 1 0 0
-4797.3 -6078.8 1.8 348 0 14.2 11.1 2.5 2.5 2 0 1 0 0
-4769.7 -6063.8 1.4 345 0 10.8 12.2 5.0 2.5 2 1 2 3 3
-4782.1 -6042.7 1.2 75 0 8.7 16.6 5.0 2.5 2 1 2 5 5
-4799.9 -5931.2 -0.3 344 0 12.2 14.5 5.0 2.5 2 0 2 5 5
-4802.9 -5920.0 0.1 345 0 11.0 14.5 5.0 2.5 2 0 2 4 4
-4805.7 -5895.6 0.9 345 0 14.3 13.4 7.5 2.5 2 0 3 1 1
-4865.4 -5833.8 3.0 279 0 10.4 10.8 5.0 2.5 2 1 2 0 0
-4862.1 -5846.4 2.1 278 0 10.9 16.1 5.0 2.5 2 1 2 4 4
-4912.7 -5832.3 2.7 276 0 11.6 15.5 5.0 2.5 2 1 2 4 4
-4890.1 -5835.2 2.9 277 0 13.4 12.6 5.0 2.5 2 0 2 4 4
-5695.7 4620.1 -17.2 32 0 11.6 12.3 5.0 2.5 2 1 2 3 3
-5789.8 4672.2 -23.6 305 0 13.7 12.9 5.0 2.5 2 0 2 2 2
-5446.4 1247.2 3.3 186 0 9.1 10.8 5.0 2.5 2 1 2 5 5
-593.6 -2612.5 1.8 92 0 16.5 10.3 5.0 2.5 4 0 2 5 5
-6085.3 -7337.0 3.5 289 0 7.6 10.9 5.0 2.5 2 1 2 0 0
-6108.4 -7381.6 3.4 93 0 15.9 9.7 5.0 2.5 2 0 2 4 4
-6100.9 -7470.5 3.8 196 0 8.4 11.5 5.0 2.5 2 0 2 1 1
-6088.8 -7455.9 3.8 287 0 8.4 13.2 5.0 2.5 2 0 2 3 3
-6080.8 -7531.6 3.9 16 0 9.9 26.0 7.5 2.5 2 1 3 3 3
-6106.2 -7556.4 4.0 194 0 9.8 18.1 2.5 2.5 4 1 1 5 5
-6170.5 -7638.5 3.4 109 0 26.2 11.7 7.5 2.5 2 0 3 5 5
-6093.9 -7628.5 4.3 272 0 8.0 10.9 5.0 2.5 2 1 2 3 3
-6118.4 -7615.4 4.0 270 0 11.4 14.8 5.0 2.5 2 1 2 2 2
-6056.8 -7592.1 4.6 285 0 8.3 10.2 5.0 2.5 2 1 2 4 4
-6065.1 -7523.9 4.3 183 0 9.2 9.2 7.5 2.5 2 0 3 1 1
-6043.5 -8422.2 6.1 178 0 12.9 29.2 10.0 2.5 2 1 4 0 0
-6032.0 -8462.4 7.6 262 0 14.5 10.8 5.0 2.5 2 0 2 2 2
-5746.0 -5751.5 3.5 198 0 6.1 6.7 7.5 2.5 2 0 3 0 0
-5645.6 -5672.6 4.2 198 0 3.4 4.5 5.0 2.5 2 1 2 5 5
-4693.2 -7533.1 8.1 200 0 8.0 9.1 5.0 2.5 2 1 2 4 4
-4632.0 -7444.8 5.4 25 0 13.9 16.5 5.0 2.5 2 1 2 1 1
-4617.7 -7428.0 5.3 28 0 18.7 9.0 2.5 2.5 2 0 1 3 3
-4634.3 -7408.0 5.2 208 0 14.5 7.4 2.5 2.5 2 0 1 5 5
-4651.9 -7494.3 6.2 304 0 9.2 13.6 5.0 2.5 4 1 2 0 0
-4684.2 -7552.3 8.4 114 0 8.5 15.0 5.0 2.5 2 1 2 3 3
-4679.9 -7521.0 7.5 211 0 6.6 13.5 2.5 2.5 2 1 1 4 4
-4755.8 -7729.3 11.2 120 0 10.1 10.4 5.0 2.5 2 1 2 4 4
-4737.1 -7719.0 11.3 299 0 8.9 8.0 5.0 2.5 2 0 2 4 4
-5545.3 -91.0 3.8 172 0 18.4 12.4 5.0 2.5 2 0 2 3 3
-5524.1 -37.5 3.5 265 0 11.4 12.9 5.0 0.0 0 1 2 0 0
-5542.1 -42.3 3.2 354 0 5.6 17.7 7.5 2.5 2 1 3 4 4
-5509.5 -31.2 4.2 83 0 13.7 10.2 7.5 2.5 2 0 3 4 4
-5516.6 2.4 5.3 263 0 13.3 12.2 2.5 2.5 2 0 1 4 4
-5532.5 -18.1 4.3 83 0 13.5 7.0 5.0 2.5 2 0 2 5 5
-5562.2 380.1 5.5 349 0 11.4 14.3 2.5 2.5 4 1 1 5 5
-5585.8 396.6 5.6 257 0 29.2 5.6 7.5 2.5 4 0 3 0 0
-5602.2 546.7 6.7 258 0 12.8 11.9 5.0 0.0 0 0 2 1 1
-5604.3 514.3 5.9 255 0 13.9 18.2 15.0 0.0 0 1 6 5 5
-5563.4 508.5 6.0 348 0 21.3 14.7 7.5 2.5 2 0 3 0 0
-5588.3 521.7 6.1 258 0 20.6 8.9 7.5 2.5 2 0 3 1 1
-5454.2 -4.7 5.7 82 0 12.6 13.0 5.0 2.5 2 1 2 4 4
-5521.6 374.8 5.6 261 0 8.1 10.6 7.5 2.5 2 1 3 5 5
-5516.0 327.8 5.4 259 0 12.8 14.0 5.0 2.5 2 1 2 1 1
-5514.9 269.4 5.3 167 0 4.9 9.9 5.0 2.5 4 1 2 0 0
-5490.9 262.7 5.3 350 0 12.2 6.7 5.0 2.5 4 0 2 4 4
-5489.1 209.2 5.4 78 0 22.5 7.8 7.5 0.0 0 0 3 3 3
-5498.6 238.1 5.4 258 0 14.4 12.8 5.0 2.5 2 0 2 2 2
-5449.4 101.7 5.6 258 0 18.4 12.5 5.0 2.5 2 0 2 0 0
-5442.6 59.3 5.7 84 0 12.0 11.2 2.5 2.5 2 0 1 0 0
-5379.4 17.6 5.8 352 0 15.4 9.2 7.5 2.5 2 0 3 1 1
-5397.9 -0.3 5.8 81 0 12.8 6.4 7.5 2.5 2 0 3 4 4
-5410.5 7.5 5.8 81 0 12.1 9.6 5.0 2.5 2 0 2 1 1
-5389.2 21.0 5.8 352 0 5.6 17.1 5.0 2.5 2 0 2 5 5
-5394.1 26.0 5.8 351 0 5.4 12.9 5.0 2.5 2 0 2 1 1
-5411.6 44.2 5.7 260 0 12.8 5.9 2.5 2.5 4 0 1 0 0
-5357.0 -22.2 5.9 174 0 10.5 12.6 5.0 2.5 2 0 2 4 4
-5676.3 553.0 7.1 80 0 10.7 12.8 2.5 2.5 2 1 1 2 2
-5710.8 567.5 7.3 348 0 14.0 9.0 5.0 2.5 2 0 2 0 0
-5620.8 464.5 5.7 252 0 7.5 12.7 5.0 2.5 2 1 2 0 0
-5542.3 306.4 5.3 349 0 11.9 12.5 5.0 2.5 2 1 2 0 0
-5539.6 287.2 5.3 347 0 9.1 17.9 5.0 0.0 0 1 2 4 4
-5508.9 94.2 5.6 79 0 16.8 7.6 7.5 2.5 2 0 3 2 2
-5522.4 70.2 5.6 171 0 5.8 18.8 7.5 2.5 2 1 3 2 2
-5524.4 85.2 5.6 172 0 12.2 8.3 7.5 2.5 2 0 3 4 4
-5509.4 94.1 5.6 259 0 7.1 7.2 5.0 2.5 2 0 2 1 1
-5487.8 73.4 5.6 80 0 8.0 10.7 2.5 2.5 2 0 1 3 3
-5508.2 44.2 5.6 82 0 14.0 12.0 5.0 2.5 2 0 2 5 5
-5477.7 44.0 5.7 75 0 10.4 14.1 5.0 2.5 2 1 2 0 0
-5510.7 69.3 5.6 260 0 34.8 5.7 5.0 2.5 2 0 2 1 1
-5520.2 185.3 5.4 78 0 11.8 8.7 5.0 2.5 4 0 2 2 2
-5530.0 206.5 5.4 258 0 8.5 6.8 5.0 2.5 2 0 2 0 0
-5542.3 230.9 5.3 77 0 16.0 4.5 2.5 2.5 2 0 1 4 4
-5561.3 245.5 5.3 78 0 12.2 12.6 5.0 2.5 2 1 2 2 2
-5532.3 261.1 5.3 346 0 10.7 10.1 2.5 2.5 2 0 1 5 5
-5330.7 -100.7 5.6 173 0 9.8 16.4 5.0 2.5 2 1 2 4 4
-5253.4 -97.5 7.5 356 0 8.0 11.5 7.5 2.5 2 1 3 3 3
-5397.5 -638.9 2.2 259 0 7.7 18.5 5.0 2.5 2 1 2 1 1
-5418.5 -643.1 2.3 78 0 6.2 19.9 2.5 2.5 2 1 1 4 4
-5387.0 -598.0 3.0 77 0 10.5 9.9 5.0 2.5 2 0 2 3 3
-5399.1 -585.8 3.0 169 0 20.9 4.1 5.0 2.5 2 0 2 5 5
-5405.7 -551.1 3.7 168 0 7.8 9.2 5.0 2.5 4 1 2 2 2
-5396.7 -525.3 3.9 258 0 8.8 6.9 5.0 2.5 2 0 2 4 4
-5467.8 -608.6 2.6 261 0 13.0 13.2 5.0 2.5 2 1 2 2 2
-5452.0 -737.5 3.0 258 0 15.5 7.8 5.0 2.5 2 0 2 4 4
-5435.4 -750.4 2.9 347 0 8.4 7.4 5.0 2.5 4 0 2 4 4
-5536.6 -635.3 3.4 349 0 12.6 25.1 7.5 2.5 2 1 3 4 4
-5545.7 -737.6 4.0 349 0 6.1 9.5 2.5 2.5 2 1 1 1 1
-5563.5 -719.6 4.0 170 0 12.3 10.8 7.5 2.5 2 0 3 5 5
-5564.7 -723.0 4.1 348 0 12.9 8.1 5.0 2.5 2 0 2 0 0
-5637.7 -693.3 4.5 86 0 15.2 9.4 5.0 2.5 2 0 2 5 5
-5653.6 -682.3 4.8 174 0 19.1 7.5 2.5 2.5 4 0 1 0 0
-5626.6 -643.5 4.4 349 0 10.6 19.1 5.0 2.5 2 0 2 1 1
-5623.3 -660.8 4.4 349 0 24.6 6.6 7.5 2.5 2 0 3 0 0
-5659.2 -615.5 4.9 171 0 22.5 8.9 5.0 2.5 2 0 2 1 1
-5595.4 -677.7 4.0 170 0 17.3 14.0 5.0 2.5 2 0 2 1 1
-5600.9 -650.2 3.9 166 0 11.8 20.1 7.5 2.5 2 1 3 2 2
-5580.9 -648.3 3.7 168 0 7.8 16.8 2.5 2.5 2 1 1 1 1
-5557.0 -661.6 3.7 168 0 29.4 6.0 5.0 2.5 2 0 2 1 1
-5544.0 -691.9 3.7 91 0 13.2 11.0 2.5 2.5 2 0 1 4 4
-5527.0 -669.0 3.4 77 0 5.8 19.0 5.0 2.5 2 1 2 4 4
-4669.3 -1227.2 -4.7 81 0 9.4 6.5 7.5 2.5 2 0 3 1 1
-4612.6 -765.9 -3.5 343 0 7.0 10.4 5.0 2.5 2 1 2 4 4
-4604.8 -772.4 -3.4 253 0 5.3 25.3 5.0 2.5 2 1 2 2 2
-4878.4 -783.2 -2.7 352 0 10.9 5.5 5.0 2.5 4 0 2 2 2
-4885.5 -886.6 -2.9 170 0 5.9 16.4 2.5 0.0 0 1 1 1 1
-5158.3 -777.2 0.0 167 0 9.2 11.4 2.5 0.0 0 1 1 5 5
-5160.7 -778.4 0.2 347 0 6.0 9.4 2.5 2.5 2 1 1 4 4
-4896.8 -994.3 -2.9 260 0 10.1 10.9 2.5 2.5 2 1 1 3 3
-5846.4 -3376.6 7.4 237 0 54.8 14.4 7.5 2.5 2 0 3 0 0
-5849.3 -3427.8 8.0 157 0 16.1 11.7 7.5 2.5 2 0 3 4 4
-5788.1 -3413.2 7.9 148 0 7.5 7.6 7.0 2.5 2 1 2 2 2
-3977.5 -6653.3 3.9 50 0 14.4 4.8 7.5 2.5 2 0 3 2 2
-5638.2 -3621.4 6.2 322 0 21.6 11.1 5.0 2.5 2 0 2 3 3
-5688.8 -3692.6 5.6 238 0 12.4 20.0 2.5 2.5 2 1 1 5 5
-6484.8 -4787.6 2.9 249 0 12.6 26.5 10.0 0.0 0 1 4 1 1
-2067.1 -5391.0 4.5 286 0 12.5 12.3 5.0 2.5 2 0 2 3 3
2277.0 -6164.8 -1.7 5 0 11.9 16.2 7.5 2.5 4 1 3 3 3
2796.7 -6629.0 -3.1 200 0 9.6 9.5 2.5 0.0 0 0 1 0 0
2910.1 -6663.3 -2.6 114 0 9.9 10.3 2.5 2.5 2 1 1 2 2
-5555.4 -3810.4 3.8 42 0 10.7 10.8 5.0 2.5 4 1 2 5 5
-6675.6 -4015.6 4.1 27 0 6.6 6.7 7.5 2.5 2 1 3 3 3
-6677.4 -4027.0 4.1 27 0 5.2 4.3 5.0 2.5 2 0 2 5 5
-6692.8 -4049.1 4.0 25 0 5.8 21.1 5.0 2.5 2 1 2 1 1
-6740.1 -4135.6 4.1 26 0 5.2 6.6 7.5 2.5 2 1 3 4 4
-6724.2 -3995.6 4.1 206 0 5.1 26.6 7.5 2.5 2 0 3 1 1
-6691.8 -4011.5 4.1 26 0 5.1 9.5 7.5 2.5 2 0 3 0 0
-6782.7 -4071.6 4.3 206 0 4.2 12.3 7.5 2.5 2 0 3 5 5
-6787.1 -4076.3 4.3 206 0 8.1 14.3 5.0 0.0 0 0 2 5 5
-6793.0 -4131.8 4.2 207 0 4.8 8.9 5.0 2.5 2 0 2 2 2
-6780.1 -4153.4 4.1 117 0 7.9 11.2 5.0 2.5 2 0 2 5 5
-6773.3 -4154.7 4.1 117 0 5.4 13.2 5.0 0.0 0 0 2 5 5
-6782.2 -4139.9 4.1 117 0 8.9 6.8 5.0 2.5 2 0 2 5 5
-6886.4 -4101.7 4.8 207 0 27.4 8.9 10.5 0.0 0 0 3 1 1
-6669.3 -4052.9 3.9 27 0 10.1 14.5 5.0 2.5 2 1 2 5 5
-6663.3 -4038.6 4.0 27 0 8.6 17.8 5.0 2.5 2 0 2 2 2
-6690.1 -4002.5 4.2 26 0 12.5 7.1 2.5 2.5 2 0 1 4 4
-6705.2 -3955.0 4.4 206 0 5.7 16.9 5.0 0.0 0 0 2 5 5
-6704.7 -3963.1 4.3 206 0 5.3 14.6 5.0 0.0 0 0 2 5 5
-6660.9 -3921.3 4.5 297 0 4.8 9.2 7.5 2.5 2 1 3 4 4
-6674.8 -3899.8 4.6 295 0 3.8 9.3 5.0 2.5 2 1 2 4 4
-6611.8 -3948.3 4.3 28 0 10.4 10.0 5.0 2.5 2 0 2 1 1
-6643.7 -4010.9 4.2 27 0 7.7 13.0 7.5 2.5 2 1 3 3 3
-6655.2 -4022.1 4.1 27 0 14.3 10.8 10.0 2.5 2 0 4 1 1
-6712.3 -4084.9 4.1 27 0 6.5 21.4 7.5 2.5 2 0 3 2 2
-6703.3 -4093.3 4.0 27 0 6.3 11.8 7.5 2.5 2 0 3 3 3
-6689.5 -4084.4 4.0 27 0 9.2 9.5 5.0 2.5 2 1 2 3 3
-6727.4 -4118.9 4.3 26 0 5.0 7.7 7.5 2.5 2 1 3 0 0
-6720.4 -4128.8 4.3 27 0 3.6 10.1 7.5 2.5 2 0 3 4 4
-6705.2 -4132.1 4.0 27 0 11.5 8.7 7.5 2.5 2 0 3 1 1
-6697.0 -4108.7 3.9 27 0 10.1 9.1 7.5 2.5 2 0 3 0 0
-6735.8 -4152.8 4.0 27 0 4.1 12.0 5.0 2.5 2 1 2 2 2
-6719.2 -4152.7 4.2 27 0 10.7 10.0 10.0 2.5 2 0 4 0 0
-6742.3 -4189.4 3.9 118 0 10.4 10.9 2.5 2.5 2 1 1 4 4
-6713.6 -3977.5 4.3 206 0 4.7 9.3 5.0 2.5 2 1 2 0 0
-6726.9 -3959.1 4.3 206 0 11.2 10.5 5.0 2.5 2 0 2 5 5
-6739.0 -3983.9 4.3 207 0 13.1 9.6 7.5 2.5 2 0 3 4 4
-6747.6 -4001.4 4.3 206 0 10.1 16.4 5.0 2.5 4 1 2 3 3
-6768.5 -4032.1 4.4 206 0 11.7 10.2 5.0 2.5 2 0 2 0 0
-6775.9 -4054.4 4.3 207 0 5.3 11.7 2.5 2.5 2 1 1 2 2
-6797.8 -4163.1 4.1 118 0 14.0 12.3 5.0 2.5 2 0 2 5 5
-6823.4 -4152.2 4.2 117 0 13.5 10.3 5.0 2.5 2 0 2 0 0
-6799.8 -4102.1 4.3 207 0 9.2 8.4 5.0 2.5 2 0 2 2 2
-6809.7 -4120.9 4.2 207 0 8.3 10.5 7.5 0.0 0 1 3 2 2
-6689.7 -4167.2 3.8 207 0 4.1 11.5 7.5 2.5 2 0 3 2 2
-6596.7 -4107.3 3.8 26 0 5.1 9.1 2.5 2.5 2 0 1 1 1
-6564.4 -3933.6 4.7 296 0 4.3 7.8 7.5 2.5 2 1 3 1 1
-6585.5 -3937.3 4.6 208 0 7.6 9.3 2.5 2.5 2 1 1 2 2
-6588.3 -4070.2 3.7 27 0 8.6 6.1 7.5 0.0 0 0 3 0 0
-6594.9 -4089.3 3.8 25 0 8.8 8.9 7.5 2.5 2 0 3 0 0
-6586.5 -4109.0 3.7 26 0 11.0 9.9 7.5 2.5 2 0 3 3 3
-6582.2 -4114.6 3.7 26 0 4.6 6.3 5.0 2.5 2 0 2 1 1
-6639.9 -4157.6 3.6 26 0 5.2 3.2 5.0 2.5 2 0 2 3 3
-6638.2 -4168.7 3.6 26 0 4.9 6.4 7.5 2.5 2 0 3 0 0
-6671.1 -4215.3 3.6 116 0 4.0 13.0 5.0 2.5 2 0 2 0 0
-6665.4 -4203.7 3.6 116 0 4.0 8.6 5.0 2.5 2 0 2 1 1
-6667.2 -4217.3 3.6 116 0 4.8 9.6 2.5 0.0 0 0 1 4 4
-6705.2 -4173.0 4.0 208 0 12.1 8.7 5.0 2.5 2 0 2 5 5
-6687.6 -4163.1 3.7 207 0 5.1 11.5 5.0 2.5 2 0 2 2 2
-6691.8 -4146.3 3.8 207 0 9.7 9.6 7.5 2.5 4 0 3 4 4
-6680.6 -4135.6 3.8 208 0 8.4 9.6 5.0 2.5 2 0 2 3 3
-6676.6 -4128.2 3.8 208 0 8.4 9.6 7.5 2.5 2 0 3 0 0
-6672.1 -4113.9 3.8 208 0 8.0 12.1 2.5 2.5 2 0 1 4 4
-6668.3 -4106.8 3.7 208 0 8.1 10.9 5.0 2.5 2 0 2 2 2
-6660.8 -4090.2 3.7 207 0 8.1 13.0 7.5 2.5 2 1 3 5 5
-6651.9 -4078.1 3.8 208 0 8.5 10.6 2.5 0.0 0 1 1 4 4
-6647.6 -4064.7 3.8 209 0 10.8 8.6 5.0 0.0 0 0 2 2 2
-6637.8 -4047.5 4.0 208 0 9.9 11.4 5.0 2.5 2 1 2 4 4
-6633.2 -4029.4 4.1 207 0 6.2 12.4 2.5 2.5 2 0 1 2 2
-6621.2 -4007.0 4.0 206 0 9.3 8.0 2.5 2.5 2 0 1 4 4
-6608.8 -3981.8 4.1 207 0 15.0 11.0 5.0 2.5 2 0 2 0 0
-6555.1 -3944.8 4.6 288 0 9.5 10.8 7.5 2.5 2 1 3 0 0
-6503.2 -3951.8 4.7 288 0 16.3 9.0 2.5 2.5 2 0 1 1 1
-6510.0 -3975.5 4.5 26 0 4.8 10.3 5.0 2.5 2 0 2 2 2
-6501.3 -3979.7 4.5 26 0 4.8 9.7 5.0 2.5 2 0 2 3 3
-6547.8 -3992.2 4.1 26 0 5.9 7.0 5.0 2.5 2 0 2 1 1
-6511.2 -3991.5 4.1 27 0 18.5 9.8 7.5 2.5 2 0 3 2 2
-6517.5 -4003.7 4.0 27 0 8.9 9.8 7.5 2.5 2 0 3 5 5
-6534.7 -4017.3 3.8 26 0 5.6 25.7 7.5 2.5 4 0 3 5 5
-6563.3 -4007.5 3.9 26 0 13.4 4.7 5.0 2.5 2 0 2 4 4
-6563.5 -4017.9 3.8 26 0 6.2 11.1 2.5 2.5 2 0 1 4 4
-6571.4 -4023.4 3.8 26 0 9.7 6.5 5.0 2.5 2 0 2 4 4
-6575.3 -4031.4 3.8 26 0 8.1 4.6 7.5 2.5 2 0 3 3 3
-6550.2 -4037.7 3.7 26 0 5.9 20.3 7.5 0.0 0 0 3 3 3
-6527.0 -4022.6 3.7 26 0 8.3 9.3 5.0 2.5 2 0 2 4 4
-6532.6 -4038.0 3.6 27 0 14.8 8.3 5.0 2.5 2 0 2 1 1
-6557.5 -4064.6 3.6 27 0 15.8 15.5 2.5 2.5 2 0 1 2 2
-6555.7 -4083.5 3.6 27 0 12.0 10.3 7.5 2.5 2 0 3 0 0
-6562.9 -4096.5 3.5 26 0 6.2 20.5 7.5 2.5 2 0 3 5 5
-6565.5 -4101.8 3.5 26 0 5.6 20.5 2.5 2.5 4 0 1 4 4
-6575.3 -4120.8 3.6 26 0 9.5 9.0 5.0 2.5 4 0 2 5 5
-6624.5 -4128.1 3.5 27 0 11.6 6.3 5.0 2.5 2 0 2 1 1
-6617.5 -4148.1 3.4 27 0 5.4 15.2 7.5 2.5 2 0 3 5 5
-6606.1 -4153.8 3.4 27 0 5.6 12.8 7.5 2.5 2 0 3 1 1
-6628.4 -4163.2 3.5 26 0 5.3 12.8 7.5 2.5 2 0 3 1 1
-6612.3 -4181.2 3.3 25 0 5.1 9.0 2.5 2.5 2 1 1 3 3
-6614.6 -4197.1 3.4 26 0 10.3 8.8 2.5 2.5 2 0 1 4 4
-6628.9 -4216.0 3.4 27 0 7.7 12.7 5.0 2.5 4 1 2 5 5
-6631.3 -4230.7 3.4 27 0 10.1 10.1 5.0 0.0 0 0 2 2 2
-6685.8 -4223.8 3.8 117 0 13.0 9.3 7.5 2.5 2 0 3 0 0
-5675.2 -3786.2 4.4 18 0 8.1 14.6 5.0 0.0 0 0 2 5 5
-5690.9 -3768.3 4.6 254 0 8.9 13.8 5.0 2.5 2 0 2 5 5
-5697.9 -3746.9 5.2 323 1 12.2 12.4 14.0 3.5 2 0 4 2 2
-5705.5 -3736.9 5.3 323 0 12.9 12.4 10.5 3.5 2 0 3 5 5
-5725.3 -3724.2 5.6 314 0 13.2 18.2 5.0 2.5 2 1 2 1 1
-5743.6 -3695.1 6.1 232 0 10.8 11.3 10.5 3.5 2 1 3 5 5
-5754.6 -3712.3 6.0 211 0 11.4 9.6 10.5 3.5 2 0 3 4 4
-5775.4 -3834.7 4.2 213 0 28.1 10.4 14.0 3.5 2 0 4 3 3
-5757.1 -3813.5 4.4 214 0 27.4 9.8 10.5 3.5 2 0 3 5 5
-5744.1 -3789.1 4.7 214 0 27.7 10.2 14.0 3.5 2 0 4 3 3
-5804.8 -3813.0 4.8 210 0 27.3 10.6 14.0 3.5 2 0 4 1 1
-5707.8 -3785.7 4.7 32 0 5.5 4.5 5.0 2.5 2 0 2 3 3
-5751.2 -3874.7 3.6 122 0 8.8 15.0 5.0 2.5 4 1 2 2 2
-5740.5 -3882.3 3.3 123 0 10.9 11.0 5.0 2.5 2 1 2 3 3
-5710.3 -3795.2 4.3 217 0 15.0 12.4 2.5 0.0 0 0 1 4 4
-5873.8 -3861.6 4.4 200 0 55.1 9.8 10.5 0.0 0 0 3 2 2
-5839.2 -3881.6 3.7 200 0 56.4 10.6 14.0 3.5 2 0 4 2 2
-5871.0 -3808.7 5.5 117 1 15.5 10.1 14.0 3.5 2 0 4 3 3
-5883.2 -3798.0 5.7 118 0 13.6 6.5 10.5 3.5 2 0 3 4 4
-5886.7 -3773.3 5.9 205 0 6.0 17.0 10.5 3.5 2 1 3 5 5
-5845.3 -3765.0 6.0 22 1 11.9 13.4 14.0 0.0 0 1 4 1 1
-5849.6 -3739.9 6.2 205 0 6.2 8.7 10.5 3.5 2 1 3 2 2
-5868.8 -3764.3 6.1 204 0 3.5 5.8 10.5 3.5 2 1 3 5 5
-5871.9 -3797.0 5.7 115 0 5.1 22.1 10.5 3.5 2 0 3 0 0
-5848.4 -3779.9 5.6 297 0 6.5 19.9 10.5 0.0 0 0 3 2 2
-5871.5 -3661.0 7.4 112 0 33.8 15.5 14.0 3.5 2 0 4 3 3
-5849.4 -3599.5 8.0 277 0 23.8 18.2 14.0 3.5 2 0 4 2 2
-5831.6 -3612.1 7.9 22 0 21.1 8.6 10.5 3.5 2 0 3 0 0
-5839.3 -3631.9 7.7 23 0 14.6 11.9 16.0 3.5 2 0 4 5 5
-6273.8 -3791.4 5.7 287 0 4.5 9.2 10.5 0.0 0 1 3 0 0
-5971.6 -3548.7 9.4 72 0 9.2 11.4 10.5 3.5 2 0 3 0 0
-5238.0 -4897.1 2.9 18 0 5.5 11.1 7.5 2.5 2 1 3 5 5
-5284.1 -4888.0 3.2 14 0 8.9 9.6 2.5 2.5 2 1 1 1 1
-5276.5 -4870.5 2.9 15 0 9.3 12.9 5.0 0.0 0 1 2 0 0
-5309.8 -4895.7 3.3 107 0 12.8 12.0 5.0 2.5 4 0 2 1 1
-5293.9 -4819.2 2.9 346 0 20.9 10.0 5.0 2.5 2 0 2 4 4
-5300.0 -4794.4 3.0 347 0 9.3 10.5 5.0 2.5 2 1 2 0 0
-5304.6 -4778.2 3.0 346 0 9.4 9.4 2.5 2.5 2 0 1 0 0
-5325.4 -4795.6 3.2 166 0 5.3 9.0 5.0 2.5 2 1 2 5 5
-5331.1 -4791.4 3.3 168 0 4.8 10.4 5.0 0.0 0 1 2 2 2
-5331.9 -4829.9 3.3 196 0 19.7 8.5 5.0 2.5 2 0 2 4 4
-5345.2 -4868.8 3.4 196 0 24.9 7.8 5.0 2.5 2 0 2 3 3
-5330.1 -4891.5 3.5 106 0 15.9 9.2 5.0 2.5 2 0 2 0 0
-5364.0 -4788.3 3.9 16 0 9.5 10.1 2.5 2.5 2 1 1 3 3
-5381.9 -4766.7 4.2 284 0 11.7 11.9 5.0 0.0 0 1 2 5 5
-5400.0 -4759.5 4.6 287 0 9.6 11.3 2.5 2.5 4 1 1 4 4
-5418.1 -4769.0 4.8 287 0 10.6 16.1 2.5 2.5 2 1 1 5 5
-5442.1 -4749.0 5.0 287 0 10.9 11.5 7.5 2.5 2 1 3 1 1
-5459.6 -4737.4 4.8 287 0 9.5 8.8 2.5 2.5 2 0 1 3 3
-5468.3 -4734.8 4.8 286 0 8.7 8.8 5.0 2.5 2 0 2 3 3
-5417.5 -4864.3 4.2 107 0 15.4 10.4 2.5 0.0 0 0 1 4 4
-5389.6 -4854.5 3.9 107 0 8.1 12.2 5.0 0.0 0 1 2 5 5
-5464.4 -4836.7 5.2 107 0 11.9 12.9 2.5 2.5 2 1 1 5 5
-5480.0 -4839.0 5.4 108 0 11.0 13.3 5.0 2.5 2 1 2 4 4
-5501.7 -4815.9 5.2 106 0 5.6 13.0 2.5 2.5 2 1 1 5 5
-5519.5 -4828.4 5.2 107 0 10.9 9.7 5.0 2.5 2 0 2 0 0
-5577.5 -4806.6 4.8 106 0 11.8 11.6 7.5 2.5 2 0 3 3 3
-5594.0 -4802.2 4.7 107 0 10.4 10.2 2.5 2.5 2 0 1 0 0
-5607.9 -4797.4 4.6 106 0 12.9 10.5 5.0 2.5 2 0 2 4 4
-5633.7 -4763.0 4.3 198 0 11.4 15.9 2.5 2.5 2 1 1 1 1
-5608.8 -4687.4 3.9 287 0 10.5 10.9 2.5 0.0 0 1 1 5 5
-5594.5 -4697.6 4.0 287 0 10.9 11.2 5.0 2.5 2 1 2 0 0
-5578.2 -4698.1 4.1 288 0 10.6 12.4 5.0 0.0 0 1 2 5 5
-5561.1 -4702.5 4.2 288 0 11.9 12.4 2.5 2.5 2 1 1 3 3
-5545.1 -4708.4 4.3 287 0 10.4 11.9 2.5 2.5 2 1 1 5 5
-5529.6 -4714.2 4.4 287 0 10.1 10.9 7.5 2.5 2 1 3 4 4
-5517.2 -4719.6 4.5 289 0 10.4 8.7 5.0 2.5 2 0 2 5 5
-5502.9 -4727.8 4.6 286 0 10.2 10.7 5.0 0.0 0 1 2 2 2
-5484.0 -4729.9 4.7 287 0 9.7 8.8 2.5 0.0 0 0 1 1 1
-441.4 1229.1 -10.4 161 0 9.8 13.5 7.5 0.0 0 1 3 5 5
-410.8 1216.7 -10.4 73 0 10.0 31.5 7.5 0.0 0 1 3 5 5
-452.9 1258.7 -10.4 164 0 23.8 8.0 5.0 2.5 2 0 2 4 4
-413.7 1268.6 -10.1 344 0 26.3 10.6 10.0 2.5 2 0 4 5 5
-408.0 1280.8 -9.0 161 0 15.9 12.6 5.0 2.5 2 0 2 4 4
-400.1 1254.4 -9.8 163 0 9.5 19.0 7.5 2.5 2 1 3 0 0
-464.8 1363.7 -7.1 159 0 11.5 16.1 5.0 2.5 2 1 2 4 4
-358.2 1319.3 -7.1 162 0 12.4 13.0 2.5 2.5 2 1 1 3 3
-317.1 1298.1 -8.2 250 0 12.8 12.3 5.0 2.5 2 0 2 1 1
-332.5 1296.1 -7.8 73 0 11.3 5.9 7.5 2.5 2 0 3 5 5
-352.9 1296.3 -8.0 163 0 22.0 6.1 5.0 2.5 2 0 2 4 4
-302.5 1259.3 -9.1 74 0 15.6 8.7 5.0 2.5 4 0 2 1 1
-464.6 1291.3 -9.7 165 0 10.1 11.3 5.0 2.5 2 1 2 1 1
-474.3 1317.2 -9.3 340 0 19.3 3.8 7.5 2.5 2 0 3 0 0
-493.4 1366.4 -8.3 322 0 11.0 16.9 5.0 2.5 2 1 2 2 2
-509.6 1341.3 -9.0 159 0 13.3 6.2 5.0 2.5 2 0 2 1 1
-495.2 1336.8 -9.2 247 0 18.5 9.6 7.5 2.5 2 0 3 4 4
-510.2 1332.9 -9.3 337 0 15.2 8.1 5.0 2.5 2 0 2 2 2
-480.6 1309.3 -9.6 346 0 7.9 8.8 7.5 2.5 4 1 3 0 0
-541.2 1374.4 -8.3 226 0 9.5 7.4 5.0 2.5 2 0 2 3 3
-525.6 1389.5 -7.4 227 0 12.4 8.9 5.0 2.5 2 0 2 3 3
-535.4 1400.6 -6.8 269 0 13.8 5.4 5.0 2.5 2 0 2 3 3
-535.8 1381.1 -7.5 56 0 5.0 15.1 7.5 2.5 4 1 3 1 1
-550.2 1399.8 -7.0 272 0 9.1 5.2 5.0 2.5 2 0 2 2 2
-1919.9 1054.7 -4.4 251 0 8.4 13.5 2.5 2.5 2 1 1 0 0
-1850.8 813.8 -4.3 163 0 12.0 20.5 12.5 0.0 0 1 5 2 2
-1465.2 907.4 -3.7 161 0 43.8 26.0 7.5 0.0 0 0 3 5 5
-1386.0 852.8 -2.0 341 0 31.3 18.3 10.0 2.5 2 0 4 1 1
-1400.1 772.1 -0.8 61 0 15.4 13.0 5.0 2.5 2 0 2 4 4
-1418.3 783.3 -0.9 341 0 14.1 6.2 5.0 2.5 2 0 2 0 0
-1372.9 836.8 -1.5 163 0 14.3 18.2 10.0 2.5 2 1 4 2 2
-1354.3 818.9 -1.1 253 0 10.5 8.9 2.5 2.5 2 0 1 2 2
-1339.7 819.8 -1.3 162 0 9.7 12.7 5.0 0.0 0 1 2 3 3
-1329.1 852.1 -1.6 342 0 23.3 5.4 7.5 2.5 2 0 3 2 2
-1312.8 834.0 -1.5 70 0 6.8 15.8 2.5 2.5 2 1 1 2 2
-1303.9 838.5 -1.3 242 0 9.2 8.5 2.5 2.5 2 0 1 1 1
-1252.8 871.8 -1.0 247 0 10.2 10.2 5.0 2.5 2 0 2 0 0
-1260.5 868.7 -1.6 69 0 6.3 25.2 7.5 2.5 2 1 3 5 5
-1219.8 889.8 -1.1 160 0 16.6 11.3 5.0 2.5 2 0 2 5 5
-1192.4 890.1 -0.9 150 0 12.9 14.1 5.0 0.0 0 1 2 4 4
-1200.2 919.0 -1.8 70 0 30.1 13.8 7.5 2.5 2 0 3 3 3
-1182.2 922.6 -1.6 69 0 6.3 12.1 2.5 2.5 2 0 1 1 1
-1174.1 938.5 -1.8 70 0 20.2 8.6 7.5 2.5 2 0 3 2 2
-1162.5 963.1 -2.1 343 0 14.1 5.8 7.5 0.0 0 0 3 5 5
-1169.9 909.5 -1.3 69 0 7.2 18.2 7.5 2.5 2 1 3 4 4
-1148.8 920.9 -0.9 335 0 12.3 17.2 5.0 2.5 2 0 2 0 0
-1157.0 938.4 -1.3 250 0 4.7 13.2 7.5 2.5 2 0 3 3 3
-1113.8 936.8 -1.4 336 0 11.2 17.3 5.0 2.5 2 1 2 4 4
-1151.8 956.3 -2.1 158 0 13.8 26.8 12.5 0.0 0 1 5 3 3
-1101.7 947.4 -1.8 162 0 9.8 10.1 2.5 2.5 2 1 1 0 0
-1105.6 974.4 -2.6 69 0 10.6 9.9 5.0 2.5 2 0 2 2 2
-983.2 1016.6 -4.0 340 0 23.9 6.3 5.0 2.5 2 0 2 0 0
-1048.5 972.3 -2.4 333 0 10.0 12.4 5.0 0.0 0 1 2 4 4
-1057.2 1003.7 -3.2 342 0 9.9 15.6 5.0 2.5 2 1 2 3 3
-1025.7 983.9 -2.7 333 0 8.9 10.0 5.0 2.5 2 1 2 2 2
-1016.8 995.6 -3.5 68 0 8.5 21.4 2.5 2.5 2 1 1 2 2
-975.9 1022.7 -3.7 245 0 14.7 13.4 2.5 2.5 2 0 1 2 2
-980.5 1057.4 -4.4 338 0 9.2 19.1 5.0 2.5 2 1 2 0 0
-961.9 1028.6 -4.1 73 0 8.2 22.1 5.0 0.0 0 1 2 0 0
-868.0 1094.0 -5.4 251 0 6.7 14.2 5.0 2.5 2 1 2 2 2
-799.5 1104.6 -5.6 55 0 15.4 10.6 5.0 2.5 2 0 2 5 5
-817.0 1113.6 -6.1 68 0 5.8 19.2 2.5 2.5 2 1 1 1 1
-797.5 1124.5 -6.2 63 0 5.4 12.6 7.5 2.5 2 1 3 3 3
-778.7 1165.9 -6.9 163 0 10.3 10.7 2.5 2.5 2 1 1 2 2
-783.1 1176.9 -7.3 74 0 6.3 12.7 5.0 2.5 2 1 2 0 0
-762.9 1193.0 -7.9 160 0 6.4 14.0 7.5 2.5 2 1 3 0 0
-736.3 1195.5 -8.2 248 0 11.0 10.2 5.0 2.5 2 0 2 3 3
-702.2 1209.1 -8.4 329 0 6.9 8.5 2.5 2.5 4 1 1 3 3
-727.6 1222.7 -8.5 161 0 22.3 8.3 5.0 2.5 2 0 2 1 1
-710.0 1247.8 -8.7 341 0 8.2 13.3 7.5 2.5 2 1 3 0 0
-679.3 1229.4 -8.5 329 0 7.9 9.7 5.0 2.5 2 1 2 4 4
-674.7 1243.2 -8.7 231 0 11.4 10.3 5.0 0.0 0 0 2 4 4
-694.4 1249.9 -8.7 252 0 11.5 7.1 5.0 2.5 2 0 2 1 1
-657.2 1271.7 -9.2 146 0 12.0 7.6 5.0 2.5 2 0 2 3 3
-636.7 1273.8 -9.3 58 0 16.0 12.1 2.5 2.5 2 0 1 0 0
-606.9 1304.4 -9.5 312 0 11.8 15.9 7.5 2.5 2 1 3 3 3
-620.1 1324.6 -9.7 332 0 10.7 5.4 2.5 2.5 2 0 1 0 0
2517.1 2597.6 3.3 34 0 15.7 10.3 5.0 2.5 2 0 2 1 1
2487.4 2593.9 3.4 212 0 7.9 16.8 5.0 2.5 2 1 2 5 5
1734.9 182.3 0.4 0 0 12.2 13.0 7.5 2.5 2 1 3 2 2
-1061.7 730.2 -2.2 251 0 14.9 12.8 2.5 2.5 2 0 1 1 1
-1061.7 730.2 -2.1 71 0 14.9 12.8 2.5 2.5 2 0 1 3 3
-1073.5 766.8 -2.1 251 0 10.6 10.6 5.0 2.5 2 1 2 3 3
-1089.3 789.5 -2.0 161 0 12.8 14.9 5.0 0.0 0 1 2 2 2
-1094.3 832.8 -1.9 252 0 12.8 11.4 5.0 2.5 4 0 2 2 2
-1103.2 897.8 -1.0 341 0 12.8 14.9 5.0 2.5 2 1 2 2 2
-1096.2 874.0 -1.3 341 0 7.4 15.4 5.0 2.5 2 1 2 3 3
-1085.1 918.4 -1.3 340 0 8.6 11.4 5.0 2.5 2 1 2 1 1
-1095.6 883.6 -1.4 161 0 11.9 14.3 5.0 2.5 2 0 2 4 4
-1101.2 900.6 -1.2 162 0 23.9 6.4 5.0 2.5 2 0 2 2 2
-1072.4 931.8 -1.6 248 0 10.0 8.7 2.5 2.5 2 0 1 0 0
-1018.8 955.8 -2.4 336 0 12.9 10.6 2.5 2.5 2 0 1 3 3
-921.9 994.7 -3.7 160 0 12.9 12.1 5.0 2.5 4 0 2 5 5
-891.0 982.7 -3.9 161 0 9.9 20.0 5.0 2.5 2 1 2 3 3
-898.4 1001.5 -3.9 161 0 11.4 6.5 7.5 2.5 2 0 3 1 1
-889.9 1032.5 -3.9 246 0 13.5 14.4 5.0 2.5 2 1 2 1 1
-869.3 1013.2 -4.0 340 0 15.6 7.5 7.5 2.5 2 0 3 2 2
-848.9 1056.2 -4.7 247 0 13.4 10.1 2.5 2.5 2 0 1 5 5
-870.3 1028.5 -4.2 163 0 13.1 7.0 7.5 2.5 2 0 3 3 3
-851.7 1015.3 -4.2 74 0 14.0 6.3 5.0 2.5 2 0 2 0 0
-806.1 1071.2 -4.8 340 0 6.0 11.9 5.0 0.0 0 1 2 2 2
-818.4 1055.3 -4.8 165 0 9.0 5.5 2.5 2.5 2 0 1 5 5
-799.9 1043.4 -4.7 72 0 11.4 7.2 5.0 2.5 2 0 2 1 1
-794.7 1064.5 -4.8 342 0 11.4 5.0 7.5 2.5 2 0 3 0 0
-751.5 1052.6 -5.5 341 0 10.5 14.7 5.0 2.5 2 1 2 1 1
4569.1 3061.6 -10.2 149 0 9.3 16.4 7.5 2.5 2 1 3 2 2
-759.9 1104.6 -5.7 162 0 16.7 6.2 5.0 2.5 2 0 2 0 0
-757.5 1117.4 -6.1 163 0 5.8 14.8 2.5 2.5 2 1 1 1 1
-737.8 1136.7 -6.4 228 0 8.4 6.4 2.5 2.5 2 0 1 3 3
-700.7 1132.0 -7.0 343 0 13.2 13.7 5.0 2.5 2 1 2 3 3
-664.2 1199.1 -8.4 138 0 8.1 10.7 5.0 2.5 2 1 2 5 5
-642.3 1229.8 -8.7 225 0 10.9 9.7 5.0 0.0 0 0 2 2 2
-623.8 1239.4 -9.0 152 0 10.8 11.0 5.0 2.5 4 1 2 0 0
-579.3 1260.5 -9.5 247 0 14.0 10.3 5.0 2.5 2 0 2 1 1
-574.8 1284.8 -9.6 327 0 11.1 12.4 5.0 2.5 2 1 2 5 5
-565.3 1271.1 -9.7 164 0 7.9 8.9 5.0 2.5 2 1 2 1 1
-555.0 1235.7 -9.7 164 0 7.7 8.9 2.5 2.5 2 1 1 3 3
-545.2 1315.9 -9.8 318 0 10.6 12.7 2.5 2.5 2 1 1 5 5
-543.6 1266.4 -9.9 163 0 34.6 6.8 7.5 2.5 4 0 3 2 2
-547.6 1262.6 -9.8 163 0 29.7 4.9 5.0 2.5 2 0 2 0 0
-1022.3 459.8 -0.7 254 0 10.5 9.6 5.0 2.5 2 0 2 3 3
-1088.5 605.1 -1.3 254 0 9.1 8.8 5.0 2.5 2 0 2 3 3
-1098.4 619.5 -1.4 72 0 8.6 5.8 5.0 0.0 0 0 2 4 4
-1117.8 672.0 -1.6 72 0 8.6 5.8 2.5 2.5 2 0 1 3 3
-1101.6 671.6 -1.7 253 0 9.1 8.8 2.5 2.5 2 0 1 5 5
-1237.0 823.0 -0.9 152 0 13.0 9.3 5.0 2.5 2 0 2 5 5
-1209.7 834.0 -1.1 160 0 16.6 11.3 2.5 2.5 2 0 1 1 1
-1171.3 841.6 -1.4 161 0 19.5 20.8 15.0 0.0 0 1 6 2 2
-1195.8 846.5 -1.1 161 0 11.3 11.2 2.5 0.0 0 0 1 3 3
-1121.1 801.4 -1.7 66 0 12.8 11.4 5.0 2.5 2 0 2 4 4
-1109.3 781.8 -1.7 69 0 5.9 12.5 5.0 2.5 2 1 2 5 5
-1141.2 767.8 -1.7 248 0 9.1 12.1 5.0 2.5 4 1 2 5 5
-1097.4 762.3 -1.8 337 0 7.4 17.7 5.0 2.5 2 1 2 3 3
-5450.4 -3717.9 2.6 125 0 16.2 31.4 10.0 0.0 0 1 4 1 1
-3686.9 1330.1 6.6 251 0 14.6 16.3 5.0 0.0 0 1 2 0 0
-3634.7 1290.2 5.6 73 0 9.3 9.7 2.5 2.5 2 1 1 0 0
-3643.9 1281.7 5.6 342 0 10.6 14.8 2.5 2.5 2 1 1 0 0
-3667.3 1279.3 5.7 73 0 8.4 14.0 5.0 2.5 4 1 2 1 1
-3649.9 1298.3 5.6 76 0 14.1 6.7 5.0 2.5 2 0 2 1 1
-3645.3 1264.7 5.4 253 0 22.4 7.4 7.5 2.5 2 0 3 2 2
-3628.1 1250.8 5.3 163 0 12.7 9.9 7.5 2.5 2 0 3 4 4
-3634.5 1231.8 5.3 72 0 27.3 7.1 5.0 0.0 0 0 2 0 0
-3682.2 1253.7 5.4 254 0 13.0 31.6 10.0 2.5 2 1 4 5 5
-3669.8 1257.2 5.6 73 0 6.5 14.5 7.5 2.5 2 1 3 1 1
-3623.8 1224.2 5.2 344 0 10.3 14.9 5.0 2.5 2 1 2 0 0
-3614.5 1199.4 5.1 72 0 19.6 7.2 2.5 2.5 2 0 1 5 5
-3639.6 1197.3 5.2 74 0 7.0 14.6 2.5 2.5 2 1 1 2 2
-3644.9 1185.5 4.8 253 0 9.3 21.2 5.0 2.5 2 1 2 3 3
-3610.6 1177.1 4.7 345 0 6.8 20.4 5.0 0.0 0 1 2 4 4
-3582.6 1146.5 4.0 255 0 5.1 10.6 5.0 2.5 2 1 2 5 5
-3517.3 875.5 4.1 70 0 24.5 6.6 7.5 2.5 2 0 3 0 0
-3503.3 893.4 4.2 73 0 6.4 10.5 5.0 2.5 2 1 2 3 3
-3561.7 896.0 4.1 164 0 6.3 9.9 2.5 2.5 2 0 1 3 3
-3524.4 905.2 4.2 344 0 7.1 15.6 7.5 2.5 2 0 3 2 2
-3536.5 939.5 4.2 250 0 23.1 7.1 5.0 2.5 2 0 2 2 2
-3565.7 981.9 4.2 72 0 8.6 16.6 2.5 2.5 2 0 1 3 3
-3543.8 986.5 4.2 344 0 5.2 12.7 5.0 2.5 2 1 2 0 0
-3542.3 1003.0 4.3 253 0 6.1 13.2 2.5 2.5 2 1 1 3 3
-3493.6 1001.1 4.5 75 0 10.3 10.4 7.5 2.5 2 1 3 1 1
-3539.5 1010.8 4.4 342 0 6.1 36.1 5.0 2.5 2 0 2 4 4
-3582.1 1010.5 4.4 163 0 12.7 11.3 2.5 2.5 2 0 1 1 1
-3562.1 1043.8 4.6 342 0 7.1 24.9 7.5 2.5 2 0 3 5 5
-3544.7 1030.5 4.7 341 0 11.1 7.8 7.5 2.5 2 0 3 4 4
-3557.7 1052.6 4.1 72 0 6.2 11.0 2.5 2.5 2 1 1 1 1
-3576.3 1063.9 4.0 343 0 6.8 12.5 5.0 2.5 2 1 2 1 1
-3597.3 1048.6 4.4 162 0 12.5 6.7 2.5 2.5 2 0 1 2 2
-3589.2 1086.3 3.8 345 0 6.7 6.4 7.5 2.5 2 0 3 0 0
-3610.8 1112.1 3.8 253 0 7.7 24.1 7.5 2.5 4 0 3 2 2
-3599.4 1115.5 3.9 254 0 5.6 5.7 5.0 0.0 0 1 2 5 5
-3572.4 1100.2 3.9 73 0 11.8 10.9 7.5 2.5 2 0 3 1 1
-3580.9 1125.0 4.0 342 0 7.1 17.7 5.0 2.5 2 1 2 5 5
-3618.2 1116.6 4.0 252 0 5.0 6.5 5.0 2.5 2 0 2 3 3
-2328.3 1485.2 -2.4 183 0 17.6 12.5 5.0 2.5 2 0 2 1 1
-2305.0 1498.1 -2.4 275 0 13.2 5.8 7.5 2.5 2 0 3 3 3
-2275.8 1485.7 -2.6 6 0 12.2 8.0 2.5 2.5 2 0 1 5 5
-1945.8 546.2 -3.2 68 0 23.5 16.7 7.5 2.5 2 0 3 0 0
-1872.2 812.0 -4.5 342 0 19.2 10.3 7.5 2.5 2 0 3 5 5
-1888.3 861.1 -4.4 342 0 10.5 10.3 5.0 2.5 2 0 2 5 5
-1907.1 920.5 -4.3 342 0 19.2 10.3 5.0 0.0 0 0 2 4 4
-1928.7 964.5 -4.2 72 0 10.3 19.2 5.0 0.0 0 1 2 4 4
-1908.8 801.0 -4.3 162 0 27.7 8.2 7.5 2.5 4 0 3 1 1
-1925.9 854.2 -4.2 162 0 27.8 8.3 2.5 2.5 2 0 1 1 1
-1945.7 915.1 -4.1 162 0 13.9 8.3 7.5 2.5 2 0 3 4 4
-1962.1 977.2 -4.0 252 0 8.2 27.8 7.5 2.5 2 1 3 5 5
-1962.1 1015.2 -4.0 77 0 8.4 25.8 2.5 2.5 2 1 1 5 5
-1929.0 1014.2 -4.2 342 0 15.8 9.5 5.0 2.5 2 0 2 1 1
-5495.4 -3153.9 3.7 238 0 15.8 33.4 7.5 2.5 2 1 3 1 1
-5511.3 -3233.6 4.0 60 0 13.5 31.4 10.0 0.0 0 1 4 0 0
-5759.9 -3590.3 7.5 236 0 24.8 10.9 10.0 2.5 2 0 4 1 1
-5844.5 -3580.0 8.5 96 0 8.3 25.8 7.0 2.5 2 1 2 3 3
-5818.1 -3514.1 8.8 60 0 11.8 11.5 7.0 2.5 2 0 2 0 0
-5524.9 -3273.3 4.5 328 0 14.8 58.4 7.5 2.5 2 1 3 2 2
-5586.9 -3315.7 5.2 146 0 22.2 15.9 10.0 2.5 2 0 4 1 1
-5743.9 -3503.5 8.8 328 0 13.0 68.5 10.0 2.5 2 1 4 1 1
-5615.0 -3578.9 5.9 235 0 17.6 50.9 10.0 2.5 2 1 4 3 3
-5656.2 -3389.3 7.2 147 0 43.6 11.3 5.0 2.5 4 0 2 0 0
-5637.1 -3420.1 7.4 235 0 42.5 11.8 7.5 2.5 2 0 3 4 4
-5806.3 -3445.7 8.3 238 0 11.7 54.3 12.5 2.5 2 1 5 1 1
-5762.7 -3449.3 8.0 147 0 52.9 10.5 10.0 2.5 2 0 4 0 0
-5746.9 -3473.9 8.4 148 0 5.7 10.5 10.5 2.5 2 0 3 0 0
-1920.8 -3216.9 7.5 197 0 4.5 11.5 5.0 2.5 2 0 2 3 3
-1874.5 -3285.4 6.7 200 0 9.0 6.0 2.5 2.5 2 0 1 3 3
-1859.5 -3245.5 6.8 199 0 11.4 6.0 7.5 2.5 2 0 3 4 4
-1873.5 -3269.0 6.5 193 0 6.0 9.0 5.0 2.5 2 1 2 2 2
-1872.7 -3307.3 6.3 193 0 7.4 5.8 5.0 2.5 2 0 2 5 5
-1895.2 -3276.9 6.6 195 0 10.1 5.2 7.5 2.5 4 0 3 5 5
-1891.6 -3286.6 6.7 196 0 5.4 13.5 7.5 2.5 2 1 3 1 1
-1899.6 -3297.2 6.6 195 0 8.7 8.8 5.0 2.5 2 1 2 1 1
-1939.0 -3319.0 6.6 107 0 8.0 4.6 7.5 2.5 2 0 3 2 2
-1952.0 -3302.6 6.8 200 0 14.2 6.0 5.0 2.5 2 0 2 3 3
-1883.1 -3375.8 5.7 109 0 6.0 15.5 5.0 0.0 0 1 2 3 3
-1909.1 -3369.7 5.9 105 0 9.8 13.7 2.5 2.5 2 1 1 0 0
-1943.2 -3370.1 6.4 19 0 5.4 4.6 5.0 2.5 2 0 2 4 4
-1941.7 -3351.2 6.3 289 0 8.2 11.1 5.0 2.5 2 1 2 3 3
-1965.2 -3349.7 6.5 288 0 8.9 5.8 7.5 2.5 2 0 3 5 5
-1963.2 -3366.2 6.6 287 0 6.3 6.5 7.5 2.5 2 1 3 0 0
-1952.1 -3398.6 6.5 107 0 7.0 8.8 7.5 2.5 2 1 3 2 2
-1972.1 -3395.1 6.7 106 0 6.0 9.0 7.5 2.5 4 1 3 0 0
-1917.0 -3432.4 5.9 18 0 4.7 7.9 7.5 0.0 0 1 3 2 2
-1922.5 -3446.8 6.0 195 0 10.8 6.0 7.5 2.5 2 0 3 2 2
-1940.7 -3439.5 6.2 197 0 12.1 5.9 7.5 2.5 2 0 3 2 2
-1905.9 -3502.4 6.3 16 0 15.7 6.4 7.5 2.5 2 0 3 2 2
-1932.5 -3481.4 6.4 197 0 9.2 20.0 7.5 2.5 2 1 3 5 5
-1940.0 -3506.5 6.4 198 0 5.0 18.8 7.5 2.5 4 1 3 3 3
-2012.5 -3503.5 7.0 286 0 7.0 17.2 7.5 2.5 2 1 3 1 1
-2012.8 -3518.7 6.9 196 0 4.8 17.3 7.5 2.5 2 1 3 2 2
-1985.9 -3513.2 6.8 285 0 10.5 10.4 5.0 2.5 4 0 2 0 0
-1989.3 -3553.7 6.7 18 0 7.6 5.4 7.5 2.5 2 0 3 1 1
-2016.9 -3602.9 7.0 107 0 8.0 10.0 2.5 2.5 2 1 1 0 0
-1987.7 -3679.4 6.7 196 0 6.0 10.1 2.5 2.5 2 1 1 0 0
-1971.4 -3656.1 7.0 287 0 9.0 6.0 5.0 2.5 2 0 2 0 0
-2015.7 -3717.1 6.9 196 0 10.3 9.9 7.5 2.5 2 0 3 5 5
-1988.6 -3736.5 6.9 108 0 8.7 19.7 5.0 2.5 2 1 2 5 5
-1983.9 -3701.6 6.8 195 0 4.9 9.0 7.5 2.5 2 0 3 2 2
-1995.7 -3698.5 6.7 195 0 4.9 12.2 7.5 0.0 0 0 3 1 1
-2004.2 -3672.2 6.7 196 0 5.7 9.1 7.5 2.5 4 1 3 2 2
-2063.3 -3956.2 7.3 286 0 19.8 5.5 5.0 2.5 2 0 2 3 3
-2054.0 -3920.1 6.9 109 0 14.0 4.0 7.5 2.5 4 0 3 2 2
-2169.8 -4064.1 6.9 288 0 7.6 16.4 5.0 2.5 2 1 2 4 4
-2156.4 -4085.8 6.9 114 0 11.3 6.6 2.5 2.5 2 0 1 0 0
-2099.4 -4110.4 6.7 15 0 6.0 9.0 2.5 2.5 4 1 1 3 3
-2145.8 -4074.2 6.9 194 0 10.7 9.3 5.0 2.5 2 0 2 1 1
-2043.5 -3977.1 7.4 16 0 12.8 9.2 2.5 2.5 2 0 1 2 2
-2079.9 -4015.9 7.5 288 0 18.9 5.2 5.0 2.5 2 0 2 3 3
-2047.7 -4016.7 7.4 17 0 19.9 10.8 7.5 0.0 0 0 3 2 2
-2072.5 -4026.2 7.4 286 0 25.2 6.1 5.0 2.5 2 0 2 2 2
-2061.4 -4055.5 7.1 16 0 25.8 8.8 7.5 2.5 2 0 3 2 2
-2093.7 -3999.7 7.5 200 0 9.9 11.7 7.5 2.5 2 1 3 0 0
-5597.5 -3102.2 4.4 148 0 28.7 12.7 7.5 2.5 2 0 3 0 0
-5613.0 -3136.0 4.4 59 0 10.8 42.0 10.0 2.5 2 1 4 5 5
-5602.9 -3150.2 4.2 238 0 12.0 22.3 10.0 2.5 2 1 4 0 0
-5583.1 -3121.5 4.4 81 0 7.1 12.6 10.5 2.5 2 0 3 5 5
-5588.8 -3283.0 4.8 56 0 11.8 26.7 10.0 2.5 2 1 4 4 4
-5590.8 -3223.7 4.5 329 0 11.4 28.8 10.0 0.0 0 1 4 1 1
-5725.0 -3385.6 7.5 233 0 12.1 9.2 7.5 2.5 2 0 3 2 2
-5780.3 -3596.4 7.8 56 0 12.2 19.7 7.5 2.5 2 1 3 2 2
-5638.5 -3503.5 8.4 56 0 21.4 10.5 7.0 2.5 2 0 2 5 5
-5895.0 -3347.3 7.2 156 0 25.6 12.9 10.0 2.5 2 0 4 2 2
-5666.9 -3448.8 8.1 326 0 12.9 68.2 12.5 2.5 2 1 5 5 5
-5652.5 -3107.7 4.6 326 0 13.1 27.5 7.5 2.5 2 1 3 4 4
-5643.1 -3149.6 4.4 237 0 27.7 11.9 10.0 0.0 0 0 4 4 4
-5576.7 -3207.7 4.3 236 0 12.5 55.5 10.0 2.5 2 1 4 4 4
-5707.3 -3285.2 6.5 235 0 11.3 40.4 7.5 2.5 2 1 3 2 2
-5689.0 -3339.6 6.8 236 0 42.1 11.4 7.5 2.5 2 0 3 1 1
-5780.9 -3391.0 7.1 146 0 12.7 68.6 10.0 2.5 2 1 4 5 5
-5779.3 -3331.2 6.9 237 0 68.9 12.0 7.5 2.5 4 0 3 2 2
-5811.9 -3545.4 8.9 160 0 6.4 8.1 7.5 2.5 2 1 3 1 1
-87.3 -6411.3 1.4 92 0 10.9 15.5 2.5 2.5 2 1 1 4 4
-92.8 -6435.7 1.1 2 0 15.5 10.9 5.0 2.5 2 0 2 3 3
-81.7 -6468.2 1.6 273 0 15.5 10.9 2.5 2.5 2 0 1 0 0
-63.3 -6468.1 2.2 274 0 11.5 10.9 5.0 2.5 2 0 2 0 0
-151.4 -6462.9 0.2 273 0 11.5 10.9 5.0 2.5 2 0 2 1 1
-231.3 -6461.3 -1.2 274 0 11.5 10.9 5.0 2.5 2 0 2 5 5
-222.8 -6422.1 -1.4 273 0 11.5 10.9 5.0 2.5 2 0 2 5 5
-373.8 -6338.6 -2.0 93 0 11.5 10.9 2.5 2.5 2 0 1 4 4
-386.2 -6292.0 -2.1 184 0 10.9 11.5 5.0 2.5 2 1 2 0 0
-5712.2 -3565.5 7.3 146 0 42.0 11.5 7.5 2.5 2 0 3 0 0
-5662.1 -3557.7 7.5 58 0 11.7 42.0 10.0 2.5 2 1 4 4 4
-5652.1 -3578.5 6.9 327 0 11.7 26.9 10.0 2.5 2 1 4 5 5
-5641.3 -3551.4 7.0 236 0 19.1 22.4 5.0 0.0 0 1 2 1 1
-5473.6 -4451.0 5.1 141 0 17.7 8.9 5.0 2.5 2 0 2 1 1
-5494.3 -4428.4 5.2 141 0 17.7 8.9 5.0 2.5 2 0 2 5 5
-5515.0 -4403.1 5.3 141 0 17.7 8.9 5.0 2.5 2 0 2 3 3
-5502.4 -4461.5 5.0 326 0 10.5 10.7 2.5 2.5 2 1 1 0 0
-5493.8 -4474.8 4.9 326 0 10.5 10.7 5.0 2.5 4 1 2 0 0
-5512.8 -4447.9 5.1 324 0 10.5 10.7 2.5 2.5 2 1 1 4 4
-5540.2 -4365.0 5.2 130 0 13.4 10.9 5.0 2.5 2 0 2 4 4
-5581.6 -4298.8 5.3 197 0 23.5 9.9 5.0 2.5 2 0 2 2 2
-5569.4 -4264.8 4.7 222 0 11.6 10.0 7.5 2.5 2 0 3 2 2
-5530.1 -4288.2 4.9 317 0 13.8 9.4 7.5 2.5 2 0 3 5 5
-5487.7 -4336.9 4.7 318 0 18.5 9.1 7.5 2.5 2 0 3 3 3
-5447.7 -4387.2 4.7 318 0 18.9 9.2 7.5 2.5 2 0 3 1 1
-5437.0 -4408.7 4.8 316 0 9.2 9.1 2.5 2.5 2 0 1 4 4
-5425.1 -4421.2 4.9 316 0 9.2 9.1 2.5 2.5 2 0 1 5 5
-5447.9 -4575.4 4.5 6 0 9.2 9.1 2.5 2.5 2 0 1 1 1
-5465.3 -4532.1 4.6 340 0 19.0 10.1 7.5 2.5 2 0 3 0 0
-5477.6 -4610.6 4.4 108 0 9.9 9.5 5.0 2.5 2 0 2 1 1
-5464.0 -4615.0 4.3 108 0 10.1 11.4 2.5 2.5 2 1 1 1 1
-5632.5 -4463.4 5.0 197 0 9.0 19.7 2.5 2.5 2 1 1 3 3
2113.2 3888.2 -2.8 22 0 16.7 8.5 5.0 2.5 2 0 2 4 4
2136.8 3971.0 -2.3 44 0 12.4 13.9 5.0 0.0 0 1 2 5 5
2123.9 3945.8 -2.7 296 0 11.3 11.8 7.5 0.0 0 1 3 2 2
2119.6 3910.4 -2.8 116 0 6.8 21.8 5.0 2.5 4 1 2 4 4
2159.9 4005.8 -2.4 293 0 9.6 36.9 7.5 2.5 2 0 3 2 2
1453.0 -3218.4 4.8 109 0 10.0 20.3 5.0 2.5 2 0 2 2 2
1435.8 -3212.5 4.8 109 0 26.4 8.8 5.0 2.5 2 0 2 3 3
1414.2 -3205.1 4.9 109 0 19.1 11.3 10.0 2.5 2 0 4 5 5
1407.9 -3174.4 5.3 198 0 5.7 14.0 5.0 0.0 0 1 2 5 5
1410.1 -3153.7 5.6 289 0 10.6 12.4 5.0 0.0 0 1 2 0 0
1434.5 -3159.3 5.6 288 0 9.0 6.0 7.5 2.5 2 0 3 3 3
1445.5 -3162.8 5.3 288 0 14.1 23.6 10.0 2.5 4 0 4 0 0
-5812.4 -3534.3 9.1 71 0 4.9 5.7 2.5 2.5 2 1 1 3 3
-5862.3 -3570.0 8.8 98 0 21.8 11.8 7.5 2.5 2 0 3 3 3
-5677.7 -3605.3 6.8 58 0 17.8 13.1 2.5 2.5 2 0 1 4 4
-5802.7 -3388.8 7.7 164 0 6.0 6.6 7.5 2.5 2 1 3 4 4
-5559.3 -3704.6 3.9 122 0 5.9 16.3 5.0 2.5 2 1 2 0 0
6288.0 4101.9 -13.5 271 0 10.2 11.5 2.5 2.5 2 1 1 1 1
6271.7 4130.1 -12.9 91 0 10.4 8.3 5.0 2.5 2 0 2 4 4
6132.4 4052.9 -13.2 85 0 7.4 12.9 5.0 2.5 2 1 2 2 2
6218.5 4110.3 -12.5 271 0 8.1 11.1 2.5 2.5 2 0 1 5 5
6201.5 4105.2 -12.3 267 0 11.3 9.5 5.0 2.5 2 0 2 1 1
6220.1 4128.8 -12.2 92 0 11.0 7.0 5.0 2.5 2 0 2 2 2
6166.1 4094.0 -12.6 270 0 11.1 14.9 2.5 2.5 2 1 1 0 0
6309.8 4101.5 -13.8 272 0 10.5 9.0 5.0 2.5 2 0 2 4 4
6340.5 4089.9 -14.3 272 0 10.7 14.2 5.0 2.5 2 1 2 0 0
6364.3 4100.7 -14.7 272 0 18.7 8.3 5.0 2.5 2 0 2 5 5
6396.5 4098.7 -15.0 273 0 10.4 9.5 5.0 2.5 2 0 2 1 1
6442.4 4040.0 -15.8 6 0 12.4 11.4 5.0 2.5 2 0 2 5 5
6427.0 4130.9 -14.8 93 0 8.7 11.3 5.0 2.5 2 1 2 3 3
6394.3 4126.8 -14.6 90 0 16.2 11.6 2.5 2.5 2 0 1 3 3
6456.8 4102.2 -15.5 273 0 9.7 8.8 5.0 2.5 4 0 2 5 5
6564.3 4072.8 -16.1 277 0 8.8 17.3 2.5 2.5 2 1 1 4 4
6488.4 4128.0 -15.4 93 0 5.1 13.0 5.0 2.5 2 1 2 4 4
6527.9 4137.1 -15.5 93 0 8.4 9.8 5.0 2.5 4 1 2 0 0
6539.8 4114.6 -15.7 96 0 12.4 10.9 5.0 2.5 2 0 2 1 1
6579.0 4107.5 -15.7 97 0 12.3 11.6 2.5 2.5 2 0 1 3 3
6614.2 4075.8 -15.6 279 0 5.9 10.7 5.0 2.5 2 1 2 4 4
6661.7 4057.7 -15.0 277 0 11.2 11.6 5.0 2.5 2 1 2 3 3
6648.4 4089.9 -15.0 99 0 7.2 15.4 5.0 2.5 4 1 2 4 4
6678.3 4098.3 -14.9 93 0 13.4 10.5 2.5 0.0 0 0 1 3 3
6695.3 4056.3 -14.6 278 0 10.8 9.2 2.5 0.0 0 0 1 3 3
6736.3 4073.0 -14.7 92 0 10.5 11.1 5.0 2.5 4 1 2 4 4
6752.3 4079.7 -14.9 92 0 12.3 11.4 5.0 2.5 2 0 2 2 2
6610.1 4098.5 -15.5 93 0 10.1 9.0 2.5 2.5 2 0 1 1 1
6701.7 4042.6 -14.6 280 0 5.5 11.7 5.0 2.5 2 1 2 1 1
6739.8 4047.2 -14.5 278 0 12.1 10.2 2.5 2.5 2 0 1 0 0
6767.4 4040.9 -14.6 277 0 8.6 5.8 2.5 2.5 2 0 1 1 1
6783.9 4034.9 -14.5 278 0 10.4 9.3 5.0 2.5 2 0 2 4 4
6816.5 4022.5 -14.5 276 0 7.8 11.3 2.5 2.5 2 1 1 1 1
6859.9 4014.4 -14.6 274 0 11.1 13.1 5.0 2.5 2 1 2 4 4
6841.5 4004.3 -14.6 281 0 9.7 8.5 2.5 2.5 2 0 1 5 5
6867.2 4042.2 -14.5 96 0 12.3 11.6 5.0 2.5 2 0 2 0 0
6812.5 4060.5 -14.7 98 0 12.1 11.2 5.0 2.5 2 0 2 4 4
6369.3 4133.0 -14.4 93 0 9.0 13.3 2.5 2.5 2 1 1 3 3
6353.4 4128.9 -14.2 92 0 9.2 9.9 5.0 2.5 2 1 2 4 4
6033.6 3996.6 -13.7 264 0 9.4 7.2 5.0 2.5 2 0 2 5 5
5970.3 3965.5 -14.0 179 0 8.9 6.8 5.0 2.5 2 0 2 5 5
5406.3 3620.3 -13.1 238 0 13.2 14.1 5.0 2.5 2 1 2 4 4
6258.3 4295.4 -13.2 4 0 11.0 10.8 7.5 2.5 2 0 3 2 2
6196.7 4323.4 -12.2 188 0 9.2 15.3 5.0 2.5 2 1 2 2 2
6170.6 4298.2 -11.4 2 0 10.9 13.9 5.0 2.5 2 1 2 1 1
6144.1 4185.1 -12.0 1 0 8.0 9.8 2.5 2.5 2 1 1 2 2
6107.9 4202.4 -11.9 273 0 6.3 9.6 2.5 2.5 2 1 1 5 5
6091.4 4172.3 -11.9 90 0 10.4 7.7 5.0 2.5 2 0 2 2 2
6060.4 4176.3 -11.9 181 0 10.4 16.6 2.5 2.5 2 1 1 4 4
6041.2 4134.4 -11.9 91 0 15.8 10.9 5.0 2.5 4 0 2 0 0
6020.1 4134.0 -12.0 92 0 9.7 8.0 5.0 2.5 2 0 2 1 1
6008.9 4134.3 -12.1 92 0 12.8 9.0 5.0 2.5 2 0 2 1 1
6016.1 4108.3 -12.5 270 0 8.5 8.9 7.5 2.5 2 1 3 0 0
5976.0 4090.9 -12.8 270 0 10.9 8.1 2.5 2.5 2 0 1 4 4
5957.2 4104.1 -12.7 269 0 6.1 14.2 2.5 2.5 2 1 1 1 1
5985.4 4133.8 -12.2 91 0 19.1 10.8 5.0 2.5 4 0 2 2 2
5966.3 4178.3 -12.0 273 0 10.8 13.0 5.0 2.5 2 1 2 0 0
5964.8 4135.1 -12.3 91 0 12.7 10.1 5.0 2.5 2 0 2 5 5
5947.5 4144.2 -12.2 93 0 13.0 10.8 2.5 2.5 2 0 1 1 1
5938.0 4109.8 -12.6 269 0 6.2 8.7 2.5 2.5 2 1 1 2 2
5908.7 4138.2 -12.3 92 0 10.1 6.5 5.0 2.5 2 0 2 1 1
5916.0 4110.5 -12.6 271 0 15.4 8.1 2.5 2.5 4 0 1 2 2
5889.9 4139.7 -12.3 93 0 9.5 8.6 2.5 2.5 2 0 1 0 0
5747.2 4141.0 -11.8 91 0 13.6 10.3 5.0 2.5 2 0 2 5 5
5793.8 4139.4 -12.3 92 0 13.4 11.0 2.5 2.5 2 0 1 1 1
5816.6 4140.2 -12.3 91 0 9.2 10.2 7.5 2.5 2 1 3 1 1
5849.5 4155.2 -12.2 93 0 6.8 9.5 5.0 2.5 2 1 2 4 4
5872.0 4174.4 -12.2 271 0 14.1 10.9 5.0 2.5 2 0 2 0 0
5864.5 4096.3 -12.8 270 0 15.5 8.3 2.5 2.5 2 0 1 0 0
5828.6 4110.5 -12.6 271 0 10.2 14.3 2.5 2.5 2 1 1 5 5
5808.7 4111.5 -12.5 271 0 14.2 6.3 5.0 2.5 2 0 2 2 2
5786.4 4112.0 -12.5 270 0 10.7 7.3 7.5 2.5 2 0 3 5 5
5777.0 4106.2 -12.5 270 0 6.6 11.7 2.5 2.5 2 0 1 4 4
5840.6 4191.5 -12.2 273 0 14.1 17.2 5.0 2.5 2 1 2 2 2
5719.2 4103.2 -12.1 271 0 13.6 9.8 5.0 2.5 2 0 2 2 2
5711.0 4142.2 -11.6 94 0 12.0 9.0 5.0 2.5 4 0 2 0 0
5683.0 4112.6 -11.8 270 0 9.4 9.0 5.0 2.5 2 0 2 5 5
5665.6 4142.0 -11.3 98 0 11.4 9.5 2.5 2.5 2 0 1 4 4
5626.6 4107.4 -11.3 270 0 13.3 9.2 5.0 2.5 2 0 2 2 2
5601.5 4118.4 -10.9 271 0 9.8 5.3 5.0 2.5 2 0 2 5 5
5571.7 4104.6 -11.0 266 0 14.1 10.5 5.0 0.0 0 0 2 1 1
5616.3 4143.5 -10.7 94 0 6.6 10.5 5.0 2.5 2 1 2 3 3
5578.5 4146.9 -10.5 96 0 9.0 10.3 5.0 2.5 2 1 2 4 4
5535.4 4142.9 -10.3 92 0 13.3 10.5 5.0 2.5 2 0 2 2 2
5520.0 4143.4 -10.3 92 0 8.1 7.8 5.0 2.5 2 0 2 2 2
5502.0 4142.0 -10.3 93 0 12.7 11.2 2.5 2.5 2 0 1 0 0
5504.7 4102.5 -10.6 268 0 11.2 12.2 2.5 2.5 2 1 1 5 5
5485.7 4115.2 -10.4 271 0 13.5 9.7 5.0 2.5 2 0 2 0 0
5461.1 4145.4 -9.9 92 0 9.4 9.4 5.0 2.5 2 0 2 2 2
5444.3 4116.1 -9.9 270 0 10.5 8.4 5.0 2.5 4 0 2 1 1
5415.0 4116.6 -9.6 266 0 10.8 8.4 5.0 2.5 2 0 2 5 5
5367.1 4111.8 -9.1 263 0 7.9 6.7 2.5 2.5 2 0 1 2 2
5297.9 4114.3 -8.2 271 0 9.9 7.2 2.5 2.5 2 0 1 1 1
5275.2 4121.9 -7.7 272 0 12.8 13.5 5.0 2.5 2 1 2 2 2
5229.8 4152.8 -5.5 91 0 12.3 7.0 5.0 2.5 2 0 2 0 0
5286.0 4165.9 -7.4 92 0 6.0 12.7 5.0 2.5 2 1 2 4 4
5314.6 4165.2 -8.5 93 0 9.9 7.0 2.5 2.5 2 0 1 5 5
5368.2 4146.5 -9.1 93 0 10.7 13.4 5.0 2.5 2 1 2 4 4
5387.3 4150.3 -9.3 91 0 10.4 9.7 2.5 2.5 2 0 1 0 0
5402.6 4148.3 -9.4 94 0 6.6 11.3 2.5 2.5 2 1 1 5 5
5441.2 4145.2 -9.6 95 0 10.0 8.9 5.0 2.5 2 0 2 5 5
5663.8 4113.4 -11.7 270 0 15.8 11.3 5.0 2.5 2 0 2 5 5
-6844.5 -4165.9 4.4 206 0 12.2 9.5 7.5 2.5 2 0 3 3 3
-6850.7 -4182.3 4.5 206 0 10.1 6.5 2.5 2.5 2 0 1 5 5
-6815.0 -4172.8 4.2 296 0 10.7 12.1 7.5 0.0 0 1 3 2 2
-6804.3 -4189.8 4.1 296 0 11.8 13.5 2.5 2.5 2 1 1 5 5
-6788.5 -4191.2 4.0 296 0 9.3 19.1 2.5 2.5 2 1 1 5 5
-6762.3 -4202.5 3.9 296 0 6.1 9.7 5.0 2.5 2 0 2 4 4
-6768.8 -4201.0 3.9 296 0 6.9 8.2 7.5 2.5 2 0 3 4 4
-6756.7 -4222.6 3.9 296 0 4.4 9.6 5.0 2.5 2 0 2 1 1
-6753.8 -4207.3 3.9 296 0 7.4 4.9 7.5 2.5 4 0 3 3 3
-6753.6 -4212.9 3.9 296 0 7.3 10.1 7.5 2.5 2 0 3 1 1
-6756.8 -4243.5 3.8 296 0 4.6 7.5 5.0 2.5 2 0 2 2 2
-6749.2 -4246.7 3.7 296 0 11.9 8.0 2.5 2.5 2 0 1 2 2
-6710.3 -4229.9 3.8 296 0 4.7 10.6 5.0 2.5 2 0 2 1 1
-6716.5 -4225.8 3.8 296 0 10.2 10.3 5.0 2.5 2 0 2 4 4
-6770.1 -4290.4 3.7 116 0 9.9 9.6 2.5 2.5 2 0 1 5 5
-6753.7 -4298.7 3.6 116 0 9.3 8.9 2.5 2.5 2 0 1 3 3
-6732.1 -4299.0 3.6 116 0 5.5 6.6 7.5 2.5 4 1 3 1 1
-6721.5 -4315.2 3.5 116 0 14.2 15.3 7.5 0.0 0 1 3 3 3
-6701.6 -4284.3 3.6 26 0 6.0 11.0 2.5 2.5 2 0 1 1 1
-6695.9 -4290.0 3.7 26 0 11.1 7.6 7.5 2.5 4 0 3 5 5
-6708.0 -4309.3 3.5 116 0 4.8 17.1 2.5 2.5 2 0 1 5 5
-6685.0 -4264.8 4.0 296 0 4.3 8.3 5.0 2.5 2 0 2 3 3
-6685.2 -4243.1 3.9 296 0 13.8 11.0 5.0 2.5 2 0 2 2 2
-6678.4 -4262.9 3.9 296 0 5.9 13.0 5.0 2.5 2 0 2 1 1
-6673.2 -4277.1 3.8 26 0 5.1 8.1 5.0 2.5 2 0 2 3 3
-6681.0 -4317.0 3.8 26 0 9.7 7.1 5.0 2.5 4 0 2 0 0
-6653.8 -4258.2 3.5 296 0 11.6 13.7 5.0 2.5 2 1 2 3 3
-6668.4 -4293.2 3.8 26 0 10.0 11.3 2.5 2.5 2 1 1 1 1
-1990.0 -6401.4 2.8 182 0 14.5 16.2 10.0 2.5 2 1 4 3 3
-2019.5 -6435.3 3.5 2 0 12.3 13.2 5.0 2.5 2 1 2 1 1
-4839.1 -6717.6 2.2 159 0 9.2 8.1 5.0 2.5 2 0 2 1 1
-4845.7 -6676.3 2.0 162 0 11.1 10.2 5.0 2.5 2 0 2 1 1
-4865.4 -6599.0 2.2 253 0 8.2 15.5 2.5 2.5 2 1 1 4 4
-4888.2 -6612.6 2.5 163 0 11.0 6.9 2.5 2.5 2 0 1 3 3
-4868.0 -6494.4 1.9 253 0 10.4 12.8 5.0 2.5 2 1 2 5 5
-4840.5 -6486.1 1.9 253 0 9.7 10.4 5.0 2.5 2 1 2 1 1
-4959.0 -6497.8 2.3 73 0 11.0 12.2 7.5 2.5 2 1 3 5 5
-4966.4 -6451.0 2.6 163 0 9.6 13.7 7.5 2.5 2 1 3 2 2
-4922.3 -6461.8 2.4 343 0 10.6 9.9 7.5 2.5 2 0 3 0 0
-4960.6 -6533.3 2.5 253 0 9.2 9.4 7.5 2.5 2 1 3 2 2
-4938.5 -6409.7 2.2 343 0 8.3 10.2 7.5 0.0 0 1 3 1 1
-4975.0 -6386.9 3.1 163 0 12.6 10.3 7.5 2.5 2 0 3 1 1
-4989.8 -6159.7 2.0 163 0 14.4 8.9 2.5 2.5 4 0 1 3 3
-4930.8 -6199.5 2.0 73 0 11.0 25.7 7.5 2.5 2 1 3 5 5
-5003.1 -6115.1 2.2 163 0 12.6 10.1 2.5 2.5 2 0 1 4 4
-5021.8 -6131.0 2.0 73 0 9.4 11.2 7.5 2.5 2 1 3 1 1
-5099.7 -6076.4 1.1 253 0 11.4 10.9 7.5 2.5 2 0 3 0 0
-5079.9 -6069.8 1.1 253 0 10.7 10.5 5.0 2.5 2 0 2 1 1
-5090.0 -6114.7 1.5 73 0 11.1 9.3 5.0 2.5 2 0 2 0 0
-5085.3 -6142.2 2.1 73 0 12.0 6.6 7.5 2.5 4 0 3 3 3
-5134.1 -6127.2 1.5 73 0 9.5 9.7 5.0 2.5 2 1 2 1 1
-5109.2 -6121.7 1.5 73 0 10.1 10.5 5.0 2.5 2 1 2 3 3
-5176.2 -6129.3 1.5 253 0 14.0 10.7 5.0 2.5 2 0 2 5 5
-5157.8 -6130.8 1.5 163 0 11.6 10.2 10.0 2.5 2 0 4 3 3
-5184.1 -5999.7 1.2 253 0 17.4 10.4 2.5 0.0 0 0 1 0 0
-5195.6 -6042.1 1.1 73 0 10.2 9.5 7.5 2.5 2 0 3 5 5
-5257.0 -6132.5 1.1 73 0 11.0 13.0 5.0 2.5 2 1 2 4 4
-5244.6 -6061.3 1.3 73 0 12.2 12.4 7.5 0.0 0 1 3 1 1
-5292.2 -6163.2 1.5 253 0 9.7 10.4 5.0 2.5 4 1 2 5 5
-5302.4 -6189.7 1.8 73 0 11.8 7.1 2.5 2.5 2 0 1 0 0
-5269.6 -6157.3 1.5 253 0 10.0 10.3 5.0 2.5 2 1 2 4 4
-5250.9 -6151.0 1.5 253 0 11.3 9.6 7.5 2.5 2 0 3 0 0
-5296.5 -6145.8 1.2 73 0 9.4 10.1 7.5 2.5 2 1 3 3 3
-5317.5 -6149.8 1.3 73 0 10.8 9.7 7.5 2.5 2 0 3 3 3
-5339.0 -6088.6 1.8 73 0 12.2 9.3 7.5 2.5 2 0 3 0 0
-5324.3 -6077.4 1.8 73 0 12.9 8.9 2.5 2.5 2 0 1 0 0
-5337.5 -6011.0 2.2 193 0 12.5 10.8 2.5 0.0 0 0 1 0 0
-5313.2 -5911.3 2.6 193 0 12.2 10.9 5.0 2.5 2 0 2 5 5
-5315.7 -5933.2 2.5 193 0 11.5 13.7 5.0 2.5 2 1 2 0 0
-5323.4 -5954.9 2.4 193 0 8.8 13.0 7.5 2.5 4 1 3 1 1
-5383.3 -5797.5 4.9 193 0 9.5 10.7 2.5 2.5 2 1 1 1 1
-5327.6 -5827.1 4.7 13 0 9.4 4.5 5.0 2.5 2 0 2 0 0
-5323.9 -5881.6 3.0 13 0 9.8 12.2 7.5 0.0 0 1 3 2 2
-5289.0 -5808.5 4.8 193 0 12.4 9.5 5.0 2.5 2 0 2 1 1
-5420.2 -5752.2 4.7 110 0 6.5 5.3 7.5 2.5 2 0 3 5 5
-5399.5 -5748.6 4.8 20 0 12.4 10.1 5.0 2.5 2 0 2 4 4
-5490.6 -5846.5 4.4 289 0 8.9 12.3 5.0 2.5 2 1 2 0 0
-5432.0 -5918.8 3.5 16 0 4.8 8.7 7.5 2.5 2 1 3 0 0
-5454.9 -6251.7 2.5 20 0 5.9 4.7 5.0 2.5 2 0 2 0 0
-5473.9 -6397.9 1.6 51 0 13.0 12.4 7.5 2.5 2 0 3 4 4
-5454.4 -6355.8 2.4 326 0 11.2 10.0 5.0 2.5 2 0 2 5 5
-5562.4 -5894.1 3.9 107 0 11.8 8.2 5.0 2.5 2 0 2 2 2
-5577.7 -5761.1 3.7 200 0 11.8 10.8 5.0 2.5 2 0 2 5 5
-5547.4 -5679.9 3.7 197 0 4.8 9.5 7.5 2.5 2 1 3 0 0
-5505.7 -5677.9 3.7 198 0 15.8 9.2 7.5 2.5 4 0 3 1 1
-5529.0 -5616.6 3.9 18 0 9.8 10.1 2.5 2.5 2 1 1 1 1
-5505.1 -5585.4 3.7 197 0 7.4 19.8 2.5 2.5 2 1 1 3 3
-5471.7 -5498.7 3.6 197 0 24.0 14.6 7.5 2.5 2 0 3 4 4
-5464.4 -5408.5 3.0 17 0 12.8 11.3 7.5 0.0 0 0 3 3 3
-5483.7 -5468.0 3.4 17 0 12.4 9.2 2.5 2.5 2 0 1 1 1
-5320.3 -5396.1 3.5 345 0 12.7 8.8 5.0 2.5 2 0 2 2 2
-5314.4 -5429.7 3.8 345 0 9.7 11.5 7.5 2.5 2 1 3 2 2
-5294.6 -5527.7 4.2 346 0 10.2 13.7 2.5 2.5 2 1 1 3 3
-5159.9 -5625.1 5.1 345 0 9.8 11.7 5.0 2.5 2 1 2 1 1
-5157.5 -5667.5 5.2 75 0 8.3 11.4 7.5 2.5 2 1 3 1 1
-5231.6 -5400.0 3.9 255 0 10.7 10.4 10.0 2.5 2 0 4 0 0
-5119.2 -5483.7 4.4 165 0 11.8 12.0 7.5 2.5 2 1 3 4 4
-5031.8 -5996.9 0.3 79 0 11.5 10.1 7.5 0.0 0 0 3 5 5
-4988.1 -5897.2 1.2 74 0 8.7 9.9 5.0 2.5 2 1 2 2 2
-5149.1 -6033.7 0.8 74 0 11.4 11.8 5.0 2.5 4 1 2 5 5
-5115.0 -6021.1 0.6 73 0 9.4 12.4 2.5 0.0 0 1 1 4 4
-5097.6 -6018.2 0.5 72 0 10.7 9.8 2.5 2.5 4 0 1 0 0
-5119.8 -6046.9 0.7 254 0 9.0 8.7 5.0 2.5 2 0 2 0 0
-5349.8 -5964.6 2.6 12 0 13.9 11.9 7.5 0.0 0 0 3 0 0
-5296.6 -5736.8 5.4 288 0 14.7 9.6 7.5 2.5 2 0 3 0 0
-1919.9 462.1 -3.2 243 0 12.0 10.1 7.5 2.5 2 0 3 4 4
-1888.3 479.5 -2.9 244 0 7.5 13.5 7.5 2.5 4 1 3 2 2
-6389.0 -4806.0 3.1 214 0 12.7 32.2 7.5 2.5 2 1 3 0 0
-6054.2 -5296.4 3.0 106 0 12.2 11.2 5.0 2.5 2 0 2 4 4
-6047.8 -5154.3 3.6 196 0 13.5 12.2 5.0 2.5 2 0 2 3 3
-6061.2 -5318.7 2.8 287 0 12.2 11.2 5.0 2.5 2 0 2 1 1
-5035.0 -5778.1 4.2 175 0 12.1 12.6 5.0 2.5 4 1 2 0 0
-5031.6 -5729.4 4.8 75 0 10.9 17.2 5.0 2.5 2 1 2 1 1
6940.7 2266.3 -18.7 79 0 9.2 8.5 5.0 0.0 0 0 2 0 0
6839.0 2276.8 -19.7 347 0 10.8 12.6 7.5 2.5 2 1 3 1 1
6813.5 2243.2 -18.7 76 0 3.4 10.1 5.0 0.0 0 1 2 3 3
6811.8 2226.1 -18.5 257 0 5.5 7.2 7.5 2.5 2 1 3 3 3
6712.0 2225.2 -18.5 75 0 7.7 10.3 7.5 2.5 2 1 3 1 1
6691.4 2259.5 -18.8 257 0 8.4 10.7 5.0 2.5 2 1 2 2 2
6710.0 2172.8 -19.0 75 0 7.0 7.9 5.0 2.5 2 1 2 5 5
6645.5 2158.1 -19.3 169 0 9.0 12.7 7.5 2.5 2 1 3 2 2
6646.0 2110.2 -18.9 162 0 7.6 9.8 2.5 2.5 2 1 1 1 1
6748.9 2992.9 -24.2 87 0 9.1 12.2 2.5 2.5 2 1 1 5 5
6698.7 2899.4 -24.1 360 0 10.6 12.3 10.0 2.5 2 1 4 3 3
6614.8 2957.1 -23.7 97 0 11.9 11.7 7.5 2.5 2 0 3 5 5
6558.4 2922.4 -22.4 264 0 9.9 5.3 7.5 2.5 2 0 3 5 5
6361.6 3015.2 -23.8 187 0 36.1 13.1 10.0 2.5 2 0 4 0 0
6358.5 2991.5 -24.0 187 0 11.9 16.1 5.0 2.5 2 0 2 3 3
6383.9 2936.6 -24.6 92 0 11.0 8.5 5.0 2.5 2 0 2 1 1
6388.8 2882.7 -25.3 254 0 13.6 11.0 5.0 2.5 2 0 2 0 0
6359.2 2871.3 -25.1 164 0 10.9 15.8 5.0 2.5 2 1 2 1 1
6342.0 2932.6 -24.8 98 0 9.0 11.0 5.0 2.5 2 1 2 0 0
6177.6 2917.8 -23.8 91 0 15.1 10.7 10.0 2.5 2 0 4 2 2
6164.1 2883.4 -23.6 271 0 4.7 18.4 7.5 2.5 2 1 3 2 2
6147.7 2882.6 -23.4 271 0 9.4 9.0 7.5 2.5 2 0 3 0 0
5685.1 2788.6 -22.7 359 0 10.8 11.7 5.0 2.5 2 1 2 4 4
5645.8 2895.6 -21.8 91 0 9.4 9.8 5.0 2.5 2 1 2 2 2
5608.7 2905.4 -21.6 88 0 6.3 11.4 2.5 2.5 2 1 1 0 0
5588.3 2904.6 -21.4 88 0 6.6 13.7 7.5 2.5 2 1 3 2 2
5552.8 2885.1 -21.0 89 0 11.6 7.8 2.5 2.5 2 0 1 0 0
5502.7 3054.7 -18.4 353 0 12.0 9.5 5.0 2.5 2 0 2 0 0
5502.8 3021.3 -18.9 81 0 15.9 14.2 2.5 2.5 2 0 1 4 4
5533.2 2901.8 -20.6 86 0 9.0 24.5 2.5 2.5 2 1 1 1 1
5513.4 2889.7 -20.4 85 0 14.4 8.7 7.5 2.5 2 0 3 1 1
5454.9 2902.0 -19.3 171 0 10.1 7.3 2.5 2.5 2 0 1 3 3
5490.0 2854.7 -20.9 269 0 8.1 5.8 7.5 0.0 0 0 3 4 4
5575.2 2847.4 -21.6 268 0 11.5 7.1 5.0 2.5 2 0 2 2 2
5607.8 2853.8 -22.0 266 0 12.3 16.4 5.0 2.5 2 1 2 4 4
5673.3 2896.9 -22.0 91 0 10.3 6.8 5.0 2.5 2 0 2 1 1
5706.3 2901.9 -22.1 91 0 12.4 10.9 2.5 2.5 2 0 1 5 5
5893.5 2858.1 -21.3 271 0 7.4 10.5 5.0 2.5 2 1 2 3 3
6068.4 2921.6 -22.7 92 0 6.6 24.1 2.5 0.0 0 1 1 1 1
6034.4 2943.9 -22.3 182 0 10.5 6.2 7.5 0.0 0 0 3 5 5
5389.5 2849.7 -16.6 264 0 6.2 15.8 2.5 2.5 4 1 1 5 5
5805.8 2874.3 -22.2 270 0 8.0 6.4 7.5 2.5 4 0 3 2 2
5818.1 2951.4 -22.1 270 0 3.0 11.0 5.0 0.0 0 1 2 4 4
5811.6 2913.8 -22.1 89 0 5.4 7.2 7.5 2.5 2 1 3 2 2
5240.5 2820.0 -10.9 260 0 8.7 8.7 2.5 2.5 2 0 1 2 2
5645.0 2855.8 -22.1 271 0 17.7 8.7 5.0 2.5 2 0 2 0 0
5689.4 2862.4 -22.3 271 0 10.0 9.3 2.5 2.5 2 0 1 2 2
5706.6 2870.9 -22.4 270 0 12.1 11.7 7.5 2.5 2 0 3 3 3
5748.9 2875.1 -22.5 269 0 10.0 9.8 5.0 2.5 2 0 2 5 5
5897.4 2876.6 -21.2 271 0 9.0 8.6 5.0 2.5 4 0 2 2 2
6012.5 2877.4 -21.7 269 0 10.2 7.5 5.0 2.5 2 0 2 2 2
5941.6 2904.7 -21.5 88 0 7.5 8.9 2.5 2.5 2 1 1 5 5
5914.6 2873.0 -21.0 273 0 10.9 9.6 7.5 2.5 2 0 3 0 0
6091.3 2915.7 -22.9 91 0 10.4 10.2 7.5 0.0 0 0 3 0 0
5962.6 2850.4 -21.0 90 0 6.9 8.7 7.5 2.5 2 1 3 1 1
5879.1 2831.0 -21.5 91 0 14.8 10.0 5.0 2.5 2 0 2 5 5
5861.1 2901.4 -21.7 90 0 9.4 8.0 5.0 0.0 0 0 2 1 1
6210.2 2911.8 -24.0 89 0 8.5 7.7 5.0 2.5 2 0 2 2 2
5983.4 2875.4 -21.3 269 0 8.6 6.7 2.5 2.5 2 0 1 1 1
6060.7 2880.8 -22.3 273 0 11.1 8.6 5.0 2.5 2 0 2 3 3
6124.4 2882.2 -23.1 269 0 11.7 9.3 7.5 2.5 2 0 3 3 3
6311.8 2926.5 -24.2 93 0 5.0 10.7 7.5 2.5 2 1 3 5 5
6298.7 2949.8 -24.1 271 0 11.1 8.1 7.5 2.5 2 0 3 3 3
6294.4 2911.3 -24.0 91 0 5.2 12.1 7.5 2.5 2 1 3 0 0
2293.3 4196.6 -2.6 303 0 24.9 18.1 10.0 2.5 2 0 4 0 0
5439.5 4159.5 -9.5 92 0 5.1 36.5 5.0 2.5 4 1 2 4 4
5385.3 4165.5 -9.4 92 0 7.5 21.1 7.5 2.5 2 1 3 3 3
5322.6 4169.5 -8.7 94 0 5.7 19.1 5.0 0.0 0 0 2 5 5
6385.4 4086.5 -15.0 273 0 4.6 11.1 5.0 0.0 0 1 2 2 2
6410.5 4049.4 -15.3 94 0 5.8 12.8 7.5 2.5 2 1 3 1 1
6276.8 4061.2 -14.0 181 0 9.9 14.2 7.5 2.5 2 1 3 0 0
6240.0 4092.4 -12.9 270 0 11.5 10.9 2.5 2.5 2 0 1 2 2
5670.6 4096.0 -11.9 270 0 6.1 11.3 2.5 2.5 2 0 1 1 1
5364.9 4161.7 -9.2 93 0 7.3 23.5 2.5 2.5 2 1 1 1 1
5336.2 4204.9 -9.1 272 0 29.7 7.6 5.0 2.5 2 0 2 3 3
5243.7 4183.8 -4.6 272 0 8.9 5.1 5.0 2.5 2 0 2 2 2
5779.7 4181.2 -12.3 3 0 8.5 25.8 7.5 0.0 0 1 3 2 2
6221.1 4355.7 -12.1 4 0 7.5 18.2 5.0 2.5 2 1 2 3 3
6870.4 3476.1 -16.6 101 0 11.0 12.4 5.0 2.5 2 1 2 3 3
5680.5 4092.6 -11.9 270 0 13.6 4.1 2.5 2.5 2 0 1 3 3
-6842.0 -3541.6 6.1 343 0 4.5 10.5 10.5 0.0 0 0 3 5 5
-6885.3 -3572.5 5.5 171 0 10.1 8.7 10.5 3.5 2 0 3 3 3
-6879.8 -3236.5 4.3 178 0 6.1 11.1 7.5 2.5 2 0 3 4 4
-6906.5 -3386.8 4.8 268 0 5.0 7.1 5.0 2.5 2 1 2 5 5
-6903.2 -3323.4 4.5 267 0 7.8 8.9 5.0 2.5 2 0 2 2 2
-6927.8 -3424.3 4.6 178 0 5.2 11.2 5.0 2.5 4 0 2 1 1
-6934.2 -3499.2 4.8 266 0 9.8 10.4 2.5 2.5 2 1 1 5 5
-6864.1 -3384.0 5.8 267 0 9.7 10.2 5.0 2.5 2 1 2 1 1
-6906.6 -3512.4 5.6 165 0 6.8 16.4 10.5 0.0 0 1 3 3 3
-6941.6 -3251.5 3.3 177 0 5.0 10.0 5.0 2.5 2 1 2 3 3
-6844.4 -3383.1 6.2 268 0 10.2 10.6 5.0 2.5 2 1 2 4 4
-6872.7 -3466.1 6.0 86 0 3.4 10.4 5.0 0.0 0 1 2 3 3
-6918.1 -3285.6 4.0 89 0 4.2 6.3 5.0 2.5 2 0 2 4 4
-6881.1 -3500.8 6.0 265 0 7.5 10.2 10.5 0.0 0 1 3 4 4
-6951.5 -3538.9 4.7 206 0 7.5 15.1 5.0 2.5 2 1 2 3 3
-6854.5 -3317.2 5.6 268 0 4.5 12.9 5.0 0.0 0 0 2 4 4
-6901.8 -3430.4 5.1 360 0 7.0 5.6 7.5 2.5 2 0 3 4 4
-6911.2 -3321.6 4.3 268 0 8.0 9.1 5.0 2.5 2 0 2 1 1
-6894.1 -3538.8 5.9 164 0 3.7 12.3 10.5 3.5 2 0 3 3 3
-6880.0 -3516.3 6.1 254 0 10.2 13.6 14.0 3.5 2 1 4 0 0
-6892.2 -3385.0 5.1 268 0 8.8 8.4 7.5 2.5 2 0 3 4 4
-6863.7 -3437.2 6.1 267 0 9.8 10.2 7.5 2.5 4 0 3 5 5
-6841.5 -3536.8 6.2 343 0 4.5 12.8 10.5 3.5 2 0 3 3 3
-6952.4 -3456.9 4.2 265 0 11.1 3.3 7.5 2.5 2 0 3 4 4
-6865.1 -3519.3 6.3 253 0 4.6 11.4 10.5 3.5 2 0 3 4 4
-6870.8 -3443.1 6.0 269 0 5.5 8.3 5.0 2.5 2 0 2 5 5
-6838.1 -3257.0 5.1 356 0 10.5 12.3 7.5 2.5 2 0 3 5 5
-6942.7 -3521.5 4.8 172 0 7.2 5.9 7.5 0.0 0 0 3 1 1
-6947.1 -3325.1 3.6 178 0 8.9 8.0 7.5 2.5 2 0 3 5 5
-6844.8 -3571.8 5.8 73 0 3.8 7.3 10.5 3.5 2 0 3 0 0
-6940.4 -3287.9 3.5 178 0 7.9 9.4 5.0 2.5 2 1 2 1 1
-6901.1 -3540.0 5.8 163 0 5.4 7.1 10.5 3.5 2 0 3 2 2
-6934.3 -3226.5 3.2 269 0 5.0 11.3 5.0 2.5 2 1 2 0 0
-6924.9 -3384.5 4.3 267 0 10.7 9.8 2.5 2.5 2 0 1 1 1
-6935.3 -3320.3 3.7 268 0 8.0 12.2 5.0 2.5 2 0 2 0 0
-6902.3 -3285.8 4.2 359 0 10.3 9.8 2.5 2.5 4 0 1 2 2
-6941.1 -3268.3 3.4 177 0 6.0 9.9 7.5 2.5 2 1 3 4 4
-6952.7 -3422.8 3.9 88 0 8.2 9.7 7.5 2.5 2 1 3 3 3
-6927.3 -3320.0 3.9 268 0 8.0 11.8 5.0 0.0 0 0 2 1 1
-6863.9 -3480.8 6.3 88 0 8.9 4.9 7.5 2.5 2 0 3 0 0
-6870.0 -3502.9 6.3 250 0 4.6 8.2 10.5 0.0 0 1 3 0 0
-6890.6 -3463.0 5.6 85 0 4.2 12.5 7.5 2.5 2 1 3 2 2
-6918.7 -3524.1 5.1 344 0 4.3 17.1 5.0 2.5 2 0 2 2 2
-6851.3 -3409.1 6.2 88 0 9.7 6.2 7.5 2.5 2 0 3 1 1
-6842.2 -3250.8 5.0 356 0 4.4 8.7 2.5 0.0 0 0 1 2 2
-6862.5 -3317.6 5.4 267 0 4.4 13.0 5.0 2.5 2 0 2 3 3
-6861.4 -3515.1 6.4 253 0 4.9 6.7 10.5 3.5 2 0 3 1 1
-6926.2 -3276.0 3.8 178 0 7.3 6.0 5.0 2.5 2 0 2 4 4
-6847.6 -3515.8 6.4 343 0 4.2 10.6 10.5 3.5 4 0 3 3 3
-6903.7 -3234.8 3.8 359 0 6.5 11.3 5.0 0.0 0 1 2 1 1
-6924.5 -3394.3 4.4 267 0 10.7 9.8 7.5 2.5 2 0 3 1 1
-6850.8 -3566.8 5.9 73 0 4.9 11.7 10.5 3.5 2 0 3 1 1
-6846.5 -3317.0 5.8 267 0 4.4 12.6 7.5 2.5 2 0 3 0 0
-6903.0 -3250.9 4.0 359 0 9.1 9.5 7.5 2.5 2 1 3 5 5
-6848.4 -3578.7 5.7 163 0 11.1 3.5 10.5 3.5 2 0 3 1 1
-6902.6 -3268.9 4.1 358 0 8.9 9.6 2.5 2.5 4 1 1 0 0
-6870.5 -3578.8 5.7 75 0 5.7 14.4 10.5 3.5 2 1 3 5 5
-6897.1 -3448.3 5.3 355 0 7.2 8.2 7.5 2.5 4 1 3 5 5
6477.0 4147.8 -15.1 93 0 13.5 7.0 5.0 2.5 2 0 2 1 1
5550.2 2933.3 -20.7 271 0 12.3 6.9 7.5 2.5 2 0 3 3 3
6607.7 4107.6 -15.5 93 0 3.9 18.8 7.5 0.0 0 0 3 5 5
6348.1 4141.0 -14.1 96 0 5.0 21.2 7.5 2.5 4 0 3 0 0
5634.0 4153.1 -10.9 93 0 4.8 13.7 2.5 2.5 2 1 1 5 5
5570.0 2810.1 -21.7 87 0 5.3 13.8 7.5 2.5 2 1 3 3 3
5609.7 4879.2 -10.3 11 0 6.5 6.7 7.5 2.5 2 1 3 2 2
5717.3 2925.7 -22.1 2 0 7.4 7.2 5.0 2.5 4 0 2 0 0
6156.3 4326.3 -11.2 181 0 10.9 5.1 7.5 2.5 4 0 3 5 5
5485.5 4886.1 -7.4 195 0 8.0 5.3 2.5 2.5 2 0 1 0 0
6216.3 4341.5 -12.1 274 0 5.8 15.3 7.5 2.5 2 1 3 5 5
5532.2 4157.6 -10.3 96 0 4.3 20.9 7.5 2.5 2 1 3 4 4
5537.2 4925.7 -9.0 285 0 5.3 8.0 5.0 2.5 2 1 2 0 0
6023.9 3973.8 -13.9 91 0 5.0 10.4 5.0 2.5 2 1 2 3 3
5514.5 4153.6 -10.3 91 0 4.5 12.4 2.5 0.0 0 1 1 4 4
6759.3 4003.3 -14.7 94 0 11.2 5.5 5.0 0.0 0 0 2 1 1
6756.4 3034.0 -23.6 268 0 18.8 10.0 7.5 2.5 4 0 3 0 0
5942.9 2875.1 -21.1 270 0 4.4 11.7 7.5 2.5 2 1 3 1 1
5495.0 4060.7 -10.8 358 0 6.3 13.6 7.5 2.5 2 1 3 2 2
6876.3 4069.7 -14.7 5 0 7.4 12.5 7.5 2.5 2 1 3 1 1
6234.8 4152.5 -12.5 92 0 5.1 8.0 5.0 2.5 2 1 2 0 0
5630.3 4913.8 -10.9 279 0 8.2 7.6 5.0 2.5 2 0 2 1 1
5486.4 4177.1 -10.0 93 0 13.7 7.2 5.0 2.5 2 0 2 0 0
5448.3 4074.7 -10.3 85 0 10.9 6.8 5.0 0.0 0 0 2 0 0
5451.8 2937.7 -19.1 177 0 8.5 13.4 7.5 2.5 2 1 3 4 4
5846.9 2902.0 -21.9 90 0 9.1 8.6 5.0 2.5 2 0 2 3 3
5905.8 4174.5 -12.1 271 0 9.2 7.1 7.5 2.5 2 0 3 1 1
5992.3 4097.8 -12.7 271 0 4.5 9.4 5.0 2.5 2 0 2 1 1
5624.6 4886.6 -10.3 15 0 6.1 7.1 2.5 2.5 2 1 1 3 3
6880.3 3465.3 -16.6 192 0 5.7 20.2 5.0 2.5 2 1 2 5 5
5803.7 4155.2 -12.3 93 0 4.5 12.2 5.0 0.0 0 0 2 1 1
6431.7 2867.6 -25.0 71 0 4.7 9.9 7.5 2.5 2 1 3 5 5
6259.4 2916.2 -24.0 89 0 4.9 11.0 2.5 0.0 0 1 1 4 4
5694.9 2938.0 -22.0 181 0 4.0 22.1 7.5 2.5 2 1 3 5 5
5467.0 4174.2 -9.7 93 0 3.8 10.6 7.5 2.5 4 0 3 2 2
5472.7 4225.0 -9.6 273 0 8.4 13.6 5.0 2.5 2 1 2 3 3
6138.7 2868.9 -23.2 271 0 5.9 20.6 5.0 2.5 2 0 2 3 3
6598.6 2980.0 -23.2 274 0 9.3 5.0 7.5 2.5 4 0 3 5 5
5470.6 4162.3 -9.9 93 0 4.9 22.2 2.5 2.5 2 0 1 2 2
6687.1 4033.7 -14.7 276 0 11.2 4.8 2.5 2.5 2 0 1 3 3
6612.5 4126.0 -15.6 96 0 10.6 6.6 2.5 2.5 2 0 1 5 5
5929.1 4098.4 -12.9 269 0 5.6 19.5 7.5 2.5 2 0 3 5 5
5697.1 4152.9 -11.6 93 0 4.3 15.0 5.0 2.5 2 1 2 0 0
6392.2 4140.9 -14.5 94 0 5.1 19.2 5.0 2.5 2 1 2 2 2
5479.0 4158.7 -10.0 88 0 4.3 12.1 5.0 2.5 2 1 2 0 0
5664.2 4159.3 -11.3 92 0 4.0 11.7 5.0 2.5 2 1 2 1 1
6688.3 2853.9 -23.3 87 0 4.5 22.5 2.5 2.5 2 1 1 0 0
5966.5 4091.1 -12.9 273 0 4.3 15.5 5.0 2.5 2 1 2 5 5
6050.8 4147.2 -11.9 93 0 3.9 19.0 2.5 2.5 4 0 1 0 0
6412.8 4023.7 -15.5 97 0 4.5 14.6 7.5 2.5 2 1 3 4 4
6144.7 2868.8 -23.3 271 0 6.2 15.7 2.5 0.0 0 0 1 1 1
6754.7 4031.5 -14.7 276 0 5.1 13.5 7.5 2.5 2 0 3 4 4
6674.7 4046.9 -14.8 278 0 4.2 17.5 2.5 2.5 2 0 1 1 1
6571.9 2670.2 -25.3 74 0 7.5 6.6 5.0 2.5 2 0 2 0 0
5987.4 3959.1 -14.1 360 0 3.9 10.8 5.0 2.5 2 0 2 3 3
6857.5 3981.1 -14.7 93 0 13.1 7.2 2.5 2.5 2 0 1 3 3
6175.4 4316.4 -11.5 92 0 4.6 14.3 5.0 2.5 2 1 2 5 5
6951.2 3335.9 -17.0 11 0 22.0 34.8 12.5 0.0 0 1 5 3 3
6811.5 3975.9 -14.7 97 0 12.9 9.7 7.5 2.5 2 0 3 4 4
5505.2 2839.2 -21.2 180 0 7.1 6.5 7.5 2.5 2 0 3 5 5
5902.2 2842.5 -21.2 89 0 8.9 6.0 2.5 0.0 0 0 1 2 2
5439.9 4095.3 -10.1 267 0 6.0 11.2 2.5 2.5 2 1 1 4 4
6082.1 4203.9 -11.9 274 0 4.5 13.7 5.0 2.5 2 1 2 4 4
6168.8 2813.5 -23.3 1 0 7.8 16.9 7.5 2.5 2 0 3 2 2
6591.0 4162.2 -15.7 275 0 26.6 8.5 2.5 2.5 2 0 1 5 5
5220.2 4165.0 -4.4 94 0 3.6 15.0 2.5 2.5 2 1 1 1 1
5710.4 4166.2 -11.8 93 0 11.7 5.7 5.0 0.0 0 0 2 3 3
5429.3 3608.5 -12.9 330 0 4.5 8.8 7.5 2.5 2 1 3 1 1
5832.6 2915.5 -22.0 92 0 5.3 11.2 5.0 2.5 2 1 2 2 2
6109.6 4221.6 -11.9 273 0 4.5 12.2 7.5 2.5 2 0 3 0 0
5481.6 2813.0 -21.4 178 0 4.4 13.1 7.5 2.5 2 1 3 4 4
5766.8 2860.0 -22.4 270 0 3.8 11.8 2.5 2.5 2 0 1 3 3
6739.5 4088.5 -15.1 93 0 5.2 16.3 5.0 2.5 2 1 2 1 1
5683.1 4165.1 -11.5 91 0 12.1 6.0 5.0 0.0 0 0 2 5 5
6566.2 4116.2 -15.8 95 0 5.9 15.2 5.0 2.5 2 1 2 1 1
5469.6 4202.3 -9.7 273 0 11.6 17.6 5.0 2.5 2 0 2 3 3
6552.4 4135.3 -15.6 94 0 14.6 7.8 7.5 2.5 2 0 3 4 4
6466.9 4181.2 -14.9 273 0 4.5 20.7 5.0 2.5 2 1 2 0 0
5543.9 2897.0 -20.7 86 0 4.0 22.6 5.0 2.5 2 1 2 1 1
6352.9 4082.1 -14.5 272 0 4.6 9.3 7.5 2.5 2 0 3 3 3
5443.6 4972.1 -6.9 285 0 5.3 8.0 5.0 2.5 2 1 2 1 1
6432.6 4157.3 -14.8 94 0 14.9 8.8 7.5 2.5 4 0 3 5 5
6247.0 4313.5 -12.8 92 0 6.9 12.2 5.0 0.0 0 1 2 4 4
5630.4 2924.0 -21.7 269 0 5.4 16.3 5.0 0.0 0 1 2 4 4
6043.3 4173.1 -11.8 272 0 17.8 6.6 5.0 2.5 2 0 2 0 0
5497.2 4071.7 -10.7 86 0 5.6 12.2 5.0 2.5 2 1 2 5 5
6356.9 4066.3 -14.6 92 0 13.5 6.3 5.0 2.5 2 0 2 3 3
5686.0 4143.1 -11.5 94 0 4.9 21.2 5.0 2.5 2 1 2 3 3
6352.2 4169.9 -14.2 276 0 19.2 8.0 7.5 2.5 2 0 3 2 2
5744.5 2860.9 -22.5 271 0 5.0 11.6 2.5 2.5 2 1 1 5 5
5985.1 3961.0 -14.0 90 0 4.5 11.3 5.0 2.5 2 0 2 5 5
5941.5 2922.7 -21.6 179 0 4.6 16.7 7.5 2.5 2 1 3 3 3
5481.4 4065.3 -10.7 86 0 6.4 13.2 5.0 2.5 2 0 2 3 3
6374.0 2847.0 -25.4 162 0 6.9 10.2 5.0 2.5 2 1 2 1 1
6250.1 4071.1 -13.2 359 0 6.9 8.6 5.0 2.5 2 1 2 0 0
6887.4 3495.0 -16.5 280 0 16.7 6.5 5.0 2.5 2 0 2 2 2
6116.8 4230.6 -11.8 273 0 17.9 9.4 7.5 2.5 4 0 3 5 5
6293.5 4330.8 -13.3 273 0 5.9 18.5 5.0 2.5 2 1 2 3 3
6557.8 2707.5 -25.3 161 0 4.9 13.1 7.5 2.5 2 1 3 1 1
6824.3 3974.2 -14.7 98 0 12.8 9.7 5.0 2.5 2 0 2 2 2
6452.7 4082.1 -15.8 275 0 13.9 8.2 7.5 2.5 2 0 3 0 0
5701.3 4222.3 -12.0 184 0 22.0 24.1 7.5 0.0 0 1 3 0 0
6680.0 4053.1 -14.7 278 0 6.2 15.4 5.0 2.5 2 0 2 0 0
6174.8 4079.6 -12.9 271 0 4.3 11.1 5.0 2.5 2 0 2 2 2
5478.4 4092.8 -10.6 266 0 4.6 14.5 7.5 2.5 2 0 3 4 4
5248.1 4166.5 -5.3 91 0 5.7 8.4 7.5 2.5 2 1 3 2 2
5742.2 2683.1 -22.8 87 0 7.4 15.4 5.0 2.5 2 1 2 0 0
6853.8 4058.4 -14.7 94 0 5.6 11.0 5.0 2.5 2 1 2 1 1
6744.9 4010.1 -14.8 95 0 18.6 8.7 2.5 2.5 2 0 1 2 2
5888.2 4176.0 -12.2 272 0 8.2 5.9 5.0 2.5 2 0 2 1 1
6629.3 4061.7 -15.5 284 0 4.8 11.8 7.5 2.5 2 1 3 4 4
5762.0 2843.0 -22.4 90 0 13.2 5.2 5.0 2.5 2 0 2 0 0
6853.3 4086.0 -14.9 5 0 4.6 17.0 5.0 2.5 2 1 2 0 0
6816.7 4100.6 -15.1 274 0 13.7 8.9 7.5 2.5 2 0 3 1 1
5713.6 2855.3 -22.5 270 0 4.0 14.1 7.5 2.5 2 1 3 4 4
6149.0 4210.2 -12.0 4 0 12.2 5.4 5.0 2.5 2 0 2 0 0
6183.0 4071.5 -12.9 271 0 12.4 5.4 5.0 2.5 2 0 2 2 2
6906.0 3462.9 -16.5 100 0 10.9 26.1 10.0 2.5 4 1 4 1 1
5528.6 4186.5 -10.3 6 0 7.7 15.5 5.0 2.5 2 1 2 4 4
5515.4 2793.4 -21.8 86 0 6.0 12.0 7.5 2.5 4 1 3 1 1
6002.0 4085.7 -12.8 1 0 5.0 12.1 7.5 2.5 4 0 3 5 5
6456.5 2958.0 -23.5 2 0 5.6 8.8 2.5 2.5 2 1 1 0 0
5882.9 4153.2 -12.2 92 0 4.9 13.4 5.0 2.5 2 1 2 1 1
5363.4 4084.6 -9.2 84 0 4.3 11.5 2.5 2.5 2 1 1 2 2
6111.2 2843.5 -23.0 181 0 6.7 19.5 5.0 2.5 2 1 2 0 0
5671.0 2836.3 -22.4 181 0 6.0 12.6 7.5 2.5 2 1 3 4 4
6353.2 4172.6 -14.2 186 0 5.4 16.7 7.5 0.0 0 0 3 4 4
6789.3 4010.8 -14.6 273 0 10.9 8.0 5.0 2.5 2 0 2 0 0
6426.5 4012.8 -16.0 181 0 8.0 13.2 7.5 2.5 2 1 3 4 4
6427.7 4018.4 -15.8 92 0 4.3 13.5 7.5 2.5 2 1 3 3 3
6416.5 4130.8 -14.7 93 0 5.7 16.9 2.5 2.5 2 1 1 0 0
6098.0 2958.3 -23.1 268 0 4.9 22.5 5.0 2.5 2 1 2 0 0
5226.5 2792.1 -9.9 81 0 5.9 10.1 7.5 2.5 2 1 3 2 2
6220.0 2945.9 -24.1 2 0 9.0 13.8 7.5 2.5 2 0 3 0 0
5590.5 4072.6 -11.4 90 0 7.5 15.3 5.0 0.0 0 1 2 2 2
6751.7 4114.7 -15.4 273 0 10.8 5.3 5.0 2.5 4 0 2 0 0
6197.7 2930.2 -24.0 93 0 6.2 13.8 5.0 2.5 2 1 2 2 2
6799.2 4077.6 -15.1 94 0 5.6 19.9 2.5 2.5 2 1 1 2 2
6667.1 4020.8 -14.9 95 0 9.7 7.6 2.5 2.5 2 0 1 3 3
5568.3 4156.3 -10.4 92 0 4.1 10.5 5.0 2.5 2 1 2 4 4
5983.5 4162.9 -11.9 94 0 10.8 5.1 7.5 2.5 2 0 3 1 1
5580.3 4891.5 -9.5 103 0 8.0 5.3 7.5 2.5 2 0 3 2 2
5514.1 4168.3 -10.3 91 0 7.4 15.1 2.5 2.5 2 1 1 3 3
6664.6 4124.0 -15.1 5 0 5.4 12.5 5.0 0.0 0 1 2 5 5
5808.1 4155.0 -12.2 93 0 4.3 12.3 2.5 2.5 4 0 1 2 2
6768.7 3012.7 -23.8 1 0 17.5 4.3 5.0 0.0 0 0 2 1 1
6595.0 4103.7 -15.6 94 0 4.1 6.2 5.0 2.5 2 1 2 5 5
6159.6 4345.8 -11.4 183 0 8.2 16.0 7.5 2.5 2 1 3 5 5
6166.1 2822.6 -23.4 1 0 10.3 25.4 10.0 2.5 2 0 4 0 0
5914.7 4090.3 -12.8 271 0 9.5 4.9 5.0 2.5 2 0 2 2 2
6170.6 2949.3 -23.8 180 0 14.3 6.1 2.5 0.0 0 0 1 3 3
6007.5 4162.4 -11.8 91 0 14.3 7.6 7.5 2.5 4 0 3 5 5
6221.3 4145.8 -12.3 91 0 10.0 4.7 7.5 2.5 2 0 3 4 4
6178.9 2961.0 -23.9 181 0 6.5 14.5 7.5 2.5 2 1 3 0 0
5548.4 4879.2 -8.9 101 0 6.0 7.0 5.0 2.5 2 1 2 4 4
6219.5 2931.1 -24.0 2 0 20.7 4.1 5.0 2.5 2 0 2 1 1
-5821.7 -4865.3 3.2 287 0 10.0 11.0 7.5 2.5 2 1 3 0 0
-5839.3 -4909.9 3.2 17 0 7.4 5.0 5.0 2.5 2 0 2 4 4
-5955.0 -4872.6 3.1 197 0 11.5 14.6 5.0 0.0 0 1 2 3 3
-5966.7 -4829.5 3.1 14 0 9.1 12.2 5.0 2.5 2 1 2 3 3
-5976.7 -4860.0 3.1 18 0 12.1 11.5 2.5 2.5 2 0 1 4 4
-5957.4 -5033.4 3.1 108 0 13.5 19.1 12.5 2.5 2 1 5 0 0
-5977.9 -5023.0 3.1 108 0 10.2 9.4 7.5 2.5 2 0 3 2 2
-5996.0 -5007.8 3.1 198 0 13.7 11.7 7.5 2.5 2 0 3 1 1
-5959.4 -5091.7 3.5 287 0 7.4 8.4 5.0 2.5 2 1 2 1 1
-5969.8 -5087.7 3.4 287 0 11.9 8.6 7.5 2.5 2 0 3 5 5
-5992.8 -5084.4 3.4 197 0 9.0 7.7 7.5 2.5 2 0 3 3 3
-5985.3 -5054.7 3.2 287 0 16.0 11.5 7.5 2.5 2 0 3 0 0
-5966.7 -5129.8 3.6 107 0 10.6 11.1 5.0 2.5 2 1 2 5 5
-6090.3 -5138.0 3.4 197 0 7.7 6.8 7.5 2.5 2 0 3 0 0
-6065.2 -5137.6 3.4 17 0 12.7 10.2 5.0 2.5 2 0 2 5 5
-5636.3 -5118.5 3.7 17 0 14.6 10.1 7.5 2.5 2 0 3 1 1
-5748.4 -5126.5 3.8 197 0 12.2 11.1 7.5 2.5 2 0 3 1 1
-5545.1 -5156.8 3.7 17 0 6.8 9.4 2.5 2.5 2 1 1 5 5
-5533.2 -5175.3 3.4 17 0 12.1 10.6 5.0 2.5 2 0 2 5 5
-5474.9 -4993.6 3.5 17 0 19.0 12.6 7.5 2.5 2 0 3 1 1
-5374.4 -5135.9 3.3 197 0 12.4 14.5 5.0 2.5 2 1 2 5 5
-5363.4 -5109.4 3.6 197 0 11.7 11.9 7.5 2.5 2 1 3 1 1
-5364.0 -5051.1 3.2 17 0 11.8 11.6 2.5 2.5 2 0 1 4 4
-5405.9 -5258.3 2.3 197 0 11.2 10.6 7.5 2.5 2 0 3 4 4
-5402.4 -5238.8 2.3 197 0 11.9 11.9 5.0 0.0 0 0 2 5 5
-5460.2 -5309.2 2.4 107 0 11.7 12.4 2.5 2.5 2 1 1 4 4
-5426.6 -5291.8 2.4 17 0 10.9 10.5 2.5 0.0 0 0 1 5 5
-5423.2 -5310.2 2.6 197 0 14.1 11.8 7.5 0.0 0 0 3 4 4
-5338.4 -5325.6 2.9 26 0 8.5 7.7 5.0 2.5 4 0 2 2 2
-5343.9 -5347.9 3.1 17 0 11.5 12.8 2.5 2.5 2 1 1 3 3
-5344.0 -5290.9 2.7 287 0 8.0 10.7 7.5 2.5 4 1 3 1 1
-5268.1 -5253.4 3.5 172 0 10.5 8.0 5.0 2.5 2 0 2 2 2
-5245.1 -5286.2 3.4 345 0 14.1 10.1 5.0 2.5 2 0 2 2 2
