553.8 -4678.4 0.8 240 0 10.5 14.7 2.5 2.5 2 1 1 4 4
-5921.1 376.2 -21.5 97 0 10.6 11.9 7.5 2.5 2 1 3 1 1
6760.5 -1658.6 -7.2 48 0 9.4 15.2 5.0 2.5 2 1 2 5 5
6763.3 -1592.4 -7.5 139 0 10.2 15.0 5.0 2.5 4 1 2 4 4
6788.4 -1501.3 -8.5 49 0 36.5 19.0 10.0 0.0 0 0 4 1 1
6874.2 -1707.6 -4.9 46 0 18.6 7.1 7.5 2.5 2 0 3 4 4
6903.2 -1891.2 -3.0 231 0 19.4 10.2 5.0 2.5 4 0 2 4 4
6720.3 -1480.5 -8.1 180 0 4.3 6.7 7.5 2.5 2 1 3 1 1
6859.3 -1626.0 -6.0 229 0 19.0 17.5 7.5 2.5 2 0 3 0 0
6719.3 -1627.0 -8.0 140 0 14.4 31.3 10.0 2.5 4 1 4 3 3
6814.1 -1581.7 -7.1 229 0 14.1 22.2 10.0 2.5 2 1 4 4 4
6812.1 616.9 -9.8 107 0 11.4 27.5 7.5 2.5 2 1 3 3 3
5465.8 1510.9 2.4 13 0 10.2 5.5 5.0 2.5 2 0 2 1 1
5478.0 1528.7 2.2 12 0 7.2 12.6 2.5 2.5 2 1 1 4 4
5463.9 1487.2 2.2 13 0 14.7 17.8 10.0 2.5 2 1 4 3 3
6269.3 1440.4 -7.9 271 0 9.7 4.9 7.5 2.5 2 0 3 3 3
6156.9 1490.8 -6.3 270 0 5.7 8.7 7.5 2.5 2 1 3 2 2
6259.6 1319.4 -8.9 182 0 8.3 12.9 7.5 2.5 2 1 3 0 0
6301.1 1527.0 -7.0 0 0 15.4 14.6 5.0 2.5 2 0 2 5 5
6211.5 1569.5 -6.1 270 0 10.7 16.5 7.5 2.5 2 1 3 3 3
6222.1 1440.5 -7.4 1 0 18.3 9.2 5.0 2.5 2 0 2 5 5
6295.0 1234.5 -9.9 90 0 8.7 14.4 2.5 2.5 2 1 1 1 1
6266.4 1632.2 -5.5 90 0 25.2 13.3 10.0 2.5 2 0 4 1 1
6279.0 1164.6 -10.9 89 0 9.9 5.5 7.5 2.5 2 0 3 2 2
6218.1 1053.0 -11.9 111 0 12.4 15.6 2.5 2.5 2 1 1 3 3
6249.6 1404.3 -7.9 179 0 7.5 13.8 7.5 2.5 2 1 3 4 4
6245.0 1201.0 -10.3 181 0 13.0 9.3 7.5 2.5 2 0 3 1 1
6280.1 1538.0 -6.7 271 0 5.8 7.4 7.5 2.5 2 1 3 4 4
6205.1 1494.6 -6.7 271 0 11.0 11.6 7.5 2.5 4 1 3 1 1
6317.8 1267.4 -9.7 268 0 7.1 5.5 7.5 2.5 2 0 3 4 4
6221.7 1527.0 -6.3 1 0 10.7 14.4 5.0 2.5 2 1 2 0 0
6272.7 1684.2 -5.2 269 0 3.6 21.0 5.0 2.5 2 1 2 3 3
6266.9 1170.6 -10.8 91 0 10.8 18.1 5.0 2.5 2 1 2 0 0
6167.8 1400.2 -7.1 89 0 16.7 14.9 5.0 0.0 0 0 2 0 0
6222.9 1158.2 -10.7 198 0 5.2 7.8 2.5 2.5 2 1 1 3 3
6200.8 1289.8 -8.9 270 0 13.0 18.2 10.0 2.5 2 1 4 5 5
6273.7 1335.5 -8.8 0 0 8.8 6.9 2.5 2.5 2 0 1 4 4
6222.7 1171.4 -10.6 200 0 12.1 12.5 5.0 2.5 2 1 2 0 0
6287.4 1422.6 -8.1 2 0 26.8 11.2 15.0 0.0 0 0 6 3 3
6218.9 1121.3 -11.3 199 0 6.1 18.4 5.0 2.5 2 1 2 4 4
6176.8 1502.1 -6.4 271 0 9.6 22.7 5.0 2.5 2 1 2 3 3
6242.9 1348.0 -8.5 180 0 10.0 19.4 7.5 2.5 2 1 3 3 3
6220.1 1465.2 -7.1 1 0 9.4 11.4 7.5 0.0 0 1 3 5 5
6220.0 1622.2 -5.4 93 0 11.4 14.5 5.0 2.5 2 1 2 0 0
6212.8 1140.8 -11.0 199 0 23.4 9.7 2.5 2.5 2 0 1 3 3
6203.9 1391.8 -7.5 90 0 15.5 13.2 7.5 2.5 4 0 3 3 3
6303.9 1264.3 -9.7 271 0 6.9 7.4 7.5 2.5 2 1 3 1 1
6252.0 1148.7 -11.0 19 0 4.1 15.8 2.5 2.5 2 1 1 0 0
6288.7 1678.1 -5.2 270 0 14.8 14.3 5.0 2.5 4 0 2 4 4
6292.9 1199.3 -10.5 2 0 7.5 14.7 2.5 2.5 2 1 1 0 0
6253.6 1482.7 -7.1 90 0 12.7 13.4 7.5 2.5 2 1 3 5 5
6165.2 1205.0 -9.9 268 0 11.9 18.7 2.5 2.5 4 1 1 5 5
6254.9 1680.8 -5.1 271 0 17.4 13.1 7.5 2.5 2 0 3 3 3
6186.8 1179.6 -10.1 17 0 8.3 8.8 7.5 2.5 2 1 3 1 1
6247.2 1280.4 -9.1 182 0 11.4 11.9 5.0 2.5 2 1 2 1 1
6258.1 1294.7 -8.9 180 0 7.3 10.1 5.0 2.5 2 1 2 2 2
6235.3 1107.2 -11.4 23 0 5.0 3.7 7.5 2.5 2 0 3 2 2
6196.0 1442.7 -7.2 1 0 15.6 13.0 10.0 2.5 4 0 4 1 1
6245.3 1234.9 -9.8 180 0 14.7 12.8 5.0 2.5 2 0 2 5 5
6192.1 1502.6 -6.3 270 0 9.7 4.9 5.0 2.5 2 0 2 0 0
6275.8 1482.4 -7.4 89 0 16.5 5.9 7.5 2.5 2 0 3 0 0
6222.4 1692.0 -4.7 2 0 13.2 10.8 7.5 2.5 2 0 3 3 3
6276.3 1938.9 -2.4 273 0 7.1 6.4 7.5 2.5 4 0 3 5 5
6231.5 1720.0 -4.3 0 0 14.2 11.4 5.0 2.5 2 0 2 2 2
6051.4 753.5 -10.7 20 0 13.7 6.5 2.5 2.5 2 0 1 1 1
6073.6 874.8 -11.6 19 0 12.0 13.2 5.0 2.5 2 1 2 5 5
6014.5 748.2 -10.6 19 0 8.0 11.8 5.0 2.5 2 1 2 3 3
6156.1 1076.0 -11.2 1 0 6.0 12.6 5.0 0.0 0 1 2 4 4
6043.8 827.7 -11.5 109 0 9.5 10.1 5.0 2.5 2 1 2 5 5
6035.2 719.4 -10.5 19 0 24.5 15.2 7.5 0.0 0 0 3 4 4
6048.4 846.0 -11.5 109 0 14.2 9.8 5.0 2.5 2 0 2 0 0
6208.3 1945.5 -2.1 180 0 5.2 17.4 5.0 2.5 2 1 2 3 3
6004.6 725.6 -10.2 112 0 14.1 11.1 7.5 2.5 2 0 3 3 3
6254.0 1936.4 -2.3 271 0 11.5 10.6 7.5 2.5 4 0 3 1 1
6147.6 1014.6 -11.8 20 0 10.9 5.7 2.5 2.5 2 0 1 5 5
6188.1 1855.6 -2.7 183 0 7.5 4.3 7.5 2.5 2 0 3 3 3
6224.9 1827.0 -3.1 1 0 10.1 10.3 7.5 2.5 2 1 3 1 1
6217.1 1714.4 -4.3 1 0 11.7 15.3 2.5 0.0 0 1 1 2 2
6168.2 1928.8 -2.1 181 0 24.4 14.1 5.0 2.5 2 0 2 5 5
6220.7 1856.9 -2.8 1 0 10.2 12.2 10.0 2.5 2 1 4 3 3
6279.0 1722.8 -4.5 1 0 16.1 5.4 5.0 2.5 2 0 2 5 5
6166.9 1098.1 -11.2 279 0 11.6 15.2 10.0 2.5 2 1 4 5 5
6181.8 1715.3 -4.4 181 0 33.8 12.9 10.0 2.5 2 0 4 0 0
6279.8 1918.9 -2.5 91 0 6.8 4.8 7.5 2.5 2 0 3 5 5
6251.9 1730.8 -4.4 270 0 13.1 11.6 5.0 2.5 2 0 2 0 0
6150.1 1098.9 -11.0 279 0 4.5 15.7 7.5 2.5 2 1 3 3 3
6221.2 1872.8 -2.7 358 0 10.2 5.6 5.0 2.5 4 0 2 5 5
5971.6 749.8 -10.8 114 0 14.3 15.3 7.5 2.5 2 1 3 2 2
6102.8 900.7 -11.8 15 0 12.5 13.7 7.5 2.5 2 1 3 4 4
6163.6 1117.1 -10.7 91 0 12.8 9.1 2.5 2.5 2 0 1 0 0
6254.1 1799.7 -3.6 270 0 9.8 16.3 7.5 2.5 2 1 3 2 2
6214.2 1786.0 -3.4 2 0 7.0 13.7 7.5 2.5 2 1 3 3 3
6033.8 1081.5 -10.1 271 0 10.4 19.9 12.5 2.5 2 1 5 2 2
6160.9 1277.7 -8.7 270 0 7.1 6.3 5.0 2.5 2 0 2 5 5
6044.5 1098.3 -10.0 273 0 10.5 9.8 2.5 2.5 2 0 1 4 4
6063.6 1076.4 -10.6 273 0 13.1 14.1 7.5 2.5 2 1 3 4 4
6256.4 1879.4 -2.8 272 0 10.0 12.8 10.0 0.0 0 1 4 4 4
6178.8 1794.5 -3.2 92 0 8.9 19.7 7.5 2.5 2 1 3 1 1
6145.3 1181.0 -9.9 268 0 4.0 7.9 5.0 2.5 2 1 2 5 5
6132.6 1182.7 -9.8 271 0 12.9 10.3 2.5 2.5 2 0 1 0 0
6048.3 1149.7 -9.2 182 0 8.7 10.9 5.0 2.5 2 1 2 4 4
6056.4 1187.7 -8.7 181 0 6.2 13.7 7.5 2.5 2 1 3 2 2
6061.4 1115.3 -9.8 90 0 10.6 15.0 7.5 2.5 2 1 3 5 5
6057.6 1170.9 -9.0 182 0 11.8 10.3 2.5 2.5 2 0 1 0 0
6037.5 1130.5 -9.4 181 0 8.6 14.5 5.0 2.5 2 1 2 4 4
6059.9 893.9 -11.5 20 0 14.7 6.8 5.0 2.5 2 0 2 5 5
6029.0 855.1 -11.4 107 0 16.1 7.8 2.5 2.5 2 0 1 2 2
6020.1 836.0 -11.3 110 0 9.8 7.0 5.0 2.5 2 0 2 0 0
6029.5 841.7 -11.3 109 0 4.5 9.6 5.0 2.5 2 1 2 0 0
6004.6 1120.0 -8.7 92 0 12.3 18.3 5.0 2.5 2 1 2 3 3
6048.1 806.3 -11.4 290 0 9.6 12.2 5.0 2.5 2 1 2 2 2
6034.5 788.9 -11.2 289 0 5.1 11.8 7.5 2.5 2 1 3 3 3
5945.1 835.0 -10.8 290 0 11.9 13.5 2.5 2.5 2 1 1 4 4
5944.7 918.5 -11.0 199 0 10.4 13.0 7.5 2.5 2 1 3 0 0
5872.8 833.4 -10.7 290 0 11.5 16.9 5.0 2.5 2 1 2 2 2
5921.4 912.2 -10.7 18 0 9.6 6.7 5.0 2.5 2 0 2 2 2
5994.5 799.2 -11.1 287 0 15.2 7.5 5.0 2.5 2 0 2 1 1
6003.9 821.6 -11.2 290 0 11.4 13.5 10.0 2.5 2 1 4 5 5
5881.2 823.5 -10.7 291 0 5.5 10.9 2.5 2.5 2 1 1 4 4
5944.0 791.3 -10.8 294 0 4.2 5.7 2.5 2.5 2 1 1 5 5
5965.2 807.9 -10.9 291 0 5.3 11.4 5.0 2.5 2 1 2 0 0
5880.2 843.1 -10.7 289 0 17.5 6.8 7.5 2.5 2 0 3 4 4
5912.0 889.0 -10.8 18 0 11.1 10.3 5.0 2.5 2 0 2 5 5
6002.1 843.6 -11.2 108 0 10.0 10.4 7.5 0.0 0 1 3 1 1
5913.2 853.3 -10.8 289 0 15.4 10.6 7.5 2.5 2 0 3 1 1
5942.5 861.6 -10.9 107 0 9.8 9.0 2.5 2.5 2 0 1 2 2
5952.4 787.3 -10.8 291 0 7.8 5.6 7.5 2.5 2 0 3 1 1
5951.2 813.2 -10.8 290 0 10.2 18.4 7.5 2.5 2 1 3 4 4
5900.4 812.2 -10.7 292 0 10.8 13.7 2.5 2.5 4 1 1 0 0
5954.2 940.4 -11.0 200 0 9.2 13.8 7.5 2.5 2 1 3 5 5
5967.7 831.0 -10.9 291 0 14.5 14.2 5.0 2.5 2 0 2 3 3
5978.6 862.8 -11.0 108 0 3.5 12.3 7.5 2.5 2 1 3 5 5
5984.5 820.7 -11.1 291 0 14.2 10.0 5.0 2.5 2 0 2 4 4
5995.1 879.8 -11.1 106 0 13.8 12.6 7.5 2.5 2 0 3 5 5
5973.5 1205.9 -6.7 1 0 13.6 14.6 7.5 2.5 4 1 3 1 1
5810.3 864.1 -9.8 290 0 4.8 7.2 2.5 2.5 2 1 1 5 5
5924.5 1096.9 -7.9 269 0 9.8 16.3 7.5 2.5 2 1 3 1 1
5888.2 1119.8 -6.6 88 0 13.2 19.7 10.0 2.5 2 1 4 2 2
5781.8 1098.3 -6.1 273 0 13.6 14.1 5.0 2.5 2 1 2 2 2
5824.4 881.1 -10.0 289 0 13.3 13.3 5.0 2.5 2 0 2 2 2
5807.7 1207.0 -3.8 124 0 9.8 15.1 2.5 2.5 2 1 1 4 4
5975.8 1178.3 -7.2 359 0 16.4 16.2 5.0 2.5 2 0 2 5 5
5790.6 983.1 -8.2 291 0 7.6 14.5 5.0 2.5 2 1 2 3 3
5831.0 1067.6 -7.2 273 0 8.0 8.8 7.5 0.0 0 1 3 2 2
5836.3 1123.8 -5.8 90 0 9.1 19.1 7.5 2.5 2 1 3 0 0
5793.3 1157.4 -4.6 0 0 14.4 8.9 2.5 2.5 2 0 1 0 0
5752.6 954.5 -8.3 186 0 13.5 15.1 5.0 2.5 2 1 2 2 2
5866.6 1096.2 -7.2 272 0 9.6 14.2 5.0 2.5 2 1 2 2 2
5881.7 1178.9 -5.7 181 0 12.6 13.3 5.0 2.5 2 1 2 3 3
5940.9 1123.2 -7.5 90 0 9.7 9.6 5.0 2.5 2 0 2 3 3
5910.5 1007.8 -9.4 91 0 10.8 11.0 5.0 2.5 2 1 2 4 4
5824.7 1025.5 -7.9 90 0 9.1 11.8 7.5 2.5 2 1 3 4 4
5852.7 1222.3 -4.4 271 0 15.5 11.0 2.5 2.5 2 0 1 0 0
5858.0 1046.3 -7.9 93 0 6.2 7.0 5.0 2.5 2 1 2 3 3
5834.0 1214.5 -4.2 268 0 7.5 12.8 7.5 2.5 2 1 3 5 5
5807.2 1134.0 -5.6 180 0 18.0 16.9 5.0 2.5 2 0 2 4 4
5876.5 1221.0 -4.8 270 0 13.0 11.0 5.0 2.5 2 0 2 5 5
5928.8 1019.4 -9.5 180 0 7.8 6.4 5.0 2.5 4 0 2 4 4
5976.4 1156.2 -7.5 0 0 7.8 11.7 5.0 2.5 2 1 2 2 2
5791.6 1130.8 -5.2 1 0 10.6 14.1 5.0 2.5 2 1 2 3 3
5807.2 1228.0 -3.3 268 0 7.1 7.1 5.0 2.5 4 1 2 4 4
5793.3 914.7 -9.3 109 0 13.6 13.0 7.5 2.5 2 0 3 2 2
5806.1 1158.0 -4.8 182 0 9.3 9.3 7.5 2.5 2 0 3 5 5
5778.9 1210.9 -3.3 181 0 10.5 13.4 7.5 2.5 2 1 3 5 5
5893.8 1047.1 -8.3 92 0 5.6 3.1 7.5 2.5 2 0 3 0 0
5775.8 1062.1 -6.7 182 0 6.3 12.4 7.5 2.5 2 1 3 1 1
5796.2 1228.0 -3.1 271 0 3.6 6.2 5.0 2.5 2 1 2 3 3
5915.7 1067.3 -8.4 269 0 7.2 16.0 2.5 2.5 2 1 1 0 0
5974.3 1126.8 -8.0 357 0 10.0 15.3 7.5 2.5 2 1 3 0 0
5829.7 979.7 -8.7 283 0 5.8 3.9 7.5 2.5 2 0 3 3 3
6002.6 1219.4 -7.0 273 0 5.7 6.7 5.0 2.5 2 1 2 1 1
5986.6 1184.4 -7.6 180 0 15.9 15.8 5.0 0.0 0 0 2 2 2
6131.4 1119.1 -10.5 91 0 15.2 10.5 5.0 0.0 0 0 2 0 0
6109.0 1126.2 -10.2 92 0 5.3 5.6 7.5 2.5 4 1 3 0 0
6159.2 1616.8 -5.5 270 0 6.6 15.8 7.5 0.0 0 1 3 1 1
5758.0 807.1 -9.7 110 0 12.0 16.9 10.0 2.5 2 1 4 2 2
6575.8 1515.2 -9.9 1 0 12.8 14.7 5.0 2.5 2 1 2 0 0
5572.0 1731.2 1.4 181 0 13.0 27.0 7.5 2.5 2 1 3 5 5
5634.1 1738.0 0.9 272 0 9.5 12.0 5.0 2.5 4 1 2 1 1
6660.1 1708.8 -9.3 88 0 10.9 8.6 5.0 2.5 2 0 2 3 3
6475.6 1520.1 -8.7 91 0 18.5 7.8 7.5 2.5 2 0 3 1 1
5797.5 1253.0 -2.6 90 0 9.5 13.6 2.5 2.5 2 1 1 1 1
5788.4 1294.6 -2.4 180 0 13.1 10.9 5.0 2.5 2 0 2 4 4
6636.5 1710.9 -9.1 91 0 15.9 9.2 5.0 2.5 2 0 2 5 5
6666.9 1827.5 -9.0 91 0 14.7 3.7 2.5 2.5 2 0 1 0 0
5826.5 1252.4 -3.2 92 0 8.3 19.5 5.0 2.5 4 1 2 2 2
6513.9 1580.1 -9.0 1 0 10.7 30.3 7.5 2.5 2 1 3 3 3
6527.0 1501.6 -9.4 91 0 14.8 7.5 2.5 2.5 2 0 1 5 5
6688.8 1834.3 -9.4 91 0 11.7 14.4 7.5 2.5 2 1 3 4 4
5799.8 1279.8 -2.5 179 0 13.0 7.7 7.5 2.5 2 0 3 1 1
6446.4 1527.7 -8.3 92 0 13.7 6.6 2.5 2.5 2 0 1 3 3
6710.7 1789.8 -9.2 2 0 13.2 11.8 7.5 2.5 2 0 3 2 2
6433.1 1552.3 -8.0 182 0 24.7 6.4 5.0 2.5 2 0 2 3 3
5836.9 1285.4 -2.9 1 0 17.3 10.0 7.5 2.5 2 0 3 3 3
6953.5 1337.3 -11.1 320 0 11.9 14.8 5.0 2.5 4 1 2 5 5
6925.1 1461.6 -11.7 224 0 11.2 13.3 5.0 2.5 2 1 2 5 5
6921.1 1490.7 -12.0 45 0 11.3 11.3 10.0 2.5 2 1 4 0 0
6947.1 1450.1 -11.5 36 0 4.6 7.2 7.5 2.5 4 1 3 2 2
6906.8 1477.0 -12.1 45 0 12.0 11.9 2.5 2.5 4 0 1 1 1
6900.3 1495.0 -12.2 49 0 15.2 7.0 7.5 2.5 2 0 3 0 0
6901.9 1281.7 -11.3 210 0 10.1 12.5 5.0 2.5 2 1 2 0 0
6914.9 1303.0 -11.2 209 0 10.6 12.5 7.5 2.5 2 1 3 1 1
6901.6 1165.5 -10.9 110 0 11.7 18.7 10.0 2.5 2 1 4 4 4
6870.2 1228.3 -11.4 208 0 18.0 15.6 10.0 2.5 2 0 4 5 5
6852.6 1191.4 -11.4 209 0 11.4 14.6 7.5 2.5 2 1 3 2 2
6859.5 1209.1 -11.4 208 0 11.8 12.1 7.5 2.5 2 1 3 3 3
6937.0 1254.4 -11.0 19 0 14.1 12.6 2.5 0.0 0 0 1 4 4
6904.1 1296.6 -11.3 208 0 7.2 14.1 7.5 2.5 4 1 3 2 2
6933.4 1296.1 -11.1 25 0 6.3 4.3 7.5 2.5 2 0 3 5 5
6944.1 1270.0 -10.9 24 0 13.7 10.8 5.0 2.5 2 0 2 5 5
6945.7 1166.6 -10.4 198 0 16.8 43.8 7.5 2.5 2 1 3 2 2
6878.2 1241.6 -11.3 207 0 14.4 15.6 5.0 2.5 2 1 2 3 3
6891.0 1261.5 -11.3 208 0 12.3 12.4 2.5 2.5 2 1 1 4 4
6921.9 1200.8 -10.9 19 0 21.8 13.1 7.5 2.5 2 0 3 5 5
6930.8 1229.1 -10.9 16 0 16.5 11.7 2.5 2.5 4 0 1 5 5
6952.7 1434.0 -11.5 43 0 10.5 10.0 5.0 2.5 2 0 2 4 4
6948.0 1474.1 -11.6 316 0 11.8 11.5 7.5 2.5 4 0 3 4 4
6948.7 1527.0 -11.8 313 0 9.9 11.3 5.0 2.5 2 1 2 3 3
6934.2 1504.8 -11.9 43 0 12.2 9.2 5.0 2.5 2 0 2 3 3
6953.8 1480.5 -11.5 137 0 10.1 11.7 2.5 2.5 2 1 1 2 2
6848.2 1274.4 -11.9 32 0 14.3 10.0 5.0 2.5 2 0 2 4 4
6858.6 1291.6 -11.8 33 0 12.8 8.7 7.5 2.5 2 0 3 1 1
6882.7 1410.3 -12.0 221 0 11.6 12.9 2.5 2.5 2 1 1 2 2
6834.7 1256.2 -11.9 29 0 13.5 9.5 7.5 2.5 2 0 3 1 1
6855.6 1375.3 -12.1 216 0 11.0 10.0 5.0 2.5 2 0 2 2 2
6799.9 1290.6 -12.3 212 0 10.6 13.5 7.5 2.5 2 1 3 1 1
6866.0 1389.0 -12.0 216 0 12.8 11.4 7.5 0.0 0 0 3 3 3
6883.1 1391.2 -11.9 212 0 5.8 5.8 2.5 2.5 2 0 1 2 2
6821.7 1320.9 -12.2 208 0 11.4 8.8 7.5 2.5 2 0 3 2 2
6832.6 1338.7 -12.2 212 0 12.7 10.3 5.0 2.5 2 0 2 0 0
6815.3 1218.9 -12.0 30 0 12.7 9.1 5.0 2.5 2 0 2 1 1
6879.0 1329.3 -11.8 30 0 11.9 10.2 5.0 2.5 2 0 2 2 2
6806.8 1202.4 -12.0 30 0 10.7 9.5 5.0 2.5 4 0 2 2 2
6756.5 1221.8 -12.5 214 0 12.0 10.8 5.0 2.5 2 0 2 3 3
6787.9 1271.8 -12.3 210 0 11.0 9.8 5.0 2.5 2 0 2 1 1
6905.0 1366.8 -11.7 27 0 14.7 11.6 5.0 2.5 2 0 2 4 4
6777.7 1255.4 -12.4 212 0 13.4 11.2 7.5 2.5 2 0 3 1 1
6826.0 1238.0 -11.9 28 0 12.0 8.7 5.0 2.5 2 0 2 5 5
6767.0 1239.1 -12.4 213 0 12.0 12.2 2.5 2.5 4 1 1 4 4
6810.4 1305.2 -12.2 211 0 7.8 10.6 7.5 0.0 0 1 3 2 2
6870.2 1311.5 -11.8 29 0 12.6 8.5 5.0 2.5 4 0 2 1 1
6843.4 1358.0 -12.1 219 0 13.8 12.7 10.0 2.5 2 0 4 1 1
6729.3 442.6 -11.7 109 0 3.8 5.6 2.5 2.5 2 1 1 5 5
6831.1 1410.5 -12.4 220 0 5.9 5.2 2.5 2.5 4 0 1 5 5
6658.8 1116.7 -13.1 117 0 11.0 12.6 7.5 2.5 2 1 3 5 5
6735.7 661.1 -11.2 17 0 7.3 24.4 7.5 2.5 2 1 3 1 1
6711.2 471.1 -11.7 197 0 7.2 7.5 5.0 2.5 2 1 2 1 1
6850.2 1436.5 -12.4 223 0 15.5 16.1 7.5 2.5 2 1 3 1 1
6763.4 1280.4 -12.7 27 0 12.0 11.6 7.5 2.5 4 0 3 0 0
6746.8 465.5 -11.0 21 0 5.0 6.6 7.5 2.5 2 1 3 0 0
6808.9 728.0 -10.2 108 0 15.6 9.8 5.0 0.0 0 0 2 2 2
6670.6 638.1 -11.2 199 0 14.7 10.9 7.5 0.0 0 0 3 4 4
6842.4 707.1 -9.7 107 0 8.6 21.6 7.5 2.5 2 1 3 1 1
6672.6 589.1 -10.8 199 0 15.3 12.0 5.0 2.5 4 0 2 3 3
6739.8 628.8 -10.8 19 0 6.0 6.2 7.5 2.5 2 1 3 2 2
6704.8 570.6 -10.5 111 0 12.9 4.6 7.5 2.5 2 0 3 2 2
6805.8 1348.2 -12.6 33 0 14.1 10.2 2.5 2.5 2 0 1 1 1
6723.3 568.5 -10.5 110 0 12.8 11.8 2.5 2.5 2 0 1 1 1
6794.6 1329.6 -12.7 31 0 12.5 17.2 5.0 2.5 2 1 2 4 4
6800.2 1386.3 -12.6 211 0 4.4 7.7 7.5 2.5 4 1 3 5 5
6782.5 734.1 -10.4 197 0 12.8 11.6 7.5 2.5 2 0 3 0 0
6749.1 537.5 -10.0 111 0 8.8 7.9 7.5 2.5 2 0 3 5 5
6818.9 1392.0 -12.5 213 0 15.2 13.5 10.0 2.5 2 0 4 2 2
6717.7 1146.4 -12.6 209 0 9.5 15.0 7.5 2.5 2 1 3 2 2
6732.3 604.8 -10.7 20 0 5.7 11.0 7.5 2.5 2 1 3 1 1
6726.0 1163.5 -12.5 209 0 11.6 11.2 5.0 2.5 2 0 2 2 2
6753.1 512.2 -10.1 291 0 11.1 11.5 5.0 2.5 2 1 2 3 3
6669.5 528.9 -12.3 133 0 11.4 17.3 5.0 0.0 0 1 2 4 4
6697.6 1110.9 -12.7 210 0 11.5 14.8 2.5 2.5 2 1 1 1 1
6717.6 522.3 -11.1 288 0 6.7 12.8 2.5 0.0 0 1 1 4 4
6720.1 451.3 -11.6 110 0 6.9 7.1 5.0 2.5 2 1 2 2 2
6870.5 700.0 -9.5 107 0 15.4 12.6 10.0 0.0 0 0 4 0 0
6821.2 770.0 -10.3 286 0 8.4 13.6 5.0 2.5 2 1 2 0 0
6734.8 615.1 -10.8 20 0 4.9 6.6 5.0 2.5 4 1 2 3 3
6726.9 724.4 -11.2 289 0 6.4 12.2 7.5 2.5 4 1 3 3 3
6747.7 1194.4 -12.4 206 0 13.1 11.6 5.0 2.5 2 0 2 1 1
6676.3 557.7 -11.3 110 0 14.6 12.4 2.5 2.5 2 0 1 3 3
6850.3 643.9 -9.4 111 0 7.0 6.9 5.0 2.5 2 0 2 2 2
6728.2 509.6 -10.7 290 0 7.4 5.1 7.5 2.5 2 0 3 1 1
6740.6 1245.8 -12.8 28 0 13.8 10.7 2.5 2.5 2 0 1 0 0
6860.3 754.0 -9.8 286 0 14.8 13.1 2.5 2.5 2 0 1 5 5
6663.9 1143.1 -13.1 207 0 13.7 13.0 5.0 2.5 2 0 2 4 4
6753.3 616.5 -10.7 19 0 13.3 11.8 5.0 2.5 2 0 2 4 4
6740.1 697.4 -11.2 352 0 15.7 20.4 10.0 2.5 2 1 4 2 2
6751.7 1263.4 -12.8 29 0 12.3 10.9 7.5 2.5 2 0 3 5 5
6784.6 1313.0 -12.7 29 0 11.8 11.7 5.0 0.0 0 0 2 5 5
6654.4 1089.2 -13.1 292 0 10.0 17.0 5.0 2.5 2 1 2 2 2
6882.4 748.0 -9.5 288 0 12.0 12.4 5.0 2.5 2 1 2 3 3
6817.6 1367.1 -12.5 33 0 13.2 11.1 5.0 2.5 2 0 2 2 2
6698.8 1172.2 -13.0 26 0 14.4 16.0 5.0 0.0 0 1 2 4 4
6691.5 1152.4 -13.0 28 0 12.8 12.6 5.0 2.5 2 0 2 5 5
6715.0 1206.1 -12.9 26 0 8.4 9.8 5.0 2.5 2 1 2 1 1
6771.8 1351.6 -12.8 217 0 8.7 5.5 5.0 2.5 2 0 2 4 4
6637.8 1044.6 -13.3 18 0 12.1 14.1 2.5 2.5 2 1 1 5 5
6708.2 1128.2 -12.6 210 0 13.7 11.0 7.5 2.5 2 0 3 3 3
6754.6 707.5 -10.8 18 0 9.2 9.1 2.5 2.5 2 0 1 2 2
6728.0 1227.0 -12.9 27 0 14.6 14.2 2.5 2.5 2 0 1 5 5
6547.5 -166.4 -10.6 2 0 18.6 10.7 14.0 3.5 2 0 4 0 0
6484.9 -306.6 -8.9 183 0 13.6 11.7 14.0 3.5 2 0 4 5 5
6544.4 -233.8 -9.9 4 0 15.8 11.0 14.0 3.5 2 0 4 3 3
6494.9 -191.5 -10.0 181 0 8.6 17.4 10.5 3.5 2 1 3 0 0
6542.6 -282.9 -9.3 5 0 12.0 12.4 14.0 3.5 2 1 4 1 1
6491.2 -264.5 -9.2 183 0 14.7 14.7 14.0 0.0 0 1 4 5 5
6494.4 -151.6 -10.4 183 0 11.0 9.8 10.5 3.5 2 0 3 4 4
6493.5 -238.6 -9.5 183 0 13.4 11.0 14.0 3.5 2 0 4 0 0
6536.8 -405.6 -9.1 274 0 7.1 16.5 10.5 3.5 2 1 3 2 2
6489.9 -213.3 -9.8 183 0 11.5 14.6 14.0 3.5 2 1 4 0 0
6484.0 -346.2 -9.0 185 0 16.5 11.8 14.0 3.5 2 0 4 3 3
6484.5 -254.6 -9.2 182 0 6.0 11.5 10.5 0.0 0 1 3 4 4
6545.8 -207.0 -10.2 3 0 15.2 11.4 14.0 0.0 0 0 4 1 1
6540.6 -340.6 -9.2 3 0 18.8 13.3 14.0 3.5 2 0 4 3 3
6564.7 -246.5 -10.2 181 0 17.1 10.2 14.0 3.5 2 0 4 2 2
6520.3 -149.0 -10.5 269 0 9.9 11.3 10.5 3.5 2 1 3 0 0
6505.9 -315.5 -9.1 183 0 8.0 17.2 10.5 3.5 4 1 3 2 2
6762.7 1007.4 -11.6 199 0 8.8 12.3 7.5 2.5 2 1 3 0 0
6804.3 973.4 -11.2 19 0 12.2 12.2 7.5 2.5 2 0 3 4 4
6656.0 1021.9 -12.8 200 0 10.2 10.7 2.5 2.5 2 1 1 5 5
6663.7 1037.6 -12.7 199 0 12.1 8.8 7.5 2.5 2 0 3 1 1
6739.0 956.1 -11.7 197 0 8.2 12.4 7.5 2.5 2 1 3 4 4
6684.1 945.5 -12.3 112 0 9.6 12.8 5.0 2.5 2 1 2 4 4
6768.6 1024.5 -11.6 200 0 13.4 10.5 7.5 2.5 2 0 3 1 1
6650.1 1002.4 -12.8 200 0 11.6 10.8 7.5 0.0 0 0 3 2 2
6829.2 1047.1 -11.2 16 0 12.0 11.5 7.5 2.5 4 0 3 1 1
6799.2 920.4 -10.9 289 0 7.1 8.8 7.5 2.5 2 1 3 0 0
6813.4 1120.2 -11.5 208 0 12.2 10.1 7.5 2.5 2 0 3 0 0
6834.7 1154.0 -11.5 222 0 10.1 11.0 7.5 0.0 0 1 3 4 4
6884.5 1143.2 -11.0 287 0 18.6 12.3 5.0 0.0 0 0 2 3 3
6760.0 1107.0 -12.1 28 0 11.9 11.5 5.0 2.5 4 0 2 5 5
6823.3 1139.7 -11.5 206 0 14.0 11.2 5.0 2.5 2 0 2 5 5
6833.0 991.6 -10.8 196 0 13.1 13.4 5.0 2.5 2 1 2 0 0
6793.8 1082.3 -11.6 206 0 11.3 10.6 5.0 0.0 0 0 2 4 4
6851.5 1037.2 -10.8 196 0 11.1 14.2 2.5 2.5 2 1 1 3 3
6752.8 987.7 -11.6 198 0 19.4 12.3 7.5 2.5 2 0 3 1 1
6816.4 1010.5 -11.2 18 0 12.7 12.6 5.0 2.5 2 0 2 3 3
6803.5 1102.0 -11.6 207 0 11.8 11.6 5.0 2.5 2 0 2 2 2
6777.3 1044.3 -11.6 200 0 13.2 13.7 5.0 2.5 2 1 2 4 4
6810.1 991.4 -11.2 19 0 12.5 15.3 7.5 2.5 4 1 3 4 4
6735.0 1054.1 -12.2 17 0 12.6 13.4 5.0 2.5 2 1 2 4 4
6793.3 938.3 -11.2 19 0 12.4 14.7 7.5 2.5 2 1 3 0 0
6783.0 1059.7 -11.6 199 0 10.6 11.3 2.5 2.5 2 1 1 5 5
6797.6 956.3 -11.2 15 0 10.6 13.9 5.0 2.5 2 1 2 2 2
6752.8 1089.1 -12.2 25 0 14.8 14.4 5.0 2.5 2 0 2 3 3
6742.2 936.2 -11.5 197 0 8.2 15.4 7.5 2.5 2 1 3 1 1
6821.6 948.7 -10.8 197 0 11.8 14.5 5.0 2.5 2 1 2 5 5
6729.4 1037.2 -12.3 16 0 12.0 19.4 2.5 2.5 2 1 1 3 3
6841.4 1020.6 -10.9 197 0 9.6 10.8 7.5 2.5 2 1 3 2 2
6808.3 1058.8 -11.3 200 0 6.5 3.7 5.0 2.5 2 0 2 3 3
6786.0 920.3 -11.2 18 0 10.4 13.6 2.5 2.5 2 1 1 2 2
6738.3 1146.5 -12.4 209 0 11.2 11.1 7.5 2.5 2 0 3 0 0
6768.4 1125.0 -12.1 23 0 10.4 10.9 7.5 2.5 2 1 3 2 2
6642.6 980.4 -12.9 111 0 13.8 10.5 7.5 2.5 2 0 3 2 2
6787.4 1161.3 -12.1 24 0 15.3 12.5 7.5 2.5 2 0 3 2 2
6821.1 1027.2 -11.2 19 0 11.9 13.5 2.5 2.5 2 1 1 2 2
6817.1 929.2 -10.8 198 0 14.6 14.5 10.0 2.5 2 0 4 3 3
6657.6 909.7 -12.5 285 0 4.8 12.8 5.0 2.5 2 1 2 4 4
6649.4 839.1 -12.5 286 0 13.9 12.6 5.0 2.5 2 0 2 0 0
6769.8 816.5 -10.9 111 0 9.2 18.1 2.5 2.5 2 1 1 1 1
6751.3 823.7 -11.1 108 0 10.3 10.3 2.5 2.5 2 0 1 5 5
6620.6 839.9 -12.8 287 0 9.4 4.7 2.5 2.5 4 0 1 3 3
6608.0 853.0 -13.1 287 0 10.8 10.6 10.0 2.5 2 0 4 5 5
6767.4 862.7 -11.1 16 0 12.2 8.7 5.0 2.5 2 0 2 3 3
6609.2 798.8 -12.8 179 0 14.3 9.3 5.0 2.5 4 0 2 3 3
6733.1 851.9 -11.4 106 0 6.5 4.1 7.5 2.5 2 0 3 2 2
6773.3 839.6 -10.9 23 0 7.4 4.4 5.0 0.0 0 0 2 1 1
6749.0 790.1 -11.1 290 0 17.1 13.4 7.5 2.5 2 0 3 5 5
6561.2 779.8 -12.9 105 0 5.6 4.2 2.5 2.5 2 0 1 3 3
6638.9 886.1 -12.7 292 0 4.8 8.1 5.0 2.5 2 1 2 5 5
6705.2 882.5 -11.8 197 0 14.7 11.2 2.5 2.5 2 0 1 3 3
6692.5 852.0 -11.9 198 0 16.2 10.9 7.5 2.5 2 0 3 1 1
6582.9 617.1 -12.3 196 0 12.3 13.7 5.0 2.5 2 1 2 4 4
6632.3 625.0 -11.5 19 0 12.1 8.9 7.5 2.5 2 0 3 4 4
6617.9 893.6 -13.0 288 0 9.8 7.7 5.0 2.5 2 0 2 0 0
6690.4 786.5 -11.7 202 0 7.4 3.9 2.5 2.5 2 0 1 1 1
6637.4 859.2 -12.7 109 0 12.5 11.7 10.0 2.5 2 0 4 1 1
6654.1 877.8 -12.4 195 0 7.8 15.5 2.5 2.5 2 1 1 2 2
6636.8 574.0 -12.5 23 0 15.0 8.9 5.0 2.5 2 0 2 3 3
6590.6 788.8 -13.0 23 0 17.1 13.6 5.0 2.5 2 0 2 4 4
6501.4 -467.2 -8.4 93 0 10.0 19.3 10.5 3.5 2 1 3 2 2
6531.4 -459.5 -8.7 95 0 11.2 13.3 14.0 3.5 4 1 4 0 0
6599.9 870.8 -13.2 109 0 9.8 13.9 7.5 2.5 4 1 3 4 4
6594.2 755.4 -12.7 108 0 10.5 15.1 5.0 2.5 2 1 2 3 3
6629.3 542.7 -12.6 109 0 7.9 12.2 7.5 2.5 2 1 3 0 0
6713.4 836.5 -11.6 108 0 11.3 9.8 5.0 2.5 2 0 2 0 0
6722.3 799.4 -11.5 288 0 12.1 10.0 7.5 2.5 2 0 3 3 3
6632.9 848.6 -12.7 287 0 5.3 4.5 2.5 2.5 4 0 1 5 5
6636.3 598.4 -12.2 18 0 17.8 11.0 5.0 2.5 2 0 2 2 2
6723.5 775.5 -11.3 107 0 11.6 4.6 5.0 2.5 2 0 2 3 3
6704.8 757.8 -11.6 108 0 16.8 14.1 5.0 2.5 2 0 2 1 1
6612.5 748.2 -12.5 108 0 7.3 10.0 5.0 2.5 2 1 2 4 4
6733.2 829.4 -11.3 109 0 11.0 11.0 7.5 2.5 2 1 3 3 3
6473.8 -411.1 -8.6 183 0 15.4 17.8 14.0 3.5 4 1 4 5 5
6710.0 858.0 -11.7 199 0 8.9 3.3 5.0 2.5 4 0 2 4 4
6669.3 783.7 -12.0 200 0 11.9 13.8 5.0 2.5 2 1 2 1 1
6786.8 853.7 -10.9 22 0 11.9 5.7 7.5 2.5 4 0 3 1 1
6491.4 -438.1 -8.5 181 0 11.4 10.2 14.0 3.5 2 0 4 1 1
6919.8 769.6 -9.2 105 0 11.0 11.1 7.5 2.5 2 1 3 3 3
6928.7 813.0 -9.3 291 0 14.1 10.8 5.0 2.5 2 0 2 2 2
6844.5 847.8 -10.3 282 0 11.4 11.4 5.0 2.5 2 1 2 4 4
6954.7 803.0 -9.1 17 0 12.0 10.3 2.5 2.5 2 0 1 3 3
6858.7 789.1 -9.9 106 0 13.9 10.9 7.5 2.5 4 0 3 0 0
6839.2 795.8 -10.1 106 0 9.7 12.1 7.5 2.5 2 1 3 2 2
6860.6 808.3 -10.0 107 0 19.1 6.5 7.5 2.5 4 0 3 4 4
6904.8 781.1 -9.4 104 0 10.7 10.4 5.0 2.5 2 0 2 2 2
6916.9 822.1 -9.5 285 0 5.4 12.1 2.5 2.5 2 1 1 3 3
6800.8 808.7 -10.5 107 0 9.3 11.6 7.5 2.5 2 1 3 4 4
6817.0 803.0 -10.4 108 0 11.4 12.1 2.5 2.5 2 1 1 5 5
6941.6 760.8 -9.0 105 0 9.4 14.1 7.5 2.5 2 1 3 3 3
6895.1 794.8 -9.5 108 0 10.5 12.0 5.0 2.5 2 1 2 1 1
6880.7 782.9 -9.7 107 0 13.7 10.0 7.5 2.5 2 0 3 0 0
6920.2 1124.5 -10.5 197 0 12.8 14.9 2.5 2.5 2 1 1 0 0
6915.6 917.2 -9.9 20 0 12.5 9.9 7.5 2.5 2 0 3 1 1
6891.5 860.0 -9.8 112 0 9.8 13.3 7.5 0.0 0 1 3 2 2
6863.4 892.3 -10.2 198 0 7.9 6.5 7.5 2.5 4 0 3 2 2
6865.1 954.2 -10.4 197 0 13.4 11.1 5.0 2.5 2 0 2 5 5
6869.6 908.5 -10.2 201 0 6.5 8.4 7.5 0.0 0 1 3 5 5
6951.0 904.5 -9.5 19 0 8.4 14.6 5.0 2.5 2 1 2 3 3
6930.6 1079.0 -10.3 16 0 3.7 4.8 5.0 2.5 2 1 2 0 0
6934.8 1008.7 -10.0 22 0 21.2 9.4 5.0 2.5 2 0 2 5 5
6845.6 903.6 -10.4 198 0 10.4 11.7 2.5 2.5 2 1 1 5 5
6900.4 883.6 -9.9 22 0 10.2 7.4 5.0 2.5 4 0 2 2 2
6858.7 935.5 -10.4 201 0 11.4 11.5 5.0 2.5 2 1 2 3 3
6852.7 917.2 -10.4 199 0 10.7 9.9 2.5 2.5 2 0 1 1 1
6908.8 1099.7 -10.5 198 0 12.5 12.5 2.5 2.5 2 0 1 3 3
6903.7 1077.0 -10.5 200 0 14.4 12.3 10.0 2.5 2 0 4 5 5
6920.8 935.9 -9.9 20 0 12.4 10.0 7.5 2.5 4 0 3 5 5
6926.9 875.7 -9.5 200 0 10.3 13.8 5.0 2.5 2 1 2 1 1
6951.3 939.4 -9.5 109 0 9.3 12.2 2.5 2.5 2 1 1 0 0
6924.6 948.9 -9.9 21 0 8.7 11.1 5.0 0.0 0 1 2 0 0
6938.9 1102.1 -10.3 20 0 6.1 5.7 2.5 2.5 2 0 1 2 2
6875.4 990.0 -10.4 199 0 10.4 18.0 5.0 2.5 2 1 2 3 3
6933.7 892.8 -9.5 199 0 10.3 11.8 5.0 2.5 2 1 2 0 0
6751.9 -1995.5 -3.8 181 0 4.8 4.0 7.5 2.5 2 0 3 4 4
6782.3 -1996.2 -4.7 5 0 10.9 11.0 2.5 2.5 2 1 1 5 5
6798.9 -1980.2 -5.6 5 0 10.1 10.8 10.0 2.5 2 1 4 2 2
6766.3 -1975.1 -5.0 186 0 7.9 8.4 2.5 2.5 2 1 1 4 4
-199.3 1190.5 4.4 202 0 9.1 30.5 7.5 2.5 2 1 3 3 3
-6336.5 1532.8 -19.7 106 0 11.2 28.9 10.0 2.5 2 1 4 4 4
-146.7 1224.3 4.4 16 0 13.8 14.8 5.0 2.5 2 1 2 3 3
-6458.7 -836.0 -24.8 294 0 8.7 12.3 5.0 2.5 2 1 2 2 2
-183.9 1130.3 4.7 110 0 12.7 28.6 10.0 2.5 2 1 4 5 5
-6654.0 7489.7 -10.4 106 0 13.7 26.5 10.0 2.5 2 1 4 5 5
-6216.3 176.5 -20.3 206 0 11.9 9.3 5.0 2.5 4 0 2 3 3
-6414.2 -87.9 -22.2 19 0 25.7 11.6 10.0 2.5 2 0 4 5 5
-6091.1 -24.7 -22.9 13 0 13.3 25.4 10.0 2.5 2 1 4 0 0
-6465.3 -73.5 -22.9 198 0 14.4 11.8 7.5 2.5 2 0 3 2 2
-6109.3 -65.6 -22.9 104 0 13.3 22.0 10.0 2.5 2 1 4 4 4
-6212.0 150.4 -20.4 192 0 7.8 19.7 7.5 2.5 2 1 3 5 5
-6203.9 186.5 -19.4 197 0 6.8 14.9 2.5 2.5 4 1 1 4 4
3297.5 2790.1 18.7 108 0 7.3 11.1 2.5 2.5 2 1 1 0 0
-6419.0 -40.7 -23.6 287 0 6.8 11.8 7.5 2.5 2 1 3 2 2
-6114.2 9.5 -22.6 284 0 10.7 11.4 7.5 2.5 2 1 3 1 1
-6181.2 145.6 -19.9 102 0 12.9 28.1 17.5 0.0 0 1 7 4 4
-6153.7 -45.9 -22.6 195 0 14.2 10.8 2.5 2.5 2 0 1 0 0
-1333.2 -7519.8 -11.9 107 0 13.3 32.8 10.0 2.5 2 1 4 1 1
-1288.2 -7519.2 -10.9 104 0 10.4 14.2 2.5 2.5 2 1 1 2 2
-1308.4 -7522.5 -11.2 107 0 14.5 6.0 7.5 2.5 2 0 3 3 3
-1249.5 -8436.0 -26.5 283 0 9.7 30.3 7.5 0.0 0 1 3 5 5
-1272.8 -7450.9 -10.1 16 0 11.1 12.8 5.0 2.5 2 1 2 1 1
-1293.9 -7490.3 -11.0 14 0 5.9 13.9 5.0 2.5 2 0 2 2 2
-1221.8 -7558.2 -9.4 193 0 11.3 10.5 5.0 2.5 2 0 2 1 1
-1221.8 -7538.4 -9.5 195 0 13.7 16.0 2.5 2.5 2 1 1 0 0
-1267.7 -8285.1 -24.3 152 0 16.5 6.9 7.5 2.5 4 0 3 2 2
-1206.1 -7581.8 -9.1 105 0 15.1 7.2 5.0 2.5 2 0 2 2 2
-1360.9 -7417.2 -11.2 195 0 9.8 14.8 5.0 2.5 2 0 2 3 3
-1358.7 -7408.3 -10.9 193 0 9.1 14.7 5.0 0.0 0 0 2 5 5
-1310.8 -7437.7 -10.4 287 0 8.0 12.9 7.5 2.5 2 1 3 2 2
6594.0 812.4 -13.2 16 0 13.2 14.2 2.5 2.5 4 1 1 0 0
1382.3 4361.8 16.1 98 0 9.6 23.5 7.5 2.5 2 1 3 2 2
5448.9 -2526.7 0.8 10 0 14.2 21.4 10.0 2.5 2 1 4 2 2
6113.0 -2212.0 -0.5 180 0 10.7 10.8 7.5 2.5 2 1 3 4 4
6109.7 -2188.9 -1.0 179 0 11.7 9.7 2.5 2.5 2 0 1 5 5
5928.5 -2374.3 1.5 268 0 41.6 15.1 10.0 0.0 0 0 4 0 0
6044.6 -2268.4 0.5 89 0 17.6 13.6 10.0 2.5 2 0 4 4 4
6034.4 -2307.1 1.0 267 0 32.2 30.4 2.5 0.0 0 0 1 1 1
6132.9 -2256.4 0.2 90 0 12.4 9.6 7.5 2.5 2 0 3 5 5
6110.2 -2251.9 0.2 181 0 10.2 11.8 7.5 2.5 2 1 3 1 1
5845.4 -2407.5 1.9 136 0 55.9 24.3 10.0 2.5 2 0 4 0 0
6107.0 -2169.0 -1.3 179 0 11.2 10.2 2.5 2.5 2 0 1 4 4
5895.3 -2339.2 1.6 268 0 12.3 66.8 7.5 2.5 2 1 3 1 1
5999.0 -2308.7 0.9 268 0 15.5 54.5 7.5 2.5 4 1 3 4 4
6045.4 -2182.2 -0.8 178 0 18.9 11.2 5.0 2.5 2 0 2 2 2
5993.7 -2397.4 1.3 89 0 56.6 19.2 7.5 2.5 4 0 3 2 2
6086.7 -2295.0 1.0 267 0 42.9 20.1 2.5 2.5 2 0 1 5 5
5896.0 -2308.1 1.3 270 0 15.6 9.4 7.5 2.5 2 0 3 2 2
-2036.9 -824.9 2.1 321 0 6.9 17.8 7.5 2.5 2 1 3 2 2
-2014.8 -853.1 1.3 324 0 11.9 9.0 7.5 2.5 2 0 3 5 5
-1915.6 -941.5 -0.0 145 0 14.5 12.3 7.5 2.5 2 0 3 5 5
-1936.6 -977.1 -0.5 317 0 17.6 12.4 7.5 2.5 2 0 3 5 5
-1767.1 -1163.0 -0.9 323 0 15.7 11.6 7.5 2.5 2 0 3 2 2
-1969.8 -981.0 -0.6 143 0 10.9 12.2 7.5 2.5 2 1 3 0 0
-1692.5 -1255.5 -1.3 323 0 13.6 11.7 2.5 2.5 2 0 1 4 4
-1965.2 -929.6 -0.1 319 0 6.6 9.7 7.5 2.5 2 1 3 4 4
-1987.7 -929.3 -0.0 141 0 9.9 6.7 5.0 2.5 2 0 2 2 2
-2017.2 -871.7 1.0 321 0 6.4 14.6 5.0 2.5 2 1 2 1 1
-1933.0 -951.7 -0.4 321 0 12.6 12.9 7.5 2.5 2 1 3 0 0
-1947.2 -937.2 -0.1 321 0 6.8 7.7 5.0 0.0 0 1 2 1 1
-1887.3 -1019.9 -0.1 320 0 9.5 11.2 2.5 2.5 2 1 1 4 4
-2038.0 -878.5 1.1 54 0 8.6 29.7 7.5 0.0 0 1 3 2 2
-1891.4 -947.8 0.1 52 0 7.9 8.6 7.5 2.5 2 1 3 2 2
-6527.0 -1068.1 -26.2 130 0 11.2 16.9 7.5 2.5 2 1 3 3 3
-6490.2 -1064.3 -26.5 302 0 16.7 8.8 5.0 2.5 2 0 2 3 3
-2487.1 -289.6 5.9 317 0 6.7 15.9 2.5 2.5 2 1 1 2 2
-2875.4 1207.7 -14.7 207 0 11.5 14.8 7.5 2.5 2 1 3 1 1
-2894.2 1247.2 -15.6 28 0 35.7 16.6 10.0 0.0 0 0 4 0 0
-2912.0 1332.8 -15.9 302 0 8.7 10.5 5.0 2.5 2 1 2 1 1
-2939.5 1187.8 -16.1 14 0 13.7 8.1 5.0 2.5 4 0 2 1 1
-2947.6 1266.6 -15.8 30 0 11.4 8.7 5.0 2.5 2 0 2 4 4
-2952.2 1153.4 -16.0 18 0 10.4 8.5 2.5 2.5 2 0 1 1 1
-2490.4 -327.7 6.4 43 0 8.4 23.6 7.5 2.5 2 1 3 1 1
-2947.8 1172.2 -16.2 18 0 10.6 9.6 5.0 2.5 2 0 2 4 4
-2496.2 -130.3 5.5 117 0 10.8 14.7 5.0 2.5 2 1 2 4 4
-2411.4 -294.7 5.4 56 0 13.9 14.6 5.0 2.5 2 1 2 5 5
-2950.6 1251.9 -16.0 21 0 11.0 9.1 2.5 2.5 2 0 1 4 4
-2945.4 1223.7 -16.2 14 0 11.4 9.5 5.0 2.5 2 0 2 4 4
-2472.1 -319.3 6.6 46 0 10.4 7.7 5.0 2.5 2 0 2 5 5
-2914.5 1183.8 -15.4 200 0 14.8 7.2 5.0 2.5 2 0 2 4 4
-6062.6 3533.9 -16.7 95 0 9.7 14.7 7.5 2.5 4 1 3 5 5
-6011.3 3535.4 -16.4 7 0 21.7 9.6 5.0 2.5 2 0 2 0 0
-6023.0 3557.0 -16.1 1 0 4.5 14.6 5.0 2.5 2 1 2 3 3
-6045.7 3558.1 -16.2 265 0 5.2 4.1 7.5 2.5 2 0 3 3 3
4835.8 2812.8 12.6 71 0 15.5 10.6 5.0 2.5 2 0 2 0 0
5091.0 2804.8 12.6 2 0 18.5 14.9 7.5 0.0 0 0 3 0 0
4900.5 8688.3 -5.8 272 0 6.7 12.4 2.5 2.5 2 1 1 1 1
4856.2 8663.0 -6.3 274 0 10.1 22.0 5.0 0.0 0 1 2 0 0
4881.2 8600.8 -7.5 175 0 6.2 17.4 5.0 2.5 2 1 2 3 3
4876.5 8679.3 -5.8 275 0 14.7 5.8 2.5 2.5 4 0 1 2 2
-2744.6 1329.3 -13.7 82 0 18.8 12.2 10.0 2.5 2 0 4 2 2
-2819.6 1387.8 -15.4 199 0 9.0 8.7 5.0 2.5 2 0 2 5 5
-2988.6 1298.5 -16.2 206 0 5.1 10.0 5.0 2.5 2 0 2 2 2
-3013.8 1092.0 -16.2 116 0 14.0 7.0 5.0 2.5 2 0 2 1 1
-2983.6 1160.9 -16.6 17 0 4.3 9.0 7.5 2.5 2 1 3 3 3
-2821.5 1339.5 -14.7 115 0 8.3 16.2 2.5 2.5 2 1 1 4 4
-2986.1 1275.6 -16.4 205 0 14.9 7.9 5.0 2.5 2 0 2 4 4
-2963.8 1122.5 -15.8 23 0 9.3 7.6 2.5 2.5 2 0 1 2 2
-2983.7 1187.9 -16.9 19 0 16.2 8.0 5.0 2.5 2 0 2 1 1
-2964.2 1255.8 -16.4 22 0 6.1 18.4 7.5 2.5 2 1 3 5 5
-2758.9 1377.0 -14.5 18 0 14.7 11.0 5.0 2.5 2 0 2 2 2
-2972.8 1313.1 -16.4 207 0 19.6 9.6 5.0 2.5 2 0 2 0 0
-2755.3 1296.5 -13.4 283 0 7.4 7.4 7.5 2.5 2 0 3 5 5
-3020.9 1111.6 -16.4 204 0 11.9 6.0 5.0 2.5 4 0 2 0 0
-2891.8 1414.4 -17.0 196 0 5.6 11.7 7.5 2.5 2 1 3 1 1
-2943.9 1080.1 -15.0 109 0 11.4 19.6 2.5 0.0 0 1 1 1 1
-2933.0 1340.9 -16.5 301 0 5.7 13.1 2.5 0.0 0 1 1 5 5
-2876.1 1426.2 -16.8 198 0 4.2 13.9 2.5 2.5 2 0 1 1 1
-2840.1 1424.3 -16.2 18 0 8.5 9.6 2.5 2.5 2 1 1 5 5
-2836.1 1337.4 -14.9 114 0 11.6 4.0 2.5 2.5 2 0 1 1 1
-2759.0 1281.0 -13.4 103 0 7.4 8.5 2.5 2.5 4 0 1 2 2
-3022.1 1096.0 -16.3 116 0 4.4 7.0 2.5 2.5 2 0 1 1 1
-2999.0 1215.1 -17.1 198 0 6.3 22.2 5.0 2.5 2 1 2 1 1
-2960.7 1198.6 -16.7 12 0 5.3 14.9 5.0 2.5 2 1 2 1 1
-2733.0 1268.8 -12.8 103 0 8.5 12.8 5.0 2.5 2 1 2 0 0
-2955.1 1282.2 -15.9 27 0 5.1 14.0 7.5 2.5 2 0 3 3 3
-2992.5 1120.1 -16.3 25 0 4.7 12.9 7.5 2.5 4 1 3 5 5
-2918.0 1134.9 -15.0 199 0 10.3 8.6 5.0 2.5 2 0 2 0 0
-2975.8 1105.8 -15.8 22 0 11.0 8.7 7.5 2.5 2 0 3 0 0
-2895.2 1404.3 -16.9 197 0 11.7 8.8 5.0 2.5 2 0 2 0 0
-2858.1 1150.8 -14.2 100 0 6.2 20.1 7.5 2.5 4 1 3 3 3
-2767.9 1328.1 -14.0 82 0 15.6 10.5 10.0 2.5 2 0 4 3 3
-2939.5 1314.3 -16.1 30 0 4.1 10.8 2.5 2.5 2 1 1 0 0
-3007.4 1221.2 -17.3 198 0 12.9 7.0 7.5 2.5 4 0 3 1 1
-2769.9 1416.0 -14.7 201 0 16.2 12.6 5.0 2.5 4 0 2 0 0
-2946.4 1117.4 -15.3 199 0 10.1 4.8 7.5 2.5 2 0 3 0 0
-3012.3 1154.1 -16.9 196 0 18.9 11.1 5.0 2.5 2 0 2 5 5
-2979.6 1294.2 -16.1 206 0 5.1 13.2 5.0 2.5 2 0 2 4 4
-2838.4 1362.7 -15.4 207 0 8.9 5.7 7.5 2.5 2 0 3 4 4
-2772.0 1276.7 -13.4 102 0 16.1 4.8 7.5 2.5 2 0 3 0 0
-2946.8 1109.2 -15.2 199 0 5.8 21.4 7.5 2.5 2 0 3 3 3
-2871.0 1153.2 -14.8 10 0 7.2 20.4 5.0 2.5 2 1 2 0 0
-2832.8 1361.4 -15.2 207 0 6.3 12.5 5.0 2.5 2 0 2 2 2
-2759.7 1274.1 -13.3 102 0 9.0 6.9 2.5 2.5 2 0 1 0 0
-2850.7 1390.1 -16.2 19 0 8.7 7.1 5.0 2.5 2 0 2 0 0
-2982.1 1088.3 -15.7 22 0 10.8 10.9 5.0 0.0 0 1 2 2 2
-2921.9 1297.8 -15.3 31 0 7.0 12.3 5.0 0.0 0 0 2 5 5
-1678.3 1358.7 0.5 289 0 27.2 12.4 5.0 2.5 2 0 2 0 0
4670.9 -5955.0 -2.3 101 0 10.1 14.4 5.0 2.5 2 1 2 0 0
5861.4 -3934.3 3.8 7 0 10.7 19.0 5.0 2.5 4 1 2 0 0
4795.6 320.9 -5.3 295 0 12.9 21.3 7.5 2.5 2 1 3 4 4
4857.9 372.1 -4.7 358 0 10.0 15.6 5.0 2.5 2 1 2 1 1
4854.5 395.3 -4.4 360 0 13.3 12.8 5.0 2.5 2 0 2 4 4
4798.7 414.9 -4.0 359 0 12.0 11.1 10.0 2.5 2 0 4 1 1
4763.7 385.6 -4.0 89 0 10.5 16.7 7.5 2.5 2 1 3 1 1
4752.4 437.7 -3.7 181 0 13.0 9.1 2.5 2.5 2 0 1 5 5
4798.8 439.1 -4.1 359 0 11.0 10.8 5.0 2.5 2 0 2 2 2
4848.5 468.3 -4.1 269 0 13.0 12.8 5.0 2.5 2 0 2 0 0
4842.7 564.7 -3.7 88 0 10.1 12.9 2.5 2.5 4 1 1 0 0
4656.7 778.9 -3.4 179 0 11.8 60.5 7.5 2.5 4 1 3 1 1
4779.1 806.3 -3.5 271 0 14.4 11.5 10.0 2.5 4 0 4 5 5
1455.0 -6691.9 -13.8 165 0 17.4 21.2 7.5 2.5 2 1 3 2 2
-1948.7 8694.7 7.0 266 0 12.5 29.6 12.5 2.5 2 1 5 4 4
5772.4 -2324.3 -0.1 265 0 20.5 7.7 7.5 2.5 2 0 3 2 2
-115.0 -3059.1 2.2 157 0 12.6 18.7 7.5 2.5 2 1 3 2 2
-1197.9 -8528.1 -26.9 33 0 6.8 26.9 7.5 2.5 2 1 3 1 1
-1209.9 -8472.0 -26.5 304 0 12.7 21.3 5.0 2.5 2 1 2 4 4
6246.8 -2485.6 -0.0 296 0 12.7 30.6 10.0 2.5 2 1 4 5 5
6228.4 -2374.2 0.7 167 0 13.6 29.9 10.0 2.5 2 1 4 4 4
2901.1 5312.0 21.4 98 0 21.4 12.2 7.5 2.5 2 0 3 1 1
1594.1 8106.6 -2.7 194 0 13.3 25.1 7.5 2.5 2 1 3 4 4
1626.8 7959.6 -0.5 9 0 11.4 10.8 5.0 2.5 2 0 2 4 4
1629.4 8162.3 -3.3 273 0 10.4 11.9 5.0 2.5 2 1 2 0 0
1652.4 8319.6 -3.8 280 0 17.3 16.0 10.0 2.5 2 0 4 0 0
1481.8 8307.5 -5.3 103 0 21.1 18.1 7.5 2.5 2 0 3 4 4
1520.5 8411.6 -6.5 332 0 71.6 27.1 12.5 0.0 0 0 5 0 0
1498.1 8578.1 -8.6 279 0 13.1 12.0 8.0 2.5 2 0 2 4 4
1772.2 8565.0 -7.4 276 0 16.0 10.8 2.5 2.5 2 0 1 1 1
1930.2 8542.8 -9.2 275 0 11.5 11.0 2.5 0.0 0 0 1 5 5
2102.2 8539.0 -9.4 278 0 11.5 11.0 7.5 2.5 2 0 3 1 1
2880.8 8483.6 -1.3 276 0 13.1 11.3 2.5 2.5 2 0 1 2 2
2805.2 8491.1 -3.0 273 0 13.5 12.7 10.0 2.5 2 0 4 1 1
2714.8 8496.9 -4.6 275 0 13.5 12.7 2.5 2.5 2 0 1 4 4
2127.7 -1403.2 2.8 233 0 6.4 14.4 7.5 0.0 0 1 3 0 0
2156.2 -1390.0 2.7 322 0 11.0 6.9 5.0 2.5 2 0 2 5 5
2135.2 -1474.1 2.8 150 0 9.9 11.6 7.5 2.5 2 1 3 0 0
2312.1 -1465.8 1.9 81 0 15.9 12.5 7.5 2.5 2 0 3 1 1
2247.4 -1442.0 2.6 80 0 13.4 9.4 5.0 2.5 2 0 2 4 4
3491.8 -262.1 1.6 347 0 9.8 10.2 5.0 2.5 2 1 2 5 5
3486.3 -235.1 1.8 350 0 9.8 10.2 7.5 2.5 2 1 3 3 3
3515.1 -223.6 1.4 173 0 13.2 12.8 5.0 2.5 2 0 2 2 2
3496.8 -152.0 2.3 173 0 10.9 17.5 5.0 2.5 2 1 2 5 5
3526.5 -410.6 0.4 176 0 11.9 8.6 2.5 0.0 0 0 1 4 4
3487.7 -475.3 0.6 172 0 8.7 9.1 2.5 2.5 2 1 1 1 1
3543.0 -523.2 0.2 173 0 10.7 9.4 5.0 2.5 2 0 2 3 3
3574.6 -562.4 0.2 349 0 9.4 10.6 5.0 2.5 2 1 2 5 5
3490.8 -544.8 1.1 172 0 13.1 11.9 10.0 2.5 4 0 4 0 0
3508.5 -739.2 0.3 258 0 11.6 11.4 5.0 2.5 2 0 2 1 1
3504.8 105.9 1.4 14 0 11.7 7.5 7.5 2.5 2 0 3 2 2
3442.1 -16.3 3.5 350 0 7.5 11.7 2.5 2.5 2 1 1 3 3
3523.5 160.0 1.9 350 0 9.4 12.4 5.0 2.5 2 1 2 3 3
3529.1 85.0 2.3 259 0 6.5 10.1 7.5 2.5 2 1 3 1 1
3484.9 5.4 2.7 172 0 11.2 10.9 2.5 0.0 0 0 1 4 4
3519.4 -38.3 2.5 169 0 15.0 17.3 7.5 0.0 0 1 3 1 1
-3054.2 -6307.0 -20.0 187 0 23.4 15.1 10.0 2.5 2 0 4 3 3
1257.3 -6251.6 -10.0 0 0 11.2 16.5 7.5 2.5 2 1 3 0 0
1259.7 -6278.3 -10.4 4 0 10.6 14.5 2.5 2.5 2 1 1 2 2
1375.6 -6400.8 -10.1 354 0 10.3 12.0 5.0 2.5 2 1 2 0 0
1377.2 -6364.1 -9.5 358 0 10.3 9.5 5.0 2.5 2 0 2 3 3
1949.4 -7182.6 -7.3 24 0 10.3 17.0 7.5 2.5 2 1 3 0 0
1925.7 -7143.3 -7.7 203 0 9.1 19.4 2.5 2.5 2 1 1 4 4
1913.7 -7164.2 -7.6 202 0 15.0 11.5 5.0 2.5 2 0 2 1 1
1804.3 -7165.3 -9.0 282 0 15.1 13.2 5.0 2.5 2 0 2 3 3
1822.7 -7127.6 -9.3 110 0 8.9 20.4 7.5 2.5 2 1 3 2 2
1816.7 -7082.5 -10.0 283 0 17.6 9.9 5.0 2.5 2 0 2 5 5
1899.6 -7166.5 -7.8 21 0 22.7 11.4 10.0 2.5 2 0 4 2 2
1893.0 -7220.5 -7.3 286 0 10.7 12.0 7.5 2.5 2 1 3 4 4
1866.8 -7181.9 -7.9 125 0 20.6 8.8 7.5 2.5 4 0 3 5 5
1855.9 -7160.1 -8.3 108 0 12.5 15.3 2.5 2.5 2 1 1 0 0
1806.1 -7130.1 -9.5 96 0 11.9 9.6 5.0 2.5 2 0 2 0 0
1812.9 -7148.2 -9.1 294 0 10.5 9.4 2.5 2.5 2 0 1 2 2
1751.0 -7071.3 -11.3 274 0 26.1 10.6 7.5 2.5 2 0 3 3 3
1779.6 -7184.8 -9.3 96 0 16.2 9.9 5.0 2.5 2 0 2 0 0
1760.7 -7142.7 -10.0 267 0 11.9 10.3 5.0 2.5 4 0 2 3 3
1767.0 -7117.0 -10.5 94 0 7.6 18.2 7.5 0.0 0 1 3 2 2
1739.5 -7126.4 -10.8 91 0 9.2 13.2 5.0 2.5 2 1 2 3 3
1518.5 -7150.9 -14.3 88 0 13.3 19.8 7.5 2.5 2 1 3 4 4
1641.5 -7169.1 -11.8 268 0 13.9 16.5 2.5 2.5 2 1 1 5 5
1675.3 -7171.6 -11.3 14 0 11.9 8.7 7.5 2.5 2 0 3 2 2
1684.7 -7178.3 -10.8 196 0 18.2 8.1 7.5 2.5 2 0 3 5 5
1660.5 -7249.2 -9.8 200 0 11.6 6.1 2.5 2.5 4 0 1 3 3
1643.4 -7246.6 -10.6 21 0 12.5 13.0 5.0 2.5 4 1 2 1 1
1603.3 -7201.0 -11.9 186 0 11.5 14.9 5.0 2.5 2 1 2 4 4
1552.3 -7151.9 -13.6 87 0 9.6 13.6 5.0 0.0 0 1 2 3 3
1428.9 -7080.4 -16.2 190 0 21.1 11.5 7.5 2.5 2 0 3 2 2
1439.7 -7114.4 -15.8 105 0 16.4 10.4 7.5 2.5 2 0 3 3 3
1509.7 -7111.3 -14.8 181 0 31.7 13.5 10.0 2.5 2 0 4 1 1
1560.8 -7101.5 -14.1 358 0 16.2 11.2 2.5 2.5 2 0 1 0 0
1490.0 -7097.9 -15.3 6 0 10.3 11.1 2.5 2.5 2 1 1 3 3
1487.5 -7134.2 -15.0 8 0 8.6 18.0 5.0 2.5 4 1 2 5 5
1490.1 -6734.8 -15.0 250 0 9.3 11.6 5.0 0.0 0 1 2 2 2
1524.8 -6742.4 -15.2 251 0 7.7 18.2 5.0 2.5 2 1 2 1 1
1422.4 -6765.4 -16.6 268 0 8.9 17.5 7.5 2.5 2 1 3 0 0
1692.5 -6552.9 -10.4 81 0 11.7 11.0 2.5 2.5 4 0 1 5 5
1660.5 -6519.8 -9.7 179 0 12.9 14.2 7.5 0.0 0 1 3 3 3
1585.3 -6658.7 -12.2 60 0 10.3 11.8 7.5 2.5 2 1 3 5 5
1637.3 -6653.9 -12.3 256 0 11.5 9.5 5.0 2.5 2 0 2 0 0
1733.1 -6615.9 -12.4 86 0 11.4 19.9 2.5 2.5 2 1 1 3 3
1761.5 -6569.4 -11.3 359 0 10.9 15.5 5.0 2.5 2 1 2 3 3
1640.2 -6596.1 -11.7 89 0 12.6 19.5 5.0 2.5 2 1 2 4 4
1668.6 -6670.5 -12.5 77 0 11.8 14.0 7.5 2.5 2 1 3 5 5
1683.4 -6608.7 -12.1 180 0 11.6 12.9 7.5 0.0 0 1 3 5 5
1582.0 -6608.4 -12.2 269 0 15.8 8.3 5.0 2.5 2 0 2 0 0
1564.4 -6616.8 -12.3 270 0 12.5 8.9 2.5 2.5 2 0 1 0 0
1617.1 -6627.7 -12.1 0 0 9.3 11.9 5.0 2.5 2 1 2 1 1
1652.1 -6690.0 -13.0 332 0 11.0 22.1 7.5 0.0 0 1 3 3 3
1579.1 -6735.0 -14.5 245 0 10.9 10.4 2.5 2.5 4 0 1 3 3
1595.5 -6770.8 -15.3 70 0 11.6 10.4 7.5 2.5 2 0 3 5 5
1603.0 -6733.8 -14.0 62 0 12.7 9.2 2.5 0.0 0 0 1 4 4
1551.8 -6776.1 -15.8 68 0 23.4 10.7 7.5 0.0 0 0 3 0 0
1472.0 -6793.0 -16.7 169 0 10.1 15.1 5.0 2.5 2 1 2 5 5
1515.6 -6728.0 -14.6 242 0 11.3 11.8 2.5 2.5 2 1 1 1 1
1560.8 -6704.9 -13.7 242 0 9.5 9.9 5.0 2.5 2 1 2 0 0
1584.8 -6687.2 -12.9 242 0 12.8 9.8 5.0 2.5 2 0 2 2 2
1465.8 -6762.1 -15.7 173 0 12.9 11.2 5.0 2.5 2 0 2 1 1
1453.1 -6770.3 -16.3 353 0 13.8 13.0 2.5 2.5 2 0 1 2 2
1427.3 -6812.2 -17.8 182 0 11.1 12.9 5.0 2.5 4 1 2 1 1
1452.0 -6844.2 -18.9 358 0 13.9 15.4 2.5 2.5 4 1 1 4 4
1448.2 -6876.1 -18.8 88 0 10.0 15.2 7.5 0.0 0 1 3 3 3
1112.9 -6508.4 -12.4 90 0 7.9 13.6 2.5 0.0 0 1 1 0 0
1205.7 -6653.1 -14.2 96 0 11.5 13.6 5.0 2.5 2 1 2 1 1
1228.8 -6666.5 -14.5 185 0 11.9 14.9 5.0 2.5 2 1 2 3 3
1424.0 -6686.7 -14.4 1 0 14.2 16.2 2.5 2.5 2 1 1 5 5
1433.2 -6568.5 -12.9 177 0 11.9 11.2 5.0 2.5 2 0 2 3 3
1496.6 -6637.7 -13.2 256 0 14.6 9.3 5.0 2.5 2 0 2 2 2
1537.0 -6666.6 -13.1 71 0 11.2 9.2 5.0 2.5 2 0 2 5 5
1482.9 -6675.3 -13.6 166 0 8.3 15.3 2.5 2.5 2 1 1 4 4
1505.8 -6707.9 -13.9 63 0 9.3 9.9 2.5 2.5 2 1 1 4 4
1521.8 -6699.0 -13.7 67 0 9.3 9.9 7.5 0.0 0 1 3 2 2
1442.5 -6422.7 -9.7 267 0 8.3 12.6 5.0 2.5 2 1 2 5 5
1337.9 -6371.0 -10.0 181 0 14.6 11.3 7.5 2.5 4 0 3 3 3
1391.6 -6424.4 -10.3 349 0 14.1 10.2 5.0 2.5 2 0 2 2 2
1351.7 -6425.2 -10.9 178 0 16.5 10.5 7.5 2.5 2 0 3 3 3
1397.2 -6454.8 -11.2 350 0 14.8 11.8 2.5 2.5 2 0 1 5 5
1402.3 -6502.9 -12.1 355 0 12.3 11.3 5.0 2.5 2 0 2 4 4
1359.7 -6540.8 -13.1 179 0 15.2 8.3 5.0 0.0 0 0 2 3 3
1398.8 -6536.2 -12.8 0 0 12.6 11.5 5.0 2.5 2 0 2 3 3
-1108.7 7213.9 -8.2 267 0 9.4 9.3 5.0 2.5 2 0 2 4 4
830.5 6618.6 -8.0 79 0 5.8 12.7 5.0 2.5 2 1 2 2 2
800.5 6624.4 -8.4 80 0 11.7 11.2 10.0 2.5 4 0 4 1 1
779.7 6629.8 -8.9 81 0 12.7 12.3 2.5 2.5 2 0 1 3 3
747.0 6674.5 -9.8 286 0 17.7 19.2 10.0 0.0 0 1 4 0 0
811.2 6652.4 -8.4 353 0 19.4 8.1 7.5 2.5 2 0 3 0 0
790.5 6675.0 -8.9 263 0 18.4 9.5 7.5 2.5 4 0 3 2 2
784.4 6645.6 -8.8 86 0 6.9 7.2 2.5 2.5 2 1 1 3 3
695.2 6654.1 -10.4 82 0 14.8 11.4 5.0 2.5 2 0 2 3 3
685.4 6702.4 -10.5 257 0 17.3 9.4 2.5 0.0 0 0 1 1 1
648.3 6668.7 -11.1 79 0 10.6 9.9 5.0 0.0 0 0 2 5 5
651.0 6711.0 -10.9 354 0 10.1 19.2 5.0 2.5 2 1 2 1 1
626.4 6701.3 -11.3 258 0 7.1 21.7 7.5 2.5 2 1 3 0 0
557.7 6684.9 -11.3 82 0 10.0 13.6 2.5 2.5 2 1 1 0 0
577.2 6728.8 -11.1 351 0 12.8 30.9 10.0 2.5 2 1 4 5 5
585.3 6701.3 -11.4 349 0 24.1 7.3 5.0 2.5 2 0 2 0 0
867.0 6515.8 -8.1 186 0 15.0 13.2 7.5 2.5 2 0 3 0 0
906.1 6530.1 -7.7 280 0 8.5 18.8 2.5 2.5 2 1 1 3 3
927.4 6488.2 -8.0 99 0 21.0 7.2 7.5 2.5 2 0 3 5 5
961.6 6555.3 -7.2 268 0 15.7 36.9 7.5 2.5 2 1 3 0 0
1006.4 6628.0 -5.6 259 0 7.0 27.8 5.0 2.5 2 1 2 1 1
1048.5 6502.7 -6.7 192 0 10.6 10.7 5.0 2.5 4 1 2 3 3
1056.8 6630.3 -5.1 276 0 15.4 17.7 7.5 2.5 2 1 3 4 4
1229.4 6580.8 -6.0 261 0 15.0 12.4 2.5 2.5 2 0 1 5 5
1243.4 6535.1 -6.2 84 0 16.8 10.5 5.0 2.5 2 0 2 2 2
1260.6 6553.6 -6.1 82 0 10.5 21.4 2.5 2.5 4 1 1 1 1
1355.6 6501.1 -5.3 99 0 14.8 13.5 2.5 2.5 4 0 1 2 2
1336.1 6511.0 -5.5 102 0 9.4 24.1 8.0 2.5 4 1 2 4 4
1554.6 6459.4 -2.5 102 0 13.7 13.8 5.0 0.0 0 1 2 4 4
1577.2 6485.6 -2.5 9 0 22.5 7.4 5.0 2.5 2 0 2 0 0
1575.2 6501.9 -2.8 10 0 8.9 22.2 2.5 2.5 2 1 1 0 0
1590.4 6407.1 -1.1 193 0 11.5 12.4 5.0 2.5 2 1 2 5 5
1599.1 6442.8 -1.6 103 0 14.3 10.8 5.0 2.5 2 0 2 4 4
1625.1 6460.4 -1.5 15 0 20.8 7.8 8.0 2.5 2 0 2 3 3
1621.9 6489.1 -1.9 286 0 23.7 9.9 5.0 0.0 0 0 2 3 3
1596.0 6477.3 -2.0 189 0 26.1 5.9 8.0 2.5 2 0 2 1 1
1618.9 6376.6 -0.9 11 0 9.7 17.6 5.0 2.5 4 1 2 2 2
6072.9 -2321.1 1.0 269 0 13.9 63.7 10.0 2.5 2 1 4 5 5
1339.9 -714.1 7.4 107 0 10.6 35.4 10.0 0.0 0 1 4 3 3
1382.2 -699.9 7.7 15 0 11.7 10.8 5.0 2.5 2 0 2 3 3
1383.1 -676.8 7.6 18 0 11.3 26.5 12.5 2.5 4 1 5 4 4
1397.7 -641.7 7.8 18 0 11.1 12.1 5.0 2.5 2 1 2 2 2
1411.4 -585.5 7.9 15 0 16.3 14.0 10.0 0.0 0 0 4 4 4
1396.5 -611.0 7.9 15 0 6.1 7.4 7.5 2.5 2 0 3 2 2
1390.3 -605.7 7.8 13 0 6.5 14.1 5.0 2.5 2 0 2 4 4
1362.5 -598.8 7.7 106 0 10.7 18.5 5.0 2.5 2 1 2 4 4
1370.0 -542.6 7.8 195 0 15.9 9.0 5.0 2.5 2 0 2 0 0
1403.8 -566.8 7.9 18 0 11.7 11.5 7.5 2.5 4 0 3 0 0
1411.1 -540.1 7.9 17 0 10.5 16.1 5.0 2.5 2 1 2 3 3
1633.7 -439.8 9.0 109 0 10.4 18.8 5.0 2.5 2 1 2 0 0
1593.6 -401.3 9.1 292 0 6.1 18.7 7.5 0.0 0 1 3 3 3
1608.8 -408.6 9.1 289 0 9.6 15.7 2.5 2.5 2 1 1 3 3
1584.0 -444.8 9.0 109 0 12.6 13.7 5.0 0.0 0 1 2 2 2
1464.8 -381.5 9.1 17 0 23.8 14.5 10.0 2.5 2 0 4 3 3
1451.8 -294.5 9.6 197 0 13.4 10.3 7.5 2.5 2 0 3 3 3
1502.5 -275.5 9.7 19 0 11.2 15.0 2.5 2.5 2 1 1 3 3
1447.3 -241.7 10.1 198 0 10.4 9.1 7.5 2.5 4 0 3 0 0
1546.4 -145.9 10.3 20 0 15.6 9.6 7.5 2.5 2 0 3 0 0
1487.3 -170.2 10.4 112 0 9.7 9.8 7.5 2.5 2 1 3 1 1
1421.2 -144.5 10.8 18 0 11.7 9.6 7.5 2.5 2 0 3 4 4
1271.5 -233.5 8.9 109 0 13.9 19.9 10.0 0.0 0 1 4 5 5
1307.1 -325.6 8.7 108 0 18.6 13.6 10.0 2.5 2 0 4 2 2
1356.6 -335.6 9.0 16 0 11.5 14.3 5.0 2.5 2 1 2 5 5
1391.5 -417.6 8.9 198 0 21.9 9.4 5.0 2.5 2 0 2 1 1
1424.4 -425.8 8.9 288 0 10.9 10.3 7.5 2.5 2 0 3 3 3
1455.5 -1231.4 4.9 2 0 7.7 13.1 7.5 2.5 2 1 3 3 3
1425.9 -1194.5 5.1 182 0 7.8 10.6 7.5 2.5 2 0 3 1 1
1373.6 -1189.2 5.2 95 0 8.3 8.3 5.0 2.5 2 0 2 2 2
1386.9 -1174.1 5.2 0 0 6.6 8.5 5.0 2.5 2 1 2 5 5
1401.4 -1171.7 5.2 10 0 9.9 12.2 7.5 2.5 2 1 3 3 3
1481.8 -1090.5 5.6 2 0 9.2 4.2 7.5 2.5 2 0 3 3 3
1473.6 -1099.7 5.6 92 0 7.3 15.0 5.0 2.5 2 0 2 0 0
1449.5 -1090.5 5.6 185 0 10.6 10.6 7.5 2.5 2 1 3 4 4
1416.2 -1096.8 5.6 3 0 15.0 15.2 10.0 2.5 2 1 4 5 5
1424.3 -1071.1 5.7 2 0 10.1 12.0 10.0 0.0 0 1 4 3 3
1292.7 -932.6 6.5 190 0 7.2 8.3 2.5 2.5 2 1 1 5 5
1333.3 -971.4 6.3 94 0 9.9 10.1 5.0 2.5 2 1 2 4 4
1340.9 -943.6 6.4 6 0 9.6 10.4 5.0 2.5 2 1 2 5 5
1298.1 -845.5 6.6 103 0 12.3 25.1 10.0 0.0 0 1 4 4 4
1346.4 -837.0 7.0 16 0 11.1 10.5 2.5 0.0 0 0 1 4 4
1323.4 -780.0 7.1 288 0 10.3 22.2 7.5 2.5 2 1 3 3 3
1342.6 -818.4 7.0 18 0 9.9 27.6 7.5 0.0 0 1 3 3 3
1436.2 -783.9 7.6 5 0 13.4 15.3 2.5 2.5 2 1 1 4 4
1070.4 -2116.1 7.4 6 0 5.8 7.2 7.5 2.5 2 0 3 1 1
1071.0 -2110.1 7.5 7 0 6.1 7.2 2.5 2.5 2 0 1 4 4
1116.8 -2067.8 8.0 185 0 6.4 17.8 2.5 2.5 2 1 1 0 0
1115.0 -2043.9 8.1 199 0 11.1 9.5 7.5 2.5 2 0 3 3 3
1084.2 -2038.4 7.9 2 0 13.2 24.2 10.0 2.5 2 1 4 2 2
1101.5 -2015.4 8.3 2 0 5.8 10.8 5.0 2.5 2 1 2 3 3
1088.0 -2005.2 8.3 2 0 14.6 10.9 2.5 2.5 2 0 1 4 4
1112.7 -1970.8 8.6 4 0 12.5 12.8 5.0 2.5 2 1 2 3 3
1116.9 -1941.4 8.9 360 0 10.7 8.7 5.0 2.5 2 0 2 4 4
1182.0 -1759.3 10.4 276 0 7.2 13.5 7.5 2.5 2 1 3 5 5
1099.5 -1801.9 9.8 92 0 7.1 5.0 5.0 2.5 2 0 2 2 2
1108.4 -1796.0 9.8 0 0 7.6 5.3 2.5 2.5 4 0 1 2 2
1111.1 -1787.8 9.9 1 0 7.0 8.1 2.5 2.5 4 1 1 2 2
1147.9 -1679.5 10.5 93 0 14.7 21.7 7.5 2.5 2 1 3 0 0
1202.9 -1657.4 10.4 272 0 12.2 10.5 7.5 2.5 4 0 3 0 0
1245.0 -1695.5 10.7 183 0 10.7 11.2 10.0 2.5 4 1 4 4 4
1252.6 -1673.2 10.2 181 0 14.9 9.3 5.0 2.5 2 0 2 0 0
1287.6 -1657.3 9.6 92 0 9.1 16.1 7.5 2.5 2 1 3 1 1
1268.8 -1618.2 9.1 185 0 11.4 11.4 2.5 2.5 2 0 1 2 2
1316.5 -1625.2 8.7 93 0 10.1 20.9 10.0 2.5 2 1 4 2 2
1303.4 -1575.7 8.3 291 0 9.5 15.6 7.5 2.5 2 1 3 5 5
1309.3 -1485.2 6.5 196 0 13.6 6.2 5.0 2.5 2 0 2 4 4
1277.2 -1421.4 5.5 90 0 5.8 9.4 5.0 2.5 2 1 2 0 0
1331.4 -1443.2 5.6 180 0 6.3 14.4 7.5 2.5 2 1 3 5 5
1355.2 -1421.1 5.1 182 0 10.0 13.0 7.5 2.5 2 1 3 2 2
1356.1 -1388.1 4.4 181 0 11.2 19.1 7.5 2.5 2 1 3 3 3
1422.4 -1290.2 4.6 2 0 25.9 13.0 10.0 2.5 2 0 4 0 0
1385.8 -1298.2 4.6 183 0 8.7 15.2 5.0 2.5 4 1 2 3 3
1372.2 -1308.7 4.6 200 0 12.4 9.1 7.5 2.5 2 0 3 2 2
1328.6 -468.2 8.1 109 0 8.5 14.0 7.5 2.5 2 1 3 2 2
1526.3 -126.4 10.5 287 0 12.5 8.1 7.5 2.5 2 0 3 3 3
1500.7 -134.2 10.5 197 0 8.2 9.5 7.5 2.5 2 1 3 2 2
1517.8 -107.4 10.6 291 0 13.2 11.0 7.5 0.0 0 0 3 0 0
1613.4 -104.7 10.3 289 0 15.1 12.4 5.0 2.5 2 0 2 5 5
1095.1 -2461.9 4.4 92 0 15.2 22.0 10.0 2.5 2 1 4 1 1
1053.9 -2369.1 4.6 91 0 9.4 17.6 5.0 2.5 2 1 2 1 1
942.0 -2410.5 5.7 91 0 11.1 13.1 10.0 2.5 2 1 4 1 1
936.3 -2374.3 5.6 182 0 12.3 12.4 5.0 2.5 2 1 2 5 5
943.0 -2346.5 5.6 199 0 9.6 11.6 5.0 2.5 4 1 2 2 2
1030.5 -2235.8 5.0 4 0 7.4 9.3 2.5 2.5 2 0 1 4 4
1031.1 -2228.5 5.1 5 0 7.5 9.3 7.5 0.0 0 0 3 0 0
1019.2 -2182.6 5.9 272 0 13.3 13.2 7.5 2.5 2 0 3 5 5
1138.1 -2191.4 6.9 181 0 7.3 9.5 7.5 2.5 4 1 3 0 0
215.6 -1949.9 4.3 221 0 11.0 14.8 7.5 2.5 2 1 3 2 2
157.0 -1972.3 3.5 23 0 14.4 11.3 7.5 2.5 4 0 3 0 0
143.4 -1855.3 3.4 204 0 23.6 13.6 7.5 2.5 2 0 3 2 2
186.4 -1913.6 3.7 23 0 13.4 8.7 5.0 2.5 2 0 2 1 1
164.7 -1887.2 3.6 115 0 15.5 10.2 2.5 2.5 2 0 1 0 0
194.2 -1878.1 3.8 24 0 18.2 13.5 7.5 2.5 2 0 3 4 4
214.1 -1854.0 4.2 24 0 10.0 6.4 2.5 2.5 2 0 1 2 2
291.3 -1914.6 4.9 32 0 6.8 21.6 5.0 2.5 2 1 2 0 0
244.9 -1847.9 4.6 198 0 14.0 12.3 5.0 2.5 2 0 2 3 3
214.5 -1786.4 4.1 25 0 15.8 13.6 5.0 0.0 0 0 2 5 5
158.1 -1769.0 3.8 204 0 8.1 24.1 5.0 2.5 4 1 2 3 3
156.0 -1733.1 4.0 205 0 12.9 40.5 15.0 0.0 0 1 6 4 4
215.6 -1690.5 4.3 295 0 19.7 8.4 5.0 2.5 2 0 2 4 4
233.0 -1704.7 4.7 295 0 12.3 14.5 10.0 2.5 2 1 4 3 3
326.0 -1825.9 5.3 20 0 21.4 13.6 10.0 2.5 2 0 4 2 2
293.8 -1828.6 5.1 111 0 19.0 7.4 2.5 2.5 2 0 1 0 0
274.8 -1804.3 4.9 208 0 11.9 9.5 5.0 2.5 2 0 2 5 5
314.6 -1799.7 5.3 16 0 9.1 18.4 2.5 2.5 2 1 1 3 3
374.3 -1734.1 6.9 188 0 6.8 13.7 7.5 2.5 2 1 3 4 4
396.8 -1749.7 7.1 283 0 8.2 15.6 5.0 2.5 2 1 2 0 0
304.2 -1727.7 6.2 184 0 6.9 10.6 7.5 0.0 0 1 3 2 2
296.7 -1702.5 5.8 193 0 6.8 18.1 2.5 2.5 2 1 1 3 3
334.1 -1665.1 5.8 103 0 12.8 8.8 5.0 2.5 2 0 2 4 4
318.7 -1659.7 5.5 103 0 19.7 8.1 7.5 2.5 2 0 3 3 3
343.7 -1658.2 5.7 98 0 8.5 19.6 2.5 2.5 2 1 1 2 2
348.4 -1615.7 5.3 18 0 12.1 13.5 10.0 2.5 2 1 4 4 4
-114.1 -2935.6 3.6 189 0 10.9 10.6 5.0 0.0 0 0 2 0 0
-61.6 -2746.3 3.7 194 0 18.6 9.9 2.5 2.5 2 0 1 3 3
-65.6 -2946.6 3.4 11 0 12.5 7.9 5.0 2.5 4 0 2 0 0
-76.5 -2925.7 3.8 282 0 16.2 9.0 5.0 2.5 2 0 2 5 5
-108.4 -2973.9 3.1 192 0 6.4 13.1 5.0 2.5 2 1 2 5 5
-97.1 -2999.6 2.5 191 0 10.6 9.2 7.5 0.0 0 0 3 1 1
-122.5 -3098.2 1.9 192 0 9.2 6.6 2.5 2.5 2 0 1 2 2
-172.4 -3113.0 2.4 13 0 6.8 11.3 5.0 2.5 4 1 2 3 3
-197.8 -3123.7 2.6 193 0 9.9 7.6 5.0 2.5 2 0 2 4 4
-157.6 -3109.2 2.3 12 0 9.8 9.7 7.5 2.5 2 0 3 5 5
-154.9 -3090.9 2.4 11 0 11.3 10.5 10.0 2.5 2 0 4 2 2
-198.0 -3071.8 2.8 190 0 21.4 10.8 5.0 0.0 0 0 2 1 1
-151.2 -3035.7 2.6 13 0 8.5 12.3 5.0 2.5 2 1 2 4 4
-141.2 -2958.7 3.1 10 0 6.2 21.9 7.5 2.5 2 1 3 2 2
-155.1 -2999.3 2.9 13 0 8.6 25.2 5.0 2.5 2 1 2 2 2
-186.8 -3000.2 3.1 102 0 9.6 8.5 7.5 0.0 0 0 3 3 3
-163.5 -2926.6 3.4 14 0 8.5 18.8 2.5 2.5 2 1 1 1 1
-188.9 -2871.5 3.9 282 0 6.4 6.0 5.0 2.5 2 0 2 3 3
-196.9 -2905.3 3.5 194 0 11.0 20.4 5.0 0.0 0 0 2 5 5
-150.4 -2917.4 3.7 12 0 7.1 17.9 7.5 2.5 2 0 3 0 0
-135.0 -2921.4 3.8 15 0 7.0 15.8 7.5 2.5 2 0 3 4 4
-98.5 -2858.1 4.6 105 0 9.8 13.7 2.5 2.5 2 1 1 1 1
-42.6 -2821.3 4.2 12 0 6.2 15.6 7.5 2.5 2 1 3 2 2
-39.5 -2850.9 4.3 104 0 7.8 6.3 2.5 2.5 2 0 1 2 2
-71.2 -2852.4 4.6 102 0 11.3 5.8 5.0 2.5 2 0 2 0 0
-83.7 -2831.8 4.5 193 0 4.8 4.8 2.5 2.5 2 0 1 2 2
-67.0 -2799.9 4.0 194 0 16.5 8.7 5.0 2.5 2 0 2 4 4
28.2 -2623.1 3.6 15 0 11.3 24.7 7.5 2.5 2 1 3 3 3
24.1 -2611.5 3.8 13 0 8.5 11.5 7.5 2.5 2 1 3 1 1
59.6 -2554.2 2.9 14 0 37.8 15.2 7.5 2.5 2 0 3 4 4
41.8 -2567.6 3.7 13 0 7.7 16.9 7.5 0.0 0 0 3 5 5
12.1 -2561.2 3.8 193 0 7.5 13.5 7.5 2.5 2 0 3 0 0
3.3 -2552.2 3.7 193 0 21.2 10.5 5.0 2.5 2 0 2 5 5
14.0 -2531.7 3.3 193 0 12.1 12.8 2.5 2.5 2 1 1 4 4
61.7 -2506.9 2.5 343 0 7.5 8.2 7.5 2.5 2 1 3 0 0
25.6 -2503.8 2.7 166 0 11.1 13.1 10.0 2.5 2 1 4 4 4
-84.9 -2631.6 4.9 282 0 10.9 15.2 2.5 2.5 2 1 1 2 2
-52.3 -2529.6 3.9 168 0 12.2 23.8 10.0 2.5 2 1 4 2 2
-54.5 -2499.6 3.4 165 0 9.8 20.9 2.5 2.5 4 1 1 0 0
-13.7 -2482.0 2.9 347 0 13.9 11.6 5.0 2.5 2 0 2 4 4
-37.1 -2464.5 2.9 167 0 10.7 10.6 2.5 2.5 2 0 1 4 4
16.5 -2423.8 2.5 354 0 11.6 11.7 5.0 2.5 2 1 2 3 3
-38.4 -2434.5 2.8 166 0 21.3 10.8 7.5 2.5 2 0 3 3 3
-58.3 -2402.2 3.2 165 0 11.0 8.0 5.0 2.5 2 0 2 1 1
-60.9 -2392.3 3.4 165 0 9.5 9.8 5.0 2.5 2 0 2 2 2
-6.2 -2384.4 3.0 358 0 21.5 10.8 7.5 2.5 2 0 3 0 0
-21.9 -2358.5 3.3 262 0 5.5 14.3 5.0 2.5 4 1 2 5 5
-4.7 -2404.2 2.8 346 0 7.9 20.7 2.5 2.5 2 1 1 2 2
15.1 -2372.1 3.0 350 0 8.6 18.7 7.5 2.5 2 1 3 4 4
36.6 -2326.6 2.8 1 0 10.5 6.7 5.0 0.0 0 0 2 2 2
31.1 -2349.3 2.8 351 0 8.5 12.4 5.0 0.0 0 1 2 3 3
2.3 -2361.9 3.1 353 0 9.4 7.0 7.5 2.5 4 0 3 5 5
1.1 -2353.0 3.1 352 0 8.6 8.1 2.5 2.5 2 0 1 4 4
-12.9 -2323.2 3.2 261 0 12.7 22.7 10.0 2.5 2 1 4 2 2
49.2 -2245.0 2.4 346 0 5.6 26.6 5.0 2.5 2 1 2 1 1
-0.5 -2242.1 2.6 258 0 9.9 17.6 7.5 2.5 2 1 3 3 3
4.5 -2290.5 2.8 172 0 20.2 12.3 7.5 2.5 2 0 3 3 3
48.6 -2290.9 2.5 357 0 9.3 7.1 5.0 2.5 2 0 2 2 2
47.2 -2299.4 2.6 355 0 5.7 22.1 5.0 2.5 2 1 2 4 4
57.8 -2231.1 2.5 349 0 14.0 6.7 5.0 2.5 4 0 2 4 4
-146.0 -3265.8 1.1 194 0 11.0 11.7 7.5 2.5 2 1 3 3 3
-158.8 -3335.8 0.5 186 0 11.8 11.0 7.5 2.5 2 0 3 5 5
-159.6 -3388.1 0.6 192 0 12.8 13.1 7.5 2.5 2 1 3 4 4
-138.4 -3490.3 0.7 102 0 13.2 20.1 10.0 2.5 2 1 4 1 1
-168.5 -3485.3 1.1 101 0 12.9 7.0 5.0 2.5 2 0 2 0 0
-167.4 -3455.4 1.0 188 0 11.2 9.8 2.5 2.5 4 0 1 5 5
-182.3 -3522.8 1.0 186 0 8.8 17.1 7.5 2.5 2 1 3 5 5
-147.9 -3577.8 1.1 283 0 7.8 13.2 7.5 2.5 2 1 3 4 4
-185.3 -3600.3 1.1 192 0 6.4 12.5 7.5 2.5 2 1 3 1 1
-183.4 -3690.9 0.4 191 0 6.7 10.8 2.5 2.5 2 1 1 4 4
-150.1 -3682.5 0.6 13 0 17.1 9.0 7.5 2.5 2 0 3 3 3
-167.5 -3762.9 -0.4 102 0 7.8 16.0 5.0 2.5 2 1 2 1 1
-177.0 -3764.3 -0.6 12 0 6.6 13.7 5.0 2.5 2 1 2 5 5
-250.5 -3787.2 -0.5 16 0 6.9 18.4 7.5 2.5 2 1 3 5 5
-258.2 -3719.5 -0.4 105 0 14.1 17.9 10.0 2.5 2 1 4 3 3
-276.0 -3638.4 0.4 279 0 7.9 11.9 7.5 2.5 2 1 3 2 2
-255.9 -3624.0 0.8 192 0 9.6 15.2 5.0 2.5 2 1 2 5 5
-235.5 -3650.4 0.5 12 0 13.0 19.9 7.5 2.5 2 1 3 4 4
-224.2 -3615.8 0.9 11 0 11.1 6.6 5.0 0.0 0 0 2 4 4
-250.3 -3528.0 0.7 192 0 5.6 8.7 7.5 2.5 4 1 3 3 3
-228.2 -3545.1 1.0 104 0 4.3 7.4 5.0 2.5 2 1 2 4 4
-196.8 -3492.6 1.2 7 0 13.4 7.2 7.5 0.0 0 0 3 5 5
-281.7 -3417.9 1.3 193 0 13.4 46.4 10.0 2.5 2 1 4 5 5
-211.4 -3446.6 1.6 13 0 8.0 17.8 7.5 2.5 2 1 3 0 0
-194.9 -3435.4 1.3 8 0 16.3 10.2 10.0 2.5 2 0 4 4 4
-208.0 -3404.3 1.4 14 0 7.2 13.9 7.5 2.5 4 1 3 1 1
-189.1 -3399.6 1.1 13 0 4.7 7.0 7.5 0.0 0 0 3 2 2
-190.6 -3406.0 1.2 13 0 8.4 12.2 7.5 2.5 2 0 3 3 3
-233.7 -3307.1 1.7 103 0 8.4 14.2 7.5 2.5 2 1 3 1 1
-181.2 -3324.3 1.0 13 0 9.7 9.4 7.5 2.5 2 0 3 1 1
-167.4 -3249.6 1.5 10 0 12.1 14.6 7.5 2.5 4 1 3 1 1
-163.5 -3222.5 1.6 8 0 12.4 10.4 5.0 0.0 0 0 2 5 5
-190.2 -3207.8 1.9 195 0 7.0 14.4 7.5 2.5 2 1 3 5 5
-159.7 -3172.6 2.0 9 0 15.7 10.3 10.0 2.5 2 0 4 2 2
-131.9 -3202.9 1.3 195 0 10.4 14.1 5.0 2.5 4 1 2 3 3
-104.4 -3221.0 1.1 14 0 12.6 12.9 7.5 2.5 2 1 3 3 3
-79.7 -3194.5 1.1 12 0 13.5 29.2 7.5 2.5 2 1 3 2 2
-87.5 -3169.7 1.3 13 0 18.2 12.9 2.5 2.5 2 0 1 0 0
-118.6 -3157.1 1.5 191 0 8.2 15.8 5.0 2.5 2 1 2 5 5
-134.7 -3159.0 1.7 190 0 11.1 10.3 7.5 2.5 2 0 3 1 1
-555.7 -4549.1 -5.9 98 0 5.7 10.9 5.0 2.5 2 1 2 3 3
-575.6 -4565.2 -5.7 287 0 8.3 9.0 7.5 2.5 2 1 3 2 2
-604.4 -4592.7 -6.3 194 0 7.7 13.4 7.5 0.0 0 1 3 2 2
-601.7 -4562.8 -5.4 287 0 12.9 9.4 7.5 2.5 4 0 3 5 5
-578.7 -4536.7 -5.2 191 0 8.9 7.7 5.0 2.5 2 0 2 1 1
-606.3 -4478.9 -3.4 186 0 13.0 10.4 5.0 2.5 2 0 2 2 2
-583.2 -4469.0 -3.5 14 0 7.0 3.0 7.5 2.5 4 0 3 5 5
-573.8 -4474.4 -3.9 14 0 12.9 10.4 5.0 2.5 2 0 2 4 4
-550.5 -4322.9 -0.6 12 0 9.1 16.6 2.5 2.5 4 1 1 1 1
-110.3 -4300.2 -5.5 12 0 10.7 7.4 2.5 0.0 0 0 1 3 3
-91.2 -4251.5 -4.6 12 0 15.7 14.2 7.5 2.5 2 0 3 1 1
-134.8 -4238.2 -4.8 280 0 13.1 9.8 2.5 2.5 2 0 1 0 0
-141.9 -4169.9 -3.8 13 0 12.2 6.9 5.0 2.5 2 0 2 1 1
-157.6 -4077.9 -3.0 281 0 10.8 16.8 7.5 0.0 0 1 3 1 1
-181.1 -4076.5 -3.1 191 0 7.5 13.5 5.0 2.5 2 1 2 0 0
-167.6 -4120.6 -3.3 192 0 14.1 15.2 7.5 2.5 2 1 3 1 1
-291.3 -3979.1 -2.1 101 0 9.4 9.9 7.5 0.0 0 1 3 2 2
-257.7 -3976.8 -1.8 13 0 13.7 21.3 10.0 0.0 0 1 4 3 3
-1089.4 -4576.0 -6.2 195 0 28.5 14.4 7.5 2.5 2 0 3 3 3
-1043.2 -4595.8 -6.2 14 0 6.6 12.2 7.5 2.5 2 1 3 4 4
-1040.3 -4570.5 -5.8 14 0 10.9 10.1 5.0 2.5 2 0 2 3 3
-999.9 -4559.0 -5.6 284 0 8.0 10.9 2.5 0.0 0 1 1 3 3
-116.7 -4779.8 -5.9 81 0 13.4 11.1 7.5 2.5 2 0 3 5 5
-129.4 -4712.6 -5.5 274 0 14.1 7.5 2.5 2.5 4 0 1 0 0
-112.2 -4713.8 -4.9 265 0 8.4 10.8 5.0 2.5 2 1 2 1 1
-273.0 -4617.6 -5.3 90 0 9.8 8.4 5.0 0.0 0 0 2 1 1
-353.5 -4720.0 -8.8 88 0 13.8 17.3 5.0 2.5 4 1 2 2 2
-317.0 -4729.7 -7.8 89 0 14.2 10.4 5.0 2.5 4 0 2 1 1
-157.1 -4004.0 -1.5 99 0 9.0 9.7 2.5 2.5 2 1 1 0 0
-995.4 -5004.4 -9.1 18 0 14.2 10.0 5.0 2.5 2 0 2 2 2
-1018.7 -4984.0 -8.9 190 0 7.3 7.0 5.0 2.5 2 0 2 2 2
-1036.8 -4989.3 -9.2 190 0 11.4 13.7 5.0 2.5 2 1 2 5 5
-1028.3 -4919.4 -8.5 282 0 11.3 16.7 2.5 0.0 0 1 1 4 4
-1063.9 -4938.9 -8.7 194 0 6.3 15.4 5.0 2.5 4 1 2 1 1
-1068.3 -4924.9 -8.5 193 0 9.7 11.0 5.0 2.5 2 1 2 5 5
-1119.9 -4821.3 -8.3 103 0 8.8 11.3 5.0 2.5 2 1 2 0 0
-1131.4 -4786.9 -8.2 98 0 5.7 9.2 5.0 2.5 2 1 2 5 5
-1132.0 -4762.6 -8.0 193 0 8.0 7.9 5.0 2.5 2 0 2 3 3
-1137.5 -4650.5 -7.4 285 0 7.3 14.1 5.0 0.0 0 1 2 0 0
-1094.1 -4694.4 -7.5 12 0 13.2 7.3 5.0 2.5 2 0 2 0 0
-1090.2 -4652.2 -7.1 16 0 10.1 24.3 5.0 2.5 2 1 2 0 0
-1150.8 -4682.4 -7.8 196 0 22.4 17.7 7.5 2.5 2 0 3 2 2
-994.1 -5207.7 -8.7 20 0 4.7 7.4 2.5 2.5 2 1 1 4 4
-993.2 -5219.5 -8.7 22 0 10.6 9.7 2.5 0.0 0 0 1 2 2
-1001.3 -5238.6 -8.5 23 0 9.8 14.0 2.5 2.5 2 0 1 0 0
-950.0 -5119.5 -9.6 215 0 9.9 18.4 5.0 2.5 2 1 2 3 3
-1174.1 -5119.9 -11.7 16 0 13.3 12.3 5.0 2.5 2 0 2 2 2
-1156.6 -5127.4 -11.8 286 0 12.1 14.5 5.0 2.5 2 1 2 5 5
-1092.1 -5100.7 -10.8 101 0 8.0 6.8 5.0 2.5 2 0 2 5 5
-1086.7 -5116.1 -11.0 104 0 8.3 9.4 7.5 2.5 2 1 3 0 0
-1498.6 -4152.0 -4.2 94 0 5.6 8.5 7.5 2.5 2 1 3 3 3
-1472.0 -4135.5 -4.2 6 0 11.2 12.6 5.0 2.5 2 1 2 5 5
-1459.8 -4172.5 -4.1 6 0 12.1 6.3 5.0 2.5 2 0 2 1 1
-1461.5 -4151.7 -4.1 6 0 8.9 9.1 5.0 2.5 2 1 2 1 1
-1436.3 -4115.1 -4.1 184 0 10.9 11.1 10.0 2.5 2 1 4 0 0
-1442.8 -4160.6 -4.0 185 0 15.1 26.4 7.5 2.5 4 1 3 4 4
-1460.9 -4291.6 -4.4 192 0 10.9 11.7 7.5 2.5 2 1 3 5 5
-1457.8 -4236.2 -4.2 190 0 8.9 19.1 2.5 2.5 2 1 1 4 4
-1466.5 -4222.3 -4.3 8 0 8.5 9.5 7.5 2.5 2 1 3 0 0
-1467.6 -4235.3 -4.4 6 0 7.4 13.6 7.5 2.5 2 1 3 4 4
-1496.5 -4317.3 -5.2 8 0 16.4 11.2 7.5 2.5 2 0 3 5 5
-1490.4 -4271.9 -4.6 9 0 12.9 12.6 7.5 2.5 2 0 3 4 4
-1481.2 -4289.5 -4.7 359 0 5.4 12.3 5.0 2.5 2 1 2 4 4
-1477.5 -4305.7 -5.0 6 0 12.1 11.3 5.0 2.5 2 0 2 2 2
-1470.2 -4320.3 -4.9 190 0 16.5 7.5 7.5 2.5 2 0 3 3 3
-1474.9 -4342.4 -4.9 189 0 9.2 17.5 7.5 2.5 2 1 3 0 0
-1487.7 -4346.4 -5.2 3 0 6.7 16.1 5.0 2.5 2 1 2 1 1
-1520.6 -4373.4 -5.5 186 0 6.9 12.3 5.0 2.5 2 1 2 4 4
-1517.6 -4405.4 -5.6 186 0 6.7 12.7 5.0 2.5 2 1 2 0 0
-1492.6 -4396.9 -5.4 1 0 12.8 10.1 7.5 2.5 2 0 3 2 2
-1559.9 -4505.1 -6.3 277 0 8.6 8.9 7.5 2.5 2 1 3 2 2
-1584.2 -4517.0 -6.6 274 0 7.6 14.1 5.0 2.5 2 1 2 4 4
-1586.0 -4577.5 -7.3 96 0 9.7 15.3 7.5 2.5 2 1 3 5 5
-1546.6 -4581.1 -7.3 1 0 8.5 8.1 7.5 2.5 2 0 3 3 3
-1467.4 -4645.8 -8.3 104 0 9.4 13.0 7.5 2.5 2 1 3 5 5
-1471.5 -4617.9 -7.9 205 0 6.8 8.4 2.5 2.5 2 1 1 5 5
-1425.9 -4552.6 -6.6 175 0 6.4 11.4 7.5 2.5 2 1 3 1 1
-1411.6 -4571.9 -6.9 92 0 13.0 6.0 5.0 2.5 2 0 2 3 3
-1386.1 -4555.8 -6.7 357 0 17.5 9.5 5.0 2.5 2 0 2 1 1
-1409.0 -4442.0 -4.8 183 0 10.3 11.3 7.5 2.5 2 1 3 1 1
-1313.9 -4456.0 -4.6 102 0 6.4 20.5 2.5 2.5 2 1 1 0 0
-1292.3 -4458.1 -4.5 99 0 7.9 20.3 7.5 2.5 2 1 3 1 1
-1284.9 -4422.9 -3.9 8 0 8.3 16.3 5.0 2.5 2 1 2 1 1
-1220.0 4509.3 -15.5 302 0 6.9 13.8 5.0 2.5 2 1 2 2 2
-1270.3 4531.9 -15.0 211 0 15.8 21.1 7.5 2.5 2 1 3 3 3
-1426.1 4346.5 -13.9 219 0 7.9 7.4 5.0 2.5 2 0 2 3 3
-6239.8 -5603.9 -27.0 276 0 5.3 5.5 7.5 2.5 2 0 3 2 2
567.9 -7097.1 -7.0 173 0 10.9 13.9 5.0 2.5 2 1 2 4 4
573.3 -7121.5 -7.2 356 0 10.9 10.1 7.5 2.5 2 0 3 0 0
521.4 -7162.8 -6.5 238 0 17.9 6.1 5.0 2.5 2 0 2 3 3
532.7 -7188.5 -7.0 82 0 6.8 14.8 7.5 2.5 2 1 3 4 4
432.6 -7267.9 -6.0 165 0 11.5 7.2 5.0 2.5 2 0 2 2 2
450.5 -7284.4 -5.7 80 0 10.6 6.0 7.5 2.5 2 0 3 5 5
442.3 -7225.0 -6.2 243 0 4.5 16.3 7.5 2.5 2 1 3 0 0
466.9 -7245.3 -6.0 340 0 7.4 16.0 7.5 2.5 2 1 3 2 2
461.8 -7214.2 -6.3 328 0 10.6 9.3 5.0 2.5 2 0 2 4 4
500.9 -7155.1 -6.2 216 0 11.2 8.7 7.5 2.5 2 0 3 3 3
470.7 -7206.8 -6.5 146 0 9.1 8.4 5.0 2.5 2 0 2 3 3
506.8 -7322.8 -5.7 169 0 15.0 10.1 5.0 2.5 2 0 2 5 5
6954.7 713.3 -8.7 287 0 8.7 11.6 10.5 3.5 4 1 3 1 1
6953.8 657.3 -8.5 107 0 9.2 9.5 10.5 3.5 2 1 3 2 2
6953.5 633.3 -8.4 106 1 12.8 11.5 14.0 3.5 2 0 4 1 1
6949.0 607.9 -8.4 18 0 6.4 12.7 10.5 3.5 2 1 3 2 2
6954.0 478.8 -7.7 197 0 9.7 11.5 10.5 3.5 2 1 3 3 3
6954.2 429.5 -7.7 19 0 5.5 10.2 10.5 3.5 2 1 3 5 5
6900.9 389.7 -8.1 107 0 15.9 8.5 10.5 3.5 2 0 3 2 2
6863.0 418.1 -8.7 288 1 10.2 12.5 14.0 3.5 2 1 4 2 2
6827.2 424.2 -9.2 197 0 8.2 15.3 10.5 3.5 2 1 3 0 0
6874.5 444.3 -8.6 100 0 12.1 14.8 10.5 3.5 2 1 3 5 5
6820.9 460.2 -9.1 108 0 12.9 15.0 10.5 3.5 2 1 3 4 4
6764.3 -422.8 -10.4 272 0 15.8 35.9 14.0 3.5 4 1 4 0 0
6890.5 -1822.3 -3.6 230 0 19.2 16.3 7.5 2.5 2 0 3 5 5
848.1 -1775.1 8.8 181 0 14.6 22.0 12.5 2.5 2 1 5 5 5
3025.2 -2951.8 -1.1 251 0 10.5 13.6 7.5 2.5 2 1 3 0 0
-6216.8 -5492.5 -26.4 14 0 15.3 9.3 5.0 2.5 2 0 2 5 5
-6228.7 -5464.5 -26.5 192 0 21.2 10.8 7.5 2.5 2 0 3 5 5
-6461.6 -6210.9 -30.0 111 0 7.5 13.1 2.5 2.5 2 1 1 1 1
-6860.9 -6703.6 -31.5 112 0 8.4 11.6 5.0 2.5 2 1 2 2 2
-6182.2 -5459.7 -26.2 11 0 7.2 17.4 7.5 0.0 0 1 3 4 4
-6179.6 -5434.6 -26.2 11 0 9.4 12.9 5.0 2.5 2 1 2 3 3
-6151.4 -5414.8 -26.0 189 0 11.6 10.2 5.0 2.5 4 0 2 2 2
-6171.8 -5396.4 -26.2 9 0 11.7 12.3 2.5 2.5 2 1 1 5 5
-6184.9 -5407.5 -26.3 14 0 6.1 14.7 5.0 2.5 2 1 2 5 5
-6208.7 -5395.1 -26.4 196 0 13.1 6.7 7.5 2.5 2 0 3 2 2
-6199.5 -5365.8 -26.4 194 0 12.3 7.2 5.0 2.5 2 0 2 5 5
-6180.4 -5339.5 -26.1 14 0 6.5 11.0 5.0 2.5 2 1 2 0 0
-6241.4 -5299.3 -25.3 88 0 11.8 14.1 5.0 2.5 2 1 2 4 4
-6243.2 -5561.1 -26.8 96 0 10.4 14.0 7.5 2.5 2 1 3 1 1
-6286.1 -5566.3 -27.2 98 0 14.2 8.8 5.0 2.5 2 0 2 3 3
-6267.3 -5559.0 -27.0 94 0 8.4 8.8 5.0 2.5 2 1 2 3 3
-6299.4 -5515.3 -27.3 4 0 7.3 28.0 2.5 2.5 2 1 1 0 0
-6357.6 -5542.4 -27.7 183 0 46.0 10.6 5.0 2.5 2 0 2 3 3
-6399.4 -5602.7 -28.2 3 0 12.5 9.3 2.5 2.5 2 0 1 2 2
-6424.6 -5594.7 -28.3 272 0 8.0 8.4 2.5 2.5 2 1 1 2 2
-6411.7 -5634.0 -28.2 94 0 7.3 13.3 7.5 2.5 2 1 3 0 0
-6374.2 -5756.8 -29.5 176 0 14.4 23.6 7.5 2.5 2 1 3 1 1
-6329.4 -5740.7 -29.2 11 0 18.7 9.7 5.0 2.5 2 0 2 2 2
-6343.3 -5703.8 -28.6 187 0 5.7 12.9 5.0 2.5 2 1 2 1 1
-6310.2 -5662.6 -27.8 12 0 31.2 13.2 7.5 2.5 2 0 3 1 1
-6366.0 -5615.3 -27.9 189 0 14.0 10.3 7.5 2.5 2 0 3 3 3
-6464.7 -5234.3 -26.1 273 0 7.4 21.5 5.0 2.5 2 1 2 5 5
-6489.5 -5284.1 -26.8 182 0 16.5 11.3 2.5 2.5 2 0 1 2 2
-6620.8 -5381.1 -26.8 92 0 13.3 7.6 2.5 2.5 2 0 1 5 5
-6603.5 -5372.8 -26.6 90 0 4.9 18.5 5.0 2.5 2 1 2 3 3
-6634.7 -5358.2 -26.7 185 0 15.7 7.1 5.0 2.5 2 0 2 0 0
-6614.7 -5344.1 -26.5 274 0 12.9 7.9 2.5 2.5 4 0 1 2 2
2682.7 6635.9 9.2 191 0 17.3 11.9 2.5 2.5 2 0 1 0 0
2705.0 6626.5 9.8 193 0 7.5 5.5 5.0 2.5 2 0 2 3 3
2711.5 6626.3 9.9 191 0 8.5 12.7 2.5 2.5 2 1 1 3 3
2695.6 6658.6 9.2 192 0 10.7 12.9 7.5 2.5 2 1 3 5 5
2655.5 6628.5 8.6 13 0 15.7 11.8 5.0 2.5 2 0 2 3 3
2692.9 6600.7 9.7 195 0 11.8 10.5 5.0 2.5 2 0 2 2 2
2639.2 6547.8 9.2 9 0 17.0 13.7 2.5 2.5 2 0 1 5 5
2655.8 6517.2 9.1 192 0 12.4 17.4 2.5 2.5 2 1 1 3 3
2638.0 6502.7 9.3 16 0 11.4 9.1 5.0 2.5 2 0 2 0 0
2657.7 6453.7 9.8 102 0 10.3 16.3 7.5 2.5 2 1 3 1 1
2649.3 6489.0 9.6 192 0 12.6 10.8 2.5 2.5 2 0 1 5 5
2681.5 6500.2 9.3 192 0 10.3 23.9 8.0 2.5 2 1 2 2 2
2708.6 6518.8 9.2 10 0 26.3 12.1 7.5 2.5 2 0 3 4 4
2692.0 6564.3 9.6 194 0 9.8 25.6 2.5 2.5 2 1 1 0 0
2726.6 6551.1 9.5 13 0 19.5 11.8 2.5 2.5 2 0 1 2 2
2699.1 6582.3 9.8 192 0 10.2 21.3 7.5 2.5 2 1 3 3 3
2745.5 6584.7 9.9 13 0 29.1 11.7 10.0 2.5 2 0 4 4 4
2703.8 6679.1 9.2 194 0 9.8 25.3 5.0 2.5 2 1 2 5 5
2709.0 6653.0 9.6 195 0 7.5 20.8 5.0 0.0 0 1 2 4 4
2740.9 6652.7 9.9 14 0 17.0 11.3 7.5 2.5 2 0 3 5 5
2748.1 6706.9 9.7 283 0 12.5 24.1 12.5 2.5 2 1 5 2 2
2629.6 6642.3 8.2 286 0 12.0 31.1 10.0 2.5 2 1 4 3 3
2642.3 6528.6 9.0 13 0 8.3 14.6 5.0 2.5 2 1 2 5 5
2617.1 6520.9 9.1 103 0 6.6 15.4 7.5 2.5 2 1 3 0 0
2770.0 6483.1 9.3 13 0 10.5 57.5 7.5 2.5 2 1 3 0 0
2732.7 6609.1 10.0 12 0 7.7 12.2 7.5 0.0 0 1 3 5 5
2734.6 6625.8 10.0 11 0 14.5 8.0 5.0 2.5 2 0 2 5 5
2764.3 6674.5 10.1 13 0 5.4 10.1 5.0 2.5 4 1 2 1 1
2702.8 6744.2 8.5 194 0 11.8 11.6 5.0 2.5 2 0 2 5 5
2712.3 6731.9 8.8 195 0 7.7 13.0 2.5 2.5 2 1 1 3 3
5537.5 -356.8 -5.5 99 0 24.9 15.2 7.5 2.5 2 0 3 5 5
