4809.9 -5585.6 21.7 242 0 10.0 18.2 2.5 2.5 2 1 1 2 2
4854.3 -5588.3 21.9 238 0 12.3 18.9 7.5 2.5 2 1 3 0 0
4909.5 -5607.7 22.0 59 0 11.1 19.7 2.5 2.5 2 1 1 2 2
4932.4 -5591.4 22.0 245 0 11.1 16.1 7.5 2.5 2 1 3 5 5
4968.6 -5607.8 21.8 64 0 10.6 15.9 7.5 2.5 2 1 3 0 0
2016.5 -6129.0 7.9 96 0 23.3 10.2 5.0 2.5 2 0 2 2 2
2129.1 -6117.0 7.6 38 0 16.3 8.7 2.5 2.5 2 0 1 3 3
2346.5 -5912.6 7.5 217 0 12.6 8.2 5.0 2.5 2 0 2 5 5
2255.5 -6176.4 9.7 272 0 18.9 11.1 5.0 2.5 2 0 2 2 2
2290.8 -6138.9 10.6 94 0 19.6 9.6 5.0 2.5 2 0 2 5 5
2297.0 -6179.1 10.2 272 0 20.0 11.8 10.0 2.5 2 0 4 3 3
2480.0 -6146.9 12.9 94 0 18.8 11.0 7.5 2.5 2 0 3 1 1
2435.7 -6185.4 11.9 272 0 18.0 9.6 2.5 2.5 2 0 1 1 1
2494.3 -6197.3 12.6 93 0 18.6 9.2 5.0 2.5 4 0 2 4 4
2580.6 -6193.3 13.6 273 0 18.6 9.5 5.0 2.5 2 0 2 2 2
2648.6 -6149.9 14.8 3 0 9.0 20.1 5.0 2.5 2 1 2 4 4
2628.9 -6205.2 14.2 92 0 18.9 10.1 5.0 2.5 2 0 2 5 5
2919.5 -6160.1 13.6 181 0 10.7 19.6 5.0 2.5 2 1 2 2 2
2901.9 -6210.9 13.1 183 0 10.9 18.7 5.0 2.5 2 1 2 1 1
2957.6 -6208.1 12.4 275 0 21.4 11.2 5.0 2.5 2 0 2 0 0
2921.4 -5863.0 20.3 160 0 14.7 9.5 2.5 2.5 2 0 1 4 4
2887.4 -5823.1 20.9 274 0 9.9 16.8 2.5 2.5 2 1 1 5 5
2953.6 -5812.7 21.0 2 0 8.5 11.2 5.0 2.5 2 1 2 4 4
2860.3 -5746.9 18.7 272 0 32.2 20.5 10.0 0.0 0 0 4 1 1
2807.4 -5866.8 19.5 271 0 29.3 16.2 7.5 2.5 2 0 3 1 1
2720.9 -5850.6 16.8 229 0 26.3 10.8 15.0 0.0 0 0 6 0 0
2669.8 -5901.8 17.7 223 0 9.6 9.6 2.5 0.0 0 1 1 5 5
2604.1 -5671.7 10.8 21 0 9.9 12.3 7.5 2.5 2 1 3 4 4
2673.0 -5828.0 14.7 263 0 13.8 19.6 10.0 2.5 2 1 4 1 1
4802.6 -6459.8 18.1 12 0 16.1 11.8 7.5 2.5 2 0 3 5 5
4819.6 -6388.0 18.8 15 0 20.0 10.9 5.0 2.5 2 0 2 1 1
4836.2 -6313.9 18.9 9 0 19.2 10.6 2.5 2.5 2 0 1 0 0
4855.7 -6240.1 19.3 13 0 21.0 11.7 5.0 2.5 2 0 2 0 0
4886.3 -6224.8 19.4 192 0 20.1 12.2 7.5 2.5 2 0 3 3 3
4887.6 -6246.9 19.4 103 0 12.2 11.1 2.5 2.5 2 0 1 2 2
4894.6 -6185.9 19.8 182 0 18.8 11.9 7.5 2.5 2 0 3 5 5
4846.9 -6143.7 20.5 94 0 9.7 18.6 7.5 2.5 2 1 3 3 3
4880.4 -6085.3 21.0 4 0 16.2 7.5 7.5 0.0 0 0 3 0 0
4897.5 -6112.1 20.8 186 0 8.5 9.7 7.5 2.5 2 0 3 5 5
4896.6 -6121.4 20.7 186 0 10.2 9.7 5.0 2.5 2 0 2 1 1
4686.4 -6034.9 21.3 102 0 16.2 10.5 7.5 2.5 2 0 3 0 0
4884.8 -6055.8 21.4 12 0 17.0 9.7 7.5 2.5 4 0 3 4 4
4902.2 -6049.1 21.5 194 0 13.6 9.7 7.5 2.5 2 0 3 1 1
4848.9 -5961.1 21.7 192 0 13.9 21.5 10.0 2.5 2 1 4 3 3
4975.8 -5832.7 20.3 203 0 13.0 11.8 5.0 2.5 2 0 2 5 5
4970.9 -5844.1 20.4 203 0 11.7 11.8 5.0 2.5 2 0 2 3 3
4950.8 -5845.6 20.5 20 0 23.1 12.2 7.5 2.5 2 0 3 3 3
5004.8 -5745.7 20.4 197 0 13.1 6.7 5.0 0.0 0 0 2 5 5
5095.1 -5669.1 20.5 95 0 29.1 12.3 7.5 2.5 2 0 3 1 1
5038.9 -5619.6 20.7 190 0 38.2 17.7 10.0 2.5 2 0 4 2 2
5050.7 -5584.1 19.3 98 0 17.5 108.7 10.0 0.0 0 1 4 2 2
5100.3 -5413.3 18.9 280 0 15.6 11.8 7.5 2.5 2 0 3 2 2
5139.5 -5429.5 18.6 100 0 16.4 10.3 5.0 2.5 2 0 2 5 5
5020.9 -5843.6 20.2 323 0 10.5 19.1 2.5 2.5 2 1 1 0 0
5023.7 -5939.0 21.0 22 0 16.6 12.3 5.0 2.5 2 0 2 0 0
4889.4 -6295.9 19.0 106 0 11.3 18.9 10.0 0.0 0 1 4 5 5
5899.5 -4630.7 -8.2 152 0 10.2 9.8 7.5 2.5 4 0 3 4 4
5916.5 -4621.7 -8.4 332 0 10.1 9.5 5.0 2.5 2 0 2 1 1
-5494.6 -656.8 4.4 164 0 13.6 11.5 2.5 2.5 2 0 1 4 4
-5455.0 -607.7 5.4 351 0 8.6 39.8 7.5 2.5 4 1 3 5 5
-5455.9 -662.9 5.4 342 0 6.7 30.6 7.5 2.5 2 1 3 5 5
-5499.6 -681.2 5.6 160 0 3.9 8.0 2.5 2.5 2 1 1 0 0
-5499.1 -598.0 5.9 172 0 8.5 7.4 2.5 2.5 2 0 1 1 1
-5454.9 -591.1 6.6 352 0 4.3 8.9 7.5 2.5 2 1 3 3 3
-5454.5 -578.3 7.1 257 0 3.8 4.2 2.5 2.5 4 1 1 1 1
-5097.3 2464.0 24.2 224 0 9.9 14.7 7.5 2.5 2 1 3 0 0
-5079.3 2451.4 25.2 42 0 8.4 4.5 7.5 2.5 2 0 3 3 3
-5099.5 2425.0 25.3 44 0 38.3 12.9 10.0 2.5 2 0 4 3 3
-5109.6 3025.5 22.4 278 0 18.5 10.3 5.0 2.5 2 0 2 1 1
-5072.7 2988.7 22.5 5 0 9.4 15.4 7.5 2.5 2 1 3 5 5
-5076.9 3023.1 22.6 275 0 15.0 9.7 7.5 2.5 4 0 3 2 2
-4950.8 3017.3 22.8 127 0 28.7 12.4 10.0 2.5 2 0 4 0 0
-4919.0 2992.3 22.7 127 0 18.7 11.8 5.0 2.5 2 0 2 0 0
-4633.1 2750.3 24.6 304 0 6.9 18.2 7.5 2.5 2 1 3 2 2
-4934.9 3053.8 23.0 310 0 5.2 8.1 7.5 2.5 2 1 3 4 4
-4919.2 3030.9 22.9 307 0 7.6 7.9 7.5 2.5 4 1 3 4 4
-5191.5 6187.1 -26.4 113 0 8.5 9.8 5.0 2.5 2 1 2 0 0
-5444.0 6323.0 -31.4 284 0 10.3 12.6 2.5 2.5 4 1 1 2 2
-5464.4 6255.6 -33.2 94 0 17.6 9.6 2.5 2.5 2 0 1 2 2
-5484.1 6271.2 -33.2 108 0 5.5 7.6 5.0 2.5 2 1 2 3 3
-5505.8 6278.9 -33.2 107 0 9.0 9.6 5.0 2.5 2 1 2 5 5
-5511.2 6338.2 -32.1 295 0 16.6 9.4 5.0 0.0 0 0 2 4 4
-5608.8 6355.5 -29.2 54 0 7.8 4.8 7.5 0.0 0 0 3 4 4
-5636.3 6362.0 -29.0 142 0 4.9 7.3 5.0 2.5 2 1 2 3 3
-5615.8 6376.8 -26.0 322 0 7.5 4.9 2.5 2.5 2 0 1 1 1
-6504.9 6512.2 -14.0 289 0 8.4 11.9 5.0 0.0 0 1 2 4 4
-6447.7 6487.2 -17.2 277 0 4.4 6.8 2.5 2.5 2 1 1 3 3
-6486.9 6503.6 -15.3 287 0 5.8 9.4 5.0 2.5 2 1 2 2 2
-6509.2 6462.6 -20.2 103 0 5.2 9.2 7.5 2.5 2 1 3 1 1
-6528.5 6478.2 -21.0 285 0 8.8 7.6 7.5 2.5 2 0 3 0 0
-6527.2 6498.6 -16.4 291 0 10.1 8.5 7.5 2.5 4 0 3 2 2
-6545.4 6522.2 -13.9 290 0 9.7 10.2 7.5 2.5 2 1 3 1 1
-6551.2 6485.5 -21.2 284 0 8.8 8.0 7.5 2.5 2 0 3 5 5
-6580.3 6458.5 -26.0 100 0 14.1 10.0 7.5 2.5 2 0 3 3 3
-6562.5 6452.9 -26.5 102 0 7.0 8.3 5.0 2.5 2 1 2 5 5
-6578.8 6496.2 -21.7 288 0 15.4 14.6 7.5 2.5 2 0 3 2 2
-6567.4 6510.3 -18.3 288 0 8.9 11.3 2.5 0.0 0 1 1 5 5
-6570.0 6529.3 -14.3 283 0 10.5 8.0 7.5 2.5 2 0 3 1 1
-6584.8 6534.6 -14.4 286 0 9.4 10.6 5.0 2.5 2 1 2 0 0
-6602.6 6489.1 -18.8 99 0 11.8 9.2 2.5 2.5 2 0 1 5 5
-6597.4 6517.1 -16.0 285 0 11.3 9.2 7.5 2.5 2 0 3 2 2
-6606.2 6537.7 -11.7 281 0 10.1 8.5 5.0 2.5 2 0 2 2 2
-6619.1 6522.0 -13.0 283 0 9.5 8.4 7.5 2.5 2 0 3 4 4
-6628.6 6493.2 -15.6 103 0 8.9 12.3 2.5 2.5 2 1 1 5 5
-6645.3 6496.2 -14.5 101 0 11.7 12.3 5.0 2.5 2 1 2 1 1
-6661.0 6498.8 -13.9 99 0 8.9 9.9 7.5 2.5 2 1 3 1 1
-6661.7 6527.4 -11.7 189 0 10.8 13.9 5.0 2.5 2 1 2 4 4
-6633.0 6530.2 -12.6 280 0 8.9 14.9 7.5 2.5 2 1 3 5 5
-4074.2 -1526.2 15.5 194 0 15.8 88.6 12.5 2.5 4 1 5 3 3
-4084.9 -1559.0 15.0 194 0 13.8 90.3 12.5 2.5 2 1 5 3 3
-4092.6 -1590.6 14.3 195 0 15.8 90.3 12.5 2.5 2 1 5 4 4
-4037.9 -1647.6 14.1 103 0 47.1 14.0 10.0 2.5 2 0 4 2 2
-3949.0 -1672.8 14.0 105 0 91.6 15.3 12.5 2.5 2 0 5 0 0
-3895.1 -1644.0 14.5 15 0 15.5 90.3 12.5 2.5 2 1 5 3 3
-3960.9 -1597.2 14.5 105 0 31.7 11.6 7.5 2.5 2 0 3 5 5
-3833.1 -1549.4 17.6 103 0 9.7 14.4 7.5 2.5 2 1 3 0 0
-3803.5 -1562.3 18.0 105 0 34.0 18.6 7.5 0.0 0 0 3 1 1
-3775.1 -1631.0 16.5 195 0 99.8 18.4 15.0 0.0 0 0 6 1 1
-6334.3 -3549.2 12.3 107 0 10.1 30.0 7.5 2.5 2 1 3 3 3
-6317.1 -3560.6 12.3 108 0 21.1 14.1 7.5 2.5 2 0 3 2 2
-6302.4 -3514.6 12.5 287 0 22.3 11.0 7.5 2.5 2 0 3 1 1
-6297.2 -3543.2 12.4 18 0 12.7 7.7 5.0 2.5 2 0 2 0 0
-6349.4 -3332.5 13.5 285 0 20.6 8.3 2.5 2.5 2 0 1 2 2
-6375.1 -3359.0 12.8 107 0 9.7 14.4 7.5 2.5 2 1 3 3 3
-6143.7 -1853.1 2.3 74 0 13.1 17.9 5.0 0.0 0 1 2 1 1
-6105.3 -1815.8 2.7 343 0 9.9 17.8 5.0 2.5 2 1 2 3 3
-6081.2 -1840.8 2.1 349 0 15.4 9.5 7.5 2.5 2 0 3 2 2
-6142.3 -2029.0 2.1 347 0 12.2 18.9 7.5 2.5 2 1 3 2 2
-6175.0 -2048.3 2.1 164 0 13.4 12.3 2.5 2.5 2 0 1 2 2
-2556.2 -8131.5 -8.6 320 0 14.2 11.3 5.0 2.5 2 0 2 4 4
-2555.2 -8166.8 -9.5 47 0 14.0 10.1 5.0 2.5 2 0 2 5 5
-2585.8 -8153.9 -8.4 231 0 7.7 13.6 2.5 2.5 2 1 1 4 4
-2625.2 -8204.6 -8.0 127 0 11.2 13.4 5.0 2.5 2 1 2 0 0
176.7 -7557.5 -2.1 299 0 21.5 47.2 7.5 2.5 2 1 3 2 2
220.7 -7563.9 -2.5 122 0 21.1 67.2 7.5 2.5 2 1 3 5 5
289.6 -7471.3 -2.5 31 0 65.1 21.4 10.0 2.5 2 0 4 2 2
299.4 -7522.8 -1.4 211 0 136.7 22.2 10.0 0.0 0 0 4 5 5
318.8 -7606.7 -1.6 120 0 16.9 37.9 12.5 2.5 2 1 5 1 1
392.9 -7579.1 -2.1 31 0 132.7 21.9 15.0 0.0 0 0 6 0 0
435.6 -7468.6 -1.6 216 0 8.1 7.3 5.0 2.5 2 0 2 5 5
369.3 -7658.7 -0.2 208 0 4.2 4.7 7.5 2.5 2 1 3 0 0
210.5 -7578.4 -1.7 303 0 36.9 12.2 7.5 2.5 2 0 3 3 3
227.2 -7607.5 -1.4 28 0 10.2 11.1 10.0 2.5 2 1 4 2 2
468.3 -7687.8 -1.3 222 0 18.7 12.3 2.5 2.5 2 0 1 1 1
488.6 -7762.5 -2.8 134 0 63.8 17.2 10.0 2.5 2 0 4 3 3
605.5 -7744.3 -2.6 42 0 14.7 9.8 5.0 2.5 2 0 2 5 5
582.4 -7726.1 -2.5 225 0 9.3 4.6 7.5 2.5 2 0 3 4 4
645.2 -7716.7 -5.2 125 0 17.3 12.3 7.5 2.5 2 0 3 5 5
624.6 -7699.4 -5.3 57 0 10.0 8.9 2.5 2.5 2 0 1 2 2
664.5 -7702.5 -5.4 35 0 5.7 14.1 7.5 2.5 2 1 3 5 5
762.7 -7797.2 -4.2 230 0 15.2 11.7 7.5 2.5 2 0 3 0 0
789.3 -7846.3 -3.8 53 0 11.5 37.7 7.5 2.5 4 1 3 5 5
783.4 -7770.3 -4.7 318 0 5.4 14.5 7.5 2.5 2 1 3 2 2
722.6 -7844.1 -3.7 227 0 12.6 51.5 7.5 2.5 4 1 3 2 2
729.1 -7907.2 -3.9 50 0 7.0 30.7 7.5 2.5 2 1 3 4 4
702.3 -7857.5 -3.8 229 0 9.3 11.7 7.5 2.5 2 1 3 1 1
714.1 -7797.5 -3.8 50 0 12.3 10.5 2.5 2.5 2 0 1 1 1
699.9 -7806.4 -3.2 47 0 6.7 16.2 7.5 2.5 2 1 3 1 1
660.8 -7869.5 -3.9 232 0 9.2 32.2 7.5 2.5 2 1 3 3 3
629.5 -7894.5 -4.1 232 0 19.2 11.9 7.5 2.5 2 0 3 1 1
635.8 -7913.8 -4.1 229 0 8.3 28.3 7.5 2.5 2 1 3 3 3
596.7 -7930.7 -4.3 231 0 11.6 12.6 7.5 2.5 2 1 3 5 5
599.0 -7901.7 -4.2 48 0 13.7 10.4 5.0 2.5 2 0 2 4 4
595.9 -7875.7 -4.1 321 0 6.7 20.6 5.0 2.5 2 1 2 2 2
551.0 -7910.3 -4.3 150 0 11.9 11.5 2.5 2.5 2 0 1 3 3
557.8 -7881.3 -4.2 234 0 6.0 9.7 5.0 2.5 2 1 2 5 5
568.5 -7878.0 -4.1 231 0 6.4 5.7 5.0 2.5 2 0 2 4 4
630.7 -7962.5 -4.4 54 0 6.9 8.1 7.5 2.5 2 1 3 3 3
617.0 -7934.5 -4.2 230 0 4.8 13.5 2.5 2.5 2 1 1 4 4
677.3 -7921.0 -4.0 52 0 19.9 13.9 7.5 2.5 2 0 3 5 5
541.0 -7962.4 -4.7 235 0 26.4 8.7 5.0 2.5 2 0 2 1 1
554.5 -7968.4 -4.8 233 0 15.6 34.5 10.0 2.5 2 1 4 1 1
515.0 -7991.6 -5.0 237 0 17.2 14.4 10.0 2.5 2 0 4 5 5
631.9 -8079.9 -4.4 328 0 17.0 13.4 2.5 2.5 2 0 1 4 4
604.4 -8106.1 -4.6 55 0 5.0 29.1 5.0 2.5 2 1 2 0 0
572.8 -8093.1 -4.6 231 0 12.7 15.2 10.0 2.5 2 1 4 4 4
554.9 -8131.7 -4.6 59 0 6.0 15.9 2.5 2.5 2 1 1 3 3
493.9 -8024.5 -5.3 244 0 16.2 8.1 5.0 2.5 2 0 2 4 4
473.7 -8007.8 -5.2 249 0 13.3 8.2 5.0 2.5 4 0 2 5 5
474.1 -8049.6 -5.5 149 0 7.7 11.7 2.5 2.5 2 1 1 2 2
477.7 -8067.3 -5.7 145 0 6.7 6.1 5.0 2.5 2 0 2 0 0
390.3 -8059.1 -5.7 235 0 16.5 10.1 7.5 2.5 2 0 3 4 4
374.6 -8075.1 -5.8 234 0 16.8 13.5 5.0 2.5 2 0 2 0 0
436.2 -7885.0 -4.4 50 0 10.0 33.2 7.5 2.5 4 1 3 0 0
403.2 -7923.1 -4.7 48 0 51.9 11.8 7.5 2.5 4 0 3 4 4
398.2 -7891.5 -4.5 50 0 8.1 16.7 7.5 2.5 2 1 3 4 4
359.8 -7911.7 -4.7 138 0 6.3 7.8 2.5 2.5 2 1 1 1 1
334.2 -7886.1 -4.5 133 0 10.0 8.9 5.0 2.5 2 0 2 4 4
319.4 -7876.1 -4.5 225 0 5.0 13.9 7.5 2.5 2 1 3 4 4
357.0 -7890.9 -4.5 144 0 6.0 5.5 7.5 2.5 2 0 3 1 1
353.6 -7874.4 -4.4 228 0 4.5 5.2 7.5 2.5 2 1 3 1 1
262.0 -8018.2 -5.4 49 0 14.7 8.5 7.5 2.5 2 0 3 2 2
327.7 -7996.1 -5.4 42 0 12.4 15.6 5.0 2.5 2 1 2 4 4
281.1 -7998.1 -5.3 52 0 6.7 6.5 7.5 2.5 4 0 3 3 3
259.9 -8062.1 -5.5 46 0 11.1 9.3 2.5 2.5 4 0 1 0 0
252.1 -8073.2 -5.5 42 0 6.1 9.9 5.0 2.5 2 1 2 5 5
207.6 -8070.2 -5.5 220 0 9.6 8.5 5.0 2.5 2 0 2 1 1
208.6 -8024.3 -5.3 136 0 13.4 5.2 7.5 2.5 2 0 3 5 5
226.8 -8020.2 -5.3 136 0 10.5 12.3 2.5 0.0 0 1 1 4 4
223.2 -7989.0 -5.3 224 0 11.8 16.9 7.5 2.5 2 1 3 3 3
184.8 -7993.8 -5.2 135 0 8.8 15.6 5.0 2.5 2 1 2 0 0
214.6 -7966.9 -5.1 314 0 4.6 5.6 5.0 2.5 2 1 2 4 4
158.9 -8099.4 -5.9 305 0 11.5 12.4 7.5 2.5 2 1 3 3 3
123.7 -8083.6 -5.5 221 0 16.0 9.7 7.5 2.5 2 0 3 0 0
140.1 -8115.5 -6.4 303 0 12.5 13.2 2.5 2.5 2 1 1 3 3
110.2 -8151.0 -7.1 130 0 20.0 11.4 5.0 2.5 2 0 2 1 1
90.1 -8143.9 -6.8 132 0 8.0 9.0 5.0 2.5 2 1 2 4 4
106.5 -8172.0 -7.6 125 0 11.1 12.4 2.5 2.5 2 1 1 3 3
167.0 -8140.1 -6.8 39 0 10.0 10.6 5.0 2.5 2 1 2 3 3
171.7 -8172.6 -7.7 40 0 9.6 35.8 7.5 2.5 2 1 3 4 4
139.3 -8175.9 -7.8 129 0 15.1 5.6 7.5 2.5 2 0 3 0 0
126.7 -8192.8 -8.0 128 0 9.5 6.7 7.5 2.5 2 0 3 4 4
113.8 -8215.0 -7.7 283 0 9.6 31.0 5.0 2.5 2 1 2 3 3
134.7 -8227.2 -7.9 309 0 10.6 18.2 5.0 2.5 2 1 2 5 5
23.5 -8092.6 -5.5 180 0 14.2 10.3 5.0 2.5 2 0 2 2 2
37.2 -8106.4 -5.8 189 0 7.9 12.8 7.5 2.5 2 1 3 5 5
61.3 -8093.9 -5.7 279 0 5.4 11.9 7.5 2.5 4 1 3 0 0
-6515.3 -6337.9 -18.7 193 0 8.3 10.5 7.5 2.5 2 0 3 3 3
-6535.2 -6378.4 -18.1 207 0 28.5 12.4 7.5 2.5 2 0 3 2 2
-6502.9 -6367.1 -18.5 26 0 7.5 10.8 7.5 2.5 4 1 3 0 0
-6503.6 -6328.0 -18.7 282 0 4.5 8.0 2.5 2.5 4 0 1 5 5
-6447.9 -6247.8 -17.8 232 0 12.8 5.2 7.5 2.5 2 0 3 1 1
-6440.4 -6250.5 -17.9 230 0 7.9 13.5 5.0 2.5 2 1 2 4 4
-6447.4 -6274.7 -18.2 142 0 7.3 5.3 7.5 2.5 2 0 3 0 0
-6419.0 -6265.9 -17.9 320 0 8.4 6.0 7.5 2.5 2 0 3 0 0
-6556.2 -6416.5 -17.2 199 0 33.7 13.3 10.0 2.5 2 0 4 3 3
-1857.1 6663.5 4.1 272 0 7.5 13.9 7.5 2.5 4 1 3 2 2
6501.3 7050.7 -0.6 191 0 10.3 12.1 7.5 2.5 2 1 3 5 5
5894.2 -4582.2 -8.7 239 0 8.0 5.0 5.0 2.5 2 0 2 0 0
5886.1 -4613.9 -8.5 155 0 7.2 13.7 2.5 2.5 2 0 1 4 4
6276.2 -3988.0 -4.0 116 0 3.5 4.7 5.0 2.5 2 1 2 0 0
5911.1 -4602.0 -8.6 335 0 7.2 14.0 2.5 2.5 2 0 1 0 0
6280.0 -3961.7 -4.5 295 0 6.7 21.3 5.0 2.5 2 1 2 3 3
6239.1 -3982.8 -4.2 114 0 8.8 35.7 7.5 2.5 2 1 3 0 0
1376.1 -4089.6 16.0 63 0 11.0 16.5 5.0 2.5 2 1 2 2 2
3059.7 218.3 0.9 178 0 9.5 9.9 5.0 2.5 2 0 2 3 3
-5620.6 6358.8 -29.1 53 0 7.1 4.8 5.0 2.5 2 0 2 1 1
-5630.8 6385.9 -25.1 237 0 4.9 7.1 7.5 2.5 2 1 3 1 1
-5467.9 6331.3 -31.5 285 0 9.2 9.2 2.5 2.5 2 0 1 5 5
-5532.4 6360.3 -28.1 216 0 11.4 7.0 7.5 2.5 2 0 3 5 5
-6212.2 7360.3 -12.7 246 0 10.6 4.1 5.0 2.5 2 0 2 5 5
-6198.5 7355.4 -12.7 336 0 11.4 3.9 7.5 2.5 2 0 3 3 3
-6223.6 7343.3 -12.5 158 0 11.8 8.7 5.0 0.0 0 0 2 2 2
-4961.3 6129.8 -25.0 174 0 8.2 10.8 2.5 2.5 2 1 1 3 3
-4926.3 5641.9 -22.5 179 0 11.2 16.0 10.0 2.5 2 1 4 3 3
-25.2 -5178.9 1.3 304 0 11.4 19.5 5.0 2.5 2 1 2 3 3
10.2 -5203.0 1.4 301 0 10.8 14.1 5.0 2.5 4 0 2 3 3
-38.6 -5128.9 1.1 125 0 5.9 15.3 5.0 2.5 2 1 2 0 0
-54.2 -5158.1 1.2 305 0 12.5 11.1 5.0 2.5 2 0 2 5 5
-90.0 -5128.2 1.0 306 0 12.3 18.8 7.5 2.5 2 1 3 5 5
-168.8 -5132.2 0.7 304 0 11.3 39.3 7.5 0.0 0 0 3 4 4
-168.7 -5124.7 0.8 214 0 12.6 9.2 7.5 2.5 2 0 3 1 1
-179.2 -5103.7 0.6 32 0 39.1 9.8 7.5 2.5 2 0 3 5 5
-237.2 -5123.1 0.5 122 0 9.8 39.4 7.5 2.5 2 1 3 2 2
-266.9 -5063.5 0.5 262 0 6.8 45.2 7.5 2.5 4 1 3 0 0
-284.2 -5060.6 0.6 263 0 13.0 50.6 12.5 2.5 2 1 5 1 1
-251.0 -5044.3 1.2 87 0 5.5 25.4 2.5 2.5 2 1 1 4 4
-269.7 -5049.6 1.3 86 0 13.9 42.0 10.0 2.5 4 1 4 3 3
-241.7 -4970.7 1.9 270 0 7.0 35.8 5.0 2.5 2 1 2 4 4
-241.0 -4938.4 3.1 199 0 7.7 7.0 5.0 2.5 2 0 2 1 1
-190.8 -4948.4 2.1 37 0 7.0 18.6 7.5 2.5 2 1 3 5 5
-180.2 -4956.8 1.8 35 0 5.6 6.4 7.5 2.5 2 1 3 1 1
-151.9 -5028.6 1.0 214 0 39.8 9.4 7.5 2.5 2 0 3 0 0
-123.0 -5048.9 1.0 215 0 39.5 9.2 7.5 2.5 4 0 3 0 0
-84.0 -5076.1 1.0 215 0 40.1 9.6 7.5 2.5 2 0 3 2 2
-55.3 -5097.0 1.2 214 0 38.4 9.0 7.5 2.5 2 0 3 3 3
-24.4 -5261.9 1.9 36 0 9.2 14.6 5.0 0.0 0 1 2 5 5
-24.8 -5086.1 1.2 215 0 11.8 5.2 7.5 0.0 0 0 3 5 5
-253.2 -5191.4 0.4 212 0 38.7 9.8 7.5 2.5 2 0 3 4 4
-250.0 -5241.5 0.2 215 0 33.8 9.7 7.5 0.0 0 0 3 3 3
-244.9 -5288.2 -0.0 213 0 33.8 10.1 10.0 2.5 2 0 4 4 4
-6490.4 6459.2 -17.4 107 0 6.9 5.9 2.5 2.5 2 0 1 3 3
-6467.7 6454.3 -15.6 17 0 5.9 6.9 2.5 2.5 2 1 1 1 1
-6362.7 6351.6 -22.9 93 0 5.3 7.1 5.0 2.5 2 1 2 1 1
-6252.4 6314.3 -32.0 159 0 4.9 7.7 5.0 0.0 0 1 2 3 3
92.7 -7625.6 -2.9 117 0 22.2 113.9 7.5 0.0 0 1 3 2 2
6928.2 6759.6 -4.3 112 0 5.0 4.0 7.5 2.5 2 0 3 1 1
6938.8 6751.6 -4.0 286 0 15.3 6.4 7.5 2.5 2 0 3 2 2
6915.9 6754.5 -3.7 284 0 10.4 20.2 7.5 2.5 4 1 3 1 1
6918.4 6769.9 -4.7 98 0 7.3 13.9 7.5 2.5 2 1 3 5 5
6949.6 6838.7 -4.9 12 0 7.3 7.6 7.5 2.5 2 1 3 0 0
6951.1 6826.0 -5.8 13 0 5.4 24.2 7.5 2.5 2 1 3 0 0
6919.1 6846.2 -6.2 189 0 11.0 9.7 7.5 2.5 2 0 3 5 5
6924.0 6880.9 -6.3 196 0 6.2 7.5 7.5 2.5 2 1 3 3 3
6922.9 6867.2 -6.4 200 0 6.5 16.6 5.0 2.5 2 1 2 4 4
6925.0 6897.1 -6.3 188 0 10.3 9.9 5.0 2.5 2 0 2 0 0
6926.4 6907.4 -6.4 188 0 10.5 9.9 5.0 0.0 0 0 2 1 1
6925.4 6946.3 -6.7 182 0 11.5 9.4 2.5 2.5 2 0 1 1 1
6951.3 6969.2 -6.7 288 0 5.1 8.9 5.0 2.5 2 1 2 0 0
6920.5 7046.2 -7.3 183 0 10.7 11.8 10.0 0.0 0 1 4 0 0
6936.2 7354.7 -11.7 201 0 5.9 4.2 5.0 2.5 2 0 2 4 4
6956.4 7408.2 -12.9 280 0 11.4 17.1 5.0 2.5 4 1 2 0 0
6957.5 7295.2 -11.4 354 0 12.8 22.7 10.0 2.5 4 1 4 3 3
6914.9 7268.3 -9.5 180 0 12.0 9.4 5.0 2.5 2 0 2 4 4
6952.6 7257.7 -10.7 2 0 9.9 9.7 2.5 2.5 2 0 1 5 5
6441.1 6977.2 2.9 49 0 8.3 3.5 7.5 2.5 2 0 3 5 5
6399.0 7013.4 3.3 254 0 11.6 12.7 7.5 2.5 2 1 3 0 0
6551.7 7011.9 -0.4 277 0 7.1 13.6 7.5 2.5 4 1 3 1 1
6572.4 7008.1 -0.9 281 0 6.7 15.3 7.5 2.5 2 1 3 5 5
6567.6 6981.8 -0.6 100 0 4.8 5.9 2.5 2.5 2 0 1 0 0
6575.5 6986.4 -0.9 280 0 9.2 5.9 2.5 2.5 2 0 1 3 3
6608.1 7002.2 -1.9 278 0 5.3 20.5 5.0 2.5 2 1 2 3 3
6672.5 6943.9 -2.8 100 0 13.1 6.5 5.0 0.0 0 0 2 1 1
6719.1 6959.2 -3.9 8 0 6.2 10.1 5.0 2.5 2 1 2 4 4
6660.8 6980.1 -2.9 288 0 7.3 10.5 5.0 2.5 2 1 2 1 1
6691.9 6964.4 -3.7 96 0 8.7 16.0 5.0 2.5 2 1 2 0 0
6716.7 6987.8 -4.3 5 0 9.2 12.8 5.0 0.0 0 1 2 1 1
6788.2 6968.9 -5.8 188 0 14.7 7.8 5.0 0.0 0 0 2 4 4
6820.7 6642.8 -0.5 102 0 9.5 13.5 5.0 2.5 2 1 2 2 2
6851.8 6694.8 -1.5 2 0 8.8 10.8 5.0 2.5 2 1 2 1 1
6879.2 6733.5 -2.8 11 0 12.5 9.3 5.0 2.5 2 0 2 5 5
6879.8 6754.2 -3.3 10 0 14.7 9.5 2.5 2.5 2 0 1 4 4
6847.4 6794.0 -3.6 189 0 7.2 5.3 7.5 0.0 0 0 3 2 2
6865.1 6769.3 -3.2 10 0 8.7 17.6 7.5 2.5 2 1 3 4 4
6884.5 6788.1 -4.1 5 0 10.5 9.8 2.5 2.5 2 0 1 4 4
6887.1 6819.5 -5.2 4 0 10.1 12.4 7.5 2.5 2 0 3 5 5
6886.4 6809.5 -4.9 4 0 9.8 12.4 2.5 2.5 2 0 1 2 2
6875.5 6835.9 -5.6 1 0 14.3 15.1 2.5 2.5 2 1 1 1 1
6868.9 6875.9 -6.1 6 0 12.1 4.3 5.0 2.5 2 0 2 2 2
6896.3 6872.0 -6.7 4 0 15.3 10.6 2.5 2.5 2 0 1 1 1
6894.3 6918.2 -7.1 2 0 5.3 11.6 5.0 2.5 4 0 2 5 5
6894.5 6924.9 -7.1 2 0 8.3 11.6 5.0 2.5 2 0 2 4 4
6894.9 6933.8 -7.1 2 0 9.6 11.6 7.5 2.5 2 0 3 1 1
6893.7 6971.2 -7.3 3 0 10.3 11.5 7.5 2.5 4 1 3 3 3
6876.6 6984.3 -7.1 274 0 8.7 21.2 5.0 2.5 2 1 2 2 2
6523.4 7070.6 -1.4 273 0 11.1 8.8 5.0 2.5 2 0 2 2 2
6543.5 7043.9 -1.6 92 0 6.1 14.6 5.0 2.5 2 1 2 0 0
6550.9 7027.4 -1.2 92 0 6.7 13.5 5.0 0.0 0 1 2 4 4
6553.8 7070.4 -2.1 272 0 13.4 10.0 5.0 2.5 2 0 2 4 4
6566.2 7044.3 -2.1 94 0 6.1 12.1 5.0 2.5 2 1 2 5 5
6589.4 7067.6 -2.9 0 0 28.2 5.3 5.0 2.5 4 0 2 1 1
6578.4 7027.6 -1.8 94 0 17.0 6.4 5.0 2.5 2 0 2 5 5
6651.1 7029.1 -3.5 1 0 11.1 12.3 7.5 2.5 2 1 3 5 5
6727.2 7015.1 -5.1 92 0 16.4 11.4 7.5 0.0 0 0 3 3 3
6835.9 7076.4 -6.8 276 0 10.7 11.8 10.0 2.5 2 0 4 4 4
6821.6 7079.0 -6.7 276 0 18.2 12.8 5.0 2.5 2 0 2 3 3
6850.1 7029.9 -7.2 4 0 10.1 9.9 5.0 2.5 2 0 2 0 0
6852.1 7052.9 -7.1 4 0 21.1 9.7 7.5 2.5 2 0 3 2 2
6857.6 7069.3 -6.9 184 0 8.1 4.1 7.5 0.0 0 0 3 5 5
6884.7 7028.3 -7.5 78 0 8.1 12.1 7.5 2.5 4 1 3 5 5
6893.3 7058.0 -7.2 4 0 10.0 12.5 10.0 2.5 2 1 4 3 3
6893.7 7093.2 -7.1 5 0 8.1 10.2 7.5 2.5 2 1 3 4 4
6863.1 7112.0 -6.9 183 0 5.2 5.0 7.5 2.5 2 0 3 2 2
6883.7 7119.4 -7.1 2 0 11.7 6.9 7.5 0.0 0 0 3 5 5
6873.3 7147.7 -6.7 271 0 6.4 18.5 5.0 0.0 0 1 2 3 3
6848.3 7158.3 -5.8 96 0 7.3 6.1 5.0 2.5 4 0 2 3 3
6833.8 7160.3 -5.5 95 0 7.8 17.3 5.0 2.5 2 1 2 1 1
6844.7 7209.0 -5.3 272 0 9.0 6.1 5.0 2.5 2 0 2 2 2
6844.5 7202.8 -5.5 272 0 9.0 15.9 5.0 0.0 0 0 2 3 3
6868.0 7163.2 -6.2 91 0 5.7 11.6 2.5 2.5 2 1 1 1 1
6894.4 7167.6 -6.9 1 0 10.7 11.3 7.5 2.5 2 1 3 4 4
6885.0 7183.6 -6.5 0 0 5.9 21.1 5.0 2.5 2 1 2 3 3
6887.9 7199.9 -6.4 359 0 14.0 10.3 5.0 2.5 2 0 2 1 1
4727.2 6641.9 3.2 344 0 9.6 7.9 7.5 2.5 4 0 3 1 1
4853.0 6600.1 1.5 346 0 12.4 8.3 5.0 2.5 2 0 2 2 2
4544.7 6626.2 6.0 349 0 7.9 9.8 7.5 2.5 2 1 3 5 5
4553.2 6629.8 5.4 170 0 7.8 27.3 2.5 2.5 2 0 1 1 1
4577.8 6647.3 5.4 350 0 18.1 5.9 5.0 2.5 2 0 2 3 3
4559.2 6665.1 5.5 260 0 17.9 10.4 5.0 2.5 2 0 2 0 0
3945.3 4935.1 7.7 358 0 9.6 9.8 7.5 2.5 2 0 3 4 4
3939.5 4958.6 7.7 268 0 9.8 18.9 5.0 2.5 2 0 2 3 3
3881.7 4949.2 7.5 178 0 14.7 53.2 7.5 2.5 2 0 3 3 3
3872.9 4907.6 7.5 178 0 13.7 64.1 12.5 2.5 2 1 5 4 4
3990.1 4962.6 7.8 358 0 30.2 14.4 7.5 2.5 2 0 3 4 4
