5317.1 -250.7 -15.4 178 0 13.1 8.5 2.5 2.5 2 0 1 4 4
5188.7 -113.5 -14.9 35 0 12.5 7.6 7.5 2.5 2 0 3 5 5
5170.9 -135.2 -14.8 356 0 9.9 15.1 2.5 2.5 2 1 1 3 3
5130.5 -140.1 -14.7 174 0 9.2 15.2 7.5 2.5 2 1 3 3 3
5084.9 -81.9 -14.8 258 0 9.7 13.7 7.5 2.5 2 1 3 3 3
5224.2 2.3 -15.4 1 0 12.7 10.1 5.0 2.5 2 0 2 3 3
5110.8 -163.6 -15.2 179 0 27.5 8.4 2.5 2.5 2 0 1 5 5
5136.1 -188.2 -15.6 91 0 19.9 10.6 5.0 2.5 2 0 2 0 0
5121.1 -78.0 -14.8 256 0 8.5 18.8 5.0 2.5 2 1 2 4 4
5370.9 -237.2 -15.1 273 0 9.6 24.3 7.5 2.5 2 1 3 1 1
5153.3 -169.9 -15.3 85 0 8.2 17.9 7.5 2.5 2 1 3 0 0
5195.1 -179.1 -15.8 358 0 9.0 17.1 7.5 2.5 2 1 3 3 3
5350.8 -272.2 -15.4 92 0 45.9 7.4 7.5 2.5 2 0 3 5 5
5347.0 -234.7 -15.3 271 0 29.0 5.1 7.5 2.5 4 0 3 3 3
5197.7 21.9 -15.4 272 0 28.2 5.0 7.5 2.5 2 0 3 0 0
5107.9 -11.0 -15.4 177 0 6.7 10.3 5.0 2.5 2 1 2 4 4
5122.8 -45.2 -15.0 175 0 9.7 30.1 7.5 2.5 4 1 3 4 4
5115.5 -27.9 -15.1 176 0 7.8 20.1 7.5 2.5 2 1 3 2 2
5178.1 20.6 -15.3 273 0 9.4 43.7 7.5 0.0 0 1 3 2 2
-6588.8 1873.3 11.6 154 0 23.8 13.1 12.5 2.5 2 0 5 5 5
1878.7 -4644.9 -12.4 274 0 5.9 20.8 7.5 2.5 2 1 3 2 2
1905.4 -4633.8 -12.5 271 0 12.4 10.7 10.0 0.0 0 0 4 3 3
1922.3 -4661.1 -12.8 4 0 13.2 10.1 5.0 2.5 2 0 2 0 0
1944.4 -4406.6 -8.2 175 0 9.7 6.6 2.5 2.5 2 0 1 5 5
-6469.4 2090.6 19.7 267 0 11.2 10.6 5.0 2.5 2 0 2 5 5
6170.0 -7686.4 -12.9 59 0 11.9 23.0 15.0 0.0 0 1 6 0 0
6152.2 -7657.9 -13.1 329 0 7.8 19.7 2.5 0.0 0 1 1 2 2
-6587.5 2155.0 17.5 267 0 40.0 20.9 7.5 0.0 0 0 3 4 4
-965.5 -6109.5 -5.3 132 0 8.9 11.2 7.5 2.5 2 1 3 2 2
-941.0 -6109.9 -5.8 129 0 13.5 12.3 2.5 2.5 2 0 1 0 0
5375.6 5331.6 -18.2 121 0 12.2 24.1 5.0 2.5 2 1 2 3 3
5348.5 5356.3 -18.1 208 0 15.6 10.0 5.0 2.5 2 0 2 2 2
5350.6 5334.1 -17.2 127 0 16.8 6.9 2.5 2.5 2 0 1 5 5
-934.3 -6125.9 -6.2 312 0 9.9 14.1 2.5 2.5 2 1 1 1 1
-4738.9 -2829.2 4.5 299 0 15.2 9.3 5.0 2.5 2 0 2 1 1
5210.9 7620.1 -24.1 275 0 8.6 14.6 7.5 2.5 2 1 3 4 4
5047.8 7854.3 -21.8 250 0 8.0 16.4 7.5 0.0 0 1 3 0 0
5111.4 7823.6 -18.9 103 0 7.3 17.5 7.5 2.5 2 1 3 3 3
5098.3 7813.4 -20.4 19 0 7.6 20.2 5.0 2.5 2 1 2 5 5
5075.7 7842.1 -20.8 284 0 8.6 12.8 7.5 2.5 2 1 3 1 1
5091.3 7856.1 -19.7 199 0 10.3 19.3 7.5 2.5 4 1 3 2 2
5106.6 7878.4 -19.3 198 0 6.8 25.9 7.5 2.5 2 1 3 5 5
5207.7 7588.0 -24.8 89 0 12.7 8.2 5.0 2.5 2 0 2 3 3
5223.1 7588.9 -24.7 89 0 15.8 8.4 5.0 2.5 2 0 2 0 0
5247.4 7592.8 -24.8 358 0 10.3 16.5 5.0 2.5 2 0 2 5 5
6899.7 4943.2 -20.3 282 0 12.3 7.2 5.0 2.5 2 0 2 5 5
6887.0 4896.4 -21.5 169 0 9.9 5.4 5.0 0.0 0 0 2 2 2
6925.0 4895.1 -20.3 349 0 5.4 6.4 2.5 2.5 2 0 1 3 3
6922.7 4909.8 -20.3 352 0 24.2 6.3 7.5 2.5 2 0 3 0 0
6903.9 4878.4 -21.0 80 0 16.1 10.4 7.5 0.0 0 0 3 5 5
6907.7 4802.1 -21.3 360 0 14.4 9.7 7.5 2.5 2 0 3 3 3
6867.4 4804.1 -22.3 266 0 12.3 18.9 7.5 2.5 2 0 3 5 5
6877.8 4776.5 -22.2 89 0 18.4 9.5 7.5 2.5 2 0 3 1 1
6175.6 6022.3 -23.5 296 0 13.4 8.9 5.0 2.5 2 0 2 1 1
6161.8 5983.5 -23.9 114 0 20.3 12.4 7.5 2.5 2 0 3 0 0
6142.3 6011.6 -23.4 208 0 16.4 6.0 7.5 2.5 2 0 3 1 1
6119.1 5972.5 -23.6 42 0 10.3 9.2 5.0 2.5 2 0 2 0 0
6095.6 6006.0 -23.2 221 0 25.1 8.2 7.5 2.5 4 0 3 5 5
6026.7 5971.5 -23.0 247 0 7.8 6.7 5.0 2.5 2 0 2 4 4
6001.7 5848.8 -24.3 163 0 7.1 12.3 2.5 2.5 2 1 1 1 1
6018.1 5878.7 -24.2 348 0 15.8 8.7 7.5 2.5 4 0 3 3 3
5729.8 5783.2 -24.4 158 0 8.3 15.5 2.5 2.5 2 1 1 3 3
5521.6 5668.5 -24.9 162 0 21.3 9.7 5.0 2.5 4 0 2 0 0
5540.0 5700.9 -23.9 249 0 20.9 10.8 2.5 2.5 2 0 1 4 4
5561.8 5683.2 -24.6 341 0 12.5 8.4 7.5 2.5 2 0 3 5 5
5552.7 5648.2 -25.6 64 0 21.3 8.2 2.5 2.5 4 0 1 2 2
6369.1 5499.0 -20.7 147 0 13.1 7.8 7.5 2.5 2 0 3 3 3
6384.5 5494.8 -20.6 147 0 13.1 7.8 7.5 2.5 2 0 3 4 4
6442.2 5479.8 -20.3 52 0 12.6 10.6 7.5 2.5 2 0 3 3 3
6421.3 5531.1 -20.8 326 0 4.5 9.3 5.0 2.5 2 0 2 0 0
6428.9 5519.3 -20.7 327 0 23.4 9.3 5.0 2.5 2 0 2 0 0
6409.0 5482.2 -20.4 148 0 8.8 13.4 7.5 2.5 2 1 3 2 2
6391.4 5523.4 -20.8 238 0 25.6 9.0 7.5 2.5 4 0 3 0 0
6802.9 4605.6 -25.0 72 0 9.8 24.9 5.0 2.5 2 1 2 2 2
6172.1 6329.8 -23.8 329 0 11.1 7.1 7.5 2.5 2 0 3 5 5
6135.2 6462.9 -21.8 229 0 10.7 5.2 7.5 2.5 2 0 3 0 0
6150.8 6444.8 -22.1 49 0 10.7 18.7 7.5 2.5 4 0 3 3 3
6169.5 6482.3 -23.0 324 0 16.2 6.3 2.5 2.5 4 0 1 0 0
6822.9 5889.1 -23.7 338 0 10.0 7.7 2.5 2.5 2 0 1 1 1
6804.0 5865.4 -23.3 73 0 11.5 8.8 5.0 2.5 2 0 2 5 5
6764.9 5877.0 -23.4 171 0 17.2 10.1 5.0 2.5 2 0 2 5 5
6790.7 5904.7 -23.7 258 0 18.1 9.4 5.0 0.0 0 0 2 4 4
5992.7 7047.2 -21.6 90 0 4.2 8.1 7.5 0.0 0 0 3 3 3
6006.2 7084.6 -20.6 267 0 14.1 7.4 5.0 2.5 2 0 2 5 5
5981.0 7050.9 -21.5 91 0 13.9 21.5 7.5 0.0 0 1 3 4 4
6019.9 7055.6 -21.2 91 0 10.7 14.1 2.5 2.5 2 1 1 1 1
6291.2 6834.4 -25.6 176 0 6.1 8.4 5.0 2.5 2 1 2 5 5
6285.8 6836.9 -25.6 179 0 12.8 4.7 7.5 2.5 2 0 3 4 4
6284.6 6850.7 -25.2 179 0 12.8 6.2 7.5 2.5 2 0 3 1 1
6320.3 6848.3 -24.3 359 0 13.0 8.1 7.5 2.5 4 0 3 0 0
6545.0 6660.4 -26.3 4 0 10.0 9.9 7.5 2.5 2 0 3 0 0
6524.8 6630.9 -26.2 94 0 12.3 9.7 7.5 2.5 2 0 3 5 5
6513.0 6654.1 -26.4 182 0 17.8 9.2 7.5 2.5 2 0 3 1 1
6642.0 6900.2 -23.7 263 0 11.0 7.8 5.0 2.5 2 0 2 3 3
6627.7 6869.1 -24.9 175 0 11.5 4.6 7.5 2.5 2 0 3 5 5
6647.4 6856.3 -25.3 83 0 12.9 7.4 2.5 0.0 0 0 1 0 0
6667.5 6858.2 -25.3 85 0 10.1 34.4 15.0 0.0 0 1 6 3 3
6577.7 3387.4 -14.0 244 0 8.3 8.6 5.0 2.5 2 1 2 4 4
6615.8 3384.8 -15.9 332 0 9.1 19.1 2.5 2.5 2 1 1 0 0
6531.2 3896.7 -18.9 121 0 7.4 14.5 7.5 2.5 2 1 3 1 1
6574.7 3866.8 -18.5 34 0 9.6 10.8 5.0 2.5 2 1 2 5 5
6475.8 3728.1 -14.3 231 0 26.1 11.2 7.5 2.5 2 0 3 5 5
6466.1 3707.8 -13.7 227 0 14.0 20.8 10.0 2.5 2 1 4 1 1
6469.7 3648.9 -14.9 60 0 8.9 24.1 7.5 2.5 2 1 3 0 0
6488.3 3658.6 -14.9 58 0 10.5 17.4 5.0 2.5 2 1 2 1 1
6513.7 3662.5 -15.2 53 0 22.9 10.8 7.5 2.5 2 0 3 5 5
6524.2 3686.9 -14.5 55 0 11.0 11.3 5.0 2.5 4 1 2 0 0
6507.1 3735.9 -14.7 226 0 9.9 15.6 7.5 2.5 2 1 3 2 2
6526.7 3627.2 -16.7 161 0 15.8 7.1 7.5 2.5 2 0 3 0 0
6528.8 3648.1 -15.9 162 0 8.5 29.2 2.5 2.5 2 1 1 3 3
6567.4 3631.1 -17.0 346 0 12.5 9.5 7.5 2.5 2 0 3 4 4
6605.1 3211.2 -15.4 234 0 8.4 13.9 7.5 2.5 2 1 3 1 1
6558.1 3193.0 -16.5 99 0 24.2 5.8 7.5 2.5 2 0 3 4 4
6548.6 3218.0 -17.4 187 0 11.9 8.0 5.0 2.5 2 0 2 0 0
6566.3 3163.0 -14.5 213 0 11.9 9.1 2.5 2.5 2 0 1 0 0
6584.7 3240.1 -16.9 313 0 13.0 12.6 7.5 2.5 2 0 3 0 0
6597.0 3182.4 -14.8 139 0 8.3 10.9 7.5 0.0 0 1 3 3 3
6643.8 3207.1 -14.0 330 0 11.0 12.5 7.5 2.5 2 1 3 4 4
6910.2 2021.6 -2.6 358 0 10.2 10.7 5.0 2.5 2 1 2 4 4
4081.0 3419.1 -16.2 187 0 8.6 7.1 2.5 2.5 2 0 1 1 1
4071.2 3411.3 -16.0 277 0 7.1 8.6 7.5 2.5 2 1 3 0 0
4057.3 3333.2 -12.7 347 0 6.1 10.6 5.0 0.0 0 1 2 1 1
4069.7 3292.4 -11.3 347 0 6.1 10.6 7.5 2.5 2 1 3 3 3
4025.9 3326.0 -12.4 172 0 7.2 6.7 7.5 2.5 2 0 3 2 2
4118.6 3440.0 -16.7 275 0 10.0 15.8 7.5 2.5 2 1 3 5 5
4113.4 3403.6 -16.2 7 0 28.7 12.5 7.5 2.5 2 0 3 5 5
4090.2 3377.6 -15.6 103 0 19.9 10.3 5.0 2.5 2 0 2 3 3
4050.4 3402.3 -15.7 266 0 9.7 19.6 5.0 2.5 2 1 2 2 2
4094.9 3434.2 -16.5 276 0 14.2 7.8 2.5 2.5 2 0 1 0 0
4049.1 3300.1 -11.3 171 0 4.0 9.3 5.0 2.5 2 0 2 5 5
4039.7 3303.9 -11.4 171 0 14.5 8.7 5.0 2.5 2 0 2 4 4
4075.9 3314.8 -12.2 349 0 23.2 10.4 2.5 2.5 2 0 1 4 4
3117.3 4130.7 -14.5 226 0 14.8 9.0 5.0 2.5 2 0 2 1 1
3104.0 4108.4 -14.3 137 0 24.9 11.2 12.5 2.5 2 0 5 2 2
3144.7 4097.8 -12.8 48 0 16.1 7.9 7.5 2.5 2 0 3 1 1
3100.3 4270.4 -21.5 255 0 7.2 9.3 5.0 0.0 0 1 2 0 0
3118.4 4242.2 -20.0 330 0 8.7 9.9 7.5 2.5 2 1 3 4 4
2800.6 3889.3 -13.0 3 0 10.7 15.9 5.0 2.5 2 1 2 1 1
2708.7 3213.7 -16.1 354 0 11.7 10.2 7.5 2.5 2 0 3 2 2
2586.7 3659.9 -23.8 51 0 9.8 30.7 7.5 2.5 2 1 3 0 0
2621.6 3714.4 -22.0 314 0 19.9 15.1 15.0 0.0 0 0 6 0 0
2669.2 3222.9 -19.2 266 0 9.6 22.1 2.5 2.5 2 1 1 2 2
2657.1 3184.7 -17.3 176 0 10.9 39.6 10.0 0.0 0 1 4 1 1
1867.8 5391.0 -16.3 67 0 5.9 6.9 7.5 2.5 2 1 3 3 3
1892.2 5397.5 -15.5 72 0 9.8 8.0 7.5 2.5 2 0 3 1 1
1593.0 5536.6 -32.4 105 0 14.1 9.4 7.5 2.5 2 0 3 5 5
1619.2 5530.4 -31.5 101 0 10.8 14.2 2.5 2.5 2 1 1 2 2
1599.1 4620.5 -4.8 333 0 14.8 9.8 2.5 2.5 4 0 1 4 4
1441.5 4645.8 -24.6 231 0 6.2 27.3 2.5 2.5 2 0 1 1 1
1462.1 4615.5 -23.8 141 0 18.5 8.0 5.0 2.5 4 0 2 3 3
1458.8 4671.4 -20.4 234 0 9.9 11.2 7.5 2.5 2 1 3 1 1
1544.3 4653.4 -9.3 238 0 9.3 10.3 2.5 2.5 4 1 1 4 4
1562.2 4601.9 -7.4 149 0 18.2 11.0 10.0 2.5 2 0 4 0 0
1578.1 4629.5 -7.3 328 0 9.7 18.0 2.5 2.5 4 1 1 1 1
1463.1 4656.9 -20.8 238 0 11.2 10.2 5.0 2.5 2 0 2 0 0
1328.3 4585.7 -23.9 242 0 15.3 10.4 7.5 2.5 2 0 3 5 5
1347.1 4613.0 -23.7 61 0 23.5 4.2 5.0 2.5 2 0 2 4 4
1322.1 4602.5 -22.6 58 0 10.9 10.7 5.0 2.5 2 0 2 3 3
1325.2 4631.4 -23.3 230 0 17.2 6.9 7.5 2.5 2 0 3 1 1
1362.7 4626.4 -24.2 48 0 9.2 19.0 7.5 2.5 4 1 3 0 0
1047.0 4401.7 -22.8 87 0 10.9 8.3 2.5 2.5 2 0 1 3 3
746.8 -1469.9 -10.3 94 0 12.2 5.5 7.5 2.5 2 0 3 0 0
731.7 -1446.8 -10.7 180 0 14.0 7.8 7.5 2.5 2 0 3 0 0
751.0 -1426.1 -9.7 269 0 13.5 8.1 7.5 2.5 2 0 3 0 0
759.6 -1460.5 -9.5 91 0 8.2 18.4 5.0 2.5 2 1 2 1 1
415.8 -618.7 -11.4 53 0 12.5 7.6 5.0 2.5 2 0 2 0 0
386.3 -607.4 -11.9 147 0 15.3 8.4 2.5 2.5 2 0 1 5 5
369.6 -585.2 -11.9 144 0 14.7 6.9 5.0 2.5 2 0 2 5 5
404.2 -573.5 -11.4 322 0 10.7 19.9 5.0 2.5 2 1 2 4 4
313.3 -496.8 -12.0 76 0 10.6 16.4 7.5 0.0 0 1 3 2 2
330.6 -506.1 -11.6 164 0 7.1 11.7 7.5 2.5 2 1 3 3 3
355.3 -465.6 -10.6 255 0 10.0 15.2 2.5 2.5 2 1 1 5 5
336.2 -471.6 -11.5 344 0 10.4 20.5 5.0 2.5 2 1 2 3 3
306.0 -379.3 -11.2 259 0 16.5 7.3 5.0 2.5 2 0 2 5 5
321.4 -398.6 -11.4 345 0 6.0 12.4 5.0 2.5 2 1 2 1 1
333.8 -411.1 -11.3 343 0 14.7 9.2 5.0 2.5 2 0 2 1 1
332.8 -433.2 -11.4 344 0 9.5 21.9 7.5 2.5 2 1 3 1 1
283.0 -442.0 -11.9 169 0 13.2 19.5 7.5 2.5 2 1 3 5 5
484.4 -725.6 -11.0 155 0 9.4 6.2 2.5 2.5 2 0 1 2 2
522.0 -716.6 -9.6 339 0 9.2 5.3 2.5 2.5 2 0 1 4 4
682.8 -1009.8 -10.6 165 0 14.3 7.4 5.0 2.5 2 0 2 3 3
698.2 -987.0 -10.3 254 0 19.1 7.0 7.5 2.5 2 0 3 3 3
709.1 -1027.7 -10.2 77 0 19.9 8.8 2.5 2.5 2 0 1 1 1
724.9 -997.8 -10.0 345 0 20.1 11.2 5.0 2.5 2 0 2 1 1
683.5 -1166.0 -10.4 171 0 22.7 10.6 5.0 2.5 4 0 2 4 4
715.9 -1145.6 -10.2 359 0 10.3 22.4 2.5 2.5 2 1 1 5 5
728.3 -1169.3 -9.7 353 0 18.9 9.7 5.0 2.5 2 0 2 0 0
703.0 -1200.8 -8.6 82 0 29.2 15.0 10.0 2.5 4 0 4 4 4
6535.0 -1471.8 1.1 108 0 14.3 9.7 7.5 2.5 2 0 3 1 1
6520.9 -1442.5 -0.4 202 0 20.0 12.1 10.0 2.5 2 0 4 5 5
6558.2 -1439.5 -0.2 292 0 25.1 8.8 5.0 2.5 4 0 2 3 3
5531.9 373.1 -8.3 198 0 23.0 13.3 10.0 2.5 2 0 4 4 4
5550.6 339.8 -8.3 104 0 13.9 10.3 5.0 2.5 2 0 2 0 0
5582.5 355.5 -8.4 19 0 26.4 11.7 10.0 2.5 2 0 4 5 5
6131.8 1250.2 -12.5 274 0 15.4 9.8 7.5 2.5 2 0 3 2 2
6095.7 1244.7 -14.1 172 0 13.6 13.1 5.0 0.0 0 0 2 2 2
6070.6 1225.0 -16.3 164 0 7.7 7.8 5.0 0.0 0 1 2 3 3
6096.9 1230.3 -16.2 263 0 16.4 9.7 5.0 2.5 2 0 2 0 0
6078.4 1198.6 -16.6 164 0 28.8 6.4 7.5 2.5 4 0 3 4 4
6107.1 1178.0 -16.7 78 0 28.7 9.4 7.5 2.5 2 0 3 1 1
6117.5 1193.1 -16.5 78 0 11.4 21.8 7.5 2.5 2 1 3 1 1
4029.7 1055.2 -12.2 114 0 9.6 10.8 5.0 2.5 2 1 2 0 0
3593.0 176.6 -20.4 146 0 8.0 16.0 5.0 0.0 0 1 2 4 4
3587.6 143.4 -20.1 144 0 20.5 7.6 5.0 0.0 0 0 2 0 0
3682.9 196.5 -18.3 88 0 6.7 19.7 7.5 0.0 0 1 3 4 4
3691.9 239.3 -18.3 268 0 12.2 12.2 2.5 2.5 4 0 1 2 2
4072.7 1037.8 -12.8 27 0 13.9 9.3 5.0 2.5 2 0 2 4 4
4062.2 1072.7 -12.9 299 0 14.6 11.4 5.0 2.5 2 0 2 4 4
4289.9 -356.9 -19.3 345 0 10.1 6.5 5.0 2.5 2 0 2 1 1
4270.4 -331.1 -19.2 353 0 10.0 8.4 7.5 2.5 2 0 3 3 3
4188.1 -313.2 -19.2 268 0 6.7 11.0 2.5 0.0 0 1 1 5 5
4147.3 -331.5 -19.3 178 0 23.7 12.2 10.0 2.5 2 0 4 5 5
4176.1 -304.2 -19.2 355 0 9.9 27.8 5.0 2.5 2 1 2 1 1
4221.2 -307.9 -19.2 177 0 7.2 19.9 2.5 2.5 2 1 1 2 2
4226.5 -312.1 -19.3 267 0 11.0 23.9 7.5 2.5 2 1 3 0 0
4236.2 -338.6 -19.3 173 0 9.8 16.1 5.0 2.5 2 1 2 1 1
4260.4 -312.8 -19.2 360 0 11.8 10.7 5.0 2.5 2 0 2 0 0
4923.0 1883.7 -17.8 231 0 9.5 24.1 5.0 2.5 2 1 2 1 1
4939.4 1897.7 -17.8 233 0 11.4 34.0 10.0 2.5 2 1 4 5 5
4633.0 1868.2 -13.8 351 0 15.9 10.9 10.0 2.5 4 0 4 3 3
4605.0 1886.5 -12.8 256 0 28.2 10.1 7.5 2.5 2 0 3 3 3
4610.4 1845.3 -14.1 77 0 26.6 9.3 5.0 2.5 2 0 2 1 1
4701.7 1889.7 -15.5 352 0 4.4 6.6 5.0 2.5 2 1 2 1 1
4688.3 1911.1 -14.5 254 0 7.5 7.8 5.0 2.5 4 1 2 5 5
4650.3 1958.6 -11.5 336 0 6.4 11.4 7.5 2.5 2 1 3 0 0
4583.0 1927.3 -11.0 346 0 20.1 27.0 12.5 2.5 4 1 5 0 0
4502.1 1927.2 -9.1 251 0 28.7 11.8 10.0 2.5 2 0 4 5 5
4567.4 1957.3 -9.6 249 0 13.5 9.6 2.5 2.5 2 0 1 2 2
4689.7 1979.7 -13.2 266 0 9.9 25.7 7.5 2.5 2 1 3 2 2
4721.2 1992.9 -12.6 354 0 11.0 28.2 10.0 2.5 2 1 4 1 1
4718.1 1946.0 -14.3 353 0 9.4 14.0 5.0 2.5 2 1 2 3 3
4652.7 1939.9 -11.9 343 0 9.4 10.6 7.5 0.0 0 1 3 2 2
4603.1 1922.6 -11.3 162 0 9.0 9.7 7.5 2.5 2 1 3 2 2
4915.1 2013.4 -17.7 353 0 23.9 11.0 7.5 2.5 4 0 3 4 4
4907.0 1971.1 -17.4 86 0 8.5 14.1 5.0 2.5 2 1 2 3 3
4852.5 1969.8 -17.1 164 0 19.7 10.6 2.5 0.0 0 0 1 0 0
4869.3 1958.1 -17.2 166 0 8.5 21.1 7.5 0.0 0 1 3 0 0
4876.3 2000.2 -17.4 229 0 26.6 10.6 7.5 2.5 2 0 3 5 5
4936.2 1951.0 -17.7 85 0 13.1 29.0 10.0 2.5 2 1 4 0 0
4966.1 1949.3 -17.8 85 0 17.2 12.9 7.5 2.5 2 0 3 4 4
5184.0 1977.3 -15.7 78 0 10.6 5.6 2.5 0.0 0 0 1 1 1
5111.1 1929.1 -17.7 176 0 14.0 13.4 5.0 2.5 2 0 2 1 1
5174.4 1942.8 -17.6 265 0 8.9 11.1 2.5 2.5 2 1 1 0 0
5093.7 2002.3 -15.7 200 0 7.9 14.1 2.5 2.5 2 0 1 3 3
5057.9 1983.5 -17.1 177 0 17.1 8.9 5.0 2.5 2 0 2 4 4
5066.8 1990.1 -16.4 178 0 5.7 13.4 5.0 2.5 2 1 2 0 0
5078.3 1961.5 -17.1 88 0 19.4 10.1 2.5 2.5 2 0 1 0 0
5097.5 1961.6 -17.2 86 0 7.3 15.1 5.0 2.5 2 1 2 1 1
5112.6 1991.4 -15.7 110 0 14.7 7.9 7.5 2.5 2 0 3 5 5
5193.6 1996.6 -15.1 347 0 15.6 9.2 7.5 2.5 2 0 3 3 3
5159.6 1967.3 -16.3 91 0 11.6 9.9 2.5 2.5 2 0 1 4 4
5522.8 1405.1 -16.1 197 0 8.4 18.7 7.5 2.5 2 1 3 4 4
5572.5 1380.2 -15.7 28 0 12.5 9.5 2.5 2.5 2 0 1 2 2
5501.7 1389.7 -17.4 199 0 16.7 9.4 5.0 2.5 2 0 2 3 3
5510.5 1356.5 -18.1 111 0 23.7 11.7 10.0 0.0 0 0 4 1 1
5540.2 1367.8 -17.1 18 0 18.2 9.3 7.5 0.0 0 0 3 5 5
5308.1 903.8 -14.3 28 0 29.3 6.9 7.5 2.5 2 0 3 5 5
5297.3 898.5 -13.8 29 0 9.9 20.0 5.0 2.5 2 0 2 2 2
5274.6 929.9 -14.3 204 0 22.4 9.5 7.5 2.5 2 0 3 1 1
5306.8 942.5 -14.7 293 0 14.4 11.0 7.5 0.0 0 0 3 0 0
5543.8 872.1 -15.1 14 0 11.6 11.6 2.5 2.5 2 0 1 2 2
5021.7 -89.2 -15.3 271 0 23.4 11.9 12.5 2.5 2 0 5 1 1
5208.5 -20.4 -15.3 1 0 9.8 17.4 5.0 2.5 2 1 2 0 0
5065.9 -73.2 -15.2 263 0 26.1 7.8 5.0 2.5 2 0 2 1 1
5047.8 -84.8 -15.2 252 0 8.3 26.6 5.0 2.5 2 1 2 5 5
5066.6 -120.0 -14.7 86 0 18.0 6.2 5.0 2.5 4 0 2 3 3
4820.1 815.8 -14.4 93 0 14.5 6.4 5.0 2.5 2 0 2 1 1
4795.2 842.7 -14.9 187 0 8.2 11.2 5.0 2.5 2 1 2 3 3
6420.1 -3362.6 -2.6 31 0 4.1 4.8 5.0 2.5 2 1 2 1 1
6429.4 -3325.9 -1.9 301 0 4.8 4.1 7.5 2.5 2 0 3 0 0
6386.0 -3318.5 -0.7 211 0 4.1 4.8 5.0 2.5 2 1 2 3 3
6323.7 -3397.0 -2.9 257 0 10.2 9.2 5.0 2.5 2 0 2 4 4
6331.5 -3578.1 -1.2 299 0 9.4 9.2 2.5 2.5 4 0 1 3 3
6228.5 -3578.8 2.3 236 0 10.0 13.1 7.5 0.0 0 0 3 0 0
6389.6 -3377.6 -3.1 201 0 5.9 9.9 5.0 2.5 4 1 2 3 3
6384.2 -3400.2 -4.0 202 0 11.9 10.4 10.0 2.5 2 0 4 1 1
6356.7 -3443.1 -4.6 241 0 10.3 5.8 2.5 2.5 2 0 1 1 1
6305.2 -3492.5 -3.4 29 0 10.1 6.8 2.5 2.5 4 0 1 4 4
6269.5 -3500.3 -1.4 210 0 8.8 12.0 5.0 2.5 2 1 2 3 3
6299.0 -3459.0 -5.8 204 0 7.0 17.4 5.0 2.5 2 1 2 1 1
6252.2 -3619.4 0.4 30 0 9.1 4.8 7.5 2.5 2 0 3 3 3
6219.5 -3622.0 1.4 112 0 9.8 14.6 7.5 2.5 2 1 3 2 2
6235.8 -3589.6 2.1 236 0 10.0 12.0 5.0 2.5 2 0 2 1 1
6265.6 -3589.0 1.2 40 0 9.6 16.5 2.5 2.5 2 1 1 3 3
6238.0 -3545.8 1.0 211 0 8.4 12.2 7.5 2.5 4 1 3 5 5
6266.8 -3562.4 0.5 114 0 7.4 13.9 7.5 2.5 2 1 3 1 1
6285.2 -3569.9 0.0 207 0 9.5 15.1 5.0 0.0 0 1 2 5 5
6360.2 -3564.2 -2.3 37 0 8.0 24.3 5.0 0.0 0 1 2 2 2
6367.2 -3532.6 -2.7 317 0 16.0 8.0 7.5 0.0 0 0 3 2 2
6388.0 -3569.5 -3.7 145 0 10.2 14.4 5.0 2.5 2 1 2 1 1
6464.1 -3582.9 -6.1 326 0 11.3 8.7 5.0 2.5 2 0 2 2 2
6465.6 -3559.2 -6.1 332 0 9.7 8.3 5.0 2.5 4 0 2 1 1
6428.4 -3620.3 -6.2 142 0 9.6 13.7 7.5 2.5 2 1 3 0 0
6458.7 -3607.2 -6.6 58 0 20.6 9.1 7.5 2.5 2 0 3 5 5
6411.6 -3587.0 -4.5 145 0 18.8 11.0 2.5 2.5 2 0 1 4 4
6444.9 -3566.4 -5.4 333 0 27.1 10.9 7.5 2.5 2 0 3 0 0
6445.9 -3535.4 -5.5 330 0 8.7 15.5 2.5 2.5 2 1 1 2 2
6408.6 -3545.0 -4.3 251 0 13.9 9.2 2.5 2.5 4 0 1 1 1
6376.3 -3553.7 -3.0 46 0 11.6 8.9 7.5 2.5 2 0 3 0 0
6377.3 -3577.1 -2.8 314 0 7.2 15.3 5.0 2.5 2 1 2 3 3
6328.9 -3623.5 -3.2 321 0 12.3 12.3 5.0 2.5 2 1 2 3 3
6300.0 -3624.8 -2.2 241 0 21.9 7.3 2.5 2.5 2 0 1 3 3
6298.2 -3653.4 -3.9 138 0 21.3 8.8 5.0 2.5 2 0 2 1 1
6321.7 -3663.2 -4.4 38 0 33.7 10.5 10.0 2.5 4 0 4 2 2
6703.9 -3204.4 -6.5 215 0 7.3 12.6 2.5 2.5 2 1 1 1 1
6732.9 -3198.3 -6.7 35 0 10.8 8.0 7.5 2.5 2 0 3 2 2
6646.5 -3095.9 -6.3 118 0 4.2 8.3 5.0 2.5 2 1 2 4 4
6680.0 -3108.0 -6.5 23 0 8.6 4.4 7.5 2.5 2 0 3 1 1
6760.4 -3023.1 -7.0 33 0 7.6 7.7 5.0 2.5 2 1 2 5 5
6714.0 -3035.5 -6.6 215 0 6.7 11.2 2.5 2.5 4 1 1 4 4
6715.5 -3082.1 -7.0 209 0 8.2 5.1 7.5 2.5 2 0 3 1 1
6711.3 -2951.4 -4.5 156 0 7.3 8.0 5.0 2.5 2 1 2 4 4
6652.9 -2907.8 -3.2 154 0 9.0 8.1 2.5 2.5 2 0 1 4 4
6674.9 -2903.4 -2.6 64 0 8.4 12.9 5.0 2.5 4 1 2 1 1
6575.7 -2899.9 -5.2 59 0 7.1 7.4 7.5 2.5 4 1 3 0 0
6603.7 -2882.6 -5.0 66 0 9.5 8.0 5.0 2.5 2 0 2 3 3
6626.9 -2837.7 -3.2 333 0 8.4 9.6 2.5 2.5 2 1 1 4 4
6531.0 -2751.3 -5.1 155 0 11.0 9.9 5.0 2.5 2 0 2 3 3
6552.4 -2683.9 -3.6 249 0 8.2 7.1 7.5 2.5 2 0 3 1 1
6572.3 -2676.7 -2.8 245 0 16.1 8.7 7.5 2.5 2 0 3 4 4
6640.6 -2774.5 -0.9 64 0 11.4 7.2 7.5 2.5 4 0 3 3 3
6626.8 -2733.0 -1.1 336 0 8.2 10.0 7.5 2.5 2 1 3 3 3
4250.2 -2703.1 -11.1 325 0 9.2 6.8 2.5 2.5 2 0 1 2 2
4282.2 -2744.3 -8.9 330 0 6.7 15.2 2.5 2.5 2 1 1 0 0
4284.7 -2810.2 -8.6 91 0 6.6 8.0 5.0 2.5 2 1 2 5 5
4192.5 -2732.2 -11.3 89 0 9.5 4.8 5.0 2.5 2 0 2 3 3
4152.7 -2722.0 -11.9 180 0 8.9 14.3 5.0 2.5 2 1 2 5 5
4179.9 -2720.2 -11.8 269 0 10.6 12.2 7.5 2.5 2 1 3 1 1
4178.3 -2759.6 -11.2 89 0 9.7 17.9 5.0 0.0 0 1 2 1 1
4202.5 -2762.5 -10.6 356 0 9.0 12.2 5.0 2.5 2 1 2 2 2
4218.4 -2746.4 -10.5 87 0 7.6 10.1 5.0 2.5 2 1 2 3 3
4196.2 -2708.6 -11.7 263 0 17.6 8.9 5.0 2.5 2 0 2 4 4
4216.0 -2719.4 -10.9 269 0 8.2 10.7 5.0 0.0 0 1 2 1 1
4249.3 -2755.2 -9.8 41 0 8.0 15.8 5.0 0.0 0 1 2 4 4
4264.4 -2723.6 -10.0 352 0 6.5 16.8 5.0 2.5 2 1 2 1 1
4282.1 -2729.9 -9.3 325 0 10.6 9.2 5.0 2.5 2 0 2 4 4
4262.4 -2756.0 -9.0 148 0 5.9 6.8 5.0 2.5 2 1 2 0 0
4263.3 -2769.9 -9.1 148 0 9.4 15.5 2.5 2.5 2 1 1 3 3
4268.5 -2788.3 -9.0 154 0 11.7 8.3 7.5 0.0 0 0 3 0 0
4264.1 -2815.1 -8.6 149 0 10.0 7.9 7.5 2.5 2 0 3 0 0
4299.6 -2786.8 -8.7 336 0 6.5 14.5 2.5 2.5 2 1 1 3 3
4297.3 -2777.2 -8.7 59 0 7.8 17.0 7.5 2.5 2 1 3 5 5
4067.7 -2537.7 -18.2 0 0 14.6 7.7 2.5 2.5 2 0 1 4 4
4066.2 -2560.3 -18.0 4 0 9.4 17.1 2.5 2.5 2 1 1 0 0
4029.8 -2542.9 -18.4 181 0 11.2 10.1 5.0 2.5 2 0 2 3 3
3879.5 -2433.0 -11.7 7 0 8.5 15.7 2.5 2.5 2 1 1 4 4
3840.4 -2439.3 -11.9 188 0 12.4 10.3 5.0 2.5 4 0 2 3 3
3868.1 -2465.4 -12.8 99 0 16.3 10.0 5.0 2.5 2 0 2 3 3
2450.2 -2668.9 -9.5 43 0 9.8 20.2 7.5 2.5 2 1 3 5 5
2471.4 -2665.6 -8.9 53 0 20.2 9.6 7.5 2.5 4 0 3 0 0
3479.0 -2639.7 -11.3 357 0 11.2 12.3 5.0 2.5 2 1 2 3 3
2901.0 -2565.3 -8.4 75 0 9.8 12.2 7.5 2.5 2 1 3 3 3
3185.8 -2605.0 -10.1 184 0 19.4 10.2 5.0 2.5 2 0 2 1 1
3246.2 -2608.2 -10.1 0 0 16.2 10.6 5.0 2.5 2 0 2 0 0
3230.0 -2593.2 -9.2 0 0 8.0 22.9 5.0 0.0 0 1 2 4 4
3211.1 -2626.1 -10.1 91 0 22.9 8.6 5.0 2.5 2 0 2 0 0
2471.5 -2637.4 -6.1 323 0 8.0 6.4 5.0 2.5 2 0 2 5 5
2452.2 -2633.3 -6.1 322 0 7.9 14.2 7.5 2.5 2 1 3 5 5
1767.1 -2594.6 -6.5 280 0 13.9 8.7 5.0 2.5 4 0 2 3 3
1747.0 -2649.8 -11.7 105 0 14.3 9.0 5.0 2.5 2 0 2 1 1
1723.9 -2614.8 -12.5 192 0 13.9 10.1 7.5 2.5 2 0 3 1 1
1768.9 -2622.8 -8.2 11 0 19.1 9.2 7.5 0.0 0 0 3 2 2
3431.6 -518.2 -12.0 3 0 6.7 10.2 7.5 2.5 2 1 3 2 2
3435.7 -536.6 -10.4 10 0 15.7 8.9 5.0 2.5 2 0 2 1 1
3403.8 -543.3 -10.3 101 0 12.9 12.1 5.0 2.5 2 0 2 5 5
3399.0 -505.6 -13.6 276 0 28.3 13.4 12.5 2.5 2 0 5 0 0
3283.0 -925.2 -6.6 92 0 14.5 8.1 7.5 0.0 0 0 3 0 0
3217.1 -727.0 -14.4 359 0 8.4 10.8 7.5 2.5 2 1 3 3 3
3154.9 -728.9 -15.0 88 0 10.0 12.8 7.5 0.0 0 1 3 5 5
3271.1 -630.8 -11.2 343 0 7.0 5.8 7.5 2.5 4 0 3 2 2
3246.7 -618.5 -13.8 176 0 9.8 15.2 7.5 2.5 2 1 3 1 1
3237.5 -650.9 -13.4 85 0 11.9 19.0 7.5 2.5 2 1 3 5 5
3248.4 -654.0 -11.6 90 0 5.4 11.1 7.5 2.5 2 1 3 3 3
3257.4 -653.2 -11.3 89 0 9.6 6.6 7.5 0.0 0 0 3 4 4
3278.0 -651.1 -10.3 79 0 9.7 14.4 5.0 0.0 0 1 2 5 5
3260.6 -659.2 -11.5 272 0 13.7 7.4 5.0 2.5 4 0 2 4 4
3246.4 -667.1 -12.2 267 0 6.6 14.5 5.0 2.5 2 1 2 0 0
3268.3 -689.9 -11.8 2 0 6.9 11.0 5.0 2.5 2 1 2 3 3
3272.2 -667.0 -11.0 274 0 6.0 11.8 5.0 0.0 0 1 2 3 3
3290.1 -711.4 -10.9 283 0 9.9 6.6 2.5 2.5 2 0 1 1 1
3289.1 -736.9 -11.7 11 0 16.9 9.3 7.5 2.5 2 0 3 5 5
3276.6 -799.5 -11.0 93 0 15.6 10.4 5.0 2.5 2 0 2 3 3
3260.3 -772.0 -12.1 188 0 15.2 10.7 5.0 2.5 2 0 2 1 1
3299.7 -761.6 -12.5 5 0 9.7 34.3 7.5 2.5 2 1 3 2 2
3310.9 -756.9 -10.9 275 0 11.0 17.5 7.5 2.5 4 1 3 5 5
3336.7 -787.3 -10.2 6 0 17.5 8.7 5.0 2.5 2 0 2 3 3
3301.6 -793.3 -11.2 93 0 9.8 13.8 7.5 2.5 2 1 3 5 5
3154.0 -668.8 -17.0 270 0 22.6 12.9 10.0 2.5 2 0 4 5 5
3140.2 -691.7 -16.5 179 0 12.9 11.6 5.0 2.5 2 0 2 0 0
3167.4 -705.8 -15.6 1 0 5.9 12.1 5.0 2.5 2 1 2 5 5
3179.8 -694.6 -15.9 359 0 20.2 8.8 7.5 2.5 2 0 3 0 0
3169.1 -735.9 -14.4 85 0 7.5 9.3 5.0 2.5 2 1 2 3 3
3228.8 -736.6 -13.6 265 0 9.2 16.1 2.5 2.5 2 1 1 5 5
3210.7 -744.1 -13.4 258 0 7.5 20.8 7.5 2.5 2 0 3 2 2
3163.6 -745.4 -13.6 255 0 8.7 13.2 5.0 2.5 2 1 2 4 4
3230.4 -765.5 -12.5 347 0 12.2 10.9 2.5 2.5 2 0 1 0 0
3172.0 -809.8 -13.1 249 0 7.8 10.9 7.5 2.5 2 1 3 2 2
3212.5 -825.5 -10.7 79 0 3.6 14.5 7.5 2.5 2 1 3 3 3
3225.2 -814.5 -10.4 356 0 9.2 7.7 7.5 2.5 2 0 3 2 2
3245.2 -809.4 -10.6 2 0 14.7 11.7 7.5 2.5 2 0 3 5 5
3194.7 -835.1 -12.3 64 0 7.3 12.9 5.0 2.5 2 1 2 4 4
3268.7 -856.0 -8.3 359 0 11.4 7.7 2.5 2.5 2 0 1 4 4
3225.2 -867.4 -10.8 174 0 9.4 7.7 7.5 2.5 2 0 3 4 4
3209.9 -898.0 -12.8 244 0 12.5 8.4 5.0 2.5 2 0 2 1 1
3204.4 -917.6 -13.3 176 0 11.5 5.9 5.0 2.5 2 0 2 5 5
3227.0 -912.2 -12.0 269 0 7.7 11.4 2.5 2.5 2 1 1 0 0
3840.9 -1141.5 -9.9 44 0 22.9 8.1 2.5 2.5 2 0 1 4 4
3811.4 -1113.5 -9.3 219 0 18.7 8.3 2.5 2.5 4 0 1 2 2
3805.6 -1145.4 -9.2 135 0 19.6 11.8 10.0 2.5 2 0 4 5 5
3844.6 -1098.5 -10.2 226 0 9.8 14.0 5.0 2.5 2 1 2 0 0
3906.7 -1420.8 -12.0 270 0 9.5 17.6 5.0 2.5 4 1 2 4 4
3909.7 -1463.9 -12.3 93 0 6.3 9.3 5.0 2.5 2 1 2 5 5
3877.2 -1429.9 -11.5 187 0 16.8 9.1 7.5 2.5 2 0 3 2 2
3881.9 -1455.2 -12.0 188 0 9.1 18.7 5.0 0.0 0 1 2 0 0
3921.3 -1434.4 -12.3 277 0 10.0 11.2 7.5 2.5 2 1 3 0 0
4216.6 -1537.2 -15.0 15 0 30.7 12.9 7.5 2.5 2 0 3 3 3
4141.8 -1491.7 -14.5 194 0 18.4 10.6 2.5 2.5 2 0 1 2 2
4195.0 -1484.8 -14.7 97 0 28.5 10.4 7.5 2.5 2 0 3 3 3
4213.5 -1457.4 -14.9 359 0 13.7 12.8 2.5 2.5 2 0 1 4 4
4167.2 -1436.4 -15.1 183 0 19.7 22.8 10.0 2.5 2 1 4 0 0
4158.6 -1470.8 -14.8 94 0 13.0 21.6 7.5 2.5 2 1 3 2 2
4181.1 -1492.1 -14.6 289 0 11.9 16.5 7.5 2.5 2 1 3 2 2
4182.6 -1544.1 -15.0 105 0 36.3 15.7 7.5 2.5 4 0 3 1 1
4137.3 -1512.0 -14.7 195 0 11.0 25.2 10.0 2.5 4 1 4 5 5
4477.1 -2533.4 -10.8 223 0 12.9 9.9 2.5 2.5 2 0 1 4 4
4309.5 -2651.0 -12.0 223 0 11.2 9.1 5.0 2.5 2 0 2 5 5
4321.0 -2577.8 -13.9 254 0 9.5 9.2 5.0 2.5 2 0 2 0 0
4326.8 -2604.4 -13.4 76 0 8.2 13.8 7.5 2.5 2 1 3 4 4
4290.9 -2608.8 -14.3 131 0 7.2 7.4 7.5 0.0 0 1 3 5 5
4301.7 -2607.3 -14.0 124 0 9.4 6.2 7.5 2.5 2 0 3 1 1
4308.2 -2620.8 -13.2 133 0 9.1 11.2 5.0 2.5 2 1 2 1 1
4321.5 -2654.0 -11.5 210 0 10.9 6.5 7.5 2.5 2 0 3 2 2
4326.8 -2668.1 -10.5 214 0 7.6 11.5 5.0 2.5 2 0 2 1 1
4344.0 -2664.6 -10.2 303 0 4.6 7.2 7.5 2.5 2 1 3 4 4
4341.1 -2657.2 -10.6 303 0 5.0 7.8 2.5 2.5 4 1 1 0 0
4354.7 -2641.2 -11.0 314 0 8.2 13.4 5.0 2.5 2 0 2 5 5
4354.4 -2637.1 -11.0 44 0 5.6 11.7 5.0 2.5 2 0 2 3 3
4337.0 -2615.3 -11.9 231 0 8.4 12.5 5.0 2.5 2 1 2 5 5
4358.3 -2602.0 -11.6 321 0 5.8 14.0 5.0 2.5 2 1 2 4 4
4344.1 -2596.9 -12.5 53 0 17.5 6.7 7.5 2.5 2 0 3 5 5
4352.1 -2539.3 -14.5 267 0 12.8 9.2 5.0 2.5 4 0 2 1 1
4338.3 -2549.5 -14.3 255 0 8.2 22.6 7.5 2.5 2 0 3 5 5
4346.9 -2580.9 -12.8 75 0 8.2 10.0 5.0 2.5 2 0 2 1 1
4361.4 -2577.5 -12.1 88 0 10.7 8.1 7.5 2.5 4 0 3 2 2
4382.6 -2552.0 -12.8 350 0 10.4 8.4 5.0 2.5 2 0 2 2 2
4435.5 -2589.7 -9.7 124 0 6.8 8.8 7.5 2.5 2 1 3 2 2
4444.3 -2600.2 -9.2 34 0 12.0 9.2 2.5 2.5 2 0 1 4 4
4374.6 -2589.8 -11.1 233 0 11.1 9.1 5.0 2.5 2 0 2 5 5
4367.1 -2610.9 -10.8 209 0 7.8 6.3 5.0 2.5 2 0 2 3 3
4360.2 -2631.9 -10.7 119 0 8.3 17.9 2.5 2.5 2 0 1 2 2
4389.2 -2621.9 -10.2 30 0 12.5 7.9 7.5 2.5 4 0 3 0 0
4375.0 -2673.4 -8.7 296 0 6.9 24.7 7.5 2.5 2 0 3 0 0
4313.5 -2701.0 -9.6 204 0 7.1 16.3 7.5 2.5 4 1 3 2 2
4372.1 -2655.1 -9.5 297 0 12.6 9.2 5.0 2.5 2 0 2 2 2
4363.2 -2689.9 -9.0 26 0 8.6 14.4 2.5 2.5 2 0 1 3 3
4322.3 -2640.3 -11.9 232 0 12.7 6.3 7.5 2.5 2 0 3 3 3
4290.4 -2671.1 -11.5 209 0 10.0 9.1 2.5 2.5 2 0 1 4 4
4298.0 -2722.4 -9.0 152 0 6.5 7.5 5.0 2.5 2 1 2 4 4
4308.2 -2731.0 -8.5 145 0 6.2 6.6 7.5 2.5 2 1 3 0 0
4329.7 -2725.6 -8.7 115 0 8.8 18.3 2.5 2.5 2 1 1 3 3
4309.5 -2688.3 -10.2 204 0 9.8 22.4 7.5 2.5 2 1 3 5 5
4294.8 -2663.0 -11.8 209 0 8.4 9.1 7.5 0.0 0 0 3 4 4
4318.4 -2662.7 -11.1 214 0 7.5 9.9 7.5 2.5 4 0 3 5 5
4989.4 -1919.5 -12.7 189 0 8.5 13.2 5.0 2.5 2 1 2 4 4
4914.8 -1951.0 -14.1 225 0 18.0 11.3 7.5 0.0 0 0 3 2 2
4903.5 -1967.4 -14.2 229 0 11.1 17.8 5.0 2.5 2 1 2 3 3
4942.0 -1986.1 -12.4 32 0 14.4 9.8 5.0 2.5 2 0 2 4 4
4981.8 -1880.8 -15.4 275 0 7.6 20.6 5.0 2.5 2 1 2 2 2
5038.4 -1893.8 -13.5 22 0 22.7 11.2 10.0 2.5 2 0 4 5 5
4995.6 -1875.7 -15.4 186 0 13.0 28.6 17.5 0.0 0 1 7 5 5
4998.2 -1994.3 -8.5 188 0 9.2 18.8 5.0 2.5 2 1 2 0 0
5264.7 -1273.1 -12.9 99 0 15.0 5.7 5.0 2.5 2 0 2 1 1
5296.7 -1259.1 -12.6 1 0 15.4 6.7 2.5 2.5 2 0 1 3 3
5248.1 -1260.8 -13.3 180 0 19.3 9.0 5.0 2.5 2 0 2 0 0
5254.6 -1241.7 -13.2 185 0 10.6 22.1 10.0 2.5 2 1 4 0 0
5302.7 -1344.9 -12.4 238 0 9.7 20.1 2.5 2.5 2 1 1 3 3
5276.0 -1332.6 -12.4 243 0 17.3 11.6 5.0 2.5 2 0 2 1 1
5312.8 -1388.4 -13.2 51 0 21.6 12.5 10.0 2.5 4 0 4 2 2
5270.8 -1358.4 -13.2 234 0 11.3 30.8 5.0 2.5 2 1 2 0 0
-3070.8 -4771.3 3.8 79 0 9.6 11.0 2.5 2.5 2 1 1 0 0
-3135.4 -4782.4 3.9 68 0 6.6 10.1 5.0 2.5 2 1 2 1 1
-3143.4 -4755.2 3.8 337 0 9.9 7.0 5.0 2.5 2 0 2 2 2
-3161.9 -4737.8 3.7 156 0 12.9 6.8 5.0 2.5 2 0 2 0 0
-3207.1 -4637.3 2.5 171 0 9.2 8.6 7.5 2.5 2 0 3 5 5
-3320.4 -4626.7 2.5 357 0 9.3 13.7 2.5 2.5 2 1 1 1 1
-3403.6 -4553.0 3.0 180 0 10.6 12.6 10.0 2.5 2 1 4 3 3
-3441.7 -4531.3 2.1 177 0 10.6 11.8 2.5 2.5 2 1 1 1 1
-3452.7 -4636.6 3.1 179 0 14.1 9.1 5.0 2.5 2 0 2 1 1
-5212.8 -5111.1 15.4 269 0 6.0 7.8 5.0 2.5 2 1 2 4 4
-5232.1 -5135.9 15.7 179 0 10.1 7.8 5.0 2.5 2 0 2 5 5
-5202.6 -5150.0 16.4 89 0 10.1 10.1 5.0 2.5 2 1 2 0 0
-5456.8 -4694.5 6.6 7 0 17.6 10.8 7.5 2.5 2 0 3 2 2
-5483.7 -4715.5 7.5 96 0 21.9 6.0 5.0 2.5 2 0 2 3 3
-5519.0 -4700.7 9.1 188 0 6.2 7.9 5.0 2.5 4 1 2 5 5
-5498.1 -4663.1 7.8 275 0 11.3 9.4 7.5 2.5 2 0 3 4 4
-5504.1 -4690.6 7.9 187 0 14.8 8.4 7.5 2.5 4 0 3 1 1
-4657.1 -3909.5 9.3 16 0 11.6 36.6 7.5 0.0 0 1 3 3 3
-4649.1 -3901.6 8.3 104 0 8.8 22.8 7.5 2.5 2 1 3 2 2
-4665.3 -3856.9 7.2 282 0 12.4 6.8 2.5 2.5 4 0 1 3 3
-4690.2 -3862.6 7.8 284 0 8.1 14.5 2.5 2.5 2 1 1 3 3
-5539.2 -3013.2 8.6 34 0 11.7 11.9 7.5 2.5 2 1 3 5 5
-5520.1 -3007.5 6.8 120 0 11.3 18.1 7.5 2.5 2 1 3 5 5
-5529.8 -2971.5 6.4 214 0 12.1 17.4 10.0 2.5 2 1 4 0 0
-5326.3 -2872.8 -0.5 207 0 9.2 18.2 7.5 2.5 2 1 3 2 2
-5332.3 -2913.7 -0.1 122 0 9.5 8.9 5.0 2.5 2 0 2 1 1
-4737.1 -2862.7 4.3 16 0 10.1 29.9 12.5 2.5 2 1 5 0 0
-4763.8 -2827.9 4.0 300 0 10.6 14.5 10.0 2.5 2 1 4 0 0
-4778.6 -2798.5 2.8 299 0 8.5 20.2 7.5 2.5 2 1 3 1 1
-4812.7 -2796.6 2.6 211 0 10.0 19.8 7.5 2.5 2 1 3 4 4
-4808.3 -2773.8 1.4 212 0 12.3 8.4 5.0 2.5 2 0 2 5 5
-3285.2 -1530.3 6.5 189 0 8.5 6.0 2.5 2.5 2 0 1 2 2
-3254.7 -1543.0 5.5 9 0 5.9 14.5 5.0 2.5 2 1 2 3 3
-2720.4 -2829.4 10.5 97 0 10.2 35.7 7.5 2.5 2 1 3 4 4
-2746.9 -2819.5 10.3 100 0 10.7 26.2 7.5 2.5 2 1 3 2 2
-2745.2 -2838.4 9.5 184 0 10.6 12.5 7.5 2.5 4 1 3 5 5
-2687.2 -2127.2 3.7 89 0 16.9 5.4 5.0 2.5 2 0 2 5 5
-2710.4 -2118.6 3.3 93 0 22.4 7.8 5.0 2.5 2 0 2 2 2
-2685.9 -2112.4 3.6 89 0 21.4 8.9 5.0 0.0 0 0 2 3 3
-2661.8 -2099.9 4.0 360 0 24.5 11.3 7.5 2.5 2 0 3 4 4
-2708.4 -2075.5 3.5 265 0 14.2 10.5 10.0 2.5 2 0 4 5 5
-2552.4 -2350.3 7.4 97 0 6.1 17.7 7.5 2.5 2 1 3 5 5
-2524.6 -2358.6 8.4 93 0 16.4 8.6 2.5 2.5 2 0 1 4 4
-2513.2 -2325.4 9.1 274 0 7.4 17.8 5.0 2.5 2 1 2 4 4
-2532.3 -2323.8 8.1 268 0 11.1 8.0 2.5 2.5 4 0 1 3 3
-1702.1 -3711.6 12.9 66 0 9.0 11.9 5.0 2.5 4 1 2 3 3
-1681.1 -3694.0 12.7 261 0 5.7 14.2 7.5 2.5 4 1 3 2 2
-1638.1 -3568.1 2.7 106 0 15.6 9.0 7.5 2.5 2 0 3 4 4
-1620.9 -3530.6 0.7 291 0 7.2 22.6 7.5 2.5 2 1 3 1 1
-1569.7 -3527.7 0.5 359 0 5.5 18.9 7.5 2.5 2 1 3 2 2
-1582.0 -3502.8 -1.2 254 0 4.5 9.2 7.5 2.5 2 1 3 1 1
-1667.3 -3508.5 -1.2 78 0 6.0 10.9 7.5 0.0 0 1 3 2 2
-1614.7 -3483.0 -2.9 78 0 14.3 8.1 5.0 2.5 2 0 2 1 1
-1621.8 -3450.3 -4.2 253 0 11.0 11.3 7.5 2.5 2 1 3 3 3
-1470.9 -3259.0 -5.9 165 0 15.1 6.0 7.5 2.5 2 0 3 2 2
-1465.4 -3233.7 -7.0 167 0 8.5 18.9 7.5 2.5 2 1 3 2 2
-1512.3 -3247.9 -3.7 5 0 9.1 10.0 5.0 2.5 2 1 2 0 0
-1510.7 -3265.3 -3.7 349 0 7.6 10.0 7.5 2.5 2 0 3 1 1
-1495.8 -3279.4 -4.6 5 0 11.1 4.6 7.5 2.5 2 0 3 2 2
-1495.6 -3291.2 -4.6 17 0 5.2 14.7 7.5 2.5 2 1 3 2 2
-1521.7 -3319.4 -5.1 80 0 5.5 12.1 7.5 2.5 2 1 3 3 3
-1548.2 -3268.4 -1.8 280 0 10.1 12.1 2.5 2.5 2 1 1 1 1
-1563.7 -3298.1 -2.1 109 0 15.2 7.0 7.5 2.5 2 0 3 4 4
-1579.6 -3282.7 -0.3 287 0 6.2 10.0 5.0 2.5 2 1 2 1 1
-1599.3 -3335.7 -2.4 59 0 7.2 15.1 5.0 2.5 2 1 2 5 5
-1623.2 -3321.8 -0.5 227 0 16.1 5.0 7.5 2.5 2 0 3 4 4
-1631.2 -3359.8 -3.3 153 0 16.0 9.0 5.0 0.0 0 0 2 2 2
-1600.6 -3358.4 -4.3 333 0 9.5 8.8 2.5 2.5 2 0 1 1 1
-1577.4 -3396.3 -7.6 60 0 10.9 6.1 7.5 0.0 0 0 3 1 1
-1585.9 -3425.7 -5.8 253 0 11.0 11.3 5.0 0.0 0 0 2 5 5
-1582.6 -3436.6 -5.3 253 0 11.1 24.1 15.0 0.0 0 0 6 5 5
-1527.2 -3453.6 -4.5 62 0 15.0 8.1 7.5 2.5 2 0 3 5 5
-1557.6 -3423.9 -5.9 235 0 25.5 4.9 7.5 2.5 2 0 3 1 1
-1517.2 -3433.3 -4.6 13 0 10.9 9.0 7.5 2.5 2 0 3 1 1
-1512.5 -3412.6 -4.4 13 0 11.2 9.0 7.5 2.5 2 0 3 1 1
-1531.9 -3390.9 -5.5 240 0 16.1 10.0 5.0 2.5 2 0 2 0 0
-1519.2 -3387.3 -4.5 225 0 6.4 9.0 5.0 2.5 2 1 2 0 0
-1497.9 -3381.8 -3.5 36 0 9.2 4.3 7.5 2.5 4 0 3 2 2
-1498.2 -3414.0 -3.1 201 0 8.3 9.3 5.0 2.5 2 1 2 4 4
-1477.8 -3373.6 -2.5 204 0 16.2 7.8 5.0 2.5 2 0 2 1 1
-1497.5 -3504.0 -1.9 126 0 9.0 11.1 7.5 2.5 2 1 3 3 3
-1435.3 -3508.0 -1.0 329 0 10.3 9.7 5.0 2.5 2 0 2 2 2
-1410.9 -3524.4 -0.2 334 0 7.1 12.0 5.0 2.5 2 1 2 2 2
-1287.5 -3303.7 1.1 359 0 5.0 8.1 5.0 2.5 2 1 2 1 1
-1304.9 -3299.1 0.8 87 0 5.1 10.0 5.0 2.5 2 1 2 1 1
-1298.5 -3272.7 0.7 257 0 10.7 9.0 5.0 2.5 2 0 2 4 4
-1239.2 -3123.5 -7.9 54 0 7.2 14.7 5.0 2.5 2 1 2 5 5
-1218.8 -3119.5 -7.1 57 0 9.1 4.5 7.5 2.5 4 0 3 0 0
-1213.0 -3099.1 -7.7 334 0 10.7 9.1 5.0 2.5 2 0 2 5 5
-1217.9 -3089.1 -8.3 334 0 11.7 9.1 5.0 2.5 2 0 2 2 2
-1246.2 -3083.1 -8.6 152 0 7.2 20.0 7.5 2.5 2 1 3 2 2
-1193.3 -2998.1 -8.6 79 0 8.1 21.6 5.0 2.5 2 1 2 1 1
-1219.3 -3002.7 -8.3 174 0 9.1 18.0 5.0 2.5 2 1 2 2 2
-1218.2 -2969.3 -8.0 259 0 11.0 9.1 5.0 2.5 2 0 2 3 3
-1230.3 -3004.1 -7.7 78 0 3.4 16.5 5.0 0.0 0 0 2 4 4
-1231.9 -3002.4 -7.6 77 0 4.0 14.6 7.5 2.5 2 0 3 1 1
-1232.1 -3010.6 -7.6 345 0 7.7 15.4 7.5 2.5 2 1 3 4 4
-1246.5 -2991.9 -7.2 83 0 14.0 8.0 7.5 2.5 2 0 3 2 2
-1259.2 -3006.4 -6.8 85 0 7.1 15.1 7.5 2.5 2 1 3 0 0
-1265.9 -2969.3 -6.6 270 0 20.0 7.1 2.5 2.5 4 0 1 0 0
-1180.0 -2806.1 -8.8 83 0 14.0 8.0 7.5 2.5 2 0 3 3 3
-1227.0 -2804.3 -7.6 173 0 8.0 14.0 7.5 2.5 2 1 3 3 3
-1338.2 -2773.3 -4.2 354 0 9.0 16.0 7.5 2.5 2 0 3 1 1
-1334.7 -2763.0 -4.5 354 0 10.6 6.6 5.0 2.5 2 0 2 3 3
-1341.4 -2742.9 -4.6 357 0 11.6 11.9 5.0 2.5 2 1 2 2 2
-1155.8 -1565.7 -10.0 282 0 6.5 23.8 2.5 2.5 2 1 1 1 1
-1124.6 -1581.5 -10.1 15 0 19.3 9.2 5.0 2.5 2 0 2 0 0
-1156.5 -1553.2 -10.0 202 0 6.0 29.2 5.0 2.5 2 1 2 5 5
-994.1 -1511.8 -10.0 21 0 8.2 12.1 5.0 2.5 2 1 2 4 4
-1026.2 -1499.3 -10.3 201 0 8.1 18.1 7.5 2.5 2 1 3 4 4
-1015.4 -1529.7 -10.1 26 0 9.2 14.7 5.0 2.5 2 1 2 2 2
-2074.6 -3178.2 -2.2 279 0 10.1 9.1 5.0 2.5 2 0 2 5 5
-2076.7 -3210.3 -3.4 96 0 11.4 6.6 7.5 2.5 2 0 3 5 5
-2115.4 -3196.7 -3.1 95 0 9.4 11.9 5.0 2.5 4 1 2 2 2
-2122.5 -3169.9 -2.5 276 0 14.0 8.0 7.5 2.5 2 0 3 3 3
-2146.4 -3183.6 -3.2 183 0 17.5 9.4 2.5 0.0 0 0 1 2 2
-2045.1 -3415.6 -0.7 265 0 10.2 7.1 2.5 0.0 0 0 1 4 4
-2028.1 -3450.3 1.0 82 0 5.3 14.6 2.5 2.5 2 1 1 5 5
-2040.3 -3457.0 1.9 87 0 12.7 7.2 2.5 2.5 2 0 1 1 1
-2068.0 -3436.7 -0.4 172 0 11.6 9.6 2.5 2.5 4 0 1 4 4
-2146.1 -3514.8 0.2 69 0 10.6 28.3 10.0 2.5 2 1 4 5 5
-3529.6 -4019.7 6.4 174 0 23.3 13.1 7.5 2.5 2 0 3 3 3
-3524.1 -3989.9 5.9 264 0 6.0 17.5 7.5 2.5 2 0 3 2 2
-3414.8 -3253.2 2.1 1 0 14.3 10.6 5.0 2.5 2 0 2 5 5
-3462.7 -3232.4 1.7 274 0 11.5 13.1 7.5 2.5 2 1 3 0 0
-3492.0 -3260.5 1.7 96 0 10.1 30.4 10.0 2.5 2 1 4 5 5
-3591.7 -3607.8 1.1 342 0 15.9 8.6 7.5 2.5 4 0 3 3 3
-3618.0 -3630.6 1.1 71 0 11.2 22.2 10.0 2.5 2 1 4 0 0
-3628.8 -3597.7 1.5 156 0 8.3 13.1 2.5 2.5 2 1 1 1 1
-3597.1 -3587.7 1.0 336 0 8.3 13.1 7.5 2.5 4 1 3 5 5
-3657.7 -3505.5 3.4 46 0 18.7 11.7 5.0 2.5 4 0 2 4 4
-3662.1 -3472.0 4.0 310 0 22.9 8.6 5.0 2.5 2 0 2 0 0
-3721.5 -4005.0 4.6 174 0 17.0 6.5 5.0 2.5 2 0 2 2 2
-3698.2 -4011.2 4.9 84 0 12.0 9.2 7.5 2.5 2 0 3 0 0
-3668.1 -4118.9 8.2 170 0 7.9 17.5 7.5 2.5 2 1 3 3 3
-3606.1 -4106.1 8.3 44 0 10.0 5.4 7.5 2.5 2 0 3 4 4
-3630.1 -4121.3 8.5 143 0 4.3 12.0 7.5 2.5 2 1 3 1 1
-3624.0 -4149.9 9.1 51 0 11.6 9.9 5.0 0.0 0 0 2 3 3
-3590.2 -4119.4 8.6 42 0 11.1 10.1 5.0 2.5 2 0 2 2 2
-3606.5 -4204.0 5.5 145 0 16.1 8.2 5.0 2.5 2 0 2 0 0
-3614.5 -4167.5 8.2 234 0 12.3 9.3 5.0 0.0 0 0 2 2 2
-3598.9 -4158.9 8.2 233 0 6.2 7.7 5.0 2.5 2 1 2 0 0
-3569.7 -4185.1 5.8 55 0 18.4 13.3 5.0 0.0 0 0 2 4 4
-3579.6 -4136.8 8.6 228 0 10.7 9.5 2.5 2.5 2 0 1 5 5
-3535.0 -4150.4 6.6 39 0 9.4 9.4 5.0 2.5 2 1 2 1 1
-3545.3 -4097.3 8.6 207 0 10.0 10.3 2.5 2.5 2 1 1 4 4
-3509.4 -4110.2 8.0 25 0 9.8 9.4 7.5 2.5 2 0 3 4 4
-3561.8 -4077.5 7.8 24 0 9.5 9.0 5.0 2.5 2 0 2 1 1
-3591.5 -4090.3 7.9 36 0 14.2 6.5 5.0 0.0 0 0 2 2 2
-3577.7 -4076.4 7.6 22 0 15.4 6.8 2.5 2.5 2 0 1 1 1
-3600.0 -4058.7 6.9 27 0 10.4 14.3 5.0 2.5 2 1 2 0 0
-3573.2 -4056.5 7.1 1 0 16.9 6.2 2.5 2.5 2 0 1 0 0
-3554.7 -4042.0 6.9 360 0 14.4 11.3 7.5 2.5 2 0 3 4 4
-3558.4 -4000.2 5.7 357 0 9.7 10.0 7.5 2.5 2 1 3 3 3
-3590.5 -4006.9 5.8 297 0 10.0 6.4 7.5 2.5 2 0 3 5 5
-3586.9 -3985.7 5.2 299 0 8.7 9.0 7.5 2.5 2 1 3 5 5
-3618.3 -3961.2 4.3 311 0 12.5 10.1 7.5 2.5 2 0 3 0 0
-3569.2 -3967.4 4.7 95 0 15.1 9.7 7.5 2.5 2 0 3 4 4
-3549.1 -3940.5 4.5 255 0 9.1 5.7 7.5 2.5 2 0 3 3 3
-3546.2 -3967.9 5.0 82 0 9.2 9.0 7.5 2.5 2 0 3 1 1
-3524.8 -3964.4 4.8 79 0 13.7 12.7 2.5 2.5 2 0 1 3 3
-3510.9 -3918.6 3.7 334 0 6.4 6.7 7.5 2.5 2 1 3 2 2
-3497.3 -4069.0 6.5 14 0 9.7 10.9 5.0 2.5 2 1 2 4 4
-3443.8 -4071.2 2.9 82 0 9.1 9.0 7.5 2.5 2 0 3 4 4
-3418.0 -4076.9 2.6 184 0 10.1 11.5 2.5 2.5 2 0 1 4 4
-3406.6 -4078.4 2.6 185 0 11.5 8.0 5.0 2.5 2 0 2 0 0
-3396.4 -4084.0 2.6 94 0 5.2 10.6 5.0 2.5 2 0 2 5 5
-3403.2 -4123.4 1.7 272 0 8.2 11.0 7.5 2.5 2 0 3 2 2
-3398.7 -4112.6 2.1 2 0 22.1 8.2 5.0 2.5 4 0 2 3 3
-3364.0 -4096.6 2.9 98 0 9.1 17.6 5.0 2.5 2 0 2 1 1
-3361.7 -4079.1 2.9 99 0 9.1 12.2 5.0 2.5 2 0 2 5 5
-3320.6 -4063.9 3.2 358 0 11.3 9.3 7.5 2.5 2 0 3 3 3
-3327.9 -4047.7 3.2 6 0 10.7 5.5 2.5 2.5 2 0 1 2 2
-3346.8 -4046.3 3.0 6 0 15.4 9.1 7.5 2.5 2 0 3 3 3
-3345.6 -4034.5 3.1 6 0 8.5 9.0 5.0 2.5 2 0 2 2 2
-3344.3 -4020.6 3.1 6 0 10.1 9.0 5.0 2.5 2 0 2 0 0
-3330.9 -4014.9 3.2 90 0 15.7 7.2 5.0 2.5 2 0 2 2 2
-3332.2 -3971.0 2.8 263 0 8.9 16.3 7.5 0.0 0 1 3 2 2
-3351.0 -3983.9 2.9 260 0 17.9 5.3 7.5 2.5 2 0 3 2 2
-3375.3 -3988.7 3.2 178 0 7.7 11.8 2.5 2.5 2 0 1 2 2
-3430.0 -4045.1 2.8 7 0 17.4 5.6 2.5 2.5 2 0 1 3 3
-3427.3 -4019.6 3.8 355 0 10.0 10.9 7.5 0.0 0 1 3 4 4
-3441.5 -3993.2 4.9 349 0 10.3 13.2 5.0 2.5 2 1 2 0 0
-3415.2 -3997.3 4.2 172 0 9.0 9.0 7.5 2.5 2 1 3 1 1
-3401.8 -3984.3 3.8 158 0 13.5 7.3 7.5 2.5 2 0 3 5 5
-3419.0 -3977.0 3.9 161 0 8.1 20.2 5.0 2.5 2 1 2 3 3
-3421.3 -3966.4 4.2 162 0 5.1 8.0 5.0 2.5 2 1 2 5 5
-3400.4 -3949.1 3.7 247 0 6.6 11.9 7.5 2.5 2 1 3 3 3
-3407.3 -3902.3 3.5 52 0 5.6 17.0 5.0 2.5 2 1 2 3 3
-3390.4 -3902.2 3.5 143 0 9.2 15.3 5.0 2.5 2 1 2 2 2
-3369.9 -3843.2 3.4 326 0 11.1 11.2 5.0 2.5 2 1 2 1 1
-3357.7 -3828.5 3.8 148 0 14.4 6.5 5.0 2.5 2 0 2 5 5
-3352.2 -3921.9 3.4 249 0 7.8 9.1 7.5 2.5 2 0 3 3 3
-3359.4 -3924.7 3.4 249 0 7.7 9.0 2.5 2.5 2 0 1 5 5
-3360.8 -3954.4 3.2 257 0 11.5 4.9 5.0 2.5 2 0 2 3 3
-3335.9 -3947.4 2.8 257 0 26.6 7.9 7.5 2.5 2 0 3 1 1
-3337.7 -3916.3 3.3 249 0 13.0 9.1 2.5 0.0 0 0 1 4 4
-3333.3 -3873.2 3.9 150 0 5.4 9.1 5.0 0.0 0 0 2 4 4
-3325.7 -3868.3 3.9 147 0 9.8 6.1 5.0 2.5 2 0 2 0 0
-3310.5 -3850.0 4.1 144 0 14.6 6.0 2.5 2.5 2 0 1 1 1
-3310.6 -3895.8 3.5 75 0 14.7 6.2 7.5 2.5 2 0 3 1 1
-3295.1 -3891.3 3.5 74 0 13.7 9.1 2.5 2.5 2 0 1 2 2
-3292.0 -3875.4 3.7 69 0 4.6 11.2 5.0 2.5 2 1 2 3 3
-3276.0 -3885.7 3.5 74 0 19.2 11.7 5.0 2.5 2 0 2 4 4
-3251.1 -3857.2 4.8 64 0 4.7 12.1 7.5 2.5 2 1 3 2 2
-3251.8 -3875.3 4.4 72 0 8.5 11.1 2.5 2.5 2 1 1 0 0
-3293.8 -3904.2 3.0 256 0 7.2 15.9 5.0 2.5 2 1 2 4 4
-3261.7 -3893.7 3.5 253 0 13.2 9.8 7.5 2.5 2 0 3 3 3
-3249.9 -3890.0 4.0 253 0 9.1 10.4 5.0 2.5 2 1 2 0 0
-3255.1 -3918.8 2.9 260 0 16.2 6.0 7.5 2.5 2 0 3 0 0
-3239.7 -3907.4 3.5 264 0 9.0 14.0 7.5 2.5 4 1 3 3 3
-3228.9 -3887.6 4.2 271 0 8.9 16.6 2.5 2.5 2 1 1 5 5
-3236.3 -3874.0 4.7 80 0 10.1 9.1 5.0 2.5 2 0 2 2 2
-3229.6 -3834.8 5.2 323 0 6.4 14.1 2.5 2.5 2 1 1 3 3
-3216.4 -3857.2 5.0 189 0 4.4 8.1 5.0 2.5 2 1 2 1 1
-3217.5 -3878.2 4.9 110 0 11.3 8.1 7.5 2.5 2 0 3 4 4
-3102.1 -3903.8 5.5 77 0 15.3 32.7 7.5 0.0 0 1 3 3 3
-3071.4 -3843.0 6.0 290 0 24.8 22.3 7.5 2.5 2 0 3 5 5
-3183.0 -3788.1 6.1 212 0 9.9 14.1 5.0 2.5 2 1 2 4 4
-2934.1 -4128.5 5.5 309 0 6.1 8.3 5.0 2.5 2 1 2 1 1
-2959.7 -4108.6 5.2 220 0 7.7 15.3 2.5 0.0 0 1 1 1 1
-3084.3 -4602.0 4.0 267 0 6.3 9.8 7.5 2.5 2 1 3 1 1
-3309.0 -4607.3 2.3 87 0 6.2 9.2 2.5 2.5 4 1 1 3 3
-3288.6 -4591.5 1.9 89 0 6.2 8.7 5.0 2.5 4 1 2 2 2
-3311.7 -4568.0 2.2 85 0 22.8 9.3 5.0 2.5 2 0 2 4 4
-3356.5 -4571.7 2.7 89 0 12.3 15.0 5.0 0.0 0 1 2 3 3
-3372.6 -4539.1 2.9 271 0 9.4 32.3 7.5 2.5 2 1 3 0 0
-3466.3 -4663.3 2.5 181 0 7.4 7.5 7.5 2.5 2 1 3 2 2
-3471.5 -4693.5 3.5 91 0 7.5 7.4 7.5 2.5 2 0 3 4 4
-3109.8 -4748.1 3.7 159 0 15.8 11.5 2.5 2.5 2 0 1 2 2
-3101.8 -4716.6 3.6 174 0 4.6 9.7 2.5 2.5 2 1 1 3 3
-3100.7 -4706.8 3.5 177 0 6.8 7.1 5.0 2.5 4 1 2 4 4
-3121.5 -4692.1 3.4 159 0 15.8 11.5 5.0 0.0 0 0 2 5 5
-3132.9 -4644.5 3.3 154 0 12.7 9.9 5.0 2.5 2 0 2 3 3
-3137.7 -4617.6 3.1 265 0 14.0 8.2 7.5 2.5 2 0 3 1 1
-3174.7 -4714.7 3.6 161 0 16.4 11.5 7.5 0.0 0 0 3 0 0
-3202.4 -4615.9 2.5 259 0 16.3 12.3 5.0 2.5 2 0 2 0 0
-3231.2 -4614.8 1.8 260 0 11.6 8.7 2.5 2.5 2 0 1 1 1
-3171.9 -4564.9 2.1 181 0 11.6 8.7 5.0 2.5 2 0 2 2 2
-3218.7 -4590.1 2.4 85 0 14.4 9.7 5.0 2.5 2 0 2 2 2
-3239.9 -4595.3 1.7 85 0 28.9 13.0 10.0 2.5 2 0 4 5 5
-3271.0 -4580.8 1.6 84 0 9.9 16.3 5.0 2.5 2 1 2 5 5
-3209.6 -4514.8 1.2 355 0 13.0 36.9 7.5 2.5 2 1 3 3 3
-3225.9 -4490.5 0.7 355 0 13.5 6.0 2.5 2.5 2 0 1 0 0
-3153.5 -4498.2 2.0 4 0 4.2 9.3 2.5 2.5 4 1 1 5 5
-3179.8 -4488.8 1.7 181 0 6.2 13.1 7.5 2.5 2 1 3 5 5
-3180.1 -4469.1 1.7 178 0 5.2 11.2 2.5 0.0 0 1 1 2 2
-3176.8 -4432.0 1.5 189 0 6.1 8.5 2.5 0.0 0 1 1 3 3
-3147.4 -4462.8 2.1 13 0 15.9 10.4 7.5 2.5 2 0 3 1 1
-3144.4 -4450.2 2.0 13 0 10.1 10.4 2.5 2.5 2 0 1 3 3
-3159.4 -4424.8 1.7 200 0 9.0 18.1 5.0 2.5 2 1 2 5 5
-3148.8 -4390.3 1.5 199 0 5.4 17.1 5.0 2.5 2 1 2 5 5
-3129.1 -4399.7 1.7 112 0 9.1 13.6 2.5 2.5 2 1 1 1 1
-3189.2 -4422.9 1.0 11 0 7.4 7.5 7.5 0.0 0 1 3 0 0
-3198.9 -4415.1 0.8 9 0 6.5 8.1 7.5 2.5 2 1 3 0 0
-3169.1 -4352.4 1.4 23 0 6.9 13.3 5.0 2.5 2 1 2 2 2
-3161.0 -4336.4 1.6 30 0 10.3 11.6 5.0 2.5 2 1 2 3 3
-3183.3 -4327.5 1.5 215 0 3.7 11.2 5.0 2.5 2 1 2 0 0
-3180.0 -4309.5 1.6 216 0 7.5 6.2 2.5 2.5 2 0 1 4 4
-3152.3 -4306.5 1.7 46 0 7.1 12.0 2.5 2.5 2 1 1 5 5
-3149.9 -4320.1 1.7 37 0 11.1 10.1 7.5 0.0 0 0 3 2 2
-3162.6 -4378.1 1.4 200 0 10.0 5.7 5.0 2.5 2 0 2 4 4
-3154.9 -4365.5 1.5 205 0 12.1 9.6 7.5 2.5 4 0 3 3 3
-3138.5 -4331.7 1.8 210 0 11.0 10.1 7.5 2.5 2 0 3 4 4
-3098.7 -4370.4 1.9 25 0 14.4 8.6 5.0 2.5 2 0 2 3 3
-3113.7 -4343.9 1.8 207 0 16.2 7.7 5.0 0.0 0 0 2 2 2
-3112.6 -4308.8 1.6 212 0 8.1 23.8 5.0 2.5 2 1 2 5 5
-3085.2 -4329.7 1.6 28 0 17.4 7.8 5.0 2.5 2 0 2 5 5
-3069.9 -4314.4 1.4 33 0 17.4 7.5 5.0 2.5 2 0 2 3 3
-3094.3 -4300.8 1.4 213 0 17.3 8.9 7.5 2.5 4 0 3 5 5
-3116.8 -4283.1 1.5 197 0 14.0 9.6 7.5 2.5 2 0 3 0 0
-3150.3 -4265.4 1.6 217 0 7.6 6.2 7.5 0.0 0 0 3 2 2
-3074.3 -4260.4 1.3 232 0 8.0 15.0 5.0 2.5 2 1 2 4 4
-3100.7 -4245.3 1.4 207 0 10.1 9.3 2.5 2.5 2 0 1 5 5
-3120.4 -4221.7 1.6 8 0 14.6 10.3 2.5 2.5 2 0 1 4 4
-3144.8 -4221.0 1.6 184 0 7.6 6.2 7.5 2.5 2 0 3 0 0
-3128.0 -4204.0 1.6 3 0 9.1 15.1 2.5 0.0 0 1 1 2 2
-3115.7 -4188.0 1.6 6 0 14.5 9.0 5.0 0.0 0 0 2 1 1
-3146.0 -4192.4 1.6 181 0 11.7 8.9 5.0 2.5 2 0 2 4 4
-3145.7 -4176.5 1.7 186 0 10.1 6.1 7.5 2.5 2 0 3 0 0
-3159.7 -4163.8 1.5 172 0 9.1 5.0 2.5 2.5 2 0 1 1 1
-3133.0 -4164.0 1.7 3 0 10.0 6.0 5.0 2.5 2 0 2 2 2
-3113.6 -4162.8 1.8 4 0 10.9 9.1 5.0 2.5 2 0 2 3 3
-3113.2 -4146.7 2.1 6 0 21.4 7.1 7.5 2.5 2 0 3 5 5
-3066.1 -4204.0 1.8 115 0 8.0 23.9 5.0 2.5 2 1 2 1 1
-3098.1 -4172.5 1.9 183 0 15.2 10.6 7.5 2.5 2 0 3 2 2
-3096.4 -4146.1 2.7 180 0 11.7 8.7 5.0 2.5 2 0 2 1 1
-3075.4 -4149.2 3.0 198 0 12.6 5.5 5.0 2.5 2 0 2 0 0
-3060.1 -4153.5 3.3 200 0 8.0 6.6 5.0 2.5 2 0 2 2 2
-3057.2 -4141.6 3.5 208 0 7.6 6.1 7.5 2.5 4 0 3 2 2
-2990.7 -4113.1 4.6 307 0 10.1 29.3 7.5 2.5 2 1 3 3 3
-3110.3 -4088.2 4.0 173 0 21.1 10.2 2.5 2.5 2 0 1 5 5
-3039.1 -4061.5 4.1 36 0 9.2 23.3 2.5 2.5 4 1 1 2 2
-3117.5 -4056.8 4.6 177 0 12.0 9.1 7.5 2.5 4 0 3 0 0
-3113.5 -4040.1 4.4 188 0 8.5 24.1 5.0 0.0 0 1 2 2 2
-3134.6 -4056.4 4.7 359 0 13.3 4.6 5.0 2.5 2 0 2 2 2
-3131.7 -4036.2 4.7 355 0 10.2 9.1 2.5 2.5 2 0 1 4 4
-3157.6 -4024.9 4.4 171 0 17.0 8.0 5.0 2.5 2 0 2 5 5
-3122.4 -4026.9 4.5 174 0 9.1 6.1 7.5 2.5 2 0 3 0 0
-3107.0 -4016.7 4.3 193 0 6.0 11.0 5.0 2.5 2 1 2 4 4
-3119.0 -4001.3 4.4 179 0 7.6 12.5 2.5 0.0 0 1 1 1 1
-3127.1 -3980.9 4.8 178 0 4.9 12.6 7.5 2.5 2 1 3 5 5
-3099.3 -3990.4 4.8 178 0 4.9 12.6 7.5 2.5 4 1 3 1 1
-3085.2 -3982.4 5.1 175 0 10.9 8.3 5.0 2.5 2 0 2 0 0
-3091.1 -3963.5 5.6 173 0 16.6 7.6 5.0 2.5 2 0 2 4 4
-3129.3 -3962.2 5.1 174 0 10.5 9.7 2.5 2.5 2 0 1 1 1
-3113.5 -3923.4 5.4 259 0 9.7 11.6 5.0 2.5 2 1 2 4 4
-3144.1 -3948.6 4.4 352 0 13.1 9.0 5.0 2.5 2 0 2 2 2
-3145.6 -3937.9 4.4 352 0 8.4 6.0 7.5 0.0 0 0 3 2 2
-3150.6 -3930.7 4.4 351 0 8.0 13.9 7.5 2.5 2 0 3 5 5
-3166.7 -3941.3 4.2 348 0 8.0 9.0 5.0 2.5 2 1 2 2 2
-3191.3 -3959.5 3.5 128 0 6.4 13.3 5.0 2.5 2 1 2 2 2
-3189.7 -3933.6 4.0 290 0 13.7 5.7 5.0 2.5 2 0 2 5 5
-3180.9 -3877.5 4.9 114 0 6.9 18.8 5.0 2.5 2 1 2 5 5
-3195.8 -3885.3 4.8 113 0 18.2 8.2 7.5 0.0 0 0 3 5 5
-3201.9 -3872.5 4.9 114 0 5.3 14.5 2.5 2.5 2 0 1 2 2
-3197.0 -3854.6 5.0 202 0 8.1 14.2 5.0 0.0 0 0 2 0 0
-3116.1 -3883.1 4.9 22 0 7.1 18.0 7.5 2.5 2 1 3 4 4
-3135.8 -3907.1 4.7 98 0 11.1 9.1 7.5 2.5 2 0 3 4 4
-3154.2 -3903.7 4.7 108 0 12.1 9.0 2.5 2.5 2 0 1 2 2
-3172.2 -3896.7 4.7 108 0 7.1 16.0 7.5 2.5 4 1 3 1 1
-3158.4 -3873.4 4.9 113 0 9.0 8.2 7.5 2.5 2 0 3 0 0
-3113.9 -3822.1 5.3 299 0 6.9 15.9 7.5 2.5 2 1 3 1 1
-3136.4 -3823.2 5.3 267 0 10.5 15.0 7.5 2.5 2 1 3 4 4
-3122.1 -3790.9 5.5 296 0 5.1 17.6 5.0 2.5 2 1 2 2 2
-3114.3 -3788.0 5.5 208 0 17.4 30.1 10.0 0.0 0 1 4 2 2
-3092.8 -3915.1 5.9 273 0 12.9 7.5 7.5 2.5 2 0 3 3 3
-3077.0 -3916.0 6.2 273 0 18.7 7.5 2.5 2.5 2 0 1 3 3
-3045.0 -3920.2 7.1 297 0 7.8 15.1 2.5 2.5 2 1 1 2 2
-3021.4 -3936.2 7.0 305 0 10.4 9.0 7.5 2.5 2 0 3 1 1
-3030.6 -3905.9 7.7 113 0 10.1 9.6 7.5 2.5 2 0 3 0 0
-3048.4 -3899.0 7.1 104 0 12.4 8.1 5.0 0.0 0 0 2 1 1
-3044.0 -3861.1 7.1 284 0 12.4 8.1 7.5 2.5 2 0 3 1 1
-3030.8 -3865.1 7.5 292 0 6.3 8.9 7.5 2.5 2 1 3 4 4
-3011.1 -3857.5 8.0 296 0 12.4 5.4 5.0 2.5 2 0 2 1 1
-3017.8 -3872.4 7.9 284 0 12.4 8.1 5.0 2.5 2 0 2 1 1
-2970.3 -3895.1 8.6 297 0 7.8 15.1 7.5 2.5 2 1 3 4 4
-2987.3 -3927.2 7.9 113 0 15.0 13.8 7.5 0.0 0 0 3 4 4
-2930.5 -3957.0 6.4 29 0 8.5 10.9 7.5 2.5 2 1 3 5 5
-2351.9 -5366.4 17.7 91 0 16.1 9.3 5.0 2.5 2 0 2 4 4
-1960.0 -5550.8 12.2 349 0 7.3 22.9 7.5 2.5 2 1 3 4 4
-2000.0 -5536.9 12.7 254 0 7.6 23.8 7.5 2.5 2 1 3 5 5
-1996.2 -5600.1 13.1 170 0 8.1 24.3 7.5 0.0 0 1 3 4 4
-2019.8 -5587.7 13.3 162 0 14.2 7.2 2.5 2.5 2 0 1 5 5
-2032.8 -5559.7 13.0 159 0 13.2 10.8 5.0 2.5 2 0 2 0 0
-1977.5 -5795.8 12.9 266 0 12.6 8.0 5.0 2.5 2 0 2 3 3
-1971.2 -5819.1 12.8 359 0 16.1 6.2 5.0 0.0 0 0 2 3 3
-2007.1 -5831.0 13.1 180 0 12.1 9.1 2.5 0.0 0 0 1 0 0
-1676.8 -5709.6 12.4 8 0 7.3 23.2 7.5 2.5 2 1 3 0 0
-1669.2 -5717.4 12.0 281 0 7.9 15.5 5.0 0.0 0 1 2 1 1
-1695.6 -5747.3 12.1 99 0 12.8 9.3 5.0 2.5 4 0 2 0 0
-1742.5 -5879.8 12.7 97 0 13.1 9.4 5.0 2.5 2 0 2 3 3
-1726.9 -6148.6 11.4 96 0 12.1 8.0 5.0 0.0 0 0 2 2 2
-1747.0 -6134.3 12.0 95 0 7.2 18.8 5.0 2.5 2 1 2 2 2
-1730.8 -6109.1 11.6 274 0 12.9 5.8 5.0 2.5 2 0 2 5 5
-1707.5 -6124.7 11.1 5 0 10.7 12.9 2.5 2.5 2 1 1 2 2
-2552.8 -5768.0 12.0 359 0 13.9 5.0 7.5 2.5 2 0 3 1 1
-2546.0 -5794.6 12.0 359 0 23.4 10.9 7.5 2.5 2 0 3 3 3
-2567.6 -5829.1 11.2 73 0 24.9 9.0 5.0 2.5 2 0 2 4 4
-2597.5 -5805.4 10.7 248 0 9.8 14.2 5.0 2.5 2 1 2 4 4
-2647.4 -5885.3 9.3 168 0 4.1 8.4 5.0 2.5 2 1 2 2 2
-3845.9 -3746.4 -0.6 84 0 16.6 9.2 2.5 2.5 4 0 1 1 1
-3870.6 -3724.5 -1.2 171 0 14.0 9.3 5.0 2.5 2 0 2 5 5
-3820.2 -3704.2 -1.3 359 0 8.7 44.9 7.5 2.5 2 1 3 2 2
-4240.4 -3905.8 2.4 95 0 7.8 7.6 7.5 2.5 2 0 3 0 0
-4235.3 -3873.5 2.3 276 0 7.9 14.9 5.0 0.0 0 1 2 5 5
-4277.9 -3884.4 2.3 180 0 9.5 22.9 5.0 2.5 2 1 2 0 0
-4268.9 -3849.1 2.2 274 0 11.9 8.8 7.5 2.5 2 0 3 1 1
-4109.5 -3637.4 -2.8 273 0 13.4 13.1 2.5 2.5 2 0 1 1 1
-4150.9 -3633.2 -2.8 272 0 13.2 7.4 2.5 2.5 2 0 1 5 5
-4171.8 -3631.2 -2.8 275 0 23.5 12.2 10.0 2.5 2 0 4 1 1
-4209.1 -3608.8 -3.6 269 0 8.3 15.4 5.0 2.5 2 1 2 5 5
-4264.9 -3602.3 -3.1 265 0 7.4 12.5 5.0 2.5 2 1 2 1 1
-4255.2 -3631.7 -3.1 89 0 8.3 15.4 5.0 2.5 2 1 2 2 2
-4288.0 -3633.7 -2.4 176 0 7.4 13.0 2.5 2.5 2 1 1 1 1
-4264.2 -3659.4 -2.1 90 0 10.7 21.4 2.5 2.5 2 1 1 1 1
-4267.2 -3663.2 -1.1 359 0 5.7 9.7 5.0 2.5 2 1 2 1 1
-4287.7 -3671.6 -1.0 88 0 13.0 10.7 7.5 0.0 0 0 3 0 0
-4309.1 -3655.5 -1.8 86 0 10.5 16.4 5.0 2.5 4 1 2 3 3
-4258.9 -3365.4 -1.2 279 0 11.3 22.7 7.5 2.5 2 1 3 5 5
-4268.3 -3409.6 -1.8 89 0 6.0 21.0 7.5 2.5 2 1 3 0 0
-4293.8 -3407.1 -2.0 91 0 8.6 17.1 5.0 2.5 2 1 2 0 0
-4282.4 -3362.4 -0.8 279 0 25.1 8.9 2.5 2.5 2 0 1 0 0
-4322.7 -3364.4 -0.6 199 0 8.2 18.6 2.5 2.5 2 1 1 3 3
-4335.6 -3377.2 -1.5 192 0 17.4 7.6 2.5 0.0 0 0 1 3 3
-4615.6 -3471.6 0.2 273 0 15.6 9.2 5.0 2.5 2 0 2 0 0
-4602.6 -3506.8 -0.4 74 0 12.9 10.2 7.5 2.5 4 0 3 1 1
-4643.6 -3489.8 -0.1 179 0 18.3 9.3 5.0 2.5 2 0 2 0 0
-3783.3 -5182.5 4.1 30 0 6.2 7.5 5.0 2.5 2 1 2 0 0
-3801.4 -5274.3 5.6 287 0 14.9 7.7 7.5 2.5 2 0 3 5 5
-3840.0 -5249.7 4.6 289 0 9.3 14.8 5.0 2.5 2 1 2 4 4
-3835.8 -5276.5 6.0 286 0 5.3 18.4 7.5 2.5 2 1 3 4 4
-3854.9 -5319.4 5.3 108 0 35.9 11.2 10.0 2.5 2 0 4 0 0
-3797.4 -5346.0 7.0 113 0 6.4 9.0 7.5 2.5 2 1 3 3 3
-3561.3 -5462.8 11.2 112 0 6.5 8.4 5.0 2.5 2 1 2 0 0
-3516.8 -5466.5 14.5 291 0 6.1 6.6 7.5 0.0 0 1 3 2 2
-3516.6 -5485.9 12.8 111 0 8.3 8.4 2.5 2.5 2 1 1 0 0
-3483.5 -5453.7 15.8 291 0 9.4 9.4 5.0 2.5 2 0 2 0 0
-3467.3 -5529.5 11.2 203 0 4.8 10.1 5.0 2.5 2 1 2 2 2
-3445.6 -5530.9 13.8 109 0 14.2 10.3 5.0 2.5 2 0 2 5 5
-3397.6 -5541.0 16.6 292 0 7.4 9.5 7.5 2.5 2 1 3 0 0
-3381.6 -5548.4 17.2 284 0 7.8 10.1 7.5 2.5 2 1 3 0 0
-3359.3 -5562.6 16.4 287 0 10.1 14.6 2.5 2.5 2 1 1 0 0
-3307.3 -5610.9 14.0 60 0 10.1 12.4 5.0 2.5 2 1 2 4 4
-3076.8 -5619.1 10.2 116 0 11.5 8.9 7.5 2.5 4 0 3 1 1
-3065.6 -5651.8 3.3 297 0 10.1 10.4 5.0 2.5 2 1 2 4 4
-3115.1 -5682.9 -0.3 183 0 18.0 9.4 5.0 2.5 2 0 2 1 1
-3092.5 -5704.5 -0.3 93 0 7.4 8.3 5.0 0.0 0 1 2 1 1
-3042.9 -5747.9 0.3 130 0 7.1 11.2 5.0 0.0 0 1 2 5 5
-2819.7 -5919.5 1.3 269 0 4.1 10.1 7.5 2.5 2 1 3 2 2
-1804.2 -6877.4 7.2 170 0 14.5 7.7 7.5 2.5 2 0 3 0 0
-1775.2 -6855.8 6.8 249 0 6.2 20.7 7.5 2.5 2 1 3 0 0
-5193.1 -6055.3 5.9 62 0 5.0 10.3 7.5 2.5 2 1 3 1 1
-5204.6 -6035.9 4.8 155 0 9.4 4.8 5.0 2.5 2 0 2 5 5
-5211.4 -6020.5 4.0 156 0 7.9 4.6 5.0 2.5 2 0 2 2 2
-5166.7 -6015.3 4.9 346 0 8.4 7.1 7.5 2.5 2 0 3 4 4
-5181.1 -5999.3 4.5 352 0 8.3 8.8 7.5 2.5 2 0 3 2 2
-5189.8 -6000.5 4.2 352 0 8.3 8.1 5.0 2.5 2 0 2 2 2
-5187.1 -5972.2 3.8 3 0 7.2 8.0 7.5 2.5 2 1 3 1 1
-5177.1 -5951.4 2.9 354 0 6.2 16.0 5.0 2.5 2 1 2 4 4
-5210.1 -5952.6 2.6 259 0 15.4 6.8 5.0 2.5 2 0 2 5 5
-5231.7 -5948.6 1.5 270 0 16.7 10.7 10.0 2.5 2 0 4 4 4
-5248.3 -5982.1 1.6 174 0 17.7 10.2 2.5 2.5 2 0 1 1 1
-5725.8 -6187.1 23.4 305 0 6.0 15.2 7.5 2.5 2 1 3 4 4
-5717.2 -6260.4 23.6 136 0 7.9 17.1 5.0 0.0 0 1 2 4 4
-5707.2 -6233.7 24.2 49 0 6.8 20.6 2.5 2.5 2 1 1 0 0
-5529.8 -5627.1 0.6 172 0 8.3 27.2 5.0 2.5 4 1 2 0 0
-5538.5 -5633.0 -0.0 267 0 10.1 24.2 5.0 2.5 2 1 2 4 4
-6422.6 -7075.4 5.8 294 0 10.1 6.9 5.0 2.5 2 0 2 0 0
-6475.9 -7123.8 0.6 14 0 6.9 18.3 7.5 0.0 0 1 3 4 4
-6458.8 -7089.4 3.0 286 0 7.2 12.0 2.5 2.5 2 1 1 1 1
-6491.1 -7074.4 0.4 276 0 9.0 14.7 2.5 2.5 2 1 1 5 5
-6563.4 -7273.0 -1.8 7 0 5.8 9.4 5.0 2.5 4 1 2 1 1
-6584.4 -7255.4 -3.6 283 0 5.6 21.4 5.0 2.5 2 1 2 2 2
-6584.8 -7292.3 -1.6 191 0 9.1 14.2 7.5 2.5 2 1 3 1 1
-3044.3 -7956.3 19.6 357 0 16.1 10.8 10.0 2.5 2 0 4 4 4
-3077.3 -7953.9 19.9 177 0 8.0 17.0 5.0 0.0 0 1 2 0 0
-2587.7 -6773.8 9.6 272 0 9.3 7.4 5.0 2.5 2 0 2 5 5
-2608.2 -6789.2 9.5 91 0 8.0 13.0 7.5 2.5 2 1 3 0 0
-2548.8 -6587.9 5.6 1 0 19.3 7.9 5.0 2.5 2 0 2 1 1
-2588.3 -6587.4 6.0 179 0 10.7 10.5 10.0 0.0 0 0 4 4 4
-2580.2 -6559.5 4.6 181 0 8.7 17.0 2.5 2.5 2 1 1 5 5
-2545.3 -6503.3 2.2 359 0 10.7 10.5 2.5 2.5 2 0 1 3 3
-2563.3 -6457.0 5.3 269 0 10.5 10.7 5.0 2.5 2 1 2 2 2
-2914.1 -6439.7 11.9 203 0 10.8 12.0 5.0 0.0 0 1 2 5 5
-2924.6 -6247.4 10.3 278 0 8.0 8.6 7.5 2.5 2 1 3 4 4
-2931.1 -6282.0 11.5 92 0 8.2 20.8 2.5 2.5 2 1 1 1 1
-2931.8 -6303.7 13.9 89 0 11.0 16.3 7.5 2.5 2 1 3 3 3
-2971.8 -6303.3 13.7 88 0 8.1 13.0 5.0 2.5 2 1 2 5 5
-2989.6 -6248.5 10.6 257 0 6.7 12.6 7.5 2.5 2 1 3 0 0
-3011.1 -6245.5 10.4 260 0 8.0 12.0 2.5 2.5 2 1 1 1 1
-3053.3 -6275.4 11.8 77 0 9.0 10.0 7.5 2.5 2 1 3 2 2
-3069.7 -6247.4 10.5 251 0 10.7 7.1 2.5 2.5 2 0 1 3 3
-3103.6 -6239.3 8.8 94 0 6.7 9.7 5.0 2.5 2 1 2 3 3
-3107.4 -6212.8 7.6 183 0 6.7 6.6 2.5 2.5 2 0 1 1 1
-3106.7 -6198.7 6.8 183 0 6.8 6.6 5.0 2.5 2 0 2 4 4
-3106.1 -6184.7 6.0 183 0 6.8 6.6 2.5 2.5 2 0 1 1 1
-3428.2 -6492.9 17.8 8 0 7.6 14.5 7.5 2.5 2 1 3 3 3
-3409.1 -6473.3 18.8 16 0 10.9 16.3 5.0 2.5 2 1 2 0 0
-3423.5 -6442.3 19.1 287 0 10.8 8.8 2.5 2.5 2 0 1 2 2
-3455.7 -6458.4 18.4 194 0 12.9 12.3 5.0 2.5 2 0 2 0 0
-3234.8 -6188.8 3.6 272 0 10.9 12.3 7.5 2.5 2 1 3 3 3
-3340.7 -6194.4 2.8 269 0 8.1 14.0 7.5 2.5 2 1 3 0 0
-3352.3 -6179.9 0.9 264 0 11.2 7.8 2.5 2.5 2 0 1 4 4
-3383.9 -6195.8 1.5 263 0 11.9 11.2 5.0 2.5 2 0 2 1 1
-3714.9 -6100.9 2.3 179 0 14.0 10.9 2.5 2.5 2 0 1 3 3
-3735.8 -6071.4 1.0 8 0 7.3 17.2 7.5 2.5 2 1 3 2 2
-3759.6 -6038.3 -1.2 296 0 9.5 16.7 2.5 2.5 4 1 1 5 5
-3796.5 -6049.7 -1.3 242 0 19.4 7.4 5.0 0.0 0 0 2 2 2
-3808.3 -6040.7 -3.4 89 0 10.9 14.0 7.5 2.5 2 1 3 4 4
-3776.1 -6016.8 -4.6 21 0 11.3 19.1 5.0 2.5 2 1 2 5 5
-3809.8 -6009.2 -4.6 177 0 8.4 14.2 5.0 2.5 2 1 2 0 0
-3946.7 -6071.4 -4.7 244 0 4.1 12.0 7.5 2.5 2 1 3 0 0
-3934.9 -6100.4 -4.7 138 0 9.7 12.1 5.0 2.5 2 1 2 2 2
-3909.3 -6115.8 -2.1 223 0 9.4 10.1 7.5 0.0 0 0 3 3 3
-3917.0 -6124.1 -2.3 223 0 13.1 10.1 7.5 2.5 2 0 3 0 0
-3928.3 -6130.7 -4.5 49 0 11.0 20.0 5.0 2.5 2 1 2 3 3
-3944.5 -6152.7 -4.2 19 0 18.0 7.7 5.0 2.5 2 0 2 2 2
-3957.0 -6173.9 -4.7 28 0 10.6 7.0 2.5 2.5 2 0 1 3 3
-4004.8 -6247.6 -4.1 119 0 9.2 7.0 7.5 2.5 2 0 3 4 4
-5270.4 -7887.2 17.9 52 0 14.0 8.7 5.0 2.5 2 0 2 5 5
-5241.0 -7851.3 16.6 322 0 12.2 23.4 10.0 2.5 2 0 4 2 2
-5246.2 -7844.6 17.0 322 0 7.2 6.9 2.5 0.0 0 0 1 5 5
-5279.9 -7843.5 15.3 140 0 4.5 9.3 7.5 2.5 2 1 3 3 3
-5261.4 -7819.0 14.8 315 0 9.5 17.3 2.5 2.5 2 1 1 1 1
-3453.9 -6993.6 19.6 275 0 22.8 9.4 7.5 2.5 2 0 3 4 4
-3458.0 -7031.2 19.2 95 0 22.8 9.4 7.5 2.5 2 0 3 3 3
-3484.5 -7015.4 20.2 93 0 11.0 13.4 5.0 2.5 2 1 2 2 2
-4066.4 -7454.4 19.3 91 0 23.3 6.8 7.5 2.5 2 0 3 3 3
-4080.5 -7438.8 19.6 89 0 10.0 15.3 7.5 2.5 2 1 3 1 1
-4021.3 -7400.6 20.1 1 0 27.1 10.6 10.0 2.5 2 0 4 0 0
-4040.2 -7367.9 20.1 269 0 17.1 10.3 5.0 2.5 2 0 2 3 3
-4082.4 -7365.8 19.8 269 0 9.9 15.2 7.5 2.5 2 1 3 5 5
-4076.3 -7398.2 20.0 176 0 14.0 12.1 2.5 2.5 2 0 1 2 2
-2563.1 -6795.4 8.7 99 0 10.7 6.9 2.5 2.5 2 0 1 1 1
-2600.7 -6458.5 6.5 273 0 16.7 8.4 5.0 2.5 2 0 2 0 0
-2614.8 -6506.3 5.0 91 0 9.5 12.9 2.5 2.5 4 1 1 5 5
-2603.3 -6513.8 4.4 184 0 6.4 10.0 2.5 2.5 2 1 1 3 3
-2877.0 -6457.1 11.3 302 0 6.4 3.1 5.0 2.5 2 0 2 5 5
-2881.4 -6477.8 11.4 44 0 5.4 5.8 7.5 2.5 2 1 3 0 0
-2919.4 -6482.1 11.9 195 0 5.6 8.6 7.5 2.5 2 1 3 3 3
-3035.8 -6227.7 8.7 253 0 5.1 6.1 5.0 2.5 2 1 2 3 3
-3029.2 -6254.9 11.2 256 0 7.2 5.1 5.0 2.5 2 0 2 4 4
-3047.7 -6286.8 13.1 166 0 5.8 8.9 2.5 2.5 2 1 1 5 5
-3018.4 -6296.8 12.7 67 0 7.0 15.1 7.5 2.5 2 1 3 5 5
-2993.5 -6173.6 4.0 176 0 4.3 8.4 5.0 2.5 2 1 2 0 0
-2987.4 -6193.2 5.0 90 0 6.3 6.7 5.0 2.5 2 1 2 0 0
-2973.4 -6189.9 4.6 90 0 7.7 5.8 5.0 2.5 2 0 2 1 1
-2959.8 -6195.6 4.7 102 0 4.4 7.4 7.5 2.5 4 1 3 3 3
-2965.2 -6170.1 3.5 282 0 7.4 4.9 7.5 2.5 2 0 3 3 3
-2949.2 -6173.3 3.5 279 0 9.4 6.5 5.0 2.5 2 0 2 5 5
-2928.7 -6185.6 3.4 102 0 7.4 7.1 7.5 2.5 2 0 3 4 4
-2910.9 -6198.1 4.8 114 0 6.9 6.8 5.0 2.5 2 0 2 0 0
-2849.7 -6213.5 6.7 84 0 9.4 6.2 5.0 2.5 2 0 2 5 5
-2843.7 -6229.7 9.0 271 0 13.0 6.5 5.0 0.0 0 0 2 1 1
-2887.7 -6244.9 10.1 252 0 7.9 6.1 7.5 2.5 4 0 3 0 0
-2904.2 -6249.9 10.3 245 0 8.7 6.5 5.0 2.5 2 0 2 2 2
-3047.3 -6407.2 14.8 144 0 5.5 6.9 7.5 0.0 0 1 3 1 1
-3027.5 -6442.8 14.0 67 0 6.1 7.1 7.5 2.5 2 1 3 2 2
-3017.6 -6371.1 14.2 233 0 4.9 6.2 7.5 2.5 2 1 3 1 1
-3030.9 -6365.1 14.3 220 0 8.0 5.4 7.5 2.5 2 0 3 4 4
-3026.1 -6383.5 14.3 238 0 8.5 6.0 7.5 2.5 4 0 3 3 3
-2995.0 -6346.8 13.8 342 0 5.9 7.6 7.5 0.0 0 1 3 0 0
-3184.0 -6221.2 6.1 88 0 17.6 12.5 10.0 2.5 2 0 4 1 1
-3313.6 -6157.1 0.6 274 0 4.6 7.4 7.5 2.5 2 1 3 3 3
-3365.5 -6194.4 2.0 262 0 4.8 4.1 7.5 2.5 2 0 3 5 5
-3402.6 -6218.1 2.9 178 0 7.3 9.8 7.5 2.5 2 1 3 3 3
-3454.9 -6283.7 6.8 82 0 13.1 9.8 7.5 2.5 4 0 3 2 2
-3507.3 -6300.3 13.1 82 0 15.1 9.2 5.0 0.0 0 0 2 5 5
-1274.7 880.1 -9.7 272 0 7.4 8.5 7.5 2.5 2 1 3 4 4
-1294.9 886.4 -9.4 279 0 10.0 6.0 7.5 2.5 2 0 3 4 4
-34.4 457.1 -6.6 27 0 4.7 8.1 5.0 2.5 4 1 2 2 2
-54.1 476.1 -6.6 297 0 11.9 8.7 7.5 2.5 2 0 3 5 5
-86.5 440.6 -8.5 207 0 10.8 13.2 2.5 2.5 2 1 1 3 3
-210.8 334.4 -12.3 214 0 10.0 20.0 2.5 2.5 2 1 1 2 2
-186.5 319.0 -12.2 119 0 8.2 16.1 5.0 2.5 2 1 2 3 3
-170.0 355.4 -12.3 294 0 11.1 13.9 7.5 2.5 2 1 3 5 5
-207.4 363.3 -12.3 205 0 19.9 9.0 5.0 2.5 2 0 2 4 4
-1150.5 1541.3 -7.1 233 0 10.2 15.6 10.0 2.5 2 1 4 3 3
-1098.4 1523.7 -6.1 49 0 24.1 7.9 7.5 0.0 0 0 3 3 3
-1129.2 1525.2 -6.6 132 0 13.7 5.4 7.5 2.5 4 0 3 4 4
-1138.9 1571.4 -6.5 77 0 27.0 8.9 5.0 2.5 2 0 2 2 2
-1127.1 1590.4 -5.8 76 0 5.0 11.0 7.5 2.5 4 1 3 1 1
-1144.1 1598.1 -6.5 76 0 16.1 9.0 5.0 2.5 2 0 2 3 3
-1160.1 1595.9 -6.9 77 0 16.1 7.5 2.5 2.5 2 0 1 0 0
-1154.4 1607.2 -6.8 347 0 4.4 12.2 2.5 2.5 4 0 1 0 0
-1187.0 1595.6 -7.4 150 0 5.0 9.3 5.0 2.5 2 1 2 2 2
-1175.4 1571.8 -7.4 78 0 10.6 12.0 7.5 2.5 2 1 3 3 3
-1325.4 1372.1 -8.7 155 0 21.6 12.0 7.5 2.5 2 0 3 3 3
-1284.3 1354.2 -8.9 333 0 11.0 22.1 5.0 2.5 2 1 2 1 1
-1275.6 1370.9 -8.2 333 0 4.5 10.0 7.5 0.0 0 0 3 5 5
-1283.2 1388.3 -8.2 337 0 33.8 10.0 7.5 2.5 2 0 3 1 1
-1291.9 1408.2 -7.6 336 0 9.9 6.1 7.5 2.5 2 0 3 0 0
-1297.0 847.1 -9.6 95 0 21.4 8.1 7.5 2.5 2 0 3 0 0
-1312.0 887.6 -9.2 276 0 6.1 18.3 5.0 2.5 2 1 2 5 5
-1339.3 268.9 -5.1 16 0 7.2 23.3 5.0 2.5 2 1 2 0 0
-1385.6 282.6 -6.7 102 0 10.0 32.5 10.0 2.5 2 1 4 0 0
-1411.5 304.9 -6.5 195 0 31.4 9.5 7.5 2.5 2 0 3 3 3
-1348.7 326.2 -5.6 285 0 18.0 10.0 10.0 2.5 2 0 4 5 5
-1278.8 -75.5 -8.2 108 0 7.8 39.5 7.5 2.5 2 1 3 0 0
-1278.7 -89.3 -8.7 195 0 6.1 6.2 5.0 2.5 2 1 2 1 1
-1264.3 -96.3 -9.0 105 0 12.0 10.0 7.5 2.5 2 0 3 3 3
-1573.4 -148.1 -1.7 11 0 22.2 8.1 7.5 2.5 2 0 3 4 4
-1611.6 -129.2 -1.3 196 0 24.6 10.0 2.5 2.5 2 0 1 5 5
-1618.6 -158.4 -1.4 192 0 8.5 15.1 7.5 2.5 2 0 3 2 2
-1585.9 -164.9 -1.6 12 0 8.1 18.1 2.5 2.5 2 0 1 1 1
-1607.4 -182.2 -1.6 191 0 6.0 12.1 7.5 0.0 0 1 3 2 2
-1606.0 -262.4 -2.8 7 0 16.1 10.1 7.5 2.5 2 0 3 4 4
-1639.9 -272.7 -2.5 99 0 35.0 8.3 7.5 2.5 2 0 3 4 4
-1618.0 -238.4 -1.7 8 0 10.3 25.0 7.5 2.5 2 1 3 0 0
-1660.2 -261.4 -2.2 98 0 8.1 26.3 5.0 2.5 2 1 2 0 0
-1727.2 -194.6 -1.7 104 0 7.1 9.2 2.5 2.5 4 0 1 5 5
-1720.7 -182.5 -1.7 13 0 8.1 7.1 7.5 2.5 2 0 3 4 4
-1700.9 -174.5 -1.4 12 0 6.7 20.2 2.5 2.5 2 1 1 3 3
-1741.4 -166.8 -1.5 194 0 7.0 14.4 5.0 2.5 2 1 2 3 3
-1756.2 -180.1 -1.7 194 0 10.3 13.9 2.5 2.5 2 1 1 1 1
-1944.6 -90.3 -1.8 184 0 20.1 7.1 7.5 2.5 2 0 3 2 2
-1924.4 -86.0 -1.8 275 0 8.0 9.0 7.5 2.5 2 0 3 5 5
-1929.1 -119.8 -1.8 94 0 8.1 18.1 5.0 2.5 2 0 2 3 3
-1905.5 -125.9 -1.8 5 0 6.9 41.9 5.0 2.5 2 0 2 3 3
-2057.3 -270.4 -3.6 359 0 10.5 6.1 5.0 2.5 2 0 2 4 4
-2075.2 -248.6 -3.3 271 0 16.9 10.5 5.0 2.5 2 0 2 2 2
-2094.6 -274.0 -3.8 177 0 15.6 8.5 5.0 2.5 2 0 2 4 4
-2083.9 -292.8 -4.2 178 0 9.6 27.6 7.5 2.5 2 1 3 2 2
-2159.4 -603.2 -2.6 118 0 7.8 9.1 7.5 2.5 2 1 3 4 4
-1935.6 -1139.2 11.2 90 0 28.7 9.4 7.5 2.5 2 0 3 4 4
-1902.7 -1099.0 8.2 352 0 8.0 29.2 2.5 2.5 4 1 1 0 0
-1900.4 -1087.1 6.9 7 0 13.1 5.1 5.0 0.0 0 0 2 0 0
-1964.5 -1091.7 7.6 174 0 12.6 10.9 7.5 2.5 2 0 3 3 3
-1922.3 -1065.2 5.6 264 0 26.8 8.0 7.5 2.5 4 0 3 0 0
-1747.2 -880.7 1.1 242 0 9.0 26.9 7.5 2.5 2 1 3 3 3
-1723.2 -946.4 0.8 61 0 7.0 12.0 2.5 2.5 2 1 1 3 3
-1696.9 -923.3 1.2 62 0 8.6 6.5 7.5 2.5 2 0 3 2 2
-1706.7 -929.5 1.1 63 0 13.4 8.3 7.5 2.5 2 0 3 3 3
-1687.9 -1003.7 -0.6 145 0 15.5 11.7 7.5 2.5 2 0 3 3 3
-1332.5 -1107.5 -8.3 275 0 17.1 7.8 7.5 2.5 2 0 3 3 3
-1332.8 -1134.0 -8.0 7 0 8.6 11.3 5.0 2.5 2 1 2 0 0
-1356.1 -757.3 -7.9 79 0 8.0 10.3 5.0 2.5 2 1 2 0 0
-1342.5 -761.5 -7.9 172 0 8.0 19.4 7.5 2.5 2 1 3 1 1
-1323.6 -733.2 -8.2 258 0 8.0 5.7 7.5 2.5 2 0 3 4 4
-1352.5 -731.1 -8.1 256 0 11.4 10.0 5.0 2.5 2 0 2 5 5
-638.3 -631.8 -11.5 126 0 6.4 14.6 5.0 2.5 2 1 2 2 2
-1140.4 -1393.0 -11.3 293 0 10.5 13.4 5.0 2.5 2 1 2 5 5
-1126.4 -1437.2 -10.9 22 0 7.9 11.5 7.5 2.5 2 1 3 1 1
-1098.5 -1382.4 -11.3 292 0 11.2 5.1 7.5 2.5 2 0 3 3 3
-1080.3 -1396.1 -11.1 293 0 5.9 10.0 5.0 2.5 2 0 2 3 3
-1118.7 -1386.0 -11.3 203 0 8.2 32.0 7.5 2.5 2 0 3 1 1
-1111.5 -1429.5 -11.1 112 0 9.1 27.5 7.5 2.5 2 1 3 2 2
-1151.0 -1441.5 -11.1 116 0 8.5 26.3 7.5 2.5 2 1 3 5 5
-1131.8 -1402.0 -11.2 293 0 8.3 15.3 2.5 2.5 2 1 1 3 3
-1502.3 -3434.8 -3.3 193 0 16.9 6.2 7.5 2.5 2 0 3 3 3
-1487.9 -3284.2 -5.0 351 0 9.4 3.8 5.0 2.5 2 0 2 0 0
-1218.9 -3362.9 2.8 227 0 6.2 4.7 5.0 2.5 2 0 2 4 4
-1195.2 -3360.4 3.2 228 0 6.3 10.9 7.5 2.5 2 1 3 5 5
43.6 -2553.4 -15.1 88 0 5.4 23.2 7.5 2.5 2 1 3 3 3
73.8 -2784.1 -11.1 53 0 9.5 13.0 2.5 2.5 2 1 1 5 5
66.2 -2714.7 -11.6 238 0 9.0 28.6 7.5 2.5 2 1 3 4 4
247.6 -2697.5 -6.6 73 0 6.8 15.5 7.5 2.5 4 1 3 5 5
235.1 -2676.8 -7.3 337 0 5.1 8.3 5.0 2.5 2 1 2 4 4
209.4 -2691.7 -7.4 165 0 13.0 8.1 7.5 2.5 2 0 3 4 4
210.1 -2670.4 -8.3 161 0 7.1 19.2 7.5 2.5 2 1 3 3 3
239.2 -2641.6 -9.1 349 0 13.1 6.2 5.0 2.5 2 0 2 3 3
554.6 -2038.1 -2.8 271 0 12.2 5.5 5.0 2.5 2 0 2 4 4
635.3 -1999.2 -4.3 189 0 8.0 11.4 5.0 2.5 2 0 2 1 1
629.4 -2038.4 -4.3 102 0 14.9 10.1 10.0 2.5 2 0 4 4 4
655.0 -2038.7 -4.7 12 0 10.1 17.6 7.5 2.5 2 0 3 0 0
660.0 -2017.7 -4.6 8 0 24.1 10.3 5.0 2.5 2 0 2 3 3
612.6 -2010.8 -3.6 202 0 12.0 10.1 7.5 2.5 2 0 3 2 2
623.9 -1997.4 -3.8 189 0 7.9 11.6 7.5 2.5 2 0 3 3 3
655.4 -1967.9 -6.7 289 0 11.6 10.1 7.5 2.5 2 0 3 4 4
1240.1 -2626.8 -9.5 348 0 7.5 10.0 5.0 2.5 2 1 2 3 3
1212.4 -2635.6 -9.3 89 0 12.2 9.4 7.5 2.5 2 0 3 4 4
1209.6 -2616.6 -8.7 172 0 8.5 5.1 7.5 2.5 2 0 3 5 5
1217.8 -2601.2 -8.3 162 0 8.0 9.1 7.5 2.5 2 1 3 2 2
1421.7 -2560.0 -10.9 191 0 7.0 18.2 5.0 2.5 2 1 2 2 2
1453.6 -2545.0 -11.4 11 0 13.1 8.1 7.5 2.5 2 0 3 2 2
1203.3 -6944.7 -6.4 227 0 14.7 15.0 7.5 0.0 0 1 3 0 0
1319.5 -6947.6 -3.1 131 0 12.7 15.7 7.5 2.5 2 1 3 0 0
1309.9 -6900.2 -7.1 320 0 10.2 16.3 7.5 2.5 2 1 3 4 4
1296.3 -6936.5 -5.0 138 0 15.3 12.2 2.5 2.5 2 0 1 0 0
2770.8 8000.9 -24.3 295 0 6.3 5.1 7.5 2.5 4 0 3 1 1
2756.5 8063.0 -28.5 116 0 10.3 19.9 5.0 2.5 2 1 2 2 2
-733.4 5680.9 -8.6 53 0 13.7 11.0 2.5 2.5 2 0 1 2 2
-756.2 5688.7 -7.3 150 0 11.6 7.0 7.5 2.5 2 0 3 5 5
-749.1 5722.4 -7.1 233 0 20.6 8.7 5.0 2.5 4 0 2 4 4
-722.0 5707.1 -8.5 60 0 8.8 10.5 5.0 2.5 2 1 2 0 0
-1130.8 5090.0 -13.4 255 0 11.8 14.3 5.0 2.5 2 1 2 5 5
-1174.4 5085.5 -12.0 239 0 8.6 14.7 5.0 2.5 2 1 2 2 2
-1166.2 5051.2 -13.6 40 0 16.2 9.3 7.5 2.5 4 0 3 3 3
-1108.8 5112.1 -10.3 74 0 13.3 10.4 5.0 2.5 2 0 2 0 0
-1125.2 5149.4 -7.9 250 0 16.7 8.7 7.5 2.5 2 0 3 3 3
-1097.9 5122.5 -9.6 72 0 8.1 20.5 5.0 2.5 2 1 2 2 2
-1156.1 5117.3 -9.0 78 0 5.9 13.6 2.5 2.5 2 1 1 2 2
-1044.1 5148.6 -9.4 84 0 7.9 19.4 7.5 2.5 2 1 3 3 3
-1060.6 5126.7 -11.1 84 0 14.0 9.2 2.5 2.5 2 0 1 2 2
-1026.9 5129.6 -11.1 90 0 14.0 10.6 5.0 2.5 2 0 2 0 0
-1005.9 5142.4 -10.0 82 0 8.2 30.8 7.5 2.5 2 1 3 5 5
-1029.9 5184.2 -7.0 259 0 22.9 11.3 12.5 2.5 4 0 5 1 1
-978.4 5142.7 -10.7 71 0 12.9 8.8 5.0 2.5 2 0 2 1 1
-1006.6 5129.0 -11.4 74 0 14.9 6.1 5.0 2.5 2 0 2 1 1
-974.6 5157.6 -10.8 68 0 11.6 40.4 12.5 2.5 2 1 5 5 5
-890.3 5202.5 -16.2 130 0 11.6 18.2 7.5 2.5 2 1 3 2 2
-1252.0 5015.1 -9.8 61 0 12.7 11.0 7.5 2.5 2 0 3 4 4
-1184.3 5101.5 -9.9 90 0 15.4 6.2 7.5 2.5 2 0 3 0 0
-1290.9 5136.3 -8.0 250 0 11.7 22.4 10.0 2.5 2 1 4 5 5
-1254.0 5151.7 -6.4 343 0 10.9 27.5 10.0 2.5 2 1 4 0 0
-1254.4 5103.5 -9.1 69 0 15.4 10.2 2.5 2.5 2 0 1 2 2
-1251.6 5123.8 -7.7 72 0 9.6 15.3 2.5 2.5 2 1 1 0 0
-1309.7 5054.3 -8.6 241 0 13.4 11.4 5.0 2.5 2 0 2 2 2
6122.4 -7638.0 -11.5 220 0 5.1 10.1 5.0 2.5 2 1 2 1 1
6313.6 -7628.4 -10.7 108 0 22.9 10.5 5.0 2.5 4 0 2 0 0
6332.1 -7588.7 -14.2 291 0 15.2 11.0 5.0 2.5 2 0 2 4 4
6130.0 -7709.9 -14.7 57 0 11.5 21.9 10.0 2.5 2 1 4 2 2
6151.7 -7699.5 -13.5 57 0 20.9 10.7 10.0 2.5 2 0 4 0 0
6110.9 -7652.3 -13.0 237 0 22.0 8.4 7.5 2.5 2 0 3 3 3
6105.9 -7724.9 -15.4 58 0 6.8 28.7 5.0 2.5 2 1 2 5 5
6094.4 -7671.2 -14.8 243 0 7.1 21.3 7.5 2.5 2 1 3 3 3
6114.9 -7680.9 -14.1 145 0 6.6 17.7 7.5 2.5 2 1 3 4 4
