2711.0 6785.2 -11.2 107 0 11.1 12.2 2.5 2.5 2 1 1 5 5
1876.0 6867.7 -10.9 126 0 15.3 9.2 7.5 2.5 2 0 3 2 2
2710.9 6843.5 -11.8 270 0 9.1 25.7 2.5 2.5 2 1 1 0 0
1902.4 6874.2 -11.1 44 0 15.8 10.4 7.5 2.5 2 0 3 5 5
3309.0 8057.8 -9.9 98 0 8.9 12.0 7.5 2.5 2 1 3 5 5
3292.8 8155.8 -9.9 178 0 6.6 12.1 5.0 2.5 2 1 2 2 2
1879.2 6916.1 -11.4 217 0 13.1 32.3 7.5 2.5 2 1 3 5 5
1861.0 6877.7 -11.0 126 0 8.2 16.6 5.0 2.5 2 1 2 1 1
3282.1 8084.9 -9.8 189 0 12.1 23.0 10.0 2.5 2 1 4 5 5
3311.3 8148.9 -9.9 276 0 9.6 12.0 7.5 2.5 2 1 3 4 4
562.6 146.7 -7.9 193 0 6.5 16.8 7.5 2.5 2 0 3 3 3
2002.0 5294.9 -7.8 281 0 8.3 10.8 5.0 2.5 2 1 2 5 5
1645.1 -56.5 -10.8 90 0 10.9 11.8 7.5 2.5 4 1 3 3 3
593.3 80.9 -7.5 85 0 21.4 10.5 2.5 2.5 2 0 1 1 1
1732.0 -75.1 -11.0 266 0 14.2 8.6 7.5 2.5 4 0 3 3 3
920.8 298.4 -7.6 265 0 13.7 10.7 7.5 2.5 2 0 3 2 2
1715.6 6589.5 -7.1 205 0 9.1 18.5 7.5 2.5 2 1 3 3 3
1745.8 -115.1 -10.6 349 0 13.7 31.0 12.5 0.0 0 1 5 4 4
1006.3 173.7 -8.1 342 0 5.3 13.0 5.0 2.5 2 1 2 2 2
329.2 72.9 -6.5 254 0 8.5 14.8 2.5 2.5 2 1 1 2 2
1223.6 -65.5 -8.9 89 0 19.2 11.0 5.0 2.5 2 0 2 3 3
611.7 179.6 -7.5 255 0 12.2 11.5 10.0 2.5 2 0 4 4 4
1002.5 186.2 -8.0 340 0 10.6 8.9 7.5 2.5 2 0 3 5 5
933.3 282.6 -7.7 256 0 10.0 29.1 10.0 2.5 2 1 4 1 1
978.2 124.4 -7.5 76 0 10.8 13.5 5.0 0.0 0 1 2 2 2
848.0 285.9 -6.8 260 0 15.1 9.6 5.0 2.5 2 0 2 5 5
809.0 278.8 -6.3 255 0 13.0 9.8 7.5 2.5 2 0 3 0 0
1557.1 -52.8 -10.5 91 0 6.6 11.0 5.0 2.5 2 1 2 2 2
724.2 231.9 -6.2 250 0 5.2 11.8 2.5 2.5 2 1 1 3 3
1486.7 -108.6 -10.3 178 0 5.1 9.1 5.0 2.5 2 1 2 2 2
652.9 223.8 -7.0 252 0 13.5 11.6 7.5 2.5 2 0 3 0 0
954.1 157.4 -7.4 164 0 10.9 17.4 5.0 2.5 2 1 2 5 5
741.6 263.1 -5.9 249 0 9.9 12.5 7.5 2.5 2 1 3 0 0
1689.6 -30.3 -10.9 359 0 7.3 16.9 7.5 2.5 2 1 3 0 0
1724.6 6608.7 -7.3 204 0 11.5 14.4 5.0 2.5 2 1 2 5 5
1890.3 -53.0 -11.2 87 0 15.4 11.1 7.5 2.5 4 0 3 1 1
1662.0 -50.0 -10.8 91 0 7.5 19.8 7.5 2.5 2 1 3 0 0
1208.0 -100.8 -9.1 270 0 9.7 22.5 5.0 2.5 2 1 2 1 1
566.7 160.5 -8.0 247 0 15.0 6.8 5.0 2.5 2 0 2 4 4
978.5 176.7 -7.6 341 0 18.3 6.5 5.0 2.5 2 0 2 0 0
1714.4 -85.4 -10.9 263 0 11.5 17.1 5.0 2.5 2 1 2 0 0
1968.1 -70.6 -11.6 270 0 7.5 22.8 5.0 0.0 0 1 2 5 5
2221.8 5318.5 -7.5 271 0 23.7 13.8 10.0 2.5 2 0 4 2 2
1235.9 -126.1 -9.2 89 0 7.3 20.7 2.5 2.5 2 1 1 4 4
597.8 126.6 -7.6 264 0 15.2 9.5 7.5 2.5 2 0 3 3 3
690.0 239.5 -6.6 243 0 14.3 11.3 5.0 2.5 2 0 2 0 0
1509.8 -91.9 -10.3 268 0 9.5 13.1 5.0 2.5 2 1 2 3 3
1226.5 -86.4 -9.1 269 0 15.0 10.4 7.5 2.5 2 0 3 5 5
2003.0 -75.5 -11.7 266 0 8.1 13.3 7.5 0.0 0 1 3 4 4
996.9 206.5 -8.0 343 0 13.1 13.7 5.0 2.5 2 1 2 5 5
428.6 112.4 -8.2 59 0 15.1 12.8 2.5 2.5 2 0 1 1 1
1702.6 -152.9 -10.8 69 0 14.7 54.9 10.0 2.5 4 1 4 3 3
2167.7 -510.2 -12.7 217 0 14.3 23.9 7.5 2.5 2 1 3 3 3
983.4 236.0 -7.8 337 0 9.4 13.0 5.0 2.5 4 1 2 4 4
624.1 89.2 -7.2 81 0 9.8 26.6 7.5 0.0 0 1 3 5 5
1985.2 -66.2 -11.7 267 0 17.0 8.8 7.5 2.5 2 0 3 5 5
1985.6 -107.1 -11.6 91 0 25.9 12.2 10.0 2.5 2 0 4 4 4
716.5 254.5 -6.3 246 0 19.6 10.7 7.5 2.5 2 0 3 5 5
1018.2 145.1 -8.2 344 0 13.8 11.1 7.5 2.5 2 0 3 0 0
1229.9 -141.3 -9.3 1 0 9.3 22.4 7.5 2.5 2 1 3 3 3
2016.5 -95.7 -11.6 330 0 9.5 6.7 7.5 2.5 2 0 3 0 0
785.5 221.6 -6.3 167 0 10.6 10.1 5.0 2.5 2 0 2 4 4
1750.8 -70.6 -11.0 260 0 11.3 28.0 10.0 2.5 2 1 4 1 1
627.0 207.7 -7.3 231 0 18.1 10.8 5.0 2.5 2 0 2 5 5
1982.7 5292.3 -7.9 279 0 8.3 19.2 2.5 2.5 4 1 1 0 0
1872.7 -40.6 -11.0 88 0 7.6 22.3 2.5 2.5 2 1 1 5 5
745.8 170.7 -6.7 169 0 7.1 8.3 7.5 2.5 2 1 3 3 3
2220.5 5275.7 -7.7 101 0 12.1 12.4 5.0 0.0 0 1 2 5 5
1611.5 -85.4 -10.6 266 0 9.9 16.0 7.5 0.0 0 1 3 4 4
541.6 146.8 -8.2 250 0 11.8 11.0 5.0 2.5 2 0 2 5 5
549.1 124.2 -8.0 167 0 10.0 30.2 7.5 2.5 2 0 3 2 2
1582.9 -93.0 -10.5 267 0 8.3 15.4 5.0 0.0 0 1 2 1 1
577.8 104.8 -7.7 166 0 14.9 7.5 5.0 2.5 2 0 2 5 5
1652.9 -127.3 -10.7 86 0 25.3 14.6 10.0 2.5 2 0 4 5 5
1494.0 -78.7 -10.3 270 0 13.5 6.5 7.5 2.5 4 0 3 4 4
759.3 266.6 -5.8 346 0 6.3 10.5 7.5 2.5 4 1 3 5 5
2206.2 -504.4 -12.6 18 0 11.3 10.5 10.0 2.5 2 0 4 4 4
1024.1 129.2 -8.3 354 0 5.4 15.8 7.5 2.5 2 1 3 0 0
770.9 187.4 -6.7 347 0 12.3 13.1 7.5 2.5 2 1 3 4 4
1571.5 -57.6 -10.6 87 0 11.4 8.1 5.0 2.5 2 0 2 3 3
887.3 298.1 -7.3 262 0 17.5 9.1 7.5 2.5 2 0 3 1 1
1616.0 -57.9 -10.7 88 0 14.1 11.8 2.5 0.0 0 0 1 5 5
-4915.2 -5389.2 -1.7 110 0 17.9 64.6 12.5 2.5 2 1 5 4 4
-2272.4 -2309.8 7.9 188 0 17.3 16.5 7.5 2.5 4 0 3 1 1
-2256.9 -2396.3 6.7 43 0 13.1 15.2 10.0 2.5 2 1 4 1 1
-5178.8 -4818.3 -0.7 294 0 36.9 10.5 7.5 2.5 2 0 3 0 0
-2235.5 -2385.0 5.0 146 0 39.7 24.8 5.0 0.0 0 0 2 2 2
4744.1 7466.8 -13.7 69 0 19.8 59.9 12.5 2.5 2 0 5 1 1
-6526.7 -6821.7 -4.7 77 0 10.2 10.8 5.0 2.5 4 1 2 4 4
-6493.1 -6805.9 -4.9 345 0 14.0 7.3 3.5 2.5 2 0 1 2 2
-4300.4 -5943.1 -1.0 339 0 44.7 10.4 10.0 2.5 2 0 4 0 0
-5724.3 -6188.8 -6.8 243 0 15.8 30.8 14.0 0.0 0 1 4 3 3
-5574.4 -6153.3 -5.1 356 0 28.6 12.0 17.5 3.5 2 0 5 3 3
-5716.5 -6239.2 -6.9 194 0 11.1 21.3 14.0 3.5 4 1 4 3 3
4676.2 7526.9 -11.1 160 0 16.5 32.7 10.0 2.5 2 1 4 1 1
4763.8 7508.4 -11.2 69 0 11.8 41.5 10.0 2.5 2 0 4 2 2
4665.1 7563.7 -7.8 188 0 18.1 9.3 5.0 2.5 2 0 2 0 0
4660.3 7532.8 -11.8 189 0 35.3 9.7 7.5 2.5 2 0 3 2 2
4715.7 7559.2 -7.9 255 0 7.7 11.7 5.0 2.5 2 1 2 5 5
-5445.9 -5296.7 2.1 21 0 44.6 38.2 14.0 0.0 0 0 4 1 1
-5660.2 -7202.5 -8.3 190 0 29.7 16.4 10.0 2.5 2 0 4 4 4
-5765.4 -5633.9 -4.2 311 0 14.1 16.4 17.5 0.0 0 0 5 0 0
-5651.7 -5333.6 -0.9 22 0 14.6 31.6 10.5 3.5 2 1 3 2 2
6588.8 8080.8 -14.2 115 0 14.4 8.3 5.0 2.5 2 0 2 2 2
-6897.9 -4032.8 5.4 331 0 11.5 9.2 7.5 2.5 2 0 3 3 3
-6945.8 -3998.4 5.8 215 0 14.1 10.7 7.5 2.5 2 0 3 2 2
-4950.8 -5785.7 -1.3 200 0 12.3 9.1 2.5 2.5 2 0 1 2 2
-6649.0 -6148.7 -8.8 91 0 11.9 42.3 10.0 2.5 2 1 4 1 1
-5498.3 -5238.8 1.7 290 0 42.4 26.3 14.0 0.0 0 0 4 0 0
-4990.3 -7378.9 0.1 146 0 21.8 32.5 10.0 0.0 0 1 4 5 5
-5321.9 -5470.4 1.4 111 0 12.4 133.7 14.0 0.0 0 1 4 5 5
-6228.3 -5303.2 -5.6 14 0 68.2 13.3 12.5 2.5 2 0 5 4 4
-5260.2 -3899.4 3.4 103 0 13.1 10.3 5.0 0.0 0 0 2 3 3
-5177.2 -4527.0 -3.5 24 0 14.1 65.1 12.5 2.5 2 1 5 1 1
-5025.9 -4577.4 -3.5 22 0 12.3 64.5 10.0 2.5 2 1 4 2 2
-6196.3 -5423.0 -3.1 286 0 7.2 8.9 10.5 3.5 2 1 3 5 5
-4974.1 -4075.7 -1.5 292 0 11.2 36.4 10.0 2.5 2 1 4 4 4
-5344.2 -5492.0 1.6 202 0 12.3 66.7 10.5 3.5 2 1 3 0 0
-5148.1 -3554.5 2.9 90 0 7.0 9.6 7.5 2.5 2 1 3 3 3
-5357.0 -5524.9 1.8 201 0 12.3 66.5 14.0 0.0 0 1 4 4 4
-5226.5 -4044.7 -1.1 288 0 13.1 25.6 7.5 0.0 0 0 3 3 3
-5149.8 -4022.1 -3.2 105 0 9.4 4.5 5.0 0.0 0 0 2 0 0
-5193.4 -4566.7 -3.2 21 0 54.5 15.7 10.0 2.5 2 0 4 2 2
-5071.5 -4418.9 -2.3 23 0 11.8 31.1 10.0 2.5 2 1 4 0 0
-5049.5 -4296.5 -0.7 291 0 13.1 5.9 7.5 2.5 2 0 3 4 4
-6107.0 -5473.7 -2.3 108 0 10.4 9.2 10.5 3.5 2 0 3 3 3
-6190.2 -5478.8 -3.9 288 0 34.0 8.5 10.5 0.0 0 0 3 2 2
-5269.3 -3821.8 4.3 107 0 11.9 8.5 2.5 2.5 2 0 1 2 2
-4984.3 -3230.8 -4.9 7 0 3.7 17.4 7.5 2.5 2 1 3 2 2
-5089.8 -4505.7 -3.5 23 0 10.6 13.8 7.5 2.5 2 1 3 0 0
-5095.4 -4105.6 -3.2 202 0 17.5 68.0 12.5 2.5 2 1 5 0 0
-5484.2 -6105.1 -4.2 260 0 20.1 15.7 17.5 3.5 4 0 5 2 2
-4917.0 -4182.3 0.4 291 0 27.0 60.9 10.0 0.0 0 1 4 5 5
-6249.2 -5422.9 -4.2 16 0 8.8 22.5 7.5 2.5 2 1 3 1 1
-5522.3 -4344.5 -6.1 205 0 10.9 23.0 10.0 2.5 2 1 4 3 3
-4895.2 -3307.8 1.1 278 0 10.9 10.7 7.5 2.5 2 0 3 2 2
-5246.5 -3838.5 4.1 106 0 12.3 9.4 5.0 2.5 2 0 2 0 0
-5170.6 -5449.3 0.6 23 0 65.8 6.2 10.5 3.5 2 0 3 0 0
-5181.9 -3533.6 2.9 207 0 14.9 8.6 7.5 2.5 2 0 3 3 3
-5080.3 -4508.0 -3.5 112 0 12.0 68.5 10.0 2.5 2 1 4 3 3
-6018.8 -5527.0 -3.7 287 0 13.6 7.4 10.5 3.5 2 0 3 1 1
-5173.1 -4495.1 -3.4 111 0 12.8 9.3 7.5 2.5 2 0 3 0 0
-5084.8 -4245.1 -2.5 112 0 85.3 36.9 12.5 0.0 0 0 5 4 4
-6145.2 -5463.1 -2.8 108 0 13.5 9.2 10.5 3.5 2 0 3 4 4
-4892.6 -3328.8 0.9 9 0 10.4 10.8 5.0 2.5 2 1 2 1 1
-5146.7 -4121.8 -3.8 22 0 10.7 11.5 5.0 2.5 2 1 2 3 3
-6246.9 -5541.5 -7.6 106 0 12.0 11.0 14.0 3.5 2 0 4 0 0
-5138.3 -5691.7 0.4 294 0 48.7 30.9 14.0 0.0 0 0 4 3 3
-5018.5 -4418.7 -1.6 297 0 15.6 11.9 5.0 2.5 2 0 2 0 0
-5054.8 -4309.0 -1.9 294 0 20.3 67.0 12.5 2.5 2 1 5 1 1
-6124.3 -5468.6 -2.6 108 0 11.1 8.9 10.5 0.0 0 0 3 5 5
-6178.5 -5453.9 -2.9 108 0 11.1 8.4 10.5 3.5 2 0 3 2 2
-5043.2 -3270.8 -6.1 197 0 6.5 23.2 5.0 2.5 2 1 2 1 1
-5083.4 -4470.5 -2.2 113 0 4.3 21.7 5.0 2.5 2 1 2 3 3
-5469.1 -6050.2 -1.5 264 0 7.0 9.5 10.5 3.5 2 1 3 3 3
-6349.4 -5374.8 -6.6 185 0 34.9 11.3 10.0 2.5 2 0 4 2 2
-5538.9 -6063.5 -2.3 356 0 10.5 13.5 17.5 3.5 2 0 5 2 2
-5161.4 -3507.0 2.1 209 0 12.9 9.5 5.0 2.5 4 0 2 2 2
-5115.0 -4154.0 -2.9 203 0 9.9 13.3 5.0 2.5 2 0 2 3 3
-5157.8 -5465.1 0.4 23 0 91.1 5.6 10.5 3.5 2 0 3 1 1
-5452.1 -6081.3 -2.1 76 0 8.2 14.4 10.5 3.5 2 1 3 4 4
-5181.5 -4017.6 -2.2 109 0 11.2 9.4 5.0 2.5 2 0 2 2 2
-6015.8 -5637.5 -9.1 286 0 13.3 7.0 10.5 3.5 4 0 3 0 0
-5453.4 -4326.3 -5.7 22 0 30.6 12.9 7.5 2.5 2 0 3 3 3
-6195.5 -5449.0 -3.0 106 0 12.3 9.4 10.5 3.5 2 0 3 5 5
-5153.5 -4506.8 -3.5 112 0 11.4 91.5 15.0 0.0 0 1 6 3 3
-5277.5 -5570.7 1.3 201 0 108.5 12.4 14.0 3.5 2 0 4 1 1
-6050.0 -5523.5 -3.5 194 0 8.2 13.0 10.5 3.5 2 1 3 1 1
-5104.2 -4276.0 -2.3 292 0 63.0 35.7 10.0 0.0 0 0 4 2 2
-5071.6 -3327.1 -6.6 285 0 5.8 15.8 7.5 2.5 2 1 3 5 5
-5135.9 -4495.0 -3.5 202 0 8.1 12.3 2.5 2.5 2 1 1 3 3
-6155.6 -5510.3 -4.9 34 0 16.3 12.2 14.0 3.5 2 0 4 0 0
-5510.4 -6153.8 -5.9 84 0 13.5 4.4 10.5 0.0 0 0 3 2 2
-4929.6 -3334.1 -0.4 185 0 6.5 9.1 5.0 2.5 2 1 2 5 5
-6224.1 -5352.4 -4.0 14 0 9.4 33.1 7.5 2.5 2 0 3 1 1
-6200.0 -5520.3 -6.0 16 0 7.7 16.4 10.5 3.5 2 1 3 0 0
-5150.4 -4732.5 -2.7 113 0 72.4 10.0 10.0 2.5 2 0 4 1 1
-5319.4 -5610.9 2.0 21 0 12.3 66.2 14.0 0.0 0 1 4 2 2
-5198.4 -4048.0 -2.0 284 0 4.6 14.3 2.5 2.5 2 1 1 0 0
-5157.2 -4337.8 -2.8 202 0 14.6 61.1 7.5 2.5 2 1 3 1 1
-5223.6 -4035.7 -1.1 288 0 13.1 9.5 5.0 2.5 2 0 2 3 3
-5213.7 -5499.9 0.9 292 0 69.3 11.8 14.0 3.5 2 0 4 3 3
-5628.5 -6140.8 -3.9 358 0 18.1 12.7 17.5 3.5 2 0 5 5 5
-5381.1 -5617.0 2.3 291 0 12.2 67.1 14.0 3.5 2 0 4 2 2
-5081.9 -3445.0 -2.3 209 0 12.2 7.9 7.5 2.5 2 0 3 0 0
-5112.7 -4126.5 -3.1 202 0 10.9 5.8 5.0 2.5 2 0 2 1 1
-5268.4 -5701.0 1.6 22 0 13.2 68.7 14.0 3.5 2 1 4 5 5
-4863.7 -4220.2 1.3 111 0 68.2 16.7 10.0 2.5 2 0 4 1 1
-4976.8 -3274.1 -3.2 18 0 11.6 9.5 5.0 2.5 4 0 2 3 3
-5152.4 -3942.7 -1.5 196 0 10.2 7.3 5.0 2.5 2 0 2 5 5
-6333.8 -5410.2 -5.9 107 0 25.6 10.9 7.5 2.5 2 0 3 2 2
-6049.0 -5670.1 -10.8 93 0 8.4 35.3 10.5 3.5 2 1 3 0 0
-5268.5 -3928.4 3.0 284 0 13.9 9.5 7.5 0.0 0 0 3 3 3
-6181.2 -5426.4 -3.0 288 0 9.1 9.5 10.5 3.5 4 1 3 3 3
-5129.2 -4373.4 -2.5 203 0 12.1 12.8 7.5 0.0 0 1 3 4 4
-5255.4 -5666.7 1.5 21 0 11.9 59.0 14.0 3.5 2 1 4 3 3
-6090.4 -5552.6 -7.7 196 0 65.7 15.4 14.0 3.5 4 0 4 5 5
-5027.5 -3300.2 -5.4 108 0 4.1 12.8 7.5 2.5 2 1 3 5 5
-5123.8 -4486.0 -3.4 112 0 17.5 62.9 10.0 2.5 2 1 4 1 1
-6207.9 -5287.0 -5.3 107 0 4.1 14.8 7.5 2.5 2 1 3 2 2
-5328.4 -3698.4 1.7 237 0 3.9 16.2 7.5 2.5 4 1 3 3 3
-5307.4 -5580.3 1.9 21 0 12.3 66.4 14.0 3.5 2 1 4 4 4
-5208.0 -4038.6 -1.6 287 0 5.9 33.5 7.5 2.5 2 1 3 5 5
-5261.4 -5436.0 1.2 201 0 107.9 11.3 10.5 3.5 2 0 3 5 5
-5580.3 -6201.1 -7.5 268 0 13.0 6.2 10.5 3.5 2 0 3 3 3
-5103.1 -3473.1 0.6 208 0 9.1 12.1 5.0 0.0 0 1 2 1 1
-5056.4 -4402.8 -2.1 20 0 15.1 33.0 10.0 2.5 2 1 4 0 0
-6113.0 -5455.8 -2.0 106 0 4.9 10.1 10.5 3.5 2 1 3 0 0
-6236.0 -5468.7 -4.2 286 0 10.5 9.1 10.5 3.5 2 0 3 0 0
-4977.7 -3163.9 -5.7 195 0 7.0 11.8 7.5 0.0 0 1 3 1 1
-5110.3 -4504.8 -3.5 111 0 3.8 18.8 2.5 2.5 2 1 1 1 1
-5476.8 -6163.4 -7.1 72 0 17.7 9.7 10.5 3.5 2 0 3 2 2
-5049.0 -4073.0 -2.8 202 0 7.5 11.7 7.5 2.5 4 1 3 4 4
-5030.7 -4345.6 -1.4 22 0 35.6 12.7 7.5 2.5 4 0 3 0 0
-6238.3 -5427.6 -3.6 196 0 8.8 11.2 10.5 3.5 2 1 3 5 5
-6209.1 -5340.8 -3.7 197 0 18.5 12.7 2.5 2.5 2 0 1 1 1
-5010.1 -4061.1 -2.7 291 0 47.6 10.9 12.5 2.5 2 0 5 0 0
-5350.0 -5707.7 1.6 202 0 11.2 75.1 14.0 3.5 2 1 4 5 5
-4990.5 -3305.3 -3.6 108 0 5.8 12.6 5.0 2.5 4 1 2 2 2
-6350.5 -5440.4 -6.5 17 0 9.9 9.8 5.0 2.5 2 0 2 3 3
-5538.4 -6070.8 -2.1 356 0 4.2 13.5 10.5 3.5 4 0 3 4 4
-6037.5 -5493.8 -2.7 107 0 11.0 10.3 10.5 3.5 2 0 3 5 5
-5090.3 -4579.6 -3.1 292 0 12.4 36.5 10.0 2.5 2 0 4 0 0
-5529.7 -6110.7 -4.0 259 0 11.4 19.9 17.5 3.5 4 0 5 3 3
-5526.4 -6189.0 -7.7 86 0 14.8 32.6 17.5 3.5 2 1 5 3 3
-5504.8 -6176.5 -7.4 87 0 10.4 14.3 17.5 3.5 4 0 5 2 2
-6264.4 -5351.2 -4.6 106 0 12.8 46.2 7.5 2.5 4 0 3 2 2
-5287.7 -3691.2 2.4 333 0 5.6 11.3 5.0 2.5 2 1 2 3 3
-5491.2 -6173.2 -7.5 3 0 8.7 9.2 10.5 3.5 2 0 3 0 0
1343.0 -8267.7 -15.4 46 0 6.6 12.2 7.5 2.5 2 1 3 3 3
1333.2 -8244.1 -15.5 224 0 11.8 4.4 5.0 2.5 2 0 2 1 1
1382.8 -8329.0 -15.0 126 0 8.2 13.4 7.5 2.5 4 1 3 4 4
1317.4 -8262.4 -15.3 219 0 8.2 4.2 7.5 2.5 2 0 3 1 1
-6948.0 -6520.0 -4.7 165 0 9.7 8.3 2.5 2.5 2 0 1 5 5
-5684.9 -6022.4 -5.6 12 0 10.8 10.0 10.5 3.5 2 0 3 4 4
-6689.8 -6644.5 -2.8 68 0 9.7 9.3 7.5 2.5 2 0 3 1 1
-6849.3 -6710.2 -1.7 252 0 6.1 15.0 5.0 2.5 2 0 2 1 1
-6655.6 -6803.9 -3.6 240 0 8.1 9.4 7.5 2.5 2 1 3 2 2
-5955.1 -6290.1 -8.7 127 0 10.2 18.5 17.5 3.5 2 1 5 0 0
-5960.4 -6271.5 -8.5 76 0 7.1 7.4 10.5 3.5 4 1 3 2 2
-6505.4 -6625.3 -3.4 290 0 9.9 11.0 7.5 2.5 4 1 3 5 5
-6784.6 -6555.9 -3.4 339 0 10.6 17.2 5.0 2.5 2 1 2 1 1
-6848.4 -6613.4 -2.7 343 0 11.6 9.8 5.0 2.5 2 0 2 5 5
-6849.2 -6527.5 -4.1 160 0 7.5 12.5 5.0 2.5 4 1 2 3 3
-6472.3 -6553.2 -4.2 249 0 9.7 11.1 2.5 2.5 2 1 1 1 1
-6857.8 -6309.5 -7.5 157 0 6.0 10.2 5.0 2.5 2 0 2 3 3
-6497.2 -6439.3 -5.3 73 0 7.3 14.0 7.5 2.5 2 1 3 5 5
-5428.8 -5874.8 -1.4 198 0 14.1 10.0 17.5 3.5 2 0 5 0 0
-6519.7 -6753.6 -4.5 338 0 11.6 12.5 7.5 2.5 2 1 3 5 5
-6639.0 -6796.4 -3.7 246 0 12.2 10.7 5.0 2.5 2 0 2 5 5
-6777.6 -6574.1 -3.2 340 0 12.6 10.8 5.0 2.5 2 0 2 4 4
-6479.4 -6396.1 -5.6 272 0 10.5 10.1 7.5 2.5 2 0 3 4 4
-6868.2 -6723.0 -1.6 163 0 13.3 12.8 10.0 2.5 2 0 4 1 1
-5531.7 -5982.7 -2.7 183 0 9.6 13.5 10.5 3.5 2 0 3 1 1
-6809.2 -6705.0 -1.9 342 0 12.9 12.4 5.0 2.5 2 0 2 4 4
-6582.9 -6771.6 -4.1 248 0 6.1 14.5 5.0 2.5 2 1 2 5 5
-5543.0 -5890.9 -3.4 267 0 15.2 18.7 17.5 3.5 2 1 5 5 5
-6840.4 -6800.2 -2.2 163 0 9.0 11.1 5.0 2.5 2 1 2 1 1
-6543.5 -6757.6 -4.4 248 0 6.6 12.3 7.5 2.5 2 1 3 1 1
-6908.3 -6580.2 -3.4 253 0 8.4 13.4 7.5 2.5 2 1 3 0 0
-6926.3 -6780.6 -1.4 162 0 9.7 15.2 7.5 2.5 2 1 3 1 1
-6860.4 -6303.6 -7.6 157 0 8.4 10.2 5.0 0.0 0 0 2 3 3
-6465.7 -6602.8 -3.9 67 0 10.1 9.9 5.0 0.0 0 0 2 0 0
-6814.6 -6894.1 -1.5 78 0 10.9 12.9 7.5 2.5 4 1 3 2 2
-6697.5 -6475.8 -4.4 69 0 6.9 12.8 5.0 0.0 0 1 2 1 1
-6826.2 -6703.4 -1.8 252 0 6.5 14.6 5.0 0.0 0 0 2 1 1
-6633.3 -6772.8 -3.6 68 0 6.3 13.9 5.0 0.0 0 0 2 3 3
-6694.9 -6691.5 -2.4 160 0 9.1 9.8 7.5 0.0 0 0 3 0 0
-6677.3 -6467.7 -4.5 69 0 10.5 12.6 5.0 2.5 2 1 2 4 4
-6520.6 -6372.3 -5.8 92 0 9.9 11.4 2.5 2.5 2 1 1 1 1
-6585.5 -6746.7 -4.0 161 0 12.8 12.7 5.0 2.5 2 0 2 0 0
-6941.4 -6746.7 -1.2 162 0 11.5 12.0 5.0 2.5 2 0 2 0 0
-6836.6 -6423.3 -5.7 337 0 8.4 10.2 7.5 2.5 2 1 3 3 3
-6868.2 -6816.9 -1.8 72 0 9.6 14.8 7.5 2.5 2 1 3 3 3
-6913.7 -6852.1 -0.3 256 0 7.1 16.1 7.5 0.0 0 1 3 4 4
-6899.3 -6912.5 0.3 77 0 10.7 15.0 5.0 0.0 0 0 2 2 2
-6668.3 -6588.8 -3.3 339 0 10.6 9.0 5.0 2.5 2 0 2 5 5
-6600.2 -6841.5 -4.1 76 0 12.7 11.4 5.0 2.5 2 0 2 5 5
-6610.8 -6764.0 -3.8 69 0 10.0 16.3 5.0 0.0 0 0 2 1 1
-6911.7 -6729.9 -1.3 253 0 6.3 14.9 7.5 0.0 0 0 3 1 1
-5447.4 -6173.8 -9.4 153 0 12.0 14.6 17.5 0.0 0 1 5 2 2
-6875.7 -6549.0 -4.0 74 0 9.6 11.1 7.5 2.5 2 1 3 3 3
-5471.4 -5936.5 -2.2 102 0 7.0 12.7 10.5 3.5 2 1 3 3 3
-6926.3 -6508.7 -4.6 246 0 9.1 11.8 5.0 2.5 2 1 2 0 0
-6404.8 -6597.4 -4.0 207 0 12.9 11.2 7.5 2.5 2 0 3 4 4
-6918.2 -6801.5 -1.2 162 0 11.9 9.8 7.5 2.5 4 0 3 3 3
-6550.5 -6987.1 -4.5 343 0 8.8 14.3 7.5 2.5 2 1 3 5 5
-6911.3 -6562.2 -4.0 73 0 7.6 15.2 2.5 0.0 0 1 1 0 0
-6622.3 -6786.9 -3.9 251 0 8.3 15.9 5.0 0.0 0 1 2 2 2
-5618.5 -6267.1 -8.9 297 0 17.3 13.1 14.0 0.0 0 0 4 0 0
-6509.0 -6581.9 -3.9 169 0 5.9 10.4 7.5 2.5 2 1 3 2 2
-6676.9 -6422.7 -4.8 266 0 8.1 14.9 5.0 2.5 2 1 2 2 2
-5546.7 -6198.9 -8.4 264 0 14.9 11.9 17.5 3.5 2 0 5 2 2
-6873.2 -6629.0 -2.7 73 0 7.2 11.7 7.5 2.5 2 1 3 2 2
-6754.7 -6791.5 -2.8 70 0 12.6 11.2 7.5 2.5 2 0 3 5 5
-6908.6 -6826.5 -1.0 72 0 7.2 12.6 2.5 2.5 2 1 1 3 3
-6737.4 -6839.3 -3.0 77 0 4.5 11.0 7.5 2.5 2 1 3 1 1
-6732.2 -6866.5 -3.1 347 0 12.1 19.6 12.5 0.0 0 1 5 2 2
-5561.0 -6232.1 -9.1 359 0 12.5 27.1 17.5 3.5 2 0 5 0 0
-5537.5 -5984.8 -3.3 1 0 14.2 22.6 17.5 0.0 0 0 5 1 1
-5607.7 -6250.0 -9.2 276 0 13.5 29.0 14.0 3.5 2 0 4 0 0
-5466.7 -6143.9 -6.2 342 0 4.2 8.5 10.5 3.5 2 1 3 0 0
-6668.9 -7085.8 -1.8 305 0 11.0 21.5 7.5 0.0 0 1 3 0 0
-5724.5 -5962.0 -6.8 187 0 3.8 14.4 10.5 3.5 2 0 3 5 5
-6730.2 -6606.9 -3.0 249 0 6.5 12.4 5.0 2.5 4 0 2 5 5
-6638.6 -6419.8 -5.0 53 0 10.5 10.1 5.0 2.5 2 0 2 2 2
-5488.9 -5850.5 -1.7 110 0 4.7 11.8 10.5 3.5 2 1 3 1 1
-5739.2 -5942.0 -8.5 6 0 4.2 26.5 10.5 0.0 0 0 3 2 2
-6571.3 -6794.9 -4.2 252 0 9.8 6.5 7.5 0.0 0 0 3 3 3
-6707.3 -6703.3 -2.4 159 0 6.1 15.8 2.5 2.5 2 0 1 2 2
-6789.9 -6471.6 -4.7 158 0 10.3 10.6 7.5 2.5 2 1 3 4 4
-6696.2 -6457.6 -4.5 68 0 5.8 6.3 2.5 2.5 2 0 1 0 0
-6828.2 -6326.5 -7.1 66 0 6.4 6.1 5.0 2.5 2 0 2 3 3
-5508.6 -6212.1 -9.8 255 0 4.5 9.2 10.5 3.5 4 0 3 1 1
-5453.8 -5900.3 -2.2 281 0 13.6 10.0 17.5 0.0 0 0 5 2 2
-6668.1 -6763.1 -3.4 159 0 6.3 6.5 7.5 2.5 2 0 3 3 3
-5500.5 -5983.1 -2.1 281 0 4.1 9.3 10.5 3.5 2 0 3 2 2
-6572.8 -7110.1 -3.4 35 0 12.0 9.0 7.5 2.5 2 0 3 2 2
-6747.7 -6710.8 -2.1 341 0 6.6 9.0 5.0 2.5 2 1 2 2 2
-5440.9 -5902.9 -1.9 282 0 7.6 15.4 10.5 3.5 2 1 3 0 0
-6876.9 -6843.0 -1.0 257 0 10.1 10.7 7.5 2.5 2 1 3 0 0
-6425.0 -6559.3 -4.3 315 0 6.0 7.8 2.5 2.5 4 1 1 5 5
-6758.3 -6728.5 -2.4 162 0 6.5 6.5 5.0 2.5 2 1 2 0 0
-5522.0 -6054.9 -1.8 263 0 4.3 10.7 10.5 0.0 0 0 3 5 5
-5537.9 -6032.3 -2.4 358 0 8.1 5.4 10.5 3.5 2 0 3 4 4
-5714.1 -5929.4 -6.7 274 0 10.0 3.9 10.5 3.5 2 0 3 1 1
-6598.6 -6994.4 -4.0 163 0 7.1 11.3 5.0 2.5 2 1 2 2 2
-6500.7 -6392.9 -5.6 272 0 10.5 12.4 5.0 2.5 2 1 2 2 2
-6747.7 -6449.5 -4.7 248 0 10.4 10.1 5.0 2.5 2 0 2 5 5
-6731.5 -6770.2 -2.9 67 0 9.3 5.1 7.5 2.5 2 0 3 2 2
-5738.1 -6005.2 -7.6 280 0 7.3 6.4 10.5 3.5 2 0 3 5 5
-6729.8 -6458.6 -4.5 248 0 6.9 5.0 7.5 2.5 2 0 3 4 4
-6537.6 -6787.5 -4.4 342 0 6.2 9.5 2.5 2.5 2 0 1 4 4
-5521.9 -6195.3 -8.8 260 0 8.2 12.0 10.5 3.5 2 0 3 4 4
-6854.7 -6401.2 -6.0 341 0 7.9 8.5 7.5 2.5 4 1 3 2 2
-5527.7 -5941.2 -3.1 190 0 8.9 4.1 10.5 3.5 2 0 3 1 1
-6830.7 -6869.8 -1.4 78 0 6.5 6.0 5.0 2.5 2 0 2 5 5
-5507.3 -6225.6 -10.1 165 0 8.2 4.5 10.5 0.0 0 0 3 2 2
-5732.2 -6133.5 -6.4 8 0 5.7 7.2 10.5 3.5 2 1 3 1 1
-6610.0 -6619.8 -3.2 339 0 8.3 5.2 5.0 0.0 0 0 2 4 4
-5912.8 -6299.1 -8.8 204 0 5.5 11.1 10.5 3.5 4 1 3 3 3
-6626.1 -6811.6 -3.9 252 0 5.0 7.5 7.5 0.0 0 0 3 0 0
-6640.7 -6669.7 -2.7 338 0 6.6 6.4 2.5 2.5 2 0 1 0 0
-5976.2 -6298.0 -7.9 74 0 5.0 8.4 10.5 3.5 2 0 3 1 1
-5384.2 -6007.4 -1.1 77 0 12.5 3.8 10.5 3.5 2 0 3 5 5
-5809.7 -5908.2 -10.5 183 0 6.0 20.8 10.5 3.5 4 0 3 5 5
-5562.3 -6059.6 -2.5 263 0 4.9 7.3 10.5 3.5 2 0 3 4 4
-6929.5 -6539.4 -4.2 163 0 6.1 6.2 7.5 2.5 4 1 3 0 0
-6651.9 -6760.2 -3.4 69 0 6.3 6.4 5.0 2.5 2 1 2 0 0
-6658.1 -6687.3 -2.6 68 0 6.0 6.5 7.5 2.5 2 0 3 4 4
-6402.3 -6624.9 -3.9 67 0 4.3 9.4 7.5 2.5 2 1 3 5 5
-5451.6 -6180.0 -9.3 334 0 15.8 4.8 10.5 0.0 0 0 3 1 1
-5789.0 -5909.5 -9.5 183 0 6.2 17.1 10.5 3.5 2 0 3 1 1
-6663.4 -6456.3 -4.6 69 0 10.4 10.0 5.0 0.0 0 0 2 5 5
-6874.3 -6401.6 -6.1 343 0 11.9 5.1 7.5 2.5 2 0 3 3 3
-5882.5 -6301.6 -9.3 22 0 3.5 10.7 10.5 0.0 0 1 3 0 0
-6459.0 -6899.5 -5.1 342 0 4.5 8.6 7.5 2.5 2 1 3 0 0
-6858.0 -6279.3 -7.9 258 0 10.0 9.9 5.0 2.5 2 0 2 4 4
-5470.7 -5980.5 -1.7 103 0 12.3 8.3 10.5 3.5 4 0 3 4 4
-5561.6 -6203.5 -7.7 358 0 6.3 12.0 10.5 0.0 0 0 3 2 2
-5611.9 -6208.9 -7.5 178 0 11.0 23.2 17.5 3.5 2 1 5 2 2
-6948.0 -7126.3 3.0 167 0 24.6 7.4 5.0 2.5 2 0 2 5 5
-5522.5 -6046.2 -2.0 86 0 5.9 7.8 10.5 3.5 2 0 3 3 3
-5751.3 -6066.9 -7.7 184 0 10.2 10.8 17.5 3.5 2 1 5 1 1
-6870.3 -6785.0 -1.8 343 0 11.0 12.5 2.5 2.5 2 1 1 4 4
-5971.2 -6460.1 -5.5 155 0 11.6 15.8 10.5 3.5 2 1 3 5 5
-5531.0 -6074.1 -1.8 179 0 13.3 3.9 10.5 3.5 2 0 3 1 1
-6722.5 -6439.6 -4.8 248 0 3.5 10.0 7.5 2.5 2 0 3 0 0
-5662.2 -6218.9 -6.2 19 0 6.6 6.6 10.5 3.5 2 0 3 1 1
-5720.9 -5980.7 -6.5 184 0 6.5 19.2 10.5 3.5 2 1 3 1 1
-6871.0 -6595.9 -3.1 343 0 6.0 7.0 2.5 2.5 2 0 1 3 3
-6606.7 -6635.5 -3.1 249 0 5.0 9.0 7.5 2.5 2 1 3 4 4
-5700.8 -5926.8 -6.2 184 0 3.3 6.0 10.5 3.5 4 0 3 5 5
-6696.4 -6515.4 -3.9 248 0 10.1 6.5 7.5 2.5 2 0 3 2 2
-5644.6 -6100.3 -4.5 355 0 6.1 20.9 10.5 3.5 2 0 3 4 4
-5442.8 -6097.3 -3.6 166 0 9.6 11.6 10.5 3.5 2 1 3 2 2
-6733.7 -6586.3 -3.3 71 0 12.2 20.9 7.5 2.5 2 0 3 2 2
-5968.8 -6295.9 -8.1 74 0 10.3 8.4 10.5 3.5 2 0 3 3 3
-6864.2 -6593.9 -3.1 343 0 6.0 7.0 2.5 2.5 2 0 1 5 5
-6481.4 -6531.1 -4.5 67 0 20.0 12.5 10.0 2.5 2 0 4 5 5
-6516.9 -6787.2 -4.6 342 0 6.0 9.1 5.0 2.5 4 0 2 0 0
-6377.6 -6597.8 -4.1 304 0 5.4 10.4 7.5 0.0 0 1 3 3 3
-5663.4 -6150.6 -4.6 90 0 14.6 7.4 10.5 3.5 2 0 3 0 0
-5420.3 -5898.7 -1.5 108 0 3.3 5.9 10.5 3.5 2 0 3 3 3
-6851.6 -6324.5 -7.2 157 0 7.5 10.6 5.0 2.5 2 0 2 3 3
-6690.9 -6455.5 -4.5 68 0 5.6 6.3 7.5 2.5 2 0 3 4 4
-5671.1 -6198.4 -5.2 84 0 9.7 9.7 10.5 3.5 2 0 3 4 4
-6942.6 -7093.0 2.2 167 0 18.6 36.5 10.0 0.0 0 1 4 0 0
-6491.6 -6358.1 -6.0 92 0 7.5 4.6 5.0 2.5 2 0 2 1 1
-6647.3 -6828.8 -3.8 162 0 4.7 8.1 2.5 2.5 2 0 1 4 4
-6638.3 -6675.6 -2.6 338 0 6.1 6.6 7.5 2.5 2 0 3 2 2
-5591.2 -6105.4 -2.8 88 0 9.4 12.4 10.5 3.5 4 0 3 5 5
-6691.5 -7124.3 -1.2 124 0 6.1 14.4 5.0 2.5 4 1 2 1 1
-5589.6 -6052.6 -3.2 355 0 4.0 10.1 10.5 3.5 2 1 3 2 2
-6676.7 -6766.6 -3.3 158 0 6.2 9.3 5.0 2.5 2 0 2 0 0
-5612.6 -5898.0 -4.3 88 0 7.6 27.3 10.5 3.5 4 1 3 4 4
-5728.3 -6090.3 -6.3 9 0 17.8 4.5 10.5 3.5 2 0 3 0 0
-5700.4 -5920.1 -6.2 183 0 10.0 6.0 10.5 3.5 2 0 3 5 5
-6632.8 -6493.0 -4.3 40 0 12.2 6.3 7.5 2.5 2 0 3 1 1
-6687.6 -6606.5 -3.1 249 0 4.8 9.4 5.0 2.5 2 0 2 5 5
-5423.5 -5998.6 -1.2 180 0 10.2 9.4 10.5 3.5 2 0 3 3 3
-6717.4 -6631.0 -2.9 159 0 4.8 13.0 5.0 0.0 0 1 2 3 3
-5590.3 -6028.9 -3.5 358 0 15.1 6.3 10.5 3.5 2 0 3 5 5
-5427.1 -5945.2 -1.3 104 0 6.7 12.9 10.5 3.5 2 1 3 4 4
-5536.8 -6093.5 -2.0 353 0 10.7 20.9 17.5 3.5 2 1 5 4 4
-6628.7 -6632.0 -3.1 159 0 9.6 11.4 5.0 2.5 2 1 2 0 0
-5690.5 -5870.9 -6.3 267 0 11.3 5.4 10.5 3.5 2 0 3 1 1
-5880.2 -6298.8 -9.7 112 0 5.2 9.2 10.5 0.0 0 1 3 3 3
-6528.1 -6578.7 -3.8 7 0 10.1 10.4 7.5 2.5 2 1 3 4 4
-6783.2 -6481.9 -4.5 159 0 5.7 10.3 7.5 2.5 2 1 3 3 3
-5994.0 -6302.4 -7.6 83 0 11.0 9.3 10.5 3.5 2 0 3 4 4
-6706.0 -6764.1 -3.0 337 0 10.4 12.6 5.0 2.5 2 1 2 3 3
-6428.9 -6587.3 -4.1 67 0 9.9 9.7 5.0 2.5 4 0 2 3 3
-5741.6 -6012.2 -7.7 274 0 6.3 15.2 10.5 3.5 2 1 3 4 4
-5897.0 -6237.6 -10.0 80 0 8.7 8.9 10.5 3.5 2 1 3 2 2
-6456.1 -6520.6 -4.6 67 0 5.3 12.7 7.5 2.5 2 1 3 1 1
-5965.5 -6482.6 -5.5 185 0 6.8 11.2 10.5 3.5 2 1 3 1 1
-6417.2 -6606.3 -3.9 248 0 4.6 10.8 7.5 2.5 2 0 3 0 0
-6463.9 -6631.3 -3.6 158 0 10.5 12.5 10.0 0.0 0 1 4 1 1
-6444.3 -6558.9 -4.2 247 0 9.1 6.1 7.5 2.5 2 0 3 4 4
-6684.8 -6401.4 -5.4 67 0 10.4 10.1 5.0 2.5 2 0 2 1 1
-5952.5 -6503.9 -5.9 145 0 13.1 29.4 10.5 3.5 2 1 3 4 4
-5505.1 -6191.8 -9.0 258 0 20.2 11.8 17.5 3.5 2 0 5 5 5
-6590.9 -6884.7 -4.4 252 0 12.4 7.0 7.5 2.5 2 0 3 0 0
-5698.3 -5954.8 -6.3 279 0 11.8 8.7 10.5 3.5 2 0 3 4 4
-6883.5 -6371.3 -6.6 256 0 9.0 4.6 5.0 2.5 4 0 2 3 3
-6455.4 -6546.4 -4.3 247 0 9.9 9.9 5.0 2.5 2 1 2 4 4
-6707.2 -6614.3 -3.0 249 0 4.8 9.5 2.5 2.5 2 1 1 5 5
-6791.8 -6537.9 -3.7 338 0 13.4 10.9 7.5 2.5 4 0 3 5 5
-6950.5 -6331.6 -7.5 167 0 4.6 10.3 7.5 2.5 4 1 3 4 4
-5740.2 -5915.5 -8.0 2 0 5.8 14.8 10.5 3.5 4 1 3 2 2
-5698.3 -5935.2 -6.2 93 0 6.0 6.7 10.5 3.5 2 0 3 2 2
-6875.6 -6872.7 -0.6 257 0 7.2 6.6 7.5 2.5 2 0 3 1 1
-6675.6 -6692.8 -2.5 70 0 9.2 5.1 5.0 0.0 0 0 2 2 2
-6842.3 -6332.6 -7.1 67 0 10.6 7.4 5.0 2.5 2 0 2 5 5
-6493.4 -6409.0 -5.4 273 0 6.6 6.6 7.5 2.5 2 0 3 2 2
-5719.0 -6006.4 -6.5 282 0 9.4 21.8 10.5 3.5 2 1 3 4 4
-5660.2 -6197.2 -5.0 84 0 4.5 16.0 10.5 3.5 2 1 3 0 0
-6491.4 -6513.6 -4.6 67 0 15.0 11.0 5.0 2.5 2 0 2 1 1
-6518.8 -6781.4 -4.6 342 0 6.3 9.1 5.0 0.0 0 0 2 1 1
-5532.3 -6209.4 -9.1 260 0 5.5 8.4 10.5 3.5 2 0 3 0 0
-6608.5 -6727.9 -3.7 339 0 14.9 8.3 5.0 2.5 2 0 2 4 4
-5600.5 -6069.8 -3.1 265 0 4.8 12.6 10.5 3.5 2 0 3 1 1
-6766.1 -6488.5 -4.4 69 0 6.4 9.5 5.0 2.5 4 1 2 2 2
-6937.3 -6399.8 -6.4 165 0 8.3 4.2 5.0 2.5 2 0 2 0 0
-6535.8 -6793.1 -4.5 342 0 5.6 9.5 5.0 2.5 2 0 2 5 5
-5472.1 -6102.5 -4.5 261 0 3.2 20.4 10.5 0.0 0 0 3 1 1
-6934.5 -6856.8 0.1 258 0 12.1 12.1 5.0 2.5 2 1 2 2 2
-5600.8 -6024.3 -3.7 355 0 5.1 8.8 10.5 3.5 2 0 3 1 1
-5725.0 -5968.1 -6.8 185 0 7.9 14.0 10.5 3.5 4 0 3 2 2
-6866.2 -6367.6 -6.6 347 0 3.3 10.6 7.5 2.5 2 0 3 0 0
-6602.4 -6658.8 -2.9 159 0 6.5 6.7 7.5 2.5 2 1 3 5 5
-5676.2 -5988.8 -5.5 278 0 9.6 9.7 10.5 3.5 2 0 3 1 1
-6819.7 -6751.8 -2.1 343 0 15.9 7.2 5.0 2.5 2 0 2 1 1
-5510.2 -6053.4 -1.6 263 0 9.0 7.6 10.5 3.5 4 0 3 4 4
-6806.0 -6501.9 -4.3 339 0 8.8 12.5 7.5 2.5 2 1 3 0 0
-5676.2 -5988.8 -5.5 98 0 10.0 7.1 10.5 3.5 4 0 3 0 0
-5710.4 -6130.6 -5.8 7 0 6.8 12.9 10.5 0.0 0 1 3 5 5
-6909.7 -6428.8 -5.9 167 0 8.1 8.0 7.5 2.5 2 0 3 2 2
-6561.7 -6779.9 -4.3 251 0 10.5 10.1 5.0 2.5 2 0 2 5 5
-5731.7 -5920.2 -7.2 2 0 7.1 4.7 10.5 3.5 2 0 3 4 4
-6744.7 -6463.3 -4.5 249 0 13.7 6.1 7.5 2.5 2 0 3 2 2
-5576.8 -6091.8 -2.6 83 0 3.0 17.3 10.5 3.5 2 0 3 2 2
-5658.7 -6170.4 -4.8 266 0 13.2 6.8 10.5 3.5 2 0 3 0 0
-5414.5 -5991.6 -1.1 175 0 4.6 11.4 10.5 3.5 4 1 3 5 5
-5623.7 -6053.0 -3.8 175 0 9.4 11.4 10.5 3.5 2 0 3 4 4
-6650.1 -6680.6 -2.6 338 0 6.5 6.8 7.5 2.5 2 0 3 2 2
-5728.6 -5938.5 -7.4 7 0 13.9 10.2 17.5 3.5 2 0 5 5 5
-5556.9 -5931.1 -3.8 189 0 14.0 12.0 14.0 3.5 2 0 4 1 1
-5618.6 -6224.0 -7.8 357 0 15.9 4.8 10.5 3.5 2 0 3 3 3
-6881.8 -6375.7 -6.5 256 0 10.2 5.2 5.0 2.5 2 0 2 4 4
-6741.1 -6547.2 -3.8 161 0 11.8 40.4 10.0 2.5 4 0 4 2 2
-5609.1 -6231.6 -8.5 179 0 15.0 21.0 17.5 3.5 2 0 5 2 2
-5430.4 -6109.8 -4.6 164 0 8.1 4.8 10.5 3.5 4 0 3 0 0
-5461.3 -5920.3 -2.1 105 0 6.5 3.6 10.5 3.5 2 0 3 5 5
-6725.3 -6467.8 -4.4 69 0 8.6 5.1 7.5 2.5 2 0 3 0 0
-5530.9 -6196.9 -8.7 260 0 10.4 12.0 17.5 0.0 0 0 5 2 2
-6481.5 -6594.1 -3.9 67 0 5.0 9.9 2.5 2.5 2 0 1 1 1
-5531.9 -6038.0 -2.2 178 0 17.3 6.1 10.5 3.5 2 0 3 5 5
-5551.7 -6028.8 -2.6 267 0 3.7 10.8 10.5 3.5 2 0 3 2 2
-6697.7 -6446.0 -4.6 249 0 11.5 5.0 2.5 2.5 4 0 1 1 1
-5562.3 -5972.1 -3.5 279 0 6.4 12.4 10.5 3.5 2 0 3 2 2
-5450.3 -6112.4 -4.6 356 0 13.2 6.4 10.5 3.5 2 0 3 0 0
-5573.7 -5909.1 -4.1 277 0 11.9 30.0 14.0 3.5 2 0 4 4 4
-5680.9 -5870.4 -6.0 267 0 8.4 5.5 10.5 3.5 2 0 3 5 5
-5506.2 -6045.1 -1.7 86 0 4.2 12.9 10.5 3.5 2 0 3 4 4
-5601.8 -6048.5 -3.5 355 0 4.2 10.7 10.5 3.5 4 0 3 0 0
-5765.7 -5907.9 -8.8 275 0 12.1 6.9 10.5 3.5 2 0 3 5 5
-6485.6 -6362.7 -6.0 92 0 4.8 9.0 5.0 0.0 0 0 2 5 5
-5678.5 -5962.1 -6.1 9 0 8.5 14.7 10.5 3.5 2 0 3 5 5
-6646.6 -6672.1 -2.6 340 0 6.7 6.6 2.5 2.5 2 0 1 3 3
-5419.6 -5928.1 -1.4 12 0 5.1 9.6 10.5 3.5 2 0 3 5 5
-5637.3 -6034.3 -4.5 355 0 8.3 12.7 10.5 3.5 2 0 3 2 2
-5699.7 -5901.3 -6.3 181 0 18.0 6.0 10.5 3.5 2 0 3 5 5
-5486.0 -6018.2 -1.5 268 0 7.1 15.6 10.5 3.5 2 0 3 5 5
-5483.3 -6186.0 -9.2 246 0 6.3 13.0 10.5 3.5 2 0 3 4 4
-6860.7 -6954.2 0.4 256 0 25.4 14.5 7.5 2.5 2 0 3 4 4
-5438.4 -5942.9 -1.5 103 0 10.3 5.0 10.5 3.5 2 0 3 1 1
-5399.2 -6020.4 -1.2 76 0 10.7 5.0 10.5 3.5 2 0 3 3 3
-5680.4 -6005.9 -5.5 104 0 10.0 7.9 10.5 3.5 2 0 3 1 1
-5564.8 -6102.6 -2.3 80 0 6.7 14.6 10.5 3.5 2 0 3 2 2
-5441.0 -6121.2 -5.3 175 0 7.0 9.9 10.5 3.5 2 0 3 2 2
-5467.3 -6041.8 -1.4 83 0 19.5 5.4 10.5 3.5 2 0 3 1 1
-5638.6 -6019.8 -4.6 354 0 6.3 12.7 10.5 3.5 2 0 3 4 4
-5666.3 -5960.8 -5.8 10 0 14.9 11.9 17.5 3.5 4 0 5 5 5
-5459.6 -5861.6 -1.3 111 0 7.7 46.3 10.5 3.5 2 0 3 3 3
-6479.7 -6463.0 -5.0 244 0 12.0 14.4 7.5 2.5 2 0 3 1 1
-5422.6 -6010.0 -1.2 174 0 7.4 15.3 10.5 3.5 2 0 3 3 3
-5520.7 -5888.9 -2.9 280 0 7.0 13.5 10.5 3.5 4 0 3 1 1
-5526.4 -5918.1 -3.3 98 0 4.7 16.2 10.5 3.5 2 0 3 5 5
-5638.0 -6026.5 -4.5 355 0 7.4 12.8 10.5 3.5 2 0 3 5 5
-5724.6 -5918.2 -7.1 92 0 13.9 8.1 10.5 3.5 2 0 3 3 3
-5474.3 -6181.8 -9.0 245 0 14.0 10.8 17.5 3.5 2 0 5 2 2
-5670.8 -5937.5 -5.7 88 0 12.1 13.8 17.5 3.5 2 0 5 1 1
-5460.9 -5982.9 -1.5 105 0 8.3 14.2 10.5 3.5 2 0 3 3 3
-6443.0 -6617.0 -3.7 247 0 12.7 10.6 7.5 2.5 2 0 3 0 0
-5631.6 -6096.1 -4.1 355 0 14.6 13.3 17.5 0.0 0 0 5 3 3
-6888.3 -6312.0 -7.5 343 0 10.0 9.7 7.5 2.5 4 0 3 1 1
-5431.2 -6120.2 -5.5 175 0 3.8 9.7 10.5 3.5 4 0 3 3 3
-5448.3 -5928.6 -1.8 104 0 4.2 8.3 10.5 3.5 2 0 3 1 1
-6697.0 -6390.0 -5.5 68 0 6.0 5.2 7.5 0.0 0 0 3 1 1
-5449.1 -5985.8 -1.3 103 0 11.0 12.8 17.5 3.5 2 1 5 1 1
-6586.2 -6837.7 -4.3 75 0 6.0 9.8 5.0 2.5 2 1 2 4 4
-5511.4 -5981.0 -2.4 280 0 12.3 10.2 14.0 3.5 2 0 4 3 3
-5623.7 -6247.7 -8.2 12 0 11.5 24.2 14.0 3.5 2 0 4 5 5
-6736.9 -6456.2 -4.6 249 0 4.7 9.9 5.0 2.5 2 0 2 1 1
-6526.8 -6597.6 -3.7 346 0 10.0 10.4 7.5 2.5 2 1 3 5 5
-6714.5 -6742.7 -2.9 338 0 10.4 14.4 7.5 0.0 0 1 3 2 2
-6716.3 -6435.6 -4.8 249 0 10.1 11.9 5.0 2.5 2 1 2 0 0
-6767.7 -6882.2 -2.4 77 0 8.9 12.6 5.0 2.5 2 0 2 2 2
-6798.8 -6519.6 -4.0 339 0 10.7 11.2 5.0 2.5 2 1 2 1 1
-6722.7 -6604.0 -3.0 249 0 9.4 12.4 7.5 2.5 2 0 3 1 1
-6666.4 -6405.9 -5.2 114 0 8.4 11.3 5.0 2.5 2 1 2 3 3
-6780.7 -6729.1 -2.2 163 0 9.5 11.1 5.0 2.5 2 1 2 5 5
-5449.4 -6123.3 -5.1 355 0 9.0 7.6 10.5 3.5 2 0 3 4 4
-6875.3 -6357.1 -6.7 257 0 13.0 10.6 5.0 2.5 2 0 2 1 1
-6750.0 -6557.0 -3.5 161 0 24.3 12.2 10.0 2.5 4 0 4 0 0
-6588.0 -6694.6 -3.5 159 0 5.0 6.1 7.5 2.5 2 1 3 1 1
-6792.0 -6887.9 -1.8 77 0 8.8 12.7 5.0 2.5 2 0 2 0 0
-6698.6 -6594.8 -3.2 249 0 9.0 12.5 5.0 2.5 2 0 2 3 3
-6816.0 -6478.2 -4.6 339 0 10.6 14.3 5.0 2.5 2 1 2 1 1
-6855.8 -6837.9 -1.5 257 0 10.1 15.0 2.5 2.5 2 1 1 3 3
-5591.0 -6039.2 -3.5 357 0 3.7 16.8 10.5 3.5 2 1 3 5 5
-6544.0 -6371.4 -5.8 92 0 6.2 9.9 7.5 2.5 2 1 3 3 3
-6580.5 -6713.4 -4.0 161 0 16.0 5.9 7.5 2.5 2 0 3 0 0
-6533.7 -6331.7 -6.0 273 0 6.2 12.3 2.5 2.5 4 1 1 5 5
-6888.9 -6634.1 -2.7 73 0 13.3 9.6 7.5 2.5 2 0 3 4 4
-6496.8 -6473.8 -4.8 240 0 5.7 10.6 7.5 2.5 2 0 3 1 1
-6758.7 -6812.5 -2.8 257 0 5.5 12.8 7.5 2.5 2 0 3 5 5
-5618.0 -6248.5 -8.4 282 0 7.9 10.5 10.5 3.5 2 0 3 0 0
-5412.8 -6023.7 -1.3 76 0 16.2 10.9 14.0 0.0 0 0 4 4 4
-6807.6 -6824.3 -2.4 256 0 6.2 12.8 5.0 2.5 4 0 2 0 0
-6654.3 -6706.9 -2.9 68 0 8.9 9.6 7.5 2.5 2 0 3 3 3
-5663.7 -5894.4 -5.6 1 0 11.6 12.1 17.5 3.5 2 0 5 3 3
-5437.5 -6157.1 -7.8 178 0 9.0 9.9 10.5 3.5 2 1 3 0 0
-5675.8 -6051.9 -5.0 194 0 16.8 5.6 10.5 3.5 2 0 3 0 0
-5821.6 -5929.4 -11.0 197 0 5.1 10.9 10.5 3.5 2 0 3 0 0
-5569.5 -6010.0 -3.3 89 0 11.4 8.3 10.5 3.5 2 0 3 5 5
-6674.7 -6486.2 -4.3 248 0 10.4 11.4 5.0 2.5 2 1 2 0 0
-6929.9 -6295.2 -7.9 258 0 13.8 11.2 2.5 2.5 2 0 1 1 1
-5487.5 -6057.5 -1.6 261 0 19.9 17.3 17.5 3.5 2 0 5 1 1
-5519.8 -6211.2 -9.6 254 0 8.9 10.0 10.5 3.5 2 1 3 0 0
-6630.5 -6697.6 -2.9 66 0 8.4 9.6 2.5 2.5 2 0 1 2 2
-5384.9 -6016.7 -1.2 75 0 18.5 4.9 10.5 3.5 2 0 3 1 1
-6744.7 -6476.8 -4.4 69 0 3.8 6.4 7.5 0.0 0 0 3 5 5
-6762.9 -6881.0 -2.6 76 0 4.7 12.6 7.5 2.5 2 0 3 4 4
-5651.6 -6080.7 -4.5 2 0 7.5 11.7 10.5 3.5 2 0 3 0 0
-6680.9 -6640.9 -2.9 68 0 9.4 9.6 5.0 2.5 2 0 2 0 0
-6598.4 -6711.3 -3.6 159 0 12.3 11.0 2.5 2.5 2 0 1 0 0
-5572.9 -6103.7 -2.4 83 0 9.3 12.2 10.5 3.5 2 0 3 4 4
-6618.4 -6659.2 -2.9 157 0 4.4 10.5 5.0 2.5 2 0 2 5 5
-6509.7 -6480.6 -4.8 244 0 14.7 12.2 7.5 2.5 2 0 3 2 2
-5998.4 -6290.8 -7.8 90 0 6.8 14.3 10.5 3.5 2 1 3 5 5
-6787.2 -6886.8 -2.0 77 0 4.8 12.8 7.5 2.5 4 0 3 0 0
-6706.9 -6598.1 -3.1 249 0 8.8 12.5 2.5 0.0 0 0 1 1 1
-5537.2 -6043.7 -2.5 357 0 6.7 19.2 10.5 3.5 2 1 3 1 1
-6645.8 -6594.6 -3.4 159 0 5.8 10.9 5.0 2.5 4 1 2 3 3
-6607.0 -6689.3 -3.1 159 0 12.1 10.1 7.5 2.5 2 0 3 4 4
-5707.3 -6069.1 -6.0 9 0 7.0 12.0 10.5 3.5 2 0 3 3 3
-6729.7 -6442.5 -4.8 249 0 12.1 10.0 5.0 2.5 2 0 2 1 1
-5531.3 -6061.7 -1.9 179 0 11.9 8.2 10.5 3.5 2 0 3 2 2
-6896.1 -6896.8 0.2 77 0 9.8 6.4 5.0 0.0 0 0 2 2 2
-6680.8 -6588.0 -3.3 250 0 4.7 9.8 7.5 2.5 2 0 3 3 3
-5514.8 -5877.4 -2.6 1 0 5.8 15.2 10.5 3.5 2 1 3 1 1
-6853.8 -6757.7 -2.0 163 0 6.9 14.5 5.0 2.5 2 1 2 1 1
-5646.6 -6132.3 -4.0 269 0 9.7 4.5 10.5 3.5 2 0 3 0 0
-5571.0 -6047.7 -3.2 89 0 11.7 24.6 17.5 3.5 2 0 5 4 4
-6753.6 -6811.2 -2.9 256 0 8.6 12.8 5.0 2.5 4 0 2 5 5
-5538.2 -6024.6 -2.7 357 0 7.1 15.5 10.5 3.5 2 0 3 2 2
-6688.5 -6719.5 -2.8 70 0 4.6 12.6 5.0 2.5 2 0 2 5 5
-5457.0 -6125.2 -5.1 350 0 7.3 13.0 10.5 3.5 2 0 3 4 4
-6642.9 -6702.5 -2.9 68 0 4.8 9.5 5.0 2.5 2 0 2 0 0
-5424.0 -6114.2 -5.0 162 0 10.5 4.7 10.5 3.5 2 0 3 0 0
-6847.4 -6778.3 -2.1 163 0 6.8 15.1 5.0 2.5 2 1 2 0 0
-6909.1 -6640.3 -2.7 73 0 13.1 9.6 5.0 0.0 0 0 2 0 0
-6616.5 -6845.5 -4.1 74 0 7.4 6.1 5.0 2.5 2 0 2 4 4
-5453.7 -5922.3 -2.0 105 0 9.2 4.5 10.5 3.5 2 0 3 2 2
-6904.5 -6350.3 -7.2 75 0 5.3 13.6 5.0 2.5 4 0 2 0 0
-6553.3 -6829.1 -4.4 75 0 4.1 11.1 7.5 2.5 2 0 3 4 4
-5811.1 -5932.3 -10.6 188 0 6.8 21.5 10.5 3.5 2 0 3 3 3
-5707.6 -5914.4 -6.7 2 0 8.4 9.9 10.5 3.5 2 0 3 1 1
-5670.4 -5870.1 -5.8 269 0 13.1 18.6 17.5 3.5 2 0 5 0 0
-5566.5 -6251.7 -9.8 265 0 24.5 16.3 14.0 0.0 0 0 4 1 1
-5664.1 -5917.4 -5.6 1 0 12.8 15.1 17.5 3.5 2 0 5 0 0
-5635.9 -6049.5 -4.4 355 0 17.0 13.4 17.5 3.5 2 0 5 1 1
-5563.0 -6048.5 -2.9 88 0 8.2 26.2 10.5 0.0 0 0 3 3 3
-5517.9 -5830.8 -2.1 356 0 8.0 10.5 10.5 3.5 2 0 3 3 3
-6900.1 -6429.4 -5.9 77 0 11.8 10.8 5.0 2.5 2 0 2 1 1
-5421.4 -6122.2 -5.5 162 0 6.4 5.4 10.5 3.5 2 0 3 2 2
-6681.4 -6716.6 -2.9 68 0 6.2 14.2 5.0 2.5 2 0 2 5 5
-5648.5 -5888.8 -4.9 182 0 11.1 23.0 17.5 3.5 4 0 5 2 2
-6482.6 -6411.0 -5.5 2 0 9.8 7.6 7.5 2.5 2 0 3 1 1
-5641.4 -5987.8 -4.9 355 0 6.9 10.9 10.5 3.5 2 0 3 5 5
-6590.8 -7135.1 -3.1 35 0 7.3 8.7 5.0 2.5 2 1 2 3 3
-6441.0 -6572.8 -4.2 67 0 6.2 6.0 7.5 2.5 2 0 3 5 5
-6539.9 -6393.6 -5.5 272 0 10.4 10.1 5.0 2.5 2 0 2 5 5
-6603.9 -6782.3 -4.0 247 0 8.3 9.6 5.0 2.5 2 1 2 0 0
-6833.6 -6830.8 -2.0 257 0 9.8 11.4 2.5 2.5 2 0 1 3 3
-6902.9 -6727.1 -1.4 252 0 12.1 10.2 7.5 0.0 0 0 3 1 1
-6567.0 -6362.7 -5.8 164 0 9.9 11.1 5.0 2.5 2 1 2 0 0
-6792.3 -6582.5 -3.1 338 0 8.0 6.3 7.5 2.5 2 0 3 1 1
-6321.0 -6673.6 -5.5 36 0 11.5 43.1 12.5 2.5 2 0 5 0 0
-6857.7 -6576.1 -3.4 343 0 10.5 12.6 5.0 2.5 2 1 2 2 2
-6906.1 -6369.3 -6.7 255 0 6.8 12.4 5.0 2.5 2 1 2 2 2
-6860.2 -6379.9 -6.4 345 0 10.9 10.4 7.5 2.5 2 0 3 0 0
-6695.6 -6429.4 -4.8 244 0 9.7 10.0 5.0 2.5 2 1 2 4 4
-6828.0 -6585.7 -3.1 160 0 7.7 11.0 5.0 2.5 2 1 2 2 2
-6842.4 -6546.1 -3.7 160 0 6.3 14.2 5.0 2.5 2 1 2 0 0
-6953.7 -6387.3 -6.7 165 0 11.5 6.3 5.0 2.5 4 0 2 2 2
-5650.8 -6027.0 -4.7 355 0 5.8 8.3 10.5 3.5 2 0 3 0 0
-6517.2 -6332.3 -6.1 272 0 6.7 11.0 5.0 2.5 2 1 2 0 0
-6957.0 -6873.8 0.6 166 0 17.9 12.0 5.0 2.5 2 0 2 4 4
-6666.7 -6711.7 -2.9 70 0 4.8 12.8 2.5 2.5 2 0 1 1 1
-6641.5 -6460.8 -4.6 203 0 10.1 10.4 2.5 2.5 2 1 1 1 1
-6903.6 -6508.3 -4.6 331 0 10.2 9.2 7.5 2.5 2 0 3 3 3
-6667.2 -6635.3 -3.0 69 0 7.7 13.1 2.5 2.5 2 0 1 4 4
-5731.3 -5959.9 -8.0 4 0 6.3 21.5 10.5 3.5 2 1 3 2 2
-6884.4 -6908.0 -0.1 76 0 7.1 12.5 5.0 2.5 2 1 2 4 4
-6641.5 -6820.5 -3.8 162 0 7.5 14.9 7.5 2.5 2 0 3 1 1
-6732.9 -6487.0 -4.3 69 0 10.7 10.4 5.0 2.5 2 0 2 5 5
-6653.2 -6624.6 -3.0 339 0 9.6 10.4 5.0 2.5 2 0 2 3 3
-6593.0 -6725.8 -3.9 159 0 10.0 10.5 7.5 2.5 4 1 3 1 1
-6626.9 -6716.2 -3.5 248 0 6.1 12.2 7.5 2.5 4 0 3 5 5
-6933.6 -6647.7 -2.7 73 0 8.6 12.6 2.5 2.5 2 1 1 5 5
-6891.7 -6577.9 -3.4 254 0 12.5 10.8 5.0 2.5 2 0 2 2 2
-6437.3 -6902.2 -5.2 73 0 9.4 10.5 2.5 2.5 2 1 1 4 4
-6681.3 -6738.2 -3.2 248 0 7.1 9.9 5.0 2.5 2 0 2 2 2
-6719.9 -6729.8 -2.8 337 0 7.5 10.9 7.5 2.5 2 1 3 2 2
-6410.0 -6569.2 -4.3 37 0 12.5 10.3 5.0 2.5 4 0 2 0 0
-6567.0 -6832.6 -4.4 75 0 6.5 10.9 7.5 0.0 0 1 3 2 2
-6500.2 -6373.2 -5.9 92 0 6.2 9.8 7.5 2.5 4 1 3 3 3
-5532.9 -6003.9 -2.6 179 0 9.6 13.9 10.5 3.5 2 0 3 5 5
-6829.9 -6441.9 -5.3 337 0 9.1 8.8 7.5 2.5 2 0 3 2 2
-6482.9 -6374.0 -5.9 92 0 6.4 9.7 5.0 2.5 2 1 2 2 2
-5899.8 -6281.8 -9.4 237 0 12.3 11.2 14.0 0.0 0 0 4 5 5
-6936.8 -6486.1 -5.2 75 0 11.9 10.3 5.0 2.5 2 0 2 0 0
-6891.3 -6552.6 -4.0 73 0 12.5 11.0 5.0 2.5 2 0 2 0 0
-6496.5 -6333.1 -6.1 272 0 6.4 9.9 7.5 0.0 0 1 3 1 1
-6782.0 -6818.2 -2.7 257 0 5.4 14.8 5.0 2.5 2 0 2 5 5
-5643.9 -6195.4 -5.2 83 0 15.3 7.0 10.5 0.0 0 0 3 1 1
-6657.0 -6652.9 -2.8 248 0 6.1 12.1 7.5 2.5 2 0 3 2 2
-6659.7 -6730.4 -3.4 249 0 8.8 13.9 7.5 2.5 2 1 3 1 1
-6864.9 -6902.7 -0.6 76 0 7.2 12.1 2.5 2.5 4 1 1 3 3
-6615.1 -6667.6 -2.9 160 0 7.1 11.6 7.5 0.0 0 1 3 3 3
-6955.6 -6315.8 -7.8 165 0 7.4 14.8 7.5 2.5 2 1 3 5 5
-6951.7 -6619.4 -3.1 163 0 6.8 21.0 2.5 0.0 0 1 1 3 3
-6651.2 -6650.5 -2.8 248 0 6.1 12.2 5.0 2.5 2 0 2 0 0
-6566.2 -6338.3 -5.9 200 0 6.5 10.9 7.5 2.5 2 1 3 0 0
-6750.7 -6493.9 -4.2 69 0 10.5 10.3 7.5 2.5 2 0 3 4 4
-6933.9 -6376.3 -6.7 255 0 6.1 11.9 7.5 2.5 4 0 3 3 3
-6499.2 -6604.0 -3.8 140 0 10.1 11.0 2.5 2.5 2 1 1 5 5
-6657.4 -6782.5 -3.5 68 0 6.1 11.4 2.5 2.5 2 0 1 2 2
-6793.2 -6699.0 -2.0 163 0 12.6 11.3 7.5 2.5 2 0 3 1 1
-5580.6 -6010.4 -3.6 87 0 12.1 10.9 17.5 3.5 2 0 5 0 0
-6559.4 -6393.1 -5.4 271 0 10.6 10.4 10.0 0.0 0 0 4 2 2
-6619.9 -6767.6 -3.7 69 0 6.4 13.7 5.0 2.5 2 0 2 1 1
-6772.2 -6502.2 -4.3 69 0 10.1 13.1 2.5 2.5 2 1 1 1 1
-6632.9 -6435.5 -4.8 265 0 10.4 10.0 2.5 2.5 2 0 1 3 3
-6663.3 -6784.9 -3.4 68 0 6.3 11.4 2.5 0.0 0 0 1 2 2
-6632.7 -6718.6 -3.5 248 0 6.2 12.2 7.5 2.5 2 0 3 2 2
-6653.4 -6476.6 -4.4 231 0 9.9 9.6 7.5 2.5 2 0 3 3 3
-5484.9 -5895.0 -2.6 283 0 8.9 10.0 10.5 3.5 2 1 3 3 3
-5475.5 -5855.6 -1.5 111 0 5.9 25.2 10.5 3.5 2 0 3 3 3
-5699.1 -6087.9 -5.7 16 0 19.9 11.4 17.5 3.5 2 0 5 5 5
-6621.5 -6647.8 -3.0 159 0 7.3 11.3 2.5 2.5 2 0 1 3 3
-5664.9 -6010.0 -5.0 183 0 5.3 9.8 10.5 0.0 0 0 3 4 4
-6385.3 -6632.9 -4.2 127 0 12.6 40.4 7.5 2.5 2 0 3 5 5
-5788.0 -5936.2 -9.6 97 0 5.7 9.1 10.5 3.5 2 0 3 2 2
-5512.9 -5969.9 -2.7 104 0 12.8 10.3 17.5 3.5 2 0 5 1 1
-6735.1 -6687.2 -2.3 342 0 11.6 11.3 5.0 0.0 0 0 2 5 5
-6521.1 -6482.8 -4.7 244 0 7.8 14.4 5.0 0.0 0 0 2 1 1
-6488.3 -6467.2 -4.9 244 0 7.1 19.0 7.5 2.5 2 0 3 3 3
-6752.9 -6679.9 -2.2 253 0 7.0 14.1 5.0 0.0 0 0 2 3 3
-5760.6 -5568.1 -2.8 116 0 5.9 37.9 10.5 3.5 2 0 3 4 4
-5625.4 -5805.7 -5.1 351 0 5.8 16.6 10.5 3.5 2 0 3 3 3
-5398.6 -5838.4 -0.0 205 0 9.1 18.5 10.5 3.5 4 0 3 4 4
-5673.2 -5801.1 -6.3 339 0 9.5 14.7 10.5 0.0 0 0 3 4 4
-5728.2 -5778.0 -7.7 345 0 7.8 11.2 10.5 0.0 0 1 3 3 3
-5710.7 -5834.7 -7.2 351 0 11.0 11.0 14.0 3.5 2 0 4 4 4
-5714.6 -5813.9 -7.3 344 0 9.1 9.3 10.5 3.5 2 0 3 4 4
-5694.7 -5506.0 -1.9 292 0 10.6 20.1 10.5 3.5 2 0 3 1 1
-5608.5 -5809.2 -4.2 258 0 6.0 18.0 10.5 3.5 2 1 3 3 3
-5327.0 -5925.9 -0.7 194 0 9.6 13.2 10.5 0.0 0 0 3 0 0
-5571.3 -5789.9 -3.4 67 0 5.7 14.6 10.5 3.5 2 0 3 4 4
-5341.0 -5923.2 -0.7 197 0 9.7 14.6 10.5 0.0 0 0 3 5 5
-5392.7 -5868.4 -1.0 26 0 29.1 11.3 17.5 3.5 2 0 5 3 3
-5335.0 -5971.1 -0.9 58 0 12.4 14.6 14.0 0.0 0 1 4 4 4
-5726.3 -5599.0 -2.6 21 0 26.9 16.8 10.5 0.0 0 0 3 4 4
-5706.9 -5550.2 -2.3 22 0 7.6 24.5 10.5 0.0 0 0 3 5 5
-5669.9 -5864.2 -5.8 88 0 12.3 7.9 10.5 0.0 0 0 3 5 5
-5719.0 -5579.5 -2.8 20 0 8.5 39.2 10.5 0.0 0 0 3 1 1
-5560.7 -5764.9 -2.8 334 0 9.5 6.3 10.5 3.5 2 0 3 5 5
-5542.8 -5857.7 -2.6 180 0 4.2 4.8 10.5 3.5 2 0 3 0 0
-5376.9 -5891.6 -0.8 200 0 10.5 4.7 10.5 3.5 2 0 3 1 1
-5731.1 -5730.7 -6.4 349 0 5.5 21.1 10.5 3.5 2 1 3 2 2
-5705.5 -5810.0 -6.8 161 0 4.4 8.5 10.5 3.5 2 0 3 0 0
-5666.7 -5821.9 -6.0 352 0 9.0 12.0 10.5 0.0 0 0 3 1 1
-5675.3 -5703.0 -3.6 159 0 6.1 11.7 10.5 3.5 2 1 3 0 0
-5722.3 -5796.3 -7.6 344 0 9.3 8.5 10.5 3.5 2 0 3 2 2
-5616.4 -5855.3 -4.3 264 0 13.1 5.7 10.5 3.5 4 0 3 4 4
-5409.7 -5978.3 -1.0 173 0 3.8 16.2 10.5 3.5 2 0 3 3 3
-5672.3 -5681.1 -3.0 244 0 6.2 13.2 10.5 3.5 4 0 3 1 1
-5612.0 -5763.8 -4.1 63 0 6.4 9.3 10.5 3.5 2 0 3 0 0
-5364.2 -5907.3 -0.6 16 0 12.2 11.8 14.0 3.5 2 0 4 0 0
-5693.7 -5753.1 -6.3 334 0 10.3 11.0 17.5 3.5 2 0 5 2 2
-5738.8 -5500.4 -2.6 296 0 18.4 30.6 10.5 3.5 2 1 3 2 2
-5365.5 -5954.1 -0.8 7 0 11.6 10.8 14.0 3.5 2 0 4 1 1
-5430.0 -5971.6 -1.1 12 0 4.3 8.8 10.5 3.5 4 1 3 2 2
-5553.8 -5861.3 -2.9 183 0 5.0 8.1 10.5 3.5 2 0 3 3 3
-5686.8 -5796.5 -6.6 346 0 5.7 9.5 10.5 3.5 2 0 3 1 1
-5548.0 -5798.6 -2.5 175 0 4.4 14.2 10.5 3.5 2 0 3 4 4
-5694.7 -5817.9 -6.5 176 0 4.9 13.0 10.5 3.5 4 0 3 3 3
-5651.2 -5674.6 -2.3 291 0 15.1 10.1 14.0 3.5 2 0 4 1 1
-5713.2 -5515.2 -2.0 291 0 7.9 4.6 10.5 3.5 2 0 3 1 1
-5767.3 -5581.8 -2.8 117 0 5.9 15.2 10.5 3.5 2 0 3 1 1
-5701.1 -5834.6 -6.6 173 0 9.5 10.2 10.5 3.5 2 0 3 0 0
-5636.5 -5859.8 -4.7 175 0 5.7 13.9 10.5 3.5 2 0 3 5 5
-5382.1 -5918.1 -0.6 193 0 7.9 6.8 10.5 0.0 0 0 3 1 1
-5695.0 -5668.7 -2.9 247 0 5.4 6.8 10.5 3.5 2 0 3 0 0
-5489.1 -5943.9 -2.3 282 0 4.4 8.8 10.5 3.5 2 0 3 5 5
-5664.7 -5840.5 -5.9 355 0 9.7 11.1 10.5 3.5 2 0 3 5 5
-5677.0 -5791.2 -6.4 339 0 10.6 10.0 17.5 3.5 2 0 5 1 1
-5638.0 -5771.2 -4.9 63 0 9.1 6.6 10.5 0.0 0 0 3 3 3
-5340.7 -5934.1 -0.7 184 0 5.0 7.7 10.5 3.5 2 0 3 5 5
-5579.5 -5850.2 -3.3 356 0 7.4 6.0 10.5 3.5 4 0 3 0 0
-5442.5 -5947.0 -1.4 284 0 4.2 10.2 10.5 3.5 2 1 3 5 5
-5578.4 -5715.8 -2.3 76 0 10.5 10.4 14.0 3.5 2 0 4 3 3
-5434.6 -5843.3 -0.8 26 0 9.1 4.8 10.5 3.5 4 0 3 2 2
-5648.6 -5868.1 -5.0 180 0 8.5 9.0 10.5 3.5 2 0 3 0 0
-5779.0 -5630.0 -4.1 342 0 4.3 11.1 10.5 3.5 2 0 3 5 5
-5785.2 -5626.5 -4.0 343 0 6.1 6.3 10.5 3.5 2 0 3 0 0
-5391.8 -5889.9 -1.0 197 0 5.4 11.5 10.5 3.5 2 1 3 5 5
-5696.9 -5808.8 -6.6 174 0 4.5 10.5 10.5 3.5 4 0 3 4 4
-5561.9 -5867.6 -3.2 359 0 10.0 8.2 10.5 0.0 0 0 3 0 0
-5619.2 -5798.9 -4.8 64 0 10.0 11.4 17.5 3.5 2 0 5 3 3
-5564.3 -5888.8 -3.4 355 0 6.0 6.1 10.5 3.5 2 0 3 4 4
-5594.5 -5719.6 -2.7 81 0 4.4 11.6 10.5 3.5 2 0 3 1 1
-5313.7 -5969.0 -0.8 72 0 11.5 10.5 14.0 3.5 2 0 4 0 0
-5747.0 -5750.5 -7.3 345 0 8.6 11.5 10.5 3.5 2 0 3 1 1
-5630.0 -5770.2 -4.7 63 0 6.1 9.3 10.5 0.0 0 0 3 2 2
-5591.1 -5723.1 -2.8 75 0 8.9 4.2 10.5 3.5 2 0 3 1 1
-5736.0 -5547.2 -2.5 20 0 3.5 6.1 10.5 3.5 2 0 3 0 0
-5624.2 -5812.8 -5.0 351 0 10.1 15.5 17.5 0.0 0 0 5 1 1
-5780.0 -5746.6 -7.6 169 0 6.4 14.2 10.5 3.5 4 1 3 0 0
-5636.8 -5790.7 -5.1 243 0 9.0 10.0 10.5 3.5 2 0 3 0 0
-5617.6 -5766.7 -4.3 62 0 6.3 9.3 10.5 3.5 2 0 3 4 4
-5665.6 -5831.1 -6.0 354 0 9.1 12.0 10.5 3.5 2 0 3 3 3
-5604.0 -5693.0 -2.5 293 0 15.6 12.4 14.0 3.5 2 0 4 1 1
-5624.4 -5767.3 -4.5 63 0 6.4 9.4 10.5 0.0 0 0 3 1 1
-5648.5 -5877.7 -5.0 178 0 11.4 12.0 17.5 0.0 0 0 5 3 3
-5472.0 -5955.5 -1.9 283 0 3.6 10.1 10.5 3.5 2 0 3 5 5
-5689.1 -5762.4 -6.4 333 0 9.7 11.1 10.5 3.5 4 0 3 1 1
-5621.3 -5822.6 -4.9 353 0 10.3 15.6 17.5 3.5 2 0 5 5 5
-5596.2 -5875.0 -3.7 87 0 6.9 5.4 10.5 3.5 2 0 3 4 4
-5415.9 -5960.8 -0.8 195 0 13.0 8.1 10.5 3.5 2 0 3 5 5
-5657.1 -5724.6 -4.2 157 0 3.5 10.9 10.5 3.5 2 0 3 2 2
-5571.3 -5764.9 -3.1 243 0 6.3 9.5 10.5 3.5 2 0 3 3 3
-5686.8 -5864.8 -6.4 88 0 21.7 7.7 10.5 0.0 0 0 3 3 3
-5614.4 -5841.0 -4.4 260 0 25.8 4.9 10.5 3.5 2 0 3 5 5
-5546.5 -5808.4 -2.4 178 0 3.7 12.2 10.5 3.5 2 0 3 2 2
-5700.3 -5841.6 -6.6 174 0 4.5 11.1 10.5 0.0 0 0 3 3 3
-5467.9 -5955.2 -1.8 284 0 4.1 6.4 10.5 3.5 2 0 3 5 5
-5680.1 -5737.2 -5.2 157 0 8.5 13.9 10.5 3.5 2 0 3 5 5
-5607.3 -5837.6 -4.0 172 0 4.4 20.9 10.5 3.5 2 0 3 0 0
-5664.0 -5850.7 -5.8 357 0 10.5 12.3 17.5 3.5 2 0 5 2 2
-5759.6 -5789.2 -8.3 165 0 12.7 6.5 10.5 3.5 2 0 3 0 0
-5302.0 -5965.2 -0.8 72 0 12.6 9.2 10.5 3.5 2 0 3 1 1
-5481.7 -5947.6 -2.2 283 0 7.5 5.1 10.5 3.5 2 0 3 0 0
-5572.1 -5881.6 -3.7 356 0 3.3 18.0 10.5 3.5 2 1 3 5 5
-5429.4 -5949.9 -1.2 283 0 8.8 10.9 10.5 3.5 2 1 3 0 0
-5542.9 -5860.7 -2.7 186 0 7.3 4.5 10.5 3.5 2 0 3 4 4
-5597.3 -5724.7 -2.9 76 0 4.1 12.1 10.5 3.5 2 0 3 1 1
-5457.9 -5943.5 -1.8 281 0 6.0 13.9 10.5 3.5 2 0 3 4 4
-5701.3 -5536.4 -2.0 21 0 13.6 10.2 10.5 0.0 0 0 3 1 1
-5561.5 -5846.2 -2.9 5 0 6.9 7.3 10.5 3.5 2 0 3 0 0
-5566.9 -5820.8 -3.5 353 0 5.7 21.6 10.5 3.5 4 1 3 3 3
-5747.7 -5769.2 -8.0 344 0 5.6 12.2 10.5 3.5 2 1 3 3 3
-5746.2 -5556.1 -2.7 26 0 15.4 4.6 10.5 3.5 2 0 3 5 5
-5729.0 -5760.8 -7.3 345 0 11.0 11.5 14.0 0.0 0 1 4 3 3
-5587.9 -5794.5 -4.0 63 0 10.0 14.1 10.5 3.5 2 0 3 4 4
-5578.2 -5791.5 -3.7 62 0 9.9 12.7 10.5 3.5 2 0 3 5 5
-5649.5 -5855.4 -5.1 174 0 17.8 12.5 17.5 3.5 2 0 5 2 2
-5532.9 -5855.6 -2.6 276 0 4.5 8.9 10.5 3.5 2 0 3 4 4
-5663.3 -5716.9 -4.2 155 0 15.4 5.2 10.5 3.5 2 0 3 4 4
-5698.5 -5694.4 -3.7 157 0 5.9 13.8 10.5 3.5 2 0 3 2 2
-5553.4 -5852.5 -2.8 183 0 12.6 10.8 17.5 3.5 2 0 5 5 5
-5713.8 -5785.4 -7.0 161 0 20.4 7.9 10.5 3.5 2 0 3 1 1
-5676.8 -5745.1 -5.4 156 0 8.7 13.2 10.5 3.5 2 0 3 3 3
-5711.7 -5771.9 -6.8 165 0 3.8 13.7 10.5 3.5 2 0 3 1 1
-5718.9 -5770.8 -7.0 160 0 10.5 6.4 10.5 3.5 2 0 3 2 2
-5698.5 -5855.0 -6.4 177 0 5.4 22.5 10.5 3.5 2 0 3 0 0
-5551.0 -5758.3 -2.3 176 0 5.8 15.2 10.5 3.5 2 0 3 4 4
-5734.5 -5714.3 -6.6 345 0 9.5 36.9 10.5 3.5 2 0 3 3 3
-5308.4 -5957.8 -0.7 69 0 3.6 16.6 10.5 3.5 2 0 3 1 1
-5528.3 -5774.4 -2.2 352 0 8.2 7.1 10.5 3.5 2 0 3 5 5
-5731.7 -5567.5 -2.6 21 0 4.5 18.2 10.5 3.5 2 0 3 1 1
-5759.2 -5691.4 -6.0 254 0 8.9 18.3 10.5 3.5 2 1 3 3 3
-5733.6 -5746.7 -6.9 344 0 8.5 14.0 10.5 3.5 2 0 3 4 4
-5641.8 -5741.4 -4.8 338 0 6.7 17.0 10.5 3.5 2 0 3 0 0
-5600.1 -5798.5 -4.3 66 0 5.4 15.2 10.5 3.5 2 0 3 1 1
-5371.7 -5855.5 -0.2 211 0 12.4 9.2 10.5 3.5 2 0 3 3 3
-5610.1 -5800.1 -4.5 65 0 5.7 15.1 10.5 0.0 0 0 3 1 1
-5753.1 -5788.8 -8.2 75 0 6.5 7.7 10.5 3.5 2 0 3 5 5
-5712.6 -5537.1 -2.2 23 0 4.4 14.6 10.5 3.5 2 0 3 4 4
-5598.9 -5869.7 -3.8 88 0 8.3 10.1 10.5 0.0 0 0 3 4 4
-5672.8 -5675.1 -2.7 244 0 9.4 5.6 10.5 3.5 2 0 3 0 0
-5683.4 -5775.2 -6.5 338 0 17.4 13.0 17.5 3.5 2 0 5 5 5
-2242.2 -2683.9 3.5 305 0 6.0 10.0 7.5 0.0 0 1 3 3 3
-5071.6 -4867.5 -1.0 294 0 13.6 8.9 5.0 2.5 2 0 2 3 3
-5547.4 -4442.8 -5.8 201 0 9.4 9.4 2.5 2.5 2 0 1 2 2
-5286.2 -4787.4 0.4 115 0 7.4 8.6 7.5 2.5 4 0 3 5 5
-5544.5 -4435.3 -5.9 201 0 6.6 9.4 5.0 2.5 2 0 2 5 5
-5061.3 -4872.2 -1.1 294 0 9.1 8.9 5.0 2.5 2 0 2 3 3
-5518.1 -4438.0 -5.8 21 0 8.1 10.3 5.0 2.5 2 0 2 3 3
-5279.4 -4772.6 0.4 297 0 10.4 7.7 5.0 2.5 2 0 2 1 1
-5360.0 -4728.3 -0.5 293 0 14.9 5.9 5.0 2.5 2 0 2 0 0
-4610.3 -5079.3 -2.0 294 0 17.8 6.5 5.0 0.0 0 0 2 2 2
-5036.3 -5492.3 -0.6 291 0 71.6 14.6 7.5 2.5 4 0 3 5 5
-5611.9 -5073.4 -0.0 111 0 72.2 12.7 12.5 2.5 2 0 5 3 3
6409.9 8302.0 -17.2 334 0 7.0 11.2 7.5 2.5 2 1 3 1 1
6487.2 8053.9 -15.8 268 0 20.2 10.0 5.0 2.5 2 0 2 2 2
6420.2 8280.7 -16.1 334 0 8.3 9.1 5.0 2.5 2 1 2 0 0
6456.2 8302.1 -16.8 99 0 12.4 10.6 7.5 2.5 2 0 3 0 0
6454.3 8208.8 -14.0 86 0 9.0 8.0 7.5 2.5 2 0 3 0 0
6170.3 8293.1 -20.9 269 0 10.7 8.8 5.0 2.5 2 0 2 2 2
6086.5 8216.5 -18.3 269 0 12.6 12.6 7.5 2.5 2 0 3 4 4
6135.0 8217.2 -17.7 269 0 10.0 10.5 7.5 2.5 2 1 3 2 2
6173.6 8214.2 -17.2 268 0 10.0 10.3 2.5 2.5 2 1 1 0 0
6054.7 8215.7 -18.7 269 0 9.9 10.4 7.5 2.5 2 1 3 1 1
6070.7 8216.1 -18.5 269 0 10.0 11.5 5.0 0.0 0 1 2 2 2
6150.7 8311.4 -21.6 88 0 8.6 8.8 7.5 2.5 2 1 3 1 1
6055.4 8230.0 -20.0 89 0 8.5 11.0 5.0 2.5 4 1 2 4 4
6133.7 8311.0 -21.8 88 0 8.5 9.0 5.0 2.5 2 1 2 0 0
6170.6 8323.7 -21.4 269 0 8.9 8.6 5.0 2.5 2 0 2 0 0
6114.1 8310.8 -22.1 89 0 8.6 8.9 7.5 0.0 0 1 3 1 1
6035.0 8232.4 -20.4 89 0 8.5 8.7 2.5 2.5 2 1 1 4 4
-5227.9 -4946.0 0.7 18 0 31.5 11.4 5.0 2.5 2 0 2 0 0
-5249.4 -4824.1 -0.7 114 0 56.0 26.3 2.5 2.5 2 0 1 2 2
-5303.9 -5250.9 1.6 202 0 50.9 10.2 10.0 2.5 2 0 4 1 1
-5264.1 -5084.6 1.4 192 0 50.8 10.3 15.0 0.0 0 0 6 4 4
-5150.4 -4930.2 -0.2 293 0 57.4 10.3 7.5 2.5 2 0 3 1 1
-5345.0 -5265.5 1.8 113 0 13.9 55.0 10.0 2.5 2 1 4 5 5
-5373.1 -5223.4 2.1 203 0 55.0 13.9 10.0 2.5 2 0 4 0 0
-5177.3 -5198.8 0.6 104 0 10.6 27.9 7.5 2.5 2 1 3 1 1
-5178.3 -5306.5 0.7 21 0 28.6 30.6 15.0 0.0 0 1 6 2 2
-5215.7 -5139.1 0.5 194 0 10.5 55.2 7.5 2.5 2 1 3 0 0
-5211.4 -5064.2 1.1 195 0 27.8 13.7 10.0 2.5 2 0 4 4 4
-5251.2 -5002.4 0.8 108 0 11.3 31.5 5.0 2.5 2 1 2 4 4
-5407.2 -5454.4 2.5 293 0 48.1 11.3 14.0 3.5 2 0 4 0 0
-5453.5 -5495.6 1.8 113 0 48.1 11.2 14.0 3.5 2 0 4 4 4
-5451.0 -5451.8 2.0 25 0 34.1 10.8 10.5 0.0 0 0 3 3 3
-5523.2 -5493.5 0.8 202 0 55.5 10.3 14.0 3.5 2 0 4 0 0
-5546.3 -5449.9 0.3 292 0 10.7 55.2 14.0 3.5 2 1 4 0 0
-5584.8 -5512.3 -0.5 292 0 55.5 11.3 14.0 3.5 2 0 4 2 2
-5609.5 -5393.4 -0.2 203 0 47.5 11.6 14.0 3.5 2 0 4 0 0
-5573.4 -5422.8 0.2 112 0 28.0 13.0 14.0 0.0 0 0 4 2 2
-5659.1 -5563.8 -1.5 111 0 33.4 23.2 10.5 0.0 0 0 3 0 0
-5670.2 -5566.7 -1.9 291 0 15.0 37.2 17.5 3.5 2 1 5 2 2
-5697.5 -5622.9 -2.2 199 0 12.8 17.1 17.5 3.5 2 1 5 2 2
-5614.0 -5566.8 -0.7 206 0 13.3 35.8 17.5 3.5 2 1 5 3 3
-5437.6 -5644.5 1.7 23 0 27.1 7.5 10.5 3.5 2 0 3 4 4
-5431.1 -5615.3 1.9 23 0 24.0 9.0 10.5 3.5 2 0 3 1 1
-5411.5 -5560.3 2.3 23 0 18.6 12.5 14.0 0.0 0 0 4 2 2
-5399.9 -5533.2 2.6 292 0 7.5 16.6 10.5 3.5 4 1 3 3 3
-5252.7 -5027.5 1.3 17 0 11.6 10.6 10.0 2.5 2 0 4 5 5
-5276.9 -4981.4 1.0 202 0 20.8 14.5 10.0 2.5 2 0 4 2 2
-5567.2 -5195.6 0.9 22 0 41.2 15.4 10.0 2.5 2 0 4 1 1
-5578.8 -5120.8 0.9 287 0 14.1 24.3 7.5 0.0 0 1 3 5 5
-5620.2 -5098.7 0.1 287 0 14.1 24.3 10.0 0.0 0 1 4 5 5
-5682.0 -5089.1 -0.7 197 0 15.8 27.3 7.5 0.0 0 1 3 0 0
-5617.9 -5310.4 -0.4 291 0 25.1 16.8 14.0 3.5 2 0 4 2 2
-5337.6 -4883.2 0.6 204 0 15.3 48.5 10.0 2.5 4 1 4 3 3
-5270.8 -4914.3 0.6 23 0 18.8 13.0 7.5 2.5 2 0 3 5 5
-5275.6 -4943.8 1.0 21 0 13.9 43.8 10.0 2.5 2 1 4 4 4
-5282.7 -4961.1 1.2 21 0 11.4 14.2 7.5 2.5 2 1 3 0 0
-5322.2 -4975.2 1.5 112 0 22.7 11.9 7.5 2.5 2 0 3 4 4
-5365.9 -4959.7 1.5 114 0 17.9 11.4 10.0 2.5 2 0 4 1 1
-5387.7 -4928.8 1.8 112 0 18.7 7.5 2.5 2.5 2 0 1 0 0
-5368.3 -4916.1 1.6 291 0 10.2 10.5 7.5 2.5 2 1 3 4 4
-5397.1 -4849.7 0.7 202 0 34.8 12.2 10.0 2.5 2 0 4 3 3
-5376.6 -4822.5 0.6 294 0 14.0 10.0 5.0 2.5 4 0 2 3 3
-5307.1 -4853.7 0.4 292 0 40.0 12.1 12.5 2.5 2 0 5 4 4
-5346.4 -4836.5 1.1 293 0 18.1 10.3 10.0 2.5 2 0 4 0 0
-5309.5 -5013.1 1.6 23 0 16.3 16.6 7.5 2.5 2 1 3 2 2
-5278.5 -5011.2 1.6 23 0 5.1 5.7 5.0 2.5 2 1 2 1 1
-4973.0 -4968.9 -0.9 294 0 8.8 16.4 5.0 2.5 2 0 2 1 1
-4965.0 -4972.4 -1.0 293 0 9.0 13.2 7.5 2.5 2 0 3 5 5
-5148.8 -5052.4 0.6 115 0 17.6 7.6 7.5 2.5 2 0 3 3 3
-5178.9 -5060.8 0.9 295 0 9.3 10.6 5.0 2.5 2 1 2 0 0
-5173.9 -5087.9 1.0 293 0 11.1 4.9 5.0 2.5 2 0 2 5 5
-5278.2 -5194.8 1.5 12 0 28.5 8.6 7.5 2.5 2 0 3 0 0
-5268.9 -5159.2 1.4 13 0 56.1 8.9 7.5 2.5 2 0 3 5 5
-5422.4 -4910.8 1.4 202 0 18.9 12.3 7.5 2.5 2 0 3 1 1
-5375.2 -4891.9 1.7 292 0 7.5 11.9 2.5 2.5 2 1 1 1 1
-5358.0 -4941.7 1.3 112 0 6.2 9.2 7.5 2.5 2 1 3 5 5
-5251.5 -4854.4 -0.0 294 0 27.5 10.4 10.0 2.5 2 0 4 5 5
-5133.2 -5009.8 0.2 203 0 6.6 11.9 5.0 0.0 0 1 2 1 1
-5125.3 -4992.2 0.2 203 0 8.6 15.2 5.0 2.5 4 1 2 5 5
-5116.5 -4971.1 0.2 203 0 6.1 19.2 5.0 0.0 0 1 2 1 1
-5114.1 -4953.3 -0.0 202 0 6.9 9.9 7.5 2.5 2 1 3 4 4
-5171.7 -5041.5 0.8 115 0 11.0 10.0 5.0 2.5 4 0 2 4 4
-5192.9 -5083.8 1.1 204 0 8.1 4.0 5.0 2.5 2 0 2 5 5
-5251.6 -4918.6 0.6 201 0 33.6 6.5 7.5 2.5 2 0 3 4 4
-5300.0 -4950.9 1.2 22 0 5.7 23.8 7.5 2.5 2 1 3 5 5
-5452.7 -5174.3 2.8 201 0 36.7 9.4 7.5 2.5 2 0 3 4 4
-5352.5 -5172.4 2.0 202 0 27.0 7.1 5.0 2.5 2 0 2 2 2
-5105.6 -5095.7 0.5 297 0 10.5 10.2 2.5 2.5 2 0 1 3 3
-5086.7 -5104.6 0.4 295 0 11.0 10.6 2.5 2.5 4 0 1 1 1
-5080.9 -5129.0 0.2 293 0 9.1 18.6 7.5 0.0 0 1 3 2 2
-5056.2 -5133.2 0.3 297 0 4.6 7.4 5.0 0.0 0 1 2 2 2
-4986.3 -5166.3 -0.6 295 0 3.6 9.2 7.5 2.5 2 0 3 2 2
-4989.5 -5164.7 -0.5 295 0 3.5 6.5 5.0 2.5 2 0 2 4 4
-5033.2 -5144.5 0.0 296 0 4.1 7.0 5.0 2.5 4 1 2 3 3
-5039.8 -5149.0 -0.0 296 0 3.9 7.3 5.0 2.5 2 1 2 0 0
-5131.2 -5055.6 0.5 115 0 3.9 7.9 5.0 2.5 2 1 2 5 5
-4912.1 -5168.0 -1.4 118 0 9.4 103.4 7.5 2.5 2 1 3 5 5
-4844.0 -5041.6 -1.5 298 0 4.7 34.4 2.5 2.5 4 1 1 3 3
-4824.1 -5120.5 -1.7 123 0 12.5 36.6 7.5 2.5 2 1 3 1 1
-4918.0 -4957.7 -1.4 114 0 32.6 13.2 10.0 0.0 0 0 4 1 1
-4994.7 -5078.9 -0.4 113 0 29.0 6.3 5.0 2.5 2 0 2 4 4
-4931.2 -5030.1 -1.0 294 0 23.9 34.7 10.0 0.0 0 1 4 4 4
-5160.1 -4852.3 -0.4 115 0 17.2 9.5 7.5 0.0 0 0 3 0 0
-5122.8 -4844.3 -0.4 293 0 16.4 7.7 5.0 2.5 2 0 2 1 1
-5362.4 -4878.1 1.3 112 0 22.4 12.5 10.0 2.5 2 0 4 4 4
-5805.0 -5576.9 -2.9 116 0 18.2 90.2 10.5 0.0 0 1 3 5 5
-4988.3 -5130.7 -0.3 115 0 42.6 9.0 7.5 2.5 2 0 3 3 3
-5129.5 -5084.3 0.6 295 0 15.6 10.3 5.0 2.5 2 0 2 0 0
-5131.4 -5094.8 0.7 295 0 11.2 10.6 7.5 0.0 0 0 3 0 0
-5320.1 -5035.6 1.8 23 0 12.3 11.3 2.5 2.5 4 0 1 1 1
-5331.7 -5066.2 2.0 23 0 20.4 10.2 5.0 2.5 2 0 2 2 2
-5348.6 -5107.0 2.1 23 0 43.0 10.9 12.5 2.5 2 0 5 4 4
-5363.5 -5144.9 2.2 21 0 11.6 10.7 5.0 2.5 2 0 2 0 0
-5380.7 -5189.1 2.4 23 0 9.6 9.1 2.5 2.5 2 0 1 3 3
-5394.0 -5208.2 2.4 111 0 8.2 9.3 5.0 2.5 2 1 2 0 0
-5328.9 -4996.6 1.6 293 0 5.2 8.1 7.5 2.5 2 1 3 3 3
-5354.7 -4990.7 1.8 202 0 9.3 12.9 2.5 2.5 2 1 1 2 2
-5462.2 -5392.6 1.8 23 0 39.7 20.4 14.0 0.0 0 0 4 1 1
-5141.9 -5012.6 0.4 293 0 7.4 6.6 5.0 2.5 4 0 2 2 2
-5307.9 -4966.0 1.4 114 0 4.0 6.8 5.0 2.5 2 1 2 1 1
-5361.5 -5009.6 1.8 201 0 11.1 8.7 5.0 2.5 2 0 2 0 0
-5338.9 -5007.1 1.8 293 0 5.4 9.2 5.0 2.5 2 1 2 2 2
-5367.3 -5025.0 2.0 201 0 13.0 11.8 5.0 2.5 2 0 2 4 4
-5372.5 -5038.5 2.2 203 0 6.7 12.2 2.5 0.0 0 1 1 2 2
-5380.2 -5058.7 2.3 203 0 9.0 10.6 5.0 2.5 2 1 2 2 2
-5402.8 -5114.7 2.4 203 0 7.7 13.7 5.0 2.5 2 1 2 0 0
-5411.6 -5138.1 2.5 202 0 8.8 9.9 2.5 2.5 2 1 1 0 0
-5418.2 -5153.9 2.6 202 0 13.0 10.3 2.5 2.5 2 0 1 1 1
-5431.1 -5186.3 2.7 203 0 9.1 10.7 2.5 0.0 0 1 1 5 5
-5407.3 -5202.9 2.5 111 0 6.4 6.0 5.0 2.5 2 0 2 3 3
-5367.9 -5056.7 2.2 201 0 4.2 10.1 7.5 2.5 2 1 3 2 2
-5351.3 -5065.6 2.2 24 0 10.8 3.9 2.5 2.5 2 0 1 3 3
-5376.4 -5128.8 2.3 21 0 10.8 6.5 5.0 2.5 2 0 2 2 2
-5361.9 -5090.8 2.2 23 0 8.4 7.5 7.5 2.5 2 0 3 3 3
-5514.3 -5025.9 1.6 111 0 22.8 13.0 10.0 2.5 2 0 4 5 5
-5490.7 -5006.8 1.7 22 0 14.3 12.3 2.5 2.5 2 0 1 1 1
-5483.6 -4986.7 1.5 20 0 12.1 11.6 5.0 2.5 4 0 2 0 0
-5476.2 -4966.9 1.4 22 0 12.4 11.4 2.5 2.5 2 0 1 4 4
-5518.0 -5068.9 1.9 20 0 18.3 20.7 10.0 2.5 2 1 4 3 3
-5528.1 -5097.8 1.9 20 0 13.0 14.5 10.5 2.5 2 1 3 0 0
-5556.5 -5093.1 1.5 109 0 11.5 7.8 7.5 2.5 2 0 3 2 2
-5495.6 -4967.8 0.9 23 0 5.4 18.5 7.5 2.5 2 1 3 2 2
-5488.1 -4937.6 0.9 292 0 6.3 8.6 2.5 2.5 2 1 1 3 3
-5489.9 -4924.9 0.7 291 0 6.1 11.2 2.5 2.5 2 1 1 3 3
-5555.1 -5168.4 1.2 20 0 11.3 18.0 5.0 2.5 2 1 2 4 4
-5583.8 -4782.9 -3.1 293 0 13.0 24.4 7.5 2.5 2 1 3 5 5
-5630.5 -4839.9 -3.2 113 0 10.9 33.5 7.5 2.5 2 1 3 1 1
-5612.8 -4788.3 -3.7 21 0 33.6 10.4 7.5 2.5 2 0 3 3 3
-5656.8 -4823.8 -3.9 112 0 11.0 33.7 5.0 2.5 2 1 2 2 2
-5684.5 -4812.6 -4.5 113 0 10.8 33.8 7.5 0.0 0 1 3 4 4
-5641.9 -4750.7 -4.0 23 0 10.6 39.1 10.0 2.5 2 1 4 4 4
-5701.8 -4787.9 -4.9 113 0 11.2 33.5 10.0 2.5 2 1 4 2 2
-5566.5 -4808.9 -2.5 203 0 60.5 11.4 15.0 0.0 0 0 6 2 2
-5538.8 -4741.4 -2.6 203 0 59.9 12.3 7.5 2.5 2 0 3 0 0
-5550.1 -4871.8 -1.4 112 0 29.4 11.1 7.5 2.5 2 0 3 5 5
-5547.4 -4828.9 -1.7 202 0 11.6 45.4 12.5 2.5 2 1 5 3 3
-5522.7 -4799.9 -1.7 202 0 12.3 44.4 10.0 2.5 2 0 4 4 4
-5530.9 -4796.6 -1.9 202 0 12.5 8.8 5.0 2.5 2 0 2 3 3
-5513.5 -4750.9 -2.4 201 0 12.4 59.4 12.5 2.5 2 1 5 2 2
-5462.0 -4735.8 -1.9 293 0 26.2 7.1 7.5 2.5 2 0 3 5 5
-5469.1 -4720.1 -1.8 203 0 7.2 30.2 5.0 2.5 2 1 2 0 0
-5421.4 -4825.1 0.0 22 0 12.5 12.6 5.0 0.0 0 1 2 4 4
-5413.7 -4806.1 -0.2 22 0 22.7 12.2 10.0 2.5 2 0 4 5 5
-5406.3 -4787.1 -0.3 23 0 14.7 12.5 5.0 2.5 2 0 2 0 0
-5393.7 -4760.0 -0.7 24 0 32.3 13.9 7.5 2.5 2 0 3 5 5
-5360.4 -4786.4 0.3 295 0 10.0 17.5 5.0 2.5 2 1 2 1 1
-5342.5 -4793.3 0.5 293 0 15.7 12.6 5.0 2.5 2 0 2 5 5
-5319.1 -4804.5 0.9 295 0 10.8 12.2 5.0 2.5 2 1 2 4 4
-5293.8 -4822.9 0.6 24 0 10.5 17.0 10.0 2.5 2 1 4 0 0
-5301.3 -5049.1 1.6 202 0 18.5 19.6 10.0 0.0 0 1 4 1 1
1764.2 1702.2 -6.8 49 0 9.5 8.8 5.0 2.5 2 0 2 0 0
1804.6 1701.1 -6.2 233 0 15.2 23.4 10.0 2.5 2 1 4 2 2
1782.8 1688.6 -6.5 225 0 30.6 7.1 5.0 2.5 2 0 2 3 3
-5719.3 -5131.5 -1.4 20 0 32.6 10.2 14.0 3.5 2 0 4 1 1
-5751.1 -5137.8 -2.0 21 0 33.6 10.9 14.0 3.5 2 0 4 4 4
-5743.8 -5185.0 -2.7 26 0 11.3 65.4 14.0 3.5 2 1 4 3 3
-5828.2 -4946.9 -6.2 20 0 12.3 11.0 5.0 2.5 2 0 2 0 0
-5821.2 -4926.8 -6.6 23 0 10.2 9.3 5.0 2.5 4 0 2 1 1
-5834.0 -4961.8 -5.5 20 0 11.6 10.0 5.0 2.5 2 0 2 3 3
-5799.0 -4916.3 -5.8 202 0 9.5 8.6 5.0 2.5 2 0 2 3 3
-5840.9 -4978.9 -4.8 21 0 10.8 9.4 5.0 2.5 2 0 2 5 5
-5848.4 -4998.1 -4.1 20 0 10.9 10.2 5.0 2.5 2 0 2 0 0
-5802.6 -4881.1 -5.8 20 0 10.0 9.7 5.0 2.5 2 0 2 2 2
-5797.8 -4868.6 -5.5 21 0 8.8 8.5 5.0 2.5 2 0 2 3 3
-5842.5 -4924.3 -7.1 20 0 8.1 5.6 5.0 0.0 0 0 2 3 3
-5849.4 -4941.4 -6.4 20 0 8.7 4.5 7.5 2.5 2 0 3 5 5
-5817.8 -4965.1 -4.9 202 0 12.1 7.2 5.0 2.5 2 0 2 4 4
-5785.9 -4838.1 -5.5 22 0 9.5 8.7 5.0 2.5 2 0 2 3 3
-5791.6 -4854.6 -5.4 21 0 8.2 9.5 5.0 2.5 2 1 2 0 0
-5810.4 -4898.9 -6.3 20 0 11.2 11.6 7.5 2.5 2 0 3 0 0
-5814.3 -4909.4 -6.5 21 0 11.2 11.6 7.5 2.5 2 0 3 1 1
-5805.8 -4932.8 -5.9 202 0 10.5 9.1 5.0 2.5 2 0 2 5 5
-5809.8 -4942.7 -5.9 202 0 10.7 9.1 5.0 2.5 2 0 2 0 0
-5764.2 -4790.3 -5.8 22 0 14.3 11.1 5.0 0.0 0 0 2 3 3
-5774.8 -4811.6 -5.8 21 0 9.6 10.3 5.0 2.5 2 0 2 3 3
-5778.2 -4820.5 -5.7 21 0 9.6 10.3 5.0 2.5 2 0 2 1 1
-5761.5 -4825.4 -5.2 202 0 9.0 8.1 2.5 2.5 2 0 1 3 3
-5755.9 -4810.9 -5.3 202 0 13.3 10.4 7.5 2.5 2 0 3 2 2
-5747.9 -4788.0 -5.4 201 0 16.4 10.8 10.0 2.5 2 0 4 0 0
-5758.4 -4768.1 -5.3 22 0 8.4 9.8 5.0 2.5 2 1 2 2 2
-5739.7 -4768.4 -5.2 203 0 17.3 12.2 5.0 2.5 4 0 2 2 2
-5734.3 -4836.6 -4.6 293 0 5.6 8.3 5.0 2.5 2 1 2 4 4
-5751.4 -4751.2 -5.0 21 0 8.6 8.3 5.0 2.5 2 0 2 3 3
-5730.4 -4746.0 -4.7 202 0 12.3 10.0 5.0 2.5 2 0 2 1 1
-5700.6 -4612.9 -3.7 21 0 8.3 8.4 5.0 2.5 4 0 2 5 5
-5703.5 -4620.8 -3.6 20 0 8.5 8.4 5.0 2.5 2 0 2 5 5
-5684.2 -4615.2 -3.6 201 0 11.9 8.5 5.0 2.5 2 0 2 3 3
-5692.3 -4631.8 -3.5 200 0 8.2 8.7 5.0 2.5 2 1 2 0 0
-5699.4 -4656.9 -3.4 201 0 11.3 11.3 5.0 2.5 2 1 2 2 2
-5726.3 -4683.1 -3.5 22 0 8.1 8.5 5.0 2.5 2 1 2 3 3
-5732.3 -4703.2 -4.3 22 0 8.1 8.9 5.0 2.5 2 1 2 0 0
-5739.2 -4719.4 -4.5 23 0 7.6 8.5 5.0 2.5 2 1 2 4 4
-5743.8 -4733.8 -4.6 22 0 9.2 9.4 5.0 2.5 2 1 2 1 1
-5721.0 -4722.5 -4.3 202 0 7.3 10.6 5.0 2.5 2 0 2 3 3
-5723.8 -4729.1 -4.3 203 0 6.9 10.6 5.0 2.5 2 0 2 1 1
-5781.2 -7184.5 -8.1 100 0 27.9 15.3 15.0 0.0 0 0 6 5 5
-5493.2 -4897.7 0.1 112 0 12.1 6.5 7.5 2.5 2 0 3 1 1
-5482.7 -4902.0 0.3 112 0 10.5 10.1 7.5 2.5 4 0 3 2 2
-5687.2 -5374.5 -1.1 202 0 7.3 22.9 10.5 3.5 2 1 3 4 4
-5738.0 -5369.4 -2.0 203 0 35.7 13.8 14.0 3.5 2 0 4 0 0
-5750.9 -5399.9 -2.2 203 0 30.4 12.7 14.0 3.5 4 0 4 4 4
-5424.4 -5170.3 2.6 201 0 7.1 9.4 5.0 0.0 0 1 2 3 3
-5402.1 -4894.3 1.5 203 0 4.9 8.6 5.0 2.5 2 0 2 0 0
-5795.9 -5359.4 -2.7 201 0 12.1 9.6 10.5 3.5 2 0 3 2 2
-5780.6 -5359.8 -2.5 201 0 8.9 10.0 10.5 3.5 2 0 3 3 3
-5820.6 -5420.2 -3.3 201 0 16.4 9.5 10.5 0.0 0 0 3 3 3
-5804.9 -5424.5 -3.1 202 0 30.6 6.8 10.5 3.5 4 0 3 1 1
-5819.5 -5438.2 -3.3 203 0 6.0 8.4 10.5 3.5 2 1 3 0 0
-5764.3 -5386.4 -2.4 22 1 13.7 10.0 14.0 3.5 4 0 4 1 1
-5790.9 -5349.3 -2.6 113 0 5.4 9.8 10.5 3.5 2 1 3 0 0
-5774.2 -5350.4 -2.3 202 0 15.4 5.9 10.5 3.5 2 0 3 5 5
-5780.8 -5318.7 -2.3 201 0 7.3 10.2 10.5 3.5 2 1 3 3 3
-5768.4 -5294.0 -2.1 202 1 12.6 12.9 14.0 3.5 2 1 4 2 2
-4971.2 -5735.6 -0.8 21 0 19.3 11.3 3.5 3.5 4 0 1 2 2
-4945.5 -5567.8 -1.1 291 0 10.8 15.3 14.0 3.5 2 1 4 5 5
-4921.6 -5597.8 -1.2 21 0 11.5 25.5 7.0 3.5 2 1 2 1 1
-4931.1 -5623.0 -1.6 21 0 11.5 25.5 7.0 3.5 2 1 2 0 0
-4946.4 -5670.4 -1.8 21 0 51.5 11.9 3.5 3.5 2 0 1 1 1
-4854.2 -5512.0 -1.9 205 0 18.3 13.3 7.5 0.0 0 0 3 0 0
-4867.9 -5561.7 -1.8 110 0 9.3 22.8 5.0 2.5 2 1 2 2 2
-4905.2 -5651.0 -2.2 201 0 25.8 11.4 2.5 2.5 2 0 1 3 3
-4911.3 -5683.1 -1.6 201 0 19.9 10.9 2.5 2.5 2 0 1 0 0
-4921.4 -5708.7 -1.5 201 0 19.9 10.9 2.5 0.0 0 0 1 2 2
-4935.7 -5733.1 -1.2 202 0 20.8 9.8 2.5 0.0 0 0 1 5 5
-4923.4 -5767.6 -1.6 120 0 27.2 9.7 2.5 2.5 2 0 1 3 3
-4822.9 -5631.1 -3.0 19 0 12.6 39.6 7.5 2.5 2 1 3 3 3
-4811.3 -5635.9 -3.0 20 0 7.3 10.1 5.0 2.5 2 0 2 4 4
-4814.2 -5643.8 -2.9 20 0 9.6 10.1 5.0 2.5 2 0 2 1 1
-4819.3 -5654.7 -2.6 20 0 11.8 10.9 5.0 2.5 2 0 2 5 5
-4824.1 -5668.4 -2.0 21 0 9.3 8.4 5.0 2.5 2 0 2 2 2
-4830.2 -5686.1 -2.2 22 0 11.2 10.0 5.0 2.5 2 0 2 1 1
-4843.8 -5722.2 -1.6 322 0 8.8 35.2 2.5 2.5 2 1 1 0 0
-4886.3 -5764.7 -1.9 51 0 19.8 10.6 2.5 2.5 2 0 1 0 0
-4775.2 -5675.8 -2.5 53 0 10.9 9.6 2.5 2.5 2 0 1 3 3
-4794.1 -5688.4 -2.5 54 0 11.7 12.0 2.5 2.5 2 1 1 2 2
-4775.0 -5610.4 -3.6 200 0 57.0 13.4 7.5 2.5 2 0 3 2 2
-4709.7 -5554.6 -3.9 291 0 12.9 48.9 5.0 2.5 2 1 2 1 1
-4729.0 -5498.0 -3.0 112 0 22.7 12.9 7.5 2.5 2 0 3 1 1
-4711.6 -5425.1 -3.0 291 0 17.1 29.6 10.0 2.5 2 0 4 2 2
-4660.3 -5447.5 -3.5 291 0 14.8 67.0 7.5 2.5 4 1 3 3 3
-4781.1 -5350.3 -2.6 110 0 10.2 26.9 7.5 2.5 2 1 3 3 3
-4694.4 -5431.6 -3.2 291 0 11.4 18.4 10.5 2.5 2 0 3 3 3
-4749.6 -5282.3 -2.9 110 0 21.8 19.1 10.0 2.5 2 0 4 4 4
-4747.2 -5238.0 -2.9 203 0 15.1 29.9 7.5 0.0 0 1 3 5 5
-4845.1 -5507.5 -2.1 201 0 10.9 24.9 7.5 2.5 2 1 3 1 1
-4812.4 -5537.7 -2.2 20 0 9.1 15.2 5.0 2.5 2 1 2 5 5
-4782.6 -5528.8 -2.4 21 0 8.4 23.4 7.5 2.5 2 1 3 3 3
-4856.0 -5569.3 -1.9 110 0 4.8 22.8 7.5 0.0 0 1 3 2 2
-4841.0 -5567.5 -2.0 112 0 12.5 11.2 5.0 2.5 2 0 2 5 5
-4810.5 -5582.5 -2.4 110 0 19.7 10.1 5.0 2.5 4 0 2 4 4
-5428.9 -4728.7 -1.4 294 0 15.6 28.5 7.5 2.5 2 1 3 3 3
-5266.8 -4956.3 1.0 203 0 33.3 6.4 5.0 2.5 2 0 2 0 0
-5318.7 -5093.9 1.7 201 0 18.5 19.6 10.0 2.5 2 1 4 4 4
-5337.1 -5138.5 1.8 202 0 17.4 18.6 7.5 2.5 2 1 3 4 4
-5126.3 -5248.0 0.3 307 0 10.8 16.1 7.0 0.0 0 0 2 1 1
-4933.1 -5433.8 -1.3 111 0 16.4 13.9 5.0 2.5 2 0 2 0 0
-4905.4 -5402.3 -1.5 206 0 19.8 11.7 7.0 2.5 2 0 2 5 5
-4890.7 -5438.7 -1.6 115 0 18.7 4.9 10.5 2.5 2 0 3 5 5
-5483.1 -5636.1 1.1 295 0 8.7 13.6 10.5 3.5 2 1 3 4 4
-5467.1 -5671.4 1.1 343 1 14.1 16.4 14.0 3.5 4 1 4 4 4
-5444.0 -5613.1 1.7 26 0 9.3 11.0 10.5 3.5 4 1 3 1 1
-5463.9 -5609.2 1.5 115 0 9.5 8.8 10.5 3.5 2 0 3 2 2
-5477.2 -5601.2 1.3 117 0 14.8 9.2 10.5 0.0 0 0 3 5 5
-5524.9 -5572.5 0.7 208 0 8.9 11.7 10.5 0.0 0 1 3 5 5
-5466.3 -5721.2 0.1 18 0 10.1 11.1 14.0 0.0 0 1 4 5 5
-5518.2 -5708.8 -0.8 110 0 8.5 10.1 10.5 3.5 2 0 3 5 5
-5546.4 -5692.8 -1.3 201 0 10.1 21.8 14.0 3.5 2 1 4 5 5
-5549.4 -5677.9 -1.4 202 0 36.6 4.4 10.5 3.5 2 0 3 2 2
-5565.9 -5692.1 -1.5 111 0 8.1 9.8 10.5 3.5 2 0 3 0 0
-5575.4 -5688.5 -1.7 111 0 12.4 9.8 10.5 3.5 2 0 3 1 1
-5646.8 -5661.6 -1.9 110 1 11.4 10.0 17.5 3.5 2 0 5 3 3
-5623.7 -5670.5 -2.0 109 0 8.9 10.9 10.5 3.5 2 1 3 1 1
-5638.6 -5594.0 -1.1 206 0 15.0 45.9 17.5 3.5 2 1 5 3 3
-5416.8 -5527.1 2.4 294 0 14.4 10.7 14.0 3.5 2 0 4 2 2
-5341.2 -5775.3 1.6 110 0 11.0 9.8 10.5 3.5 2 0 3 0 0
-5308.2 -5783.7 1.5 111 0 40.1 21.5 14.0 0.0 0 0 4 5 5
-5276.4 -5795.9 1.4 110 1 11.6 10.1 14.0 3.5 2 0 4 3 3
-5308.3 -5872.7 -0.2 55 0 20.5 20.4 17.5 3.5 2 0 5 2 2
-5294.6 -5882.9 -0.3 127 0 24.4 12.7 17.5 3.5 2 0 5 4 4
-5277.5 -5899.0 -0.5 127 0 12.6 11.6 17.5 3.5 2 0 5 5 5
-5266.4 -5904.9 -0.5 130 0 13.1 19.6 17.5 3.5 2 0 5 0 0
-5242.3 -5871.1 -0.1 312 0 29.3 9.4 10.5 3.5 2 0 3 3 3
-5244.5 -5881.7 -0.2 312 0 15.2 6.7 10.5 3.5 2 0 3 1 1
-5195.2 -5925.3 -0.3 201 0 11.9 27.4 14.0 3.5 2 1 4 5 5
-5150.8 -5948.2 -0.1 131 0 28.9 34.7 14.0 0.0 0 1 4 3 3
-5154.3 -5869.5 0.2 217 0 44.3 13.6 14.0 3.5 2 0 4 5 5
-5528.1 -5567.0 0.5 28 0 10.5 11.9 14.0 3.5 2 1 4 4 4
-4795.4 -5246.1 -2.4 20 0 16.9 11.8 2.5 2.5 2 0 1 0 0
-4808.1 -5275.9 -2.3 21 0 16.8 15.4 10.0 2.5 4 0 4 0 0
-5640.0 -5286.4 -0.4 112 0 36.7 14.3 7.5 2.5 2 0 3 1 1
-5663.4 -5290.6 -0.6 292 1 12.8 10.9 14.0 0.0 0 0 4 5 5
-5875.6 -5486.4 -3.9 275 0 13.0 20.1 10.5 3.5 2 1 3 1 1
-5877.6 -5539.0 -3.4 115 0 33.5 12.8 10.5 3.5 2 0 3 3 3
-5807.6 -5653.1 -6.5 344 0 10.6 32.5 17.5 3.5 2 1 5 5 5
-5307.4 -4658.7 -1.9 295 0 15.9 19.9 7.5 2.5 4 1 3 4 4
-5405.0 -4595.2 -3.4 202 0 18.7 41.4 10.0 2.5 2 1 4 1 1
-5334.5 -4598.8 -3.4 22 0 10.5 10.1 2.5 2.5 4 0 1 4 4
-5323.0 -4563.8 -3.5 20 0 18.7 9.5 2.5 2.5 2 0 1 3 3
-5311.4 -4523.7 -3.5 291 0 8.4 14.3 5.0 2.5 2 1 2 1 1
-5360.3 -4567.3 -3.6 202 0 6.4 19.7 7.5 2.5 2 1 3 2 2
-5330.2 -4535.4 -3.5 291 0 8.3 10.6 2.5 2.5 2 1 1 1 1
-5338.6 -4515.8 -3.5 293 0 4.8 4.8 7.5 2.5 4 0 3 1 1
-5328.3 -4471.7 -3.4 115 0 10.3 13.6 5.0 2.5 2 1 2 5 5
-5280.2 -4431.7 -3.5 114 0 8.1 8.8 5.0 2.5 2 1 2 4 4
-5266.6 -4412.3 -3.5 24 0 7.7 9.3 5.0 2.5 4 1 2 0 0
-5248.6 -4377.1 -3.4 22 0 7.7 9.2 5.0 2.5 2 1 2 2 2
-5239.9 -4357.1 -3.4 22 0 9.7 9.2 2.5 2.5 4 0 1 2 2
-5234.0 -4341.1 -3.5 22 0 8.2 11.0 5.0 2.5 2 1 2 0 0
-5227.4 -4322.9 -3.5 21 0 13.0 8.3 5.0 2.5 4 0 2 2 2
-5214.9 -4290.2 -3.6 20 0 9.1 8.2 5.0 2.5 2 0 2 2 2
-5208.0 -4274.1 -3.6 21 0 8.0 8.4 5.0 2.5 2 1 2 4 4
-5191.2 -4231.1 -3.7 23 0 3.4 7.3 7.5 2.5 2 1 3 0 0
-5199.1 -4189.7 -3.9 202 0 6.4 22.6 5.0 2.5 2 1 2 5 5
-5173.0 -4185.1 -3.8 20 0 8.5 8.6 5.0 2.5 2 1 2 3 3
-5161.4 -4158.6 -3.9 21 0 8.7 9.0 5.0 2.5 2 1 2 5 5
-5156.0 -4136.5 -3.8 22 0 8.2 9.5 5.0 2.5 2 1 2 3 3
-5137.6 -4093.2 -3.8 20 0 8.9 9.3 2.5 2.5 2 1 1 3 3
-5161.1 -3981.9 -2.5 196 0 4.2 11.9 5.0 2.5 2 1 2 3 3
-5092.0 -3973.5 -3.4 22 0 9.6 12.6 7.5 2.5 2 1 3 2 2
-5126.3 -4113.7 -3.7 22 0 9.1 9.6 2.5 2.5 2 1 1 2 2
-5284.3 -4579.0 -2.6 203 0 16.0 14.8 2.5 2.5 2 0 1 4 4
-5291.8 -4599.1 -2.4 203 0 12.9 12.4 10.5 2.5 2 0 3 3 3
-5300.4 -4631.3 -2.5 113 0 8.0 8.8 5.0 2.5 2 1 2 4 4
-5271.2 -4585.9 -2.6 203 0 13.9 19.9 10.0 0.0 0 0 4 2 2
-5209.8 -4397.8 -3.4 201 0 26.6 14.4 7.5 2.5 2 0 3 0 0
-5199.2 -4370.7 -3.3 201 0 11.3 32.4 7.5 2.5 2 1 3 1 1
-5102.8 -4159.1 -2.7 203 0 9.9 16.8 2.5 2.5 2 0 1 3 3
-4976.9 -4154.7 -1.1 291 0 21.5 9.2 2.5 2.5 2 0 1 3 3
-5267.9 -4662.4 -2.1 112 0 18.5 10.5 8.0 2.5 2 0 2 2 2
-5271.7 -4627.0 -2.6 115 0 8.1 27.1 8.0 2.5 2 1 2 1 1
-4685.8 -4507.2 -0.1 267 0 12.7 19.1 4.0 2.5 2 1 1 4 4
-4930.7 -4834.4 -3.1 115 0 26.5 9.3 7.0 2.5 2 0 2 4 4
-4893.8 -4838.8 -2.9 112 0 8.3 26.1 4.0 2.5 2 1 1 1 1
-4884.0 -4809.3 -2.8 114 0 9.1 11.5 8.0 2.5 4 1 2 4 4
-4784.9 -4897.5 -2.2 116 0 27.2 12.4 10.0 2.5 2 0 4 3 3
-4766.8 -4824.0 -2.2 203 0 61.7 19.7 12.5 2.5 2 0 5 3 3
-4723.5 -4755.4 -2.4 25 0 17.7 36.2 7.5 0.0 0 1 3 2 2
-4711.8 -4684.2 -3.2 354 0 18.4 61.6 7.5 2.5 2 1 3 5 5
-4757.5 -4527.4 -1.1 177 0 8.3 58.8 7.5 0.0 0 1 3 5 5
-4708.0 -4857.7 -2.0 87 0 13.8 25.7 12.5 2.5 4 1 5 5 5
-5652.9 -5516.7 -1.3 292 0 12.6 15.9 10.5 3.5 2 1 3 3 3
-5371.5 -4813.6 0.5 115 0 18.5 8.9 7.5 2.5 2 0 3 5 5
-5341.5 -4823.9 0.9 112 0 6.0 13.1 2.5 2.5 2 1 1 2 2
-5309.4 -4837.4 0.8 114 0 6.3 9.8 5.0 2.5 2 1 2 5 5
-5204.8 -5026.2 0.9 107 0 9.3 34.5 7.5 2.5 2 0 3 4 4
-5195.9 -4985.8 0.8 197 0 13.6 6.2 5.0 2.5 2 0 2 0 0
-5380.6 -5700.1 2.5 112 0 6.8 11.3 10.5 3.5 2 1 3 0 0
-5396.6 -5693.6 2.3 111 0 9.6 9.8 10.5 3.5 2 1 3 0 0
-5021.5 -5623.4 -0.5 201 0 13.2 9.5 10.5 3.5 2 0 3 0 0
-5015.7 -5609.8 -0.5 200 0 7.6 9.9 10.5 3.5 2 1 3 5 5
-5013.0 -5602.4 -0.6 200 0 7.6 9.9 10.5 3.5 2 1 3 0 0
-5008.9 -5588.8 -0.6 201 0 7.7 8.4 10.5 3.5 2 1 3 4 4
-5004.2 -5571.3 -0.6 200 0 4.5 9.7 10.5 0.0 0 1 3 3 3
-5034.5 -5606.4 -0.3 20 0 10.5 9.3 10.5 0.0 0 0 3 0 0
-5038.3 -5616.4 -0.3 20 0 10.5 9.3 10.5 3.5 2 0 3 3 3
-5106.0 -5627.2 0.2 116 0 9.8 12.1 10.5 3.5 2 1 3 5 5
-5075.2 -5581.4 -0.0 292 1 15.6 10.2 14.0 3.5 2 0 4 4 4
-4703.5 -5652.5 -6.3 230 0 21.6 5.8 5.0 2.5 2 0 2 4 4
-4722.7 -5669.5 -5.4 231 0 10.4 8.2 7.5 2.5 2 0 3 0 0
-4743.5 -5684.4 -4.1 231 0 11.8 6.7 5.0 2.5 2 0 2 5 5
-4764.1 -5698.3 -4.1 229 0 10.2 9.2 5.0 2.5 2 0 2 3 3
-4842.4 -5761.7 -3.7 226 0 12.4 11.3 7.5 2.5 2 0 3 4 4
-4852.7 -5773.3 -3.8 226 0 9.7 10.1 5.0 2.5 2 1 2 4 4
-4872.5 -5791.4 -3.4 227 0 9.2 11.7 5.0 2.5 2 0 2 0 0
-4883.6 -5802.5 -2.4 228 0 10.9 9.3 5.0 2.5 2 0 2 5 5
-4874.3 -5817.8 -2.2 228 0 7.3 9.6 7.5 2.5 2 1 3 2 2
-4905.8 -5820.7 -0.8 225 0 16.7 13.4 5.0 2.5 2 0 2 3 3
-4892.4 -5845.7 -0.8 135 0 12.7 13.0 5.0 2.5 2 1 2 1 1
-4852.3 -5878.6 -3.9 45 0 10.7 23.5 15.0 0.0 0 1 6 1 1
-4805.5 -5819.0 -5.8 42 0 14.0 10.9 5.0 2.5 2 0 2 3 3
-4751.6 -5729.2 -5.9 52 0 5.4 8.7 5.0 2.5 2 1 2 4 4
-4742.3 -5716.0 -5.5 48 0 14.8 7.2 5.0 2.5 2 0 2 3 3
-4683.5 -5656.9 -7.8 318 0 5.9 11.8 5.0 2.5 2 1 2 0 0
-5577.1 -4756.2 -3.4 23 0 8.6 11.5 2.5 2.5 2 1 1 1 1
-5570.5 -4731.6 -3.0 292 0 9.9 7.9 5.0 2.5 2 0 2 3 3
-5602.2 -4722.9 -3.2 293 0 11.2 7.0 2.5 0.0 0 0 1 0 0
-5663.1 -4698.7 -4.0 290 0 9.7 8.1 2.5 2.5 2 0 1 2 2
-5709.1 -4688.8 -4.2 203 0 7.9 17.9 5.0 2.5 2 1 2 3 3
-5673.4 -4679.0 -3.4 110 0 6.8 5.9 2.5 2.5 2 0 1 3 3
-5666.9 -4681.4 -3.5 110 0 6.8 5.9 5.0 2.5 2 0 2 5 5
-5636.4 -4692.4 -3.7 109 0 7.2 10.2 2.5 2.5 4 0 1 5 5
-5609.0 -4702.1 -3.4 112 0 6.9 7.4 5.0 2.5 2 1 2 5 5
-5602.3 -4704.8 -3.3 112 0 6.9 7.4 2.5 2.5 2 1 1 3 3
-5557.6 -4709.1 -2.9 19 0 8.0 7.4 2.5 2.5 2 0 1 0 0
-5215.9 -6014.3 -1.8 76 0 12.3 5.8 10.5 0.0 0 0 3 2 2
-5264.0 -6022.4 -1.8 345 1 10.5 18.6 17.5 3.5 2 1 5 1 1
-5288.1 -6034.8 -1.9 75 0 9.4 12.0 10.5 3.5 2 1 3 4 4
-5335.4 -6039.8 -1.4 75 0 9.5 15.9 10.5 3.5 2 0 3 2 2
-5344.9 -6042.4 -1.4 75 0 9.5 15.9 10.5 3.5 2 1 3 2 2
-5352.6 -6053.0 -1.9 74 0 7.5 16.6 10.5 3.5 2 1 3 5 5
-5360.9 -6055.2 -1.9 74 0 5.1 14.3 10.5 3.5 2 1 3 2 2
-5380.5 -6061.1 -2.0 74 0 5.8 20.6 10.5 3.5 2 1 3 2 2
-5389.2 -6063.7 -2.0 74 0 6.9 8.9 10.5 3.5 2 1 3 3 3
-5352.6 -6005.2 -1.2 253 0 5.5 10.2 10.5 3.5 2 1 3 5 5
-5371.4 -6033.3 -1.3 255 0 6.2 9.6 10.5 3.5 2 1 3 1 1
-5336.1 -5996.2 -1.1 255 0 12.5 11.3 17.5 3.5 2 0 5 0 0
-5298.4 -5975.5 -0.9 255 0 16.8 12.5 17.5 3.5 2 0 5 3 3
-5271.0 -5969.3 -0.9 168 0 19.2 13.6 14.0 3.5 2 0 4 0 0
-5236.5 -5964.6 -0.8 262 0 10.1 13.9 14.0 3.5 2 1 4 0 0
-5217.6 -6035.8 -3.7 254 0 6.9 8.2 10.5 3.5 2 1 3 0 0
-5228.2 -6039.0 -4.1 255 0 8.1 12.9 10.5 3.5 2 0 3 1 1
-5243.7 -6046.8 -4.1 165 0 7.2 13.0 10.5 3.5 4 0 3 2 2
-5275.3 -6052.1 -3.8 255 0 14.3 9.1 10.5 3.5 2 0 3 4 4
-5289.1 -6054.3 -4.0 256 0 7.4 13.6 10.5 3.5 2 1 3 5 5
-5296.5 -6056.3 -4.0 256 0 7.4 13.6 10.5 3.5 2 1 3 4 4
-5304.8 -6058.4 -4.0 256 0 9.4 13.7 10.5 3.5 2 0 3 2 2
-5314.8 -6061.1 -3.5 254 0 11.2 6.1 10.5 3.5 2 0 3 2 2
-5315.5 -6067.6 -4.7 255 0 7.4 17.8 10.5 3.5 2 0 3 1 1
-5325.6 -6063.9 -4.0 256 0 9.8 13.5 10.5 3.5 2 1 3 4 4
-5335.2 -6066.3 -4.0 256 0 9.8 13.5 10.5 3.5 2 1 3 3 3
-5398.9 -6082.6 -3.9 255 0 11.1 12.3 17.5 3.5 2 1 5 1 1
-5409.8 -6085.5 -3.9 255 0 11.1 12.3 17.5 3.5 2 0 5 4 4
-5419.0 -6088.0 -3.9 255 0 7.8 12.3 10.5 3.5 2 0 3 3 3
-5347.4 -6070.1 -4.1 257 0 9.8 13.5 10.5 3.5 2 1 3 1 1
-5708.4 -5071.2 -1.3 290 0 14.1 9.1 10.5 0.0 0 0 3 4 4
-5699.6 -5094.0 -1.2 21 1 11.3 11.4 14.0 3.5 2 1 4 5 5
-5634.2 -4712.9 -3.5 290 0 11.1 6.6 5.0 2.5 2 0 2 3 3
-5848.0 -5458.2 -3.7 21 1 10.5 12.5 14.0 3.5 2 1 4 0 0
-5839.2 -5435.9 -3.7 22 0 7.9 9.0 10.5 3.5 2 1 3 4 4
-5833.5 -5421.2 -3.5 22 0 9.1 10.0 10.5 3.5 2 1 3 3 3
-5826.3 -5399.5 -3.4 22 0 10.6 9.6 10.5 3.5 2 0 3 1 1
-5764.8 -5256.8 -2.0 22 1 13.0 10.5 14.0 3.5 2 0 4 5 5
-5753.7 -5224.8 -1.8 22 0 7.2 11.8 10.5 3.5 2 1 3 3 3
-5746.2 -5207.4 -1.7 22 1 12.1 10.2 14.0 3.5 2 0 4 5 5
-5729.1 -5166.4 -1.6 24 1 10.7 15.6 14.0 3.5 2 1 4 1 1
-5841.3 -5019.1 -3.7 200 0 14.8 9.7 2.5 2.5 2 0 1 3 3
-5820.0 -5019.8 -3.4 290 0 10.6 12.4 5.0 2.5 2 1 2 2 2
-5804.4 -5026.8 -3.1 290 0 9.6 10.1 5.0 2.5 2 1 2 4 4
-5827.0 -4996.2 -3.9 113 0 9.1 11.2 5.0 2.5 2 1 2 1 1
-5880.8 -5027.2 -4.6 21 0 11.3 10.5 5.0 0.0 0 0 2 3 3
-5857.2 -5015.6 -4.2 21 0 10.6 11.5 2.5 2.5 2 1 1 1 1
-5868.4 -5077.9 -4.2 4 0 12.8 10.2 10.0 2.5 2 0 4 0 0
-5870.7 -5106.8 -4.2 4 0 14.8 10.6 12.5 2.5 2 0 5 5 5
-5873.8 -5127.0 -4.2 4 0 8.6 7.1 5.0 2.5 2 0 2 1 1
-5825.2 -5063.2 -3.4 290 0 13.5 9.8 10.5 3.5 4 0 3 4 4
-5849.1 -5104.7 -3.6 185 1 12.3 12.1 14.0 3.5 2 0 4 0 0
-5853.8 -5138.1 -3.6 185 0 8.8 10.4 10.5 3.5 2 1 3 5 5
-5854.5 -5147.0 -3.6 185 0 8.8 10.4 10.5 3.5 2 1 3 4 4
-5784.1 -4632.2 -4.0 204 0 12.2 13.4 2.5 2.5 2 1 1 3 3
-5786.8 -4659.3 -3.7 202 0 9.0 9.4 5.0 2.5 2 1 2 5 5
-5792.3 -4676.0 -3.7 201 0 9.5 8.7 2.5 2.5 2 0 1 2 2
-5801.1 -4687.9 -3.8 201 0 6.6 11.9 2.5 0.0 0 1 1 4 4
-5803.9 -4707.9 -4.4 202 0 8.7 7.8 5.0 2.5 2 0 2 1 1
-5811.7 -4725.7 -5.2 201 0 10.2 9.2 5.0 2.5 2 0 2 2 2
-5819.1 -4742.8 -5.7 201 0 9.5 9.8 5.0 2.5 2 1 2 1 1
-5788.8 -4758.8 -5.5 24 0 13.9 10.3 7.5 2.5 2 0 3 0 0
-5782.8 -4737.2 -5.1 22 0 9.1 9.6 5.0 2.5 2 1 2 0 0
-5776.4 -4722.3 -4.8 22 0 7.6 9.5 5.0 2.5 2 1 2 0 0
-5769.6 -4706.6 -4.3 22 0 8.1 9.8 2.5 2.5 2 1 1 3 3
-5762.4 -4690.0 -3.6 22 0 7.4 9.4 5.0 2.5 2 1 2 0 0
-5806.4 -4675.1 -3.8 204 0 6.6 6.1 5.0 2.5 2 0 2 5 5
-5825.1 -4715.1 -4.9 201 0 18.7 9.4 5.0 2.5 2 0 2 4 4
-5776.5 -4764.1 -5.5 21 0 14.2 7.8 7.5 2.5 2 0 3 1 1
-5790.4 -4771.5 -5.7 21 0 6.2 5.4 7.5 2.5 2 0 3 0 0
-5784.9 -4785.4 -5.9 22 0 11.0 5.6 7.5 0.0 0 0 3 4 4
-5791.2 -4792.1 -6.0 21 0 6.1 5.3 2.5 2.5 2 0 1 5 5
-5798.0 -4808.5 -6.1 20 0 10.7 3.8 5.0 0.0 0 0 2 4 4
-5801.7 -4821.2 -6.0 21 0 9.6 5.2 7.5 2.5 2 0 3 0 0
-5806.9 -4829.6 -5.9 23 0 7.2 3.8 5.0 2.5 2 0 2 4 4
-5814.2 -4846.8 -5.8 20 0 6.6 3.8 5.0 2.5 2 0 2 3 3
-5820.0 -4859.8 -6.1 23 0 7.4 5.9 5.0 2.5 2 0 2 0 0
-5823.7 -4872.2 -6.3 22 0 8.8 6.9 7.5 2.5 2 0 3 5 5
-5852.2 -4968.5 -5.3 21 0 7.1 10.8 7.5 2.5 2 1 3 5 5
-5859.6 -4987.8 -4.5 20 0 7.4 10.9 2.5 2.5 2 1 1 1 1
-5872.0 -4993.9 -4.5 21 0 10.1 10.6 5.0 2.5 2 1 2 3 3
-5875.6 -5003.7 -4.6 20 0 10.8 13.7 7.5 0.0 0 1 3 5 5
-5748.0 -4629.9 -3.6 287 0 6.5 18.1 7.5 2.5 2 1 3 5 5
-5730.8 -4639.2 -3.6 20 0 9.4 7.1 5.0 2.5 2 0 2 2 2
-5709.6 -4634.6 -3.6 22 0 4.2 12.3 5.0 2.5 2 1 2 1 1
-5678.5 -4624.2 -3.5 201 0 7.4 12.1 5.0 0.0 0 1 2 1 1
-5653.5 -4614.2 -3.6 292 0 7.9 9.4 2.5 2.5 2 1 1 5 5
-5746.7 -4694.3 -4.5 22 0 27.6 12.0 12.5 0.0 0 0 5 1 1
-5769.0 -4743.4 -5.0 20 0 9.4 7.6 5.0 0.0 0 0 2 2 2
-5808.1 -5479.6 -3.3 97 0 11.7 9.5 10.5 3.5 2 0 3 1 1
-5817.3 2413.4 -0.3 207 0 11.4 18.6 7.5 2.5 2 1 3 4 4
-5742.8 4540.3 -1.3 105 0 12.3 24.1 15.0 0.0 0 1 6 1 1
-5164.9 -4880.6 -0.1 204 0 10.8 17.0 12.5 2.5 2 1 5 5 5
-5127.7 -4892.8 -0.4 295 0 12.1 8.0 7.5 2.5 2 0 3 3 3
-5845.3 -5550.7 -3.3 116 0 9.7 12.6 10.5 3.5 2 1 3 2 2
-5854.3 -5546.3 -3.4 116 0 11.6 12.6 10.5 3.5 4 1 3 5 5
-5865.2 -5601.4 -5.4 262 0 20.9 13.3 17.5 3.5 2 0 5 0 0
-5914.7 -5620.3 -6.9 267 0 8.6 8.9 10.5 3.5 4 1 3 2 2
-5935.1 -5621.4 -7.4 267 0 10.3 9.6 10.5 3.5 2 0 3 0 0
-5959.9 -5669.9 -9.5 89 0 17.3 35.7 17.5 3.5 2 1 5 1 1
-5954.7 -5598.2 -6.2 93 0 9.2 8.3 10.5 0.0 0 0 3 5 5
-5971.1 -5615.7 -7.6 279 0 12.1 8.2 10.5 3.5 2 0 3 0 0
-5974.4 -5598.7 -6.5 92 1 10.3 11.9 14.0 3.5 2 1 4 5 5
-5865.0 -5569.4 -3.8 290 0 11.1 7.8 10.5 3.5 2 0 3 4 4
-5875.3 -5565.2 -3.8 291 0 11.4 8.1 10.5 3.5 2 0 3 0 0
-5886.4 -5561.8 -3.8 283 0 11.5 4.0 10.5 3.5 2 0 3 0 0
-5909.0 -5554.9 -4.3 284 0 9.8 12.2 10.5 3.5 2 1 3 3 3
-5938.6 -5522.5 -3.3 104 0 12.6 10.8 10.5 3.5 2 0 3 4 4
-5957.6 -5517.0 -3.3 106 0 12.4 10.3 10.5 3.5 4 0 3 0 0
-5928.7 -5549.6 -4.2 284 0 12.8 11.1 14.0 3.5 2 0 4 0 0
-5946.3 -5544.9 -4.1 285 0 13.7 9.7 10.5 3.5 2 0 3 1 1
-5968.7 -5539.8 -4.2 285 0 20.5 10.5 14.0 3.5 2 0 4 2 2
-5995.5 -5537.1 -4.5 287 0 13.3 11.0 14.0 3.5 2 0 4 2 2
-5874.8 -5150.0 -4.1 4 0 10.6 9.2 5.0 2.5 2 0 2 1 1
-5876.1 -5171.8 -4.2 4 0 14.6 12.2 5.0 2.5 2 0 2 0 0
-5877.2 -5185.0 -4.1 5 0 11.7 9.7 5.0 2.5 2 0 2 0 0
-5867.0 -5239.1 -3.6 182 1 18.6 13.3 14.0 3.5 2 0 4 3 3
-5864.0 -5178.9 -3.7 182 0 7.7 10.5 10.5 3.5 2 1 3 2 2
-5864.2 -5185.5 -3.7 182 0 9.8 15.3 10.5 3.5 2 1 3 1 1
-5866.2 -5219.1 -3.7 182 0 21.3 13.3 14.0 3.5 4 0 4 3 3
-6459.3 -6941.6 -5.7 34 0 37.1 49.0 12.5 0.0 0 1 5 0 0
-6701.1 -6408.8 -5.4 66 0 10.7 11.2 2.5 2.5 2 1 1 3 3
-6724.8 -6420.4 -5.3 70 0 7.5 14.2 5.0 2.5 2 1 2 0 0
-6708.0 -6352.2 -6.1 207 0 10.7 11.0 5.0 2.5 2 1 2 3 3
-6696.5 -6328.0 -6.4 274 0 11.2 10.4 5.0 2.5 2 0 2 0 0
-6658.6 -6171.7 -8.7 271 0 12.6 39.2 7.5 2.5 2 1 3 3 3
1271.3 -8323.2 -15.5 131 0 11.8 10.7 2.5 2.5 2 0 1 5 5
1294.5 -8330.7 -15.5 41 0 16.0 12.0 5.0 2.5 4 0 2 0 0
1314.3 -8297.0 -15.4 41 0 12.8 12.8 5.0 2.5 4 1 2 1 1
1337.9 -8283.9 -15.5 225 0 14.0 16.9 5.0 0.0 0 1 2 5 5
1344.9 -8332.5 -15.2 131 0 16.2 13.0 5.0 2.5 2 0 2 3 3
1676.2 -8305.1 -15.7 343 0 12.4 10.8 5.0 2.5 2 0 2 3 3
1699.5 -8320.1 -15.4 164 0 13.6 17.6 2.5 2.5 4 1 1 2 2
1761.0 -8328.0 -15.1 72 0 13.3 14.8 5.0 2.5 4 1 2 5 5
1739.4 -8278.1 -15.7 250 0 13.7 15.5 7.5 2.5 2 1 3 3 3
1824.0 -8327.2 -14.8 100 0 13.6 17.2 2.5 2.5 2 1 1 1 1
1822.9 -8299.5 -14.8 189 0 12.9 8.9 5.0 2.5 2 0 2 1 1
1804.9 -8283.3 -15.2 11 0 12.1 12.8 5.0 2.5 2 1 2 2 2
1830.8 -8237.2 -15.1 189 0 14.3 12.9 5.0 2.5 2 0 2 0 0
1848.5 -8177.7 -14.7 224 0 11.4 12.2 2.5 0.0 0 1 1 1 1
1889.6 -8305.0 -14.4 62 0 18.2 17.4 7.5 0.0 0 0 3 5 5
1918.7 -8309.5 -14.5 130 0 17.5 15.2 7.5 2.5 2 0 3 4 4
5663.5 7179.3 -17.4 107 0 11.9 6.2 5.0 2.5 2 0 2 5 5
5683.6 7194.6 -17.3 19 0 10.6 9.3 5.0 2.5 2 0 2 4 4
4486.8 8018.6 -16.6 91 0 8.4 16.6 2.5 2.5 2 1 1 0 0
4508.2 8028.0 -16.7 273 0 9.1 14.0 7.5 2.5 2 1 3 0 0
5503.8 7691.6 -16.4 92 0 11.4 10.8 5.0 2.5 2 0 2 2 2
5528.9 7691.3 -16.4 90 0 11.6 10.1 5.0 0.0 0 0 2 2 2
5424.4 7662.0 -16.0 266 0 11.9 9.4 7.5 2.5 2 0 3 3 3
5450.5 7617.4 -15.5 359 0 14.1 19.5 10.0 2.5 2 1 4 4 4
5415.0 7740.8 -17.1 271 0 7.4 13.4 7.5 2.5 2 0 3 4 4
5389.4 7725.5 -16.9 274 0 19.7 20.8 7.5 2.5 2 1 3 4 4
5386.6 7681.9 -16.5 83 0 12.3 9.3 7.5 2.5 2 0 3 0 0
5389.6 7660.4 -16.1 271 0 12.6 9.5 7.5 2.5 2 0 3 1 1
5357.5 7622.2 -15.7 201 0 11.4 25.0 7.5 0.0 0 1 3 4 4
5371.4 7649.1 -16.0 290 0 7.7 14.0 7.5 2.5 2 1 3 5 5
5357.0 7685.9 -16.6 102 0 8.2 12.8 7.5 2.5 4 1 3 2 2
5330.9 7680.0 -16.7 85 0 5.7 21.6 5.0 2.5 2 1 2 0 0
5310.0 7693.4 -16.7 81 0 15.0 5.6 5.0 2.5 2 0 2 1 1
5286.3 7701.7 -16.7 279 0 7.6 7.9 7.5 2.5 4 1 3 4 4
5303.8 7675.5 -16.6 79 0 8.1 12.4 2.5 2.5 2 1 1 0 0
5261.9 7635.5 -16.0 266 0 10.9 7.7 2.5 2.5 2 0 1 4 4
5279.0 7658.2 -16.4 88 0 7.6 10.2 2.5 2.5 2 1 1 0 0
5273.8 7677.1 -16.5 87 0 6.6 10.0 7.5 2.5 2 1 3 4 4
5262.9 7709.3 -15.3 273 0 10.5 12.9 5.0 2.5 2 1 2 4 4
5257.0 7678.2 -16.0 89 0 10.7 7.2 5.0 2.5 2 0 2 1 1
5245.5 7680.2 -15.1 91 0 6.3 16.6 5.0 2.5 2 1 2 1 1
5259.2 7655.4 -16.3 89 0 10.0 9.5 2.5 2.5 2 0 1 2 2
5212.6 7660.2 -14.4 85 0 14.3 9.7 5.0 2.5 2 0 2 0 0
5215.3 7726.6 -12.3 198 0 6.5 11.1 2.5 2.5 4 1 1 1 1
5236.7 7743.7 -14.0 296 0 8.1 11.3 7.5 2.5 2 1 3 0 0
5246.2 7794.3 -17.2 292 0 5.6 17.1 2.5 0.0 0 1 1 2 2
5207.5 7761.8 -16.2 216 0 14.4 8.4 7.5 2.5 2 0 3 1 1
5196.4 7728.6 -14.8 115 0 6.4 26.8 2.5 2.5 2 0 1 1 1
5217.1 7754.6 -15.4 214 0 12.4 6.2 5.0 2.5 2 0 2 0 0
5224.2 7767.6 -17.0 214 0 17.1 8.5 5.0 2.5 2 0 2 5 5
5247.3 7753.5 -15.7 20 0 8.1 13.0 2.5 2.5 2 1 1 5 5
4988.7 7209.8 -15.1 93 0 13.5 7.5 5.0 2.5 2 0 2 1 1
5007.8 7227.5 -15.1 2 0 14.4 7.5 7.5 2.5 4 0 3 2 2
5007.5 7239.6 -15.0 5 0 10.4 8.1 7.5 2.5 2 0 3 2 2
6303.4 8333.7 -19.7 263 0 9.8 19.9 7.5 2.5 2 1 3 3 3
6358.2 8286.5 -17.2 324 0 3.6 26.7 2.5 0.0 0 1 1 1 1
6363.7 8305.2 -18.1 326 0 9.8 33.2 7.5 2.5 2 1 3 0 0
6289.4 8124.4 -15.1 268 0 32.0 10.1 7.5 2.5 2 0 3 2 2
6367.5 8128.3 -14.8 359 0 11.8 10.0 7.5 2.5 2 0 3 5 5
6365.1 8168.8 -14.4 357 0 10.8 14.5 2.5 2.5 2 1 1 4 4
6389.1 8158.6 -14.2 176 0 12.6 5.7 2.5 2.5 2 0 1 5 5
6381.3 8217.4 -15.0 86 0 8.7 9.9 5.0 2.5 2 0 2 2 2
6347.2 8214.2 -15.4 87 0 5.1 15.0 7.5 2.5 2 1 3 3 3
6375.0 8199.1 -14.8 87 0 8.1 11.8 7.5 2.5 2 1 3 5 5
6391.0 8202.6 -14.6 86 0 10.1 9.4 2.5 2.5 2 0 1 3 3
6415.6 8204.3 -14.3 86 0 8.7 7.8 5.0 2.5 2 0 2 3 3
6476.9 8019.7 -16.7 176 0 8.0 16.0 5.0 2.5 2 1 2 4 4
6459.3 8029.5 -16.7 177 0 25.4 9.8 7.5 2.5 4 0 3 3 3
6618.1 7830.6 -14.4 168 0 8.7 13.4 2.5 2.5 2 1 1 1 1
6107.4 7800.0 -18.0 182 0 5.3 9.0 5.0 2.5 2 1 2 2 2
6061.1 7931.6 -19.3 182 0 15.8 13.3 7.5 2.5 2 0 3 1 1
6063.6 7963.2 -19.3 182 0 13.9 12.5 5.0 2.5 2 0 2 1 1
6131.9 7983.5 -18.7 1 0 14.1 6.2 7.5 2.5 4 0 3 5 5
6103.7 7985.3 -18.6 183 0 8.2 12.2 5.0 0.0 0 1 2 5 5
6135.6 8025.0 -17.5 1 0 7.3 10.7 5.0 0.0 0 0 2 2 2
6119.0 8025.3 -17.5 181 0 7.3 5.9 5.0 2.5 2 0 2 3 3
6057.3 8165.7 -17.7 269 0 6.3 34.1 5.0 2.5 2 1 2 0 0
6013.2 8107.3 -17.1 179 0 15.7 33.0 7.5 2.5 2 0 3 4 4
5999.7 8114.9 -17.7 269 0 26.7 15.7 7.5 2.5 2 0 3 4 4
6090.1 8030.0 -17.8 5 0 12.8 52.9 5.0 2.5 2 1 2 2 2
6078.4 8072.1 -17.2 359 0 15.3 37.4 12.5 2.5 2 1 5 1 1
6102.1 8131.7 -17.3 3 0 65.7 13.7 12.5 2.5 2 0 5 1 1
6042.7 8251.8 -21.4 89 0 11.8 7.7 7.5 2.5 2 0 3 5 5
6033.9 8288.0 -22.9 269 0 6.5 18.0 5.0 2.5 2 1 2 3 3
6060.7 8293.8 -22.6 268 0 7.5 14.9 5.0 2.5 2 1 2 3 3
5611.1 8023.4 -18.7 180 0 6.9 17.5 7.5 2.5 4 1 3 3 3
6119.8 8257.4 -20.0 179 0 9.0 4.4 7.5 2.5 2 0 3 3 3
6123.1 8191.3 -17.5 90 0 8.4 8.2 5.0 2.5 2 0 2 4 4
6156.9 8192.0 -17.1 89 0 11.1 7.9 5.0 2.5 2 0 2 5 5
6159.5 8270.1 -19.8 269 0 5.1 7.5 5.0 2.5 2 1 2 2 2
6168.2 8255.6 -19.3 89 0 11.9 7.1 5.0 2.5 2 0 2 2 2
6119.6 8266.1 -20.5 179 0 8.4 4.4 5.0 2.5 2 0 2 4 4
6116.0 8231.8 -18.9 88 0 9.0 9.0 5.0 2.5 4 1 2 0 0
6173.4 8236.3 -18.1 91 0 8.6 8.9 2.5 2.5 2 1 1 4 4
6204.3 8320.7 -21.0 269 0 18.5 9.3 7.5 2.5 2 0 3 3 3
6154.0 8297.6 -21.3 271 0 4.7 10.9 5.0 2.5 2 1 2 3 3
6132.8 8296.1 -21.6 269 0 8.5 8.7 5.0 2.5 2 1 2 1 1
6081.4 8331.3 -23.0 89 0 6.8 7.9 7.5 2.5 2 1 3 4 4
6088.9 8310.3 -22.5 89 0 8.8 9.6 5.0 2.5 2 1 2 2 2
6069.9 8308.7 -22.7 89 0 8.8 8.5 5.0 2.5 2 0 2 2 2
6050.7 8309.5 -22.9 89 0 8.8 8.6 2.5 2.5 2 0 1 5 5
6032.9 8324.4 -23.2 268 0 6.8 11.6 5.0 2.5 4 1 2 0 0
5926.3 8257.0 -22.7 191 0 19.9 11.2 5.0 2.5 2 0 2 3 3
5911.1 8265.8 -23.0 20 0 11.5 26.3 10.0 2.5 4 1 4 1 1
5898.0 8242.8 -21.8 0 0 10.9 10.1 7.5 2.5 4 0 3 0 0
5904.4 8220.1 -20.9 5 0 8.4 5.5 2.5 2.5 2 0 1 4 4
5891.3 8170.8 -19.6 9 0 24.5 13.3 7.5 2.5 2 0 3 2 2
5885.2 8205.0 -20.3 0 0 11.9 11.9 2.5 2.5 2 0 1 4 4
5871.8 8223.3 -20.8 0 0 9.9 30.9 7.5 2.5 2 1 3 3 3
5831.0 8181.0 -19.3 181 0 28.7 10.7 12.5 2.5 2 0 5 2 2
5806.8 8165.4 -18.6 180 0 10.4 9.6 7.5 2.5 2 0 3 4 4
5806.6 8184.4 -18.8 177 0 8.4 13.4 7.5 0.0 0 1 3 5 5
5774.6 8183.1 -18.6 359 0 9.9 6.4 5.0 2.5 2 0 2 4 4
5764.7 8161.8 -18.2 1 0 11.6 10.1 7.5 2.5 2 0 3 2 2
5756.2 8145.2 -18.4 0 0 6.2 10.4 7.5 2.5 2 1 3 3 3
5619.7 7954.2 -18.8 176 0 13.6 11.8 2.5 2.5 2 0 1 0 0
5648.0 7949.6 -18.8 92 0 13.6 4.2 5.0 2.5 2 0 2 0 0
5642.5 8036.9 -18.4 268 0 10.5 15.3 7.5 2.5 2 1 3 1 1
5612.6 7990.8 -18.8 178 0 28.0 10.1 10.0 2.5 2 0 4 2 2
5655.6 7958.9 -18.7 89 0 30.9 13.0 7.5 2.5 2 0 3 3 3
5713.2 7935.0 -18.5 90 0 23.3 9.0 2.5 2.5 2 0 1 1 1
5729.3 8019.5 -18.5 269 0 13.1 21.8 7.5 2.5 2 1 3 2 2
5670.2 8065.1 -18.6 180 0 7.1 60.4 7.5 2.5 4 1 3 1 1
5687.1 8088.7 -18.6 182 0 9.4 37.7 7.5 2.5 2 1 3 0 0
5740.7 8105.7 -18.7 1 0 21.5 6.0 5.0 2.5 2 0 2 1 1
5790.4 8127.3 -18.8 181 0 9.0 11.4 5.0 2.5 2 1 2 5 5
5859.8 8069.8 -18.7 83 0 10.3 26.2 10.0 2.5 2 1 4 2 2
5849.6 7977.4 -18.2 356 0 7.1 7.7 7.5 2.5 2 1 3 2 2
5848.0 7966.2 -18.2 349 0 6.6 6.6 7.5 0.0 0 1 3 1 1
5850.0 8037.6 -18.4 261 0 11.0 9.6 7.5 0.0 0 0 3 2 2
5840.3 8015.8 -18.4 265 0 6.8 5.2 5.0 2.5 2 0 2 0 0
5852.1 7998.3 -18.3 352 0 5.9 16.5 7.5 2.5 2 1 3 0 0
5825.9 8009.3 -18.4 265 0 6.6 13.4 7.5 2.5 2 1 3 2 2
5824.5 7987.6 -18.3 262 0 14.2 8.6 5.0 2.5 2 0 2 5 5
5831.1 7924.9 -18.3 353 0 14.2 5.6 2.5 0.0 0 0 1 0 0
5851.6 7913.3 -18.4 355 0 4.6 21.1 7.5 2.5 4 1 3 5 5
5850.3 7937.6 -18.4 352 0 28.3 9.6 7.5 2.5 2 0 3 2 2
5807.8 8052.5 -18.7 83 0 11.3 16.2 7.5 2.5 2 1 3 1 1
5874.5 7996.4 -18.2 352 0 8.3 12.1 5.0 2.5 2 0 2 3 3
5873.4 8004.6 -18.2 352 0 8.3 12.1 5.0 2.5 2 0 2 4 4
5872.2 8012.9 -18.3 352 0 8.3 12.1 7.5 2.5 2 0 3 2 2
5871.1 8021.1 -18.3 352 0 8.3 12.1 5.0 2.5 2 0 2 1 1
5880.8 7948.4 -18.4 353 0 11.0 11.8 5.0 0.0 0 0 2 4 4
5879.4 7959.3 -18.1 353 0 11.0 11.8 5.0 2.5 2 0 2 0 0
5877.9 7970.2 -18.1 353 0 11.0 11.8 2.5 2.5 2 0 1 3 3
5880.9 7910.1 -18.7 351 0 9.2 8.5 7.5 2.5 2 0 3 2 2
5864.2 7899.0 -18.5 354 0 6.6 13.9 7.5 2.5 2 1 3 4 4
5865.4 7873.9 -18.4 355 0 7.7 16.3 7.5 2.5 2 1 3 1 1
5834.9 7867.2 -18.2 84 0 9.0 17.6 5.0 2.5 2 1 2 4 4
5869.5 7807.7 -18.1 88 0 24.4 5.6 7.5 2.5 2 0 3 1 1
5872.0 7845.7 -18.3 354 0 8.2 15.2 7.5 2.5 2 1 3 0 0
5866.2 7860.0 -18.3 356 0 5.7 18.6 7.5 2.5 2 0 3 4 4
5838.5 7847.3 -18.1 176 0 27.1 10.0 7.5 2.5 2 0 3 2 2
5824.0 7837.5 -18.0 176 0 9.6 15.2 7.5 2.5 2 0 3 5 5
5876.5 7981.1 -18.2 352 0 11.0 11.8 7.5 2.5 2 0 3 4 4
5885.6 7881.2 -18.6 357 0 11.3 8.6 7.5 2.5 2 0 3 5 5
5888.6 7853.4 -18.5 355 0 14.4 8.0 2.5 2.5 2 0 1 0 0
5890.5 7826.0 -18.3 359 0 10.4 9.0 5.0 2.5 2 0 2 4 4
5789.9 7673.2 -15.5 266 0 9.2 4.6 7.5 2.5 2 0 3 5 5
5776.6 7672.3 -15.6 266 0 17.4 6.3 5.0 2.5 2 0 2 3 3
5801.0 7609.6 -16.4 20 0 14.7 29.1 10.0 2.5 2 1 4 5 5
5796.4 7662.0 -16.0 290 0 8.9 39.4 7.5 2.5 2 1 3 3 3
5813.2 7639.8 -16.1 19 0 17.4 8.7 7.5 2.5 2 0 3 2 2
-3941.5 -7424.1 -0.5 297 0 8.3 12.0 5.0 0.0 0 1 2 2 2
-6252.8 8061.6 4.9 351 0 24.9 9.8 5.0 2.5 2 0 2 1 1
-6257.4 8088.8 4.5 350 0 10.3 19.6 5.0 2.5 2 1 2 1 1
-6271.3 8064.6 5.4 351 0 12.6 4.3 7.5 0.0 0 0 3 0 0
-6307.5 8061.2 6.1 173 0 5.9 11.7 5.0 2.5 4 1 2 3 3
-6287.7 8060.1 5.8 171 0 10.7 4.6 2.5 2.5 2 0 1 3 3
-6307.5 8086.6 5.3 259 0 6.7 8.6 7.5 2.5 4 1 3 0 0
-6307.4 8051.8 6.7 167 0 4.0 11.1 5.0 2.5 2 1 2 2 2
-6316.8 8073.3 6.0 167 0 3.9 4.2 5.0 2.5 2 1 2 3 3
-5883.3 -5250.9 -4.1 4 0 11.7 10.6 5.0 2.5 2 0 2 0 0
-5891.0 -5272.5 -4.1 274 0 13.0 35.9 5.0 2.5 4 1 2 0 0
-6287.7 8086.0 5.0 261 0 5.6 11.4 7.5 0.0 0 1 3 3 3
-5782.4 -5683.5 -7.3 75 0 94.4 30.4 17.5 0.0 0 0 5 1 1
-5629.2 -1786.1 -5.6 352 0 7.1 11.6 2.5 2.5 2 1 1 4 4
-5650.2 -1776.3 -5.7 264 0 6.3 12.3 7.5 2.5 2 1 3 2 2
-3890.5 -6784.8 -9.6 179 0 12.7 10.4 5.0 2.5 2 0 2 4 4
-3870.8 -6799.7 -9.7 86 0 25.5 6.0 2.5 2.5 2 0 1 3 3
-3860.3 -6787.0 -9.7 95 0 5.8 5.1 5.0 0.0 0 0 2 1 1
-3876.9 -6774.3 -9.7 178 0 4.7 9.3 7.5 2.5 2 1 3 4 4
-3912.7 -6721.8 -9.7 158 0 10.5 6.1 5.0 2.5 4 0 2 0 0
716.7 398.6 -7.0 147 0 11.7 22.0 7.5 0.0 0 1 3 2 2
-5484.0 -5784.1 -1.0 289 0 12.3 10.2 14.0 3.5 2 0 4 0 0
-4487.3 -5197.4 -3.1 201 0 13.7 42.5 7.5 2.5 2 1 3 5 5
-4481.3 -5173.1 -3.4 201 0 13.5 45.7 7.5 2.5 2 1 3 4 4
-4492.3 -5220.5 -3.0 201 0 13.6 39.6 12.5 2.5 4 1 5 0 0
-4421.0 -5249.6 -3.1 20 0 13.4 27.8 7.5 2.5 4 1 3 3 3
-4416.3 -5226.1 -2.7 21 0 13.4 25.1 7.5 2.5 2 1 3 2 2
-4410.7 -5201.3 -3.2 19 0 13.4 18.7 7.5 2.5 2 1 3 1 1
-4495.3 -5245.7 -3.3 200 0 13.9 33.3 7.5 2.5 4 1 3 3 3
-4425.8 -5271.9 -3.4 19 0 14.3 31.2 7.5 2.5 2 1 3 0 0
-4450.1 -5297.2 -3.8 111 0 34.6 13.6 7.5 2.5 2 0 3 4 4
-6449.8 -7705.0 -3.3 286 0 18.2 19.2 5.0 2.5 4 1 2 4 4
-6544.8 -6884.3 -4.8 254 0 13.3 30.9 7.5 2.5 2 1 3 0 0
-5933.6 -6271.6 -9.1 80 0 13.0 20.5 17.5 3.5 2 1 5 2 2
-5930.2 -6238.0 -9.5 256 0 27.6 10.0 10.5 3.5 2 0 3 5 5
-5154.6 -5020.1 0.6 293 0 6.4 8.7 5.0 2.5 2 1 2 0 0
-5155.2 -5037.8 0.7 112 0 3.8 6.8 5.0 2.5 2 0 2 0 0
-5124.4 -5045.2 0.5 119 0 3.9 7.5 7.5 2.5 2 1 3 3 3
-4995.7 -5006.2 -0.6 293 0 6.1 10.0 2.5 2.5 2 1 1 0 0
-4770.7 -5139.4 -2.1 125 0 11.6 42.5 7.5 2.5 2 1 3 3 3
-4838.2 -5030.6 -1.6 297 0 4.4 5.5 7.5 2.5 2 1 3 5 5
-4959.1 -5182.2 -0.9 296 0 8.7 35.6 7.5 2.5 2 1 3 2 2
-5080.2 -5110.1 0.4 295 0 5.3 17.0 5.0 0.0 0 1 2 2 2
-5132.7 -5176.6 0.2 190 0 32.5 13.6 10.0 0.0 0 0 4 2 2
-5136.7 -5203.4 0.3 193 0 11.5 12.0 5.0 2.5 2 1 2 2 2
-5085.1 -5231.3 -0.2 112 0 10.6 12.8 5.0 2.5 2 1 2 3 3
-5093.4 -5358.4 0.1 21 0 10.5 22.2 7.5 2.5 2 1 3 0 0
-5458.6 -5696.6 1.0 16 0 13.4 4.5 10.5 3.5 2 0 3 4 4
-4876.9 -5490.3 -1.6 21 0 7.1 15.6 2.5 2.5 2 1 1 2 2
