-4013.9 -3251.5 -12.7 174 0 13.6 48.3 10.0 2.5 2 1 4 0 0
-3950.6 -3282.3 -12.0 355 0 11.1 30.5 7.5 2.5 2 1 3 0 0
-3991.7 -3190.9 -13.5 269 0 19.1 9.6 5.0 0.0 0 0 2 2 2
-4035.9 -3166.2 -13.8 262 0 17.6 9.9 7.5 2.5 2 0 3 2 2
-3940.9 -3199.9 -13.0 334 0 11.7 8.9 5.0 2.5 2 0 2 2 2
-4146.7 -3135.6 -14.1 266 0 8.6 13.1 2.5 2.5 2 1 1 5 5
3418.9 7121.3 5.4 106 0 20.4 38.9 12.5 0.0 0 1 5 1 1
-218.8 -3058.8 -22.1 235 0 10.1 13.4 5.0 2.5 4 1 2 1 1
-206.6 -3054.0 -21.5 234 0 8.5 11.0 7.5 2.5 2 1 3 4 4
-501.3 -4589.8 -22.4 153 0 22.9 12.4 10.0 2.5 4 0 4 0 0
-486.6 -4566.5 -22.2 247 0 6.0 16.3 5.0 2.5 2 1 2 0 0
-474.0 -4578.1 -22.2 61 0 4.2 5.4 5.0 2.5 2 1 2 2 2
-249.2 -4559.4 -23.3 70 0 9.9 17.0 7.5 2.5 2 1 3 3 3
-232.5 -4541.4 -23.3 251 0 7.1 14.7 5.0 2.5 2 1 2 0 0
-1020.9 -3770.0 -16.3 353 0 16.9 8.8 5.0 2.5 2 0 2 4 4
-1034.6 -3799.5 -16.3 146 0 7.4 14.8 7.5 2.5 2 1 3 1 1
-1048.9 -3788.9 -15.9 148 0 13.0 6.0 7.5 2.5 2 0 3 0 0
-1053.3 -3755.4 -16.5 61 0 12.1 16.2 10.0 0.0 0 1 4 4 4
-1156.7 -3740.4 -13.7 243 0 26.9 38.1 10.0 0.0 0 1 4 1 1
-1047.9 -3712.3 -16.5 333 0 8.4 17.1 2.5 2.5 2 1 1 3 3
-1003.9 -3718.9 -16.9 166 0 14.2 9.6 5.0 2.5 2 0 2 2 2
-996.2 -3700.6 -17.1 167 0 5.7 13.1 7.5 2.5 2 1 3 2 2
-1006.3 -3667.4 -17.3 167 0 11.0 11.1 7.5 2.5 2 1 3 2 2
-1009.9 -3647.5 -17.6 170 0 10.3 10.3 7.5 2.5 2 0 3 0 0
-1016.1 -3590.1 -17.5 165 0 7.4 11.6 5.0 0.0 0 1 2 4 4
-951.0 -3596.6 -18.6 345 0 14.1 18.5 10.0 2.5 2 1 4 2 2
-1002.3 -3527.2 -17.7 165 0 16.4 10.0 7.5 2.5 2 0 3 1 1
-1015.2 -3454.9 -17.2 166 0 11.3 10.6 5.0 2.5 2 0 2 5 5
-1020.9 -3432.3 -17.5 163 0 19.6 10.3 2.5 2.5 2 0 1 4 4
-1001.2 -3492.5 -17.4 162 0 14.5 11.4 7.5 2.5 2 0 3 4 4
-1034.8 -3381.0 -17.5 162 0 10.2 10.6 2.5 2.5 2 1 1 5 5
-1055.5 -3331.8 -17.6 160 0 36.7 12.9 7.5 2.5 2 0 3 0 0
-1044.3 -3252.6 -18.0 343 0 9.9 16.6 7.5 0.0 0 1 3 5 5
-1086.7 -3246.5 -17.6 159 0 17.4 10.8 7.5 2.5 2 0 3 0 0
-1063.7 -3207.3 -17.6 344 0 12.8 9.0 5.0 2.5 2 0 2 3 3
-1110.4 -3196.9 -17.1 152 0 15.0 10.1 7.5 2.5 2 0 3 3 3
-1122.0 -3176.0 -16.9 150 0 18.5 11.3 7.5 2.5 4 0 3 0 0
-1152.2 -3129.1 -16.1 151 0 14.3 8.8 7.5 2.5 2 0 3 0 0
-1159.2 -3073.5 -16.7 70 0 13.3 19.5 10.0 2.5 2 1 4 4 4
-1165.0 -3011.6 -17.1 337 0 11.4 11.6 5.0 2.5 2 1 2 4 4
-1187.2 -2993.3 -17.1 160 0 13.3 12.5 5.0 2.5 2 0 2 0 0
-1221.6 -2892.6 -18.1 164 0 10.4 9.1 5.0 2.5 2 0 2 4 4
-1307.1 -2737.6 -18.2 341 0 13.9 10.1 5.0 0.0 0 0 2 0 0
-1209.9 -2794.0 -18.6 144 0 13.9 9.6 2.5 2.5 2 0 1 4 4
-1513.8 -1927.1 -13.5 345 0 14.8 10.5 7.5 2.5 2 0 3 0 0
-1534.5 -1953.4 -14.0 73 0 10.4 13.6 7.5 0.0 0 1 3 1 1
-1559.2 -1956.7 -13.8 69 0 10.6 20.9 7.5 2.5 2 1 3 5 5
-1335.7 -2723.4 -17.6 241 0 12.8 6.9 7.5 2.5 2 0 3 0 0
-1341.3 -2750.1 -17.7 136 0 21.6 6.7 7.5 2.5 2 0 3 1 1
-4486.6 4075.6 -10.9 39 0 9.9 6.6 5.0 2.5 2 0 2 2 2
-4502.8 4132.7 -11.5 308 0 11.8 8.5 5.0 2.5 2 0 2 1 1
-4547.9 4109.5 -11.2 130 0 16.6 10.1 7.5 2.5 2 0 3 5 5
-4584.2 4133.6 -11.3 320 0 12.0 10.2 10.0 0.0 0 0 4 2 2
-4611.4 4131.0 -11.2 222 0 5.3 8.5 7.5 2.5 4 0 3 5 5
-5223.3 4230.9 -7.5 275 0 10.5 25.9 10.0 2.5 2 1 4 3 3
-5327.2 4134.5 -9.2 87 0 16.0 11.3 2.5 2.5 2 0 1 4 4
-5360.1 4170.5 -9.5 177 0 36.1 13.0 10.0 2.5 4 0 4 3 3
-5501.2 4140.0 -11.2 93 0 12.5 10.1 2.5 2.5 2 0 1 5 5
-5558.0 4144.0 -11.9 95 0 14.4 8.5 5.0 2.5 4 0 2 0 0
-5724.8 4189.7 -11.0 148 0 8.4 15.4 2.5 2.5 2 1 1 1 1
2869.1 7312.8 0.2 183 0 20.4 17.5 14.0 0.0 0 0 4 5 5
-6929.8 7088.0 -7.0 315 0 13.1 23.3 10.0 2.5 2 1 4 2 2
-6708.2 6997.5 -8.7 197 0 7.1 13.9 7.5 2.5 2 1 3 2 2
-6912.8 7039.8 -7.2 99 0 10.7 17.8 5.0 2.5 2 1 2 1 1
-5726.5 4129.8 -12.8 330 0 20.2 11.9 5.0 2.5 2 0 2 0 0
-5769.7 4138.9 -11.8 261 0 10.8 7.6 7.5 2.5 2 0 3 1 1
2338.5 2550.9 11.8 333 0 14.9 87.7 12.5 2.5 4 1 5 3 3
2471.9 2479.6 13.1 63 0 40.7 11.9 10.0 2.5 2 0 4 3 3
2381.6 2506.3 12.5 153 0 14.9 87.7 10.0 2.5 2 1 4 0 0
2525.5 2427.4 13.9 333 0 8.4 67.8 7.5 2.5 2 1 3 1 1
2383.7 2468.9 12.8 333 0 14.9 87.7 10.0 2.5 2 1 4 3 3
2364.6 2375.5 13.5 153 0 28.8 8.0 7.5 2.5 2 0 3 2 2
2398.1 2477.4 12.8 153 0 14.9 87.7 10.0 0.0 0 1 4 2 2
2424.8 2309.2 14.5 243 0 100.9 15.2 7.5 2.5 4 0 3 4 4
2354.9 2521.9 12.2 333 0 14.9 87.7 7.5 2.5 2 1 3 1 1
2444.8 2372.7 13.8 333 0 55.2 16.1 7.5 2.5 2 0 3 0 0
2522.5 2479.4 13.3 333 0 17.2 138.4 12.5 0.0 0 1 5 2 2
2539.0 2402.5 14.2 333 0 7.7 68.8 7.5 2.5 2 1 3 2 2
2518.8 2359.4 14.5 243 0 95.9 15.6 7.5 2.5 2 0 3 5 5
2353.8 2560.4 11.7 153 0 14.9 87.7 10.0 2.5 2 1 4 3 3
2351.5 2398.2 13.3 153 0 10.2 5.8 2.5 0.0 0 0 1 2 2
2367.2 2498.8 12.4 333 0 14.9 87.7 7.5 0.0 0 1 3 5 5
2329.8 2395.9 13.3 243 0 14.5 47.8 5.0 2.5 2 1 2 5 5
2369.3 2531.0 12.2 153 0 14.9 87.7 7.5 2.5 2 1 3 1 1
2413.9 2221.8 14.8 153 0 10.6 19.2 7.5 2.5 2 1 3 1 1
1321.6 7720.8 13.7 271 0 10.1 11.4 10.0 2.5 2 1 4 4 4
425.7 8089.5 9.7 1 0 15.3 11.6 7.5 2.5 2 0 3 3 3
2271.8 7245.6 4.9 20 0 10.3 8.0 7.5 2.5 2 0 3 1 1
348.9 8169.1 7.2 302 0 12.4 10.4 7.5 2.5 2 0 3 1 1
239.3 8213.3 4.1 198 0 13.0 13.7 10.0 2.5 2 0 4 3 3
261.2 8213.0 4.3 288 0 14.6 13.0 5.0 2.5 2 0 2 3 3
-1120.0 7747.5 11.7 55 0 40.8 11.7 7.5 2.5 2 0 3 3 3
2332.9 7280.0 2.2 47 0 10.3 9.3 5.0 2.5 2 0 2 3 3
2116.3 7430.1 5.7 268 0 11.3 35.6 5.0 2.5 2 1 2 4 4
157.0 8239.8 6.0 16 0 11.1 13.9 7.5 2.5 2 1 3 5 5
18.1 8155.6 5.8 14 0 16.9 26.0 10.0 2.5 2 1 4 2 2
1209.8 7672.4 13.4 272 0 14.6 9.6 7.5 2.5 2 0 3 0 0
2246.8 7162.2 9.5 36 0 26.0 12.1 12.5 2.5 2 0 5 3 3
2120.0 7324.5 5.3 88 0 14.2 54.2 10.0 2.5 2 1 4 1 1
95.5 8208.9 3.9 193 0 11.8 17.6 5.0 2.5 2 1 2 0 0
2113.4 7013.0 6.6 282 0 36.1 9.0 7.5 0.0 0 0 3 5 5
2167.0 7431.6 5.0 267 0 13.4 33.6 10.0 2.5 2 1 4 4 4
333.3 8175.6 6.4 302 0 20.9 7.8 7.5 0.0 0 0 3 0 0
2285.1 7380.2 2.3 210 0 19.3 54.4 14.0 3.5 2 1 4 0 0
2140.8 7379.2 4.9 269 0 11.8 36.4 7.5 0.0 0 1 3 2 2
1205.5 7628.2 13.5 91 0 21.4 12.8 10.0 2.5 2 0 4 2 2
401.1 8057.4 10.4 94 0 8.8 14.6 5.0 2.5 2 1 2 3 3
215.9 8221.1 4.3 199 0 9.2 16.8 2.5 2.5 2 1 1 1 1
233.5 8156.5 6.3 102 0 11.7 20.9 7.5 2.5 2 1 3 3 3
2121.6 7253.1 7.8 280 0 15.1 9.2 7.5 2.5 2 0 3 0 0
313.7 8095.3 8.9 183 0 30.5 10.7 10.0 2.5 2 0 4 3 3
1226.0 7651.5 13.5 1 0 21.9 9.3 2.5 2.5 2 0 1 0 0
2118.3 7036.0 8.7 99 0 23.4 10.1 5.0 2.5 2 0 2 5 5
2261.4 7183.2 8.3 36 0 14.6 30.7 12.5 2.5 2 0 5 5 5
-58.0 8128.4 5.9 192 0 63.7 14.6 10.0 2.5 2 0 4 1 1
2371.9 7339.0 1.7 29 0 7.7 20.2 10.5 3.5 2 1 3 4 4
2120.0 7277.8 5.4 89 0 11.4 36.3 10.0 0.0 0 1 4 0 0
2143.6 7430.0 5.7 268 0 19.0 7.4 4.0 2.5 2 0 1 5 5
1191.8 7656.1 13.4 179 0 16.4 5.5 5.0 2.5 2 0 2 5 5
2032.8 7332.9 6.5 178 0 55.1 17.5 12.5 2.5 2 0 5 5 5
371.8 8111.4 8.8 4 0 9.1 25.5 7.5 2.5 2 1 3 4 4
1299.0 7703.9 14.0 183 0 6.9 10.8 5.0 2.5 2 1 2 2 2
2653.9 7831.8 4.3 37 0 26.4 10.5 7.5 2.5 2 0 3 3 3
2665.3 7782.1 4.1 126 0 14.0 40.4 12.5 2.5 2 1 5 3 3
2753.6 8014.2 5.9 316 0 40.4 10.4 7.5 2.5 2 0 3 5 5
2713.2 8059.5 5.1 310 0 10.2 8.9 5.0 2.5 2 0 2 5 5
2693.7 7733.7 4.0 306 0 44.6 13.3 7.5 2.5 2 0 3 4 4
2633.9 8116.8 4.5 221 0 16.8 5.7 7.5 2.5 2 0 3 2 2
2546.8 8199.6 4.5 310 0 11.2 10.2 7.5 2.5 2 0 3 5 5
2695.7 7885.3 5.0 36 0 30.1 10.2 10.0 2.5 2 0 4 5 5
2651.1 7765.5 4.3 307 0 11.1 35.3 7.5 2.5 4 1 3 2 2
2295.3 8284.1 7.1 239 0 13.8 15.6 10.0 2.5 2 1 4 2 2
2755.0 7778.8 3.7 37 0 30.6 11.7 7.5 2.5 4 0 3 0 0
2711.9 7919.2 4.8 127 0 11.0 28.2 7.5 2.5 2 1 3 2 2
2728.0 7743.5 3.9 36 0 13.1 44.4 7.5 2.5 2 1 3 4 4
2754.0 7966.8 4.9 37 0 21.4 10.1 5.0 2.5 2 0 2 4 4
2732.9 7814.5 3.8 307 0 13.1 30.6 10.0 2.5 2 1 4 1 1
1985.1 7508.7 7.5 97 0 7.0 27.2 7.5 2.5 4 1 3 5 5
2541.0 8173.8 4.7 40 0 5.6 19.0 2.5 2.5 2 1 1 3 3
2183.2 7519.1 6.3 278 0 14.4 9.3 7.5 2.5 2 0 3 3 3
2011.6 7512.5 7.5 6 0 14.0 19.2 10.0 2.5 2 1 4 5 5
2698.6 8072.0 4.9 311 0 8.3 7.7 5.0 2.5 2 0 2 1 1
4875.2 2373.7 15.6 153 0 32.0 17.4 7.5 2.5 2 0 3 4 4
3178.7 7568.1 -16.7 27 0 6.9 10.4 5.0 2.5 2 1 2 4 4
3172.6 7554.5 -16.4 26 0 10.4 12.2 5.0 2.5 2 1 2 4 4
3187.4 7553.1 -17.8 202 0 10.4 10.0 5.0 0.0 0 0 2 5 5
3173.1 7528.7 -17.1 203 0 7.7 13.4 5.0 2.5 2 1 2 3 3
3155.2 7524.6 -15.4 24 0 9.8 10.0 5.0 2.5 2 1 2 5 5
3161.7 7507.6 -16.6 205 0 23.5 12.3 10.0 2.5 2 0 4 2 2
3147.5 7499.7 -15.2 38 0 21.8 9.4 7.5 2.5 2 0 3 5 5
3155.8 7470.9 -16.1 218 0 14.8 10.7 5.0 2.5 2 0 2 3 3
3142.2 7454.3 -14.9 234 0 10.5 11.6 7.5 2.5 2 1 3 1 1
3111.0 7432.4 -12.9 242 0 10.3 6.0 5.0 2.5 4 0 2 2 2
3092.5 7434.5 -12.3 237 0 9.7 10.4 5.0 2.5 2 1 2 0 0
3077.1 7446.1 -12.4 64 0 14.8 12.2 12.5 2.5 2 0 5 0 0
3055.0 7435.1 -11.0 64 0 13.8 9.4 7.5 2.5 2 0 3 4 4
3026.8 7541.3 -8.7 208 0 9.0 8.8 5.0 2.5 2 0 2 2 2
3009.8 7516.7 -8.3 210 0 7.8 13.8 5.0 2.5 2 1 2 3 3
2940.1 7530.7 -4.1 113 0 8.8 13.2 10.5 3.5 2 1 3 5 5
2973.0 7464.2 -6.2 29 0 9.2 13.0 10.5 3.5 2 1 3 5 5
3163.5 7594.4 -16.0 50 0 9.0 8.2 5.0 2.5 2 0 2 5 5
3187.2 7634.7 -17.4 306 0 9.0 29.3 7.5 2.5 2 1 3 1 1
3159.7 7575.0 -15.6 24 0 7.6 7.4 7.5 2.5 2 0 3 4 4
3144.6 7569.1 -15.0 42 0 20.0 10.4 5.0 0.0 0 0 2 4 4
3144.8 7767.0 -12.3 191 0 10.2 10.1 5.0 0.0 0 0 2 2 2
3138.6 7742.9 -13.3 203 0 10.9 8.4 5.0 2.5 2 0 2 1 1
3129.2 7729.9 -13.2 211 0 8.7 8.3 5.0 2.5 4 0 2 0 0
3120.8 7716.0 -13.3 209 0 12.1 9.0 5.0 2.5 2 0 2 4 4
3106.0 7682.1 -13.4 214 0 9.0 8.4 7.5 2.5 4 0 3 4 4
3009.6 7804.8 -3.7 247 0 7.4 11.3 5.0 2.5 2 1 2 2 2
2986.9 7789.5 -3.1 222 0 9.9 9.1 5.0 2.5 2 0 2 4 4
3040.5 7890.7 -4.0 157 0 6.9 11.6 5.0 2.5 4 1 2 2 2
3060.1 7832.7 -6.0 195 0 5.4 12.2 5.0 2.5 2 1 2 5 5
3041.6 7817.4 -5.4 240 0 12.6 10.5 5.0 2.5 2 0 2 1 1
3023.4 7928.3 -2.8 155 0 9.0 14.0 7.5 2.5 2 1 3 0 0
2993.9 7834.7 -2.8 157 0 6.7 10.9 5.0 2.5 4 1 2 0 0
2985.8 7858.3 -2.5 158 0 7.4 11.0 5.0 2.5 2 1 2 4 4
2975.9 7882.1 -1.6 157 0 7.9 11.1 5.0 2.5 4 1 2 4 4
3015.3 7890.7 -2.5 338 0 7.5 10.8 5.0 2.5 2 0 2 2 2
2967.3 7903.4 -0.7 159 0 13.3 10.6 5.0 2.5 2 0 2 1 1
2974.8 7945.8 0.4 78 0 8.1 8.9 5.0 2.5 2 1 2 2 2
2961.2 7851.8 -1.0 337 0 7.4 11.0 5.0 2.5 2 1 2 5 5
2962.6 7832.9 -1.0 338 0 12.0 11.7 5.0 2.5 2 0 2 3 3
2939.0 7908.5 1.0 338 0 5.6 10.2 5.0 0.0 0 1 2 4 4
2961.3 7803.1 -0.9 18 0 7.5 10.5 5.0 2.5 2 1 2 0 0
2954.4 7782.9 -0.7 27 0 13.0 10.3 5.0 2.5 2 0 2 5 5
2914.5 7952.9 2.2 337 0 6.8 10.6 5.0 2.5 2 1 2 0 0
2872.9 7875.4 2.5 150 0 10.2 9.1 5.0 2.5 2 0 2 2 2
2867.9 7884.6 2.8 153 0 10.6 9.1 5.0 2.5 2 0 2 2 2
2888.7 7837.8 1.6 155 0 10.3 8.9 5.0 2.5 4 0 2 5 5
2902.9 7791.4 1.3 169 0 10.4 9.0 5.0 2.5 4 0 2 4 4
2901.0 7801.6 1.4 169 0 10.5 9.0 5.0 2.5 2 0 2 2 2
2851.3 7909.4 3.4 149 0 10.2 9.2 5.0 2.5 2 0 2 0 0
2846.0 7918.5 3.6 151 0 10.7 9.2 2.5 2.5 4 0 1 0 0
2825.2 7954.1 4.4 149 0 9.2 8.5 5.0 2.5 2 0 2 5 5
2862.6 7935.0 3.3 151 0 13.1 11.1 7.5 2.5 4 0 3 0 0
2970.5 7687.0 -4.9 290 0 12.2 9.4 5.0 2.5 4 0 2 3 3
2941.6 7693.6 -3.4 199 0 9.1 12.5 5.0 2.5 2 1 2 2 2
2991.0 7680.5 -6.3 287 0 11.5 11.2 5.0 2.5 2 0 2 4 4
3016.4 7655.5 -7.7 291 0 11.8 9.6 5.0 2.5 2 0 2 5 5
3078.9 7694.8 -10.8 30 0 17.0 9.3 7.5 2.5 2 0 3 0 0
3065.7 7636.0 -10.7 217 0 13.2 8.8 5.0 2.5 2 0 2 3 3
3056.7 7624.6 -10.1 214 0 11.0 6.6 5.0 2.5 2 0 2 2 2
3054.7 7370.1 -9.3 95 0 10.6 11.2 5.0 2.5 4 1 2 1 1
2967.3 7341.6 -6.2 188 0 11.2 46.2 12.5 2.5 2 0 5 5 5
2692.6 7508.5 3.4 300 0 8.5 9.8 10.5 3.5 2 1 3 4 4
2669.2 7516.9 3.6 300 0 10.2 9.9 10.5 3.5 2 0 3 4 4
2650.1 7533.1 3.8 300 0 13.6 9.7 10.5 3.5 2 0 3 5 5
2627.3 7549.9 4.0 299 0 9.9 9.3 10.5 0.0 0 0 3 5 5
2635.1 7454.6 3.5 119 1 12.1 10.2 14.0 3.5 2 0 4 5 5
2819.7 7780.6 3.3 115 0 11.5 10.3 5.0 2.5 2 0 2 4 4
2838.3 7778.6 2.8 114 0 4.9 13.3 5.0 2.5 2 1 2 4 4
2860.9 7768.2 2.6 104 0 10.6 11.3 2.5 2.5 2 1 1 1 1
2766.0 7839.9 3.6 50 0 5.6 17.8 2.5 2.5 4 1 1 2 2
2447.5 7907.8 6.8 313 0 11.8 87.6 7.5 2.5 2 1 3 2 2
2516.2 7869.7 6.5 42 0 10.0 54.7 10.0 2.5 2 1 4 2 2
2413.5 7929.6 7.6 311 0 27.7 12.0 7.5 2.5 2 0 3 5 5
2379.0 7912.3 8.1 222 0 11.6 27.8 10.0 2.5 2 1 4 5 5
2350.2 7888.9 7.8 222 0 12.1 33.0 15.0 0.0 0 1 6 4 4
2338.0 7851.0 7.3 133 0 33.6 11.5 10.0 2.5 2 0 4 5 5
2453.4 7666.0 6.3 122 0 14.5 40.2 7.5 2.5 2 0 3 1 1
2556.3 7608.6 4.8 105 0 28.5 11.7 14.0 3.5 2 0 4 5 5
2563.9 7648.1 4.8 194 0 11.8 29.8 14.0 3.5 2 1 4 3 3
2598.5 7678.8 5.1 287 0 29.9 11.9 14.0 3.5 2 0 4 4 4
2763.3 7358.3 1.9 98 0 7.8 7.1 3.5 3.5 2 0 1 5 5
2333.4 7219.5 4.5 120 0 12.1 25.7 14.0 3.5 2 1 4 1 1
3126.0 7134.4 -15.2 75 0 15.6 11.6 7.5 2.5 2 0 3 0 0
3159.2 7179.7 -15.9 341 0 12.2 12.7 5.0 2.5 2 0 2 2 2
3176.9 7183.9 -16.7 341 0 8.6 18.0 7.5 2.5 2 0 3 4 4
3148.9 7202.8 -15.0 341 0 24.7 5.5 7.5 2.5 2 0 3 4 4
3153.7 7227.0 -14.5 336 0 8.3 15.1 5.0 2.5 2 1 2 1 1
3149.4 7245.2 -13.5 349 0 10.1 9.9 5.0 2.5 4 0 2 2 2
2784.5 7920.3 4.4 129 0 10.7 9.4 5.0 2.5 2 0 2 3 3
2793.3 7905.6 4.3 142 0 7.2 17.4 5.0 2.5 2 1 2 0 0
2769.9 7886.9 4.3 320 0 11.1 7.9 2.5 2.5 2 0 1 1 1
2797.1 7842.7 3.4 329 0 16.2 8.7 2.5 2.5 2 0 1 5 5
2906.7 7502.9 -2.9 279 0 20.2 13.0 10.5 3.5 4 0 3 3 3
2883.5 7518.9 -1.2 290 0 8.7 10.6 10.5 0.0 0 1 3 3 3
2927.4 7724.0 -1.1 111 0 11.9 8.8 5.0 2.5 4 0 2 0 0
2901.8 7525.6 -2.2 111 0 11.7 6.4 10.5 0.0 0 0 3 0 0
2847.1 7530.3 0.9 289 0 9.0 8.7 10.5 3.5 4 0 3 0 0
2824.6 7538.6 1.8 290 0 8.9 8.5 10.5 3.5 2 0 3 3 3
2869.2 7542.9 -0.2 110 0 8.4 8.6 10.5 3.5 2 1 3 1 1
2843.0 7631.7 1.6 201 0 6.8 14.9 10.5 0.0 0 1 3 3 3
2859.6 7649.7 1.2 114 0 10.3 16.4 5.0 2.5 2 1 2 1 1
2922.1 7701.1 -1.1 21 0 9.7 10.0 5.0 2.5 2 1 2 3 3
2892.5 7717.4 0.9 295 0 9.4 10.1 5.0 2.5 2 1 2 0 0
2860.7 7713.0 2.4 24 0 12.5 9.3 5.0 2.5 2 0 2 2 2
2840.8 7680.9 2.5 23 0 13.6 13.0 5.0 0.0 0 0 2 5 5
2975.0 7403.2 -7.1 100 0 8.7 12.6 5.0 2.5 2 1 2 4 4
2988.4 7398.9 -7.6 101 0 11.0 9.8 5.0 0.0 0 0 2 3 3
2998.2 7400.3 -8.1 101 0 4.9 10.1 5.0 2.5 2 1 2 4 4
3010.8 7393.4 -8.1 105 0 11.9 7.6 5.0 2.5 4 0 2 4 4
3028.1 7391.1 -8.8 103 0 8.7 9.2 5.0 2.5 2 1 2 4 4
2881.9 7416.6 -2.1 97 0 10.4 9.1 10.5 3.5 2 0 3 3 3
2933.8 7407.8 -5.0 105 0 11.5 6.3 10.5 3.5 2 0 3 2 2
2915.4 7389.6 -4.1 96 0 7.6 9.4 10.5 3.5 2 1 3 4 4
2902.1 7414.1 -3.2 99 0 9.6 7.7 10.5 3.5 2 0 3 3 3
2837.1 7429.3 0.4 97 0 10.0 9.8 10.5 3.5 2 0 3 5 5
3103.9 7124.3 -14.1 75 0 14.0 7.5 5.0 2.5 2 0 2 3 3
3083.5 7119.5 -13.3 78 0 9.2 11.8 5.0 2.5 2 1 2 3 3
3068.3 7116.0 -13.3 87 0 6.8 9.8 5.0 2.5 2 1 2 5 5
2898.5 7734.7 1.0 111 0 10.4 8.9 5.0 2.5 4 0 2 3 3
2706.5 7361.8 2.1 34 0 19.8 11.7 14.0 0.0 0 0 4 5 5
2633.2 7336.5 1.2 204 0 11.8 20.0 14.0 3.5 2 1 4 3 3
2643.4 7310.0 1.1 24 0 7.2 20.9 10.5 3.5 2 1 3 1 1
2660.2 7432.4 3.3 122 1 10.5 10.4 14.0 3.5 2 0 4 1 1
2697.1 7833.5 3.9 217 0 15.9 12.0 7.5 2.5 2 0 3 4 4
2747.7 7740.7 3.7 217 0 32.8 10.3 7.5 0.0 0 0 3 1 1
2729.8 7706.7 3.9 306 0 11.6 33.3 10.0 2.5 2 1 4 3 3
2793.0 7780.4 3.5 309 0 4.1 8.6 5.0 2.5 2 0 2 5 5
2775.7 7717.2 3.6 119 0 4.5 10.6 7.5 2.5 2 1 3 3 3
2821.2 7634.8 2.5 23 0 10.8 16.5 5.0 2.5 2 1 2 1 1
2712.5 7623.0 3.9 120 0 9.9 10.0 2.5 0.0 0 1 1 5 5
2734.7 7626.2 3.7 118 0 8.0 14.8 2.5 2.5 2 1 1 4 4
2735.0 7590.7 3.5 298 0 12.6 16.7 14.0 3.5 2 0 4 4 4
2699.6 7525.4 3.4 121 0 16.0 21.9 14.0 3.5 2 0 4 0 0
2710.5 7518.9 3.4 121 0 9.5 16.1 10.5 3.5 2 0 3 5 5
2766.8 7456.8 2.2 202 0 13.4 10.7 10.5 3.5 2 0 3 1 1
2752.4 7490.8 2.7 125 1 14.7 10.9 14.0 3.5 2 0 4 3 3
2652.9 7474.9 3.5 120 0 8.4 7.7 10.5 3.5 2 0 3 3 3
2689.0 7412.1 3.0 129 0 12.5 7.9 10.5 3.5 2 0 3 0 0
2640.9 7431.2 3.3 298 0 7.8 12.4 10.5 3.5 2 1 3 5 5
2651.5 7418.1 2.7 298 0 8.0 26.0 10.5 3.5 2 1 3 1 1
2665.3 7116.8 -0.2 15 0 10.2 12.5 5.0 2.5 2 1 2 4 4
2631.1 7130.5 1.4 285 0 6.0 10.1 5.0 2.5 2 1 2 2 2
2568.4 7066.7 2.4 277 0 6.9 8.4 5.0 2.5 2 1 2 0 0
2511.4 6864.0 1.7 312 0 6.1 10.4 7.5 0.0 0 0 3 4 4
2431.5 6866.6 2.3 315 0 6.2 10.8 5.0 2.5 2 0 2 3 3
2399.2 6865.4 2.8 222 0 14.0 5.6 7.5 2.5 2 0 3 0 0
2570.0 6800.2 2.9 190 0 27.5 9.7 7.5 2.5 4 0 3 0 0
2608.9 6820.6 2.4 282 0 10.0 27.3 7.5 2.5 2 1 3 2 2
2637.6 6821.0 2.2 281 0 9.2 26.9 7.5 2.5 2 1 3 4 4
2667.6 6820.1 2.1 280 0 9.6 27.7 7.5 2.5 2 1 3 2 2
2698.5 6819.6 1.9 280 0 18.4 12.1 12.5 2.5 2 0 5 0 0
2690.4 6736.8 3.6 101 0 32.3 9.4 7.5 2.5 2 0 3 4 4
2654.0 6747.8 3.5 101 0 9.6 27.2 7.5 2.5 2 1 3 1 1
2614.6 6753.4 4.1 103 0 32.4 9.2 7.5 2.5 4 0 3 0 0
2734.1 6736.2 3.3 10 0 12.7 11.9 5.0 2.5 2 0 2 2 2
2565.1 6843.1 1.0 99 0 12.2 37.8 12.5 2.5 2 1 5 2 2
2823.8 6768.2 2.3 282 0 9.2 56.9 7.5 0.0 0 1 3 2 2
2781.5 6777.3 2.6 280 0 12.4 12.4 5.0 0.0 0 1 2 2 2
2787.8 6791.8 1.9 101 0 38.6 9.5 7.5 2.5 2 0 3 2 2
2764.4 6846.0 -0.5 192 0 33.1 9.0 7.5 2.5 2 0 3 3 3
2781.4 6878.5 -2.1 102 0 38.4 14.0 10.0 0.0 0 0 4 0 0
2535.5 6808.5 3.0 12 0 14.8 50.3 10.0 2.5 2 1 4 1 1
2261.3 6495.7 10.0 200 0 6.3 10.1 2.5 2.5 2 1 1 1 1
2288.7 6491.5 9.8 112 0 9.9 9.1 2.5 2.5 2 0 1 4 4
2320.5 6502.5 9.5 303 0 5.8 8.4 5.0 2.5 2 1 2 3 3
2352.6 6464.2 9.4 110 0 9.8 9.2 5.0 2.5 2 0 2 0 0
2379.7 6489.6 9.0 200 0 5.3 10.0 5.0 2.5 2 1 2 2 2
2404.0 6472.8 8.9 111 0 9.7 9.0 5.0 2.5 2 0 2 2 2
2419.0 6454.6 8.9 111 0 9.9 9.4 5.0 2.5 2 0 2 1 1
2507.9 6434.4 8.2 111 0 10.4 9.0 5.0 2.5 2 0 2 1 1
2523.6 6461.8 8.0 292 0 10.6 6.9 2.5 2.5 4 0 1 5 5
2547.9 6457.3 7.8 292 0 13.2 6.6 5.0 0.0 0 0 2 3 3
2552.9 6425.6 7.9 112 0 9.7 8.8 2.5 2.5 2 0 1 0 0
2623.0 6409.2 7.3 111 0 9.3 13.7 5.0 0.0 0 1 2 0 0
2764.5 6529.8 5.2 297 0 7.0 9.8 5.0 2.5 2 1 2 4 4
2783.9 6519.6 5.1 295 0 7.4 12.3 5.0 2.5 2 1 2 2 2
2790.1 6532.5 4.9 113 0 6.2 8.4 2.5 2.5 2 1 1 0 0
2805.7 6510.8 4.9 284 0 6.8 9.8 2.5 2.5 2 1 1 0 0
2828.7 6504.5 4.2 284 0 6.7 10.2 2.5 2.5 4 1 1 3 3
2850.4 6500.3 3.5 280 0 6.5 10.0 5.0 2.5 4 1 2 3 3
2871.2 6496.6 2.8 280 0 7.1 13.4 5.0 2.5 2 1 2 4 4
2893.8 6491.7 2.0 286 0 6.8 9.9 7.5 2.5 2 1 3 2 2
2913.6 6484.3 0.2 293 0 6.9 9.8 5.0 2.5 2 1 2 4 4
2934.5 6474.2 -1.6 301 0 7.3 9.7 5.0 2.5 2 1 2 3 3
2955.2 6460.7 -3.4 308 0 6.7 10.4 5.0 2.5 4 1 2 2 2
2963.4 6473.0 -4.5 108 0 10.0 7.4 7.5 2.5 2 0 3 3 3
2973.2 6495.2 -4.8 357 0 6.8 9.7 5.0 2.5 2 1 2 3 3
2971.8 6513.7 -4.7 354 0 7.7 15.2 7.5 0.0 0 0 3 5 5
2968.5 6532.2 -4.4 346 0 6.9 10.3 7.5 0.0 0 1 3 4 4
2963.4 6549.2 -4.0 341 0 7.1 10.4 7.5 0.0 0 1 3 1 1
2956.9 6566.1 -3.5 337 0 6.9 10.0 5.0 2.5 2 1 2 1 1
2940.9 6590.9 -2.9 309 0 6.6 15.2 5.0 2.5 2 1 2 4 4
2910.3 6601.3 -0.9 274 0 6.9 10.1 7.5 2.5 2 1 3 5 5
2892.7 6603.0 0.9 274 0 6.8 10.5 7.5 2.5 2 1 3 3 3
2876.0 6606.2 3.0 287 0 7.4 10.8 5.0 2.5 2 1 2 3 3
2844.7 6624.1 3.6 310 0 6.9 10.2 5.0 2.5 2 1 2 5 5
2833.1 6637.2 3.6 324 0 6.8 10.4 5.0 2.5 2 1 2 3 3
2815.3 6651.0 3.5 210 0 10.3 7.0 5.0 2.5 2 0 2 1 1
2832.8 6666.8 3.2 205 0 7.2 14.9 5.0 2.5 2 1 2 5 5
2868.7 6732.6 2.0 206 0 12.1 6.7 5.0 2.5 2 0 2 2 2
3017.0 7035.7 -13.8 219 0 12.6 20.7 10.0 2.5 4 1 4 0 0
2985.7 7020.5 -11.7 217 0 9.6 9.7 5.0 2.5 2 1 2 4 4
2941.4 6984.7 -9.4 35 0 13.8 9.3 7.5 2.5 2 0 3 5 5
2962.4 7221.7 -5.5 185 0 12.0 6.2 5.0 2.5 2 0 2 4 4
2974.8 7192.1 -7.7 280 0 16.5 10.2 10.5 3.5 4 0 3 3 3
2987.1 7189.8 -7.9 280 0 8.6 10.2 10.5 3.5 2 0 3 3 3
2981.0 7140.2 -9.2 13 0 15.4 24.9 10.5 3.5 2 1 3 1 1
2935.2 7143.4 -7.0 106 0 8.0 6.5 10.5 0.0 0 0 3 3 3
2634.5 7960.0 5.4 42 0 5.1 8.3 5.0 2.5 2 0 2 2 2
2631.2 7956.3 5.4 42 0 4.7 8.3 5.0 0.0 0 0 2 4 4
2628.0 7952.7 5.5 42 0 4.9 8.3 7.5 2.5 2 0 3 0 0
2624.7 7949.1 5.6 42 0 4.9 8.3 5.0 2.5 2 0 2 5 5
2621.5 7945.4 5.6 42 0 4.9 8.3 7.5 2.5 2 0 3 3 3
2618.2 7941.8 5.7 42 0 4.8 8.3 5.0 2.5 2 0 2 5 5
2614.9 7938.1 5.8 42 0 5.2 8.3 5.0 2.5 2 0 2 2 2
2605.0 7927.1 5.9 42 0 5.1 8.3 2.5 2.5 4 0 1 5 5
2814.7 7264.9 -1.2 284 0 18.5 9.8 10.5 3.5 2 0 3 0 0
2795.4 7249.3 -1.7 289 0 9.3 5.8 10.5 3.5 2 0 3 1 1
2796.1 7265.7 -0.9 189 0 7.7 8.9 10.5 3.5 2 0 3 5 5
2793.4 7498.7 1.8 203 0 11.4 20.6 10.5 3.5 2 1 3 0 0
2801.0 7447.8 1.7 101 0 6.6 7.8 10.5 3.5 4 1 3 4 4
2885.8 7538.2 -1.2 108 0 12.1 12.1 10.5 3.5 4 0 3 5 5
2852.8 7599.2 0.4 200 0 8.0 20.2 10.5 3.5 2 1 3 5 5
2754.6 7600.7 3.4 118 0 25.1 5.9 7.5 2.5 2 0 3 2 2
2813.8 7601.1 2.4 23 0 7.4 8.8 7.5 2.5 2 1 3 4 4
2808.8 7589.0 2.4 22 0 13.4 9.5 2.5 2.5 2 0 1 5 5
2774.9 7605.5 3.2 113 0 6.7 14.3 5.0 2.5 2 1 2 0 0
2883.9 7157.6 -6.0 105 0 19.4 12.3 10.5 3.5 2 0 3 5 5
2916.8 7257.1 -2.9 180 0 31.8 11.8 10.5 3.5 2 0 3 4 4
2961.6 7289.7 -3.9 4 0 8.5 17.7 10.5 3.5 2 0 3 0 0
2952.2 7341.9 -3.9 7 0 11.3 45.2 10.5 3.5 2 1 3 1 1
2932.9 7383.2 -5.0 99 0 8.9 9.4 10.5 3.5 2 0 3 4 4
2835.4 7394.3 0.1 95 0 10.3 8.5 10.5 3.5 2 0 3 4 4
2798.6 7406.4 0.8 185 0 10.9 29.7 10.5 3.5 2 1 3 4 4
3139.2 7611.3 -14.5 317 0 5.8 23.9 2.5 2.5 2 1 1 0 0
3136.4 7625.7 -14.3 315 0 6.3 18.5 7.5 2.5 2 1 3 4 4
3120.1 7564.0 -13.3 24 0 7.5 14.8 2.5 2.5 2 1 1 4 4
3137.1 7677.6 -14.8 33 0 7.7 6.3 7.5 2.5 2 0 3 1 1
3139.2 7344.6 -13.4 273 0 6.9 9.8 7.5 2.5 2 1 3 3 3
3145.1 7291.5 -13.3 0 0 8.0 15.9 5.0 0.0 0 1 2 4 4
3181.8 7459.5 -16.8 23 0 9.1 8.8 7.5 2.5 4 0 3 0 0
2920.8 7134.4 -7.1 107 0 8.2 8.9 10.5 3.5 2 0 3 0 0
2959.9 7009.4 -10.8 39 0 12.5 26.9 10.0 2.5 2 1 4 5 5
2958.8 6979.2 -9.0 215 0 13.8 8.8 7.5 2.5 2 0 3 4 4
2890.7 6951.9 -7.0 145 0 7.0 14.3 5.0 2.5 2 1 2 1 1
2862.7 6589.7 3.8 285 0 13.6 6.3 7.5 2.5 2 0 3 0 0
2842.4 6603.1 3.8 300 0 3.3 6.5 5.0 2.5 4 1 2 2 2
2833.9 6610.6 3.8 313 0 7.6 5.0 5.0 2.5 2 0 2 1 1
2489.6 6668.9 6.0 105 0 7.3 8.1 2.5 2.5 2 1 1 1 1
2479.7 6599.1 7.0 18 0 9.2 8.6 2.5 2.5 2 0 1 5 5
2538.5 6646.3 5.9 21 0 11.5 8.9 7.5 2.5 2 0 3 4 4
2406.7 6666.5 6.8 189 0 8.2 7.8 7.5 2.5 4 0 3 3 3
2406.8 6718.1 6.3 206 0 7.0 7.5 5.0 2.5 2 1 2 0 0
2313.0 6727.2 5.8 100 0 8.1 38.6 7.5 2.5 2 1 3 4 4
2383.2 6607.9 7.8 106 0 5.6 6.5 5.0 2.5 2 1 2 4 4
2456.3 6600.3 7.2 106 0 5.3 6.3 5.0 0.0 0 1 2 2 2
2436.5 6596.1 7.4 105 0 11.1 6.1 2.5 2.5 2 0 1 3 3
2435.3 6606.2 7.3 109 0 6.3 9.2 5.0 2.5 2 1 2 4 4
2427.7 6620.6 7.2 109 0 6.7 5.0 5.0 2.5 2 0 2 0 0
2501.9 6651.9 6.1 105 0 7.5 7.1 5.0 2.5 2 0 2 3 3
2595.1 6695.7 4.9 191 0 11.4 9.5 7.5 2.5 2 0 3 0 0
2504.8 6711.9 5.6 287 0 9.0 7.8 2.5 2.5 2 0 1 2 2
2459.9 6717.5 5.9 282 0 10.2 7.2 7.5 2.5 2 0 3 3 3
2442.2 6668.6 6.5 197 0 7.7 7.9 2.5 2.5 2 1 1 1 1
2354.4 6675.7 7.3 289 0 8.5 10.0 2.5 2.5 2 1 1 3 3
2293.9 6523.8 9.6 198 0 7.6 10.4 5.0 2.5 2 1 2 0 0
2630.3 6498.1 6.6 108 0 12.1 9.9 5.0 2.5 2 0 2 4 4
2653.1 6698.7 4.3 201 0 14.1 25.2 7.5 2.5 2 1 3 2 2
2645.4 6677.0 4.6 200 0 13.9 24.4 10.0 2.5 2 1 4 3 3
2782.6 6646.7 3.8 25 0 26.1 9.5 5.0 2.5 2 0 2 2 2
2795.8 6640.2 3.7 26 0 26.5 6.8 7.5 2.5 2 0 3 0 0
2784.4 6615.6 4.2 24 0 7.6 13.3 7.5 2.5 2 1 3 0 0
2775.8 6607.4 4.3 23 0 9.6 7.5 7.5 2.5 2 0 3 0 0
2631.9 7256.8 1.2 23 1 12.1 15.3 14.0 3.5 2 1 4 4 4
2723.1 7283.1 0.9 285 0 21.0 15.9 10.5 3.5 2 0 3 1 1
3115.2 7057.7 -16.7 48 0 8.2 14.3 7.5 2.5 2 1 3 2 2
3284.1 6985.6 -15.3 278 0 9.7 7.9 2.5 2.5 4 0 1 1 1
3290.6 6955.5 -14.2 133 0 9.6 7.6 2.5 2.5 2 0 1 1 1
3301.9 6981.6 -14.4 276 0 6.9 10.1 7.5 2.5 2 1 3 2 2
3327.0 6978.9 -12.8 277 0 13.5 16.6 7.5 2.5 2 1 3 0 0
3337.1 6949.8 -11.9 98 0 7.0 9.7 7.5 2.5 2 1 3 1 1
3382.0 7035.5 0.1 176 0 10.4 20.2 10.0 2.5 2 1 4 2 2
3490.8 7041.4 4.4 195 0 20.3 10.6 5.0 2.5 2 0 2 3 3
3497.5 7069.8 4.3 194 0 15.5 85.2 12.5 2.5 2 1 5 5 5
3559.4 7137.1 3.5 105 0 29.9 15.6 15.0 0.0 0 0 6 1 1
3510.7 7302.4 1.3 195 0 22.2 49.9 10.0 2.5 2 1 4 0 0
3497.4 7356.9 0.2 196 0 16.3 87.7 12.5 2.5 2 1 5 4 4
3607.7 7271.0 1.2 16 0 25.9 25.6 7.5 0.0 0 0 3 2 2
3430.6 7213.5 1.8 193 0 47.8 9.3 7.5 2.5 2 0 3 1 1
3439.2 7294.6 -3.1 288 0 34.2 14.7 10.0 2.5 2 0 4 0 0
3472.2 7225.6 4.4 284 0 13.4 54.1 10.0 2.5 2 1 4 5 5
3475.9 7238.8 2.7 104 0 13.2 30.8 12.5 2.5 4 1 5 0 0
3492.9 7167.6 5.6 12 0 7.6 16.4 5.0 2.5 2 1 2 2 2
3494.3 6978.3 1.2 175 0 8.1 9.8 5.0 2.5 2 1 2 3 3
3556.0 6846.9 2.5 88 0 10.3 34.5 7.5 0.0 0 1 3 0 0
3505.0 6905.4 2.1 190 0 10.1 11.2 7.5 0.0 0 1 3 2 2
3482.4 6890.2 1.6 188 0 19.2 13.0 2.5 2.5 4 0 1 1 1
3593.2 6909.9 3.2 357 0 10.2 34.5 10.0 2.5 2 1 4 3 3
3598.5 6957.7 4.1 267 0 15.6 9.6 2.5 2.5 2 0 1 2 2
3620.4 6968.9 4.2 268 0 17.3 10.1 5.0 2.5 2 0 2 2 2
3604.0 6848.9 3.5 88 0 6.3 36.7 2.5 2.5 4 1 1 3 3
3644.7 6857.7 3.5 358 0 15.1 11.5 5.0 2.5 4 0 2 0 0
3671.9 6982.7 4.4 269 0 9.2 7.9 5.0 0.0 0 0 2 0 0
3701.2 6984.4 4.4 272 0 9.1 7.0 7.5 2.5 2 0 3 1 1
3648.4 6944.8 4.2 89 0 19.5 5.4 2.5 2.5 2 0 1 1 1
3680.8 6962.8 4.2 271 0 5.6 11.9 5.0 2.5 2 1 2 4 4
3699.1 6942.7 4.1 89 0 11.3 8.2 7.5 2.5 2 0 3 4 4
3709.0 6976.0 4.2 269 0 7.4 14.5 2.5 2.5 2 1 1 1 1
3716.0 6924.1 4.0 88 0 16.5 7.9 7.5 2.5 2 0 3 3 3
3736.5 7011.4 4.4 258 0 13.4 10.0 7.5 2.5 2 0 3 4 4
3603.1 7097.3 3.8 282 0 23.6 19.2 7.5 2.5 2 0 3 4 4
2471.2 7629.1 5.5 300 0 7.2 9.6 7.5 2.5 2 1 3 3 3
2504.5 7612.9 5.2 298 0 10.0 9.0 5.0 2.5 2 0 2 0 0
2425.0 7609.0 5.6 211 0 3.5 14.2 7.5 2.5 2 1 3 2 2
2453.0 7609.0 5.5 299 0 11.4 6.5 5.0 2.5 2 0 2 0 0
2478.1 7668.6 6.5 122 0 8.2 10.0 7.5 2.5 2 0 3 2 2
2560.3 7489.5 4.2 119 0 12.4 10.3 14.0 3.5 2 0 4 3 3
2560.4 7577.4 4.6 298 0 13.1 9.2 10.5 3.5 2 0 3 4 4
2473.3 7488.1 3.9 28 0 25.8 5.1 10.5 3.5 2 0 3 3 3
2498.8 7502.8 4.7 28 0 3.5 6.0 10.5 3.5 2 1 3 0 0
2489.6 7513.5 4.8 298 0 4.8 5.8 10.5 0.0 0 1 3 3 3
2478.0 7518.1 4.9 296 0 8.4 5.7 10.5 3.5 2 0 3 0 0
2469.4 7514.4 4.1 296 0 6.3 30.7 10.5 3.5 2 1 3 3 3
2471.0 7538.6 5.0 121 0 10.0 6.8 2.5 2.5 2 0 1 5 5
2487.4 7585.3 5.2 29 0 6.3 6.1 5.0 2.5 2 0 2 1 1
2431.8 7540.3 5.1 297 0 9.1 10.9 10.5 3.5 2 1 3 0 0
2400.8 7566.4 5.6 296 0 11.2 9.9 10.5 3.5 2 0 3 2 2
2393.3 7559.1 5.1 296 0 4.2 22.2 10.5 0.0 0 0 3 4 4
2419.3 7518.7 4.6 295 0 9.1 6.6 10.5 3.5 2 0 3 4 4
2389.0 7511.7 4.4 120 0 6.2 19.7 10.5 0.0 0 0 3 5 5
2446.0 7398.7 1.7 23 0 9.4 13.7 10.5 3.5 2 1 3 0 0
2417.9 7414.1 1.9 211 0 8.5 8.1 10.5 3.5 4 0 3 1 1
2428.1 7431.2 2.3 293 0 4.4 9.8 10.5 3.5 2 1 3 4 4
2378.5 7364.1 1.8 125 0 14.5 9.6 10.5 3.5 4 0 3 5 5
2364.9 7396.2 2.4 116 0 11.5 3.7 10.5 3.5 2 0 3 1 1
2288.1 7420.1 3.8 113 0 12.5 9.6 10.5 0.0 0 0 3 2 2
2555.0 7433.1 2.7 296 0 17.7 18.6 10.0 2.5 2 1 4 4 4
2522.8 7391.0 1.7 203 0 13.1 29.5 12.5 2.5 2 1 5 3 3
2079.9 7428.8 6.3 267 0 13.6 22.2 7.5 2.5 2 1 3 3 3
2089.0 7155.9 9.2 257 0 13.7 9.1 5.0 2.5 2 0 2 0 0
2060.1 7149.9 7.7 262 0 12.0 31.4 12.5 2.5 4 1 5 5 5
2039.5 7045.7 6.6 193 0 9.0 25.2 5.0 2.5 2 1 2 4 4
2071.1 6937.4 7.9 9 0 12.5 17.9 2.5 2.5 2 1 1 1 1
2163.6 6913.4 6.2 106 0 29.5 11.5 7.5 2.5 2 0 3 1 1
2189.7 6943.2 5.7 18 0 10.4 31.1 10.0 2.5 2 1 4 2 2
2199.0 6922.7 5.7 16 0 17.0 7.6 2.5 2.5 2 0 1 4 4
2123.2 6949.8 6.6 201 0 12.4 10.9 5.0 2.5 2 0 2 1 1
2129.2 6965.7 6.2 200 0 9.4 20.3 7.5 2.5 2 1 3 1 1
2165.4 6985.6 5.5 200 0 6.7 14.9 5.0 2.5 2 1 2 4 4
2201.9 7056.9 11.3 216 0 12.4 10.1 2.5 2.5 2 0 1 3 3
2214.0 7175.3 10.4 307 0 6.6 17.2 5.0 2.5 2 1 2 4 4
2216.2 7086.1 11.6 216 0 9.7 9.3 7.5 2.5 2 0 3 3 3
2227.1 7020.6 8.7 37 0 16.4 13.6 10.0 2.5 2 0 4 0 0
2224.4 7048.7 11.1 214 0 10.8 9.1 5.0 2.5 2 0 2 0 0
2250.7 7086.8 12.3 295 0 12.9 12.3 10.0 2.5 2 0 4 3 3
2262.3 7055.3 12.4 12 0 10.9 8.9 7.5 0.0 0 0 3 4 4
2307.4 6994.5 5.8 289 0 22.9 16.8 10.0 2.5 2 0 4 2 2
2308.8 6965.9 4.4 17 0 10.2 14.8 5.0 2.5 2 1 2 5 5
2455.1 7025.7 6.2 186 0 10.0 11.0 10.0 2.5 4 1 4 1 1
2477.5 7108.4 7.8 118 0 18.0 20.2 14.0 0.0 0 1 4 0 0
2514.7 7124.8 7.1 36 0 24.4 7.4 10.5 3.5 2 0 3 0 0
3035.2 7221.1 -7.5 3 0 24.2 9.9 7.5 2.5 2 0 3 3 3
3028.7 7191.3 -8.1 93 0 9.9 17.9 7.5 2.5 2 0 3 2 2
3201.6 7142.0 -17.2 66 0 14.3 8.0 7.5 2.5 2 0 3 4 4
2070.9 6885.0 8.5 228 0 9.8 8.8 5.0 2.5 2 0 2 2 2
2025.0 7026.2 7.1 191 0 16.9 8.9 5.0 2.5 2 0 2 5 5
2023.6 6940.2 8.7 190 0 24.5 6.2 2.5 2.5 2 0 1 3 3
2094.4 7138.8 9.0 280 0 3.6 6.4 5.0 2.5 2 1 2 2 2
2838.4 7313.8 1.0 7 0 12.6 15.2 10.5 3.5 4 0 3 5 5
2815.7 7359.7 -0.5 187 0 11.1 30.2 14.0 3.5 2 1 4 1 1
2825.6 7270.5 -0.1 101 0 11.6 8.2 10.5 3.5 2 0 3 4 4
3115.6 7086.0 -16.1 315 0 5.7 6.8 7.5 2.5 2 1 3 4 4
3133.2 7114.0 -16.0 160 0 5.3 6.4 2.5 0.0 0 1 1 2 2
2614.0 7244.5 2.3 22 0 8.9 7.7 10.5 3.5 2 0 3 0 0
2627.7 7241.5 2.7 19 0 7.7 5.2 10.5 0.0 0 0 3 1 1
2719.1 6870.9 -0.5 181 0 7.0 4.9 5.0 2.5 2 0 2 5 5
2744.4 6869.5 -0.7 5 0 8.6 4.6 5.0 2.5 2 0 2 4 4
2751.3 6870.0 -0.8 7 0 7.9 4.3 7.5 2.5 2 0 3 4 4
2790.4 6987.0 -6.7 82 0 10.2 18.2 14.0 3.5 2 1 4 0 0
2820.8 6985.8 -7.6 66 0 10.2 12.7 14.0 3.5 2 1 4 2 2
2865.5 6705.2 2.5 206 0 10.2 7.4 7.5 2.5 2 0 3 0 0
2930.9 7007.1 -10.4 41 0 11.0 5.4 5.0 2.5 4 0 2 3 3
2930.9 6985.9 -9.1 35 0 3.8 8.7 7.5 2.5 2 0 3 5 5
2944.0 6955.6 -7.3 211 0 12.9 10.2 5.0 2.5 2 0 2 0 0
2995.8 6999.0 -11.6 128 0 4.6 17.3 7.5 2.5 2 1 3 1 1
2880.7 7647.7 0.1 113 0 11.3 7.1 5.0 2.5 2 0 2 5 5
2915.9 7671.2 -1.6 19 0 9.0 15.5 5.0 2.5 2 1 2 4 4
2902.6 7742.6 0.9 111 0 11.3 12.3 5.0 0.0 0 0 2 2 2
2936.3 7634.1 -3.1 113 0 6.8 12.5 5.0 2.5 4 1 2 3 3
2962.9 7712.1 -3.5 109 0 9.0 9.9 7.5 2.5 2 0 3 1 1
2989.3 7705.5 -5.4 103 0 13.2 6.1 7.5 2.5 2 0 3 4 4
3002.3 7717.9 -5.6 107 0 5.6 15.3 2.5 2.5 2 1 1 4 4
2750.4 7328.1 1.6 192 0 12.1 9.8 10.5 3.5 4 0 3 2 2
2679.4 7443.2 3.2 123 0 4.5 12.5 10.5 0.0 0 1 3 5 5
2703.2 7464.8 3.1 305 0 11.0 7.9 10.5 3.5 2 0 3 2 2
2725.4 7418.4 2.8 22 0 3.6 19.2 10.5 3.5 4 0 3 5 5
2731.2 7453.2 2.9 23 0 6.2 9.0 10.5 3.5 2 1 3 2 2
2695.5 7561.1 3.7 115 0 7.0 8.4 10.5 3.5 2 1 3 5 5
2733.9 7409.7 2.6 24 0 12.6 11.2 14.0 3.5 2 0 4 3 3
2717.9 7436.8 2.9 27 0 5.6 6.5 10.5 3.5 2 1 3 2 2
2720.9 7443.2 3.0 26 0 5.6 5.0 10.5 3.5 2 0 3 1 1
2634.5 7529.6 3.9 301 0 4.5 7.0 10.5 0.0 0 0 3 5 5
2558.8 7508.3 4.3 119 0 3.6 11.6 10.5 3.5 2 1 3 2 2
2540.7 7560.4 4.7 202 0 8.7 5.2 10.5 3.5 2 0 3 2 2
2584.0 7490.7 4.1 120 0 6.2 7.9 10.5 3.5 2 0 3 1 1
2477.2 7534.9 5.0 121 0 4.5 21.8 2.5 2.5 2 0 1 3 3
2379.4 7596.8 6.0 29 0 9.6 10.5 5.0 0.0 0 1 2 4 4
2379.2 7507.6 4.2 120 0 17.7 8.4 10.5 0.0 0 0 3 2 2
2392.8 7378.9 1.8 123 0 12.3 4.9 10.5 3.5 2 0 3 0 0
2518.9 7864.4 5.2 223 0 25.2 37.2 10.0 0.0 0 1 4 5 5
3295.8 -4596.7 -17.4 153 0 14.0 27.4 7.5 2.5 2 1 3 1 1
-5997.6 4034.8 -9.3 159 0 7.9 12.8 5.0 0.0 0 1 2 5 5
-5998.9 4022.7 -9.4 215 0 9.6 9.0 2.5 2.5 2 0 1 0 0
6791.1 -335.6 0.1 14 0 23.1 14.4 10.0 2.5 2 0 4 4 4
-1317.0 6349.8 2.6 85 0 7.5 14.3 2.5 2.5 2 1 1 3 3
5063.1 2321.9 15.3 243 0 8.1 10.4 5.0 2.5 2 0 2 0 0
5070.1 2325.5 15.1 243 0 7.6 13.9 5.0 2.5 2 0 2 0 0
5041.4 2311.4 15.5 243 0 6.6 8.6 5.0 2.5 2 0 2 5 5
5047.4 2314.4 15.4 243 0 6.8 8.6 5.0 2.5 4 0 2 1 1
5078.2 2356.5 16.1 62 0 10.9 9.2 2.5 2.5 2 0 1 3 3
5074.0 2364.7 16.2 62 0 10.9 11.3 2.5 2.5 2 0 1 4 4
5055.8 2344.5 16.5 65 0 15.2 9.4 5.0 2.5 2 0 2 5 5
5012.2 2299.6 15.6 242 0 5.4 12.4 5.0 2.5 2 1 2 5 5
5043.7 2419.2 17.1 334 0 18.3 11.8 10.0 2.5 2 0 4 3 3
5055.4 2394.7 16.9 334 0 19.1 11.0 2.5 2.5 4 0 1 3 3
4880.1 2657.1 15.5 244 0 11.6 23.2 7.5 2.5 4 1 3 4 4
4893.8 2612.6 16.4 154 0 22.3 12.2 10.0 2.5 2 0 4 0 0
4908.5 2583.1 17.4 154 0 21.1 13.0 7.5 2.5 2 0 3 5 5
4935.6 2546.8 17.7 64 0 13.3 22.5 7.5 2.5 2 1 3 5 5
5002.4 2510.8 17.6 334 0 25.7 13.5 15.0 0.0 0 0 6 0 0
5055.9 2725.6 13.2 244 0 13.5 83.9 12.5 2.5 2 1 5 4 4
5060.2 2577.0 14.8 345 0 23.9 19.2 7.5 2.5 2 0 3 0 0
5070.6 2549.1 15.2 334 0 34.9 9.4 5.0 2.5 2 0 2 5 5
5027.9 2537.1 16.1 152 0 32.0 15.5 12.5 2.5 2 0 5 3 3
5169.2 2518.9 12.0 238 0 34.4 14.0 10.0 2.5 2 0 4 5 5
5130.0 2492.7 13.4 238 0 34.8 13.5 12.5 2.5 2 0 5 0 0
5118.3 2428.2 14.8 58 0 5.3 27.2 5.0 2.5 2 1 2 2 2
5090.6 2470.2 15.0 238 0 10.9 17.0 5.0 2.5 2 1 2 3 3
5074.9 2439.9 15.7 148 0 23.4 9.1 5.0 2.5 2 0 2 4 4
5088.9 2416.8 15.5 148 0 17.2 9.9 7.5 2.5 2 0 3 2 2
5142.5 2382.7 14.1 58 0 6.7 50.1 7.5 2.5 2 1 3 3 3
5111.0 2383.2 14.6 148 0 31.4 13.1 7.5 2.5 2 0 3 1 1
5134.9 2346.9 14.0 148 0 17.6 9.4 2.5 0.0 0 0 1 5 5
5147.8 2326.1 13.5 149 0 14.8 8.0 5.0 0.0 0 0 2 0 0
5162.9 2301.8 12.6 148 0 18.3 9.0 7.5 2.5 4 0 3 0 0
5193.1 2266.2 10.5 332 0 33.6 11.8 10.0 2.5 2 0 4 3 3
5121.8 2262.6 12.5 62 0 10.8 17.4 5.0 2.5 2 1 2 2 2
5112.2 2292.7 13.4 332 0 16.7 10.9 2.5 2.5 2 0 1 1 1
5092.0 2338.7 15.4 242 0 9.8 6.2 7.5 2.5 2 0 3 3 3
5094.9 2333.1 15.1 243 0 9.6 7.0 7.5 2.5 2 0 3 0 0
5102.3 2312.0 14.2 332 0 17.7 11.3 7.5 2.5 2 0 3 1 1
5052.8 2295.7 14.8 242 0 8.6 7.4 5.0 2.5 2 0 2 5 5
5037.6 2280.4 14.9 62 0 11.0 6.2 5.0 2.5 2 0 2 0 0
5017.2 2271.3 14.8 242 0 8.3 6.5 7.5 2.5 2 0 3 2 2
4983.4 2254.3 14.6 242 0 9.9 14.9 5.0 2.5 2 1 2 5 5
4925.0 2260.0 14.0 242 0 10.8 30.3 7.5 0.0 0 1 3 5 5
4848.4 2284.6 13.3 242 0 9.8 10.9 5.0 2.5 2 1 2 2 2
4805.0 2297.2 12.6 236 0 8.5 40.8 7.5 2.5 2 1 3 1 1
4997.4 2186.9 12.6 64 0 70.2 15.2 12.5 2.5 4 0 5 0 0
4983.2 2199.6 13.3 64 0 57.6 19.6 7.5 2.5 2 0 3 4 4
4800.2 2220.0 11.2 241 0 11.9 75.0 7.5 2.5 2 1 3 5 5
4771.2 2178.4 11.3 244 0 42.5 48.8 10.0 0.0 0 1 4 2 2
4707.6 2230.4 10.3 90 0 92.5 18.1 7.5 0.0 0 0 3 5 5
4691.8 2210.5 10.8 268 0 56.0 19.5 10.0 2.5 2 0 4 1 1
4674.9 2171.0 11.1 179 0 17.9 46.8 7.5 2.5 2 1 3 1 1
2625.4 7359.4 1.5 202 0 17.9 35.9 14.0 3.5 2 1 4 3 3
2616.8 7916.2 5.9 222 0 7.6 8.3 2.5 2.5 2 0 1 2 2
2611.9 7910.8 6.1 222 0 7.0 8.3 5.0 2.5 2 0 2 0 0
2607.7 7892.4 6.0 222 0 5.4 4.9 5.0 2.5 2 0 2 2 2
2595.9 7892.9 6.0 222 0 8.7 9.1 7.5 2.5 2 0 3 3 3
2579.4 7900.4 6.5 42 0 9.7 8.6 2.5 2.5 2 0 1 5 5
2593.4 7914.5 6.1 43 0 8.4 9.2 5.0 2.5 2 1 2 5 5
2621.4 7972.5 5.4 312 0 13.7 3.1 7.5 2.5 2 0 3 4 4
2634.9 7936.7 5.6 221 0 7.1 8.4 5.0 2.5 2 0 2 1 1
2768.1 7813.7 3.4 129 0 30.5 6.7 7.5 2.5 2 0 3 0 0
2785.7 7782.3 3.5 309 0 5.9 5.6 7.5 2.5 2 0 3 1 1
2812.9 7761.3 3.4 304 0 8.0 11.4 7.5 2.5 4 0 3 5 5
2819.5 7757.3 3.2 299 0 7.9 11.3 5.0 2.5 2 0 2 3 3
2897.7 7847.7 1.2 155 0 6.3 10.8 5.0 2.5 2 1 2 0 0
2859.4 7920.3 3.3 150 0 6.1 7.5 2.5 2.5 2 1 1 2 2
2865.3 7914.7 3.0 148 0 5.2 14.4 7.5 2.5 2 1 3 4 4
2881.3 7885.6 2.5 152 0 6.3 7.5 2.5 2.5 4 1 1 4 4
2881.0 7866.1 2.1 154 0 6.2 6.3 5.0 2.5 4 1 2 3 3
2966.6 7721.3 -3.4 109 0 8.0 6.8 5.0 2.5 2 0 2 1 1
2815.0 7975.4 5.1 150 0 7.9 17.6 5.0 0.0 0 1 2 4 4
2936.5 7853.2 0.0 337 0 5.6 7.3 7.5 2.5 2 1 3 1 1
2917.9 7870.4 1.0 6 0 5.7 8.5 7.5 2.5 2 0 3 5 5
2896.2 7869.3 1.5 168 0 6.7 7.0 7.5 2.5 2 0 3 5 5
2903.7 7865.2 1.2 173 0 10.7 6.3 2.5 2.5 2 0 1 4 4
2914.0 7798.8 0.9 169 0 6.2 7.6 2.5 2.5 2 1 1 5 5
2823.5 7554.5 1.9 112 0 9.4 5.7 10.5 3.5 4 0 3 5 5
2852.3 7520.8 0.6 288 0 4.5 7.3 10.5 3.5 2 1 3 4 4
2829.6 7520.2 1.6 289 0 10.5 5.0 10.5 3.5 2 0 3 4 4
2805.9 7507.4 1.6 203 0 5.6 22.9 10.5 3.5 2 0 3 1 1
2561.2 7913.3 6.5 223 0 6.6 8.9 2.5 2.5 2 1 1 0 0
2567.7 7885.7 6.4 41 0 8.6 9.1 5.0 2.5 4 1 2 4 4
2547.2 7896.6 6.8 130 0 6.0 12.7 2.5 2.5 2 1 1 1 1
2556.9 7946.7 6.2 312 0 5.2 12.1 7.5 2.5 2 1 3 5 5
2542.6 7926.8 6.5 43 0 5.8 12.8 5.0 2.5 2 1 2 0 0
2445.9 7989.0 6.6 131 0 7.7 9.1 5.0 2.5 2 1 2 1 1
2490.5 8006.4 6.2 312 0 10.7 10.7 7.5 2.5 2 0 3 2 2
2487.3 7990.6 6.4 312 0 4.5 9.1 5.0 2.5 2 1 2 4 4
2485.0 7953.4 6.6 131 0 8.7 9.2 2.5 0.0 0 0 1 1 1
2508.3 7932.6 6.6 133 0 8.7 9.2 2.5 0.0 0 1 1 4 4
2525.0 7917.3 6.6 133 0 7.9 8.5 7.5 2.5 2 1 3 5 5
2569.7 7838.8 4.9 312 0 12.4 4.7 2.5 2.5 2 0 1 2 2
2566.1 7835.7 4.9 312 0 11.1 4.3 5.0 2.5 2 0 2 1 1
2549.1 7825.1 4.8 222 0 4.5 12.3 5.0 2.5 2 0 2 5 5
2554.7 7823.0 4.8 132 0 11.1 4.2 5.0 2.5 2 0 2 0 0
2557.6 7826.2 4.8 132 0 11.1 4.3 2.5 2.5 2 0 1 5 5
2560.4 7829.4 4.9 132 0 11.1 4.2 5.0 2.5 4 0 2 5 5
2543.7 7815.4 4.8 221 0 7.9 13.3 2.5 2.5 4 1 1 4 4
2471.3 7655.1 6.2 121 0 8.0 5.1 7.5 2.5 2 0 3 4 4
2473.7 7659.6 6.3 122 0 8.0 4.9 5.0 2.5 2 0 2 2 2
2475.6 7664.2 6.4 122 0 8.1 5.1 5.0 2.5 2 0 2 5 5
2482.9 7677.4 6.6 123 0 8.1 4.9 2.5 2.5 2 0 1 4 4
2469.4 7703.8 6.1 32 0 11.2 19.3 5.0 2.5 2 0 2 3 3
2427.0 7612.8 5.6 210 0 3.4 14.6 5.0 2.5 2 1 2 0 0
2478.3 7416.7 1.6 204 0 50.8 26.7 10.0 0.0 0 0 4 3 3
2581.8 7347.6 1.0 22 0 14.9 14.1 5.0 2.5 2 0 2 5 5
2707.3 7413.0 2.8 127 0 11.5 4.6 10.5 3.5 2 0 3 5 5
2620.7 7553.6 4.1 299 0 5.3 9.3 10.5 3.5 4 0 3 5 5
2634.0 7677.9 4.5 101 0 10.9 29.7 10.0 2.5 2 1 4 0 0
2610.3 7689.2 4.6 99 0 10.1 27.0 7.5 2.5 2 1 3 2 2
3182.7 7539.8 -17.6 201 0 4.7 12.7 7.5 2.5 2 1 3 3 3
3158.5 7590.2 -15.6 49 0 4.2 8.2 5.0 2.5 2 0 2 3 3
3111.0 7689.6 -13.5 214 0 9.0 8.4 5.0 0.0 0 0 2 2 2
3166.3 7755.2 -12.9 9 0 5.3 7.7 5.0 2.5 2 1 2 0 0
3145.3 7710.5 -14.3 27 0 5.6 8.6 5.0 2.5 2 1 2 5 5
3147.8 7717.1 -14.2 29 0 4.6 7.7 5.0 2.5 2 1 2 4 4
3083.5 7855.7 -6.0 340 0 8.9 6.0 7.5 2.5 4 0 3 3 3
2980.6 7894.9 -1.2 158 0 4.7 9.8 7.5 2.5 2 1 3 3 3
2647.8 8001.6 5.5 132 0 10.4 6.4 7.5 0.0 0 0 3 2 2
2654.0 7970.3 5.0 132 0 9.8 9.0 5.0 2.5 2 0 2 4 4
4336.2 4775.2 4.3 83 0 9.3 4.8 2.5 2.5 4 0 1 0 0
4307.0 4791.1 4.1 173 0 10.0 11.1 7.5 2.5 2 0 3 5 5
4314.2 4776.8 4.3 83 0 11.1 10.0 5.0 2.5 2 0 2 1 1
4318.7 4811.9 3.9 266 0 4.1 9.2 7.5 2.5 2 0 3 0 0
4332.2 4813.4 3.8 263 0 23.3 9.2 5.0 2.5 2 0 2 2 2
4348.5 4781.4 4.1 82 0 5.6 10.6 7.5 2.5 2 1 3 3 3
4372.9 4774.9 4.1 83 0 12.2 5.7 2.5 2.5 2 0 1 4 4
4358.6 4817.4 3.7 263 0 6.6 10.2 2.5 2.5 2 0 1 3 3
4378.5 4814.6 3.6 353 0 10.2 16.1 5.0 2.5 2 0 2 2 2
4397.1 4796.4 3.7 354 0 20.2 11.1 7.5 0.0 0 0 3 0 0
4450.6 4748.8 4.2 173 0 12.8 14.6 7.5 2.5 2 1 3 3 3
4514.2 4708.7 4.4 352 0 40.5 15.7 12.5 2.5 2 0 5 1 1
4488.2 4705.1 4.5 172 0 40.5 10.5 7.5 0.0 0 0 3 2 2
4531.1 4643.9 6.2 82 0 8.7 11.1 5.0 0.0 0 0 2 0 0
4510.2 4640.2 6.2 104 0 9.8 16.5 5.0 2.5 2 0 2 4 4
4650.4 4477.7 6.8 356 0 10.2 20.1 2.5 2.5 2 1 1 0 0
4609.0 4515.2 6.6 268 0 4.8 11.0 7.5 2.5 2 0 3 5 5
4623.8 4510.8 6.6 358 0 9.7 12.3 5.0 0.0 0 0 2 1 1
4583.9 4580.3 7.3 267 0 11.2 8.9 2.5 0.0 0 0 1 5 5
4585.5 4563.9 7.3 88 0 9.9 7.6 7.5 0.0 0 0 3 3 3
4585.5 4554.5 7.2 86 0 11.1 9.6 5.0 0.0 0 0 2 0 0
4572.9 4488.6 6.9 88 0 11.3 11.6 5.0 2.5 2 1 2 1 1
4511.0 4508.1 7.0 268 0 11.1 9.4 2.5 2.5 2 0 1 1 1
4473.3 4588.9 7.7 328 0 9.0 14.4 5.0 2.5 2 1 2 1 1
4207.2 4497.5 8.8 266 0 6.0 21.8 7.5 2.5 2 1 3 2 2
4214.4 4466.0 9.1 88 0 5.0 10.0 5.0 2.5 2 0 2 2 2
4226.8 4466.4 9.0 88 0 19.9 10.0 2.5 2.5 2 0 1 0 0
4228.4 4507.0 8.5 268 0 17.6 9.1 5.0 2.5 2 0 2 5 5
4240.6 4507.6 8.4 267 0 6.9 11.3 7.5 2.5 2 0 3 5 5
4209.3 4570.3 8.2 179 0 11.8 5.2 5.0 2.5 2 0 2 0 0
4220.7 4577.5 8.3 268 0 7.6 6.4 5.0 2.5 4 0 2 0 0
4221.9 4547.2 8.0 89 0 8.6 8.9 5.0 2.5 2 0 2 3 3
4230.9 4547.5 8.0 88 0 9.5 9.0 7.5 2.5 2 0 3 3 3
4245.2 4594.4 8.3 269 0 26.5 10.0 7.5 2.5 2 0 3 0 0
4290.2 4574.2 8.0 179 0 16.0 5.9 7.5 2.5 2 0 3 4 4
4305.0 4470.3 8.5 173 0 9.5 24.5 7.5 2.5 4 1 3 5 5
4293.1 4487.2 8.3 178 0 20.0 7.0 5.0 2.5 2 0 2 2 2
4293.0 4508.7 7.9 172 0 10.8 25.2 10.0 2.5 2 0 4 2 2
4319.9 4551.2 7.8 88 0 12.6 11.0 7.5 2.5 4 0 3 1 1
4290.6 4555.5 7.9 178 0 11.3 22.8 7.5 2.5 2 0 3 0 0
4299.7 4591.4 8.1 178 0 9.7 20.0 5.0 2.5 2 1 2 3 3
4333.0 4613.4 7.6 264 0 8.0 14.8 7.5 0.0 0 0 3 1 1
4336.8 4575.3 8.0 84 0 8.0 23.5 2.5 2.5 2 0 1 2 2
4346.2 4564.1 7.9 86 0 6.0 14.3 5.0 0.0 0 1 2 0 0
4369.0 4481.5 8.0 85 0 19.6 10.0 7.5 2.5 2 0 3 2 2
4369.1 4522.8 7.5 265 0 12.0 11.1 7.5 2.5 2 0 3 4 4
4450.3 4518.8 7.2 269 0 10.2 9.1 2.5 2.5 2 0 1 1 1
4453.2 4482.2 7.7 357 0 9.6 26.0 7.5 2.5 4 1 3 0 0
4420.1 4516.8 7.4 267 0 6.0 21.5 7.5 2.5 2 1 3 4 4
4465.2 4651.1 6.3 351 0 10.1 20.1 7.5 2.5 2 1 3 4 4
4419.9 4687.9 5.2 172 0 16.3 10.9 7.5 2.5 2 0 3 3 3
4423.0 4665.7 5.7 172 0 28.4 10.9 7.5 2.5 2 0 3 0 0
4446.3 4608.9 7.2 352 0 25.1 14.2 10.0 0.0 0 0 4 5 5
4448.8 4591.0 7.8 352 0 11.0 14.2 5.0 2.5 2 0 2 3 3
4366.7 4554.5 7.7 86 0 12.0 11.1 5.0 2.5 2 0 2 4 4
4375.2 4591.3 8.0 355 0 10.0 25.3 7.5 2.5 2 1 3 0 0
4385.5 4567.9 7.8 85 0 7.5 24.5 7.5 2.5 2 1 3 0 0
-1821.1 2943.6 3.7 262 0 40.3 11.2 10.0 2.5 2 0 4 0 0
6799.2 -299.3 -1.2 9 0 15.7 10.5 7.5 2.5 2 0 3 0 0
2877.9 7341.2 -1.5 96 0 8.1 9.2 10.5 3.5 2 0 3 3 3
2962.8 7307.5 -3.7 3 0 8.9 9.9 10.5 3.5 4 0 3 2 2
2930.5 7289.9 -3.2 187 0 5.0 13.6 10.5 3.5 2 0 3 5 5
2919.1 7306.6 -2.2 183 0 16.3 9.2 10.5 3.5 2 0 3 0 0
2918.5 7294.0 -2.7 183 0 8.5 12.7 10.5 3.5 2 0 3 1 1
2936.4 7129.8 -7.5 113 0 3.8 5.2 10.5 3.5 2 1 3 0 0
2928.3 7137.9 -7.0 107 0 4.1 3.3 10.5 0.0 0 0 3 3 3
2762.2 7343.8 1.8 278 0 6.7 5.5 10.5 3.5 4 0 3 0 0
2779.4 7359.7 1.7 8 0 6.4 7.6 10.5 3.5 2 0 3 2 2
2768.8 7356.9 1.8 98 0 5.0 5.2 10.5 3.5 2 0 3 4 4
2747.7 7414.3 2.2 199 0 30.1 17.1 14.0 0.0 0 0 4 5 5
2611.6 7934.4 5.8 42 0 4.7 8.3 5.0 2.5 2 0 2 3 3
2608.3 7930.8 5.9 42 0 5.0 8.3 7.5 2.5 2 0 3 0 0
3101.2 7770.9 -9.6 16 0 6.9 6.4 5.0 0.0 0 0 2 0 0
3117.8 8219.5 -17.0 271 0 7.6 8.5 5.0 2.5 2 0 2 5 5
3117.3 8199.5 -16.7 91 0 7.6 11.5 2.5 2.5 2 0 1 0 0
3047.5 8219.7 -10.9 78 0 6.3 19.0 7.5 2.5 2 1 3 4 4
2670.6 8212.0 1.8 223 0 14.8 8.2 2.5 2.5 2 0 1 0 0
2703.1 8174.2 2.2 349 0 14.1 16.2 5.0 2.5 2 1 2 2 2
2683.0 8142.5 3.3 156 0 10.0 6.9 5.0 2.5 2 0 2 3 3
-5842.4 4289.1 -7.5 247 0 14.7 27.3 10.0 2.5 2 1 4 3 3
-5862.3 4232.0 -7.6 63 0 50.1 12.7 10.0 2.5 2 0 4 0 0
6160.5 -5980.1 7.3 194 0 25.4 10.2 7.5 2.5 4 0 3 4 4
6211.5 -5957.9 7.9 8 0 11.9 29.7 7.5 2.5 4 1 3 3 3
6679.8 -4166.4 2.5 249 0 10.9 55.0 10.0 2.5 2 1 4 1 1
6752.2 -4201.3 3.4 73 0 6.4 7.8 7.5 2.5 2 0 3 4 4
6732.1 -4207.7 2.9 73 0 28.5 7.5 7.5 2.5 2 0 3 5 5
6749.3 -4172.0 3.9 253 0 7.9 21.3 5.0 0.0 0 0 2 4 4
6714.2 -4154.8 5.7 251 0 11.8 9.7 5.0 2.5 2 0 2 0 0
6742.5 -4157.7 6.0 72 0 11.9 12.2 7.5 2.5 2 1 3 3 3
6790.8 -4855.1 -1.0 256 0 4.5 8.4 2.5 2.5 2 0 1 3 3
6788.4 -4845.4 -1.0 256 0 4.5 10.0 7.5 2.5 2 0 3 3 3
6812.0 -5916.1 5.7 18 0 9.1 15.3 7.5 2.5 2 1 3 3 3
2883.7 6483.9 2.4 285 0 3.6 8.5 5.0 2.5 2 1 2 4 4
2862.2 6482.5 3.0 281 0 5.4 3.9 5.0 2.5 2 0 2 4 4
2875.0 6480.2 2.6 282 0 6.9 6.1 2.5 2.5 2 0 1 0 0
2766.7 6517.1 5.3 299 0 6.3 12.0 2.5 2.5 2 1 1 2 2
2955.1 6506.3 -3.2 3 0 4.0 6.4 5.0 2.5 4 1 2 5 5
2855.7 6524.3 3.8 110 0 3.4 5.3 5.0 2.5 2 1 2 5 5
2786.7 6548.6 4.8 113 0 4.1 9.1 7.5 2.5 2 1 3 0 0
2791.1 6562.7 4.7 202 0 8.6 3.6 2.5 2.5 2 0 1 3 3
2874.9 6587.8 3.5 292 0 4.2 6.1 2.5 2.5 2 1 1 4 4
2957.1 6476.9 -3.8 108 0 4.4 6.9 2.5 0.0 0 0 1 2 2
2958.3 6483.7 -3.8 107 0 7.5 3.4 5.0 2.5 2 0 2 4 4
2804.1 6638.4 3.7 207 0 5.2 8.8 7.5 2.5 2 1 3 1 1
2883.8 6593.5 2.2 278 0 6.2 4.3 5.0 2.5 2 0 2 0 0
2899.1 6586.5 1.0 291 0 3.7 9.7 5.0 2.5 4 1 2 0 0
2920.3 6592.6 -1.2 292 0 3.5 11.6 7.5 2.5 2 1 3 0 0
2945.7 6562.4 -2.4 337 0 4.2 5.9 2.5 2.5 2 1 1 4 4
2962.9 6518.3 -3.9 354 0 4.3 6.8 7.5 0.0 0 0 3 5 5
3656.7 7030.9 4.4 87 0 6.4 18.7 7.5 2.5 2 1 3 0 0
3681.6 7051.6 4.3 266 0 9.8 19.5 5.0 2.5 2 1 2 4 4
3787.0 7077.4 3.9 262 0 4.1 6.5 7.5 0.0 0 1 3 1 1
3758.4 7079.4 3.8 258 0 3.8 9.0 2.5 2.5 2 1 1 4 4
3742.8 7079.8 3.8 256 0 9.5 5.6 5.0 2.5 2 0 2 1 1
3713.2 7069.1 4.0 165 0 5.2 17.0 7.5 2.5 2 1 3 5 5
3718.6 7043.3 4.3 167 0 10.0 17.3 5.0 2.5 2 1 2 4 4
3750.4 7045.1 4.2 78 0 17.6 10.3 5.0 2.5 2 0 2 2 2
3779.5 7043.7 4.3 78 0 32.0 11.3 10.0 2.5 2 0 4 2 2
3813.2 7045.8 4.3 92 0 16.2 10.8 5.0 2.5 2 0 2 3 3
3853.8 7069.5 3.5 92 0 33.4 5.3 5.0 2.5 2 0 2 3 3
3869.3 7049.9 3.5 88 0 9.2 10.6 7.5 2.5 2 1 3 5 5
3886.8 7078.9 3.5 178 0 9.3 18.7 7.5 2.5 2 1 3 4 4
3911.8 7108.8 3.5 272 0 10.9 20.2 7.5 2.5 2 1 3 3 3
3917.9 7067.3 3.5 95 0 3.4 10.9 5.0 2.5 2 1 2 1 1
4007.3 7056.9 3.3 89 0 4.4 11.6 5.0 2.5 4 1 2 1 1
3993.7 7043.9 3.5 90 0 21.9 16.9 15.0 0.0 0 0 6 1 1
4004.6 7043.9 3.3 180 0 8.5 14.2 7.5 2.5 2 0 3 0 0
4026.2 7042.7 3.1 91 0 5.0 12.7 7.5 2.5 2 1 3 0 0
4061.9 7051.8 2.5 90 0 3.9 6.9 5.0 2.5 2 1 2 1 1
4076.0 7049.3 2.4 90 0 12.0 6.1 5.0 2.5 2 0 2 2 2
4108.1 7054.2 2.5 91 0 4.8 14.7 7.5 2.5 2 1 3 4 4
4138.6 7078.2 2.5 269 0 6.1 17.1 5.0 2.5 2 1 2 3 3
4168.9 7086.0 2.2 266 0 10.9 6.5 7.5 2.5 2 0 3 4 4
4219.8 7103.9 2.3 269 0 11.0 7.9 2.5 2.5 2 0 1 5 5
4229.9 7099.6 2.4 269 0 9.0 5.3 5.0 2.5 4 0 2 2 2
4232.3 7092.1 2.5 268 0 4.3 9.1 7.5 2.5 2 1 3 2 2
4232.3 7058.7 2.5 87 0 7.6 16.3 7.5 2.5 2 1 3 4 4
4268.3 7096.5 2.6 267 0 15.5 7.0 2.5 2.5 2 0 1 4 4
4254.7 7065.7 2.5 86 0 10.0 19.9 2.5 2.5 2 1 1 1 1
4280.5 7051.8 2.7 85 0 11.4 9.3 7.5 2.5 2 0 3 1 1
4282.1 7069.5 2.7 88 0 6.9 13.0 5.0 2.5 2 1 2 3 3
4299.1 7081.4 2.8 81 0 8.7 5.2 2.5 2.5 2 0 1 2 2
4301.5 7066.1 2.8 80 0 16.4 7.9 2.5 2.5 2 0 1 4 4
4324.7 7086.0 2.9 79 0 8.1 5.0 7.5 2.5 2 0 3 2 2
4327.3 7070.7 3.0 79 0 16.2 7.2 5.0 2.5 2 0 2 2 2
4337.9 7136.0 2.0 264 0 3.5 29.7 5.0 2.5 2 1 2 2 2
4369.8 7104.4 2.3 349 0 3.5 5.8 5.0 2.5 2 0 2 0 0
4376.8 7104.1 2.2 349 0 6.8 6.8 5.0 2.5 2 0 2 4 4
4360.4 7083.0 2.5 79 0 20.0 10.5 10.0 2.5 2 0 4 4 4
3075.4 7352.8 -9.9 273 0 4.7 3.1 2.5 2.5 2 0 1 5 5
3067.9 7360.4 -9.7 275 0 11.6 9.5 7.5 2.5 2 0 3 5 5
3083.0 7349.2 -10.4 274 0 11.0 7.1 5.0 2.5 2 0 2 1 1
3144.3 7328.9 -13.5 6 0 4.1 11.4 7.5 2.5 2 1 3 0 0
3163.9 7218.6 -15.1 339 0 6.1 15.0 5.0 2.5 2 1 2 1 1
3102.3 7150.7 -13.3 60 0 10.8 4.8 7.5 0.0 0 0 3 4 4
3133.5 7159.2 -14.7 354 0 4.7 22.6 2.5 2.5 2 1 1 4 4
3138.2 7138.0 -15.5 74 0 4.8 6.2 2.5 2.5 2 1 1 0 0
3082.0 7137.2 -12.4 73 0 3.3 8.0 5.0 2.5 2 1 2 3 3
3096.8 7133.5 -13.3 73 0 5.4 7.7 5.0 0.0 0 1 2 2 2
2925.1 7193.7 -5.3 290 0 4.5 3.7 10.5 3.5 2 0 3 1 1
2920.3 7196.4 -5.0 290 0 6.6 6.2 10.5 3.5 2 0 3 1 1
2864.4 7226.0 -2.8 202 0 3.4 7.8 10.5 3.5 2 0 3 5 5
2928.4 7202.4 -5.4 283 0 7.2 5.0 10.5 3.5 4 0 3 1 1
2936.6 7200.5 -5.9 283 0 9.6 9.0 10.5 3.5 2 0 3 0 0
2996.8 7175.8 -8.8 281 0 3.0 7.4 10.5 3.5 2 0 3 2 2
3005.8 7186.8 -8.1 277 0 10.8 4.7 10.5 3.5 4 0 3 1 1
2775.6 7288.1 0.4 190 0 5.5 5.5 10.5 0.0 0 0 3 5 5
2824.0 7292.9 0.7 188 0 4.1 3.7 10.5 3.5 2 0 3 3 3
2830.5 7296.2 0.8 8 0 4.3 6.0 10.5 3.5 4 0 3 5 5
2802.3 7280.5 -0.0 189 0 10.2 8.5 10.5 3.5 2 0 3 5 5
2787.7 7260.1 -1.1 282 0 11.1 4.7 10.5 3.5 2 0 3 3 3
2628.6 7106.0 0.9 106 0 7.6 4.7 7.5 2.5 2 0 3 4 4
2597.2 7115.9 2.5 108 0 14.8 5.7 2.5 2.5 2 0 1 5 5
2668.1 7236.7 2.8 290 0 11.8 7.2 10.5 3.5 2 0 3 2 2
2715.8 7228.9 0.3 290 0 5.7 23.2 10.5 3.5 2 0 3 4 4
2597.1 7255.5 1.7 208 0 9.6 5.7 10.5 3.5 2 0 3 4 4
2725.1 7252.5 1.0 102 0 4.1 7.6 10.5 3.5 2 1 3 2 2
2710.2 7257.8 1.2 110 0 17.2 4.8 10.5 3.5 2 0 3 4 4
2737.5 7269.5 0.5 281 0 4.7 16.4 10.5 0.0 0 1 3 2 2
2899.1 7378.7 -3.3 274 0 8.1 6.1 10.5 3.5 2 0 3 3 3
2939.6 7412.8 -5.0 105 0 4.0 8.9 10.5 3.5 2 0 3 2 2
2784.2 7438.1 2.0 111 0 4.9 5.8 10.5 3.5 2 1 3 1 1
2789.9 7455.5 2.0 197 0 5.3 3.4 10.5 3.5 2 0 3 0 0
2860.4 7426.6 -0.9 95 0 12.3 8.1 10.5 3.5 2 0 3 3 3
2954.6 7127.9 -8.3 102 0 11.6 3.8 10.5 0.0 0 0 3 0 0
2974.7 7026.5 -11.6 36 0 4.5 10.4 7.5 0.0 0 1 3 3 3
2817.1 6971.3 -6.8 250 0 5.2 14.8 10.5 3.5 2 1 3 1 1
2451.7 6975.9 4.8 97 0 27.4 6.0 7.5 2.5 2 0 3 0 0
2470.2 6973.6 4.3 97 0 9.9 15.5 7.5 2.5 2 0 3 5 5
2445.9 7100.3 7.6 280 0 52.1 24.7 12.5 2.5 2 0 5 1 1
2503.9 7051.6 4.5 279 0 20.4 11.5 5.0 2.5 4 0 2 5 5
2536.2 7058.0 3.8 276 0 4.9 3.5 2.5 2.5 2 0 1 1 1
2566.3 7025.9 1.5 5 0 4.7 16.4 7.5 2.5 2 1 3 3 3
2550.7 7005.4 0.7 95 0 40.4 15.3 12.5 2.5 2 0 5 4 4
2565.5 7046.9 2.2 9 0 5.5 5.5 5.0 0.0 0 1 2 1 1
2506.8 6868.3 1.6 312 0 6.5 10.4 5.0 0.0 0 0 2 1 1
2481.1 6871.7 1.7 266 0 7.3 11.5 7.5 2.5 4 0 3 3 3
2454.1 6871.7 1.9 268 0 7.3 11.4 2.5 2.5 2 0 1 5 5
2427.1 6870.9 2.4 315 0 6.2 10.8 7.5 2.5 2 0 3 2 2
2394.4 6869.7 2.8 222 0 10.6 6.4 7.5 2.5 2 0 3 5 5
2469.0 6809.9 3.1 103 0 6.5 18.1 7.5 2.5 2 0 3 3 3
2440.8 7739.9 5.7 312 0 6.7 15.3 7.5 2.5 2 1 3 1 1
2438.9 7719.0 6.2 308 0 12.5 11.6 7.5 2.5 2 0 3 3 3
2395.9 7707.5 6.7 129 0 20.2 7.5 7.5 2.5 2 0 3 1 1
2400.6 7713.4 6.5 129 0 20.2 8.9 2.5 2.5 2 0 1 0 0
2400.6 7729.6 6.3 219 0 7.4 20.2 7.5 2.5 2 0 3 2 2
2303.2 7671.6 7.4 132 0 18.5 24.2 10.0 0.0 0 1 4 0 0
2363.8 7660.6 7.3 220 0 6.1 6.2 2.5 2.5 4 0 1 0 0
2399.0 7631.0 6.3 40 0 6.1 3.1 2.5 2.5 2 0 1 2 2
2392.3 7636.6 6.5 40 0 6.1 3.1 7.5 2.5 2 0 3 0 0
2387.7 7640.5 6.7 40 0 6.1 3.1 5.0 2.5 2 0 2 4 4
2385.4 7642.4 6.8 40 0 6.1 3.0 2.5 2.5 2 0 1 0 0
2378.5 7648.2 7.0 40 0 6.1 3.1 5.0 2.5 2 0 2 1 1
2376.2 7650.2 7.1 40 0 6.1 3.0 5.0 2.5 2 0 2 2 2
2373.9 7652.1 7.1 40 0 6.1 4.0 7.5 2.5 4 0 3 3 3
2371.6 7658.0 7.2 310 0 3.1 6.1 7.5 2.5 2 0 3 1 1
2380.3 7671.0 7.5 310 0 4.4 6.1 5.0 2.5 2 0 2 5 5
2384.4 7675.8 7.6 310 0 4.5 6.2 7.5 2.5 2 0 3 4 4
2334.3 7911.3 8.3 43 0 26.4 11.0 7.5 0.0 0 0 3 2 2
2359.1 7910.3 8.4 219 0 5.4 5.1 2.5 2.5 2 0 1 0 0
2486.5 7692.9 6.3 257 0 5.5 13.4 5.0 2.5 2 0 2 0 0
2793.1 7565.8 2.5 295 0 8.3 6.8 10.5 3.5 2 0 3 1 1
2716.5 7654.2 4.0 111 0 7.8 13.1 7.5 2.5 2 1 3 1 1
2715.4 7639.1 4.0 113 0 3.1 7.5 5.0 2.5 2 1 2 2 2
2731.2 7600.2 3.6 298 0 12.6 6.7 10.5 3.5 2 0 3 1 1
2521.0 7398.8 2.2 115 0 9.0 5.8 7.5 2.5 2 0 3 1 1
2506.2 7377.4 1.2 202 0 13.4 30.7 12.5 2.5 4 1 5 2 2
2410.5 7531.3 4.9 299 0 8.0 4.0 10.5 0.0 0 0 3 5 5
2403.3 7408.7 1.9 215 0 3.6 13.9 10.5 3.5 4 1 3 1 1
2383.2 7380.5 2.0 123 0 5.6 8.7 10.5 3.5 2 0 3 2 2
2352.4 7405.6 2.8 122 0 6.2 3.9 10.5 3.5 2 0 3 4 4
2351.5 7386.4 2.5 119 0 9.5 10.1 10.5 3.5 4 1 3 1 1
2629.3 7532.7 4.0 301 0 7.7 7.0 10.5 3.5 2 0 3 1 1
2064.9 7280.1 6.8 91 0 15.4 7.6 2.5 2.5 2 0 1 1 1
2277.8 7264.4 4.4 19 0 4.4 17.2 5.0 0.0 0 0 2 0 0
2285.5 7261.8 4.4 19 0 4.6 8.1 5.0 2.5 2 0 2 1 1
2274.2 7288.6 3.2 296 0 5.3 5.8 7.5 2.5 2 1 3 2 2
2270.3 7262.2 4.6 19 0 5.9 19.3 2.5 2.5 2 0 1 0 0
2316.5 7284.5 2.6 227 0 4.1 5.6 2.5 2.5 2 1 1 0 0
2340.2 7280.1 2.3 47 0 7.2 4.9 5.0 2.5 2 0 2 5 5
2331.2 7313.4 1.9 208 0 8.5 4.9 7.5 2.5 2 0 3 1 1
2059.8 6740.6 11.1 279 0 17.0 8.6 5.0 2.5 2 0 2 3 3
2053.8 6687.8 11.9 100 0 29.3 9.9 7.5 2.5 2 0 3 5 5
2037.7 6968.0 8.1 190 0 9.6 6.2 5.0 2.5 2 0 2 0 0
-4880.1 -7625.5 11.5 176 0 15.9 10.2 5.0 2.5 2 0 2 2 2
-4880.8 -7615.6 12.0 177 0 3.9 10.3 7.5 2.5 4 0 3 1 1
-4852.4 -7599.8 12.0 347 0 6.0 7.3 5.0 2.5 2 1 2 2 2
-4838.6 -7637.8 10.9 350 0 7.6 7.0 2.5 2.5 2 0 1 3 3
-4884.0 -7655.1 10.6 173 0 7.2 18.2 2.5 2.5 4 1 1 1 1
-4854.0 -7697.1 8.9 345 0 6.2 21.3 7.5 2.5 2 1 3 2 2
-4883.9 -7688.8 9.4 169 0 8.2 26.8 2.5 2.5 2 1 1 2 2
-4854.9 -7731.7 7.7 72 0 19.1 9.1 5.0 2.5 2 0 2 5 5
-4893.7 -7719.2 8.1 172 0 18.2 10.6 5.0 2.5 4 0 2 1 1
-5014.7 -7639.5 11.7 337 0 15.4 27.8 10.0 2.5 2 1 4 4 4
-5077.3 -7641.5 11.2 87 0 5.4 5.2 5.0 2.5 2 0 2 4 4
-5045.4 -7627.8 11.8 356 0 5.6 18.9 5.0 2.5 2 1 2 3 3
-5031.7 -7330.6 15.5 285 0 34.0 14.7 10.0 2.5 2 0 4 5 5
-5017.6 -7434.4 15.4 14 0 10.6 25.1 10.0 2.5 2 1 4 0 0
-4936.6 -7652.1 11.3 355 0 5.2 7.1 7.5 2.5 2 1 3 0 0
-4936.9 -7638.0 11.9 78 0 6.8 25.1 7.5 2.5 2 1 3 1 1
-4917.0 -7626.1 11.9 6 0 12.5 9.5 2.5 2.5 2 0 1 1 1
-4921.6 -7608.1 12.5 1 0 4.3 13.7 5.0 2.5 2 1 2 1 1
-4928.6 -7595.8 12.7 2 0 7.4 20.2 7.5 2.5 2 1 3 1 1
-4927.9 -7574.3 12.9 8 0 7.7 4.1 7.5 2.5 2 0 3 4 4
-4911.2 -7573.4 12.7 7 0 12.1 9.1 5.0 2.5 2 0 2 3 3
-4875.7 -7579.2 12.3 171 0 3.9 9.7 2.5 2.5 2 1 1 5 5
-4893.7 -7572.9 12.5 191 0 13.5 9.7 2.5 2.5 2 0 1 2 2
-4887.0 -7549.5 12.7 192 0 11.0 7.3 7.5 0.0 0 0 3 2 2
-4883.9 -7539.4 12.7 192 0 10.0 8.9 7.5 2.5 2 0 3 4 4
-4936.2 -7726.3 8.3 251 0 5.3 3.3 5.0 2.5 2 0 2 3 3
-4943.5 -7713.4 8.7 252 0 5.1 8.2 2.5 2.5 2 1 1 5 5
-4954.8 -7712.7 8.5 251 0 6.1 14.7 7.5 2.5 2 1 3 1 1
-4965.1 -7725.7 8.4 154 0 16.0 4.1 7.5 2.5 2 0 3 0 0
-4965.6 -7710.9 9.2 61 0 7.1 3.2 2.5 2.5 2 0 1 4 4
-4974.9 -7700.7 9.6 153 0 8.7 8.9 5.0 2.5 2 0 2 4 4
-4978.7 -7693.2 9.9 152 0 8.1 8.9 2.5 2.5 2 0 1 1 1
-4842.7 -7830.8 4.9 346 0 5.8 8.0 7.5 2.5 2 1 3 4 4
-4840.1 -7819.6 5.2 343 0 3.7 7.4 2.5 0.0 0 1 1 2 2
-4847.2 -7810.1 5.4 346 0 9.3 5.3 5.0 2.5 2 0 2 1 1
-4870.4 -7816.4 5.1 171 0 28.6 10.8 5.0 2.5 2 0 2 2 2
-4904.2 -7803.2 5.6 349 0 18.3 9.8 5.0 2.5 2 0 2 1 1
-4910.4 -7853.9 4.6 158 0 10.8 5.1 5.0 2.5 2 0 2 0 0
-4890.9 -7849.1 4.6 346 0 13.5 8.2 5.0 2.5 2 0 2 5 5
-4904.2 -7870.6 4.2 158 0 5.4 8.5 7.5 2.5 2 1 3 2 2
-4890.6 -7883.0 4.0 168 0 5.4 3.2 2.5 2.5 2 0 1 1 1
825.1 7034.3 14.5 3 0 19.1 12.3 10.0 2.5 2 0 4 4 4
794.0 7021.5 14.4 183 0 9.2 13.7 5.0 2.5 2 1 2 4 4
-1801.8 8131.1 12.3 215 0 10.6 10.1 5.0 2.5 2 0 2 3 3
-1770.7 8124.4 12.3 310 0 9.5 16.8 5.0 2.5 2 1 2 1 1
-2714.5 6737.4 3.5 144 0 9.7 14.9 7.5 2.5 2 1 3 5 5
-2642.8 6750.2 4.0 339 0 7.3 17.6 5.0 2.5 4 1 2 0 0
-2635.7 6766.2 4.5 57 0 12.3 24.3 7.5 2.5 2 1 3 3 3
-1669.5 8242.3 8.0 229 0 9.4 25.1 2.5 2.5 2 1 1 5 5
-1653.1 8267.1 9.2 309 0 7.1 15.6 7.5 2.5 2 1 3 4 4
-1633.5 8273.1 9.6 228 0 10.6 14.7 10.0 2.5 2 1 4 0 0
-1989.8 7901.4 11.8 48 0 21.3 12.0 10.0 2.5 2 0 4 1 1
-1982.5 7940.7 11.9 44 0 10.9 11.0 7.5 2.5 2 1 3 4 4
-2001.1 7955.3 11.9 232 0 16.7 6.2 5.0 2.5 2 0 2 3 3
-2030.0 7939.4 11.8 227 0 27.3 10.4 7.5 2.5 2 0 3 5 5
-2436.8 8188.8 11.9 320 0 10.0 6.0 7.5 2.5 2 0 3 4 4
-2443.4 8158.8 11.8 318 0 9.4 22.3 7.5 2.5 2 1 3 2 2
-2586.5 8117.6 10.2 38 0 6.1 5.8 5.0 2.5 2 0 2 3 3
-2604.3 8102.1 10.0 128 0 8.7 20.1 5.0 2.5 2 0 2 4 4
-2615.6 8113.5 9.8 130 0 5.6 28.1 5.0 2.5 2 1 2 3 3
-2521.9 8176.8 10.8 313 0 12.4 8.8 7.5 2.5 2 0 3 1 1
-2565.0 8140.3 10.4 132 0 10.8 17.7 10.0 2.5 2 1 4 2 2
-2545.0 8231.6 10.3 219 0 8.5 5.8 5.0 2.5 2 0 2 5 5
-2499.7 8222.8 10.9 20 0 12.0 9.7 7.5 2.5 2 0 3 2 2
-2494.0 8183.8 11.3 226 0 9.9 11.8 5.0 2.5 2 1 2 4 4
-2490.7 8139.7 11.3 50 0 9.3 17.9 2.5 2.5 2 1 1 5 5
-3774.7 6420.8 -5.0 359 0 15.8 11.1 7.5 2.5 2 0 3 3 3
-3815.9 6422.7 -4.6 179 0 10.7 7.6 5.0 2.5 2 0 2 5 5
-3812.3 6490.3 -5.2 1 0 15.6 11.3 5.0 2.5 2 0 2 3 3
-3812.0 6506.9 -4.7 1 0 17.6 9.8 7.5 2.5 2 0 3 3 3
-3854.0 6488.9 -5.2 179 0 15.4 7.4 7.5 2.5 2 0 3 2 2
-3893.1 6399.3 -3.4 86 0 11.4 22.4 2.5 2.5 2 1 1 4 4
-4029.3 6406.2 -7.0 85 0 7.8 12.5 7.5 2.5 2 1 3 3 3
-3992.2 6412.9 -6.0 358 0 15.0 11.8 5.0 2.5 2 0 2 5 5
-3999.5 6500.1 -4.7 183 0 10.9 7.7 5.0 2.5 2 0 2 4 4
-3966.5 6487.6 -5.3 359 0 15.0 10.9 5.0 2.5 2 0 2 5 5
-1831.4 5943.8 2.5 21 0 6.2 6.9 5.0 2.5 2 1 2 0 0
-1958.1 5973.4 4.0 205 0 21.1 9.5 7.5 2.5 2 0 3 1 1
-1912.5 5957.0 3.5 119 0 3.9 8.6 7.5 2.5 2 1 3 1 1
-1926.3 5981.4 3.7 206 0 7.9 12.8 5.0 2.5 2 1 2 1 1
-1922.8 5934.1 3.4 24 0 10.0 20.0 7.5 2.5 2 1 3 3 3
-1905.4 5941.5 3.2 113 0 8.2 14.8 5.0 2.5 2 1 2 1 1
-4529.3 6045.3 -7.8 19 0 3.2 4.1 5.0 2.5 2 1 2 3 3
-4544.4 6025.9 -7.8 109 0 6.8 11.2 7.5 2.5 2 1 3 1 1
-4528.8 6155.6 -9.0 203 0 14.1 7.8 7.5 2.5 2 0 3 2 2
-4538.1 6122.8 -8.7 198 0 10.4 8.5 5.0 2.5 2 0 2 3 3
-4527.7 6113.9 -8.5 108 0 8.2 11.4 7.5 2.5 2 0 3 3 3
-4520.4 6111.6 -8.3 108 0 7.1 11.4 7.5 2.5 2 0 3 4 4
-4514.4 6202.0 -9.4 108 0 5.7 14.3 7.5 2.5 2 1 3 1 1
-4506.7 6201.2 -9.2 111 0 8.2 10.1 5.0 2.5 2 0 2 2 2
-4500.9 6205.0 -9.1 201 0 11.3 8.2 7.5 2.5 2 0 3 2 2
-4493.2 6202.1 -8.8 201 0 11.3 7.2 7.5 2.5 2 0 3 4 4
-4466.4 6445.2 -10.8 359 0 7.0 22.1 7.5 2.5 2 1 3 0 0
-4504.8 6456.4 -11.0 181 0 4.6 17.1 5.0 2.5 2 1 2 1 1
-4822.3 6279.8 -6.8 134 0 12.5 5.3 7.5 2.5 2 0 3 0 0
-4721.6 6282.8 -10.9 40 0 6.0 3.0 5.0 2.5 2 0 2 2 2
-4753.1 6291.4 -10.2 135 0 10.8 11.8 7.5 2.5 4 1 3 3 3
-4732.6 6311.5 -10.7 315 0 16.3 7.0 7.5 0.0 0 0 3 4 4
-5401.9 8203.5 -3.6 8 0 6.3 8.3 7.5 2.5 2 1 3 2 2
-5436.0 8221.1 -4.4 179 0 9.2 15.8 7.5 2.5 2 1 3 1 1
-1573.4 6252.1 2.2 113 0 11.9 5.4 5.0 2.5 2 0 2 4 4
-1538.7 6237.0 1.3 108 0 9.8 10.4 2.5 2.5 2 1 1 0 0
-1553.3 6265.2 2.4 113 0 9.0 8.6 7.5 2.5 2 0 3 3 3
-1573.6 6278.3 2.6 202 0 8.5 19.3 5.0 2.5 4 0 2 4 4
-1525.8 6267.9 2.2 24 0 11.2 9.6 5.0 2.5 2 0 2 4 4
-1538.1 6301.0 3.4 293 0 3.2 5.3 5.0 2.5 2 1 2 2 2
-1518.8 6310.7 3.3 293 0 8.6 9.9 7.5 2.5 4 1 3 3 3
-1423.8 6638.1 3.3 356 0 13.4 9.9 5.0 2.5 2 0 2 3 3
-1745.7 6434.3 5.2 303 0 11.1 9.3 7.5 2.5 2 0 3 3 3
-1693.3 6392.7 4.3 325 0 7.2 7.2 5.0 2.5 2 0 2 3 3
-1713.2 6378.5 4.4 145 0 7.2 17.3 2.5 2.5 2 0 1 3 3
-1662.3 6369.4 3.8 322 0 7.5 15.5 2.5 2.5 2 1 1 2 2
-1647.2 6380.0 3.7 301 0 16.0 10.2 5.0 2.5 2 0 2 3 3
-1612.1 6342.9 3.9 29 0 9.8 17.2 7.5 0.0 0 1 3 2 2
-1845.7 5833.0 1.6 303 0 5.9 10.2 7.5 2.5 4 1 3 2 2
-1837.2 5797.6 1.1 131 0 19.7 8.5 5.0 2.5 2 0 2 3 3
-1804.3 5794.2 0.9 39 0 13.7 8.5 5.0 2.5 2 0 2 0 0
-1497.3 6439.9 4.1 198 0 5.6 6.3 7.5 2.5 2 1 3 1 1
-1444.5 6687.0 3.9 22 0 5.2 10.7 7.5 2.5 2 1 3 3 3
-1457.9 6695.7 3.9 297 0 10.0 19.9 7.5 2.5 4 1 3 1 1
-1424.3 6659.5 3.4 1 0 8.3 22.7 7.5 2.5 2 1 3 2 2
-1468.6 6637.0 3.4 117 0 30.5 8.8 7.5 2.5 2 0 3 5 5
-1487.5 6750.3 4.2 203 0 4.5 14.6 7.5 2.5 2 1 3 0 0
-1493.5 6761.2 4.2 203 0 19.8 9.8 5.0 2.5 2 0 2 2 2
-1482.4 6779.4 4.2 201 0 6.4 13.7 5.0 2.5 2 1 2 0 0
-1457.7 6789.3 4.2 287 0 5.0 15.5 2.5 2.5 2 0 1 2 2
-1446.4 6765.8 4.1 17 0 7.3 20.1 2.5 2.5 2 0 1 4 4
-1452.5 6744.7 4.1 8 0 14.5 8.9 5.0 2.5 2 0 2 4 4
-1478.8 6731.9 4.2 297 0 7.8 50.4 7.5 2.5 2 0 3 4 4
-1488.8 6737.0 4.2 297 0 14.9 50.4 7.5 2.5 4 0 3 5 5
-1506.0 6745.8 4.3 297 0 23.8 50.4 7.5 2.5 2 0 3 0 0
-1503.2 6606.5 3.7 202 0 16.0 10.1 5.0 2.5 2 0 2 2 2
-1466.9 6612.3 3.4 286 0 18.8 9.6 5.0 2.5 2 0 2 1 1
-1433.6 6575.7 3.3 17 0 21.3 9.8 7.5 2.5 2 0 3 0 0
-1536.3 6505.8 3.7 120 0 19.2 9.4 2.5 2.5 2 0 1 0 0
-1524.0 6498.8 3.7 120 0 9.0 9.4 2.5 2.5 2 0 1 0 0
-1472.8 6527.3 3.7 109 0 6.3 23.9 7.5 2.5 4 1 3 2 2
-1443.8 6487.0 4.1 14 0 12.1 6.3 7.5 2.5 2 0 3 0 0
-1470.8 6435.5 4.2 20 0 15.5 6.6 2.5 2.5 2 0 1 4 4
-1468.5 6410.0 4.3 20 0 20.9 7.9 2.5 2.5 2 0 1 1 1
-1490.3 6336.6 3.9 19 0 25.4 13.5 10.0 2.5 2 0 4 2 2
-1512.1 6399.8 4.2 290 0 14.7 30.9 7.5 2.5 2 1 3 1 1
-1787.6 6488.0 5.0 118 0 6.1 7.5 2.5 2.5 4 1 1 5 5
-1782.2 6513.8 4.8 194 0 18.0 9.4 2.5 2.5 2 0 1 2 2
-1753.8 6595.5 4.2 297 0 10.0 10.9 5.0 2.5 2 0 2 2 2
-1744.1 6590.4 4.2 297 0 11.9 10.9 2.5 2.5 2 0 1 2 2
-1753.5 6543.4 4.4 16 0 21.6 9.3 7.5 2.5 2 0 3 5 5
-1758.4 6516.5 4.8 287 0 11.1 10.3 10.0 2.5 2 0 4 5 5
-1744.2 6506.7 4.9 17 0 10.3 10.9 5.0 2.5 2 0 2 2 2
-1692.2 6427.0 4.6 119 0 11.5 10.2 5.0 2.5 2 0 2 1 1
-1682.7 6421.7 4.4 119 0 10.2 10.2 5.0 2.5 2 0 2 5 5
-1700.0 6477.1 4.7 199 0 29.4 12.0 7.5 2.5 2 0 3 4 4
-1706.9 6456.9 4.9 199 0 13.4 12.0 10.0 2.5 2 0 4 1 1
-1648.8 6493.4 4.5 298 0 12.5 8.5 2.5 2.5 2 0 1 5 5
-1658.1 6499.9 4.5 298 0 10.0 9.8 7.5 2.5 2 0 3 5 5
-1673.3 6502.3 4.5 208 0 9.8 9.6 2.5 2.5 2 0 1 4 4
-1648.1 6441.7 4.2 20 0 37.9 8.5 5.0 2.5 2 0 2 2 2
-1421.3 6714.4 3.9 163 0 3.8 5.2 2.5 2.5 2 0 1 0 0
-1435.8 6299.4 2.3 92 0 12.8 9.6 7.5 2.5 2 0 3 2 2
-1376.4 6421.9 4.7 3 0 7.1 8.8 7.5 2.5 2 1 3 2 2
-1386.3 6315.8 2.3 94 0 6.4 18.8 5.0 2.5 2 1 2 2 2
-1380.7 6297.5 1.4 95 0 22.3 9.7 5.0 0.0 0 0 2 3 3
-1357.9 6334.5 2.5 3 0 6.9 6.9 7.5 2.5 2 0 3 3 3
-1353.9 6323.6 2.0 3 0 8.8 12.2 7.5 2.5 2 0 3 4 4
-1350.4 6347.5 2.7 347 0 12.8 5.2 5.0 2.5 2 0 2 5 5
-1366.4 6361.3 3.4 336 0 12.0 10.0 5.0 2.5 2 0 2 0 0
-1366.6 6389.1 4.2 349 0 18.8 10.2 5.0 2.5 2 0 2 3 3
-1402.0 6367.7 3.8 175 0 21.5 7.2 7.5 2.5 2 0 3 5 5
-1455.2 6379.1 4.6 194 0 8.0 8.8 5.0 2.5 2 1 2 4 4
-1436.2 6336.3 2.9 269 0 41.5 11.6 10.0 2.5 2 0 4 1 1
-1430.8 6733.9 3.9 173 0 10.9 8.5 2.5 2.5 2 0 1 3 3
-1424.4 6708.8 3.9 163 0 5.1 15.2 2.5 2.5 2 0 1 1 1
-1383.6 6699.1 3.5 266 0 10.5 8.7 2.5 2.5 2 0 1 1 1
-1379.2 6671.8 3.5 263 0 5.1 6.2 7.5 2.5 2 0 3 5 5
-1376.8 6652.6 3.5 83 0 5.1 13.2 5.0 2.5 2 0 2 5 5
-1399.8 6663.6 3.5 174 0 14.8 8.0 5.0 2.5 2 0 2 1 1
-1389.9 6568.5 3.5 3 0 9.5 5.8 5.0 2.5 2 0 2 3 3
-1415.2 6565.7 3.5 183 0 11.5 10.9 5.0 2.5 2 0 2 1 1
-1398.1 6512.5 4.1 101 0 9.3 7.8 7.5 0.0 0 0 3 4 4
-1429.8 6477.6 4.3 185 0 16.1 6.2 5.0 2.5 2 0 2 4 4
-1379.8 6489.2 4.3 11 0 15.1 41.1 5.0 0.0 0 1 2 4 4
-1357.9 6462.4 4.7 185 0 23.9 9.8 7.5 2.5 2 0 3 3 3
-1356.8 6428.5 4.8 180 0 13.2 33.5 7.5 2.5 2 0 3 5 5
-1302.2 6428.7 4.9 360 0 13.2 21.1 10.0 2.5 2 0 4 3 3
-1329.5 6405.0 4.7 86 0 4.8 9.7 2.5 2.5 2 1 1 2 2
-1355.4 6408.2 4.8 173 0 11.0 10.9 5.0 2.5 2 0 2 0 0
-1652.6 6029.4 1.7 24 0 6.7 13.5 5.0 2.5 2 1 2 2 2
-1687.4 6038.4 1.8 115 0 42.8 12.0 12.5 2.5 4 0 5 1 1
-1614.5 6078.3 0.8 27 0 19.7 10.6 7.5 2.5 2 0 3 3 3
-1631.4 6049.3 1.2 26 0 8.9 8.9 5.0 2.5 2 1 2 5 5
-1657.0 6070.7 1.5 186 0 6.7 19.3 2.5 2.5 2 1 1 3 3
-1650.4 6102.4 1.3 203 0 13.2 8.8 5.0 2.5 2 0 2 1 1
-1606.4 6137.8 0.6 121 0 9.2 8.8 5.0 2.5 2 0 2 3 3
-1577.0 6150.1 0.3 29 0 5.3 13.7 2.5 0.0 0 1 1 3 3
-1572.7 6175.0 0.1 28 0 9.2 10.1 2.5 2.5 2 0 1 4 4
-1568.8 6166.3 0.0 28 0 21.1 7.5 7.5 0.0 0 0 3 0 0
-1609.9 6201.3 0.6 203 0 5.6 6.6 2.5 2.5 2 1 1 2 2
-1606.1 6220.6 1.2 291 0 7.8 7.8 5.0 2.5 2 0 2 1 1
-1572.6 6203.1 0.1 302 0 10.1 14.9 7.5 2.5 2 1 3 4 4
3026.5 7418.4 -9.4 104 0 8.8 4.1 5.0 2.5 2 0 2 1 1
3065.9 7440.5 -11.5 64 0 10.4 4.5 5.0 2.5 2 0 2 2 2
2496.4 8035.0 5.3 221 0 9.9 11.7 5.0 2.5 2 1 2 5 5
2536.0 8053.7 5.2 313 0 11.1 12.4 5.0 2.5 4 1 2 0 0
2545.1 8020.6 5.6 312 0 7.8 4.8 5.0 2.5 2 0 2 3 3
2557.7 8033.8 5.5 312 0 9.3 10.4 2.5 2.5 2 0 1 5 5
2552.3 8013.0 5.6 311 0 7.0 3.9 7.5 2.5 2 0 3 2 2
2562.2 8005.3 5.5 311 0 10.5 4.8 7.5 2.5 2 0 3 2 2
2581.7 8012.4 5.4 312 0 9.3 10.4 2.5 2.5 2 0 1 1 1
2598.5 7996.2 5.3 313 0 9.6 9.3 2.5 2.5 2 0 1 3 3
2571.5 7979.9 5.7 130 0 3.7 6.1 5.0 2.5 2 1 2 3 3
2568.6 7964.4 5.8 131 0 10.5 10.9 5.0 2.5 2 1 2 5 5
2641.6 8007.2 5.6 132 0 6.3 5.1 7.5 2.5 2 0 3 3 3
2581.2 8065.1 5.2 224 0 4.8 4.9 7.5 2.5 2 0 3 5 5
2556.4 8075.5 5.1 238 0 13.0 5.4 7.5 2.5 2 0 3 4 4
2563.4 8051.8 5.2 131 0 8.7 9.0 7.5 0.0 0 0 3 2 2
2570.0 8046.0 5.3 131 0 8.7 9.0 7.5 2.5 2 0 3 2 2
2602.4 8017.2 5.7 132 0 8.6 9.2 2.5 2.5 2 0 1 4 4
2610.1 8035.7 5.5 130 0 4.9 4.8 7.5 2.5 2 0 3 0 0
2616.3 8030.4 5.6 130 0 11.6 4.8 7.5 2.5 2 0 3 4 4
2619.4 8015.5 5.7 133 0 5.8 6.3 5.0 2.5 2 1 2 0 0
2578.7 7924.1 6.2 223 0 3.4 8.1 5.0 2.5 2 1 2 1 1
2607.6 7906.0 6.3 222 0 6.0 3.8 7.5 2.5 4 0 3 1 1
2630.9 7919.0 5.8 220 0 6.6 9.3 5.0 2.5 2 1 2 2 2
2594.8 7875.5 5.7 221 0 4.3 6.9 5.0 2.5 2 1 2 4 4
2630.5 7931.6 5.7 221 0 6.2 4.0 2.5 0.0 0 0 1 5 5
2658.3 7946.1 5.3 312 0 4.8 8.8 2.5 2.5 2 1 1 4 4
2635.7 8099.7 4.7 223 0 6.2 3.6 7.5 2.5 2 0 3 4 4
2648.2 8084.2 4.8 311 0 3.5 5.6 5.0 2.5 2 0 2 4 4
2648.4 8072.7 5.1 310 0 6.3 8.0 5.0 2.5 2 1 2 3 3
2653.3 8079.7 4.8 311 0 10.1 5.6 5.0 2.5 2 0 2 3 3
2679.0 8067.7 5.1 309 0 18.1 7.5 7.5 2.5 2 0 3 1 1
2690.0 8082.7 4.6 310 0 6.0 18.6 2.5 0.0 0 0 1 3 3
2699.2 8046.0 5.4 310 0 6.1 3.4 7.5 2.5 2 0 3 0 0
2705.7 8040.6 5.5 313 0 4.5 6.0 5.0 2.5 2 1 2 4 4
2694.6 7964.7 4.8 127 0 18.6 11.1 7.5 2.5 4 0 3 3 3
2711.1 7856.5 4.1 218 0 6.5 3.2 2.5 2.5 2 0 1 1 1
2706.7 7826.3 3.9 217 0 15.9 5.9 5.0 2.5 2 0 2 3 3
2746.6 7819.2 3.7 40 0 6.6 6.0 7.5 2.5 2 0 3 0 0
2731.3 7895.2 4.7 217 0 6.9 9.1 5.0 2.5 2 0 2 2 2
3065.0 7794.8 -6.9 300 0 6.4 22.8 7.5 2.5 2 0 3 4 4
3047.3 7782.0 -7.0 247 0 6.0 14.6 5.0 2.5 2 0 2 3 3
2896.5 7761.4 0.1 201 0 6.0 29.0 7.5 2.5 2 0 3 5 5
2851.2 7945.8 3.9 151 0 11.6 6.4 7.5 2.5 2 0 3 2 2
2906.7 7830.5 1.1 154 0 5.3 5.1 5.0 2.5 2 0 2 0 0
3034.3 7844.5 -4.0 337 0 7.2 10.8 5.0 2.5 2 1 2 1 1
3017.7 7884.7 -2.7 338 0 5.3 8.5 5.0 2.5 2 0 2 0 0
2974.2 7625.7 -5.4 114 0 14.6 8.9 2.5 2.5 2 0 1 5 5
2928.1 7547.4 -3.2 110 0 6.7 9.6 10.5 3.5 4 1 3 4 4
-5556.5 4164.5 -11.8 358 0 7.9 17.2 7.5 0.0 0 1 3 1 1
-5676.4 4221.1 -11.2 268 0 16.7 10.6 2.5 2.5 2 0 1 0 0
-5692.2 4188.4 -11.5 68 0 6.6 11.3 5.0 2.5 2 1 2 5 5
-5713.4 4214.3 -10.7 255 0 8.7 4.0 7.5 2.5 2 0 3 4 4
-5709.6 4222.3 -10.7 74 0 12.0 18.3 2.5 2.5 2 1 1 3 3
-5780.7 4274.8 -8.5 146 0 24.7 19.7 7.5 2.5 2 0 3 0 0
-5781.2 4307.0 -7.9 84 0 19.3 11.6 7.5 2.5 2 0 3 1 1
-5816.5 4361.1 -6.9 265 0 8.3 24.7 7.5 0.0 0 1 3 1 1
-5818.0 4394.8 -6.1 244 0 8.0 7.4 7.5 2.5 2 0 3 0 0
-5844.0 4375.9 -5.6 152 0 9.6 6.8 7.5 0.0 0 0 3 3 3
-5831.8 4376.9 -5.8 62 0 8.9 9.6 5.0 2.5 2 0 2 2 2
-5890.6 4470.0 -3.2 150 0 5.5 12.5 5.0 2.5 4 0 2 1 1
-5889.6 4458.7 -3.3 150 0 15.1 8.5 2.5 0.0 0 0 1 1 1
-5879.1 4434.0 -3.9 150 0 11.8 10.3 2.5 2.5 4 0 1 2 2
-5860.6 4514.6 -3.5 243 0 6.2 8.9 5.0 2.5 2 1 2 5 5
-5313.6 4217.7 -8.8 263 0 7.1 17.3 7.5 2.5 2 1 3 4 4
-5240.3 4223.3 -7.4 278 0 6.3 16.1 7.5 2.5 2 1 3 0 0
-4607.4 4091.9 -11.0 126 0 19.6 12.2 10.0 2.5 4 0 4 3 3
-4615.3 4120.8 -11.1 222 0 15.1 4.5 5.0 2.5 2 0 2 0 0
-4518.3 4143.6 -11.6 311 0 6.5 11.8 5.0 2.5 2 1 2 2 2
-4538.9 4103.0 -11.1 130 0 5.3 7.7 7.5 2.5 2 1 3 4 4
-4709.1 5665.0 -10.5 20 0 6.5 17.7 5.0 2.5 2 0 2 0 0
-4710.5 5678.7 -10.8 20 0 12.2 7.9 5.0 2.5 2 0 2 1 1
-4718.1 5680.8 -10.8 20 0 12.7 18.7 5.0 2.5 2 0 2 2 2
-4735.7 5665.6 -10.5 110 0 14.8 13.0 5.0 2.5 2 0 2 3 3
-4766.3 5793.3 -7.1 191 0 8.5 18.2 5.0 2.5 4 0 2 3 3
-4741.1 5794.8 -7.9 281 0 12.5 15.0 5.0 2.5 2 0 2 1 1
-4808.2 5690.3 -10.4 108 0 15.2 49.9 12.5 0.0 0 1 5 0 0
-4810.0 5663.1 -10.1 200 0 25.4 50.7 10.0 0.0 0 1 4 1 1
-4492.7 5499.0 -8.5 311 0 9.7 9.2 7.5 2.5 2 0 3 4 4
-4509.4 5481.3 -8.4 131 0 11.5 15.2 7.5 2.5 2 0 3 3 3
-4511.7 5519.8 -8.8 311 0 7.5 19.9 2.5 2.5 2 1 1 3 3
-4535.5 5450.3 -7.4 312 0 11.2 10.0 7.5 2.5 2 0 3 5 5
-4539.8 5437.2 -7.2 42 0 5.3 11.1 5.0 2.5 2 0 2 0 0
-4550.9 5432.3 -7.2 132 0 10.1 8.4 5.0 2.5 2 0 2 3 3
-4568.8 5453.7 -7.5 130 0 6.4 12.3 7.5 2.5 2 1 3 1 1
-4612.0 5297.6 -9.9 223 0 10.2 7.0 2.5 2.5 2 0 1 1 1
-6956.7 6892.7 -3.9 296 0 22.5 8.3 7.5 2.5 2 0 3 1 1
-6941.1 6886.7 -4.4 205 0 15.4 11.3 7.5 2.5 2 0 3 2 2
-6924.1 6896.1 -4.8 25 0 16.1 11.4 10.0 0.0 0 0 4 3 3
-6948.9 6906.1 -4.3 218 0 6.5 10.3 7.5 2.5 2 0 3 5 5
-6956.0 6907.4 -4.2 128 0 12.9 6.5 2.5 2.5 2 0 1 5 5
-6888.4 6900.7 -6.0 27 0 10.8 28.7 10.0 2.5 2 1 4 3 3
-6947.4 6936.0 -5.0 206 0 8.5 21.8 5.0 2.5 2 1 2 1 1
-6958.9 6953.2 -5.1 202 0 8.9 26.6 5.0 2.5 2 1 2 4 4
-6919.4 6982.7 -6.1 107 0 6.8 9.8 5.0 2.5 2 1 2 4 4
-6898.4 6970.6 -6.7 293 0 13.5 17.4 2.5 2.5 4 1 1 2 2
-6840.1 6989.1 -7.9 195 0 8.8 14.4 7.5 2.5 2 1 3 4 4
-6776.3 6981.7 -8.4 280 0 7.9 9.0 2.5 2.5 2 0 1 1 1
-6784.0 6983.1 -8.5 280 0 7.7 9.0 2.5 2.5 2 0 1 4 4
-6784.5 6965.5 -7.9 282 0 12.2 5.9 5.0 2.5 2 0 2 5 5
-6774.5 6963.3 -7.8 282 0 8.3 5.9 5.0 0.0 0 0 2 5 5
-6684.4 6905.4 -5.6 90 0 21.2 12.4 7.5 2.5 2 0 3 3 3
-6672.1 6965.8 -6.9 273 0 9.3 19.3 5.0 2.5 2 1 2 2 2
-6660.5 6910.6 -6.2 89 0 8.9 15.0 5.0 2.5 2 1 2 1 1
-6628.2 6928.8 -7.2 1 0 6.1 12.2 2.5 2.5 2 0 1 0 0
-6633.8 6957.4 -7.8 271 0 12.2 25.5 10.0 2.5 2 0 4 1 1
-6941.0 7553.1 -13.7 269 0 9.4 12.2 2.5 2.5 2 1 1 3 3
-6952.8 7390.2 -10.9 170 0 5.7 5.7 7.5 2.5 2 0 3 0 0
-6951.7 7383.8 -10.8 170 0 7.4 5.7 2.5 2.5 2 0 1 3 3
-6847.0 7025.0 -8.8 107 0 15.6 6.5 7.5 0.0 0 0 3 4 4
-6897.0 7038.7 -7.5 102 0 5.8 6.8 5.0 2.5 2 1 2 1 1
-6889.0 7038.6 -7.8 106 0 8.5 4.4 5.0 2.5 2 0 2 4 4
-6876.2 7031.1 -7.8 104 0 9.3 7.9 5.0 2.5 2 0 2 2 2
-6913.4 7077.1 -7.3 8 0 15.0 5.4 2.5 2.5 2 0 1 4 4
-6928.0 7407.1 -11.5 274 0 5.6 11.2 5.0 2.5 2 1 2 3 3
-6955.0 7449.4 -11.8 191 0 6.1 13.7 2.5 0.0 0 1 1 3 3
-6954.2 7407.1 -11.0 10 0 10.4 11.4 2.5 2.5 2 1 1 3 3
-6929.7 7274.1 -9.8 176 0 8.5 6.3 7.5 2.5 2 0 3 4 4
-6944.8 7318.7 -10.1 173 0 11.5 8.8 2.5 2.5 2 0 1 0 0
-6914.6 7274.7 -10.2 87 0 7.7 19.0 7.5 2.5 2 1 3 5 5
-6863.5 7209.7 -10.6 357 0 18.4 7.5 7.5 2.5 4 0 3 0 0
-6904.1 7217.1 -9.7 175 0 9.7 12.1 5.0 0.0 0 1 2 2 2
-6894.2 7190.3 -9.7 90 0 24.4 6.8 7.5 2.5 2 0 3 5 5
-6801.9 7890.1 -14.9 184 0 8.7 5.5 2.5 2.5 2 0 1 3 3
-6798.5 7873.1 -15.1 183 0 7.5 10.6 5.0 2.5 2 1 2 2 2
-6752.6 7881.7 -14.5 91 0 8.1 37.2 7.5 2.5 2 1 3 5 5
-6751.0 7935.0 -13.4 270 0 7.8 11.0 7.5 2.5 2 1 3 5 5
-6634.2 6913.2 -6.6 358 0 3.9 6.3 7.5 0.0 0 1 3 2 2
-6633.8 6921.4 -6.8 358 0 3.9 6.3 7.5 0.0 0 1 3 3 3
-6625.2 6921.4 -7.0 358 0 3.9 6.3 5.0 0.0 0 1 2 4 4
-6625.5 6913.2 -6.8 358 0 3.9 6.3 2.5 0.0 0 1 1 1 1
3910.7 6987.1 3.6 86 0 5.3 4.5 5.0 2.5 2 0 2 3 3
3906.2 6972.2 3.7 86 0 5.6 14.6 5.0 2.5 2 1 2 1 1
3500.6 6870.3 1.8 97 0 7.2 6.3 5.0 2.5 2 0 2 1 1
3498.9 6962.1 1.5 173 0 5.0 6.3 2.5 2.5 2 1 1 4 4
3619.2 6849.2 3.5 88 0 6.3 36.8 5.0 2.5 2 1 2 5 5
3607.7 6929.9 4.0 358 0 5.2 15.2 7.5 2.5 2 1 3 3 3
3629.2 6935.7 4.0 1 0 7.0 14.0 7.5 2.5 2 1 3 3 3
3648.0 6950.3 4.3 89 0 4.1 5.4 7.5 2.5 2 0 3 3 3
3641.4 6950.1 4.3 89 0 5.8 5.2 7.5 2.5 2 0 3 5 5
3741.7 6945.1 4.0 0 0 8.7 16.1 7.5 2.5 2 1 3 1 1
3735.7 6991.7 4.4 263 0 8.7 4.1 5.0 2.5 2 0 2 5 5
3749.1 7000.9 4.3 254 0 4.0 9.1 7.5 2.5 2 1 3 4 4
3789.4 6983.0 4.3 169 0 4.9 10.2 7.5 2.5 4 1 3 0 0
3787.9 7016.0 4.5 259 0 16.8 9.7 2.5 2.5 2 0 1 3 3
3809.5 7013.8 4.4 266 0 6.1 13.4 5.0 2.5 2 1 2 5 5
3819.1 6961.4 4.1 82 0 7.6 14.3 5.0 2.5 2 1 2 0 0
3824.7 6955.7 4.0 173 0 6.7 15.3 7.5 2.5 2 1 3 1 1
3864.0 6948.8 3.9 86 0 8.3 19.8 2.5 2.5 2 0 1 1 1
3867.6 6968.9 4.0 86 0 9.6 13.9 5.0 2.5 4 0 2 2 2
3891.6 6970.9 4.0 85 0 6.1 14.8 2.5 2.5 4 1 1 5 5
3950.7 7028.4 3.3 272 0 9.1 13.9 5.0 2.5 2 1 2 4 4
3945.1 7002.5 3.3 267 0 17.0 5.5 7.5 2.5 2 0 3 2 2
3955.7 6944.9 3.2 88 0 6.4 30.4 5.0 2.5 4 1 2 5 5
3968.9 6926.0 3.1 90 0 7.9 19.6 7.5 2.5 2 1 3 0 0
3977.4 7007.7 3.2 265 0 15.5 6.4 2.5 2.5 2 0 1 5 5
3982.2 6998.5 3.2 266 0 7.0 10.3 7.5 2.5 2 1 3 5 5
3979.1 7025.9 3.3 272 0 8.7 11.9 7.5 2.5 2 1 3 5 5
4003.9 6977.0 3.2 85 0 6.6 4.5 5.0 2.5 2 0 2 1 1
4003.6 6975.4 3.1 356 0 3.0 5.9 7.5 2.5 2 0 3 3 3
4004.5 6955.9 3.0 85 0 10.5 18.0 2.5 2.5 2 0 1 3 3
4018.3 7012.2 3.3 268 0 4.7 14.8 5.0 2.5 2 0 2 4 4
4019.2 6982.6 3.2 88 0 4.7 14.7 2.5 2.5 2 0 1 0 0
4034.8 7002.5 3.5 270 0 8.3 5.1 2.5 2.5 2 0 1 2 2
4051.1 7024.7 3.4 272 0 4.8 13.7 2.5 2.5 2 1 1 0 0
4097.6 6981.9 4.1 90 0 3.6 5.9 2.5 2.5 4 0 1 0 0
4099.4 6984.9 4.1 180 0 5.9 10.9 5.0 0.0 0 0 2 4 4
4119.3 7000.9 3.5 268 0 9.4 13.1 5.0 2.5 2 1 2 2 2
4160.0 7004.8 4.0 259 0 5.8 3.5 7.5 2.5 2 0 3 3 3
4159.2 7009.1 3.9 258 0 5.2 3.3 7.5 2.5 4 0 3 3 3
4157.1 7015.3 3.8 257 0 7.2 5.4 7.5 2.5 2 0 3 1 1
4197.3 6996.3 4.0 349 0 7.6 3.5 7.5 2.5 2 0 3 2 2
4195.0 6988.9 4.1 352 0 6.2 15.5 5.0 2.5 2 1 2 1 1
4200.7 7014.5 3.8 343 0 9.4 24.2 7.5 0.0 0 1 3 4 4
4232.0 6930.7 3.7 177 0 8.6 15.9 7.5 2.5 2 1 3 0 0
4211.6 7015.8 3.5 167 0 7.5 14.8 5.0 0.0 0 0 2 3 3
4213.7 6996.9 3.7 171 0 8.7 6.7 2.5 2.5 2 0 1 0 0
4227.9 7019.9 3.4 257 0 4.1 4.1 5.0 2.5 2 0 2 0 0
4212.8 7006.1 3.7 171 0 9.7 5.1 5.0 2.5 2 0 2 5 5
4292.2 7009.4 3.0 173 0 3.2 6.4 5.0 2.5 2 1 2 5 5
4328.9 7016.9 2.8 352 0 8.8 17.9 7.5 2.5 2 1 3 5 5
4312.5 7039.2 2.7 261 0 14.6 8.2 5.0 2.5 4 0 2 5 5
-1042.4 -3454.8 -16.7 348 0 20.6 13.7 10.0 2.5 2 0 4 3 3
-984.3 -2182.4 -18.5 232 0 40.4 20.0 7.5 2.5 2 0 3 3 3
-983.3 -2229.2 -18.4 54 0 14.4 34.2 7.5 2.5 2 1 3 2 2
