2375.3 5397.4 -10.9 279 0 8.5 20.0 7.5 2.5 2 1 3 5 5
6120.7 -1137.0 4.9 185 0 16.2 9.6 3.5 2.5 2 0 1 3 3
6124.0 -1164.0 5.0 160 0 15.5 10.0 7.5 2.5 2 0 3 1 1
6237.9 -848.6 2.4 108 0 12.5 27.8 10.0 2.5 2 1 4 0 0
6249.7 -791.6 1.9 106 0 11.1 15.7 5.0 2.5 2 1 2 4 4
6206.5 -805.6 2.0 268 0 11.0 12.7 2.5 2.5 2 1 1 0 0
6211.6 -846.7 2.4 17 0 13.2 9.6 5.0 2.5 2 0 2 5 5
6237.1 -861.1 2.8 280 0 9.8 13.6 7.5 2.5 2 1 3 5 5
6147.9 -1048.4 4.7 202 0 15.9 10.0 7.5 2.5 2 0 3 0 0
6140.5 -1066.6 4.7 202 0 17.8 9.0 2.5 2.5 2 0 1 2 2
6088.8 -1084.1 5.2 8 0 16.2 8.3 7.5 2.5 4 0 3 5 5
6090.3 -1063.1 5.1 1 0 15.5 10.1 7.5 2.5 2 0 3 1 1
6132.4 -1086.7 4.8 202 0 15.4 9.4 7.5 2.5 4 0 3 3 3
6123.8 -1116.6 4.9 192 0 8.9 8.8 2.5 2.5 2 0 1 2 2
6013.0 -1126.9 5.3 92 0 29.8 14.7 10.0 2.5 2 0 4 2 2
5954.7 -1067.7 5.3 183 0 10.9 40.1 7.5 2.5 2 1 3 3 3
5951.2 -1030.7 5.2 186 0 9.2 52.0 7.5 2.5 2 1 3 0 0
5953.7 -1166.1 5.1 270 0 12.3 7.8 5.0 2.5 2 0 2 0 0
5939.5 -1138.6 5.4 91 0 12.9 8.9 7.5 2.5 2 0 3 1 1
5904.2 -1133.6 5.6 1 0 9.5 11.3 7.5 2.5 2 1 3 0 0
5877.6 -1137.7 5.7 91 0 11.1 9.6 7.5 2.5 2 0 3 2 2
5863.7 -1159.3 5.6 269 0 10.1 8.6 5.0 0.0 0 0 2 2 2
5842.5 -1159.8 5.7 268 0 11.2 9.6 7.5 2.5 2 0 3 5 5
5831.4 -1139.4 5.7 88 0 8.5 11.6 5.0 2.5 2 1 2 2 2
5808.9 -1160.7 5.6 268 0 11.1 9.7 2.5 2.5 2 0 1 3 3
5791.0 -1161.1 5.4 268 0 11.1 9.4 5.0 2.5 2 0 2 5 5
5801.6 -1137.3 5.4 89 0 9.0 9.4 7.5 2.5 2 0 3 0 0
5792.6 -1137.5 5.3 89 0 9.1 9.4 2.5 2.5 2 0 1 0 0
5769.8 -1137.9 5.1 88 0 11.1 8.7 5.0 2.5 2 0 2 0 0
5753.6 -1161.9 4.9 269 0 12.0 9.5 7.5 2.5 2 0 3 0 0
5729.9 -1162.6 4.6 269 0 11.1 9.3 7.5 0.0 0 0 3 1 1
5689.4 -1140.8 3.9 81 0 8.6 9.4 7.5 2.5 2 1 3 5 5
5675.1 -1196.5 3.3 197 0 6.2 11.3 5.0 2.5 2 1 2 5 5
5648.3 -1154.5 3.6 67 0 9.6 9.1 7.5 2.5 2 0 3 1 1
5622.8 -1166.4 3.3 52 0 9.2 11.0 7.5 2.5 4 1 3 2 2
5603.5 -1176.3 3.2 69 0 7.9 12.2 7.5 2.5 2 0 3 2 2
5552.9 -1196.3 3.2 86 0 10.2 12.5 5.0 2.5 2 1 2 3 3
5595.0 -1329.9 3.2 65 0 12.0 31.6 2.5 2.5 2 1 1 4 4
6143.2 -169.1 2.3 5 0 9.4 6.6 2.5 0.0 0 0 1 2 2
5584.7 -1060.7 4.8 358 0 6.6 13.5 7.5 2.5 2 1 3 5 5
5577.3 -979.7 4.7 359 0 12.6 10.0 5.0 0.0 0 0 2 0 0
5576.8 -949.1 4.6 359 0 13.5 10.8 7.5 2.5 2 0 3 2 2
5578.5 -999.5 4.7 360 0 12.6 10.5 5.0 2.5 2 0 2 2 2
5592.0 -948.9 4.5 178 0 10.5 13.7 5.0 2.5 2 1 2 1 1
5593.5 -969.9 4.6 177 0 9.9 13.5 7.5 2.5 2 1 3 0 0
6156.0 -1028.2 4.7 202 0 18.1 8.6 7.5 0.0 0 0 3 3 3
6144.7 -977.4 4.5 277 0 7.8 6.9 7.5 2.5 4 0 3 3 3
5519.6 -935.4 4.6 77 0 12.7 10.4 5.0 2.5 2 0 2 3 3
5525.3 -1068.5 5.0 173 0 11.1 10.8 2.5 2.5 2 0 1 2 2
5676.8 -1066.1 4.5 3 0 16.4 12.2 7.5 2.5 2 0 3 3 3
5596.4 -1036.4 4.7 178 0 9.4 13.8 2.5 0.0 0 1 1 5 5
5546.9 -944.7 4.7 268 0 9.9 13.0 5.0 2.5 4 1 2 3 3
5540.3 -933.0 4.5 79 0 6.6 13.1 2.5 0.0 0 1 1 3 3
5582.6 -1020.7 4.7 356 0 6.8 13.2 5.0 0.0 0 1 2 5 5
5821.3 -1383.7 3.1 252 0 8.5 10.4 2.5 0.0 0 1 1 1 1
5582.0 -1037.1 4.8 347 0 11.4 12.1 10.0 2.5 2 1 4 0 0
6074.7 -1099.8 5.3 8 0 8.0 19.7 2.5 0.0 0 0 1 1 1
6227.3 -370.3 1.0 193 0 12.7 15.4 10.0 2.5 2 1 4 5 5
6103.1 -780.7 2.6 266 0 12.5 14.0 5.0 2.5 2 1 2 5 5
5718.3 -1114.4 4.1 89 0 11.9 5.0 7.5 2.5 2 0 3 0 0
6138.9 -593.0 1.9 14 0 5.7 18.2 7.5 2.5 2 1 3 1 1
6114.0 -86.4 2.6 318 0 13.0 10.4 7.5 2.5 4 0 3 0 0
5676.8 -1050.7 4.5 357 0 10.3 6.6 5.0 2.5 2 0 2 3 3
6326.2 -797.4 2.6 97 0 7.8 12.8 2.5 2.5 4 1 1 4 4
5998.8 -1250.6 4.8 8 0 15.8 9.6 2.5 2.5 2 0 1 3 3
6228.7 -1348.6 3.7 316 0 16.4 10.1 5.0 2.5 2 0 2 4 4
6327.9 -1215.8 5.3 110 0 13.3 7.5 5.0 2.5 2 0 2 5 5
6266.4 -1235.5 4.8 253 0 6.7 11.8 5.0 0.0 0 1 2 3 3
6046.5 -1242.8 5.1 256 0 13.6 9.3 7.5 0.0 0 0 3 1 1
6042.6 -1325.4 4.0 166 0 11.3 11.2 5.0 2.5 2 0 2 4 4
6133.0 -673.8 1.0 208 0 11.5 10.4 2.5 2.5 2 0 1 3 3
6123.4 -1502.8 5.9 274 0 8.5 8.5 5.0 0.0 0 1 2 2 2
5849.3 -1292.0 4.2 178 0 8.1 5.8 2.5 2.5 2 0 1 4 4
6190.4 -418.3 1.0 7 0 10.5 8.4 5.0 2.5 2 0 2 0 0
6218.5 -403.6 0.6 248 0 8.9 17.7 7.5 2.5 2 1 3 5 5
6364.6 -845.7 3.5 274 0 8.6 5.3 7.5 2.5 2 0 3 5 5
6149.2 -1208.3 5.6 152 0 15.3 7.7 7.5 2.5 4 0 3 1 1
6120.2 -1455.1 4.3 81 0 7.2 10.4 7.5 2.5 2 0 3 3 3
6380.3 -1489.0 3.9 314 0 42.4 29.3 10.0 0.0 0 0 4 3 3
5841.2 -1181.7 5.4 269 0 8.1 11.0 7.5 2.5 2 1 3 0 0
6198.7 -1216.5 5.3 259 0 6.2 6.9 7.5 2.5 2 0 3 3 3
6192.7 -564.8 0.2 220 0 8.1 18.3 5.0 2.5 2 1 2 3 3
6026.0 -1398.3 3.3 150 0 18.0 7.8 7.5 2.5 2 0 3 0 0
6013.6 -1503.4 3.0 8 0 5.0 12.3 2.5 2.5 2 1 1 0 0
5789.5 -1381.3 3.0 252 0 13.7 6.6 5.0 2.5 2 0 2 2 2
6191.5 -357.9 1.9 0 0 10.5 10.6 2.5 2.5 2 1 1 5 5
6112.1 -1008.4 4.8 197 0 16.3 9.3 7.5 2.5 2 0 3 2 2
6110.2 -1328.2 4.1 358 0 7.1 6.2 5.0 2.5 2 0 2 0 0
6148.0 -1452.7 4.7 348 0 10.9 8.9 7.5 2.5 2 0 3 5 5
6085.3 -679.8 2.4 14 0 7.8 5.9 2.5 2.5 2 0 1 5 5
6096.6 -636.7 2.8 17 0 10.2 10.1 5.0 2.5 2 0 2 4 4
6170.8 -1189.8 5.2 91 0 10.8 5.7 7.5 2.5 2 0 3 5 5
6063.6 -1375.2 3.6 174 0 5.2 14.7 5.0 2.5 2 1 2 4 4
6162.9 -493.0 1.5 10 0 7.4 13.3 7.5 2.5 2 1 3 5 5
5620.9 -1144.0 4.0 72 0 5.7 8.2 5.0 2.5 4 1 2 4 4
6096.8 -883.7 3.7 8 0 7.9 22.8 7.5 2.5 2 1 3 1 1
6340.6 -1487.2 4.4 315 0 11.5 4.0 7.5 2.5 2 0 3 5 5
5842.7 -714.6 4.2 98 0 9.1 13.4 2.5 2.5 2 1 1 2 2
5997.4 -1434.4 3.0 5 0 12.4 5.2 7.5 2.5 2 0 3 4 4
6403.2 -848.0 3.2 266 0 7.2 5.5 7.5 2.5 2 0 3 4 4
5687.7 -1120.8 4.1 82 0 12.5 4.8 7.5 2.5 2 0 3 5 5
6097.8 -1173.0 5.4 285 0 3.4 16.2 7.5 2.5 2 0 3 5 5
6087.6 -859.2 3.2 1 0 18.4 10.2 5.0 2.5 2 0 2 4 4
6324.5 -742.5 1.9 10 0 14.0 6.3 2.5 2.5 2 0 1 0 0
5973.0 -1248.7 4.7 7 0 13.7 6.1 7.5 2.5 2 0 3 3 3
5756.5 -1190.9 4.6 271 0 15.2 5.9 7.5 0.0 0 0 3 5 5
6081.9 -588.5 3.3 195 0 17.1 13.3 7.5 2.5 2 0 3 5 5
6136.2 -1289.2 4.4 351 0 14.8 9.7 5.0 2.5 2 0 2 1 1
5993.0 -1201.5 5.0 19 0 5.7 9.8 2.5 2.5 2 1 1 3 3
6056.1 -1023.1 5.1 193 0 14.6 8.1 7.5 2.5 2 0 3 2 2
6102.3 -1237.1 5.3 275 0 12.4 9.1 5.0 0.0 0 0 2 5 5
6320.3 -1462.5 5.3 315 0 14.3 5.9 5.0 2.5 2 0 2 5 5
6197.4 -372.2 1.5 6 0 14.6 9.8 7.5 2.5 2 0 3 5 5
5975.9 -1401.6 3.3 213 0 7.9 8.5 7.5 2.5 2 1 3 3 3
6226.1 -435.3 0.4 163 0 5.9 6.0 2.5 2.5 2 0 1 1 1
6002.1 -1323.3 4.0 195 0 8.7 7.9 5.0 2.5 2 0 2 4 4
5869.8 -1184.2 5.4 2 0 5.1 7.9 5.0 2.5 2 1 2 4 4
6155.4 -580.4 1.3 17 0 10.9 10.6 2.5 2.5 2 0 1 0 0
6407.7 -832.2 3.1 283 0 10.2 8.9 5.0 2.5 2 0 2 0 0
6170.4 -332.6 2.3 5 0 11.7 10.8 5.0 2.5 2 0 2 5 5
5784.3 -1176.3 5.2 268 0 5.6 8.2 2.5 2.5 2 1 1 1 1
5998.4 -1232.7 4.9 9 0 6.4 7.0 5.0 2.5 2 0 2 4 4
6284.6 -756.2 1.9 190 0 8.9 19.8 7.5 2.5 2 1 3 3 3
6036.6 -1352.2 3.8 348 0 9.4 5.9 2.5 2.5 2 0 1 3 3
5863.1 -1117.7 5.7 93 0 4.3 11.6 7.5 2.5 2 1 3 1 1
6201.6 -1357.6 3.7 146 0 18.4 4.3 5.0 2.5 2 0 2 0 0
6339.2 -1236.5 4.9 346 0 4.6 14.2 5.0 2.5 2 1 2 3 3
5575.1 -1162.2 3.6 83 0 11.2 8.9 7.5 2.5 2 0 3 2 2
6090.7 -757.7 2.5 87 0 6.3 10.4 5.0 2.5 2 1 2 1 1
6076.1 -1515.4 5.6 170 0 7.1 6.6 7.5 2.5 2 0 3 2 2
6167.1 -1008.1 4.5 202 0 12.6 8.8 2.5 2.5 2 0 1 2 2
5564.4 -967.1 4.7 356 0 6.7 10.1 5.0 2.5 2 1 2 0 0
6027.4 -1458.3 3.5 342 0 13.3 8.0 7.5 2.5 2 0 3 4 4
6409.5 -813.5 2.8 101 0 8.5 7.6 5.0 2.5 2 0 2 1 1
6357.9 -637.0 2.1 196 0 16.8 9.8 7.5 0.0 0 0 3 4 4
6144.1 -1153.9 4.9 193 0 5.6 9.1 7.5 2.5 2 1 3 5 5
5969.3 -1101.6 5.2 11 0 6.7 40.1 5.0 2.5 2 1 2 3 3
6198.5 -929.1 3.2 198 0 11.1 10.1 7.5 2.5 2 0 3 3 3
5870.5 -1334.1 3.8 5 0 11.5 5.8 7.5 2.5 2 0 3 1 1
6184.7 -474.4 0.8 10 0 13.9 10.8 7.5 2.5 2 0 3 0 0
6018.4 -1412.0 3.2 354 0 13.7 9.5 2.5 2.5 4 0 1 3 3
5986.8 -1230.4 4.9 7 0 5.5 11.7 7.5 2.5 2 1 3 3 3
6180.9 -578.2 0.3 220 0 12.8 10.1 2.5 2.5 4 0 1 4 4
6368.7 -823.9 3.2 280 0 10.5 9.3 5.0 2.5 2 0 2 3 3
6071.8 -1442.4 3.5 172 0 19.7 6.2 7.5 2.5 2 0 3 0 0
6065.1 -1539.4 4.2 164 0 17.3 8.9 5.0 2.5 2 0 2 3 3
6293.1 -711.2 1.3 213 0 16.7 9.4 5.0 2.5 2 0 2 3 3
5868.7 -668.2 4.3 181 0 9.0 44.5 7.5 2.5 2 1 3 2 2
5929.3 -1345.1 3.7 278 0 6.0 10.0 7.5 2.5 4 1 3 0 0
5864.8 -1398.1 3.1 344 0 6.7 8.6 2.5 2.5 2 1 1 3 3
6145.9 -1299.9 4.4 168 0 8.7 6.9 7.5 2.5 2 0 3 5 5
6237.4 -916.4 3.4 19 0 6.7 5.5 7.5 2.5 2 0 3 5 5
6047.5 -864.4 3.5 190 0 13.5 9.1 7.5 2.5 2 0 3 0 0
6131.5 -968.4 4.4 100 0 9.2 9.4 5.0 2.5 2 1 2 0 0
6039.2 -188.5 4.1 276 0 7.5 7.4 5.0 2.5 2 0 2 3 3
6118.6 -902.3 3.9 7 0 17.4 10.5 2.5 2.5 2 0 1 3 3
6145.6 -659.2 0.9 209 0 13.7 5.7 5.0 2.5 2 0 2 0 0
5729.8 -1113.9 4.2 87 0 11.3 5.0 5.0 2.5 2 0 2 4 4
6178.1 -216.3 1.9 353 0 13.5 6.8 7.5 0.0 0 0 3 4 4
6381.4 -847.9 3.4 276 0 9.5 5.1 7.5 2.5 2 0 3 0 0
6180.7 -1212.1 5.3 79 0 6.8 14.0 2.5 2.5 2 1 1 0 0
6061.1 -203.4 3.9 5 0 10.0 7.7 5.0 2.5 2 0 2 4 4
5558.2 -1130.8 4.1 264 0 6.9 9.0 5.0 2.5 2 1 2 4 4
6208.5 -965.5 3.8 190 0 5.7 7.8 5.0 2.5 2 1 2 5 5
6098.0 -1311.9 4.2 347 0 6.1 11.0 5.0 2.5 2 1 2 2 2
5895.7 -224.0 5.7 256 0 18.1 9.0 7.5 2.5 2 0 3 4 4
6169.4 -441.9 1.2 14 0 16.9 6.2 5.0 2.5 2 0 2 4 4
6031.1 -1325.9 4.0 348 0 12.2 5.0 5.0 2.5 4 0 2 1 1
6014.8 -1545.7 2.5 94 0 7.0 6.1 5.0 2.5 2 0 2 5 5
6150.1 -1339.4 3.8 173 0 10.3 9.2 7.5 2.5 2 0 3 5 5
6041.3 -795.3 3.2 190 0 4.3 11.5 2.5 0.0 0 1 1 3 3
6195.8 -1187.8 4.8 97 0 8.3 16.1 7.5 2.5 2 1 3 2 2
6114.2 -136.0 2.6 270 0 6.5 13.9 5.0 2.5 2 1 2 2 2
6103.9 -1469.6 4.6 82 0 12.5 7.9 2.5 2.5 2 0 1 0 0
6033.7 -1297.3 4.3 164 0 12.9 10.6 5.0 2.5 2 0 2 1 1
5938.5 -265.4 5.2 89 0 11.4 20.9 2.5 2.5 2 1 1 3 3
5729.8 -1139.2 4.6 86 0 9.0 10.6 2.5 2.5 4 0 1 2 2
5999.0 -1337.2 3.9 190 0 5.6 11.1 5.0 2.5 2 1 2 4 4
6163.6 -1067.7 4.7 192 0 11.3 6.7 5.0 2.5 2 0 2 4 4
6088.9 -1393.0 3.3 172 0 6.0 7.0 5.0 2.5 2 1 2 4 4
5981.2 -1336.9 3.9 11 0 7.8 8.2 2.5 2.5 2 1 1 3 3
5827.4 -715.2 4.2 100 0 11.1 6.0 5.0 2.5 2 0 2 5 5
6243.8 -1371.0 3.6 316 0 11.1 33.6 10.0 2.5 2 1 4 5 5
6334.6 -1199.6 5.5 106 0 21.5 6.5 7.5 2.5 2 0 3 2 2
6345.7 -1474.0 4.5 315 0 12.6 4.3 5.0 0.0 0 0 2 5 5
6280.5 -1255.8 4.7 75 0 8.2 6.3 5.0 0.0 0 0 2 3 3
6150.5 -1119.1 4.6 185 0 8.5 10.0 5.0 2.5 2 1 2 0 0
6080.2 -1253.2 5.1 259 0 10.0 6.1 7.5 2.5 4 0 3 0 0
6230.1 -760.1 1.5 36 0 6.0 12.6 5.0 2.5 2 1 2 5 5
5819.9 -1105.9 5.3 269 0 6.3 6.6 5.0 2.5 4 0 2 1 1
6128.9 -647.8 1.7 33 0 11.2 8.1 5.0 2.5 2 0 2 0 0
6127.5 -1476.2 5.2 272 0 8.6 5.4 5.0 2.5 2 0 2 2 2
6128.9 -922.0 4.1 185 0 7.0 10.7 7.5 2.5 2 0 3 2 2
6114.2 -1383.1 3.4 350 0 12.8 9.2 7.5 0.0 0 0 3 5 5
5554.7 -1106.4 4.7 86 0 8.2 9.2 7.5 2.5 4 1 3 2 2
5665.1 -1244.0 3.1 88 0 8.3 13.8 7.5 0.0 0 1 3 4 4
6192.8 -1197.6 5.2 94 0 7.1 4.6 7.5 2.5 2 0 3 4 4
6148.8 -1323.0 4.1 177 0 7.2 7.4 7.5 2.5 2 0 3 2 2
6039.6 -1443.7 3.4 168 0 9.3 8.2 5.0 2.5 2 0 2 5 5
5807.4 -1186.9 5.3 270 0 9.6 4.6 5.0 2.5 2 0 2 0 0
5637.9 -1130.1 4.2 70 0 9.7 6.4 7.5 2.5 2 0 3 0 0
6071.0 -1217.8 5.3 11 0 6.1 8.0 2.5 0.0 0 0 1 1 1
6047.3 -1539.4 3.2 349 0 12.9 8.5 7.5 2.5 2 0 3 3 3
6144.5 -1014.6 4.7 24 0 16.1 8.5 5.0 2.5 2 0 2 1 1
6127.7 -575.9 2.4 15 0 18.8 8.2 5.0 2.5 2 0 2 5 5
6197.0 -843.5 2.5 9 0 14.6 4.0 7.5 2.5 2 0 3 5 5
6087.0 -101.3 3.2 69 0 7.5 15.7 7.5 2.5 2 1 3 5 5
6049.9 -1376.0 3.6 171 0 10.0 5.9 2.5 2.5 2 0 1 3 3
6174.5 -520.5 0.9 14 0 5.4 13.1 5.0 2.5 2 1 2 0 0
6136.3 -1106.1 4.7 189 0 5.2 13.3 2.5 2.5 2 1 1 2 2
6081.8 -1423.3 3.3 172 0 6.1 10.7 5.0 2.5 4 1 2 4 4
6045.9 -1203.5 5.2 293 0 9.2 14.9 5.0 2.5 2 1 2 1 1
6287.3 -789.8 2.0 86 0 6.0 21.7 2.5 2.5 2 1 1 1 1
5967.0 -1289.2 4.6 6 0 4.1 8.5 7.5 2.5 2 0 3 0 0
5987.5 -1303.4 4.3 7 0 8.9 8.8 7.5 2.5 2 0 3 3 3
6213.7 -1326.0 3.8 315 0 15.2 10.9 2.5 2.5 2 0 1 1 1
6301.5 -1225.9 4.9 254 0 5.4 13.1 7.5 2.5 2 1 3 3 3
6280.5 -1202.8 5.4 103 0 14.0 8.9 5.0 2.5 2 0 2 1 1
6129.2 -1213.5 5.6 342 0 15.1 9.8 7.5 2.5 2 0 3 5 5
6118.4 -750.4 2.3 161 0 10.3 7.9 5.0 2.5 4 0 2 2 2
6059.7 -656.7 3.1 196 0 5.5 16.2 5.0 2.5 2 1 2 0 0
6073.4 -1484.0 4.8 269 0 11.1 10.1 10.0 2.5 2 0 4 3 3
5854.0 -1335.0 3.8 354 0 6.9 5.6 7.5 2.5 4 0 3 0 0
6052.0 -1180.6 5.4 207 0 9.1 12.9 2.5 2.5 4 1 1 5 5
6194.5 -395.7 1.3 8 0 10.2 10.5 7.5 2.5 2 1 3 5 5
6235.9 -435.3 0.4 73 0 6.9 5.9 5.0 2.5 2 0 2 4 4
5583.6 -1085.2 4.8 357 0 7.4 9.7 7.5 2.5 2 0 3 0 0
6208.0 -599.8 0.2 24 0 9.4 9.0 7.5 2.5 2 0 3 3 3
6343.3 -819.9 3.3 279 0 17.4 10.6 7.5 2.5 2 0 3 3 3
5848.9 -1119.6 5.5 91 0 4.6 15.8 5.0 2.5 2 1 2 5 5
6199.9 -1263.4 4.8 167 0 4.2 22.2 7.5 2.5 2 1 3 4 4
6038.6 -1361.7 3.7 348 0 10.0 5.7 5.0 2.5 2 0 2 4 4
6008.1 -1477.7 3.9 9 0 7.8 4.5 7.5 2.5 4 0 3 1 1
6072.7 -1064.0 5.2 10 0 4.1 11.4 7.5 2.5 2 1 3 3 3
6147.8 -1308.8 4.3 167 0 9.5 6.9 5.0 2.5 2 0 2 0 0
5957.6 -1356.3 3.7 11 0 4.7 12.2 2.5 2.5 2 1 1 4 4
6055.5 -881.5 3.7 190 0 16.3 4.8 5.0 2.5 2 0 2 5 5
6113.5 -932.0 4.3 10 0 8.9 9.1 2.5 2.5 2 1 1 0 0
6139.2 -1415.1 3.6 348 0 11.8 8.8 5.0 2.5 2 0 2 4 4
6176.8 -780.1 2.0 90 0 6.0 10.2 5.0 2.5 2 0 2 3 3
6140.3 -619.8 1.6 12 0 5.6 25.3 5.0 2.5 2 1 2 4 4
6064.7 -1393.4 3.3 171 0 13.2 7.1 5.0 2.5 2 0 2 3 3
5604.2 -1158.9 3.5 69 0 6.2 13.8 2.5 2.5 2 1 1 4 4
6100.9 -905.8 4.0 8 0 6.3 25.3 7.5 2.5 2 1 3 1 1
6292.2 -1575.5 3.5 154 0 13.9 5.3 5.0 2.5 2 0 2 5 5
6001.3 -1457.5 3.1 358 0 16.8 6.6 5.0 2.5 2 0 2 4 4
6422.2 -812.0 2.9 10 0 7.6 8.0 7.5 2.5 2 0 3 1 1
5926.5 -694.7 4.0 359 0 11.8 8.6 2.5 2.5 2 0 1 5 5
5995.3 -1268.7 4.7 7 0 14.5 9.1 7.5 2.5 2 0 3 1 1
6109.8 -1273.7 4.6 350 0 16.9 7.7 5.0 2.5 2 0 2 0 0
6065.2 -1044.6 5.1 11 0 7.2 6.7 7.5 2.5 2 0 3 3 3
6074.6 -1345.9 3.9 173 0 14.9 8.3 7.5 0.0 0 0 3 5 5
6310.5 -1441.0 5.1 317 0 6.1 6.8 2.5 2.5 2 0 1 4 4
6119.0 -664.8 1.8 28 0 14.5 7.7 7.5 2.5 2 0 3 4 4
5849.5 -1299.2 4.1 178 0 6.3 5.8 5.0 2.5 2 0 2 2 2
6172.0 -392.7 1.8 11 0 8.2 6.6 5.0 2.5 2 0 2 4 4
5976.1 -1418.2 3.2 166 0 4.7 15.4 5.0 2.5 2 1 2 3 3
6186.9 -1250.5 5.0 142 0 15.0 7.8 5.0 2.5 4 0 2 3 3
6303.8 -814.1 2.9 280 0 8.9 9.0 5.0 2.5 2 1 2 4 4
6121.3 -1462.3 4.6 81 0 7.3 7.2 5.0 2.5 2 0 2 5 5
6092.3 -1536.6 5.5 73 0 5.0 9.9 5.0 2.5 2 1 2 1 1
6054.9 -1306.2 4.2 179 0 6.5 11.4 7.5 2.5 2 1 3 2 2
6200.0 -1223.3 5.2 258 0 6.3 8.7 5.0 2.5 2 0 2 3 3
5558.6 -1042.8 4.9 353 0 11.5 5.7 5.0 2.5 2 0 2 2 2
5818.0 -713.6 4.2 100 0 7.9 6.0 2.5 2.5 4 0 1 2 2
6000.0 -1513.3 2.6 183 0 7.1 5.6 7.5 0.0 0 0 3 3 3
6073.2 -1085.8 5.2 9 0 6.5 12.8 5.0 2.5 4 0 2 1 1
6128.1 -935.2 4.2 190 0 8.1 14.9 7.5 2.5 2 1 3 1 1
6120.6 -586.1 2.6 13 0 3.6 10.0 2.5 2.5 2 1 1 3 3
6132.8 -151.7 2.3 277 0 6.2 9.7 2.5 2.5 4 1 1 4 4
5541.0 -997.4 4.8 178 0 10.4 6.0 5.0 2.5 2 0 2 5 5
6317.6 -706.0 1.4 192 0 7.1 11.9 5.0 2.5 2 1 2 5 5
6293.6 -832.1 3.1 189 0 4.2 15.0 7.5 2.5 2 1 3 4 4
5561.2 -1152.2 3.6 266 0 7.8 11.9 7.5 2.5 2 1 3 2 2
5965.8 -1196.1 4.9 278 0 12.9 7.1 5.0 2.5 2 0 2 5 5
6141.1 -1145.7 4.8 190 0 6.0 11.0 2.5 2.5 2 1 1 4 4
6009.3 -1221.3 5.0 16 0 9.3 8.4 7.5 2.5 4 0 3 2 2
6049.3 -1348.1 3.8 170 0 13.5 5.9 7.5 2.5 2 0 3 5 5
6063.7 -1052.3 5.2 11 0 8.5 6.7 5.0 0.0 0 0 2 5 5
6140.6 -471.2 2.0 191 0 14.7 6.3 5.0 0.0 0 0 2 4 4
6105.3 -534.9 3.1 281 0 15.6 8.8 7.5 0.0 0 0 3 5 5
6078.7 -77.7 3.3 249 0 6.5 8.3 5.0 2.5 2 1 2 1 1
6003.4 -1233.2 5.0 6 0 6.5 5.1 5.0 2.5 2 0 2 1 1
6063.3 -1443.8 3.6 352 0 9.9 4.9 5.0 2.5 4 0 2 1 1
6277.3 -799.3 2.2 96 0 11.3 8.0 7.5 2.5 2 0 3 4 4
5848.4 -1413.3 2.9 74 0 8.2 5.4 7.5 2.5 2 0 3 5 5
6202.3 -1313.1 4.0 329 0 5.0 8.6 2.5 2.5 2 1 1 2 2
6319.0 -1226.4 4.9 265 0 5.9 9.6 2.5 2.5 2 1 1 5 5
6130.2 -976.9 4.6 277 0 17.8 7.1 2.5 2.5 2 0 1 2 2
6149.9 -637.6 0.9 213 0 13.4 8.6 2.5 2.5 4 0 1 5 5
6060.3 -1509.5 5.1 171 0 11.2 9.5 7.5 2.5 2 0 3 1 1
6421.3 -795.5 2.9 11 0 5.1 8.0 5.0 2.5 2 1 2 5 5
6170.6 -1205.7 5.4 77 0 4.8 9.4 5.0 2.5 2 1 2 5 5
5974.3 -1270.4 4.7 5 0 4.4 9.6 2.5 2.5 2 1 1 1 1
6323.8 -773.3 2.2 94 0 6.4 12.1 5.0 2.5 2 1 2 4 4
6207.3 -912.2 3.1 205 0 14.7 8.0 5.0 2.5 4 0 2 4 4
5957.4 -1391.5 3.4 98 0 10.3 10.5 2.5 2.5 2 1 1 5 5
5865.8 -1356.4 3.6 0 0 9.7 5.6 7.5 2.5 2 0 3 5 5
6187.9 -441.2 0.7 5 0 16.5 7.4 5.0 2.5 2 0 2 2 2
6314.2 -369.8 1.2 78 0 5.9 12.1 7.5 2.5 2 1 3 5 5
6004.5 -1314.7 4.1 196 0 9.2 7.9 5.0 2.5 2 0 2 0 0
6151.6 -1351.6 3.7 172 0 11.7 9.3 2.5 2.5 4 0 1 2 2
6169.1 -613.0 0.3 217 0 21.3 12.9 10.0 2.5 2 0 4 4 4
6185.2 -914.4 3.2 297 0 8.0 6.0 5.0 2.5 2 0 2 3 3
6387.6 -827.6 3.2 280 0 10.1 8.9 2.5 2.5 2 0 1 4 4
6068.4 -1416.7 3.2 159 0 12.1 9.0 5.0 2.5 4 0 2 4 4
5828.5 -1164.0 5.8 268 0 7.3 6.1 7.5 2.5 4 0 3 5 5
5720.7 -1139.7 4.4 88 0 8.9 10.7 5.0 2.5 2 0 2 5 5
6151.2 -1103.6 4.7 189 0 3.9 15.6 2.5 2.5 2 1 1 3 3
6093.7 -1408.4 3.3 169 0 12.1 8.1 5.0 2.5 2 0 2 5 5
6290.2 -741.1 1.7 188 0 7.8 9.4 7.5 2.5 2 1 3 5 5
5930.1 -663.1 4.2 0 0 23.1 10.2 7.5 2.5 2 0 3 4 4
5798.1 -1225.3 4.8 89 0 5.6 16.6 7.5 2.5 4 1 3 2 2
6169.3 -1301.5 4.3 166 0 14.7 9.4 7.5 2.5 2 0 3 3 3
6318.9 -1240.9 4.8 346 0 5.9 15.9 2.5 2.5 2 1 1 0 0
6177.7 -906.0 3.4 13 0 7.6 4.8 2.5 2.5 2 0 1 4 4
6140.1 -1324.1 4.1 355 0 13.7 9.4 5.0 2.5 2 0 2 0 0
6001.6 -252.6 4.4 75 0 9.3 22.5 5.0 2.5 2 1 2 0 0
6132.7 -784.5 2.3 94 0 8.1 19.2 5.0 2.5 2 1 2 3 3
6114.0 -638.2 2.3 16 0 18.1 5.2 7.5 2.5 2 0 3 1 1
6082.6 -1514.2 5.8 170 0 7.0 5.1 5.0 0.0 0 0 2 0 0
6175.2 -1016.6 4.6 189 0 4.7 20.6 5.0 2.5 2 1 2 5 5
6144.6 -372.2 2.4 188 0 6.4 18.3 5.0 2.5 2 1 2 0 0
6285.1 -1233.9 4.7 256 0 7.4 19.9 5.0 2.5 2 0 2 1 1
5583.8 -1092.6 4.8 359 0 7.8 9.5 5.0 0.0 0 0 2 2 2
6088.4 -807.4 2.9 358 0 16.5 9.1 5.0 0.0 0 0 2 1 1
6184.3 -965.9 3.7 202 0 16.0 9.5 5.0 2.5 2 0 2 2 2
6117.2 -1260.2 5.0 351 0 6.0 14.3 5.0 2.5 2 1 2 5 5
6007.2 -1295.5 4.3 192 0 10.7 10.8 5.0 2.5 2 1 2 2 2
6022.0 -753.4 3.0 280 0 15.7 5.4 2.5 2.5 2 0 1 1 1
6146.5 -136.5 2.0 330 0 8.5 7.5 7.5 0.0 0 0 3 0 0
6074.7 -1462.6 4.2 172 0 11.8 5.7 7.5 2.5 2 0 3 5 5
6116.6 -728.5 1.6 180 0 7.0 7.3 2.5 2.5 2 1 1 2 2
6301.2 -974.1 4.1 93 0 13.4 13.2 7.5 2.5 2 0 3 1 1
6166.2 -1477.6 5.7 262 0 10.1 10.6 2.5 2.5 2 1 1 4 4
6171.5 -763.8 1.9 93 0 11.6 9.5 2.5 2.5 2 0 1 0 0
6103.9 -1446.0 3.8 80 0 9.3 12.8 5.0 2.5 2 1 2 2 2
5835.8 -692.6 4.3 11 0 7.5 14.9 2.5 2.5 2 1 1 3 3
5989.1 -1290.9 4.5 6 0 5.8 13.0 5.0 2.5 4 1 2 0 0
6295.2 -1202.9 5.4 104 0 6.2 24.3 5.0 2.5 2 1 2 4 4
5890.0 -1109.3 5.7 0 0 5.5 13.3 7.5 2.5 2 1 3 5 5
6106.7 -1229.0 5.5 112 0 22.7 4.5 7.5 2.5 4 0 3 5 5
6108.1 -1297.8 4.3 350 0 7.1 9.9 5.0 2.5 2 1 2 4 4
5792.1 -1107.0 5.0 270 0 9.5 5.6 7.5 2.5 2 0 3 1 1
6178.8 -1115.8 4.7 11 0 5.1 15.5 5.0 2.5 2 1 2 5 5
6104.8 -767.7 2.5 79 0 7.2 8.1 5.0 2.5 2 1 2 5 5
6111.5 -1202.6 5.6 289 0 6.6 6.8 5.0 0.0 0 0 2 4 4
5831.5 -1105.8 5.3 269 0 16.9 6.6 5.0 2.5 2 0 2 3 3
6103.1 -655.9 2.4 16 0 9.5 5.6 5.0 2.5 2 0 2 1 1
5878.7 -1290.5 4.1 358 0 10.2 8.5 7.5 2.5 2 0 3 4 4
6129.8 -911.5 4.0 185 0 14.0 10.7 5.0 2.5 4 0 2 5 5
6158.5 -218.7 2.3 3 0 6.2 15.0 5.0 2.5 2 1 2 2 2
6127.4 -1390.3 3.4 346 0 3.7 12.4 7.5 2.5 2 1 3 5 5
6209.2 -582.5 0.2 293 0 6.9 11.6 7.5 0.0 0 1 3 5 5
6320.9 -816.2 3.0 282 0 10.4 9.4 7.5 2.5 2 0 3 0 0
5767.0 -1102.9 4.6 269 0 19.5 7.0 5.0 2.5 2 0 2 3 3
6041.4 -1452.5 3.6 168 0 8.9 8.2 5.0 2.5 2 0 2 3 3
6206.3 -1249.4 4.9 152 0 10.3 6.0 7.5 2.5 2 0 3 3 3
6016.5 -1515.8 2.8 358 0 5.1 9.9 7.5 0.0 0 1 3 5 5
6066.4 -1220.0 5.3 281 0 8.0 4.2 7.5 2.5 2 0 3 2 2
5921.4 -216.6 5.4 256 0 32.2 9.7 7.5 0.0 0 0 3 4 4
6061.4 -902.7 3.7 100 0 9.1 28.0 7.5 2.5 4 0 3 0 0
5948.4 -1282.9 4.5 186 0 12.7 10.7 10.0 2.5 2 0 4 0 0
6041.5 -1128.5 5.4 92 0 6.0 11.7 7.5 2.5 2 0 3 5 5
6161.4 -789.9 2.2 93 0 6.9 9.9 7.5 2.5 2 0 3 2 2
6060.6 -1083.8 5.2 10 0 6.5 11.8 7.5 0.0 0 0 3 1 1
6201.6 -788.8 1.7 96 0 11.6 21.9 7.5 0.0 0 1 3 4 4
5561.4 -1033.7 4.8 354 0 6.0 9.5 5.0 2.5 4 0 2 3 3
5801.5 -1104.1 5.0 270 0 9.3 8.5 5.0 2.5 2 0 2 1 1
6035.6 -1127.0 5.4 92 0 6.0 11.7 5.0 2.5 2 0 2 5 5
6221.9 -917.1 3.3 199 0 4.6 14.4 5.0 0.0 0 0 2 5 5
6109.7 -1319.9 4.1 356 0 9.6 11.8 2.5 2.5 2 0 1 5 5
5968.8 -1313.9 4.1 359 0 4.3 7.8 5.0 2.5 2 0 2 5 5
6156.1 -1321.2 4.1 166 0 6.4 6.8 5.0 2.5 2 0 2 2 2
6395.7 -839.1 3.2 275 0 4.3 10.1 5.0 2.5 2 0 2 4 4
6280.7 -1213.0 5.1 273 0 9.1 6.9 7.5 2.5 4 0 3 4 4
6389.8 -848.7 3.3 275 0 7.2 5.1 5.0 2.5 2 0 2 5 5
6048.2 -1261.6 4.9 232 0 4.6 9.8 7.5 2.5 2 0 3 4 4
6095.0 -1154.2 5.1 287 0 17.5 9.9 2.5 2.5 2 0 1 1 1
5540.7 -1029.3 4.9 176 0 14.5 10.7 5.0 2.5 2 0 2 5 5
6069.5 -1176.1 5.5 206 0 7.8 8.7 5.0 2.5 2 0 2 1 1
5955.6 -1138.2 5.3 100 0 6.1 10.5 7.5 2.5 2 1 3 2 2
6135.2 -1181.9 5.2 176 0 7.1 28.2 2.5 2.5 2 1 1 3 3
6098.7 -1367.2 3.6 3 0 9.0 7.1 7.5 2.5 2 0 3 1 1
6322.8 -834.6 3.4 278 0 9.3 25.5 7.5 2.5 2 1 3 5 5
5630.1 -1132.9 4.2 70 0 6.8 6.4 2.5 2.5 2 0 1 0 0
5514.7 -1175.9 3.6 353 0 10.5 14.9 7.5 2.5 2 1 3 1 1
5519.2 -1013.4 4.9 174 0 13.0 10.3 2.5 2.5 2 0 1 1 1
6054.5 -232.6 3.9 6 0 11.3 11.2 5.0 2.5 2 0 2 5 5
6203.5 -1033.8 4.6 9 0 20.1 10.0 2.5 2.5 2 0 1 4 4
5979.8 -1257.9 4.7 6 0 3.0 14.0 7.5 2.5 2 0 3 0 0
5862.1 -1192.1 5.3 359 0 8.3 7.9 5.0 2.5 2 0 2 3 3
6170.6 -305.5 2.4 2 0 11.4 11.4 2.5 2.5 2 0 1 0 0
6372.4 -605.7 2.3 193 0 8.9 9.7 2.5 2.5 2 1 1 3 3
6043.5 -1266.8 4.9 148 0 3.3 4.8 2.5 2.5 2 0 1 2 2
6183.9 -1098.7 4.7 11 0 10.2 12.4 7.5 2.5 2 1 3 4 4
6285.3 -1225.5 4.9 256 0 5.5 8.0 5.0 2.5 4 0 2 2 2
6078.1 -1149.1 5.1 287 0 17.7 14.6 7.5 2.5 2 0 3 1 1
6053.3 -848.3 3.4 185 0 8.4 14.9 7.5 2.5 2 1 3 1 1
5728.8 -1186.9 4.2 267 0 16.5 5.8 5.0 2.5 4 0 2 4 4
6174.5 -991.8 4.2 203 0 9.3 8.6 2.5 2.5 2 0 1 2 2
6029.5 -1493.3 4.0 1 0 9.1 9.5 5.0 2.5 2 1 2 0 0
6077.0 -1180.7 5.5 198 0 9.2 20.2 7.5 2.5 2 0 3 2 2
6019.0 -1434.5 3.0 356 0 8.5 10.1 7.5 2.5 2 1 3 3 3
5956.9 -1262.2 4.6 197 0 15.6 6.8 5.0 2.5 2 0 2 5 5
6204.5 -835.5 2.3 11 0 6.6 7.8 7.5 2.5 2 0 3 1 1
5598.2 -1181.1 3.2 71 0 5.3 15.0 2.5 2.5 4 0 1 0 0
6028.6 -1314.4 4.1 348 0 11.3 6.0 5.0 2.5 2 0 2 1 1
5693.0 -1226.6 3.2 88 0 11.1 6.7 5.0 2.5 2 0 2 2 2
6078.8 -1300.9 4.3 178 0 18.1 6.3 5.0 2.5 2 0 2 4 4
5894.0 -1386.0 3.4 97 0 9.5 12.7 7.5 2.5 2 1 3 0 0
6100.3 -275.1 3.2 278 0 6.3 5.9 7.5 2.5 2 0 3 5 5
6032.0 -1541.3 2.5 329 0 6.5 14.1 5.0 2.5 2 0 2 4 4
6275.8 -1212.6 5.0 287 0 5.2 14.2 7.5 2.5 2 0 3 5 5
6174.7 -1234.7 5.3 142 0 10.1 11.0 5.0 2.5 2 1 2 2 2
5600.0 -1054.4 4.7 179 0 10.2 9.0 7.5 2.5 4 0 3 3 3
5636.6 -1148.2 3.9 69 0 4.1 16.6 7.5 2.5 2 0 3 4 4
6117.7 -1487.9 5.4 268 0 12.8 8.2 7.5 2.5 4 0 3 4 4
5601.1 -1076.2 4.7 177 0 10.0 9.1 5.0 2.5 2 0 2 2 2
5581.4 -919.3 4.3 78 0 12.8 10.2 2.5 2.5 2 0 1 0 0
5606.7 -915.5 4.1 74 0 6.8 12.7 7.5 2.5 2 1 3 5 5
5514.9 -977.2 4.8 174 0 9.2 11.0 7.5 2.5 2 1 3 2 2
6233.7 -737.8 0.6 10 0 6.6 11.2 7.5 2.5 2 1 3 4 4
6162.5 -1318.7 4.1 166 0 5.1 8.5 2.5 2.5 2 0 1 1 1
5994.1 -1220.1 5.0 13 0 8.7 11.5 7.5 2.5 2 1 3 1 1
5596.3 -987.8 4.6 178 0 7.9 11.5 2.5 2.5 2 1 1 4 4
6181.0 -533.8 0.3 196 0 7.5 18.5 7.5 2.5 2 1 3 0 0
6262.4 -977.6 4.1 96 0 9.2 11.3 7.5 2.5 2 1 3 4 4
5519.5 -953.2 4.8 264 0 5.3 12.2 5.0 2.5 2 1 2 1 1
5535.0 -1154.4 3.8 174 0 10.4 9.2 5.0 2.5 4 0 2 3 3
5533.7 -1138.6 4.1 173 0 8.3 7.8 2.5 2.5 2 0 1 4 4
6099.9 -988.8 4.8 14 0 13.3 8.6 7.5 2.5 2 0 3 4 4
6251.3 -1484.7 6.0 158 0 9.7 9.5 7.5 2.5 4 0 3 3 3
5528.8 -1097.8 4.8 172 0 6.4 11.3 5.0 2.5 2 0 2 0 0
5970.4 -1228.5 4.8 12 0 3.9 8.1 5.0 2.5 2 1 2 2 2
6185.9 -903.3 3.2 11 0 4.4 7.6 5.0 0.0 0 1 2 1 1
6018.6 -1193.1 5.2 20 0 10.5 9.7 2.5 2.5 2 0 1 1 1
6185.1 -776.8 1.7 92 0 8.4 32.7 5.0 2.5 2 1 2 5 5
6193.7 -6496.4 -10.8 354 0 5.6 6.4 2.5 2.5 2 1 1 2 2
6161.1 -6443.5 -10.7 173 0 9.8 10.7 5.0 2.5 2 1 2 2 2
6223.1 -6436.0 -10.7 351 0 10.7 14.7 2.5 2.5 2 1 1 2 2
6232.5 -6458.3 -10.8 356 0 6.3 16.0 5.0 2.5 2 1 2 2 2
6202.5 -6479.9 -10.8 354 0 5.5 17.9 5.0 2.5 2 1 2 1 1
6151.2 -6449.3 -10.7 256 0 4.2 6.4 5.0 2.5 2 1 2 4 4
6154.5 -6482.0 -10.8 172 0 8.1 5.1 5.0 2.5 2 0 2 4 4
4005.8 -778.4 5.4 330 0 7.0 22.0 5.0 2.5 2 1 2 3 3
4030.4 -791.5 5.2 332 0 15.5 15.3 5.0 2.5 4 0 2 4 4
6178.3 3280.7 -15.1 40 0 4.0 5.9 7.5 2.5 2 1 3 5 5
6158.9 3253.5 -13.5 41 0 8.6 10.5 5.0 2.5 2 1 2 0 0
6149.0 3242.8 -12.6 39 0 17.4 9.9 2.5 2.5 2 0 1 0 0
6140.7 3211.9 -7.7 215 0 16.6 14.0 7.5 2.5 2 0 3 5 5
6157.0 3228.9 -9.1 230 0 16.8 10.4 10.0 2.5 2 0 4 2 2
6214.3 3281.7 -11.9 226 0 7.2 12.9 7.5 2.5 2 1 3 3 3
6201.5 3342.8 -15.5 144 0 8.3 12.9 7.5 2.5 2 1 3 1 1
6218.8 3423.0 -14.9 139 0 18.9 27.4 10.0 2.5 2 1 4 5 5
6205.4 3490.8 -16.8 215 0 5.8 10.5 7.5 2.5 2 1 3 4 4
6200.2 3491.2 -17.4 152 0 3.2 3.5 7.5 2.5 2 1 3 4 4
6141.7 3311.8 -19.2 308 0 4.3 4.4 7.5 2.5 2 1 3 1 1
6081.2 3112.5 -15.6 215 0 11.2 7.9 7.5 2.5 2 0 3 0 0
6078.2 3102.5 -16.5 207 0 3.7 3.8 5.0 2.5 2 1 2 5 5
6056.3 3037.0 -15.6 23 0 6.8 18.9 5.0 2.5 2 1 2 2 2
4224.0 3240.7 -9.2 269 0 11.4 18.8 5.0 2.5 2 1 2 3 3
4236.6 3254.2 -8.6 179 0 12.8 11.8 7.5 2.5 2 0 3 0 0
4212.2 3255.4 -8.2 89 0 13.7 19.4 10.0 2.5 2 1 4 3 3
4137.7 3319.8 -7.4 96 0 12.2 26.4 10.0 2.5 2 1 4 2 2
-718.6 3417.3 -7.9 220 0 12.6 10.7 5.0 0.0 0 0 2 4 4
-1226.6 3274.6 -12.3 234 0 26.9 9.4 7.5 2.5 2 0 3 5 5
-1203.4 3246.7 -11.5 49 0 14.5 12.9 2.5 2.5 4 0 1 2 2
-1237.7 3259.8 -11.6 230 0 7.0 24.5 7.5 2.5 2 1 3 0 0
-1215.2 3196.0 -9.5 315 0 11.3 6.1 2.5 2.5 2 0 1 4 4
-1229.4 3191.4 -9.3 225 0 9.3 10.0 5.0 2.5 2 1 2 2 2
-1231.8 3167.0 -8.9 47 0 6.5 15.8 2.5 2.5 4 1 1 4 4
-1256.4 3174.3 -9.0 222 0 12.6 19.1 7.5 2.5 4 1 3 4 4
-1243.6 3142.6 -8.3 42 0 7.2 5.0 7.5 2.5 4 0 3 3 3
-1222.8 3151.0 -8.5 52 0 14.2 12.7 5.0 0.0 0 0 2 3 3
-1203.3 3166.2 -8.8 52 0 16.6 13.3 10.0 2.5 2 0 4 0 0
-1411.0 3075.6 -7.2 246 0 8.8 11.7 2.5 2.5 2 1 1 2 2
-1420.2 3046.5 -6.7 160 0 18.5 7.9 5.0 2.5 2 0 2 5 5
-1387.0 3051.4 -6.7 82 0 11.4 12.9 7.5 2.5 2 1 3 1 1
-1389.5 3075.6 -7.1 229 0 5.6 8.3 2.5 2.5 2 1 1 2 2
-1377.7 3061.6 -6.7 91 0 7.5 4.8 7.5 2.5 2 0 3 4 4
-1496.3 2979.1 -5.0 30 0 5.8 9.2 5.0 2.5 2 1 2 0 0
-1396.2 2965.9 -6.8 327 0 12.5 13.5 7.5 2.5 2 1 3 0 0
-1548.9 2983.7 -5.3 299 0 6.8 5.1 5.0 2.5 2 0 2 1 1
-1535.2 2982.0 -5.2 299 0 6.3 6.4 7.5 2.5 2 1 3 4 4
-1536.2 2960.7 -4.9 106 0 4.9 14.9 7.5 2.5 2 1 3 4 4
-1558.1 2969.6 -5.3 115 0 10.9 11.4 5.0 2.5 2 1 2 0 0
-1717.0 2977.7 -6.5 305 0 14.9 12.5 7.5 2.5 2 0 3 5 5
-1833.4 5350.7 -16.0 183 0 9.8 25.7 7.5 0.0 0 1 3 0 0
-1705.7 6010.5 -8.1 280 0 14.5 25.6 12.5 2.5 2 0 5 1 1
-1675.0 6013.9 -7.4 14 0 10.8 13.0 5.0 2.5 2 1 2 5 5
-1668.1 6006.5 -6.7 280 0 8.7 14.4 2.5 2.5 4 1 1 5 5
-1688.8 5986.3 -7.2 5 0 4.7 14.0 5.0 2.5 2 0 2 1 1
-711.5 6698.5 9.8 142 0 6.0 10.1 5.0 2.5 2 1 2 5 5
-1377.7 6098.4 0.1 238 0 11.9 12.0 5.0 2.5 2 1 2 3 3
-1375.2 6060.9 0.4 60 0 23.5 11.3 7.5 2.5 2 0 3 0 0
-1409.0 6060.1 -0.2 149 0 27.0 8.8 7.5 2.5 2 0 3 1 1
-1275.0 6196.9 0.7 231 0 10.4 11.3 7.5 2.5 2 1 3 4 4
-1274.6 6158.1 1.1 140 0 23.6 11.7 7.5 2.5 4 0 3 5 5
-1238.4 6170.5 1.6 322 0 14.3 21.7 7.5 2.5 2 1 3 5 5
-1064.9 6455.4 4.7 174 0 11.4 21.1 7.5 2.5 4 1 3 3 3
-678.1 6722.2 9.8 324 0 10.0 27.2 7.5 2.5 4 1 3 5 5
-687.5 6674.5 9.9 50 0 10.4 26.7 12.5 0.0 0 1 5 0 0
-671.9 6714.3 10.1 321 0 6.0 5.9 5.0 2.5 2 0 2 5 5
-663.9 6679.5 10.2 51 0 14.7 10.8 10.0 2.5 2 0 4 5 5
5632.1 -1223.8 3.1 262 0 7.2 13.9 5.0 2.5 2 1 2 1 1
6182.2 -670.4 -0.1 42 0 6.6 9.0 5.0 2.5 2 1 2 0 0
6438.8 -1556.5 2.7 322 0 19.3 44.6 10.0 2.5 4 1 4 3 3
6418.6 -127.8 1.7 90 0 7.9 16.6 2.5 2.5 2 1 1 5 5
6400.6 -122.4 1.3 93 0 4.3 6.8 7.5 2.5 2 1 3 2 2
6453.8 -39.1 4.5 9 0 15.6 8.9 5.0 2.5 2 0 2 0 0
6430.5 -24.2 4.3 188 0 6.8 13.9 7.5 2.5 2 1 3 0 0
6418.0 -33.0 4.1 194 0 11.4 10.5 5.0 2.5 2 0 2 0 0
6441.2 -54.2 4.3 9 0 6.2 10.6 5.0 2.5 2 1 2 0 0
6393.9 -30.5 2.7 9 0 20.2 11.3 5.0 2.5 2 0 2 1 1
6385.5 -15.5 2.0 357 0 9.2 24.4 5.0 2.5 2 1 2 2 2
6377.6 -68.4 1.7 15 0 12.5 13.7 5.0 2.5 2 1 2 4 4
6371.1 -35.8 1.9 357 0 17.7 10.1 5.0 2.5 2 0 2 0 0
6351.4 -99.3 1.1 20 0 10.1 8.5 7.5 2.5 4 0 3 4 4
6374.6 -229.7 1.5 189 0 11.0 11.9 7.5 2.5 2 1 3 1 1
6412.1 -231.3 2.5 1 0 13.1 17.5 5.0 2.5 2 1 2 2 2
6358.6 -310.2 1.9 179 0 13.1 13.7 5.0 2.5 2 0 2 3 3
6391.4 -322.2 2.1 359 0 12.4 25.3 7.5 0.0 0 0 3 3 3
6385.4 -389.8 2.4 180 0 17.0 10.1 7.5 2.5 2 0 3 3 3
6409.7 -412.5 2.7 1 0 18.3 10.3 7.5 2.5 2 0 3 5 5
6411.6 -426.5 2.5 1 0 7.3 17.8 7.5 2.5 2 1 3 3 3
6374.6 -360.2 2.2 180 0 15.4 17.0 10.0 2.5 2 1 4 3 3
6373.0 -341.4 2.3 178 0 6.4 7.1 2.5 2.5 4 1 1 2 2
6355.8 -369.0 1.6 168 0 11.9 12.0 10.0 2.5 2 1 4 0 0
6342.6 -331.2 1.3 172 0 15.8 12.1 7.5 2.5 2 0 3 3 3
6363.4 -397.7 1.8 178 0 6.9 15.0 7.5 2.5 2 1 3 5 5
6364.3 -410.7 1.9 167 0 11.9 10.2 5.0 2.5 2 0 2 0 0
6368.8 -437.6 2.0 171 0 14.9 12.8 5.0 2.5 2 0 2 4 4
6395.2 -472.7 2.4 175 0 10.8 12.7 7.5 2.5 2 1 3 0 0
6391.0 -499.8 2.3 174 0 11.8 9.9 2.5 2.5 2 0 1 5 5
6429.1 -500.3 3.4 2 0 18.6 11.1 5.0 2.5 2 0 2 5 5
6392.9 -524.4 2.5 179 0 13.5 13.7 5.0 2.5 2 1 2 4 4
6387.6 -447.9 2.2 181 0 6.0 24.8 5.0 2.5 2 1 2 0 0
6441.7 -528.4 3.4 1 0 7.4 21.2 5.0 2.5 2 1 2 5 5
6394.0 -578.3 2.9 183 0 6.9 22.5 7.5 2.5 2 1 3 4 4
6383.0 -564.1 2.1 199 0 13.9 9.9 5.0 2.5 4 0 2 0 0
6398.1 -596.2 3.1 186 0 16.1 13.2 7.5 2.5 2 0 3 5 5
6395.4 -570.7 2.9 183 0 5.4 19.3 2.5 0.0 0 1 1 0 0
6410.5 -649.0 3.1 92 0 15.2 15.7 2.5 0.0 0 1 1 2 2
6378.1 -661.1 2.4 183 0 7.4 17.3 2.5 2.5 2 1 1 4 4
6595.3 -818.8 5.3 261 0 56.4 19.7 5.0 2.5 2 0 2 0 0
6583.7 -854.7 5.2 79 0 28.7 14.2 5.0 2.5 2 0 2 2 2
6632.7 -846.0 5.7 349 0 10.7 33.2 7.5 2.5 2 1 3 5 5
6549.0 -773.7 4.8 351 0 8.7 17.8 7.5 2.5 2 1 3 2 2
5797.4 815.1 1.2 341 0 19.1 14.5 10.0 2.5 4 0 4 4 4
5746.3 810.6 1.7 166 0 20.6 14.6 7.5 2.5 2 0 3 0 0
5786.0 836.2 1.1 333 0 8.4 25.5 2.5 2.5 2 1 1 2 2
6012.5 1235.8 -0.8 73 0 14.4 15.3 10.0 2.5 2 1 4 3 3
5974.3 1229.0 -2.0 159 0 18.1 9.8 7.5 2.5 2 0 3 3 3
5877.4 1418.0 4.1 227 0 12.8 16.6 5.0 2.5 2 1 2 3 3
5881.2 1374.2 2.3 50 0 25.8 15.1 12.5 2.5 2 0 5 5 5
5638.6 1079.5 -2.1 252 0 13.5 22.4 12.5 2.5 2 1 5 0 0
5660.1 1108.5 -3.7 249 0 16.4 11.3 10.0 2.5 4 0 4 3 3
5672.0 1069.4 -3.3 68 0 3.6 5.0 7.5 2.5 2 1 3 1 1
6751.6 1123.1 7.3 285 0 9.2 13.3 2.5 2.5 2 1 1 4 4
6768.5 1112.0 6.9 193 0 18.3 7.7 7.5 2.5 4 0 3 1 1
6354.9 77.0 2.5 325 0 15.0 11.2 5.0 2.5 4 0 2 1 1
4646.6 476.0 0.7 80 0 13.3 17.3 7.5 2.5 2 1 3 5 5
4526.8 333.8 1.5 266 0 10.2 16.4 5.0 2.5 2 1 2 3 3
4526.2 -20.5 3.0 173 0 9.0 29.7 7.5 2.5 2 1 3 4 4
4552.2 10.3 2.9 266 0 9.5 17.7 7.5 2.5 2 1 3 2 2
4559.4 50.2 2.6 80 0 10.9 13.4 10.0 2.5 2 1 4 5 5
4588.0 98.9 2.5 354 0 6.7 14.0 7.5 2.5 2 1 3 1 1
4543.6 125.7 2.2 265 0 10.7 28.0 12.5 2.5 2 1 5 2 2
4592.0 131.8 2.4 258 0 11.5 17.8 5.0 0.0 0 1 2 5 5
4566.3 147.2 2.1 261 0 12.7 11.3 5.0 2.5 2 0 2 5 5
4541.5 146.2 2.2 264 0 11.5 11.2 5.0 2.5 2 0 2 5 5
6867.7 1702.9 6.6 11 0 17.6 17.0 10.0 2.5 2 0 4 2 2
6825.3 1693.7 6.5 191 0 7.2 28.1 5.0 0.0 0 1 2 0 0
6841.5 1722.6 8.0 288 0 5.0 4.8 5.0 2.5 2 0 2 4 4
6669.9 -6667.1 -9.9 80 0 14.3 22.7 7.5 0.0 0 1 3 4 4
6641.4 -6652.4 -9.7 167 0 8.4 10.4 2.5 2.5 2 1 1 1 1
6647.4 -6365.5 -12.5 276 0 16.4 25.0 12.5 2.5 2 1 5 0 0
6623.4 -6377.0 -11.8 278 0 10.9 4.0 5.0 0.0 0 0 2 0 0
6652.5 -6419.6 -13.1 102 0 13.9 9.8 2.5 2.5 2 0 1 0 0
6553.1 -6363.7 -9.8 167 0 5.0 5.0 5.0 2.5 2 1 2 4 4
6562.7 -6381.3 -10.5 172 0 8.9 12.6 5.0 0.0 0 1 2 4 4
6614.1 -6396.2 -11.7 85 0 3.4 4.9 2.5 2.5 2 1 1 3 3
6691.1 -6432.3 -13.5 119 0 14.0 10.6 2.5 2.5 2 0 1 4 4
6718.3 -6430.8 -11.9 35 0 11.8 10.4 7.5 2.5 2 0 3 4 4
6632.4 -6548.3 -13.1 251 0 17.5 10.9 7.5 2.5 2 0 3 0 0
6620.4 -6587.3 -12.4 77 0 7.3 14.5 7.5 2.5 2 1 3 2 2
6681.0 -6594.8 -11.7 18 0 3.7 11.8 7.5 2.5 2 1 3 1 1
6590.3 -6602.4 -11.9 80 0 14.6 8.8 7.5 2.5 2 0 3 5 5
6574.5 -6605.7 -11.6 78 0 11.3 8.5 7.5 2.5 2 0 3 5 5
6559.8 -6624.7 -10.5 78 0 7.4 12.4 5.0 2.5 2 1 2 5 5
5679.4 -6434.1 -10.3 72 0 11.1 13.4 7.5 2.5 2 1 3 2 2
5664.6 -6404.3 -10.2 165 0 9.9 6.5 7.5 2.5 2 0 3 1 1
5682.6 -6398.8 -10.2 255 0 11.4 8.5 2.5 2.5 2 0 1 3 3
5703.4 -6412.0 -10.3 254 0 8.4 19.3 7.5 2.5 2 1 3 5 5
5526.8 -6503.8 -10.7 35 0 15.0 10.8 7.5 2.5 2 0 3 4 4
5502.0 -6508.5 -10.3 29 0 15.1 7.1 5.0 2.5 2 0 2 1 1
5505.3 -6539.6 -10.3 338 0 25.3 10.9 12.5 2.5 2 0 5 1 1
5469.2 -6547.1 -10.0 152 0 10.6 16.9 7.5 2.5 2 1 3 1 1
5466.5 -6565.9 -9.8 148 0 16.0 8.0 5.0 2.5 2 0 2 1 1
5473.5 -6578.2 -9.8 162 0 5.7 8.2 5.0 2.5 2 1 2 4 4
5505.4 -6572.4 -10.1 328 0 8.9 22.3 7.5 2.5 2 1 3 2 2
5504.4 -6563.0 -10.2 64 0 6.4 7.0 5.0 2.5 4 1 2 1 1
5430.9 -6534.2 -9.2 51 0 10.3 16.7 5.0 2.5 2 1 2 0 0
5405.2 -6556.7 -8.8 47 0 10.9 17.2 5.0 2.5 2 1 2 1 1
5373.7 -6567.1 -8.4 215 0 7.8 9.4 7.5 2.5 2 1 3 5 5
5408.9 -6506.3 -8.6 214 0 5.8 5.1 2.5 2.5 2 0 1 4 4
5443.6 -6532.5 -9.6 158 0 6.9 15.3 7.5 2.5 2 0 3 0 0
5443.7 -6497.4 -9.0 315 0 9.9 21.7 5.0 2.5 2 1 2 4 4
5428.4 -6458.7 -9.3 316 0 9.2 6.6 5.0 2.5 2 0 2 3 3
5412.1 -6448.1 -9.1 323 0 10.9 13.2 7.5 0.0 0 1 3 5 5
5801.4 -1849.1 -0.8 271 0 7.5 24.9 7.5 2.5 2 1 3 4 4
5522.0 -1313.2 3.2 238 0 11.2 13.4 2.5 2.5 2 1 1 0 0
5528.0 -1357.2 2.7 60 0 7.3 15.9 7.5 2.5 2 1 3 2 2
5515.8 -1362.4 2.7 59 0 10.3 6.5 2.5 2.5 2 0 1 5 5
5492.5 -1335.5 2.9 223 0 14.1 18.5 10.0 0.0 0 1 4 0 0
5510.3 -1136.8 4.3 355 0 7.3 18.5 5.0 2.5 2 1 2 2 2
5501.4 -1157.1 4.0 348 0 7.1 6.3 7.5 2.5 2 0 3 0 0
5499.4 -1032.6 5.0 356 0 11.1 12.8 7.5 2.5 2 1 3 1 1
5123.1 -2025.8 3.3 238 0 9.5 12.6 5.0 2.5 2 1 2 5 5
5095.1 -2037.5 3.2 194 0 11.3 19.4 7.5 2.5 2 1 3 4 4
3337.1 -2499.0 3.8 340 0 13.8 11.2 5.0 2.5 2 0 2 3 3
3326.4 -2523.5 5.4 339 0 11.8 14.6 5.0 2.5 2 1 2 2 2
1126.5 -7039.7 1.1 358 0 12.7 19.4 2.5 0.0 0 1 1 2 2
945.8 -7102.6 -0.9 107 0 7.9 16.9 2.5 2.5 2 1 1 1 1
5470.6 -764.2 4.7 348 0 11.4 9.6 5.0 2.5 2 0 2 5 5
5440.6 -772.9 4.7 171 0 7.2 15.6 5.0 2.5 2 1 2 5 5
4240.5 -509.3 3.4 167 0 5.9 14.5 7.5 2.5 2 1 3 1 1
4288.2 -522.2 2.6 78 0 9.2 11.8 2.5 2.5 2 1 1 0 0
-440.2 6767.2 11.6 241 0 29.2 80.1 10.0 0.0 0 1 4 2 2
-395.1 6666.7 11.3 152 0 30.4 24.6 10.0 0.0 0 0 4 4 4
-348.4 6800.2 12.7 330 0 19.2 21.1 7.5 2.5 2 1 3 0 0
-339.7 6733.7 12.1 331 0 31.4 14.5 7.5 2.5 2 0 3 1 1
-1435.4 6572.7 -6.2 191 0 11.5 30.2 12.5 2.5 2 1 5 2 2
-1380.9 6566.4 -4.6 282 0 18.7 14.9 10.0 2.5 2 0 4 3 3
-1463.6 6534.9 -7.7 192 0 21.1 40.3 10.0 0.0 0 1 4 3 3
-1465.4 6497.0 -7.6 101 0 11.6 23.5 10.0 2.5 2 1 4 2 2
-1433.8 6498.7 -6.0 101 0 10.1 14.4 10.0 2.5 2 1 4 4 4
-1438.0 6375.8 -3.8 99 0 15.1 15.6 5.0 2.5 2 1 2 5 5
3996.1 -8228.8 -11.5 106 0 10.5 26.2 7.5 2.5 2 1 3 2 2
4351.8 5978.5 -15.8 174 0 98.9 15.1 15.0 0.0 0 0 6 5 5
4406.1 5935.9 -16.8 85 0 13.8 48.9 12.5 2.5 4 1 5 4 4
4389.2 6088.0 -9.4 320 0 3.8 10.1 2.5 2.5 2 1 1 1 1
4397.3 6078.4 -10.2 321 0 6.2 15.2 5.0 2.5 2 1 2 4 4
4414.3 6054.8 -12.7 320 0 41.0 8.0 7.5 2.5 2 0 3 4 4
4457.1 6004.0 -15.3 321 0 4.7 13.3 5.0 2.5 2 1 2 2 2
4455.4 5975.3 -16.6 140 0 9.0 19.4 5.0 2.5 4 1 2 2 2
4501.0 5940.9 -20.2 319 0 30.6 11.1 12.5 2.5 2 0 5 3 3
4518.7 5914.9 -20.7 314 0 9.2 12.1 7.5 2.5 4 1 3 1 1
4548.2 5886.0 -19.7 316 0 28.0 10.7 10.0 2.5 2 0 4 0 0
4458.8 6281.0 -19.2 216 0 9.5 9.3 7.5 2.5 2 0 3 2 2
4487.0 6256.6 -20.2 33 0 7.9 4.2 2.5 2.5 2 0 1 1 1
4649.3 6207.1 -20.4 208 0 12.8 45.2 15.0 0.0 0 1 6 1 1
843.7 -7106.7 -2.3 267 0 9.4 4.1 5.0 2.5 2 0 2 5 5
858.9 -7130.4 -1.0 359 0 4.4 7.2 5.0 0.0 0 1 2 5 5
976.9 -7105.3 -0.1 17 0 10.0 3.6 7.5 2.5 2 0 3 5 5
943.8 -7070.1 -1.4 287 0 16.1 4.1 7.5 2.5 2 0 3 3 3
798.5 -7127.0 -1.9 178 0 8.3 16.4 7.5 2.5 2 1 3 2 2
886.6 -6738.6 -0.6 108 0 6.0 15.4 2.5 2.5 2 1 1 2 2
877.9 -6714.0 -0.1 194 0 10.7 5.2 2.5 2.5 2 0 1 1 1
936.2 -6788.7 0.4 100 0 13.4 7.4 5.0 0.0 0 0 2 5 5
918.3 -6767.1 -0.2 191 0 21.1 6.6 5.0 2.5 2 0 2 5 5
929.8 -6736.9 -1.1 281 0 21.7 8.3 7.5 2.5 2 0 3 2 2
612.0 -7170.9 -0.7 119 0 14.9 9.9 7.5 0.0 0 0 3 3 3
511.4 -7093.9 -0.5 105 0 7.5 14.8 7.5 2.5 2 1 3 3 3
644.6 -7148.2 -1.5 300 0 5.7 25.9 2.5 2.5 2 0 1 3 3
5541.3 -6443.7 -11.0 58 0 5.7 9.2 5.0 2.5 2 1 2 2 2
6129.1 -1043.3 4.9 110 0 8.2 15.0 5.0 2.5 2 1 2 2 2
5677.5 -1040.3 4.5 357 0 9.5 8.8 2.5 2.5 2 0 1 3 3
5614.8 -994.2 4.6 176 0 8.6 9.3 7.5 0.0 0 1 3 4 4
