-1179.9 189.5 2.7 255 0 11.2 28.8 7.5 2.5 2 1 3 0 0
-1168.0 107.8 3.9 197 0 21.9 10.4 10.5 2.5 2 0 3 0 0
-1493.0 341.7 12.5 309 0 13.2 9.3 2.5 2.5 2 0 1 0 0
-1649.8 400.1 10.8 39 0 9.8 11.0 5.0 0.0 0 1 2 3 3
-1105.4 118.9 3.4 91 0 12.1 18.1 10.0 2.5 2 1 4 5 5
-1483.4 182.5 9.1 19 0 15.6 9.5 5.0 2.5 2 0 2 5 5
-1427.8 477.4 13.8 16 0 8.9 12.3 2.5 2.5 2 1 1 4 4
-1549.9 265.2 10.4 131 0 9.3 11.6 5.0 2.5 2 1 2 1 1
-1108.2 -68.7 6.6 346 0 10.6 11.2 7.5 2.5 2 1 3 0 0
-1279.6 377.4 12.6 200 0 13.0 10.1 5.0 2.5 2 0 2 4 4
-1317.0 207.9 8.7 2 0 19.0 10.5 7.5 2.5 2 0 3 4 4
-1104.4 353.2 5.6 195 0 8.1 8.7 2.5 2.5 2 1 1 4 4
-1591.3 345.7 11.5 129 0 10.2 10.1 5.0 2.5 2 0 2 3 3
-1533.5 481.8 12.9 132 0 13.5 9.9 2.5 2.5 2 0 1 2 2
-1303.2 136.6 5.3 100 0 16.8 22.8 12.5 2.5 2 1 5 5 5
-1118.1 399.4 7.0 14 0 9.6 9.3 7.5 0.0 0 0 3 5 5
-1691.0 384.4 9.6 220 0 11.5 13.9 5.0 2.5 2 1 2 0 0
-1482.7 432.1 12.8 127 0 12.0 9.3 5.0 2.5 2 0 2 4 4
-1105.3 -114.2 7.0 80 0 10.3 13.0 2.5 2.5 2 1 1 1 1
-1354.9 208.8 10.1 3 0 9.1 12.1 2.5 2.5 2 0 1 3 3
-1611.4 360.4 11.2 126 0 11.4 10.4 5.0 2.5 2 0 2 3 3
-1113.4 430.3 7.5 14 0 8.8 8.4 5.0 2.5 2 0 2 5 5
-1169.1 -82.1 7.4 167 0 11.5 12.5 5.0 2.5 2 1 2 5 5
-1372.8 205.3 10.2 94 0 11.0 9.0 2.5 2.5 2 0 1 3 3
-1323.4 184.2 7.8 274 0 14.2 7.5 5.0 2.5 2 0 2 2 2
-1124.2 -154.1 7.6 169 0 27.5 12.2 10.0 2.5 2 0 4 4 4
-1407.7 208.9 10.0 92 0 15.5 10.7 7.5 2.5 2 0 3 1 1
-1348.2 186.3 8.5 275 0 15.7 10.2 5.0 2.5 2 0 2 0 0
-1443.7 208.8 9.8 99 0 12.2 10.7 5.0 2.5 2 0 2 2 2
-1730.9 460.0 10.2 136 0 9.0 7.6 2.5 2.5 2 0 1 0 0
-1392.1 165.4 9.1 183 0 10.2 13.0 5.0 2.5 2 1 2 5 5
-1748.5 439.7 10.2 313 0 10.4 8.9 5.0 2.5 2 0 2 4 4
-1572.2 97.2 7.3 249 0 8.8 13.4 5.0 2.5 2 1 2 1 1
-1476.1 358.9 12.3 131 0 8.6 12.8 5.0 2.5 4 1 2 3 3
-1545.4 187.5 8.7 219 0 10.0 9.4 5.0 2.5 2 0 2 5 5
-1634.9 387.6 10.8 216 0 11.5 11.6 2.5 2.5 2 1 1 0 0
-1522.2 200.6 9.1 189 0 5.9 13.1 2.5 2.5 2 1 1 3 3
-1465.6 252.6 10.1 181 0 14.3 9.1 5.0 2.5 2 0 2 4 4
-1303.5 251.2 9.8 184 0 11.5 9.1 5.0 2.5 4 0 2 4 4
-1191.9 344.9 8.1 193 0 11.0 29.7 12.5 2.5 2 0 5 4 4
-1197.2 270.8 7.1 276 0 12.0 10.8 5.0 2.5 2 0 2 3 3
-1104.5 184.1 1.9 91 0 10.2 15.2 2.5 2.5 2 1 1 0 0
-1510.2 281.9 10.9 129 0 14.4 16.9 5.0 0.0 0 1 2 4 4
-1766.0 456.9 9.6 306 0 11.8 10.1 5.0 2.5 4 0 2 4 4
-1174.4 16.2 6.0 91 0 9.7 12.3 5.0 2.5 2 1 2 4 4
-1511.3 356.7 12.4 310 0 11.9 9.5 5.0 2.5 2 0 2 5 5
-1534.8 70.3 7.3 278 0 8.8 10.4 5.0 2.5 2 1 2 5 5
-1617.1 428.4 12.1 49 0 10.8 9.3 2.5 2.5 2 0 1 0 0
-1529.4 212.2 9.2 194 0 12.0 6.6 5.0 2.5 2 0 2 1 1
-1192.3 143.7 3.0 293 0 13.4 8.8 5.0 2.5 2 0 2 5 5
-1577.2 298.7 10.6 316 0 13.9 14.7 5.0 2.5 2 1 2 0 0
-1373.8 391.6 12.8 106 0 9.8 10.3 2.5 2.5 2 1 1 1 1
-1497.8 375.1 12.2 137 0 9.4 13.8 5.0 2.5 2 1 2 4 4
-1594.6 422.4 12.0 228 0 10.4 9.7 7.5 0.0 0 0 3 5 5
-1131.1 39.9 5.3 339 0 10.7 9.3 5.0 2.5 4 0 2 1 1
-1550.8 226.8 9.3 131 0 6.2 15.1 2.5 2.5 2 1 1 0 0
-1449.9 291.0 10.8 292 0 8.5 12.1 2.5 2.5 2 1 1 4 4
-1300.8 288.2 11.1 187 0 9.2 11.1 5.0 2.5 4 1 2 3 3
-1199.1 355.9 9.8 17 0 11.7 9.8 5.0 2.5 2 0 2 2 2
-1230.3 200.1 5.8 92 0 11.3 9.7 5.0 2.5 2 0 2 0 0
-1140.0 209.8 3.1 194 0 13.7 7.2 5.0 2.5 2 0 2 0 0
-1533.0 298.0 11.5 125 0 11.2 11.4 5.0 0.0 0 1 2 1 1
-1400.9 371.2 12.4 282 0 14.8 10.8 5.0 2.5 2 0 2 4 4
-1527.6 371.3 12.4 309 0 12.4 11.6 2.5 2.5 4 0 1 1 1
-1539.9 39.3 7.0 98 0 7.6 8.0 5.0 2.5 2 1 2 5 5
-1601.9 442.9 12.5 50 0 10.6 8.9 5.0 2.5 2 0 2 1 1
-1221.2 156.0 3.2 286 0 20.3 12.9 10.0 2.5 4 0 4 0 0
-1152.5 308.5 6.9 284 0 13.3 18.3 5.0 2.5 2 1 2 4 4
-1225.9 32.8 6.1 279 0 17.7 11.6 7.5 0.0 0 0 3 2 2
-1396.5 395.0 12.9 102 0 9.8 11.8 2.5 0.0 0 1 1 0 0
-1547.4 141.6 8.2 131 0 10.5 11.8 5.0 2.5 2 1 2 0 0
-1565.9 448.2 12.6 228 0 10.0 8.6 7.5 2.5 2 0 3 0 0
-1111.2 -10.3 5.6 73 0 10.4 9.6 5.0 2.5 2 0 2 4 4
-1407.6 458.1 13.5 191 0 9.6 11.4 2.5 2.5 4 1 1 2 2
-1231.7 358.4 10.8 110 0 12.3 12.0 5.0 2.5 2 0 2 2 2
-1117.9 289.8 5.2 198 0 13.1 8.5 5.0 2.5 2 0 2 4 4
-1549.7 312.6 12.0 124 0 10.5 9.4 5.0 0.0 0 0 2 1 1
-1433.8 365.1 12.3 199 0 11.6 12.3 5.0 2.5 2 1 2 3 3
-1546.8 390.3 12.3 312 0 13.9 17.8 2.5 2.5 2 1 1 5 5
-1579.7 460.1 12.5 50 0 9.9 10.1 5.0 0.0 0 1 2 0 0
-1094.4 10.5 5.1 166 0 11.7 8.8 2.5 2.5 2 0 1 1 1
-1369.9 479.9 14.1 105 0 13.3 10.3 2.5 2.5 2 0 1 2 2
-1242.2 162.6 4.4 286 0 10.2 9.8 10.5 2.5 2 0 3 0 0
-1146.0 369.7 7.6 283 0 13.0 13.2 10.5 2.5 4 0 3 4 4
-1639.2 347.5 10.1 309 0 15.8 12.3 5.0 2.5 4 0 2 2 2
-1421.8 407.9 12.9 193 0 10.7 9.6 5.0 2.5 2 0 2 5 5
-1100.1 -41.8 6.1 348 0 10.5 8.6 5.0 2.5 2 0 2 4 4
-1381.5 456.7 13.4 282 0 11.7 12.4 5.0 2.5 2 1 2 3 3
-1264.7 224.8 7.9 103 0 7.1 11.2 5.0 2.5 2 1 2 1 1
-1111.8 327.2 5.5 194 0 12.5 10.1 5.0 2.5 2 0 2 4 4
-1575.7 331.3 11.8 126 0 12.5 10.6 2.5 2.5 2 0 1 3 3
-1556.6 507.3 12.3 231 0 14.4 13.8 5.0 2.5 2 0 2 5 5
-1346.6 472.1 14.1 104 0 11.2 9.6 2.5 2.5 2 0 1 2 2
-1254.1 161.3 5.1 16 0 9.1 10.3 5.0 2.5 2 1 2 4 4
-1156.1 382.2 8.1 105 0 10.1 9.3 5.0 2.5 2 0 2 2 2
-1507.8 239.9 9.5 287 0 7.9 18.8 7.5 2.5 2 1 3 4 4
-1501.1 250.9 9.8 296 0 19.3 8.4 2.5 2.5 2 0 1 4 4
-1510.9 461.6 13.2 130 0 14.1 8.9 5.0 2.5 2 0 2 4 4
-5848.1 -2187.2 6.6 356 0 16.0 8.5 7.5 2.5 2 0 3 1 1
-6860.9 -1488.4 9.8 14 0 10.6 13.6 5.0 2.5 2 1 2 5 5
-5844.2 -2156.4 6.5 359 0 7.9 12.2 7.5 2.5 2 1 3 0 0
-5855.5 -2035.5 6.1 355 0 13.5 8.2 5.0 2.5 4 0 2 5 5
-56.7 2256.4 -13.6 127 0 23.5 8.9 7.5 2.5 2 0 3 0 0
246.9 1748.3 -3.7 338 0 10.6 20.7 7.5 2.5 2 1 3 1 1
61.2 2170.1 -11.7 198 0 11.7 11.1 2.5 2.5 2 0 1 0 0
55.9 2151.6 -11.9 198 0 9.8 17.2 7.5 2.5 2 1 3 1 1
158.4 2130.3 -10.1 16 0 12.0 17.4 7.5 2.5 2 1 3 1 1
-33.3 2176.6 -13.4 25 0 13.3 13.2 5.0 0.0 0 0 2 2 2
-66.8 2233.4 -13.6 294 0 11.7 10.9 5.0 0.0 0 0 2 1 1
-76.9 2241.9 -14.1 318 0 9.7 11.7 2.5 2.5 2 1 1 1 1
-93.9 2221.2 -14.0 214 0 7.6 10.0 5.0 2.5 2 1 2 4 4
-78.9 2207.0 -13.8 122 0 14.7 8.0 7.5 2.5 2 0 3 4 4
-57.4 2214.9 -13.3 295 0 5.6 11.0 5.0 2.5 2 1 2 1 1
-25.3 2232.2 -13.2 116 0 16.1 9.9 5.0 2.5 2 0 2 4 4
-9.5 2244.9 -13.5 29 0 11.3 12.6 5.0 2.5 2 0 2 2 2
221.1 2182.8 -9.4 83 0 18.1 12.8 5.0 2.5 2 0 2 2 2
443.1 2251.6 2.6 234 0 12.0 9.5 7.5 2.5 2 0 3 1 1
473.6 2273.4 4.1 233 0 15.2 9.3 7.5 2.5 2 0 3 5 5
491.9 2257.1 5.8 323 0 7.7 14.3 7.5 2.5 2 1 3 4 4
351.8 2321.9 -4.0 304 0 15.8 15.5 5.0 2.5 2 0 2 3 3
513.3 2364.8 6.1 149 0 16.3 11.4 10.0 2.5 2 0 4 0 0
537.1 2371.6 6.0 59 0 7.1 10.0 2.5 2.5 2 1 1 4 4
231.3 1266.4 -1.5 264 0 11.4 12.7 7.5 2.5 2 1 3 2 2
179.4 1228.3 -3.1 172 0 11.6 51.6 7.5 2.5 2 1 3 2 2
185.2 1258.6 -2.0 173 0 22.5 11.2 10.0 2.5 2 0 4 3 3
85.4 2159.3 -11.7 288 0 4.1 7.7 7.5 2.5 2 1 3 5 5
257.5 1086.2 0.8 258 0 11.5 14.2 5.0 2.5 2 1 2 1 1
269.6 1059.5 0.9 350 0 11.1 10.9 2.5 2.5 2 0 1 3 3
260.1 1050.2 0.9 351 0 7.3 52.6 7.5 2.5 2 0 3 3 3
217.8 1091.9 0.8 261 0 9.8 22.1 7.5 2.5 2 0 3 0 0
250.6 1093.9 0.8 349 0 8.3 27.9 7.5 2.5 2 0 3 2 2
288.0 924.5 1.4 351 0 15.8 10.4 2.5 2.5 2 0 1 5 5
258.9 941.4 1.4 262 0 25.0 10.1 7.5 2.5 2 0 3 3 3
232.4 889.9 -2.9 170 0 10.1 50.3 10.0 2.5 2 1 4 5 5
241.6 938.8 0.9 261 0 9.8 27.1 7.5 2.5 2 0 3 1 1
310.7 792.9 -6.2 349 0 11.0 12.0 5.0 2.5 2 1 2 4 4
290.2 775.1 -6.1 82 0 16.5 10.1 10.0 0.0 0 0 4 1 1
308.3 647.7 2.1 82 0 19.6 9.7 2.5 2.5 4 0 1 0 0
350.2 548.2 3.5 350 0 11.3 10.8 2.5 2.5 2 0 1 5 5
338.2 560.9 3.5 351 0 7.2 19.3 5.0 2.5 4 0 2 5 5
288.9 508.0 3.7 73 0 9.9 47.4 7.5 2.5 2 1 3 2 2
300.3 566.1 3.6 262 0 35.0 14.4 10.0 2.5 2 0 4 5 5
377.8 455.3 2.5 341 0 12.9 12.5 5.0 2.5 2 0 2 5 5
360.5 430.2 2.3 71 0 16.2 10.1 5.0 2.5 4 0 2 5 5
315.8 423.8 2.1 160 0 34.6 8.2 7.5 0.0 0 0 3 1 1
364.9 465.7 2.7 340 0 11.1 48.3 10.0 2.5 2 1 4 5 5
415.0 353.9 0.9 339 0 10.7 10.8 2.5 2.5 2 1 1 2 2
405.7 429.4 2.1 159 0 9.2 8.7 5.0 2.5 2 0 2 4 4
358.9 363.0 1.0 252 0 13.8 19.1 12.5 2.5 2 1 5 5 5
380.1 368.8 1.2 250 0 19.1 9.1 5.0 2.5 2 0 2 5 5
448.9 229.2 1.9 66 0 16.1 12.1 2.5 2.5 4 0 1 4 4
424.9 267.7 1.1 249 0 11.6 10.6 7.5 2.5 2 0 3 4 4
408.3 203.1 1.3 68 0 12.3 43.7 10.0 2.5 2 0 4 1 1
404.0 261.7 1.0 249 0 31.8 12.5 7.5 2.5 2 0 3 3 3
499.4 154.1 4.2 337 0 11.0 12.1 5.0 2.5 2 1 2 1 1
447.3 136.9 3.8 157 0 12.4 10.1 5.0 2.5 2 0 2 2 2
442.6 158.0 3.4 251 0 14.8 10.3 5.0 2.5 2 0 2 3 3
433.8 110.7 4.5 158 0 7.2 12.9 5.0 2.5 2 1 2 3 3
476.9 161.5 3.6 339 0 9.0 13.2 7.5 0.0 0 1 3 0 0
536.4 61.1 6.4 339 0 12.1 11.7 5.0 2.5 2 0 2 4 4
521.9 77.4 7.4 337 0 4.7 7.7 7.5 2.5 2 0 3 1 1
501.2 66.6 7.0 248 0 11.9 7.0 7.5 2.5 2 0 3 0 0
483.6 44.6 6.1 158 0 22.5 12.4 10.0 2.5 2 0 4 2 2
524.1 72.0 7.0 339 0 7.2 17.2 7.5 2.5 2 0 3 0 0
526.0 12.8 5.0 67 0 11.5 33.9 10.0 2.5 2 1 4 4 4
582.6 -48.2 3.9 340 0 9.7 16.5 2.5 2.5 2 1 1 0 0
555.1 -39.1 4.1 247 0 14.1 8.6 5.0 2.5 2 0 2 5 5
566.2 -73.0 3.7 67 0 12.7 9.9 5.0 2.5 4 0 2 4 4
635.4 -111.9 3.4 247 0 7.4 9.1 2.5 2.5 2 1 1 3 3
605.7 -117.5 3.5 248 0 8.4 16.7 7.5 2.5 2 1 3 0 0
265.3 1877.8 1.2 112 0 18.0 11.1 10.0 0.0 0 0 4 2 2
271.4 1906.5 2.4 204 0 7.8 20.8 7.5 2.5 2 1 3 5 5
283.3 1864.7 0.7 124 0 5.2 12.3 5.0 2.5 2 1 2 0 0
569.4 1888.9 2.5 156 0 20.8 14.0 10.0 2.5 2 0 4 2 2
603.1 1892.4 7.2 334 0 18.8 6.3 2.5 2.5 2 0 1 2 2
587.5 1918.6 5.7 243 0 6.3 19.1 7.5 2.5 2 1 3 2 2
-1200.4 169.5 3.6 266 0 3.5 4.4 7.5 2.5 2 1 3 1 1
-1194.0 187.9 4.3 9 0 5.2 9.0 7.5 2.5 2 1 3 1 1
-1281.1 207.8 7.5 106 0 18.2 11.7 7.5 2.5 2 0 3 2 2
-1157.9 330.6 7.6 104 0 13.4 27.7 7.5 2.5 4 0 3 0 0
-1160.3 348.5 8.2 14 0 10.6 6.1 2.5 2.5 4 0 1 0 0
-1041.8 1069.3 7.2 117 0 25.0 10.3 10.0 2.5 2 0 4 3 3
-953.8 1098.9 5.1 280 0 20.4 7.9 2.5 2.5 2 0 1 1 1
-1057.7 1101.1 7.6 209 0 25.6 11.6 10.0 2.5 2 0 4 3 3
-969.6 1047.6 5.7 22 0 8.8 21.7 7.5 2.5 2 1 3 0 0
-952.2 1064.5 5.2 17 0 16.9 7.6 7.5 2.5 2 0 3 0 0
-969.0 1022.9 5.8 18 0 10.9 10.3 5.0 2.5 2 0 2 1 1
-1028.5 1105.6 7.0 292 0 21.3 7.9 5.0 2.5 2 0 2 4 4
-1001.1 1036.3 6.6 200 0 6.0 5.0 2.5 2.5 2 0 1 5 5
-982.5 1081.1 5.6 199 0 5.8 19.3 7.5 2.5 2 0 3 2 2
-986.8 1085.6 6.1 289 0 11.1 32.7 10.0 2.5 2 0 4 4 4
-1009.3 1088.3 6.6 288 0 11.0 12.8 5.0 2.5 4 1 2 3 3
-889.2 1068.3 4.5 257 0 6.5 11.5 2.5 0.0 0 0 1 0 0
-811.5 1077.7 3.6 257 0 7.1 28.4 2.5 2.5 2 1 1 4 4
-815.0 1006.4 2.5 95 0 6.0 13.8 5.0 2.5 2 1 2 2 2
-945.5 1035.2 4.9 195 0 16.8 6.6 5.0 2.5 2 0 2 5 5
-849.8 1045.8 4.4 88 0 8.1 10.7 7.5 2.5 2 0 3 4 4
-792.9 1094.1 5.1 80 0 13.1 7.5 5.0 2.5 4 0 2 2 2
-842.0 1046.3 4.3 84 0 7.4 10.7 5.0 2.5 4 0 2 4 4
-789.6 1050.0 3.0 351 0 10.9 6.2 2.5 2.5 2 0 1 2 2
-833.3 1067.3 4.0 264 0 5.0 22.4 5.0 2.5 2 0 2 4 4
-908.6 1064.4 4.5 253 0 15.9 8.8 5.0 2.5 2 0 2 0 0
-876.8 1025.3 4.1 75 0 9.1 33.2 7.5 2.5 2 0 3 0 0
-928.0 1053.9 4.4 251 0 12.6 11.0 2.5 2.5 2 0 1 1 1
-832.6 1038.4 3.0 173 0 12.7 26.4 10.0 2.5 2 0 4 2 2
-883.0 1029.9 4.1 346 0 11.9 27.4 10.0 2.5 2 1 4 3 3
-949.3 1011.7 5.2 281 0 6.5 8.2 5.0 2.5 2 1 2 1 1
-756.5 1078.6 3.5 3 0 8.6 14.2 5.0 2.5 2 1 2 2 2
-845.6 1076.7 4.8 69 0 9.5 9.4 2.5 2.5 2 0 1 5 5
-873.0 1180.6 6.1 168 0 10.0 9.4 2.5 2.5 2 0 1 5 5
-868.7 1160.6 5.8 169 0 6.7 8.2 5.0 2.5 2 0 2 4 4
-830.1 1118.1 5.4 58 0 10.8 9.9 5.0 2.5 2 0 2 4 4
-888.0 1102.4 5.1 86 0 4.7 7.8 5.0 2.5 4 1 2 4 4
-842.5 1275.4 3.8 270 0 11.6 6.4 10.5 2.5 2 0 3 3 3
-845.4 1148.8 5.7 348 0 10.3 10.5 5.0 2.5 4 1 2 3 3
-835.8 1239.4 5.6 358 0 6.5 8.7 5.0 2.5 2 1 2 4 4
-870.3 1168.5 5.9 168 0 9.4 8.2 5.0 2.5 4 0 2 1 1
-877.6 1132.9 5.5 179 0 6.1 7.7 5.0 2.5 2 1 2 2 2
-891.3 1153.2 5.7 170 0 11.1 17.4 10.0 2.5 2 1 4 0 0
-893.5 1123.3 5.3 177 0 12.4 6.6 5.0 2.5 4 0 2 5 5
-867.3 1153.6 5.7 169 0 7.6 8.2 5.0 2.5 2 0 2 4 4
-910.3 1112.6 5.1 198 0 13.8 10.5 5.0 2.5 4 0 2 5 5
-694.5 1183.0 5.8 170 0 14.2 31.0 12.5 0.0 0 1 5 1 1
-770.8 1198.9 6.4 349 0 4.7 7.9 5.0 2.5 2 1 2 5 5
-811.5 1297.3 3.7 93 0 6.6 22.9 2.5 2.5 2 1 1 1 1
-770.1 1370.6 1.1 175 0 17.2 6.9 5.0 2.5 2 0 2 1 1
-746.1 1351.7 0.1 263 0 12.8 10.6 7.5 2.5 2 0 3 3 3
-663.4 1446.1 -2.5 350 0 13.3 68.7 10.0 2.5 2 1 4 4 4
-723.6 1151.4 6.0 84 0 4.1 6.7 7.5 2.5 4 1 3 5 5
-774.3 1298.7 2.8 85 0 6.9 28.8 7.5 2.5 2 1 3 2 2
-668.0 1306.3 -1.8 167 0 16.4 12.4 5.0 2.5 2 0 2 0 0
-774.1 1456.2 1.0 273 0 10.2 12.8 2.5 2.5 2 1 1 5 5
-798.1 1121.7 5.5 85 0 11.4 11.4 2.5 2.5 2 0 1 5 5
-774.8 1146.8 5.8 82 0 8.4 16.0 2.5 2.5 2 1 1 2 2
-699.5 1163.0 5.7 169 0 8.8 6.5 5.0 2.5 2 0 2 5 5
-777.7 1295.1 2.7 265 0 15.9 4.2 5.0 2.5 2 0 2 1 1
-807.4 1206.1 6.5 170 0 11.8 9.9 5.0 2.5 2 0 2 5 5
-739.6 1165.1 6.1 82 0 4.7 8.6 5.0 2.5 2 0 2 4 4
-788.6 1397.7 1.6 91 0 40.6 10.2 10.0 2.5 2 0 4 3 3
-809.7 1243.0 4.1 172 0 10.2 11.9 15.0 0.0 0 1 6 5 5
-723.3 1248.0 2.5 351 0 8.4 13.2 2.5 2.5 2 0 1 3 3
-660.3 1268.7 -1.2 169 0 58.7 12.5 10.0 2.5 2 0 4 1 1
-777.9 1240.6 4.4 352 0 8.4 8.3 7.5 2.5 2 0 3 3 3
-743.8 1301.0 1.9 169 0 16.2 10.7 2.5 2.5 2 0 1 2 2
-668.1 1359.2 -3.0 182 0 88.6 12.7 12.5 2.5 2 0 5 3 3
-741.5 1276.6 1.2 171 0 20.5 13.2 7.5 2.5 2 0 3 4 4
-772.0 1119.3 5.5 90 0 10.6 9.8 5.0 2.5 2 0 2 2 2
-747.6 1492.2 0.8 170 0 10.2 15.2 5.0 2.5 2 1 2 2 2
-801.5 1154.4 5.8 171 0 14.8 10.1 5.0 2.5 2 0 2 3 3
-787.3 1225.8 6.1 172 0 8.7 6.8 7.5 2.5 2 0 3 4 4
-725.4 1260.4 1.2 351 0 16.6 13.2 5.0 2.5 2 0 2 5 5
-774.1 1132.3 5.6 85 0 15.4 8.5 7.5 2.5 2 0 3 1 1
-743.8 1115.0 4.8 99 0 10.6 9.6 5.0 2.5 2 0 2 2 2
-735.6 1140.1 5.7 353 0 7.2 15.0 7.5 2.5 4 1 3 5 5
-750.2 1332.8 0.5 173 0 14.8 13.1 5.0 2.5 2 0 2 0 0
-734.0 1160.7 6.1 82 0 5.2 24.4 2.5 2.5 4 0 1 2 2
-803.3 1348.1 2.1 273 0 28.8 9.9 7.5 0.0 0 0 3 3 3
-810.6 1225.1 6.3 173 0 6.2 8.5 5.0 0.0 0 1 2 2 2
-710.3 1183.5 6.2 350 0 30.4 8.6 7.5 2.5 2 0 3 0 0
-890.8 1563.8 6.0 85 0 3.9 11.9 7.5 2.5 2 0 3 5 5
-915.5 1327.3 6.5 290 0 6.9 25.5 2.5 2.5 2 1 1 0 0
-953.6 1545.9 5.9 84 0 6.4 20.4 2.5 0.0 0 1 1 0 0
-989.6 1546.3 5.9 82 0 9.2 13.8 5.0 2.5 2 1 2 5 5
-918.2 1373.6 7.0 280 0 9.3 14.8 7.5 2.5 2 1 3 1 1
-867.9 1300.3 5.1 22 0 11.5 9.6 7.5 2.5 2 0 3 0 0
-1093.5 1587.0 5.9 264 0 11.6 16.6 5.0 2.5 2 1 2 1 1
-925.9 1344.6 7.2 103 0 5.9 15.0 7.5 0.0 0 1 3 4 4
-883.1 1288.9 5.3 18 0 8.6 17.1 5.0 0.0 0 1 2 0 0
-865.2 1358.6 5.3 19 0 8.2 8.5 5.0 0.0 0 1 2 0 0
-1067.3 1525.8 5.9 87 0 15.6 8.3 5.0 0.0 0 0 2 5 5
-908.7 1339.3 6.8 109 0 11.4 9.7 5.0 0.0 0 0 2 2 2
-883.0 1594.6 6.0 263 0 16.3 9.1 5.0 2.5 2 0 2 4 4
-906.8 1589.6 6.0 264 0 13.4 7.8 5.0 2.5 2 0 2 3 3
-851.5 1342.0 5.2 21 0 10.9 9.7 5.0 2.5 4 0 2 0 0
-916.6 1588.6 6.0 264 0 6.4 7.8 7.5 2.5 2 0 3 3 3
-880.2 1543.5 6.0 86 0 12.5 10.1 7.5 2.5 2 0 3 5 5
-910.0 1300.7 6.0 291 0 9.5 6.6 2.5 2.5 2 0 1 4 4
-978.4 1583.0 6.0 263 0 18.6 9.3 2.5 2.5 2 0 1 5 5
-867.5 1381.1 5.4 285 0 7.2 9.6 2.5 2.5 2 1 1 1 1
-1047.1 1585.2 5.9 356 0 12.8 9.8 2.5 2.5 4 0 1 3 3
-1082.6 1593.4 5.9 264 0 8.1 5.6 7.5 2.5 2 0 3 3 3
-1061.1 1568.6 5.9 351 0 9.8 15.8 5.0 2.5 2 1 2 4 4
-968.8 1561.7 5.9 86 0 8.8 10.0 5.0 2.5 2 1 2 5 5
-993.3 1581.9 6.0 264 0 7.5 5.8 2.5 2.5 2 0 1 5 5
-930.7 1555.9 6.0 84 0 7.4 9.2 5.0 2.5 2 1 2 4 4
-846.2 1595.7 5.9 263 0 8.0 6.2 5.0 2.5 4 0 2 5 5
-833.9 1550.3 5.9 82 0 11.3 9.5 2.5 2.5 2 0 1 0 0
-944.9 1371.6 6.4 266 0 4.3 17.2 7.5 2.5 2 1 3 3 3
-904.6 1321.7 6.2 287 0 10.4 10.0 2.5 2.5 2 0 1 0 0
-918.2 1553.7 6.0 84 0 9.5 13.9 7.5 2.5 2 1 3 4 4
-902.8 1375.2 6.6 265 0 9.6 19.9 5.0 2.5 2 1 2 1 1
-1030.3 1562.5 5.9 175 0 8.2 6.4 2.5 2.5 4 0 1 5 5
-1004.9 1543.4 5.8 89 0 10.2 9.5 7.5 2.5 2 0 3 0 0
-941.7 1587.0 6.1 265 0 14.0 9.0 5.0 2.5 2 0 2 5 5
-827.7 1596.6 5.9 353 0 9.3 14.4 2.5 2.5 2 0 1 3 3
-900.9 1540.7 5.9 83 0 11.6 9.4 5.0 2.5 4 0 2 5 5
-1047.1 1546.7 5.8 355 0 13.2 9.7 5.0 2.5 4 0 2 4 4
-847.0 1375.2 4.8 14 0 9.7 9.6 2.5 2.5 2 0 1 5 5
-895.9 1562.6 6.0 85 0 6.6 13.7 5.0 2.5 2 0 2 2 2
-1027.3 1536.8 5.8 174 0 9.4 12.7 7.5 2.5 2 1 3 1 1
-852.3 1559.4 5.9 83 0 6.1 17.4 2.5 0.0 0 1 1 5 5
-867.0 1559.7 6.0 84 0 9.5 16.7 5.0 2.5 4 1 2 5 5
-624.3 1504.3 -3.7 175 0 14.4 6.6 5.0 2.5 2 0 2 4 4
-836.4 2013.6 3.5 157 0 19.9 12.2 3.5 2.5 2 0 1 5 5
-859.2 558.2 0.2 287 0 18.4 9.9 5.0 2.5 2 0 2 4 4
-6128.3 6767.8 -11.3 23 0 18.6 9.0 2.5 0.0 0 0 1 0 0
-6135.7 6794.8 -12.7 297 0 13.2 8.0 5.0 2.5 2 0 2 4 4
-6154.6 6755.1 -12.8 114 0 16.0 6.8 5.0 2.5 2 0 2 3 3
-6160.9 6783.7 -13.7 205 0 12.9 6.2 2.5 2.5 2 0 1 1 1
-6127.4 6802.7 -12.2 293 0 10.4 9.2 7.5 2.5 2 0 3 5 5
-6299.8 6552.2 -7.9 256 0 9.4 9.4 2.5 2.5 2 0 1 4 4
-6297.9 6520.6 -7.4 40 0 4.3 12.7 5.0 0.0 0 1 2 1 1
-6270.5 6543.6 -7.9 62 0 9.0 14.4 5.0 2.5 2 1 2 1 1
-6133.6 8161.2 -7.5 90 0 12.2 15.2 5.0 2.5 2 1 2 0 0
6796.8 7178.0 7.2 348 0 22.3 6.8 5.0 2.5 2 0 2 2 2
6745.5 7185.1 8.1 167 0 6.2 6.0 2.5 2.5 2 0 1 1 1
6790.6 7162.1 9.4 348 0 10.2 14.0 10.0 0.0 0 1 4 4 4
6782.9 7199.2 6.1 346 0 8.5 20.4 7.5 2.5 2 1 3 2 2
-45.0 2290.6 -13.7 215 0 6.6 8.5 2.5 2.5 2 0 1 0 0
-26.4 2248.9 -13.6 118 0 8.4 7.6 7.5 2.5 2 0 3 3 3
-20.9 2277.6 -13.8 36 0 13.6 18.6 7.5 2.5 2 0 3 3 3
-84.5 2361.6 -16.7 215 0 16.9 19.9 10.0 2.5 2 1 4 3 3
-826.9 -398.2 4.9 226 0 14.1 10.8 5.0 2.5 2 0 2 1 1
-896.2 -377.3 6.7 314 0 30.8 12.1 7.5 2.5 4 0 3 2 2
-818.6 -417.4 5.0 138 0 18.1 14.2 7.5 2.5 2 0 3 0 0
-793.8 -481.4 6.1 314 0 9.1 10.9 5.0 2.5 2 0 2 2 2
-800.7 -474.7 6.2 314 0 10.2 10.9 5.0 2.5 4 0 2 5 5
-884.3 -353.6 5.0 134 0 11.4 10.3 5.0 2.5 2 0 2 1 1
-920.3 -356.6 6.7 313 0 10.1 10.3 5.0 2.5 2 1 2 4 4
-806.6 -433.8 5.4 137 0 13.6 9.8 5.0 2.5 2 0 2 0 0
-924.3 -301.6 4.9 228 0 5.7 9.4 2.5 2.5 2 1 1 2 2
-881.4 -324.7 3.8 139 0 10.8 13.6 10.0 2.5 2 1 4 2 2
-791.3 -417.7 4.4 39 0 16.3 6.6 5.0 2.5 2 0 2 3 3
-790.3 -331.8 0.1 53 0 69.5 15.3 12.5 2.5 4 0 5 2 2
-817.8 -515.0 6.1 46 0 11.3 21.8 5.0 2.5 4 1 2 2 2
-837.9 -347.8 3.3 54 0 10.9 40.8 10.0 2.5 2 1 4 1 1
-864.6 -376.0 4.9 139 0 7.4 15.8 7.5 2.5 2 1 3 0 0
-894.3 -320.0 3.9 141 0 6.0 16.2 7.5 0.0 0 1 3 5 5
-786.8 -378.8 3.3 319 0 12.1 7.9 7.5 2.5 2 0 3 5 5
-776.0 -508.5 5.9 42 0 9.3 10.5 5.0 2.5 2 1 2 4 4
-842.8 -367.5 4.4 51 0 8.3 20.5 5.0 2.5 2 1 2 3 3
-953.7 -323.6 6.6 325 0 10.2 7.2 7.5 2.5 4 0 3 1 1
-965.1 -329.0 7.1 318 0 9.6 32.1 7.5 2.5 2 1 3 2 2
-943.3 -365.3 7.2 315 0 16.0 8.6 7.5 2.5 2 0 3 5 5
-890.7 -418.1 6.8 44 0 9.3 6.9 7.5 2.5 2 0 3 4 4
-966.1 -361.0 7.3 148 0 8.2 12.9 7.5 0.0 0 1 3 0 0
-936.5 -339.7 6.6 310 0 25.1 9.5 5.0 0.0 0 0 2 3 3
-934.6 -395.6 7.1 42 0 7.8 6.1 5.0 2.5 4 0 2 4 4
-1055.4 -232.4 6.5 249 0 11.7 12.3 5.0 2.5 2 1 2 3 3
-1272.7 -143.6 8.3 165 0 15.5 19.4 10.0 2.5 2 0 4 0 0
-1159.8 39.3 5.7 264 0 5.8 12.7 5.0 0.0 0 1 2 2 2
-1122.5 -38.6 6.4 262 0 6.0 8.9 2.5 2.5 2 1 1 0 0
-1153.0 -52.5 7.0 263 0 6.3 6.5 7.5 2.5 2 1 3 4 4
-1110.4 -52.8 6.4 350 0 5.0 9.9 5.0 2.5 2 1 2 3 3
-1130.3 -223.8 8.5 345 0 11.8 21.7 7.5 2.5 2 1 3 2 2
-1129.2 -14.4 5.9 74 0 5.7 18.3 5.0 2.5 2 1 2 2 2
-1166.2 -125.7 8.1 347 0 12.0 64.1 10.0 2.5 4 1 4 2 2
-1215.9 137.8 3.2 18 0 6.6 11.2 10.5 2.5 2 0 3 0 0
-1206.8 133.3 3.4 278 0 6.6 17.9 2.5 2.5 2 0 1 0 0
-1101.9 94.7 4.1 280 0 10.7 5.4 5.0 2.5 2 0 2 2 2
-1070.6 -83.8 6.2 172 0 10.2 7.8 5.0 2.5 2 0 2 5 5
-1079.7 62.3 4.3 256 0 7.4 13.2 5.0 2.5 2 1 2 1 1
-1064.1 -19.6 5.2 173 0 11.1 7.9 5.0 2.5 2 0 2 3 3
-1082.9 -23.5 5.4 173 0 12.6 10.5 2.5 2.5 2 0 1 2 2
-1235.1 133.6 3.5 104 0 5.1 12.5 7.5 2.5 2 0 3 0 0
-1044.8 -84.8 6.0 351 0 11.0 6.0 5.0 2.5 2 0 2 0 0
-1204.6 115.9 3.8 196 0 9.5 13.6 2.5 2.5 2 1 1 3 3
-1067.9 -103.8 6.4 171 0 14.1 10.4 5.0 2.5 2 0 2 3 3
-1082.5 -3.9 5.0 170 0 7.1 17.3 7.5 2.5 2 0 3 1 1
-1241.3 51.9 5.6 282 0 11.8 25.0 10.0 2.5 2 1 4 0 0
-1268.1 143.7 4.8 15 0 12.8 4.9 7.5 2.5 2 0 3 4 4
-1046.1 22.4 4.4 262 0 9.0 8.2 5.0 2.5 2 0 2 4 4
-1159.6 56.2 5.2 175 0 20.7 6.6 2.5 2.5 2 0 1 1 1
-1064.1 24.4 4.6 259 0 12.3 28.1 10.0 2.5 2 0 4 3 3
-1213.6 116.1 3.8 276 0 8.8 23.4 5.0 2.5 2 0 2 0 0
-1230.5 132.5 3.3 284 0 5.0 23.2 5.0 2.5 2 0 2 3 3
-1262.2 131.5 4.2 15 0 7.7 13.7 2.5 2.5 2 0 1 0 0
-1098.4 101.2 3.9 280 0 15.4 7.0 2.5 2.5 2 0 1 1 1
-1167.2 -38.4 6.9 269 0 9.5 13.4 7.5 2.5 2 1 3 5 5
-1560.2 62.8 7.1 185 0 10.9 7.3 5.0 2.5 2 0 2 2 2
-1446.1 142.9 8.8 198 0 16.5 10.2 5.0 2.5 2 0 2 1 1
-1375.0 132.9 7.8 7 0 5.7 12.1 5.0 2.5 2 1 2 3 3
-1450.6 173.6 9.2 18 0 10.5 12.6 5.0 2.5 2 1 2 3 3
-1558.1 46.6 6.9 95 0 7.3 10.5 2.5 2.5 2 0 1 2 2
-1336.0 172.3 7.8 280 0 5.0 11.3 7.5 2.5 2 0 3 2 2
-1330.5 167.6 7.3 281 0 7.3 13.6 7.5 2.5 2 0 3 2 2
-1527.9 191.9 8.9 206 0 8.9 10.5 7.5 2.5 2 1 3 3 3
-1545.9 167.0 8.5 220 0 7.7 5.1 2.5 2.5 2 0 1 1 1
-1691.7 332.9 9.0 127 0 18.9 11.1 7.5 2.5 2 0 3 4 4
-1763.5 420.1 10.2 56 0 8.8 10.8 5.0 2.5 4 1 2 2 2
-1496.9 216.9 9.4 359 0 8.1 12.6 5.0 2.5 4 1 2 0 0
-1760.0 443.8 9.9 328 0 9.1 21.0 2.5 2.5 2 1 1 3 3
-1661.6 316.0 9.3 39 0 10.3 14.5 5.0 2.5 2 1 2 5 5
-1494.5 164.6 8.8 36 0 16.5 7.6 5.0 2.5 2 0 2 3 3
-1792.4 445.3 9.5 219 0 6.3 14.3 7.5 2.5 2 1 3 1 1
-1655.9 274.7 8.3 315 0 8.8 15.8 5.0 0.0 0 1 2 1 1
-1527.3 152.6 8.4 38 0 9.4 7.7 7.5 2.5 2 0 3 2 2
-1565.7 157.5 8.3 134 0 11.8 8.2 5.0 2.5 2 0 2 5 5
-1543.5 351.9 12.6 305 0 6.0 4.7 7.5 2.5 2 0 3 3 3
-1638.7 411.7 11.4 43 0 7.0 14.6 5.0 2.5 2 1 2 0 0
-1620.6 462.6 12.0 232 0 8.4 7.9 7.5 2.5 2 0 3 2 2
-1634.9 450.8 12.0 225 0 6.4 6.3 5.0 2.5 2 0 2 5 5
-1533.4 401.4 12.2 49 0 17.7 9.5 2.5 2.5 2 0 1 1 1
-1720.7 451.1 10.5 135 0 8.9 9.1 5.0 2.5 2 1 2 0 0
-1698.6 456.8 10.7 43 0 17.2 7.2 2.5 2.5 4 0 1 1 1
-1535.0 530.0 12.1 230 0 9.9 5.5 7.5 2.5 2 0 3 2 2
-1494.9 302.4 11.6 49 0 7.4 6.4 7.5 2.5 2 0 3 0 0
-1536.2 330.6 12.6 126 0 6.1 5.7 7.5 2.5 2 0 3 1 1
-1586.2 402.3 12.0 227 0 6.9 5.7 7.5 2.5 2 0 3 3 3
-1499.9 424.2 12.6 316 0 5.2 7.1 5.0 2.5 2 0 2 3 3
-1594.2 372.3 11.6 127 0 15.8 12.3 10.0 2.5 4 0 4 5 5
-1622.0 396.8 11.2 215 0 7.2 18.5 5.0 2.5 2 1 2 2 2
-1581.1 409.0 12.2 228 0 9.5 7.1 7.5 2.5 2 0 3 0 0
-1495.3 419.4 12.5 317 0 7.9 12.8 2.5 2.5 2 0 1 1 1
-1389.1 298.1 11.4 120 0 7.5 8.2 7.5 2.5 2 1 3 5 5
-1415.3 376.0 12.5 284 0 6.1 6.3 2.5 2.5 2 1 1 1 1
-1375.1 230.5 10.4 275 0 14.1 10.4 2.5 2.5 2 0 1 3 3
-1427.3 212.2 9.9 99 0 8.6 26.1 5.0 0.0 0 0 2 5 5
-1349.2 214.8 9.7 180 0 21.5 5.7 7.5 2.5 2 0 3 2 2
-1445.7 229.5 10.0 94 0 6.3 9.6 5.0 2.5 2 1 2 0 0
-1333.8 198.9 9.0 91 0 12.1 8.7 7.5 2.5 2 0 3 3 3
-1438.4 269.9 10.5 288 0 10.9 8.0 2.5 2.5 2 0 1 3 3
-1383.8 258.7 10.7 289 0 7.0 11.0 7.5 2.5 2 1 3 4 4
-1376.6 365.9 12.4 284 0 9.5 13.2 5.0 2.5 2 1 2 3 3
-1473.8 237.5 9.9 182 0 9.3 6.1 7.5 2.5 2 0 3 5 5
-1417.8 249.0 10.3 277 0 16.7 11.7 2.5 2.5 2 0 1 5 5
-1350.3 228.9 10.6 7 0 7.4 10.6 7.5 2.5 2 0 3 1 1
-1401.5 224.4 10.3 95 0 5.7 11.7 7.5 0.0 0 1 3 2 2
-1344.3 349.2 12.4 11 0 12.6 14.9 5.0 2.5 2 1 2 3 3
-1366.4 407.1 13.2 103 0 14.0 11.3 5.0 2.5 2 0 2 4 4
-1407.6 420.7 13.0 197 0 8.3 5.5 5.0 2.5 2 0 2 5 5
-1346.3 387.5 12.7 106 0 10.6 12.9 5.0 2.5 2 1 2 5 5
-1328.7 433.3 13.5 284 0 7.7 6.4 2.5 2.5 2 0 1 3 3
-1396.4 418.7 13.1 193 0 5.4 5.3 5.0 2.5 4 0 2 1 1
-1353.6 426.8 13.4 287 0 4.4 6.3 5.0 2.5 2 1 2 0 0
-1330.3 427.1 13.2 283 0 7.5 14.7 2.5 2.5 2 0 1 0 0
-1326.9 445.0 13.6 284 0 9.9 11.7 2.5 2.5 2 0 1 0 0
-1349.7 501.2 14.5 279 0 3.9 5.6 7.5 2.5 2 1 3 1 1
-1224.8 221.0 6.5 92 0 8.8 6.2 7.5 2.5 4 0 3 1 1
-1259.7 394.8 12.2 287 0 8.6 5.1 5.0 2.5 2 0 2 2 2
-1292.5 215.8 8.5 105 0 4.8 16.7 2.5 2.5 2 0 1 4 4
-1269.9 282.6 9.9 281 0 10.5 12.3 5.0 2.5 2 0 2 0 0
-1409.8 526.5 14.3 233 0 6.2 4.6 5.0 0.0 0 0 2 5 5
-1243.8 212.8 6.9 100 0 4.2 16.3 2.5 2.5 2 0 1 1 1
-1301.3 260.7 10.0 187 0 5.8 13.4 5.0 2.5 2 1 2 0 0
-1145.7 265.7 5.8 13 0 10.5 18.4 5.0 2.5 2 1 2 5 5
-1294.7 269.7 10.4 187 0 6.5 7.9 5.0 2.5 2 1 2 2 2
-1289.2 238.3 8.9 193 0 11.8 6.2 7.5 2.5 2 0 3 3 3
-1247.0 229.7 7.4 98 0 16.2 15.7 10.0 2.5 2 0 4 4 4
-1272.4 270.5 9.7 281 0 10.3 6.9 7.5 2.5 2 0 3 5 5
-1294.5 335.4 12.3 195 0 13.4 10.6 2.5 2.5 2 0 1 0 0
-1158.0 406.9 7.8 193 0 6.9 19.6 5.0 2.5 2 0 2 3 3
-1133.4 401.2 7.6 13 0 6.9 5.6 5.0 2.5 2 0 2 3 3
-1133.1 430.5 7.9 290 0 12.8 7.3 5.0 2.5 2 0 2 2 2
-1131.7 388.8 7.5 12 0 4.7 8.4 5.0 2.5 2 1 2 2 2
-1081.3 287.7 3.6 285 0 14.2 28.0 10.0 2.5 2 0 4 3 3
-1011.2 489.0 5.5 107 0 6.9 47.8 7.5 2.5 2 1 3 0 0
-1068.9 201.4 1.8 280 0 6.4 10.9 7.5 2.5 2 0 3 3 3
-1123.3 219.4 3.0 174 0 4.7 10.0 2.5 2.5 4 1 1 1 1
-1118.2 260.5 4.0 193 0 10.2 17.7 2.5 2.5 2 1 1 4 4
-1063.2 217.9 1.4 284 0 12.4 6.5 7.5 2.5 2 0 3 1 1
-1059.1 173.5 2.2 101 0 8.6 9.8 7.5 2.5 2 1 3 5 5
-1076.3 351.9 4.7 285 0 5.8 7.4 7.5 2.5 2 1 3 4 4
-1114.4 210.7 2.4 192 0 11.3 4.3 7.5 2.5 2 0 3 1 1
-933.4 512.9 2.4 287 0 12.2 19.1 5.0 2.5 2 1 2 1 1
-1088.2 310.1 4.6 108 0 5.8 12.0 7.5 2.5 2 1 3 2 2
-1066.6 292.0 3.3 285 0 11.9 8.0 7.5 2.5 2 0 3 0 0
-973.1 506.5 3.0 193 0 18.4 12.3 10.0 2.5 2 0 4 2 2
-1087.1 297.6 3.8 285 0 30.7 8.0 7.5 2.5 2 0 3 5 5
-1084.7 362.6 5.1 104 0 14.2 23.1 10.0 2.5 2 0 4 1 1
-935.0 412.5 -5.6 208 0 6.8 11.0 2.5 2.5 2 1 1 5 5
-1087.2 391.3 5.2 194 0 8.2 16.5 7.0 2.5 2 0 2 3 3
-1064.8 211.6 1.5 281 0 12.4 10.9 5.0 2.5 2 0 2 1 1
-1965.3 4599.4 -7.6 54 0 6.0 13.8 5.0 2.5 2 1 2 3 3
-2065.9 4827.4 -11.3 319 0 12.2 8.7 7.5 2.5 4 0 3 5 5
-1324.0 4765.0 -11.5 348 0 11.4 15.0 5.0 2.5 2 1 2 0 0
-1942.5 4610.2 -6.8 233 0 6.0 15.6 5.0 2.5 2 1 2 5 5
-1945.8 4615.2 -7.6 57 0 5.6 14.7 5.0 0.0 0 1 2 5 5
-2069.0 4694.0 -10.0 53 0 22.9 14.3 10.0 2.5 2 0 4 4 4
-2186.3 4928.9 -12.0 107 0 10.2 22.5 2.5 2.5 4 1 1 4 4
-2089.2 4815.8 -10.4 226 0 6.4 20.9 7.5 2.5 2 1 3 1 1
-1324.0 4787.6 -10.8 344 0 17.9 7.2 2.5 2.5 2 0 1 1 1
-2122.5 4675.2 -9.6 144 0 18.9 12.6 5.0 2.5 2 0 2 4 4
-2232.7 5041.7 -11.3 163 0 6.8 10.5 2.5 2.5 4 0 1 5 5
-2244.0 4946.7 -11.1 199 0 14.7 30.9 10.0 2.5 4 1 4 5 5
-1363.3 4783.5 -10.5 168 0 14.3 9.8 7.5 2.5 4 0 3 1 1
-2204.4 4938.8 -11.6 104 0 9.0 13.7 5.0 0.0 0 1 2 1 1
-664.2 7432.3 -18.7 326 0 9.9 7.3 7.5 2.5 2 0 3 0 0
-670.7 7447.2 -19.3 327 0 11.2 9.2 7.5 2.5 2 0 3 1 1
-680.1 7458.8 -19.4 326 0 5.6 7.8 2.5 2.5 2 1 1 3 3
-687.0 7472.8 -19.8 326 0 7.9 9.2 5.0 2.5 2 1 2 0 0
-3658.7 7918.4 -19.8 181 0 19.9 7.8 7.5 2.5 2 0 3 2 2
-659.9 7360.7 -15.6 129 0 7.1 8.9 2.5 2.5 2 1 1 1 1
-636.4 7422.7 -20.3 133 0 11.6 8.3 7.5 2.5 2 0 3 1 1
-623.9 7441.3 -21.4 310 0 6.0 8.5 7.5 0.0 0 1 3 3 3
-633.5 7451.6 -21.5 331 0 8.2 6.3 7.5 2.5 2 0 3 0 0
-641.2 7463.9 -21.8 331 0 9.5 9.5 5.0 2.5 2 0 2 4 4
-647.9 7476.8 -22.2 331 0 12.1 10.1 7.5 2.5 2 0 3 1 1
-656.2 7489.2 -22.4 331 0 9.2 9.2 7.5 2.5 2 0 3 0 0
-3384.7 7774.0 -22.9 288 0 20.4 11.8 5.0 2.5 2 0 2 0 0
-676.7 7380.5 -15.8 121 0 13.5 8.5 7.5 2.5 2 0 3 3 3
-656.4 7507.8 -23.8 148 0 9.8 7.1 7.5 2.5 2 0 3 3 3
-647.9 7495.0 -23.9 151 0 9.7 9.6 5.0 2.5 2 0 2 4 4
-639.8 7480.7 -23.5 151 0 7.1 9.9 7.5 2.5 2 1 3 2 2
-632.9 7469.9 -23.1 148 0 5.8 7.6 7.5 2.5 2 1 3 5 5
-619.2 7495.2 -24.2 331 0 8.5 8.6 7.5 2.5 2 1 3 5 5
-3136.6 7614.7 -14.1 110 0 10.7 17.7 7.5 2.5 2 1 3 1 1
-627.5 7509.2 -24.1 328 0 10.0 9.7 7.5 2.5 2 0 3 1 1
-3214.7 7659.0 -19.7 187 0 11.5 9.5 7.5 2.5 2 0 3 2 2
-699.2 7448.0 -18.4 151 0 8.5 7.9 2.5 2.5 2 0 1 3 3
-3248.9 7549.1 -18.9 262 0 6.0 15.6 7.5 2.5 2 1 3 3 3
-2444.5 6690.2 -7.4 2 0 17.0 11.2 5.0 2.5 2 0 2 0 0
-675.0 7406.3 -17.4 151 0 11.3 9.4 5.0 2.5 2 0 2 4 4
-3097.1 7603.1 -12.1 22 0 16.9 9.9 7.5 2.5 2 0 3 3 3
-3106.3 7623.7 -12.8 25 0 6.4 10.9 5.0 0.0 0 1 2 5 5
-3633.9 7886.3 -18.7 95 0 19.2 12.2 2.5 2.5 2 0 1 0 0
-677.8 7476.6 -21.1 151 0 6.7 8.3 7.5 0.0 0 1 3 2 2
-3616.4 7930.3 -20.6 272 0 7.5 22.7 5.0 0.0 0 1 2 0 0
-2451.2 6646.7 -7.8 93 0 12.1 20.8 10.0 2.5 2 1 4 2 2
-2485.7 6714.9 -7.5 277 0 9.0 38.1 7.5 2.5 2 1 3 2 2
-3255.7 7528.0 -18.7 172 0 6.3 18.7 7.5 2.5 2 1 3 2 2
-3211.9 7526.0 -17.6 352 0 6.9 27.2 5.0 2.5 4 1 2 2 2
-3367.0 7740.4 -22.7 106 0 10.6 14.6 7.5 2.5 4 1 3 5 5
-3109.6 7653.1 -13.2 277 0 6.2 11.4 7.5 2.5 2 1 3 3 3
-3626.5 7929.9 -20.0 270 0 8.7 6.0 5.0 2.5 2 0 2 1 1
-3662.1 7892.6 -16.4 206 0 5.8 6.9 2.5 2.5 2 1 1 2 2
-3220.3 7621.3 -19.8 97 0 21.9 7.9 5.0 2.5 2 0 2 0 0
-3208.2 7537.0 -17.1 83 0 9.9 24.8 2.5 2.5 2 1 1 1 1
-3231.6 7558.3 -18.4 262 0 13.7 5.5 7.5 2.5 2 0 3 0 0
-3242.4 7381.9 -13.2 126 0 5.6 10.9 5.0 2.5 2 1 2 0 0
-2466.9 6710.8 -7.3 273 0 16.0 10.1 7.5 2.5 2 0 3 0 0
-2488.3 6669.1 -7.6 182 0 10.7 21.5 5.0 2.5 2 1 2 5 5
-3125.6 7595.5 -13.0 116 0 13.7 7.5 5.0 2.5 2 0 2 5 5
81.9 -8163.8 0.8 254 0 6.0 6.4 5.0 2.5 2 1 2 2 2
141.2 -8155.2 0.9 255 0 14.2 10.3 5.0 2.5 2 0 2 1 1
165.0 -8157.1 0.7 253 0 18.8 11.9 10.0 2.5 4 0 4 2 2
259.3 -7995.3 3.1 173 0 10.8 8.8 5.0 2.5 2 0 2 3 3
285.0 -8013.3 3.0 350 0 9.2 10.5 5.0 2.5 2 1 2 2 2
277.9 -7960.1 3.3 348 0 9.7 5.1 7.5 2.5 2 0 3 4 4
252.6 -7905.3 3.5 182 0 6.0 6.3 5.0 2.5 2 1 2 0 0
253.7 -7880.9 3.1 173 0 13.1 13.5 5.0 2.5 2 1 2 3 3
300.0 -7998.9 3.2 173 0 5.4 7.7 5.0 0.0 0 1 2 1 1
303.0 -7988.1 3.3 172 0 11.5 12.8 7.5 2.5 2 1 3 2 2
299.3 -7962.9 3.4 172 0 10.8 16.6 7.5 2.5 2 1 3 3 3
291.0 -7910.1 3.6 171 0 11.5 12.4 7.5 2.5 2 1 3 2 2
364.2 -7984.2 3.5 352 0 10.8 13.2 10.0 2.5 2 1 4 2 2
359.1 -8017.1 3.3 82 0 13.1 11.1 7.5 2.5 2 0 3 2 2
373.8 -7951.6 3.8 171 0 10.9 14.3 7.5 2.5 2 1 3 0 0
-4473.6 -7940.3 -6.5 271 0 13.5 19.4 7.5 2.5 2 1 3 0 0
-4526.2 -7924.3 -6.3 275 0 15.1 12.5 5.0 2.5 2 0 2 5 5
-4542.3 -7958.6 -5.4 118 0 15.4 10.7 7.5 2.5 2 0 3 0 0
-4558.8 -7943.0 -5.5 120 0 9.0 8.3 2.5 2.5 2 0 1 5 5
-4504.7 -7940.3 -6.3 281 0 13.5 6.0 5.0 2.5 2 0 2 4 4
-4314.1 -7844.1 -7.5 38 0 11.2 20.5 5.0 2.5 2 1 2 1 1
-4330.3 -7764.6 -6.6 2 0 13.8 11.9 10.0 2.5 2 0 4 2 2
-4342.5 -7746.6 -6.9 4 0 10.7 14.6 5.0 2.5 2 1 2 2 2
-4366.4 -7771.2 -7.1 95 0 8.8 16.5 5.0 2.5 2 1 2 5 5
-4379.0 -7726.3 -7.1 229 0 6.7 16.5 7.5 2.5 2 1 3 2 2
-4441.1 -7850.6 -6.7 109 0 12.5 10.9 5.0 2.5 4 0 2 5 5
-4487.7 -7830.2 -6.3 111 0 9.0 13.0 7.5 2.5 2 1 3 4 4
-4476.3 -7786.7 -6.3 204 0 7.7 8.4 2.5 0.0 0 1 1 4 4
-4476.7 -7806.4 -6.3 114 0 4.5 8.5 2.5 0.0 0 1 1 4 4
-4469.7 -7745.3 -6.3 201 0 16.7 8.8 2.5 2.5 2 0 1 2 2
-4485.4 -7720.1 -5.8 203 0 11.8 12.9 2.5 2.5 2 1 1 1 1
-4465.5 -7713.7 -6.0 206 0 6.5 7.3 2.5 2.5 2 1 1 5 5
-4518.7 -7759.1 -5.2 330 0 8.0 13.6 2.5 2.5 4 1 1 2 2
-4547.1 -7781.1 -5.4 337 0 11.8 12.4 2.5 2.5 2 1 1 1 1
3253.1 -2975.6 4.0 1 0 15.9 31.7 12.5 2.5 2 1 5 4 4
1283.9 -6954.5 18.0 263 0 10.6 10.8 10.0 2.5 2 1 4 3 3
1507.2 -3147.4 0.3 265 0 14.4 8.1 7.5 2.5 2 0 3 0 0
1469.4 -3112.4 0.1 86 0 37.0 10.6 7.5 2.5 2 0 3 0 0
1583.1 -3271.2 -0.8 349 0 20.4 11.2 7.5 2.5 2 0 3 1 1
1581.0 -3314.6 -1.2 353 0 21.4 12.3 10.0 2.5 2 0 4 5 5
2677.1 4051.1 -10.4 214 0 20.7 11.2 10.0 2.5 4 0 4 5 5
1540.7 -725.5 -9.5 109 0 11.0 15.3 10.0 2.5 2 1 4 4 4
1418.8 -7207.7 16.5 2 0 37.0 7.5 5.0 2.5 2 0 2 0 0
1264.6 -6955.9 18.2 265 0 13.4 13.3 7.5 2.5 4 0 3 0 0
1365.5 -6929.7 17.1 77 0 9.4 12.0 5.0 2.5 4 1 2 4 4
1369.2 -6953.0 17.0 264 0 10.5 9.6 7.5 2.5 2 0 3 5 5
1371.4 -6973.1 16.9 84 0 10.5 10.6 5.0 2.5 2 0 2 1 1
1297.5 -6936.7 17.8 82 0 48.7 12.7 10.0 2.5 2 0 4 1 1
5008.2 3588.7 -3.5 206 0 63.6 14.5 17.5 0.0 0 0 7 5 5
1504.1 -688.1 -8.8 201 0 5.3 15.8 5.0 0.0 0 1 2 3 3
1512.1 -720.8 -10.2 111 0 10.9 6.2 7.5 2.5 2 0 3 0 0
5033.7 3550.6 -4.6 26 0 10.8 20.3 5.0 0.0 0 1 2 0 0
1501.8 -3192.9 0.0 85 0 24.8 10.8 10.0 2.5 2 0 4 4 4
1504.3 -3062.3 0.3 171 0 46.2 8.0 7.5 2.5 2 0 3 4 4
1432.0 -3028.0 -0.8 175 0 55.9 17.9 7.5 2.5 2 0 3 2 2
2705.2 4030.7 -11.1 36 0 16.0 6.5 5.0 0.0 0 0 2 2 2
5051.4 3568.9 -4.2 29 0 20.6 10.2 5.0 2.5 2 0 2 5 5
1503.7 -701.3 -9.8 203 0 15.7 8.0 5.0 0.0 0 0 2 3 3
1528.9 -687.1 -8.4 199 0 19.0 18.2 10.0 2.5 2 0 4 1 1
4957.0 3521.4 -5.0 186 0 8.9 21.2 5.0 2.5 2 1 2 4 4
5051.3 3603.4 -2.3 298 0 20.4 10.5 5.0 0.0 0 0 2 5 5
-3835.9 384.1 9.5 100 0 31.2 7.8 2.5 2.5 2 0 1 1 1
-3742.4 437.6 8.8 176 0 14.1 8.4 7.5 2.5 2 0 3 0 0
-3839.4 436.3 8.8 191 0 10.2 15.5 2.5 2.5 2 1 1 1 1
-3984.1 462.4 8.2 100 0 11.1 24.1 7.5 2.5 2 1 3 1 1
-4394.9 4233.8 -3.2 288 0 6.9 13.5 5.0 0.0 0 1 2 3 3
673.6 -2074.4 -10.2 4 0 13.9 9.0 2.5 2.5 2 0 1 4 4
514.4 -2147.7 -5.6 187 0 8.9 12.4 2.5 2.5 2 1 1 5 5
633.6 -2133.4 -8.7 322 0 14.8 7.8 7.5 2.5 2 0 3 2 2
599.0 -2201.6 -6.8 275 0 9.3 15.0 5.0 2.5 2 1 2 4 4
664.0 -2266.8 -9.0 5 0 13.0 10.0 2.5 2.5 4 0 1 2 2
6766.4 1618.7 8.7 183 0 13.8 24.6 10.0 2.5 4 1 4 2 2
6819.0 1751.7 9.9 289 0 12.9 9.9 7.5 2.5 4 0 3 3 3
-2695.0 -168.5 8.4 211 0 16.1 11.5 5.0 2.5 2 0 2 5 5
728.5 -2708.2 -13.8 1 0 7.8 8.3 5.0 2.5 2 1 2 5 5
660.2 -2752.3 -12.5 179 0 15.1 10.1 5.0 2.5 2 0 2 0 0
563.3 -3001.9 -8.7 8 0 14.5 29.4 12.5 2.5 2 1 5 3 3
-2804.1 -100.0 8.3 211 0 18.8 7.8 7.5 2.5 2 0 3 0 0
503.6 -2680.7 -9.6 277 0 11.7 11.1 5.0 2.5 2 0 2 3 3
-2920.4 -4.4 10.2 304 0 11.8 18.3 10.0 0.0 0 1 4 3 3
6707.6 1784.8 3.7 26 0 9.4 14.0 7.5 2.5 2 1 3 4 4
6687.6 1634.7 5.6 203 0 13.4 21.1 12.5 2.5 2 1 5 4 4
6704.7 1562.3 6.6 22 0 17.8 9.0 5.0 2.5 2 0 2 0 0
-3086.3 82.5 8.3 210 0 12.1 12.0 7.5 2.5 2 0 3 1 1
-3170.8 143.7 9.5 293 0 11.6 12.0 5.0 2.5 4 1 2 4 4
-2809.1 -140.4 8.4 120 0 18.4 10.1 5.0 2.5 2 0 2 2 2
661.6 -2788.0 -13.0 180 0 12.3 10.4 5.0 2.5 2 0 2 5 5
696.8 -2797.0 -13.1 114 0 10.3 17.9 7.5 2.5 2 1 3 1 1
-3817.1 397.2 9.4 13 0 10.2 5.0 2.5 2.5 2 0 1 2 2
503.4 -2981.3 -6.2 164 0 15.4 13.0 10.0 2.5 2 0 4 0 0
703.1 -2726.1 -13.0 359 0 18.8 17.8 7.5 2.5 2 0 3 4 4
799.9 -2711.7 -14.9 0 0 11.3 19.0 5.0 2.5 2 0 2 0 0
-3742.9 422.2 9.0 178 0 7.4 14.6 5.0 2.5 2 1 2 5 5
-3852.4 424.3 9.0 195 0 17.1 7.2 7.5 0.0 0 0 3 1 1
725.9 -2743.3 -13.0 2 0 6.6 7.6 7.5 2.5 2 0 3 5 5
6811.6 1649.4 10.0 282 0 7.9 38.2 7.5 2.5 2 1 3 3 3
-3732.7 475.4 8.3 92 0 9.0 9.9 7.5 2.5 2 1 3 3 3
-3092.0 66.3 8.9 210 0 16.0 8.2 2.5 2.5 2 0 1 5 5
-3069.8 47.6 9.3 29 0 25.2 7.7 7.5 0.0 0 0 3 4 4
-2909.1 -35.0 10.0 31 0 20.6 8.2 5.0 2.5 2 0 2 4 4
6662.2 1738.7 3.3 205 0 23.6 45.7 12.5 0.0 0 1 5 0 0
-2927.7 -61.4 10.0 30 0 5.3 17.2 5.0 2.5 2 1 2 1 1
-4002.8 445.8 8.6 104 0 27.0 11.3 7.5 2.5 2 0 3 3 3
591.5 -2992.8 -9.6 190 0 17.3 16.6 10.0 2.5 4 0 4 4 4
-3816.4 417.3 9.0 14 0 18.7 5.9 2.5 2.5 2 0 1 3 3
606.4 -2968.8 -8.2 282 0 17.0 9.8 7.5 2.5 2 0 3 4 4
588.5 -2174.4 -7.0 276 0 11.5 5.3 7.5 2.5 2 0 3 3 3
670.2 -2687.1 -13.0 268 0 6.3 14.2 2.5 2.5 2 1 1 3 3
-3847.7 402.8 9.3 195 0 12.5 6.6 5.0 2.5 2 0 2 4 4
679.0 -2757.3 -12.4 212 0 8.5 22.1 5.0 2.5 2 1 2 2 2
-3714.2 486.5 8.2 4 0 12.1 6.4 7.5 2.5 2 0 3 1 1
6866.4 1702.2 12.8 286 0 11.4 20.6 5.0 2.5 2 1 2 1 1
-3723.8 501.4 8.1 5 0 8.6 11.2 7.5 2.5 2 1 3 0 0
-4414.5 4206.3 -4.4 202 0 6.9 9.1 2.5 2.5 2 1 1 1 1
-3713.2 438.1 8.8 1 0 7.3 14.6 5.0 2.5 2 1 2 4 4
-2820.4 -116.5 8.4 212 0 19.7 6.6 7.5 2.5 2 0 3 1 1
498.0 -2949.3 -7.3 250 0 13.4 19.0 7.5 0.0 0 1 3 4 4
-3999.8 487.7 8.2 285 0 6.0 12.7 5.0 0.0 0 1 2 5 5
-2678.6 -195.6 8.4 32 0 50.2 6.1 7.5 2.5 2 0 3 0 0
-2780.3 -115.0 8.2 31 0 18.3 8.0 2.5 2.5 2 0 1 4 4
2723.7 6832.5 -11.2 28 0 12.2 9.2 2.5 2.5 2 0 1 3 3
2715.6 6814.9 -11.0 28 0 15.0 11.8 2.5 2.5 2 0 1 4 4
2755.2 6765.6 -12.4 14 0 7.7 8.6 7.5 2.5 2 1 3 5 5
2901.9 6754.5 -12.1 198 0 7.6 11.6 5.0 2.5 2 1 2 5 5
2708.5 6606.9 -13.2 107 0 7.9 5.8 7.5 2.5 2 0 3 4 4
2688.1 6647.8 -12.7 198 0 31.3 9.2 7.5 2.5 2 0 3 2 2
2693.9 6832.9 -10.6 119 0 11.9 22.7 12.5 2.5 2 1 5 2 2
2917.2 6720.2 -12.2 24 0 5.5 28.4 7.5 2.5 2 1 3 1 1
1504.3 -8043.9 8.2 113 0 13.4 28.4 10.0 2.5 2 1 4 2 2
814.2 -7975.3 5.4 329 0 9.4 7.7 5.0 2.5 2 0 2 5 5
-451.7 -7371.6 0.5 265 0 10.8 19.9 5.0 2.5 2 1 2 2 2
-491.0 -7386.9 0.5 87 0 10.0 16.8 7.5 2.5 2 1 3 4 4
-463.2 -7411.5 0.4 88 0 10.8 11.8 5.0 2.5 4 1 2 0 0
-617.9 -8114.8 -1.3 88 0 11.9 13.4 5.0 0.0 0 1 2 1 1
-584.6 -8077.8 -0.2 269 0 19.1 12.3 7.5 2.5 2 0 3 1 1
-591.6 -8123.6 -1.0 87 0 20.4 9.6 7.5 2.5 4 0 3 0 0
-630.2 -7718.9 -1.3 356 0 15.3 11.3 2.5 2.5 2 0 1 4 4
-646.5 -7749.0 -1.5 87 0 17.4 11.5 7.5 2.5 2 0 3 1 1
-663.2 -7692.2 -0.9 176 0 11.9 24.2 5.0 2.5 2 1 2 2 2
-671.0 -7722.8 -1.2 177 0 28.9 11.6 12.5 0.0 0 0 5 0 0
-4903.9 7777.6 -23.9 26 0 8.3 29.2 7.5 2.5 2 1 3 5 5
744.8 -2576.5 -12.9 269 0 3.9 11.0 7.5 2.5 4 1 3 1 1
732.7 -2649.7 -13.4 86 0 6.6 7.1 7.5 2.5 2 0 3 2 2
732.3 -2642.7 -13.3 86 0 6.6 8.3 5.0 2.5 2 0 2 1 1
693.6 -2655.3 -13.1 86 0 38.9 15.0 7.5 0.0 0 0 3 2 2
658.5 -2537.0 -12.1 185 0 15.9 7.6 5.0 0.0 0 0 2 0 0
629.0 -2527.3 -10.6 5 0 7.0 4.5 5.0 2.5 2 0 2 5 5
619.1 -2557.1 -11.2 9 0 6.4 12.9 5.0 2.5 2 1 2 1 1
607.4 -2548.7 -10.5 9 0 19.2 7.9 7.5 2.5 2 0 3 1 1
602.3 -2580.0 -11.2 8 0 12.0 12.1 7.5 2.5 2 1 3 4 4
619.7 -2591.5 -11.6 6 0 7.6 15.8 2.5 2.5 2 1 1 0 0
633.3 -2566.9 -11.8 6 0 4.8 17.2 5.0 2.5 2 0 2 0 0
636.4 -2576.5 -11.8 6 0 13.6 8.2 2.5 2.5 2 0 1 5 5
636.5 -2590.4 -11.7 4 0 10.2 9.6 5.0 2.5 2 0 2 2 2
603.1 -2625.4 -11.5 356 0 8.9 8.7 5.0 2.5 2 0 2 5 5
598.2 -2638.8 -11.5 96 0 4.4 7.4 7.5 2.5 2 1 3 4 4
633.9 -2613.6 -11.8 5 0 9.4 34.5 7.5 0.0 0 1 3 2 2
601.5 -2652.4 -11.7 91 0 5.8 6.5 5.0 2.5 2 1 2 2 2
629.2 -2672.1 -12.3 93 0 8.6 13.2 2.5 2.5 2 1 1 0 0
636.7 -2628.5 -11.9 4 0 8.1 8.9 5.0 2.5 2 0 2 5 5
635.8 -2641.0 -12.1 4 0 17.1 8.9 5.0 0.0 0 0 2 4 4
682.1 -2133.3 -10.0 266 0 6.6 25.4 5.0 2.5 2 1 2 2 2
701.4 -2141.3 -10.4 261 0 5.1 20.1 7.5 2.5 2 1 3 5 5
687.1 -2172.6 -9.8 177 0 9.7 10.1 2.5 2.5 2 1 1 1 1
735.6 -2191.1 -10.9 257 0 12.2 6.8 7.5 2.5 4 0 3 3 3
728.1 -2211.9 -10.8 77 0 9.6 19.6 7.5 2.5 2 1 3 4 4
735.3 -2222.9 -11.4 82 0 22.4 4.7 2.5 2.5 2 0 1 2 2
723.9 -2220.3 -10.7 357 0 8.3 20.4 5.0 2.5 2 0 2 2 2
687.8 -2215.0 -9.8 180 0 13.1 9.0 2.5 2.5 2 0 1 0 0
716.9 -2245.3 -10.7 2 0 18.0 8.2 5.0 2.5 2 0 2 5 5
684.4 -2251.9 -10.0 184 0 12.1 9.9 2.5 2.5 4 0 1 0 0
683.6 -2263.5 -9.9 184 0 11.1 9.9 2.5 2.5 4 0 1 2 2
719.6 -2267.9 -10.8 353 0 6.7 15.8 7.5 2.5 2 1 3 1 1
713.0 -2289.1 -10.5 359 0 16.2 6.1 5.0 2.5 2 0 2 5 5
684.4 -2296.0 -10.0 183 0 3.9 13.9 5.0 2.5 2 1 2 2 2
711.0 -2307.9 -10.5 2 0 5.1 10.4 2.5 2.5 2 1 1 1 1
679.8 -2317.0 -9.8 183 0 18.5 10.4 2.5 2.5 2 0 1 2 2
703.5 -2341.4 -10.4 192 0 9.9 5.7 5.0 2.5 2 0 2 0 0
699.2 -2366.9 -10.2 180 0 8.6 5.6 2.5 2.5 2 0 1 4 4
710.2 -2371.3 -10.4 10 0 7.1 6.2 2.5 2.5 2 0 1 5 5
708.8 -2378.8 -10.4 11 0 8.1 6.2 7.5 0.0 0 0 3 4 4
675.2 -2371.9 -9.6 185 0 11.0 10.5 5.0 2.5 2 0 2 0 0
720.8 -2415.2 -11.6 5 0 16.7 8.0 5.0 2.5 2 0 2 5 5
715.2 -2495.1 -12.9 102 0 9.7 19.5 7.5 2.5 2 1 3 5 5
676.5 -2419.0 -10.5 192 0 8.0 16.2 2.5 2.5 2 0 1 5 5
700.1 -2425.4 -10.9 12 0 5.6 8.2 5.0 2.5 2 0 2 3 3
672.7 -2441.4 -10.8 184 0 8.7 9.9 5.0 0.0 0 1 2 5 5
692.5 -2459.4 -11.8 280 0 4.3 15.1 5.0 2.5 2 1 2 2 2
669.2 -2470.0 -11.3 186 0 12.5 10.0 5.0 2.5 2 0 2 5 5
669.9 -2490.8 -11.7 185 0 12.7 6.2 5.0 2.5 2 0 2 5 5
664.9 -2506.7 -12.0 186 0 8.4 8.2 7.5 2.5 4 0 3 4 4
499.7 -2951.1 -7.3 250 0 10.9 16.1 7.5 2.5 2 1 3 4 4
505.1 -2981.5 -6.1 162 0 12.6 11.9 7.5 0.0 0 0 3 1 1
556.2 -3076.4 -12.6 11 0 11.6 19.9 10.0 2.5 2 0 4 3 3
536.0 -3035.1 -10.2 11 0 33.0 8.3 7.5 0.0 0 0 3 1 1
555.6 -3002.2 -8.4 4 0 10.8 21.1 5.0 2.5 2 0 2 2 2
596.9 -3006.0 -9.8 104 0 15.3 18.4 12.5 0.0 0 1 5 2 2
610.8 -2957.2 -8.7 278 0 15.0 30.1 10.0 0.0 0 1 4 1 1
818.0 -2680.6 -14.8 358 0 15.0 3.1 7.5 2.5 2 0 3 4 4
769.9 -2761.7 -13.8 88 0 4.1 12.4 2.5 2.5 2 1 1 5 5
790.4 -2745.7 -14.9 90 0 19.0 28.3 10.0 2.5 2 0 4 3 3
799.9 -2701.3 -14.8 0 0 9.5 19.0 5.0 2.5 2 0 2 1 1
760.4 -2670.6 -14.1 266 0 8.0 14.6 2.5 2.5 2 0 1 3 3
721.0 -2678.9 -13.6 267 0 7.6 6.4 7.5 2.5 2 0 3 1 1
733.3 -2743.5 -13.2 2 0 6.6 7.4 5.0 2.5 2 0 2 5 5
667.3 -2711.4 -12.6 179 0 9.0 7.9 5.0 2.5 2 0 2 5 5
635.9 -2711.1 -11.8 358 0 10.3 7.9 2.5 2.5 2 0 1 3 3
639.0 -2732.7 -11.8 354 0 12.2 9.5 5.0 2.5 4 0 2 2 2
640.4 -2757.9 -13.0 6 0 11.8 9.7 5.0 2.5 2 0 2 1 1
640.1 -2778.0 -13.2 8 0 11.2 9.7 2.5 2.5 2 0 1 3 3
620.0 -2755.3 -13.2 12 0 5.8 11.2 5.0 2.5 2 0 2 0 0
612.1 -2721.4 -11.3 2 0 4.2 8.8 5.0 2.5 4 1 2 3 3
607.0 -2702.3 -11.4 274 0 5.8 6.9 7.5 2.5 4 0 3 1 1
611.7 -2695.6 -11.7 274 0 14.3 7.0 5.0 0.0 0 0 2 3 3
617.5 -2685.2 -12.1 274 0 27.1 10.8 7.5 2.5 2 0 3 1 1
591.5 -2700.7 -11.2 269 0 6.8 9.5 2.5 2.5 2 1 1 1 1
594.0 -2716.3 -12.0 269 0 5.5 15.9 5.0 2.5 2 1 2 1 1
576.5 -2724.3 -12.5 266 0 7.9 10.3 7.5 2.5 2 1 3 4 4
575.0 -2688.2 -11.1 265 0 11.0 11.3 5.0 2.5 2 0 2 3 3
564.0 -2689.1 -11.0 265 0 11.1 11.3 2.5 2.5 2 0 1 5 5
542.9 -2781.4 -12.6 85 0 8.5 11.0 5.0 2.5 2 1 2 1 1
543.4 -2711.2 -11.8 177 0 17.8 7.6 7.5 2.5 2 0 3 5 5
530.4 -2759.9 -11.7 87 0 13.0 7.4 5.0 2.5 2 0 2 2 2
504.9 -2704.8 -10.0 98 0 22.1 4.6 5.0 2.5 4 0 2 0 0
390.9 -2630.3 -3.2 272 0 4.0 10.1 5.0 2.5 2 1 2 2 2
378.0 -2628.6 -2.9 256 0 7.8 12.3 7.5 2.5 2 1 3 1 1
417.3 -2647.1 -4.7 93 0 11.9 10.1 5.0 2.5 2 0 2 1 1
405.5 -2646.5 -4.2 93 0 11.8 10.1 5.0 2.5 2 0 2 3 3
441.9 -2648.0 -6.1 90 0 6.5 9.4 7.5 2.5 2 1 3 5 5
469.3 -2654.2 -7.7 100 0 19.4 7.6 7.5 2.5 4 0 3 4 4
511.8 -2618.7 -8.7 278 0 10.3 6.4 5.0 2.5 2 0 2 1 1
502.9 -2611.7 -8.4 278 0 9.3 19.8 5.0 2.5 2 0 2 0 0
506.5 -2656.3 -9.4 96 0 11.2 11.3 5.0 2.5 4 0 2 1 1
495.4 -2655.1 -8.8 96 0 11.1 11.3 5.0 2.5 2 0 2 0 0
549.8 -2643.6 -11.0 94 0 12.2 27.0 12.5 0.0 0 0 5 3 3
549.1 -2653.0 -11.1 95 0 12.2 9.4 5.0 0.0 0 0 2 1 1
582.2 -2662.6 -11.6 94 0 12.5 9.4 2.5 2.5 2 0 1 3 3
588.4 -2457.8 -7.5 355 0 11.2 5.0 5.0 0.0 0 0 2 5 5
593.8 -2468.0 -7.9 355 0 9.0 9.1 7.5 2.5 2 1 3 3 3
620.9 -2465.3 -8.9 3 0 11.3 11.4 7.5 2.5 2 1 3 0 0
616.8 -2481.9 -9.1 3 0 10.0 10.4 2.5 2.5 2 0 1 5 5
632.4 -2482.8 -9.7 3 0 10.0 15.6 7.5 2.5 4 0 3 4 4
645.9 -2480.2 -10.2 6 0 5.4 6.4 7.5 2.5 2 1 3 1 1
647.0 -2456.0 -9.7 4 0 11.8 9.2 5.0 2.5 2 0 2 5 5
648.6 -2437.5 -9.3 5 0 10.3 15.2 7.5 2.5 2 1 3 0 0
645.5 -2416.2 -8.6 2 0 11.9 10.6 5.0 2.5 2 0 2 4 4
627.4 -2370.3 -7.5 0 0 11.7 5.8 7.5 0.0 0 0 3 0 0
636.1 -2349.2 -8.0 360 0 8.6 4.1 7.5 2.5 2 0 3 3 3
632.0 -2349.3 -7.9 3 0 8.6 5.7 7.5 2.5 2 0 3 3 3
647.8 -2391.9 -8.1 359 0 8.4 11.9 2.5 2.5 2 1 1 0 0
649.4 -2371.3 -8.4 4 0 13.6 9.1 5.0 2.5 2 0 2 0 0
646.9 -2347.6 -8.4 5 0 3.6 3.3 7.5 2.5 2 0 3 0 0
656.4 -2353.3 -8.7 5 0 13.2 10.0 5.0 2.5 2 0 2 5 5
620.4 -2321.0 -7.5 4 0 20.3 9.1 5.0 0.0 0 0 2 0 0
652.3 -2332.8 -8.6 6 0 9.8 8.4 5.0 2.5 2 0 2 1 1
649.9 -2315.1 -8.5 3 0 7.6 14.1 5.0 0.0 0 1 2 1 1
630.6 -2284.6 -7.9 5 0 9.6 6.0 2.5 2.5 2 0 1 0 0
635.2 -2289.7 -8.0 5 0 14.2 5.0 7.5 2.5 2 0 3 2 2
656.3 -2297.1 -8.7 6 0 9.1 10.8 5.0 0.0 0 0 2 1 1
657.4 -2287.6 -8.7 6 0 9.9 10.8 7.5 2.5 2 0 3 5 5
645.1 -2273.5 -8.3 5 0 7.9 25.2 5.0 2.5 2 1 2 4 4
653.5 -2249.3 -8.6 6 0 4.0 10.8 7.5 2.5 2 1 3 0 0
636.0 -2234.8 -8.0 2 0 17.0 8.8 7.5 0.0 0 0 3 0 0
639.2 -2213.3 -8.0 2 0 4.2 9.5 5.0 2.5 2 1 2 0 0
581.0 -2213.1 -6.3 280 0 7.3 5.0 5.0 2.5 2 0 2 4 4
633.2 -2064.7 -9.0 156 0 10.9 4.9 5.0 0.0 0 0 2 5 5
652.1 -2076.1 -9.5 2 0 5.8 8.2 5.0 2.5 2 1 2 2 2
665.9 -2060.1 -9.9 4 0 6.0 6.2 7.5 2.5 2 0 3 5 5
659.8 -2059.6 -9.7 4 0 6.0 8.9 5.0 0.0 0 0 2 0 0
658.6 -2034.0 -8.9 12 0 11.5 6.3 5.0 2.5 4 0 2 1 1
685.6 -2018.8 -9.5 16 0 6.7 12.5 5.0 0.0 0 1 2 1 1
682.4 -1996.9 -9.4 272 0 22.1 10.5 5.0 2.5 2 0 2 3 3
705.8 -1773.8 -7.2 360 0 12.3 16.5 7.5 2.5 2 1 3 4 4
691.0 -1744.0 -6.2 81 0 10.2 4.3 5.0 2.5 2 0 2 3 3
662.2 -1662.7 -9.7 176 0 8.4 6.5 2.5 2.5 2 0 1 1 1
664.2 -1673.9 -9.1 179 0 6.0 6.1 5.0 2.5 2 1 2 2 2
671.3 -1685.0 -9.1 178 0 10.9 10.4 5.0 2.5 2 0 2 2 2
711.6 -1671.2 -10.9 355 0 5.9 5.9 5.0 2.5 2 0 2 3 3
711.7 -1663.2 -11.5 355 0 8.1 4.8 2.5 2.5 4 0 1 1 1
737.8 -1779.5 -9.5 90 0 7.1 12.1 5.0 2.5 2 1 2 1 1
672.6 -2088.1 -10.2 4 0 13.5 8.0 5.0 2.5 2 0 2 0 0
716.9 -2085.4 -11.5 82 0 8.1 5.3 2.5 2.5 2 0 1 4 4
1832.9 -3149.8 2.5 85 0 9.0 6.5 2.5 2.5 2 0 1 5 5
1647.5 -3143.1 1.5 174 0 7.7 8.3 5.0 2.5 2 1 2 2 2
1668.4 -3164.8 1.5 84 0 9.9 6.3 5.0 2.5 2 0 2 5 5
1678.0 -3163.8 1.6 84 0 9.4 6.3 5.0 2.5 2 0 2 4 4
1689.3 -3135.2 1.8 267 0 8.4 8.2 5.0 2.5 2 0 2 0 0
1728.1 -3132.2 2.1 267 0 8.5 7.7 2.5 2.5 2 0 1 0 0
1744.7 -3157.8 2.1 85 0 9.5 6.6 2.5 2.5 2 0 1 0 0
1754.3 -3156.9 2.1 85 0 9.7 6.6 5.0 2.5 2 0 2 0 0
1766.6 -3128.8 2.4 266 0 8.4 7.7 5.0 0.0 0 0 2 4 4
1793.2 -3151.1 2.5 86 0 5.7 15.4 5.0 2.5 4 1 2 2 2
1813.7 -3151.8 2.5 85 0 8.2 6.6 5.0 2.5 2 0 2 0 0
1824.8 -3150.5 2.5 85 0 5.3 6.3 7.5 2.5 2 1 3 4 4
1848.5 -3119.2 3.0 355 0 7.7 8.6 2.5 2.5 2 1 1 3 3
1806.6 -3079.1 3.0 355 0 8.0 4.8 2.5 2.5 2 0 1 1 1
1770.1 -3078.6 2.8 177 0 10.0 8.2 2.5 0.0 0 0 1 0 0
1785.7 -3059.8 3.1 265 0 29.2 8.8 7.5 2.5 2 0 3 1 1
1689.6 -3091.3 2.2 86 0 7.8 9.7 5.0 2.5 2 1 2 0 0
1701.1 -3067.5 2.5 266 0 28.7 8.8 7.5 2.5 2 0 3 1 1
1600.9 -3090.9 1.7 177 0 9.9 8.0 5.0 2.5 2 0 2 3 3
1616.8 -3071.7 1.9 266 0 28.8 9.0 7.5 2.5 4 0 3 3 3
-5615.6 8170.5 -22.6 123 0 5.6 3.1 7.5 2.5 2 0 3 1 1
-5604.2 8160.7 -22.6 120 0 6.0 4.5 2.5 2.5 2 0 1 2 2
-5722.0 8062.1 -11.7 103 0 8.7 11.2 5.0 2.5 2 1 2 5 5
-5716.1 8049.7 -11.0 101 0 6.6 5.8 5.0 2.5 2 0 2 2 2
-5662.7 8135.4 -17.9 306 0 9.2 7.7 5.0 0.0 0 0 2 1 1
-5651.6 8134.9 -18.4 307 0 9.2 14.0 5.0 2.5 2 0 2 5 5
-5671.9 8156.7 -18.9 304 0 10.8 4.0 5.0 2.5 2 0 2 3 3
-5680.3 8148.6 -17.8 307 0 4.9 10.5 7.5 2.5 2 1 3 5 5
-5779.8 8182.8 -15.8 202 0 5.2 7.2 5.0 2.5 2 1 2 5 5
-5730.2 8190.8 -18.6 307 0 6.4 10.8 5.0 2.5 2 1 2 0 0
-5733.4 8212.9 -20.2 215 0 7.7 11.5 5.0 2.5 2 1 2 3 3
-5758.7 8199.0 -18.0 205 0 9.3 4.6 5.0 2.5 2 0 2 1 1
-5749.7 8214.6 -19.1 295 0 6.0 13.3 5.0 2.5 2 0 2 0 0
-5759.9 8229.3 -19.5 289 0 8.6 7.5 5.0 2.5 2 0 2 1 1
-5801.0 8234.5 -18.4 25 0 8.3 5.6 7.5 2.5 2 0 3 0 0
-5528.7 8199.5 -24.7 42 0 3.9 11.4 7.5 2.5 2 1 3 2 2
-5524.0 8228.5 -24.4 311 0 5.9 7.3 5.0 2.5 2 1 2 2 2
-5515.5 8202.0 -24.5 38 0 6.8 10.0 5.0 0.0 0 0 2 0 0
-5482.4 8077.0 -22.1 18 0 7.6 11.9 7.5 2.5 2 1 3 4 4
-5500.6 8097.6 -22.6 200 0 9.0 4.2 5.0 2.5 2 0 2 2 2
-5503.8 8088.8 -22.0 200 0 9.7 5.2 7.5 2.5 2 0 3 0 0
-5518.8 8083.4 -20.7 294 0 7.8 6.7 7.5 2.5 2 0 3 2 2
-5544.7 8106.7 -21.1 306 0 9.5 9.0 5.0 2.5 2 0 2 0 0
-5549.1 8081.5 -19.4 28 0 4.6 14.7 5.0 2.5 2 1 2 0 0
-5577.1 8077.2 -18.2 41 0 9.0 8.2 5.0 2.5 2 0 2 4 4
-5572.5 8126.0 -21.2 306 0 8.7 7.9 5.0 2.5 2 0 2 1 1
-5581.8 8109.3 -19.7 304 0 6.5 6.6 5.0 2.5 2 1 2 1 1
-5596.3 8099.5 -18.5 310 0 7.9 6.5 7.5 2.5 2 0 3 3 3
-5590.5 8128.2 -20.6 310 0 4.6 11.3 5.0 2.5 2 1 2 4 4
-5092.6 8162.8 -25.5 87 0 6.1 6.3 5.0 2.5 2 1 2 2 2
-5284.8 8230.9 -19.5 310 0 15.1 8.6 7.0 2.5 2 0 2 4 4
-5266.1 8227.3 -18.5 227 0 5.9 12.0 7.5 2.5 2 1 3 1 1
-5263.6 8192.6 -21.4 139 0 8.9 7.8 3.5 2.5 2 0 1 5 5
-5247.7 8203.5 -18.8 134 0 8.9 5.1 7.5 2.5 2 0 3 3 3
-5240.9 8193.7 -19.7 136 0 12.9 7.1 5.0 0.0 0 0 2 1 1
-5250.3 8182.4 -22.2 138 0 9.2 9.9 5.0 2.5 2 1 2 5 5
-5236.9 8152.4 -26.0 295 0 19.6 10.8 7.5 2.5 2 0 3 5 5
-5213.4 8157.0 -26.1 114 0 7.1 7.4 7.5 2.5 2 1 3 2 2
-5189.5 8152.2 -26.9 75 0 9.1 8.7 7.0 2.5 2 0 2 4 4
-5175.9 8153.6 -27.3 90 0 7.9 4.1 7.5 0.0 0 0 3 2 2
-5118.5 8154.8 -26.8 85 0 12.7 5.6 5.0 2.5 2 0 2 2 2
-5002.7 8173.2 -27.4 235 0 7.3 6.0 5.0 2.5 2 0 2 0 0
-4985.8 8180.2 -26.4 235 0 7.2 6.1 7.5 2.5 4 0 3 2 2
-4970.0 8142.1 -25.9 182 0 8.1 20.3 5.0 2.5 2 0 2 3 3
-4979.2 8138.4 -26.5 92 0 18.1 8.1 7.5 2.5 2 0 3 5 5
-4928.6 8103.6 -24.7 129 0 10.3 6.5 7.5 2.5 2 0 3 2 2
-4928.3 8120.0 -23.1 126 0 10.4 6.1 5.0 2.5 2 0 2 2 2
-4900.4 8232.5 -16.4 142 0 11.5 5.8 5.0 2.5 2 0 2 5 5
-4909.7 8179.9 -23.8 88 0 6.4 6.2 5.0 2.5 2 0 2 0 0
-4909.9 8203.0 -22.8 268 0 6.4 6.2 7.5 0.0 0 0 3 0 0
-4899.8 8216.4 -21.5 268 0 6.4 6.2 2.5 2.5 2 0 1 1 1
-4896.0 8200.5 -22.6 268 0 6.4 6.2 2.5 2.5 2 0 1 5 5
-4895.2 8178.0 -23.5 88 0 6.4 6.2 5.0 2.5 2 0 2 1 1
-4879.6 8175.8 -23.2 88 0 6.4 6.2 5.0 0.0 0 0 2 2 2
-4882.1 8198.4 -22.3 268 0 6.4 6.2 7.5 2.5 2 0 3 1 1
-4869.1 8226.5 -19.9 268 0 6.4 6.2 2.5 2.5 2 0 1 3 3
-4884.5 8214.1 -21.4 268 0 6.4 6.2 7.5 2.5 2 0 3 3 3
-4866.0 8208.6 -21.2 268 0 6.4 6.2 7.5 2.5 2 0 3 5 5
-4851.2 8203.7 -20.9 358 0 6.2 6.4 5.0 2.5 2 1 2 3 3
-4858.9 8175.1 -22.9 355 0 5.9 6.2 7.5 2.5 2 1 3 0 0
-4847.1 8186.4 -21.8 355 0 5.9 6.2 2.5 2.5 2 1 1 0 0
-4836.3 8171.2 -22.4 355 0 5.9 6.2 7.5 2.5 2 1 3 4 4
-4858.2 8124.7 -22.7 179 0 7.2 7.1 2.5 2.5 2 0 1 3 3
-4817.9 8107.5 -24.4 352 0 18.0 29.7 10.0 2.5 2 1 4 5 5
-5313.3 7927.7 -19.8 228 0 8.9 8.4 2.5 2.5 2 0 1 2 2
-5300.8 7935.6 -20.4 236 0 8.2 9.7 5.0 2.5 2 1 2 1 1
-5282.8 7949.9 -21.2 246 0 7.4 7.4 2.5 2.5 2 1 1 0 0
-5279.7 7909.4 -20.6 90 0 7.2 14.2 7.5 2.5 2 1 3 2 2
-5250.5 7924.4 -21.5 356 0 7.2 7.8 5.0 2.5 2 0 2 1 1
-5250.4 7945.8 -22.0 254 0 4.7 9.1 5.0 2.5 2 1 2 1 1
-5186.7 7909.5 -23.3 83 0 6.1 11.7 5.0 2.5 2 1 2 3 3
-5182.4 7898.5 -23.1 92 0 8.8 5.7 2.5 2.5 2 0 1 2 2
-5203.7 7884.2 -21.9 279 0 7.5 5.4 7.5 2.5 2 0 3 2 2
-5195.4 7882.9 -22.1 279 0 9.2 5.4 2.5 2.5 4 0 1 3 3
-5231.7 7895.3 -21.5 188 0 3.9 9.4 5.0 0.0 0 0 2 3 3
-5211.0 7890.3 -22.0 98 0 5.9 6.1 5.0 2.5 2 0 2 3 3
-5210.2 7911.2 -22.6 82 0 5.3 8.0 5.0 2.5 2 0 2 5 5
-5217.5 7908.0 -22.3 82 0 3.6 7.7 5.0 2.5 2 0 2 3 3
-5242.6 7958.7 -22.8 162 0 7.4 9.2 5.0 2.5 2 1 2 4 4
-5237.6 7939.9 -22.6 165 0 5.4 11.9 7.5 0.0 0 1 3 5 5
-5226.4 7956.6 -23.2 167 0 13.0 5.6 7.5 2.5 2 0 3 2 2
-5176.7 7940.2 -24.0 350 0 5.5 12.1 5.0 2.5 2 1 2 1 1
-5188.0 7983.4 -24.7 348 0 5.5 14.0 7.5 2.5 2 1 3 5 5
-5213.0 7999.3 -24.4 256 0 6.9 8.2 5.0 2.5 2 1 2 1 1
-5229.2 7986.9 -23.8 232 0 11.2 13.3 7.0 2.5 2 1 2 3 3
-5256.4 7999.2 -23.4 179 0 8.5 7.8 2.5 0.0 0 0 1 3 3
-5231.0 8008.4 -24.2 45 0 7.8 5.6 7.5 2.5 2 0 3 4 4
-5257.3 8034.3 -24.6 231 0 5.7 11.8 2.5 2.5 2 0 1 3 3
-6129.6 8198.9 -10.2 90 0 6.7 9.2 5.0 2.5 2 1 2 4 4
-5758.8 8198.8 -18.0 204 0 9.3 4.8 7.5 0.0 0 0 3 4 4
-5749.7 8214.6 -19.1 294 0 6.0 13.5 7.5 2.5 2 0 3 3 3
-5730.3 8190.8 -18.6 305 0 6.4 11.1 7.5 2.5 2 1 3 4 4
-5733.3 8212.7 -20.2 214 0 7.5 11.5 5.0 2.5 2 1 2 4 4
-5294.2 8206.2 -23.5 307 0 13.4 8.5 5.0 2.5 2 0 2 1 1
-5320.0 8203.8 -23.1 279 0 9.8 5.2 7.5 2.5 2 0 3 3 3
-5322.1 8223.1 -22.0 296 0 7.5 6.1 5.0 2.5 2 0 2 0 0
-5339.7 8221.3 -22.0 270 0 4.6 14.0 7.5 2.5 2 1 3 4 4
-5348.3 8233.6 -21.0 287 0 11.7 6.3 7.5 2.5 2 0 3 5 5
-5355.0 8225.1 -21.3 266 0 4.2 5.9 5.0 0.0 0 0 2 3 3
-5354.6 8219.2 -22.2 269 0 5.0 14.7 5.0 2.5 2 0 2 4 4
-5365.8 8174.8 -23.9 84 0 4.0 22.7 2.5 2.5 2 1 1 4 4
-5380.5 8220.4 -21.8 270 0 4.8 8.4 5.0 2.5 2 0 2 5 5
-5374.7 8220.4 -21.9 270 0 6.8 11.4 5.0 2.5 2 0 2 5 5
-5387.3 8225.9 -21.6 270 0 6.3 5.8 2.5 2.5 2 0 1 1 1
-5387.3 8220.1 -21.8 270 0 6.3 5.2 7.5 2.5 2 0 3 5 5
-5365.4 8236.6 -21.4 269 0 10.4 17.1 5.0 2.5 2 1 2 0 0
-5420.0 8235.5 -22.3 264 0 12.7 9.7 2.5 2.5 2 0 1 1 1
-5424.6 8219.3 -22.5 271 0 6.3 11.9 7.5 2.5 4 0 3 2 2
-5429.7 8189.6 -23.3 88 0 6.1 8.5 7.5 2.5 2 0 3 0 0
-5434.2 8205.9 -23.2 259 0 13.8 8.7 5.0 2.5 2 0 2 1 1
-5444.2 8212.8 -22.9 260 0 3.3 8.9 7.5 2.5 2 0 3 0 0
-5446.2 8231.7 -22.9 261 0 14.0 8.6 5.0 2.5 2 0 2 2 2
-5461.9 8228.3 -23.2 255 0 12.3 7.1 2.5 0.0 0 0 1 4 4
-5473.1 8179.0 -24.2 90 0 12.6 7.8 2.5 2.5 2 0 1 3 3
-5490.1 8164.6 -25.0 126 0 11.6 4.6 5.0 2.5 2 0 2 1 1
6491.2 1871.2 0.6 59 0 23.1 25.6 10.0 2.5 2 1 4 0 0
-1681.7 85.7 5.9 278 0 12.8 10.7 7.5 2.5 2 0 3 0 0
-1659.1 83.5 6.5 276 0 14.2 11.3 10.0 2.5 2 0 4 2 2
-1634.0 80.2 6.9 280 0 12.7 10.3 10.0 2.5 4 0 4 2 2
-1356.6 268.5 10.8 201 0 15.2 38.4 10.0 0.0 0 1 4 1 1
-1235.4 280.2 9.1 5 0 13.7 9.1 7.5 2.5 2 0 3 2 2
-1225.6 318.3 10.3 12 0 14.3 9.7 7.5 2.5 2 0 3 3 3
-1264.2 -43.0 8.1 177 0 8.6 11.8 7.5 2.5 2 1 3 1 1
-1209.8 -57.5 7.5 86 0 16.6 11.6 10.0 2.5 2 0 4 4 4
-1005.1 -320.1 7.6 255 0 9.9 16.4 7.5 2.5 4 1 3 3 3
-1031.9 -297.6 7.8 255 0 9.9 16.1 5.0 0.0 0 1 2 1 1
-1064.6 -278.9 8.0 163 0 13.0 9.7 7.5 2.5 2 0 3 1 1
-1267.5 99.4 3.9 195 0 20.0 28.1 12.5 2.5 2 1 5 1 1
-1181.8 78.3 5.0 281 0 8.1 24.8 5.0 2.5 4 1 2 0 0
-1197.8 19.0 6.4 11 0 9.5 11.4 7.5 2.5 2 1 3 5 5
-614.8 7996.7 -27.1 85 0 7.1 4.5 2.5 2.5 2 0 1 1 1
-610.4 8006.6 -27.1 89 0 9.0 6.8 2.5 2.5 2 0 1 0 0
-612.9 8016.8 -27.1 90 0 8.6 6.0 5.0 2.5 2 0 2 5 5
-519.7 8031.9 -27.2 55 0 11.1 13.5 7.5 2.5 2 1 3 5 5
-494.0 7958.5 -27.1 333 0 16.3 7.1 5.0 2.5 2 0 2 1 1
-488.8 7948.3 -27.0 333 0 6.4 7.1 7.5 2.5 2 0 3 3 3
-628.6 8187.0 -27.0 329 0 17.3 7.6 7.5 2.5 4 0 3 5 5
-570.0 8135.6 -27.0 336 0 7.7 14.2 7.5 2.5 4 1 3 0 0
-579.7 8110.5 -27.3 332 0 13.4 12.8 5.0 2.5 2 0 2 5 5
-565.1 8087.8 -27.2 343 0 6.3 17.8 2.5 2.5 2 1 1 3 3
-551.1 8104.4 -27.2 341 0 8.0 15.0 2.5 2.5 4 1 1 2 2
-492.0 8098.6 -27.2 76 0 6.5 11.1 5.0 2.5 2 1 2 0 0
-519.4 8096.8 -27.2 166 0 17.7 10.4 7.5 2.5 2 0 3 5 5
-487.8 8203.3 -27.3 353 0 6.2 10.0 2.5 2.5 2 1 1 0 0
-499.5 8143.5 -27.2 352 0 5.7 12.3 7.5 0.0 0 1 3 5 5
-505.0 8118.7 -27.1 349 0 9.0 14.0 5.0 2.5 2 1 2 4 4
-547.4 8147.0 -27.1 182 0 7.7 16.0 7.5 2.5 2 1 3 0 0
-512.7 8160.5 -27.2 351 0 13.5 8.6 7.5 0.0 0 0 3 3 3
-552.6 8151.1 -27.1 84 0 6.1 17.7 7.5 2.5 2 1 3 4 4
-584.2 8187.1 -27.1 151 0 10.9 10.0 5.0 2.5 2 0 2 1 1
-612.0 8233.7 -27.1 357 0 6.1 15.1 7.5 2.5 2 1 3 0 0
-600.4 8232.8 -27.2 89 0 7.2 7.4 5.0 2.5 2 1 2 1 1
-557.3 8231.0 -27.2 262 0 8.4 5.2 2.5 0.0 0 0 1 2 2
-5207.1 7385.1 -10.8 95 0 10.7 13.9 7.5 2.5 2 1 3 1 1
-5001.2 7836.7 -25.7 281 0 12.4 14.7 2.5 2.5 4 0 1 0 0
-4985.1 7831.7 -25.8 280 0 21.2 10.5 5.0 2.5 2 0 2 1 1
-4936.7 7768.9 -22.0 117 0 10.7 4.5 5.0 0.0 0 0 2 0 0
-4939.9 7790.2 -23.7 117 0 8.0 4.9 5.0 2.5 4 0 2 0 0
-4945.7 7779.0 -23.3 117 0 8.1 12.6 5.0 2.5 4 0 2 4 4
-4808.6 7732.4 -24.6 87 0 14.1 22.5 10.0 0.0 0 1 4 3 3
-4782.9 7690.1 -23.2 283 0 18.7 7.2 5.0 2.5 2 0 2 1 1
-4699.9 7659.0 -23.0 312 0 13.2 7.5 5.0 2.5 2 0 2 1 1
-4519.5 7787.2 -26.3 164 0 20.4 11.2 5.0 2.5 4 0 2 3 3
-4609.3 7716.5 -25.3 357 0 11.1 9.8 5.0 2.5 2 0 2 5 5
-4614.3 7640.2 -20.1 291 0 11.7 17.7 5.0 2.5 2 1 2 1 1
-4579.0 7620.2 -18.6 290 0 10.4 7.4 5.0 2.5 2 0 2 5 5
-4488.7 7668.9 -21.2 288 0 14.9 9.3 5.0 2.5 2 0 2 4 4
-4448.2 7651.5 -20.2 15 0 10.8 12.1 5.0 0.0 0 1 2 5 5
-4275.2 7610.0 -15.6 11 0 7.9 9.5 5.0 2.5 2 1 2 2 2
-4665.8 7367.7 -9.6 204 0 11.7 5.8 5.0 2.5 2 0 2 3 3
-4660.2 7278.8 -4.6 103 0 4.8 7.0 5.0 2.5 2 0 2 3 3
-4650.8 7276.7 -4.6 102 0 14.5 7.0 2.5 2.5 2 0 1 5 5
-4625.5 7306.8 -6.1 14 0 13.1 25.6 10.0 2.5 2 1 4 2 2
-4670.9 7302.7 -5.8 192 0 11.0 6.9 2.5 0.0 0 0 1 3 3
-4651.0 7347.4 -8.4 20 0 7.2 10.0 7.5 2.5 2 1 3 5 5
-4644.9 7382.5 -10.1 294 0 13.1 9.6 2.5 2.5 2 0 1 5 5
-4725.4 7494.9 -13.6 107 0 9.0 17.4 5.0 0.0 0 1 2 0 0
-4740.5 7521.4 -14.7 92 0 9.0 10.4 5.0 2.5 2 1 2 2 2
-4730.9 7571.7 -16.2 272 0 9.1 10.4 5.0 2.5 2 1 2 0 0
-4767.6 7753.1 -28.3 264 0 8.4 9.6 7.5 2.5 2 1 3 1 1
-4750.4 7752.3 -28.1 264 0 8.4 7.7 2.5 2.5 2 0 1 0 0
-4736.7 7695.3 -24.7 88 0 14.1 6.1 7.5 2.5 2 0 3 5 5
-4760.1 7696.0 -24.1 89 0 10.1 5.3 5.0 2.5 2 0 2 0 0
-4769.3 7722.3 -25.5 264 0 13.6 8.6 5.0 2.5 2 0 2 4 4
-4746.4 7724.8 -25.7 263 0 14.5 11.2 5.0 2.5 2 0 2 1 1
-4712.5 7701.8 -25.3 83 0 10.1 4.7 7.5 2.5 2 0 3 4 4
-4715.8 7729.2 -26.3 262 0 7.4 7.5 5.0 2.5 4 1 2 1 1
-4723.4 7633.7 -22.0 131 0 10.3 9.0 5.0 2.5 2 0 2 0 0
-4658.7 7645.0 -20.8 293 0 17.5 8.0 5.0 2.5 2 0 2 3 3
-4663.8 7691.9 -25.2 86 0 6.5 15.0 5.0 2.5 2 1 2 3 3
-4668.1 7717.5 -26.0 266 0 13.3 8.8 5.0 2.5 2 0 2 5 5
-4645.1 7717.7 -25.7 266 0 11.2 3.8 7.5 2.5 2 0 3 3 3
-4588.5 7758.2 -28.0 82 0 8.0 8.1 7.5 2.5 2 0 3 4 4
-4564.5 7763.8 -27.6 89 0 6.9 10.7 5.0 2.5 2 1 2 5 5
-4561.3 7789.5 -27.8 359 0 9.6 5.9 5.0 2.5 2 0 2 2 2
-4441.1 7798.7 -24.1 350 0 6.3 13.8 7.5 2.5 2 1 3 4 4
-4484.1 7787.2 -25.3 77 0 16.2 7.7 7.5 2.5 2 0 3 4 4
-4513.8 7681.2 -22.2 214 0 7.9 8.5 5.0 2.5 2 1 2 2 2
-4344.9 7642.9 -18.6 287 0 14.3 11.5 5.0 2.5 2 0 2 5 5
-4397.3 7731.4 -22.1 194 0 8.1 13.8 7.5 2.5 2 1 3 1 1
-4352.0 7817.1 -21.5 83 0 7.3 6.4 7.5 2.5 2 0 3 3 3
-4375.8 7814.5 -22.1 172 0 12.7 15.1 5.0 2.5 2 1 2 1 1
-4368.5 7680.4 -20.2 111 0 7.3 10.9 7.5 2.5 2 1 3 2 2
-4385.6 7776.3 -22.3 260 0 14.9 9.3 7.5 2.5 2 0 3 0 0
-4304.6 7748.4 -20.2 8 0 7.3 10.3 2.5 2.5 2 1 1 4 4
-4341.1 7746.7 -21.1 98 0 16.6 15.2 10.0 2.5 2 0 4 3 3
-4336.3 7724.1 -20.3 277 0 12.0 17.0 5.0 2.5 2 1 2 1 1
-4315.0 7671.9 -18.7 114 0 7.9 10.8 5.0 2.5 2 1 2 5 5
-4288.1 7718.1 -19.3 270 0 11.9 12.4 7.5 2.5 2 1 3 1 1
-4169.6 7692.4 -19.4 205 0 5.2 8.9 7.5 2.5 2 1 3 3 3
-4221.2 7742.6 -18.5 104 0 8.5 10.3 2.5 2.5 2 1 1 4 4
-4170.1 7780.5 -18.7 175 0 12.1 6.2 7.5 2.5 2 0 3 0 0
-4141.5 7800.0 -19.0 356 0 9.3 14.0 5.0 2.5 2 1 2 1 1
-4137.7 7672.1 -19.7 294 0 7.5 7.5 5.0 2.5 2 0 2 3 3
-4970.6 8194.4 -25.3 235 0 9.5 9.6 5.0 2.5 2 1 2 1 1
-5192.9 8233.8 -12.1 242 0 7.5 9.4 7.5 2.5 4 1 3 5 5
-5171.3 8229.8 -11.1 242 0 7.8 9.5 5.0 2.5 2 1 2 4 4
-5104.2 8197.4 -17.1 332 0 9.4 7.6 7.5 2.5 2 0 3 4 4
-5135.9 8206.6 -15.2 240 0 7.4 9.0 7.5 2.5 2 1 3 0 0
-5125.8 8232.9 -6.6 149 0 8.4 7.1 5.0 2.5 2 0 2 5 5
-5737.2 7676.8 -8.3 148 0 6.5 22.0 5.0 2.5 2 1 2 3 3
-5776.9 7690.0 -7.8 148 0 7.2 20.0 5.0 2.5 2 1 2 3 3
-5754.7 7728.9 -8.4 328 0 6.4 9.5 7.5 2.5 2 1 3 2 2
-5811.2 7746.4 -7.8 238 0 20.0 7.2 7.5 2.5 2 0 3 5 5
-5760.3 7911.9 -10.4 250 0 13.2 9.0 7.5 2.5 2 0 3 5 5
-5727.8 7925.2 -10.9 243 0 18.9 9.5 7.5 2.5 2 0 3 3 3
-5682.2 7949.8 -10.9 244 0 6.2 10.4 7.5 2.5 2 1 3 3 3
-5759.5 7953.2 -10.6 149 0 6.4 10.0 5.0 2.5 2 1 2 1 1
-5720.7 7973.2 -11.0 59 0 10.0 6.4 7.5 2.5 2 0 3 0 0
-5699.4 7985.2 -10.9 61 0 12.4 7.1 7.5 2.5 2 0 3 2 2
-5679.4 8001.7 -10.8 343 0 7.0 10.9 7.5 2.5 2 1 3 5 5
-5781.8 7924.9 -9.9 65 0 10.2 10.4 5.0 2.5 2 1 2 3 3
-5774.9 7888.6 -9.8 244 0 6.2 5.2 7.5 2.5 2 0 3 1 1
-5763.3 7865.9 -10.0 65 0 6.1 7.8 5.0 2.5 2 1 2 2 2
-5754.0 7894.9 -10.2 245 0 6.3 5.0 7.5 2.5 4 0 3 0 0
-5709.5 7888.4 -10.8 65 0 7.5 5.5 7.5 0.0 0 0 3 0 0
-5701.2 7935.3 -10.8 245 0 6.3 5.0 7.5 2.5 2 0 3 0 0
-5662.6 7952.5 -10.8 331 0 8.5 9.5 7.5 2.5 2 1 3 2 2
-5745.9 7831.7 -10.3 243 0 13.2 8.0 2.5 2.5 2 0 1 4 4
-5720.3 7838.3 -10.6 238 0 8.6 9.4 7.5 2.5 4 1 3 2 2
-5670.5 7803.9 -10.8 99 0 6.3 12.9 5.0 2.5 2 1 2 0 0
-5648.7 7823.2 -11.4 102 0 6.4 12.9 2.5 2.5 2 1 1 1 1
-5646.3 7901.5 -11.1 65 0 7.2 11.1 7.5 2.5 2 1 3 2 2
-5559.2 7906.2 -12.0 334 0 10.4 8.7 5.0 2.5 4 0 2 1 1
-5540.6 7926.2 -12.8 328 0 11.8 12.9 5.0 2.5 2 1 2 4 4
-5528.3 7903.2 -12.8 328 0 12.9 9.6 5.0 2.5 2 0 2 0 0
-5648.9 7985.3 -10.6 222 0 4.9 13.4 5.0 2.5 2 1 2 0 0
-5627.5 7978.3 -11.3 128 0 7.2 14.5 7.5 2.5 4 1 3 1 1
-5572.8 7930.8 -12.0 330 0 7.3 7.3 5.0 2.5 2 0 2 4 4
-5554.5 7941.0 -12.6 333 0 9.7 9.7 2.5 2.5 2 1 1 0 0
-5584.9 7871.6 -11.8 150 0 5.9 10.8 7.5 2.5 2 1 3 2 2
-5486.6 7591.5 -6.6 282 0 9.1 14.6 2.5 2.5 2 1 1 1 1
-5449.7 7579.0 -6.3 21 0 12.2 8.2 5.0 2.5 2 0 2 4 4
-5552.7 7814.1 -12.4 139 0 5.3 15.3 7.5 0.0 0 1 3 1 1
-5515.6 7805.6 -12.5 51 0 7.1 12.8 7.5 2.5 2 1 3 5 5
-5617.7 7732.6 -10.2 63 0 7.6 10.3 7.5 2.5 4 1 3 0 0
-5585.0 7790.3 -11.4 328 0 9.4 8.8 5.0 2.5 2 0 2 1 1
-5538.3 7797.0 -12.1 141 0 13.2 5.4 5.0 2.5 2 0 2 2 2
-5523.5 7861.3 -12.5 237 0 12.3 9.6 7.5 2.5 2 0 3 0 0
-5604.8 7709.8 -9.6 241 0 15.3 11.6 7.5 2.5 2 0 3 4 4
-5574.7 7702.3 -9.7 147 0 5.6 7.2 7.5 2.5 2 0 3 4 4
-5568.7 7706.2 -9.8 147 0 5.6 7.0 7.5 2.5 2 0 3 0 0
-5509.8 7697.5 -9.8 26 0 9.5 5.1 7.5 2.5 2 0 3 4 4
-5558.7 7712.6 -10.1 146 0 6.6 10.1 5.0 2.5 2 0 2 3 3
-5549.2 7723.0 -10.2 235 0 7.4 7.0 5.0 2.5 2 0 2 0 0
-5579.2 7727.9 -10.2 235 0 11.5 8.9 2.5 2.5 2 0 1 0 0
-5521.2 7636.1 -8.4 116 0 8.9 13.4 5.0 2.5 2 1 2 2 2
-5483.5 7712.0 -10.4 24 0 13.7 13.8 5.0 2.5 2 1 2 0 0
-5492.0 7688.0 -9.7 23 0 12.9 9.5 5.0 2.5 4 0 2 2 2
-5442.1 7815.7 -13.5 48 0 12.3 8.1 5.0 2.5 2 0 2 0 0
-5467.4 7753.2 -11.4 28 0 7.9 6.4 5.0 2.5 2 0 2 2 2
-5473.3 7795.7 -12.6 235 0 12.2 9.1 7.5 2.5 2 0 3 2 2
-5481.7 7889.0 -14.1 90 0 9.7 12.2 5.0 2.5 2 1 2 3 3
-5435.0 7940.1 -16.1 322 0 12.5 14.4 7.5 2.5 2 1 3 4 4
-5532.7 7948.3 -13.5 143 0 6.3 5.3 7.5 2.5 2 0 3 1 1
-5499.6 7967.5 -15.6 236 0 11.3 5.6 7.5 2.5 2 0 3 2 2
-5566.6 7990.9 -14.2 143 0 6.6 8.6 7.5 2.5 2 1 3 3 3
-5538.5 8003.6 -15.5 314 0 8.8 9.0 2.5 0.0 0 1 1 5 5
-5565.6 8036.4 -16.2 286 0 8.6 8.9 7.5 2.5 2 1 3 2 2
-5465.4 8030.5 -20.1 6 0 6.2 9.4 5.0 2.5 2 0 2 1 1
-5455.8 8026.3 -20.2 6 0 6.0 10.0 5.0 2.5 4 0 2 5 5
-5493.0 8037.7 -19.4 289 0 7.7 6.4 7.5 2.5 2 0 3 5 5
-5537.5 8032.9 -17.7 135 0 7.5 8.6 7.5 2.5 2 1 3 0 0
-5550.4 8049.7 -18.3 168 0 6.6 13.6 7.5 2.5 2 1 3 2 2
-5519.7 8060.5 -19.5 262 0 7.9 8.0 2.5 2.5 2 1 1 3 3
-5472.8 8055.6 -21.2 292 0 7.8 10.5 7.5 2.5 2 1 3 5 5
-4850.7 7376.8 -11.0 83 0 8.0 9.4 5.0 2.5 2 1 2 4 4
-4854.6 7400.3 -10.7 92 0 7.4 7.6 5.0 2.5 2 1 2 0 0
-4857.6 7416.0 -9.8 82 0 6.7 11.1 5.0 2.5 2 1 2 4 4
-4825.9 7433.5 -10.9 356 0 12.5 6.9 7.5 2.5 2 0 3 1 1
-4863.2 7461.1 -9.2 262 0 8.3 7.7 5.0 2.5 2 0 2 0 0
-4830.0 7469.0 -10.3 354 0 5.6 6.2 5.0 2.5 2 1 2 4 4
-4823.1 7450.5 -10.2 352 0 7.9 11.6 7.5 0.0 0 1 3 3 3
-5059.2 6828.5 -12.0 88 0 8.0 7.2 5.0 2.5 4 0 2 3 3
-5097.6 6803.8 -11.1 98 0 6.1 7.5 5.0 2.5 2 1 2 4 4
-5104.1 6863.9 -11.4 177 0 10.3 4.7 2.5 2.5 2 0 1 0 0
-5070.7 6828.3 -11.9 90 0 14.8 7.2 7.5 2.5 2 0 3 2 2
-5050.6 6850.6 -12.3 347 0 15.9 7.3 7.5 2.5 2 0 3 1 1
-5095.2 6857.7 -11.7 177 0 13.9 11.8 10.0 2.5 2 0 4 1 1
-5067.5 6889.6 -12.2 262 0 6.1 12.3 5.0 2.5 2 0 2 5 5
-5076.1 6888.3 -12.1 262 0 11.2 9.6 5.0 2.5 2 0 2 3 3
-5150.6 7161.3 -10.0 351 0 8.1 11.8 5.0 2.5 2 1 2 0 0
-5191.7 7525.4 -7.9 97 0 12.7 11.7 7.5 2.5 2 0 3 5 5
-5204.5 7475.3 -8.3 185 0 6.3 11.0 5.0 2.5 2 1 2 0 0
-5206.8 7451.4 -8.6 185 0 9.6 7.7 7.5 0.0 0 0 3 5 5
-5208.7 7430.8 -9.3 185 0 9.6 7.7 5.0 2.5 2 0 2 1 1
-5165.9 7426.3 -9.5 82 0 7.5 17.2 5.0 0.0 0 1 2 1 1
-5104.1 7392.7 -10.1 82 0 5.8 10.1 5.0 2.5 2 1 2 5 5
-5080.2 7404.3 -9.7 354 0 14.4 11.5 2.5 2.5 2 0 1 5 5
-5084.5 7438.9 -9.3 352 0 6.5 11.5 2.5 2.5 2 1 1 1 1
-5107.3 7444.0 -9.4 352 0 6.5 11.5 2.5 2.5 2 1 1 5 5
-5159.9 7489.2 -8.4 262 0 7.8 9.9 7.5 2.5 2 1 3 1 1
-5127.4 7539.7 -8.1 262 0 9.2 13.9 5.0 2.5 2 1 2 4 4
-5194.6 7552.0 -8.6 190 0 14.3 10.1 5.0 2.5 2 0 2 4 4
-5182.3 7647.8 -11.6 190 0 6.8 8.3 5.0 2.5 2 1 2 5 5
-5404.6 8035.2 -21.6 358 0 5.1 6.7 2.5 2.5 2 1 1 4 4
-5419.8 8050.8 -22.2 269 0 9.5 8.4 7.5 0.0 0 0 3 5 5
-5402.8 7998.1 -19.5 1 0 8.3 9.1 2.5 0.0 0 1 1 4 4
-5425.1 7961.1 -17.4 186 0 9.0 13.7 7.5 2.5 2 1 3 2 2
-5399.5 7944.0 -17.7 183 0 5.5 10.1 7.5 2.5 2 1 3 3 3
-5384.1 7897.0 -17.0 62 0 8.8 9.8 7.5 2.5 2 1 3 1 1
-5399.2 7917.2 -17.1 172 0 3.9 9.7 2.5 2.5 2 1 1 2 2
-5397.8 7964.0 -18.2 184 0 8.2 9.8 7.5 2.5 2 1 3 2 2
-5391.5 8046.6 -22.7 0 0 8.9 12.1 7.5 2.5 2 1 3 2 2
-5337.1 8006.1 -21.6 134 0 5.1 8.5 5.0 2.5 2 1 2 4 4
-5321.8 7958.6 -20.1 321 0 8.5 7.8 7.5 2.5 2 0 3 3 3
-5326.1 7932.6 -19.6 49 0 8.6 7.9 5.0 2.5 2 0 2 0 0
-5352.4 7977.2 -19.9 203 0 8.1 8.7 7.5 2.5 4 1 3 5 5
-5361.1 7982.1 -19.4 359 0 4.7 16.1 7.5 2.5 2 1 3 5 5
-5363.3 8001.6 -20.5 1 0 8.5 10.5 5.0 2.5 2 1 2 3 3
-5363.0 8057.8 -23.8 262 0 9.2 10.3 2.5 2.5 2 1 1 1 1
-5347.1 8058.3 -24.1 272 0 9.9 6.7 5.0 2.5 2 0 2 1 1
-5326.5 8052.1 -24.1 278 0 4.7 10.0 5.0 2.5 2 1 2 4 4
-5313.0 8056.4 -24.7 274 0 10.5 9.0 2.5 0.0 0 0 1 4 4
-5291.7 8053.0 -24.9 300 0 13.5 10.1 2.5 2.5 2 0 1 0 0
-5320.9 8015.0 -22.5 124 0 9.0 7.8 7.5 0.0 0 0 3 1 1
-5309.8 7997.8 -21.6 59 0 7.9 7.0 7.5 0.0 0 0 3 4 4
-5313.3 7974.3 -21.0 229 0 13.3 4.5 2.5 2.5 2 0 1 5 5
-5305.6 7978.1 -21.5 138 0 4.3 12.1 7.5 2.5 4 1 3 3 3
-5308.4 7955.4 -20.8 146 0 7.1 9.4 2.5 2.5 2 1 1 0 0
-5281.2 7975.7 -21.9 33 0 8.5 7.8 5.0 2.5 2 0 2 0 0
-5279.2 7873.4 -19.3 276 0 6.7 5.5 5.0 2.5 2 0 2 1 1
-5214.8 7784.2 -19.0 94 0 5.2 6.6 5.0 2.5 2 1 2 2 2
-5358.4 7888.4 -17.6 250 0 12.0 7.6 5.0 2.5 2 0 2 4 4
-5326.0 7898.4 -18.8 273 0 13.7 6.1 5.0 2.5 4 0 2 0 0
-5280.1 7884.5 -19.7 275 0 8.5 9.7 2.5 2.5 2 1 1 3 3
-5294.3 7874.4 -19.0 275 0 12.3 6.8 7.5 2.5 2 0 3 0 0
-5316.9 7875.5 -18.3 278 0 11.7 4.3 7.5 2.5 2 0 3 3 3
-5327.5 7877.1 -18.1 278 0 9.7 4.5 7.5 2.5 2 0 3 2 2
-5374.7 7860.7 -16.1 170 0 10.2 6.1 5.0 2.5 2 0 2 1 1
-5376.3 7869.9 -16.3 170 0 8.4 6.1 5.0 2.5 2 0 2 2 2
-5360.4 7851.5 -16.7 162 0 6.0 16.5 2.5 2.5 2 1 1 1 1
-5343.7 7815.0 -15.1 335 0 6.7 8.9 2.5 2.5 2 1 1 0 0
-5345.7 7768.2 -12.6 275 0 10.1 7.6 5.0 2.5 2 0 2 2 2
-5326.1 7768.4 -13.4 275 0 10.1 7.6 5.0 2.5 2 0 2 4 4
-5321.5 7821.6 -16.5 185 0 10.0 8.3 7.5 2.5 2 0 3 2 2
-5301.7 7792.8 -16.4 94 0 7.8 11.3 7.5 2.5 2 1 3 2 2
-5261.9 7794.3 -17.5 4 0 8.2 7.0 7.5 0.0 0 0 3 0 0
-5257.2 7816.8 -18.4 2 0 9.5 9.7 7.5 2.5 2 1 3 0 0
-5264.2 7844.8 -19.3 96 0 10.1 8.4 2.5 2.5 4 0 1 1 1
-5210.0 7865.0 -21.3 276 0 12.3 6.3 2.5 2.5 2 0 1 5 5
-5226.5 7863.3 -20.6 276 0 5.8 6.0 2.5 2.5 2 1 1 3 3
-5241.7 7841.6 -19.9 97 0 8.3 10.0 7.5 2.5 2 1 3 2 2
-5238.2 7825.2 -19.4 184 0 8.5 9.3 7.5 2.5 2 1 3 3 3
-5239.4 7809.0 -19.1 184 0 6.1 9.5 5.0 2.5 2 1 2 2 2
-5239.3 7786.0 -18.5 94 0 5.9 8.5 5.0 2.5 2 1 2 3 3
-5210.1 7809.3 -19.7 5 0 8.7 5.3 7.5 2.5 4 0 3 5 5
-5209.4 7817.2 -19.4 5 0 7.2 5.3 5.0 2.5 2 0 2 1 1
-5210.2 7842.1 -20.5 6 0 14.4 6.4 5.0 2.5 2 0 2 0 0
-5188.4 7840.9 -20.7 3 0 10.3 9.7 5.0 2.5 2 0 2 4 4
-5189.0 7820.9 -19.8 5 0 9.7 10.2 7.5 2.5 2 1 3 3 3
-5204.0 7783.5 -19.6 95 0 5.5 8.0 7.5 2.5 2 1 3 0 0
-5286.1 7767.5 -14.7 288 0 9.1 10.8 5.0 2.5 2 1 2 2 2
-5265.5 7762.8 -15.2 276 0 7.4 10.4 7.5 0.0 0 1 3 2 2
-5247.0 7763.6 -16.1 269 0 13.9 15.3 5.0 2.5 4 1 2 3 3
-5222.2 7759.5 -16.7 274 0 13.8 11.2 2.5 2.5 2 0 1 3 3
-5190.8 7751.8 -17.4 5 0 9.9 12.0 5.0 2.5 2 1 2 4 4
-5168.5 7754.7 -18.1 185 0 9.8 10.2 7.5 2.5 2 1 3 5 5
-5132.9 7730.3 -16.6 95 0 13.4 7.2 7.5 2.5 2 0 3 1 1
-5052.5 7760.4 -17.5 47 0 5.7 7.2 7.5 2.5 2 1 3 3 3
-5059.5 7788.6 -20.7 332 0 10.2 13.2 7.5 2.5 2 1 3 2 2
-5084.4 7803.8 -21.0 281 0 8.3 5.5 2.5 2.5 2 0 1 4 4
-5099.1 7807.9 -21.0 300 0 8.4 10.7 2.5 0.0 0 1 1 4 4
-5138.6 7809.1 -20.4 185 0 6.6 7.0 5.0 2.5 2 0 2 2 2
-5138.1 7814.9 -20.7 184 0 4.9 7.0 5.0 2.5 2 0 2 2 2
-5144.1 7833.8 -21.5 243 0 8.1 12.8 7.5 2.5 4 1 3 0 0
-5163.2 7812.1 -20.1 185 0 10.3 9.5 2.5 2.5 2 0 1 5 5
-5168.6 7848.1 -21.8 188 0 10.2 3.3 5.0 2.5 2 0 2 3 3
-5165.6 7845.5 -21.7 188 0 5.7 7.2 7.5 0.0 0 0 3 4 4
-5158.5 7844.5 -21.8 186 0 5.6 8.5 5.0 2.5 2 0 2 3 3
-5163.3 7866.4 -22.9 186 0 8.2 9.7 7.5 2.5 2 1 3 2 2
-5115.1 7855.1 -23.2 353 0 5.4 10.3 5.0 2.5 2 0 2 5 5
-5101.8 7856.7 -23.7 353 0 5.3 13.4 5.0 2.5 2 0 2 0 0
-5117.4 7878.8 -24.3 323 0 10.3 16.1 7.5 2.5 2 1 3 4 4
-6060.4 6359.5 -4.6 112 0 21.4 4.4 5.0 2.5 2 0 2 5 5
-6039.8 6383.3 -5.2 21 0 14.0 8.4 7.5 2.5 2 0 3 0 0
-6077.4 6397.9 -5.3 206 0 12.8 6.7 5.0 2.5 2 0 2 5 5
-6062.1 6414.3 -5.6 208 0 10.7 16.8 5.0 2.5 2 1 2 1 1
-5316.0 6000.6 -12.0 22 0 8.1 6.8 5.0 2.5 2 0 2 5 5
-5280.4 6089.3 -12.5 114 0 11.2 6.2 7.5 2.5 2 0 3 4 4
-5243.7 6091.3 -11.6 30 0 17.2 7.2 7.5 2.5 4 0 3 0 0
-5344.0 6024.1 -13.0 201 0 7.4 8.7 2.5 2.5 2 1 1 1 1
-5331.1 6022.5 -12.7 291 0 7.7 6.3 5.0 2.5 2 0 2 0 0
-5350.5 6000.8 -12.7 209 0 7.3 11.9 7.5 2.5 2 1 3 2 2
-6445.3 6979.3 -11.4 28 0 12.9 8.0 2.5 2.5 2 0 1 3 3
-6470.5 7002.7 -11.4 288 0 11.4 8.2 5.0 0.0 0 0 2 1 1
-6503.1 6988.0 -11.9 193 0 13.1 8.4 5.0 2.5 2 0 2 4 4
-6484.5 6964.7 -11.9 122 0 16.8 6.6 7.5 2.5 2 0 3 3 3
-6909.8 6766.7 -16.4 181 0 7.4 33.4 2.5 2.5 2 1 1 0 0
-6655.9 6379.2 -13.3 100 0 7.8 5.9 5.0 2.5 2 0 2 1 1
-6702.6 6475.4 -14.4 80 0 9.1 8.5 7.5 2.5 2 0 3 3 3
-6698.7 6453.5 -14.3 80 0 9.1 22.2 7.5 2.5 2 0 3 3 3
-6683.2 6495.4 -14.4 260 0 14.2 9.0 7.5 2.5 2 0 3 5 5
-6654.1 6463.4 -14.0 77 0 9.0 27.0 7.5 0.0 0 1 3 0 0
-6514.3 6295.8 -11.6 90 0 4.6 8.5 5.0 2.5 4 1 2 2 2
-6531.4 6743.8 -15.6 158 0 20.6 4.9 2.5 0.0 0 0 1 3 3
-6498.7 6738.1 -15.5 67 0 16.1 7.9 7.5 0.0 0 0 3 3 3
-6491.5 6763.3 -15.4 333 0 8.8 7.2 7.5 2.5 2 0 3 5 5
-6515.1 6775.4 -15.4 249 0 16.2 10.2 5.0 2.5 2 0 2 4 4
-6125.8 4474.4 -0.3 285 0 11.5 9.3 7.5 2.5 4 0 3 3 3
-5471.0 4686.2 0.6 348 0 13.1 7.0 7.5 2.5 2 0 3 0 0
-5429.9 4448.9 0.6 351 0 7.8 19.7 5.0 2.5 4 1 2 0 0
-5433.6 4478.2 0.3 347 0 7.6 19.9 2.5 2.5 2 1 1 1 1
-4091.9 4014.2 -9.5 15 0 19.2 6.6 7.5 2.5 4 0 3 5 5
-4131.1 4017.5 -9.7 105 0 11.5 21.8 12.5 2.5 2 1 5 0 0
-4117.4 4002.8 -10.2 107 0 14.2 10.1 5.0 2.5 2 0 2 3 3
-4090.6 4040.1 -8.7 7 0 9.6 22.1 5.0 2.5 2 1 2 3 3
-2241.9 5039.0 -10.9 163 0 6.8 9.6 5.0 2.5 4 0 2 1 1
-2206.8 5062.6 -12.0 344 0 18.4 8.0 5.0 2.5 2 0 2 3 3
-2103.8 4615.8 -7.7 53 0 12.3 5.8 7.5 2.5 2 0 3 2 2
-2082.5 4622.4 -7.9 51 0 9.6 16.3 5.0 0.0 0 1 2 0 0
-3128.8 5697.1 -11.1 215 0 6.5 12.0 7.5 2.5 2 1 3 2 2
-3109.2 5655.7 -11.5 93 0 9.7 10.1 2.5 2.5 2 1 1 2 2
-3107.2 5711.9 -13.6 270 0 22.2 7.7 7.5 2.5 2 0 3 4 4
-3100.1 5675.8 -13.2 90 0 10.4 25.4 10.0 2.5 2 1 4 3 3
-3079.1 5665.8 -14.1 90 0 15.2 10.5 5.0 2.5 2 0 2 1 1
-3065.2 5697.5 -15.3 358 0 34.0 10.6 10.0 2.5 2 0 4 5 5
-2865.1 5493.7 -9.9 223 0 7.9 11.8 2.5 2.5 2 1 1 5 5
-2830.9 5419.5 -9.6 211 0 21.3 8.4 2.5 2.5 2 0 1 3 3
-2798.2 5421.1 -10.0 30 0 7.2 14.5 7.5 2.5 2 1 3 0 0
-2788.9 5409.0 -10.4 22 0 5.7 8.0 7.5 2.5 2 0 3 2 2
-2804.0 5384.0 -10.6 114 0 8.0 26.1 7.5 0.0 0 0 3 3 3
-2816.4 5369.4 -10.4 28 0 10.6 12.9 7.5 2.5 2 1 3 0 0
-2263.9 5430.4 -16.7 350 0 5.9 9.2 2.5 2.5 2 1 1 4 4
-2238.1 5339.0 -14.3 154 0 8.2 6.7 7.5 2.5 2 0 3 1 1
-2204.0 5351.9 -14.5 340 0 13.1 9.2 7.5 2.5 2 0 3 3 3
-2472.0 5871.5 -16.4 177 0 7.9 10.6 5.0 2.5 2 1 2 1 1
-2480.6 5868.4 -16.3 267 0 7.8 6.1 5.0 2.5 2 0 2 5 5
-2484.0 5855.3 -16.1 178 0 13.9 7.8 5.0 2.5 2 0 2 1 1
-2447.1 5825.0 -15.3 358 0 6.1 10.0 5.0 2.5 2 1 2 2 2
-2486.0 5811.6 -15.4 175 0 37.4 9.9 7.5 2.5 2 0 3 4 4
-2561.0 -511.3 10.1 157 0 12.8 9.1 7.5 2.5 2 0 3 0 0
-2553.8 -469.2 9.5 337 0 8.1 13.0 7.5 2.5 2 1 3 4 4
-2574.6 -489.3 9.6 154 0 24.5 6.4 5.0 2.5 2 0 2 3 3
-2547.8 -483.7 9.7 244 0 7.6 16.5 5.0 2.5 2 1 2 0 0
-2418.2 -425.7 9.2 58 0 8.7 15.8 2.5 2.5 2 1 1 2 2
-2503.0 -325.3 8.9 142 0 13.9 10.4 7.5 2.5 2 0 3 3 3
-2579.4 -229.6 8.6 226 0 10.6 5.8 2.5 2.5 2 0 1 3 3
-2715.8 -210.8 8.6 117 0 13.9 10.2 5.0 2.5 2 0 2 1 1
-3175.3 170.8 9.3 106 0 11.7 10.1 2.5 2.5 2 0 1 0 0
-3226.9 152.3 10.1 284 0 7.4 20.8 7.5 2.5 2 1 3 1 1
-3244.4 110.2 10.5 106 0 15.6 7.8 2.5 2.5 2 0 1 0 0
-3250.1 144.2 10.3 193 0 10.6 7.8 7.5 2.5 2 0 3 5 5
-3575.4 202.7 12.2 107 0 17.7 10.2 2.5 2.5 2 0 1 3 3
-3596.7 218.6 11.9 179 0 28.4 9.4 7.5 0.0 0 0 3 2 2
-3574.5 258.1 11.5 287 0 13.2 7.0 5.0 2.5 2 0 2 2 2
-3550.4 241.4 11.7 283 0 10.2 23.4 5.0 2.5 2 1 2 5 5
-4918.8 373.9 7.9 298 0 12.8 10.5 5.0 2.5 2 0 2 1 1
-4944.5 357.6 7.8 299 0 6.7 11.2 2.5 2.5 2 1 1 0 0
-4962.3 301.5 7.8 296 0 6.7 10.2 5.0 2.5 2 1 2 1 1
-4968.0 257.5 7.9 117 0 18.4 6.4 2.5 0.0 0 0 1 0 0
-4959.8 260.6 7.9 117 0 6.4 13.5 7.5 0.0 0 0 3 2 2
-4931.0 272.7 8.0 32 0 11.4 18.8 2.5 2.5 2 1 1 3 3
-4922.7 335.8 7.9 29 0 17.5 9.6 2.5 2.5 4 0 1 0 0
-4749.7 942.4 7.9 11 0 6.5 5.4 7.5 2.5 2 0 3 2 2
-4786.1 951.8 7.8 211 0 16.4 8.0 7.5 2.5 4 0 3 5 5
-4758.8 934.7 8.0 14 0 11.7 18.3 5.0 0.0 0 1 2 3 3
-4773.6 969.1 7.7 196 0 8.7 12.2 7.5 2.5 2 1 3 3 3
-4741.3 955.4 7.7 11 0 22.1 11.1 2.5 2.5 2 0 1 4 4
-4531.6 850.1 8.1 194 0 9.3 18.6 5.0 2.5 2 1 2 1 1
-4539.1 824.7 8.4 195 0 8.4 9.3 2.5 2.5 2 1 1 5 5
-4536.0 598.1 6.8 13 0 12.8 9.7 7.5 2.5 2 0 3 2 2
-4548.3 566.3 6.9 99 0 23.1 12.5 7.5 2.5 2 0 3 1 1
-4390.7 548.6 7.2 192 0 21.7 9.9 5.0 2.5 4 0 2 0 0
-4365.2 565.4 7.2 281 0 7.4 11.3 5.0 2.5 2 1 2 0 0
-4331.3 563.4 7.2 285 0 11.4 25.2 7.5 2.5 2 1 3 3 3
-4365.6 527.8 7.5 103 0 13.0 10.0 2.5 2.5 2 0 1 2 2
-4225.1 497.9 7.9 102 0 18.8 13.0 7.5 2.5 2 0 3 2 2
-3543.0 -1432.4 1.5 267 0 12.2 6.6 5.0 2.5 4 0 2 1 1
-3536.9 -1512.4 1.8 91 0 23.4 27.2 10.0 0.0 0 1 4 1 1
-3710.9 -1398.1 1.3 261 0 12.8 11.9 5.0 2.5 2 0 2 2 2
-3747.4 -1411.8 1.4 174 0 11.2 31.5 10.0 2.5 2 1 4 3 3
-3615.9 -1438.5 1.4 266 0 84.4 20.2 7.5 0.0 0 0 3 3 3
-3427.0 -825.6 3.9 4 0 7.9 18.3 2.5 2.5 2 1 1 3 3
-3509.0 -922.7 3.8 209 0 9.7 7.3 5.0 2.5 2 0 2 4 4
-3509.0 -928.2 4.4 299 0 5.5 17.5 2.5 2.5 2 0 1 5 5
-3535.4 -981.8 7.6 51 0 15.8 6.3 5.0 2.5 2 0 2 1 1
-3582.5 -1011.3 8.1 53 0 20.3 5.2 2.5 2.5 4 0 1 5 5
-3566.9 -999.5 9.2 53 0 18.8 5.2 7.5 2.5 2 0 3 3 3
-3561.5 -1095.6 8.2 257 0 9.7 8.8 5.0 0.0 0 0 2 2 2
-3614.2 -1058.6 5.1 65 0 24.5 10.3 12.5 2.5 2 0 5 5 5
-3576.9 -1031.5 8.1 58 0 17.4 10.7 5.0 2.5 2 0 2 4 4
-3554.6 -1017.3 9.7 59 0 18.5 11.6 5.0 2.5 2 0 2 3 3
-3524.0 -995.6 8.1 49 0 16.0 9.7 5.0 2.5 2 0 2 0 0
-3495.9 -952.8 5.0 28 0 17.2 11.4 10.0 2.5 2 0 4 4 4
-3479.8 -927.8 3.2 29 0 15.6 11.6 2.5 2.5 2 0 1 4 4
-3477.2 -866.8 2.1 199 0 7.6 11.9 5.0 2.5 4 1 2 1 1
-3450.9 -873.0 2.2 10 0 10.5 10.2 2.5 2.5 4 0 1 0 0
-3435.4 -874.9 2.4 194 0 16.2 11.8 5.0 2.5 2 0 2 5 5
-3400.7 -843.7 3.9 101 0 11.4 8.4 7.5 2.5 2 0 3 5 5
-3383.6 -849.2 3.9 110 0 17.9 9.5 5.0 2.5 4 0 2 4 4
-3363.0 -858.0 3.5 107 0 11.5 6.5 7.5 2.5 2 0 3 4 4
-3346.0 -864.6 3.1 105 0 15.8 13.0 2.5 2.5 2 0 1 1 1
-3324.7 -841.3 4.3 93 0 6.3 6.5 7.5 2.5 2 1 3 2 2
-3291.1 -852.8 3.7 92 0 12.5 7.8 7.5 2.5 2 0 3 5 5
-3266.9 -848.5 3.8 88 0 17.8 8.4 7.5 2.5 2 0 3 5 5
-3235.9 -845.8 3.9 87 0 20.0 7.3 5.0 2.5 2 0 2 5 5
-3205.7 -830.8 4.6 80 0 27.1 7.0 7.5 2.5 2 0 3 5 5
-3156.5 -817.3 5.0 349 0 6.9 27.6 2.5 2.5 2 1 1 5 5
-3141.3 -810.3 5.0 265 0 10.8 6.9 5.0 2.5 2 0 2 2 2
-3203.3 -856.6 3.2 80 0 34.0 12.4 10.0 2.5 2 0 4 0 0
-3162.7 -849.1 3.6 79 0 32.4 13.7 7.5 2.5 2 0 3 1 1
-3131.9 -842.2 4.0 79 0 11.7 10.8 5.0 2.5 2 0 2 3 3
-5081.8 333.0 6.9 23 0 11.2 6.2 7.5 0.0 0 0 3 1 1
-5098.0 328.7 6.8 109 0 13.8 6.7 2.5 2.5 2 0 1 3 3
-5098.7 357.7 6.7 207 0 11.8 7.5 7.5 2.5 2 0 3 2 2
-4980.5 270.0 7.8 116 0 7.1 23.1 5.0 2.5 2 1 2 0 0
-5069.4 343.0 6.9 27 0 18.6 12.9 7.5 2.5 2 0 3 5 5
-2543.9 1967.1 6.4 68 0 11.6 10.9 2.5 2.5 2 0 1 3 3
-2667.4 1835.5 6.9 58 0 19.3 7.3 7.5 2.5 2 0 3 2 2
-2562.7 1600.9 8.9 337 0 7.0 11.4 5.0 2.5 2 1 2 4 4
-2602.5 1594.7 8.7 154 0 12.2 8.2 5.0 2.5 4 0 2 5 5
-2415.0 1188.5 9.5 154 0 12.3 5.7 2.5 2.5 2 0 1 0 0
-2380.1 1186.7 9.5 61 0 8.0 20.8 5.0 2.5 2 1 2 3 3
-2090.9 753.6 7.3 237 0 11.7 13.7 7.5 2.5 2 1 3 1 1
-1217.3 778.4 11.7 127 0 8.1 9.3 7.5 2.5 2 1 3 5 5
-1240.0 802.8 10.9 213 0 8.2 12.7 2.5 2.5 2 1 1 3 3
-2185.8 2018.4 8.7 40 0 9.4 10.3 5.0 2.5 2 0 2 5 5
-2200.9 2006.9 8.4 130 0 8.5 13.8 2.5 2.5 2 0 1 4 4
-2218.6 2015.7 8.4 133 0 16.6 8.5 5.0 0.0 0 0 2 0 0
-2203.9 2040.9 8.9 312 0 9.1 13.8 5.0 2.5 2 1 2 0 0
-2190.6 2042.3 9.7 270 0 7.2 5.6 5.0 2.5 2 0 2 1 1
-988.0 1375.2 6.1 85 0 28.9 16.9 12.5 0.0 0 0 5 5 5
-913.9 1426.0 5.8 5 0 13.9 48.9 10.0 2.5 2 1 4 1 1
-618.3 3208.2 6.1 319 0 5.1 10.0 5.0 0.0 0 0 2 3 3
-629.0 3217.1 6.6 320 0 9.0 9.7 2.5 0.0 0 1 1 5 5
-635.0 3193.8 5.4 139 0 5.1 12.1 7.5 2.5 2 0 3 4 4
-540.8 3182.3 5.8 296 0 14.4 9.8 7.5 2.5 2 0 3 1 1
-1169.1 2897.7 3.9 346 0 7.7 17.2 5.0 2.5 2 1 2 4 4
-1227.6 2883.8 3.7 159 0 11.2 18.1 5.0 2.5 2 0 2 3 3
-1202.8 2888.2 3.8 67 0 13.2 7.7 7.5 2.5 2 0 3 1 1
-1217.2 2922.1 3.9 247 0 14.8 6.4 5.0 2.5 4 0 2 2 2
-1236.7 2917.2 3.4 250 0 12.5 15.4 10.0 0.0 0 1 4 1 1
-1202.8 2921.4 4.1 247 0 11.3 13.4 2.5 2.5 2 1 1 1 1
-1182.4 2775.8 4.2 158 0 8.5 15.8 5.0 0.0 0 1 2 5 5
-1151.7 2818.9 4.5 340 0 12.1 19.6 7.5 2.5 2 0 3 4 4
-1095.1 2588.5 5.0 338 0 9.1 9.3 2.5 2.5 2 1 1 0 0
-1124.7 2616.1 5.1 158 0 9.1 21.2 5.0 2.5 2 1 2 2 2
-1123.2 2644.1 5.0 245 0 12.2 7.4 7.5 2.5 2 0 3 2 2
-1097.5 2655.7 4.6 246 0 9.2 20.2 7.5 0.0 0 1 3 0 0
-648.2 2540.6 1.0 186 0 9.0 14.3 7.5 2.5 2 1 3 2 2
-610.5 2561.1 0.2 282 0 9.6 23.5 5.0 2.5 2 1 2 2 2
-634.3 2571.4 1.4 279 0 24.1 9.9 5.0 2.5 2 0 2 4 4
18.5 2533.6 -13.3 318 0 11.0 19.1 10.0 2.5 2 1 4 0 0
-3046.2 2692.1 4.8 323 0 7.5 11.5 7.5 2.5 2 1 3 5 5
-2936.7 2746.0 5.7 232 0 11.2 7.4 5.0 2.5 2 0 2 3 3
-3040.9 2744.1 1.9 33 0 12.8 8.1 7.5 2.5 2 0 3 5 5
-3054.6 2837.6 7.7 303 0 7.5 6.4 2.5 2.5 2 0 1 3 3
-3048.2 2801.3 4.6 314 0 15.3 9.2 7.5 0.0 0 0 3 3 3
-3077.4 2826.6 6.8 220 0 11.1 14.2 2.5 2.5 2 1 1 3 3
-3084.9 2794.5 4.8 220 0 15.6 9.3 7.5 2.5 2 0 3 2 2
-3078.6 2758.0 2.2 133 0 23.0 14.0 12.5 2.5 2 0 5 2 2
-3041.9 2771.5 2.8 36 0 14.2 7.9 5.0 0.0 0 0 2 4 4
-3153.8 2545.6 5.7 325 0 7.6 24.0 5.0 2.5 2 1 2 3 3
-3158.0 2514.9 6.0 55 0 5.9 12.7 5.0 2.5 2 1 2 4 4
-2986.6 2302.4 6.3 241 0 15.7 9.2 2.5 2.5 2 0 1 2 2
-2995.8 2272.9 6.5 150 0 11.8 10.2 7.5 2.5 2 0 3 0 0
-2974.4 2319.3 6.2 230 0 10.0 12.6 5.0 2.5 2 1 2 1 1
-2901.7 2179.5 6.2 327 0 14.5 7.1 5.0 0.0 0 0 2 3 3
-2931.0 2222.0 6.2 236 0 8.7 26.1 7.5 0.0 0 1 3 3 3
-2923.6 2160.2 6.1 143 0 10.1 9.2 5.0 2.5 2 0 2 2 2
-2943.8 2186.8 6.2 145 0 13.2 11.4 7.5 2.5 2 0 3 1 1
-2909.1 2153.3 6.2 144 0 14.2 16.2 7.5 2.5 2 1 3 4 4
-2586.1 2124.5 5.2 148 0 7.6 13.0 2.5 2.5 2 0 1 4 4
-2573.8 2120.5 5.3 148 0 12.3 4.8 2.5 2.5 2 0 1 1 1
-2573.3 2151.5 5.1 234 0 16.6 10.7 2.5 2.5 4 0 1 4 4
-2546.1 2125.3 5.3 326 0 27.2 10.0 7.5 2.5 2 0 3 3 3
-2581.8 2110.3 5.3 153 0 20.4 8.1 5.0 2.5 2 0 2 3 3
-2562.8 2089.1 5.7 76 0 11.2 9.0 5.0 0.0 0 0 2 2 2
-2550.1 2092.3 5.7 76 0 14.9 9.0 5.0 0.0 0 0 2 5 5
-2377.7 2204.6 6.0 229 0 18.6 8.6 7.5 2.5 2 0 3 5 5
-2351.6 2211.8 6.3 314 0 18.5 9.6 7.5 2.5 2 0 3 5 5
-2352.6 2183.2 6.3 50 0 6.1 9.0 7.5 2.5 2 0 3 3 3
-2360.0 2177.0 6.2 50 0 13.0 9.0 5.0 2.5 4 0 2 5 5
-2379.5 2099.3 6.4 240 0 7.4 5.4 7.5 2.5 4 0 3 2 2
-2393.8 2098.0 6.4 272 0 16.3 7.7 7.5 2.5 4 0 3 5 5
-2391.2 2071.5 6.5 89 0 11.5 6.8 7.5 2.5 4 0 3 4 4
-2360.6 2071.2 6.8 88 0 10.4 10.2 2.5 2.5 2 0 1 0 0
-1464.9 3037.7 4.4 161 0 15.6 6.0 7.5 2.5 2 0 3 0 0
-1451.3 3006.8 3.5 71 0 6.0 15.7 7.5 2.5 2 1 3 0 0
-1430.9 3023.7 4.0 70 0 9.5 21.3 7.5 2.5 2 1 3 0 0
-1303.5 2833.7 4.9 248 0 18.5 7.3 2.5 0.0 0 0 1 5 5
-1248.8 2808.0 4.5 76 0 11.3 10.2 5.0 2.5 2 0 2 0 0
-1273.1 2809.1 4.6 74 0 10.8 19.3 7.5 2.5 2 0 3 4 4
-1298.7 2817.2 4.7 163 0 8.5 17.0 7.5 0.0 0 0 3 3 3
-1265.2 2846.3 4.1 252 0 19.5 11.5 7.5 2.5 4 0 3 0 0
-1170.1 2630.0 5.3 342 0 11.1 10.8 2.5 2.5 2 0 1 3 3
-1213.5 2611.7 5.6 159 0 14.4 12.2 7.5 2.5 2 0 3 5 5
-1200.8 2593.0 5.5 71 0 10.6 11.3 10.0 2.5 2 0 4 4 4
-1183.3 2598.9 5.4 71 0 26.2 11.3 7.5 2.5 4 0 3 4 4
-2963.5 1988.9 6.2 143 0 11.9 5.1 7.5 2.5 4 0 3 0 0
-2941.4 2031.5 6.3 240 0 13.3 35.4 7.5 2.5 2 1 3 5 5
-3068.5 2007.2 6.4 138 0 8.6 19.3 7.5 2.5 2 1 3 3 3
-3119.6 1998.8 5.8 70 0 9.4 10.6 2.5 2.5 2 0 1 4 4
-3136.7 2005.3 5.7 87 0 6.7 11.0 7.5 2.5 2 0 3 4 4
-3152.2 2014.7 5.5 179 0 7.6 11.7 5.0 2.5 2 0 2 0 0
-3128.2 2029.2 5.8 263 0 6.2 17.6 5.0 2.5 2 1 2 5 5
-3145.9 2037.6 5.5 270 0 15.8 9.8 2.5 0.0 0 0 1 2 2
-3109.7 2038.3 6.0 265 0 12.2 10.7 2.5 2.5 2 0 1 3 3
-3101.2 2013.6 5.9 340 0 5.9 17.6 2.5 2.5 2 0 1 1 1
-3273.1 2005.6 5.5 182 0 8.1 15.5 2.5 2.5 2 1 1 1 1
-3228.5 2029.0 5.3 351 0 8.9 11.1 5.0 2.5 2 1 2 3 3
-3228.5 2009.4 5.5 354 0 9.2 22.0 5.0 2.5 2 1 2 4 4
-3211.2 1833.3 6.6 327 0 8.8 9.4 2.5 2.5 2 1 1 3 3
-3291.9 1757.1 6.9 164 0 7.9 15.0 7.5 2.5 2 1 3 0 0
-3296.3 1774.5 6.7 160 0 8.9 9.0 5.0 2.5 2 1 2 1 1
-2642.6 1511.0 9.1 306 0 10.2 12.1 5.0 0.0 0 1 2 3 3
-3143.2 1863.5 6.6 160 0 19.9 10.6 7.5 2.5 2 0 3 0 0
-3114.7 1845.5 6.7 71 0 13.3 9.8 5.0 2.5 2 0 2 2 2
-2533.7 1189.6 9.7 325 0 10.4 12.6 7.5 2.5 2 1 3 3 3
-2509.7 1180.7 9.7 317 0 19.3 6.4 5.0 2.5 2 0 2 3 3
-2542.8 1154.3 9.7 137 0 22.5 12.8 7.5 2.5 2 0 3 5 5
-2512.2 1146.6 9.7 48 0 18.2 9.9 5.0 2.5 2 0 2 5 5
-2548.6 699.6 7.9 230 0 10.5 15.1 5.0 0.0 0 1 2 5 5
-2573.2 658.7 9.4 138 0 20.1 10.5 7.5 2.5 2 0 3 3 3
-2557.7 713.5 7.6 226 0 14.5 14.3 2.5 0.0 0 0 1 0 0
-2582.7 688.4 8.7 227 0 23.5 14.7 7.5 2.5 2 0 3 2 2
-2557.1 643.6 8.2 139 0 16.3 48.5 12.5 2.5 4 1 5 1 1
-4178.9 1926.6 6.5 87 0 12.0 15.1 5.0 2.5 2 1 2 4 4
-4155.8 1922.1 6.1 178 0 10.5 27.7 7.5 2.5 2 1 3 2 2
-4128.7 1963.1 6.2 271 0 10.7 30.6 10.0 2.5 4 1 4 2 2
-4251.9 2021.4 7.4 268 0 11.3 10.7 2.5 2.5 2 0 1 5 5
-4388.7 1988.9 6.4 90 0 16.2 8.5 2.5 2.5 2 0 1 2 2
-4391.3 2016.7 5.2 271 0 11.4 10.3 2.5 2.5 2 0 1 2 2
-4540.4 1181.7 5.1 107 0 14.2 9.4 7.5 2.5 2 0 3 3 3
-4555.0 1209.3 5.4 201 0 19.8 8.4 5.0 2.5 2 0 2 5 5
-4514.3 1196.7 4.9 17 0 16.1 9.8 5.0 2.5 2 0 2 1 1
-4495.1 1772.2 7.7 205 0 20.1 9.0 5.0 2.5 2 0 2 0 0
-4464.9 1778.9 7.5 295 0 17.1 8.8 5.0 2.5 2 0 2 3 3
-4344.0 1798.2 6.9 14 0 19.8 5.2 2.5 2.5 2 0 1 0 0
-4342.2 1816.1 7.0 10 0 10.3 11.7 5.0 2.5 2 1 2 0 0
-4359.0 1783.1 6.9 106 0 11.7 6.8 2.5 2.5 4 0 1 0 0
-4367.3 1812.7 7.0 192 0 15.2 7.7 7.5 2.5 2 0 3 1 1
-4259.1 1747.4 5.9 194 0 7.6 9.3 2.5 0.0 0 1 1 2 2
-4269.4 1724.9 5.8 196 0 29.5 7.0 7.5 2.5 2 0 3 4 4
-4236.7 1692.8 5.5 14 0 11.1 18.5 2.5 2.5 2 1 1 5 5
-4270.3 1693.4 5.7 106 0 16.0 15.8 7.5 2.5 2 0 3 4 4
-4226.0 1721.8 5.6 12 0 15.0 8.7 5.0 2.5 2 0 2 2 2
-4853.2 1046.3 9.4 194 0 16.4 5.6 2.5 2.5 2 0 1 2 2
-4822.7 1064.1 9.2 16 0 9.1 22.9 7.5 2.5 4 1 3 1 1
-3367.0 1820.3 6.0 167 0 20.7 10.4 10.0 2.5 2 0 4 4 4
-3343.0 1796.9 6.3 80 0 28.9 10.6 10.0 2.5 2 0 4 3 3
-3335.3 1828.4 6.1 349 0 15.0 9.9 2.5 0.0 0 0 1 1 1
-3344.6 1699.2 6.7 257 0 9.8 21.8 2.5 2.5 2 1 1 4 4
-3307.3 1682.4 7.1 344 0 10.6 9.2 5.0 2.5 2 0 2 3 3
-3347.7 1438.8 7.3 341 0 9.1 8.3 7.5 2.5 2 0 3 1 1
-3361.0 1415.1 7.3 68 0 30.2 11.9 7.5 2.5 2 0 3 4 4
-3394.7 1430.1 7.2 159 0 26.0 13.1 5.0 2.5 2 0 2 5 5
-3381.8 1471.5 7.1 250 0 12.2 12.4 5.0 0.0 0 1 2 3 3
-3364.2 1475.1 7.1 245 0 13.8 8.4 7.5 2.5 2 0 3 0 0
-3399.3 1879.3 5.7 342 0 14.9 9.1 5.0 2.5 2 0 2 4 4
-3435.6 1871.2 5.7 167 0 5.9 9.2 7.5 2.5 2 1 3 3 3
-3419.6 1893.4 5.7 257 0 10.5 11.5 5.0 0.0 0 1 2 1 1
-3406.4 1984.5 5.5 76 0 11.8 7.7 7.5 2.5 2 0 3 5 5
-3551.9 1980.5 6.0 351 0 12.1 15.5 2.5 2.5 2 1 1 3 3
-3572.9 2015.5 6.2 352 0 9.7 11.0 5.0 2.5 2 1 2 5 5
-3562.7 2018.4 6.3 352 0 7.1 10.0 5.0 0.0 0 1 2 1 1
-3504.9 1955.2 6.3 77 0 10.7 10.8 5.0 2.5 2 1 2 3 3
-3491.5 1979.1 6.2 345 0 10.5 11.0 5.0 2.5 2 1 2 2 2
-3493.9 1999.3 6.2 345 0 8.9 18.5 7.5 2.5 2 1 3 4 4
-3520.3 1952.2 6.2 77 0 13.6 43.5 10.0 2.5 4 1 4 1 1
-3530.5 584.8 8.0 310 0 6.0 14.9 5.0 2.5 2 1 2 3 3
-3561.0 578.8 8.0 131 0 10.2 17.1 5.0 2.5 2 1 2 1 1
-3530.4 655.9 7.9 42 0 13.8 9.8 7.5 2.5 2 0 3 0 0
-3561.4 656.2 7.8 131 0 18.0 8.3 5.0 2.5 2 0 2 5 5
-3576.6 684.9 7.7 214 0 14.7 11.2 7.5 2.5 4 0 3 1 1
-3554.5 705.6 7.8 216 0 13.4 8.8 5.0 0.0 0 0 2 4 4
-3514.7 675.0 8.0 38 0 20.4 7.9 5.0 0.0 0 0 2 0 0
-3518.8 708.1 8.0 314 0 26.4 10.0 7.5 2.5 2 0 3 5 5
-4251.0 974.0 6.2 21 0 20.3 6.1 5.0 2.5 2 0 2 4 4
-4246.5 996.8 6.1 290 0 9.3 9.0 5.0 2.5 2 0 2 3 3
-4278.3 986.0 6.3 294 0 9.7 10.9 5.0 2.5 2 1 2 5 5
-4301.0 978.4 6.3 204 0 24.8 7.6 7.5 2.5 2 0 3 2 2
-4296.8 944.0 6.6 112 0 22.2 12.1 7.5 2.5 2 0 3 4 4
-4272.5 954.6 6.4 23 0 38.2 7.4 7.5 2.5 2 0 3 1 1
-4074.4 1257.8 5.5 11 0 10.8 11.5 7.5 2.5 2 1 3 2 2
-4121.9 1268.3 5.4 191 0 10.7 8.1 5.0 2.5 2 0 2 1 1
-4099.9 1244.1 5.5 97 0 14.0 9.1 5.0 2.5 2 0 2 0 0
-1695.1 46.9 4.6 185 0 6.5 10.3 5.0 2.5 2 1 2 0 0
-2292.8 -378.9 9.0 260 0 7.6 8.3 5.0 2.5 2 1 2 0 0
-2287.1 -402.7 9.1 257 0 7.2 8.0 7.5 2.5 4 0 3 3 3
-2283.6 -417.6 9.2 77 0 7.2 7.4 5.0 2.5 2 0 2 0 0
-2263.4 -406.4 9.1 348 0 11.1 8.2 7.5 2.5 2 0 3 5 5
-2242.9 -332.7 8.8 170 0 13.7 8.5 5.0 2.5 2 0 2 4 4
-2238.9 -359.9 8.9 169 0 14.1 8.3 7.5 2.5 2 0 3 1 1
-2232.8 -387.4 9.0 166 0 14.0 8.1 5.0 2.5 2 0 2 0 0
-2230.4 -408.2 9.3 170 0 7.3 13.0 5.0 2.5 2 1 2 4 4
-2023.6 107.9 4.6 335 0 7.1 12.7 5.0 2.5 2 1 2 5 5
-1870.9 79.2 3.8 6 0 6.4 10.3 5.0 2.5 2 1 2 4 4
-1862.1 101.8 4.4 2 0 16.7 8.6 5.0 2.5 2 0 2 0 0
-1946.1 115.8 4.9 182 0 11.9 11.1 7.5 2.5 4 0 3 4 4
-1919.2 118.8 5.0 273 0 15.2 6.8 5.0 2.5 2 0 2 3 3
-1895.3 117.0 4.8 274 0 13.4 9.7 5.0 2.5 2 0 2 0 0
-2511.8 -583.4 9.1 65 0 15.6 10.0 2.5 2.5 2 0 1 5 5
-2544.9 -555.3 10.1 247 0 8.5 11.3 5.0 2.5 2 1 2 5 5
-2534.0 -545.7 10.1 244 0 7.1 17.0 7.5 2.5 2 1 3 1 1
-3045.2 2308.8 5.7 320 0 8.2 19.2 5.0 2.5 2 1 2 3 3
-3033.6 2292.1 6.0 324 0 10.1 10.8 2.5 0.0 0 1 1 5 5
-2882.9 2063.8 6.9 92 0 19.3 11.0 5.0 2.5 2 0 2 5 5
-2934.8 2102.8 6.4 265 0 20.6 12.5 10.0 2.5 2 0 4 2 2
-2898.1 2098.4 6.7 322 0 7.8 13.7 7.5 2.5 2 1 3 1 1
-2958.5 2078.7 6.4 171 0 17.5 13.1 5.0 2.5 2 0 2 1 1
-2920.7 2067.0 6.7 88 0 11.4 11.8 5.0 2.5 2 1 2 5 5
-3426.5 2431.2 1.8 331 0 7.4 17.6 7.5 2.5 4 1 3 1 1
-3430.6 2457.8 1.5 343 0 9.9 25.1 5.0 2.5 2 1 2 2 2
-3198.8 2066.4 5.3 2 0 10.0 12.3 7.5 2.5 4 1 3 1 1
-3119.4 2061.6 5.9 89 0 14.0 9.4 7.5 2.5 4 0 3 4 4
-3096.4 2080.2 5.9 4 0 19.5 10.6 2.5 2.5 2 0 1 1 1
-3117.1 2100.7 5.6 269 0 14.0 7.8 5.0 2.5 2 0 2 5 5
-3563.7 2090.3 6.2 270 0 11.3 9.4 2.5 2.5 2 0 1 3 3
-3558.1 2056.7 6.3 86 0 14.9 11.4 5.0 2.5 2 0 2 2 2
-3407.0 2099.1 6.0 359 0 8.9 10.6 7.5 2.5 2 1 3 5 5
-3451.5 2106.1 6.0 259 0 10.9 8.9 7.5 2.5 2 0 3 0 0
-3457.7 2077.9 5.9 83 0 13.9 9.7 7.5 0.0 0 0 3 2 2
-3409.8 2063.0 5.5 87 0 12.3 10.4 5.0 2.5 2 0 2 0 0
-3942.6 2234.3 3.0 3 0 8.0 15.7 7.5 2.5 2 1 3 1 1
-4514.3 2044.9 4.5 90 0 12.5 8.0 7.5 2.5 2 0 3 5 5
-4529.4 2066.7 4.2 180 0 16.7 8.1 2.5 2.5 2 0 1 0 0
-4492.6 2042.0 4.9 90 0 11.2 13.6 5.0 2.5 2 1 2 5 5
-4461.1 2047.9 4.3 83 0 7.9 12.4 7.5 2.5 2 1 3 4 4
-4417.4 2076.3 3.7 357 0 20.6 8.6 7.5 2.5 2 0 3 0 0
-4427.1 2078.8 3.5 3 0 10.0 13.2 5.0 0.0 0 1 2 0 0
-4463.7 2061.1 3.4 95 0 10.0 19.9 5.0 2.5 4 1 2 3 3
-4433.4 2048.1 4.0 88 0 21.7 11.6 10.0 2.5 2 0 4 4 4
-3942.3 2052.2 4.0 88 0 9.1 25.2 2.5 2.5 2 1 1 0 0
-3817.4 2089.9 3.9 178 0 18.9 5.8 2.5 2.5 2 0 1 0 0
-3789.7 2104.3 3.9 270 0 33.3 9.0 7.5 2.5 2 0 3 1 1
-5629.5 3803.4 -9.5 183 0 30.2 16.4 10.0 2.5 2 0 4 2 2
-5593.2 3822.6 -10.1 271 0 13.9 16.2 5.0 2.5 2 1 2 2 2
-5596.8 3766.6 -8.6 360 0 14.1 22.0 17.5 0.0 0 1 7 1 1
-5301.7 4215.6 -10.1 196 0 6.2 9.2 7.5 0.0 0 1 3 0 0
-5308.0 4199.4 -9.9 195 0 10.3 8.8 7.5 0.0 0 0 3 0 0
-5253.8 4187.4 -10.2 37 0 12.1 7.7 5.0 2.5 2 0 2 3 3
-5282.0 4218.4 -10.2 286 0 12.7 11.2 7.5 2.5 2 0 3 2 2
-5254.4 4220.6 -10.5 287 0 16.1 11.1 7.5 2.5 2 0 3 1 1
-3887.5 3475.1 -6.2 186 0 16.4 7.8 5.0 2.5 2 0 2 3 3
-3833.7 3526.3 -7.1 290 0 6.4 14.9 2.5 0.0 0 1 1 0 0
-3876.0 3437.4 -6.8 176 0 11.8 5.6 7.5 2.5 4 0 3 3 3
-3853.0 3428.2 -7.5 88 0 11.2 10.5 7.5 2.5 2 0 3 0 0
-3867.2 3462.7 -6.9 106 0 17.2 7.6 7.5 2.5 2 0 3 3 3
-3837.2 3464.6 -7.5 2 0 11.5 7.9 5.0 2.5 2 0 2 0 0
-3858.6 3487.3 -7.0 291 0 21.0 8.0 5.0 2.5 2 0 2 3 3
-4493.8 3179.9 2.3 283 0 5.3 8.9 7.5 2.5 2 1 3 5 5
-4531.7 3189.0 3.3 285 0 7.2 14.8 5.0 2.5 2 1 2 0 0
-4511.1 3193.7 1.7 279 0 19.1 10.6 5.0 0.0 0 0 2 1 1
-4513.5 3156.4 4.1 105 0 11.1 11.6 5.0 2.5 2 1 2 5 5
-6853.0 3974.4 -11.6 238 0 13.1 6.7 2.5 2.5 2 0 1 3 3
-6867.4 3951.7 -11.3 154 0 41.3 13.6 15.0 0.0 0 0 6 3 3
-6883.2 3931.3 -7.2 249 0 10.0 23.0 7.5 2.5 2 1 3 2 2
-6829.6 3924.5 -9.6 136 0 14.5 16.2 7.5 2.5 2 1 3 5 5
-6824.3 3971.1 -11.9 326 0 24.9 12.3 12.5 2.5 2 0 5 3 3
-5740.7 3961.3 -7.1 191 0 8.2 7.9 5.0 2.5 2 0 2 1 1
-5711.8 3949.6 -7.8 92 0 9.0 13.7 5.0 2.5 2 1 2 1 1
-6904.8 2055.1 8.0 271 0 13.2 7.5 5.0 0.0 0 0 2 2 2
-6899.2 2023.1 8.4 96 0 9.8 10.0 7.5 2.5 2 1 3 0 0
-6024.0 -2526.2 9.6 273 0 11.2 7.2 5.0 2.5 2 0 2 1 1
-6008.4 -2532.5 9.5 274 0 9.5 7.7 5.0 2.5 2 0 2 5 5
-5916.4 -2038.6 7.5 177 0 18.9 15.0 10.0 2.5 2 0 4 4 4
-5831.7 -2140.1 6.7 173 0 20.0 13.0 12.5 2.5 2 0 5 5 5
-5829.6 -1976.1 6.1 88 0 11.1 8.6 5.0 2.5 4 0 2 4 4
-5849.3 -1961.6 6.5 175 0 21.0 11.7 7.5 2.5 2 0 3 0 0
-5825.2 -1940.1 6.6 355 0 7.5 12.6 5.0 2.5 2 1 2 0 0
-5805.0 -1936.7 6.0 267 0 11.3 13.5 7.5 2.5 2 1 3 2 2
-5815.5 -1970.4 6.0 102 0 6.7 10.7 2.5 2.5 2 1 1 2 2
-5777.3 -2036.6 6.9 83 0 17.3 7.5 7.5 2.5 2 0 3 3 3
-5806.2 -2038.7 6.4 85 0 14.2 8.7 5.0 0.0 0 0 2 4 4
-5792.8 -2036.2 6.6 83 0 8.1 12.0 2.5 2.5 2 1 1 4 4
-5789.9 -1988.3 6.4 269 0 13.9 8.8 2.5 0.0 0 0 1 4 4
-5767.2 -2011.9 6.8 358 0 14.5 11.3 7.5 0.0 0 0 3 0 0
-5830.2 -2010.7 5.9 256 0 9.7 11.4 5.0 2.5 4 1 2 1 1
-5880.1 -2057.8 6.3 84 0 23.0 9.4 2.5 2.5 2 0 1 4 4
-5869.1 -2138.2 6.1 177 0 14.6 9.8 7.5 2.5 4 0 3 5 5
-5845.5 -2123.4 6.2 358 0 6.3 16.0 5.0 2.5 2 1 2 2 2
-5873.2 -2211.6 6.3 88 0 18.5 10.0 5.0 2.5 2 0 2 0 0
-5857.2 -2173.7 6.3 358 0 6.1 19.5 5.0 2.5 2 1 2 1 1
-6856.9 -1472.6 9.3 12 0 8.8 13.6 2.5 2.5 4 1 1 4 4
-6864.4 -1529.6 10.2 11 0 10.9 22.6 2.5 2.5 4 1 1 0 0
-6856.5 -1538.0 8.9 105 0 8.3 22.8 5.0 2.5 2 1 2 4 4
-6794.0 -2879.7 3.3 243 0 9.1 7.8 7.5 2.5 2 0 3 0 0
-6870.9 -2886.5 3.6 157 0 12.9 10.8 10.0 2.5 2 0 4 4 4
-6868.3 -2855.8 4.5 158 0 12.4 8.5 5.0 2.5 2 0 2 4 4
-6787.1 -2818.2 4.5 354 0 10.8 31.7 7.5 2.5 2 1 3 1 1
-6787.8 -2855.0 3.9 73 0 17.5 10.5 7.5 2.5 2 0 3 1 1
-6820.9 -2863.3 3.9 74 0 12.9 9.6 5.0 0.0 0 0 2 2 2
-6747.8 -2862.2 3.3 250 0 11.6 12.3 5.0 2.5 4 0 2 0 0
-6758.7 -2866.2 3.3 250 0 11.6 12.3 7.5 2.5 2 0 3 1 1
-6713.4 -2892.3 2.8 76 0 10.2 22.1 7.5 2.5 2 1 3 0 0
-6355.1 -2765.8 4.2 257 0 8.4 16.7 7.5 0.0 0 1 3 2 2
-6451.3 -2732.3 3.9 163 0 10.1 13.7 7.5 2.5 2 1 3 1 1
-6436.6 -2765.2 4.0 79 0 18.0 10.6 5.0 2.5 2 0 2 1 1
2834.3 6812.0 -11.8 191 0 8.9 13.6 7.5 2.5 2 1 3 0 0
2850.9 6849.7 -11.5 281 0 17.6 7.6 2.5 2.5 2 0 1 5 5
-3504.4 -2570.7 2.5 47 0 5.9 7.3 5.0 2.5 2 0 2 5 5
-3496.1 -2566.1 2.7 47 0 12.6 12.6 7.5 2.5 2 0 3 1 1
-3221.3 -2461.1 0.7 242 0 5.2 20.5 7.5 2.5 2 1 3 2 2
-3198.3 -2431.5 -1.8 250 0 8.8 7.1 2.5 2.5 4 0 1 2 2
-3268.6 -2511.8 4.4 163 0 9.2 13.8 5.0 2.5 2 1 2 3 3
-3200.4 -2469.2 0.7 253 0 14.1 15.4 5.0 2.5 2 1 2 1 1
-3277.4 -2518.9 5.6 336 0 6.0 11.8 7.5 2.5 2 0 3 0 0
-3295.6 -2523.9 6.2 246 0 13.8 20.5 7.5 2.5 2 0 3 2 2
-3200.8 -2571.8 4.5 60 0 12.4 62.2 12.5 2.5 2 1 5 5 5
-3273.0 -2537.5 6.1 245 0 35.0 15.4 10.0 0.0 0 0 4 4 4
-3291.1 -2616.6 3.3 5 0 29.1 10.2 10.0 2.5 2 0 4 5 5
-3703.8 -2448.0 3.0 181 0 13.0 29.6 7.5 2.5 2 1 3 2 2
-3609.3 -2462.7 5.2 221 0 7.4 14.1 2.5 2.5 2 0 1 3 3
-3514.8 -2460.2 7.0 225 0 9.7 19.8 5.0 2.5 2 0 2 5 5
-3490.4 -2471.6 6.7 315 0 11.2 14.0 5.0 2.5 2 0 2 3 3
-3476.2 -2495.3 6.6 358 0 14.3 5.5 2.5 2.5 2 0 1 3 3
-3475.4 -2514.8 5.6 358 0 9.2 12.5 5.0 2.5 2 1 2 4 4
-3541.3 -2575.5 1.4 10 0 10.3 16.3 5.0 2.5 2 1 2 3 3
-3381.1 -2595.3 3.4 9 0 4.7 13.9 5.0 0.0 0 1 2 1 1
-3367.0 -2554.0 5.7 12 0 7.2 15.7 7.5 2.5 2 1 3 2 2
-3362.0 -2527.3 7.0 110 0 18.6 6.0 5.0 0.0 0 0 2 1 1
-3372.2 -2528.3 6.7 20 0 20.8 9.4 5.0 0.0 0 0 2 1 1
-3369.6 -2613.2 2.3 284 0 15.8 9.9 7.5 2.5 2 0 3 5 5
-3356.3 -2595.9 3.1 192 0 35.3 10.0 12.5 2.5 2 0 5 5 5
-3361.3 -2558.5 5.9 102 0 5.1 10.1 5.0 2.5 2 1 2 2 2
-3402.2 -2568.5 3.9 275 0 10.3 12.5 7.5 2.5 2 1 3 3 3
-3596.5 -2550.4 2.0 206 0 8.0 15.1 7.5 2.5 2 1 3 0 0
-3499.5 -2506.5 5.3 4 0 9.6 33.5 7.5 2.5 2 1 3 4 4
-3533.1 -2466.5 6.2 278 0 11.2 25.5 12.5 2.5 2 1 5 4 4
-3586.8 -2434.1 6.4 221 0 8.7 15.4 2.5 2.5 2 1 1 2 2
-3575.9 -2458.7 5.9 311 0 16.2 10.3 5.0 2.5 2 0 2 1 1
-3604.8 -2491.2 4.8 131 0 16.0 22.1 10.0 2.5 2 0 4 1 1
-3633.2 -2483.0 4.2 132 0 17.6 10.1 5.0 2.5 2 0 2 5 5
-710.0 -2264.7 6.8 98 0 8.3 9.6 5.0 2.5 2 1 2 3 3
-795.6 -2280.3 6.9 22 0 10.0 7.9 5.0 2.5 2 0 2 3 3
-820.9 -2241.6 7.4 22 0 7.2 10.1 5.0 2.5 2 0 2 3 3
-846.3 -2255.2 7.5 112 0 8.9 23.3 2.5 2.5 2 0 1 3 3
-828.2 -2210.2 7.5 295 0 14.8 7.1 5.0 2.5 2 0 2 4 4
-853.7 -2204.1 7.6 266 0 10.2 6.4 5.0 2.5 4 0 2 5 5
-785.9 -2294.9 6.6 292 0 6.6 10.5 7.5 2.5 2 1 3 2 2
-751.1 -2198.5 6.8 202 0 8.8 33.0 7.5 2.5 2 1 3 2 2
-745.1 -2251.0 6.9 112 0 9.5 18.4 5.0 2.5 2 1 2 4 4
-762.3 -2239.0 6.9 105 0 10.3 10.1 7.5 2.5 2 0 3 0 0
-1822.0 -1151.8 14.2 76 0 5.3 5.0 7.5 2.5 2 0 3 4 4
-1856.7 -1182.9 13.6 167 0 5.5 12.7 5.0 2.5 2 1 2 3 3
-1847.5 -1200.7 13.4 163 0 13.7 9.2 7.5 2.5 2 0 3 3 3
-1864.5 -1159.8 14.8 76 0 28.0 12.6 10.0 2.5 2 0 4 1 1
-1871.0 -1195.8 13.8 345 0 36.2 9.8 7.5 2.5 2 0 3 4 4
-1857.8 -1240.9 13.6 344 0 36.5 12.7 7.5 2.5 4 0 3 2 2
-1474.8 504.3 13.6 310 0 7.2 11.5 2.5 2.5 2 1 1 2 2
594.6 1857.7 6.2 62 0 8.3 7.2 2.5 2.5 2 0 1 5 5
-554.9 8198.3 -27.2 264 0 5.9 6.2 2.5 2.5 2 1 1 0 0
2121.6 -8140.5 11.2 167 0 10.7 17.3 5.0 2.5 2 1 2 3 3
