405.1 4381.5 -19.8 227 0 13.1 34.4 10.0 2.5 2 1 4 3 3
579.5 4356.0 -26.2 140 0 51.4 10.0 7.5 2.5 2 0 3 5 5
535.4 4356.7 -23.7 317 0 9.9 40.6 7.5 0.0 0 1 3 1 1
500.3 4382.5 -21.9 317 0 9.8 27.1 7.5 2.5 2 1 3 0 0
500.1 4292.4 -24.0 47 0 10.0 51.2 10.0 2.5 2 1 4 5 5
3267.8 3725.6 3.9 6 0 16.5 13.3 7.5 2.5 2 0 3 2 2
3235.2 3716.6 3.8 96 0 13.0 20.6 12.5 2.5 2 0 5 0 0
-3561.7 6519.8 -16.0 95 0 6.0 12.0 7.5 2.5 2 1 3 5 5
-3634.8 6600.9 -14.6 170 0 8.3 7.7 2.5 2.5 2 0 1 2 2
-3567.9 6534.3 -15.2 93 0 6.2 12.2 7.5 2.5 2 1 3 0 0
-3579.8 6549.6 -14.3 103 0 11.8 18.8 5.0 2.5 2 1 2 5 5
-3351.0 6676.1 -8.5 100 0 34.7 18.3 10.0 0.0 0 0 4 2 2
-3349.6 6598.6 -9.3 190 0 39.1 18.6 7.5 2.5 2 0 3 5 5
-3335.3 6638.7 -8.3 102 0 12.2 32.9 12.5 2.5 2 1 5 3 3
-3404.5 6399.6 -14.9 101 0 30.2 28.5 7.5 0.0 0 0 3 1 1
-3372.0 6372.5 -14.6 104 0 19.5 10.2 2.5 2.5 2 0 1 4 4
-3505.8 6671.7 -7.6 93 0 48.8 9.8 7.5 2.5 2 0 3 3 3
-3439.1 6516.8 -14.1 99 0 27.3 28.0 10.0 0.0 0 1 4 3 3
-3310.5 6578.0 -9.2 102 0 33.7 25.8 7.5 0.0 0 0 3 5 5
-3462.7 6651.1 -8.6 94 0 48.8 10.3 7.5 2.5 2 0 3 4 4
-3636.0 6580.5 -15.7 268 0 12.8 6.3 7.5 2.5 2 0 3 0 0
-3345.1 6363.1 -14.2 103 0 6.3 5.8 2.5 0.0 0 0 1 2 2
-3462.9 6570.2 -12.0 271 0 18.9 13.3 12.5 2.5 2 0 5 3 3
-3445.6 6501.0 -14.6 272 0 27.9 7.6 5.0 0.0 0 0 2 3 3
-3524.0 6564.4 -14.0 271 0 51.5 17.2 12.5 2.5 4 0 5 5 5
-3421.9 6602.1 -9.4 96 0 15.0 37.1 10.0 2.5 2 1 4 5 5
54.6 4259.2 -24.0 284 0 23.5 11.1 14.0 3.5 2 0 4 0 0
442.9 5289.8 -12.0 96 0 27.3 38.9 7.5 0.0 0 1 3 5 5
92.1 6207.9 -6.5 164 0 13.4 12.0 5.0 2.5 2 0 2 3 3
33.5 6117.9 -7.2 74 0 8.8 9.3 2.5 2.5 2 1 1 2 2
114.8 6134.9 -6.4 74 0 11.8 8.0 5.0 2.5 2 0 2 4 4
-1100.6 6622.8 -6.8 1 0 10.8 18.4 7.5 2.5 2 1 3 1 1
132.0 6185.7 -6.5 344 0 7.9 6.4 7.5 0.0 0 0 3 5 5
75.5 6259.0 -6.9 254 0 12.5 9.7 7.5 2.5 2 0 3 1 1
4.7 6154.0 -7.0 254 0 9.0 10.1 5.0 2.5 2 1 2 4 4
-861.2 6762.6 -3.7 111 0 10.7 10.7 7.5 2.5 2 0 3 4 4
97.9 6181.9 -6.5 165 0 11.6 12.7 7.5 2.5 4 1 3 5 5
124.5 6215.9 -6.5 345 0 16.0 8.3 7.5 2.5 2 0 3 4 4
59.4 6171.9 -6.5 254 0 9.5 14.8 5.0 2.5 2 1 2 0 0
21.1 6159.0 -6.6 254 0 8.9 10.7 5.0 2.5 2 1 2 1 1
-884.0 6816.8 -4.7 270 0 12.5 8.8 5.0 2.5 2 0 2 3 3
-1224.1 6727.0 -6.2 179 0 12.1 11.0 5.0 2.5 2 0 2 0 0
102.2 6238.3 -6.5 345 0 10.2 10.7 5.0 0.0 0 1 2 2 2
-12.9 6148.1 -7.7 254 0 9.7 10.6 2.5 2.5 2 1 1 5 5
-887.2 6778.0 -4.3 89 0 7.8 10.6 7.5 2.5 2 1 3 4 4
-1224.7 6704.3 -6.2 179 0 13.7 13.6 7.5 0.0 0 0 3 3 3
85.4 6105.9 -6.8 253 0 6.1 10.2 7.5 2.5 2 0 3 1 1
120.0 6244.3 -6.5 345 0 21.9 9.8 7.5 2.5 2 0 3 3 3
41.7 6165.2 -6.5 254 0 7.9 10.6 7.5 2.5 2 1 3 0 0
14.8 6112.8 -7.7 74 0 11.1 11.3 5.0 2.5 2 1 2 3 3
-892.9 6851.5 -5.7 358 0 17.5 11.3 5.0 2.5 2 0 2 5 5
-924.9 6945.9 -7.5 178 0 9.2 10.1 7.5 2.5 2 1 3 4 4
137.3 6165.9 -6.5 345 0 12.1 8.3 7.5 0.0 0 0 3 1 1
71.1 6131.0 -6.5 74 0 11.2 7.1 7.5 2.5 4 0 3 1 1
103.5 6157.3 -6.5 164 0 12.7 11.4 5.0 2.5 2 0 2 1 1
-1100.0 6665.7 -6.4 1 0 13.0 19.0 2.5 2.5 2 1 1 1 1
-67.3 6406.5 -8.5 257 0 23.9 97.5 10.0 0.0 0 0 4 5 5
-107.6 6290.0 -10.2 77 0 105.1 16.8 12.5 0.0 0 0 5 5 5
4.9 6183.2 -7.1 74 0 8.2 9.3 2.5 2.5 2 1 1 0 0
79.5 6104.1 -7.0 253 0 6.3 10.2 5.0 0.0 0 0 2 0 0
98.6 6067.7 -7.6 343 0 6.6 7.4 7.5 2.5 2 1 3 3 3
-12.1 6178.2 -7.3 74 0 9.0 9.9 2.5 0.0 0 1 1 5 5
67.4 6100.4 -7.3 253 0 5.8 10.2 7.5 2.5 2 0 3 0 0
20.9 6186.7 -6.8 74 0 11.0 11.3 7.5 2.5 2 1 3 1 1
-2.0 6080.8 -9.1 253 0 7.9 10.3 5.0 2.5 2 1 2 2 2
-7.5 6033.6 -10.4 73 0 6.7 11.4 5.0 2.5 2 1 2 3 3
-10.5 6222.1 -8.0 256 0 6.2 25.0 7.5 2.5 2 1 3 2 2
-18.3 6103.2 -8.9 74 0 7.4 8.7 7.5 2.5 4 1 3 1 1
80.3 6059.3 -8.0 73 0 9.0 7.8 5.0 2.5 2 0 2 5 5
9.9 6039.1 -9.8 73 0 7.3 8.9 5.0 2.5 2 1 2 2 2
-43.5 6141.6 -8.9 254 0 9.0 8.9 7.5 2.5 2 0 3 5 5
50.1 6094.2 -7.8 253 0 9.3 9.4 7.5 2.5 2 1 3 3 3
-2.0 6107.4 -8.3 74 0 9.5 9.9 7.5 2.5 4 1 3 5 5
-29.6 6177.2 -7.8 74 0 8.6 11.9 5.0 2.5 2 1 2 0 0
-26.5 6022.3 -11.4 73 0 10.4 13.6 2.5 2.5 4 1 1 5 5
16.2 6085.1 -8.6 253 0 8.8 9.3 2.5 2.5 2 1 1 1 1
-42.5 6112.1 -9.4 164 0 6.4 9.2 5.0 2.5 2 1 2 4 4
-112.0 6194.0 -9.9 233 0 14.3 39.5 10.0 2.5 2 1 4 5 5
63.1 6053.5 -8.4 73 0 8.6 8.2 5.0 0.0 0 0 2 5 5
73.4 6102.3 -7.1 253 0 6.6 10.2 7.5 0.0 0 0 3 3 3
32.2 6090.5 -8.2 253 0 9.4 10.0 5.0 2.5 2 1 2 0 0
26.8 6044.1 -9.3 73 0 9.0 9.0 2.5 2.5 2 0 1 5 5
-59.1 6170.9 -8.4 164 0 10.1 10.3 5.0 0.0 0 1 2 2 2
-49.2 6057.6 -11.1 163 0 8.9 11.2 2.5 2.5 2 1 1 1 1
45.9 6046.5 -8.9 73 0 8.4 9.9 5.0 2.5 2 1 2 4 4
-104.1 6072.3 -13.4 323 0 15.0 10.0 7.5 2.5 2 0 3 4 4
19.0 5955.0 -11.7 142 0 16.3 9.7 7.5 2.5 2 0 3 0 0
52.0 5915.5 -10.8 142 0 10.2 13.6 7.5 2.5 4 1 3 5 5
-128.4 6106.0 -13.5 321 0 9.8 12.7 7.5 2.5 2 1 3 2 2
-45.0 5996.7 -13.9 320 0 9.7 14.5 7.5 2.5 2 1 3 3 3
3.3 5975.3 -11.5 142 0 12.5 9.5 7.5 2.5 2 0 3 5 5
70.5 5894.6 -10.5 142 0 15.9 8.3 5.0 2.5 2 0 2 5 5
-58.2 6010.7 -13.6 320 0 12.3 10.1 7.5 2.5 2 0 3 5 5
-138.5 6119.6 -14.1 321 0 8.2 18.6 2.5 0.0 0 1 1 5 5
-21.7 5964.6 -13.6 320 0 12.8 10.2 10.0 2.5 2 0 4 3 3
-81.5 6043.0 -13.4 320 0 8.3 8.9 5.0 2.5 2 1 2 5 5
-33.0 5980.9 -13.6 320 0 10.3 11.6 2.5 2.5 2 1 1 5 5
-11.0 5948.1 -13.5 323 0 13.0 11.1 10.0 2.5 2 0 4 4 4
32.2 5937.4 -11.4 142 0 7.8 10.5 5.0 2.5 2 1 2 3 3
197.0 6197.9 -7.2 347 0 10.1 10.6 10.0 2.5 2 1 4 1 1
118.1 5915.4 -8.2 180 0 16.7 8.5 2.5 2.5 2 0 1 1 1
118.8 5971.2 -8.9 180 0 14.3 8.6 5.0 2.5 2 0 2 2 2
245.5 6266.9 -8.2 360 0 15.7 8.8 7.5 2.5 2 0 3 0 0
118.3 5941.2 -8.3 180 0 9.6 13.3 5.0 2.5 2 0 2 2 2
194.5 6060.3 -6.9 180 0 8.2 8.4 7.5 2.5 2 1 3 0 0
119.7 6018.8 -8.6 182 0 23.7 8.6 5.0 2.5 4 0 2 0 0
117.8 5891.6 -8.6 180 0 14.5 10.6 7.5 2.5 2 0 3 0 0
205.4 6260.5 -7.7 169 0 8.6 9.6 7.5 2.5 2 1 3 2 2
194.2 5963.2 -6.7 183 0 10.8 8.0 2.5 2.5 2 0 1 5 5
119.8 6077.0 -6.9 181 0 13.7 12.1 7.5 2.5 2 0 3 4 4
210.4 6233.5 -7.9 169 0 20.4 10.5 7.5 2.5 2 0 3 1 1
206.7 6156.6 -7.3 346 0 12.9 11.9 7.5 2.5 2 0 3 5 5
149.7 5981.9 -8.2 0 0 13.1 10.3 10.0 2.5 2 0 4 0 0
117.2 6099.8 -6.6 167 0 16.4 14.0 5.0 2.5 2 0 2 4 4
197.2 6296.4 -7.7 166 0 17.6 8.0 2.5 2.5 2 0 1 2 2
245.9 5881.5 -7.9 186 0 13.0 10.8 7.5 2.5 2 0 3 1 1
119.6 6053.4 -7.5 179 0 12.6 12.1 10.0 0.0 0 0 4 2 2
221.8 6197.5 -7.9 256 0 8.6 16.1 7.5 2.5 2 1 3 3 3
201.4 6178.7 -7.2 345 0 13.8 9.3 5.0 2.5 2 0 2 4 4
118.3 5932.3 -8.3 180 0 8.2 9.3 2.5 2.5 2 0 1 5 5
192.7 6324.7 -8.1 167 0 17.4 8.2 7.5 2.5 2 0 3 0 0
231.2 6124.2 -7.9 270 0 11.3 16.3 5.0 0.0 0 1 2 2 2
212.8 5848.1 -8.2 0 0 11.4 10.2 5.0 2.5 2 0 2 0 0
151.0 6048.0 -7.2 359 0 11.4 10.1 10.0 2.5 2 0 4 4 4
226.7 6158.2 -7.9 169 0 15.8 7.5 7.5 2.5 2 0 3 4 4
183.8 6263.5 -7.1 345 0 11.3 11.6 2.5 2.5 2 1 1 1 1
-19.1 6074.3 -9.9 253 0 10.0 11.9 5.0 2.5 2 1 2 3 3
298.5 5777.0 -9.1 278 0 13.3 7.8 5.0 2.5 2 0 2 3 3
303.4 5799.4 -8.9 97 0 11.9 12.3 2.5 2.5 2 1 1 2 2
327.7 5771.5 -9.2 280 0 11.4 10.8 5.0 2.5 2 0 2 2 2
-75.2 4748.4 -18.1 17 0 13.1 21.2 14.0 3.5 2 1 4 5 5
81.8 4029.3 -35.2 164 0 13.3 20.2 5.0 2.5 4 1 2 1 1
55.6 4123.3 -33.8 181 0 19.7 12.8 14.0 3.5 2 0 4 4 4
89.4 4055.1 -35.0 164 0 7.4 11.3 5.0 2.5 2 1 2 5 5
139.1 4062.1 -35.0 37 0 11.5 18.0 7.5 2.5 2 1 3 4 4
161.8 4070.9 -34.9 358 0 13.5 14.3 5.0 2.5 2 1 2 4 4
54.8 4094.1 -33.8 181 0 15.3 12.5 14.0 3.5 2 0 4 1 1
137.2 4093.4 -34.6 325 0 9.7 18.7 5.0 2.5 4 1 2 0 0
82.1 4131.8 -33.5 273 0 13.3 5.5 10.5 3.5 2 0 3 3 3
-200.4 4089.4 -31.8 280 0 14.7 20.2 10.5 3.5 2 0 3 0 0
-183.0 4086.0 -31.6 282 0 20.9 13.4 10.5 3.5 2 0 3 4 4
-156.8 4081.0 -32.1 280 0 6.9 23.9 10.5 3.5 2 0 3 3 3
-166.1 4082.7 -31.6 281 0 13.5 11.9 10.5 3.5 2 0 3 2 2
-141.0 4109.2 -30.5 189 0 6.2 15.7 10.5 3.5 2 0 3 1 1
-294.1 4206.2 -29.2 101 0 29.4 13.5 14.0 3.5 2 0 4 2 2
-167.3 3920.2 -31.8 168 0 14.5 14.3 14.0 3.5 2 0 4 1 1
-112.4 3910.3 -30.2 79 0 15.3 10.5 14.0 0.0 0 0 4 3 3
-146.7 4067.5 -32.4 187 0 21.1 18.4 14.0 3.5 2 0 4 5 5
-156.4 3975.2 -34.0 87 0 15.6 10.2 14.0 3.5 2 0 4 3 3
-149.3 4047.9 -32.9 187 0 18.4 17.1 14.0 3.5 2 0 4 1 1
-107.2 4069.5 -32.2 8 0 7.3 14.0 10.5 3.5 2 1 3 4 4
-118.9 3923.7 -31.4 80 0 6.1 16.5 10.5 3.5 2 1 3 2 2
-94.8 4034.0 -33.5 96 0 15.8 10.6 14.0 3.5 2 0 4 1 1
-43.2 4063.5 -33.9 302 0 20.0 21.3 14.0 3.5 2 0 4 5 5
-100.9 4051.2 -33.1 186 0 12.2 6.9 10.5 3.5 2 0 3 5 5
-75.2 4068.7 -33.1 278 0 15.5 14.4 14.0 3.5 4 0 4 5 5
-90.7 4070.7 -32.9 276 0 15.9 14.4 14.0 3.5 2 0 4 0 0
-87.9 4043.9 -33.2 96 0 4.2 11.9 10.5 3.5 2 0 3 4 4
-58.4 4033.7 -34.0 92 0 24.5 8.4 10.5 3.5 2 0 3 2 2
-67.0 4042.3 -33.5 92 0 6.5 10.5 10.5 3.5 2 0 3 2 2
-163.5 4175.0 -27.9 98 0 20.4 14.6 14.0 3.5 2 0 4 4 4
-147.3 4172.7 -27.4 98 0 12.3 16.0 14.0 3.5 2 0 4 5 5
-340.3 4148.6 -31.0 2 0 18.1 10.9 10.5 3.5 2 0 3 0 0
-221.6 4090.6 -32.2 279 0 11.6 28.5 10.5 3.5 2 1 3 2 2
-370.3 4338.7 -28.6 111 0 18.0 10.7 14.0 3.5 2 0 4 5 5
-374.3 4379.0 -28.9 199 0 6.2 3.4 10.5 3.5 2 0 3 4 4
-371.5 4387.3 -28.7 199 0 11.3 13.1 14.0 3.5 2 0 4 3 3
-378.6 4366.5 -28.9 199 0 20.2 10.8 14.0 3.5 2 0 4 5 5
-180.9 4669.0 -21.2 17 0 10.0 9.9 10.5 3.5 2 0 3 1 1
-178.2 4677.7 -21.5 17 0 8.1 14.5 10.5 3.5 2 0 3 3 3
-201.8 4757.7 -23.6 195 0 12.8 29.1 14.0 3.5 2 1 4 2 2
-166.7 4715.6 -21.0 17 0 8.9 9.9 10.5 3.5 2 1 3 5 5
-172.3 4697.0 -21.1 17 0 10.7 9.9 10.5 3.5 2 0 3 3 3
-155.7 4768.9 -23.1 15 0 21.3 36.8 14.0 0.0 0 1 4 0 0
-182.6 4009.8 -33.4 181 0 15.4 7.1 10.5 3.5 2 0 3 2 2
-153.6 4028.6 -33.5 275 0 15.4 11.8 14.0 3.5 2 0 4 1 1
-79.9 4027.2 -34.2 272 0 14.6 9.1 10.5 3.5 2 0 3 5 5
-105.3 4028.0 -33.9 269 0 16.1 9.2 10.5 3.5 2 0 3 1 1
94.7 4166.2 -32.2 246 0 7.5 18.8 10.5 3.5 2 1 3 5 5
264.4 4049.5 -34.6 52 0 12.1 40.1 14.0 3.5 2 1 4 1 1
192.8 4095.4 -35.4 180 0 17.3 15.6 14.0 0.0 0 0 4 5 5
491.8 4047.0 -31.7 20 0 30.2 15.3 10.0 2.5 2 0 4 5 5
482.8 4022.5 -30.2 21 0 22.9 6.8 5.0 2.5 2 0 2 0 0
336.9 3996.9 -30.1 274 0 16.5 14.8 10.5 3.5 2 0 3 1 1
363.6 4001.5 -30.0 273 0 25.0 13.3 10.5 3.5 4 0 3 3 3
400.7 3999.6 -29.4 275 0 18.3 12.6 10.5 3.5 2 0 3 5 5
264.8 4097.6 -34.7 262 0 6.8 8.4 10.5 3.5 2 0 3 3 3
303.9 4026.2 -31.6 181 0 7.2 11.9 10.5 3.5 2 0 3 2 2
295.3 4053.5 -33.3 0 0 19.3 12.8 14.0 3.5 2 0 4 5 5
284.7 3986.9 -30.3 271 0 10.5 27.2 10.5 3.5 2 1 3 1 1
306.6 4038.5 -31.9 271 0 5.2 8.8 10.5 3.5 2 0 3 0 0
-0.7 4233.9 -25.6 16 0 9.4 18.0 10.5 3.5 2 0 3 4 4
-8.0 4206.5 -26.8 16 0 18.8 16.0 14.0 3.5 4 0 4 3 3
427.9 3998.1 -29.0 274 0 16.1 10.4 10.5 3.5 2 0 3 2 2
212.7 4126.6 -35.4 230 0 18.9 7.6 10.5 3.5 2 0 3 3 3
305.3 4121.5 -34.3 99 0 49.1 15.9 10.0 2.5 2 0 4 5 5
201.5 4112.2 -35.5 216 0 8.1 7.2 10.5 0.0 0 0 3 3 3
160.0 4004.8 -32.8 237 0 12.6 15.7 14.0 3.5 2 1 4 2 2
242.3 4041.8 -33.4 145 0 8.5 14.6 10.5 3.5 2 1 3 3 3
205.4 4027.1 -34.2 65 0 10.3 23.2 14.0 3.5 2 1 4 3 3
322.7 3904.1 -16.1 290 0 16.6 9.9 10.5 3.5 2 0 3 0 0
229.9 4004.4 -31.9 271 0 21.8 12.8 10.5 3.5 2 0 3 4 4
236.2 4033.4 -33.4 58 0 11.3 11.5 14.0 0.0 0 1 4 5 5
187.3 3994.6 -32.2 333 0 16.9 11.1 14.0 3.5 2 0 4 2 2
-9.0 4224.0 -25.8 16 0 13.8 9.3 10.5 3.5 2 0 3 2 2
-178.7 4244.6 -24.7 220 0 6.1 5.2 10.5 3.5 2 0 3 5 5
-71.1 4220.5 -24.4 196 0 37.8 13.7 14.0 3.5 2 0 4 1 1
-134.8 4283.2 -21.9 239 0 6.5 5.5 10.5 3.5 4 0 3 5 5
17.0 4144.4 -31.2 103 0 7.1 7.4 10.5 0.0 0 0 3 4 4
-166.3 4282.1 -22.4 97 0 8.9 13.7 10.5 3.5 2 1 3 3 3
-117.3 4290.6 -21.5 282 0 7.6 9.9 10.5 3.5 2 1 3 0 0
-2.0 4147.5 -30.8 103 0 15.5 12.4 10.5 3.5 2 0 3 1 1
-174.6 4256.5 -23.9 206 0 6.4 6.2 3.5 3.5 2 0 1 2 2
-107.5 4276.7 -21.8 328 0 5.4 7.2 10.5 3.5 2 1 3 4 4
9.5 4144.9 -31.0 103 0 8.0 12.4 10.5 3.5 2 0 3 0 0
-91.4 4468.4 -18.2 17 0 31.1 13.1 14.0 0.0 0 0 4 5 5
-66.0 4576.2 -18.1 16 0 17.7 9.1 10.5 3.5 2 0 3 2 2
-73.3 4534.6 -18.0 17 0 13.7 15.7 14.0 3.5 2 1 4 3 3
-56.7 4523.2 -17.7 195 0 12.0 9.4 10.5 3.5 2 0 3 5 5
-72.7 4468.0 -17.8 192 0 11.6 30.8 14.0 0.0 0 1 4 1 1
-163.4 4651.9 -19.6 197 0 9.4 9.1 10.5 3.5 2 0 3 4 4
-150.2 4691.3 -19.4 198 0 7.7 9.6 10.5 3.5 2 0 3 1 1
-8.0 4432.1 -17.5 281 0 10.8 9.2 10.5 3.5 2 0 3 3 3
-83.8 4431.9 -18.0 196 0 15.6 12.4 14.0 0.0 0 0 4 5 5
-62.7 4502.7 -17.6 196 0 8.2 10.7 10.5 3.5 2 1 3 3 3
-102.1 4433.4 -18.5 16 0 17.2 11.5 14.0 3.5 2 0 4 2 2
-49.9 4544.8 -17.8 196 0 12.3 10.3 14.0 3.5 2 0 4 1 1
-66.4 4486.4 -17.7 196 0 10.7 4.2 10.5 3.5 2 0 3 1 1
-156.9 4669.1 -19.5 198 0 9.3 9.3 10.5 3.5 2 1 3 1 1
-168.2 4636.6 -19.7 197 0 9.1 14.6 10.5 3.5 2 1 3 5 5
-130.0 4529.9 -18.8 198 0 9.0 10.8 10.5 3.5 2 1 3 1 1
-152.7 4683.9 -19.5 198 0 7.8 9.6 10.5 3.5 2 0 3 5 5
-223.0 4525.0 -22.0 17 0 11.2 10.7 14.0 3.5 2 0 4 5 5
-214.5 4557.1 -21.7 17 0 11.0 9.6 10.5 3.5 2 0 3 0 0
-238.3 4648.5 -23.8 198 0 22.9 11.6 7.0 3.5 4 0 2 2 2
-219.3 4541.1 -21.9 17 0 11.5 10.9 14.0 3.5 2 0 4 5 5
562.6 6210.4 -7.7 271 0 9.9 10.4 5.0 2.5 2 1 2 4 4
557.7 6273.9 -7.4 181 0 11.4 15.3 5.0 2.5 2 1 2 0 0
613.4 6068.1 -7.1 271 0 9.9 12.5 7.5 2.5 2 1 3 5 5
596.6 6205.9 -6.3 271 0 13.0 12.0 7.5 2.5 4 0 3 1 1
572.9 6069.6 -8.1 271 0 10.8 12.2 7.5 2.5 2 1 3 3 3
581.9 6226.9 -6.8 91 0 14.2 14.1 5.0 2.5 2 0 2 3 3
548.4 6096.4 -8.6 181 0 14.2 13.5 7.5 2.5 2 0 3 5 5
560.3 6304.1 -8.2 181 0 12.6 11.5 2.5 2.5 4 0 1 1 1
619.6 6154.0 -5.6 91 0 17.1 11.7 7.5 2.5 2 0 3 0 0
578.2 6209.2 -7.2 271 0 15.5 13.0 5.0 2.5 2 0 2 0 0
558.4 6234.7 -7.5 181 0 11.7 10.8 7.5 2.5 2 0 3 2 2
586.2 6349.1 -8.4 271 0 10.3 10.6 10.0 2.5 2 1 4 3 3
606.8 6347.4 -8.0 271 0 13.8 9.6 7.5 2.5 2 0 3 1 1
549.8 6069.4 -8.5 271 0 8.7 11.2 5.0 2.5 2 1 2 0 0
602.4 6226.1 -5.9 91 0 13.2 13.1 7.5 2.5 2 0 3 0 0
574.7 6085.8 -7.8 91 0 10.3 10.7 5.0 2.5 2 1 2 4 4
599.9 6156.9 -6.4 91 0 16.1 11.3 7.5 2.5 4 0 3 5 5
625.0 6276.6 -5.0 271 0 17.3 13.4 7.5 2.5 2 0 3 2 2
627.1 6295.0 -6.0 91 0 15.9 13.0 5.0 2.5 2 0 2 4 4
615.0 6137.3 -6.2 271 0 15.4 14.4 2.5 2.5 2 0 1 3 3
577.3 6138.9 -7.5 271 0 13.3 10.1 5.0 2.5 2 0 2 1 1
555.1 6164.8 -8.0 181 0 12.5 11.4 2.5 2.5 2 0 1 5 5
632.9 6066.3 -6.5 271 0 10.4 12.1 5.0 2.5 2 1 2 5 5
629.7 6346.1 -7.5 271 0 11.8 10.3 5.0 2.5 2 0 2 3 3
627.3 6227.0 -4.8 91 0 8.5 13.6 5.0 2.5 2 1 2 1 1
595.9 6067.4 -7.6 271 0 8.9 8.6 5.0 2.5 2 0 2 0 0
596.1 6137.4 -6.9 271 0 12.3 13.1 2.5 2.5 2 1 1 0 0
635.4 6101.5 -5.9 2 0 12.1 8.7 7.5 2.5 2 0 3 1 1
607.2 6295.3 -6.6 91 0 11.4 13.8 5.0 2.5 2 1 2 3 3
558.6 6140.4 -8.2 271 0 10.0 10.3 5.0 2.5 2 1 2 3 3
584.3 6297.0 -7.6 91 0 14.3 14.2 2.5 2.5 2 0 1 2 2
577.5 6368.9 -8.7 271 0 11.6 10.3 7.5 2.5 2 0 3 5 5
397.6 5693.2 -10.2 279 0 18.3 23.5 10.0 0.0 0 1 4 4 4
424.6 5611.8 -10.2 9 0 18.7 26.7 7.5 0.0 0 1 3 1 1
263.9 5456.8 -11.0 7 0 10.6 11.9 10.0 2.5 2 1 4 5 5
709.3 6722.3 -13.1 286 0 11.2 9.8 7.5 2.5 2 0 3 5 5
188.3 5432.1 -10.4 7 0 10.1 11.2 5.0 2.5 2 1 2 3 3
140.3 5515.0 -9.9 184 0 9.5 9.2 2.5 2.5 4 0 1 5 5
736.5 6578.6 -9.6 106 0 6.6 9.6 7.5 2.5 2 1 3 5 5
150.1 5597.3 -10.7 185 0 9.1 8.5 7.5 2.5 2 0 3 5 5
761.7 6701.2 -13.0 106 0 8.7 9.2 5.0 2.5 2 1 2 0 0
844.1 6436.1 -4.1 181 0 6.2 10.0 5.0 2.5 2 1 2 3 3
300.8 5633.5 -10.1 17 0 12.2 10.6 2.5 2.5 4 0 1 5 5
742.8 6612.2 -10.4 196 0 7.0 4.5 7.5 0.0 0 0 3 3 3
746.2 6650.7 -11.7 196 0 7.3 7.8 5.0 2.5 4 1 2 2 2
833.5 6457.7 -4.3 181 0 6.7 11.3 7.5 2.5 2 1 3 5 5
127.2 5391.4 -9.6 187 0 8.6 12.4 2.5 2.5 2 1 1 5 5
748.9 6636.8 -11.2 196 0 5.7 5.3 2.5 2.5 4 0 1 3 3
763.5 6677.1 -12.4 286 0 7.7 7.8 5.0 2.5 2 1 2 2 2
201.0 5512.1 -9.9 4 0 14.4 12.7 5.0 2.5 2 0 2 0 0
385.4 5580.9 -10.2 277 0 17.1 15.4 10.0 2.5 2 0 4 0 0
140.4 5464.0 -10.0 184 0 9.3 15.1 7.5 2.5 2 1 3 0 0
145.0 5543.9 -10.1 184 0 15.5 11.1 5.0 2.5 2 0 2 0 0
120.3 5342.4 -9.4 187 0 9.2 9.8 2.5 2.5 2 1 1 0 0
203.9 5589.1 -10.6 7 0 11.0 16.8 7.5 2.5 4 1 3 3 3
731.5 6633.6 -11.6 16 0 10.8 8.4 7.5 2.5 2 0 3 5 5
229.3 5561.6 -10.3 184 0 13.7 14.6 5.0 0.0 0 1 2 5 5
811.5 6692.8 -12.6 286 0 31.1 9.7 7.5 0.0 0 0 3 4 4
739.0 6625.6 -10.9 196 0 6.5 6.8 7.5 0.0 0 1 3 1 1
146.7 5565.7 -10.4 184 0 9.1 8.7 5.0 2.5 2 0 2 0 0
376.3 5609.7 -10.1 100 0 10.7 23.2 5.0 2.5 2 1 2 4 4
735.6 6648.3 -11.9 16 0 10.0 5.3 5.0 2.5 4 0 2 4 4
199.4 5487.4 -10.3 7 0 17.2 11.8 7.5 2.5 2 0 3 4 4
118.4 5324.2 -9.1 187 0 10.1 9.1 7.5 2.5 2 0 3 3 3
225.9 5487.7 -10.6 187 0 13.7 10.4 2.5 2.5 2 0 1 2 2
725.6 6617.5 -11.0 16 0 8.0 5.4 2.5 2.5 2 0 1 5 5
275.7 5529.9 -9.9 5 0 13.9 13.3 2.5 2.5 2 0 1 5 5
718.3 6686.7 -12.7 16 0 15.8 11.3 2.5 2.5 4 0 1 0 0
750.9 6417.8 -5.5 187 0 13.2 11.6 10.0 2.5 2 0 4 4 4
279.3 5551.3 -10.1 3 0 14.6 11.6 5.0 2.5 2 0 2 1 1
124.1 5370.6 -9.5 188 0 17.7 12.4 5.0 2.5 2 0 2 3 3
743.3 6680.4 -12.6 16 0 11.9 9.3 2.5 2.5 2 0 1 3 3
322.5 5631.1 -10.1 198 0 13.2 11.7 5.0 2.5 2 0 2 5 5
731.6 6599.4 -10.1 196 0 8.0 5.4 5.0 2.5 4 0 2 5 5
271.5 5609.7 -10.3 271 0 15.3 10.4 2.5 2.5 2 0 1 3 3
138.5 5421.0 -9.9 187 0 13.9 12.2 7.5 2.5 2 0 3 2 2
756.1 6661.0 -12.0 196 0 5.7 4.6 5.0 2.5 2 0 2 4 4
360.0 5589.2 -10.2 277 0 14.7 12.9 7.5 2.5 2 0 3 1 1
739.9 6662.3 -12.2 16 0 8.0 6.8 5.0 2.5 2 0 2 0 0
145.0 5491.5 -10.0 187 0 13.6 15.2 2.5 2.5 4 1 1 2 2
190.6 5564.2 -10.4 7 0 14.3 10.3 7.5 2.5 2 0 3 0 0
137.0 6461.0 -9.6 351 0 14.6 17.4 10.0 2.5 2 1 4 5 5
193.5 6002.8 -6.9 181 0 8.9 8.9 2.5 2.5 2 0 1 4 4
209.8 5613.4 -10.5 6 0 12.1 10.2 5.0 2.5 4 0 2 1 1
282.2 5575.3 -10.5 4 0 12.5 13.7 7.5 2.5 4 1 3 3 3
225.7 5530.0 -9.9 184 0 16.6 14.1 7.5 2.5 2 0 3 5 5
373.9 5520.1 -10.7 95 0 10.3 20.5 10.0 2.5 2 1 4 0 0
754.8 6510.2 -6.8 189 0 8.6 19.1 2.5 2.5 2 1 1 3 3
166.1 5305.9 -9.3 97 0 10.9 18.1 5.0 2.5 2 1 2 4 4
350.4 5523.3 -10.4 95 0 10.3 20.5 10.0 2.5 2 1 4 4 4
122.9 5104.5 -10.2 104 0 7.0 34.2 5.0 2.5 2 1 2 4 4
207.9 5097.1 -10.6 102 0 7.0 34.2 7.5 2.5 2 1 3 3 3
457.0 5199.2 -11.8 3 0 12.1 59.2 12.5 2.5 2 1 5 0 0
229.1 5224.6 -8.6 188 0 11.8 52.1 7.5 2.5 2 1 3 4 4
165.1 5227.4 -8.2 99 0 50.6 12.7 5.0 2.5 2 0 2 4 4
117.2 5269.8 -8.6 188 0 11.2 39.7 7.5 0.0 0 1 3 4 4
183.0 5197.1 -8.6 279 0 39.5 10.6 7.5 2.5 2 0 3 5 5
283.9 5160.8 -9.8 10 0 39.5 11.7 7.5 2.5 2 0 3 5 5
219.5 5185.7 -9.0 188 0 10.9 41.5 7.5 2.5 2 1 3 0 0
327.8 5237.5 -9.2 8 0 12.3 53.8 10.0 2.5 2 1 4 1 1
192.6 5264.0 -8.3 277 0 39.2 10.4 5.0 0.0 0 0 2 5 5
107.4 5202.8 -8.4 189 0 10.7 40.2 10.0 2.5 2 1 4 0 0
176.7 5089.6 -10.7 107 0 48.1 11.8 7.5 2.5 2 0 3 1 1
419.6 4512.2 -17.0 184 0 15.5 18.6 12.5 2.5 2 1 5 4 4
440.8 4684.1 -14.0 133 0 9.9 27.4 7.5 2.5 4 1 3 5 5
482.0 4700.5 -15.2 225 0 26.6 9.6 7.5 2.5 2 0 3 1 1
473.3 4611.8 -17.8 226 0 13.1 41.5 12.5 2.5 2 1 5 0 0
538.9 4615.3 -19.0 136 0 11.3 33.5 7.5 2.5 2 1 3 4 4
432.3 4596.7 -15.7 132 0 32.8 9.6 7.5 0.0 0 0 3 3 3
465.6 4717.8 -14.1 223 0 5.4 10.1 7.5 2.5 2 1 3 2 2
501.9 4660.4 -16.5 52 0 25.5 13.6 7.5 2.5 2 0 3 0 0
460.8 4536.1 -17.6 138 0 5.6 20.9 7.5 2.5 2 1 3 0 0
568.5 4607.8 -20.2 226 0 33.5 11.4 10.0 2.5 4 0 4 1 1
525.6 4654.2 -17.8 226 0 31.8 11.5 7.5 2.5 2 0 3 4 4
489.5 4560.9 -19.0 226 0 10.5 31.4 10.0 2.5 2 1 4 1 1
468.9 4525.3 -18.2 227 0 15.7 9.0 7.5 2.5 2 0 3 5 5
537.8 4578.6 -19.7 226 0 33.2 11.2 10.0 0.0 0 0 4 1 1
390.9 4627.9 -13.5 223 0 32.9 10.3 10.0 2.5 2 0 4 0 0
418.5 4656.0 -13.7 131 0 15.1 16.1 5.0 2.5 4 1 2 4 4
354.5 4540.1 -14.0 96 0 11.6 15.3 5.0 2.5 2 0 2 2 2
268.2 4652.2 -14.2 183 0 10.7 8.3 7.5 0.0 0 0 3 0 0
314.4 4678.6 -13.7 6 0 8.8 8.5 7.5 2.5 2 0 3 0 0
190.5 4674.0 -15.0 284 0 9.1 8.6 7.5 0.0 0 0 3 0 0
265.6 4634.3 -14.4 187 0 9.6 8.9 7.5 2.5 2 0 3 4 4
212.2 4731.6 -14.5 194 0 5.4 9.2 7.5 0.0 0 0 3 2 2
264.3 4745.8 -14.0 13 0 11.0 13.8 7.5 2.5 2 1 3 2 2
317.6 4704.7 -13.6 7 0 10.6 10.5 10.0 2.5 2 0 4 4 4
275.4 4714.2 -13.9 187 0 8.5 8.8 7.5 0.0 0 1 3 1 1
229.8 4791.2 -14.0 284 0 8.7 11.2 5.0 0.0 0 0 2 3 3
312.1 4660.1 -13.8 7 0 9.0 8.5 5.0 2.5 2 0 2 5 5
223.7 4617.5 -14.9 102 0 11.8 8.8 5.0 0.0 0 0 2 0 0
156.2 4634.8 -15.5 104 0 9.2 8.8 5.0 2.5 2 0 2 1 1
267.3 4776.4 -13.6 14 0 4.9 11.6 5.0 2.5 2 1 2 2 2
243.8 4788.9 -13.8 283 0 4.7 8.2 5.0 2.5 2 0 2 0 0
231.0 4681.0 -14.5 104 0 8.0 11.6 5.0 2.5 2 1 2 4 4
222.1 4747.9 -14.1 104 0 7.3 8.1 7.5 2.5 2 0 3 2 2
207.0 4621.4 -15.0 104 0 8.0 9.2 2.5 2.5 2 1 1 5 5
263.0 4609.5 -14.5 97 0 7.9 8.1 5.0 2.5 2 0 2 4 4
219.4 4686.1 -14.6 13 0 4.5 8.6 5.0 2.5 2 0 2 3 3
272.8 4692.5 -14.0 186 0 6.9 8.6 5.0 2.5 2 0 2 1 1
181.8 4693.1 -14.9 104 0 8.1 10.4 2.5 2.5 2 0 1 4 4
276.9 4733.0 -13.7 188 0 4.9 9.6 5.0 2.5 2 1 2 3 3
270.4 4672.4 -14.1 187 0 9.2 10.2 2.5 2.5 2 1 1 5 5
185.4 4627.1 -15.2 104 0 6.9 11.7 2.5 2.5 2 1 1 2 2
-1717.9 2003.3 18.4 30 0 12.5 7.5 5.0 0.0 0 0 2 4 4
344.4 4376.2 -16.5 47 0 37.2 12.8 5.0 2.5 2 0 2 2 2
216.1 4869.7 -13.5 284 0 7.8 7.6 2.5 2.5 2 0 1 4 4
167.4 4488.6 -16.1 194 0 21.7 13.9 14.0 0.0 0 0 4 4 4
419.5 4480.5 -17.5 165 0 8.5 16.4 7.5 2.5 2 1 3 4 4
-3629.7 -890.3 22.4 292 0 10.9 16.9 2.5 2.5 2 1 1 1 1
-208.5 4140.5 -30.4 8 0 19.1 13.0 14.0 3.5 2 0 4 5 5
406.5 7721.6 -12.8 93 0 40.9 10.8 7.5 2.5 2 0 3 0 0
430.0 7761.2 -6.4 357 0 39.5 7.2 7.5 2.5 2 0 3 5 5
1653.6 -1531.1 7.5 330 0 14.1 9.2 7.5 2.5 2 0 3 0 0
2091.7 -1531.6 18.2 37 0 13.7 11.3 5.0 2.5 2 0 2 1 1
2094.7 -1512.1 18.8 39 0 12.2 8.0 5.0 2.5 2 0 2 0 0
1645.3 -1515.7 7.7 325 0 6.1 10.9 5.0 2.5 2 1 2 1 1
1634.8 -1500.6 8.4 326 0 9.1 7.4 7.5 2.5 2 0 3 1 1
1623.3 -1487.4 8.5 324 0 9.7 6.2 5.0 2.5 2 0 2 2 2
1601.3 -1458.7 8.2 319 0 5.8 8.9 7.5 2.5 2 1 3 1 1
1592.1 -1443.0 10.3 328 0 7.9 6.5 7.5 2.5 2 0 3 1 1
1585.4 -1423.8 12.7 332 0 7.8 7.7 7.5 2.5 2 0 3 4 4
1571.2 -1395.0 13.1 336 0 6.2 8.0 5.0 2.5 2 1 2 4 4
2117.6 -1503.8 18.9 47 0 11.4 11.0 5.0 2.5 2 0 2 1 1
2143.2 -1479.9 19.1 42 0 10.4 13.0 7.5 2.5 2 1 3 4 4
2140.3 -1458.4 19.2 49 0 17.1 29.6 7.5 2.5 2 1 3 2 2
2097.6 -1427.4 19.3 235 0 25.9 12.9 5.0 2.5 4 0 2 2 2
2123.2 -1479.7 19.1 53 0 6.7 9.2 5.0 2.5 2 0 2 1 1
2166.3 -1460.2 19.3 59 0 8.6 13.5 5.0 2.5 2 1 2 5 5
2117.6 -1472.4 19.1 56 0 6.8 10.8 2.5 2.5 2 0 1 4 4
2196.1 -1442.2 19.5 61 0 14.8 10.2 5.0 2.5 2 0 2 3 3
2183.8 -1416.1 19.6 243 0 11.3 7.3 5.0 2.5 2 0 2 0 0
2225.0 -1421.9 19.7 59 0 10.6 10.7 2.5 2.5 2 1 1 4 4
1870.0 -1362.2 20.4 75 0 9.1 6.6 5.0 2.5 2 0 2 2 2
1951.2 -1481.0 16.6 80 0 7.5 13.9 7.5 2.5 4 1 3 2 2
1942.0 -1386.1 19.9 353 0 17.3 13.0 5.0 0.0 0 0 2 3 3
1934.4 -1359.2 20.3 261 0 14.6 9.7 5.0 2.5 2 0 2 5 5
1827.2 -1335.8 20.1 254 0 13.2 26.8 10.0 2.5 2 1 4 1 1
1852.1 -1322.3 20.2 256 0 23.9 11.3 7.5 2.5 2 0 3 3 3
1882.4 -1339.3 20.4 347 0 11.4 10.5 5.0 2.5 2 0 2 3 3
1853.2 -1370.7 20.2 77 0 9.0 10.6 5.0 2.5 2 0 2 0 0
1861.1 -1364.6 20.3 75 0 9.2 6.7 5.0 2.5 2 0 2 2 2
2115.1 -1566.5 19.0 66 0 9.0 9.8 5.0 2.5 2 1 2 5 5
2131.3 -1591.6 19.7 74 0 10.0 9.6 5.0 2.5 2 0 2 3 3
2137.6 -1611.1 20.6 247 0 15.1 9.2 5.0 2.5 2 0 2 5 5
2149.4 -1605.6 20.4 246 0 9.0 14.9 5.0 2.5 2 1 2 1 1
2190.2 -1548.7 19.0 232 0 14.0 7.5 5.0 2.5 2 0 2 4 4
2210.4 -1545.6 19.0 234 0 11.4 24.8 7.5 2.5 2 1 3 1 1
2222.1 -1596.2 19.8 59 0 32.2 13.6 7.5 2.5 4 0 3 0 0
2174.9 -1564.1 19.3 242 0 10.1 9.9 5.0 2.5 2 0 2 5 5
2189.3 -1569.9 19.5 238 0 6.2 23.6 5.0 0.0 0 1 2 5 5
2229.6 -1519.5 19.2 243 0 10.7 9.7 5.0 2.5 2 0 2 2 2
2248.9 -1491.3 19.3 333 0 9.3 17.9 5.0 2.5 2 1 2 5 5
2255.3 -1481.8 19.4 152 0 7.7 11.9 5.0 0.0 0 1 2 5 5
2266.8 -1501.8 19.4 241 0 10.7 9.3 5.0 2.5 2 0 2 5 5
2289.9 -1489.6 19.5 239 0 11.3 10.5 5.0 2.5 2 0 2 1 1
2311.5 -1455.7 19.7 55 0 12.8 12.3 7.5 2.5 2 0 3 5 5
2107.9 -1651.8 21.1 67 0 9.7 17.8 5.0 2.5 2 1 2 2 2
2092.6 -1651.1 21.2 337 0 9.8 18.0 2.5 0.0 0 1 1 4 4
2086.4 -1677.9 21.5 153 0 7.8 10.9 2.5 2.5 2 1 1 5 5
2050.2 -1708.4 21.3 239 0 14.6 16.7 5.0 2.5 2 1 2 5 5
2037.7 -1752.9 21.0 149 0 12.9 23.8 7.5 2.5 4 1 3 4 4
2022.2 -1770.1 20.9 57 0 24.5 40.9 7.5 0.0 0 1 3 4 4
2031.5 -1707.4 21.4 239 0 22.5 8.7 2.5 2.5 2 0 1 1 1
2329.1 -1376.9 20.2 68 0 11.0 10.0 5.0 2.5 2 0 2 3 3
2363.3 -1368.6 20.3 75 0 11.0 9.6 5.0 2.5 2 0 2 1 1
2396.2 -1388.2 20.3 236 0 17.6 12.7 5.0 2.5 4 0 2 2 2
2413.9 -1381.1 20.4 236 0 16.9 9.0 8.0 2.5 2 0 2 3 3
2422.5 -1388.1 20.3 235 0 10.7 27.0 7.5 2.5 2 1 3 3 3
2425.9 -1435.9 20.1 56 0 32.0 11.9 7.5 2.5 2 0 3 0 0
2408.1 -1363.8 20.3 62 0 10.1 8.3 5.0 0.0 0 0 2 4 4
2412.6 -1339.2 20.2 242 0 8.0 13.4 4.0 2.5 2 1 1 1 1
2495.1 -1317.4 20.1 64 0 10.6 8.4 2.5 2.5 2 0 1 0 0
2503.5 -1359.3 20.3 155 0 10.8 20.2 5.0 2.5 2 1 2 2 2
2789.9 -1267.0 19.8 246 0 16.2 14.8 5.0 2.5 2 0 2 0 0
2827.5 -1259.0 19.8 251 0 8.7 9.8 2.5 2.5 2 1 1 4 4
2849.1 -1260.4 19.8 251 0 9.6 20.2 12.0 2.5 2 1 3 0 0
2907.0 -1248.3 19.7 258 0 10.5 20.2 2.5 2.5 2 1 1 5 5
2878.7 -1252.6 19.7 258 0 8.3 19.1 8.0 2.5 2 1 2 4 4
1579.5 -1411.5 13.2 328 0 5.8 8.0 5.0 2.5 2 1 2 3 3
1460.7 -1198.4 15.4 62 0 7.0 7.7 7.5 2.5 2 1 3 0 0
1441.8 -1208.6 14.2 20 0 9.6 9.7 7.5 2.5 2 1 3 2 2
1480.9 -1238.1 18.2 61 0 9.0 6.8 5.0 2.5 2 0 2 5 5
1468.3 -1245.9 16.3 62 0 6.3 10.2 7.5 2.5 2 1 3 0 0
1449.6 -1256.7 14.0 150 0 6.9 8.0 7.5 2.5 2 1 3 2 2
1444.2 -1226.1 15.6 271 0 8.5 9.7 7.5 2.5 2 1 3 2 2
1460.9 -1217.1 18.4 240 0 8.1 7.8 7.5 2.5 2 0 3 2 2
1483.3 -1255.2 16.1 240 0 7.8 8.2 7.5 2.5 2 1 3 1 1
1497.9 -1281.2 16.5 58 0 8.6 8.1 5.0 2.5 2 0 2 1 1
1469.6 -1264.5 15.3 238 0 7.4 8.9 5.0 2.5 2 1 2 2 2
1454.9 -1279.3 14.9 178 0 7.0 8.5 5.0 2.5 2 1 2 0 0
1483.4 -1294.9 15.3 59 0 8.4 9.4 5.0 2.5 2 1 2 0 0
1463.3 -1304.2 14.3 150 0 7.2 7.6 5.0 2.5 2 1 2 3 3
1444.9 -1273.5 13.8 339 0 11.4 7.7 7.5 2.5 2 0 3 1 1
1441.9 -1302.7 13.4 359 0 11.4 7.4 7.5 2.5 2 0 3 3 3
1443.4 -1319.9 12.5 358 0 9.4 6.0 5.0 2.5 2 0 2 0 0
1446.2 -1338.3 10.9 356 0 11.0 9.4 7.5 2.5 2 0 3 0 0
1444.9 -1358.1 8.8 336 0 9.8 9.7 7.5 2.5 2 0 3 1 1
1454.2 -1372.6 7.8 328 0 9.3 8.3 7.5 2.5 2 0 3 4 4
1466.8 -1390.2 6.6 325 0 8.9 7.4 7.5 2.5 2 0 3 5 5
1478.4 -1409.5 5.0 325 0 10.3 8.8 7.5 2.5 2 0 3 2 2
1507.4 -1291.8 15.7 243 0 12.3 9.9 7.5 2.5 2 0 3 4 4
1518.7 -1318.7 14.9 59 0 9.0 9.1 7.5 2.5 2 1 3 3 3
1494.5 -1315.6 13.8 242 1 11.7 12.3 10.0 0.0 0 1 4 0 0
1473.0 -1326.2 12.7 237 0 7.5 8.0 5.0 2.5 4 1 2 4 4
1493.0 -1346.5 11.9 63 0 8.5 10.6 7.5 2.5 2 1 3 2 2
1530.5 -1328.9 13.8 241 0 9.5 9.2 5.0 2.5 2 0 2 5 5
1517.9 -1339.1 12.6 233 0 7.0 10.8 5.0 2.5 2 1 2 4 4
1508.9 -1356.8 10.7 240 0 9.3 9.3 5.0 2.5 2 1 2 2 2
1480.8 -1386.0 7.8 149 0 12.4 9.3 7.5 2.5 2 0 3 4 4
1493.1 -1364.1 9.6 240 0 7.0 9.4 7.5 2.5 4 1 3 2 2
1464.0 -1358.6 9.8 154 0 12.2 11.8 7.5 2.5 2 0 3 4 4
1285.4 -1268.4 8.2 69 0 7.4 13.4 7.5 2.5 2 1 3 0 0
1311.5 -1348.4 6.9 75 0 8.3 19.9 5.0 2.5 2 1 2 0 0
1309.8 -1406.9 0.7 359 0 6.1 9.2 5.0 2.5 2 1 2 1 1
1302.9 -1434.1 -1.9 176 0 6.6 10.3 5.0 2.5 2 1 2 2 2
2120.7 -1729.7 21.0 63 0 7.5 9.7 4.0 2.5 2 1 1 3 3
2137.2 -1721.8 20.9 333 0 8.0 7.4 2.5 2.5 2 0 1 1 1
2129.2 -1698.6 21.2 335 0 8.8 8.9 5.0 0.0 0 1 2 2 2
2197.6 -1797.8 20.5 328 0 13.9 10.0 7.5 2.5 2 0 3 5 5
2217.8 -1827.8 21.1 330 0 11.9 10.7 5.0 2.5 2 0 2 5 5
2218.8 -1849.0 21.1 330 0 10.5 20.1 4.0 2.5 2 1 1 4 4
2186.1 -1865.2 20.8 56 0 11.2 25.8 7.5 2.5 2 1 3 4 4
2202.8 -1827.2 20.9 328 0 5.9 28.2 8.0 2.5 2 1 2 4 4
1972.0 -1774.4 21.2 357 0 5.8 7.8 4.0 2.5 2 1 1 3 3
2381.0 -1404.8 20.2 226 0 6.2 16.6 2.5 2.5 2 1 1 3 3
2309.8 -1476.1 19.6 241 0 7.7 6.3 5.0 2.5 4 0 2 4 4
2334.2 -1452.4 19.8 237 0 8.8 12.7 2.5 2.5 2 1 1 1 1
2358.6 -1451.9 19.9 236 0 8.1 5.4 5.0 2.5 2 0 2 2 2
2371.5 -1414.8 20.1 232 0 14.3 6.5 5.0 2.5 2 0 2 0 0
2399.7 -1420.2 20.1 238 0 8.1 10.2 8.0 2.5 2 1 2 5 5
1324.9 -2076.7 6.3 93 0 13.9 11.5 7.5 2.5 2 0 3 4 4
1347.8 -2071.6 2.0 91 0 11.0 19.0 12.0 2.5 2 1 3 5 5
2695.8 -1020.3 19.3 228 0 7.9 10.1 4.0 2.5 2 1 1 1 1
2714.4 -1004.9 19.2 231 0 12.7 8.1 5.0 2.5 2 0 2 5 5
2478.2 -767.9 19.1 151 0 14.4 11.0 5.0 2.5 2 0 2 1 1
2486.4 -748.8 19.2 153 0 9.4 14.1 8.0 2.5 2 1 2 1 1
2865.2 -815.4 18.7 60 0 10.6 10.2 5.0 2.5 2 0 2 3 3
2829.8 -733.7 19.3 239 0 9.5 9.2 5.0 2.5 2 0 2 4 4
2816.6 -783.2 18.7 152 0 23.0 12.9 7.5 2.5 2 0 3 5 5
2865.7 -749.7 19.0 331 0 24.7 11.0 10.0 2.5 2 0 4 2 2
3089.3 -370.5 18.4 328 0 14.1 12.2 5.0 2.5 2 0 2 0 0
3025.2 -341.8 18.4 151 0 11.6 9.5 5.0 2.5 2 0 2 5 5
3059.3 -323.8 18.2 63 0 12.5 14.6 8.0 0.0 0 1 2 5 5
3032.1 -309.9 18.3 243 0 14.4 9.4 8.0 2.5 2 0 2 2 2
3090.8 -392.3 18.5 332 0 11.3 16.3 8.0 0.0 0 1 2 5 5
3053.3 -397.4 18.6 150 0 17.7 9.7 4.0 2.5 4 0 1 1 1
3070.8 -364.8 18.4 330 0 6.4 11.9 4.0 2.5 2 1 1 5 5
3051.9 -339.1 18.4 333 0 7.5 10.4 8.0 2.5 4 1 2 4 4
3582.4 -156.8 15.7 228 0 9.7 9.4 5.0 2.5 4 0 2 3 3
3578.2 -185.0 15.8 138 0 19.1 10.1 8.0 2.5 2 0 2 5 5
3609.2 -155.4 15.6 318 0 18.4 7.7 8.0 2.5 2 0 2 3 3
3571.9 -74.5 15.3 55 0 14.0 38.2 7.5 2.5 2 1 3 1 1
3593.9 -64.6 15.2 58 0 28.2 10.8 12.5 2.5 2 0 5 3 3
3566.0 -27.6 15.2 242 0 14.8 8.6 8.0 2.5 2 0 2 2 2
3605.5 -26.1 15.0 331 0 17.7 9.9 5.0 2.5 2 0 2 3 3
3830.5 -174.9 14.9 235 0 11.0 12.3 5.0 2.5 4 0 2 4 4
3846.9 -196.9 15.0 330 0 8.0 21.1 8.0 2.5 2 1 2 2 2
3822.1 -164.8 14.9 235 0 13.1 13.1 2.5 2.5 2 0 1 2 2
3784.5 -207.7 15.2 66 0 13.6 10.8 8.0 2.5 2 0 2 3 3
1479.7 -830.6 17.0 83 0 13.8 56.3 7.5 2.5 2 1 3 4 4
1503.1 -804.8 17.3 83 0 22.4 10.9 8.0 2.5 2 0 2 5 5
1496.1 -762.1 17.6 261 0 26.7 11.2 7.5 2.5 2 0 3 1 1
1557.3 -749.9 17.9 348 0 13.9 37.3 10.0 2.5 2 1 4 2 2
1560.6 -770.0 17.8 261 0 13.3 24.2 7.5 2.5 2 1 3 5 5
1692.9 -508.0 20.0 242 0 12.2 20.0 2.5 2.5 2 1 1 0 0
1732.1 -484.7 19.5 241 0 20.9 21.0 7.5 2.5 2 1 3 2 2
1711.0 -529.4 20.0 152 0 9.6 24.3 8.0 2.5 2 1 2 3 3
478.7 4751.9 -13.9 181 0 10.1 9.5 5.0 2.5 2 0 2 2 2
479.1 4773.1 -13.6 182 0 10.1 13.1 5.0 2.5 2 1 2 0 0
484.4 4800.5 -13.1 271 0 9.6 9.9 5.0 2.5 2 1 2 5 5
2479.1 4421.0 -5.3 88 0 12.1 39.4 7.5 2.5 2 1 3 0 0
2538.9 4424.8 -4.5 87 0 37.8 12.6 7.5 2.5 2 0 3 0 0
5674.5 3030.0 0.6 25 0 23.3 11.1 10.0 2.5 2 0 4 5 5
1084.4 5529.9 -9.3 2 0 104.1 109.4 12.5 0.0 0 1 5 1 1
2744.0 3811.0 2.9 276 0 12.8 16.8 3.5 2.5 2 1 1 0 0
3246.6 3648.5 3.1 280 0 25.2 74.5 7.5 0.0 0 1 3 1 1
3178.4 3623.1 2.5 280 0 16.8 59.7 10.0 2.5 2 1 4 4 4
6345.6 -6799.5 11.4 230 0 11.3 16.8 10.0 0.0 0 0 4 0 0
-3588.6 -1557.7 -3.9 295 0 9.5 16.9 7.5 2.5 4 1 3 0 0
-4876.3 6062.1 -12.3 195 0 10.8 10.0 5.0 2.5 2 0 2 5 5
-4851.0 6080.3 -12.5 287 0 11.5 7.3 7.5 2.5 2 0 3 2 2
-4896.9 6137.3 -14.0 142 0 30.5 9.6 7.5 2.5 2 0 3 4 4
-4873.4 6171.4 -14.2 322 0 14.4 12.0 7.5 2.5 2 0 3 3 3
-4954.5 6095.8 -12.5 76 0 29.5 33.0 12.5 0.0 0 1 5 0 0
-4986.9 6103.7 -12.8 76 0 13.4 36.7 12.5 2.5 4 1 5 3 3
-5019.7 6114.5 -12.5 166 0 36.0 13.6 12.5 2.5 2 0 5 5 5
-2952.4 4756.3 -3.4 92 0 9.9 12.6 5.0 2.5 2 1 2 4 4
-2936.3 4750.8 -3.4 94 0 17.9 26.5 10.0 2.5 4 1 4 5 5
-1231.1 4970.4 -1.0 184 0 12.8 8.7 7.5 2.5 4 0 3 1 1
-1202.8 4983.7 -1.7 0 0 8.8 17.4 7.5 2.5 2 1 3 3 3
-3684.6 4938.5 5.0 96 0 6.8 5.2 5.0 2.5 2 0 2 3 3
-3702.1 4967.6 5.4 184 0 7.5 9.3 7.5 0.0 0 1 3 4 4
-3662.4 5019.1 6.9 3 0 9.0 5.8 2.5 2.5 2 0 1 5 5
-3704.0 5056.2 7.5 182 0 6.7 6.3 2.5 2.5 2 0 1 5 5
-3491.2 4354.6 0.2 4 0 17.3 10.4 2.5 2.5 4 0 1 4 4
-3494.4 4384.8 0.7 315 0 4.2 7.3 2.5 2.5 2 1 1 5 5
-1068.2 4786.6 -4.9 91 0 12.1 12.8 5.0 2.5 2 1 2 0 0
-1037.2 4818.3 -6.5 91 0 17.3 6.3 5.0 2.5 2 0 2 3 3
-1016.9 4784.3 -4.9 90 0 16.4 9.2 5.0 2.5 2 0 2 0 0
-993.2 4812.0 -7.2 90 0 10.1 16.2 7.5 2.5 2 1 3 4 4
-995.2 4862.6 -8.0 270 0 11.5 25.3 10.0 2.5 4 1 4 1 1
-1020.9 4880.8 -8.3 266 0 20.5 6.4 5.0 2.5 2 0 2 5 5
-940.0 4867.4 -7.7 270 0 9.9 27.8 7.5 2.5 2 1 3 0 0
-854.2 4801.5 -5.4 277 0 15.7 15.8 7.5 2.5 2 1 3 5 5
-838.6 4801.3 -5.1 273 0 7.8 14.1 7.5 2.5 4 1 3 3 3
-848.5 4844.7 -6.0 184 0 22.3 31.5 12.5 0.0 0 1 5 5 5
-795.7 4837.7 -6.4 6 0 15.6 12.4 10.0 2.5 2 0 4 4 4
-813.6 4781.4 -5.0 92 0 12.6 11.8 5.0 2.5 2 0 2 5 5
-788.2 4781.2 -5.2 89 0 11.3 11.9 5.0 2.5 4 1 2 2 2
-737.0 4781.9 -5.9 93 0 9.5 9.3 7.5 2.5 2 0 3 1 1
-729.5 4816.5 -6.6 275 0 7.3 9.7 5.0 2.5 2 1 2 5 5
-6870.6 6477.0 -13.4 193 0 32.3 16.9 10.0 2.5 2 0 4 5 5
-2241.1 6128.0 -18.6 271 0 11.6 11.7 5.0 0.0 0 1 2 4 4
-2204.8 6125.1 -18.7 358 0 11.5 8.0 7.5 2.5 2 0 3 5 5
-2224.6 6101.0 -20.1 87 0 19.5 11.3 5.0 0.0 0 0 2 4 4
-111.8 7587.6 -7.2 203 0 19.3 10.3 5.0 2.5 2 0 2 0 0
-64.8 7573.8 -10.6 24 0 25.0 12.3 12.5 2.5 2 0 5 4 4
-843.3 7553.1 0.1 159 0 12.5 15.4 5.0 2.5 2 1 2 3 3
-818.4 7527.6 1.2 338 0 30.9 16.7 10.0 0.0 0 0 4 1 1
-493.3 5819.6 -22.9 90 0 11.0 12.3 5.0 2.5 2 1 2 5 5
822.8 5520.1 -10.4 270 0 85.2 55.2 10.0 0.0 0 0 4 4 4
381.6 4321.3 -19.1 258 0 14.5 6.2 2.5 2.5 2 0 1 1 1
6364.2 -6812.8 12.8 320 0 10.7 11.3 5.0 2.5 2 0 2 1 1
382.4 1045.0 21.7 62 0 117.0 15.8 7.5 0.0 0 0 3 0 0
361.2 1087.3 21.7 242 0 117.0 15.8 7.5 0.0 0 0 3 2 2
-3697.0 5626.9 -10.4 116 0 10.6 13.0 5.0 2.5 2 1 2 1 1
-3719.1 5627.1 -10.3 114 0 8.2 19.6 5.0 0.0 0 1 2 4 4
-3734.9 5693.8 -11.9 210 0 12.1 19.8 10.0 2.5 2 1 4 2 2
2010.7 677.1 18.0 353 0 13.1 61.6 7.5 2.5 2 1 3 0 0
2007.0 697.6 17.9 352 0 11.8 44.9 7.5 2.5 2 1 3 3 3
2003.7 717.0 17.8 352 0 11.8 44.9 7.5 2.5 2 1 3 3 3
2002.0 736.2 17.7 352 0 11.8 44.9 10.0 2.5 2 1 4 3 3
1976.2 758.2 17.7 262 0 44.9 11.7 7.5 2.5 4 0 3 1 1
1896.9 674.2 18.3 263 0 71.7 15.3 7.5 2.5 4 0 3 2 2
812.7 5085.3 -11.5 100 0 62.7 54.4 10.0 0.0 0 0 4 0 0
724.2 5087.1 -11.6 268 0 23.7 16.2 10.0 2.5 2 0 4 2 2
515.4 5186.4 -12.3 47 0 54.2 12.7 10.0 2.5 2 0 4 5 5
-3601.2 5644.0 -12.4 304 0 16.5 20.3 7.5 2.5 4 0 3 1 1
-3590.7 5637.3 -12.4 300 0 8.4 20.5 7.5 0.0 0 0 3 4 4
366.5 1144.5 21.9 241 0 10.2 18.2 5.0 2.5 2 1 2 0 0
383.5 1163.2 21.9 242 0 16.9 8.4 5.0 2.5 2 0 2 2 2
411.8 1160.7 21.9 334 0 11.0 8.1 5.0 2.5 2 0 2 2 2
964.8 378.3 20.4 57 0 6.5 13.7 7.5 2.5 2 1 3 3 3
982.1 385.4 20.8 53 0 10.3 10.3 2.5 2.5 2 0 1 2 2
1004.0 360.3 21.6 237 0 7.5 10.7 5.0 2.5 2 1 2 2 2
1047.8 305.1 21.9 222 0 18.0 7.1 5.0 2.5 2 0 2 1 1
1064.4 329.1 22.4 315 0 10.2 11.1 7.5 2.5 2 1 3 0 0
1004.9 224.0 20.0 138 0 11.9 93.8 10.0 2.5 4 1 4 5 5
1107.2 276.3 20.3 317 0 14.6 82.0 12.5 0.0 0 1 5 5 5
751.5 772.5 20.6 343 0 6.2 4.4 5.0 2.5 2 0 2 4 4
724.2 776.1 20.7 165 0 12.4 8.5 5.0 2.5 2 0 2 3 3
746.5 795.2 20.1 343 0 10.3 13.8 5.0 2.5 2 1 2 1 1
726.7 842.0 19.3 258 0 9.6 20.0 7.5 2.5 2 1 3 2 2
577.0 901.8 20.0 143 0 4.2 11.2 7.5 2.5 2 1 3 5 5
543.6 925.3 20.4 59 0 8.9 13.8 2.5 2.5 2 1 1 4 4
562.7 935.9 20.3 329 0 9.1 11.4 2.5 0.0 0 1 1 0 0
564.1 938.2 20.0 150 0 8.4 8.6 7.5 2.5 2 1 3 3 3
574.5 933.7 19.8 239 0 13.0 17.7 2.5 2.5 2 1 1 4 4
555.9 973.1 19.4 328 0 5.5 8.4 7.5 2.5 2 1 3 3 3
565.9 958.0 19.5 328 0 17.4 11.8 2.5 2.5 2 0 1 0 0
550.8 862.7 21.6 354 0 7.0 7.0 7.5 0.0 0 0 3 2 2
509.7 872.1 21.6 89 0 16.2 10.2 5.0 2.5 2 0 2 0 0
573.0 867.3 21.2 175 0 13.1 4.9 7.5 2.5 2 0 3 4 4
633.1 812.8 21.2 174 0 14.3 14.5 7.5 2.5 2 1 3 3 3
520.8 750.6 21.8 0 0 5.2 4.6 5.0 2.5 2 0 2 2 2
543.8 751.4 21.8 264 0 15.9 12.1 5.0 2.5 2 0 2 2 2
755.1 893.6 18.8 244 0 14.7 13.8 7.5 2.5 2 0 3 2 2
790.7 1218.9 18.0 77 0 3.2 14.7 5.0 2.5 2 1 2 0 0
930.9 737.3 21.1 1 0 15.7 9.5 5.0 2.5 2 0 2 0 0
930.3 755.0 20.9 357 0 8.0 10.4 2.5 2.5 2 1 1 2 2
930.9 812.0 20.0 0 0 10.4 16.8 5.0 2.5 2 1 2 5 5
905.5 550.3 20.2 262 0 8.1 12.8 7.5 2.5 4 1 3 1 1
927.1 615.3 20.5 258 0 20.6 6.6 5.0 2.5 2 0 2 3 3
895.2 611.5 20.5 181 0 30.2 9.0 7.5 2.5 2 0 3 2 2
905.5 650.9 20.7 164 0 6.5 18.4 5.0 2.5 2 1 2 0 0
856.2 648.9 20.6 254 0 10.0 13.8 7.5 2.5 2 1 3 0 0
876.2 667.1 20.8 73 0 14.4 8.7 2.5 0.0 0 0 1 3 3
821.9 748.7 20.9 251 0 11.7 15.7 5.0 2.5 2 1 2 3 3
802.5 594.4 20.8 343 0 5.2 14.2 5.0 2.5 2 1 2 1 1
862.0 -95.4 16.5 353 0 5.3 30.2 2.5 2.5 2 1 1 0 0
832.2 -126.7 17.0 82 0 10.0 19.3 7.5 2.5 2 0 3 4 4
858.6 -132.9 16.0 82 0 19.4 9.9 5.0 2.5 2 0 2 4 4
879.4 -110.2 15.7 353 0 11.7 10.7 5.0 2.5 2 0 2 1 1
850.7 -215.7 19.0 174 0 8.9 19.2 2.5 2.5 2 1 1 3 3
815.1 1124.3 17.7 354 0 8.6 7.5 5.0 2.5 2 0 2 0 0
766.8 1128.8 18.2 264 0 23.1 9.9 5.0 2.5 2 0 2 3 3
784.3 1067.2 18.1 84 0 30.8 7.3 5.0 2.5 2 0 2 0 0
738.4 1066.2 18.1 175 0 6.5 22.2 7.5 2.5 2 1 3 1 1
690.5 1089.3 19.3 357 0 6.5 8.7 7.5 2.5 2 0 3 5 5
702.4 1089.8 19.1 357 0 6.5 12.0 2.5 2.5 2 0 1 2 2
729.0 1092.6 18.5 180 0 13.1 7.7 5.0 2.5 2 0 2 1 1
719.8 1064.0 18.3 181 0 5.9 7.5 7.5 2.5 2 1 3 3 3
713.4 1022.7 18.4 185 0 7.4 10.9 7.5 2.5 2 1 3 3 3
734.4 1022.8 18.4 178 0 5.9 12.8 5.0 2.5 4 1 2 2 2
729.9 1009.9 18.5 187 0 12.2 6.8 7.5 0.0 0 0 3 2 2
719.4 970.5 18.6 178 0 14.5 11.9 7.5 2.5 2 0 3 2 2
700.5 1011.6 18.4 1 0 5.2 9.1 5.0 2.5 2 1 2 3 3
698.7 978.7 18.5 4 0 6.2 10.6 7.5 2.5 2 1 3 1 1
689.8 967.2 18.5 358 0 13.6 10.0 2.5 2.5 2 0 1 4 4
700.5 936.6 18.5 358 0 7.2 14.6 7.5 2.5 2 1 3 2 2
491.5 1020.2 20.9 144 0 9.9 11.1 7.5 0.0 0 1 3 0 0
1094.8 864.3 20.3 351 0 25.1 10.4 7.5 2.5 2 0 3 3 3
1062.5 887.1 20.2 167 0 4.3 11.5 2.5 2.5 2 1 1 5 5
957.1 783.7 20.7 170 0 5.7 6.9 2.5 2.5 4 0 1 3 3
994.0 799.6 20.4 347 0 7.1 4.7 2.5 2.5 2 0 1 1 1
999.6 819.9 20.2 348 0 30.2 10.1 2.5 2.5 2 0 1 1 1
955.2 824.6 20.1 169 0 13.1 32.3 2.5 2.5 2 0 1 2 2
997.3 849.0 20.1 51 0 4.2 8.2 2.5 2.5 2 0 1 5 5
1007.6 756.2 21.0 350 0 11.1 7.6 5.0 2.5 2 0 2 3 3
979.9 738.5 21.0 81 0 15.5 18.0 7.5 0.0 0 1 3 0 0
953.3 737.3 21.1 174 0 3.7 12.1 2.5 2.5 2 0 1 2 2
963.6 718.5 21.3 352 0 5.5 7.4 2.5 2.5 2 0 1 5 5
950.6 685.1 21.1 143 0 6.2 12.1 2.5 2.5 2 1 1 1 1
978.6 693.9 21.2 352 0 6.9 12.1 7.5 2.5 2 1 3 0 0
974.1 671.7 21.0 355 0 7.3 12.9 2.5 2.5 4 0 1 1 1
981.4 643.5 20.8 351 0 11.8 7.3 7.5 2.5 2 0 3 2 2
955.3 634.9 20.7 172 0 16.4 15.8 7.5 2.5 2 0 3 0 0
1118.1 521.3 21.7 177 0 17.5 10.2 2.5 2.5 2 0 1 1 1
1141.7 525.3 21.7 358 0 19.1 5.0 5.0 2.5 2 0 2 3 3
1086.9 469.0 22.0 82 0 13.5 13.9 5.0 2.5 2 1 2 3 3
1041.9 430.4 22.4 254 0 23.2 16.3 10.0 2.5 2 0 4 5 5
1037.5 475.1 22.2 256 0 9.7 9.0 7.5 2.5 2 0 3 2 2
986.4 467.9 21.2 165 0 7.8 9.6 5.0 2.5 2 0 2 0 0
997.9 448.9 21.4 75 0 6.8 17.4 5.0 2.5 2 0 2 1 1
1020.2 432.4 21.8 75 0 30.9 13.1 10.0 2.5 2 0 4 5 5
1012.2 519.2 21.1 353 0 29.7 11.9 7.5 2.5 2 0 3 1 1
980.1 525.8 20.5 261 0 18.5 6.5 5.0 2.5 2 0 2 3 3
956.2 513.1 20.2 171 0 16.8 10.6 7.5 0.0 0 0 3 5 5
779.8 578.5 21.1 77 0 5.2 9.7 2.5 2.5 2 1 1 2 2
829.4 570.8 20.3 257 0 5.8 30.2 7.5 2.5 2 0 3 0 0
808.6 547.2 20.4 257 0 45.6 12.0 7.5 2.5 2 0 3 3 3
826.6 594.3 20.5 345 0 20.0 12.8 7.5 2.5 2 0 3 3 3
753.6 592.0 21.3 164 0 7.5 15.1 5.0 2.5 2 0 2 4 4
780.4 609.4 20.9 254 0 31.0 12.9 7.5 2.5 2 0 3 3 3
806.8 631.5 20.6 253 0 14.4 16.4 5.0 2.5 4 1 2 5 5
795.9 639.3 20.8 75 0 11.2 14.0 2.5 2.5 4 1 1 5 5
784.9 680.1 21.0 345 0 9.8 13.7 7.5 0.0 0 1 3 1 1
771.9 751.4 21.0 345 0 9.4 10.2 7.5 2.5 2 0 3 2 2
788.9 741.7 20.8 345 0 12.6 20.8 5.0 2.5 2 0 2 3 3
797.2 704.4 20.8 342 0 12.4 9.2 5.0 2.5 2 0 2 4 4
783.3 710.9 21.0 345 0 7.4 27.0 2.5 2.5 2 0 1 5 5
750.0 692.3 21.3 165 0 19.4 9.9 5.0 2.5 2 0 2 5 5
-1654.4 5884.8 -15.2 360 0 10.4 17.6 5.0 2.5 2 1 2 3 3
-1662.6 5920.0 -16.1 267 0 16.9 11.4 5.0 2.5 2 0 2 1 1
-1643.6 5864.2 -14.6 0 0 13.3 15.0 2.5 2.5 2 1 1 0 0
-1722.6 5879.6 -15.0 180 0 9.3 19.7 2.5 2.5 2 0 1 0 0
-1692.4 5874.9 -15.0 89 0 21.0 7.4 7.5 0.0 0 0 3 0 0
-1700.2 5912.9 -15.9 268 0 9.1 21.6 5.0 2.5 2 1 2 1 1
1725.0 -3794.3 -4.7 247 0 5.4 9.9 5.0 2.5 2 1 2 1 1
1738.8 -3810.2 -4.1 337 0 16.1 12.1 7.5 2.5 2 0 3 2 2
1737.7 -3828.5 -2.1 158 0 10.0 6.8 2.5 2.5 2 0 1 4 4
1746.0 -3849.9 -1.7 68 0 14.5 16.1 5.0 2.5 2 1 2 0 0
1840.2 -3764.2 6.8 241 0 16.7 10.8 5.0 0.0 0 0 2 5 5
1868.9 -3781.7 7.8 56 0 7.3 20.8 5.0 2.5 2 1 2 1 1
1879.4 -3801.4 8.8 64 0 10.6 12.1 5.0 2.5 2 1 2 0 0
1893.6 -3794.7 8.7 68 0 14.8 9.0 5.0 2.5 2 0 2 5 5
1948.5 -3882.9 1.3 244 0 50.5 22.5 12.5 2.5 4 0 5 2 2
1964.2 -3837.9 2.7 153 0 55.8 14.9 10.0 2.5 2 0 4 3 3
1903.8 -3839.7 4.4 243 0 11.4 38.0 12.5 0.0 0 1 5 4 4
1889.1 -3875.1 4.6 334 0 28.7 8.5 2.5 2.5 4 0 1 5 5
1834.5 -3851.1 5.8 153 0 9.6 15.8 2.5 2.5 2 1 1 0 0
1798.8 -3863.9 2.8 61 0 23.6 5.8 2.5 2.5 2 0 1 3 3
1833.4 -3922.3 3.3 56 0 13.8 6.4 7.5 2.5 2 0 3 3 3
1825.0 -3878.8 3.1 292 0 10.6 15.7 2.5 0.0 0 1 1 2 2
1791.5 -3894.9 1.5 249 0 10.7 13.2 5.0 0.0 0 1 2 2 2
1807.7 -3897.6 1.9 248 0 16.6 12.4 5.0 2.5 2 0 2 3 3
1783.3 -3900.0 0.3 336 0 11.5 17.0 7.5 2.5 2 1 3 0 0
-107.4 6878.5 -9.3 164 0 26.2 54.5 7.5 2.5 2 1 3 3 3
-3421.9 -3313.2 28.1 219 0 8.6 19.3 5.0 2.5 2 1 2 1 1
485.9 5932.7 -9.4 179 0 10.7 22.8 7.5 2.5 2 1 3 4 4
6053.3 -5273.5 26.3 35 0 105.6 50.4 15.0 0.0 0 0 6 1 1
6023.2 -5320.0 28.2 355 0 10.0 17.7 4.0 2.5 2 0 1 5 5
6139.8 -5354.9 28.5 303 0 43.4 21.7 7.5 0.0 0 0 3 4 4
6101.1 -5397.7 28.9 124 0 41.1 35.3 7.5 0.0 0 0 3 1 1
359.3 4468.6 -15.0 6 0 9.9 5.9 5.0 2.5 2 0 2 1 1
390.6 4426.4 -17.0 6 0 7.6 18.8 2.5 0.0 0 1 1 2 2
-197.2 3666.9 -7.0 36 0 9.8 23.1 10.5 3.5 2 1 3 0 0
-227.9 3665.8 -4.4 217 0 10.4 9.7 10.5 3.5 2 0 3 2 2
509.6 -8241.6 20.3 112 0 9.0 20.0 7.5 2.5 2 0 3 5 5
556.4 -8180.7 20.9 24 0 7.7 35.2 7.5 2.5 4 0 3 1 1
524.1 -8166.6 21.0 23 0 7.7 3.8 7.5 0.0 0 0 3 5 5
619.3 -8254.0 19.1 106 0 45.7 12.2 10.0 2.5 2 0 4 3 3
525.7 -8230.1 20.4 22 0 5.0 6.1 2.5 2.5 2 0 1 1 1
573.0 -8195.1 20.9 111 0 19.6 11.3 5.0 2.5 2 0 2 3 3
568.5 -8226.2 20.3 201 0 21.7 11.3 7.5 2.5 2 0 3 5 5
541.9 -8203.6 20.7 22 0 30.1 12.0 10.0 2.5 2 0 4 0 0
565.0 -8248.2 19.9 292 0 13.2 12.8 2.5 2.5 2 0 1 5 5
553.3 -8135.9 20.9 288 0 16.0 11.1 5.0 2.5 2 0 2 5 5
543.3 -8140.8 20.9 18 0 6.8 4.5 7.5 2.5 2 0 3 4 4
536.3 -8134.9 21.0 288 0 8.1 10.7 5.0 2.5 2 0 2 4 4
395.7 -8116.0 21.1 205 0 13.6 119.8 10.0 0.0 0 1 4 1 1
1674.3 3857.3 12.0 92 0 16.1 10.0 2.5 2.5 2 0 1 1 1
1705.4 3775.7 11.1 358 0 15.1 9.4 2.5 2.5 2 0 1 4 4
1888.3 3832.0 10.5 91 0 15.9 10.1 5.0 2.5 2 0 2 5 5
1942.2 3793.3 8.8 1 0 12.7 10.7 5.0 2.5 4 0 2 5 5
1296.3 4093.0 5.3 235 0 8.8 66.2 7.5 2.5 2 0 3 1 1
1303.6 4098.0 4.8 235 0 8.8 66.2 7.5 2.5 2 0 3 1 1
1695.8 3971.2 12.8 182 0 7.0 17.0 5.0 2.5 2 0 2 0 0
1703.9 3988.0 12.7 273 0 10.0 13.7 7.5 2.5 4 0 3 1 1
1704.7 4000.7 12.6 273 0 10.0 12.6 5.0 2.5 2 0 2 3 3
1696.2 4001.1 12.7 272 0 6.8 4.4 5.0 2.5 2 0 2 0 0
1677.7 4001.9 12.9 273 0 6.0 11.2 7.5 0.0 0 0 3 2 2
1686.7 4001.5 12.8 273 0 12.1 12.6 2.5 2.5 2 0 1 1 1
1604.1 4078.9 11.3 35 0 24.4 49.1 10.0 0.0 0 1 4 1 1
1564.2 4009.7 13.0 25 0 8.0 12.9 7.5 2.5 2 0 3 3 3
1554.9 4033.5 13.4 26 0 9.1 7.8 7.5 2.5 2 0 3 0 0
1553.5 4017.2 12.8 25 0 7.1 6.0 2.5 2.5 2 0 1 4 4
1550.4 4024.1 12.6 26 0 11.9 6.7 7.5 2.5 4 0 3 1 1
2410.6 4030.5 4.8 88 0 13.4 6.1 7.5 2.5 2 0 3 0 0
2482.2 3919.8 6.0 1 0 11.4 31.0 7.5 2.5 2 1 3 0 0
2562.4 3987.6 4.5 179 0 4.9 4.3 7.5 0.0 0 0 3 3 3
2568.9 3963.4 4.8 180 0 14.0 6.1 7.5 2.5 2 0 3 3 3
2722.9 3808.4 3.8 183 0 3.1 4.0 2.5 2.0 2 1 1 4 4
2732.4 3765.8 3.1 169 0 5.1 3.9 2.5 2.5 4 0 1 2 2
2753.3 3768.0 2.9 269 0 4.0 3.1 2.5 2.5 2 0 1 5 5
2753.0 3778.2 2.9 271 0 4.0 8.0 2.5 2.5 4 1 1 5 5
2773.4 3779.0 2.6 356 0 4.9 6.0 2.5 2.5 2 1 1 1 1
2780.2 3782.1 2.5 355 0 5.0 6.1 5.0 0.0 0 1 2 1 1
2390.4 4262.1 0.0 177 0 8.8 5.6 7.5 2.5 2 0 3 2 2
2399.5 4285.9 -0.4 268 0 11.6 9.9 5.0 2.5 2 0 2 3 3
2314.5 4275.7 -0.5 177 0 7.9 3.8 5.0 2.5 2 0 2 3 3
2320.2 4280.0 -0.5 267 0 4.1 7.9 7.5 2.5 2 0 3 0 0
2326.9 4280.4 -0.5 267 0 9.4 9.8 7.5 0.0 0 0 3 4 4
2281.2 4276.2 -0.5 265 0 6.2 23.9 7.5 2.5 4 1 3 3 3
1995.4 4682.1 -8.2 160 0 12.1 40.7 10.0 2.5 2 1 4 5 5
2038.5 4685.0 -8.0 252 0 11.6 40.8 7.5 2.5 2 1 3 0 0
2048.7 4625.4 -7.4 72 0 5.7 12.1 5.0 2.5 2 1 2 2 2
2013.6 4628.9 -7.6 159 0 20.0 7.9 5.0 0.0 0 0 2 0 0
2002.6 4580.6 -7.1 69 0 10.3 14.5 5.0 0.0 0 1 2 2 2
2362.6 4573.9 -8.1 266 0 5.4 6.9 5.0 2.5 4 1 2 2 2
2353.7 4549.2 -7.5 265 0 11.3 26.3 7.5 2.5 2 1 3 2 2
2382.6 4546.7 -8.1 264 0 30.0 12.6 7.5 2.5 2 0 3 2 2
2423.0 4544.3 -8.5 354 0 12.6 24.9 7.5 2.5 2 0 3 5 5
2430.0 4575.4 -9.3 355 0 6.7 23.1 5.0 2.5 2 1 2 3 3
2438.4 4595.1 -10.2 85 0 6.7 18.0 7.5 0.0 0 1 3 1 1
2455.9 4514.0 -7.8 84 0 7.5 8.6 7.5 2.5 2 1 3 2 2
2450.1 4569.3 -9.7 176 0 13.5 10.0 3.5 2.5 2 0 1 0 0
2164.6 3692.9 7.3 93 0 10.9 5.0 2.5 2.5 2 0 1 1 1
2165.4 3707.4 7.3 273 0 10.9 9.6 2.5 2.5 2 0 1 0 0
1958.7 3660.4 8.7 90 0 3.6 4.8 2.5 2.5 2 0 1 0 0
1917.4 3697.2 9.0 0 0 9.5 8.0 7.5 0.0 0 0 3 0 0
1921.6 3707.5 8.9 0 0 11.3 12.2 5.0 2.5 2 0 2 5 5
1935.1 3710.7 8.8 181 0 6.1 9.5 2.5 2.5 4 1 1 5 5
1939.9 3686.7 8.8 181 0 9.5 10.1 2.5 2.5 4 1 1 2 2
1921.9 3675.4 8.9 271 0 9.4 10.5 5.0 2.5 2 1 2 1 1
2153.2 3737.2 7.2 183 0 10.1 19.2 2.5 2.5 2 1 1 2 2
2136.0 3724.8 7.5 358 0 14.8 9.1 5.0 2.5 2 0 2 3 3
1941.9 3661.1 8.8 90 0 6.3 4.3 2.5 0.0 0 0 1 2 2
1946.9 3661.0 8.8 90 0 3.7 4.3 2.5 2.5 2 0 1 4 4
1952.8 3661.0 8.7 90 0 8.2 4.3 2.5 2.5 2 0 1 0 0
1921.3 2924.2 12.9 104 0 8.2 25.5 7.5 0.0 0 1 3 3 3
2164.1 2646.3 14.7 204 0 23.2 9.3 5.0 2.5 4 0 2 1 1
2160.3 2671.2 14.6 204 0 18.3 13.0 7.5 2.5 2 0 3 2 2
2244.1 2626.9 14.7 24 0 19.9 10.2 5.0 2.5 2 0 2 3 3
2236.6 2610.3 14.9 24 0 16.3 10.2 5.0 0.0 0 0 2 2 2
2226.2 2612.2 14.9 24 0 11.1 25.8 10.0 0.0 0 0 4 2 2
2204.7 2654.7 14.7 294 0 14.1 35.6 7.5 0.0 0 0 3 2 2
2209.1 2665.8 14.6 294 0 9.9 11.9 7.5 0.0 0 0 3 0 0
2231.7 2655.9 14.6 293 0 10.9 9.4 5.0 2.5 2 0 2 0 0
2003.2 2992.4 12.4 285 0 8.8 13.4 7.5 0.0 0 1 3 5 5
1956.7 2890.5 13.2 106 0 9.4 9.4 5.0 2.5 4 0 2 0 0
1945.3 2932.0 13.0 15 0 9.7 5.0 5.0 2.5 2 0 2 5 5
1968.8 2969.3 12.5 102 0 8.2 18.2 7.5 2.5 2 1 3 4 4
1955.2 2975.2 12.6 102 0 15.2 6.2 2.5 2.5 2 0 1 1 1
1934.4 2976.8 12.6 103 0 8.4 9.1 2.5 2.5 2 1 1 2 2
1949.1 3005.9 12.4 283 0 24.2 6.7 2.5 0.0 0 0 1 2 2
1935.1 2998.4 12.4 193 0 7.4 6.2 5.0 2.5 2 0 2 5 5
1974.4 3082.3 11.7 103 0 6.2 8.7 5.0 2.5 2 1 2 2 2
1898.9 3103.5 11.7 269 0 4.5 9.6 7.5 2.5 2 0 3 5 5
1860.0 3063.6 12.1 83 0 7.3 4.3 5.0 2.5 2 0 2 4 4
1860.5 3086.5 11.9 274 0 4.5 3.9 5.0 2.5 4 0 2 4 4
1851.1 3086.8 11.9 271 0 14.4 18.6 10.0 2.5 2 0 4 4 4
1908.4 3050.9 12.1 5 0 7.8 15.1 2.5 2.5 2 1 1 2 2
1874.5 3101.9 11.7 179 0 8.0 22.1 7.5 0.0 0 0 3 1 1
1858.9 3096.8 11.8 179 0 7.5 15.7 7.5 2.5 2 0 3 5 5
1862.7 3071.3 12.0 173 0 6.1 18.2 2.5 2.5 2 0 1 2 2
1890.6 3074.7 11.9 353 0 6.1 9.9 7.5 2.5 4 0 3 1 1
1917.9 3078.9 11.8 3 0 12.9 10.0 7.5 2.5 4 0 3 4 4
1973.4 3207.0 10.8 96 0 10.8 12.2 5.0 2.5 2 1 2 3 3
1844.9 3283.4 11.0 346 0 10.6 20.1 10.0 2.5 4 1 4 0 0
2754.8 3512.7 6.4 325 0 4.0 9.2 5.0 2.5 2 1 2 0 0
2851.1 3305.3 8.1 105 0 5.8 3.7 5.0 2.5 2 0 2 1 1
2844.7 3337.1 7.9 283 0 5.2 6.7 7.5 2.5 2 0 3 5 5
2759.6 3451.5 6.8 145 0 8.7 24.7 7.5 2.5 2 1 3 5 5
2730.1 3408.0 7.1 16 0 14.7 5.1 7.5 2.5 2 0 3 4 4
2857.8 3309.3 8.0 104 0 6.1 8.0 5.0 2.5 4 0 2 0 0
2835.6 3304.9 8.1 103 0 8.3 11.9 7.5 2.5 2 0 3 0 0
2847.2 3298.2 8.1 105 0 9.7 7.9 7.5 2.5 2 0 3 4 4
2862.4 3319.4 8.0 13 0 5.7 5.1 7.5 2.5 2 0 3 5 5
2858.8 3333.9 7.9 283 0 13.6 10.5 7.5 2.5 2 0 3 1 1
2838.9 3324.0 7.9 193 0 14.9 5.2 5.0 2.5 2 0 2 1 1
2579.3 2712.6 13.2 100 0 24.8 35.3 10.0 0.0 0 1 4 5 5
2626.6 2820.9 12.5 283 0 38.2 14.1 7.5 2.5 2 0 3 3 3
2597.5 2812.0 12.6 233 0 8.7 16.3 5.0 2.5 2 0 2 0 0
2617.8 2751.3 13.0 191 0 7.5 18.3 5.0 0.0 0 1 2 0 0
2073.4 2236.4 17.6 180 0 7.1 12.1 2.5 0.0 0 0 1 4 4
2073.4 2242.7 17.6 180 0 5.3 10.1 5.0 2.5 2 0 2 4 4
2099.1 2219.0 17.7 2 0 22.9 8.1 5.0 2.5 2 0 2 2 2
1791.6 2030.5 17.9 266 0 4.3 8.5 2.5 2.5 2 0 1 2 2
1786.0 1995.6 17.9 175 0 3.7 6.8 7.5 2.5 2 0 3 5 5
1784.9 2009.4 17.9 175 0 24.0 10.5 7.5 0.0 0 0 3 3 3
1818.4 2025.3 17.9 265 0 3.9 13.2 2.5 2.5 2 0 1 1 1
1827.2 2026.0 17.9 265 0 6.1 11.9 7.5 2.5 2 0 3 4 4
1808.3 2036.6 17.9 265 0 14.2 12.1 5.0 2.5 4 0 2 5 5
1822.3 2037.8 17.9 265 0 13.9 12.1 5.0 2.5 2 0 2 1 1
1807.5 1989.2 17.9 86 0 8.4 7.1 5.0 2.5 2 0 2 0 0
1819.7 1989.0 17.9 85 0 10.5 8.4 7.5 0.0 0 0 3 1 1
1828.1 1989.8 17.9 85 0 6.5 8.4 2.5 2.5 2 0 1 1 1
1873.2 1986.4 17.9 93 0 18.5 42.6 7.5 2.5 2 1 3 3 3
1541.4 2686.1 15.8 299 0 8.2 10.0 5.0 2.5 4 1 2 4 4
1524.2 2661.3 16.0 122 0 13.3 8.2 5.0 2.5 2 0 2 5 5
1587.0 2676.4 15.8 298 0 4.1 6.0 2.5 2.5 2 1 1 2 2
1564.1 2638.1 16.0 118 0 10.6 23.3 2.5 2.5 2 1 1 4 4
1575.0 2438.8 17.3 79 0 8.3 10.6 5.0 0.0 0 0 2 2 2
1558.9 2435.6 17.3 79 0 24.6 10.6 10.0 2.5 2 0 4 2 2
1523.2 2474.8 17.3 175 0 23.0 9.1 7.5 2.5 2 0 3 3 3
1558.0 2503.6 17.2 355 0 12.1 27.9 7.5 2.5 2 1 3 5 5
1580.5 2507.2 17.1 265 0 18.7 8.0 7.5 0.0 0 0 3 5 5
1571.8 2490.9 17.3 265 0 12.7 9.6 2.5 0.0 0 0 1 0 0
2842.7 2329.5 16.0 300 0 5.0 3.0 7.5 2.5 2 0 3 3 3
2852.2 2296.8 16.1 30 0 18.9 13.1 7.5 2.5 2 0 3 0 0
2846.8 2314.1 16.1 30 0 6.0 4.0 2.5 2.5 2 0 1 3 3
2851.2 2330.4 15.9 299 0 8.4 7.6 2.5 2.5 2 0 1 3 3
2841.5 2342.0 15.9 300 0 20.2 10.2 7.5 2.5 2 0 3 4 4
2861.6 2313.4 16.0 30 0 19.3 13.2 7.5 2.5 4 0 3 4 4
2819.9 2354.5 15.8 30 0 9.9 10.1 5.0 2.5 2 1 2 0 0
989.1 800.0 20.4 347 0 9.9 17.2 2.5 2.5 4 0 1 1 1
941.6 780.7 20.7 169 0 5.7 15.8 2.5 0.0 0 0 1 4 4
964.1 784.0 20.7 170 0 8.1 10.5 2.5 2.5 4 0 1 2 2
992.0 859.0 20.1 238 0 4.3 3.5 2.5 0.0 0 0 1 5 5
982.9 865.5 20.0 238 0 9.9 10.6 2.5 2.5 2 0 1 1 1
965.5 519.3 20.4 167 0 4.5 6.0 2.5 2.5 2 0 1 2 2
956.2 745.0 21.1 174 0 11.0 8.5 5.0 2.5 2 0 2 0 0
952.6 744.6 21.1 174 0 11.0 3.6 5.0 2.5 2 0 2 4 4
942.6 755.2 21.0 177 0 8.2 13.9 2.5 0.0 0 0 1 0 0
969.8 720.0 21.3 352 0 4.5 6.3 2.5 2.5 2 0 1 5 5
955.7 723.4 21.2 175 0 4.5 4.3 2.5 2.5 2 0 1 1 1
944.6 720.0 21.2 263 0 9.6 15.1 2.5 2.5 2 0 1 5 5
964.1 700.8 21.2 353 0 4.5 8.1 7.5 2.5 2 1 3 3 3
977.6 702.1 21.3 350 0 4.2 8.2 2.5 2.5 2 1 1 3 3
-726.9 3717.3 10.1 277 0 17.5 31.4 10.0 2.5 2 1 4 5 5
-691.6 3687.8 10.4 5 0 10.8 25.6 7.5 2.5 4 1 3 4 4
-701.1 3715.4 10.3 275 0 25.6 10.9 7.5 2.5 2 0 3 4 4
-773.3 3709.8 9.6 187 0 21.4 10.9 4.0 2.5 2 0 1 0 0
1447.9 -6681.2 24.5 96 0 48.5 24.8 10.0 0.0 0 0 4 1 1
1358.1 -6658.1 24.8 186 0 10.9 36.5 10.0 2.5 2 1 4 3 3
1366.3 -6597.6 24.4 185 0 8.8 30.5 7.5 2.5 2 1 3 4 4
1417.0 -6601.1 24.3 4 0 12.1 14.8 5.0 2.5 4 1 2 3 3
1514.7 -6636.3 24.2 8 0 17.8 12.8 2.5 2.5 2 0 1 4 4
1515.2 -6613.5 24.1 7 0 6.0 17.3 7.5 2.5 2 1 3 3 3
721.9 -6365.4 25.6 21 0 16.1 18.5 10.0 2.5 2 1 4 3 3
632.7 -6362.7 26.0 166 0 10.7 23.9 7.5 0.0 0 1 3 4 4
659.4 -6477.1 25.5 25 0 12.2 20.7 5.0 2.5 2 1 2 2 2
591.8 -6517.5 25.4 229 0 12.3 12.6 5.0 0.0 0 1 2 1 1
586.1 -6498.4 25.3 47 0 13.7 8.5 7.5 2.5 2 0 3 1 1
-7.8 4596.9 -17.5 284 0 10.9 10.5 14.0 0.0 0 0 4 0 0
-6.8 4613.3 -17.4 284 0 5.0 16.2 10.5 3.5 2 0 3 1 1
-22.9 4617.1 -17.6 287 1 10.3 16.1 14.0 3.5 2 0 4 4 4
0.3 4608.7 -17.3 196 0 8.6 11.6 10.5 3.5 2 1 3 1 1
25.3 4602.3 -17.0 195 0 8.4 11.2 10.5 0.0 0 1 3 4 4
168.5 4466.4 -16.2 284 0 5.4 5.7 10.5 3.5 2 1 3 5 5
387.6 4340.8 -18.6 46 0 8.7 5.3 2.5 2.5 2 0 1 0 0
430.4 4316.9 -21.0 226 0 6.4 9.7 7.5 2.5 2 1 3 4 4
410.4 4329.6 -19.6 47 0 5.6 5.7 3.5 3.5 2 1 1 3 3
499.1 4410.2 -21.1 46 0 5.2 12.7 5.0 2.5 2 0 2 4 4
503.5 4414.4 -21.2 47 0 7.1 12.7 2.5 2.5 4 0 1 5 5
419.0 4558.3 -15.3 6 0 7.7 12.8 7.5 2.5 4 1 3 5 5
405.9 4532.0 -15.6 96 0 7.1 9.8 7.5 2.5 2 1 3 4 4
517.8 4565.5 -18.7 46 0 4.9 5.1 7.5 2.5 2 1 3 2 2
99.3 4266.9 -20.1 99 0 6.4 73.4 10.5 3.5 2 0 3 2 2
180.4 4297.0 -17.4 349 0 17.4 33.3 14.0 3.5 4 1 4 1 1
323.8 4509.9 -14.4 184 0 6.0 10.6 2.5 2.5 2 0 1 2 2
324.4 4503.8 -14.4 185 0 5.9 10.8 2.5 2.5 2 0 1 5 5
325.4 4497.8 -14.4 183 0 5.7 10.8 2.5 2.5 2 0 1 2 2
325.9 4491.5 -14.4 186 0 6.4 10.9 2.5 2.5 2 0 1 4 4
324.7 4479.7 -14.5 186 0 6.2 10.6 2.5 2.5 2 0 1 0 0
336.7 4472.5 -14.5 6 0 6.1 10.5 2.5 2.5 2 0 1 1 1
337.1 4466.4 -14.5 6 0 6.1 10.3 2.5 2.5 2 0 1 1 1
324.8 4461.6 -14.6 183 0 5.7 10.6 2.5 2.5 2 0 1 0 0
322.7 4455.8 -14.6 187 0 6.2 10.5 2.5 2.5 2 0 1 4 4
314.4 4294.7 -17.0 259 0 3.6 4.1 10.5 3.5 2 1 3 1 1
317.9 4265.8 -18.1 172 0 3.4 3.3 10.5 3.5 4 0 3 2 2
-103.7 4235.3 -23.2 6 0 5.9 7.1 10.5 3.5 4 0 3 0 0
-106.1 4229.8 -23.5 7 0 5.6 6.9 10.5 3.5 2 0 3 5 5
-101.5 4241.3 -22.9 6 0 6.3 6.8 10.5 3.5 2 0 3 1 1
-99.1 4256.7 -22.3 351 0 6.3 6.3 10.5 3.5 2 1 3 2 2
87.0 4294.8 -18.5 191 0 19.7 3.4 10.5 3.5 2 0 3 1 1
82.5 4274.5 -20.1 186 0 11.4 14.7 14.0 3.5 2 0 4 2 2
3.7 4286.7 -19.7 115 0 3.1 7.2 10.5 3.5 2 1 3 0 0
38.6 4263.6 -23.7 284 0 6.3 13.6 10.5 3.5 2 1 3 5 5
28.0 4332.1 -18.1 199 0 8.9 5.7 10.5 3.5 2 0 3 1 1
37.5 4336.4 -18.1 284 0 4.6 11.0 10.5 3.5 2 0 3 1 1
262.2 4339.6 -16.0 347 0 11.7 16.0 14.0 3.5 2 1 4 4 4
1220.5 5233.4 -15.0 172 0 23.8 11.1 12.5 0.0 0 0 5 0 0
89.9 5435.3 -11.4 6 0 12.6 9.5 7.5 2.5 2 0 3 0 0
427.3 4732.2 -12.4 289 0 8.4 9.6 5.0 2.5 2 1 2 5 5
375.1 4662.6 -13.2 43 0 7.2 12.5 7.5 2.5 2 0 3 2 2
416.1 4706.4 -12.5 42 0 9.0 9.3 5.0 2.5 4 1 2 5 5
403.4 4692.9 -12.7 43 0 8.7 11.5 2.5 0.0 0 1 1 4 4
392.1 4680.7 -12.9 43 0 8.8 9.8 5.0 2.5 2 1 2 2 2
370.7 4657.9 -13.2 43 0 5.7 12.5 5.0 2.5 2 0 2 2 2
311.6 4844.9 -13.0 286 0 8.3 9.3 5.0 2.5 4 0 2 0 0
303.8 4847.1 -13.0 285 0 7.9 9.4 7.5 2.5 2 0 3 5 5
296.1 4849.0 -13.1 284 0 7.8 9.4 2.5 2.5 2 0 1 4 4
275.1 4854.2 -13.2 284 0 7.9 8.8 2.5 2.5 2 0 1 2 2
267.4 4856.1 -13.2 285 0 8.0 8.9 5.0 2.5 2 0 2 5 5
259.8 4858.2 -13.3 285 0 7.8 9.1 7.5 2.5 2 0 3 1 1
239.0 4863.8 -13.4 285 0 8.0 7.6 5.0 2.5 2 0 2 3 3
231.3 4865.9 -13.4 285 0 7.8 7.6 7.5 2.5 2 0 3 4 4
223.7 4867.8 -13.5 284 0 7.9 7.6 7.5 0.0 0 0 3 2 2
175.3 4876.8 -13.7 194 0 7.5 7.5 7.5 2.5 4 0 3 2 2
182.5 4874.9 -13.7 196 0 7.6 7.9 5.0 2.5 2 0 2 0 0
195.0 4875.6 -13.7 285 0 8.0 7.5 5.0 2.5 2 0 2 5 5
202.6 4873.5 -13.6 285 0 7.8 7.6 7.5 2.5 4 0 3 0 0
252.3 4860.2 -13.3 285 0 8.0 9.1 5.0 2.5 2 0 2 2 2
287.8 4852.5 -13.1 285 0 7.8 10.7 2.5 2.5 2 0 1 1 1
515.5 4866.5 -11.5 271 0 9.1 8.5 2.5 2.5 4 0 1 5 5
474.7 4862.8 -11.4 181 0 8.1 9.2 2.5 0.0 0 0 1 2 2
488.6 4866.5 -11.4 271 0 9.1 12.3 2.5 2.5 2 0 1 1 1
506.6 4866.7 -11.4 272 0 8.7 8.5 2.5 2.5 2 0 1 2 2
536.6 4863.3 -11.9 284 0 7.0 9.4 5.0 2.5 2 1 2 0 0
600.5 4746.3 -15.8 136 0 8.3 8.5 5.0 2.5 2 0 2 4 4
617.6 4747.7 -16.0 46 0 9.8 8.6 2.5 2.5 4 0 1 5 5
561.4 4786.2 -14.4 133 0 13.2 9.8 5.0 0.0 0 0 2 4 4
555.2 4855.8 -12.4 296 0 8.1 8.9 2.5 2.5 2 1 1 0 0
621.4 4711.7 -16.7 135 0 8.3 16.4 2.5 2.5 2 1 1 5 5
715.4 4806.4 -16.5 318 0 10.1 11.4 5.0 2.5 2 1 2 5 5
691.7 4791.5 -16.9 226 0 10.0 13.9 5.0 2.5 4 1 2 5 5
748.5 4769.0 -18.3 314 0 13.1 10.3 5.0 2.5 2 0 2 3 3
733.6 4745.5 -18.5 47 0 10.7 10.6 2.5 2.5 2 0 1 5 5
681.7 4701.3 -18.3 45 0 54.3 11.4 10.0 2.5 2 0 4 2 2
634.6 4655.8 -19.0 48 0 10.8 9.0 5.0 2.5 2 0 2 5 5
610.6 4628.8 -20.7 46 0 4.3 11.4 5.0 2.5 2 0 2 5 5
641.0 4661.6 -18.6 47 0 6.7 9.0 7.5 2.5 2 0 3 4 4
589.7 4679.0 -18.4 181 0 10.1 15.1 5.0 2.5 2 1 2 4 4
573.4 4669.7 -19.0 226 0 9.7 10.5 5.0 2.5 2 1 2 1 1
502.0 4799.1 -13.1 272 0 8.9 7.2 5.0 2.5 2 0 2 3 3
534.6 4786.3 -13.7 315 0 12.5 9.6 5.0 2.5 2 0 2 1 1
547.9 4772.9 -14.3 316 0 10.1 9.6 5.0 2.5 2 0 2 2 2
563.4 4756.3 -14.9 316 0 9.6 9.0 2.5 2.5 2 0 1 2 2
577.2 4740.0 -15.6 317 0 7.7 8.7 5.0 2.5 2 1 2 1 1
589.4 4726.9 -16.2 316 0 8.4 12.6 5.0 0.0 0 1 2 4 4
570.5 4702.9 -17.3 47 0 9.1 8.8 5.0 2.5 2 0 2 5 5
552.6 4690.7 -17.4 46 0 8.3 9.5 2.5 2.5 2 0 1 3 3
523.6 4714.9 -16.1 136 0 10.1 9.3 5.0 2.5 2 0 2 1 1
367.3 4751.7 -12.8 291 0 9.3 12.2 5.0 0.0 0 0 2 3 3
388.9 4744.7 -12.7 288 0 5.2 9.5 5.0 2.5 2 1 2 1 1
368.1 4719.5 -12.9 188 0 6.5 9.0 5.0 2.5 2 1 2 5 5
340.2 4696.8 -13.3 187 0 6.7 13.9 5.0 2.5 2 1 2 5 5
331.9 4637.1 -13.6 188 0 7.5 11.2 2.5 0.0 0 0 1 3 3
337.8 4618.0 -13.7 48 0 9.9 13.8 5.0 0.0 0 0 2 2 2
355.4 4570.0 -13.9 277 0 8.7 14.5 2.5 2.5 2 0 1 1 1
397.4 4896.7 -11.2 182 0 4.4 12.6 2.5 2.5 2 0 1 3 3
385.1 4923.0 -11.2 7 0 4.9 10.3 5.0 2.5 2 0 2 0 0
379.9 4893.3 -11.3 7 0 6.6 11.8 5.0 2.5 2 0 2 3 3
433.4 4806.5 -11.9 305 0 9.8 11.9 5.0 2.5 2 0 2 1 1
408.8 4824.1 -12.0 305 0 10.5 10.8 5.0 2.5 2 0 2 3 3
432.3 4938.1 -11.5 270 0 6.1 10.7 2.5 2.5 2 0 1 1 1
431.9 4889.4 -11.4 93 0 8.9 8.7 2.5 2.5 2 0 1 1 1
428.7 4868.5 -11.4 272 0 10.5 7.6 2.5 2.5 2 0 1 1 1
457.9 4895.4 -11.5 3 0 10.0 11.7 5.0 2.5 2 1 2 4 4
426.0 4938.2 -11.5 271 0 6.5 12.8 5.0 2.5 2 0 2 3 3
454.1 4938.6 -11.6 271 0 10.0 14.1 2.5 2.5 2 1 1 5 5
423.0 4889.9 -11.3 92 0 9.0 8.7 2.5 2.5 2 0 1 1 1
397.5 4900.1 -11.2 182 0 7.2 12.7 5.0 2.5 2 0 2 5 5
386.8 4839.6 -12.3 305 0 7.7 10.9 2.5 0.0 0 1 1 2 2
393.4 4864.9 -11.6 181 0 10.0 16.8 5.0 2.5 4 1 2 0 0
437.8 4863.2 -11.3 272 0 6.6 6.7 2.5 2.5 2 1 1 2 2
429.0 4785.9 -12.0 307 0 5.5 6.5 7.5 2.5 2 1 3 1 1
416.4 4798.0 -12.1 305 0 8.8 8.9 5.0 0.0 0 1 2 1 1
425.9 4811.9 -12.0 306 0 8.8 11.9 5.0 0.0 0 0 2 3 3
400.7 4830.0 -12.2 306 0 9.5 11.1 5.0 2.5 2 0 2 5 5
381.7 4939.0 -11.2 277 0 10.3 8.9 5.0 2.5 4 0 2 4 4
378.1 4880.3 -11.6 7 0 7.3 9.3 5.0 2.5 2 1 2 1 1
353.6 4863.8 -12.0 186 0 7.3 10.3 5.0 2.5 2 0 2 0 0
353.0 4845.5 -12.4 188 0 12.1 8.6 5.0 2.5 2 0 2 1 1
353.9 4796.8 -12.6 187 0 7.2 15.8 5.0 2.5 2 1 2 0 0
377.9 4786.0 -12.5 96 0 8.4 9.8 5.0 2.5 2 1 2 3 3
389.2 4770.2 -12.4 107 0 4.4 10.7 5.0 0.0 0 0 2 1 1
424.7 4760.4 -12.1 107 0 10.3 10.2 2.5 2.5 2 0 1 3 3
443.9 4751.7 -12.4 90 0 8.9 11.5 5.0 2.5 2 0 2 5 5
235.9 4893.3 -12.7 105 0 5.3 12.7 5.0 2.5 2 0 2 3 3
219.7 4897.6 -12.8 105 0 5.2 12.6 5.0 2.5 2 0 2 0 0
203.4 4901.7 -12.9 107 0 4.9 12.9 7.5 2.5 2 0 3 5 5
187.1 4912.8 -13.0 195 0 12.6 8.6 7.5 2.5 2 0 3 4 4
321.6 4872.2 -12.2 111 0 13.7 13.3 7.5 2.5 2 0 3 1 1
309.1 4873.9 -12.3 106 0 4.3 12.8 5.0 2.5 2 0 2 5 5
292.4 4878.2 -12.4 105 0 5.1 12.8 5.0 2.5 2 0 2 0 0
277.4 4882.3 -12.5 104 0 5.5 12.6 7.5 0.0 0 0 3 4 4
259.8 4886.7 -12.6 105 0 5.2 12.7 7.5 2.5 2 0 3 0 0
178.7 4835.5 -14.4 189 0 6.0 3.8 5.0 2.5 2 0 2 3 3
202.6 4820.9 -14.3 99 0 11.0 7.9 2.5 2.5 2 0 1 3 3
183.7 4840.9 -14.3 189 0 6.1 7.9 7.5 2.5 2 0 3 0 0
185.7 4828.3 -14.4 99 0 8.5 9.0 2.5 2.5 4 0 1 0 0
231.0 4824.3 -14.0 104 0 7.4 5.2 5.0 2.5 2 0 2 0 0
267.8 4810.7 -13.5 103 0 5.2 4.0 7.5 2.5 2 0 3 5 5
268.1 4821.4 -13.5 104 0 8.3 7.7 7.5 2.5 2 0 3 0 0
244.0 4821.5 -13.8 104 0 3.6 8.2 5.0 2.5 2 0 2 1 1
223.5 4824.2 -14.0 104 0 6.9 7.2 2.5 2.5 2 0 1 1 1
249.6 4824.7 -13.7 104 0 6.8 9.6 2.5 2.5 2 0 1 0 0
263.7 4817.6 -13.5 104 0 4.1 4.7 7.5 0.0 0 0 3 2 2
306.4 4809.0 -13.1 98 0 4.3 8.0 5.0 2.5 2 1 2 1 1
328.8 4792.9 -12.9 6 0 7.8 11.7 5.0 2.5 2 1 2 5 5
305.2 4763.9 -13.4 278 0 5.1 8.3 5.0 2.5 2 0 2 4 4
318.1 4755.9 -13.3 8 0 4.1 11.3 5.0 2.5 2 0 2 0 0
322.8 4746.5 -13.3 8 0 8.1 9.4 7.5 2.5 2 0 3 0 0
295.8 4982.7 -10.9 86 0 18.6 7.3 5.0 2.5 2 0 2 0 0
271.3 4979.0 -10.9 89 0 12.0 10.7 5.0 0.0 0 0 2 4 4
236.6 4980.3 -11.4 85 0 20.1 5.4 7.5 2.5 4 0 3 5 5
355.7 4434.6 -15.6 6 0 9.3 5.8 5.0 2.5 2 0 2 2 2
356.8 4444.7 -15.4 6 0 10.9 5.9 5.0 2.5 2 0 2 5 5
358.1 4456.9 -15.3 6 0 13.7 5.9 5.0 2.5 4 0 2 0 0
406.7 4438.8 -17.4 6 0 10.2 4.8 5.0 2.5 2 0 2 1 1
408.0 4451.9 -17.2 276 0 4.8 10.1 7.5 2.5 2 0 3 1 1
531.3 5149.8 -11.9 98 0 17.0 26.0 10.0 2.5 2 0 4 3 3
-888.8 4662.5 -5.6 246 0 14.4 15.3 10.0 0.0 0 1 4 4 4
-869.5 4613.6 -5.6 337 0 7.8 15.6 7.5 2.5 2 1 3 3 3
138.1 4695.6 -15.4 293 0 7.2 3.8 5.0 2.5 2 0 2 1 1
143.8 4699.7 -15.4 293 0 4.1 6.0 7.5 2.5 2 0 3 2 2
135.4 4696.9 -15.4 295 0 3.0 3.9 7.5 2.5 2 0 3 2 2
156.8 4703.7 -15.2 293 0 9.1 8.8 2.5 0.0 0 0 1 3 3
150.7 4693.4 -15.3 23 0 6.0 6.8 7.5 2.5 2 0 3 1 1
151.9 4681.1 -15.4 24 0 8.2 9.0 5.0 2.5 2 0 2 1 1
150.4 4687.2 -15.4 25 0 3.8 9.1 5.0 2.5 4 0 2 0 0
144.0 4663.0 -15.5 23 0 8.5 7.6 7.5 2.5 2 0 3 4 4
133.4 4653.0 -15.7 23 0 4.0 6.1 7.5 2.5 2 0 3 5 5
135.6 4658.1 -15.6 23 0 7.0 6.0 7.5 2.5 2 0 3 2 2
136.2 4644.8 -15.7 23 0 9.0 8.5 2.5 2.5 2 0 1 5 5
121.0 4709.2 -15.4 203 0 7.3 8.1 7.5 2.5 2 0 3 4 4
122.1 4701.6 -15.5 204 0 5.8 6.2 7.5 2.5 2 0 3 0 0
113.7 4692.4 -15.7 204 0 13.9 9.1 5.0 2.5 2 0 2 0 0
123.4 4680.4 -15.6 204 0 7.0 5.9 5.0 2.5 2 0 2 0 0
104.9 4672.8 -15.9 204 0 9.1 8.3 5.0 2.5 2 0 2 0 0
106.0 4665.1 -15.8 203 0 4.1 6.0 5.0 2.5 2 0 2 4 4
107.2 4647.3 -15.9 114 0 7.5 9.2 7.5 2.5 2 0 3 2 2
104.0 4660.6 -15.9 205 0 5.9 4.6 5.0 2.5 2 0 2 0 0
97.2 4655.4 -16.0 204 0 9.0 8.7 5.0 2.5 2 0 2 4 4
169.1 4791.6 -14.5 203 0 4.3 8.1 7.5 0.0 0 0 3 3 3
170.8 4724.6 -14.8 23 0 3.8 7.6 7.5 0.0 0 0 3 1 1
130.7 4732.0 -15.1 203 0 9.6 9.5 7.5 2.5 2 0 3 0 0
147.9 4729.8 -14.9 113 0 6.2 5.3 5.0 2.5 4 0 2 1 1
138.6 4741.8 -14.9 202 0 4.4 5.2 5.0 2.5 2 0 2 0 0
137.2 4747.4 -14.9 203 0 9.5 8.6 2.5 2.5 2 0 1 1 1
177.5 4797.0 -14.5 292 0 5.1 6.1 7.5 2.5 2 0 3 3 3
163.1 4768.3 -14.6 204 0 4.8 4.3 5.0 2.5 2 0 2 3 3
193.4 4786.5 -14.4 23 0 6.4 9.9 5.0 2.5 2 0 2 1 1
184.8 4770.5 -14.4 24 0 4.6 6.7 5.0 2.5 2 0 2 2 2
199.5 4791.6 -14.3 23 0 7.7 8.1 7.5 0.0 0 0 3 5 5
184.6 4756.8 -14.4 23 0 9.1 7.5 5.0 2.5 2 0 2 2 2
177.0 4744.9 -14.5 23 0 5.8 5.4 5.0 2.5 4 0 2 1 1
174.1 4751.5 -14.5 24 0 4.4 3.8 5.0 2.5 2 0 2 5 5
176.4 4737.7 -14.7 23 0 7.9 7.9 2.5 2.5 2 0 1 3 3
148.3 4761.6 -14.8 203 0 3.8 7.0 2.5 2.5 2 0 1 5 5
164.8 4772.2 -14.6 203 0 3.9 4.3 2.5 2.5 2 0 1 5 5
160.5 4803.1 -14.7 202 0 10.7 12.4 10.0 2.5 2 0 4 0 0
191.8 4773.9 -14.4 24 0 7.4 8.1 5.0 2.5 2 0 2 3 3
179.4 4750.6 -14.5 23 0 6.6 5.3 5.0 2.5 2 0 2 1 1
160.7 4715.1 -15.0 113 0 4.2 10.8 5.0 2.5 2 0 2 0 0
136.3 4737.6 -14.9 203 0 5.2 10.6 5.0 2.5 2 0 2 1 1
871.7 4769.6 -20.2 177 0 7.0 5.0 2.5 2.5 2 0 1 0 0
850.3 4794.0 -19.0 90 0 11.9 9.3 5.0 2.5 2 0 2 2 2
814.2 4766.1 -19.2 99 0 7.5 7.9 2.5 0.0 0 1 1 2 2
808.4 4755.8 -19.7 189 0 7.9 10.3 5.0 2.5 2 1 2 0 0
743.0 4793.6 -17.2 136 0 5.8 6.4 7.5 2.5 2 0 3 4 4
798.5 4927.7 -13.9 135 0 4.2 6.6 7.5 2.5 2 0 3 2 2
771.4 4973.7 -12.5 266 0 12.0 5.8 7.5 2.5 2 0 3 0 0
812.3 4953.4 -13.2 46 0 6.5 3.3 7.5 2.5 2 0 3 2 2
815.8 4949.7 -13.4 46 0 6.5 3.5 5.0 2.5 2 0 2 0 0
831.6 4962.5 -13.2 47 0 3.6 5.3 7.5 2.5 2 0 3 0 0
874.4 4946.1 -14.6 316 0 4.4 5.2 5.0 2.5 2 0 2 4 4
758.7 4945.7 -12.6 86 0 9.4 10.5 5.0 2.5 2 1 2 1 1
775.2 4947.0 -12.9 87 0 10.0 10.4 5.0 2.5 2 1 2 1 1
790.6 4942.2 -13.4 134 0 10.0 15.5 5.0 2.5 2 1 2 3 3
844.4 4964.5 -13.4 46 0 10.0 10.4 2.5 2.5 4 1 1 4 4
810.6 4932.0 -13.9 46 0 10.0 10.4 2.5 2.5 2 0 1 2 2
911.7 4969.5 -15.4 227 0 9.7 25.7 7.5 2.5 2 0 3 4 4
936.6 4968.0 -15.7 317 0 36.3 12.2 10.0 2.5 2 0 4 1 1
922.7 4935.7 -15.8 137 0 8.4 20.1 5.0 2.5 2 0 2 5 5
863.5 4956.6 -14.5 227 0 17.3 13.0 5.0 0.0 0 0 2 3 3
884.5 4946.0 -14.9 315 0 9.7 11.8 2.5 2.5 2 0 1 1 1
899.1 4931.2 -15.5 317 0 5.7 10.1 5.0 2.5 2 1 2 5 5
908.4 4913.8 -16.1 46 0 10.6 9.5 5.0 2.5 2 0 2 5 5
887.8 4894.1 -16.4 45 0 8.3 11.0 5.0 2.5 2 1 2 2 2
845.1 4938.6 -14.6 226 0 9.4 10.4 2.5 2.5 2 1 1 4 4
823.9 4918.4 -14.9 226 0 10.0 10.4 5.0 2.5 2 1 2 2 2
834.0 4897.8 -15.5 136 0 10.4 10.1 5.0 2.5 2 0 2 2 2
842.1 4885.9 -16.1 136 0 7.1 12.6 5.0 2.5 2 1 2 0 0
865.4 4871.8 -16.7 46 0 8.8 10.1 5.0 2.5 2 1 2 2 2
771.3 4921.3 -13.8 317 0 6.4 4.3 5.0 2.5 2 0 2 3 3
760.4 4896.9 -14.2 134 0 5.7 8.4 7.5 2.5 2 0 3 5 5
825.5 4866.1 -16.4 316 0 8.5 3.9 7.5 2.5 2 0 3 2 2
829.6 4852.3 -16.8 46 0 8.4 3.5 7.5 2.5 2 0 3 2 2
770.1 4836.8 -16.5 226 0 4.7 9.4 5.0 2.5 2 0 2 5 5
787.6 4826.4 -16.8 46 0 6.0 10.2 2.5 2.5 2 0 1 0 0
753.5 4827.5 -16.4 226 0 5.5 5.3 2.5 2.5 2 0 1 0 0
757.2 4823.7 -16.8 226 0 5.6 9.0 5.0 2.5 2 0 2 1 1
759.1 4800.9 -17.2 137 0 4.0 4.0 5.0 2.5 2 0 2 5 5
739.3 4797.5 -17.0 137 0 5.1 6.4 7.5 2.5 2 0 3 1 1
738.6 4839.2 -16.2 227 0 7.6 14.7 5.0 2.5 2 1 2 2 2
764.7 4861.5 -15.7 226 0 9.5 10.7 2.5 2.5 2 1 1 1 1
775.4 4872.0 -15.6 226 0 9.5 10.4 5.0 2.5 2 1 2 3 3
762.3 4885.6 -14.7 134 0 12.8 11.6 5.0 0.0 0 0 2 3 3
793.6 4914.3 -14.6 316 0 10.5 11.2 5.0 2.5 4 1 2 5 5
822.1 4883.0 -15.9 316 0 9.4 15.3 5.0 2.5 2 1 2 3 3
844.7 4859.7 -17.0 317 0 10.5 10.0 2.5 2.5 2 0 1 0 0
832.4 4840.6 -17.1 46 0 10.1 10.4 2.5 2.5 2 0 1 0 0
820.0 4828.6 -17.3 46 0 9.5 10.4 5.0 2.5 4 1 2 4 4
806.0 4815.4 -17.5 46 0 10.0 10.5 5.0 2.5 2 1 2 3 3
780.5 4790.6 -17.9 46 0 10.4 10.0 5.0 2.5 2 0 2 5 5
503.7 4227.9 -25.8 82 0 3.1 5.2 7.5 2.5 2 0 3 2 2
497.5 4203.3 -28.3 355 0 3.9 3.1 5.0 2.5 2 0 2 1 1
499.9 4221.6 -26.9 351 0 13.7 12.3 5.0 0.0 0 0 2 0 0
505.0 4225.4 -26.1 352 0 5.4 5.6 7.5 2.5 2 0 3 2 2
511.2 4223.8 -26.5 176 0 5.4 3.7 5.0 2.5 2 0 2 1 1
510.6 4231.3 -26.0 169 0 5.4 3.6 5.0 2.5 2 0 2 1 1
293.5 4015.2 -31.5 90 0 26.0 4.4 10.5 0.0 0 0 3 3 3
516.3 4107.7 -34.5 4 0 3.4 3.4 10.5 0.0 0 0 3 2 2
356.7 4121.7 -33.7 233 0 11.9 22.2 10.0 2.5 2 1 4 2 2
383.0 4129.9 -33.8 279 0 16.3 5.2 7.5 2.5 4 0 3 3 3
467.8 4103.9 -33.8 281 0 31.1 7.7 2.5 2.5 2 0 1 3 3
408.2 4029.8 -30.8 96 0 21.4 9.6 5.0 2.5 2 0 2 3 3
446.0 4019.2 -30.1 96 0 24.5 10.9 10.0 2.5 2 0 4 5 5
442.6 4015.8 -29.7 96 0 18.6 3.7 5.0 2.5 2 0 2 3 3
427.6 4007.4 -30.1 95 0 65.8 9.9 10.5 3.5 2 0 3 4 4
483.4 4006.9 -29.2 5 0 9.7 22.6 10.5 3.5 2 0 3 5 5
674.8 4967.2 -11.7 266 0 7.0 5.1 2.5 2.5 2 0 1 2 2
669.2 4966.8 -11.6 266 0 4.4 5.1 7.5 2.5 2 0 3 1 1
659.4 4961.3 -11.7 247 0 10.0 10.4 5.0 2.5 2 1 2 5 5
664.7 4937.1 -11.9 156 0 9.2 11.9 5.0 0.0 0 1 2 1 1
669.6 4922.7 -12.2 157 0 10.4 10.0 5.0 2.5 2 0 2 3 3
676.6 4907.3 -12.6 157 0 10.0 10.0 5.0 2.5 2 1 2 3 3
684.0 4889.7 -13.3 157 0 10.4 10.0 2.5 2.5 2 0 1 4 4
690.6 4874.1 -13.9 157 0 10.4 10.0 5.0 2.5 2 0 2 3 3
697.3 4858.0 -14.5 157 0 10.4 10.1 5.0 2.5 2 0 2 4 4
708.8 4962.4 -12.0 337 0 10.6 10.2 2.5 2.5 2 0 1 4 4
722.8 4927.4 -12.7 338 0 9.4 10.5 5.0 2.5 2 1 2 3 3
730.1 4910.0 -13.4 337 0 9.5 10.5 5.0 2.5 2 0 2 4 4
736.6 4894.5 -14.1 337 0 14.3 10.3 5.0 2.5 2 0 2 4 4
695.5 4907.6 -12.9 157 0 6.8 7.5 2.5 2.5 2 0 1 1 1
696.7 4901.5 -13.1 157 0 5.3 8.8 5.0 2.5 2 0 2 3 3
707.8 4881.8 -14.0 157 0 15.1 6.1 7.5 2.5 2 0 3 0 0
725.6 4863.8 -14.6 67 0 6.2 12.2 7.5 2.5 2 1 3 4 4
725.3 4850.8 -15.0 67 0 4.4 7.9 7.5 0.0 0 1 3 5 5
743.0 4874.3 -14.8 337 0 10.3 9.3 5.0 2.5 4 0 2 3 3
679.5 4863.3 -14.0 337 0 8.0 12.5 2.5 0.0 0 0 1 4 4
642.4 4898.9 -12.2 155 0 3.3 6.5 7.5 2.5 2 0 3 4 4
637.9 4897.4 -12.3 156 0 4.0 4.7 7.5 2.5 4 0 3 5 5
632.9 4894.7 -12.3 247 0 3.1 4.9 5.0 2.5 2 1 2 5 5
633.1 4835.9 -14.2 136 0 11.0 4.9 5.0 2.5 2 0 2 1 1
616.5 4830.1 -14.1 136 0 11.2 10.0 5.0 2.5 2 0 2 5 5
643.8 4824.7 -14.7 137 0 8.8 4.7 5.0 2.5 4 0 2 0 0
635.3 4810.6 -15.0 136 0 10.8 9.9 5.0 2.5 2 0 2 1 1
648.6 4819.6 -14.8 137 0 5.4 4.7 5.0 0.0 0 0 2 2 2
668.7 4848.7 -14.2 338 0 4.2 6.7 5.0 0.0 0 0 2 0 0
664.7 4851.5 -14.1 337 0 4.1 6.3 7.5 2.5 2 0 3 1 1
658.9 4848.9 -14.1 338 0 3.9 3.5 2.5 2.5 2 0 1 0 0
685.4 4848.2 -14.6 337 0 9.9 9.0 5.0 2.5 2 0 2 2 2
687.1 4812.4 -15.7 46 0 10.1 8.3 2.5 2.5 2 0 1 4 4
671.5 4814.0 -15.3 47 0 3.9 10.0 5.0 2.5 2 1 2 3 3
655.3 4809.1 -15.3 136 0 4.7 12.3 7.5 2.5 2 1 3 1 1
665.1 4792.1 -15.9 50 0 13.1 8.7 2.5 2.5 2 0 1 0 0
509.3 4894.4 -11.4 92 0 3.8 11.6 2.5 2.5 2 0 1 0 0
512.1 4921.1 -11.4 271 0 8.1 8.7 7.5 2.5 2 0 3 2 2
505.2 4920.9 -11.4 272 0 5.9 3.7 7.5 0.0 0 0 3 2 2
505.1 4917.2 -11.4 271 0 5.9 4.6 7.5 2.5 2 0 3 1 1
501.8 4906.2 -11.4 93 0 4.7 4.1 7.5 2.5 2 0 3 2 2
511.5 4905.9 -11.4 92 0 7.5 4.1 7.5 2.5 2 0 3 3 3
505.2 4898.3 -11.4 91 0 4.8 7.8 5.0 2.5 2 0 2 1 1
545.4 4925.8 -11.4 268 0 5.0 13.1 5.0 2.5 2 1 2 4 4
544.9 4899.7 -11.4 103 0 8.3 6.2 5.0 2.5 2 0 2 3 3
579.0 4889.3 -11.7 24 0 6.0 10.4 5.0 2.5 2 1 2 1 1
575.4 4928.8 -11.4 259 0 3.6 5.5 5.0 2.5 2 1 2 1 1
578.9 4920.2 -11.4 257 0 4.6 5.2 7.5 2.5 2 1 3 1 1
628.1 4924.1 -11.7 67 0 4.0 7.0 5.0 2.5 2 1 2 0 0
632.9 4943.8 -11.5 337 0 5.0 9.6 2.5 2.5 2 1 1 5 5
635.8 4932.8 -11.7 339 0 3.3 5.9 2.5 2.5 2 0 1 1 1
607.6 4899.2 -11.8 49 0 10.7 12.2 5.0 2.5 2 1 2 0 0
547.9 4882.1 -11.5 109 0 10.0 9.0 2.5 2.5 2 0 1 5 5
520.5 4889.6 -11.4 94 0 9.8 8.9 5.0 2.5 2 0 2 5 5
482.9 4900.2 -11.4 181 0 11.2 13.3 2.5 0.0 0 1 1 1 1
518.6 4938.0 -11.4 268 0 10.0 9.1 2.5 2.5 2 0 1 3 3
554.0 4939.6 -11.4 264 0 10.9 11.8 5.0 0.0 0 1 2 5 5
651.9 4928.7 -11.9 338 0 11.8 9.6 2.5 2.5 2 0 1 0 0
722.9 4774.3 -17.5 317 0 5.3 5.3 2.5 0.0 0 0 1 5 5
716.6 4788.1 -17.0 316 0 8.7 3.1 2.5 2.5 2 0 1 3 3
702.4 4767.0 -17.5 226 0 3.7 6.0 2.5 2.5 2 1 1 2 2
688.2 4758.0 -17.6 226 0 8.9 5.1 7.5 2.5 2 0 3 0 0
678.1 4753.6 -17.7 226 0 3.5 13.0 7.5 2.5 4 1 3 5 5
632.7 4702.8 -17.1 137 0 4.5 8.6 2.5 2.5 2 1 1 0 0
641.8 4692.2 -17.5 137 0 5.2 5.7 5.0 2.5 2 1 2 5 5
589.3 4695.1 -17.4 226 0 5.0 3.0 2.5 2.5 2 0 1 4 4
582.1 4679.8 -18.4 200 0 4.5 3.2 7.5 2.5 2 0 3 0 0
589.0 4663.1 -19.1 136 0 4.2 3.9 5.0 2.5 4 0 2 3 3
618.0 4706.3 -17.2 316 0 14.8 12.1 10.0 2.5 2 0 4 4 4
625.9 4678.5 -18.2 316 0 6.1 11.4 5.0 0.0 0 1 2 1 1
597.5 4651.5 -19.7 136 0 5.3 9.2 5.0 2.5 2 0 2 0 0
588.7 4644.8 -19.7 136 0 8.0 11.0 2.5 2.5 2 0 1 1 1
415.6 4902.4 -11.3 91 0 4.9 11.0 5.0 2.5 2 0 2 2 2
441.4 4923.6 -11.5 270 0 8.8 9.1 7.5 2.5 2 0 3 1 1
450.6 4914.8 -11.5 4 0 7.1 7.3 7.5 2.5 2 0 3 0 0
440.8 4903.9 -11.5 93 0 4.4 10.5 7.5 2.5 2 0 3 1 1
414.3 4916.7 -11.3 183 0 6.6 3.7 7.5 2.5 2 0 3 0 0
405.4 4913.6 -11.3 187 0 5.0 8.7 7.5 2.5 2 0 3 0 0
500.4 4783.1 -13.9 271 0 5.5 10.1 5.0 2.5 4 1 2 4 4
505.7 4757.0 -14.5 91 0 7.2 4.9 7.5 2.5 4 0 3 3 3
499.7 4752.0 -14.3 91 0 4.6 10.1 2.5 2.5 2 0 1 1 1
528.0 4770.4 -14.5 317 0 4.1 10.6 5.0 2.5 2 1 2 1 1
527.5 4791.6 -13.5 316 0 5.0 13.1 5.0 2.5 2 0 2 3 3
539.4 4751.6 -15.1 316 0 8.0 5.0 7.5 2.5 2 0 3 5 5
544.6 4746.3 -15.3 315 0 6.8 5.0 2.5 2.5 2 0 1 1 1
542.0 4708.9 -16.8 136 0 4.5 6.0 5.0 2.5 4 1 2 5 5
555.0 4722.0 -16.3 47 0 4.1 5.9 2.5 2.5 4 0 1 4 4
558.2 4729.0 -16.1 317 0 5.9 5.0 5.0 2.5 2 0 2 5 5
570.4 4727.7 -16.0 317 0 8.1 4.3 7.5 2.5 2 0 3 2 2
568.6 4720.5 -16.1 47 0 4.0 8.1 5.0 2.5 4 0 2 3 3
551.5 4704.7 -17.1 46 0 4.1 5.3 7.5 2.5 2 1 3 3 3
556.3 4687.4 -17.6 46 0 12.0 5.0 2.5 2.5 2 0 1 5 5
514.4 4836.7 -12.1 91 0 8.4 4.6 7.5 2.5 2 0 3 2 2
474.4 4850.5 -11.4 182 0 16.5 9.1 7.5 2.5 2 0 3 3 3
474.0 4837.8 -11.6 182 0 8.9 9.1 7.5 2.5 2 0 3 5 5
499.1 4831.7 -12.0 92 0 5.1 9.9 5.0 2.5 2 0 2 5 5
494.0 4831.5 -11.9 92 0 5.0 10.3 7.5 2.5 2 0 3 0 0
514.0 4845.6 -11.9 271 0 7.2 4.3 2.5 2.5 2 0 1 2 2
527.5 4849.9 -12.1 275 0 3.6 9.0 5.0 2.5 2 1 2 0 0
525.7 4826.9 -12.6 95 0 4.0 9.3 2.5 2.5 2 1 1 1 1
546.9 4840.0 -12.8 296 0 11.9 6.1 2.5 2.5 2 0 1 0 0
542.3 4848.4 -12.4 296 0 3.5 9.0 2.5 2.5 2 0 1 5 5
538.3 4852.9 -12.3 296 0 5.1 11.4 2.5 2.5 4 0 1 0 0
577.2 4792.6 -14.7 136 0 16.3 8.0 5.0 0.0 0 0 2 4 4
567.5 4802.7 -14.2 136 0 11.7 13.0 5.0 2.5 2 0 2 1 1
575.6 4825.4 -13.6 317 0 9.8 4.5 7.5 2.5 2 0 3 4 4
580.3 4820.8 -13.8 317 0 4.5 8.9 7.5 2.5 4 0 3 1 1
600.8 4801.1 -14.7 316 0 4.7 9.2 7.5 2.5 2 1 3 0 0
593.9 4792.6 -14.9 316 0 6.8 4.1 7.5 2.5 2 0 3 3 3
587.8 4785.7 -14.9 136 0 8.4 5.1 5.0 2.5 2 0 2 3 3
613.1 4763.7 -15.7 46 0 4.0 9.1 5.0 2.5 4 0 2 5 5
619.5 4779.3 -15.7 316 0 4.6 6.4 5.0 2.5 2 0 2 3 3
614.9 4774.9 -15.7 316 0 4.6 3.1 7.5 2.5 2 0 3 4 4
617.8 4764.4 -15.8 46 0 4.0 11.9 7.5 2.5 2 0 3 5 5
611.6 4742.0 -15.9 46 0 6.9 6.6 2.5 2.5 2 0 1 2 2
369.0 4943.6 -11.2 274 0 10.2 4.5 5.0 2.5 2 0 2 4 4
364.9 4920.0 -11.1 187 0 4.1 6.0 2.5 2.5 2 0 1 4 4
364.4 4915.8 -11.1 187 0 4.2 6.0 5.0 0.0 0 0 2 2 2
360.9 4892.8 -11.4 187 0 5.1 7.0 5.0 2.5 2 1 2 5 5
363.1 4828.2 -12.5 215 0 5.8 8.9 5.0 0.0 0 1 2 1 1
383.2 4820.0 -12.3 305 0 4.5 7.8 2.5 0.0 0 1 1 3 3
395.5 4763.9 -12.4 107 0 5.4 9.7 7.5 2.5 2 0 3 1 1
454.1 4765.6 -12.4 1 0 5.0 8.4 7.5 2.5 2 0 3 2 2
341.4 4755.7 -13.0 186 0 5.1 5.5 5.0 2.5 2 1 2 0 0
365.6 4703.6 -13.0 187 0 4.0 4.1 5.0 2.5 2 0 2 4 4
359.7 4700.4 -13.1 187 0 3.9 9.6 7.5 2.5 2 0 3 3 3
336.3 4666.4 -13.5 186 0 5.8 6.4 5.0 2.5 4 0 2 1 1
599.9 4536.8 -22.4 316 0 11.5 14.4 10.0 0.0 0 1 4 5 5
521.6 4534.1 -19.4 48 0 5.2 7.5 7.5 2.5 2 1 3 1 1
515.3 4530.7 -19.3 48 0 3.4 3.0 5.0 2.5 2 0 2 3 3
347.5 4536.9 -14.0 97 0 6.5 3.9 5.0 2.5 2 0 2 4 4
449.2 4525.6 -17.2 275 0 7.0 3.7 7.5 2.5 2 0 3 0 0
416.1 4495.3 -16.6 135 0 4.7 7.5 5.0 2.5 2 0 2 1 1
317.9 4409.6 -14.9 274 0 3.8 5.0 7.5 2.5 2 0 3 3 3
264.5 4757.8 -13.8 14 0 4.5 11.2 5.0 2.5 2 1 2 1 1
229.5 4747.9 -14.1 103 0 7.0 15.1 5.0 0.0 0 0 2 5 5
188.8 4695.7 -14.8 104 0 4.2 6.2 7.5 0.0 0 0 3 4 4
189.2 4707.2 -14.8 194 0 10.0 4.5 2.5 2.5 2 0 1 4 4
222.3 4687.6 -14.5 103 0 5.2 7.2 7.5 2.5 2 0 3 0 0
243.0 4681.5 -14.3 104 0 3.9 8.0 7.5 2.5 2 0 3 5 5
248.0 4704.9 -14.2 14 0 4.9 6.6 5.0 0.0 0 1 2 3 3
247.4 4720.6 -14.2 283 0 4.9 7.1 5.0 2.5 2 0 2 3 3
221.2 4715.9 -14.5 284 0 4.6 6.5 5.0 2.5 2 1 2 2 2
211.1 4724.6 -14.6 284 0 4.8 7.6 2.5 2.5 2 0 1 5 5
209.5 4730.5 -14.5 283 0 4.8 6.9 7.5 2.5 2 0 3 5 5
205.0 4731.5 -14.6 284 0 4.4 9.9 5.0 2.5 2 0 2 3 3
161.8 4664.0 -15.3 195 0 5.1 3.3 5.0 2.5 2 0 2 3 3
197.2 4669.3 -15.0 284 0 6.0 11.6 5.0 0.0 0 0 2 1 1
238.6 4659.0 -14.6 284 0 3.9 10.6 5.0 2.5 2 0 2 0 0
238.9 4641.6 -14.6 14 0 6.2 5.8 7.5 2.5 2 0 3 2 2
236.1 4622.4 -14.7 104 0 4.0 9.9 7.5 2.5 2 0 3 5 5
231.6 4623.5 -14.7 104 0 6.4 10.0 2.5 2.5 2 0 1 3 3
199.8 4638.8 -15.0 104 0 4.1 6.0 2.5 2.5 2 0 1 1 1
203.2 4635.1 -15.0 105 0 4.2 8.8 2.5 2.5 4 0 1 2 2
167.8 4636.0 -15.3 104 0 5.5 10.8 5.0 2.5 2 0 2 0 0
163.4 4637.2 -15.4 105 0 4.0 10.8 5.0 2.5 2 0 2 0 0
275.5 4682.3 -14.0 187 0 4.1 6.7 5.0 0.0 0 0 2 0 0
271.9 4641.7 -14.2 186 0 4.8 7.9 7.5 2.5 2 0 3 2 2
268.7 4659.6 -14.2 187 0 3.8 8.5 7.5 2.5 2 0 3 4 4
314.0 4712.3 -13.5 7 0 5.6 6.1 7.5 2.5 2 0 3 2 2
314.7 4717.5 -13.6 8 0 4.4 12.9 5.0 2.5 4 0 2 0 0
308.4 4673.0 -13.8 7 0 3.8 6.5 7.5 2.5 4 0 3 1 1
307.6 4668.0 -13.8 7 0 6.2 6.4 7.5 2.5 4 0 3 2 2
295.3 4640.8 -14.1 12 0 9.8 4.5 7.5 2.5 4 0 3 1 1
273.3 4611.3 -14.4 97 0 3.5 6.3 2.5 2.5 2 0 1 4 4
268.6 4622.9 -14.4 187 0 3.9 5.9 7.5 2.5 2 0 3 0 0
268.2 4619.0 -14.4 187 0 3.9 4.3 7.5 2.5 2 0 3 0 0
164.6 4933.8 -12.9 6 0 4.0 5.2 2.5 0.0 0 1 1 1 1
161.4 4956.4 -12.7 266 0 14.1 8.1 5.0 2.5 2 0 2 4 4
131.2 4954.1 -13.0 265 0 10.8 10.3 7.5 2.5 2 0 3 0 0
25.6 4757.5 -16.1 193 0 4.4 24.8 7.5 0.0 0 0 3 2 2
20.4 4756.7 -16.1 192 0 3.3 4.9 7.5 2.5 4 0 3 1 1
48.4 4807.3 -15.9 284 0 8.2 5.4 2.5 2.5 2 0 1 4 4
45.6 4814.2 -16.0 284 0 12.6 6.1 7.5 2.5 2 0 3 1 1
51.9 4831.5 -15.8 102 0 9.3 3.9 7.5 2.5 2 0 3 5 5
45.9 4831.8 -15.9 282 0 7.1 3.9 5.0 2.5 4 0 2 0 0
20.9 4826.7 -16.3 192 0 15.0 10.4 7.5 2.5 4 0 3 1 1
31.2 4800.2 -16.1 191 0 18.4 9.2 2.5 2.5 2 0 1 2 2
50.3 4769.6 -15.8 194 0 9.1 11.4 7.5 2.5 2 0 3 0 0
26.4 4775.4 -16.1 194 0 6.2 24.6 2.5 2.5 2 0 1 4 4
11.5 4785.6 -16.3 193 0 8.3 9.6 7.5 2.5 2 1 3 4 4
11.1 4764.1 -16.3 191 0 14.4 10.6 5.0 2.5 2 0 2 0 0
-7.6 4669.7 -16.8 193 0 8.1 8.9 5.0 2.5 2 1 2 4 4
18.4 4667.5 -16.6 104 0 6.5 3.4 2.5 0.0 0 0 1 3 3
17.8 4657.1 -16.7 102 0 3.7 4.5 5.0 0.0 0 0 2 0 0
13.5 4658.0 -16.8 102 0 11.3 6.0 7.5 2.5 4 0 3 0 0
14.5 4654.0 -16.8 102 0 8.8 3.7 7.5 2.5 2 0 3 2 2
10.6 4656.7 -16.9 12 0 3.7 13.4 7.5 2.5 2 0 3 0 0
8.3 4625.7 -17.1 91 0 5.3 4.6 5.0 2.5 2 0 2 2 2
-14.6 4628.5 -17.3 104 0 12.9 12.4 5.0 2.5 2 0 2 0 0
82.1 4720.7 -15.7 11 0 11.1 17.0 5.0 0.0 0 0 2 2 2
18.8 4692.4 -16.4 193 0 11.3 32.6 10.0 2.5 2 1 4 2 2
-3.0 4698.0 -16.5 194 0 10.0 9.9 5.0 2.5 2 0 2 3 3
-27.1 4564.5 -17.7 196 0 4.8 13.9 10.5 3.5 2 1 3 4 4
-13.9 4549.0 -17.7 13 0 4.3 6.2 10.5 3.5 2 0 3 1 1
-20.0 4550.4 -17.7 15 0 4.4 7.2 10.5 3.5 2 0 3 2 2
-41.4 4533.2 -17.7 196 0 5.4 3.2 10.5 3.5 4 0 3 3 3
-20.4 4519.1 -17.6 13 0 20.0 7.7 10.5 0.0 0 0 3 5 5
-49.3 4512.3 -17.6 193 0 6.0 10.9 10.5 3.5 2 0 3 2 2
-55.1 4491.0 -17.6 191 0 5.0 11.7 10.5 3.5 2 0 3 1 1
-38.0 4487.5 -17.5 13 0 5.0 5.7 10.5 0.0 0 0 3 5 5
-15.4 4306.6 -19.4 109 0 9.0 7.6 10.5 3.5 2 0 3 5 5
-10.5 4302.6 -19.4 110 0 3.6 4.4 10.5 3.5 2 0 3 0 0
-4.3 4289.6 -19.9 18 0 7.5 12.2 10.5 0.0 0 1 3 2 2
-40.5 4322.9 -19.3 104 0 3.4 4.6 10.5 3.5 2 1 3 3 3
-19.7 4307.5 -19.6 14 0 3.7 21.9 10.5 3.5 2 0 3 5 5
-67.1 4300.9 -20.3 103 0 13.1 11.8 14.0 3.5 2 0 4 4 4
-36.9 4349.0 -18.4 107 0 3.6 6.5 10.5 3.5 2 0 3 0 0
-43.2 4340.3 -18.8 106 0 10.8 10.1 14.0 3.5 2 0 4 4 4
34.8 4372.0 -17.5 18 0 21.7 5.0 10.5 3.5 2 0 3 1 1
20.8 4368.9 -17.6 17 0 6.3 15.9 10.5 3.5 2 1 3 0 0
-61.0 4309.1 -20.0 102 0 5.5 20.4 10.5 3.5 2 0 3 4 4
-69.4 4317.4 -19.8 106 0 5.9 15.0 10.5 3.5 2 0 3 3 3
-92.0 4308.7 -20.4 104 0 11.2 16.4 14.0 0.0 0 1 4 3 3
-104.0 4333.5 -20.0 198 0 18.6 5.0 10.5 3.5 2 0 3 4 4
-100.6 4343.9 -19.5 197 0 3.3 11.1 10.5 3.5 2 0 3 0 0
-89.6 4342.0 -19.5 196 0 6.7 6.0 10.5 3.5 2 0 3 2 2
-83.8 4340.4 -19.5 196 0 6.7 17.2 10.5 3.5 2 0 3 1 1
-78.9 4365.1 -18.7 197 0 6.0 6.0 10.5 0.0 0 1 3 1 1
-77.2 4355.2 -18.9 197 0 5.3 8.3 10.5 3.5 2 1 3 5 5
-110.9 4354.9 -19.4 196 0 5.9 12.5 10.5 3.5 2 0 3 3 3
-108.1 4364.3 -19.2 197 0 13.7 8.7 10.5 3.5 2 0 3 0 0
-69.5 4402.8 -18.2 197 0 9.7 20.5 10.5 3.5 2 0 3 5 5
-78.3 4399.4 -18.2 196 0 9.9 7.5 10.5 3.5 2 0 3 0 0
-84.1 4401.1 -18.2 197 0 7.8 4.7 10.5 3.5 2 0 3 5 5
-91.8 4404.7 -18.3 196 0 10.2 8.5 10.5 3.5 2 0 3 1 1
-91.0 4418.1 -18.0 196 0 5.2 76.9 10.5 3.5 2 1 3 1 1
142.7 5731.6 -12.1 8 0 22.8 7.8 5.0 2.5 2 0 2 5 5
336.7 5789.7 -9.1 99 0 17.3 12.0 5.0 2.5 2 0 2 5 5
373.3 5858.1 -9.5 94 0 16.7 11.8 7.5 2.5 2 0 3 1 1
361.0 5880.7 -9.0 91 0 6.1 5.9 2.5 2.5 2 0 1 5 5
436.7 5853.7 -10.0 93 0 19.7 11.8 2.5 2.5 2 0 1 1 1
354.2 5720.8 -9.7 100 0 19.5 13.2 10.0 2.5 2 0 4 4 4
275.9 5781.6 -9.0 281 0 9.1 13.6 7.5 2.5 4 1 3 4 4
451.2 5593.5 -10.2 194 0 6.4 36.6 7.5 2.5 2 1 3 5 5
400.0 5495.1 -11.9 277 0 11.4 19.8 7.5 2.5 2 1 3 4 4
361.4 5395.2 -12.6 277 0 27.7 7.5 5.0 2.5 2 0 2 5 5
267.8 5483.9 -10.9 5 0 18.5 10.9 5.0 2.5 2 0 2 4 4
523.6 5563.7 -10.2 103 0 18.3 9.7 5.0 2.5 2 0 2 2 2
570.9 5604.3 -10.5 280 0 60.6 18.1 5.0 2.5 2 0 2 3 3
629.9 5640.7 -11.7 188 0 35.3 12.9 7.5 2.5 2 0 3 1 1
651.0 5672.5 -12.3 98 0 6.3 19.2 7.5 2.5 2 1 3 2 2
336.6 5194.8 -10.8 189 0 10.6 43.9 7.5 2.5 2 1 3 2 2
340.1 5176.3 -10.9 189 0 12.4 38.8 10.0 2.5 2 1 4 2 2
944.5 5472.2 -9.1 92 0 14.5 61.9 7.5 2.5 2 1 3 4 4
957.2 5552.6 -9.3 92 0 6.4 37.5 5.0 2.5 2 1 2 3 3
980.4 5644.5 -10.1 91 0 14.9 9.3 5.0 2.5 2 0 2 0 0
949.8 5646.5 -10.9 91 0 12.8 58.4 7.5 2.5 2 1 3 5 5
953.3 5723.0 -11.3 271 0 13.2 6.1 7.5 2.5 4 0 3 5 5
917.4 5325.0 -9.7 181 0 11.1 10.8 5.0 2.5 2 0 2 3 3
958.6 5372.1 -9.1 1 0 12.5 13.3 7.5 2.5 2 1 3 1 1
746.4 4709.9 -19.8 225 0 18.0 8.8 5.0 2.5 2 0 2 1 1
769.2 4725.1 -19.9 322 0 8.0 8.9 7.5 2.5 2 1 3 4 4
727.8 4687.5 -19.4 315 0 9.2 17.9 5.0 2.5 2 1 2 4 4
693.6 4661.0 -19.3 226 0 10.8 11.3 5.0 2.5 2 1 2 0 0
668.6 4636.4 -20.1 227 0 17.4 9.4 5.0 2.5 2 0 2 1 1
604.2 4570.3 -21.9 135 0 7.4 9.6 5.0 2.5 2 1 2 4 4
621.4 4549.0 -22.9 136 0 6.5 7.8 7.5 2.5 4 1 3 5 5
670.8 4570.6 -23.2 68 0 10.3 6.2 5.0 2.5 2 0 2 3 3
689.7 4578.8 -22.4 67 0 10.9 5.8 5.0 2.5 2 0 2 0 0
708.5 4586.6 -21.7 66 0 11.7 4.7 2.5 2.5 2 0 1 0 0
726.3 4593.6 -21.4 74 0 11.4 6.2 5.0 2.5 2 0 2 1 1
764.8 4630.9 -20.9 69 0 8.7 12.5 7.5 2.5 2 1 3 2 2
767.2 4674.7 -20.7 226 0 8.3 9.5 5.0 2.5 2 1 2 4 4
775.6 4638.6 -21.0 71 0 7.9 7.4 2.5 0.0 0 0 1 0 0
796.1 4694.7 -21.0 317 0 9.9 9.4 5.0 2.5 2 0 2 3 3
820.5 4669.4 -21.8 319 0 9.1 9.0 7.5 2.5 2 0 3 0 0
851.2 4661.0 -22.9 145 0 18.1 11.8 7.5 2.5 2 0 3 3 3
863.3 4641.7 -23.3 152 0 9.6 7.8 5.0 2.5 2 0 2 2 2
873.1 4625.4 -23.7 158 0 8.9 7.8 5.0 2.5 2 0 2 1 1
885.1 4603.0 -24.1 77 0 10.3 11.3 7.5 2.5 4 1 3 2 2
885.4 4590.2 -24.4 269 0 7.9 9.2 5.0 2.5 2 1 2 1 1
880.0 4568.0 -24.6 189 0 9.6 11.1 7.5 2.5 4 1 3 0 0
875.9 4549.4 -24.8 201 0 9.8 9.1 7.5 2.5 4 0 3 2 2
867.8 4533.8 -25.0 211 0 11.5 10.8 2.5 2.5 2 0 1 4 4
829.3 4500.9 -25.6 244 0 6.5 7.9 2.5 2.5 2 1 1 2 2
842.1 4507.5 -25.3 236 0 6.8 9.2 5.0 2.5 2 1 2 2 2
815.1 4497.9 -25.8 249 0 8.1 9.9 7.5 2.5 2 1 3 0 0
796.9 4491.3 -26.1 249 0 8.2 9.1 7.5 2.5 2 1 3 0 0
780.8 4486.1 -26.6 250 0 9.0 8.4 7.5 0.0 0 0 3 1 1
756.9 4477.4 -27.6 248 0 8.1 10.2 5.0 2.5 2 1 2 5 5
725.0 4458.5 -28.6 238 0 8.2 9.3 7.5 2.5 2 1 3 3 3
708.1 4448.0 -28.3 236 0 9.1 10.0 2.5 2.5 2 1 1 2 2
691.9 4469.4 -27.1 139 0 11.0 9.2 5.0 2.5 2 0 2 3 3
678.3 4484.7 -26.4 140 0 11.6 10.2 7.5 2.5 2 0 3 2 2
641.6 4525.6 -24.2 139 0 7.7 10.0 5.0 0.0 0 1 2 3 3
787.7 4505.6 -25.1 69 0 13.0 13.1 5.0 2.5 4 1 2 5 5
831.7 4525.6 -24.3 55 0 9.5 7.4 2.5 2.5 2 0 1 1 1
855.5 4559.5 -24.0 18 0 8.7 7.4 5.0 2.5 2 0 2 0 0
860.5 4580.9 -23.7 3 0 9.8 8.8 7.5 2.5 2 0 3 4 4
858.3 4600.4 -23.5 350 0 9.5 9.2 7.5 2.5 2 0 3 3 3
853.4 4620.2 -23.2 337 0 9.2 10.0 2.5 2.5 2 1 1 0 0
811.8 4588.0 -22.8 158 0 9.4 10.9 2.5 2.5 4 1 1 2 2
802.7 4628.3 -22.1 246 0 7.5 13.6 5.0 0.0 0 1 2 2 2
793.8 4597.1 -22.3 157 0 12.2 8.1 5.0 2.5 2 0 2 3 3
772.3 4599.7 -21.9 159 0 12.6 12.4 7.5 2.5 2 0 3 3 3
773.6 4620.2 -21.5 247 0 12.2 11.0 7.5 2.5 2 0 3 4 4
783.1 4582.5 -22.4 158 0 12.4 9.8 5.0 2.5 2 0 2 5 5
-233.9 4661.8 -24.0 198 0 5.1 11.6 10.5 3.5 4 0 3 1 1
-302.0 4051.1 -33.0 278 0 13.9 15.5 10.5 3.5 2 0 3 3 3
-301.4 4059.2 -32.8 360 0 8.6 13.5 10.5 3.5 2 1 3 2 2
-231.4 4041.5 -32.7 279 0 14.3 10.7 10.5 3.5 2 0 3 4 4
-282.5 4039.0 -32.8 7 0 18.6 13.9 10.5 3.5 2 0 3 4 4
-310.1 4075.0 -32.7 359 0 7.1 11.7 10.5 3.5 2 0 3 2 2
-299.9 4080.5 -32.5 357 0 5.8 10.4 10.5 3.5 2 0 3 2 2
-288.3 4056.7 -32.7 94 0 10.6 13.6 14.0 3.5 2 0 4 0 0
-294.6 4094.6 -32.2 183 0 12.0 8.3 10.5 3.5 2 0 3 5 5
-287.4 4077.0 -32.4 183 0 6.0 6.8 10.5 3.5 2 0 3 3 3
-273.4 4054.2 -32.6 94 0 15.7 9.4 10.5 3.5 2 0 3 4 4
-265.9 4084.2 -32.4 4 0 20.0 14.0 14.0 0.0 0 0 4 3 3
-294.1 4076.2 -32.5 183 0 11.0 6.6 10.5 3.5 2 0 3 2 2
-228.7 3982.5 -33.4 95 0 7.5 31.9 10.5 3.5 2 0 3 5 5
-280.5 4018.2 -32.7 9 0 4.4 10.3 10.5 3.5 2 1 3 0 0
-294.6 4015.9 -32.7 0 0 3.7 9.7 10.5 3.5 2 1 3 4 4
-308.4 4019.8 -32.8 158 0 6.8 3.1 10.5 3.5 2 0 3 5 5
-257.1 4093.2 -31.9 188 0 7.4 12.5 10.5 0.0 0 1 3 0 0
-281.7 4009.7 -32.8 0 0 4.3 6.6 10.5 3.5 2 1 3 5 5
-251.4 4166.7 -29.8 12 0 16.7 23.1 14.0 0.0 0 0 4 1 1
-283.3 4190.0 -28.8 276 0 8.1 10.8 10.5 3.5 2 1 3 5 5
-312.0 4195.5 -29.5 280 0 11.4 8.3 10.5 3.5 2 0 3 4 4
-302.4 4193.8 -29.3 281 0 8.2 12.8 10.5 3.5 2 0 3 0 0
-293.3 4176.3 -29.1 33 0 10.4 13.4 14.0 3.5 2 0 4 1 1
-294.9 4151.2 -30.5 8 0 11.5 16.9 14.0 3.5 2 0 4 0 0
-729.1 4685.7 -6.9 109 0 11.8 18.0 7.5 2.5 2 1 3 2 2
-599.4 4582.3 -15.9 193 0 7.7 21.7 7.5 2.5 2 1 3 3 3
-564.4 4594.6 -17.9 15 0 19.1 10.1 7.5 2.5 2 0 3 1 1
-462.8 4512.5 -28.5 199 0 20.5 13.8 14.0 0.0 0 0 4 4 4
3122.6 2663.4 12.7 288 0 26.3 12.9 10.0 2.5 2 0 4 3 3
3109.6 2615.0 13.1 105 0 4.2 4.4 5.0 2.5 2 0 2 0 0
3127.8 2614.3 13.0 106 0 6.4 6.8 2.5 0.0 0 0 1 1 1
3116.7 2617.5 13.0 106 0 16.6 7.7 7.5 2.5 2 0 3 3 3
3093.2 2619.7 13.0 106 0 29.6 12.2 7.5 2.5 2 0 3 3 3
3101.0 2665.4 12.7 288 0 16.2 8.1 2.5 2.5 2 0 1 5 5
3073.2 2625.6 12.8 108 0 12.0 46.4 10.0 2.5 4 0 4 0 0
3152.5 2622.9 12.9 21 0 12.8 11.5 10.0 2.5 4 0 4 2 2
677.7 844.0 20.1 265 0 17.9 9.1 7.5 2.5 2 0 3 3 3
638.7 778.3 21.6 174 0 13.9 9.0 2.5 2.5 2 0 1 3 3
877.9 5690.7 -11.1 270 0 25.9 15.3 10.0 2.5 2 0 4 5 5
905.6 5691.0 -10.9 272 0 7.0 28.5 5.0 2.5 2 1 2 4 4
907.1 5638.3 -10.4 2 0 26.1 8.9 5.0 2.5 2 0 2 3 3
906.1 5608.1 -10.1 2 0 34.2 8.9 7.5 2.5 2 0 3 0 0
-5032.7 6212.4 -13.9 256 0 16.0 24.7 7.5 2.5 2 1 3 0 0
-924.8 3404.3 10.9 86 0 17.0 30.2 5.0 2.5 2 0 2 1 1
-941.1 3417.7 10.9 176 0 17.8 6.7 3.5 2.5 2 0 1 5 5
