-2626.1 2547.1 -11.9 279 0 10.8 14.6 2.5 2.5 2 1 1 5 5
-2619.8 2506.8 -10.0 102 0 16.3 12.2 7.5 2.5 2 0 3 2 2
-2583.0 2534.1 -8.5 281 0 12.2 15.7 2.5 2.5 2 1 1 5 5
6436.7 -1128.2 -18.9 224 0 19.7 11.0 7.5 2.5 2 0 3 3 3
6473.9 -1124.8 -19.1 313 0 34.0 9.3 7.5 2.5 2 0 3 0 0
5714.7 121.1 -12.5 33 0 8.9 11.0 5.0 2.5 2 1 2 2 2
5976.9 -374.0 -14.0 145 0 29.2 14.1 7.5 2.5 2 0 3 0 0
5831.1 -128.4 -11.7 50 0 28.2 11.7 10.0 2.5 2 0 4 4 4
5793.7 -999.3 -13.2 116 0 10.4 9.9 7.5 2.5 2 0 3 4 4
6554.6 -1770.6 -9.3 43 0 14.6 20.0 12.5 2.5 2 1 5 3 3
6020.9 -331.1 -14.8 323 0 11.7 20.3 5.0 2.5 2 1 2 3 3
5938.6 -191.8 -13.3 230 0 12.6 12.4 5.0 2.5 2 0 2 4 4
6307.5 -1527.5 -13.8 132 0 7.1 29.7 2.5 2.5 2 1 1 5 5
6113.7 -355.2 -15.9 228 0 16.1 9.6 7.5 2.5 2 0 3 5 5
5783.6 -984.2 -14.1 120 0 10.5 35.0 10.0 2.5 2 1 4 1 1
5816.8 -988.4 -13.4 31 0 13.8 9.4 5.0 2.5 2 0 2 4 4
5714.8 151.7 -12.1 306 0 11.4 5.8 7.5 2.5 2 0 3 4 4
5689.2 142.7 -11.4 218 0 12.0 8.0 7.5 2.5 2 0 3 5 5
5697.6 100.2 -12.5 313 0 10.5 15.2 10.0 0.0 0 1 4 0 0
5807.4 -93.6 -11.3 228 0 15.1 9.5 5.0 2.5 2 0 2 1 1
6461.0 -1156.7 -18.6 48 0 8.7 10.2 2.5 2.5 2 1 1 0 0
5726.1 81.0 -13.9 318 0 6.3 9.3 5.0 2.5 2 1 2 4 4
6916.2 1326.3 -22.0 316 0 6.8 9.0 7.5 2.5 2 1 3 0 0
6955.4 1299.8 -22.2 315 0 14.9 6.6 7.5 2.5 2 0 3 2 2
6718.5 1905.7 -20.9 11 0 6.3 11.4 7.5 2.5 2 1 3 1 1
6711.0 1524.9 -12.8 252 0 11.0 7.1 5.0 0.0 0 0 2 5 5
6400.2 2393.3 -11.2 197 0 8.9 6.7 5.0 2.5 2 0 2 3 3
6853.9 1362.1 -21.7 45 0 5.7 7.9 5.0 2.5 2 1 2 1 1
5575.2 446.1 -8.2 212 0 7.9 15.0 2.5 2.5 2 1 1 4 4
6926.9 1303.6 -22.0 45 0 16.8 6.3 5.0 2.5 2 0 2 0 0
6917.2 1294.2 -21.7 47 0 8.8 13.4 5.0 2.5 2 1 2 0 0
6923.1 1288.0 -21.7 224 0 8.7 14.5 5.0 2.5 2 1 2 1 1
6728.7 1916.2 -21.1 18 0 9.0 7.7 5.0 2.5 4 0 2 2 2
6738.7 1472.6 -12.0 345 0 13.9 10.4 7.5 0.0 0 0 3 3 3
6692.7 1934.3 -20.2 284 0 8.1 18.8 5.0 2.5 2 1 2 2 2
6420.5 2408.3 -11.6 289 0 12.4 10.1 7.5 2.5 2 0 3 1 1
3006.9 4857.5 10.8 264 0 12.6 9.4 2.5 2.5 2 0 1 1 1
2974.6 4046.8 -7.9 164 0 9.5 6.0 5.0 2.5 2 0 2 3 3
100.2 3165.7 11.2 115 0 9.2 18.6 2.5 2.5 2 1 1 1 1
3017.0 4820.0 11.3 354 0 5.2 13.3 5.0 2.5 2 1 2 5 5
2077.9 2346.0 4.5 208 0 23.1 9.0 7.5 2.5 2 0 3 0 0
2115.9 2354.1 1.7 299 0 28.7 11.4 10.0 0.0 0 0 4 1 1
-2007.6 4376.5 -2.5 325 0 7.2 13.7 7.5 2.5 2 1 3 5 5
31.7 3163.7 8.2 159 0 10.5 15.7 5.0 2.5 2 1 2 4 4
72.3 3179.7 10.8 115 0 9.2 18.6 2.5 2.5 2 1 1 3 3
119.1 3134.3 9.3 339 0 10.5 15.7 5.0 2.5 2 1 2 5 5
5325.7 384.6 -6.4 216 0 11.1 12.1 7.5 2.5 2 1 3 2 2
117.8 3157.3 11.4 115 0 9.2 18.6 7.5 0.0 0 1 3 1 1
2089.4 2313.8 1.8 128 0 12.3 9.6 7.5 2.5 4 0 3 2 2
5350.8 378.7 -6.4 36 0 13.5 7.5 2.5 2.5 2 0 1 2 2
-2023.4 4360.8 -2.4 52 0 12.2 10.5 7.5 2.5 4 0 3 5 5
2978.4 4033.6 -8.1 167 0 8.9 12.7 7.5 2.5 2 1 3 0 0
2999.2 4069.2 -7.6 256 0 5.2 17.5 2.5 2.5 2 1 1 4 4
94.4 3145.8 8.9 339 0 10.5 15.7 5.0 2.5 4 1 2 3 3
3007.9 4038.3 -7.8 73 0 7.0 9.0 2.5 2.5 2 1 1 5 5
-2055.0 4365.3 -2.6 146 0 16.5 7.4 7.5 2.5 2 0 3 2 2
1545.4 2666.5 7.7 97 0 6.2 33.5 7.5 2.5 4 1 3 0 0
55.0 3188.3 10.5 115 0 9.2 18.6 7.5 2.5 2 1 3 1 1
70.4 3157.1 8.5 339 0 10.5 15.7 7.5 2.5 2 1 3 5 5
1566.2 2691.6 7.0 280 0 10.6 14.7 7.5 2.5 2 1 3 2 2
2122.7 2316.4 0.3 36 0 19.1 10.2 5.0 2.5 2 0 2 2 2
5113.8 5576.5 -11.3 23 0 17.9 4.5 5.0 2.5 2 0 2 1 1
-2491.0 4432.1 -7.0 333 0 13.9 26.1 12.5 2.5 4 1 5 1 1
-593.8 1476.6 5.2 195 0 10.8 4.7 5.0 2.5 2 0 2 4 4
-555.1 1463.6 4.7 23 0 9.9 5.7 7.5 2.5 2 0 3 0 0
-677.6 1330.0 8.0 105 0 10.6 15.7 7.5 2.5 2 1 3 5 5
-580.3 1482.5 5.3 193 0 10.4 16.2 7.5 2.5 4 1 3 1 1
6900.3 2918.6 -19.7 7 0 14.0 11.6 2.5 2.5 2 0 1 5 5
6003.8 306.6 -15.2 147 0 20.0 6.4 5.0 2.5 2 0 2 5 5
6727.3 2268.0 -17.7 355 0 10.7 9.8 5.0 2.5 2 0 2 5 5
6890.4 2819.2 -19.5 4 0 7.0 12.7 5.0 0.0 0 1 2 1 1
6712.6 2479.5 -17.4 291 0 11.4 13.7 5.0 0.0 0 1 2 4 4
6727.7 2360.8 -17.7 4 0 14.6 11.5 2.5 0.0 0 0 1 3 3
6690.2 3164.7 -20.1 2 0 14.8 8.0 5.0 2.5 2 0 2 4 4
6778.1 660.5 -17.1 154 0 5.4 12.0 2.5 2.5 2 1 1 2 2
6028.6 300.1 -15.0 53 0 13.0 8.6 7.5 2.5 2 0 3 1 1
6411.8 485.7 -16.6 38 0 4.4 7.1 5.0 2.5 2 1 2 3 3
6890.7 2838.3 -19.4 6 0 11.7 10.6 7.5 2.5 2 0 3 5 5
6391.6 488.3 -16.4 219 0 11.9 9.4 7.5 2.5 2 0 3 0 0
6441.3 420.9 -16.4 141 0 10.1 8.4 5.0 2.5 4 0 2 0 0
6104.2 336.4 -14.4 61 0 8.1 15.3 7.5 2.5 2 1 3 3 3
6879.8 2950.2 -19.7 106 0 7.6 11.0 7.5 2.5 2 1 3 0 0
6092.2 378.6 -14.7 340 0 9.8 9.7 5.0 2.5 2 0 2 1 1
6413.6 472.6 -16.6 28 0 11.3 8.0 5.0 2.5 2 0 2 0 0
6032.2 321.4 -14.9 319 0 11.5 5.2 7.5 2.5 2 0 3 5 5
6402.9 463.9 -16.4 33 0 5.8 13.0 2.5 2.5 2 1 1 1 1
6077.9 345.6 -14.4 151 0 10.4 11.1 5.0 2.5 2 1 2 1 1
6905.2 2954.5 -20.0 9 0 11.6 8.2 2.5 2.5 2 0 1 1 1
6050.3 -658.6 -15.3 21 0 12.0 6.3 7.5 2.5 2 0 3 0 0
6017.5 -641.7 -14.4 196 0 9.3 8.2 5.0 2.5 2 0 2 1 1
6049.8 -630.7 -14.2 288 0 9.3 10.2 7.5 2.5 2 1 3 4 4
6029.8 -625.6 -13.7 281 0 4.8 8.1 2.5 2.5 2 1 1 4 4
6902.3 3551.9 -21.6 40 0 6.3 22.4 5.0 2.5 2 1 2 1 1
6885.6 3584.4 -21.7 207 0 9.2 12.7 5.0 2.5 2 1 2 1 1
6292.1 3105.4 -14.9 115 0 11.4 6.7 5.0 2.5 2 0 2 4 4
6862.5 2396.9 -20.8 297 0 11.6 6.5 5.0 2.5 2 0 2 0 0
6726.9 2310.6 -17.7 360 0 10.6 5.2 5.0 2.5 2 0 2 3 3
6298.4 3073.8 -14.4 117 0 12.9 6.2 7.5 2.5 2 0 3 5 5
6933.6 3776.5 -22.0 200 0 12.1 6.6 2.5 2.5 2 0 1 3 3
6320.5 3117.3 -16.0 292 0 8.6 6.0 7.5 2.5 2 0 3 2 2
6822.1 2371.9 -19.7 25 0 5.5 10.5 7.5 2.5 2 1 3 1 1
6545.5 3402.5 -17.8 163 0 26.7 7.3 7.5 2.5 2 0 3 5 5
5771.4 3238.5 -10.2 6 0 16.3 10.8 10.0 2.5 2 0 4 1 1
6832.1 2392.2 -20.0 21 0 7.7 12.8 5.0 2.5 2 1 2 1 1
6946.2 4047.7 -21.6 278 0 9.5 14.3 5.0 2.5 2 1 2 3 3
6300.8 3128.3 -15.8 294 0 10.1 9.2 7.5 2.5 2 0 3 1 1
6305.7 3094.9 -15.3 207 0 8.3 18.6 5.0 2.5 2 0 2 4 4
5742.4 3237.5 -11.0 98 0 7.1 14.9 2.5 2.5 2 1 1 1 1
5760.0 3265.7 -13.0 6 0 9.8 17.7 7.5 2.5 2 1 3 2 2
6410.3 3015.0 -14.8 206 0 9.8 11.3 2.5 0.0 0 1 1 2 2
6267.0 4591.6 -17.4 107 0 11.2 23.8 12.5 2.5 2 1 5 4 4
6207.3 3860.3 -19.0 80 0 9.1 10.5 7.5 2.5 2 1 3 3 3
6308.1 4589.5 -17.6 27 0 13.8 10.0 2.5 2.5 2 0 1 5 5
6883.5 4753.8 -21.3 279 0 10.0 13.4 5.0 2.5 2 1 2 1 1
6196.3 3857.7 -18.8 348 0 5.9 9.4 5.0 2.5 2 1 2 2 2
6145.0 3685.5 -15.9 70 0 10.3 9.6 2.5 2.5 2 0 1 3 3
5782.2 3937.9 -14.9 284 0 6.9 12.2 5.0 2.5 2 1 2 0 0
6644.6 5018.7 -22.3 201 0 16.0 8.2 5.0 2.5 2 0 2 2 2
6412.8 4219.2 -20.5 93 0 11.1 20.2 2.5 2.5 2 1 1 3 3
6256.7 4322.9 -18.1 8 0 6.8 7.9 5.0 2.5 2 1 2 3 3
6384.9 4224.0 -20.3 93 0 9.1 12.7 7.5 2.5 2 1 3 1 1
6753.2 4543.5 -20.1 297 0 6.1 4.6 2.5 2.5 2 0 1 3 3
6016.6 3238.4 -8.1 163 0 11.6 6.4 7.5 2.5 2 0 3 3 3
6398.5 4247.7 -19.9 273 0 11.1 4.9 5.0 2.5 2 0 2 3 3
6248.2 4300.9 -18.3 10 0 11.7 11.8 5.0 2.5 2 1 2 4 4
6208.6 4293.5 -18.4 189 0 6.6 17.1 7.5 2.5 2 1 3 4 4
6855.8 4743.6 -21.5 190 0 11.5 3.8 5.0 2.5 2 0 2 5 5
6358.0 4226.1 -20.2 96 0 12.7 9.0 7.5 2.5 2 0 3 3 3
6259.6 4490.5 -16.4 24 0 13.8 7.6 2.5 2.5 2 0 1 1 1
5901.5 3900.9 -16.0 311 0 13.1 7.6 5.0 2.5 2 0 2 3 3
6649.6 4989.8 -22.3 115 0 19.5 8.8 7.5 2.5 2 0 3 0 0
6340.9 4231.0 -20.0 98 0 10.1 16.9 10.0 0.0 0 1 4 3 3
6870.7 4725.4 -21.4 107 0 13.3 7.7 7.5 2.5 2 0 3 3 3
6295.7 4613.8 -17.5 291 0 17.5 7.5 2.5 2.5 2 0 1 0 0
6252.0 4515.0 -16.3 295 0 16.0 5.1 7.5 2.5 2 0 3 2 2
6756.9 4516.1 -20.4 121 0 4.0 4.1 7.5 2.5 2 1 3 4 4
6356.0 4264.5 -19.5 279 0 26.5 9.3 7.5 2.5 2 0 3 4 4
5770.0 3711.6 -11.5 199 0 15.7 9.9 2.5 2.5 4 0 1 1 1
6781.3 4525.4 -20.5 297 0 8.2 10.6 7.5 2.5 2 1 3 4 4
6399.2 4219.8 -20.4 94 0 13.4 4.4 2.5 2.5 4 0 1 5 5
5876.2 3902.0 -15.8 220 0 13.5 8.2 2.5 2.5 2 0 1 1 1
6686.8 5006.8 -22.2 22 0 13.7 9.0 2.5 2.5 2 0 1 2 2
6113.1 3684.3 -15.7 162 0 26.4 13.4 7.5 2.5 2 0 3 3 3
5766.7 3922.5 -14.4 106 0 9.4 6.0 5.0 2.5 2 0 2 3 3
6379.0 4195.3 -21.0 184 0 16.5 15.4 2.5 2.5 2 0 1 2 2
5288.5 -192.0 -12.3 132 0 12.7 16.8 7.5 2.5 2 1 3 3 3
4898.7 -413.0 -16.9 306 0 19.2 13.8 10.0 2.5 2 0 4 2 2
4680.7 -576.1 -17.3 301 0 9.3 14.4 7.5 2.5 2 1 3 3 3
4623.4 -408.6 -18.4 127 0 6.8 14.8 7.5 2.5 2 0 3 4 4
4114.4 -85.6 -7.9 29 0 19.2 8.2 7.5 2.5 2 0 3 4 4
6397.7 -142.6 -18.2 247 0 4.7 13.3 5.0 2.5 2 1 2 3 3
6952.7 -303.0 -14.3 352 0 12.4 29.1 7.5 2.5 2 1 3 0 0
5319.3 -173.9 -11.4 314 0 22.4 6.1 5.0 2.5 2 0 2 2 2
4194.1 -137.0 -9.8 207 0 22.2 10.8 5.0 2.5 2 0 2 1 1
4696.0 -637.4 -16.3 301 0 10.1 15.1 7.5 2.5 2 1 3 5 5
4668.7 -415.4 -19.2 37 0 18.1 10.0 2.5 2.5 2 0 1 3 3
6019.1 73.6 -16.3 46 0 11.2 7.9 5.0 2.5 2 0 2 1 1
4650.5 -381.5 -18.5 213 0 9.8 21.7 5.0 2.5 2 1 2 1 1
4429.7 -268.7 -12.9 211 0 17.3 10.0 5.0 2.5 2 0 2 1 1
4086.5 -38.3 -7.9 207 0 11.9 31.8 10.0 2.5 2 0 4 0 0
4650.6 -627.1 -17.2 121 0 10.4 13.5 5.0 2.5 2 1 2 0 0
4639.6 -420.4 -19.0 121 0 15.2 10.6 10.0 2.5 2 0 4 4 4
5273.2 -172.6 -12.6 130 0 15.1 28.1 10.0 2.5 2 1 4 5 5
5999.1 98.6 -16.2 230 0 15.4 7.6 2.5 2.5 2 0 1 5 5
4693.2 -613.9 -16.8 35 0 33.2 7.1 5.0 2.5 2 0 2 2 2
4837.7 -503.5 -16.5 38 0 15.4 11.8 10.0 2.5 2 0 4 3 3
4222.3 -123.4 -10.2 300 0 20.9 9.9 2.5 2.5 2 0 1 3 3
4464.7 -250.4 -13.2 301 0 20.0 9.2 5.0 2.5 2 0 2 3 3
4142.8 -22.4 -8.4 294 0 11.8 39.8 7.5 2.5 4 1 3 3 3
4082.8 -97.0 -7.5 119 0 11.8 10.3 5.0 2.5 2 0 2 5 5
6950.4 -335.8 -14.1 350 0 9.2 15.0 7.5 2.5 2 1 3 2 2
4227.1 -153.1 -10.3 29 0 9.9 7.0 2.5 2.5 4 0 1 3 3
-2311.5 4724.6 -5.2 233 0 22.2 5.2 5.0 2.5 4 0 2 3 3
-2276.8 4720.9 -5.5 320 0 11.4 10.0 7.5 2.5 2 0 3 2 2
-532.1 4310.4 5.1 256 0 13.4 13.0 7.5 2.5 2 0 3 5 5
-2284.5 4692.6 -5.6 138 0 11.8 11.1 2.5 2.5 2 0 1 4 4
-563.0 4312.0 5.0 254 0 19.2 37.5 10.0 0.0 0 1 4 0 0
-496.9 4286.1 4.9 350 0 36.0 14.6 7.5 0.0 0 0 3 3 3
5223.9 -3550.0 -13.1 246 0 18.4 12.4 5.0 2.5 2 0 2 0 0
5699.5 -3959.0 -11.1 234 0 18.4 9.3 7.5 2.5 4 0 3 0 0
5767.4 -4095.9 -11.4 235 0 24.6 6.8 5.0 2.5 2 0 2 3 3
5927.6 -3143.3 -7.9 231 0 18.3 8.3 5.0 2.5 4 0 2 4 4
5381.7 -3857.1 -15.1 315 0 10.5 29.8 10.0 2.5 2 1 4 1 1
5963.1 -4195.0 -10.6 141 0 10.6 18.9 5.0 2.5 2 1 2 1 1
5371.9 -3831.4 -12.9 138 0 19.6 12.0 10.0 0.0 0 0 4 3 3
5683.3 -3991.9 -11.8 145 0 35.0 9.8 7.5 0.0 0 0 3 2 2
5751.9 -4127.0 -11.5 147 0 32.5 11.5 10.0 2.5 4 0 4 5 5
5952.3 -3176.5 -8.0 49 0 19.4 6.4 5.0 2.5 2 0 2 2 2
5915.1 -3164.8 -8.2 229 0 12.3 22.4 7.5 2.5 2 1 3 4 4
5637.4 -2815.0 -7.7 312 0 11.7 9.6 7.5 2.5 4 0 3 5 5
5805.5 -4098.6 -10.7 319 0 13.9 17.5 5.0 2.5 2 1 2 3 3
5787.3 -4135.5 -10.3 45 0 18.3 7.2 5.0 2.5 4 0 2 5 5
5642.7 -2832.4 -8.7 318 0 11.7 25.3 12.5 2.5 2 1 5 5 5
5991.6 -4158.5 -9.8 321 0 13.4 10.6 10.0 2.5 2 0 4 2 2
5349.5 -3877.1 -15.6 48 0 13.1 41.7 17.5 0.0 0 1 7 5 5
5334.7 -4506.6 -18.5 354 0 15.3 103.3 12.5 2.5 4 1 5 0 0
6127.6 -4720.9 -16.4 40 0 8.0 20.2 5.0 2.5 2 1 2 5 5
5448.1 -4788.0 -12.3 113 0 11.9 12.6 2.5 2.5 2 1 1 3 3
5409.8 -4750.1 -12.5 115 0 10.6 7.8 7.5 2.5 2 0 3 3 3
6241.3 -4622.9 -15.3 140 0 8.5 19.2 5.0 2.5 2 1 2 5 5
5057.9 -3729.6 -20.0 65 0 16.5 12.5 7.5 2.5 2 0 3 1 1
5227.1 -4184.9 -16.2 333 0 6.3 12.8 7.5 2.5 4 1 3 1 1
5255.3 -4472.3 -18.8 171 0 12.8 22.4 10.0 2.5 2 1 4 3 3
5335.9 -4134.0 -10.2 336 0 28.1 8.8 5.0 2.5 2 0 2 0 0
5293.0 -4160.8 -13.0 244 0 6.1 14.2 5.0 2.5 4 1 2 2 2
6292.2 -4569.1 -14.8 314 0 7.1 9.2 5.0 2.5 2 1 2 5 5
6307.1 -4581.9 -14.2 314 0 9.6 10.8 5.0 2.5 2 1 2 5 5
4994.6 -2957.3 -15.1 265 0 7.9 14.0 2.5 0.0 0 1 1 5 5
4972.4 -2970.3 -14.2 171 0 9.8 8.1 7.5 2.5 2 0 3 0 0
6183.0 -4654.4 -16.1 310 0 6.5 12.3 7.5 2.5 2 1 3 5 5
5206.9 -4447.0 -21.1 359 0 14.1 10.7 5.0 2.5 2 0 2 5 5
5186.2 -4588.0 -17.4 76 0 6.8 14.8 7.5 2.5 2 1 3 5 5
5400.2 -4770.1 -12.4 111 0 11.1 11.4 5.0 2.5 2 1 2 1 1
5312.6 -4458.3 -17.8 353 0 21.3 8.5 7.5 2.5 2 0 3 2 2
6095.5 -4708.5 -16.6 220 0 7.5 12.4 5.0 2.5 2 1 2 4 4
5756.3 -4894.9 -16.1 33 0 14.5 12.6 2.5 2.5 2 0 1 3 3
4977.6 -2994.3 -15.0 80 0 11.4 11.1 5.0 2.5 2 0 2 5 5
5651.0 -4838.9 -14.1 296 0 5.9 12.3 2.5 2.5 2 1 1 1 1
6015.4 -4766.3 -17.0 316 0 7.2 12.1 5.0 2.5 2 1 2 2 2
5236.8 -4333.3 -19.3 266 0 10.7 5.8 5.0 2.5 2 0 2 1 1
5742.4 -4857.0 -16.4 216 0 10.3 24.9 10.0 2.5 4 1 4 4 4
6463.2 -4438.5 -9.8 136 0 14.3 10.3 5.0 2.5 2 0 2 4 4
5363.7 -4756.6 -12.5 112 0 15.8 10.4 5.0 2.5 2 0 2 5 5
5030.0 -3718.9 -20.3 156 0 16.4 9.2 2.5 2.5 2 0 1 1 1
6471.2 -4399.3 -9.8 314 0 6.2 21.0 5.0 2.5 2 1 2 0 0
6049.3 -4262.4 -10.8 142 0 11.8 8.2 2.5 2.5 2 0 1 0 0
6270.8 -4639.0 -15.0 50 0 13.1 10.7 7.5 2.5 2 0 3 0 0
5463.0 -4781.0 -12.3 118 0 9.6 10.6 5.0 2.5 2 1 2 5 5
5609.8 -4845.5 -13.4 114 0 12.5 13.5 7.5 2.5 2 1 3 5 5
6379.8 -4351.2 -11.7 312 0 11.9 13.5 7.5 0.0 0 1 3 3 3
5031.5 -3690.6 -20.0 248 0 18.4 10.5 2.5 2.5 2 0 1 3 3
5254.3 -4672.5 -14.3 2 0 13.0 9.2 5.0 2.5 2 0 2 5 5
6309.3 -4566.9 -14.4 320 0 9.9 7.1 5.0 2.5 2 0 2 4 4
6072.5 -4722.4 -16.7 220 0 10.5 12.9 5.0 2.5 2 1 2 0 0
6119.7 -4691.0 -16.6 310 0 10.9 10.3 5.0 2.5 4 0 2 4 4
5183.9 -4237.9 -19.4 153 0 11.3 8.4 5.0 2.5 2 0 2 1 1
5207.8 -4388.7 -20.7 358 0 13.1 11.0 5.0 2.5 2 0 2 3 3
5617.7 -4814.0 -13.4 308 0 10.9 15.5 7.5 2.5 2 1 3 1 1
5640.0 -4831.2 -13.8 312 0 7.9 15.7 5.0 2.5 2 1 2 3 3
5206.9 -4234.1 -18.9 61 0 6.9 17.1 5.0 2.5 2 1 2 2 2
5070.3 -3702.2 -19.2 335 0 11.6 9.3 2.5 2.5 4 0 1 5 5
5254.3 -4608.5 -15.6 273 0 13.5 16.3 7.5 2.5 2 1 3 2 2
5485.9 -4802.3 -12.2 110 0 10.1 9.4 5.0 2.5 2 0 2 4 4
6491.3 -4413.5 -9.2 317 0 13.5 10.6 5.0 2.5 4 0 2 4 4
5219.5 -4350.7 -19.7 176 0 10.4 12.0 7.5 0.0 0 1 3 5 5
5213.5 -4619.0 -16.3 182 0 10.4 12.0 5.0 2.5 4 1 2 3 3
5224.1 -4257.0 -18.8 252 0 7.9 17.9 5.0 2.5 2 1 2 4 4
5202.3 -4275.5 -19.3 152 0 10.2 11.6 2.5 2.5 2 1 1 2 2
5568.6 -4835.0 -12.7 113 0 11.3 10.6 7.5 2.5 4 0 3 5 5
6194.8 -4669.1 -15.8 313 0 9.2 15.3 7.5 2.5 2 1 3 3 3
5422.0 -187.4 -8.5 219 0 10.3 16.2 5.0 0.0 0 1 2 5 5
4907.8 621.3 -5.6 293 0 11.3 17.2 5.0 0.0 0 1 2 0 0
4341.6 1092.0 -14.3 51 0 17.9 13.7 7.5 0.0 0 0 3 0 0
4110.4 1325.7 -14.5 138 0 10.9 9.7 5.0 2.5 2 0 2 5 5
4963.7 713.2 -8.0 268 0 7.2 10.6 5.0 2.5 2 1 2 4 4
4942.1 702.9 -7.7 176 0 11.7 7.6 7.5 2.5 2 0 3 2 2
4972.6 492.7 -6.1 103 0 7.6 16.4 7.5 2.5 2 1 3 1 1
4921.7 612.5 -5.6 9 0 11.5 5.3 2.5 2.5 2 0 1 2 2
4958.4 531.0 -6.8 199 0 16.2 13.0 2.5 2.5 2 0 1 5 5
4354.5 1046.4 -13.7 56 0 16.4 11.9 2.5 2.5 4 0 1 1 1
4133.6 1334.0 -14.4 45 0 14.9 5.9 5.0 2.5 2 0 2 5 5
5762.1 4687.2 -12.5 298 0 7.6 22.5 5.0 2.5 2 1 2 3 3
5401.6 3649.4 -7.3 10 0 8.3 13.7 2.5 2.5 2 1 1 5 5
5738.2 4694.7 -12.5 214 0 11.0 9.0 5.0 2.5 2 0 2 2 2
5755.5 4697.5 -12.6 306 0 7.7 5.5 5.0 2.5 4 0 2 0 0
5733.8 4661.5 -11.9 125 0 23.5 9.8 7.5 2.5 2 0 3 1 1
-6651.4 -7850.3 6.7 42 0 12.1 36.1 7.5 2.5 2 0 3 3 3
-6682.6 -7816.1 7.1 313 0 12.6 11.4 5.0 2.5 2 0 2 0 0
-6879.8 -7676.2 5.0 132 0 10.3 15.6 2.5 0.0 0 1 1 0 0
-6602.6 8287.5 -0.3 120 0 12.0 7.3 5.0 2.5 2 0 2 0 0
-6592.2 8307.0 -0.4 283 0 9.8 7.9 7.5 2.5 2 0 3 5 5
-6629.7 8112.6 0.2 217 0 26.4 8.5 7.5 2.5 2 0 3 3 3
-6633.0 8263.0 -0.3 118 0 6.8 10.0 5.0 0.0 0 1 2 4 4
-6621.0 8287.4 -0.3 303 0 13.8 8.5 5.0 2.5 2 0 2 3 3
-6570.4 8113.9 0.7 306 0 15.6 14.5 7.5 2.5 2 0 3 5 5
-6449.3 8191.3 1.4 123 0 14.0 15.4 5.0 2.5 2 1 2 2 2
-6744.8 8064.3 0.2 129 0 9.8 6.0 7.5 2.5 2 0 3 5 5
-6728.3 8079.9 0.1 34 0 4.0 6.0 7.5 2.5 2 1 3 3 3
-6578.4 8282.9 -0.2 126 0 6.5 12.3 7.5 2.5 2 1 3 1 1
-6652.4 8105.6 -0.0 308 0 7.7 30.7 2.5 2.5 2 1 1 1 1
-6648.8 8110.1 0.1 128 0 8.1 26.8 2.5 2.5 2 1 1 2 2
-6659.7 8292.9 0.1 124 0 6.3 11.5 5.0 2.5 2 1 2 1 1
-6650.0 8085.4 0.1 216 0 28.6 7.4 5.0 2.5 2 0 2 5 5
-6570.8 8060.9 0.6 38 0 13.5 35.9 7.5 0.0 0 1 3 1 1
-6622.2 8048.4 0.4 129 0 35.3 12.4 7.5 2.5 2 0 3 1 1
-6263.6 7108.4 3.5 226 0 21.1 9.1 5.0 2.5 2 0 2 3 3
-6178.8 7221.3 4.3 312 0 15.2 8.4 5.0 2.5 2 0 2 1 1
-6207.4 7600.5 4.7 229 0 7.3 8.2 5.0 2.5 2 1 2 4 4
-6173.2 7204.9 4.2 132 0 15.1 6.2 5.0 2.5 2 0 2 0 0
-6249.0 7122.4 3.6 226 0 19.5 6.5 5.0 2.5 2 0 2 3 3
-6475.8 7149.1 3.6 314 0 11.8 7.4 2.5 2.5 2 0 1 4 4
-6213.9 7571.6 4.8 226 0 6.7 16.2 7.5 0.0 0 1 3 1 1
-6185.3 7555.4 5.0 44 0 12.2 7.6 5.0 2.5 2 0 2 1 1
-6601.1 7007.1 3.0 121 0 23.5 8.2 2.5 2.5 2 0 1 1 1
-6253.9 7066.8 3.0 131 0 35.2 12.5 10.0 2.5 2 0 4 0 0
-6568.1 7064.6 3.1 304 0 15.0 12.9 2.5 2.5 4 0 1 5 5
-6572.9 7029.0 3.1 32 0 36.5 8.2 7.5 2.5 2 0 3 1 1
-6158.1 7219.4 4.2 216 0 12.0 7.2 7.5 2.5 2 0 3 1 1
-6023.9 6072.8 5.3 40 0 15.0 9.1 2.5 2.5 2 0 1 2 2
-6219.1 7079.8 3.1 40 0 17.5 9.3 7.5 2.5 2 0 3 3 3
-6485.2 7125.3 3.6 43 0 5.5 5.3 7.5 2.5 2 0 3 3 3
-6503.8 7142.2 3.5 135 0 6.8 13.0 5.0 2.5 2 1 2 5 5
-6611.2 7050.9 2.8 216 0 11.3 14.4 7.5 2.5 2 1 3 4 4
-6226.2 7112.5 3.4 309 0 14.8 11.1 5.0 2.5 4 0 2 0 0
-6192.3 5705.3 7.0 39 0 11.7 5.6 5.0 2.5 2 0 2 5 5
-6494.7 5153.0 5.6 206 0 8.7 14.4 7.5 2.5 2 1 3 1 1
-6484.8 5177.3 5.9 209 0 11.9 5.0 5.0 2.5 2 0 2 0 0
-6474.6 5154.1 5.7 117 0 8.2 15.0 7.5 0.0 0 0 3 2 2
-6449.1 5172.0 5.8 125 0 5.1 6.1 5.0 2.5 2 1 2 0 0
-6596.7 4965.1 5.0 297 0 11.4 7.8 7.5 2.5 2 0 3 3 3
-6223.0 5676.2 7.1 126 0 7.6 14.8 5.0 2.5 2 1 2 0 0
-6625.2 4959.6 5.0 119 0 8.5 10.6 5.0 2.5 2 1 2 2 2
-6475.5 5192.1 5.9 209 0 9.9 12.1 5.0 0.0 0 1 2 0 0
-6809.6 5058.0 8.1 210 0 10.3 11.5 7.5 2.5 2 1 3 2 2
-6956.3 3840.4 5.4 309 0 19.8 6.3 5.0 2.5 2 0 2 0 0
-6932.1 3799.7 6.0 49 0 19.8 10.7 5.0 2.5 2 0 2 4 4
-6951.9 3820.8 5.6 129 0 7.5 15.4 5.0 2.5 2 1 2 1 1
-2819.6 7604.5 -14.5 175 0 15.2 12.5 7.5 0.0 0 0 3 3 3
-2784.2 6987.7 -16.8 274 0 10.6 25.3 10.0 2.5 2 1 4 3 3
-2809.8 7949.5 -16.6 86 0 13.2 5.2 5.0 2.5 2 0 2 5 5
-2826.9 6979.7 -14.1 179 0 10.2 16.6 7.5 2.5 2 1 3 0 0
-2869.5 7972.0 -14.8 269 0 6.7 12.2 7.5 2.5 2 1 3 0 0
-2828.8 6937.6 -12.6 180 0 12.9 12.2 7.5 2.5 2 0 3 0 0
-2740.2 7757.7 -17.4 359 0 11.0 6.2 7.5 2.5 2 0 3 2 2
-2776.4 7811.6 -16.6 116 0 9.5 14.9 7.5 0.0 0 1 3 0 0
-2762.3 7630.6 -16.1 180 0 15.8 6.7 5.0 0.0 0 0 2 5 5
-2684.1 6855.5 -19.4 82 0 9.9 7.3 5.0 2.5 4 0 2 4 4
-2774.6 7960.0 -17.5 271 0 10.8 9.6 5.0 2.5 2 0 2 0 0
-2762.6 7607.6 -16.1 181 0 10.8 9.3 5.0 2.5 2 0 2 0 0
-2796.4 7797.9 -15.3 358 0 7.2 6.7 5.0 0.0 0 0 2 1 1
-2831.6 7949.3 -16.2 86 0 25.5 5.2 2.5 2.5 2 0 1 4 4
-2800.7 6952.2 -15.0 0 0 27.8 11.2 12.5 2.5 2 0 5 0 0
-2755.9 7550.7 -16.2 92 0 14.2 16.8 5.0 2.5 2 1 2 3 3
-2753.1 7623.9 -16.9 181 0 6.0 14.1 5.0 2.5 2 1 2 4 4
-2822.4 7781.0 -14.8 95 0 13.2 14.9 5.0 2.5 2 1 2 4 4
-2827.8 6915.0 -11.9 178 0 25.5 9.4 7.5 2.5 4 0 3 2 2
-2814.4 7559.3 -14.4 184 0 7.8 6.7 5.0 2.5 2 0 2 3 3
-2778.6 7769.5 -15.7 353 0 10.4 9.3 7.5 2.5 2 0 3 3 3
-2850.8 7967.6 -15.4 265 0 5.4 6.0 5.0 2.5 2 1 2 2 2
-2850.3 7941.0 -15.4 87 0 10.0 5.3 5.0 2.5 2 0 2 4 4
-2796.1 7783.4 -15.3 91 0 9.3 11.0 7.5 2.5 2 1 3 3 3
-2843.8 7980.5 -15.7 266 0 8.0 15.9 5.0 2.5 2 1 2 2 2
-2857.7 7984.8 -15.1 263 0 10.5 6.3 2.5 2.5 2 0 1 2 2
-2790.2 7705.4 -15.2 88 0 8.8 12.7 7.5 2.5 2 1 3 5 5
-2850.3 6956.1 -10.2 177 0 18.0 13.8 5.0 2.5 2 0 2 2 2
-2732.5 7645.5 -17.4 8 0 8.3 17.7 2.5 2.5 2 1 1 2 2
-2730.0 7628.7 -17.5 358 0 12.7 5.7 7.5 2.5 2 0 3 1 1
-2186.9 7481.0 -11.2 359 0 15.6 8.8 7.5 2.5 2 0 3 2 2
-2173.2 8135.0 -22.5 83 0 3.2 4.3 7.5 2.5 2 1 3 5 5
-2761.7 7758.4 -16.9 173 0 9.4 9.0 7.5 2.5 2 0 3 3 3
-6692.7 -7806.8 7.2 313 0 14.9 6.1 2.5 2.5 2 0 1 3 3
6187.3 -6966.8 -23.4 355 0 12.0 19.4 7.5 2.5 2 1 3 4 4
6880.4 -6927.2 -20.2 348 0 17.4 11.0 5.0 2.5 2 0 2 0 0
6165.4 -7007.9 -26.1 172 0 11.4 27.8 5.0 2.5 2 1 2 2 2
6155.4 -7031.2 -26.9 81 0 10.1 26.8 10.0 2.5 2 1 4 2 2
6156.5 -6979.8 -25.1 175 0 25.9 9.4 5.0 2.5 2 0 2 0 0
6199.2 -6970.5 -24.9 263 0 9.7 18.4 7.5 2.5 2 1 3 0 0
6770.5 -7784.7 -26.9 152 0 21.9 8.6 5.0 2.5 2 0 2 3 3
6805.4 -7786.5 -26.2 334 0 12.0 15.2 5.0 2.5 4 1 2 5 5
6959.7 -7314.1 -23.6 347 0 9.8 22.1 5.0 2.5 2 1 2 3 3
6955.3 -7276.3 -23.7 77 0 14.9 24.6 10.0 2.5 2 1 4 5 5
6619.1 -7852.1 -32.0 163 0 24.3 9.3 5.0 2.5 2 0 2 1 1
6798.4 -7760.1 -26.4 330 0 27.0 9.2 7.5 2.5 2 0 3 0 0
6954.1 -7355.2 -23.5 80 0 13.1 10.0 2.5 2.5 2 0 1 4 4
6883.8 -7807.5 -23.8 246 0 15.6 11.9 10.0 2.5 2 0 4 0 0
6653.6 -7821.3 -31.1 341 0 9.2 30.2 7.5 2.5 2 1 3 4 4
6760.6 -7759.7 -27.1 151 0 11.5 27.0 10.0 2.5 4 1 4 2 2
-6668.0 -7821.9 7.2 310 0 10.0 4.3 5.0 2.5 2 0 2 5 5
-1835.3 8240.4 -0.3 334 0 13.3 9.5 7.5 2.5 2 0 3 1 1
2467.0 -1733.9 -1.2 291 0 9.8 19.2 2.5 2.5 2 1 1 2 2
2488.1 -1737.8 -2.2 202 0 12.5 13.4 10.0 2.5 2 1 4 3 3
4875.2 -4567.5 -20.4 326 0 13.3 14.5 2.5 2.5 2 1 1 4 4
-3961.2 4584.8 -11.3 11 0 15.9 19.6 7.5 0.0 0 1 3 5 5
6926.1 -7174.2 -24.0 258 0 12.6 16.2 5.0 2.5 2 1 2 5 5
6428.9 6149.9 -19.7 178 0 10.6 14.5 5.0 2.5 2 1 2 3 3
6330.9 6226.4 -19.2 271 0 11.5 16.6 5.0 2.5 2 1 2 4 4
6425.0 6086.9 -20.1 339 0 11.6 7.0 5.0 2.5 2 0 2 3 3
6414.5 6191.9 -19.6 139 0 13.6 17.6 5.0 2.5 2 1 2 5 5
6148.3 6206.5 -19.5 90 0 14.3 10.4 5.0 2.5 2 0 2 1 1
6293.6 6235.5 -19.1 275 0 19.0 9.3 5.0 2.5 2 0 2 0 0
6356.8 6223.8 -19.0 300 0 17.4 12.0 2.5 2.5 4 0 1 5 5
6375.3 6224.0 -19.1 136 0 17.3 12.4 5.0 2.5 2 0 2 2 2
6345.8 6245.0 -18.8 89 0 17.5 11.8 5.0 2.5 2 0 2 0 0
6257.0 6241.8 -19.2 271 0 14.5 11.2 2.5 2.5 2 0 1 5 5
6261.0 6256.8 -19.0 91 0 19.3 13.3 7.5 2.5 2 0 3 2 2
6309.8 6248.0 -18.9 90 0 14.2 9.7 5.0 2.5 2 0 2 0 0
6392.4 6208.2 -19.4 138 0 13.5 13.1 5.0 2.5 2 0 2 5 5
6422.6 6175.5 -19.7 160 0 16.3 12.2 2.5 2.5 2 0 1 2 2
6455.9 6120.9 -19.6 98 0 14.9 14.9 5.0 2.5 2 1 2 5 5
6203.6 6245.1 -19.2 270 0 17.7 8.9 5.0 2.5 4 0 2 3 3
6229.6 6243.8 -19.2 272 0 19.0 8.3 5.0 2.5 2 0 2 1 1
5823.3 5572.3 -16.6 1 0 10.2 40.3 10.0 2.5 2 1 4 4 4
5781.6 5446.7 -17.9 93 0 84.7 12.1 10.0 2.5 2 0 4 3 3
5822.2 5514.8 -17.1 3 0 9.3 35.7 7.5 2.5 4 1 3 3 3
5682.5 5600.3 -14.4 272 0 13.6 6.5 5.0 0.0 0 0 2 5 5
5895.9 5603.3 -17.5 354 0 16.7 19.7 7.5 0.0 0 1 3 4 4
5860.0 5493.0 -18.1 273 0 11.5 11.3 7.5 2.5 2 0 3 0 0
5691.5 5579.3 -14.7 270 0 6.0 15.3 7.5 2.5 4 1 3 2 2
5970.6 5667.9 -19.2 338 0 9.2 13.4 2.5 2.5 2 1 1 3 3
5975.7 5691.7 -19.6 338 0 11.0 44.4 10.0 2.5 2 1 4 3 3
5999.9 5711.2 -20.1 110 0 7.9 3.9 5.0 2.5 2 0 2 5 5
5782.1 5458.8 -17.1 93 0 6.9 9.3 5.0 2.5 4 0 2 5 5
6347.7 6292.8 -18.5 270 0 11.8 10.5 5.0 2.5 2 0 2 0 0
6326.5 6261.5 -18.8 92 0 8.7 15.8 7.5 2.5 2 1 3 5 5
6322.6 6292.8 -18.7 279 0 24.5 9.8 2.5 2.5 2 0 1 3 3
6289.3 6300.9 -18.7 268 0 14.4 11.6 7.5 2.5 2 0 3 2 2
6254.8 6202.9 -19.3 93 0 10.0 18.7 7.5 0.0 0 1 3 4 4
6223.8 6202.1 -19.4 93 0 8.2 25.0 7.5 2.5 4 1 3 1 1
6268.1 6182.6 -19.5 1 0 12.1 15.5 5.0 2.5 2 1 2 5 5
6461.6 6149.7 -19.5 0 0 9.2 11.0 7.5 0.0 0 1 3 1 1
6204.4 6219.3 -19.3 88 0 11.2 6.1 5.0 2.5 2 0 2 4 4
6146.9 6229.2 -19.4 266 0 8.3 6.4 5.0 2.5 2 0 2 4 4
6245.7 6283.6 -18.8 188 0 6.1 5.9 5.0 2.5 2 0 2 5 5
6280.8 6263.1 -18.9 93 0 9.2 10.3 2.5 2.5 2 1 1 4 4
6280.1 6253.3 -18.9 91 0 9.4 3.9 5.0 2.5 4 0 2 0 0
6357.7 6269.5 -18.6 4 0 17.1 5.8 5.0 2.5 2 0 2 1 1
6359.9 6283.7 -18.4 2 0 7.3 4.5 2.5 2.5 2 0 1 3 3
6399.3 6225.4 -19.2 86 0 3.1 8.8 2.5 2.5 2 1 1 0 0
6394.1 6231.1 -19.1 96 0 3.9 11.4 7.5 2.5 2 1 3 2 2
6358.0 6190.7 -19.1 92 0 11.8 6.5 7.5 2.5 4 0 3 5 5
6412.3 6097.2 -20.2 237 0 11.6 4.6 5.0 2.5 2 0 2 4 4
6467.7 6111.5 -19.5 102 0 8.7 3.8 2.5 2.5 2 0 1 3 3
6439.3 6206.7 -19.4 0 0 5.0 6.9 5.0 2.5 2 1 2 1 1
6453.4 6213.3 -19.3 351 0 4.3 8.6 5.0 0.0 0 1 2 3 3
6449.0 6193.0 -19.4 1 0 5.3 10.5 2.5 2.5 2 1 1 0 0
6430.7 6223.3 -19.4 265 0 5.3 4.4 5.0 2.5 2 0 2 3 3
6265.9 6199.6 -19.3 93 0 6.7 8.1 5.0 2.5 2 1 2 5 5
6278.8 6208.8 -19.3 92 0 5.8 6.5 5.0 2.5 2 1 2 4 4
6160.9 6207.7 -19.4 90 0 4.9 5.8 2.5 2.5 2 1 1 1 1
6171.9 6207.1 -19.4 86 0 4.2 5.1 7.5 2.5 2 1 3 1 1
5981.3 5748.3 -19.8 296 0 7.5 5.0 2.5 2.5 2 0 1 1 1
6022.4 5691.0 -20.2 110 0 8.9 4.4 5.0 2.5 2 0 2 1 1
6139.1 7943.5 -16.1 72 0 9.4 15.5 5.0 2.5 2 1 2 5 5
6149.0 7977.7 -15.9 341 0 17.0 10.3 5.0 2.5 2 0 2 5 5
6900.3 -4043.3 -6.3 38 0 13.6 8.6 5.0 2.5 2 0 2 0 0
6920.1 -4005.1 -5.4 41 0 11.3 10.9 5.0 2.5 2 0 2 0 0
6904.8 -3972.8 -5.0 224 0 8.2 19.4 5.0 2.5 4 1 2 3 3
6895.1 -3990.2 -5.3 221 0 5.4 7.3 7.5 2.5 2 1 3 5 5
6748.9 -4577.2 -7.8 54 0 10.6 22.1 7.5 2.5 4 1 3 0 0
6706.0 -4597.7 -6.4 168 0 6.8 18.4 5.0 0.0 0 1 2 1 1
6765.3 -4563.2 -8.4 57 0 10.8 23.6 12.5 2.5 2 1 5 2 2
6712.2 -4554.4 -8.4 138 0 7.7 14.5 2.5 2.5 4 1 1 3 3
6847.5 -4451.0 -10.7 319 0 11.3 9.9 2.5 2.5 2 0 1 2 2
6858.2 -4456.9 -10.7 315 0 9.8 13.3 5.0 2.5 2 1 2 1 1
6820.0 -4463.0 -10.5 137 0 9.9 9.7 7.5 2.5 2 0 3 5 5
6871.7 -4473.0 -10.5 314 0 12.9 8.9 5.0 2.5 2 0 2 2 2
6849.5 -4498.9 -10.2 139 0 5.2 19.0 7.5 2.5 2 1 3 5 5
6867.5 -4512.3 -10.1 138 0 8.4 13.2 5.0 2.5 2 1 2 3 3
6927.1 -4466.5 -9.3 228 0 12.2 10.6 5.0 2.5 2 0 2 5 5
5856.2 5427.5 -18.7 92 0 9.6 26.6 7.5 2.5 2 1 3 0 0
5970.9 5565.1 -18.9 353 0 10.7 27.4 12.5 2.5 2 1 5 5 5
6018.3 5625.6 -19.1 337 0 11.0 36.5 10.0 2.5 2 1 4 1 1
6041.2 5544.2 -20.5 173 0 15.3 9.3 7.5 2.5 2 0 3 4 4
6037.7 5575.0 -20.0 173 0 15.6 9.4 7.5 2.5 2 0 3 5 5
6062.9 5589.6 -20.4 263 0 4.8 24.2 5.0 2.5 2 1 2 5 5
6068.7 5539.6 -20.7 82 0 4.8 17.4 5.0 2.5 2 1 2 3 3
5899.6 5541.5 -18.0 86 0 5.9 5.6 5.0 2.5 2 0 2 0 0
5612.4 7287.1 -11.8 182 0 21.2 6.6 5.0 2.5 2 0 2 5 5
5633.8 7299.1 -11.8 271 0 14.7 10.7 5.0 2.5 2 0 2 2 2
5340.2 7571.2 -14.7 258 0 11.0 7.9 2.5 2.5 2 0 1 1 1
5332.0 7542.9 -14.8 80 0 10.0 11.1 7.5 2.5 2 1 3 4 4
5402.1 7598.9 -15.0 76 0 14.7 9.1 5.0 2.5 2 0 2 4 4
5396.5 7628.2 -14.8 259 0 12.7 10.2 2.5 2.5 2 0 1 0 0
5414.3 7617.5 -15.0 348 0 9.3 6.4 5.0 2.5 2 0 2 5 5
5615.8 7712.2 -15.6 258 0 4.8 11.9 2.5 2.5 4 1 1 2 2
5729.1 7652.0 -15.8 259 0 12.6 9.2 5.0 2.5 4 0 2 3 3
5763.3 7700.0 -16.0 351 0 7.1 11.1 5.0 0.0 0 1 2 5 5
5730.7 7628.0 -15.9 168 0 4.3 8.1 7.5 2.5 2 1 3 5 5
5820.0 7726.5 -16.4 255 0 29.5 9.3 7.5 2.5 2 0 3 5 5
5942.1 7701.2 -17.1 252 0 10.9 9.5 5.0 2.5 2 0 2 5 5
5938.7 7674.3 -17.1 167 0 4.7 20.5 7.5 2.5 2 1 3 3 3
5823.2 7316.7 -11.2 9 0 15.5 8.5 5.0 2.5 2 0 2 5 5
5800.4 7300.4 -10.7 100 0 10.2 6.1 7.5 2.5 2 0 3 5 5
6369.5 7997.3 -17.9 174 0 9.2 8.9 5.0 0.0 0 0 2 4 4
6383.2 8025.3 -17.7 358 0 12.4 16.1 10.0 2.5 2 1 4 3 3
6340.1 8027.2 -17.5 172 0 18.8 8.1 5.0 2.5 2 0 2 1 1
6498.9 7912.1 -18.3 208 0 16.2 21.9 7.5 2.5 2 1 3 1 1
6517.2 7955.4 -18.3 297 0 7.0 34.7 7.5 2.5 2 1 3 2 2
6538.6 7923.3 -18.3 297 0 8.2 20.3 7.5 2.5 2 1 3 0 0
6648.7 7727.7 -14.8 297 0 11.6 9.9 2.5 2.5 2 0 1 2 2
6657.0 7694.6 -13.8 115 0 7.9 24.9 7.5 2.5 2 1 3 0 0
6676.5 7683.2 -13.0 116 0 7.2 9.6 7.5 2.5 2 1 3 0 0
6679.8 7399.3 -12.1 316 0 6.9 19.8 5.0 2.5 2 0 2 0 0
6653.5 7430.2 -12.5 241 0 13.1 12.6 5.0 2.5 2 0 2 2 2
6586.8 5618.9 -20.5 76 0 10.8 5.7 5.0 2.5 2 0 2 5 5
6601.4 5622.2 -20.2 75 0 4.1 6.2 5.0 2.5 2 0 2 4 4
6127.1 3264.8 -11.2 346 0 8.7 18.5 5.0 2.5 2 1 2 1 1
6852.1 655.2 -19.7 63 0 6.2 11.6 5.0 2.5 2 1 2 5 5
6721.2 2390.0 -17.5 282 0 5.2 6.6 5.0 2.5 2 1 2 0 0
6679.0 2264.7 -16.8 99 0 8.6 6.0 7.5 2.5 2 0 3 4 4
6712.8 2257.2 -17.5 194 0 4.4 4.5 7.5 2.5 2 1 3 2 2
6716.7 2338.8 -17.5 93 0 3.3 5.9 2.5 2.5 4 1 1 1 1
6697.8 2490.7 -17.0 205 0 5.5 6.0 2.5 2.5 2 1 1 2 2
6690.2 3117.9 -19.7 358 0 8.2 5.3 5.0 2.5 4 0 2 3 3
6692.7 3101.3 -19.5 359 0 3.9 5.1 5.0 2.5 4 1 2 4 4
6948.4 4072.1 -21.6 282 0 4.2 5.6 7.5 2.5 2 1 3 5 5
6369.1 3463.8 -16.6 258 0 17.2 6.7 5.0 2.5 2 0 2 0 0
6376.1 3438.5 -16.1 347 0 6.3 11.8 2.5 2.5 2 1 1 2 2
6532.8 3543.9 -18.3 348 0 5.5 9.6 7.5 2.5 2 1 3 0 0
6532.4 3559.8 -18.7 83 0 4.8 4.2 5.0 2.5 2 0 2 4 4
6911.9 3610.6 -22.0 116 0 6.4 10.6 5.0 2.5 2 1 2 4 4
6032.9 -667.7 -15.5 111 0 15.7 8.6 5.0 2.5 2 0 2 1 1
5986.8 -856.3 -17.0 22 0 13.7 11.1 5.0 2.5 2 0 2 3 3
5945.6 -861.2 -17.0 119 0 20.3 10.5 7.5 2.5 2 0 3 3 3
5948.8 -831.1 -17.6 207 0 12.0 31.6 7.5 2.5 2 1 3 2 2
5905.6 -1124.5 -13.0 34 0 12.3 17.3 5.0 2.5 2 1 2 2 2
5890.5 -1082.7 -13.0 301 0 18.7 7.3 5.0 2.5 2 0 2 5 5
6388.9 -131.8 -18.0 247 0 23.5 5.8 5.0 2.5 2 0 2 1 1
6392.6 -171.7 -18.1 55 0 4.8 7.9 5.0 2.5 2 1 2 4 4
6415.9 -137.4 -18.3 335 0 5.4 7.1 5.0 2.5 2 1 2 5 5
6599.3 -5169.9 -8.0 209 0 21.3 18.0 10.0 2.5 2 0 4 4 4
6671.8 -5183.0 -7.6 33 0 19.6 12.9 7.5 2.5 2 0 3 4 4
6585.8 -5195.3 -7.4 212 0 10.5 16.7 10.0 2.5 4 1 4 1 1
6624.3 -5215.5 -6.8 121 0 7.7 12.2 5.0 2.5 2 1 2 0 0
6606.1 -5215.4 -6.7 119 0 8.0 7.1 5.0 2.5 2 0 2 3 3
6652.8 -5207.9 -7.0 31 0 19.5 8.5 7.5 2.5 2 0 3 0 0
6644.2 -5158.2 -7.9 300 0 11.4 12.6 5.0 2.5 2 1 2 4 4
4823.0 -4559.6 -20.6 233 0 7.2 24.2 5.0 2.5 2 1 2 3 3
6184.5 -4214.7 -11.3 311 0 10.2 9.5 2.5 2.5 2 0 1 2 2
4762.8 7897.7 -5.4 57 0 12.9 27.9 10.0 2.5 2 1 4 1 1
4580.2 7779.9 -8.1 164 0 10.2 22.9 7.5 2.5 2 1 3 2 2
4616.2 7805.1 -7.7 337 0 12.4 9.2 5.0 2.5 2 0 2 1 1
4792.3 7788.6 -7.8 169 0 15.6 6.4 7.5 2.5 2 0 3 3 3
4816.1 7739.7 -10.2 169 0 7.6 18.9 2.5 2.5 4 1 1 5 5
4847.2 7772.8 -8.7 349 0 4.7 14.9 7.5 2.5 2 1 3 3 3
4823.7 7808.6 -7.8 258 0 11.7 7.0 7.5 2.5 2 0 3 1 1
4883.7 7342.9 -12.2 356 0 7.4 13.1 5.0 2.5 2 1 2 4 4
4563.5 8222.9 -13.0 134 0 12.2 12.5 5.0 2.5 2 0 2 2 2
4558.8 8298.2 -12.5 227 0 15.4 30.5 7.5 2.5 2 1 3 1 1
4614.7 8272.6 -12.7 316 0 17.6 10.5 5.0 2.5 2 0 2 5 5
4553.7 8282.6 -12.8 227 0 5.2 22.5 5.0 2.5 2 1 2 5 5
4845.8 6867.2 -9.6 268 0 9.6 9.8 5.0 2.5 2 1 2 5 5
4807.9 6482.4 -5.7 10 0 9.8 10.7 5.0 2.5 2 1 2 0 0
4791.1 6456.8 -5.5 5 0 8.3 15.9 5.0 2.5 2 1 2 4 4
4770.2 6488.2 -5.9 274 0 8.0 16.2 7.5 2.5 2 1 3 2 2
4572.2 5822.1 -8.2 203 0 15.2 11.1 5.0 2.5 4 0 2 2 2
4596.3 5801.4 -8.4 24 0 5.2 10.7 7.5 2.5 2 1 3 4 4
4468.6 5401.8 -6.5 69 0 10.3 13.3 2.5 0.0 0 1 1 5 5
4441.4 5429.4 -6.0 252 0 14.6 9.7 2.5 0.0 0 0 1 0 0
4425.2 5396.6 -5.3 163 0 12.8 9.9 2.5 2.5 2 0 1 2 2
4423.2 5409.1 -5.3 163 0 8.7 7.8 2.5 2.5 2 0 1 5 5
5076.1 5792.8 -9.0 199 0 52.5 13.5 5.0 2.5 4 0 2 4 4
5586.1 -2802.2 -8.5 48 0 7.3 16.4 5.0 2.5 4 1 2 3 3
5608.0 -2794.1 -7.7 44 0 9.2 14.5 2.5 2.5 2 1 1 5 5
2535.9 -1673.3 -6.1 119 0 16.4 11.9 2.5 2.5 2 0 1 1 1
6110.1 7939.5 -15.9 66 0 10.6 22.8 10.0 2.5 2 1 4 3 3
4783.3 -3747.3 -22.5 321 0 11.6 15.2 5.0 2.5 2 1 2 2 2
4754.3 -3747.7 -22.2 143 0 17.1 11.4 2.5 2.5 2 0 1 5 5
4763.6 -3717.3 -21.5 324 0 11.2 21.5 2.5 2.5 2 1 1 3 3
5137.6 -4185.4 -18.9 325 0 10.1 6.2 5.0 2.5 2 0 2 0 0
5113.8 -4196.9 -20.1 147 0 13.1 6.9 5.0 2.5 2 0 2 2 2
5122.5 -4173.7 -19.6 328 0 6.1 11.4 7.5 2.5 2 1 3 1 1
-452.2 -7225.1 -5.7 61 0 11.9 9.7 5.0 2.5 4 0 2 5 5
-1276.0 -1003.3 19.0 170 0 23.3 13.5 5.0 0.0 0 0 2 1 1
-3893.1 4472.5 -10.9 98 0 10.1 18.0 5.0 2.5 2 1 2 5 5
-3922.5 4490.5 -10.1 348 0 12.2 9.4 5.0 2.5 4 0 2 1 1
-4062.4 4718.2 -9.9 91 0 12.0 10.4 7.5 2.5 2 0 3 5 5
-3941.0 4017.3 -0.2 179 0 8.2 5.6 5.0 2.5 2 0 2 5 5
-3944.0 4131.9 -6.0 355 0 10.4 8.1 5.0 2.5 2 0 2 0 0
-3892.1 4191.4 -8.8 263 0 8.8 13.1 7.5 2.5 2 1 3 1 1
-3915.7 4116.9 -5.7 270 0 10.9 8.6 7.5 2.5 2 0 3 3 3
-3921.2 4098.2 -4.9 180 0 8.6 10.9 7.5 2.5 2 1 3 5 5
-3921.9 4061.5 -3.0 180 0 8.6 10.9 7.5 2.5 2 1 3 3 3
-3923.2 4047.3 -2.3 180 0 8.6 10.9 5.0 0.0 0 1 2 2 2
-3893.4 4025.8 -2.3 105 0 10.8 16.8 5.0 2.5 2 1 2 5 5
-3883.6 4057.2 -3.6 15 0 16.8 10.8 5.0 2.5 2 0 2 1 1
-3880.8 4083.9 -5.0 15 0 16.8 10.8 5.0 2.5 2 0 2 0 0
-3881.0 4111.8 -6.5 15 0 16.8 10.8 5.0 0.0 0 0 2 4 4
-3826.2 4132.5 -8.5 180 0 4.9 11.6 5.0 2.5 2 1 2 3 3
-3817.5 4119.2 -8.1 182 0 11.9 8.4 5.0 0.0 0 0 2 2 2
-3839.9 4124.3 -8.1 181 0 16.8 9.0 2.5 2.5 2 0 1 3 3
-3800.0 4038.9 -3.8 185 0 13.7 7.1 5.0 2.5 2 0 2 5 5
-3782.6 4071.7 -5.9 359 0 12.6 9.2 5.0 0.0 0 0 2 3 3
-3776.8 4105.7 -8.0 5 0 9.6 10.4 2.5 2.5 2 1 1 2 2
-3756.9 4221.6 -11.7 113 0 12.7 11.7 7.5 2.5 2 0 3 3 3
-3731.7 4232.6 -12.1 295 0 8.6 13.2 2.5 2.5 2 1 1 3 3
-3710.1 4227.8 -12.7 307 0 7.1 9.8 5.0 2.5 2 1 2 0 0
-3719.5 4208.7 -12.6 32 0 10.9 5.9 5.0 0.0 0 0 2 4 4
-3691.9 4226.9 -13.1 42 0 10.1 6.6 2.5 2.5 2 0 1 5 5
-3684.6 4235.0 -13.2 42 0 11.8 6.6 5.0 2.5 2 0 2 2 2
-3666.0 4257.4 -13.5 38 0 11.5 6.8 2.5 2.5 2 0 1 2 2
-3651.8 4270.9 -13.7 32 0 9.1 9.6 7.5 2.5 2 0 3 5 5
-3422.2 4902.4 -4.2 36 0 8.0 5.5 7.5 2.5 2 0 3 1 1
-3421.1 4915.8 -3.6 132 0 8.7 7.9 7.5 2.5 2 0 3 5 5
-3457.3 4891.2 -3.5 130 0 8.3 11.3 7.5 2.5 2 1 3 4 4
-3394.4 4912.5 -5.1 28 0 14.4 10.1 7.5 2.5 2 0 3 3 3
-3412.3 4948.7 -3.0 216 0 9.8 19.2 7.5 2.5 2 1 3 0 0
-3525.8 4762.6 -6.8 35 0 5.6 9.1 5.0 2.5 2 1 2 1 1
-3547.7 4774.9 -5.9 213 0 9.1 9.4 7.5 2.5 2 1 3 2 2
-3534.5 4740.9 -7.2 113 0 15.0 8.9 7.5 2.5 2 0 3 4 4
-3491.0 4806.9 -7.5 40 0 9.6 7.6 2.5 2.5 2 0 1 0 0
-3495.2 4793.0 -7.3 39 0 8.2 12.2 7.5 2.5 2 1 3 5 5
-3507.6 4774.5 -7.4 35 0 7.9 12.8 7.5 2.5 2 1 3 2 2
-3510.5 4827.1 -6.3 219 0 14.7 9.8 7.5 2.5 2 0 3 3 3
-3647.9 4335.1 -13.4 121 0 11.1 7.6 2.5 2.5 2 0 1 5 5
-3629.8 4364.7 -14.3 294 0 10.0 6.3 5.0 2.5 2 0 2 1 1
-3718.6 4398.6 -12.9 283 0 6.5 9.3 5.0 2.5 2 1 2 4 4
-3702.6 4421.2 -14.0 195 0 6.3 12.6 7.5 2.5 2 1 3 1 1
-3699.4 4402.9 -13.7 108 0 13.8 6.2 5.0 2.5 4 0 2 3 3
-3660.0 4396.7 -14.6 106 0 14.2 8.1 5.0 2.5 2 0 2 5 5
-3626.2 4376.4 -14.8 102 0 11.0 6.9 5.0 2.5 2 0 2 3 3
-3668.3 4437.6 -14.5 285 0 9.1 7.5 7.5 2.5 2 0 3 2 2
-3648.5 4433.5 -14.8 285 0 12.1 9.6 2.5 2.5 2 0 1 1 1
-3719.5 4489.2 -13.9 198 0 12.9 10.3 10.0 2.5 2 0 4 1 1
-3474.0 4831.6 -6.9 35 0 11.7 6.6 5.0 2.5 2 0 2 1 1
-3531.5 4587.9 -15.1 271 0 11.4 14.6 5.0 2.5 2 1 2 5 5
-3511.7 4492.8 -15.7 102 0 13.7 7.0 5.0 2.5 2 0 2 1 1
-3515.4 4518.0 -15.6 195 0 12.2 9.6 7.5 0.0 0 0 3 5 5
-3490.8 4553.3 -15.6 275 0 13.6 11.3 7.5 2.5 2 0 3 5 5
-3471.9 4514.6 -15.9 95 0 5.6 12.8 2.5 2.5 2 1 1 0 0
-3489.2 4503.5 -15.8 12 0 11.3 9.3 2.5 2.5 2 0 1 2 2
-3477.9 4502.9 -15.9 13 0 18.7 8.4 7.5 0.0 0 0 3 5 5
-3524.9 4429.8 -15.8 25 0 12.9 18.0 10.0 2.5 2 1 4 4 4
-3507.6 4455.5 -15.8 7 0 10.8 13.1 7.5 2.5 2 1 3 0 0
-3531.6 4480.4 -15.6 272 0 9.8 12.6 2.5 2.5 2 1 1 5 5
-3572.3 4453.1 -15.3 89 0 7.3 17.3 5.0 2.5 2 1 2 1 1
-3552.8 4474.3 -15.5 256 0 16.8 9.2 7.5 2.5 2 0 3 3 3
-4095.2 4336.0 -2.9 94 0 13.2 7.0 5.0 2.5 2 0 2 3 3
-4211.0 4341.7 -0.6 95 0 8.3 22.4 2.5 0.0 0 1 1 5 5
-4210.8 4542.5 -4.8 91 0 12.0 15.0 2.5 2.5 2 1 1 1 1
-4222.7 4375.6 -0.6 271 0 15.5 8.3 5.0 2.5 2 0 2 0 0
-4351.4 4309.6 3.7 91 0 17.8 6.9 5.0 2.5 2 0 2 0 0
-4328.1 4322.2 3.1 2 0 14.4 7.8 7.5 2.5 4 0 3 2 2
-4344.8 4347.6 3.0 273 0 7.4 6.1 5.0 2.5 2 0 2 3 3
-4339.7 4357.4 2.5 273 0 25.8 10.1 10.0 2.5 2 0 4 1 1
-4379.3 4399.4 2.7 359 0 9.2 13.2 5.0 2.5 4 1 2 0 0
-4394.2 4430.0 2.3 270 0 15.6 7.7 5.0 2.5 4 0 2 0 0
-3820.6 4180.4 -10.2 334 0 19.3 11.5 2.5 2.5 2 0 1 4 4
-3931.0 4587.4 -11.7 177 0 10.7 15.5 5.0 2.5 2 1 2 5 5
-3856.7 4451.4 -10.8 305 0 16.2 8.0 5.0 2.5 2 0 2 2 2
-3864.6 4487.7 -11.5 17 0 11.2 9.4 5.0 2.5 2 0 2 4 4
-3836.3 4524.2 -12.7 312 0 11.8 7.3 5.0 2.5 2 0 2 3 3
-3797.0 4519.1 -13.1 115 0 15.8 9.9 2.5 2.5 2 0 1 1 1
-3755.2 4444.3 -13.3 197 0 13.7 7.6 2.5 2.5 2 0 1 5 5
-3751.0 4422.0 -12.9 108 0 9.4 8.3 7.5 2.5 2 0 3 5 5
-3714.7 4411.6 -13.4 22 0 8.0 13.1 5.0 2.5 2 1 2 3 3
-3761.6 4382.1 -11.8 110 0 14.4 7.5 7.5 2.5 2 0 3 1 1
-3796.4 4386.8 -11.0 106 0 7.8 6.1 5.0 2.5 2 0 2 0 0
-3806.8 4393.0 -10.9 196 0 6.0 7.8 7.5 2.5 2 0 3 0 0
-3795.3 4418.9 -11.6 286 0 9.3 9.5 7.5 2.5 2 0 3 1 1
-3786.4 4416.3 -11.7 286 0 9.3 9.5 7.5 2.5 4 0 3 3 3
-3769.3 4410.6 -12.0 287 0 9.5 6.5 2.5 2.5 2 0 1 3 3
-3733.1 4400.9 -12.7 288 0 12.0 8.7 5.0 2.5 2 0 2 2 2
-3748.7 4407.4 -12.4 288 0 11.9 7.6 2.5 2.5 2 0 1 5 5
-3776.6 4301.7 -10.5 117 0 13.0 7.9 5.0 2.5 2 0 2 4 4
-3763.9 4329.1 -10.5 285 0 11.4 8.8 7.5 2.5 2 0 3 1 1
-3801.9 4314.6 -9.7 118 0 7.5 15.5 5.0 2.5 4 1 2 5 5
-3920.3 4320.4 -6.9 256 0 6.5 19.4 7.5 0.0 0 1 3 5 5
-3895.5 4328.0 -7.3 257 0 9.1 10.7 5.0 2.5 2 1 2 3 3
-3863.3 4361.6 -8.7 347 0 12.6 12.5 5.0 2.5 2 0 2 5 5
-3899.1 4409.9 -9.1 170 0 12.9 5.5 2.5 2.5 2 0 1 5 5
-3893.8 4408.3 -9.3 182 0 9.2 11.1 7.5 2.5 2 0 3 5 5
-3860.6 4428.9 -10.3 27 0 8.3 16.8 7.5 2.5 2 1 3 0 0
-3902.2 4435.9 -9.8 177 0 20.4 8.8 2.5 2.5 4 0 1 3 3
-3923.9 4388.6 -8.3 75 0 26.8 8.2 5.0 2.5 4 0 2 5 5
-3951.7 4427.1 -8.1 258 0 10.5 20.2 5.0 2.5 2 1 2 3 3
-3926.6 4433.6 -8.8 259 0 8.7 14.7 5.0 0.0 0 1 2 2 2
-4058.2 4592.4 -9.4 154 0 11.6 8.2 7.5 2.5 2 0 3 5 5
-4004.7 4687.2 -10.6 281 0 10.1 13.6 7.5 2.5 2 1 3 5 5
-4011.2 4620.4 -10.8 108 0 13.8 20.0 7.5 2.5 2 1 3 3 3
-6327.7 3897.9 4.4 6 0 4.8 6.1 2.5 2.5 2 1 1 2 2
-6340.8 3902.6 4.2 275 0 7.3 5.7 5.0 2.5 4 0 2 0 0
-6353.2 3887.6 3.8 186 0 10.0 7.7 5.0 0.0 0 0 2 0 0
-6624.4 3824.5 4.6 105 0 9.3 18.6 5.0 2.5 2 1 2 0 0
-6605.1 3827.8 4.5 102 0 8.3 10.7 7.5 2.5 2 1 3 0 0
-6533.7 3826.3 4.2 360 0 19.3 9.6 2.5 2.5 4 0 1 0 0
-6542.3 3805.9 4.4 360 0 9.9 18.3 7.5 0.0 0 1 3 3 3
-6565.7 3821.7 4.3 180 0 11.1 8.2 7.5 2.5 2 0 3 5 5
-6772.1 3387.8 5.6 123 0 14.3 8.2 5.0 2.5 2 0 2 5 5
-6751.4 3415.0 5.4 316 0 10.9 7.4 2.5 2.5 2 0 1 4 4
-6645.5 3229.4 6.0 136 0 14.3 7.1 5.0 2.5 2 0 2 1 1
-6615.2 3221.2 6.0 44 0 10.3 9.2 5.0 2.5 2 0 2 0 0
-6624.7 3246.9 6.3 319 0 11.2 7.9 7.5 2.5 2 0 3 4 4
-6705.5 3380.7 5.6 137 0 8.7 23.1 7.5 0.0 0 1 3 4 4
-6698.9 3362.1 5.5 141 0 13.8 8.1 5.0 2.5 2 0 2 4 4
-6673.4 3375.3 5.5 50 0 5.6 15.6 2.5 2.5 2 1 1 3 3
-6876.4 3456.0 5.9 271 0 6.7 11.8 5.0 2.5 2 1 2 2 2
-6861.7 3461.6 5.8 270 0 11.9 6.3 7.5 0.0 0 0 3 5 5
-6860.6 3435.5 5.9 91 0 12.8 8.4 2.5 2.5 4 0 1 5 5
-5386.3 7714.0 5.9 232 0 6.7 33.6 7.5 2.5 2 0 3 0 0
-5408.6 7689.6 6.0 142 0 10.8 29.3 7.5 0.0 0 0 3 4 4
-5396.3 7641.9 5.5 53 0 20.4 10.2 2.5 0.0 0 0 1 1 1
-5401.7 7675.8 5.5 232 0 12.1 30.2 10.0 2.5 2 0 4 3 3
-5373.6 7658.1 5.6 142 0 9.7 17.3 5.0 2.5 2 0 2 3 3
-5307.2 6935.3 -2.1 49 0 14.5 9.6 2.5 2.5 2 0 1 5 5
-5128.3 7014.4 -2.2 229 0 7.6 14.5 7.5 0.0 0 1 3 5 5
-5124.0 7033.7 -1.9 225 0 17.3 8.4 5.0 2.5 2 0 2 3 3
-5101.3 7003.4 -2.2 56 0 17.2 5.9 2.5 2.5 2 0 1 2 2
-5088.7 7017.4 -2.1 44 0 8.9 22.0 5.0 2.5 4 1 2 4 4
-4900.9 7286.6 -1.1 117 0 13.6 9.0 2.5 2.5 4 0 1 1 1
-4907.7 7318.8 -0.9 203 0 23.2 9.5 7.5 0.0 0 0 3 0 0
-4878.7 7324.5 -1.3 296 0 18.6 9.1 2.5 0.0 0 0 1 2 2
-4828.7 7360.2 -1.8 34 0 8.0 9.5 5.0 2.5 2 1 2 0 0
-4747.3 7455.5 -2.7 130 0 8.5 5.8 5.0 2.5 2 0 2 5 5
-4760.5 7427.6 -2.5 35 0 8.5 18.3 2.5 2.5 2 1 1 4 4
-4688.0 7755.0 -2.9 131 0 12.1 10.2 5.0 2.5 2 0 2 1 1
-4661.0 7748.0 -3.2 42 0 10.5 6.4 5.0 2.5 2 0 2 3 3
-4654.1 7782.2 -3.4 312 0 23.1 9.1 5.0 2.5 2 0 2 5 5
-4846.0 7890.7 -1.9 306 0 11.8 8.7 2.5 2.5 2 0 1 0 0
-4842.8 7856.4 -1.6 38 0 23.8 12.2 7.5 2.5 2 0 3 3 3
-4877.7 7863.6 -1.2 131 0 23.2 9.8 7.5 0.0 0 0 3 4 4
-4871.3 7888.9 -1.6 221 0 13.8 6.0 5.0 2.5 2 0 2 4 4
-5066.7 8097.7 -1.2 39 0 13.9 7.6 7.5 2.5 4 0 3 4 4
-5121.5 8109.3 -0.9 229 0 6.7 10.2 5.0 2.5 2 1 2 3 3
-5076.0 8078.4 -0.7 39 0 10.1 34.1 10.0 2.5 2 1 4 0 0
-5069.7 8122.3 -2.0 46 0 10.1 18.6 2.5 2.5 2 1 1 4 4
-5103.6 8124.5 -1.7 226 0 24.5 12.8 10.0 2.5 2 0 4 4 4
-6705.0 5927.5 14.4 201 0 10.2 12.2 5.0 0.0 0 1 2 4 4
-6719.3 5897.0 14.8 120 0 11.8 21.0 5.0 2.5 2 1 2 5 5
-6677.6 5910.0 14.6 300 0 11.0 24.0 7.5 2.5 2 1 3 5 5
-6496.5 5744.7 11.5 120 0 19.8 9.5 5.0 2.5 2 0 2 0 0
-6458.6 5782.1 11.4 303 0 8.3 19.0 7.5 2.5 2 1 3 1 1
-6468.0 5797.0 11.6 305 0 12.3 9.5 7.5 2.5 2 0 3 5 5
-5538.6 6234.0 -2.0 226 0 12.4 10.9 7.5 0.0 0 0 3 0 0
-5531.2 6193.3 -1.7 136 0 14.5 7.3 7.5 2.5 2 0 3 1 1
-5496.8 6235.6 -2.4 317 0 22.9 10.5 10.0 2.5 4 0 4 4 4
-5387.4 6412.8 -4.6 36 0 7.3 19.5 2.5 2.5 2 1 1 5 5
-5453.0 6411.0 -4.4 39 0 10.9 29.9 10.0 2.5 2 1 4 1 1
-5460.1 6448.4 -4.3 220 0 15.1 10.0 2.5 0.0 0 0 1 0 0
-5443.3 6412.3 -4.5 138 0 8.8 23.8 5.0 0.0 0 1 2 4 4
-5426.6 6453.2 -4.5 308 0 35.6 9.7 7.5 2.5 2 0 3 3 3
-4883.3 6213.2 -4.9 222 0 9.3 28.7 7.5 2.5 2 1 3 2 2
-4846.3 6223.3 -4.8 44 0 10.8 10.8 2.5 2.5 2 0 1 0 0
-4629.4 6199.9 -3.7 150 0 23.2 11.4 10.0 2.5 2 0 4 0 0
-4575.6 6225.7 -3.5 334 0 11.2 11.6 10.0 2.5 2 1 4 1 1
-4355.2 6085.0 -3.3 2 0 5.7 11.8 5.0 2.5 2 1 2 4 4
-4366.3 6049.3 -3.3 8 0 10.1 6.9 7.5 2.5 2 0 3 1 1
-4364.3 6064.3 -3.3 8 0 20.0 6.9 5.0 2.5 2 0 2 5 5
-4419.1 6059.7 -3.4 104 0 6.0 14.2 5.0 2.5 2 0 2 1 1
-4405.1 6060.2 -3.4 194 0 23.9 8.2 5.0 2.5 2 0 2 0 0
-4411.2 6079.0 -3.4 14 0 12.7 6.0 7.5 2.5 4 0 3 4 4
-4385.0 6084.1 -3.3 182 0 9.5 10.8 2.5 2.5 2 1 1 2 2
-4368.5 6035.4 -3.4 9 0 11.6 28.3 7.5 2.5 2 1 3 0 0
-4362.5 5871.7 -1.3 357 0 9.0 13.0 5.0 2.5 2 1 2 0 0
-4375.5 5911.6 -2.4 266 0 21.3 9.1 2.5 2.5 4 0 1 0 0
-4495.3 5668.4 4.1 95 0 10.1 16.2 2.5 2.5 4 1 1 4 4
-4473.1 5600.6 6.4 104 0 9.4 12.9 5.0 2.5 4 1 2 2 2
-4518.2 5699.3 3.5 279 0 21.1 8.0 7.5 2.5 4 0 3 2 2
-4276.5 4628.3 -5.0 201 0 8.3 12.7 5.0 0.0 0 1 2 4 4
-4205.1 3911.7 5.8 165 0 7.7 12.0 5.0 2.5 2 1 2 1 1
-4640.5 5297.3 6.3 6 0 14.0 11.9 5.0 2.5 2 0 2 3 3
-4688.4 5283.6 5.5 99 0 21.5 9.2 7.5 2.5 2 0 3 5 5
-5066.5 4666.1 9.2 284 0 10.0 7.3 2.5 2.5 2 0 1 0 0
-5232.0 4653.3 9.3 198 0 14.7 8.2 7.5 2.5 2 0 3 1 1
-5203.3 4639.0 9.8 108 0 8.4 12.3 5.0 2.5 2 1 2 2 2
-4082.8 5086.9 2.0 278 0 16.2 8.4 5.0 2.5 4 0 2 0 0
-4104.6 5077.5 1.4 279 0 8.6 15.5 5.0 2.5 2 1 2 4 4
-4098.7 5045.7 1.0 97 0 28.0 7.5 7.5 2.5 2 0 3 2 2
-4071.2 5065.0 1.6 8 0 13.6 10.0 7.5 2.5 2 0 3 5 5
-5456.1 4732.7 7.3 184 0 10.2 6.5 7.5 2.5 2 0 3 4 4
-5438.6 4736.7 7.2 274 0 13.0 7.9 7.5 2.5 2 0 3 3 3
-5431.5 4935.5 4.6 5 0 8.2 14.9 7.5 2.5 2 1 3 1 1
-5416.0 4959.8 4.2 276 0 9.1 10.8 7.5 2.5 4 1 3 4 4
-5525.4 5168.9 2.7 205 0 21.5 7.1 5.0 2.5 2 0 2 3 3
-5501.6 5173.5 2.7 293 0 12.9 9.1 5.0 2.5 2 0 2 5 5
-5481.7 5146.3 2.9 28 0 18.5 10.3 5.0 2.5 2 0 2 2 2
-5830.3 5087.1 5.8 320 0 18.0 9.1 7.5 2.5 4 0 3 4 4
-5823.8 5041.8 6.3 53 0 21.4 8.7 5.0 2.5 2 0 2 2 2
-5864.4 5045.8 6.4 140 0 23.8 12.6 7.5 2.5 2 0 3 4 4
-5865.5 5078.5 5.8 140 0 10.3 20.3 10.0 0.0 0 1 4 4 4
-5819.6 5074.4 5.9 320 0 15.3 6.5 2.5 2.5 2 0 1 4 4
-5700.4 5080.9 5.1 36 0 10.3 6.3 5.0 0.0 0 0 2 1 1
-5737.2 5109.4 4.9 219 0 12.1 7.6 7.5 2.5 2 0 3 5 5
-5699.1 5136.3 4.3 310 0 18.5 10.1 7.5 2.5 2 0 3 0 0
-5736.9 5131.2 4.5 218 0 22.0 10.9 2.5 2.5 2 0 1 5 5
-5698.7 5100.3 4.8 39 0 13.5 10.4 7.5 2.5 4 0 3 0 0
-6330.5 4817.8 7.1 127 0 11.9 9.1 7.5 2.5 2 0 3 1 1
-6333.4 4833.2 7.1 126 0 8.9 15.6 7.5 2.5 2 1 3 0 0
-6112.5 4731.7 8.5 37 0 27.5 10.2 10.0 2.5 2 0 4 1 1
-6239.1 4570.6 5.8 218 0 12.3 11.3 5.0 2.5 2 0 2 1 1
-6205.3 4564.5 6.0 305 0 17.0 8.9 7.5 0.0 0 0 3 2 2
-6209.8 4531.1 6.7 33 0 10.2 23.0 7.5 2.5 2 1 3 1 1
-6357.3 4433.8 6.3 200 0 14.0 8.1 7.5 2.5 2 0 3 1 1
-6328.8 4416.8 6.8 202 0 25.2 5.0 2.5 2.5 2 0 1 4 4
-6326.7 4434.8 6.5 23 0 10.2 14.3 2.5 2.5 2 1 1 4 4
-6339.0 4405.0 6.6 22 0 11.3 16.2 7.5 2.5 2 1 3 1 1
-6391.4 4107.1 5.1 198 0 9.4 14.0 7.5 2.5 2 1 3 4 4
-4067.7 6049.9 -2.8 7 0 14.1 18.2 5.0 0.0 0 1 2 2 2
-4086.9 5550.1 8.6 85 0 7.9 7.6 7.5 2.5 2 0 3 2 2
-3394.8 5724.2 -5.3 104 0 9.6 7.6 7.5 2.5 4 0 3 1 1
-3484.7 5818.6 -0.6 276 0 14.8 7.9 7.5 2.5 2 0 3 5 5
-3474.5 5793.5 -1.2 11 0 14.6 8.8 7.5 2.5 2 0 3 4 4
-3517.5 5799.9 -0.2 193 0 25.6 11.3 7.5 0.0 0 0 3 3 3
-3508.2 5789.6 -0.9 193 0 9.6 20.5 7.5 2.5 2 0 3 0 0
-2794.2 7141.9 -15.3 3 0 15.3 10.3 10.0 0.0 0 0 4 4 4
-2778.0 7324.1 -15.7 274 0 14.2 10.2 7.5 2.5 2 0 3 2 2
-3115.8 6358.4 -4.6 179 0 9.0 12.2 7.5 0.0 0 1 3 2 2
-3068.4 6312.1 -4.4 10 0 8.6 15.9 2.5 2.5 2 1 1 3 3
-3065.6 6349.4 -5.1 1 0 10.6 19.3 5.0 2.5 2 1 2 5 5
-3101.9 6318.8 -4.2 103 0 12.5 17.6 5.0 2.5 2 1 2 1 1
-3060.3 6317.2 -4.9 102 0 8.5 14.4 5.0 0.0 0 1 2 3 3
-2825.7 7811.6 -14.9 184 0 13.1 8.1 2.5 0.0 0 0 1 3 3
-3083.4 7946.1 -7.7 188 0 11.7 10.1 7.5 2.5 2 0 3 0 0
-3179.4 8079.0 -3.0 179 0 17.5 8.2 5.0 0.0 0 0 2 2 2
-3175.7 8150.3 -2.2 270 0 9.9 10.7 5.0 2.5 4 1 2 5 5
-3181.3 8110.7 -2.6 181 0 15.3 10.6 5.0 2.5 2 0 2 3 3
-3183.3 8040.8 -3.3 185 0 10.1 12.1 5.0 0.0 0 1 2 5 5
-3047.0 7949.8 -8.9 275 0 16.6 10.6 5.0 2.5 2 0 2 1 1
-3023.3 7943.2 -9.8 275 0 12.6 8.9 5.0 2.5 2 0 2 4 4
-3029.2 7921.8 -9.5 6 0 12.7 8.0 2.5 2.5 2 0 1 1 1
-3040.7 7895.4 -9.8 91 0 22.3 13.0 10.0 2.5 2 0 4 0 0
-3065.8 7926.0 -8.6 187 0 18.7 9.5 2.5 2.5 2 0 1 5 5
-3177.7 7942.9 -4.3 98 0 12.7 7.9 5.0 2.5 2 0 2 5 5
-3064.2 7992.8 -7.6 8 0 33.9 12.0 10.0 2.5 2 0 4 2 2
-3094.3 7978.3 -6.8 93 0 10.7 12.4 5.0 2.5 2 1 2 5 5
-3091.0 8031.2 -6.9 273 0 34.9 10.3 10.0 2.5 4 0 4 5 5
-3103.2 8021.6 -6.3 273 0 11.8 26.4 15.0 0.0 0 0 6 5 5
-3122.3 8000.7 -5.8 185 0 21.1 8.5 5.0 2.5 2 0 2 1 1
-3147.8 7992.0 -4.8 98 0 12.1 8.8 7.5 2.5 2 0 3 5 5
-3170.5 7993.1 -4.0 95 0 12.1 10.1 10.0 2.5 2 0 4 2 2
-2802.4 8309.2 -16.3 177 0 10.6 12.2 5.0 0.0 0 1 2 4 4
-3772.6 5906.7 2.5 191 0 37.0 11.3 12.5 2.5 2 0 5 5 5
-3746.0 5874.1 3.9 9 0 13.3 15.1 5.0 2.5 2 1 2 5 5
-3719.3 5895.6 4.1 14 0 22.2 11.8 7.5 2.5 2 0 3 4 4
-3735.5 5939.8 2.5 287 0 27.8 16.8 10.0 2.5 2 0 4 4 4
-3762.9 4514.2 -13.4 19 0 8.8 12.5 7.5 2.5 2 1 3 1 1
-1868.1 8253.7 0.4 246 0 12.1 8.6 5.0 2.5 2 0 2 3 3
-1004.1 6468.4 -6.3 169 0 16.3 15.1 5.0 2.5 2 0 2 1 1
-978.9 6496.3 -5.9 166 0 16.2 26.9 7.5 2.5 2 0 3 2 2
-901.4 6504.5 -4.1 348 0 22.6 10.8 2.5 2.5 2 0 1 3 3
-937.7 6474.2 -5.0 76 0 16.1 28.9 5.0 2.5 2 0 2 3 3
-1730.8 6810.5 -2.1 10 0 13.7 9.2 7.5 2.5 2 0 3 0 0
-1817.7 6788.2 -2.8 182 0 36.2 9.0 7.5 2.5 2 0 3 4 4
-1785.3 6816.1 -2.4 271 0 11.8 11.8 5.0 2.5 2 0 2 1 1
-1784.4 6762.3 -3.4 2 0 23.5 12.7 7.5 2.5 2 0 3 0 0
-1836.8 6609.9 -3.4 7 0 14.9 11.0 5.0 2.5 2 0 2 2 2
-1860.2 6632.9 -2.9 277 0 10.1 7.9 2.5 2.5 2 0 1 0 0
-1887.6 6592.5 -2.7 97 0 8.4 33.8 7.5 2.5 2 0 3 4 4
-1896.0 6625.4 -2.4 187 0 12.0 8.2 2.5 0.0 0 0 1 0 0
-1855.7 6588.5 -3.5 97 0 32.3 7.5 5.0 2.5 2 0 2 5 5
-1830.5 6424.8 -3.6 200 0 17.2 7.6 5.0 2.5 2 0 2 4 4
-1807.5 6436.2 -4.1 290 0 17.2 6.6 7.5 2.5 2 0 3 3 3
-1799.9 6420.0 -4.0 295 0 8.5 13.6 5.0 2.5 2 1 2 0 0
-1807.8 6154.3 -4.6 112 0 9.4 12.6 5.0 2.5 4 1 2 2 2
-1808.8 6186.6 -4.4 290 0 23.4 10.0 7.5 2.5 2 0 3 5 5
-1701.8 5960.2 -8.1 1 0 13.8 7.7 2.5 2.5 2 0 1 0 0
-1701.5 5979.8 -8.0 1 0 8.8 16.7 7.5 0.0 0 1 3 2 2
-1732.0 5963.0 -8.3 181 0 11.2 8.3 7.5 2.5 2 0 3 2 2
-1772.8 5834.8 -10.3 253 0 11.8 9.9 2.5 2.5 2 0 1 2 2
-1790.1 5806.5 -11.3 163 0 18.7 8.6 7.5 2.5 4 0 3 1 1
-1766.7 5795.9 -11.3 73 0 21.2 11.7 7.5 2.5 2 0 3 1 1
-1713.1 5544.2 -11.3 166 0 22.8 7.7 5.0 2.5 2 0 2 2 2
-1708.8 5564.9 -11.5 163 0 8.3 11.1 5.0 2.5 2 1 2 0 0
158.8 8138.6 -5.5 152 0 23.5 8.1 2.5 2.5 2 0 1 0 0
173.3 8114.1 -5.6 144 0 10.0 16.7 7.5 2.5 2 1 3 3 3
664.2 4037.7 6.8 33 0 36.2 11.7 7.5 2.5 2 0 3 1 1
650.9 4101.6 8.4 303 0 13.8 7.0 7.5 2.5 2 0 3 3 3
1019.9 3222.0 6.5 17 0 14.0 7.2 5.0 0.0 0 0 2 0 0
990.6 3214.9 5.4 109 0 19.9 7.2 5.0 2.5 4 0 2 0 0
990.0 3257.9 5.9 199 0 9.0 29.4 7.5 0.0 0 1 3 1 1
946.6 3300.6 6.9 194 0 13.2 84.4 7.5 2.5 2 1 3 4 4
1038.5 3254.7 7.0 18 0 10.8 10.9 10.0 2.5 2 1 4 5 5
630.7 2729.3 7.6 107 0 17.7 7.6 7.5 2.5 2 0 3 2 2
707.8 2560.2 2.2 220 0 11.7 7.3 5.0 2.5 2 0 2 4 4
729.4 2517.1 1.7 127 0 9.3 15.1 5.0 2.5 2 0 2 3 3
739.2 2594.7 2.7 310 0 4.9 26.8 7.5 2.5 2 1 3 0 0
748.9 2535.0 2.0 37 0 21.8 10.9 7.5 2.5 2 0 3 4 4
703.3 2549.6 1.9 220 0 10.3 24.9 10.0 2.5 2 0 4 2 2
733.1 2570.0 2.5 218 0 7.9 14.8 7.5 2.5 2 1 3 5 5
789.0 2626.4 3.9 36 0 9.1 16.9 5.0 2.5 2 1 2 4 4
684.6 2859.3 5.9 71 0 13.7 19.6 5.0 2.5 2 1 2 2 2
733.5 2834.3 5.2 12 0 14.3 8.5 7.5 2.5 2 0 3 4 4
587.2 3238.6 10.9 262 0 15.6 6.7 2.5 2.5 2 0 1 2 2
567.2 3218.9 10.9 175 0 13.6 10.2 10.0 2.5 2 0 4 4 4
613.8 3216.2 10.1 350 0 33.5 9.2 7.5 0.0 0 0 3 0 0
578.4 3197.5 10.3 170 0 8.4 21.6 2.5 2.5 2 1 1 0 0
534.5 3156.9 10.4 256 0 13.7 18.8 10.0 2.5 2 1 4 1 1
496.9 3124.4 10.5 175 0 11.9 20.7 5.0 2.5 4 1 2 2 2
482.3 3089.0 10.6 176 0 12.1 34.4 7.5 2.5 2 1 3 3 3
501.0 3067.9 9.9 175 0 12.4 48.0 10.0 2.5 2 1 4 1 1
601.9 3109.2 9.1 87 0 8.4 14.7 7.5 0.0 0 1 3 2 2
611.3 2918.9 7.5 92 0 10.2 9.3 2.5 2.5 2 0 1 5 5
616.4 2892.9 7.0 181 0 15.4 10.7 2.5 2.5 2 0 1 5 5
608.3 2959.1 8.0 347 0 14.0 6.6 5.0 2.5 4 0 2 4 4
641.0 2968.8 7.6 267 0 9.2 10.1 5.0 2.5 2 1 2 4 4
666.4 2956.4 7.3 349 0 7.2 19.2 7.5 2.5 2 1 3 4 4
637.9 2938.5 7.3 160 0 14.3 8.4 7.5 2.5 2 0 3 3 3
663.6 2916.1 6.8 74 0 19.6 8.1 5.0 0.0 0 0 2 3 3
681.9 2942.0 6.8 348 0 19.6 10.3 5.0 2.5 2 0 2 4 4
685.9 2741.9 6.7 182 0 10.2 11.5 7.5 2.5 2 1 3 1 1
687.8 2776.7 6.0 180 0 15.3 9.1 5.0 2.5 2 0 2 2 2
658.4 2838.9 6.5 359 0 7.9 12.8 7.5 0.0 0 1 3 0 0
650.2 2872.0 6.5 347 0 9.2 16.3 2.5 2.5 2 1 1 5 5
616.6 2789.1 7.1 192 0 25.4 8.7 2.5 2.5 2 0 1 4 4
619.7 2806.6 7.4 96 0 7.3 13.7 5.0 2.5 2 1 2 5 5
645.9 2824.7 6.9 270 0 11.3 17.6 5.0 0.0 0 1 2 1 1
627.9 2770.1 6.9 187 0 8.4 12.7 7.5 2.5 2 1 3 5 5
602.1 2731.1 7.9 105 0 11.1 8.7 5.0 2.5 2 0 2 1 1
508.3 2733.0 8.7 288 0 13.7 11.3 7.5 2.5 2 0 3 1 1
606.9 2646.4 6.1 9 0 10.6 22.5 5.0 2.5 2 1 2 3 3
555.1 2698.1 7.7 226 0 12.4 8.8 5.0 2.5 2 0 2 4 4
586.6 2715.5 8.0 284 0 11.2 10.2 2.5 2.5 2 0 1 5 5
602.5 2712.2 7.8 285 0 9.1 9.6 7.5 2.5 2 1 3 2 2
629.9 2705.6 7.6 284 0 8.9 9.6 5.0 2.5 2 1 2 0 0
649.4 2701.6 7.3 284 0 10.4 10.8 2.5 2.5 2 1 1 5 5
685.4 2678.6 6.6 291 0 13.2 9.1 5.0 2.5 2 0 2 5 5
-1401.2 7362.0 -4.5 343 0 6.7 20.5 2.5 2.5 2 0 1 2 2
-1375.1 7363.5 -0.0 166 0 7.7 13.9 7.5 2.5 2 1 3 5 5
-1421.1 7407.7 -4.8 344 0 10.8 13.4 5.0 2.5 2 1 2 1 1
-1415.7 7386.6 -4.3 344 0 7.9 9.9 2.5 2.5 2 1 1 5 5
-1427.1 7350.6 -6.0 73 0 15.0 6.6 5.0 2.5 2 0 2 4 4
-1400.7 7240.0 -6.9 154 0 54.6 24.7 12.5 2.5 2 0 5 3 3
-1394.1 7335.8 -3.5 345 0 13.9 12.6 7.5 2.5 2 0 3 5 5
-1385.2 7317.9 -3.1 340 0 10.8 11.7 2.5 2.5 2 1 1 3 3
-1319.9 7263.0 -0.6 315 0 14.6 10.2 7.5 2.5 2 0 3 1 1
-1158.7 7149.3 -1.4 171 0 11.4 9.8 5.0 2.5 2 0 2 3 3
-1132.4 7153.6 -1.2 351 0 12.0 9.5 7.5 2.5 2 0 3 2 2
-1221.8 7204.7 -0.8 133 0 9.7 25.9 7.5 2.5 4 1 3 3 3
-1226.6 7252.2 -0.6 215 0 15.4 20.0 7.5 0.0 0 1 3 4 4
-1243.6 7236.8 -0.6 215 0 10.8 10.8 7.5 2.5 2 1 3 2 2
-1123.0 7344.2 0.1 83 0 15.0 8.9 5.0 2.5 2 0 2 2 2
-1175.9 7358.4 0.0 347 0 10.9 20.8 5.0 2.5 2 1 2 3 3
-1198.1 7295.1 -0.3 169 0 9.9 9.6 7.5 2.5 2 0 3 4 4
-1333.9 7443.8 -0.8 254 0 14.1 38.9 10.0 2.5 2 0 4 5 5
-1345.8 7440.5 -0.8 254 0 10.5 28.2 12.5 0.0 0 0 5 1 1
-1383.4 7402.8 -0.7 167 0 14.0 11.3 7.5 2.5 2 0 3 2 2
-1328.1 7337.6 -0.2 345 0 11.4 17.3 5.0 2.5 2 1 2 5 5
-1314.0 7303.0 -0.3 76 0 17.9 9.2 2.5 2.5 2 0 1 0 0
-1295.8 7347.0 -0.1 257 0 10.2 10.2 7.5 2.5 2 1 3 2 2
-1261.4 7320.5 -0.2 75 0 13.8 7.8 5.0 2.5 2 0 2 3 3
-747.4 8248.8 -2.5 62 0 10.0 14.3 5.0 0.0 0 1 2 2 2
-837.2 8118.9 -1.9 155 0 7.6 14.9 2.5 0.0 0 1 1 0 0
-741.8 8163.5 -2.2 331 0 10.8 7.6 5.0 2.5 2 0 2 5 5
-718.9 8308.4 -2.8 331 0 12.5 10.4 5.0 2.5 2 0 2 0 0
-638.1 7997.1 -4.1 331 0 9.2 11.9 7.5 2.5 2 1 3 0 0
-689.1 8094.2 -2.6 335 0 23.1 10.0 5.0 2.5 2 0 2 5 5
-663.9 8050.8 -3.6 334 0 14.6 13.9 5.0 2.5 2 0 2 1 1
-594.2 8106.9 -2.8 334 0 10.1 13.0 5.0 2.5 2 1 2 0 0
-614.5 8132.6 -2.8 243 0 11.9 12.2 5.0 2.5 4 1 2 1 1
-292.7 7761.7 -3.1 59 0 11.2 8.5 2.5 2.5 2 0 1 4 4
-284.8 7793.0 -3.5 329 0 18.3 9.1 7.5 2.5 2 0 3 0 0
-326.8 7779.0 -3.2 239 0 11.5 13.5 2.5 2.5 2 1 1 0 0
227.0 7192.5 -6.0 182 0 26.0 11.0 10.0 2.5 2 0 4 5 5
252.1 7165.5 -6.1 91 0 16.4 10.7 7.5 2.5 2 0 3 2 2
296.4 7148.4 -6.4 93 0 9.9 26.5 7.5 2.5 2 1 3 4 4
1214.2 6816.6 -8.2 85 0 7.7 22.1 5.0 2.5 2 0 2 3 3
1184.3 6851.8 -8.2 175 0 15.0 30.3 5.0 2.5 4 0 2 0 0
1232.0 6814.1 -8.2 82 0 17.7 13.4 5.0 2.5 2 0 2 3 3
1245.4 6877.8 -8.1 0 0 13.4 28.8 10.0 2.5 4 1 4 5 5
870.5 7572.6 -6.9 46 0 48.5 24.1 10.0 2.5 2 0 4 4 4
773.7 7492.3 -8.1 139 0 11.2 35.8 7.5 2.5 2 1 3 5 5
852.2 7436.5 -8.1 38 0 39.0 13.0 7.5 2.5 2 0 3 1 1
797.4 7458.2 -8.1 137 0 27.3 10.4 7.5 2.5 2 0 3 3 3
901.1 7384.8 -8.1 117 0 12.8 8.5 5.0 2.5 2 0 2 3 3
951.6 7344.6 -8.1 119 0 16.1 9.7 5.0 2.5 2 0 2 4 4
982.3 7329.0 -8.1 117 0 18.8 10.3 7.5 2.5 2 0 3 5 5
1056.2 7428.9 -6.6 40 0 9.6 27.4 7.5 2.5 2 1 3 5 5
1037.4 7408.4 -7.0 40 0 9.6 27.4 7.5 2.5 2 1 3 4 4
1019.1 7384.8 -7.4 40 0 9.6 27.4 7.5 2.5 2 1 3 5 5
998.5 7362.6 -7.8 40 0 9.6 27.4 7.5 2.5 4 1 3 0 0
1044.4 7293.5 -8.2 118 0 12.8 11.0 5.0 2.5 2 0 2 3 3
1079.7 7287.2 -8.0 33 0 10.5 12.1 5.0 2.5 2 1 2 0 0
961.0 7396.5 -8.0 221 0 32.2 10.5 10.0 2.5 2 0 4 4 4
992.0 7432.3 -7.3 222 0 32.5 11.1 7.5 2.5 2 0 3 1 1
1026.9 7465.3 -6.7 307 0 12.2 20.3 7.5 2.5 2 1 3 5 5
1069.5 7463.6 -6.0 130 0 14.8 9.5 2.5 2.5 2 0 1 0 0
1114.1 7425.0 -6.1 131 0 14.2 11.0 7.5 2.5 2 0 3 5 5
1159.7 7387.5 -6.2 129 0 15.0 10.6 5.0 2.5 2 0 2 3 3
1209.1 7437.9 -6.3 309 0 15.0 10.6 7.5 2.5 2 0 3 5 5
1162.6 7475.8 -6.1 309 0 15.0 10.6 10.0 2.5 2 0 4 4 4
1117.0 7512.8 -5.9 309 0 15.0 10.6 10.0 2.5 4 0 4 5 5
216.9 6007.9 -2.0 90 0 7.6 10.3 7.5 0.0 0 1 3 2 2
281.8 6038.8 -2.0 84 0 8.9 13.9 7.5 2.5 2 1 3 1 1
297.6 6105.2 -2.2 11 0 26.7 8.6 7.5 2.5 2 0 3 5 5
255.8 6124.1 -1.5 179 0 9.2 18.5 7.5 2.5 2 1 3 5 5
277.6 6190.9 -1.1 263 0 9.4 8.1 7.5 2.5 2 0 3 4 4
307.2 6167.9 -2.1 349 0 9.6 16.0 7.5 2.5 4 1 3 5 5
107.6 6303.9 1.5 98 0 27.4 8.3 5.0 0.0 0 0 2 4 4
130.3 6322.9 0.7 277 0 12.9 21.9 12.5 2.5 2 0 5 0 0
251.2 6105.0 -1.2 169 0 13.9 9.8 7.5 2.5 2 0 3 4 4
236.9 6174.1 -0.6 169 0 14.6 10.4 5.0 2.5 4 0 2 3 3
248.9 6155.9 -1.1 172 0 12.9 14.9 7.5 2.5 2 1 3 1 1
256.2 6229.4 -0.2 80 0 10.6 18.4 2.5 2.5 2 1 1 5 5
44.2 6412.6 -2.8 270 0 12.1 14.0 2.5 2.5 2 1 1 4 4
72.6 6396.2 -2.4 359 0 8.9 19.1 5.0 2.5 2 1 2 1 1
99.4 6359.9 -1.0 320 0 19.7 12.4 7.5 2.5 2 0 3 1 1
176.8 6297.0 0.6 146 0 31.0 11.3 10.0 2.5 2 0 4 0 0
136.0 6270.3 3.0 183 0 11.1 6.4 7.5 2.5 2 0 3 2 2
145.4 6263.1 2.6 183 0 15.5 11.9 7.5 0.0 0 0 3 1 1
206.6 6247.8 1.0 161 0 12.5 8.8 7.5 2.5 4 0 3 4 4
210.8 6235.6 0.9 161 0 13.3 8.8 5.0 2.5 2 0 2 2 2
193.1 6240.5 1.6 341 0 11.9 8.2 5.0 2.5 2 0 2 0 0
209.0 6191.4 0.6 342 0 11.3 10.6 7.5 2.5 4 0 3 3 3
218.7 6160.0 0.2 343 0 12.4 8.8 5.0 2.5 2 0 2 3 3
197.1 6158.5 0.9 351 0 17.9 6.7 2.5 2.5 2 0 1 3 3
162.1 6094.5 0.2 92 0 12.0 8.1 2.5 2.5 4 0 1 1 1
205.8 6123.6 0.6 360 0 10.3 11.4 2.5 0.0 0 1 1 2 2
227.1 6106.5 -0.1 359 0 9.8 9.8 5.0 2.5 2 1 2 0 0
191.7 6081.4 -0.4 185 0 7.3 17.1 7.5 2.5 2 1 3 2 2
227.9 6068.3 -0.8 0 0 10.2 12.6 2.5 2.5 2 1 1 5 5
178.2 6049.3 -1.1 181 0 15.9 8.0 5.0 2.5 2 0 2 1 1
202.7 6034.1 -1.5 178 0 9.2 20.3 7.5 0.0 0 1 3 4 4
237.3 6047.3 -1.4 358 0 13.6 10.6 5.0 2.5 2 0 2 0 0
301.2 5927.4 -4.5 183 0 11.5 9.7 7.5 2.5 2 0 3 2 2
296.2 5948.9 -4.0 184 0 14.6 12.5 7.5 2.5 2 0 3 2 2
281.1 5983.3 -3.1 345 0 19.8 9.6 5.0 2.5 2 0 2 3 3
282.3 5935.8 -4.2 2 0 18.8 12.0 7.5 2.5 2 0 3 2 2
280.6 5895.3 -5.1 4 0 9.9 14.1 5.0 2.5 2 1 2 2 2
241.8 5836.3 -5.6 205 0 8.4 9.8 2.5 0.0 0 1 1 1 1
249.6 5810.8 -5.5 26 0 13.8 10.4 7.5 2.5 2 0 3 0 0
245.0 5801.5 -5.4 26 0 6.8 12.9 2.5 2.5 4 0 1 5 5
426.8 6428.8 -7.6 279 0 8.9 16.2 5.0 2.5 2 1 2 5 5
474.7 6429.6 -8.1 279 0 18.1 31.7 12.5 0.0 0 1 5 4 4
433.2 6440.3 -8.3 189 0 11.6 13.8 7.5 2.5 2 1 3 3 3
598.3 4913.1 9.0 229 0 18.0 10.5 7.5 2.5 2 0 3 1 1
566.6 4906.9 10.2 212 0 7.0 21.2 5.0 2.5 2 1 2 2 2
647.8 4870.3 10.4 37 0 31.2 9.8 7.5 2.5 2 0 3 5 5
591.2 4938.3 7.9 229 0 12.6 23.6 12.5 2.5 2 0 5 4 4
594.3 4882.0 10.7 127 0 15.7 11.5 2.5 2.5 2 0 1 0 0
639.5 4912.7 8.4 317 0 40.3 11.2 12.5 0.0 0 0 5 3 3
-1575.4 2418.1 -0.6 114 0 5.9 7.7 7.5 2.5 2 1 3 4 4
-1548.4 2419.5 0.6 113 0 6.6 16.0 2.5 2.5 2 1 1 3 3
-1558.2 2447.8 -0.9 202 0 7.0 12.8 5.0 2.5 2 1 2 0 0
-1510.3 2426.2 0.9 23 0 10.7 27.2 10.0 2.5 2 1 4 2 2
-949.0 2388.1 6.5 119 0 21.2 6.4 7.5 2.5 2 0 3 0 0
-958.5 2410.4 6.4 196 0 20.3 6.5 7.5 2.5 2 0 3 4 4
-935.0 2417.2 6.3 299 0 14.7 6.8 2.5 2.5 2 0 1 3 3
-408.2 3695.9 9.0 216 0 8.9 11.3 2.5 2.5 2 1 1 2 2
122.8 5369.8 -1.4 148 0 21.9 8.2 7.5 2.5 2 0 3 2 2
133.6 5397.7 -1.8 328 0 10.0 14.1 7.5 2.5 2 1 3 2 2
147.1 5405.8 -2.0 328 0 10.4 9.1 2.5 0.0 0 0 1 0 0
-280.8 4814.6 4.1 207 0 21.0 7.6 2.5 2.5 2 0 1 0 0
-280.7 4797.7 4.2 204 0 8.8 28.3 5.0 2.5 2 1 2 2 2
-250.2 4805.9 4.2 203 0 11.7 22.7 7.5 2.5 2 1 3 5 5
-263.2 4835.0 4.0 202 0 11.3 13.9 5.0 2.5 2 1 2 1 1
-128.2 5029.6 3.1 282 0 8.2 12.2 7.5 2.5 2 1 3 3 3
-482.2 5492.3 -0.9 188 0 11.7 6.4 2.5 2.5 2 0 1 2 2
-436.1 5489.7 -0.9 8 0 18.7 10.0 10.0 2.5 2 0 4 0 0
-446.3 5522.6 -1.0 270 0 11.4 11.8 5.0 2.5 2 1 2 0 0
-475.7 5516.5 -1.1 278 0 6.4 18.9 5.0 2.5 2 0 2 3 3
-473.0 5489.6 -0.9 188 0 8.8 22.9 5.0 2.5 2 1 2 3 3
-557.6 5277.6 1.1 270 0 21.6 9.4 7.5 2.5 2 0 3 1 1
-568.1 5239.7 1.4 184 0 9.4 13.9 5.0 2.5 4 1 2 0 0
-536.8 5248.6 1.2 6 0 16.3 10.3 5.0 2.5 2 0 2 4 4
-755.0 5303.5 2.4 79 0 26.0 9.2 5.0 2.5 2 0 2 4 4
-793.6 5319.5 2.6 169 0 15.4 12.2 5.0 2.5 2 0 2 1 1
-1320.7 5646.4 -6.4 164 0 14.1 8.0 5.0 2.5 2 0 2 3 3
-1150.4 5679.7 -3.6 86 0 11.7 11.0 7.5 2.5 2 0 3 0 0
-1183.0 5671.4 -4.1 83 0 6.9 13.6 7.5 2.5 2 1 3 3 3
-1193.8 5712.3 -4.0 266 0 7.6 16.2 5.0 2.5 2 1 2 0 0
-1157.8 5673.8 -4.0 356 0 8.0 17.7 5.0 2.5 2 1 2 1 1
-1152.0 5696.6 -3.8 356 0 11.9 26.2 10.0 2.5 2 0 4 5 5
-1574.8 5407.2 -7.1 162 0 16.3 7.4 5.0 2.5 2 0 2 2 2
-1558.1 5431.0 -7.3 252 0 11.0 8.8 7.5 2.5 2 0 3 1 1
-1524.6 5425.8 -6.9 342 0 11.8 10.7 7.5 2.5 2 0 3 3 3
-1400.7 5324.8 -1.5 162 0 30.2 13.1 10.0 2.5 2 0 4 3 3
-1410.5 5355.5 -2.8 162 0 34.2 13.1 12.5 2.5 2 0 5 2 2
-1386.5 5380.9 -2.8 252 0 24.0 6.4 5.0 0.0 0 0 2 2 2
-1341.3 5347.0 -1.1 342 0 19.0 11.4 5.0 2.5 2 0 2 2 2
-1354.0 5374.0 -2.2 342 0 13.5 10.2 7.5 2.5 2 0 3 3 3
-2251.1 5524.6 -12.5 93 0 15.2 9.2 5.0 2.5 2 0 2 1 1
-2251.0 5573.0 -9.2 277 0 22.2 13.7 10.0 2.5 2 0 4 4 4
-2408.2 4187.1 -5.4 333 0 13.7 9.6 7.5 2.5 2 0 3 2 2
-2441.4 4206.3 -6.5 243 0 20.8 10.4 2.5 2.5 2 0 1 0 0
-2489.2 3656.9 -0.1 142 0 8.7 25.6 2.5 2.5 2 1 1 3 3
-2496.7 3656.8 -1.4 54 0 11.9 40.8 12.5 2.5 2 0 5 5 5
-2519.8 3707.2 -1.8 234 0 34.3 13.4 12.5 2.5 2 0 5 3 3
-2501.0 3727.3 -1.9 234 0 7.0 24.9 5.0 2.5 2 1 2 1 1
-2475.1 3695.1 -1.5 325 0 19.5 7.7 7.5 0.0 0 0 3 1 1
-2295.2 3611.1 3.5 138 0 31.3 11.2 10.0 2.5 2 0 4 2 2
-2275.2 3591.4 2.9 138 0 12.4 42.0 7.5 2.5 2 1 3 5 5
-2290.2 3641.9 1.7 136 0 18.8 29.1 10.0 2.5 2 1 4 3 3
-2238.3 3641.8 2.8 50 0 11.2 10.5 5.0 2.5 2 0 2 0 0
-2484.3 3266.8 -2.0 131 0 8.2 10.1 7.5 2.5 4 1 3 2 2
-2405.8 3006.1 -7.2 237 0 13.5 9.8 5.0 2.5 2 0 2 5 5
-2396.1 3012.4 -7.1 237 0 9.6 9.7 7.5 2.5 2 0 3 1 1
-2375.1 3009.0 -7.3 237 0 10.7 17.2 7.5 2.5 2 1 3 0 0
-2375.4 2966.9 -7.8 57 0 16.7 10.2 5.0 2.5 2 0 2 1 1
-2413.9 2970.2 -7.9 141 0 36.3 10.5 10.0 2.5 2 0 4 2 2
-2444.1 3015.0 -7.2 230 0 11.4 20.8 5.0 2.5 2 1 2 0 0
-1313.6 3617.1 2.4 45 0 22.4 20.9 10.0 2.5 2 0 4 1 1
-1335.0 3661.8 2.0 224 0 11.2 46.7 15.0 0.0 0 0 6 3 3
-1440.7 3659.5 0.9 252 0 12.4 34.5 10.0 2.5 2 1 4 3 3
-2029.6 3135.4 -1.2 204 0 10.6 11.1 5.0 2.5 2 1 2 5 5
-1932.7 3121.1 3.1 120 0 8.0 18.1 7.5 2.5 2 1 3 2 2
-1904.9 3124.1 2.9 35 0 10.4 10.8 7.5 2.5 2 1 3 0 0
-1922.8 2746.2 -6.2 50 0 10.4 31.8 10.0 2.5 2 1 4 1 1
-1922.3 2792.0 -6.2 357 0 8.3 14.4 5.0 2.5 2 1 2 5 5
-1813.5 2866.7 -4.6 31 0 32.3 10.7 10.0 2.5 2 0 4 1 1
-1851.6 2852.9 -5.2 118 0 21.7 8.8 7.5 2.5 2 0 3 3 3
-1854.7 2883.6 -5.2 209 0 11.6 9.9 7.5 2.5 2 0 3 5 5
-1845.9 2900.5 -5.2 209 0 6.4 27.2 5.0 2.5 2 1 2 2 2
-1710.4 3028.6 -3.0 226 0 7.5 13.4 7.5 2.5 2 1 3 0 0
-1675.6 3034.1 -2.6 310 0 4.2 10.6 5.0 2.5 2 1 2 3 3
-1690.6 3052.3 -2.4 222 0 8.9 16.6 7.5 2.5 4 1 3 3 3
-1691.1 3013.3 -2.9 125 0 7.0 10.6 7.5 0.0 0 1 3 4 4
-1649.5 3104.9 -1.0 298 0 24.4 10.0 7.5 2.5 2 0 3 3 3
-1633.3 3285.7 3.2 286 0 10.0 5.9 7.5 2.5 2 0 3 5 5
-732.2 4533.2 5.9 36 0 18.4 11.9 5.0 2.5 2 0 2 5 5
-1310.4 4399.0 3.8 5 0 32.2 7.9 7.5 2.5 2 0 3 1 1
-1342.9 4399.4 3.6 190 0 9.7 12.2 7.5 2.5 2 1 3 2 2
-1320.5 4438.9 3.5 275 0 25.0 11.5 7.5 2.5 4 0 3 3 3
-549.2 3926.7 5.3 127 0 11.3 25.2 10.0 2.5 4 1 4 4 4
-578.1 3963.8 5.1 228 0 12.6 10.4 2.5 2.5 2 0 1 5 5
-738.3 4188.2 4.9 88 0 15.8 7.3 7.5 2.5 2 0 3 5 5
-770.6 4211.3 4.9 258 0 5.2 12.2 7.5 2.5 4 1 3 3 3
-752.9 4216.6 4.9 257 0 7.9 17.8 5.0 2.5 2 0 2 1 1
-771.9 4232.9 5.0 71 0 15.4 37.2 12.5 2.5 2 1 5 0 0
-1433.0 4047.0 0.8 151 0 17.5 8.1 2.5 2.5 2 0 1 0 0
-1403.8 4066.8 1.0 337 0 10.5 17.6 7.5 2.5 2 1 3 0 0
-1137.2 4155.4 3.6 261 0 14.5 8.1 2.5 2.5 2 0 1 1 1
-1281.8 3745.4 2.1 152 0 9.0 6.5 5.0 2.5 2 0 2 1 1
-1313.0 3679.3 2.0 142 0 8.5 10.0 7.5 2.5 2 1 3 2 2
-1295.6 3696.5 2.2 218 0 13.4 8.8 7.5 2.5 2 0 3 4 4
-1251.3 3703.1 2.6 326 0 8.9 20.7 7.5 2.5 2 1 3 0 0
-1280.9 3646.2 2.9 130 0 8.0 18.5 2.5 2.5 2 1 1 5 5
-1298.0 3661.0 2.4 127 0 9.2 19.1 5.0 2.5 4 1 2 1 1
-1344.0 3656.3 2.0 224 0 11.9 12.9 7.5 2.5 4 0 3 0 0
-1165.6 3689.7 3.8 63 0 6.7 23.1 7.5 2.5 2 0 3 5 5
-1195.5 3691.1 3.5 153 0 13.2 9.0 7.5 2.5 2 0 3 2 2
-1171.7 3676.0 3.8 63 0 30.0 9.5 7.5 2.5 2 0 3 3 3
-1269.1 3861.7 1.8 145 0 18.6 14.7 7.5 2.5 2 0 3 4 4
-1245.4 3838.7 1.8 55 0 12.1 23.2 10.0 2.5 4 0 4 5 5
-1002.8 4415.2 4.7 244 0 8.5 6.1 2.5 2.5 2 0 1 0 0
-997.6 4373.5 4.7 61 0 12.3 10.2 5.0 2.5 2 0 2 3 3
-982.6 4383.0 4.8 62 0 9.5 8.5 5.0 2.5 2 0 2 3 3
-964.2 4394.2 4.8 62 0 9.5 8.7 5.0 2.5 4 0 2 2 2
-941.1 4404.9 4.8 61 0 12.8 11.5 5.0 2.5 2 0 2 2 2
-915.9 4416.3 4.9 61 0 10.8 10.9 5.0 2.5 2 1 2 3 3
-901.0 4423.7 4.9 61 0 10.8 10.9 10.0 2.5 2 1 4 0 0
-884.6 4432.0 4.9 61 0 10.2 13.2 7.5 2.5 2 1 3 3 3
-867.8 4439.0 5.0 65 0 11.5 9.7 5.0 2.5 2 0 2 1 1
-852.2 4445.2 5.0 69 0 11.9 10.7 7.5 2.5 2 0 3 4 4
-834.1 4453.1 5.1 66 0 10.6 10.1 10.0 2.5 2 0 4 1 1
-817.0 4460.2 5.2 66 0 10.6 10.1 7.5 2.5 2 0 3 5 5
-798.5 4467.0 5.5 72 0 11.3 11.1 7.5 2.5 2 0 3 4 4
-779.9 4475.0 5.7 69 0 11.2 11.2 2.5 0.0 0 1 1 1 1
-1122.7 4130.7 3.4 357 0 8.0 13.2 7.5 2.5 2 1 3 1 1
-846.1 4141.1 4.7 167 0 9.2 11.3 5.0 2.5 2 1 2 2 2
-761.9 4170.0 4.8 356 0 10.3 10.7 5.0 2.5 4 1 2 0 0
-790.4 4154.7 4.8 171 0 8.0 14.9 7.5 2.5 2 1 3 2 2
-692.2 4045.7 4.4 154 0 15.8 9.3 7.5 2.5 2 0 3 5 5
-676.3 4072.1 4.7 245 0 22.9 11.3 7.5 2.5 2 0 3 1 1
-723.1 4077.1 4.6 357 0 14.4 10.0 2.5 2.5 2 0 1 5 5
-731.2 4117.5 4.8 81 0 12.6 7.6 7.5 2.5 2 0 3 3 3
-748.5 4132.7 4.8 174 0 12.8 7.6 7.5 2.5 2 0 3 1 1
-720.6 4137.0 4.8 352 0 14.4 11.3 5.0 2.5 2 0 2 3 3
-698.3 4125.7 4.8 265 0 9.9 9.2 5.0 2.5 2 0 2 5 5
-757.7 4186.8 4.9 87 0 11.9 8.7 5.0 2.5 2 0 2 0 0
-719.0 4208.4 4.9 342 0 12.7 11.4 5.0 2.5 2 0 2 5 5
-742.6 4229.1 4.9 257 0 32.9 9.9 7.5 2.5 2 0 3 5 5
-836.8 4201.7 4.8 76 0 5.3 11.4 5.0 2.5 2 1 2 4 4
-829.7 4189.0 4.8 93 0 13.8 10.8 5.0 2.5 2 0 2 4 4
-811.3 4186.2 4.8 79 0 8.7 12.5 7.5 0.0 0 0 3 1 1
-809.2 4199.4 4.9 78 0 10.4 7.8 7.5 0.0 0 0 3 1 1
-793.4 4185.0 4.9 90 0 12.8 9.2 7.5 2.5 2 0 3 4 4
-808.6 4178.4 4.8 272 0 12.8 7.2 5.0 2.5 4 0 2 5 5
-820.8 4178.8 4.8 272 0 11.6 7.2 5.0 2.5 2 0 2 5 5
-871.9 4190.3 4.8 89 0 13.6 8.8 2.5 2.5 2 0 1 1 1
-922.8 4169.1 4.7 252 0 14.3 10.5 10.0 2.5 2 0 4 1 1
-909.8 4185.6 4.7 75 0 16.2 11.0 7.5 2.5 2 0 3 0 0
-1086.1 4079.1 3.0 141 0 14.4 7.7 7.5 2.5 2 0 3 1 1
-1096.8 4116.3 3.0 253 0 8.1 25.5 5.0 2.5 2 1 2 3 3
-1082.3 4099.6 3.2 169 0 6.8 20.6 5.0 2.5 2 1 2 0 0
-1050.3 4114.6 3.5 357 0 11.1 10.8 5.0 2.5 2 0 2 2 2
-1006.1 4074.1 3.2 346 0 16.2 12.4 7.5 2.5 2 0 3 1 1
-977.1 4143.6 4.3 251 0 6.3 10.0 5.0 2.5 2 0 2 1 1
-987.9 4149.5 4.3 251 0 22.7 9.1 7.5 0.0 0 0 3 3 3
-969.5 4107.8 3.7 250 0 8.5 16.6 5.0 2.5 2 0 2 0 0
-994.3 4103.3 3.7 160 0 11.4 14.2 5.0 2.5 4 1 2 4 4
-961.0 4118.7 4.0 340 0 14.5 11.0 5.0 2.5 2 0 2 1 1
-997.7 4122.6 4.0 164 0 10.5 10.5 2.5 2.5 2 0 1 0 0
-1133.3 4321.7 4.6 252 0 17.4 7.2 2.5 2.5 2 0 1 0 0
-1128.9 4296.6 4.6 150 0 8.2 10.2 2.5 2.5 2 1 1 3 3
-1165.7 4244.2 4.5 247 0 10.0 20.6 5.0 2.5 2 1 2 3 3
-1185.8 4231.4 4.5 247 0 10.4 14.0 5.0 2.5 2 1 2 4 4
-1191.3 4279.1 4.5 338 0 26.1 9.0 5.0 2.5 2 0 2 2 2
-1230.4 4291.2 4.5 246 0 7.8 22.3 5.0 2.5 2 0 2 5 5
-1214.5 4298.3 4.5 246 0 27.1 13.8 5.0 2.5 2 0 2 5 5
-1208.3 4244.4 4.5 66 0 11.8 14.3 10.0 0.0 0 1 4 1 1
-1259.8 4225.2 4.1 156 0 20.3 8.9 5.0 2.5 2 0 2 1 1
-1236.5 4225.6 4.3 63 0 10.8 10.4 2.5 0.0 0 0 1 2 2
-1300.4 4135.1 2.6 159 0 12.3 16.5 7.5 2.5 2 1 3 3 3
-1305.0 4164.2 2.9 248 0 10.9 10.0 7.5 2.5 2 0 3 3 3
-1278.6 4175.5 3.2 333 0 13.2 8.2 7.5 2.5 2 0 3 0 0
-1366.4 4122.8 1.8 244 0 8.9 13.5 7.5 2.5 2 1 3 4 4
-1424.3 4025.9 0.5 144 0 8.2 9.5 7.5 2.5 2 1 3 3 3
-1324.4 4011.8 1.7 329 0 7.5 13.7 5.0 2.5 2 1 2 5 5
-1308.1 4000.2 1.8 144 0 10.8 7.9 7.5 2.5 2 0 3 0 0
-1314.8 3986.6 1.7 55 0 11.5 8.4 5.0 2.5 2 0 2 2 2
-1368.1 3990.5 1.3 114 0 8.8 11.7 7.5 2.5 4 1 3 0 0
-1356.8 3976.1 1.3 311 0 6.5 20.5 7.5 2.5 2 1 3 2 2
-1340.1 3970.2 1.4 313 0 11.4 10.1 5.0 2.5 2 0 2 2 2
-1325.8 3967.6 1.5 315 0 6.4 11.1 2.5 2.5 2 1 1 2 2
-1383.9 3950.0 0.9 221 0 13.2 20.7 7.5 2.5 2 1 3 2 2
-1280.3 3711.7 2.3 229 0 11.4 9.5 5.0 2.5 2 0 2 5 5
-1334.0 3831.1 1.3 76 0 6.7 20.6 2.5 0.0 0 1 1 3 3
-1312.7 3855.1 1.5 349 0 14.0 10.8 2.5 2.5 2 0 1 1 1
-1300.4 3801.9 1.8 359 0 5.1 5.6 2.5 2.5 2 1 1 2 2
-1306.2 3824.3 1.7 269 0 5.6 18.0 7.5 2.5 4 1 3 0 0
-1291.4 3824.5 1.9 161 0 12.7 9.0 7.5 0.0 0 0 3 1 1
-1301.8 3851.4 1.6 170 0 13.7 7.7 2.5 2.5 2 0 1 0 0
-1304.0 3864.2 1.6 170 0 12.5 7.5 7.5 2.5 4 0 3 0 0
-1245.5 3905.7 1.8 323 0 15.2 11.5 2.5 2.5 2 0 1 0 0
-1289.3 3963.5 1.7 51 0 16.0 12.3 5.0 2.5 2 0 2 5 5
-1294.8 3944.5 1.6 234 0 8.6 31.7 7.5 2.5 2 1 3 5 5
-1257.0 3952.1 1.8 321 0 23.0 6.3 5.0 2.5 2 0 2 2 2
-1235.1 3994.6 2.2 130 0 9.8 10.2 5.0 2.5 2 1 2 1 1
-1196.8 4008.7 2.3 313 0 12.5 22.8 10.0 2.5 4 1 4 2 2
-1172.0 4094.6 2.7 241 0 6.7 13.9 5.0 2.5 2 1 2 3 3
-1122.7 4081.7 2.8 68 0 15.1 7.1 2.5 2.5 2 0 1 2 2
-1131.8 4112.8 3.0 261 0 11.9 7.3 7.5 2.5 2 0 3 4 4
-1156.1 4107.2 2.8 247 0 10.9 11.5 7.5 2.5 2 1 3 0 0
-1185.4 4106.0 2.8 63 0 9.4 10.1 5.0 2.5 2 1 2 3 3
-1208.3 4086.4 2.5 64 0 6.7 11.3 5.0 2.5 2 1 2 1 1
-1221.8 4076.5 2.6 62 0 12.1 10.6 2.5 2.5 2 0 1 2 2
-1236.9 4061.4 2.4 46 0 11.4 8.4 2.5 2.5 2 0 1 3 3
-1262.1 4067.1 2.2 332 0 6.9 12.6 5.0 2.5 2 1 2 2 2
-1254.8 4037.9 2.2 57 0 6.4 11.9 5.0 2.5 2 1 2 2 2
-1312.4 4026.0 1.8 236 0 14.6 8.2 7.5 2.5 2 0 3 2 2
-1285.0 4005.4 1.9 56 0 7.8 42.0 7.5 2.5 2 0 3 0 0
-1314.9 4042.8 1.9 146 0 11.6 28.7 7.5 2.5 2 0 3 0 0
-1280.8 4063.8 2.1 326 0 8.4 11.3 5.0 2.5 4 0 2 5 5
-1276.8 4054.7 2.1 245 0 8.8 17.1 7.5 0.0 0 1 3 0 0
-1268.0 4021.7 2.0 47 0 17.9 10.8 7.5 2.5 2 0 3 5 5
-1261.9 4004.6 2.0 219 0 8.9 10.4 2.5 2.5 4 1 1 4 4
2293.4 4897.9 16.0 128 0 21.9 7.3 2.5 2.5 2 0 1 1 1
2298.7 4922.9 16.1 219 0 13.6 7.7 2.5 2.5 2 0 1 2 2
-1547.1 6172.3 -8.1 181 0 14.6 8.9 7.5 2.5 2 0 3 2 2
-1518.4 6183.5 -8.0 271 0 15.4 8.8 7.5 2.5 2 0 3 5 5
-1500.4 6163.7 -7.5 1 0 14.6 8.9 5.0 2.5 2 0 2 2 2
-1818.4 7153.9 -0.4 179 0 8.5 7.7 5.0 2.5 2 0 2 5 5
-1808.8 7185.2 -2.8 178 0 8.6 12.6 7.5 2.5 4 1 3 4 4
6823.3 -6952.2 -21.1 175 0 7.9 4.5 5.0 2.5 2 0 2 4 4
6282.3 4582.5 -17.6 107 0 12.8 5.5 5.0 2.5 2 0 2 4 4
6275.6 4626.4 -17.3 286 0 7.9 7.9 7.5 2.5 2 1 3 2 2
-3782.6 4177.2 -10.9 271 0 10.9 9.8 2.5 0.0 0 0 1 1 1
-3675.3 4492.4 -14.3 282 0 11.5 10.4 10.0 2.5 2 0 4 5 5
-3707.7 4383.6 -12.9 285 0 11.8 7.8 5.0 2.5 2 0 2 2 2
-3641.0 4281.9 -13.9 32 0 8.5 4.8 7.5 0.0 0 0 3 1 1
-3641.2 4294.1 -13.9 302 0 9.1 5.9 5.0 2.5 4 0 2 4 4
-3650.0 4281.3 -13.7 32 0 10.5 5.7 2.5 2.5 2 0 1 3 3
-3821.4 4328.9 -9.2 118 0 10.1 9.5 5.0 2.5 2 0 2 0 0
-3861.0 4331.0 -8.5 254 0 9.8 27.1 7.5 2.5 2 1 3 0 0
-3847.3 4284.9 -8.8 82 0 10.7 10.4 10.0 2.5 2 0 4 1 1
5991.3 -3188.3 -7.7 54 0 17.0 19.7 10.0 2.5 2 1 4 5 5
4882.0 693.3 -7.0 67 0 12.3 8.2 5.0 2.5 2 0 2 5 5
3515.4 1823.3 -5.5 113 0 20.2 9.6 7.5 2.5 2 0 3 4 4
3547.5 1835.6 -5.5 22 0 15.8 5.4 5.0 2.5 2 0 2 0 0
3535.8 1867.5 -4.8 293 0 11.5 12.6 5.0 2.5 2 1 2 0 0
3521.4 1854.3 -4.9 289 0 8.0 12.3 7.5 2.5 4 1 3 4 4
2836.8 2053.0 -3.7 77 0 12.2 8.7 5.0 2.5 2 0 2 5 5
3362.3 1995.9 -3.0 330 0 8.4 6.5 5.0 2.5 2 0 2 1 1
3365.2 2068.4 -3.1 353 0 14.1 17.7 12.5 0.0 0 1 5 1 1
3336.9 2096.1 -2.6 178 0 9.6 14.7 5.0 2.5 2 1 2 5 5
3279.1 2022.6 1.9 60 0 8.7 17.7 7.5 2.5 2 1 3 3 3
3285.9 2053.0 1.2 240 0 16.5 9.5 5.0 2.5 2 0 2 0 0
3289.4 2028.2 1.4 60 0 10.6 5.1 5.0 2.5 2 0 2 0 0
3055.4 2284.6 4.5 52 0 10.3 8.3 5.0 2.5 2 0 2 4 4
3052.0 2309.7 4.8 321 0 6.3 13.1 2.5 2.5 2 1 1 4 4
-46.2 -2974.6 -6.9 359 0 16.3 10.3 2.5 2.5 2 0 1 2 2
-60.0 -2961.6 -5.9 2 0 10.9 19.1 5.0 2.5 2 1 2 2 2
-97.7 -2969.3 -4.4 163 0 8.8 16.7 5.0 2.5 2 1 2 5 5
-82.5 -2933.2 -5.5 248 0 6.9 14.3 7.5 2.5 2 1 3 3 3
40.4 -2959.0 -10.0 50 0 21.0 7.3 7.5 2.5 4 0 3 1 1
17.1 -2931.8 -9.4 237 0 12.8 12.7 5.0 2.5 2 0 2 4 4
36.8 -2913.4 -8.2 230 0 25.1 10.4 10.0 2.5 2 0 4 5 5
19.5 -2913.8 -7.9 48 0 13.3 13.1 2.5 2.5 2 0 1 1 1
14.8 -2954.7 -10.1 139 0 8.1 6.5 7.5 2.5 4 0 3 0 0
-1150.2 695.9 -0.8 246 0 10.7 10.8 7.5 0.0 0 1 3 1 1
-1158.5 670.2 -0.7 71 0 16.2 8.1 2.5 2.5 2 0 1 1 1
-1136.5 668.4 -0.3 71 0 13.9 14.4 5.0 2.5 2 1 2 3 3
1580.3 493.7 3.4 298 0 9.0 27.2 7.5 2.5 2 1 3 4 4
1622.0 486.5 3.5 303 0 18.2 15.4 5.0 2.5 2 0 2 5 5
1614.2 448.5 3.3 21 0 17.4 10.9 5.0 2.5 2 0 2 2 2
1598.0 642.9 4.9 319 0 16.8 14.1 7.5 2.5 2 0 3 4 4
1587.2 654.8 5.2 319 0 13.6 11.2 10.0 2.5 2 0 4 2 2
1559.2 626.3 4.8 136 0 6.9 8.6 7.5 2.5 2 1 3 2 2
1537.3 632.7 4.5 139 0 5.5 17.9 7.5 0.0 0 1 3 3 3
1629.5 605.6 4.2 312 0 15.8 10.4 5.0 2.5 4 0 2 5 5
584.6 914.5 -2.9 206 0 6.2 11.1 5.0 2.5 4 1 2 5 5
475.4 1437.3 -0.1 203 0 8.1 9.7 2.5 0.0 0 1 1 0 0
575.1 1431.0 0.8 13 0 9.7 11.4 2.5 2.5 4 1 1 3 3
566.3 1402.6 -0.6 8 0 11.5 17.5 5.0 2.5 2 1 2 0 0
498.0 1442.3 0.3 17 0 12.9 10.2 7.5 0.0 0 0 3 3 3
482.0 1325.4 -2.6 30 0 5.4 12.1 7.5 2.5 2 1 3 3 3
486.8 1371.2 -2.3 286 0 11.1 5.9 7.5 2.5 2 0 3 4 4
493.8 1347.2 -2.9 4 0 13.2 8.5 7.5 2.5 4 0 3 4 4
577.4 883.4 -3.1 117 0 12.0 4.5 5.0 2.5 2 0 2 0 0
598.5 893.6 -3.0 28 0 13.9 7.5 5.0 2.5 2 0 2 1 1
6878.6 -4018.4 -6.1 224 0 18.8 8.4 7.5 2.5 2 0 3 4 4
5057.5 -7419.2 -18.8 75 0 9.6 10.9 5.0 2.5 2 1 2 2 2
5081.7 -7408.0 -18.8 345 0 7.4 15.9 5.0 2.5 2 1 2 5 5
5196.7 -7410.9 -20.7 355 0 5.1 7.8 5.0 2.5 2 0 2 1 1
5167.7 -7418.6 -19.7 175 0 5.7 9.5 5.0 2.5 2 0 2 2 2
5197.2 -7417.2 -20.1 356 0 8.1 20.1 5.0 2.5 4 0 2 0 0
5160.9 -7437.4 -18.1 174 0 18.4 6.8 5.0 2.5 2 0 2 4 4
5187.4 -7453.7 -17.1 84 0 13.2 9.6 5.0 0.0 0 0 2 0 0
5205.6 -7433.2 -18.6 352 0 10.1 4.6 7.5 2.5 2 0 3 5 5
2184.0 1540.1 -3.1 272 0 11.5 9.0 5.0 0.0 0 0 2 1 1
2020.8 1635.6 -2.7 296 0 11.1 6.6 7.5 2.5 2 0 3 5 5
2030.6 1605.4 -3.1 94 0 8.6 13.6 2.5 2.5 2 1 1 3 3
1992.0 1499.6 -2.4 268 0 15.7 6.1 7.5 2.5 2 0 3 3 3
2012.9 1484.8 -2.4 360 0 16.0 9.6 5.0 2.5 2 0 2 5 5
1821.9 -1061.3 2.6 248 0 8.6 18.5 5.0 2.5 2 1 2 4 4
1859.6 -1088.0 1.3 341 0 10.1 11.3 7.5 2.5 2 0 3 4 4
1863.3 -1067.0 2.5 339 0 12.9 9.6 2.5 2.5 2 0 1 0 0
1845.3 -1098.2 1.2 71 0 11.0 10.1 2.5 2.5 2 0 1 1 1
1853.7 -1044.3 4.0 341 0 9.4 25.5 7.5 2.5 2 1 3 3 3
1756.8 223.1 8.4 284 0 29.0 17.9 12.5 2.5 2 0 5 4 4
1772.8 553.9 4.1 111 0 10.5 13.9 10.0 0.0 0 1 4 3 3
1612.9 669.3 5.3 153 0 12.4 10.1 7.5 2.5 2 0 3 4 4
1630.3 572.6 4.2 43 0 8.3 6.4 2.5 2.5 2 0 1 3 3
1882.5 492.9 3.7 27 0 6.7 13.3 7.5 2.5 2 1 3 3 3
1761.8 409.3 3.8 193 0 7.6 16.8 7.5 2.5 2 0 3 4 4
1598.7 773.4 6.2 236 0 5.0 9.6 5.0 2.5 2 1 2 2 2
1636.5 705.2 5.7 333 0 19.9 4.4 5.0 2.5 2 0 2 1 1
1624.3 698.8 5.7 329 0 18.1 4.9 5.0 2.5 2 0 2 1 1
1611.2 723.5 6.2 329 0 18.1 4.9 5.0 2.5 2 0 2 0 0
1625.0 730.8 6.2 330 0 18.7 5.1 5.0 2.5 2 0 2 1 1
1616.2 750.1 6.5 329 0 10.7 7.0 7.5 2.5 2 0 3 4 4
1591.3 752.0 6.5 239 0 5.0 18.1 7.5 2.5 2 1 3 1 1
1574.7 731.9 6.3 150 0 16.2 11.2 10.0 2.5 2 0 4 4 4
1586.9 710.6 6.2 150 0 16.2 11.2 5.0 2.5 2 0 2 5 5
1600.6 686.3 5.7 149 0 16.2 11.2 5.0 2.5 2 0 2 0 0
1701.8 590.6 4.2 90 0 6.7 6.1 2.5 2.5 2 0 1 4 4
1710.8 597.2 4.2 88 0 6.9 5.7 7.5 2.5 2 0 3 3 3
1695.3 599.4 4.2 90 0 7.2 15.7 2.5 2.5 2 1 1 4 4
1701.6 619.5 4.2 181 0 8.7 13.2 5.0 2.5 2 1 2 5 5
1732.5 590.7 4.2 14 0 6.4 5.9 5.0 2.5 2 0 2 5 5
1763.2 584.1 4.2 290 0 11.1 7.5 2.5 2.5 2 0 1 4 4
1804.3 570.8 4.1 291 0 18.6 9.9 7.5 2.5 2 0 3 2 2
1823.4 573.4 4.1 284 0 3.5 17.0 2.5 2.5 2 1 1 2 2
1870.7 543.1 3.9 22 0 17.1 8.1 7.5 2.5 2 0 3 1 1
1818.4 537.8 3.9 105 0 8.1 15.3 2.5 2.5 2 1 1 2 2
1831.6 513.2 3.8 116 0 14.9 9.8 7.5 0.0 0 0 3 5 5
1815.1 523.2 3.8 122 0 13.3 9.5 5.0 2.5 2 0 2 2 2
1784.3 540.4 3.9 121 0 14.1 9.8 5.0 2.5 2 0 2 4 4
1752.1 557.8 4.1 116 0 12.0 8.6 5.0 2.5 2 0 2 0 0
1725.2 567.8 4.1 114 0 13.8 9.9 2.5 2.5 2 0 1 1 1
1707.3 575.9 4.2 114 0 14.6 10.5 5.0 2.5 2 0 2 1 1
1685.5 585.4 4.2 112 0 13.5 9.5 2.5 0.0 0 0 1 0 0
1673.6 564.3 4.1 197 0 9.3 11.8 2.5 2.5 2 1 1 4 4
1664.9 542.0 3.9 202 0 5.1 12.2 7.5 2.5 2 1 3 1 1
1706.0 531.1 3.9 114 0 6.6 7.5 2.5 2.5 2 1 1 2 2
1718.5 526.4 3.8 111 0 15.2 7.1 7.5 2.5 2 0 3 0 0
1777.8 525.4 3.8 295 0 9.0 14.2 7.5 2.5 4 1 3 5 5
1762.1 533.8 3.8 296 0 13.6 8.2 5.0 0.0 0 0 2 1 1
1741.9 543.3 3.9 295 0 12.8 7.6 7.5 2.5 2 0 3 2 2
1711.7 556.0 4.0 293 0 10.4 8.3 2.5 2.5 2 0 1 1 1
1664.7 410.1 3.2 111 0 17.2 6.2 5.0 2.5 2 0 2 2 2
1687.2 403.8 3.1 109 0 8.7 13.6 2.5 2.5 2 1 1 0 0
1791.9 490.6 3.6 114 0 8.6 11.4 7.5 2.5 2 0 3 5 5
1801.7 512.4 3.7 294 0 8.6 12.4 5.0 2.5 2 0 2 1 1
1799.5 424.3 3.4 15 0 44.9 5.8 7.5 2.5 4 0 3 1 1
1813.3 378.8 6.1 14 0 13.2 26.2 12.5 2.5 2 1 5 4 4
1757.2 386.3 3.4 103 0 32.0 19.6 10.0 0.0 0 0 4 0 0
1726.6 378.0 3.3 12 0 12.3 19.5 10.0 2.5 2 1 4 0 0
1668.2 364.1 3.0 284 0 14.4 9.1 7.5 0.0 0 0 3 5 5
1676.9 340.1 3.9 103 0 24.8 11.1 17.5 0.0 0 0 7 2 2
1893.0 294.1 4.4 284 0 19.7 57.8 7.5 0.0 0 1 3 5 5
1807.3 241.8 7.1 104 0 16.8 70.0 7.5 2.5 2 1 3 4 4
1836.6 355.0 7.5 284 0 9.5 30.3 5.0 2.5 2 1 2 2 2
1824.4 380.8 7.8 190 0 9.8 13.6 7.5 2.5 2 1 3 2 2
1915.2 466.4 5.9 209 0 11.9 7.9 7.5 2.5 2 0 3 0 0
1899.5 465.1 5.2 290 0 15.1 7.6 7.5 2.5 2 0 3 5 5
1977.8 452.6 3.4 292 0 31.1 4.5 7.5 2.5 2 0 3 4 4
2026.9 441.9 3.2 292 0 21.4 12.5 10.0 2.5 2 0 4 2 2
2026.3 378.7 2.8 21 0 5.9 18.9 5.0 2.5 2 1 2 5 5
2003.4 356.5 2.7 111 0 7.9 10.9 7.5 2.5 2 0 3 1 1
2011.3 353.6 2.7 111 0 9.0 10.9 5.0 2.5 4 0 2 3 3
1942.8 426.9 3.1 201 0 12.1 49.0 12.5 2.5 4 1 5 4 4
2184.9 -1542.9 0.0 96 0 6.2 16.3 2.5 2.5 2 1 1 2 2
2172.1 -1572.1 1.9 360 0 12.6 24.3 10.0 2.5 2 1 4 2 2
2416.9 -1460.1 -6.2 119 0 6.6 15.1 5.0 2.5 2 1 2 0 0
2397.0 -1450.6 -6.2 207 0 26.5 6.5 7.5 2.5 2 0 3 5 5
2380.7 -1409.2 -5.6 25 0 13.4 8.4 2.5 2.5 2 0 1 0 0
2389.1 -1413.0 -5.7 25 0 13.4 9.2 5.0 2.5 4 0 2 2 2
2302.1 -1382.3 -5.2 200 0 5.5 10.7 2.5 2.5 4 1 1 1 1
2292.2 -1423.3 -5.6 122 0 10.8 6.8 7.5 2.5 2 0 3 5 5
2327.4 -1439.4 -5.9 112 0 15.7 11.6 5.0 2.5 4 0 2 2 2
2225.4 -1492.9 -2.5 179 0 9.2 4.8 7.5 2.5 2 0 3 1 1
2123.5 -1568.2 3.0 196 0 7.9 5.7 2.5 2.5 2 0 1 2 2
2142.0 -1543.5 1.3 178 0 22.4 5.6 7.5 2.5 2 0 3 0 0
2165.4 -1545.4 1.0 359 0 20.4 6.9 7.5 2.5 2 0 3 4 4
2198.2 -1531.0 -0.4 8 0 15.9 5.2 7.5 2.5 2 0 3 5 5
2092.8 -1350.4 -3.9 299 0 8.9 8.0 5.0 2.5 2 0 2 4 4
2159.4 -1374.0 -4.8 202 0 9.9 6.1 7.5 2.5 2 0 3 0 0
2218.7 -1470.5 -3.6 179 0 9.9 21.3 2.5 2.5 2 1 1 5 5
2106.9 -1490.3 0.8 265 0 7.8 13.3 5.0 2.5 2 1 2 5 5
2067.7 -1446.7 -0.1 16 0 17.8 11.3 2.5 2.5 2 0 1 5 5
2040.8 -1448.8 0.7 105 0 16.2 7.9 2.5 2.5 2 0 1 3 3
2027.8 -1400.6 -0.3 292 0 4.5 19.3 2.5 2.5 2 0 1 5 5
2016.5 -1422.4 0.4 202 0 10.3 13.1 2.5 2.5 4 0 1 2 2
2003.1 -1417.0 0.6 202 0 10.3 14.5 5.0 0.0 0 0 2 5 5
2052.2 -1404.3 -1.0 282 0 14.4 8.9 5.0 2.5 2 0 2 5 5
2069.4 -1392.2 -2.2 89 0 12.8 8.6 7.5 2.5 2 0 3 4 4
2135.8 -1358.3 -4.6 23 0 7.8 7.8 7.5 2.5 4 0 3 4 4
2163.4 -1326.5 -4.5 289 0 5.9 12.6 7.5 2.5 2 0 3 1 1
2174.5 -1330.6 -4.6 291 0 17.5 12.7 7.5 2.5 2 0 3 3 3
2185.6 -1334.8 -4.6 291 0 6.3 12.7 5.0 2.5 2 0 2 1 1
2193.2 -1337.7 -4.6 291 0 10.1 12.7 5.0 2.5 2 0 2 2 2
2194.2 -1378.0 -4.9 18 0 28.9 8.2 5.0 2.5 4 0 2 2 2
2138.2 -1374.1 -4.5 200 0 8.6 6.8 2.5 2.5 2 0 1 1 1
2166.2 -1396.4 -4.7 101 0 9.7 11.0 5.0 2.5 2 1 2 4 4
2406.6 -1470.9 -6.3 116 0 14.0 10.2 7.5 2.5 2 0 3 5 5
2425.8 -1480.6 -6.5 117 0 14.7 10.1 7.5 2.5 2 0 3 3 3
2455.8 -1474.2 -6.4 28 0 9.5 9.2 2.5 2.5 2 0 1 1 1
2588.4 -1634.3 -7.2 26 0 5.0 24.4 5.0 2.5 2 1 2 3 3
2553.2 -1642.2 -6.5 303 0 8.2 19.6 5.0 0.0 0 1 2 1 1
2500.9 -1655.6 -5.8 121 0 8.5 24.5 5.0 2.5 2 1 2 5 5
2519.5 -1668.1 -5.8 121 0 16.4 10.9 5.0 2.5 2 0 2 5 5
-1867.4 3247.0 8.7 206 0 13.0 11.4 10.0 0.0 0 0 4 3 3
-1498.3 7668.1 -5.6 252 0 9.2 13.1 5.0 2.5 2 1 2 2 2
4442.8 -257.7 -13.0 211 0 8.8 5.2 5.0 0.0 0 0 2 1 1
4453.2 -243.6 -13.1 301 0 6.8 13.0 2.5 0.0 0 0 1 3 3
4078.8 -53.4 -7.5 207 0 21.9 6.4 7.5 2.5 2 0 3 0 0
4122.8 -70.6 -8.0 29 0 15.2 8.2 7.5 2.5 2 0 3 3 3
4070.5 -74.9 -7.4 207 0 24.0 10.0 5.0 2.5 2 0 2 1 1
4637.8 -385.4 -18.2 270 0 9.6 15.7 5.0 2.5 2 0 2 3 3
5070.5 -749.6 -10.8 214 0 11.4 10.2 5.0 2.5 2 0 2 1 1
571.6 3060.1 9.4 355 0 19.8 6.8 7.5 2.5 2 0 3 1 1
570.1 3119.3 9.6 346 0 13.6 4.8 5.0 2.5 4 0 2 1 1
538.0 3036.8 9.8 85 0 15.3 14.4 10.0 0.0 0 0 4 4 4
486.5 3038.9 9.9 174 0 14.4 43.4 7.5 2.5 2 0 3 3 3
1602.6 4910.7 3.8 191 0 16.6 10.6 5.0 0.0 0 0 2 5 5
1649.9 4909.2 3.6 275 0 8.9 20.9 7.5 2.5 2 1 3 1 1
2405.4 2967.0 4.0 18 0 9.6 15.6 5.0 2.5 2 1 2 5 5
2384.0 3512.5 8.2 359 0 11.1 14.7 5.0 2.5 2 1 2 2 2
2397.6 3511.5 7.4 86 0 9.3 20.4 5.0 2.5 2 1 2 0 0
1902.3 3742.5 7.3 328 0 19.7 9.1 7.5 2.5 2 0 3 2 2
1865.5 3730.0 6.4 144 0 17.9 9.0 7.5 2.5 2 0 3 1 1
1886.6 4081.3 10.6 32 0 8.5 22.6 2.5 2.5 2 1 1 1 1
1898.3 4121.4 10.3 302 0 13.7 9.8 5.0 2.5 2 0 2 3 3
1420.1 4084.9 6.0 295 0 14.8 9.5 7.5 0.0 0 0 3 5 5
1391.5 4070.1 6.5 204 0 20.6 10.2 7.5 2.5 2 0 3 4 4
1391.2 4047.1 5.5 206 0 9.4 15.3 5.0 2.5 2 1 2 1 1
1431.5 4049.0 5.4 26 0 22.8 9.9 5.0 2.5 2 0 2 0 0
3304.8 2037.2 0.8 328 0 4.4 9.8 5.0 0.0 0 1 2 1 1
3311.0 2043.8 0.0 59 0 12.4 12.3 5.0 2.5 2 0 2 0 0
3551.9 1846.3 -5.2 23 0 7.4 5.4 7.5 2.5 2 0 3 3 3
3529.3 1817.5 -5.7 113 0 9.9 7.5 2.5 2.5 2 0 1 1 1
3815.5 1629.5 -7.3 274 0 16.9 7.3 7.5 0.0 0 0 3 3 3
3801.6 1628.0 -7.3 274 0 10.6 23.2 2.5 2.5 2 0 1 5 5
3822.3 1612.2 -8.1 274 0 10.3 19.6 10.0 2.5 2 1 4 3 3
1839.4 2015.6 -1.5 280 0 5.3 11.7 7.5 0.0 0 0 3 0 0
1838.8 1996.8 -1.0 10 0 13.9 9.9 7.5 2.5 2 0 3 5 5
1822.1 2017.8 -2.1 277 0 18.1 6.9 5.0 2.5 2 0 2 4 4
1800.1 1996.7 -1.9 189 0 25.4 7.4 5.0 2.5 2 0 2 1 1
1806.2 1976.0 -0.9 99 0 18.2 6.9 2.5 2.5 2 0 1 5 5
1823.3 1973.4 -0.3 99 0 16.3 6.9 7.5 2.5 2 0 3 0 0
4405.6 1026.1 -14.7 275 0 8.5 10.5 5.0 2.5 2 1 2 4 4
588.9 2697.2 7.8 104 0 9.3 7.1 5.0 2.5 2 0 2 0 0
619.4 2646.9 6.0 190 0 5.9 11.2 5.0 0.0 0 1 2 3 3
717.0 2791.1 5.6 359 0 13.0 7.4 7.5 0.0 0 0 3 3 3
731.8 2783.1 5.6 7 0 6.7 9.3 5.0 2.5 2 1 2 0 0
722.7 2777.1 5.8 8 0 5.2 16.8 7.5 2.5 2 1 3 0 0
739.4 2759.6 6.0 2 0 5.2 9.4 7.5 2.5 2 1 3 0 0
721.5 2754.5 6.3 2 0 5.4 9.5 2.5 2.5 2 1 1 5 5
721.0 2762.9 6.1 0 0 5.4 16.1 2.5 2.5 2 1 1 0 0
588.7 2760.2 7.7 285 0 6.3 16.4 2.5 2.5 4 1 1 1 1
-3702.6 4508.2 -14.0 289 0 9.8 6.1 5.0 2.5 2 0 2 1 1
-3710.0 4510.7 -13.9 289 0 5.7 8.9 5.0 2.5 2 0 2 0 0
-3628.5 4451.7 -14.8 90 0 4.7 10.8 5.0 0.0 0 1 2 2 2
-3574.0 4319.5 -15.4 199 0 11.9 5.3 5.0 0.0 0 0 2 1 1
-3605.9 4356.0 -14.8 206 0 4.5 7.9 7.5 2.5 2 1 3 5 5
-3574.2 4369.7 -15.7 256 0 7.7 5.0 7.5 2.5 2 0 3 4 4
-3919.2 4580.1 -11.8 178 0 4.5 5.4 7.5 2.5 2 0 3 0 0
-3913.5 4559.2 -11.9 89 0 10.3 8.2 5.0 2.5 4 0 2 0 0
-3919.0 4572.6 -11.8 178 0 10.5 5.4 7.5 2.5 4 0 3 0 0
-3497.5 4460.9 -16.0 190 0 10.3 9.6 7.5 2.5 4 0 3 4 4
-3645.1 4372.2 -14.1 297 0 14.8 8.5 2.5 2.5 2 0 1 5 5
-3664.5 4343.5 -13.3 122 0 26.1 9.1 7.5 2.5 2 0 3 2 2
-3623.1 4401.1 -15.1 277 0 9.0 7.3 7.5 2.5 2 0 3 5 5
-3603.0 4408.5 -15.2 257 0 6.3 7.4 7.5 2.5 2 1 3 0 0
-3590.2 4390.3 -15.4 349 0 9.5 16.5 2.5 0.0 0 1 1 1 1
-3841.1 4077.3 -5.5 185 0 9.0 13.3 5.0 2.5 2 1 2 1 1
-3805.4 4264.9 -10.1 121 0 7.4 14.6 7.5 2.5 2 1 3 3 3
-3840.4 4262.1 -9.1 78 0 10.0 10.7 7.5 0.0 0 1 3 4 4
-1219.3 4055.8 2.5 230 0 6.0 9.4 7.5 2.5 4 1 3 3 3
-1263.5 3983.7 1.9 54 0 9.9 10.5 2.5 2.5 2 1 1 1 1
-1026.3 4023.2 3.4 82 0 5.4 21.4 7.5 2.5 2 0 3 2 2
-1027.5 4012.4 3.4 352 0 21.1 6.7 7.5 2.5 2 0 3 2 2
-1032.3 4022.4 3.4 82 0 6.7 21.4 5.0 2.5 4 0 2 3 3
-747.0 4229.2 5.0 76 0 22.3 6.5 7.5 2.5 4 0 3 1 1
-829.2 4135.9 4.7 347 0 6.5 4.7 2.5 2.5 2 0 1 1 1
-823.5 4164.6 4.8 263 0 6.4 6.6 7.5 2.5 2 1 3 0 0
-832.3 4148.5 4.7 65 0 3.9 3.0 2.5 2.5 2 0 1 4 4
-827.8 4149.9 4.8 95 0 3.3 5.9 7.5 2.5 2 1 3 5 5
-829.4 4165.6 4.8 270 0 4.9 8.1 5.0 2.5 2 1 2 2 2
-816.8 4169.7 4.8 272 0 3.0 10.7 5.0 2.5 2 1 2 5 5
-817.1 4143.4 4.7 82 0 6.3 14.1 2.5 0.0 0 1 1 4 4
-853.8 4194.1 4.8 92 0 7.8 10.1 2.5 2.5 2 1 1 0 0
-1059.1 4319.2 4.7 235 0 16.2 7.2 2.5 2.5 2 0 1 0 0
-1032.9 4329.7 4.7 325 0 13.1 19.4 7.5 2.5 2 0 3 0 0
-764.8 4222.2 4.9 257 0 13.5 8.2 5.0 2.5 2 0 2 0 0
-764.5 4064.6 4.3 174 0 8.1 14.6 5.0 2.5 2 1 2 4 4
-1156.8 7284.5 -0.3 78 0 23.4 5.1 7.5 2.5 4 0 3 2 2
-1171.7 7281.4 -0.3 78 0 7.1 36.4 7.5 2.5 2 0 3 0 0
-1082.5 7309.7 -0.1 171 0 10.6 15.8 5.0 2.5 2 1 2 4 4
269.8 7218.1 -6.2 274 0 7.8 29.3 5.0 0.0 0 0 2 3 3
274.3 7226.6 -6.1 4 0 17.5 37.5 10.0 2.5 2 0 4 1 1
175.0 6196.1 1.5 270 0 9.4 10.7 5.0 2.5 2 1 2 0 0
2540.4 5744.4 7.3 181 0 8.9 8.5 7.5 2.5 2 0 3 1 1
458.4 6384.9 -6.0 10 0 11.2 22.7 7.5 2.5 2 1 3 0 0
367.3 6408.2 -7.1 188 0 43.1 24.2 7.5 0.0 0 0 3 1 1
1825.5 7581.5 -7.9 216 0 9.2 14.6 2.5 2.5 2 1 1 3 3
1818.2 7588.1 -8.1 36 0 12.0 11.4 5.0 2.5 2 0 2 3 3
1858.0 7588.6 -8.4 40 0 37.1 8.8 5.0 2.5 4 0 2 1 1
1837.1 7640.3 -8.4 217 0 11.4 30.2 10.0 2.5 2 1 4 2 2
2410.9 7547.2 -9.9 326 0 7.3 20.6 7.5 2.5 2 1 3 5 5
2378.8 7555.0 -9.9 241 0 9.5 12.7 7.5 2.5 4 1 3 2 2
2606.9 7175.5 -12.4 326 0 14.1 8.8 5.0 2.5 2 0 2 1 1
2452.1 6586.7 -11.0 53 0 8.1 25.2 5.0 2.5 2 1 2 5 5
2406.0 6573.0 -11.1 153 0 31.5 7.4 7.5 2.5 4 0 3 3 3
2405.0 6600.6 -10.9 138 0 8.8 14.1 2.5 2.5 2 1 1 5 5
2832.5 5684.8 1.8 358 0 7.5 10.4 2.5 2.5 2 1 1 5 5
2806.5 5706.5 2.6 273 0 12.5 8.8 2.5 2.5 2 0 1 0 0
2791.1 5681.5 3.2 173 0 22.9 7.6 7.5 2.5 2 0 3 3 3
2813.1 5658.2 3.2 85 0 16.5 8.9 5.0 2.5 2 0 2 1 1
938.2 7738.3 -5.1 142 0 17.3 5.7 5.0 2.5 2 0 2 0 0
1120.5 7764.1 -5.0 314 0 79.9 13.3 10.0 2.5 2 0 4 1 1
1158.3 7707.7 -5.8 316 0 15.2 59.1 10.0 2.5 2 1 4 0 0
947.6 7530.8 -6.4 134 0 81.2 7.8 7.5 2.5 2 0 3 2 2
5341.8 406.8 -6.4 212 0 7.7 12.6 5.0 2.5 2 1 2 2 2
5788.5 -132.4 -11.4 142 0 27.2 9.9 5.0 2.5 4 0 2 0 0
5773.8 -114.4 -11.1 141 0 7.5 25.8 7.5 2.5 2 1 3 4 4
5728.0 -1024.2 -11.5 210 0 7.0 9.5 2.5 0.0 0 1 1 2 2
5621.2 -966.8 -11.1 208 0 6.8 6.1 7.5 2.5 2 0 3 0 0
5645.1 -979.8 -11.3 30 0 9.5 10.6 2.5 2.5 2 1 1 2 2
5167.9 -692.3 -10.3 208 0 13.8 8.4 5.0 2.5 2 0 2 0 0
5390.7 -805.2 -9.2 209 0 21.9 8.5 5.0 2.5 2 0 2 0 0
5409.8 -787.9 -9.2 211 0 8.4 16.5 2.5 2.5 2 1 1 4 4
5426.2 -146.7 -8.7 216 0 15.2 9.5 5.0 2.5 2 0 2 1 1
6670.0 -421.2 -15.3 13 0 10.7 14.8 10.0 2.5 4 1 4 1 1
-6942.7 5696.9 17.4 204 0 8.2 5.3 7.5 2.5 2 0 3 3 3
-6941.4 5652.9 16.9 203 0 4.7 4.2 7.5 2.5 2 0 3 4 4
-6926.8 5637.0 16.6 23 0 4.6 19.7 2.5 0.0 0 0 1 2 2
-6950.4 5657.2 16.9 203 0 23.2 9.9 2.5 2.5 2 0 1 4 4
-6951.0 5680.5 16.8 202 0 9.4 30.2 7.5 2.5 2 1 3 1 1
-6954.0 4837.3 7.8 201 0 9.3 13.5 2.5 2.5 2 1 1 5 5
-6433.6 4110.8 4.8 272 0 10.9 5.6 5.0 0.0 0 0 2 3 3
-6330.6 3877.2 4.2 5 0 3.2 5.3 7.5 2.5 2 1 3 1 1
-6337.3 3878.7 4.0 7 0 3.9 9.0 5.0 2.5 2 1 2 5 5
-6650.6 3253.8 6.2 221 0 7.0 5.0 5.0 0.0 0 0 2 5 5
-6664.4 3276.6 5.9 320 0 5.4 13.3 7.5 2.5 2 1 3 2 2
-6564.7 3836.3 4.2 179 0 5.0 17.2 2.5 2.5 2 1 1 4 4
-4878.0 7881.1 -1.3 221 0 6.8 6.0 5.0 2.5 2 0 2 2 2
-4888.1 7872.4 -1.1 131 0 4.1 9.8 5.0 0.0 0 0 2 2 2
-5403.4 7668.0 5.7 323 0 10.4 20.6 5.0 2.5 2 0 2 0 0
-5131.9 7025.7 -1.9 225 0 5.2 4.6 7.5 2.5 4 0 3 2 2
-5110.0 6997.6 -2.2 56 0 3.8 5.9 2.5 2.5 2 0 1 3 3
-6039.3 7200.7 3.5 225 0 12.0 9.3 7.5 2.5 2 0 3 5 5
-6034.5 7172.7 3.3 135 0 20.4 7.1 5.0 2.5 2 0 2 2 2
-4498.1 5709.9 3.2 189 0 4.3 9.7 7.5 2.5 4 1 3 2 2
-4512.8 5662.1 4.4 103 0 12.1 9.1 5.0 0.0 0 0 2 5 5
-4552.8 5678.3 3.7 187 0 21.4 9.6 5.0 0.0 0 0 2 0 0
-5101.1 5820.9 -3.2 121 0 7.9 14.5 5.0 2.5 2 1 2 0 0
-5075.5 5791.5 -2.7 125 0 4.6 6.4 5.0 2.5 2 0 2 1 1
-5088.4 5800.1 -3.1 119 0 18.8 5.3 5.0 2.5 2 0 2 5 5
-5115.1 5813.2 -3.7 116 0 26.4 5.9 5.0 2.5 2 0 2 1 1
-5057.5 5794.7 -2.5 35 0 21.5 10.5 7.5 2.5 2 0 3 2 2
-5060.9 5817.4 -2.7 35 0 8.1 17.8 2.5 2.5 2 1 1 1 1
-4388.8 5873.8 -1.7 175 0 29.1 5.6 5.0 2.5 2 0 2 3 3
-4082.6 6749.8 -2.1 200 0 9.9 6.9 7.5 2.5 2 0 3 3 3
-4043.4 6743.3 -2.0 20 0 7.1 7.8 5.0 2.5 2 1 2 5 5
-4065.0 6762.4 -2.7 200 0 8.9 15.2 5.0 2.5 2 1 2 3 3
-4671.5 7750.4 -3.1 133 0 5.9 10.5 5.0 2.5 2 0 2 0 0
-4688.5 7784.0 -3.0 220 0 23.8 6.9 5.0 2.5 2 0 2 0 0
-4245.1 7042.7 -3.4 13 0 6.4 28.0 7.5 2.5 4 1 3 4 4
-4279.0 7050.3 -3.5 283 0 5.1 10.0 5.0 2.5 2 0 2 3 3
-4283.4 7051.4 -3.7 283 0 19.9 10.3 7.5 2.5 2 0 3 5 5
-4316.3 7060.8 -4.1 282 0 24.1 12.2 7.5 2.5 2 0 3 2 2
-4281.0 7026.6 -3.6 12 0 8.7 6.2 5.0 2.5 2 0 2 1 1
-4015.6 7429.3 -1.4 284 0 13.7 7.6 5.0 2.5 2 0 2 0 0
-3430.7 8303.1 1.1 2 0 9.6 12.2 5.0 2.5 2 1 2 2 2
-6115.5 4764.7 8.7 308 0 13.9 5.9 7.5 2.5 4 0 3 1 1
-6469.5 5151.6 5.7 115 0 3.1 4.9 5.0 2.5 2 0 2 1 1
-6474.8 5176.8 5.8 211 0 6.9 5.3 5.0 2.5 2 0 2 3 3
4842.6 6846.3 -9.2 90 0 4.4 5.4 2.5 2.5 2 1 1 2 2
4828.0 6876.7 -9.8 267 0 5.2 3.7 5.0 2.5 2 0 2 2 2
4796.9 7781.6 -8.5 259 0 6.4 12.7 7.5 2.5 2 0 3 3 3
4828.6 7781.7 -8.3 344 0 16.9 10.2 5.0 2.5 2 0 2 3 3
4577.2 7789.4 -7.9 77 0 4.8 13.9 2.5 0.0 0 1 1 3 3
4838.1 7340.8 -11.9 349 0 5.3 4.8 5.0 2.5 2 0 2 5 5
4780.6 7932.6 -7.1 328 0 9.1 3.7 7.5 2.5 2 0 3 3 3
4782.3 7893.1 -6.2 59 0 24.0 6.4 5.0 2.5 2 0 2 4 4
6885.3 -4046.8 -6.4 44 0 7.9 5.8 5.0 2.5 2 0 2 5 5
4666.8 8180.9 -13.4 45 0 5.1 20.9 7.5 2.5 4 1 3 2 2
4585.9 8212.0 -13.3 133 0 8.7 19.7 5.0 2.5 2 0 2 1 1
5809.0 7702.1 -16.3 163 0 9.3 5.1 7.5 2.5 4 0 3 5 5
5114.5 5594.4 -11.0 285 0 11.1 3.4 2.5 2.5 2 0 1 1 1
5134.4 5747.4 -9.4 25 0 9.1 4.2 5.0 2.5 2 0 2 3 3
5165.6 5785.6 -9.9 27 0 4.3 5.7 2.5 2.5 2 1 1 3 3
5157.0 5774.7 -9.8 118 0 5.1 8.7 5.0 2.5 2 0 2 4 4
6649.8 7691.3 -14.4 313 0 5.4 18.9 7.5 2.5 2 0 3 3 3
6633.3 7724.4 -15.1 296 0 4.3 8.5 5.0 2.5 2 1 2 4 4
6466.2 7966.9 -18.2 12 0 6.0 15.8 7.5 2.5 2 1 3 4 4
6665.4 7390.0 -12.3 46 0 6.0 15.0 7.5 2.5 2 0 3 3 3
6407.5 -124.7 -18.2 248 0 11.4 5.0 5.0 2.5 2 0 2 4 4
6099.7 363.7 -14.6 337 0 12.6 5.8 7.5 2.5 2 0 3 4 4
6913.2 -340.2 -14.7 161 0 5.0 10.3 5.0 0.0 0 1 2 1 1
6933.8 1319.5 -22.2 47 0 7.8 14.9 5.0 2.5 4 1 2 3 3
6732.4 2220.6 -17.9 349 0 9.8 5.2 5.0 2.5 2 0 2 0 0
6706.5 2257.9 -17.4 103 0 9.6 6.2 2.5 2.5 2 0 1 4 4
6415.9 2368.7 -11.6 107 0 9.2 9.2 5.0 2.5 2 1 2 5 5
6429.6 2387.1 -11.8 21 0 8.6 5.9 7.5 2.5 2 0 3 3 3
6311.6 3067.4 -14.4 209 0 9.2 11.1 7.5 2.5 2 1 3 4 4
6324.6 3082.3 -15.4 28 0 13.3 4.1 2.5 2.5 2 0 1 4 4
6329.7 3112.6 -16.2 293 0 9.5 7.5 5.0 0.0 0 0 2 5 5
6689.4 3127.2 -19.8 0 0 6.8 4.6 2.5 2.5 4 0 1 5 5
-1827.4 1707.3 4.6 123 0 7.8 14.2 5.0 0.0 0 1 2 1 1
-1282.7 -1024.8 19.9 169 0 6.4 12.1 7.5 2.5 2 1 3 5 5
-1327.6 -1006.7 18.0 171 0 13.7 6.0 7.5 2.5 2 0 3 0 0
73.5 1732.6 5.9 13 0 7.2 5.2 5.0 2.5 2 0 2 1 1
53.8 1728.6 4.7 195 0 8.8 11.2 2.5 0.0 0 1 1 2 2
-70.7 1597.4 2.1 204 0 17.3 5.6 7.5 2.5 4 0 3 0 0
-47.3 1603.4 1.3 292 0 12.6 8.1 7.5 2.5 2 0 3 1 1
-229.2 1577.3 7.1 275 0 8.9 15.6 7.5 2.5 2 1 3 0 0
-1523.7 1115.3 10.4 226 0 8.4 5.2 5.0 2.5 2 0 2 2 2
-1508.0 1054.1 11.9 140 0 12.0 5.2 5.0 2.5 2 0 2 4 4
-1519.1 1072.7 11.8 149 0 14.7 16.9 7.5 2.5 2 1 3 3 3
6595.9 5620.1 -20.3 75 0 7.5 6.8 5.0 2.5 2 0 2 1 1
5638.5 5443.5 -15.0 1 0 13.7 76.0 10.0 0.0 0 1 4 0 0
5659.0 5508.7 -14.7 180 0 12.0 4.6 5.0 2.5 2 0 2 0 0
5671.8 5549.1 -14.5 180 0 6.8 4.7 2.5 2.5 2 0 1 2 2
5841.3 5618.1 -16.8 265 0 30.3 6.7 7.5 2.5 2 0 3 2 2
5383.0 3663.3 -7.1 191 0 13.2 6.1 7.5 2.5 2 0 3 1 1
5382.9 3672.7 -7.0 191 0 5.3 8.0 7.5 2.5 2 0 3 2 2
6956.0 3783.1 -22.3 18 0 4.8 6.0 5.0 2.5 2 1 2 3 3
6766.6 4510.6 -20.4 115 0 3.6 5.3 7.5 2.5 2 1 3 1 1
6183.0 3882.1 -19.0 253 0 13.0 4.5 7.5 2.5 2 0 3 4 4
