6528.0 -7732.7 -15.9 357 0 12.2 10.1 2.5 2.5 2 0 1 0 0
6560.8 -7831.8 -11.0 173 0 11.0 18.9 7.5 2.5 2 1 3 0 0
6568.8 -7805.5 -13.0 171 0 17.0 7.0 2.5 2.5 2 0 1 1 1
2624.3 -4346.9 -12.8 87 0 11.6 23.0 10.0 2.5 2 1 4 1 1
2582.1 -4325.6 -13.7 266 0 11.2 15.6 5.0 2.5 2 1 2 3 3
2598.8 -4360.5 -14.0 91 0 21.5 10.7 5.0 2.5 2 0 2 3 3
4607.1 -3778.5 -24.1 188 0 16.4 10.2 5.0 2.5 2 0 2 3 3
4555.6 -3816.2 -25.8 104 0 11.9 8.0 5.0 2.5 2 0 2 1 1
4561.4 -3791.9 -25.2 281 0 13.2 10.8 5.0 2.5 2 0 2 3 3
3218.9 -7116.0 -5.7 244 0 21.0 22.9 12.5 2.5 2 1 5 0 0
3209.0 -7150.7 -5.6 169 0 11.8 7.3 7.5 2.5 2 0 3 1 1
3277.4 -7136.5 -6.9 65 0 31.9 11.6 10.0 2.5 2 0 4 3 3
3321.7 -7125.6 -7.1 65 0 16.6 23.9 10.0 2.5 2 1 4 0 0
3348.2 -7070.9 -7.2 337 0 10.5 20.5 5.0 2.5 2 1 2 3 3
3304.4 -7085.2 -7.0 242 0 11.4 5.6 5.0 2.5 2 0 2 2 2
3295.5 -7045.1 -7.2 247 0 27.0 10.2 7.5 2.5 2 0 3 3 3
3261.4 -7070.4 -6.9 248 0 12.0 12.0 7.5 2.5 2 1 3 2 2
3301.5 -7018.7 -8.4 61 0 27.7 12.5 10.0 2.5 2 0 4 3 3
3340.7 -6998.6 -8.2 59 0 9.9 8.6 5.0 2.5 2 0 2 5 5
3330.8 -7027.1 -7.2 248 0 26.7 11.4 10.0 2.5 2 0 4 5 5
3364.0 -7008.3 -7.3 246 0 29.5 11.0 5.0 2.5 2 0 2 4 4
-5278.3 -3693.9 10.5 263 0 8.2 15.0 5.0 2.5 2 1 2 5 5
-5334.5 1896.3 7.8 270 0 10.7 27.1 12.5 2.5 2 1 5 5 5
3930.5 -3900.9 -21.1 9 0 26.3 17.1 7.5 2.5 2 0 3 3 3
-6561.4 -5107.0 16.1 115 0 27.2 11.0 7.5 2.5 2 0 3 1 1
-6515.4 -5130.5 16.6 119 0 17.9 10.0 2.5 2.5 2 0 1 1 1
-6654.6 -5078.0 17.1 296 0 12.0 10.8 2.5 2.5 2 0 1 2 2
-6611.8 -5099.0 16.9 297 0 12.0 8.9 5.0 0.0 0 0 2 1 1
-6568.7 -5121.2 17.1 295 0 16.0 10.0 5.0 2.5 2 0 2 0 0
-6674.4 -5068.3 17.2 296 0 11.2 10.8 7.5 2.5 2 0 3 4 4
-6217.4 -5351.4 7.5 231 0 11.4 51.1 10.0 2.5 2 1 4 5 5
-6416.2 -5277.0 12.5 8 0 8.8 19.9 2.5 2.5 2 1 1 4 4
-6592.2 -5109.5 16.9 297 0 10.8 8.7 5.0 2.5 2 0 2 0 0
-6226.5 -5400.5 6.6 231 0 10.3 16.3 7.5 2.5 2 1 3 5 5
-6698.2 -5056.2 17.1 296 0 12.0 11.0 2.5 2.5 2 0 1 2 2
-6387.1 -5232.7 14.7 9 0 10.8 21.6 5.0 2.5 2 1 2 0 0
-6539.8 -5135.2 17.2 296 0 15.5 9.7 7.5 2.5 2 0 3 0 0
-6383.7 -5210.5 14.9 8 0 10.8 40.1 10.0 0.0 0 1 4 4 4
-6252.5 -5432.4 5.6 140 0 15.8 9.9 7.5 2.5 2 0 3 3 3
-6619.0 -5113.2 17.6 298 0 11.4 11.8 5.0 2.5 2 1 2 4 4
-6515.0 -5148.1 16.9 298 0 25.9 10.6 10.0 2.5 2 0 4 4 4
-6439.8 -5185.2 15.2 279 0 15.8 37.1 10.0 2.5 4 1 4 1 1
-6224.4 -5343.5 9.3 50 0 12.1 50.5 10.0 2.5 2 1 4 0 0
-6632.1 -5088.8 17.0 298 0 11.2 9.3 7.5 2.5 2 0 3 4 4
