2925.4 2172.5 -10.3 2 0 12.5 19.1 2.5 2.5 2 1 1 4 4
2471.6 1619.9 -7.6 214 0 9.0 12.2 7.5 2.5 2 1 3 5 5
3980.4 -210.8 -10.4 243 0 11.1 25.1 5.0 2.5 2 1 2 2 2
4041.9 -243.8 -11.0 338 0 11.0 11.9 5.0 2.5 2 1 2 5 5
3995.1 -197.1 -10.3 244 0 13.1 7.3 5.0 2.5 2 0 2 3 3
4015.4 -217.5 -10.6 335 0 8.4 20.6 2.5 2.5 2 1 1 3 3
4056.2 -275.0 -10.8 337 0 13.3 11.0 2.5 2.5 2 0 1 3 3
4024.5 -300.2 -10.4 67 0 8.3 20.7 2.5 0.0 0 1 1 0 0
4049.4 -300.4 -10.4 340 0 8.0 11.5 7.5 2.5 2 1 3 5 5
4041.6 -264.9 -10.8 338 0 9.6 15.5 5.0 2.5 4 1 2 0 0
4022.5 -273.8 -10.5 339 0 5.9 5.2 7.5 2.5 2 0 3 3 3
3005.5 1947.8 -12.6 181 0 12.9 12.9 5.0 2.5 2 0 2 4 4
3352.1 1385.0 -9.4 162 0 11.1 10.3 2.5 2.5 2 0 1 5 5
3381.5 1390.5 -9.7 273 0 5.8 12.7 7.5 2.5 4 1 3 2 2
3348.6 1343.1 -9.6 339 0 12.5 8.9 2.5 2.5 2 0 1 5 5
3337.7 1371.9 -8.9 339 0 10.7 14.7 5.0 2.5 4 1 2 2 2
3306.3 1333.8 -9.2 159 0 13.8 15.4 7.5 2.5 2 1 3 3 3
3358.1 1320.8 -10.1 339 0 12.3 8.4 5.0 2.5 2 0 2 3 3
3343.7 1308.1 -10.1 336 0 5.3 9.0 7.5 0.0 0 1 3 2 2
3370.5 1301.0 -10.5 337 0 13.1 13.3 5.0 2.5 2 1 2 4 4
3325.6 1285.6 -10.4 162 0 17.1 8.6 2.5 2.5 2 0 1 0 0
3337.6 1277.2 -10.6 160 0 16.5 8.6 5.0 2.5 2 0 2 5 5
3389.8 1300.6 -10.7 156 0 14.4 10.8 7.5 2.5 2 0 3 0 0
3405.9 1263.9 -11.3 158 0 16.4 14.4 5.0 2.5 2 0 2 5 5
3405.4 1308.0 -10.7 172 0 3.2 15.2 5.0 0.0 0 1 2 3 3
3407.0 1227.9 -11.7 341 0 13.2 20.1 5.0 2.5 2 1 2 5 5
3382.5 1214.6 -11.5 71 0 8.0 16.4 7.5 2.5 2 1 3 5 5
4211.2 -148.5 -12.4 136 0 13.1 22.6 5.0 2.5 2 1 2 5 5
4474.8 -675.7 -11.8 183 0 17.9 13.1 5.0 2.5 2 0 2 2 2
4522.5 -668.5 -11.6 272 0 9.4 14.5 7.5 2.5 4 1 3 0 0
4262.7 -387.7 -13.9 132 0 13.9 8.3 2.5 2.5 2 0 1 4 4
4270.4 -340.7 -14.8 217 0 7.6 16.2 7.5 2.5 2 1 3 3 3
4279.4 -391.7 -14.2 124 0 6.8 10.4 5.0 2.5 2 1 2 1 1
4295.6 -364.9 -14.7 309 0 6.4 15.0 7.5 2.5 2 1 3 3 3
2414.8 1085.7 -7.0 207 0 11.2 11.2 2.5 2.5 2 1 1 1 1
2395.3 1050.8 -7.1 168 0 11.7 15.5 5.0 2.5 2 1 2 3 3
2427.0 1102.7 -7.0 215 0 11.0 11.7 5.0 2.5 4 1 2 2 2
2517.2 1743.2 -7.2 257 0 47.5 9.6 7.5 2.5 2 0 3 2 2
3135.4 1654.1 -9.6 324 0 11.8 10.2 5.0 2.5 4 0 2 2 2
3231.7 1624.9 -11.9 301 0 13.3 22.7 10.0 2.5 2 1 4 2 2
3144.8 1642.9 -9.6 325 0 13.7 10.2 5.0 2.5 2 0 2 4 4
3145.8 1611.0 -9.3 143 0 21.4 11.4 7.5 2.5 2 0 3 4 4
2986.7 1884.3 -11.8 155 0 5.0 6.1 7.5 0.0 0 1 3 1 1
2858.6 1824.4 -9.0 335 0 15.9 26.0 12.5 2.5 2 1 5 4 4
2900.8 1689.3 -2.3 29 0 15.4 9.0 7.5 2.5 2 0 3 3 3
2910.5 1756.3 -6.2 157 0 11.5 7.7 2.5 2.5 2 0 1 2 2
2800.5 1407.5 -7.6 296 0 13.9 32.0 10.0 2.5 2 1 4 5 5
5190.4 -1805.1 -19.0 239 0 35.9 14.0 12.5 2.5 4 0 5 0 0
5142.0 -1887.9 -19.9 148 0 34.8 23.8 10.0 0.0 0 0 4 0 0
4142.7 -508.4 -9.5 337 0 16.1 10.5 5.0 2.5 2 0 2 0 0
3975.0 -93.1 -9.7 339 0 16.8 10.4 5.0 2.5 4 0 2 5 5
3964.3 -63.3 -9.7 336 0 14.3 13.0 5.0 2.5 2 0 2 3 3
3953.5 -38.5 -10.5 335 0 13.2 16.7 5.0 2.5 2 1 2 0 0
3945.3 -12.7 -11.5 336 0 15.9 15.1 5.0 2.5 2 0 2 0 0
3893.8 107.4 -13.3 338 0 11.1 12.3 5.0 0.0 0 1 2 1 1
3866.9 167.7 -13.4 337 0 10.6 9.2 5.0 2.5 2 0 2 3 3
3857.7 189.5 -13.4 339 0 10.4 9.9 2.5 2.5 4 0 1 3 3
3851.8 203.0 -13.4 337 0 10.1 12.9 5.0 2.5 2 1 2 0 0
3842.2 232.1 -13.0 338 0 13.3 13.1 5.0 2.5 2 0 2 3 3
3806.4 312.3 -11.6 337 0 13.0 7.8 5.0 2.5 2 0 2 1 1
3791.5 352.2 -11.0 339 0 12.0 10.3 5.0 2.5 2 0 2 5 5
3784.6 366.8 -10.7 337 0 11.4 10.8 5.0 2.5 2 0 2 1 1
3768.5 402.2 -10.8 336 0 10.7 9.2 5.0 2.5 4 0 2 5 5
3755.2 433.2 -10.7 336 0 8.5 13.5 5.0 2.5 2 1 2 2 2
3747.9 451.8 -10.3 340 0 12.7 11.8 5.0 2.5 2 0 2 1 1
2844.2 1771.2 -6.5 63 0 25.0 16.5 12.5 2.5 2 0 5 2 2
2708.6 1677.9 -1.0 245 0 8.4 17.0 7.5 2.5 2 0 3 0 0
2687.4 1704.4 -4.9 55 0 18.3 29.6 12.5 2.5 2 1 5 5 5
2693.5 1656.9 -0.6 247 0 12.7 11.0 5.0 2.5 4 0 2 2 2
2665.5 1647.2 -1.4 233 0 9.9 12.3 5.0 2.5 2 0 2 2 2
2464.6 1166.1 -7.0 205 0 12.7 13.9 5.0 2.5 2 1 2 0 0
2566.2 950.9 -5.1 207 0 16.3 13.4 7.5 0.0 0 0 3 2 2
2597.4 941.6 -3.5 23 0 8.4 10.3 7.5 0.0 0 1 3 5 5
2607.1 958.7 -3.2 27 0 11.3 7.2 5.0 2.5 2 0 2 5 5
2577.8 987.7 -5.9 204 0 10.9 15.7 5.0 2.5 2 1 2 1 1
2637.5 1068.0 -6.0 22 0 14.5 12.4 2.5 2.5 2 0 1 0 0
2680.2 1197.8 -6.5 205 0 9.1 13.9 2.5 2.5 2 1 1 3 3
2697.3 1176.1 -6.0 25 0 6.8 4.9 7.5 2.5 2 0 3 5 5
2668.4 1255.9 -7.0 295 0 14.0 23.3 12.5 2.5 2 1 5 2 2
2632.4 1282.0 -6.9 296 0 16.0 12.7 5.0 2.5 4 0 2 5 5
2613.3 1290.7 -6.6 291 0 11.5 11.1 5.0 2.5 2 0 2 5 5
2595.2 1299.1 -6.3 295 0 11.1 10.4 5.0 2.5 2 0 2 1 1
2575.6 1304.9 -6.1 294 0 11.2 11.8 5.0 2.5 2 1 2 3 3
2447.6 1186.5 -6.9 27 0 13.9 12.7 5.0 2.5 2 0 2 5 5
2398.8 1210.3 -7.1 204 0 15.7 13.0 5.0 2.5 2 0 2 0 0
2411.2 1232.9 -7.0 205 0 14.4 9.4 5.0 2.5 2 0 2 5 5
2420.4 1251.7 -6.6 205 0 15.8 10.5 2.5 2.5 2 0 1 0 0
2430.0 1271.6 -6.2 206 0 13.3 10.4 7.5 2.5 2 0 3 0 0
2448.7 1311.9 -5.7 203 0 14.8 13.0 7.5 2.5 2 0 3 1 1
2351.0 1347.4 -6.2 26 0 12.0 15.7 2.5 2.5 2 1 1 3 3
2801.1 1429.0 -7.5 115 0 7.6 9.9 5.0 2.5 2 1 2 0 0
2813.4 1456.2 -8.8 205 0 11.9 10.0 5.0 2.5 2 0 2 1 1
2826.9 1482.6 -8.6 205 0 11.4 10.0 5.0 2.5 2 0 2 4 4
2865.7 1486.6 -9.3 295 0 8.1 20.7 7.5 2.5 4 1 3 1 1
2844.1 1514.9 -7.0 208 0 11.5 13.0 7.5 2.5 2 1 3 4 4
2861.3 1547.2 -5.3 208 0 11.9 11.8 5.0 2.5 2 0 2 5 5
2875.0 1572.2 -3.9 205 0 13.0 12.7 5.0 2.5 2 0 2 3 3
2891.1 1601.7 -1.9 207 0 14.1 10.3 5.0 2.5 2 0 2 0 0
2901.3 1619.2 -1.0 206 0 11.6 9.9 5.0 2.5 2 0 2 0 0
2908.6 1634.1 -1.4 210 0 12.2 14.4 5.0 2.5 2 1 2 5 5
6897.3 -6293.7 -30.0 249 0 9.4 13.3 2.5 2.5 2 1 1 2 2
6949.3 -6507.4 -28.9 12 0 6.4 9.9 5.0 0.0 0 1 2 0 0
6816.2 -6572.6 -27.4 255 0 8.3 13.1 5.0 2.5 2 1 2 3 3
6921.7 -6562.8 -27.4 76 0 12.9 10.6 5.0 2.5 2 0 2 5 5
6806.1 -6406.1 -28.3 256 0 12.9 11.1 5.0 2.5 2 0 2 1 1
6890.6 -6359.4 -29.4 76 0 6.3 11.6 5.0 0.0 0 1 2 3 3
6748.8 -6760.9 -23.5 168 0 10.7 9.3 5.0 2.5 2 0 2 0 0
6671.7 -6401.1 -26.8 163 0 8.6 15.0 7.5 2.5 2 1 3 1 1
6901.4 -6571.2 -27.3 72 0 8.3 12.3 2.5 2.5 2 1 1 3 3
6874.5 -6732.5 -25.6 347 0 10.6 13.2 2.5 2.5 2 1 1 0 0
6863.8 -6561.7 -27.7 252 0 6.6 10.9 2.5 2.5 2 1 1 5 5
6955.8 -6538.1 -28.7 253 0 8.4 14.1 5.0 2.5 2 1 2 0 0
6781.7 -6336.8 -28.6 343 0 8.4 9.7 2.5 2.5 2 1 1 0 0
6708.7 -6414.3 -27.2 73 0 8.9 13.8 5.0 0.0 0 1 2 2 2
6801.0 -6280.2 -31.1 70 0 13.8 37.9 10.0 0.0 0 1 4 2 2
6798.0 -6580.3 -27.1 257 0 12.8 10.5 5.0 2.5 2 0 2 2 2
6722.4 -6492.9 -26.6 74 0 5.5 14.1 5.0 0.0 0 1 2 1 1
6777.4 -6586.7 -26.7 247 0 11.6 13.3 5.0 2.5 2 1 2 3 3
6938.6 -6846.1 -23.8 256 0 8.3 13.4 2.5 2.5 2 1 1 1 1
6913.3 -6483.7 -28.2 75 0 7.8 11.6 5.0 2.5 2 1 2 5 5
6815.5 -6638.3 -27.0 88 0 13.3 7.9 7.5 2.5 2 0 3 5 5
6767.4 -6644.0 -26.4 77 0 6.1 16.4 7.5 0.0 0 1 3 1 1
6770.3 -6391.5 -28.0 68 0 11.9 11.6 5.0 2.5 2 0 2 0 0
6793.6 -6385.1 -28.3 73 0 14.2 11.3 2.5 2.5 4 0 1 4 4
6881.1 -6488.0 -28.0 73 0 12.6 7.5 2.5 2.5 2 0 1 4 4
6732.0 -6515.1 -26.3 255 0 6.9 13.7 5.0 0.0 0 1 2 0 0
6781.4 -6295.2 -30.0 72 0 9.1 10.6 2.5 2.5 2 1 1 4 4
6956.4 -6904.0 -23.1 32 0 7.3 13.2 7.5 0.0 0 1 3 5 5
6917.0 -6590.6 -27.0 243 0 12.7 18.1 7.5 0.0 0 1 3 1 1
6749.7 -6394.2 -27.7 73 0 10.7 11.5 5.0 2.5 2 1 2 3 3
6876.6 -6583.6 -27.6 342 0 8.3 12.7 5.0 2.5 2 1 2 2 2
6856.1 -6354.3 -29.0 74 0 6.7 6.9 7.5 2.5 2 0 3 5 5
6935.8 -6477.6 -28.9 74 0 11.7 10.0 7.5 2.5 2 0 3 1 1
6798.6 -6935.4 -21.1 77 0 9.0 13.2 2.5 2.5 2 1 1 5 5
6896.2 -6316.9 -29.7 256 0 4.5 11.8 5.0 2.5 2 1 2 5 5
6906.7 -6775.5 -25.0 168 0 13.9 13.0 2.5 2.5 2 0 1 1 1
6955.4 -6312.8 -32.3 72 0 4.0 13.0 5.0 2.5 2 1 2 3 3
6767.7 -6263.8 -30.6 251 0 11.6 7.8 5.0 2.5 2 0 2 4 4
6944.3 -6320.0 -31.5 346 0 6.0 6.0 7.5 0.0 0 0 3 5 5
6826.7 -6324.5 -29.1 254 0 11.6 6.6 5.0 2.5 2 0 2 3 3
6667.5 -6237.9 -30.8 343 0 14.4 16.8 7.5 2.5 2 1 3 1 1
6753.0 -6646.2 -26.1 77 0 6.0 11.8 5.0 2.5 2 0 2 0 0
6824.6 -6705.9 -25.6 287 0 9.5 9.4 5.0 2.5 2 0 2 0 0
6731.6 -6834.7 -21.1 347 0 12.5 12.6 5.0 2.5 2 1 2 1 1
6949.9 -6523.4 -28.6 343 0 6.4 8.0 5.0 2.5 2 0 2 0 0
6860.6 -6346.0 -29.1 78 0 6.9 5.7 2.5 2.5 2 0 1 4 4
6895.1 -6540.4 -27.4 163 0 5.9 9.3 7.5 2.5 2 0 3 5 5
6881.2 -6382.8 -28.9 251 0 16.6 8.4 5.0 2.5 2 0 2 3 3
6777.5 -6763.7 -23.8 346 0 6.5 6.5 5.0 2.5 4 0 2 2 2
6678.0 -6305.3 -29.1 257 0 12.0 12.0 5.0 2.5 2 0 2 3 3
6679.1 -6465.9 -26.2 166 0 11.3 11.1 5.0 2.5 2 0 2 2 2
6913.7 -6331.0 -30.0 76 0 10.6 6.2 2.5 0.0 0 0 1 1 1
6788.3 -6356.8 -28.4 343 0 6.3 15.0 7.5 2.5 2 0 3 1 1
6897.0 -7002.1 -21.7 77 0 6.9 6.7 5.0 2.5 2 0 2 2 2
6711.7 -6392.9 -27.4 73 0 4.4 9.0 2.5 2.5 2 1 1 5 5
6744.7 -6535.0 -26.4 255 0 7.6 6.0 5.0 2.5 2 0 2 0 0
6906.2 -6972.7 -22.0 346 0 9.4 16.3 2.5 2.5 2 1 1 1 1
6649.5 -6206.1 -31.4 253 0 15.6 15.3 2.5 2.5 4 0 1 4 4
6747.0 -6647.5 -26.0 77 0 6.2 11.8 5.0 2.5 2 0 2 4 4
6871.4 -6210.0 -31.5 251 0 9.7 13.1 5.0 2.5 2 1 2 4 4
6857.4 -6334.4 -29.2 254 0 6.9 6.3 5.0 2.5 2 0 2 5 5
6841.4 -6367.2 -29.0 74 0 11.4 8.6 2.5 2.5 2 0 1 4 4
6955.2 -6472.3 -29.9 75 0 11.6 9.9 5.0 2.5 2 0 2 2 2
6858.0 -6361.0 -29.0 74 0 6.7 6.9 5.0 2.5 2 0 2 5 5
6896.8 -6546.1 -27.4 163 0 6.0 9.3 7.5 2.5 2 0 3 0 0
6804.2 -6438.3 -27.9 344 0 5.5 11.8 2.5 0.0 0 0 1 5 5
6947.5 -7122.5 -21.2 350 0 6.3 29.6 5.0 0.0 0 1 2 2 2
6893.8 -7146.2 -20.9 166 0 27.2 9.1 5.0 2.5 2 0 2 1 1
6935.8 -6368.6 -30.5 255 0 7.2 21.1 7.5 2.5 4 0 3 4 4
6747.3 -6511.0 -26.6 255 0 10.4 12.7 5.0 2.5 2 1 2 4 4
6908.8 -6254.5 -30.8 75 0 7.3 9.2 5.0 2.5 4 1 2 4 4
6708.1 -6460.3 -26.6 254 0 3.3 6.4 5.0 2.5 2 0 2 1 1
6776.9 -6793.2 -23.3 166 0 6.7 7.2 5.0 2.5 2 1 2 5 5
6849.8 -6394.3 -28.8 252 0 10.9 11.9 7.5 2.5 2 1 3 3 3
6854.7 -6427.1 -28.6 162 0 13.0 9.6 7.5 0.0 0 0 3 2 2
6703.2 -6461.4 -26.5 255 0 6.7 6.7 7.5 2.5 4 0 3 5 5
6732.2 -6620.4 -25.9 165 0 6.6 4.0 7.5 0.0 0 0 3 0 0
6664.4 -6542.1 -25.0 346 0 10.7 13.8 10.0 2.5 2 1 4 1 1
6938.5 -6321.8 -31.1 346 0 6.5 6.5 7.5 2.5 2 0 3 3 3
6773.7 -6360.3 -28.2 343 0 8.1 22.0 5.0 2.5 2 0 2 3 3
6903.8 -6537.3 -27.4 163 0 6.6 6.5 5.0 2.5 2 0 2 0 0
6810.9 -6436.2 -28.1 345 0 6.0 7.1 7.5 2.5 2 0 3 1 1
6697.0 -6539.6 -25.7 166 0 4.3 10.7 7.5 2.5 2 0 3 3 3
6955.3 -6634.5 -27.4 96 0 7.9 12.5 5.0 2.5 2 1 2 5 5
6725.3 -6405.9 -27.5 74 0 8.3 18.6 5.0 2.5 2 1 2 4 4
6796.2 -6603.7 -26.9 255 0 9.3 6.9 7.5 2.5 2 0 3 0 0
6682.6 -6483.6 -26.1 165 0 9.4 10.4 5.0 2.5 2 1 2 4 4
6807.8 -6494.7 -27.8 255 0 13.1 9.5 2.5 2.5 2 0 1 0 0
6655.3 -6526.0 -25.0 347 0 24.7 10.7 5.0 2.5 4 0 2 2 2
6851.3 -6603.9 -27.6 359 0 6.1 9.5 5.0 2.5 2 1 2 2 2
6713.8 -6612.6 -25.7 166 0 11.2 12.4 5.0 2.5 2 1 2 1 1
6823.5 -6334.2 -29.1 164 0 4.7 12.4 5.0 2.5 2 0 2 3 3
6750.4 -6305.1 -29.8 74 0 10.1 11.8 5.0 2.5 2 1 2 4 4
6787.3 -6638.9 -26.7 85 0 6.5 12.3 5.0 2.5 4 1 2 3 3
6942.2 -6525.8 -28.2 346 0 6.4 7.6 5.0 2.5 2 0 2 2 2
6822.5 -6548.5 -27.7 74 0 6.5 12.3 5.0 2.5 2 1 2 4 4
6753.4 -6592.0 -26.3 255 0 12.5 10.8 5.0 2.5 2 0 2 5 5
6956.1 -6336.1 -31.9 345 0 10.8 9.1 7.5 2.5 4 0 3 1 1
6761.0 -6562.6 -26.6 74 0 9.3 8.2 2.5 2.5 4 0 1 3 3
6770.0 -6711.9 -25.0 257 0 10.9 11.6 7.5 2.5 2 0 3 0 0
6740.4 -6718.1 -24.2 256 0 11.9 11.5 5.0 2.5 2 0 2 0 0
6871.2 -6476.9 -28.1 163 0 4.1 12.3 7.5 2.5 2 0 3 4 4
6923.8 -6289.7 -31.1 258 0 7.6 10.9 7.5 2.5 2 1 3 0 0
6864.2 -6451.8 -28.3 153 0 8.2 11.5 5.0 2.5 2 0 2 0 0
6760.0 -6713.0 -24.6 255 0 8.8 11.5 5.0 2.5 2 0 2 2 2
6730.6 -6651.5 -25.7 78 0 12.4 9.5 2.5 2.5 2 0 1 1 1
6882.2 -6300.6 -29.8 253 0 7.0 11.1 5.0 2.5 2 1 2 0 0
6696.2 -6535.8 -25.8 167 0 8.0 10.8 5.0 2.5 2 0 2 0 0
6829.8 -6638.5 -27.4 90 0 6.2 16.1 5.0 2.5 2 1 2 3 3
6792.2 -6498.9 -27.4 255 0 7.6 14.3 5.0 2.5 2 1 2 4 4
6788.8 -6707.4 -25.4 256 0 8.3 11.6 5.0 2.5 2 0 2 2 2
6861.1 -6307.0 -29.5 253 0 7.6 11.1 5.0 2.5 4 1 2 5 5
6952.5 -6733.7 -25.7 342 0 9.5 17.6 7.5 2.5 2 1 3 5 5
6956.5 -6375.0 -31.4 75 0 6.3 11.5 5.0 2.5 2 1 2 4 4
6788.0 -6558.0 -27.0 75 0 12.5 10.8 5.0 0.0 0 0 2 3 3
6841.8 -6544.3 -28.0 75 0 7.3 11.1 5.0 2.5 4 1 2 3 3
6705.6 -6434.7 -26.9 253 0 12.6 14.5 2.5 2.5 2 1 1 5 5
6952.6 -6588.4 -27.7 344 0 8.2 11.6 2.5 2.5 2 1 1 3 3
6753.8 -6779.0 -23.3 168 0 7.3 18.4 5.0 2.5 2 1 2 0 0
-5424.9 -8307.0 12.0 145 0 7.8 19.5 5.0 2.5 2 1 2 5 5
2317.9 1103.6 -8.0 317 0 17.4 9.9 5.0 2.5 2 0 2 4 4
-412.7 -2214.5 -8.5 179 0 13.5 23.3 7.5 2.5 2 1 3 4 4
-484.8 -2061.4 -6.6 265 0 13.6 19.3 7.5 2.5 2 1 3 4 4
-530.7 -2071.4 -6.3 268 0 14.3 10.4 2.5 2.5 4 0 1 1 1
-546.9 -2142.7 -6.0 180 0 11.9 14.2 7.5 2.5 2 1 3 2 2
-456.5 -2079.9 -6.6 86 0 10.0 15.2 5.0 0.0 0 1 2 0 0
-760.7 -2058.9 -5.3 88 0 14.0 8.6 5.0 2.5 2 0 2 2 2
-831.3 -2034.6 -6.3 187 0 8.6 15.8 5.0 2.5 2 1 2 0 0
-810.9 -1999.3 -7.9 282 0 6.4 15.0 5.0 2.5 2 1 2 4 4
-755.0 -2162.6 -5.9 331 0 10.0 8.2 5.0 2.5 2 0 2 1 1
-842.3 -2091.7 -5.4 258 0 14.0 10.1 5.0 2.5 2 0 2 1 1
-843.1 -2068.5 -5.4 70 0 10.3 7.8 5.0 2.5 4 0 2 4 4
-878.3 -2094.0 -6.0 62 0 18.5 9.1 5.0 2.5 2 0 2 2 2
-882.6 -2115.4 -6.5 240 0 10.9 6.5 5.0 2.5 4 0 2 3 3
-917.7 -2114.2 -6.8 57 0 11.2 9.1 2.5 2.5 2 0 1 4 4
3653.8 -3654.2 -24.4 43 0 13.4 18.1 7.5 2.5 4 1 3 5 5
3588.2 -3785.6 -26.0 229 0 11.4 7.0 7.5 2.5 2 0 3 5 5
2716.0 1681.4 -0.8 245 0 8.0 17.0 5.0 0.0 0 0 2 5 5
2674.5 1651.6 -1.0 234 0 6.6 10.6 5.0 0.0 0 0 2 5 5
2661.0 1641.6 -1.5 232 0 7.1 10.5 7.5 0.0 0 0 3 0 0
2488.9 1217.2 -7.0 206 0 8.1 8.8 2.5 2.5 2 1 1 2 2
6759.4 -6936.3 -21.0 348 0 18.7 16.2 10.0 0.0 0 0 4 5 5
6754.0 -6912.0 -20.8 348 0 18.3 14.2 10.0 2.5 2 0 4 3 3
6691.5 -6354.5 -28.1 254 0 16.3 26.9 7.5 2.5 2 1 3 5 5
6621.0 -6579.6 -24.4 113 0 14.2 23.8 7.5 2.5 2 1 3 1 1
6706.4 -6710.0 -23.6 348 0 20.6 21.5 7.5 0.0 0 1 3 0 0
6785.6 -6888.7 -21.6 168 0 13.6 19.2 7.5 2.5 2 1 3 1 1
6951.9 -6805.4 -25.2 164 0 15.1 24.8 10.0 2.5 2 1 4 0 0
2695.8 1340.8 -5.5 69 0 15.0 36.3 7.5 2.5 2 1 3 3 3
2963.3 2641.0 -14.3 6 0 16.1 10.7 5.0 2.5 2 0 2 0 0
2928.6 2661.6 -14.3 177 0 11.8 20.4 2.5 2.5 2 1 1 3 3
2962.1 2691.2 -14.2 347 0 17.1 11.8 5.0 2.5 2 0 2 4 4
2930.3 2740.6 -14.5 357 0 13.7 26.0 7.5 2.5 2 1 3 4 4
2943.3 2709.1 -14.2 354 0 13.8 13.1 5.0 2.5 2 0 2 0 0
2916.1 2836.7 -15.2 347 0 9.6 9.1 5.0 2.5 2 0 2 2 2
2912.9 2851.1 -15.2 349 0 12.5 10.8 5.0 2.5 2 0 2 5 5
2905.7 2874.1 -15.2 342 0 10.7 11.0 5.0 2.5 2 1 2 5 5
3070.6 2658.2 -16.0 180 0 12.7 15.9 5.0 2.5 4 1 2 5 5
3125.0 2645.7 -16.8 87 0 8.5 10.9 2.5 0.0 0 1 1 5 5
2974.4 2615.7 -14.3 8 0 10.5 11.7 5.0 2.5 2 1 2 1 1
2973.5 2598.9 -14.3 2 0 13.5 10.6 7.5 0.0 0 0 3 0 0
2970.7 2577.2 -14.4 5 0 13.4 10.8 5.0 2.5 2 0 2 0 0
2967.2 2543.1 -14.3 358 0 12.3 9.3 5.0 2.5 4 0 2 5 5
3000.0 2595.3 -14.4 183 0 18.9 11.2 5.0 2.5 4 0 2 1 1
3000.3 2518.8 -14.3 184 0 14.8 9.1 2.5 2.5 2 0 1 5 5
3004.4 2490.6 -14.4 181 0 14.6 10.4 5.0 2.5 2 0 2 0 0
2962.3 2458.8 -14.0 5 0 14.5 13.1 2.5 2.5 2 0 1 1 1
2950.0 2376.4 -14.2 358 0 14.5 12.0 5.0 2.5 2 0 2 3 3
2982.2 2340.4 -14.6 5 0 7.2 14.5 2.5 2.5 2 1 1 2 2
3000.4 2414.6 -14.6 187 0 13.2 8.4 2.5 2.5 2 0 1 4 4
2996.7 2397.2 -14.7 188 0 12.1 12.7 2.5 2.5 2 1 1 4 4
2997.3 2381.1 -14.7 186 0 11.3 9.3 5.0 2.5 2 0 2 5 5
2996.2 2364.6 -14.7 185 0 13.6 10.0 5.0 2.5 2 0 2 2 2
2993.1 2348.8 -14.8 183 0 9.3 11.8 5.0 2.5 2 1 2 1 1
2992.1 2336.5 -14.8 186 0 10.7 9.7 5.0 0.0 0 0 2 2 2
2942.0 2284.7 -13.0 359 0 14.3 9.7 5.0 2.5 2 0 2 1 1
2974.2 2272.3 -13.8 3 0 22.8 13.1 10.0 2.5 2 0 4 5 5
2983.9 2284.5 -14.6 185 0 9.4 10.2 5.0 2.5 2 1 2 2 2
5826.9 -7274.3 -16.7 80 0 12.0 20.1 7.5 0.0 0 1 3 5 5
5777.8 -7226.3 -16.8 171 0 15.5 10.7 5.0 2.5 2 0 2 0 0
5672.3 -7242.4 -16.3 351 0 8.0 14.4 5.0 2.5 2 1 2 0 0
-5780.5 -5439.2 7.2 343 0 10.2 9.0 2.5 2.5 2 0 1 2 2
-5783.5 -5459.4 7.9 73 0 5.2 3.0 7.5 0.0 0 0 3 3 3
-5779.6 -5453.0 7.7 343 0 4.2 9.3 7.5 2.5 2 0 3 2 2
-6087.9 -5595.5 11.0 78 0 26.6 9.2 2.5 2.5 2 0 1 4 4
-6061.5 -5557.3 11.0 348 0 22.6 9.6 7.5 2.5 2 0 3 0 0
-6093.2 -5539.5 10.8 258 0 22.4 10.4 2.5 2.5 2 0 1 2 2
-5747.3 -4125.5 19.8 354 0 16.6 95.2 10.0 2.5 2 1 4 5 5
-5790.6 -4171.1 19.6 84 0 95.2 16.6 10.0 2.5 2 0 4 4 4
-5787.6 -4203.5 19.6 84 0 95.2 16.6 12.5 0.0 0 0 5 5 5
-5784.9 -4236.7 19.2 84 0 95.2 16.6 10.0 2.5 4 0 4 0 0
-5854.9 -4232.0 21.2 85 0 12.6 72.3 7.5 2.5 2 1 3 3 3
-5876.3 -4083.1 21.1 250 0 3.7 5.8 7.5 0.0 0 1 3 3 3
-5869.5 -4082.3 21.2 250 0 3.7 5.8 7.5 0.0 0 1 3 4 4
-5862.6 -4081.5 21.3 250 0 3.7 5.8 7.5 0.0 0 1 3 2 2
-5855.7 -4080.7 21.4 250 0 3.7 5.8 7.5 0.0 0 1 3 0 0
-5818.9 -4077.9 21.3 265 0 13.9 3.5 5.0 0.0 0 0 2 3 3
-5817.8 -4044.4 20.0 264 0 122.3 30.8 10.0 0.0 0 0 4 4 4
-5973.2 -4087.0 19.7 264 0 12.1 12.5 2.5 2.5 2 0 1 1 1
-6011.5 -4081.1 19.2 174 0 19.2 72.7 10.0 0.0 0 0 4 2 2
-5978.3 -4120.9 19.7 175 0 12.5 11.8 5.0 2.5 2 0 2 1 1
-6006.1 -4139.6 19.3 175 0 19.5 72.7 7.5 2.5 2 0 3 2 2
-5909.4 -4203.8 20.3 84 0 46.2 12.9 10.0 2.5 2 0 4 0 0
-5907.2 -4228.7 20.4 84 0 46.4 12.9 10.0 2.5 2 0 4 4 4
-5904.8 -4253.6 20.4 84 0 46.2 13.2 10.0 0.0 0 0 4 5 5
-6005.1 -4263.1 18.6 84 0 55.4 12.7 17.5 0.0 0 0 7 5 5
-6042.6 -4163.2 18.8 175 0 3.5 3.9 2.5 2.5 2 1 1 0 0
-6040.9 -4208.4 18.8 265 0 5.1 9.0 5.0 2.5 2 1 2 1 1
-6031.2 -4216.5 19.0 175 0 7.9 16.0 7.5 2.5 2 1 3 5 5
-6037.6 -4195.9 18.9 175 0 6.2 12.8 7.5 0.0 0 0 3 4 4
-6037.0 -4172.8 18.8 265 0 9.9 19.8 7.5 2.5 4 0 3 0 0
-6156.4 -4276.3 15.9 354 0 9.7 11.1 7.5 2.5 2 0 3 0 0
-6167.5 -4277.6 15.6 354 0 9.7 11.6 7.5 2.5 2 0 3 0 0
-6164.8 -4304.8 15.3 356 0 3.5 7.4 7.5 2.5 2 1 3 1 1
-6178.4 -4339.8 14.4 84 0 14.3 6.6 7.5 0.0 0 0 3 0 0
-6247.1 -4325.9 13.6 175 0 4.9 5.5 5.0 2.5 4 0 2 3 3
-6241.8 -4278.7 14.0 264 0 9.4 30.8 7.5 2.5 2 1 3 2 2
-6807.4 -5352.6 8.1 74 0 18.0 6.6 7.5 2.5 2 0 3 3 3
-6819.2 -5356.1 8.0 74 0 6.7 12.1 2.5 2.5 2 0 1 1 1
-6798.6 -5317.6 8.8 338 0 22.3 10.3 2.5 2.5 2 0 1 1 1
-6833.2 -5360.1 7.9 72 0 7.1 11.9 7.5 2.5 2 1 3 0 0
-6833.4 -5311.5 8.7 253 0 20.4 8.0 7.5 2.5 2 0 3 4 4
-6798.3 -4673.4 5.2 282 0 13.3 9.0 2.5 2.5 4 0 1 5 5
-6752.0 -4722.9 6.7 103 0 13.2 7.9 5.0 2.5 2 0 2 5 5
-6754.4 -4691.3 6.0 281 0 10.8 5.8 7.5 2.5 2 0 3 5 5
-6695.4 -4723.6 7.6 295 0 4.6 10.5 5.0 2.5 2 0 2 3 3
-6703.0 -4753.2 7.8 115 0 9.1 20.2 2.5 0.0 0 0 1 1 1
-6630.4 -4779.3 9.0 272 0 6.4 26.4 5.0 2.5 2 0 2 2 2
-6643.9 -4812.9 9.1 182 0 15.1 15.6 2.5 2.5 2 0 1 1 1
-6632.0 -4846.0 9.0 92 0 5.1 25.2 2.5 2.5 2 0 1 3 3
-6468.3 -4685.3 10.4 81 0 9.8 12.0 2.5 2.5 2 1 1 5 5
-6186.8 -4799.9 8.0 288 0 14.4 5.1 7.5 2.5 2 0 3 2 2
-6197.4 -4790.7 8.1 293 0 12.4 9.1 2.5 2.5 2 0 1 2 2
-6242.1 -4785.6 8.5 279 0 5.5 11.0 5.0 2.5 2 1 2 0 0
-6228.7 -4804.0 8.3 112 0 10.0 5.0 2.5 2.5 2 0 1 4 4
-6220.2 -4781.1 8.3 293 0 12.3 9.1 7.5 2.5 2 0 3 2 2
-6508.5 -4745.4 9.9 262 0 22.0 8.2 5.0 2.5 2 0 2 0 0
-6531.1 -4757.1 9.6 256 0 11.6 18.8 5.0 2.5 2 1 2 4 4
-6572.0 -4858.4 10.2 87 0 12.6 36.2 10.0 2.5 2 1 4 5 5
-6553.2 -4823.0 10.1 86 0 6.5 11.9 7.5 0.0 0 0 3 0 0
-6533.4 -4818.4 10.3 356 0 10.6 18.5 5.0 2.5 4 0 2 1 1
-6557.9 -4785.0 9.6 261 0 7.5 4.7 5.0 2.5 2 0 2 1 1
-6539.3 -4791.3 9.7 351 0 7.8 21.2 7.5 2.5 2 0 3 4 4
-6544.7 -4776.4 9.5 250 0 7.2 12.1 5.0 0.0 0 0 2 0 0
-6550.1 -4761.1 9.4 250 0 7.2 16.2 7.5 2.5 2 0 3 3 3
-6555.0 -4747.4 9.3 251 0 7.3 14.6 2.5 2.5 2 0 1 0 0
-6566.0 -4768.0 9.2 265 0 5.3 5.0 2.5 2.5 2 0 1 3 3
-6579.4 -4775.8 9.3 265 0 6.7 19.1 5.0 2.5 2 1 2 2 2
-6614.6 -4756.0 8.7 265 0 7.0 31.8 7.5 2.5 2 1 3 2 2
-6591.8 -4720.0 8.7 217 0 12.5 5.2 2.5 2.5 2 0 1 2 2
-6626.4 -4676.9 7.9 195 0 5.8 4.7 5.0 2.5 4 0 2 0 0
-6621.5 -4677.1 8.0 195 0 3.7 8.0 2.5 2.5 2 0 1 4 4
-6608.0 -4692.1 8.2 19 0 6.4 8.6 5.0 2.5 2 1 2 3 3
-6594.4 -4697.4 8.4 22 0 8.8 8.8 5.0 2.5 2 0 2 0 0
-6576.1 -4677.1 8.7 29 0 7.6 6.8 7.5 2.5 2 0 3 2 2
-6582.9 -4675.6 8.5 20 0 5.2 8.7 7.5 0.0 0 0 3 1 1
-6590.7 -4671.8 8.3 20 0 6.9 10.7 7.5 2.5 2 0 3 2 2
-6535.4 -4693.5 9.5 170 0 5.2 16.0 5.0 2.5 2 0 2 4 4
-6505.7 -4688.2 9.7 350 0 5.2 14.1 7.5 2.5 2 0 3 2 2
-6500.3 -4689.9 9.9 80 0 10.2 14.1 5.0 2.5 2 0 2 5 5
-6498.6 -4669.4 9.8 351 0 5.1 11.9 7.5 2.5 2 1 3 4 4
-6529.9 -4674.2 9.5 171 0 5.0 17.9 2.5 2.5 4 1 1 1 1
-6545.1 -4660.1 9.1 174 0 4.6 13.5 5.0 2.5 2 1 2 3 3
-6523.1 -4651.0 9.4 175 0 4.9 14.3 5.0 2.5 2 1 2 2 2
-6501.1 -4623.7 9.0 265 0 7.2 14.1 5.0 2.5 2 1 2 4 4
-6549.1 -4644.5 8.7 175 0 13.1 8.8 7.5 2.5 2 0 3 3 3
-6540.0 -4630.6 8.5 175 0 5.7 15.4 5.0 2.5 4 1 2 1 1
-6551.4 -4622.2 8.0 175 0 12.8 10.1 7.5 2.5 2 0 3 5 5
-6546.1 -4605.6 7.9 265 0 13.3 5.5 5.0 2.5 2 0 2 4 4
-6531.8 -4604.5 8.0 265 0 15.3 5.5 7.5 2.5 4 0 3 1 1
-6509.2 -4582.6 8.1 263 0 31.0 5.0 5.0 2.5 2 0 2 1 1
-6573.5 -4607.2 7.5 348 0 12.5 21.3 7.5 2.5 2 0 3 0 0
-6620.8 -4576.1 7.2 175 0 6.5 4.5 5.0 2.5 2 0 2 3 3
-6621.5 -4569.0 7.2 175 0 8.0 17.2 2.5 2.5 2 0 1 0 0
-6582.8 -4565.4 7.3 355 0 8.0 21.6 7.5 2.5 4 0 3 1 1
-6609.6 -4528.0 7.1 339 0 6.7 16.0 7.5 2.5 2 1 3 4 4
-6632.6 -4517.2 7.0 157 0 3.1 7.4 5.0 2.5 2 0 2 2 2
-6639.6 -4523.7 6.9 157 0 13.7 9.0 2.5 2.5 2 0 1 5 5
-6643.5 -4514.6 6.9 157 0 5.6 9.7 7.5 2.5 2 0 3 5 5
-6634.4 -4511.1 7.0 162 0 4.8 15.3 2.5 2.5 2 0 1 0 0
-6615.9 -4507.3 7.2 337 0 4.1 3.5 7.5 2.5 2 0 3 2 2
-6610.7 -4496.7 7.2 337 0 19.5 8.9 5.0 2.5 2 0 2 0 0
-6634.2 -4486.9 7.1 160 0 6.2 3.5 7.5 2.5 2 0 3 5 5
-6643.5 -4495.6 7.0 160 0 3.8 6.2 2.5 2.5 2 0 1 3 3
-6637.7 -4493.5 7.0 160 0 3.8 8.0 7.5 2.5 2 0 3 5 5
-6619.3 -4476.9 7.2 336 0 12.9 7.9 7.5 0.0 0 0 3 5 5
-6534.6 -4540.6 7.8 350 0 4.6 8.9 7.5 2.5 4 0 3 2 2
-6553.4 -4544.8 7.7 170 0 6.2 10.3 5.0 2.5 2 0 2 0 0
-6563.2 -4546.5 7.6 170 0 6.2 9.9 7.5 0.0 0 0 3 1 1
-6559.3 -4562.4 7.7 167 0 14.1 10.0 5.0 2.5 2 0 2 4 4
-6525.5 -4520.7 8.0 79 0 3.8 5.9 5.0 2.5 2 0 2 1 1
-6527.9 -4518.2 7.8 349 0 6.0 17.8 5.0 2.5 2 0 2 3 3
-6550.7 -4537.5 7.8 170 0 5.4 12.5 2.5 2.5 2 1 1 3 3
-6566.1 -4535.6 7.6 166 0 12.9 9.0 5.0 2.5 4 0 2 0 0
-6556.2 -4517.6 7.7 170 0 4.3 3.1 5.0 2.5 2 0 2 1 1
-6553.4 -4515.9 7.8 170 0 6.5 9.8 2.5 2.5 2 0 1 5 5
-6552.0 -4495.8 7.9 169 0 6.2 7.6 7.5 2.5 2 0 3 2 2
-6526.5 -4489.1 8.0 349 0 6.2 18.7 7.5 2.5 4 0 3 0 0
-6573.9 -4510.6 7.6 165 0 14.3 9.5 5.0 2.5 2 0 2 0 0
-6579.8 -4492.3 7.6 164 0 14.2 9.4 2.5 2.5 2 0 1 1 1
-6524.8 -4468.3 8.2 346 0 3.9 6.0 5.0 2.5 2 1 2 4 4
-6555.7 -4475.6 7.9 166 0 3.8 5.0 5.0 0.0 0 1 2 3 3
-6528.0 -4450.4 8.0 349 0 8.7 30.2 5.0 2.5 2 1 2 5 5
-6586.4 -4468.5 7.6 164 0 15.0 11.2 5.0 2.5 2 0 2 2 2
-6581.5 -4432.7 7.7 168 0 6.7 15.0 5.0 2.5 2 1 2 3 3
-6601.3 -4428.1 7.5 163 0 21.5 11.2 7.5 2.5 2 0 3 5 5
-6549.7 -4403.0 8.1 344 0 5.0 23.8 2.5 2.5 2 0 1 0 0
-6548.4 -4388.2 8.4 259 0 8.5 16.6 7.5 2.5 2 0 3 4 4
-6585.9 -4392.0 8.1 257 0 17.3 6.5 2.5 2.5 2 0 1 0 0
-6637.3 -4440.0 7.0 328 0 11.2 9.1 5.0 2.5 2 0 2 4 4
-6666.7 -4388.2 7.8 332 0 11.9 4.2 7.5 2.5 2 0 3 1 1
-6655.6 -4371.2 8.3 332 0 7.7 5.4 5.0 2.5 2 0 2 5 5
-6625.3 -4238.6 11.5 345 0 4.3 3.6 5.0 2.5 2 0 2 3 3
-6654.7 -4230.8 11.2 257 0 10.1 20.1 7.5 2.5 2 1 3 0 0
-6648.0 -4259.0 11.1 350 0 11.2 16.8 7.5 2.5 2 1 3 4 4
-6679.2 -4226.2 11.0 257 0 5.4 26.4 7.5 2.5 2 1 3 4 4
-6681.6 -4265.7 10.9 166 0 5.6 8.1 7.5 2.5 2 1 3 0 0
-6697.5 -4265.4 10.7 169 0 13.1 9.5 7.5 2.5 2 0 3 3 3
-6665.4 -4282.0 10.7 170 0 13.0 7.1 5.0 2.5 2 0 2 5 5
-6680.5 -4298.7 10.2 164 0 6.1 11.0 2.5 2.5 2 1 1 1 1
-6694.9 -4285.9 10.4 170 0 12.9 7.1 7.5 2.5 2 0 3 1 1
-6643.4 -4329.8 9.4 65 0 17.8 6.9 7.5 2.5 2 0 3 2 2
-6655.1 -4336.0 9.3 65 0 8.7 12.6 7.5 2.5 2 0 3 2 2
-6725.4 -4395.5 7.5 144 0 6.8 14.7 7.5 2.5 2 1 3 2 2
-6829.2 -4251.5 10.6 234 0 5.8 6.1 5.0 2.5 2 1 2 3 3
-6843.0 -4247.1 10.9 224 0 7.3 4.3 7.5 2.5 2 0 3 5 5
-6852.2 -4256.2 10.4 223 0 8.7 12.0 7.5 2.5 2 1 3 5 5
-6751.6 -4161.0 13.0 343 0 6.2 5.1 7.5 2.5 2 0 3 2 2
-6760.2 -4199.5 12.5 343 0 3.0 4.6 7.5 2.5 2 1 3 2 2
-6745.6 -4196.1 12.5 343 0 8.0 6.7 5.0 2.5 2 0 2 3 3
-6747.3 -4180.2 12.9 343 0 13.1 8.8 2.5 2.5 2 0 1 2 2
-6797.1 -4211.4 12.0 236 0 7.2 5.8 5.0 2.5 2 0 2 1 1
-6804.7 -4217.8 11.6 232 0 5.0 13.8 5.0 2.5 2 1 2 0 0
-6791.7 -4237.8 11.0 235 0 4.0 5.0 5.0 2.5 2 1 2 1 1
-6802.6 -4246.4 10.5 231 0 8.1 15.8 5.0 0.0 0 0 2 1 1
-6811.8 -4269.2 10.3 153 0 5.1 7.0 5.0 2.5 2 1 2 4 4
-6772.7 -4244.1 10.8 332 0 8.0 9.1 5.0 0.0 0 1 2 0 0
-6768.3 -4260.4 10.4 321 0 10.8 5.7 7.5 2.5 2 0 3 1 1
-6748.8 -4321.8 9.3 49 0 6.0 15.3 7.5 2.5 2 1 3 0 0
-6733.2 -4343.4 8.8 38 0 5.7 14.4 2.5 2.5 2 1 1 1 1
-3396.8 -5328.4 14.1 246 0 5.9 17.1 2.5 2.5 4 1 1 3 3
-3425.0 -5408.8 14.0 59 0 6.0 11.9 7.5 2.5 4 1 3 3 3
-3406.7 -5392.2 14.0 328 0 6.2 17.9 7.5 2.5 2 0 3 2 2
-3405.6 -5382.9 14.0 57 0 10.0 30.8 7.5 2.5 2 1 3 3 3
-3739.0 -5465.8 14.8 76 0 6.7 27.5 7.5 2.5 2 0 3 0 0
-3742.8 -5436.6 14.9 346 0 3.5 10.8 7.5 2.5 2 0 3 4 4
-3756.6 -5485.6 14.8 70 0 26.5 10.3 10.0 2.5 2 0 4 2 2
-3782.7 -5462.5 15.0 160 0 4.5 3.7 2.5 2.5 2 0 1 1 1
-3787.0 -5468.2 15.0 160 0 12.2 6.0 2.5 2.5 2 0 1 3 3
-3782.8 -5479.6 14.9 160 0 12.2 7.1 5.0 2.5 4 0 2 2 2
-3916.5 -5130.1 12.1 348 0 6.1 19.7 5.0 2.5 2 1 2 3 3
-3931.9 -5102.8 12.1 256 0 19.4 7.1 7.5 2.5 2 0 3 2 2
-3903.1 -5107.8 12.2 349 0 24.1 12.4 10.0 2.5 2 0 4 0 0
-4307.3 -5108.7 11.4 91 0 8.9 17.6 7.5 2.5 2 1 3 0 0
-4265.6 -5111.1 11.4 356 0 7.6 9.1 7.5 2.5 2 1 3 1 1
-4474.6 -4983.6 11.4 0 0 9.6 21.1 7.5 2.5 2 1 3 5 5
6806.0 -7534.2 -18.1 43 0 12.0 27.0 10.0 2.5 2 1 4 2 2
-3067.0 7022.0 1.1 60 0 11.1 16.7 5.0 2.5 2 1 2 5 5
-3106.2 7035.2 0.8 244 0 26.0 13.4 10.0 2.5 2 0 4 5 5
-3068.5 6998.1 1.0 333 0 9.2 38.3 7.5 2.5 2 1 3 4 4
-3125.6 6995.4 0.7 153 0 26.2 13.7 10.0 2.5 2 0 4 0 0
-3064.5 7013.5 1.2 270 0 8.5 9.2 7.5 2.5 2 1 3 1 1
-3010.6 6973.5 0.8 318 0 8.0 6.2 5.0 0.0 0 0 2 2 2
