-1791.0 -4430.8 -22.4 283 0 11.8 14.1 7.5 2.5 2 1 3 4 4
-6664.8 -6935.1 -32.5 6 0 12.1 8.5 5.0 2.5 2 0 2 1 1
-6666.6 -6896.1 -32.1 276 0 5.1 19.8 5.0 2.5 2 1 2 4 4
-5340.9 6964.7 -10.3 134 0 5.6 9.3 5.0 0.0 0 1 2 0 0
-5290.2 6740.8 -13.9 158 0 9.4 7.0 5.0 2.5 2 0 2 3 3
-5538.4 -3458.1 -23.7 327 0 3.3 4.7 7.5 0.0 0 1 3 0 0
-6716.1 8022.7 22.3 200 0 40.1 11.0 12.5 2.5 2 0 5 0 0
-6700.1 8049.2 23.0 290 0 16.5 10.4 7.5 2.5 2 0 3 3 3
-6748.9 7824.5 16.4 25 0 16.0 11.8 5.0 2.5 2 0 2 5 5
-6728.5 7856.9 16.5 359 0 11.5 13.2 5.0 2.5 2 1 2 4 4
-6488.6 7448.1 3.0 75 0 17.8 11.1 2.5 2.5 2 0 1 0 0
-6533.8 7443.2 2.9 79 0 14.2 12.8 7.5 2.5 2 0 3 3 3
-6474.1 7479.0 2.6 255 0 12.3 7.6 5.0 2.5 2 0 2 4 4
-6568.9 7442.7 4.0 79 0 14.0 15.7 5.0 2.5 2 1 2 3 3
-6528.5 7473.9 2.7 258 0 6.7 11.6 7.5 2.5 2 0 3 3 3
-6456.6 7461.6 3.8 347 0 11.1 12.9 7.5 2.5 2 1 3 5 5
-6612.3 7440.1 4.5 89 0 12.6 14.7 10.0 0.0 0 1 4 0 0
-6522.5 7476.9 2.5 258 0 6.3 13.4 5.0 2.5 2 0 2 3 3
6066.4 -4405.4 -16.1 12 0 11.0 11.6 5.0 2.5 2 1 2 3 3
4932.3 -4975.4 -20.4 117 0 17.0 18.7 10.0 2.5 2 1 4 1 1
4825.4 -5027.5 -16.4 349 0 14.5 16.3 7.5 2.5 2 1 3 0 0
4851.6 -5115.5 -18.5 344 0 15.6 15.6 12.5 2.5 2 0 5 4 4
5092.5 -5253.0 -16.6 347 0 12.3 6.4 5.0 0.0 0 0 2 0 0
5021.5 -5288.3 -15.7 355 0 12.4 17.6 5.0 2.5 2 1 2 5 5
5020.1 -5308.7 -14.6 357 0 10.4 21.9 5.0 2.5 2 1 2 5 5
5593.0 -4927.8 -21.9 46 0 13.3 12.7 2.5 2.5 2 0 1 3 3
4813.4 -5403.2 -7.2 312 0 13.9 11.1 5.0 2.5 2 0 2 1 1
6022.4 -4415.0 -19.9 109 0 8.8 17.2 2.5 2.5 2 1 1 1 1
5993.5 -4405.1 -22.2 289 0 6.6 3.9 5.0 2.5 2 0 2 2 2
5997.7 -4393.9 -22.2 290 0 5.2 4.7 7.5 2.5 2 0 3 2 2
6001.9 -4402.1 -21.7 289 0 4.3 5.8 7.5 0.0 0 1 3 1 1
-3601.4 2536.3 -19.7 277 0 11.9 9.9 2.5 2.5 2 0 1 5 5
6425.7 1881.4 -21.1 37 0 17.9 10.2 5.0 2.5 2 0 2 0 0
6505.8 2085.2 -22.2 327 0 3.9 15.2 7.5 2.5 4 1 3 0 0
6497.2 2122.3 -22.2 329 0 11.6 13.1 7.5 2.5 2 1 3 3 3
6497.3 2155.9 -22.1 59 0 11.2 10.8 5.0 2.5 2 0 2 5 5
6269.6 1726.8 -20.7 138 0 7.0 7.2 5.0 2.5 2 1 2 2 2
6305.0 1748.3 -21.4 45 0 6.7 16.2 5.0 2.5 2 1 2 1 1
6284.0 1756.3 -20.8 134 0 6.2 10.9 7.5 0.0 0 1 3 5 5
6279.4 1741.8 -21.0 137 0 6.3 9.4 7.5 2.5 4 1 3 3 3
6306.5 1729.2 -21.6 49 0 6.3 17.5 7.5 2.5 2 1 3 4 4
6312.3 1702.6 -21.6 43 0 14.6 8.1 7.5 2.5 2 0 3 5 5
6318.8 1728.2 -22.0 48 0 9.0 6.2 7.5 2.5 2 0 3 4 4
6330.4 1762.1 -21.6 49 0 13.2 8.4 7.5 0.0 0 0 3 0 0
6347.7 1746.3 -22.4 50 0 8.3 14.5 7.5 2.5 2 1 3 3 3
6305.2 1821.0 -20.6 320 0 15.9 14.1 7.5 2.5 2 0 3 3 3
6261.9 1827.8 -20.3 229 0 21.3 39.5 10.0 0.0 0 1 4 1 1
6367.6 1798.2 -21.8 42 0 17.6 6.7 5.0 2.5 2 0 2 5 5
6362.9 1768.8 -22.2 40 0 7.4 8.8 5.0 2.5 2 0 2 3 3
6371.2 1765.0 -22.3 40 0 12.0 8.8 7.5 2.5 2 0 3 1 1
6384.2 1779.2 -22.2 40 0 13.0 9.0 7.5 0.0 0 0 3 2 2
6381.8 1865.5 -20.6 229 0 9.6 7.2 7.5 2.5 4 0 3 5 5
6397.1 1840.9 -21.2 54 0 6.1 15.6 5.0 2.5 2 1 2 3 3
6415.2 1842.3 -21.4 46 0 11.8 8.5 2.5 2.5 2 0 1 5 5
6479.5 2181.9 -21.9 239 0 16.2 8.2 7.5 2.5 4 0 3 5 5
6515.5 2127.9 -22.1 46 0 12.2 11.0 7.5 2.5 2 0 3 0 0
6530.3 2157.9 -21.6 30 0 13.5 9.2 2.5 2.5 2 0 1 5 5
6537.6 2218.6 -21.2 65 0 4.8 9.4 5.0 2.5 4 1 2 0 0
6458.9 2674.5 -23.5 65 0 13.2 24.7 7.5 2.5 2 1 3 3 3
6451.5 2741.0 -23.7 334 0 14.3 7.4 5.0 2.5 4 0 2 5 5
6477.4 2496.1 -22.9 245 0 11.2 7.1 2.5 0.0 0 0 1 2 2
6482.0 2472.4 -23.0 154 0 12.9 13.0 10.0 2.5 2 1 4 4 4
6493.6 2443.2 -23.0 155 0 21.4 13.1 5.0 2.5 2 0 2 0 0
6524.9 2426.1 -22.7 333 0 6.6 12.1 5.0 2.5 2 1 2 2 2
6502.5 2401.2 -22.1 153 0 13.5 16.2 7.5 2.5 2 1 3 3 3
6554.4 2358.5 -21.5 333 0 13.9 13.8 7.5 2.5 2 0 3 2 2
6537.9 2329.2 -20.7 153 0 7.1 13.0 7.5 2.5 2 1 3 5 5
6664.3 2540.0 -25.5 208 0 4.6 7.8 7.5 2.5 2 1 3 4 4
6658.4 2507.5 -25.3 120 0 6.7 11.1 5.0 2.5 2 1 2 4 4
6661.6 2525.6 -25.4 185 0 5.6 14.2 7.5 2.5 2 0 3 4 4
6683.2 2537.3 -25.5 287 0 7.8 17.3 7.5 2.5 2 0 3 1 1
6666.4 2506.5 -25.4 205 0 9.8 8.5 7.5 2.5 4 0 3 5 5
6644.8 2444.9 -24.9 202 0 15.4 7.1 5.0 2.5 2 0 2 0 0
6625.5 2429.5 -24.6 202 0 9.7 11.9 2.5 2.5 4 1 1 4 4
6603.7 2384.2 -23.2 244 0 6.4 14.3 2.5 2.5 2 1 1 2 2
6603.5 2349.9 -22.5 46 0 14.8 8.7 5.0 2.5 2 0 2 5 5
6612.7 2252.0 -22.2 217 0 6.0 10.8 5.0 2.5 2 1 2 0 0
6632.9 2275.9 -22.5 315 0 16.6 8.2 5.0 0.0 0 0 2 4 4
6601.7 2272.7 -21.9 218 0 15.7 7.6 7.5 0.0 0 0 3 5 5
6669.5 2156.7 -22.9 140 0 18.8 5.6 5.0 2.5 2 0 2 2 2
6681.7 2133.0 -23.2 53 0 16.9 7.3 2.5 2.5 2 0 1 0 0
6637.0 2216.8 -22.3 142 0 12.0 11.2 5.0 0.0 0 0 2 0 0
6649.1 2155.1 -22.6 139 0 6.2 10.1 2.5 2.5 2 1 1 3 3
6546.6 2199.2 -21.0 35 0 12.4 9.4 5.0 2.5 2 0 2 2 2
6557.8 2229.2 -21.4 22 0 10.9 9.6 7.5 2.5 2 0 3 3 3
6575.3 2225.0 -21.5 205 0 13.6 9.1 7.5 2.5 2 0 3 4 4
6557.8 2188.2 -21.3 207 0 21.6 8.5 7.5 2.5 4 0 3 0 0
6548.4 2148.7 -21.7 214 0 12.9 7.4 7.5 2.5 2 0 3 2 2
6542.0 2135.9 -21.8 223 0 7.8 5.5 7.5 2.5 2 0 3 2 2
6536.8 2123.6 -21.9 223 0 12.3 7.9 7.5 2.5 2 0 3 1 1
6538.3 2101.6 -22.3 228 0 5.0 12.9 5.0 2.5 2 1 2 5 5
6562.3 2142.6 -22.0 211 0 12.7 7.3 7.5 2.5 2 0 3 4 4
6596.1 2107.4 -22.7 313 0 7.6 11.1 2.5 0.0 0 1 1 5 5
6579.0 2073.4 -22.8 43 0 13.1 7.4 7.5 2.5 2 0 3 0 0
6534.4 2028.0 -22.2 138 0 7.7 17.9 5.0 2.5 2 1 2 4 4
6523.3 2070.2 -22.5 218 0 9.3 13.4 2.5 2.5 2 1 1 5 5
6510.2 2011.1 -21.6 214 0 5.8 19.4 7.5 2.5 2 0 3 1 1
6523.1 2009.0 -21.7 214 0 5.2 7.5 5.0 2.5 2 0 2 1 1
6543.2 1982.0 -21.9 41 0 14.6 6.2 7.5 2.5 2 0 3 2 2
6520.7 1963.0 -21.8 230 0 11.5 11.3 2.5 2.5 2 0 1 1 1
6505.7 1992.0 -21.5 227 0 8.4 14.1 5.0 2.5 2 1 2 4 4
6495.4 1966.9 -21.4 230 0 10.2 11.7 10.0 2.5 2 1 4 0 0
6544.8 1927.1 -22.4 323 0 13.3 13.2 5.0 2.5 2 0 2 5 5
6563.7 1896.7 -22.7 319 0 12.6 10.7 7.5 2.5 2 0 3 3 3
6585.1 1867.9 -22.9 318 0 13.3 11.0 5.0 2.5 4 0 2 5 5
6470.0 1880.9 -21.8 136 0 10.6 30.7 10.0 2.5 2 1 4 4 4
6441.2 1843.5 -21.8 205 0 11.1 10.2 2.5 2.5 2 0 1 5 5
6474.2 1821.5 -22.2 321 0 6.8 18.6 7.5 2.5 2 1 3 1 1
6443.8 1782.0 -22.4 229 0 12.2 11.4 7.5 2.5 2 0 3 5 5
6467.0 1799.8 -22.3 319 0 8.8 18.7 7.5 2.5 2 1 3 1 1
6421.5 1775.4 -22.6 230 0 7.3 25.9 7.5 2.5 2 1 3 2 2
6436.4 1726.2 -22.9 142 0 9.5 23.7 5.0 2.5 2 1 2 2 2
6427.7 1817.2 -21.9 204 0 13.5 10.1 2.5 2.5 2 0 1 2 2
6403.1 1774.0 -22.4 224 0 15.0 9.4 7.5 2.5 2 0 3 4 4
6375.2 1745.2 -22.5 223 0 12.5 7.2 7.5 0.0 0 0 3 5 5
6358.1 1728.4 -22.5 224 0 13.2 8.1 7.5 2.5 2 0 3 3 3
6341.8 1708.8 -22.2 225 0 14.1 8.1 5.0 2.5 2 0 2 2 2
6352.0 1679.2 -21.8 51 0 4.7 13.8 2.5 2.5 2 1 1 0 0
6272.1 1595.3 -21.2 51 0 14.4 11.4 7.5 2.5 2 0 3 0 0
6283.1 1603.8 -21.3 51 0 6.9 8.9 5.0 0.0 0 1 2 2 2
6293.0 1614.9 -21.3 51 0 14.4 9.1 7.5 2.5 2 0 3 2 2
6295.1 1659.9 -21.0 231 0 12.1 6.7 7.5 2.5 2 0 3 3 3
6284.6 1694.9 -20.8 49 0 13.8 9.0 7.5 2.5 2 0 3 3 3
6250.5 1624.6 -20.7 231 0 14.3 8.1 2.5 2.5 2 0 1 4 4
6271.7 1640.7 -20.8 233 0 12.2 9.3 5.0 2.5 2 0 2 4 4
6260.9 1656.6 -20.5 52 0 12.8 8.5 5.0 2.5 2 0 2 0 0
6236.5 1649.6 -20.3 45 0 14.8 8.2 2.5 2.5 2 0 1 3 3
6209.1 1627.8 -20.1 51 0 5.8 10.3 5.0 2.5 2 0 2 5 5
6215.4 1632.9 -20.2 51 0 10.4 6.6 5.0 2.5 2 0 2 4 4
6191.3 1709.7 -19.5 145 0 12.9 17.3 2.5 2.5 2 1 1 5 5
6208.4 1684.0 -19.8 145 0 7.7 11.2 5.0 2.5 2 1 2 4 4
6186.2 1627.5 -20.0 234 0 11.7 6.3 7.5 2.5 2 0 3 2 2
6198.7 1607.1 -20.0 56 0 10.9 9.6 2.5 2.5 2 0 1 3 3
6231.7 1610.8 -20.5 230 0 13.7 7.8 7.5 2.5 2 0 3 4 4
6199.0 1559.5 -21.3 142 0 5.2 19.7 5.0 2.5 2 1 2 2 2
6204.5 1593.2 -20.5 233 0 7.7 7.5 5.0 2.5 2 0 2 5 5
6191.1 1582.7 -20.8 235 0 8.7 11.6 7.5 2.5 2 1 3 5 5
6181.1 1608.1 -20.0 56 0 5.2 8.4 5.0 2.5 2 1 2 0 0
5970.5 1485.4 -20.2 58 0 10.0 6.5 7.5 2.5 2 0 3 1 1
5958.4 1504.9 -19.4 148 0 5.4 7.6 2.5 2.5 2 1 1 3 3
6013.9 1506.8 -20.2 60 0 11.4 7.7 2.5 2.5 2 0 1 0 0
6019.0 1548.8 -20.1 236 0 14.6 6.8 5.0 2.5 2 0 2 0 0
6154.0 1560.5 -20.8 243 0 11.1 9.7 7.5 2.5 2 0 3 3 3
6127.4 1543.6 -20.4 241 0 9.3 6.0 5.0 2.5 2 0 2 1 1
6136.6 1571.1 -20.5 51 0 14.2 8.6 7.5 0.0 0 0 3 2 2
6117.3 1563.5 -20.3 52 0 9.7 11.7 7.5 2.5 2 1 3 0 0
6100.0 1564.6 -20.1 50 0 5.0 8.3 2.5 2.5 2 1 1 0 0
6088.0 1520.1 -20.1 244 0 11.9 7.4 7.5 2.5 2 0 3 1 1
6048.8 1449.4 -21.9 138 0 6.9 13.3 7.5 2.5 2 1 3 2 2
6047.0 1466.5 -21.3 138 0 8.5 9.3 7.5 2.5 2 1 3 0 0
6027.0 1464.2 -21.4 138 0 12.1 7.2 2.5 2.5 4 0 1 5 5
6043.9 1360.4 -23.3 138 0 11.7 9.0 7.5 2.5 2 0 3 1 1
6083.1 1384.0 -24.4 138 0 18.6 11.8 2.5 2.5 4 0 1 3 3
6116.3 1392.4 -24.1 318 0 7.0 6.6 5.0 2.5 2 0 2 1 1
6137.2 1394.5 -24.2 318 0 13.1 8.4 5.0 2.5 2 0 2 1 1
6152.5 1372.8 -25.3 318 0 13.3 11.9 5.0 2.5 2 0 2 4 4
6120.6 1344.4 -25.6 138 0 15.1 11.1 5.0 2.5 2 0 2 5 5
6100.0 1329.9 -25.0 318 0 14.9 7.8 7.5 2.5 2 0 3 0 0
6085.1 1352.6 -24.8 318 0 16.3 10.1 7.5 2.5 4 0 3 2 2
6070.6 1370.6 -24.0 318 0 12.6 10.8 2.5 2.5 2 0 1 3 3
6017.8 1350.5 -22.4 318 0 11.8 11.9 7.5 2.5 2 1 3 5 5
5975.2 1400.7 -21.3 318 0 11.2 15.6 7.5 2.5 2 1 3 4 4
5892.2 1382.7 -19.3 63 0 13.7 7.2 7.5 2.5 2 0 3 1 1
5874.5 1408.2 -19.1 241 0 9.7 9.3 5.0 2.5 2 0 2 3 3
5885.1 1414.1 -19.3 241 0 14.5 9.3 5.0 2.5 2 0 2 2 2
6887.5 2171.5 -24.8 317 0 4.3 17.2 2.5 2.5 2 1 1 3 3
6919.9 2162.2 -24.4 47 0 10.7 9.2 5.0 2.5 2 0 2 3 3
6808.2 2204.1 -25.2 137 0 11.8 14.9 5.0 2.5 2 1 2 5 5
6858.3 2320.1 -24.8 222 0 6.1 8.2 7.5 0.0 0 1 3 5 5
6846.8 2290.4 -25.1 134 0 10.7 7.6 7.5 2.5 2 0 3 0 0
6800.9 2318.7 -25.6 129 0 10.7 11.1 2.5 2.5 2 1 1 2 2
6797.7 2336.2 -25.7 132 0 5.7 13.6 5.0 2.5 2 1 2 1 1
6816.0 2348.6 -25.7 225 0 6.8 18.6 5.0 2.5 2 1 2 0 0
6732.5 2610.5 -22.9 127 0 4.4 8.3 5.0 2.5 2 1 2 0 0
6736.0 2600.1 -24.3 124 0 13.2 6.5 5.0 2.5 2 0 2 1 1
6690.2 2637.9 -23.0 155 0 13.9 15.0 7.5 2.5 2 1 3 4 4
6755.4 2613.0 -22.8 63 0 9.1 9.5 5.0 2.5 2 1 2 5 5
6774.8 2621.3 -21.8 66 0 9.4 7.9 5.0 2.5 4 0 2 2 2
6953.4 2659.2 -22.3 42 0 12.7 6.5 5.0 2.5 2 0 2 3 3
6953.7 2647.2 -23.1 41 0 12.7 14.7 7.5 2.5 2 0 3 4 4
6957.9 2658.3 -22.2 131 0 8.0 12.8 2.5 0.0 0 0 1 2 2
6900.7 2140.9 -24.7 43 0 9.2 12.4 7.5 2.5 2 1 3 5 5
6922.7 2316.0 -23.9 47 0 32.9 15.3 7.5 2.5 2 0 3 5 5
-1960.0 7731.7 -10.7 178 0 9.1 16.0 2.5 2.5 2 1 1 2 2
-1958.3 7608.6 -11.9 90 0 5.1 15.8 5.0 2.5 2 1 2 3 3
-1958.5 7639.4 -11.8 179 0 8.8 16.2 2.5 2.5 2 1 1 4 4
-1932.9 7616.6 -11.5 358 0 8.9 9.1 2.5 2.5 4 1 1 5 5
-1955.4 7538.6 -11.6 267 0 17.9 5.0 5.0 2.5 2 0 2 5 5
-1931.6 7529.0 -11.0 0 0 11.1 9.8 5.0 2.5 2 0 2 4 4
-1984.7 7518.3 -12.0 175 0 14.2 9.5 5.0 2.5 2 0 2 4 4
-1945.5 7514.5 -11.6 359 0 6.5 22.2 2.5 2.5 2 1 1 3 3
-1961.2 7468.7 -11.2 177 0 8.6 16.1 5.0 2.5 2 1 2 3 3
-1984.7 7430.6 -12.0 263 0 7.0 18.1 5.0 2.5 2 1 2 2 2
-1977.7 7430.4 -11.5 176 0 6.3 11.1 7.5 2.5 2 1 3 4 4
-1900.4 7446.8 -10.0 0 0 8.6 8.0 5.0 0.0 0 0 2 1 1
-1931.8 7432.6 -10.5 359 0 10.9 9.5 5.0 0.0 0 0 2 2 2
-1942.1 7414.3 -10.8 357 0 8.7 16.0 5.0 2.5 2 1 2 1 1
-1939.7 7364.7 -10.5 356 0 8.6 16.1 7.5 2.5 4 1 3 2 2
-1937.9 7328.0 -9.6 358 0 8.6 16.1 5.0 2.5 2 1 2 1 1
-3240.0 7808.8 -6.1 104 0 4.7 25.6 5.0 2.5 4 1 2 3 3
-3278.5 7816.7 -5.8 110 0 10.0 8.7 5.0 2.5 2 0 2 2 2
-3286.6 7853.1 -7.2 196 0 16.0 8.1 5.0 2.5 2 0 2 2 2
-3256.2 7854.1 -6.9 284 0 5.2 10.0 7.5 2.5 2 0 3 0 0
-3259.7 7863.2 -7.3 285 0 16.9 5.2 7.5 0.0 0 0 3 1 1
-3263.7 7824.1 -6.5 104 0 5.2 20.9 7.5 2.5 4 0 3 2 2
-3221.0 7818.5 -6.2 103 0 5.6 18.2 7.5 0.0 0 0 3 2 2
-3221.0 7850.6 -6.8 281 0 18.6 13.4 2.5 2.5 4 0 1 3 3
-3221.4 7806.7 -5.3 13 0 5.8 11.8 5.0 2.5 2 1 2 1 1
-3189.6 7744.8 -2.0 102 0 9.0 6.5 5.0 2.5 2 0 2 4 4
-3203.6 7760.3 -3.1 192 0 11.5 23.2 10.0 2.5 2 0 4 1 1
-3155.3 7768.3 -3.2 13 0 7.2 14.3 7.5 2.5 2 1 3 5 5
-3183.5 7789.4 -4.4 256 0 15.2 12.1 2.5 0.0 0 0 1 4 4
-3153.9 7828.9 -6.1 4 0 5.3 12.7 7.5 2.5 2 1 3 2 2
-3128.8 7833.0 -6.4 80 0 8.3 10.8 5.0 2.5 2 1 2 1 1
-2880.0 7908.7 -9.5 251 0 9.6 6.9 5.0 2.5 2 0 2 1 1
-2877.7 7946.9 -11.1 75 0 5.0 17.0 7.5 2.5 2 1 3 5 5
-2901.8 8002.3 -12.1 164 0 32.1 5.8 7.5 2.5 2 0 3 5 5
-2779.9 8016.8 -12.2 157 0 7.1 7.0 2.5 2.5 2 0 1 5 5
-2763.4 8021.9 -12.1 336 0 10.8 7.0 5.0 2.5 2 0 2 1 1
-2749.1 8034.0 -12.0 338 0 4.1 10.0 5.0 2.5 2 0 2 1 1
-2757.5 8028.0 -12.0 340 0 4.5 8.0 2.5 2.5 2 0 1 1 1
-2754.1 8055.5 -11.8 326 0 5.1 20.8 5.0 2.5 4 0 2 0 0
-2764.7 8056.3 -11.7 335 0 7.0 4.9 5.0 2.5 2 0 2 0 0
-2833.0 8011.4 -12.3 154 0 11.9 31.9 7.5 2.5 2 1 3 2 2
-2766.1 8028.2 -12.1 338 0 17.3 12.4 7.5 2.5 2 0 3 4 4
-2753.7 7992.7 -12.1 68 0 6.5 10.2 7.5 2.5 2 1 3 1 1
-2729.8 8008.6 -12.0 342 0 8.0 6.0 2.5 2.5 2 0 1 3 3
-2744.2 8051.9 -11.7 341 0 12.9 8.5 5.0 2.5 2 0 2 2 2
-2754.2 8078.6 -11.4 339 0 13.7 9.0 7.5 2.5 2 0 3 2 2
-2841.8 8339.6 -11.6 347 0 14.9 11.7 5.0 2.5 4 0 2 1 1
-2818.7 8258.6 -12.5 344 0 11.1 13.3 5.0 2.5 2 1 2 1 1
-2792.4 8171.3 -11.7 336 0 6.5 18.1 7.5 2.5 2 1 3 4 4
-2808.1 8183.8 -11.9 343 0 9.0 6.0 7.5 2.5 4 0 3 5 5
-2811.1 8202.9 -12.1 343 0 4.7 15.4 2.5 2.5 4 0 1 0 0
-2823.4 8190.7 -12.0 162 0 11.5 6.5 7.5 2.5 2 0 3 5 5
-2794.5 8204.0 -12.1 342 0 5.4 10.7 5.0 2.5 2 0 2 2 2
-2790.2 8190.7 -11.9 342 0 7.5 8.6 7.5 2.5 2 0 3 2 2
-2792.5 8197.8 -12.0 342 0 7.5 8.6 7.5 2.5 2 0 3 1 1
-2804.4 8234.8 -12.5 342 0 13.8 8.4 7.5 2.5 2 0 3 2 2
-2721.5 8144.9 -11.3 350 0 16.5 4.5 5.0 2.5 2 0 2 3 3
-2738.1 8187.9 -11.7 263 0 4.2 17.0 7.5 2.5 2 1 3 4 4
-2756.5 8179.0 -11.7 173 0 9.7 10.4 5.0 2.5 2 1 2 1 1
-2745.4 8143.6 -11.3 168 0 9.7 10.4 7.5 2.5 4 1 3 4 4
-2746.4 8122.4 -11.1 162 0 12.0 7.0 7.5 2.5 2 0 3 2 2
-2727.3 8056.0 -11.5 162 0 9.0 21.0 5.0 2.5 2 0 2 0 0
-2725.9 8051.7 -11.7 163 0 14.4 6.5 2.5 2.5 2 0 1 0 0
-2713.8 8025.2 -11.8 159 0 13.0 8.5 5.0 2.5 2 0 2 3 3
-2708.0 8013.9 -11.9 161 0 8.0 10.1 2.5 2.5 2 1 1 3 3
-2686.8 8016.9 -11.8 75 0 8.9 5.4 5.0 2.5 2 0 2 1 1
-2671.0 8021.5 -11.6 72 0 11.3 7.0 5.0 2.5 2 0 2 3 3
-2676.6 8027.0 -11.6 72 0 3.8 17.6 5.0 2.5 2 0 2 2 2
-2687.5 8028.9 -11.6 72 0 7.7 32.2 5.0 2.5 2 1 2 1 1
-2673.1 8068.9 -11.1 248 0 5.6 12.3 2.5 2.5 2 0 1 0 0
-2688.9 8058.2 -11.2 162 0 8.1 15.1 7.5 2.5 2 1 3 5 5
-2820.6 7915.2 -10.9 164 0 26.2 6.7 5.0 2.5 2 0 2 4 4
-2870.8 7902.2 -9.4 280 0 7.5 15.8 5.0 2.5 2 0 2 4 4
-2878.0 7883.3 -9.4 190 0 8.1 19.9 7.5 2.5 2 0 3 2 2
-2844.7 7897.8 -9.6 280 0 7.1 24.0 2.5 2.5 2 1 1 5 5
-2835.2 7917.4 -10.4 344 0 10.2 10.1 7.5 2.5 2 0 3 5 5
-2814.9 7830.5 -9.5 15 0 7.8 5.6 5.0 2.5 2 0 2 2 2
-2811.4 7852.2 -9.5 285 0 4.6 18.0 7.5 2.5 2 0 3 3 3
-2817.0 7822.9 -9.6 15 0 7.9 20.0 7.5 0.0 0 0 3 2 2
-2817.4 7872.2 -9.5 342 0 12.5 9.8 7.5 2.5 2 0 3 4 4
-2810.2 7887.3 -10.1 159 0 12.1 10.0 5.0 2.5 2 0 2 5 5
-2799.0 7858.6 -10.1 161 0 11.1 34.9 7.5 2.5 2 1 3 1 1
-2792.5 7838.8 -9.5 162 0 11.6 5.9 5.0 2.5 2 0 2 4 4
-2779.2 7828.7 -9.6 162 0 6.1 7.9 5.0 2.5 4 0 2 5 5
-2785.3 7826.7 -9.6 162 0 6.1 6.4 5.0 2.5 2 0 2 3 3
-2802.8 7935.4 -11.5 250 0 10.3 11.9 5.0 2.5 2 1 2 2 2
-2780.0 7946.5 -11.9 249 0 13.6 7.0 5.0 2.5 2 0 2 5 5
-2756.3 7970.8 -12.0 68 0 5.0 15.5 7.5 2.5 2 1 3 0 0
-2726.5 7983.3 -12.0 72 0 9.8 16.3 5.0 2.5 2 1 2 5 5
-2684.2 7976.8 -11.8 249 0 5.7 8.3 5.0 2.5 2 0 2 3 3
-2693.7 7968.9 -11.8 246 0 10.6 4.3 2.5 2.5 4 0 1 0 0
-2689.6 7956.8 -11.8 247 0 6.0 13.1 7.5 0.0 0 1 3 1 1
-2747.1 7958.4 -11.9 251 0 13.1 9.4 5.0 2.5 4 0 2 5 5
-2731.5 7956.8 -11.9 249 0 7.7 5.0 7.5 2.5 2 0 3 4 4
-2733.9 7963.6 -11.9 251 0 7.7 7.2 2.5 2.5 2 0 1 0 0
-2722.6 7968.0 -11.9 248 0 9.1 12.6 2.5 2.5 4 1 1 2 2
-2697.4 7978.0 -11.9 247 0 4.1 9.8 5.0 2.5 2 0 2 0 0
-2687.0 7982.8 -11.9 249 0 6.8 6.6 7.5 2.5 2 0 3 3 3
-2676.7 7986.1 -11.8 246 0 4.9 8.6 7.5 2.5 2 1 3 4 4
-2671.5 7989.7 -11.8 246 0 10.1 13.9 5.0 2.5 2 1 2 1 1
-2751.5 7940.8 -11.8 251 0 7.9 25.6 2.5 2.5 2 1 1 3 3
-2726.8 7907.5 -11.6 71 0 12.7 7.9 7.5 2.5 4 0 3 2 2
-2714.7 7911.9 -11.7 69 0 13.0 8.1 7.5 2.5 2 0 3 0 0
-2707.8 7929.0 -11.7 67 0 12.3 7.2 5.0 0.0 0 0 2 2 2
-2667.4 7942.6 -11.7 63 0 15.9 9.1 5.0 0.0 0 0 2 0 0
-2634.0 7963.3 -11.7 59 0 16.7 9.4 7.5 0.0 0 0 3 4 4
-2574.2 7979.6 -11.6 71 0 10.3 5.6 5.0 2.5 2 0 2 5 5
-2632.0 7830.8 -11.2 162 0 9.0 18.1 5.0 2.5 2 1 2 1 1
-2586.4 7986.5 -11.7 60 0 8.8 7.2 7.5 2.5 2 0 3 4 4
-2587.4 8001.7 -11.6 240 0 3.8 11.7 7.5 2.5 2 0 3 4 4
-2569.5 8038.6 -11.1 244 0 11.7 7.5 2.5 2.5 2 0 1 1 1
-2580.2 8033.3 -11.1 244 0 11.7 8.8 2.5 2.5 2 0 1 2 2
-2603.6 8020.7 -11.4 244 0 6.5 8.3 7.5 2.5 2 0 3 1 1
-2609.4 8017.8 -11.4 243 0 6.4 8.2 7.5 2.5 2 0 3 0 0
-2626.1 8010.8 -11.6 245 0 11.2 7.0 7.5 2.5 4 0 3 0 0
-2637.4 8004.6 -11.8 245 0 5.7 11.2 7.5 2.5 2 1 3 4 4
-2649.5 7999.4 -11.8 244 0 11.4 8.2 5.0 2.5 2 0 2 3 3
-2646.0 8039.0 -11.2 69 0 5.2 35.0 7.5 2.5 2 0 3 5 5
-2659.3 8032.7 -11.4 70 0 6.8 13.9 5.0 2.5 2 0 2 5 5
-2663.9 8045.7 -11.3 71 0 6.5 12.7 5.0 2.5 2 0 2 0 0
-2661.9 8082.4 -10.9 247 0 6.8 11.2 2.5 2.5 2 0 1 4 4
-2659.0 8093.4 -10.8 248 0 21.2 9.1 5.0 2.5 2 0 2 3 3
-2628.4 8100.6 -10.9 340 0 9.0 15.0 5.0 2.5 2 1 2 1 1
-2623.0 8057.9 -10.9 64 0 5.2 19.6 5.0 0.0 0 1 2 3 3
-2629.3 8054.5 -11.0 64 0 8.1 19.9 2.5 2.5 2 1 1 2 2
-2628.3 8037.6 -11.2 66 0 16.4 10.1 2.5 0.0 0 0 1 4 4
-2612.0 8044.8 -11.0 65 0 13.8 8.5 5.0 2.5 2 0 2 4 4
-2598.9 8050.7 -11.0 66 0 8.2 7.6 7.5 0.0 0 0 3 4 4
-2584.4 8056.7 -11.1 69 0 20.5 6.4 5.0 2.5 2 0 2 0 0
-2566.5 8064.1 -11.1 65 0 5.1 17.0 5.0 2.5 4 1 2 5 5
-2561.8 8090.4 -11.2 69 0 13.6 6.6 7.5 2.5 4 0 3 2 2
-2519.4 8135.3 -11.4 350 0 7.1 45.4 7.5 2.5 2 1 3 3 3
-2531.6 8151.2 -11.3 349 0 11.8 14.9 5.0 2.5 2 1 2 1 1
-2551.0 8069.8 -11.2 69 0 18.5 10.5 5.0 2.5 2 0 2 5 5
-2444.7 7980.3 -13.3 72 0 10.6 10.7 10.0 2.5 2 1 4 3 3
-2542.0 7988.5 -11.4 63 0 15.7 11.1 7.5 2.5 2 0 3 2 2
-2522.4 7988.8 -11.3 64 0 10.0 29.8 10.0 2.5 4 1 4 3 3
-2552.4 8046.6 -11.2 245 0 11.5 9.2 7.5 2.5 2 0 3 2 2
-2525.6 8059.4 -11.4 244 0 14.6 8.5 2.5 2.5 2 0 1 0 0
-2505.0 8063.6 -11.5 247 0 12.5 9.3 2.5 2.5 2 0 1 2 2
-2469.6 8162.3 -11.5 176 0 7.8 7.3 5.0 2.5 2 0 2 2 2
-2462.3 8162.8 -11.6 176 0 7.9 24.5 5.0 2.5 2 0 2 2 2
-2405.9 8170.2 -11.5 269 0 4.8 10.0 5.0 2.5 2 1 2 2 2
-2443.4 8109.4 -12.0 80 0 12.0 15.0 5.0 2.5 2 1 2 3 3
-2411.4 8110.5 -11.7 77 0 11.2 16.0 5.0 2.5 2 1 2 4 4
-2393.4 8113.1 -11.6 88 0 14.1 11.3 5.0 2.5 2 0 2 0 0
-2365.5 8114.0 -11.4 88 0 6.6 19.2 5.0 0.0 0 0 2 1 1
-2374.8 8113.7 -11.5 88 0 12.1 23.1 7.5 0.0 0 0 3 5 5
-2361.2 8088.0 -11.5 269 0 9.9 10.1 5.0 2.5 2 1 2 3 3
-2307.7 8255.0 -11.7 356 0 7.5 8.0 5.0 2.5 2 1 2 5 5
-2295.1 8231.5 -11.8 356 0 20.1 11.5 5.0 2.5 2 0 2 3 3
-2291.3 8127.0 -11.5 92 0 5.5 21.7 2.5 2.5 2 1 1 3 3
-2281.1 8113.5 -11.4 93 0 13.9 10.1 10.0 0.0 0 0 4 2 2
-2305.4 8132.4 -11.5 94 0 8.3 15.8 7.5 2.5 2 1 3 1 1
-2326.3 8088.3 -11.4 272 0 14.1 13.3 2.5 2.5 2 0 1 5 5
-2302.3 8060.7 -11.3 92 0 7.0 9.1 7.5 2.5 2 1 3 3 3
-2281.9 8067.0 -11.2 272 0 8.3 8.7 2.5 2.5 2 1 1 5 5
-2298.6 8090.1 -11.2 272 0 11.0 9.6 2.5 2.5 2 0 1 3 3
-2280.3 8089.3 -11.3 272 0 9.9 8.3 5.0 2.5 2 0 2 1 1
-2258.2 8019.7 -11.2 92 0 10.6 15.6 2.5 2.5 2 1 1 4 4
-2189.5 8085.6 -11.4 273 0 13.1 9.8 5.0 2.5 2 0 2 4 4
-2222.5 8086.7 -11.4 272 0 14.9 9.7 7.5 2.5 2 0 3 0 0
-2247.6 8087.7 -11.3 272 0 11.1 10.1 7.5 2.5 4 0 3 1 1
-2266.0 8088.5 -11.3 273 0 8.2 9.8 5.0 2.5 2 1 2 1 1
-2251.3 8129.6 -11.6 92 0 8.7 17.0 7.5 2.5 2 1 3 2 2
-2221.4 8128.0 -11.6 92 0 8.8 16.3 5.0 2.5 2 1 2 3 3
-2194.2 8120.0 -11.7 90 0 7.9 14.4 5.0 2.5 2 0 2 4 4
-2190.9 8134.4 -11.7 91 0 8.4 8.9 5.0 0.0 0 0 2 2 2
-2161.2 8126.2 -11.4 92 0 8.6 16.1 5.0 2.5 2 1 2 0 0
-2145.5 8128.1 -11.1 89 0 5.2 22.1 5.0 2.5 2 1 2 4 4
-2133.4 8110.9 -10.8 92 0 10.2 9.5 7.5 2.5 2 0 3 3 3
-2131.1 8124.9 -10.8 92 0 8.7 16.0 5.0 2.5 4 1 2 0 0
-2115.1 8082.7 -10.3 272 0 9.7 12.3 5.0 2.5 2 1 2 0 0
-2085.8 8114.7 -10.0 85 0 9.0 8.4 7.5 2.5 2 0 3 3 3
-2053.3 8117.3 -9.5 83 0 10.7 8.5 7.5 0.0 0 0 3 5 5
-2038.0 8148.4 -9.4 261 0 5.8 15.0 7.5 2.5 2 1 3 2 2
-1993.9 8146.0 -8.6 173 0 4.5 23.2 5.0 2.5 2 1 2 3 3
-2003.7 8125.1 -8.8 81 0 5.3 21.4 5.0 2.5 2 0 2 1 1
-2011.4 8123.8 -8.8 80 0 10.4 5.4 7.5 2.5 2 0 3 4 4
-2052.4 8042.3 -9.6 3 0 6.9 45.8 7.5 0.0 0 1 3 3 3
-2051.4 8071.8 -9.1 265 0 8.9 19.5 7.5 2.5 2 1 3 5 5
-2036.0 8091.5 -9.1 265 0 26.8 13.4 10.0 0.0 0 0 4 4 4
-2024.1 8120.0 -9.0 81 0 9.0 8.1 7.5 2.5 4 0 3 1 1
-1873.9 8010.8 -4.7 280 0 56.2 13.8 15.0 0.0 0 0 6 1 1
-1941.9 8100.3 -7.7 264 0 43.9 12.4 7.5 2.5 2 0 3 1 1
-1970.2 8097.6 -7.9 265 0 13.0 12.4 10.0 2.5 2 0 4 3 3
-1990.6 8095.6 -8.4 265 0 28.1 13.3 10.0 0.0 0 0 4 2 2
-1985.6 8126.6 -8.5 83 0 11.0 10.5 5.0 0.0 0 0 2 4 4
-1975.6 8127.5 -8.3 82 0 9.0 11.3 5.0 2.5 4 0 2 3 3
-1957.9 8161.6 -8.5 263 0 8.9 16.1 5.0 2.5 2 1 2 0 0
-1940.6 8215.5 -9.9 265 0 5.5 26.7 5.0 2.5 2 1 2 2 2
-1916.7 8212.8 -9.7 263 0 5.6 13.0 5.0 0.0 0 1 2 4 4
-1940.7 8183.1 -9.1 174 0 6.2 24.1 2.5 2.5 2 1 1 2 2
-1925.3 8149.0 -8.5 84 0 8.7 20.2 5.0 2.5 2 1 2 3 3
-1916.6 8132.2 -7.8 84 0 11.0 10.0 5.0 2.5 2 0 2 4 4
-1896.7 8152.2 -8.4 84 0 8.6 16.1 5.0 2.5 2 1 2 5 5
-1866.8 8155.6 -8.3 83 0 8.7 16.0 7.5 2.5 4 1 3 3 3
-1830.8 8162.5 -7.9 52 0 8.7 16.1 7.5 2.5 2 1 3 1 1
-1803.8 8157.2 -7.3 54 0 10.1 9.5 2.5 2.5 2 0 1 0 0
-1787.1 8170.2 -8.5 50 0 9.5 30.4 7.5 2.5 2 1 3 0 0
-1828.2 8218.8 -9.5 230 0 9.3 18.5 5.0 2.5 2 1 2 1 1
-1774.8 8207.9 -9.7 50 0 8.7 11.4 7.5 2.5 2 1 3 2 2
-1716.8 8302.7 -11.3 226 0 12.4 6.2 5.0 2.5 2 0 2 2 2
-1723.4 8229.8 -10.5 48 0 12.6 11.5 2.5 2.5 2 0 1 5 5
-1689.0 8220.1 -10.3 231 0 17.4 10.5 5.0 2.5 2 0 2 5 5
-1702.6 8267.2 -10.4 51 0 8.7 16.1 2.5 2.5 2 1 1 3 3
-1671.4 8305.7 -11.1 318 0 6.1 9.0 7.5 2.5 2 1 3 0 0
-1664.0 8277.9 -10.4 50 0 5.0 10.7 7.5 2.5 2 0 3 5 5
-1667.9 8274.6 -10.3 50 0 5.0 10.8 7.5 2.5 2 0 3 5 5
-1662.4 8284.1 -10.5 50 0 5.4 6.8 7.5 2.5 2 0 3 2 2
-1598.2 8280.9 -9.7 230 0 4.2 9.2 5.0 2.5 2 0 2 3 3
-1579.0 8243.9 -9.7 55 0 13.4 4.7 2.5 2.5 2 0 1 1 1
-1591.6 8274.5 -9.4 229 0 3.9 12.5 7.5 2.5 2 0 3 3 3
-1575.3 8255.4 -9.5 48 0 5.1 12.6 5.0 2.5 2 0 2 5 5
-1616.6 8204.5 -10.2 115 0 8.0 16.2 2.5 2.5 2 1 1 5 5
-1626.8 8241.5 -9.9 230 0 8.7 7.3 2.5 2.5 2 0 1 1 1
-1632.3 8248.2 -9.8 231 0 8.7 8.7 2.5 2.5 4 0 1 0 0
-1606.8 8269.4 -9.4 232 0 8.6 11.1 7.5 2.5 2 1 3 0 0
-1594.3 8234.1 -9.8 54 0 14.9 6.0 5.0 2.5 2 0 2 2 2
-1562.9 8257.1 -9.5 49 0 16.0 7.0 5.0 2.5 4 0 2 3 3
-1542.0 8279.7 -9.5 49 0 11.7 7.1 5.0 2.5 2 0 2 0 0
-1560.3 8308.3 -10.5 229 0 8.8 26.6 7.5 2.5 2 0 3 4 4
-1584.9 8288.5 -9.9 231 0 7.6 15.7 5.0 0.0 0 1 2 5 5
-1598.0 8301.9 -10.5 232 0 9.1 8.6 7.5 2.5 2 0 3 2 2
-1572.9 8321.2 -11.1 228 0 13.5 9.0 2.5 2.5 2 0 1 4 4
-1552.8 8338.7 -11.5 231 0 10.4 10.7 2.5 2.5 2 1 1 3 3
2497.6 8048.7 -12.8 104 0 11.5 6.0 2.5 2.5 2 0 1 4 4
3002.7 7913.8 -10.2 0 0 4.3 6.5 2.5 2.5 2 1 1 3 3
3350.9 7956.9 -11.4 91 0 8.7 17.2 5.0 2.5 4 1 2 2 2
3377.7 8125.2 -9.2 176 0 9.4 5.6 2.5 2.5 2 0 1 5 5
3379.2 8138.1 -9.4 179 0 7.9 9.5 5.0 2.5 2 1 2 5 5
3418.1 8145.7 -8.3 266 0 5.8 16.0 5.0 2.5 2 1 2 3 3
3404.7 8142.3 -8.8 267 0 4.5 7.9 7.5 2.5 2 1 3 5 5
3377.3 8109.3 -9.2 175 0 16.8 8.1 7.5 2.5 2 0 3 0 0
3411.0 8101.0 -8.4 87 0 9.5 13.8 5.0 2.5 2 1 2 2 2
3766.0 8086.9 -8.5 344 0 11.2 6.6 7.5 2.5 2 0 3 4 4
3748.9 8051.9 -9.6 167 0 11.5 7.0 5.0 2.5 2 0 2 5 5
4255.2 7554.0 -11.5 135 0 6.9 12.7 7.5 2.5 2 1 3 4 4
4839.1 8070.0 -11.6 301 0 14.8 6.1 2.5 2.5 4 0 1 0 0
4822.5 8044.9 -11.5 125 0 16.0 7.6 5.0 2.5 2 0 2 2 2
4817.8 8065.1 -10.9 215 0 13.2 5.9 5.0 2.5 2 0 2 1 1
4903.9 8273.6 -13.1 318 0 7.6 7.9 5.0 2.5 2 0 2 4 4
4917.4 8256.8 -13.5 319 0 13.5 9.1 5.0 2.5 2 0 2 0 0
4898.0 8268.3 -13.4 316 0 7.7 11.3 7.5 2.5 2 0 3 1 1
4872.9 8308.6 -12.4 317 0 6.5 5.6 5.0 2.5 4 0 2 2 2
4929.0 8359.2 -10.4 339 0 16.0 7.1 7.5 2.5 2 0 3 3 3
4894.9 8339.6 -11.2 141 0 14.6 9.2 5.0 2.5 2 0 2 5 5
4932.1 8341.6 -10.7 340 0 6.4 10.7 7.5 2.5 4 1 3 1 1
4915.4 8312.0 -11.5 145 0 9.8 8.1 5.0 2.5 2 0 2 2 2
4942.5 8303.6 -11.7 152 0 12.5 7.7 7.5 2.5 2 0 3 1 1
5093.5 8384.2 -16.0 179 0 18.7 68.1 10.0 2.5 2 1 4 0 0
5010.6 8271.8 -14.0 275 0 8.7 9.6 5.0 2.5 2 1 2 2 2
4990.6 8234.6 -13.8 93 0 10.2 15.9 5.0 2.5 2 0 2 2 2
4992.6 8264.1 -13.8 274 0 10.2 13.7 2.5 2.5 2 0 1 3 3
5058.7 8240.0 -14.2 4 0 18.8 10.8 7.5 2.5 4 0 3 5 5
5033.5 8247.6 -13.9 281 0 7.6 9.9 7.5 2.5 2 1 3 2 2
5003.1 8217.9 -14.1 88 0 4.5 9.7 7.5 2.5 2 0 3 0 0
4943.2 8198.7 -12.8 16 0 5.9 11.9 7.5 2.5 2 1 3 2 2
4922.1 8187.2 -12.3 103 0 9.0 12.0 7.5 2.5 2 1 3 2 2
4944.4 8153.1 -13.1 48 0 11.0 8.4 2.5 2.5 2 0 1 4 4
4951.6 8159.6 -13.2 48 0 8.5 8.4 7.5 2.5 2 0 3 5 5
4979.0 8178.9 -14.0 328 0 10.1 16.4 5.0 2.5 2 1 2 0 0
5054.7 7891.9 -18.9 81 0 7.1 16.9 7.5 2.5 2 1 3 4 4
5056.3 7935.1 -18.3 351 0 11.3 7.8 2.5 2.5 2 0 1 1 1
5035.0 7920.6 -18.5 169 0 8.2 14.2 7.5 2.5 2 1 3 5 5
5027.6 7945.2 -18.0 168 0 7.2 15.3 7.5 0.0 0 1 3 1 1
5036.8 8064.2 -16.8 355 0 5.4 16.2 7.5 2.5 4 1 3 0 0
5114.7 8084.8 -16.9 266 0 9.9 12.5 7.5 0.0 0 1 3 4 4
5139.1 8099.8 -16.9 265 0 9.4 24.3 5.0 2.5 2 1 2 1 1
5117.5 8098.5 -17.1 268 0 16.2 6.9 5.0 2.5 2 0 2 4 4
5091.3 8043.3 -16.8 175 0 5.4 14.1 5.0 2.5 2 1 2 2 2
5113.5 8047.3 -16.6 177 0 6.0 15.0 2.5 2.5 2 1 1 2 2
5113.8 8026.0 -17.0 179 0 21.3 8.3 5.0 2.5 2 0 2 5 5
5045.1 7981.7 -17.7 258 0 10.4 16.3 2.5 2.5 2 1 1 2 2
5153.3 7876.2 -19.7 352 0 6.9 11.3 7.5 2.5 2 1 3 2 2
5124.9 7966.3 -17.8 174 0 6.4 9.8 2.5 2.5 2 0 1 5 5
4897.7 7219.1 -13.3 247 0 9.3 23.9 5.0 2.5 2 1 2 5 5
4780.9 7145.1 -13.8 113 0 18.2 9.2 5.0 0.0 0 0 2 5 5
4803.4 7164.7 -13.6 31 0 12.5 4.7 2.5 2.5 2 0 1 2 2
4792.9 7191.7 -13.3 299 0 15.9 9.3 5.0 2.5 2 0 2 0 0
4763.4 7178.6 -13.5 206 0 19.8 8.7 5.0 2.5 2 0 2 4 4
4704.4 7034.4 -15.4 204 0 12.0 8.1 5.0 2.5 2 0 2 4 4
4718.9 7004.6 -13.6 22 0 7.1 14.1 7.5 2.5 2 1 3 2 2
4733.9 7032.1 -14.9 292 0 6.4 18.3 2.5 2.5 2 1 1 1 1
4595.4 6854.5 -10.8 49 0 5.0 9.8 7.5 2.5 2 0 3 0 0
4577.6 6872.9 -11.1 229 0 6.2 15.8 2.5 2.5 2 0 1 1 1
-6525.7 7777.1 11.5 83 0 7.6 12.7 5.0 2.5 2 1 2 4 4
-6478.1 7807.3 9.4 0 0 7.4 4.1 5.0 2.5 2 0 2 2 2
-6501.9 7838.7 10.4 270 0 10.1 15.2 5.0 2.5 2 1 2 2 2
-6933.9 7941.9 20.7 121 0 9.4 13.4 5.0 2.5 2 1 2 3 3
-2475.1 -577.1 -12.9 317 0 7.1 12.6 7.5 2.5 2 1 3 3 3
-2468.5 -597.7 -12.9 316 0 18.7 5.5 5.0 2.5 2 0 2 2 2
-2469.5 -632.9 -12.3 48 0 4.6 11.3 5.0 2.5 4 0 2 1 1
-2460.4 -639.5 -12.4 50 0 4.2 11.0 7.5 2.5 2 0 3 0 0
-2347.6 -628.7 -14.9 350 0 6.1 10.5 7.5 2.5 4 1 3 1 1
-2384.2 -663.2 -15.0 62 0 15.6 10.1 5.0 0.0 0 0 2 1 1
-2447.6 -624.8 -13.2 54 0 12.5 9.0 2.5 2.5 4 0 1 4 4
-2405.5 -616.4 -14.6 231 0 13.6 8.3 7.5 2.5 2 0 3 1 1
-2362.0 -603.5 -14.4 261 0 15.7 11.6 10.0 2.5 2 0 4 1 1
-2338.2 -556.3 -14.3 341 0 8.7 4.5 7.5 2.5 2 0 3 4 4
-2340.6 -548.4 -15.0 345 0 7.9 4.5 5.0 2.5 2 0 2 4 4
-2372.4 -573.7 -13.3 93 0 11.7 8.1 7.5 2.5 2 0 3 5 5
-2383.2 -573.2 -13.3 93 0 9.9 6.0 7.5 2.5 2 0 3 4 4
-2401.3 -568.0 -13.7 93 0 10.6 12.6 7.5 2.5 2 1 3 4 4
-2350.6 -570.6 -13.6 82 0 13.6 8.8 5.0 2.5 2 0 2 5 5
-2297.6 -478.0 -21.7 88 0 7.2 5.1 2.5 2.5 2 0 1 4 4
-2275.6 -472.1 -21.8 268 0 7.1 8.4 5.0 2.5 2 1 2 5 5
-2205.6 -561.8 -14.4 267 0 18.3 5.3 5.0 2.5 2 0 2 0 0
-2259.4 -576.4 -13.5 113 0 4.7 7.9 5.0 2.5 2 1 2 3 3
-2233.4 -573.7 -13.8 114 0 9.0 6.6 5.0 2.5 2 0 2 3 3
-2251.3 -562.5 -14.2 203 0 6.2 13.2 7.5 2.5 4 1 3 0 0
-2241.9 -587.5 -13.8 117 0 8.8 8.0 5.0 2.5 2 0 2 0 0
-2250.0 -583.4 -13.7 117 0 9.4 8.0 5.0 2.5 2 0 2 1 1
-2238.1 -632.7 -15.2 287 0 11.0 6.1 5.0 0.0 0 0 2 0 0
-2251.4 -641.7 -15.3 159 0 12.3 6.0 7.5 2.5 2 0 3 3 3
-2237.1 -604.7 -14.5 291 0 7.8 9.0 2.5 2.5 4 0 1 2 2
-2229.8 -607.6 -14.6 291 0 7.8 9.0 7.5 2.5 2 0 3 2 2
-2154.8 -652.9 -15.8 282 0 14.1 7.3 2.5 2.5 2 0 1 5 5
-2151.4 -628.7 -15.1 280 0 10.1 8.1 5.0 2.5 2 0 2 2 2
-2225.6 -636.4 -15.4 280 0 6.8 11.4 2.5 2.5 4 1 1 1 1
-2210.9 -638.6 -15.3 281 0 5.2 7.5 5.0 2.5 4 1 2 3 3
-2194.1 -637.1 -15.3 280 0 18.2 4.9 7.5 2.5 4 0 3 4 4
-2195.2 -620.1 -14.9 282 0 10.3 6.6 5.0 0.0 0 0 2 4 4
-2207.3 -614.7 -14.8 280 0 5.1 11.0 7.5 2.5 2 1 3 2 2
-2214.9 -611.6 -14.7 290 0 10.2 8.0 7.5 2.5 2 0 3 1 1
-2228.2 -591.0 -13.9 99 0 5.0 13.8 2.5 2.5 2 1 1 5 5
-2219.1 -592.5 -13.9 97 0 9.0 11.2 5.0 2.5 2 1 2 2 2
-2166.9 -588.5 -13.8 89 0 10.6 5.7 7.5 2.5 2 0 3 0 0
-2174.4 -598.4 -14.1 86 0 5.3 10.5 2.5 2.5 2 0 1 5 5
-2185.6 -588.4 -13.8 88 0 15.8 7.8 7.5 2.5 2 0 3 0 0
-2199.3 -605.7 -14.3 101 0 12.9 8.4 7.5 0.0 0 0 3 1 1
-2159.5 -613.4 -14.5 98 0 7.1 8.4 7.5 2.5 2 0 3 1 1
-2168.6 -612.1 -14.5 186 0 8.4 5.6 5.0 2.5 2 0 2 5 5
-2158.0 -588.7 -13.8 84 0 8.5 8.7 7.5 2.5 2 1 3 1 1
-2143.6 -583.1 -13.9 260 0 7.0 6.0 5.0 2.5 2 0 2 5 5
-2129.2 -596.5 -14.1 78 0 13.9 7.1 7.5 2.5 2 0 3 1 1
-2127.1 -616.0 -14.6 101 0 8.2 8.0 7.5 2.5 2 0 3 2 2
-2139.9 -639.0 -15.5 284 0 6.1 9.6 5.0 2.5 2 1 2 1 1
-2111.2 -684.7 -16.5 102 0 8.0 5.4 7.5 2.5 2 0 3 1 1
-2086.1 -651.6 -16.0 283 0 6.0 14.1 7.5 2.5 2 1 3 1 1
-2111.3 -605.5 -14.3 99 0 5.0 17.0 7.5 2.5 2 1 3 0 0
-2061.5 -637.2 -15.2 83 0 9.0 4.5 7.5 2.5 2 0 3 3 3
-2081.2 -633.1 -15.1 111 0 12.6 8.5 2.5 2.5 2 0 1 5 5
-2095.6 -621.9 -14.8 135 0 7.0 9.8 7.5 2.5 2 1 3 0 0
-2098.1 -610.1 -14.5 100 0 9.0 8.0 5.0 2.5 2 0 2 0 0
-2090.3 -598.0 -14.1 77 0 4.6 9.7 5.0 2.5 2 1 2 0 0
-2095.7 -577.3 -13.8 262 0 6.1 6.9 7.5 2.5 2 1 3 3 3
-2058.9 -570.5 -15.0 349 0 13.8 9.3 2.5 2.5 2 0 1 3 3
-2046.5 -559.3 -15.8 348 0 8.8 11.5 7.5 0.0 0 1 3 0 0
-2027.5 -548.0 -17.6 67 0 6.0 13.2 5.0 0.0 0 1 2 1 1
-2025.6 -644.0 -15.2 270 0 6.4 7.6 7.5 2.5 2 1 3 0 0
-2047.6 -755.1 -20.9 204 0 9.2 9.6 7.5 2.5 2 1 3 0 0
-2071.9 -660.1 -16.1 286 0 5.1 10.9 5.0 2.5 2 1 2 5 5
-2057.5 -654.7 -15.8 288 0 11.7 7.7 2.5 2.5 2 0 1 4 4
-2038.8 -686.2 -15.5 284 0 12.2 6.3 5.0 2.5 2 0 2 4 4
-2022.3 -685.3 -16.1 295 0 6.1 13.9 5.0 2.5 2 1 2 0 0
-2000.2 -694.7 -16.8 324 0 6.1 7.9 7.5 2.5 4 0 3 3 3
-2015.3 -706.0 -17.5 312 0 7.6 5.0 5.0 2.5 2 0 2 0 0
-2006.4 -714.0 -17.5 314 0 15.7 5.2 2.5 2.5 2 0 1 2 2
-2005.1 -754.5 -20.3 35 0 6.6 13.2 7.5 2.5 2 1 3 0 0
-2008.5 -772.5 -21.5 32 0 6.6 18.9 5.0 2.5 2 1 2 0 0
-2064.1 -679.7 -16.2 287 0 20.2 5.4 7.5 2.5 2 0 3 2 2
-2040.7 -692.2 -15.7 284 0 13.0 5.8 5.0 2.5 2 0 2 5 5
-2035.4 -729.0 -18.7 204 0 11.9 6.2 5.0 2.5 2 0 2 0 0
-2056.0 -612.3 -14.6 358 0 7.2 18.0 5.0 2.5 2 1 2 0 0
-2048.8 -590.4 -14.1 348 0 8.0 9.0 5.0 2.5 2 1 2 0 0
-2034.9 -581.4 -14.1 350 0 9.2 9.0 5.0 2.5 2 0 2 4 4
-2024.6 -608.1 -14.6 173 0 11.2 5.6 5.0 2.5 2 0 2 1 1
-1987.4 -721.1 -16.7 320 0 11.3 8.0 5.0 2.5 2 0 2 4 4
-1979.3 -684.0 -15.6 120 0 9.2 11.3 5.0 2.5 2 1 2 1 1
-1992.9 -643.2 -14.4 258 0 4.9 11.4 7.5 2.5 2 1 3 1 1
-1966.0 -647.4 -13.8 277 0 6.9 14.0 5.0 2.5 2 1 2 5 5
-1970.1 -667.0 -14.6 194 0 5.5 10.3 5.0 2.5 2 1 2 2 2
-1936.6 -652.8 -13.5 359 0 5.5 17.1 5.0 2.5 2 1 2 0 0
-1937.7 -629.7 -13.3 260 0 4.9 15.4 5.0 0.0 0 1 2 0 0
-1995.8 -700.8 -16.8 324 0 8.9 8.1 7.5 2.5 2 0 3 1 1
-2036.1 -662.6 -15.5 294 0 14.1 8.8 7.5 2.5 2 0 3 5 5
-1989.7 -533.9 -17.5 50 0 5.2 12.7 7.5 2.5 2 1 3 2 2
-1976.6 -508.0 -17.9 326 0 5.3 19.1 7.5 2.5 2 1 3 4 4
-2001.8 -588.4 -14.3 161 0 10.5 17.8 2.5 2.5 4 1 1 2 2
-2011.0 -637.9 -14.9 256 0 12.1 8.5 7.5 2.5 2 0 3 2 2
-1986.5 -632.5 -14.4 260 0 12.4 7.6 7.5 2.5 2 0 3 1 1
-1955.1 -626.5 -13.7 258 0 11.5 8.0 5.0 2.5 2 0 2 4 4
-2197.4 -1394.5 -15.8 336 0 7.0 11.9 5.0 2.5 2 1 2 5 5
-2222.8 -1378.9 -16.4 248 0 10.4 15.9 7.5 2.5 2 1 3 4 4
-2451.2 -2777.1 -23.8 38 0 12.3 3.4 2.5 2.5 2 0 1 1 1
-2434.3 -2757.2 -21.7 38 0 5.0 7.6 5.0 2.5 2 1 2 4 4
-2465.2 -2811.3 -26.0 308 0 9.8 4.6 5.0 2.5 2 0 2 4 4
-2448.2 -2812.3 -26.0 305 0 5.0 12.3 5.0 2.5 2 1 2 0 0
-2458.8 -2785.8 -25.1 307 0 5.7 14.6 7.5 2.5 2 1 3 0 0
-2449.4 -2784.2 -24.1 218 0 6.9 14.7 5.0 2.5 2 0 2 4 4
-2428.6 -2764.3 -22.4 221 0 5.0 27.4 7.5 2.5 2 1 3 0 0
-2415.0 -2797.5 -24.1 220 0 23.8 7.9 5.0 2.5 4 0 2 4 4
-2422.3 -2868.0 -26.5 121 0 5.6 7.1 7.5 2.5 2 1 3 1 1
-2402.2 -2870.5 -26.0 121 0 4.2 7.8 2.5 0.0 0 1 1 5 5
-2378.4 -2898.2 -26.7 121 0 5.1 12.6 2.5 0.0 0 1 1 1 1
-2337.3 -2912.8 -26.2 121 0 9.4 7.9 2.5 2.5 2 0 1 2 2
-2353.8 -2906.3 -26.4 121 0 15.2 7.9 2.5 2.5 2 0 1 1 1
-2349.7 -2862.4 -24.6 302 0 7.3 9.4 2.5 2.5 2 1 1 4 4
-2360.8 -2854.0 -24.2 31 0 8.1 11.5 2.5 2.5 4 1 1 0 0
-2361.0 -2803.6 -22.3 301 0 6.8 9.8 2.5 2.5 2 1 1 5 5
-2164.4 -3040.2 -20.9 350 0 9.4 10.9 5.0 2.5 2 1 2 0 0
-2314.1 -2903.1 -25.1 302 0 8.0 5.1 5.0 2.5 2 0 2 1 1
-2301.6 -2906.7 -24.6 300 0 8.0 6.9 5.0 2.5 2 0 2 4 4
-2283.4 -2910.6 -23.8 302 0 4.8 7.9 7.5 2.5 2 1 3 5 5
-2270.5 -2913.7 -23.1 300 0 6.2 11.0 7.5 2.5 4 1 3 3 3
-2257.2 -2927.7 -22.5 304 0 8.9 8.1 5.0 2.5 2 0 2 2 2
-2245.9 -2943.3 -22.8 301 0 7.1 14.5 7.5 2.5 2 1 3 5 5
-2208.7 -3182.6 -27.2 167 0 8.3 10.9 7.5 2.5 4 1 3 4 4
-2186.1 -3181.5 -25.0 249 0 7.3 6.8 7.5 2.5 2 0 3 1 1
-2212.5 -3228.9 -27.5 163 0 6.9 9.3 2.5 2.5 2 1 1 3 3
-2207.4 -3266.8 -26.9 169 0 8.5 13.1 7.5 2.5 4 1 3 5 5
-2197.1 -3277.2 -26.8 347 0 5.5 11.3 5.0 2.5 4 1 2 0 0
-2196.3 -3297.4 -26.7 347 0 7.1 15.1 7.5 2.5 2 1 3 1 1
-2259.5 -3409.0 -28.3 235 0 6.4 8.9 5.0 2.5 2 1 2 2 2
-2192.6 -3384.6 -23.8 182 0 6.1 11.0 5.0 2.5 2 1 2 3 3
-2184.4 -3517.1 -20.3 347 0 6.6 7.8 7.5 2.5 2 1 3 3 3
-2200.3 -3490.6 -21.1 266 0 9.4 8.1 7.5 2.5 2 0 3 1 1
-2266.3 -3506.6 -25.7 257 0 6.2 6.7 7.5 2.5 2 1 3 4 4
-2272.5 -3435.0 -28.0 257 0 8.8 10.7 7.5 2.5 2 1 3 1 1
-2300.6 -3451.0 -28.9 167 0 4.5 10.5 5.0 0.0 0 1 2 3 3
-2292.5 -3456.1 -28.2 256 0 4.8 6.8 5.0 2.5 2 1 2 0 0
-2296.1 -3480.3 -27.3 167 0 3.7 9.6 5.0 2.5 2 1 2 2 2
-2296.9 -3496.5 -27.6 167 0 7.2 13.5 5.0 2.5 2 1 2 0 0
-2290.7 -3513.9 -27.5 167 0 10.0 11.6 5.0 0.0 0 1 2 3 3
-2285.9 -3530.0 -27.4 167 0 9.0 8.9 5.0 2.5 2 0 2 0 0
-2276.9 -3554.6 -27.1 167 0 6.7 12.2 5.0 0.0 0 1 2 4 4
-2247.2 -3594.1 -25.9 76 0 3.2 9.4 2.5 2.5 2 1 1 1 1
-2247.6 -3523.6 -24.7 257 0 8.8 5.6 5.0 2.5 2 0 2 3 3
-2234.8 -3520.2 -23.6 257 0 7.5 8.1 5.0 0.0 0 1 2 2 2
-2228.0 -3545.3 -23.8 347 0 5.3 7.3 2.5 2.5 2 1 1 5 5
-2202.2 -3558.7 -22.9 347 0 13.3 12.1 7.5 2.5 2 0 3 2 2
-2192.2 -3615.0 -23.5 346 0 4.3 11.2 2.5 2.5 2 1 1 4 4
-2196.7 -3597.0 -23.4 347 0 9.9 10.3 5.0 2.5 2 1 2 5 5
-2198.6 -3752.8 -25.0 77 0 3.2 8.4 5.0 0.0 0 1 2 0 0
-2156.2 -3741.5 -22.1 76 0 9.5 4.3 2.5 2.5 2 0 1 0 0
-2176.1 -3750.3 -23.5 76 0 7.1 4.6 5.0 2.5 2 0 2 2 2
-2184.1 -3764.9 -24.2 76 0 6.5 6.2 2.5 2.5 2 0 1 3 3
-2198.0 -3762.3 -25.0 167 0 6.8 5.7 7.5 2.5 2 0 3 0 0
-2231.6 -3727.3 -26.9 167 0 5.5 9.3 7.5 2.5 2 1 3 3 3
-2183.3 -3711.0 -23.6 257 0 11.0 4.6 7.5 2.5 2 0 3 2 2
-2161.1 -3711.3 -22.0 256 0 7.4 10.8 7.5 2.5 2 1 3 3 3
-2132.0 -3747.2 -20.9 76 0 6.5 12.0 7.5 2.5 2 1 3 4 4
-2118.9 -3719.5 -20.0 258 0 9.7 6.6 7.5 2.5 2 0 3 5 5
-2075.5 -3710.5 -17.5 258 0 7.9 7.5 5.0 2.5 2 0 2 2 2
-2039.5 -3727.6 -15.7 343 0 7.1 7.4 7.5 2.5 2 1 3 5 5
-2029.5 -3759.5 -15.5 349 0 7.7 8.1 7.5 2.5 2 1 3 3 3
-2030.1 -3780.9 -15.4 82 0 7.5 8.5 2.5 2.5 2 1 1 1 1
-2045.9 -3775.0 -16.0 71 0 7.5 8.7 7.5 2.5 2 1 3 4 4
-2072.2 -3791.5 -17.7 71 0 9.0 10.2 7.5 2.5 2 1 3 3 3
-2111.2 -3787.5 -19.8 165 0 9.8 9.7 5.0 2.5 2 0 2 2 2
-2183.2 -3929.7 -21.1 63 0 5.5 7.9 7.5 2.5 2 1 3 3 3
-2145.3 -3892.0 -19.1 333 0 6.2 6.2 2.5 2.5 2 0 1 1 1
-2166.1 -3876.5 -20.9 243 0 6.0 9.9 5.0 2.5 2 1 2 0 0
-2138.5 -3870.6 -19.8 345 0 9.2 5.1 5.0 2.5 2 0 2 3 3
-2166.7 -3924.6 -19.4 72 0 7.0 9.0 7.5 2.5 2 1 3 5 5
-2147.8 -3911.7 -18.4 342 0 9.0 6.2 5.0 2.5 4 0 2 2 2
-2219.3 -3907.3 -23.5 173 0 7.0 9.0 5.0 2.5 2 1 2 1 1
-2213.3 -3933.9 -23.8 151 0 8.9 7.1 5.0 2.5 2 0 2 0 0
-2139.7 -4085.5 -27.2 96 0 6.2 10.4 7.5 2.5 2 1 3 5 5
-2152.4 -4052.7 -26.4 270 0 7.5 5.4 2.5 2.5 2 0 1 3 3
-2162.8 -4077.4 -28.4 178 0 7.5 12.0 7.5 2.5 2 1 3 5 5
-2179.1 -4079.6 -29.4 180 0 11.1 9.2 5.0 2.5 2 0 2 0 0
-2118.8 -4087.9 -25.8 107 0 13.5 7.6 5.0 2.5 2 0 2 3 3
-2094.0 -4085.5 -24.1 294 0 10.3 5.8 5.0 2.5 2 0 2 3 3
-2076.4 -4093.5 -23.6 294 0 10.3 8.2 7.5 0.0 0 0 3 4 4
-2057.6 -4119.4 -24.9 311 0 8.2 7.2 7.5 2.5 2 0 3 5 5
-1923.2 -3536.2 -15.2 343 0 9.0 8.1 2.5 2.5 2 0 1 5 5
-1949.4 -3581.3 -17.2 269 0 6.2 8.5 7.5 2.5 2 1 3 0 0
-1880.9 -3812.9 -15.7 353 0 13.0 10.0 2.5 2.5 2 0 1 0 0
-1841.1 -3738.3 -16.6 165 0 5.9 6.0 7.5 0.0 0 1 3 1 1
-1838.9 -3810.0 -15.9 165 0 6.4 5.2 5.0 2.5 2 0 2 3 3
-1851.4 -3927.6 -15.3 161 0 7.7 8.9 7.5 2.5 2 1 3 3 3
-1853.4 -3811.5 -15.9 165 0 10.6 6.2 5.0 2.5 2 0 2 5 5
-1793.3 -3798.3 -16.0 345 0 6.0 8.0 5.0 2.5 2 1 2 4 4
-1831.2 -3774.8 -16.4 165 0 9.1 8.8 7.5 2.5 2 0 3 0 0
-1785.0 -3874.6 -15.0 2 0 6.5 8.7 5.0 2.5 2 1 2 5 5
-1804.7 -3906.5 -14.8 71 0 7.0 8.4 2.5 0.0 0 1 1 1 1
-1770.3 -3896.1 -14.6 344 0 14.4 15.0 2.5 2.5 2 1 1 0 0
-1746.0 -3829.9 -15.3 346 0 5.9 11.2 5.0 2.5 2 1 2 2 2
-1834.9 -3892.7 -15.1 164 0 10.9 7.2 5.0 2.5 2 0 2 1 1
-1836.2 -3832.8 -15.9 165 0 7.6 9.0 5.0 2.5 2 1 2 2 2
-1905.5 -3671.5 -17.7 355 0 8.2 9.0 7.5 2.5 2 1 3 1 1
-1878.3 -3620.3 -17.2 353 0 5.3 9.4 2.5 2.5 2 1 1 4 4
-1874.5 -3657.7 -17.2 357 0 6.2 7.0 5.0 2.5 2 1 2 3 3
-1873.8 -3673.5 -17.2 354 0 7.4 6.6 7.5 2.5 2 0 3 0 0
-1922.5 -3698.0 -17.5 83 0 6.5 10.1 2.5 0.0 0 1 1 1 1
-1972.7 -3623.0 -17.2 264 0 8.0 8.5 5.0 0.0 0 1 2 3 3
-1960.6 -3648.8 -18.1 84 0 8.0 5.2 5.0 2.5 2 0 2 5 5
-1979.3 -3674.8 -17.5 85 0 11.6 7.2 2.5 2.5 2 0 1 3 3
-1955.2 -3889.5 -16.2 77 0 5.0 10.9 7.5 2.5 2 1 3 2 2
-1919.1 -3881.5 -16.1 19 0 10.1 12.8 2.5 2.5 2 1 1 5 5
-1902.4 -3848.1 -16.1 352 0 8.3 5.4 5.0 2.5 2 0 2 4 4
-1966.4 -3810.0 -15.4 264 0 9.1 13.2 5.0 2.5 2 1 2 4 4
-1925.5 -3844.4 -16.0 353 0 4.7 10.1 7.5 2.5 2 1 3 2 2
-1904.1 -3800.1 -15.7 262 0 9.8 13.2 2.5 2.5 2 1 1 5 5
-1867.5 -3585.1 -16.2 358 0 10.8 9.3 5.0 2.5 2 0 2 3 3
-1906.8 -3641.5 -17.7 355 0 8.6 5.8 7.5 2.5 2 0 3 2 2
-1771.3 -3993.7 -15.6 71 0 8.5 5.2 5.0 2.5 2 0 2 3 3
-1737.1 -3980.5 -14.8 74 0 8.0 8.1 7.5 2.5 2 1 3 5 5
-1727.7 -3995.1 -14.6 247 0 13.1 8.1 7.5 2.5 2 0 3 4 4
-2025.4 -4645.7 -29.3 171 0 6.0 9.0 7.5 2.5 4 1 3 3 3
-2007.3 -4646.8 -28.6 80 0 12.2 7.1 2.5 2.5 2 0 1 3 3
-2054.0 -4587.1 -29.7 257 0 5.0 10.3 5.0 2.5 2 1 2 4 4
-2051.4 -4601.6 -29.6 164 0 6.0 19.0 2.5 2.5 2 1 1 2 2
-2040.8 -4627.5 -29.3 120 0 9.5 7.9 5.0 2.5 2 0 2 1 1
-2034.9 -4626.4 -29.0 207 0 7.7 13.0 7.5 2.5 2 0 3 3 3
-1906.8 -4699.3 -27.0 266 0 5.1 9.6 5.0 2.5 4 0 2 0 0
-1901.4 -4680.8 -26.6 353 0 4.8 14.1 7.5 0.0 0 1 3 0 0
-1902.5 -4669.9 -25.3 350 0 9.3 4.3 7.5 2.5 2 0 3 2 2
-1907.3 -4652.2 -24.4 1 0 7.6 11.1 7.5 2.5 4 1 3 3 3
-1917.1 -4675.0 -26.7 345 0 10.5 5.8 5.0 2.5 2 0 2 3 3
-1907.5 -4693.6 -26.8 356 0 11.5 5.0 7.5 2.5 2 0 3 1 1
-1865.7 -4729.5 -24.9 172 0 4.4 8.1 2.5 2.5 2 1 1 5 5
-1862.5 -4758.2 -25.6 335 0 11.2 4.6 7.5 2.5 2 0 3 1 1
-1870.5 -4741.4 -25.7 336 0 16.1 4.3 7.5 0.0 0 0 3 0 0
-1874.2 -4772.4 -26.8 342 0 4.3 8.6 5.0 2.5 2 0 2 0 0
-1870.4 -4768.4 -26.3 340 0 9.1 4.9 5.0 0.0 0 0 2 5 5
-1887.6 -4794.1 -27.4 160 0 13.9 6.1 7.5 2.5 2 0 3 0 0
-1857.7 -4784.3 -26.1 340 0 10.1 9.5 7.5 2.5 2 0 3 0 0
-1851.5 -4813.9 -26.0 344 0 12.9 8.7 2.5 2.5 2 0 1 3 3
-1774.8 -4808.7 -20.8 163 0 5.5 10.9 2.5 2.5 2 1 1 5 5
-1824.7 -4804.7 -23.7 161 0 10.0 11.1 5.0 2.5 2 1 2 0 0
-1815.2 -4753.0 -22.7 250 0 4.9 8.8 7.5 2.5 2 0 3 1 1
-1820.1 -4739.4 -22.7 250 0 4.9 14.5 7.5 2.5 2 0 3 3 3
-1880.7 -4662.0 -23.2 175 0 6.3 8.2 5.0 2.5 2 1 2 4 4
-1840.9 -4748.8 -24.0 178 0 12.3 7.8 7.5 2.5 4 0 3 5 5
-1876.2 -4711.2 -25.0 157 0 10.8 6.0 2.5 0.0 0 0 1 2 2
-1885.9 -4676.9 -24.9 161 0 12.5 5.5 5.0 2.5 2 0 2 1 1
-1868.5 -4670.0 -23.4 164 0 12.3 7.3 7.5 2.5 2 0 3 2 2
-1858.4 -4678.6 -24.0 344 0 9.8 7.3 7.5 2.5 2 0 3 4 4
-1854.7 -4702.2 -23.9 83 0 6.2 17.4 7.5 0.0 0 1 3 4 4
-1833.9 -4730.1 -23.1 172 0 11.9 7.4 5.0 2.5 2 0 2 0 0
-1812.9 -4694.3 -21.5 186 0 6.8 5.3 2.5 2.5 2 0 1 0 0
-1812.1 -4687.4 -21.4 187 0 7.1 5.3 5.0 2.5 2 0 2 5 5
-1814.7 -4590.3 -20.7 333 0 5.1 13.5 7.5 0.0 0 1 3 4 4
-1826.3 -4521.7 -21.8 264 0 4.5 15.4 2.5 2.5 4 1 1 3 3
-1827.9 -4555.1 -21.5 345 0 4.0 7.9 7.5 2.5 2 1 3 3 3
-1846.4 -4542.8 -22.1 255 0 6.8 9.7 2.5 0.0 0 1 1 1 1
-1850.9 -4559.0 -22.0 255 0 6.2 11.1 2.5 0.0 0 1 1 2 2
-1861.8 -4602.3 -22.0 157 0 10.4 4.9 7.5 2.5 2 0 3 5 5
-1842.4 -4585.0 -21.5 329 0 6.1 9.1 2.5 2.5 2 0 1 3 3
-1856.7 -4593.6 -21.8 150 0 6.2 7.6 5.0 2.5 2 0 2 3 3
-1874.9 -4569.5 -22.7 168 0 9.9 6.5 5.0 2.5 2 0 2 4 4
-1875.3 -4552.6 -22.9 258 0 6.5 11.6 5.0 2.5 2 0 2 2 2
-1985.0 -4614.6 -27.0 251 0 5.5 10.3 2.5 2.5 2 1 1 4 4
-1946.9 -4595.2 -25.6 351 0 10.5 5.7 7.5 2.5 2 0 3 2 2
-1899.0 -4598.4 -23.5 159 0 5.2 9.0 7.5 2.5 2 1 3 4 4
-1890.9 -4577.6 -23.2 163 0 12.5 6.5 5.0 2.5 4 0 2 4 4
-1870.9 -4641.5 -22.3 165 0 10.4 5.0 5.0 2.5 2 0 2 0 0
-1883.2 -4602.2 -22.9 162 0 11.3 6.1 2.5 2.5 2 0 1 0 0
-1877.5 -4617.7 -22.6 164 0 11.0 5.0 5.0 2.5 2 0 2 3 3
-1874.1 -4629.8 -22.5 165 0 14.0 5.0 5.0 2.5 2 0 2 0 0
-1892.5 -4643.4 -23.2 159 0 12.3 7.7 5.0 2.5 2 0 2 3 3
-1899.9 -4631.4 -23.5 156 0 6.4 9.8 2.5 2.5 2 0 1 3 3
-1903.0 -4624.1 -23.7 156 0 9.6 6.5 2.5 2.5 2 0 1 2 2
-1914.2 -4582.5 -24.1 161 0 6.0 9.1 7.5 0.0 0 0 3 3 3
-1912.3 -4588.2 -24.0 161 0 6.0 9.1 5.0 2.5 2 0 2 3 3
-1936.8 -4516.4 -25.4 109 0 4.1 9.9 7.5 2.5 4 0 3 3 3
-1935.9 -4523.8 -25.3 174 0 14.7 5.6 5.0 2.5 2 0 2 0 0
-1931.8 -4542.4 -24.9 165 0 13.2 7.5 7.5 2.5 2 0 3 0 0
-1910.9 -4548.2 -24.1 168 0 8.8 14.1 2.5 2.5 2 1 1 1 1
-1913.1 -4510.6 -24.8 168 0 10.5 10.9 5.0 2.5 2 1 2 4 4
-1895.1 -4532.0 -24.1 349 0 12.2 6.7 5.0 0.0 0 0 2 5 5
-1918.3 -4489.2 -25.2 177 0 5.4 12.2 5.0 2.5 2 1 2 2 2
-1922.6 -4466.0 -25.6 180 0 4.7 11.7 5.0 2.5 2 1 2 5 5
-1972.6 -4463.1 -27.3 193 0 9.7 6.6 5.0 2.5 2 0 2 1 1
-1951.4 -4424.5 -27.6 356 0 9.5 5.7 7.5 2.5 4 0 3 3 3
-1939.4 -4438.9 -27.0 4 0 5.0 10.1 7.5 2.5 2 1 3 3 3
-1930.4 -4454.4 -26.4 9 0 17.5 7.2 7.5 2.5 2 0 3 1 1
-1927.9 -4480.2 -25.6 198 0 12.2 7.5 7.5 0.0 0 0 3 2 2
-1959.2 -4554.5 -26.2 340 0 4.9 7.3 7.5 2.5 4 0 3 5 5
-1974.6 -4554.4 -26.6 161 0 5.4 14.4 2.5 2.5 2 0 1 3 3
-1963.9 -4529.5 -26.5 337 0 5.5 10.1 7.5 2.5 2 1 3 3 3
-1952.5 -4516.3 -26.2 339 0 3.1 13.8 2.5 0.0 0 0 1 0 0
-1980.0 -4507.9 -27.0 172 0 13.8 8.1 5.0 0.0 0 0 2 4 4
-1951.7 -4495.2 -26.5 359 0 3.6 11.2 7.5 2.5 2 0 3 5 5
-1946.0 -4509.2 -26.1 4 0 12.2 7.6 2.5 2.5 2 0 1 3 3
-1943.1 -4489.5 -26.2 5 0 13.4 6.3 5.0 2.5 2 0 2 5 5
-1948.1 -4465.5 -26.9 356 0 17.3 8.2 5.0 2.5 2 0 2 4 4
-1951.1 -4448.6 -27.2 356 0 16.7 5.0 7.5 2.5 2 0 3 5 5
-1986.7 -4319.0 -27.0 175 0 5.4 5.0 5.0 2.5 2 0 2 4 4
-2066.1 -4149.0 -27.0 126 0 6.0 6.7 5.0 2.5 2 1 2 4 4
-2023.7 -4037.2 -18.4 242 0 7.2 6.8 5.0 2.5 2 0 2 3 3
-2016.7 -4055.7 -18.8 65 0 7.8 8.3 5.0 2.5 2 1 2 3 3
-2015.4 -4156.8 -26.1 63 0 5.5 7.0 2.5 2.5 2 1 1 4 4
-1807.2 -4396.7 -23.1 339 0 8.6 18.6 2.5 2.5 2 1 1 1 1
-1817.1 -4415.8 -23.2 357 0 7.5 9.9 5.0 2.5 2 1 2 4 4
-1811.8 -4301.2 -20.2 159 0 4.5 9.6 2.5 2.5 4 1 1 0 0
-1876.0 -4444.8 -24.8 83 0 8.3 10.0 2.5 2.5 4 1 1 3 3
-1912.0 -4422.0 -26.2 165 0 5.0 5.7 5.0 2.5 4 1 2 2 2
-1901.9 -4417.4 -25.8 165 0 5.0 11.3 7.5 2.5 4 1 3 3 3
-1904.8 -4430.5 -25.8 175 0 13.4 4.8 5.0 0.0 0 0 2 4 4
-1896.3 -4433.5 -25.5 164 0 11.8 5.1 5.0 2.5 2 0 2 3 3
-1918.5 -4447.5 -25.9 180 0 8.4 10.7 2.5 2.5 2 0 1 4 4
-1918.5 -4437.7 -26.1 179 0 10.9 9.0 5.0 2.5 2 0 2 5 5
-1950.9 -4319.5 -25.6 356 0 11.6 9.4 5.0 2.5 2 0 2 2 2
-1936.6 -4324.8 -25.0 356 0 10.2 6.9 2.5 2.5 2 0 1 2 2
-1934.8 -4346.9 -25.6 356 0 11.7 6.4 5.0 2.5 2 0 2 2 2
-1933.0 -4367.3 -26.3 356 0 13.0 7.5 7.5 2.5 2 0 3 0 0
-1951.9 -4362.6 -26.7 356 0 7.0 9.9 5.0 2.5 2 1 2 0 0
-1948.1 -4349.4 -26.2 356 0 13.9 7.4 5.0 2.5 4 0 2 4 4
-1948.7 -4334.3 -25.7 356 0 13.4 8.2 5.0 2.5 2 0 2 0 0
-1957.7 -4297.9 -25.5 353 0 17.9 6.2 7.5 2.5 2 0 3 1 1
-1998.8 -4142.9 -24.9 59 0 6.8 9.5 7.5 2.5 2 1 3 2 2
-2001.6 -4250.6 -28.9 156 0 8.0 5.5 7.5 2.5 2 0 3 2 2
-1941.7 -4291.3 -24.5 353 0 9.2 6.7 7.5 2.5 2 0 3 5 5
-1909.5 -4311.7 -23.4 174 0 4.3 20.8 7.5 2.5 2 1 3 4 4
-1922.5 -4317.9 -24.2 175 0 14.6 13.4 10.0 2.5 4 0 4 0 0
-1904.0 -4243.2 -21.5 263 0 4.0 16.3 5.0 2.5 2 1 2 5 5
-1893.3 -4227.3 -21.1 342 0 6.6 8.4 5.0 2.5 2 1 2 2 2
-1885.9 -4245.7 -20.9 328 0 12.2 8.2 5.0 2.5 2 0 2 3 3
-1917.5 -4255.8 -22.3 194 0 9.6 5.1 7.5 2.5 4 0 3 0 0
-1914.7 -4269.1 -22.4 178 0 12.2 11.7 5.0 2.5 2 0 2 3 3
-1924.1 -4275.7 -23.0 189 0 15.0 5.0 5.0 2.5 2 0 2 2 2
-1922.9 -4300.8 -23.6 176 0 10.9 9.2 7.5 0.0 0 0 3 2 2
-1920.9 -4368.1 -25.6 179 0 4.9 15.9 2.5 0.0 0 1 1 3 3
-1917.9 -4388.0 -26.2 177 0 6.3 11.6 7.5 2.5 2 1 3 2 2
-1897.6 -4397.8 -25.7 161 0 3.1 15.2 7.5 2.5 2 1 3 0 0
-1891.4 -4369.4 -24.9 169 0 10.3 5.1 5.0 2.5 2 0 2 5 5
-1885.9 -4336.7 -23.7 175 0 13.5 6.3 5.0 2.5 2 0 2 1 1
-1865.0 -4362.1 -24.1 338 0 4.1 9.7 2.5 2.5 2 1 1 1 1
-1872.2 -4380.0 -24.6 154 0 8.7 6.3 7.5 2.5 2 0 3 1 1
-1880.4 -4389.7 -25.0 154 0 8.2 11.5 5.0 2.5 2 0 2 5 5
-1841.2 -4372.3 -23.9 334 0 6.0 12.0 7.5 0.0 0 1 3 2 2
-1862.1 -4277.6 -21.3 354 0 9.4 8.5 7.5 2.5 2 0 3 4 4
-1857.5 -4305.2 -22.4 268 0 10.9 12.8 10.0 2.5 2 1 4 0 0
-1768.3 -4336.6 -20.3 331 0 11.0 4.4 2.5 2.5 2 0 1 5 5
-1796.0 -4339.8 -21.0 157 0 5.9 10.9 2.5 2.5 2 1 1 0 0
-1812.8 -4333.4 -21.3 155 0 11.5 6.1 7.5 2.5 2 0 3 2 2
-1821.6 -4316.2 -21.0 151 0 9.8 6.3 7.5 2.5 2 0 3 0 0
-1808.9 -4273.6 -19.5 297 0 10.8 7.7 5.0 0.0 0 0 2 2 2
-1789.5 -4280.5 -19.2 241 0 13.3 8.2 7.5 2.5 2 0 3 1 1
-1772.2 -4271.9 -18.4 241 0 11.2 7.9 7.5 2.5 2 0 3 0 0
-1752.2 -4238.4 -17.2 206 0 5.4 7.9 5.0 2.5 2 1 2 4 4
-1744.7 -4173.0 -15.7 205 0 6.9 13.4 5.0 2.5 2 1 2 2 2
-1740.4 -4211.7 -16.7 205 0 9.2 15.5 7.5 2.5 2 1 3 0 0
-1714.0 -4223.9 -16.6 213 0 9.5 8.5 7.5 0.0 0 0 3 3 3
-1694.3 -4281.4 -16.5 61 0 4.4 8.1 7.5 2.5 2 1 3 5 5
-1709.6 -4286.0 -16.8 61 0 6.7 7.8 5.0 2.5 2 1 2 3 3
-1719.9 -4305.3 -17.8 61 0 8.6 10.9 7.5 2.5 2 1 3 4 4
-1732.6 -4272.6 -17.2 58 0 14.7 8.8 7.5 2.5 2 0 3 4 4
-1672.3 -4228.8 -16.1 333 0 11.0 5.9 7.5 0.0 0 0 3 3 3
-1686.3 -4212.6 -15.8 331 0 7.8 4.6 2.5 2.5 2 0 1 2 2
-1682.9 -4197.4 -15.3 31 0 4.9 8.1 5.0 2.5 2 1 2 0 0
-1681.4 -4183.1 -15.0 301 0 7.7 4.9 5.0 2.5 2 0 2 5 5
-1664.6 -4164.6 -14.4 333 0 6.2 9.5 5.0 0.0 0 1 2 3 3
-1655.1 -4194.5 -14.9 333 0 9.5 6.5 5.0 2.5 2 0 2 4 4
-1643.6 -4218.5 -15.3 316 0 6.2 7.0 7.5 2.5 2 1 3 0 0
-1639.4 -4262.8 -15.9 61 0 8.1 11.0 5.0 0.0 0 1 2 2 2
-1621.4 -4246.8 -15.6 331 0 11.0 9.6 5.0 2.5 4 0 2 3 3
-1687.5 -4388.5 -18.7 67 0 9.6 15.0 5.0 2.5 2 1 2 4 4
-1652.3 -4356.0 -17.4 337 0 6.0 7.0 5.0 0.0 0 1 2 3 3
-1733.3 -4407.5 -20.2 65 0 12.1 4.2 5.0 2.5 2 0 2 2 2
-1726.0 -4401.1 -20.0 61 0 4.3 15.3 5.0 2.5 2 1 2 4 4
-1742.1 -4370.6 -20.3 242 0 4.5 12.3 2.5 2.5 2 1 1 0 0
-1759.2 -4373.6 -20.9 155 0 5.1 8.3 7.5 2.5 2 1 3 3 3
-1759.0 -4392.9 -20.9 153 0 6.8 7.5 2.5 2.5 2 0 1 0 0
-1755.2 -4400.3 -20.8 153 0 9.9 7.5 5.0 2.5 2 0 2 5 5
-1864.0 -4442.0 -24.6 77 0 10.8 10.5 5.0 2.5 2 0 2 5 5
-1846.7 -4433.5 -24.0 80 0 6.1 6.7 7.5 2.5 2 1 3 1 1
-1837.2 -4425.2 -23.8 81 0 11.9 6.0 5.0 2.5 2 0 2 2 2
-1834.8 -4404.7 -23.8 344 0 10.5 9.9 2.5 2.5 4 0 1 3 3
-1830.6 -4510.3 -22.2 267 0 13.2 6.1 2.5 2.5 4 0 1 4 4
-1804.7 -4527.8 -21.3 356 0 11.3 8.6 5.0 2.5 2 0 2 5 5
-1771.7 -4613.5 -18.7 162 0 10.9 13.3 7.5 2.5 2 1 3 2 2
-1782.1 -4652.5 -18.8 256 0 6.1 8.0 7.5 2.5 2 1 3 1 1
-1788.2 -4672.3 -20.2 267 0 4.9 15.3 5.0 0.0 0 1 2 4 4
-1784.8 -4749.5 -20.9 252 0 7.1 10.3 5.0 2.5 2 1 2 2 2
-1761.1 -4781.7 -19.7 162 0 10.6 6.0 7.5 2.5 2 0 3 2 2
-1725.5 -4787.2 -17.9 72 0 7.8 9.5 2.5 2.5 2 1 1 3 3
-1725.6 -4737.7 -17.1 162 0 7.1 10.0 7.5 2.5 2 1 3 1 1
-1716.5 -4597.8 -17.2 252 0 10.7 4.9 2.5 2.5 2 0 1 3 3
-1748.8 -4614.2 -17.9 162 0 6.9 7.6 7.5 2.5 2 1 3 5 5
-1728.9 -4637.9 -16.9 162 0 5.5 11.9 5.0 2.5 2 1 2 0 0
-1717.0 -4662.2 -16.2 165 0 8.3 12.2 5.0 2.5 2 1 2 4 4
-1649.8 -4642.9 -15.6 343 0 5.9 9.2 5.0 2.5 2 1 2 1 1
-1648.6 -4670.7 -16.8 344 0 6.6 9.7 2.5 2.5 2 1 1 2 2
-1685.6 -4611.4 -16.0 254 0 7.7 5.8 2.5 2.5 2 0 1 2 2
-1675.4 -4587.8 -16.1 254 0 12.2 5.0 5.0 2.5 2 0 2 0 0
-1642.9 -4578.6 -15.1 255 0 7.0 5.0 7.5 0.0 0 0 3 2 2
-1641.1 -4606.7 -15.0 343 0 7.5 7.0 5.0 2.5 4 0 2 4 4
-1599.0 -4749.4 -15.9 342 0 7.1 6.0 7.5 2.5 2 0 3 3 3
-1614.7 -4687.7 -16.5 252 0 8.4 6.6 2.5 2.5 2 0 1 1 1
-1589.7 -4681.9 -16.3 252 0 7.1 8.0 2.5 2.5 2 1 1 4 4
-1575.0 -4739.6 -15.8 342 0 9.3 8.1 2.5 0.0 0 0 1 5 5
-1570.6 -4736.6 -15.8 72 0 6.7 12.2 5.0 2.5 2 1 2 0 0
-1563.2 -4568.3 -16.0 252 0 5.8 7.5 5.0 2.5 2 1 2 5 5
-1586.3 -4573.7 -15.9 252 0 12.0 11.4 10.0 2.5 2 0 4 4 4
-1555.5 -4614.0 -16.7 72 0 10.4 13.7 5.0 2.5 2 1 2 0 0
-1532.3 -4597.6 -16.5 342 0 14.1 9.9 5.0 2.5 4 0 2 4 4
-1523.7 -4719.1 -15.5 342 0 8.5 10.4 7.5 2.5 2 1 3 2 2
-1506.5 -4786.3 -14.9 72 0 4.4 11.8 2.5 2.5 2 1 1 2 2
-1568.4 -4803.4 -15.2 342 0 8.5 14.4 7.5 0.0 0 1 3 0 0
-1637.4 -4842.7 -15.4 72 0 6.3 7.4 7.5 2.5 2 1 3 4 4
-1595.3 -4828.7 -15.2 72 0 11.5 6.1 2.5 2.5 2 0 1 4 4
-1615.3 -4831.1 -15.4 72 0 4.9 9.9 7.5 2.5 4 1 3 3 3
-1456.6 -4949.5 -12.2 72 0 10.2 8.5 7.5 2.5 2 0 3 3 3
-1561.2 -4912.0 -14.2 342 0 7.3 3.5 7.5 2.5 4 0 3 1 1
-1571.9 -4981.0 -12.9 342 0 5.3 6.7 5.0 2.5 2 1 2 2 2
-1703.5 -5045.8 -18.6 72 0 7.3 5.6 5.0 2.5 2 0 2 0 0
-1686.4 -5052.3 -17.3 72 0 6.7 9.9 2.5 2.5 2 1 1 5 5
-1658.9 -5034.2 -16.4 349 0 7.4 9.6 7.5 2.5 2 1 3 2 2
-1620.9 -4971.9 -15.2 72 0 5.4 9.4 2.5 2.5 2 1 1 4 4
-1619.2 -4922.8 -14.9 252 0 3.5 6.7 5.0 2.5 2 1 2 2 2
-1595.6 -4968.5 -14.4 72 0 7.0 8.8 7.5 2.5 4 1 3 3 3
-1676.6 -4955.0 -17.8 252 0 6.0 9.7 5.0 2.5 2 1 2 5 5
-1697.5 -4857.4 -17.0 72 0 5.0 8.9 5.0 0.0 0 1 2 4 4
-1733.1 -4905.8 -20.3 342 0 12.3 6.8 5.0 2.5 4 0 2 2 2
-1727.5 -4925.4 -21.0 342 0 9.4 7.7 7.5 2.5 2 0 3 1 1
-1768.8 -4983.9 -23.9 162 0 8.9 9.0 7.5 2.5 2 1 3 3 3
-1748.5 -4966.0 -22.6 252 0 6.9 7.8 7.5 2.5 2 1 3 3 3
-1721.0 -4964.9 -20.8 252 0 7.4 11.5 7.5 2.5 2 1 3 2 2
-1699.2 -4964.9 -19.5 252 0 9.1 5.3 5.0 2.5 2 0 2 4 4
-1860.9 -4947.5 -28.0 67 0 8.9 6.8 5.0 2.5 2 0 2 4 4
-1845.7 -4892.8 -25.4 344 0 4.9 6.7 7.5 2.5 2 1 3 3 3
-1746.2 -4891.4 -19.7 163 0 10.4 8.1 7.5 2.5 2 0 3 5 5
-1793.0 -4873.6 -22.1 162 0 6.0 9.0 5.0 2.5 2 1 2 4 4
-1818.9 -4821.6 -23.5 164 0 6.3 7.9 7.5 2.5 2 1 3 1 1
-1841.8 -4874.7 -25.1 74 0 8.6 12.0 5.0 2.5 2 1 2 0 0
-1684.7 -4986.6 -19.0 343 0 5.9 9.6 5.0 2.5 2 1 2 5 5
-1720.0 -4999.6 -21.2 160 0 5.2 8.7 5.0 2.5 2 1 2 5 5
-1737.5 -5004.1 -23.0 165 0 8.2 10.3 7.5 2.5 2 1 3 4 4
-1757.2 -5030.3 -25.6 165 0 8.4 13.6 2.5 2.5 2 1 1 1 1
-1735.4 -5059.3 -20.8 165 0 6.6 8.6 7.5 2.5 2 1 3 4 4
-1741.8 -5086.4 -27.0 165 0 9.5 5.8 5.0 0.0 0 0 2 3 3
-1744.4 -5395.3 -28.4 331 0 7.4 7.5 2.5 2.5 2 1 1 1 1
-1800.4 -5292.2 -28.7 243 0 6.7 10.5 5.0 2.5 4 1 2 5 5
-1756.0 -5277.2 -25.7 49 0 7.5 8.1 5.0 2.5 2 1 2 5 5
-1744.6 -5257.1 -24.9 15 0 7.3 7.1 5.0 2.5 2 0 2 3 3
-1767.1 -5362.7 -28.4 336 0 10.1 6.1 7.5 0.0 0 0 3 2 2
-1778.3 -5340.3 -28.2 330 0 8.6 7.7 2.5 2.5 2 0 1 5 5
-1292.5 -6432.6 -25.3 148 0 4.6 7.2 2.5 2.5 2 1 1 4 4
-1282.0 -6458.6 -25.5 71 0 4.2 8.8 5.0 2.5 4 1 2 4 4
-1278.3 -6412.3 -24.8 329 0 5.8 6.3 5.0 2.5 2 1 2 3 3
-637.8 -7027.1 -22.2 136 0 4.7 8.8 7.5 2.5 2 1 3 4 4
-767.3 -7051.0 -20.9 312 0 12.0 9.1 7.5 2.5 2 0 3 5 5
-728.0 -7075.8 -21.9 308 0 8.0 5.7 5.0 0.0 0 0 2 5 5
-759.7 -7077.3 -21.4 137 0 6.4 9.3 5.0 2.5 2 1 2 0 0
-733.6 -7111.4 -21.6 46 0 6.1 7.5 7.5 2.5 2 1 3 4 4
-735.1 -7218.3 -23.1 71 0 5.0 7.6 5.0 2.5 2 1 2 1 1
-716.7 -7205.9 -24.1 251 0 7.9 9.5 7.5 0.0 0 1 3 2 2
-709.2 -7381.9 -21.4 38 0 7.8 6.6 2.5 2.5 2 0 1 3 3
-723.6 -7332.8 -22.5 219 0 7.4 16.2 2.5 2.5 2 1 1 1 1
-708.5 -7323.7 -22.9 304 0 11.2 6.7 5.0 0.0 0 0 2 1 1
-703.2 -7693.0 -25.8 338 0 7.0 6.1 7.5 2.5 2 0 3 1 1
-713.7 -7677.4 -26.3 237 0 7.3 5.9 2.5 2.5 2 0 1 5 5
-696.8 -7716.2 -25.2 71 0 6.7 8.7 7.5 2.5 2 1 3 5 5
-690.3 -7728.5 -25.1 356 0 13.4 5.9 7.5 2.5 2 0 3 2 2
-703.2 -7784.3 -24.2 178 0 10.3 11.7 5.0 2.5 2 1 2 3 3
-694.4 -7817.2 -23.5 182 0 7.1 8.4 7.5 2.5 2 1 3 3 3
-694.5 -7835.8 -23.2 170 0 7.7 11.2 2.5 2.5 2 1 1 2 2
-736.6 -7812.3 -24.2 22 0 5.9 10.5 7.5 2.5 2 1 3 0 0
-601.5 -7478.1 -19.1 337 0 8.4 18.8 5.0 2.5 2 1 2 5 5
-642.0 -7590.2 -22.3 67 0 9.1 9.0 2.5 2.5 2 0 1 1 1
-608.7 -7574.2 -21.3 67 0 9.2 7.1 5.0 2.5 2 0 2 3 3
-581.1 -7588.9 -22.0 247 0 8.5 6.3 2.5 2.5 2 0 1 2 2
-621.1 -7606.5 -22.8 247 0 12.3 8.6 7.5 2.5 2 0 3 2 2
-651.6 -7624.7 -23.5 337 0 6.6 11.1 5.0 2.5 2 1 2 5 5
-654.4 -7691.8 -25.1 157 0 10.4 10.1 2.5 2.5 2 0 1 1 1
-585.8 -7805.6 -22.6 337 0 8.4 13.4 5.0 2.5 2 1 2 2 2
-598.6 -7769.7 -23.3 337 0 6.9 9.3 7.5 2.5 2 1 3 5 5
-541.9 -7708.8 -23.5 247 0 9.6 4.5 7.5 2.5 2 0 3 4 4
-575.0 -7768.1 -23.0 157 0 4.9 8.2 2.5 2.5 2 1 1 1 1
-552.5 -7759.0 -22.9 67 0 6.6 6.9 5.0 2.5 2 1 2 3 3
-533.4 -7769.1 -22.6 67 0 9.7 6.8 2.5 2.5 2 0 1 1 1
-562.6 -7804.7 -22.3 247 0 7.5 6.1 7.5 2.5 2 0 3 0 0
-570.7 -7819.4 -22.3 67 0 5.2 11.2 2.5 2.5 4 1 1 1 1
-534.6 -7811.9 -22.0 67 0 9.8 8.4 5.0 0.0 0 0 2 1 1
-497.0 -7797.0 -21.8 67 0 8.8 7.8 7.5 2.5 2 0 3 0 0
-472.9 -7772.7 -22.2 24 0 6.8 12.6 5.0 2.5 2 1 2 1 1
-563.0 -7685.8 -24.5 67 0 9.0 11.1 5.0 2.5 2 1 2 2 2
-502.0 -7698.9 -23.3 338 0 5.1 9.4 7.5 2.5 2 1 3 3 3
-973.9 -8321.4 -31.0 62 0 11.1 5.4 5.0 2.5 2 0 2 3 3
-1024.0 -8248.5 -29.7 167 0 9.3 23.1 7.5 0.0 0 1 3 4 4
-1004.0 -8344.5 -30.4 145 0 8.1 19.5 7.5 2.5 2 1 3 3 3
-1015.8 -8351.1 -29.4 56 0 6.4 22.5 5.0 2.5 2 1 2 3 3
-995.7 -8293.8 -30.6 239 0 17.1 12.5 2.5 2.5 2 0 1 5 5
-953.4 -8288.8 -31.7 69 0 17.2 6.0 7.5 2.5 2 0 3 0 0
-814.6 -8090.8 -30.1 271 0 4.0 12.4 5.0 2.5 2 1 2 1 1
-813.0 -8111.8 -30.2 266 0 9.1 5.1 5.0 2.5 2 0 2 1 1
-849.3 -8230.8 -30.8 265 0 11.3 7.6 2.5 0.0 0 0 1 2 2
-868.4 -8232.6 -31.0 250 0 5.8 14.7 7.5 2.5 2 1 3 1 1
-892.3 -8216.5 -31.7 88 0 8.2 7.8 2.5 2.5 2 0 1 0 0
-885.9 -8176.3 -31.5 353 0 12.6 8.5 7.5 2.5 2 0 3 2 2
-934.8 -8256.2 -32.1 258 0 12.8 10.7 5.0 2.5 2 0 2 2 2
-943.7 -8258.0 -31.9 259 0 5.6 11.0 7.5 2.5 2 0 3 5 5
-860.9 -8183.4 -31.2 355 0 6.0 12.1 7.5 2.5 2 1 3 4 4
-864.7 -8174.7 -31.1 85 0 6.0 12.1 7.5 2.5 2 1 3 1 1
-864.6 -8134.7 -31.1 350 0 16.5 6.0 2.5 2.5 2 0 1 5 5
-898.0 -8139.7 -31.5 175 0 15.5 5.0 7.5 2.5 2 0 3 0 0
-876.2 -8148.8 -31.4 351 0 7.5 14.6 7.5 2.5 2 1 3 5 5
-873.8 -8123.8 -31.3 354 0 7.2 14.1 5.0 2.5 2 1 2 3 3
-832.1 -8213.3 -30.8 84 0 15.7 9.4 5.0 2.5 2 0 2 0 0
-824.0 -8178.8 -30.6 360 0 6.9 12.2 2.5 2.5 4 0 1 0 0
-824.0 -8178.8 -30.4 180 0 6.8 15.2 7.5 2.5 4 0 3 0 0
-808.7 -8178.0 -30.2 176 0 6.9 14.1 7.5 2.5 2 0 3 2 2
-858.7 -8294.1 -29.3 68 0 4.1 10.8 7.5 2.5 2 1 3 4 4
-840.6 -8292.4 -28.9 69 0 7.8 12.2 7.5 2.5 2 1 3 2 2
-798.5 -8221.5 -30.1 260 0 7.1 8.6 5.0 2.5 2 1 2 0 0
-808.8 -8249.1 -29.2 249 0 12.1 6.1 5.0 2.5 2 0 2 3 3
-826.6 -8240.7 -29.9 249 0 5.0 20.5 2.5 2.5 2 1 1 2 2
-820.1 -8223.8 -30.5 261 0 15.1 6.4 7.5 2.5 2 0 3 5 5
-830.8 -8225.5 -30.6 261 0 6.5 11.3 5.0 2.5 2 0 2 5 5
-812.7 -8210.8 -30.4 83 0 11.9 10.3 5.0 2.5 2 0 2 0 0
-806.0 -8144.6 -30.1 88 0 7.2 10.4 5.0 2.5 2 0 2 3 3
-796.2 -8092.5 -29.9 273 0 8.8 12.7 7.5 2.5 4 1 3 5 5
-802.3 -8134.4 -30.1 92 0 8.3 7.6 7.5 2.5 2 0 3 1 1
-731.4 -8179.3 -29.0 263 0 4.4 13.8 5.0 2.5 2 1 2 1 1
-739.3 -8201.8 -29.3 84 0 15.5 12.7 7.5 2.5 2 0 3 0 0
-737.3 -8171.4 -29.2 270 0 13.0 4.6 5.0 2.5 2 0 2 4 4
-764.0 -8152.4 -29.5 84 0 9.1 5.0 5.0 2.5 2 0 2 5 5
-762.0 -8166.1 -29.5 82 0 9.8 8.1 5.0 0.0 0 0 2 4 4
-773.5 -8153.4 -29.7 84 0 10.1 5.0 7.5 2.5 4 0 3 0 0
-718.5 -8086.4 -28.6 265 0 7.5 12.5 5.0 2.5 2 1 2 4 4
-698.6 -8150.2 -28.5 86 0 15.2 8.4 7.5 0.0 0 0 3 5 5
-695.3 -8172.0 -28.7 357 0 3.3 17.3 7.5 2.5 2 1 3 4 4
-721.3 -8170.7 -28.8 265 0 5.7 16.4 7.5 2.5 4 1 3 4 4
-719.0 -8281.6 -26.5 86 0 5.5 6.8 7.5 2.5 2 0 3 2 2
-752.5 -8298.5 -26.8 75 0 9.1 13.3 7.5 2.5 2 1 3 3 3
-733.2 -8306.9 -26.0 85 0 18.4 8.5 7.5 2.5 2 0 3 0 0
-717.7 -8295.2 -26.3 85 0 5.5 13.7 7.5 2.5 2 0 3 1 1
-662.3 -8235.5 -26.9 190 0 5.3 10.9 7.5 2.5 4 1 3 4 4
-396.5 -8207.7 -23.0 99 0 4.9 7.5 5.0 0.0 0 1 2 0 0
-488.7 -8273.2 -22.3 353 0 7.3 10.8 7.5 2.5 2 1 3 2 2
-502.3 -8247.6 -23.3 253 0 8.0 10.6 7.5 2.5 2 1 3 2 2
-583.6 -8132.9 -26.7 322 0 10.1 6.2 5.0 2.5 4 0 2 4 4
-568.4 -8171.1 -26.5 68 0 10.1 10.9 7.5 2.5 2 1 3 5 5
-657.0 -8177.2 -27.8 260 0 4.7 16.9 2.5 2.5 2 1 1 3 3
-645.9 -8168.4 -27.6 254 0 7.2 7.0 2.5 2.5 2 0 1 5 5
-619.2 -8148.9 -27.2 238 0 9.1 12.0 5.0 2.5 2 1 2 5 5
-589.9 -8127.0 -26.8 321 0 6.9 14.0 7.5 2.5 2 0 3 1 1
-585.3 -8142.0 -26.7 277 0 5.0 17.5 5.0 2.5 2 1 2 3 3
-576.5 -8184.4 -26.8 2 0 6.2 19.7 7.5 2.5 2 1 3 1 1
-676.7 -8309.3 -24.8 89 0 6.9 11.7 7.5 0.0 0 1 3 1 1
-696.0 -8206.8 -28.5 259 0 4.6 19.8 5.0 2.5 2 1 2 0 0
-696.4 -8231.9 -27.7 258 0 16.4 5.8 5.0 2.5 2 0 2 1 1
-653.1 -8150.5 -27.8 43 0 9.4 7.1 7.5 2.5 4 0 3 1 1
-656.1 -8126.3 -27.7 260 0 8.0 6.0 5.0 2.5 2 0 2 2 2
-673.8 -8130.3 -28.0 260 0 10.1 6.1 2.5 2.5 2 0 1 3 3
-658.6 -8312.8 -24.4 87 0 7.2 11.4 2.5 2.5 4 1 1 3 3
-636.3 -8292.4 -24.5 360 0 8.6 9.8 2.5 0.0 0 1 1 2 2
-640.5 -8216.9 -27.2 276 0 7.8 8.2 7.5 2.5 2 0 3 4 4
-653.6 -8220.5 -27.4 188 0 10.3 8.6 2.5 2.5 2 0 1 0 0
-649.0 -8195.7 -27.7 189 0 8.1 9.2 5.0 2.5 2 1 2 3 3
-587.0 -8204.8 -26.9 3 0 7.6 12.1 7.5 0.0 0 1 3 4 4
-627.2 -8197.2 -27.4 190 0 6.2 16.8 5.0 2.5 2 1 2 2 2
-6901.1 -3642.2 -35.1 240 0 11.7 8.6 7.5 2.5 2 0 3 5 5
-6934.5 -3684.4 -36.5 126 0 9.6 17.4 7.5 0.0 0 1 3 0 0
-6681.8 -987.1 -22.5 100 0 5.0 8.6 7.5 2.5 2 0 3 2 2
-6699.1 -960.8 -22.1 272 0 19.8 6.1 5.0 2.5 2 0 2 4 4
-6678.2 -979.0 -22.4 98 0 9.3 15.6 7.5 2.5 2 0 3 3 3
-6660.7 -994.2 -22.5 93 0 20.1 7.3 5.0 2.5 2 0 2 3 3
-6642.7 -993.5 -22.4 95 0 10.0 30.1 7.5 0.0 0 1 3 5 5
-6679.2 -950.8 -22.0 186 0 8.7 32.3 7.5 2.5 2 1 3 1 1
-6958.8 -935.8 -23.4 258 0 13.9 50.8 10.0 2.5 2 1 4 2 2
-6934.2 -918.8 -23.2 179 0 30.0 10.2 12.5 2.5 2 0 5 1 1
-6943.7 -734.9 -24.1 179 0 24.3 13.1 12.5 2.5 2 0 5 2 2
-6949.6 -847.1 -23.7 181 0 88.2 14.2 5.0 2.5 2 0 2 3 3
-6928.8 -344.6 -29.9 27 0 24.4 6.0 5.0 2.5 2 0 2 5 5
-6957.9 -311.8 -29.8 226 0 10.5 10.1 7.5 2.5 2 0 3 2 2
-6950.6 -311.9 -29.3 137 0 10.2 13.5 7.5 2.5 2 0 3 2 2
-6930.1 -293.7 -29.1 315 0 7.1 14.0 5.0 2.5 2 0 2 0 0
-6821.8 -368.4 -29.6 27 0 7.0 13.3 2.5 2.5 2 1 1 5 5
-6859.8 370.2 -26.4 25 0 5.1 11.0 7.5 2.5 2 1 3 4 4
-6932.1 353.3 -28.2 112 0 5.9 19.1 2.5 2.5 2 1 1 0 0
-6879.8 377.0 -27.3 25 0 12.3 8.6 7.5 0.0 0 0 3 5 5
-6890.6 344.8 -26.2 23 0 7.1 9.1 2.5 2.5 2 0 1 5 5
-6896.9 294.2 -24.5 111 0 8.9 14.9 5.0 2.5 2 1 2 0 0
-6920.8 331.6 -26.3 208 0 13.5 10.4 2.5 2.5 2 0 1 5 5
-6926.5 307.6 -25.6 110 0 6.8 5.2 7.5 2.5 2 0 3 5 5
-6944.3 314.2 -26.3 111 0 15.4 5.5 7.5 2.5 2 0 3 1 1
-6945.6 335.3 -27.7 113 0 4.7 15.7 2.5 2.5 2 0 1 2 2
-6940.3 341.6 -27.5 203 0 15.9 7.0 5.0 2.5 2 0 2 4 4
-6947.7 315.5 -27.0 110 0 6.6 18.9 2.5 2.5 2 0 1 3 3
-6952.1 313.8 -26.5 200 0 6.2 29.6 7.5 2.5 2 0 3 2 2
-6910.3 359.6 -27.7 113 0 7.1 18.0 7.5 2.5 2 1 3 5 5
-6875.1 452.3 -30.0 292 0 5.5 14.8 2.5 0.0 0 1 1 5 5
-6892.5 397.4 -28.1 200 0 5.7 9.7 5.0 2.5 2 1 2 2 2
-6865.4 385.2 -27.5 24 0 5.2 17.4 2.5 2.5 2 1 1 5 5
-6892.7 904.9 -27.8 254 0 4.2 10.5 5.0 2.5 2 0 2 0 0
-6898.7 990.0 -26.5 251 0 4.6 16.6 5.0 2.5 2 1 2 4 4
-6896.6 952.5 -26.9 101 0 6.7 9.8 5.0 2.5 2 0 2 1 1
-6900.7 931.6 -27.1 101 0 6.6 6.1 7.5 2.5 2 0 3 3 3
-6894.4 939.0 -27.0 44 0 8.6 13.7 2.5 2.5 2 0 1 3 3
-6890.5 889.7 -28.0 164 0 9.5 4.2 7.5 2.5 2 0 3 0 0
-6875.8 848.1 -26.3 203 0 6.1 18.3 5.0 2.5 2 1 2 3 3
-6846.7 901.8 -28.5 184 0 11.5 7.9 5.0 2.5 2 0 2 2 2
-6873.7 852.6 -27.5 40 0 20.0 10.5 10.0 2.5 2 0 4 2 2
-6868.9 889.8 -28.3 75 0 14.1 10.6 5.0 2.5 4 0 2 0 0
-6913.1 4962.6 -18.4 209 0 4.3 15.9 5.0 2.5 2 1 2 1 1
-6943.3 4924.4 -18.4 205 0 7.6 8.4 5.0 2.5 2 0 2 2 2
-6940.1 4931.1 -18.4 205 0 7.3 8.4 5.0 2.5 2 0 2 1 1
-6937.0 4937.7 -18.4 205 0 7.3 8.4 7.5 2.5 2 0 3 1 1
-6933.9 4944.4 -18.4 205 0 7.3 8.4 7.5 2.5 2 0 3 3 3
-6930.8 4951.0 -18.4 205 0 7.4 8.4 5.0 2.5 2 0 2 5 5
-6927.6 4957.8 -18.4 205 0 7.7 8.4 5.0 2.5 2 0 2 2 2
-6882.6 4923.6 -18.3 103 0 3.1 20.2 7.5 2.5 2 1 3 5 5
-6896.4 4946.7 -18.3 180 0 5.9 8.0 7.5 2.5 2 0 3 3 3
-6901.4 4945.7 -18.3 180 0 8.0 5.1 5.0 2.5 2 0 2 0 0
-6888.8 4974.2 -18.4 204 0 12.0 6.4 5.0 2.5 2 0 2 2 2
-6912.6 4985.2 -18.4 202 0 9.4 9.0 5.0 2.5 2 0 2 0 0
-6777.4 5017.6 -16.7 289 0 7.4 9.1 7.5 2.5 2 1 3 3 3
-6870.4 4914.6 -18.2 104 0 4.0 13.4 7.5 2.5 2 1 3 3 3
-6841.0 4930.9 -18.2 103 0 12.8 8.0 5.0 2.5 2 0 2 5 5
-6833.8 4901.1 -18.2 102 0 6.0 17.0 7.5 2.5 2 1 3 3 3
-6813.1 4823.3 -18.2 112 0 25.0 8.6 7.5 2.5 2 0 3 2 2
-6818.0 4860.5 -18.2 293 0 5.6 12.1 5.0 2.5 2 1 2 5 5
-6804.9 4865.3 -18.2 304 0 14.8 8.0 5.0 2.5 2 0 2 3 3
-6949.2 4882.8 -18.4 197 0 5.9 6.0 7.5 2.5 2 1 3 0 0
-6943.4 4825.6 -18.3 110 0 4.9 16.2 2.5 2.5 2 0 1 1 1
-6954.5 4829.6 -18.4 199 0 8.5 9.4 7.5 2.5 2 0 3 5 5
-6950.3 4861.4 -18.4 196 0 7.1 15.9 2.5 2.5 2 0 1 2 2
-6951.9 4855.4 -18.4 196 0 5.3 15.9 7.5 2.5 2 0 3 4 4
-6925.9 4874.1 -18.3 287 0 9.1 11.6 5.0 2.5 2 1 2 0 0
-6903.7 4870.0 -18.3 285 0 5.5 3.7 5.0 2.5 2 0 2 2 2
-6908.1 4856.2 -18.3 289 0 7.9 6.7 5.0 2.5 2 0 2 3 3
-6898.1 4834.7 -18.2 101 0 18.1 11.3 7.5 2.5 4 0 3 4 4
-6862.1 4866.8 -18.3 285 0 12.2 9.8 5.0 2.5 2 0 2 5 5
-6852.8 4895.8 -18.2 102 0 11.0 9.0 7.5 2.5 2 0 3 4 4
-6880.1 4901.6 -18.3 102 0 10.5 9.0 7.5 2.5 2 0 3 5 5
-6881.7 4874.6 -18.3 282 0 13.1 10.0 5.0 2.5 2 0 2 2 2
-6905.8 4888.3 -18.3 282 0 14.1 9.5 7.5 2.5 2 0 3 3 3
-6931.2 4890.7 -18.3 282 0 9.2 9.6 5.0 2.5 2 1 2 5 5
-6943.9 5060.7 -18.5 204 0 7.0 5.6 5.0 2.5 2 0 2 0 0
-6916.9 5053.3 -18.6 16 0 6.1 8.1 7.5 2.5 2 1 3 0 0
-6938.9 5058.5 -18.6 204 0 7.0 11.0 7.5 2.5 2 0 3 5 5
-6910.9 5070.0 -18.5 22 0 9.5 10.1 7.5 2.5 2 1 3 5 5
-6891.8 5040.5 -18.5 201 0 7.4 9.0 7.5 2.5 2 0 3 1 1
-6823.7 5023.9 -17.9 291 0 4.5 13.0 5.0 2.5 2 1 2 5 5
-6837.3 5026.4 -18.0 290 0 7.2 8.0 7.5 2.5 2 1 3 3 3
-6852.1 5024.3 -18.4 288 0 5.5 6.5 7.5 2.5 2 1 3 5 5
-6889.7 5046.1 -18.5 201 0 4.5 9.0 7.5 2.5 2 0 3 1 1
-6868.5 5062.5 -17.9 292 0 25.9 10.0 7.5 2.5 2 0 3 0 0
-6829.0 5044.0 -17.3 295 0 9.4 10.0 7.5 2.5 2 1 3 3 3
-6806.4 5036.3 -16.9 290 0 10.6 11.7 7.5 2.5 2 1 3 1 1
-6753.2 5012.4 -16.4 290 0 8.9 13.1 5.0 2.5 2 1 2 5 5
-6719.7 4966.3 -16.6 188 0 5.8 12.3 5.0 2.5 4 0 2 2 2
-6713.2 4979.7 -15.9 293 0 6.5 4.3 5.0 2.5 2 0 2 2 2
-6735.7 4995.4 -16.0 194 0 12.7 8.2 7.5 2.5 2 0 3 4 4
-6738.8 4983.2 -16.5 194 0 12.5 8.2 7.5 2.5 2 0 3 0 0
-6684.5 4971.7 -15.8 287 0 7.1 4.7 5.0 2.5 2 0 2 0 0
-6680.7 4984.7 -15.4 286 0 7.1 13.5 5.0 2.5 2 0 2 1 1
-6652.5 4930.6 -16.3 25 0 11.7 12.2 2.5 0.0 0 1 1 1 1
-6744.7 4944.2 -17.7 197 0 4.8 17.5 5.0 2.5 4 1 2 4 4
-6696.2 4960.1 -16.8 277 0 8.8 4.9 5.0 2.5 2 0 2 5 5
-6683.8 4961.5 -16.5 7 0 5.8 23.9 2.5 2.5 2 0 1 5 5
-6722.1 4959.8 -17.1 188 0 6.2 15.4 7.5 2.5 4 1 3 1 1
-6741.3 4959.1 -17.6 194 0 12.4 8.2 5.0 2.5 2 0 2 4 4
-6749.8 4926.3 -17.8 196 0 16.1 9.4 5.0 2.5 4 0 2 5 5
-6737.4 4932.3 -17.6 196 0 5.4 11.2 7.5 2.5 2 0 3 3 3
-6726.6 4929.3 -17.4 197 0 5.3 26.1 5.0 2.5 2 0 2 2 2
-6694.5 4917.2 -16.9 22 0 4.9 8.2 2.5 2.5 2 0 1 3 3
-6692.7 4901.5 -17.3 20 0 33.2 7.6 7.5 2.5 2 0 3 3 3
-6731.0 4902.0 -17.5 203 0 7.5 23.6 2.5 2.5 2 1 1 5 5
-6742.2 4832.8 -18.3 125 0 9.0 6.0 5.0 2.5 2 0 2 1 1
-6736.3 4863.6 -18.0 217 0 5.1 6.4 7.5 0.0 0 1 3 2 2
-6744.1 4882.5 -17.9 204 0 5.3 17.0 7.5 2.5 4 1 3 1 1
-6761.1 4884.9 -18.1 197 0 12.1 9.0 5.0 2.5 2 0 2 5 5
-6764.7 4866.7 -18.3 208 0 11.5 6.8 5.0 2.5 2 0 2 4 4
-6769.1 4847.9 -18.3 197 0 15.0 9.5 7.5 2.5 2 0 3 2 2
-6763.6 4821.4 -18.4 160 0 22.7 6.3 7.5 2.5 2 0 3 2 2
-6750.3 4748.0 -18.0 289 0 5.4 6.2 7.5 2.5 4 1 3 1 1
-6776.3 4747.6 -17.9 197 0 4.4 4.9 7.5 2.5 2 0 3 0 0
-6780.2 4756.1 -18.0 199 0 10.0 4.8 7.5 2.5 2 0 3 3 3
-6766.6 4742.4 -17.9 107 0 11.8 4.7 7.5 2.5 2 0 3 2 2
-6763.0 4781.9 -18.2 286 0 9.5 10.1 5.0 2.5 2 1 2 1 1
-6752.4 4766.2 -18.1 291 0 8.4 8.9 5.0 2.5 2 1 2 3 3
-6717.7 4754.3 -18.4 199 0 4.8 17.3 2.5 2.5 2 1 1 3 3
-6698.8 4731.0 -18.3 110 0 9.0 13.0 2.5 2.5 2 1 1 4 4
-6652.2 4656.3 -17.8 184 0 5.4 7.8 5.0 2.5 2 1 2 1 1
-6624.5 4656.3 -17.9 273 0 6.5 4.9 5.0 2.5 2 0 2 0 0
-6635.0 4634.3 -17.7 94 0 10.2 10.0 5.0 2.5 4 0 2 0 0
-6586.9 4875.9 -16.6 111 0 4.8 10.1 5.0 2.5 2 1 2 4 4
-6561.8 4922.6 -15.9 292 0 15.5 9.0 7.5 2.5 2 0 3 5 5
-6528.7 4905.4 -16.0 291 0 4.3 6.5 7.5 2.5 2 1 3 4 4
-6497.7 4895.6 -16.1 292 0 9.6 6.0 5.0 2.5 2 0 2 5 5
-5844.3 4512.0 -14.1 223 0 13.4 6.7 7.5 2.5 2 0 3 1 1
-5843.7 4486.9 -14.9 135 0 16.6 7.4 7.5 2.5 2 0 3 0 0
-5757.0 4405.1 -16.3 44 0 5.5 7.5 7.5 2.5 2 0 3 3 3
-5755.6 4417.5 -16.2 224 0 14.5 7.5 7.5 2.5 2 0 3 1 1
-6305.3 3905.5 -13.4 279 0 6.8 5.5 7.5 2.5 2 0 3 2 2
-6286.5 3899.7 -13.4 9 0 5.5 16.0 5.0 2.5 2 0 2 5 5
-6321.1 3888.2 -13.7 99 0 9.2 19.6 5.0 2.5 4 1 2 1 1
-6311.4 3870.9 -13.6 192 0 8.0 20.0 7.5 2.5 2 1 3 0 0
-6279.1 3882.8 -13.3 8 0 13.2 9.3 7.5 2.5 2 0 3 3 3
-6261.8 3723.5 -13.3 100 0 8.3 5.2 7.5 2.5 2 0 3 4 4
-6260.8 3754.8 -13.3 278 0 15.1 6.1 2.5 2.5 2 0 1 3 3
-6240.9 3725.2 -13.0 100 0 9.2 14.0 7.5 2.5 2 1 3 4 4
-6279.6 3740.4 -13.5 193 0 14.3 7.3 7.5 2.5 2 0 3 2 2
-6385.0 3537.3 -16.3 99 0 17.9 6.8 5.0 2.5 2 0 2 1 1
-6399.1 3539.6 -16.3 99 0 10.7 10.6 5.0 2.5 2 0 2 0 0
-6410.5 3555.8 -16.4 185 0 16.2 8.5 5.0 2.5 2 0 2 2 2
-6393.3 3569.8 -16.3 4 0 5.0 12.5 5.0 2.5 2 0 2 1 1
-6385.0 3567.6 -16.3 278 0 16.9 4.9 5.0 2.5 2 0 2 4 4
-6357.5 3545.3 -16.2 15 0 12.9 6.3 7.5 2.5 2 0 3 0 0
-6394.3 3315.9 -16.0 276 0 20.1 7.7 5.0 2.5 2 0 2 0 0
-6372.1 3306.6 -15.1 10 0 8.0 7.2 5.0 2.5 2 0 2 5 5
-6380.2 3280.5 -14.9 100 0 9.6 11.1 7.5 0.0 0 1 3 4 4
-6397.7 3281.1 -15.5 98 0 14.8 6.4 7.5 0.0 0 0 3 3 3
-5676.8 3045.9 -17.9 8 0 10.0 5.0 5.0 2.5 4 0 2 3 3
-5675.7 3069.0 -17.8 277 0 3.7 18.0 5.0 2.5 2 0 2 5 5
-5702.3 3039.5 -18.3 194 0 8.0 15.9 2.5 2.5 2 1 1 3 3
-5699.4 3073.1 -18.0 278 0 7.1 17.1 7.5 2.5 2 1 3 0 0
-5358.2 2966.8 -15.4 303 0 13.6 9.7 7.5 2.5 2 0 3 1 1
-5392.4 2895.6 -16.6 122 0 18.1 8.7 7.5 2.5 2 0 3 5 5
-5371.0 2923.0 -16.1 32 0 8.6 23.9 5.0 2.5 2 1 2 1 1
-5400.9 2922.7 -16.4 210 0 13.9 8.6 5.0 2.5 2 0 2 1 1
6099.5 1444.4 -22.0 48 0 7.9 7.8 5.0 2.5 2 0 2 2 2
-3722.8 2387.7 -13.2 14 0 17.7 13.3 7.5 2.5 2 0 3 2 2
5039.2 -5240.7 -18.1 88 0 5.6 15.2 5.0 2.5 2 1 2 5 5
5061.7 -5236.1 -17.6 350 0 7.3 10.7 7.5 0.0 0 1 3 3 3
5168.2 -5225.3 -17.3 91 0 5.0 5.3 5.0 2.5 2 1 2 3 3
5160.3 -5233.7 -17.2 77 0 7.8 5.7 5.0 2.5 4 0 2 1 1
5147.1 -5233.7 -17.5 86 0 5.2 10.5 2.5 2.5 2 1 1 3 3
5145.0 -5237.9 -17.1 348 0 5.4 13.2 2.5 2.5 2 1 1 1 1
5088.2 -5225.5 -18.1 153 0 4.4 9.0 7.5 2.5 2 1 3 4 4
5101.9 -5220.6 -18.9 65 0 5.0 24.0 5.0 2.5 2 1 2 1 1
5070.8 -5231.5 -18.0 156 0 7.5 12.7 5.0 2.5 2 1 2 2 2
5053.0 -5256.0 -16.4 253 0 11.9 8.4 5.0 2.5 2 0 2 5 5
6668.6 1444.3 -22.6 55 0 18.9 11.8 2.5 2.5 2 0 1 5 5
6656.1 1416.9 -22.3 326 0 5.8 26.4 7.5 0.0 0 1 3 1 1
6662.0 1422.1 -22.5 56 0 6.2 19.6 5.0 2.5 2 1 2 3 3
