-1947.7 -5245.9 -10.2 172 0 12.4 7.8 7.5 2.5 2 0 3 3 3
5326.1 -1896.2 -34.4 351 0 8.2 7.8 2.5 2.5 2 0 1 5 5
5328.4 -1926.6 -34.4 81 0 6.0 11.8 5.0 2.5 2 1 2 2 2
6734.4 2545.8 -11.3 350 0 8.1 24.9 5.0 2.5 2 1 2 2 2
6702.4 2559.1 -11.5 263 0 8.5 21.6 2.5 2.5 2 1 1 1 1
6666.2 2544.5 -11.5 182 0 9.9 9.3 5.0 2.5 2 0 2 5 5
6665.8 2515.8 -11.6 178 0 17.6 12.5 5.0 2.5 2 0 2 5 5
6708.6 2509.2 -11.3 83 0 11.7 5.3 7.5 2.5 2 0 3 0 0
6682.4 2487.2 -11.6 89 0 11.6 10.2 7.5 2.5 2 0 3 5 5
6728.0 2576.0 -11.3 262 0 6.4 9.4 2.5 2.5 2 1 1 4 4
6814.6 2592.9 -10.3 262 0 12.3 10.9 7.5 2.5 4 0 3 4 4
6637.3 2556.9 -10.1 1 0 12.8 10.3 7.5 2.5 2 0 3 0 0
6641.0 2509.7 -11.1 1 0 13.9 8.7 7.5 2.5 4 0 3 2 2
6634.2 2443.6 -11.9 0 0 12.9 9.4 2.5 2.5 2 0 1 3 3
5342.1 -7939.9 -42.9 354 0 17.9 8.0 7.5 2.5 4 0 3 5 5
6473.3 157.0 -13.9 12 0 16.2 35.4 10.0 0.0 0 1 4 2 2
-5157.0 1593.8 5.5 317 0 14.7 10.1 2.5 2.5 2 0 1 1 1
-2186.2 -2173.7 -2.5 322 0 8.2 3.4 5.0 2.5 2 0 2 2 2
-2432.1 -1828.0 -2.8 142 0 11.0 6.5 7.5 2.5 2 0 3 0 0
-2190.0 -2174.4 -2.6 322 0 20.6 9.4 5.0 2.5 2 0 2 5 5
6946.9 7955.4 25.2 28 0 4.8 13.3 5.0 2.5 2 1 2 1 1
4320.5 -5579.9 -37.7 104 0 5.6 20.7 5.0 2.5 2 1 2 0 0
4343.8 -5557.5 -37.8 6 0 8.1 14.5 2.5 2.5 2 1 1 1 1
4356.8 -5508.6 -37.8 277 0 7.5 23.7 2.5 2.5 2 1 1 5 5
4375.5 -5490.2 -37.6 276 0 14.1 10.1 5.0 0.0 0 0 2 3 3
4394.9 -5399.5 -36.8 92 0 16.5 8.2 5.0 2.5 2 0 2 2 2
4306.9 -5414.7 -36.6 93 0 7.0 24.3 5.0 2.5 2 1 2 0 0
4278.2 -5380.8 -36.4 182 0 10.3 16.5 7.5 2.5 4 1 3 1 1
4288.9 -5423.0 -36.6 93 0 25.2 9.3 5.0 2.5 2 0 2 2 2
4269.1 -5388.8 -36.4 273 0 9.3 23.8 7.5 2.5 2 1 3 4 4
4293.7 -5294.0 -35.7 5 0 14.7 5.0 2.5 2.5 2 0 1 0 0
4271.9 -5276.3 -35.0 185 0 7.2 20.8 5.0 2.5 2 1 2 3 3
4286.7 -5312.0 -36.2 5 0 10.2 16.2 7.5 2.5 2 1 3 1 1
4484.7 -4816.3 -35.8 341 0 25.5 7.3 7.5 0.0 0 0 3 0 0
4458.3 -4846.6 -35.8 168 0 10.0 26.2 10.0 2.5 2 1 4 0 0
4439.5 -4826.8 -35.8 168 0 19.2 11.1 2.5 2.5 2 0 1 4 4
4458.3 -4794.6 -35.8 258 0 22.1 10.0 5.0 2.5 2 0 2 5 5
4507.6 -4909.1 -36.2 93 0 10.9 28.1 12.5 2.5 4 1 5 3 3
4466.8 -4902.6 -36.2 89 0 8.9 27.4 5.0 2.5 2 1 2 5 5
4471.3 -4919.0 -36.3 182 0 11.2 18.6 7.5 2.5 2 1 3 4 4
4502.0 -4979.7 -36.4 7 0 6.2 16.0 2.5 2.5 2 1 1 1 1
4506.3 -4986.3 -36.4 276 0 7.2 16.4 5.0 2.5 2 1 2 2 2
4480.3 -5005.4 -36.3 183 0 9.4 11.2 2.5 2.5 2 1 1 0 0
4465.4 -5048.8 -36.3 183 0 9.0 15.0 2.5 2.5 2 1 1 1 1
4458.9 -5064.2 -36.2 180 0 12.5 6.3 5.0 2.5 2 0 2 1 1
4485.1 -5074.7 -36.3 1 0 6.8 16.8 5.0 2.5 4 1 2 3 3
4436.6 -5124.0 -35.4 177 0 7.1 13.1 7.5 2.5 2 0 3 0 0
4439.3 -5093.4 -35.9 181 0 8.7 15.1 7.5 2.5 2 1 3 5 5
4426.6 -5287.8 -36.8 92 0 14.3 4.8 2.5 2.5 2 0 1 4 4
4426.9 -5257.4 -36.4 190 0 7.2 15.4 5.0 2.5 2 1 2 2 2
4433.3 -5191.1 -35.7 274 0 7.1 21.6 7.5 2.5 2 1 3 5 5
4452.1 -5217.7 -36.0 4 0 7.4 12.9 7.5 0.0 0 1 3 0 0
6523.8 181.2 -14.5 195 0 15.2 11.4 10.5 2.5 4 0 3 0 0
6950.3 7963.2 26.3 29 0 7.8 6.3 5.0 2.5 2 0 2 2 2
6953.0 7979.7 26.9 209 0 16.3 5.4 2.5 2.5 2 0 1 5 5
6331.8 6737.7 -27.7 54 0 10.6 7.8 7.5 2.5 4 0 3 1 1
6329.1 6750.2 -27.7 324 0 7.8 10.6 7.5 2.5 2 0 3 5 5
6340.4 6624.7 -26.7 353 0 9.8 14.9 2.5 0.0 0 1 1 4 4
6330.7 6573.3 -26.6 148 0 10.8 11.1 5.0 2.5 4 1 2 0 0
6322.0 6525.8 -29.2 234 0 11.0 13.3 2.5 2.5 2 1 1 1 1
6274.1 6451.7 -33.5 20 0 5.6 10.1 7.5 2.5 2 1 3 3 3
6247.0 6445.3 -34.0 175 0 25.0 6.0 2.5 2.5 4 0 1 1 1
6266.7 6417.3 -34.0 359 0 7.7 17.3 7.5 2.5 2 1 3 2 2
6265.8 6484.8 -33.8 359 0 6.7 19.6 7.5 2.5 2 1 3 4 4
6271.6 6503.6 -33.3 359 0 13.0 8.1 7.5 2.5 2 0 3 5 5
6274.1 6437.3 -33.5 360 0 12.0 6.1 5.0 2.5 2 0 2 2 2
6306.4 6372.5 -32.9 86 0 6.1 11.0 5.0 2.5 2 1 2 3 3
6347.4 6369.0 -31.8 169 0 11.3 12.6 7.5 2.5 2 1 3 5 5
6330.0 6383.1 -32.5 51 0 5.7 17.8 7.5 2.5 4 1 3 1 1
6347.9 6409.4 -31.9 330 0 16.1 6.9 5.0 2.5 2 0 2 0 0
6333.2 6478.4 -31.9 323 0 8.8 14.8 5.0 2.5 2 1 2 5 5
6313.9 6416.6 -32.5 152 0 9.4 10.3 7.5 2.5 2 1 3 3 3
6313.3 6224.1 -29.8 174 0 6.7 16.1 7.5 2.5 2 1 3 2 2
6316.0 6187.6 -30.8 180 0 5.4 10.3 7.5 2.5 4 1 3 5 5
6365.2 6311.7 -28.0 90 0 16.3 8.6 5.0 2.5 2 0 2 1 1
6343.3 6313.4 -29.4 86 0 9.6 9.2 2.5 2.5 4 0 1 2 2
6341.3 6336.9 -29.8 265 0 9.8 14.5 2.5 2.5 2 0 1 0 0
6312.8 6352.2 -32.0 266 0 9.2 31.6 7.5 2.5 2 1 3 3 3
6314.1 6205.4 -30.5 177 0 14.4 9.5 5.0 2.5 2 0 2 5 5
6240.4 6254.4 -32.4 87 0 7.9 24.4 5.0 0.0 0 0 2 3 3
6240.8 6243.6 -32.3 87 0 6.9 10.8 7.5 0.0 0 0 3 4 4
6264.2 6229.1 -32.2 86 0 10.1 24.0 7.5 0.0 0 1 3 2 2
6246.4 6113.9 -34.0 87 0 8.2 10.9 7.5 2.5 2 1 3 4 4
6210.0 6161.2 -33.5 267 0 15.4 7.5 2.5 2.5 2 0 1 5 5
6231.9 6116.5 -34.0 87 0 8.0 15.4 5.0 2.5 2 1 2 3 3
6185.6 6138.5 -33.8 178 0 14.9 9.5 7.5 2.5 2 0 3 1 1
6196.9 6067.2 -34.6 165 0 11.4 9.1 7.5 2.5 2 0 3 4 4
6205.5 6048.3 -34.9 163 0 10.0 9.0 7.5 2.5 4 0 3 1 1
5921.2 8274.1 -34.4 165 0 8.1 7.3 7.5 2.5 2 0 3 4 4
5911.5 8309.3 -34.8 162 0 14.8 6.7 7.5 2.5 2 0 3 2 2
5991.0 7935.6 -36.4 180 0 8.7 5.9 7.5 2.5 2 0 3 2 2
6007.1 7948.8 -35.8 174 0 13.4 7.3 5.0 2.5 2 0 2 5 5
6035.0 7957.6 -34.9 352 0 12.4 11.0 7.5 2.5 2 0 3 3 3
6019.7 7881.2 -35.1 165 0 5.7 5.2 2.5 0.0 0 0 1 2 2
6040.6 7892.4 -35.3 345 0 10.6 9.0 7.5 2.5 2 0 3 4 4
6049.0 7869.8 -33.8 345 0 5.1 12.6 5.0 2.5 2 1 2 4 4
6099.6 7730.0 -29.7 347 0 9.4 6.0 7.5 2.5 2 0 3 1 1
6085.3 7688.5 -31.2 170 0 6.8 12.7 5.0 2.5 2 1 2 0 0
6122.6 7666.6 -29.3 351 0 8.0 4.9 7.5 2.5 2 0 3 4 4
6111.7 7670.7 -30.6 351 0 10.2 7.7 2.5 2.5 2 0 1 1 1
6115.0 7650.9 -31.2 351 0 13.7 7.2 5.0 2.5 2 0 2 3 3
6107.0 7619.6 -32.4 171 0 4.6 5.9 7.5 2.5 2 1 3 2 2
6106.3 7608.6 -32.8 170 0 6.9 7.6 5.0 2.5 2 1 2 2 2
6127.7 7649.1 -29.9 358 0 18.9 6.0 7.5 2.5 2 0 3 4 4
6128.3 7626.4 -31.4 359 0 14.0 8.1 5.0 2.5 4 0 2 2 2
6128.3 7607.3 -32.0 358 0 14.4 8.1 7.5 2.5 2 0 3 3 3
6128.6 7595.5 -32.3 358 0 9.2 9.4 7.5 2.5 2 0 3 0 0
6108.8 7581.9 -33.6 164 0 8.7 4.9 2.5 2.5 2 0 1 5 5
6117.9 7558.1 -33.2 172 0 12.6 10.0 7.5 2.5 2 0 3 4 4
6131.6 7576.9 -32.5 351 0 5.7 10.3 7.5 2.5 2 1 3 3 3
6105.0 7901.3 -28.1 168 0 6.3 12.6 7.5 2.5 2 1 3 5 5
6144.6 7832.4 -24.8 339 0 6.0 8.7 5.0 2.5 2 1 2 1 1
6153.8 7682.0 -20.4 183 0 5.7 7.8 7.5 2.5 2 1 3 0 0
6175.9 7680.9 -17.1 10 0 4.7 8.4 5.0 2.5 2 1 2 4 4
6156.7 7733.7 -22.2 158 0 11.0 4.7 2.5 2.5 2 0 1 2 2
6156.4 7710.7 -18.6 165 0 8.8 4.7 7.5 2.5 2 0 3 4 4
6174.5 7715.6 -17.6 346 0 10.2 4.9 5.0 0.0 0 0 2 1 1
6174.8 7694.5 -17.6 9 0 8.0 11.1 7.5 2.5 2 1 3 2 2
6148.1 7698.7 -20.9 170 0 6.1 10.5 7.5 0.0 0 0 3 5 5
6142.4 7693.3 -22.5 171 0 11.1 6.5 7.5 2.5 2 0 3 0 0
6132.1 7710.1 -24.3 169 0 8.2 9.1 7.5 2.5 2 1 3 5 5
6135.3 7692.1 -24.2 171 0 10.7 5.7 7.5 2.5 2 0 3 4 4
6160.7 7653.9 -20.4 173 0 23.7 6.8 5.0 2.5 2 0 2 3 3
6139.3 7666.8 -24.7 172 0 18.8 8.6 5.0 2.5 2 0 2 1 1
6141.5 7649.6 -25.2 174 0 13.2 9.5 2.5 2.5 2 0 1 4 4
6145.7 7614.1 -26.0 173 0 12.1 8.3 5.0 2.5 4 0 2 5 5
6164.1 7612.9 -21.8 177 0 20.4 8.1 7.5 2.5 2 0 3 3 3
6183.7 7548.3 -23.1 10 0 13.7 6.1 5.0 0.0 0 0 2 4 4
6161.4 7570.2 -24.7 172 0 18.5 6.4 7.5 2.5 2 0 3 1 1
6153.4 7549.5 -27.8 172 0 11.9 8.1 5.0 2.5 2 0 2 4 4
6155.7 7534.1 -28.2 174 0 10.3 10.9 5.0 2.5 2 1 2 2 2
6209.8 7490.8 -20.9 340 0 5.2 9.0 7.5 2.5 2 1 3 2 2
6163.8 7491.2 -28.9 155 0 5.7 7.1 2.5 2.5 2 0 1 3 3
6160.1 7505.2 -28.8 167 0 18.0 8.5 2.5 2.5 2 0 1 5 5
6170.2 7494.1 -27.3 158 0 6.0 18.4 5.0 2.5 2 0 2 2 2
6167.9 7481.3 -28.6 158 0 7.4 9.6 7.5 2.5 2 0 3 0 0
6170.6 7474.7 -28.4 158 0 7.0 12.3 5.0 2.5 2 0 2 0 0
6175.8 7462.0 -28.1 157 0 12.5 8.2 7.5 0.0 0 0 3 4 4
6140.2 7435.6 -33.6 155 0 12.0 6.7 7.5 2.5 2 0 3 5 5
6164.9 7456.3 -31.4 337 0 11.2 8.1 2.5 2.5 2 0 1 0 0
6143.8 7419.1 -33.7 223 0 6.1 9.5 7.5 2.5 2 1 3 0 0
6137.3 7390.0 -34.8 152 0 8.7 7.7 7.5 2.5 2 0 3 1 1
6179.2 7389.7 -32.1 347 0 5.0 17.2 7.5 2.5 2 0 3 1 1
6186.1 7386.2 -30.4 348 0 5.2 6.0 2.5 2.5 4 0 1 0 0
6185.1 7391.2 -30.3 349 0 5.2 6.1 7.5 2.5 2 0 3 1 1
6175.6 7407.0 -31.1 345 0 8.1 7.6 5.0 2.5 2 0 2 0 0
6181.7 7404.0 -30.2 346 0 8.1 5.3 7.5 2.5 2 0 3 3 3
6180.2 7410.6 -30.2 347 0 5.4 5.3 5.0 2.5 2 0 2 1 1
6180.3 7384.8 -31.2 348 0 4.8 8.1 5.0 2.5 2 0 2 0 0
6189.5 7372.8 -30.9 343 0 12.0 8.5 7.5 2.5 2 0 3 0 0
6176.7 7365.3 -31.9 343 0 19.3 5.7 7.5 2.5 4 0 3 4 4
6187.3 7347.3 -32.5 342 0 4.5 16.8 2.5 2.5 2 1 1 5 5
6195.9 7344.9 -31.1 340 0 12.0 6.2 7.5 2.5 2 0 3 3 3
6186.6 7334.4 -32.9 341 0 10.1 14.6 7.5 2.5 2 1 3 5 5
6219.0 7319.3 -27.4 159 0 11.2 6.0 7.5 2.5 2 0 3 3 3
6222.9 7308.8 -26.9 160 0 11.3 6.0 5.0 2.5 2 0 2 4 4
6304.7 8324.6 -9.6 288 0 5.8 8.4 5.0 2.5 2 0 2 4 4
6304.5 8331.0 -10.5 288 0 10.1 6.0 2.5 2.5 2 0 1 5 5
5901.8 8377.9 -35.1 169 0 13.9 7.1 5.0 2.5 2 0 2 4 4
5907.7 8404.1 -35.1 348 0 17.9 7.1 7.5 0.0 0 0 3 2 2
5926.7 8403.1 -34.6 167 0 14.2 6.3 7.5 2.5 2 0 3 0 0
5935.9 8378.4 -34.6 350 0 7.6 7.9 2.5 2.5 2 0 1 2 2
5934.6 8385.9 -34.6 350 0 7.6 7.9 5.0 2.5 2 0 2 1 1
5935.5 8339.0 -34.7 346 0 12.6 10.8 5.0 2.5 2 0 2 4 4
5954.5 8299.9 -34.4 343 0 13.3 16.4 7.5 2.5 2 1 3 5 5
6086.4 8012.8 -29.5 158 0 13.0 11.2 5.0 2.5 2 0 2 0 0
6052.4 8158.8 -28.8 75 0 10.1 14.5 7.5 2.5 2 1 3 0 0
6040.9 8194.0 -29.2 165 0 8.4 4.7 5.0 2.5 2 0 2 1 1
6023.0 8188.7 -33.7 161 0 10.3 9.1 5.0 2.5 4 0 2 5 5
5950.1 8223.6 -34.8 152 0 4.5 11.2 5.0 2.5 2 1 2 3 3
5979.4 8226.0 -34.7 341 0 11.9 9.0 7.5 2.5 2 0 3 0 0
6007.1 8234.3 -32.8 161 0 10.0 9.8 2.5 0.0 0 0 1 3 3
6001.5 8259.9 -32.1 160 0 9.4 10.0 7.5 2.5 2 1 3 5 5
5998.4 8286.9 -32.0 165 0 15.1 10.7 5.0 2.5 2 0 2 0 0
5972.7 8324.0 -33.2 165 0 7.3 6.0 5.0 2.5 2 0 2 2 2
5968.4 8340.4 -33.3 166 0 7.0 8.1 2.5 2.5 2 0 1 4 4
5989.2 8346.9 -32.3 171 0 10.7 7.1 2.5 2.5 4 0 1 5 5
5966.7 8347.3 -33.4 167 0 7.2 8.0 5.0 2.5 2 0 2 3 3
5970.2 8368.5 -32.9 166 0 3.6 20.1 5.0 2.5 2 0 2 2 2
5969.4 8371.6 -32.9 166 0 3.3 12.4 5.0 2.5 2 0 2 5 5
5984.4 8382.9 -32.3 261 0 8.0 11.4 2.5 2.5 2 0 1 0 0
5963.0 8363.8 -33.4 166 0 8.6 8.1 5.0 2.5 2 0 2 4 4
5961.0 8372.1 -33.4 166 0 8.4 8.1 5.0 2.5 2 0 2 2 2
5959.5 8404.8 -33.6 167 0 4.1 10.8 5.0 0.0 0 0 2 4 4
5973.7 8404.6 -33.5 83 0 6.6 15.2 5.0 0.0 0 0 2 0 0
5980.8 8405.6 -32.8 261 0 6.1 11.1 5.0 2.5 2 0 2 5 5
5957.5 8386.8 -33.4 167 0 7.2 6.1 5.0 2.5 2 0 2 0 0
5957.9 8398.4 -33.4 257 0 6.1 7.5 5.0 2.5 2 0 2 2 2
6853.1 -3879.6 -34.6 148 0 16.5 9.3 5.0 2.5 2 0 2 0 0
6890.1 -3885.5 -33.9 154 0 23.7 8.4 7.5 2.5 2 0 3 1 1
6922.0 -3869.1 -33.5 334 0 5.0 17.0 7.5 0.0 0 1 3 4 4
6934.6 -3759.2 -31.8 348 0 16.2 10.2 7.5 0.0 0 0 3 0 0
6937.3 -3771.5 -31.5 348 0 9.0 10.2 2.5 2.5 4 0 1 0 0
6936.1 -3796.1 -32.4 347 0 20.7 12.7 7.5 2.5 2 0 3 5 5
6909.7 -3758.8 -32.3 248 0 17.0 5.0 5.0 2.5 2 0 2 1 1
6909.1 -3744.2 -32.5 66 0 9.5 3.9 5.0 2.5 2 0 2 4 4
6899.0 -3739.8 -33.2 80 0 5.0 19.0 7.5 2.5 2 1 3 3 3
6917.4 -3733.2 -32.6 80 0 12.4 14.4 2.5 0.0 0 1 1 1 1
6959.5 -3641.2 -29.1 243 0 25.7 8.3 7.5 2.5 2 0 3 1 1
6935.1 -3652.7 -30.9 170 0 11.6 8.1 5.0 2.5 2 0 2 4 4
6887.3 -3509.5 -30.6 349 0 17.5 11.0 7.5 2.5 2 0 3 5 5
6870.1 -3491.4 -30.2 349 0 9.9 27.0 7.5 2.5 2 1 3 1 1
6738.7 -3090.7 -32.5 176 0 15.5 6.1 5.0 2.5 2 0 2 4 4
6766.7 -3014.8 -33.2 346 0 16.3 9.6 2.5 2.5 2 0 1 5 5
6766.6 -3070.8 -32.6 351 0 7.5 21.1 5.0 2.5 4 1 2 1 1
6771.1 -3096.9 -32.4 354 0 8.3 24.0 5.0 2.5 2 1 2 4 4
6796.0 -3154.5 -32.3 353 0 7.4 7.9 2.5 2.5 2 1 1 5 5
6786.9 -3131.7 -32.3 351 0 8.0 26.2 7.5 2.5 2 1 3 4 4
6802.0 -3133.4 -32.2 342 0 20.1 9.2 7.5 2.5 2 0 3 3 3
6817.8 -3183.5 -32.4 342 0 15.7 9.7 2.5 2.5 2 0 1 5 5
6798.2 -3184.2 -32.5 348 0 6.2 14.3 7.5 2.5 2 1 3 0 0
6811.9 -3202.9 -32.6 345 0 4.6 15.6 5.0 2.5 2 1 2 5 5
6826.8 -3212.1 -32.5 342 0 9.1 9.0 7.5 2.5 2 0 3 4 4
6815.8 -3327.8 -32.9 171 0 15.1 8.6 5.0 2.5 4 0 2 2 2
6852.0 -3312.9 -32.9 351 0 14.5 5.5 5.0 2.5 2 0 2 5 5
6843.3 -3344.3 -32.5 350 0 5.8 6.9 7.5 2.5 2 1 3 3 3
6822.5 -3376.1 -32.1 168 0 8.0 19.0 7.5 2.5 4 1 3 5 5
6854.9 -3336.1 -32.7 351 0 18.0 11.1 2.5 2.5 4 0 1 5 5
6840.4 -3301.7 -32.9 350 0 8.8 11.1 7.5 2.5 2 0 3 3 3
6813.8 -3306.3 -33.0 173 0 9.1 15.9 5.0 2.5 2 0 2 0 0
6893.4 -3299.9 -30.8 68 0 5.1 7.3 7.5 2.5 2 0 3 1 1
6882.4 -3306.5 -30.9 162 0 5.6 10.2 7.5 2.5 2 0 3 1 1
6875.6 -3287.2 -31.9 154 0 4.6 11.2 7.5 2.5 2 1 3 4 4
6867.3 -3299.1 -32.2 165 0 11.8 7.4 5.0 2.5 2 0 2 3 3
6862.4 -3204.9 -32.2 159 0 6.4 18.5 7.5 2.5 2 1 3 4 4
6909.2 -3216.1 -27.1 64 0 8.2 4.6 5.0 2.5 2 0 2 2 2
6918.8 -3195.1 -23.7 330 0 10.4 6.6 7.5 2.5 4 0 3 5 5
6890.6 -3189.3 -30.4 249 0 8.7 9.6 7.5 2.5 2 1 3 1 1
6907.2 -3212.0 -28.3 64 0 8.2 12.1 5.0 2.5 2 0 2 4 4
6853.4 -2661.6 -22.0 357 0 7.0 23.0 2.5 2.5 2 1 1 4 4
6823.6 -2635.1 -22.5 267 0 8.9 17.9 5.0 2.5 2 1 2 3 3
6823.5 -2432.9 -19.5 178 0 6.2 8.0 5.0 2.5 2 1 2 2 2
6834.1 -2456.4 -19.1 176 0 5.4 11.4 5.0 2.5 2 1 2 2 2
6854.1 -2433.6 -18.0 359 0 13.2 8.3 5.0 2.5 2 0 2 4 4
6908.0 -2247.3 -18.1 89 0 6.0 12.9 5.0 2.5 2 1 2 2 2
6880.5 -2243.4 -17.4 180 0 17.1 12.5 2.5 2.5 2 0 1 2 2
6898.4 -1637.8 -16.0 357 0 3.2 14.5 7.5 2.5 2 1 3 3 3
6893.8 -1608.4 -16.0 273 0 5.1 7.9 5.0 2.5 2 1 2 5 5
6881.7 -1624.4 -15.7 179 0 8.1 14.1 5.0 2.5 2 1 2 3 3
6907.7 -1634.0 -15.4 359 0 12.0 6.0 7.5 2.5 2 0 3 5 5
6908.0 -1644.8 -15.5 358 0 9.8 6.0 2.5 2.5 2 0 1 2 2
6902.7 -1654.7 -16.1 358 0 7.9 14.5 7.5 2.5 2 1 3 4 4
6868.9 -1632.7 -15.4 179 0 7.5 9.1 7.5 2.5 2 0 3 1 1
6825.3 -1633.7 -15.9 358 0 7.0 16.0 2.5 2.5 2 1 1 4 4
6797.0 -1615.0 -16.3 179 0 10.7 8.0 7.5 2.5 2 0 3 4 4
6702.9 -1450.3 -20.1 170 0 24.5 17.9 7.5 2.5 2 0 3 1 1
6798.4 -1461.8 -16.5 177 0 6.3 18.8 5.0 2.5 2 0 2 3 3
6808.7 -1474.2 -16.5 86 0 18.8 9.7 5.0 2.5 4 0 2 4 4
6799.6 -1416.7 -16.8 265 0 9.0 37.4 7.5 2.5 2 1 3 5 5
6834.5 -1453.8 -15.6 359 0 16.5 8.9 5.0 2.5 2 0 2 2 2
6881.4 -1051.7 -15.7 24 0 9.3 12.9 5.0 2.5 2 1 2 2 2
6887.3 -1018.5 -15.6 86 0 15.1 7.0 7.5 2.5 2 0 3 3 3
6920.4 -962.5 -15.3 347 0 5.5 28.6 5.0 2.5 2 0 2 3 3
6873.6 -927.3 -16.1 174 0 9.6 16.6 2.5 2.5 4 1 1 3 3
6917.4 -944.6 -15.0 348 0 9.0 14.2 7.5 0.0 0 0 3 0 0
6889.1 -986.9 -15.8 79 0 14.0 19.9 12.5 2.5 2 0 5 5 5
6919.0 -992.2 -15.1 78 0 12.1 9.7 2.5 2.5 2 0 1 0 0
6931.0 -964.1 -14.9 346 0 35.5 9.2 7.5 2.5 4 0 3 2 2
6938.8 -751.0 -14.4 359 0 35.1 10.2 7.5 2.5 2 0 3 4 4
6923.3 -830.3 -15.1 359 0 86.5 14.7 10.0 2.5 2 0 4 0 0
6789.7 -286.4 -26.6 102 0 3.8 6.8 5.0 0.0 0 0 2 4 4
6810.9 -265.4 -26.9 79 0 5.7 4.5 5.0 0.0 0 0 2 1 1
6757.9 -181.9 -28.4 96 0 6.3 23.1 7.5 2.5 4 1 3 2 2
6774.4 -159.9 -27.2 277 0 5.3 13.0 7.5 2.5 2 0 3 0 0
6792.2 -162.1 -26.5 277 0 30.7 6.2 5.0 0.0 0 0 2 2 2
6803.2 -188.1 -27.2 94 0 8.3 18.5 5.0 0.0 0 0 2 1 1
6791.9 -189.5 -27.3 95 0 14.3 5.6 5.0 0.0 0 0 2 1 1
6776.4 -189.1 -27.9 99 0 13.2 8.5 7.5 0.0 0 0 3 2 2
6793.9 -206.4 -28.3 79 0 10.2 4.8 5.0 2.5 2 0 2 0 0
6794.0 -270.3 -27.1 187 0 11.5 4.6 5.0 2.5 2 0 2 5 5
6778.2 -280.1 -26.9 194 0 6.8 10.7 5.0 2.5 4 0 2 2 2
6780.4 -257.5 -28.0 185 0 8.8 10.0 7.5 2.5 2 1 3 4 4
6834.4 -243.2 -26.7 273 0 12.0 5.1 7.5 2.5 2 0 3 4 4
6833.4 -222.4 -26.6 279 0 13.1 9.0 2.5 2.5 2 0 1 4 4
6828.8 -212.0 -26.4 98 0 5.4 8.6 2.5 2.5 2 1 1 4 4
6812.8 -211.8 -27.3 94 0 7.4 13.8 2.5 2.5 2 1 1 4 4
6841.7 -152.7 -25.3 277 0 12.9 12.8 2.5 2.5 4 0 1 1 1
6872.1 -149.0 -23.7 276 0 15.7 10.2 10.0 2.5 2 0 4 0 0
6898.2 -249.0 -23.7 303 0 10.0 14.1 5.0 2.5 2 1 2 0 0
6873.6 -219.8 -24.1 101 0 6.5 8.0 2.5 2.5 2 0 1 3 3
6888.4 -200.0 -23.1 102 0 10.1 5.0 5.0 2.5 2 0 2 2 2
6918.9 -218.4 -21.7 133 0 13.6 4.7 5.0 2.5 4 0 2 1 1
6956.6 -244.4 -20.4 34 0 8.6 11.9 2.5 2.5 2 1 1 1 1
6935.4 -253.7 -21.5 303 0 11.2 7.0 7.5 2.5 2 0 3 2 2
6956.2 -269.8 -20.6 310 0 11.2 6.5 5.0 2.5 2 0 2 2 2
6955.1 -280.4 -20.4 209 0 10.0 10.3 7.5 2.5 2 0 3 4 4
6947.2 -338.4 -21.0 49 0 5.6 13.0 5.0 2.5 2 1 2 1 1
6953.3 -298.0 -20.8 226 0 8.6 6.2 2.5 2.5 4 0 1 1 1
6095.9 -178.9 -28.6 171 0 5.0 13.3 7.5 2.5 2 1 3 2 2
6101.4 -157.5 -28.2 261 0 9.4 15.1 5.0 2.5 2 1 2 2 2
6205.2 -114.1 -17.5 236 0 7.4 11.5 2.5 2.5 2 1 1 0 0
6429.8 108.6 -13.9 357 0 20.8 6.3 5.0 2.5 4 0 2 4 4
6691.6 -215.8 -28.1 18 0 9.4 4.3 7.5 2.5 4 0 3 3 3
6694.4 -207.3 -27.9 18 0 8.5 4.3 5.0 2.5 2 0 2 4 4
6689.3 -171.2 -27.8 92 0 7.2 12.8 2.5 2.5 2 1 1 1 1
6693.7 -150.2 -27.9 360 0 6.3 7.5 5.0 2.5 2 1 2 5 5
6690.1 -129.8 -27.8 1 0 12.6 6.0 7.5 2.5 2 0 3 0 0
6616.2 -124.1 -25.2 77 0 3.1 13.8 7.5 2.5 2 1 3 5 5
6588.6 -71.4 -21.9 177 0 5.3 3.8 7.5 2.5 4 0 3 2 2
6603.7 -87.0 -23.2 349 0 5.8 7.3 7.5 2.5 2 1 3 3 3
6610.3 -67.1 -23.2 0 0 3.4 3.8 2.5 2.5 2 1 1 1 1
6606.8 -73.8 -23.1 355 0 6.7 8.6 5.0 2.5 2 0 2 3 3
6576.3 -35.1 -20.2 114 0 5.1 9.1 5.0 2.5 2 1 2 5 5
6603.5 -51.0 -22.4 3 0 13.1 5.5 7.5 2.5 2 0 3 5 5
6660.2 -73.0 -27.1 0 0 4.0 14.4 5.0 0.0 0 1 2 4 4
6623.1 -41.3 -24.7 180 0 6.1 11.1 5.0 2.5 2 1 2 0 0
6653.5 -61.3 -26.7 1 0 12.1 13.4 5.0 0.0 0 0 2 4 4
6658.9 -38.1 -26.6 360 0 14.1 7.0 5.0 2.5 2 0 2 5 5
6609.0 22.1 -22.4 22 0 11.3 6.4 5.0 2.5 2 0 2 2 2
6620.7 -17.0 -22.6 20 0 4.1 13.1 2.5 2.5 2 1 1 0 0
6620.1 -6.2 -21.9 26 0 11.6 5.6 7.5 0.0 0 0 3 5 5
6634.9 4.4 -22.3 210 0 10.5 5.1 7.5 2.5 2 0 3 4 4
6637.8 14.5 -23.2 210 0 10.0 7.6 2.5 2.5 2 0 1 3 3
6655.2 -2.8 -23.4 7 0 4.4 10.0 7.5 2.5 2 1 3 0 0
6657.1 5.3 -23.4 284 0 10.7 4.6 2.5 2.5 2 0 1 0 0
6657.6 29.0 -25.0 285 0 11.2 4.6 2.5 2.5 2 0 1 2 2
6637.9 29.1 -24.4 26 0 6.0 10.0 5.0 2.5 4 0 2 2 2
6645.5 41.4 -25.7 30 0 14.2 8.0 5.0 2.5 2 0 2 3 3
6671.3 97.9 -24.6 25 0 13.4 6.9 7.5 2.5 2 0 3 3 3
6651.7 54.9 -26.2 118 0 5.3 9.2 7.5 2.5 4 1 3 0 0
6663.7 78.1 -26.2 24 0 7.8 9.7 5.0 2.5 2 1 2 1 1
6338.4 -109.7 -15.6 286 0 6.8 47.2 7.5 2.5 2 1 3 5 5
6313.2 -100.3 -15.4 277 0 4.9 11.3 5.0 2.5 2 0 2 5 5
6312.1 -115.6 -15.4 286 0 6.4 11.6 7.5 2.5 2 1 3 4 4
6296.0 -146.5 -15.7 108 0 6.7 8.1 5.0 2.5 2 0 2 0 0
6283.2 -142.4 -15.7 108 0 20.1 8.1 7.5 0.0 0 0 3 5 5
6297.9 -107.6 -15.5 281 0 16.7 6.0 5.0 2.5 2 0 2 5 5
6276.1 -104.5 -15.6 192 0 4.8 13.9 7.5 2.5 2 0 3 3 3
6271.3 -104.5 -15.6 272 0 9.3 4.7 5.0 2.5 4 0 2 0 0
6262.6 -103.0 -15.7 270 0 7.7 6.1 5.0 2.5 2 0 2 2 2
6252.9 -105.0 -15.7 260 0 11.4 4.9 7.5 2.5 2 0 3 4 4
6228.0 -100.1 -16.0 236 0 15.4 9.3 7.5 0.0 0 0 3 0 0
6247.8 -86.8 -15.7 265 0 5.1 14.3 7.5 2.5 2 1 3 2 2
6261.1 -83.2 -15.6 263 0 8.8 9.3 5.0 2.5 2 1 2 4 4
6273.2 -83.8 -15.6 280 0 6.1 10.7 5.0 2.5 2 1 2 4 4
6284.8 -86.4 -15.5 279 0 11.4 9.0 7.5 2.5 2 0 3 1 1
6302.0 -88.5 -15.5 281 0 15.8 9.3 7.5 0.0 0 0 3 2 2
6318.9 14.2 -15.2 271 0 14.9 40.9 10.0 2.5 2 1 4 4 4
6584.1 23.1 -20.9 203 0 4.9 11.3 5.0 2.5 2 1 2 5 5
6578.2 1.0 -19.7 112 0 8.1 8.0 7.5 2.5 2 0 3 1 1
6554.3 -14.0 -18.4 112 0 12.8 8.8 2.5 2.5 4 0 1 1 1
6566.1 -18.6 -19.4 111 0 12.6 8.8 5.0 2.5 2 0 2 0 0
6545.2 -84.1 -18.7 110 0 7.0 11.1 5.0 0.0 0 0 2 5 5
6688.1 -212.6 -27.9 18 0 5.3 11.8 7.5 2.5 2 0 3 5 5
6679.7 -187.2 -27.6 287 0 6.3 12.0 5.0 2.5 2 0 2 3 3
6682.4 -237.6 -28.8 34 0 7.7 6.4 7.5 2.5 2 0 3 3 3
6677.2 -234.0 -28.7 33 0 7.6 9.0 2.5 2.5 4 0 1 4 4
6631.9 -205.0 -26.7 121 0 12.1 5.0 5.0 2.5 2 0 2 4 4
6652.1 -220.4 -27.7 118 0 9.9 6.1 7.5 2.5 2 0 3 4 4
6659.4 -195.6 -27.3 292 0 4.4 19.5 2.5 2.5 2 0 1 0 0
6655.6 -193.9 -27.1 295 0 4.1 13.7 7.5 2.5 2 0 3 1 1
6616.0 -180.6 -26.3 273 0 13.5 8.0 5.0 2.5 2 0 2 3 3
6656.7 -184.3 -27.1 278 0 7.8 7.4 2.5 0.0 0 0 1 2 2
6664.0 -185.4 -27.3 279 0 7.0 7.6 5.0 2.5 2 0 2 3 3
6669.6 -121.6 -27.4 273 0 3.5 11.1 7.5 2.5 2 1 3 1 1
6684.0 -131.8 -27.6 3 0 8.4 4.8 5.0 2.5 2 0 2 1 1
6670.7 -169.5 -27.5 95 0 10.3 5.7 2.5 2.5 2 0 1 2 2
6652.7 -154.9 -27.1 81 0 6.2 11.7 7.5 2.5 2 0 3 0 0
6637.8 -148.8 -26.9 170 0 6.3 11.4 7.5 2.5 2 0 3 3 3
6625.5 -160.7 -26.6 187 0 6.5 12.0 5.0 2.5 2 1 2 4 4
6644.5 -167.2 -26.9 95 0 8.8 6.3 2.5 2.5 2 0 1 5 5
6643.9 -123.1 -27.2 180 0 4.9 19.4 7.5 2.5 2 1 3 0 0
6624.6 -133.5 -26.4 172 0 16.3 5.0 2.5 2.5 2 0 1 4 4
6622.8 -122.5 -26.6 177 0 4.2 12.9 2.5 2.5 2 1 1 3 3
6609.5 -97.7 -23.9 354 0 7.8 9.2 2.5 2.5 4 1 1 2 2
6611.0 -130.3 -24.8 4 0 8.5 10.9 7.5 2.5 2 1 3 0 0
6610.8 -146.1 -25.3 5 0 4.5 8.8 5.0 2.5 2 1 2 3 3
6600.7 -147.4 -24.4 12 0 8.2 9.7 5.0 2.5 4 1 2 4 4
6599.1 -165.4 -24.9 85 0 4.4 9.8 5.0 2.5 2 1 2 3 3
6584.5 -165.6 -24.1 90 0 14.7 6.5 7.5 2.5 2 0 3 5 5
6545.8 -182.2 -21.3 280 0 5.7 10.3 5.0 0.0 0 1 2 1 1
6572.4 -218.4 -25.1 110 0 12.7 8.3 7.5 2.5 2 0 3 1 1
6565.4 -213.0 -23.8 17 0 5.2 11.8 2.5 2.5 2 1 1 3 3
6546.4 -202.5 -22.4 285 0 10.9 7.2 2.5 2.5 2 0 1 4 4
6365.4 -154.4 -15.5 100 0 5.3 5.5 5.0 2.5 2 1 2 1 1
6345.0 -156.1 -15.6 108 0 5.1 10.5 2.5 2.5 2 0 1 3 3
6338.5 -170.6 -15.5 109 0 8.2 15.8 7.5 2.5 2 0 3 3 3
6355.2 -121.9 -15.5 282 0 5.0 13.3 5.0 2.5 2 1 2 5 5
6347.7 -96.2 -15.2 283 0 17.6 11.0 5.0 2.5 2 0 2 4 4
6371.2 -101.2 -15.1 285 0 17.4 11.0 2.5 2.5 2 0 1 1 1
6397.2 -206.3 -15.0 18 0 9.6 20.8 7.5 2.5 2 1 3 4 4
6377.4 -184.4 -15.4 107 0 7.6 26.7 2.5 2.5 2 0 1 4 4
6391.2 -140.2 -15.6 289 0 7.7 19.7 5.0 2.5 2 0 2 5 5
6397.4 -121.4 -15.6 288 0 7.6 19.8 5.0 2.5 2 0 2 4 4
6534.1 -177.4 -20.4 292 0 9.8 8.0 7.5 2.5 2 0 3 1 1
6525.4 -174.0 -19.8 291 0 9.0 8.0 5.0 2.5 2 0 2 1 1
6483.7 -221.1 -19.6 101 0 8.4 8.1 7.5 2.5 2 0 3 0 0
6506.7 -223.5 -21.2 103 0 18.1 9.2 2.5 2.5 4 0 1 2 2
6435.6 -118.5 -15.4 286 0 6.8 7.1 2.5 2.5 2 1 1 3 3
6440.5 -129.2 -15.4 287 0 4.0 12.6 7.5 2.5 2 1 3 2 2
6474.8 -139.1 -15.4 20 0 3.5 10.9 7.5 2.5 2 0 3 5 5
6520.5 -80.0 -17.0 20 0 6.5 7.4 5.0 2.5 2 0 2 4 4
6526.7 -57.6 -17.5 288 0 3.7 9.4 7.5 2.5 4 0 3 0 0
6518.2 -75.7 -17.2 111 0 7.2 10.4 5.0 2.5 2 0 2 0 0
6499.8 -90.9 -16.3 109 0 13.7 5.3 7.5 2.5 2 0 3 5 5
6511.9 -94.8 -16.9 106 0 8.1 13.6 2.5 2.5 2 0 1 3 3
6509.3 -103.7 -16.6 106 0 5.1 9.2 5.0 2.5 2 0 2 3 3
6504.9 -113.1 -16.5 106 0 8.4 10.2 5.0 2.5 2 0 2 2 2
6489.2 -112.1 -15.7 104 0 9.1 16.5 2.5 2.5 2 1 1 2 2
6460.1 -71.0 -14.5 183 0 14.4 11.7 7.5 2.5 2 0 3 1 1
6461.5 -54.9 -15.0 185 0 5.8 16.2 7.5 2.5 4 1 3 2 2
6463.1 -34.0 -15.0 186 0 4.0 12.1 5.0 2.5 2 0 2 2 2
6462.4 -39.6 -14.8 187 0 7.1 6.9 7.5 2.5 2 0 3 4 4
6498.5 13.2 -15.5 105 0 4.9 7.3 5.0 2.5 4 1 2 5 5
6479.2 10.5 -14.8 103 0 10.9 12.2 7.5 2.5 2 1 3 0 0
6469.8 2.8 -14.5 277 0 6.3 9.0 5.0 2.5 2 0 2 2 2
6478.6 -2.0 -14.8 280 0 4.6 5.4 2.5 2.5 2 0 1 1 1
6547.3 -24.6 -17.9 290 0 6.4 13.3 7.5 0.0 0 1 3 2 2
6540.3 -19.7 -17.5 295 0 6.2 14.9 7.5 2.5 4 0 3 4 4
6531.7 4.9 -17.6 107 0 16.6 8.7 5.0 2.5 2 0 2 3 3
6528.5 -7.3 -16.9 107 0 6.1 12.6 7.5 0.0 0 0 3 4 4
6502.6 -2.0 -15.8 294 0 9.0 12.0 5.0 2.5 2 1 2 1 1
6515.9 -23.6 -16.7 290 0 12.5 10.8 5.0 2.5 2 0 2 3 3
6528.7 -31.0 -17.5 293 0 19.0 9.3 5.0 2.5 2 0 2 0 0
6540.5 -40.9 -18.0 290 0 8.8 17.0 2.5 2.5 2 1 1 1 1
6534.3 -64.7 -17.8 20 0 6.7 6.1 5.0 2.5 4 0 2 1 1
6549.6 -70.4 -18.5 20 0 6.7 16.3 5.0 2.5 2 0 2 5 5
6531.6 -95.5 -17.7 17 0 8.4 14.9 2.5 2.5 2 1 1 2 2
6533.0 -118.3 -18.6 289 0 10.9 17.3 2.5 2.5 2 1 1 1 1
6486.9 -150.5 -16.7 292 0 8.9 9.9 5.0 2.5 2 1 2 5 5
6474.3 -151.0 -16.4 286 0 5.8 19.0 2.5 2.5 2 1 1 0 0
6462.5 -153.0 -15.7 287 0 14.6 5.0 5.0 2.5 2 0 2 0 0
6428.3 -176.5 -15.1 17 0 5.2 8.0 2.5 2.5 2 1 1 5 5
6400.5 -177.0 -15.3 110 0 8.5 15.7 5.0 2.5 2 0 2 0 0
6412.6 -145.5 -15.5 291 0 7.0 18.0 5.0 2.5 2 0 2 1 1
6416.8 -133.9 -15.5 290 0 6.6 12.3 5.0 2.5 2 0 2 4 4
6413.2 -114.7 -15.3 289 0 8.3 10.1 7.5 2.5 2 0 3 1 1
6421.1 -117.5 -15.4 289 0 8.6 10.1 2.5 2.5 2 0 1 2 2
6446.1 -71.7 -14.7 12 0 19.2 10.5 10.0 2.5 2 0 4 0 0
6446.0 -12.6 -14.2 20 0 5.0 16.6 2.5 2.5 2 0 1 2 2
6430.2 -7.4 -14.4 19 0 15.7 20.2 5.0 2.5 2 0 2 5 5
6397.3 -70.7 -14.8 102 0 13.7 8.5 5.0 2.5 2 0 2 0 0
6411.3 -56.8 -14.5 104 0 6.6 9.9 5.0 2.5 2 0 2 2 2
6419.4 -40.0 -14.4 289 0 6.5 8.7 5.0 2.5 2 0 2 3 3
6422.7 -29.9 -14.3 18 0 21.2 6.6 7.5 2.5 2 0 3 3 3
6438.1 -26.6 -14.2 18 0 5.1 13.6 5.0 2.5 2 0 2 0 0
6451.0 -29.0 -14.1 5 0 6.8 8.2 7.5 2.5 2 0 3 2 2
6451.5 -22.7 -14.1 5 0 5.8 8.2 7.5 2.5 4 0 3 1 1
6385.5 -39.1 -14.6 109 0 7.2 23.2 5.0 0.0 0 1 2 5 5
6369.9 -65.3 -14.9 103 0 8.8 10.7 7.5 2.5 2 0 3 4 4
6361.3 -63.3 -14.9 103 0 8.9 10.7 2.5 2.5 4 0 1 1 1
6344.8 -59.8 -15.0 103 0 15.2 9.7 2.5 2.5 2 0 1 1 1
6341.8 -39.4 -14.9 100 0 6.0 12.0 7.5 2.5 2 1 3 4 4
6358.2 -42.1 -14.8 104 0 6.0 32.0 7.5 2.5 2 0 3 4 4
6353.1 13.0 -14.8 194 0 7.4 24.6 7.5 2.5 2 0 3 2 2
6367.1 -2.0 -14.8 209 0 11.3 6.1 7.5 2.5 2 0 3 4 4
6355.7 27.1 -14.8 194 0 6.0 10.0 5.0 2.5 2 0 2 3 3
6365.4 24.7 -14.7 194 0 6.0 30.0 7.5 2.5 2 0 3 4 4
6448.3 1.9 -14.4 17 0 7.0 37.8 7.5 2.5 2 1 3 5 5
6427.1 40.6 -14.4 11 0 25.1 8.8 7.5 2.5 2 0 3 1 1
6453.1 23.7 -14.2 12 0 16.0 8.1 2.5 2.5 2 0 1 5 5
6441.6 46.7 -14.2 359 0 5.2 11.1 5.0 2.5 2 1 2 5 5
6451.0 43.1 -14.1 3 0 12.3 5.9 5.0 2.5 2 0 2 5 5
6467.8 81.8 -13.7 14 0 14.1 8.0 5.0 2.5 2 0 2 0 0
6438.1 109.4 -13.8 357 0 21.6 8.4 7.5 2.5 4 0 3 3 3
6477.8 123.0 -13.5 13 0 7.7 9.0 5.0 2.5 2 1 2 4 4
6433.8 85.2 -14.0 354 0 5.7 7.6 5.0 0.0 0 0 2 5 5
6431.3 92.0 -14.0 352 0 6.7 10.2 7.5 2.5 2 0 3 4 4
6459.0 95.7 -13.9 352 0 6.7 28.0 2.5 2.5 4 0 1 0 0
6452.6 86.4 -13.9 356 0 5.6 18.8 7.5 2.5 2 0 3 2 2
6424.4 71.4 -14.2 12 0 20.5 7.8 2.5 2.5 2 0 1 1 1
6454.8 55.4 -14.2 357 0 7.6 23.7 5.0 2.5 2 1 2 0 0
6500.7 24.0 -15.5 108 0 6.0 11.1 2.5 2.5 4 0 1 2 2
6495.7 41.2 -15.4 187 0 8.0 13.0 5.0 0.0 0 0 2 1 1
6481.5 42.7 -14.7 194 0 8.4 9.1 7.5 2.5 4 1 3 5 5
6520.1 49.9 -15.9 18 0 30.3 8.1 5.0 0.0 0 0 2 4 4
6487.1 75.7 -14.2 194 0 7.0 6.4 7.5 2.5 2 0 3 2 2
6484.7 68.1 -14.3 194 0 9.1 7.8 7.5 2.5 2 0 3 0 0
6487.0 83.5 -14.7 195 0 8.2 18.2 2.5 2.5 2 0 1 3 3
6496.3 109.0 -14.4 193 0 12.5 8.0 5.0 2.5 2 0 2 5 5
6510.2 114.1 -14.9 175 0 4.4 10.5 7.5 2.5 2 1 3 0 0
6521.6 158.4 -14.6 176 0 5.2 15.4 2.5 2.5 2 1 1 0 0
6535.3 112.0 -16.3 356 0 13.3 9.4 7.5 2.5 2 0 3 3 3
6504.1 138.8 -14.0 192 0 7.5 10.9 7.5 0.0 0 0 3 5 5
6536.3 134.3 -14.6 3 0 3.3 13.3 7.5 2.5 2 1 3 2 2
6502.7 132.0 -13.9 192 0 6.3 10.9 5.0 2.5 2 0 2 5 5
6505.7 146.3 -14.0 192 0 7.7 10.9 7.5 2.5 2 0 3 5 5
6551.9 294.2 -15.1 186 0 6.9 32.2 7.5 2.5 2 1 3 2 2
6579.6 228.0 -15.0 84 0 7.1 22.0 5.0 2.5 2 1 2 0 0
6575.0 285.5 -14.7 279 0 8.4 32.9 7.5 2.5 2 1 3 0 0
6549.7 262.9 -14.3 181 0 6.3 15.0 7.5 2.5 2 0 3 2 2
6539.1 263.2 -14.1 181 0 6.4 10.6 5.0 2.5 2 0 2 5 5
6542.7 240.2 -14.3 181 0 12.5 4.0 7.5 2.5 2 0 3 3 3
6530.7 239.0 -14.1 191 0 7.2 6.3 7.5 2.5 2 0 3 1 1
6547.2 223.6 -14.5 82 0 8.3 5.0 7.5 2.5 2 0 3 3 3
6555.7 224.8 -14.6 82 0 8.8 5.0 7.5 2.5 2 0 3 4 4
6547.8 207.0 -14.9 97 0 26.2 13.4 7.5 2.5 2 0 3 5 5
6540.6 279.5 -14.1 193 0 11.9 8.3 7.5 2.5 2 0 3 0 0
6451.2 301.3 -14.3 257 0 6.1 24.1 5.0 2.5 2 1 2 2 2
6491.3 245.1 -13.9 17 0 5.1 9.2 7.5 2.5 2 0 3 3 3
6488.8 236.0 -13.9 16 0 13.8 9.4 2.5 2.5 2 0 1 4 4
6495.7 203.8 -13.6 11 0 12.6 6.7 5.0 0.0 0 0 2 4 4
6416.1 149.2 -14.1 261 0 12.1 10.5 2.5 2.5 2 0 1 0 0
6403.5 148.2 -14.4 351 0 5.6 19.8 5.0 0.0 0 1 2 1 1
6343.5 180.3 -15.1 257 0 8.8 8.4 7.5 2.5 2 0 3 1 1
6328.6 157.6 -15.1 172 0 12.7 32.9 7.5 2.5 2 1 3 4 4
6358.7 388.1 -13.4 265 0 10.3 12.6 2.5 2.5 2 1 1 3 3
6427.8 395.7 -13.3 261 0 12.6 12.2 10.0 2.5 2 0 4 4 4
6495.1 425.4 -14.7 173 0 44.1 13.0 7.5 2.5 2 0 3 5 5
6511.1 1539.0 -16.0 168 0 9.9 24.5 5.0 2.5 2 1 2 0 0
6552.4 1535.1 -15.1 79 0 6.1 26.3 5.0 2.5 2 0 2 0 0
6568.4 1531.0 -14.8 77 0 9.2 5.5 7.5 2.5 2 0 3 1 1
6600.9 1550.8 -13.9 355 0 12.5 8.2 5.0 2.5 2 0 2 4 4
6588.7 1538.3 -14.6 347 0 5.5 16.8 7.5 2.5 2 0 3 2 2
6510.3 1564.7 -15.7 169 0 14.0 30.6 7.5 2.5 2 1 3 2 2
6558.4 1684.8 -14.2 183 0 12.2 8.5 7.5 2.5 2 0 3 3 3
6557.3 1704.6 -14.0 181 0 16.0 8.0 2.5 2.5 2 0 1 3 3
6530.5 1638.0 -14.4 172 0 15.7 14.2 5.0 2.5 2 0 2 5 5
6579.2 1653.5 -14.2 90 0 20.1 14.4 12.5 2.5 2 0 5 1 1
6598.0 1688.1 -14.2 0 0 6.7 21.6 5.0 2.5 2 1 2 0 0
6570.2 1714.2 -13.9 180 0 8.5 24.5 7.5 2.5 2 1 3 2 2
6614.3 1676.3 -13.9 4 0 15.1 8.0 2.5 2.5 2 0 1 5 5
6613.7 1701.3 -14.0 3 0 15.7 9.5 5.0 2.5 2 0 2 2 2
6484.4 1818.3 -13.3 260 0 20.5 8.6 7.5 2.5 2 0 3 2 2
6549.5 1780.1 -13.7 170 0 7.6 14.8 7.5 2.5 2 1 3 5 5
6532.7 1818.6 -13.7 259 0 8.0 12.0 5.0 2.5 2 0 2 2 2
6531.3 1827.3 -13.6 260 0 8.7 8.8 7.5 2.5 2 0 3 1 1
6521.8 1839.6 -13.5 260 0 24.5 8.8 7.5 0.0 0 0 3 4 4
6597.7 1816.3 -13.5 352 0 5.6 21.0 7.5 2.5 2 1 3 2 2
6580.3 1805.6 -13.6 348 0 8.3 16.4 7.5 2.5 2 1 3 0 0
6595.4 1825.8 -13.4 348 0 5.8 12.4 7.5 2.5 2 0 3 5 5
6567.6 1831.9 -13.4 258 0 9.0 6.6 7.5 2.5 2 0 3 2 2
6574.7 1833.4 -13.4 258 0 5.5 6.6 7.5 2.5 2 0 3 3 3
6589.0 1833.1 -13.3 345 0 3.8 11.2 7.5 2.5 2 0 3 0 0
6545.4 1829.2 -13.6 259 0 19.9 7.4 5.0 2.5 2 0 2 4 4
6557.6 1838.5 -13.5 258 0 8.0 15.1 5.0 2.5 2 0 2 2 2
6596.8 1852.0 -13.3 348 0 5.2 22.9 7.5 2.5 2 0 3 1 1
6597.9 1846.6 -13.3 350 0 5.6 22.9 2.5 2.5 2 0 1 1 1
6615.1 1841.1 -13.2 359 0 11.3 8.3 5.0 2.5 2 0 2 2 2
6615.4 1830.8 -13.2 358 0 9.3 9.8 5.0 2.5 2 0 2 3 3
6615.5 1819.1 -13.3 355 0 8.0 8.9 5.0 2.5 2 1 2 5 5
6603.4 1777.3 -13.3 354 0 8.2 4.4 7.5 2.5 2 0 3 1 1
6619.1 1778.3 -12.9 356 0 7.0 5.9 5.0 2.5 2 0 2 0 0
6617.6 1802.6 -13.1 353 0 9.0 8.0 5.0 2.5 2 0 2 5 5
6618.3 1787.3 -13.0 354 0 10.9 5.9 7.5 2.5 2 0 3 3 3
6587.0 1793.8 -13.6 351 0 5.2 12.3 5.0 2.5 4 1 2 4 4
6567.2 1770.5 -13.7 172 0 10.1 10.0 7.5 2.5 2 0 3 5 5
6578.6 1751.0 -13.7 172 0 18.8 7.9 2.5 0.0 0 0 1 4 4
6662.7 1775.4 -13.6 169 0 3.5 12.2 2.5 2.5 2 0 1 5 5
6674.8 1772.9 -13.6 350 0 3.8 11.4 2.5 2.5 2 0 1 5 5
6679.6 1782.3 -13.7 349 0 11.1 5.9 2.5 2.5 2 0 1 1 1
6681.7 1770.1 -13.8 349 0 12.0 6.4 2.5 2.5 4 0 1 3 3
6648.6 1808.5 -13.1 268 0 8.3 10.6 5.0 2.5 2 0 2 1 1
6644.8 1794.0 -13.2 179 0 7.8 13.1 7.5 0.0 0 0 3 4 4
6673.3 1811.5 -13.5 260 0 6.0 8.4 5.0 2.5 4 0 2 1 1
6671.4 1823.6 -13.5 261 0 6.0 12.2 7.5 2.5 2 0 3 3 3
6671.3 1839.0 -13.4 189 0 9.7 8.5 5.0 2.5 2 0 2 2 2
6673.0 1849.6 -13.4 189 0 11.7 8.6 7.5 2.5 2 0 3 4 4
6687.7 1836.1 -13.6 169 0 6.6 12.9 7.5 2.5 2 0 3 2 2
6728.9 1841.6 -13.4 78 0 10.0 4.6 7.5 2.5 4 0 3 3 3
6724.1 1840.1 -13.5 348 0 11.4 9.0 7.5 2.5 2 0 3 4 4
6714.8 1841.0 -13.6 348 0 5.0 14.6 2.5 2.5 2 0 1 1 1
6695.3 1853.2 -13.6 174 0 4.1 11.1 7.5 2.5 4 1 3 1 1
6707.2 1872.2 -13.5 260 0 5.0 19.4 5.0 2.5 4 1 2 5 5
6683.0 1862.3 -13.5 169 0 5.5 17.1 7.5 2.5 2 1 3 1 1
6649.7 1896.9 -13.0 169 0 8.1 19.5 7.5 2.5 2 0 3 4 4
6684.5 1882.0 -13.4 357 0 7.4 5.9 7.5 2.5 2 0 3 4 4
6649.1 1874.0 -13.0 177 0 10.6 10.7 5.0 0.0 0 1 2 5 5
6565.9 2001.1 -12.8 171 0 6.3 14.5 7.5 2.5 2 1 3 1 1
6559.7 2028.6 -12.7 181 0 15.9 8.1 5.0 0.0 0 0 2 1 1
6560.0 2041.2 -12.5 182 0 9.3 8.0 5.0 2.5 2 0 2 2 2
6568.9 2046.8 -12.5 180 0 21.2 9.7 5.0 2.5 2 0 2 5 5
6601.2 2025.8 -12.7 359 0 12.6 21.8 7.5 2.5 2 1 3 5 5
6602.5 2039.9 -12.6 357 0 6.8 14.9 5.0 0.0 0 1 2 4 4
6609.1 2009.8 -12.9 355 0 4.2 20.1 5.0 2.5 2 1 2 1 1
6588.6 1991.2 -12.9 82 0 7.0 14.3 5.0 0.0 0 1 2 3 3
6620.4 1912.7 -13.1 3 0 18.2 9.0 2.5 2.5 2 0 1 1 1
6581.5 1885.2 -13.1 163 0 20.1 5.7 5.0 2.5 2 0 2 5 5
6561.9 1904.4 -13.1 174 0 13.1 4.1 5.0 0.0 0 0 2 4 4
6609.7 1874.1 -13.1 354 0 8.1 18.6 2.5 2.5 2 1 1 1 1
6573.0 1882.6 -13.1 163 0 20.1 8.8 7.5 2.5 2 0 3 2 2
6566.1 1904.8 -13.1 174 0 13.1 8.0 2.5 2.5 2 0 1 0 0
6576.2 1926.9 -12.9 174 0 7.2 23.2 5.0 2.5 2 0 2 4 4
6577.1 1919.2 -12.9 173 0 8.1 23.2 5.0 0.0 0 0 2 4 4
6668.8 2025.7 -12.8 271 0 7.2 9.4 2.5 2.5 2 1 1 5 5
6658.5 1991.6 -13.1 180 0 17.7 11.1 5.0 2.5 2 0 2 0 0
6619.8 1985.3 -13.0 5 0 10.2 23.2 2.5 2.5 2 1 1 1 1
6623.7 2004.6 -13.0 0 0 11.0 9.0 7.5 2.5 2 0 3 2 2
6624.7 2027.7 -12.8 1 0 14.0 9.0 7.5 2.5 2 0 3 1 1
6625.1 2049.2 -12.6 1 0 13.9 9.1 7.5 2.5 2 0 3 5 5
6615.6 2062.2 -12.4 352 0 6.0 31.3 7.5 2.5 2 1 3 0 0
6584.5 2182.4 -12.5 184 0 3.2 6.2 7.5 2.5 2 0 3 2 2
6614.7 2180.0 -12.5 1 0 6.1 24.1 7.5 2.5 2 0 3 3 3
6628.6 2168.4 -12.3 2 0 16.3 10.0 5.0 2.5 2 0 2 3 3
6612.6 2151.6 -12.5 349 0 6.0 30.2 7.5 2.5 2 1 3 2 2
6611.1 2136.0 -12.4 355 0 6.5 21.0 7.5 2.5 2 1 3 3 3
6623.2 2123.2 -12.2 7 0 11.0 8.9 2.5 2.5 2 0 1 5 5
6618.9 2113.3 -12.2 350 0 6.5 10.5 7.5 2.5 2 0 3 5 5
6608.5 2111.5 -12.4 350 0 6.1 20.0 7.5 2.5 2 0 3 5 5
6579.9 2180.8 -12.5 269 0 9.0 20.0 5.0 2.5 2 0 2 2 2
6573.5 2121.5 -12.5 176 0 17.2 9.2 7.5 2.5 2 0 3 1 1
6721.8 2275.7 -10.7 347 0 4.6 5.9 2.5 2.5 2 1 1 1 1
6616.5 2278.4 -12.0 355 0 16.7 4.6 5.0 2.5 2 0 2 0 0
6591.4 2279.5 -12.5 171 0 6.0 15.0 5.0 2.5 2 1 2 1 1
6576.3 2257.5 -12.5 171 0 7.8 16.0 7.5 2.5 2 1 3 1 1
6626.2 2239.8 -12.4 349 0 6.5 23.3 5.0 2.5 4 1 2 0 0
6629.5 2256.8 -12.1 1 0 10.7 10.0 5.0 2.5 2 0 2 4 4
6631.2 2275.9 -11.6 1 0 9.7 8.0 5.0 2.5 2 0 2 4 4
6659.3 2257.8 -11.3 180 0 11.5 9.9 7.5 2.5 2 0 3 2 2
6663.8 2233.8 -11.6 181 0 10.4 9.0 2.5 2.5 2 0 1 4 4
6679.4 2260.0 -11.2 172 0 11.1 5.8 7.5 2.5 2 0 3 4 4
6688.1 2424.8 -11.4 351 0 4.3 10.3 5.0 2.5 2 1 2 4 4
6693.1 2416.0 -11.3 351 0 8.1 5.2 5.0 2.5 2 0 2 1 1
6712.8 2347.4 -10.8 2 0 7.6 4.5 5.0 2.5 2 0 2 4 4
6680.5 2342.5 -11.2 182 0 11.0 5.0 7.5 0.0 0 0 3 1 1
6680.8 2352.5 -11.2 182 0 9.0 5.0 7.5 2.5 2 0 3 1 1
6671.1 2347.3 -11.3 182 0 20.1 9.5 2.5 2.5 2 0 1 5 5
6662.0 2414.9 -11.6 179 0 10.0 8.3 7.5 2.5 2 0 3 0 0
6704.2 2334.8 -10.9 350 0 6.1 7.3 2.5 2.5 2 1 1 2 2
6695.3 2317.3 -11.0 1 0 12.4 5.9 7.5 0.0 0 0 3 0 0
6632.1 2334.5 -11.0 2 0 10.1 9.1 7.5 2.5 2 0 3 5 5
6630.9 2299.1 -11.2 1 0 13.6 8.0 7.5 2.5 2 0 3 3 3
6576.9 2294.3 -12.5 170 0 19.5 10.0 5.0 2.5 2 0 2 1 1
6585.5 2302.5 -12.5 170 0 6.6 13.6 5.0 2.5 2 0 2 4 4
6618.6 2309.0 -12.0 349 0 6.4 20.1 7.5 2.5 2 0 3 4 4
6600.3 2330.5 -11.5 169 0 14.9 6.5 5.0 2.5 2 0 2 3 3
6625.0 2382.4 -11.6 355 0 4.8 11.0 5.0 2.5 2 1 2 5 5
6636.1 2372.9 -11.4 2 0 19.1 10.1 2.5 0.0 0 0 1 5 5
6590.0 2357.0 -11.7 174 0 6.0 21.7 2.5 2.5 2 1 1 2 2
6590.2 2380.0 -11.9 180 0 6.0 14.9 5.0 2.5 2 1 2 1 1
6579.7 2374.4 -12.1 183 0 18.3 7.1 5.0 2.5 2 0 2 3 3
6584.3 2430.2 -12.2 169 0 7.6 9.0 7.5 2.5 4 0 3 3 3
6582.1 2442.3 -12.2 170 0 17.0 9.0 5.0 2.5 2 0 2 3 3
6618.0 2433.6 -12.1 349 0 6.0 19.9 7.5 2.5 2 1 3 1 1
6693.8 2502.0 -11.5 86 0 17.3 5.8 5.0 2.5 4 0 2 1 1
6700.0 2490.3 -11.3 85 0 4.3 7.4 5.0 2.5 2 1 2 1 1
6793.7 2653.6 -10.2 263 0 9.4 7.0 2.5 2.5 2 0 1 1 1
6791.3 2587.5 -10.6 263 0 10.2 11.4 5.0 2.5 2 1 2 0 0
6783.6 2620.2 -10.5 83 0 14.2 9.1 5.0 2.5 2 0 2 3 3
6561.1 2789.5 -11.1 179 0 16.0 7.0 7.5 2.5 2 0 3 0 0
6659.8 2940.8 -9.3 179 0 8.8 9.1 2.5 2.5 2 0 1 2 2
6674.7 2972.4 -9.1 179 0 8.8 7.0 5.0 2.5 2 0 2 3 3
6684.6 3001.4 -9.4 351 0 3.7 11.2 5.0 2.5 2 1 2 1 1
6608.8 2994.1 -9.7 351 0 5.8 15.5 7.5 2.5 2 1 3 5 5
6609.7 3015.8 -9.7 352 0 6.0 22.8 2.5 2.5 2 1 1 5 5
6658.8 2983.1 -9.0 179 0 8.0 8.5 5.0 2.5 2 0 2 1 1
6688.1 2996.3 -9.4 268 0 6.1 17.4 5.0 2.5 2 1 2 1 1
6675.9 2926.3 -9.4 170 0 5.0 9.2 7.5 2.5 2 0 3 0 0
6700.7 2932.7 -9.5 356 0 8.6 4.1 5.0 2.5 2 0 2 1 1
6731.4 2886.4 -9.8 349 0 6.1 29.3 7.5 2.5 2 0 3 3 3
6679.5 2877.2 -9.4 171 0 5.3 10.8 7.5 2.5 2 0 3 4 4
6696.6 2863.4 -9.8 80 0 7.9 19.0 7.5 2.5 4 0 3 3 3
6702.0 2883.7 -9.7 78 0 7.7 12.2 2.5 2.5 2 0 1 5 5
6674.0 2915.5 -9.3 168 0 6.3 9.9 5.0 2.5 2 0 2 2 2
6684.8 2910.0 -9.4 171 0 21.7 7.0 2.5 2.5 2 0 1 3 3
6665.1 2924.4 -9.3 170 0 4.7 11.0 5.0 2.5 2 0 2 1 1
6659.0 2885.1 -9.1 178 0 10.9 7.1 7.5 0.0 0 0 3 3 3
6659.4 2866.5 -9.1 178 0 11.7 10.6 7.5 2.5 2 0 3 3 3
6663.2 2853.1 -9.7 175 0 6.2 26.0 7.5 2.5 4 1 3 0 0
6691.3 2836.8 -9.9 351 0 13.0 5.0 5.0 2.5 2 0 2 4 4
6680.3 2737.9 -10.4 171 0 3.7 11.3 7.5 2.5 2 1 3 5 5
6694.6 2720.2 -10.6 87 0 5.4 14.0 2.5 2.5 2 0 1 3 3
6677.4 2721.9 -10.5 177 0 5.1 14.4 7.5 2.5 2 0 3 5 5
6662.9 2726.9 -10.3 179 0 9.8 11.8 7.5 0.0 0 1 3 2 2
6705.8 2726.1 -10.7 86 0 11.2 14.7 5.0 2.5 2 1 2 3 3
6723.8 2757.4 -10.6 358 0 9.9 7.1 5.0 0.0 0 0 2 4 4
6685.6 2764.4 -10.3 170 0 21.6 6.5 7.5 2.5 2 0 3 5 5
6671.9 2769.9 -10.1 170 0 7.0 12.6 7.5 2.5 2 0 3 4 4
6683.7 2806.9 -10.0 173 0 6.0 12.0 7.5 2.5 2 1 3 4 4
6695.1 2794.9 -10.1 353 0 11.0 6.0 2.5 2.5 2 0 1 4 4
6690.4 2783.7 -10.2 174 0 10.1 6.0 2.5 2.5 2 0 1 4 4
6701.8 2790.7 -10.3 353 0 21.0 6.2 5.0 2.5 4 0 2 5 5
6661.3 2811.0 -9.7 179 0 9.2 10.3 5.0 0.0 0 1 2 5 5
6660.5 2831.2 -9.5 178 0 13.4 8.6 5.0 2.5 2 0 2 0 0
6661.3 2791.6 -9.8 177 0 12.9 7.1 7.5 2.5 2 0 3 4 4
6662.1 2759.2 -10.0 178 0 12.7 9.1 2.5 2.5 4 0 1 0 0
6604.2 2494.6 -11.0 351 0 6.0 8.7 7.5 2.5 2 0 3 3 3
6622.3 2518.5 -11.2 350 0 5.1 36.1 5.0 2.5 2 0 2 3 3
6602.8 2541.9 -10.9 351 0 20.5 7.0 2.5 2.5 2 0 1 0 0
6627.0 2537.6 -10.6 353 0 5.2 17.1 5.0 2.5 2 1 2 1 1
6624.2 2462.0 -11.9 350 0 6.3 20.9 5.0 2.5 2 1 2 4 4
6625.2 2497.6 -11.1 352 0 6.0 21.2 7.5 2.5 2 0 3 4 4
6580.7 2493.9 -11.4 170 0 9.2 9.1 7.5 0.0 0 0 3 3 3
6578.6 2505.8 -11.4 170 0 15.1 9.1 5.0 2.5 2 0 2 5 5
6556.3 2473.7 -12.1 170 0 14.5 36.5 7.5 2.5 2 1 3 0 0
6556.9 2547.1 -11.9 263 0 5.9 23.0 5.0 2.5 2 1 2 4 4
6577.2 2551.2 -11.3 171 0 4.8 11.2 7.5 0.0 0 1 3 3 3
6582.7 2558.6 -11.2 171 0 6.5 10.1 2.5 2.5 4 0 1 4 4
6613.5 2563.6 -10.9 351 0 6.5 21.2 7.5 2.5 2 0 3 5 5
6596.0 2599.6 -10.7 178 0 5.3 8.0 2.5 0.0 0 0 1 0 0
6592.0 2592.4 -11.0 268 0 9.3 17.6 2.5 0.0 0 1 1 1 1
6620.7 2597.5 -10.5 359 0 8.9 16.7 7.5 2.5 2 0 3 2 2
6597.7 2650.1 -10.6 89 0 6.0 12.4 5.0 2.5 2 1 2 3 3
6630.4 2657.6 -10.2 359 0 10.1 12.1 2.5 2.5 2 1 1 3 3
6614.5 2650.3 -10.4 359 0 6.0 10.8 7.5 0.0 0 1 3 2 2
6569.9 2686.4 -11.1 181 0 13.5 9.0 5.0 2.5 2 0 2 2 2
6562.6 2699.2 -11.2 177 0 13.0 26.9 7.5 2.5 2 0 3 3 3
6588.1 2679.6 -10.7 185 0 5.0 10.0 5.0 2.5 4 1 2 1 1
6617.5 2676.7 -10.5 4 0 6.5 18.7 2.5 2.5 4 1 1 3 3
6634.1 2684.2 -10.5 356 0 13.2 9.1 7.5 0.0 0 0 3 2 2
6631.7 2699.4 -10.7 356 0 6.5 27.8 7.5 2.5 2 1 3 4 4
6626.2 2712.5 -10.7 359 0 18.2 13.2 5.0 2.5 2 0 2 0 0
6632.4 2747.3 -10.2 359 0 9.0 9.1 5.0 2.5 2 1 2 5 5
6593.8 2739.8 -10.8 170 0 18.0 10.8 2.5 2.5 2 0 1 4 4
6583.6 2758.7 -10.8 174 0 7.8 22.5 5.0 2.5 2 0 2 1 1
6582.6 2770.5 -10.7 176 0 16.3 8.0 5.0 2.5 2 0 2 3 3
6590.9 2766.2 -10.6 176 0 7.1 14.2 5.0 2.5 2 0 2 5 5
6624.9 2771.5 -10.3 351 0 6.3 20.1 2.5 2.5 2 0 1 3 3
6614.5 2822.1 -10.0 352 0 6.8 13.5 2.5 2.5 2 1 1 0 0
6608.4 2787.4 -10.2 357 0 5.5 11.0 7.5 2.5 2 0 3 5 5
6612.8 2792.9 -10.3 359 0 5.1 22.0 5.0 2.5 2 1 2 4 4
6617.3 2787.9 -10.0 357 0 5.4 8.9 2.5 2.5 2 0 1 0 0
6632.5 2784.8 -9.8 359 0 12.8 7.7 7.5 2.5 2 0 3 1 1
6631.4 2828.4 -9.4 358 0 9.0 8.8 7.5 2.5 2 0 3 4 4
6631.8 2818.1 -9.4 358 0 11.5 8.8 5.0 0.0 0 0 2 5 5
6630.5 2847.9 -9.5 357 0 15.5 10.4 7.5 2.5 2 0 3 4 4
6594.9 2847.6 -10.2 167 0 8.0 6.0 7.5 2.5 2 0 3 1 1
6617.2 2869.7 -10.2 347 0 4.7 20.0 5.0 2.5 2 1 2 3 3
6577.1 2902.3 -10.3 176 0 5.4 6.9 7.5 2.5 2 1 3 3 3
6587.5 2921.5 -10.2 252 0 14.9 5.5 7.5 2.5 2 0 3 2 2
6612.9 2914.1 -10.0 350 0 5.8 19.3 7.5 0.0 0 1 3 3 3
6627.5 2918.4 -9.6 352 0 9.2 9.5 7.5 2.5 2 1 3 0 0
6629.1 2892.4 -9.6 355 0 12.4 9.4 7.5 2.5 4 0 3 1 1
6628.2 2904.1 -9.6 356 0 11.0 9.4 2.5 2.5 2 0 1 3 3
6612.9 2898.7 -10.1 350 0 6.1 20.1 7.5 2.5 2 0 3 4 4
6586.0 2891.8 -10.2 170 0 10.2 7.6 2.5 0.0 0 0 1 5 5
6588.4 2879.0 -10.3 170 0 16.0 7.6 5.0 0.0 0 0 2 1 1
6526.2 2920.3 -11.1 259 0 6.1 10.4 5.0 2.5 2 1 2 3 3
6543.0 2926.2 -10.9 261 0 8.7 12.7 7.5 2.5 2 1 3 0 0
6565.3 2930.6 -10.5 262 0 8.0 14.6 2.5 2.5 2 0 1 2 2
6569.5 2929.1 -10.4 172 0 4.6 23.9 5.0 2.5 2 0 2 2 2
6612.8 2936.5 -10.0 350 0 5.0 20.0 5.0 2.5 2 0 2 5 5
6658.6 2991.6 -8.9 179 0 9.0 8.5 7.5 2.5 2 0 3 5 5
6627.1 2961.9 -9.6 351 0 6.0 18.2 5.0 2.5 2 1 2 5 5
6592.3 2974.4 -9.8 171 0 12.6 8.6 7.5 2.5 2 0 3 1 1
6576.7 3001.6 -10.0 181 0 16.6 7.4 5.0 2.5 2 0 2 5 5
6633.4 2980.0 -9.3 359 0 13.1 12.2 5.0 2.5 2 0 2 5 5
6694.9 3153.8 -9.4 353 0 5.4 7.4 2.5 2.5 2 1 1 0 0
6661.8 3143.4 -9.3 181 0 13.4 10.5 2.5 2.5 2 0 1 0 0
6662.8 3118.6 -9.3 180 0 12.9 9.6 5.0 2.5 2 0 2 0 0
6497.7 3034.1 -10.8 169 0 8.2 20.6 2.5 2.5 4 1 1 5 5
6492.7 3083.3 -10.7 180 0 14.2 12.0 2.5 2.5 4 0 1 3 3
6531.7 3084.1 -10.5 356 0 10.1 17.7 5.0 2.5 4 1 2 5 5
6615.6 3114.9 -9.4 359 0 7.3 9.3 5.0 0.0 0 0 2 2 2
6601.5 3112.0 -9.5 356 0 10.0 19.1 5.0 2.5 2 0 2 0 0
6606.3 3113.5 -9.4 355 0 8.0 4.9 2.5 2.5 2 0 1 4 4
6578.3 3069.8 -9.7 182 0 16.1 9.8 5.0 2.5 2 0 2 5 5
6598.4 3088.1 -9.3 1 0 6.9 10.0 5.0 2.5 2 0 2 3 3
6610.0 3087.8 -9.3 1 0 7.0 11.6 2.5 2.5 2 0 1 5 5
6588.2 3069.5 -9.5 181 0 16.1 6.6 5.0 2.5 2 0 2 4 4
6578.0 3057.2 -9.7 182 0 9.0 16.1 7.5 2.5 2 0 3 4 4
6609.0 3064.1 -9.4 355 0 5.7 14.5 5.0 2.5 2 0 2 1 1
6627.3 3072.1 -9.1 359 0 14.0 9.5 5.0 2.5 4 0 2 3 3
6624.6 3087.4 -9.3 2 0 7.0 14.6 5.0 2.5 2 0 2 4 4
6629.7 3099.5 -9.3 359 0 7.0 9.5 7.5 2.5 2 0 3 3 3
6629.6 3106.5 -9.3 359 0 7.1 12.3 7.5 2.5 2 0 3 0 0
6591.0 3175.7 -9.5 177 0 6.1 3.9 7.5 2.5 2 0 3 1 1
6607.0 3156.5 -9.5 352 0 6.8 6.8 7.5 2.5 2 1 3 2 2
6592.3 3137.5 -9.5 170 0 13.9 7.2 7.5 2.5 2 0 3 4 4
6617.8 3137.1 -9.5 350 0 4.5 17.8 7.5 2.5 4 0 3 5 5
6614.3 3125.6 -9.4 351 0 10.7 7.6 5.0 2.5 2 0 2 1 1
6627.7 3136.9 -9.3 0 0 7.8 6.4 5.0 2.5 2 0 2 1 1
6627.7 3145.5 -9.3 360 0 9.2 7.0 5.0 2.5 2 0 2 1 1
6627.4 3170.0 -9.4 0 0 10.3 10.0 7.5 2.5 4 0 3 1 1
6572.7 3215.9 -9.4 180 0 4.2 8.7 5.0 2.5 2 0 2 5 5
6608.6 3218.1 -9.4 358 0 8.0 20.9 5.0 2.5 2 1 2 0 0
6572.7 3202.9 -9.5 180 0 21.8 8.7 7.5 0.0 0 0 3 3 3
6619.7 3190.9 -9.4 358 0 6.4 27.5 2.5 2.5 2 1 1 2 2
6606.9 3242.7 -9.3 352 0 3.8 19.2 7.5 2.5 2 0 3 2 2
6588.5 3234.7 -9.3 173 0 7.0 7.3 7.5 2.5 2 0 3 5 5
6628.1 3258.1 -8.9 359 0 11.0 11.5 2.5 2.5 2 1 1 3 3
6597.7 3254.6 -9.2 358 0 16.0 6.0 7.5 2.5 4 0 3 2 2
6566.8 3299.0 -9.1 260 0 4.4 8.0 7.5 2.5 2 1 3 5 5
6581.3 3301.2 -9.0 262 0 12.6 5.0 7.5 2.5 2 0 3 1 1
6586.1 3313.6 -9.0 261 0 14.5 5.6 7.5 2.5 2 0 3 0 0
6619.7 3308.2 -9.0 359 0 8.9 8.6 5.0 2.5 2 0 2 1 1
6577.5 3491.9 -8.3 350 0 11.7 11.0 7.5 0.0 0 0 3 1 1
6567.5 3522.3 -8.8 350 0 4.9 28.0 7.5 2.5 2 0 3 0 0
6533.1 3509.7 -9.3 169 0 17.0 8.0 2.5 2.5 2 0 1 4 4
6519.1 3460.7 -10.1 170 0 4.9 17.7 2.5 2.5 2 1 1 2 2
6541.2 3467.3 -9.2 169 0 13.5 8.0 7.5 2.5 2 0 3 0 0
6552.6 3452.8 -8.7 172 0 12.0 5.5 5.0 0.0 0 0 2 3 3
6582.7 3470.8 -8.8 350 0 5.2 33.4 7.5 2.5 2 0 3 3 3
6608.7 3464.6 -8.6 351 0 9.9 10.6 5.0 2.5 2 1 2 3 3
6583.6 3455.4 -8.4 352 0 8.2 7.2 5.0 2.5 2 0 2 4 4
6588.9 3419.7 -8.5 352 0 7.7 7.1 7.5 2.5 2 0 3 0 0
6584.8 3422.9 -8.5 82 0 7.1 8.4 7.5 0.0 0 0 3 4 4
6592.1 3564.6 -9.5 7 0 17.4 15.1 7.5 2.5 2 0 3 3 3
6545.8 3541.4 -9.1 258 0 19.6 11.4 7.5 2.5 2 0 3 1 1
6652.5 4412.4 -9.4 182 0 10.5 8.8 7.5 0.0 0 0 3 1 1
6643.7 4393.9 -9.4 179 0 9.1 9.1 2.5 2.5 2 1 1 4 4
6636.5 4371.5 -9.4 181 0 16.5 10.7 5.0 2.5 2 0 2 5 5
6659.5 4368.1 -9.4 90 0 5.4 11.8 5.0 2.5 2 1 2 3 3
6669.5 4383.1 -9.4 92 0 4.5 9.9 5.0 0.0 0 1 2 3 3
6674.6 4402.5 -9.4 94 0 5.7 13.1 5.0 2.5 2 1 2 3 3
6709.4 4454.6 -9.4 275 0 10.2 10.3 5.0 2.5 4 1 2 3 3
6583.2 4604.3 -9.5 359 0 10.2 13.1 5.0 2.5 2 1 2 0 0
6574.0 4589.8 -9.6 88 0 17.8 6.0 5.0 2.5 2 0 2 4 4
6558.7 4645.5 -10.2 269 0 28.4 7.6 2.5 2.5 2 0 1 4 4
6601.7 4625.3 -8.8 1 0 16.4 9.9 7.5 2.5 2 0 3 0 0
6666.0 4649.8 -8.6 4 0 8.3 3.8 2.5 2.5 2 0 1 1 1
6663.5 4695.1 -8.6 270 0 3.8 7.0 5.0 2.5 2 1 2 4 4
6654.2 4619.5 -8.5 92 0 10.9 8.0 5.0 2.5 2 0 2 2 2
6641.8 4638.8 -8.5 180 0 9.6 8.3 7.5 2.5 2 0 3 4 4
6645.3 4691.7 -8.5 269 0 7.4 12.0 5.0 2.5 2 1 2 5 5
6642.1 4663.7 -8.5 179 0 12.2 11.5 2.5 2.5 4 0 1 4 4
6675.6 4803.1 -9.2 9 0 4.5 8.1 2.5 2.5 4 1 1 1 1
6666.4 4824.8 -9.2 360 0 7.5 6.5 5.0 2.5 2 0 2 0 0
6641.3 4806.2 -9.2 180 0 14.1 15.4 7.5 2.5 2 1 3 1 1
6575.4 4848.5 -11.3 270 0 10.2 13.7 5.0 0.0 0 1 2 1 1
6537.1 4813.5 -12.1 180 0 6.1 6.1 5.0 2.5 2 0 2 0 0
6582.8 4785.9 -9.1 5 0 8.6 9.1 7.5 2.5 2 1 3 5 5
6582.3 4814.6 -11.2 358 0 13.2 9.8 2.5 2.5 2 0 1 2 2
6940.6 4751.1 -9.6 17 0 27.1 12.2 12.5 2.5 2 0 5 0 0
6916.8 4857.9 -9.6 103 0 3.1 5.9 2.5 2.5 2 1 1 1 1
6925.1 4875.4 -9.6 282 0 4.2 11.1 7.5 2.5 2 1 3 0 0
6936.9 4864.9 -9.6 13 0 4.8 6.3 5.0 2.5 2 0 2 5 5
6938.2 4870.2 -9.6 13 0 6.2 6.3 5.0 2.5 2 0 2 4 4
6955.4 4784.6 -9.6 106 0 11.6 17.0 5.0 2.5 2 1 2 4 4
6955.6 4884.1 -9.6 282 0 10.4 8.8 2.5 2.5 2 0 1 2 2
6925.8 4890.8 -9.6 283 0 9.6 8.6 2.5 2.5 2 0 1 2 2
6782.3 4869.7 -9.3 103 0 5.0 15.9 5.0 2.5 2 1 2 0 0
6805.5 4863.4 -9.4 12 0 8.0 16.1 7.5 0.0 0 1 3 0 0
6811.3 4869.5 -9.4 102 0 7.8 21.6 5.0 2.5 4 1 2 0 0
6807.5 4909.2 -9.3 281 0 10.0 13.9 5.0 2.5 2 1 2 3 3
6718.7 4893.0 -9.1 102 0 5.1 7.0 5.0 2.5 2 1 2 1 1
6759.5 4886.1 -9.2 100 0 11.5 7.0 7.5 2.5 2 0 3 1 1
6731.0 4923.0 -9.0 280 0 17.6 10.1 7.5 2.5 2 0 3 5 5
6711.2 5216.8 -9.4 106 0 8.3 9.6 7.5 2.5 2 1 3 2 2
6733.8 5188.0 -9.6 100 0 13.7 24.2 7.5 0.0 0 1 3 4 4
6741.2 5245.5 -8.3 200 0 6.5 3.9 7.5 2.5 2 0 3 5 5
6757.4 5239.4 -8.3 283 0 7.2 13.6 2.5 2.5 2 1 1 5 5
6595.3 5277.9 -10.3 17 0 4.0 6.2 5.0 2.5 2 1 2 5 5
6594.3 5223.5 -11.6 17 0 5.2 6.2 5.0 2.5 2 1 2 4 4
6605.7 5182.9 -12.4 7 0 4.7 9.2 7.5 2.5 2 1 3 4 4
6586.0 5189.2 -12.5 94 0 3.3 6.4 2.5 2.5 2 1 1 4 4
6572.8 5199.0 -12.8 178 0 7.2 7.3 7.5 2.5 2 1 3 1 1
6589.2 5251.1 -11.1 15 0 4.4 7.6 5.0 2.5 2 1 2 3 3
6314.0 5047.9 -30.0 1 0 7.5 4.3 7.5 0.0 0 0 3 5 5
6292.0 5056.3 -31.3 272 0 4.0 11.1 2.5 2.5 2 1 1 4 4
6314.3 5038.7 -30.9 3 0 4.5 19.0 5.0 2.5 2 1 2 2 2
6270.2 5022.3 -32.7 88 0 6.1 17.9 7.5 2.5 2 1 3 0 0
6245.2 5037.8 -33.7 182 0 6.6 9.6 5.0 2.5 2 1 2 0 0
6294.3 5072.0 -31.5 271 0 10.0 9.8 5.0 2.5 2 0 2 2 2
6265.8 5067.3 -33.2 268 0 10.1 12.4 7.5 2.5 2 1 3 2 2
6612.7 5595.6 -17.8 269 0 15.4 7.1 7.5 2.5 2 0 3 2 2
6565.4 5567.6 -24.7 178 0 13.1 11.5 2.5 2.5 2 0 1 3 3
6598.7 5468.5 -16.5 157 0 12.3 5.7 5.0 2.5 2 0 2 0 0
6592.2 5483.8 -18.8 157 0 20.9 6.3 7.5 2.5 4 0 3 3 3
6623.4 5490.5 -18.9 10 0 10.8 5.5 5.0 2.5 2 0 2 4 4
6622.4 5478.1 -17.2 360 0 15.5 5.6 5.0 2.5 2 0 2 0 0
6612.7 5456.6 -16.3 67 0 16.6 9.6 5.0 2.5 4 0 2 2 2
6544.0 5294.6 -11.8 192 0 9.0 6.4 7.5 2.5 2 0 3 3 3
6559.1 5320.5 -11.0 189 0 5.8 16.5 7.5 2.5 2 1 3 1 1
6556.8 5287.3 -11.5 192 0 8.4 14.3 7.5 2.5 2 1 3 0 0
6562.4 5245.8 -12.1 189 0 5.5 15.6 7.5 2.5 2 0 3 5 5
6572.0 5228.7 -12.1 101 0 5.4 13.0 5.0 2.5 2 0 2 2 2
6545.8 5244.3 -13.1 187 0 14.1 6.5 5.0 2.5 2 0 2 2 2
6603.3 5197.5 -12.2 3 0 10.5 9.0 7.5 2.5 2 0 3 4 4
6562.8 5220.7 -12.9 98 0 10.1 9.0 7.5 2.5 2 0 3 3 3
6605.3 5230.1 -11.4 13 0 9.2 12.8 5.0 2.5 2 1 2 4 4
6598.1 5250.0 -10.9 14 0 4.2 7.8 7.5 2.5 2 1 3 1 1
6607.1 5265.6 -10.6 14 0 16.1 10.3 5.0 2.5 2 0 2 5 5
6605.2 5291.1 -9.9 16 0 5.1 10.2 5.0 2.5 2 0 2 1 1
6601.2 5338.1 -10.8 268 0 13.0 5.5 7.5 2.5 2 0 3 4 4
6607.8 5319.8 -10.0 271 0 8.0 8.5 2.5 2.5 2 0 1 0 0
6607.7 5311.3 -9.8 271 0 8.0 7.7 7.5 2.5 2 0 3 0 0
6659.7 5297.4 -10.1 78 0 13.6 10.4 5.0 0.0 0 0 2 4 4
6712.4 5328.7 -11.3 257 0 7.8 21.7 2.5 2.5 2 1 1 5 5
6763.9 5421.0 -18.6 92 0 15.5 13.6 7.5 2.5 2 0 3 5 5
6781.9 5420.4 -19.1 92 0 20.5 13.6 7.5 2.5 2 0 3 4 4
6796.7 5420.0 -19.5 92 0 9.2 17.9 5.0 2.5 2 0 2 0 0
6828.4 5404.8 -18.8 92 0 8.2 8.7 7.5 0.0 0 1 3 3 3
6824.3 5460.6 -20.3 357 0 9.1 13.9 2.5 2.5 2 0 1 5 5
6825.0 5447.4 -20.3 357 0 17.4 9.7 2.5 2.5 2 0 1 5 5
6809.9 5245.6 -8.7 286 0 22.0 9.6 5.0 2.5 4 0 2 4 4
6881.9 5106.3 -9.4 22 0 11.5 65.9 10.0 2.5 2 1 4 5 5
6905.2 5259.0 -11.1 195 0 63.9 11.6 15.0 0.0 0 0 6 2 2
6876.6 5189.0 -7.2 195 0 16.1 8.2 7.5 2.5 2 0 3 3 3
6876.1 5131.8 -8.2 105 0 12.7 83.1 10.0 0.0 0 0 4 4 4
6946.4 5137.6 -7.3 15 0 6.2 3.1 5.0 2.5 2 0 2 2 2
6930.9 5142.4 -7.1 23 0 8.2 16.1 7.5 2.5 2 1 3 2 2
6909.6 5124.3 -7.8 113 0 8.3 11.9 5.0 2.5 2 0 2 4 4
6917.3 5121.1 -7.7 112 0 8.3 11.9 7.5 0.0 0 0 3 4 4
6944.3 5043.5 -9.2 21 0 3.7 17.1 2.5 2.5 2 1 1 4 4
6934.5 5085.8 -9.3 292 0 10.2 10.0 2.5 2.5 2 0 1 2 2
6941.1 5057.6 -9.2 22 0 7.0 10.8 5.0 2.5 2 1 2 1 1
6943.6 5082.1 -9.2 292 0 9.3 10.0 5.0 0.0 0 0 2 4 4
-5311.3 1488.5 5.3 319 0 11.8 18.1 7.5 2.5 2 1 3 4 4
-5360.6 1409.3 5.5 138 0 10.1 79.6 7.5 2.5 2 0 3 3 3
5240.0 -1771.1 -33.5 169 0 30.8 6.9 8.0 2.5 2 0 2 4 4
-5565.8 1158.5 5.4 254 0 18.7 13.6 12.5 2.5 2 0 5 5 5
