I
1000 Generated by WorldEditor 2.2.0r2

1    995 1 0 EPKT Katowice-Pyrzowice
1302 city Katowice
1302 country Poland
1302 datum_lat 50.474166667
1302 datum_lon 19.08
1302 faa_code 
1302 iata_code KTW
1302 icao_code EPKT
1302 region_code EP
1302 state Silesia
1302 transition_alt 6500
1302 transition_level FL65
100 45.00 2 2 0.25 1 3 1 09  50.47604500  019.05945909    0   26 3 7 0 0 27  50.47594429  019.10470965  325   27 5 3 0 0
110 1 0.00 0.0000 New Taxiway 1
111  50.47099005  019.07909131
111  50.47062574  019.07909114
111  50.47062614  019.07916179
111  50.47055698  019.07915410
111  50.47055015  019.07928398
111  50.47062627  019.07928477
111  50.47062666  019.07939553
112  50.47062666  019.07939553  50.47058286  019.07940987
111  50.47054301  019.07960248
111  50.47054014  019.08007346
111  50.47045260  019.08026602
111  50.46988879  019.08010647
111  50.46995563  019.08022799
111  50.47033436  019.08033021
111  50.47034196  019.08085825
112  50.47042169  019.08096154  50.47042352  019.08106478
111  50.47034401  019.08108485
111  50.47024577  019.08108772
111  50.47024737  019.08158994
111  50.47035260  019.08158790
111  50.47035747  019.08302901
111  50.47044151  019.08302911
112  50.47058325  019.08268134  50.47077911  019.08273321
111  50.47071481  019.08303123
111  50.47082832  019.08303102
112  50.47082832  019.08303102  50.47081965  019.08302241
111  50.47080686  019.08292755
111  50.47080653  019.08235089
111  50.47041770  019.08198548
111  50.47041120  019.08160693
111  50.47049707  019.08168479
111  50.47093886  019.08166883
111  50.47093785  019.08095354
112  50.47098958  019.08070378  50.47105098  019.08070073
111  50.47098958  019.08070378
111  50.47098921  019.08042873
112  50.47098921  019.08042873  50.47092545  019.08042983
111  50.47092815  019.08024875
111  50.47092748  019.07950085
112  50.47098912  019.07928200  50.47104956  019.07928154
113  50.47098912  019.07928200
111  50.47064503  019.08112849
112  50.47060763  019.08105821  50.47058929  019.08096716
111  50.47059576  019.08085288
111  50.47054226  019.08085400
112  50.47051819  019.08094991  50.47049104  019.08096259
111  50.47048075  019.08091053
111  50.47048622  019.08036277
111  50.47059610  019.08013517
111  50.47059470  019.07963372
112  50.47063891  019.07953511  50.47068512  019.07953165
113  50.47063891  019.07953511
111  50.47080661  019.08152130
111  50.47070966  019.08152255
111  50.47080101  019.08130911
111  50.47086986  019.08130961
113  50.47086946  019.08144633
110 1 0.00 0.0000 New Taxiway 1
111  50.47187086  019.06820136
112  50.47188058  019.06622103  50.47189129  019.06504071
111  50.47188058  019.06622103
112  50.47215750  019.06625829  50.47240815  019.06650521
111  50.47215750  019.06625829
111  50.47215778  019.06588734
112  50.47215778  019.06588734  50.47204057  019.06602249
111  50.47188265  019.06600264
112  50.47188265  019.06600264  50.47190193  019.06406380
112  50.47208486  019.05918310  50.47221720  019.05713056
111  50.47208486  019.05918310
112  50.47217198  019.05907407  50.47223484  019.05908135
111  50.47217198  019.05907407
111  50.47296617  019.05906354
112  50.47300899  019.05910089  50.47300491  019.05913515
111  50.47300899  019.05910089
111  50.47301004  019.05984831
112  50.47301004  019.05984831  50.47299914  019.05992752
111  50.47291601  019.05991039
111  50.47291653  019.05999336
112  50.47300925  019.06004520  50.47301061  019.06009445
111  50.47300925  019.06004520
111  50.47300959  019.06014197
111  50.47308368  019.06013983
111  50.47308142  019.05884629
111  50.47301013  019.05884477
111  50.47301091  019.05890445
112  50.47301091  019.05890445  50.47301091  019.05895583
111  50.47296498  019.05896833
112  50.47217194  019.05894521  50.47217227  019.05894033
111  50.47217194  019.05894521
112  50.47217194  019.05894521  50.47210534  019.05890912
111  50.47210875  019.05883370
112  50.47210875  019.05883370  50.47218987  019.05771586
112  50.47244444  019.05664445  50.47259025  019.05640625
111  50.47244444  019.05664445
112  50.47244444  019.05664445  50.47277867  019.05599624
111  50.47354308  019.05621430
111  50.47352589  019.06052742
111  50.47360633  019.06052708
111  50.47360924  019.06010176
112  50.47374456  019.05997211  50.47384851  019.05997746
111  50.47374456  019.05997211
111  50.47374688  019.05984847
112  50.47374688  019.05984847  50.47363373  019.05984847
111  50.47360739  019.05973931
111  50.47361042  019.05669781
112  50.47375133  019.05651492  50.47391017  019.05650124
111  50.47375133  019.05651492
111  50.47375124  019.05642865
112  50.47375124  019.05642865  50.47358804  019.05642523
111  50.47361084  019.05629514
111  50.47361152  019.05621267
111  50.47401899  019.05620440
111  50.47402070  019.05610565
111  50.47361244  019.05610104
112  50.47239606  019.05653403  50.47205839  019.05714142
111  50.47239606  019.05653403
112  50.47239606  019.05653403  50.47186611  019.05726880
111  50.47179893  019.06598503
111  50.47179517  019.06621318
113  50.47178554  019.06820075
110 2 0.00 0.0000 Aprons Taxi B E3 E2 E1 E0 T
111  50.47240334  019.06588848
111  50.47215778  019.06588734
111  50.47215750  019.06625829
111  50.47215597  019.06838594
112  50.47212047  019.06847158  50.47210176  019.06850162
111  50.47207345  019.06852090
112  50.47197914  019.06855402  50.47192006  019.06855402
111  50.47187141  019.06846551
111  50.47187086  019.06820136
111  50.47178554  019.06820075
111  50.47178390  019.06846405
111  50.47143419  019.06846550
111  50.47121785  019.06846575
111  50.47122309  019.07121452
111  50.47140230  019.07121571
111  50.47140644  019.07355895
111  50.47150085  019.07356001
111  50.47150097  019.07435350
111  50.47153972  019.07435791
111  50.47154177  019.07654055
111  50.47098580  019.07654495
111  50.47098921  019.07898923
111  50.47099005  019.07909131
111  50.47098912  019.07928200
111  50.47098921  019.08042873
111  50.47098958  019.08070378
111  50.47098928  019.08298291
111  50.47093785  019.08298407
111  50.47093759  019.08303145
111  50.47082832  019.08303102
111  50.47071481  019.08303123
111  50.47044151  019.08302911
111  50.47035747  019.08302901
111  50.46911986  019.08302785
111  50.46911884  019.08325692
111  50.46911986  019.08366545
111  50.46931747  019.08366409
111  50.46931760  019.08359623
111  50.46944957  019.08359664
111  50.46976473  019.08359694
111  50.46990735  019.08359779
111  50.46990721  019.08354352
111  50.47022808  019.08354133
111  50.47022711  019.08326638
111  50.47034675  019.08326663
111  50.47041490  019.08326663
111  50.47061648  019.08326588
111  50.47065729  019.08326715
111  50.47098998  019.08326715
111  50.47098945  019.08512084
111  50.47098914  019.08527845
111  50.47098945  019.08573795
111  50.47098866  019.08593240
111  50.47098953  019.08735391
111  50.47106195  019.08735341
111  50.47115909  019.08735404
111  50.47126824  019.08735365
111  50.47126849  019.08757239
111  50.47188765  019.08757302
111  50.47188754  019.08735800
111  50.47200487  019.08735733
111  50.47201449  019.08735743
112  50.47201449  019.08735743  50.47207701  019.08735223
111  50.47209298  019.08744396
111  50.47209248  019.08863271
111  50.47209276  019.08885062
111  50.47209248  019.08975102
111  50.47209247  019.08998039
111  50.47209173  019.09088612
111  50.47209160  019.09109485
111  50.47209165  019.09199297
111  50.47209173  019.09224149
111  50.47209173  019.09316242
111  50.47209144  019.09326453
111  50.47209119  019.09474335
111  50.47205396  019.09474449
111  50.47205469  019.09489889
111  50.47172643  019.09489941
111  50.47159922  019.09489941
111  50.47159972  019.09545217
111  50.47150989  019.09545293
111  50.47151022  019.09602606
111  50.47175749  019.09602706
111  50.47187741  019.09602706
111  50.47210251  019.09602654
111  50.47210236  019.09613562
111  50.47187612  019.09613638
111  50.47175695  019.09613638
111  50.47104318  019.09613435
111  50.47104318  019.09748700
111  50.47180087  019.09749055
111  50.47186480  019.09749003
111  50.47208666  019.09749079
111  50.47208554  019.09955081
111  50.47200639  019.09955081
111  50.47200624  019.09886609
111  50.47195024  019.09886585
111  50.47194927  019.09765198
111  50.47186544  019.09765150
111  50.47179958  019.09765150
111  50.47159825  019.09765147
111  50.47159825  019.09769952
111  50.47159777  019.09997796
111  50.47166284  019.09997899
111  50.47207129  019.09997799
111  50.47208509  019.10003453
111  50.47208474  019.10013080
111  50.47225214  019.10059086
111  50.47225058  019.10092205
111  50.47218143  019.10100330
111  50.47218256  019.10372170
111  50.47241159  019.10419070
111  50.47252574  019.10443516
111  50.47263939  019.10465234
111  50.47281060  019.10480361
111  50.47576357  019.10481177
111  50.47576171  019.10229914
111  50.47525876  019.10411045
111  50.47471879  019.10410968
112  50.47453370  019.10400167  50.47447814  019.10390345
111  50.47444263  019.10375060
111  50.47440268  019.10299070
111  50.47397264  019.10298680
111  50.47292966  019.10088686
111  50.47258010  019.10001563
111  50.47257961  019.09981963
111  50.47253479  019.09971008
111  50.47250396  019.09913599
111  50.47250414  019.09778985
111  50.47250291  019.09743819
111  50.47250336  019.09560137
111  50.47256405  019.09478237
111  50.47306978  019.09477574
111  50.47351061  019.09406662
111  50.47356272  019.09406661
111  50.47363344  019.09406713
111  50.47394610  019.09406661
111  50.47394536  019.09428439
111  50.47409126  019.09428884
111  50.47546616  019.09429739
112  50.47560186  019.09442646  50.47564596  019.09448498
111  50.47577780  019.09485684
111  50.47577016  019.09304286
112  50.47559425  019.09345762  50.47555431  019.09350673
111  50.47545728  019.09355782
111  50.47470025  019.09356276
112  50.47457742  019.09345974  50.47455016  019.09342592
111  50.47449697  019.09327971
111  50.47386793  019.09328295
112  50.47377036  019.09347833  50.47372868  019.09351652
111  50.47377036  019.09347833
112  50.47377036  019.09347833  50.47373737  019.09351925
111  50.47360365  019.09358824
111  50.47354733  019.09358746
111  50.47271994  019.09359430
112  50.47262847  019.09344287  50.47259769  019.09337414
111  50.47262847  019.09344287
112  50.47262847  019.09344287  50.47259769  019.09337924
111  50.47256003  019.09323183
111  50.47250766  019.09259562
111  50.47250633  019.08982074
111  50.47250548  019.08974115
111  50.47250710  019.08708692
111  50.47256892  019.08644073
112  50.47259833  019.08635699  50.47261849  019.08631972
111  50.47266325  019.08627496
111  50.47312302  019.08617571
111  50.47371160  019.08617756
112  50.47384932  019.08627698  50.47387779  019.08630866
111  50.47396099  019.08646997
111  50.47396099  019.08501380
112  50.47384611  019.08526225  50.47383918  019.08527314
111  50.47362972  019.08549919
111  50.47283989  019.08549439
111  50.47265788  019.08543818
112  50.47265788  019.08543818  50.47259474  019.08536625
111  50.47257342  019.08528793
111  50.47253000  019.08460444
111  50.47253348  019.07627338
111  50.47297145  019.07627294
112  50.47297145  019.07627294  50.47299786  019.07626202
111  50.47303119  019.07635723
111  50.47302953  019.07724580
112  50.47295424  019.07735075  50.47288335  019.07735730
111  50.47295424  019.07735075
111  50.47295470  019.07739851
112  50.47295470  019.07739851  50.47302559  019.07741161
111  50.47302754  019.07753030
111  50.47306099  019.07753221
111  50.47306713  019.07608927
111  50.47302942  019.07609005
112  50.47297161  019.07620561  50.47291879  019.07620998
111  50.47297161  019.07620561
111  50.47253326  019.07620099
111  50.47253456  019.07470495
111  50.47249816  019.07383055
111  50.47250377  019.07197144
111  50.47254541  019.07179829
111  50.47258777  019.07079708
111  50.47255222  019.07073279
111  50.47255310  019.06755983
111  50.47259515  019.06688372
112  50.47266173  019.06670561  50.47270647  019.06659576
111  50.47266173  019.06670561
112  50.47266173  019.06670561  50.47271486  019.06662213
111  50.47275712  019.06662310
111  50.47370917  019.06662942
112  50.47388289  019.06683737  50.47394442  019.06695820
111  50.47388289  019.06683737
112  50.47388289  019.06683737  50.47392904  019.06690987
111  50.47399057  019.06705312
111  50.47400270  019.06542632
112  50.47389581  019.06570931  50.47386898  019.06575644
113  50.47374577  019.06588559
110 2 0.00 0.0000 Taxi A
112  50.47391562  019.07395253  50.47385594  019.07400982
111  50.47391562  019.07395253
112  50.47391562  019.07395253  50.47384611  019.07402441
112  50.47377068  019.07414931  50.47365013  019.07432805
111  50.47377068  019.07414931
112  50.47377068  019.07414931  50.47371501  019.07418892
112  50.47352211  019.07423692  50.47337524  019.07423385
112  50.47285330  019.07423218  50.47279116  019.07422559
111  50.47285330  019.07423218
112  50.47285330  019.07423218  50.47270821  019.07419622
111  50.47257282  019.07406346
111  50.47249816  019.07383055
111  50.47253456  019.07470495
112  50.47253456  019.07470495  50.47256848  019.07463526
111  50.47267523  019.07456222
111  50.47356967  019.07457174
112  50.47378406  019.07466107  50.47382921  019.07469927
112  50.47392697  019.07487729  50.47395128  019.07494277
111  50.47399487  019.07520859
111  50.47399554  019.07424961
114  50.47399593  019.07395221  50.47399633  019.07365480
110 2 0.00 0.0000 Taxi L H2 N
111  50.47457452  019.05940321
111  50.47401902  019.05928530
111  50.47401695  019.06052537
111  50.47401695  019.06082902
111  50.47401777  019.06118043
111  50.47400270  019.06542366
111  50.47399057  019.06705046
111  50.47399077  019.06776691
111  50.47453961  019.06901710
111  50.47457253  019.06899525
112  50.47467144  019.06892873  50.47472874  019.06891973
111  50.47477990  019.06898760
112  50.47516149  019.06982814  50.47519205  019.06992417
111  50.47516149  019.06982814
112  50.47516149  019.06982814  50.47519778  019.06990917
112  50.47548511  019.07089756  50.47551201  019.07102053
111  50.47548511  019.07089756
112  50.47548511  019.07089756  50.47550541  019.07097731
112  50.47564032  019.07167908  50.47566063  019.07180136
111  50.47564032  019.07167908
112  50.47564032  019.07167908  50.47565386  019.07181731
111  50.47573602  019.07275872
111  50.47578218  019.07289341
111  50.47574561  019.06970527
112  50.47564187  019.06987769  50.47558435  019.06987237
111  50.47552981  019.06979004
111  50.47454072  019.06707752
111  50.47454671  019.06047525
112  50.47465368  019.06023684  50.47471377  019.06017510
111  50.47481972  019.06014345
111  50.47556029  019.06015003
112  50.47567056  019.06025252  50.47571074  019.06029311
111  50.47567056  019.06025252
112  50.47567056  019.06025252  50.47570787  019.06031340
111  50.47575760  019.06046583
113  50.47577284  019.05940144
110 1 0.00 225.4200 Taxi U
111  50.47382056  019.07274863
111  50.47258777  019.07079708
111  50.47254541  019.07179829
113  50.47381966  019.07384529
110 2 0.00 0.0000 Taxi H1
111  50.47457636  019.05438462 102
111  50.47455443  019.05438464
111  50.47448955  019.05438469 102
111  50.47401866  019.05438506 102
111  50.47402070  019.05610565
111  50.47401899  019.05620440 102
111  50.47401902  019.05928530
113  50.47457452  019.05940321 102
110 2 0.00 0.0000 No taxi 1
111  50.47401695  019.06052537
111  50.47360633  019.06052708
111  50.47352589  019.06052742
111  50.47308626  019.06052925
111  50.47215778  019.06588734
111  50.47240334  019.06588848
111  50.47231286  019.06566815
112  50.47312492  019.06107826  50.47313713  019.06104409
112  50.47366652  019.06074230  50.47413612  019.06081967
111  50.47366652  019.06074230
112  50.47366652  019.06074230  50.47403510  019.06093705
112  50.47401777  019.06118043  50.47415254  019.06130544
111  50.47401777  019.06118043
113  50.47401695  019.06082902
110 2 0.00 0.0000 No taxi 2
111  50.47386793  019.09328029
111  50.47449697  019.09327705
111  50.47449780  019.08381779
111  50.47449552  019.08368737
111  50.47453961  019.06901710
111  50.47399077  019.06776691
111  50.47399667  019.07302742
111  50.47399593  019.07395221
111  50.47399554  019.07424961
111  50.47399487  019.07520859
111  50.47396099  019.08501114
111  50.47396099  019.08646731
113  50.47394865  019.09305271
110 2 0.00 0.0000 No taxi 3
111  50.47533415  019.06593580
111  50.47533415  019.06659672
111  50.47550287  019.06660035
112  50.47563873  019.06668561  50.47567120  019.06672463
111  50.47575478  019.06695623
111  50.47575247  019.06564528
112  50.47563149  019.06586728  50.47559710  019.06589729
113  50.47549131  019.06593580
110 2 0.00 0.0000 No taxi 5
111  50.47571476  019.08732955
112  50.47559216  019.08853285  50.47555494  019.08880400
111  50.47559216  019.08853285
112  50.47559216  019.08853285  50.47555155  019.08884122
112  50.47543245  019.08932769  50.47539184  019.08947124
111  50.47543245  019.08932769
112  50.47543245  019.08932769  50.47539523  019.08948188
111  50.47525751  019.08994283
111  50.47491507  019.09080572
111  50.47523890  019.09110984
111  50.47551492  019.09034103
112  50.47558909  019.09029600  50.47562353  019.09029375
111  50.47565784  019.09033434
113  50.47570416  019.09040804
130 Airport Boundary
111  50.47692629  019.05437568
111  50.47672813  019.05436922
111  50.47672805  019.05421477
111  50.47615320  019.05375513
111  50.47547732  019.04913480
111  50.47515242  019.04826286
111  50.47466318  019.04763542
111  50.47432688  019.04765107
111  50.47297336  019.04822286
111  50.47254422  019.04879399
111  50.47214000  019.05136794
111  50.47151272  019.05430400
111  50.46836982  019.07474103
111  50.46679335  019.08497106
111  50.46625137  019.08847407
111  50.46613124  019.08896687
111  50.46624802  019.08906517
111  50.46570296  019.09222894
111  50.46568288  019.09449612
111  50.46791679  019.09407625
111  50.46784835  019.09468132
111  50.46750412  019.09475141
111  50.46822380  019.09812169
111  50.46890055  019.09812203
111  50.46889661  019.09968634
111  50.46924899  019.10057199
111  50.46982841  019.10087305
111  50.47058126  019.10061926
111  50.47134312  019.10065730
111  50.47152854  019.10085871
111  50.47204619  019.10111492
111  50.47195463  019.10456943
111  50.47319540  019.10536462
111  50.47319357  019.10717817
111  50.47382184  019.10718148
111  50.47382240  019.10800668
111  50.47453821  019.10801022
111  50.47453867  019.10719002
111  50.47526988  019.10719021
111  50.47527189  019.11381178
111  50.47659219  019.11380310
111  50.47659757  019.10820396
111  50.47760252  019.10919382
111  50.47788154  019.10993778
111  50.47797151  019.10993818
111  50.47800453  019.11008649
111  50.47903716  019.11178748
111  50.47990131  019.11175898
111  50.48124740  019.11028389
111  50.48137235  019.10064554
111  50.48291569  019.09413507
111  50.48327969  019.08883621
111  50.48394320  019.08694232
111  50.47912066  019.07934371
111  50.47900671  019.06023729
113  50.47988734  019.05675775
120 Linear Feature 146
111  50.47222611  019.06576678 1
115  50.47230998  019.06585463
120 Linear Feature 145
111  50.47230256  019.06576481 1
115  50.47222667  019.06586521
120 Linear Feature 146
111  50.47392506  019.06072889 1
115  50.47400893  019.06081674
120 Linear Feature 145
111  50.47400749  019.06071752 1
115  50.47393160  019.06081792
120 Linear Feature 146
111  50.47561713  019.06622683 1
115  50.47570100  019.06631468
120 Linear Feature 145
111  50.47570100  019.06621428 1
115  50.47562511  019.06631468
120 Linear Feature 144
111  50.47559006  019.08939154 1
115  50.47564189  019.08949441
120 Linear Feature 143
111  50.47564189  019.08938296 1
115  50.47558733  019.08950727
120 Linear Feature 142
111  50.47123925  019.08677692 1
115  50.47232058  019.08677413
120 Linear Feature 141
111  50.47132075  019.08693898 2
115  50.47232049  019.08693505
120 Linear Feature 140
111  50.47133022  019.08630398 2
115  50.47232115  019.08629724
120 Linear Feature 139
111  50.47132683  019.08567006 2
115  50.47232144  019.08567246
120 Linear Feature 138
111  50.47138343  019.07077917 2
115  50.47233975  019.07077872
120 Linear Feature 137
111  50.47138211  019.07017117 2
115  50.47234005  019.07017385
120 Linear Feature 136
111  50.47138521  019.06951647 2 101
115  50.47233990  019.06951833
120 Linear Feature 135
111  50.47138521  019.06885288 2 101
115  50.47233809  019.06885072
120 Linear Feature 134
111  50.47138492  019.06918704 1
115  50.47234005  019.06919019
120 Linear Feature 133
111  50.47138483  019.07047280 1
115  50.47233990  019.07047275
120 Linear Feature 132
111  50.47158463  019.07145101 1 101
115  50.47234095  019.07144935
120 Linear Feature 131
111  50.47158294  019.07211103 1 101
115  50.47233961  019.07211006
120 Linear Feature 130
111  50.47158661  019.07279085 1 101
115  50.47233990  019.07279107
120 Linear Feature 129
111  50.47155818  019.07325327 1
111  50.47188713  019.07353239 1
115  50.47233990  019.07353303
120 Linear Feature 128
111  50.47166288  019.07388336 1
111  50.47186447  019.07417707 1
111  50.47194717  019.07422541 1
115  50.47233975  019.07422818
120 Linear Feature 127
111  50.47162988  019.07449059 1
111  50.47186450  019.07494145 1
111  50.47195246  019.07507088 1
115  50.47233975  019.07507923
120 Linear Feature 126
111  50.47163252  019.07527548 1
111  50.47185354  019.07570810 1
111  50.47192699  019.07583152 1
115  50.47233968  019.07585718
120 Linear Feature 125
111  50.47163224  019.07604953 1
111  50.47188473  019.07653502 1
111  50.47193813  019.07661699 1
115  50.47233500  019.07663665
120 Linear Feature 124
111  50.47134495  019.07694976 1 101
115  50.47233191  019.07694857
120 Linear Feature 123
111  50.47135003  019.07759263 1 101
115  50.47233200  019.07759162
120 Linear Feature 122
111  50.47129622  019.07871923 1 101
115  50.47233105  019.07871717
120 Linear Feature 121
111  50.47129002  019.07966907 1 101
115  50.47232775  019.07967192
120 Linear Feature 120
111  50.47130926  019.08043327 2
111  50.47140265  019.08043311 2
115  50.47232607  019.08044084
120 Linear Feature 120
111  50.47131451  019.08106731 2
111  50.47140278  019.08106723 2
115  50.47232431  019.08106799
120 Linear Feature 120
111  50.47128568  019.08060619 1
115  50.47232489  019.08060413
120 Linear Feature 119
111  50.47133065  019.08183770 1
115  50.47232213  019.08183824
120 Linear Feature 118
111  50.47133573  019.08247097 1
115  50.47232213  019.08247092
120 Linear Feature 117
111  50.47133507  019.08344873 1
115  50.47232247  019.08344769
120 Linear Feature 116
111  50.47133235  019.08408673 1
115  50.47232247  019.08408555
120 Linear Feature 115
111  50.47133131  019.08472104 1
115  50.47232132  019.08472240
120 Linear Feature 114
111  50.47124063  019.08582413 1
115  50.47232130  019.08582419
120 Linear Feature 113
111  50.47234708  019.06772397 1 101
111  50.47233809  019.06885072 1 101
111  50.47234005  019.06919019 1 101
111  50.47233990  019.06951833 1 101
111  50.47234005  019.07017385 1 101
111  50.47234004  019.07018534
111  50.47248265  019.07020289 5 103
111  50.47225496  019.07020289
111  50.47234004  019.07018534 1 101
111  50.47233990  019.07047275 1 101
111  50.47233975  019.07077872 1 101
111  50.47234087  019.07140234
111  50.47225496  019.07142739 5 103
111  50.47244201  019.07142739
111  50.47234087  019.07140234 1 101
111  50.47234095  019.07144935 1 101
111  50.47233961  019.07211006 1 101
111  50.47233990  019.07279107 1 101
111  50.47233990  019.07353303 1 101
111  50.47233975  019.07408423 1 101
111  50.47233975  019.07422818 1 101
111  50.47233975  019.07475464 1 101
111  50.47233975  019.07507923 1 101
111  50.47233968  019.07585718 1 101
111  50.47233500  019.07663665 1 101
111  50.47233191  019.07694857 1 101
111  50.47233200  019.07759162 1 101
111  50.47233105  019.07871717 1 101
111  50.47232775  019.07967192 1 101
111  50.47232607  019.08044084 1 101
111  50.47232489  019.08060413 1 101
111  50.47232431  019.08106799 1 101
111  50.47232213  019.08183824 1 101
111  50.47232213  019.08247092 1 101
111  50.47232247  019.08344769 1 101
111  50.47232247  019.08408555 1 101
111  50.47232132  019.08472240 1 101
111  50.47232144  019.08567246 1 101
111  50.47232130  019.08582419 1 101
111  50.47232115  019.08629724 1 101
111  50.47232058  019.08677413 1 101
111  50.47232049  019.08693505 1 101
115  50.47229972  019.09312584
120 Linear Feature 19
111  50.47588467  019.10389388 1 101
111  50.47582576  019.10412032 1 101
111  50.47575757  019.10427891 1 101
111  50.47564572  019.10440321 1 101
111  50.47555570  019.10445464 1 101
111  50.47541729  019.10449535 1 101
111  50.47527222  019.10449519 1 101
111  50.47503740  019.10449751 1 101
111  50.47466368  019.10449773 1 101
111  50.47452729  019.10444607 1 101
111  50.47441272  019.10433461 1 101
111  50.47431997  019.10418888 1 101
111  50.47416448  019.10388457 1 101
111  50.47399808  019.10355026 1 101
111  50.47378258  019.10310451 1 101
111  50.47370725  019.10295553 1 101
111  50.47348797  019.10252588 1 101
111  50.47334884  019.10224729 1 101
111  50.47319682  019.10194700 1 101
111  50.47298876  019.10151865 1 101
111  50.47281963  019.10118863 1 101
111  50.47265323  019.10084575 1 101
111  50.47252502  019.10058431 1 101
111  50.47239408  019.10031858 1 101
111  50.47231225  019.10011285 1 101
111  50.47229042  019.09990284 1 101
115  50.47229662  019.09426213
120 Linear Feature 112
111  50.47220146  019.09312618 1 102
111  50.47219476  019.09613416 1 102
115  50.47104318  019.09613169
120 Linear Feature 111
111  50.47206221  019.08733666 1 102
111  50.47215800  019.08751936 1 102
111  50.47220804  019.08771422 1 102
115  50.47220146  019.09312618
120 Linear Feature 110
111  50.47106013  019.09747988 1 102
115  50.47219324  019.09747953
120 Linear Feature 109
111  50.47503775  019.10468267 1 102
115  50.47570949  019.10468257
120 Linear Feature 108
111  50.47372170  019.10468067 1 102
115  50.47503775  019.10468267
120 Linear Feature 107
111  50.47224395  019.10095938 1 102
111  50.47224794  019.10340035 1 102
111  50.47245562  019.10378940 1 102
111  50.47270324  019.10428513 1 102
111  50.47328635  019.10468049 1 102
115  50.47372170  019.10468067
120 Linear Feature 106
111  50.47242367  019.10080878 1
111  50.47245163  019.10123376 1
111  50.47247559  019.10171238 1
115  50.47248757  019.10257833
120 Linear Feature 105
111  50.47219324  019.09747953 1 102
111  50.47219604  019.09995861 1 102
111  50.47220001  019.10013736 1 102
115  50.47242367  019.10080878
120 Linear Feature 104
111  50.47385670  019.10300895 1 102
111  50.47284703  019.10099073 1 102
111  50.47281507  019.10088406 1 102
111  50.47248358  019.10010595 1 102
115  50.47244764  019.09996790
120 Linear Feature 103
111  50.47503775  019.10427202 1 102
111  50.47466425  019.10427267 1 102
111  50.47452047  019.10417226 1 102
111  50.47418498  019.10361376 1 102
115  50.47385670  019.10300895
120 Linear Feature 102
111  50.47527335  019.10427219 1 102
115  50.47503775  019.10427202
120 Linear Feature 101
111  50.47244764  019.09996790 1 102
111  50.47240072  019.09883688 1 102
111  50.47239971  019.09563823 1 102
115  50.47248673  019.09478730
120 Linear Feature 100
111  50.47506269  019.09414286 1 102
111  50.47543253  019.09414186 1 102
111  50.47555961  019.09421603 1 102
111  50.47564311  019.09430730 1 102
115  50.47575930  019.09457543
120 Linear Feature 99
111  50.47257508  019.09476940 1 102
111  50.47306887  019.09477510 1 102
111  50.47349730  019.09406773 1 102
111  50.47376979  019.09406615 1 102
111  50.47439774  019.09406772 1 102
111  50.47467393  019.09414427 1 102
115  50.47506269  019.09414286
120 Linear Feature 98
111  50.47283663  019.09364594 1 102
111  50.47267189  019.09364176 1 102
111  50.47258960  019.09355430 1 102
111  50.47250972  019.09344591 1 102
115  50.47245756  019.09312483
120 Linear Feature 97
111  50.47404198  019.09309771 1 102
111  50.47396614  019.09330532 1 102
111  50.47377018  019.09356921 1 102
111  50.47349971  019.09364634 1 102
115  50.47283663  019.09364594
120 Linear Feature 96
111  50.47506325  019.09369412 1 102
111  50.47467369  019.09369120 1 102
115  50.47440195  019.09335111
120 Linear Feature 95
111  50.47575204  019.09333179 1 102
111  50.47563585  019.09356569 1 102
111  50.47552516  019.09367550 1 102
111  50.47531911  019.09369262 1 102
115  50.47506325  019.09369412
120 Linear Feature 94
111  50.47381966  019.07384529 1 102
111  50.47382056  019.07274863 1 102
111  50.47258777  019.07079708 1 102
111  50.47255222  019.07073279 1 102
111  50.47248543  019.07061930 1 102
111  50.47248265  019.07020289 1 102
111  50.47247946  019.06972478 1 102
111  50.47247774  019.06755515 1 102
111  50.47249816  019.06687943 1 102
111  50.47257418  019.06664976 1 102
111  50.47263734  019.06655910 1 102
111  50.47275624  019.06648806 1 102
111  50.47369322  019.06648546
112  50.47369322  019.06648546  50.47387626  019.06649063 1 102
112  50.47407216  019.06706992  50.47406997  019.06723869
111  50.47407216  019.06706992 1 102
112  50.47407248  019.06931677  50.47407029  019.06948554
111  50.47407248  019.06931677 1 102
112  50.47407306  019.07335239  50.47407086  019.07352116
111  50.47407306  019.07335239 1 102
111  50.47407312  019.07380979
112  50.47407312  019.07380979  50.47406391  019.07393379 1 102
112  50.47352211  019.07423692  50.47320320  019.07419913
111  50.47352211  019.07423692 1 102
112  50.47285330  019.07423218  50.47279116  019.07422559
111  50.47285330  019.07423218
112  50.47285330  019.07423218  50.47270821  019.07419622 1 102
111  50.47257282  019.07406346 1 102
111  50.47243619  019.07389995 1 102
111  50.47243924  019.07347467 1 102
111  50.47243961  019.07205919 1 102
111  50.47254541  019.07179829 1 102
115  50.47381966  019.07384529
120 Linear Feature 94
111  50.47404546  019.08474093 1 102
112  50.47364333  019.08561980  50.47328861  019.08569014
111  50.47364333  019.08561980 1 102
111  50.47280504  019.08562052 1 102
111  50.47274496  019.08562057
112  50.47274496  019.08562057  50.47245100  019.08557516 1 102
111  50.47242468  019.08523718 1 102
111  50.47242521  019.08485708 1 102
111  50.47243823  019.07537424 1 102
111  50.47243895  019.07485220 1 102
111  50.47253456  019.07470495
112  50.47253456  019.07470495  50.47256848  019.07463526 1 102
111  50.47267523  019.07456222 1 102
111  50.47285307  019.07456376 1 102
111  50.47352427  019.07457124 1 102
111  50.47356967  019.07457174 1 102
112  50.47378406  019.07466107  50.47382921  019.07469927
111  50.47378406  019.07466107
112  50.47378406  019.07466107  50.47407661  019.07484606 1 102
111  50.47407659  019.07527047 1 102
111  50.47407592  019.07547666 1 102
115  50.47404546  019.08474093
120 Linear Feature 94
111  50.47245756  019.09312483 1 102
111  50.47241633  019.09260568 1 102
111  50.47242818  019.08670599
112  50.47242818  019.08670599  50.47243734  019.08632089 1 102
112  50.47272121  019.08606764  50.47279165  019.08606272
111  50.47272121  019.08606764 1 102
111  50.47280400  019.08606756 1 102
111  50.47364194  019.08606670
112  50.47364194  019.08606670  50.47398436  019.08610598 1 102
111  50.47403681  019.08663688 1 102
115  50.47404198  019.09309771
120 Linear Feature 93
111  50.47369316  019.06601977 1 102
111  50.47326490  019.06605450 1 102
111  50.47240004  019.06607138 1 102
112  50.47229223  019.06616523  50.47225311  019.06622963
111  50.47229223  019.06616523
112  50.47229223  019.06616523  50.47225311  019.06623842 1 102
111  50.47225135  019.06633361 1 102
111  50.47224805  019.06832411 1 102
111  50.47222207  019.06850562 1 102
111  50.47216207  019.06860373 1 102
111  50.47209376  019.06865041 1 102
115  50.47201370  019.06866731
120 Linear Feature 92
111  50.47440195  019.09335111 1 102
111  50.47440193  019.09309791 1 102
111  50.47440141  019.08664072 1 102
111  50.47440780  019.08474393 1 102
111  50.47444165  019.07548032 1 102
111  50.47444035  019.07334561 1 102
111  50.47444381  019.06931765 1 102
112  50.47465056  019.06879115  50.47484067  019.06878790 1 102
111  50.47504200  019.06929480 1 102
111  50.47534744  019.07012987 1 102
111  50.47554054  019.07081449 1 102
111  50.47568166  019.07149905 1 102
115  50.47577324  019.07225626
120 Linear Feature 90
112  50.47407216  019.06527698  50.47407259  019.06550611 1 102
116  50.47369316  019.06601977  50.47350179  019.06602077
120 Linear Feature 89
111  50.47521617  019.06911132 1 102
111  50.47452050  019.06714739 1 102
112  50.47444381  019.06661920  50.47444712  019.06627637
111  50.47444381  019.06661920 1 102
115  50.47444381  019.06527998
120 Linear Feature 88
111  50.47574353  019.06993796 1 102
111  50.47567092  019.06997945 1 102
111  50.47558696  019.06997811 1 102
111  50.47551993  019.06991203 1 102
111  50.47543741  019.06971495 1 102
115  50.47521617  019.06911132
120 Linear Feature 87
111  50.47512344  019.06001072 1 102
111  50.47549442  019.06001097 1 102
111  50.47558596  019.06003330 1 102
111  50.47564649  019.06007775 1 102
111  50.47571003  019.06015503 1 102
115  50.47577305  019.06024934
120 Linear Feature 86
111  50.47444381  019.06527998 1 102
111  50.47444381  019.06115671 1 102
111  50.47444381  019.06045154
112  50.47444381  019.06045154  50.47445927  019.06018620 1 102
111  50.47470864  019.06001270 1 102
111  50.47477584  019.06001122 1 102
115  50.47512344  019.06001072
120 Linear Feature 85
111  50.47401902  019.05928530 1
111  50.47438666  019.05928591
112  50.47438666  019.05928591  50.47444843  019.05928703 1
111  50.47444858  019.05937676 1 102
111  50.47444853  019.05952145
112  50.47444853  019.05952145  50.47444853  019.05976199 1 102
112  50.47407216  019.06045374  50.47406988  019.06093124
111  50.47407216  019.06045374 1 102
112  50.47407216  019.06115853  50.47406988  019.06163603
111  50.47407216  019.06115853 1 102
115  50.47407216  019.06527698
120 Linear Feature 84
111  50.47577266  019.05954565 1 102
111  50.47512336  019.05954729 1 102
111  50.47477579  019.05954677 1 102
111  50.47458714  019.05954648 1 102
111  50.47456414  019.05940374 1
111  50.47456402  019.05928664 1
111  50.47456399  019.05453376 1
115  50.47431452  019.05453404
120 Linear Feature 81
111  50.47229972  019.09312584 1 101
115  50.47229804  019.09352521
120 Linear Feature 80
111  50.47369200  019.06623625 1 101
111  50.47277775  019.06628718 1 101
111  50.47266682  019.06632907 1 101
111  50.47258792  019.06639105 1 101
111  50.47252557  019.06647103 1 101
111  50.47244539  019.06661699 1 101
111  50.47237540  019.06682693 1 101
111  50.47235886  019.06693091 1 101
111  50.47235377  019.06699689 1 101
115  50.47234708  019.06772397
120 Linear Feature 79
111  50.47380026  019.06623410 1 101
115  50.47369200  019.06623625
120 Linear Feature 78
111  50.47295813  019.09430411 1
111  50.47293391  019.09435387 1
111  50.47293577  019.09452659 1
115  50.47248488  019.09452366
120 Linear Feature 77
112  50.47248488  019.09452366  50.47242339  019.09450610 1
115  50.47229662  019.09426213
120 Linear Feature 74
111  50.47442372  019.09390325 1
115  50.47283541  019.09390277
120 Linear Feature 73
111  50.47372170  019.10433899 3
115  50.47372170  019.10468067
120 Linear Feature 72
111  50.47385670  019.10300895 3
115  50.47369466  019.10320696
120 Linear Feature 71
111  50.47369316  019.06601977 5 103
111  50.47369200  019.06623625 5 103
115  50.47369322  019.06648546
120 Linear Feature 70
112  50.47450763  019.05951951  50.47450715  019.05987442 1
112  50.47445737  019.06000070  50.47440759  019.06012698
111  50.47445737  019.06000070
111  50.47470145  019.05978992
112  50.47470145  019.05978992  50.47458387  019.05975129 1
112  50.47450763  019.05951951  50.47443140  019.05928772
111  50.47450763  019.05951951 1
111  50.47450706  019.05928693
111  50.47456402  019.05928664 5
111  50.47444843  019.05928703
111  50.47450706  019.05928693 1
111  50.47449815  019.05508933 1
112  50.47435478  019.05491320  50.47421483  019.05490800
111  50.47435478  019.05491320 1
111  50.47420756  019.05491207 1
112  50.47407105  019.05473638  50.47407105  019.05454419 1
111  50.47421153  019.05456272 1
111  50.47435564  019.05455880
112  50.47435564  019.05455880  50.47449637  019.05455794 1
111  50.47449883  019.05473300 1
115  50.47449815  019.05508933
120 Linear Feature D
112  50.47380893  019.08580421  50.47423186  019.08582206 1
111  50.47424755  019.08467961
111  50.47440780  019.08474393 5
111  50.47404546  019.08474093
111  50.47403681  019.08663688 5
111  50.47440141  019.08664072
111  50.47423204  019.08663165 1
112  50.47380893  019.08580421  50.47338601  019.08578636
111  50.47380893  019.08580421 1
111  50.47362815  019.08580810
111  50.47364333  019.08561980 5
111  50.47364194  019.08606670
111  50.47362815  019.08580810 1
111  50.47279781  019.08582597
111  50.47280400  019.08606756 5
111  50.47280504  019.08562052
111  50.47279781  019.08582597 1
111  50.47272015  019.08582764
112  50.47272015  019.08582764  50.47232130  019.08582419 1
111  50.47232115  019.08629724
111  50.47221951  019.08670650 5 103
111  50.47242818  019.08670599
111  50.47242521  019.08485708 5 103
111  50.47222000  019.08485642
111  50.47232144  019.08530127 1
116  50.47272015  019.08582764  50.47311899  019.08583110
120 Linear Feature A
111  50.47388402  019.07441625 1
112  50.47427750  019.07337081  50.47437077  019.07235433
111  50.47427750  019.07337081
111  50.47444035  019.07334561 5
111  50.47407306  019.07335239
111  50.47407592  019.07547666 5
111  50.47444165  019.07548032
111  50.47425685  019.07542523
112  50.47425685  019.07542523  50.47418422  019.07438730 1
111  50.47388402  019.07441625 1
111  50.47356125  019.07441271
111  50.47352211  019.07423692 5
111  50.47352427  019.07457124
111  50.47356125  019.07441271 1
111  50.47276549  019.07440399
111  50.47285307  019.07456376 5
111  50.47285330  019.07423218
111  50.47276549  019.07440399 1
111  50.47260133  019.07440219 1
112  50.47233975  019.07408423  50.47228347  019.07375969
111  50.47233975  019.07408423
111  50.47243924  019.07347467 5 103
111  50.47225285  019.07347553
111  50.47225482  019.07537334 5 103
111  50.47243823  019.07537424
111  50.47233975  019.07475464
112  50.47233975  019.07475464  50.47239603  019.07440877 1
115  50.47260133  019.07440219
120 Linear Feature U
112  50.47378388  019.07297584  50.47379395  019.07306865 1
112  50.47371310  019.07315426  50.47367713  019.07319875 1
112  50.47363423  019.07342149  50.47373142  019.07358020 1
112  50.47378419  019.07326914  50.47379567  019.07315853
111  50.47378419  019.07326914
112  50.47378419  019.07326914  50.47379230  019.07319101 1
112  50.47378388  019.07297584  50.47377381  019.07288304
111  50.47378388  019.07297584
112  50.47378388  019.07297584  50.47377969  019.07293726 1
112  50.47376132  019.07288469  50.47375008  019.07286457
111  50.47376132  019.07288469 1
111  50.47277086  019.07133835
111  50.47290041  019.07174115 5
111  50.47304224  019.07151822
111  50.47277086  019.07133835 1
111  50.47261703  019.07109820 1
112  50.47233990  019.07047275  50.47234005  019.07016678
111  50.47233990  019.07047275
111  50.47234087  019.07140234
112  50.47234087  019.07140234  50.47233975  019.07077872 1
115  50.47261703  019.07109820
120 Linear Feature 51
112  50.47428031  019.06913949  50.47444199  019.06787970 1
111  50.47499931  019.06884817 1 101
111  50.47434843  019.06706930 1
112  50.47427925  019.06669808  50.47425192  019.06643698
111  50.47427925  019.06669808 1
111  50.47428031  019.06913949 1
111  50.47428017  019.06934821
111  50.47407248  019.06931677 5
111  50.47444381  019.06931765
111  50.47428017  019.06934821 1
111  50.47427750  019.07337081 1
111  50.47425685  019.07542523 1
111  50.47424755  019.08467961 1
111  50.47423186  019.08582206 1
111  50.47423204  019.08663165 1
111  50.47422058  019.09317010
111  50.47440193  019.09309791 5
111  50.47404198  019.09309771
111  50.47422058  019.09317010 1
111  50.47422039  019.09327949
112  50.47422039  019.09327949  50.47421843  019.09390561 1
111  50.47394868  019.09390535
111  50.47377018  019.09356921 5
111  50.47376979  019.09406615
111  50.47467393  019.09414427 5 103
111  50.47467369  019.09369120
111  50.47442372  019.09390325 1
116  50.47422039  019.09327949  50.47422235  019.09265338
120 Linear Feature 46
111  50.47245756  019.09312483 2
111  50.47229972  019.09312584 2
115  50.47220146  019.09312618
120 Linear Feature 45
111  50.47283663  019.09364594 2
111  50.47283541  019.09390277 2
115  50.47283494  019.09406288
120 Linear Feature 44
111  50.47427925  019.06669808 1
111  50.47427490  019.06527686 1 101
112  50.47412093  019.06600365  50.47403926  019.06609987
111  50.47412093  019.06600365
112  50.47412093  019.06600365  50.47404640  019.06613538 1 101
111  50.47380026  019.06623410 1 101
112  50.47412700  019.06651319  50.47423506  019.06674446
111  50.47412700  019.06651319
112  50.47412700  019.06651319  50.47418103  019.06662882 1 101
116  50.47434843  019.06706930  50.47439028  019.06717942
120 Linear Feature 43
111  50.47513012  019.06920206 1 101
115  50.47499931  019.06884817
120 Linear Feature 42
111  50.47427490  019.06527686 5 103
115  50.47407216  019.06527698
120 Linear Feature 41
111  50.47444381  019.06527998 5 103
115  50.47427490  019.06527686
120 Linear Feature 40
111  50.47512332  019.05977492 1 101
111  50.47470145  019.05978992 1 101
111  50.47464742  019.05982212 1 101
111  50.47457662  019.05987189 1 101
111  50.47451327  019.05993337 1 101
111  50.47445737  019.06000070 1 101
111  50.47440262  019.06008943 1 101
111  50.47435304  019.06020563 1 101
111  50.47430646  019.06035201 1 101
111  50.47428782  019.06045154 1 101
111  50.47428581  019.06120316
111  50.47407216  019.06115853 5 103
111  50.47444381  019.06115671
111  50.47428581  019.06120316 1 101
115  50.47427490  019.06527686
120 Linear Feature 39
111  50.47503775  019.10427202 4 104
115  50.47503740  019.10449751
120 Linear Feature 38
111  50.47503740  019.10449751 4 104
115  50.47503775  019.10468267
120 Linear Feature 37
111  50.47506325  019.09369412 4 104
115  50.47506327  019.09392959
120 Linear Feature 36
111  50.47506327  019.09392959 4 104
115  50.47506269  019.09414286
120 Linear Feature 35
111  50.47521617  019.06911132 4 104
115  50.47513012  019.06920206
120 Linear Feature 34
111  50.47513012  019.06920206 4 104
115  50.47504200  019.06929480
120 Linear Feature 33
111  50.47512332  019.05977492 4 104
115  50.47512344  019.06001072
120 Linear Feature 32
111  50.47512336  019.05954729 4 104
115  50.47512332  019.05977492
120 Linear Feature 31
111  50.47229199  019.09717168 2 101
115  50.47126477  019.09717168
120 Linear Feature 30
111  50.47229371  019.09643667 2 101
115  50.47126507  019.09643425
120 Linear Feature 29
111  50.47229348  019.09683057 1 101
115  50.47122350  019.09683071
120 Linear Feature 28
111  50.47225683  019.10131799 103
111  50.47370523  019.10422861 103
115  50.47370473  019.10467227
120 Linear Feature 27
111  50.47229804  019.09352521 1 101
111  50.47229634  019.09389513 1 101
115  50.47229662  019.09426213
120 Linear Feature 26
111  50.47370725  019.10295553 2 101
111  50.47357046  019.10290073 2 101
111  50.47343423  019.10289986 2 101
115  50.47324589  019.10299894
120 Linear Feature 25
111  50.47324589  019.10299894 2 101
111  50.47324079  019.10379122 2 101
111  50.47328643  019.10411294 2 101
111  50.47343493  019.10441681 2 101
115  50.47358252  019.10448885
120 Linear Feature 24
111  50.47319682  019.10194700 2 101
111  50.47324079  019.10225198 2 101
111  50.47324736  019.10267413 2 101
115  50.47324589  019.10299894
120 Linear Feature 23
111  50.47286306  019.10347865 1 101
111  50.47324589  019.10299894 1 101
111  50.47336226  019.10271574 1 101
111  50.47337318  019.10250143 1 101
115  50.47334884  019.10224729
120 Linear Feature 22
111  50.47381715  019.10449470 1 101
111  50.47396513  019.10428442 1 101
111  50.47403605  019.10410441 1 101
111  50.47405515  019.10389868 1 101
115  50.47399808  019.10355026
120 Linear Feature 21
111  50.47258570  019.10300563 2 101
111  50.47258809  019.10349950 2 101
111  50.47271103  019.10354180 2 101
115  50.47282996  019.10350349
120 Linear Feature 76
112  50.47229804  019.09352521  50.47241728  019.09385601 1
115  50.47257711  019.09390136
120 Linear Feature 75
111  50.47283541  019.09390277 1
111  50.47257711  019.09390136 1
116  50.47229662  019.09426213  50.47218483  019.09457244
120 Linear Feature 20
111  50.47252502  019.10058431 1 101
111  50.47258900  019.10092084 1 101
111  50.47259560  019.10153279 1 101
111  50.47258570  019.10300563 1 101
111  50.47282996  019.10350349 1 101
111  50.47315013  019.10416211 1 101
111  50.47325245  019.10430732 1 101
111  50.47338118  019.10443697 1 101
111  50.47358252  019.10448885 1 101
111  50.47381715  019.10449470 1 101
111  50.47417666  019.10449403 1 101
115  50.47466368  019.10449773
120 Linear Feature 18
111  50.47590389  019.10136019 1
111  50.47590342  019.10234143 1
111  50.47590483  019.10378797 1
111  50.47599323  019.10379026 1
111  50.47603421  019.10389331 1
111  50.47605266  019.10403501 1
111  50.47604856  019.10417992 1
111  50.47600142  019.10433772 1
111  50.47594134  019.10445585 1
111  50.47585731  019.10453314 1
111  50.47577328  019.10456856 1
111  50.47568990  019.10457602 1
111  50.47561612  019.10455670 1
111  50.47556283  019.10450840 1
111  50.47547675  019.10440213 1
111  50.47540707  019.10423145 1
111  50.47586206  019.10276297 1
115  50.47590342  019.10234143
120 Linear Feature 17
111  50.47592870  019.09328791 1
115  50.47592893  019.09225027
120 Linear Feature 16
111  50.47592912  019.09448219 1
115  50.47592893  019.09553448
120 Linear Feature 15
111  50.47592870  019.09328791 1 101
111  50.47589646  019.09346715 1 101
111  50.47583198  019.09364250 1 101
111  50.47573030  019.09377888 1 101
111  50.47561871  019.09386850 1 101
115  50.47554177  019.09393152
120 Linear Feature 14
111  50.47506327  019.09392959 1 101
111  50.47554177  019.09393152 1 101
111  50.47567703  019.09402169 1 101
111  50.47578361  019.09414406 1 101
111  50.47587379  019.09430830 1 101
115  50.47592912  019.09448219
120 Linear Feature 13
111  50.47442372  019.09390325 1 101
115  50.47506327  019.09392959
120 Linear Feature 12
111  50.47543959  019.07006509 1
111  50.47551652  019.07019202 1
111  50.47560891  019.07026021 1
111  50.47569290  019.07027560 1
111  50.47576289  019.07026900 1
111  50.47584408  019.07022501 1
111  50.47590847  019.07015243 1
111  50.47596307  019.07003805 1
111  50.47598127  019.06994567 1
115  50.47597987  019.06945517
120 Linear Feature 11
111  50.47513012  019.06920206 1 101
111  50.47543959  019.07006509 1 101
111  50.47558716  019.07054491 1 101
111  50.47568348  019.07094101 1 101
111  50.47577776  019.07134355 1 101
111  50.47586794  019.07185880 1 101
111  50.47594377  019.07238050 1 101
111  50.47597246  019.07285711 1 101
115  50.47596427  019.07454458
120 Linear Feature 10
111  50.47512332  019.05977492 1 101
111  50.47558703  019.05977379 1 101
111  50.47572738  019.05983518 1 101
111  50.47581354  019.05991176 1 101
111  50.47589437  019.06005393 1 101
111  50.47596116  019.06021170 1 101
111  50.47598661  019.06032568 1 101
111  50.47599170  019.06043366 1 101
115  50.47598826  019.06056503
120 Linear Feature 9
111  50.47604044  019.06094096 1
111  50.47604171  019.06044106 1
111  50.47609134  019.06039907 1
111  50.47612825  019.06035907 1
111  50.47616133  019.06031308 1
111  50.47618933  019.06025909 1
111  50.47621224  019.06019111 1
111  50.47623133  019.06011912 1
111  50.47623387  019.06003314 1
111  50.47622623  019.05995515 1
111  50.47621351  019.05987117 1
111  50.47618933  019.05980119 1
111  50.47616006  019.05975120 1
111  50.47612697  019.05970720 1
111  50.47609898  019.05967321 1
111  50.47606207  019.05964522 1
111  50.47601753  019.05962522 1
111  50.47597045  019.05962322 1
111  50.47589791  019.05962522 1
111  50.47585464  019.05965121 1
111  50.47579738  019.05970920 1
111  50.47575029  019.05977719 1
111  50.47572738  019.05983518 1
111  50.47577065  019.05993516 1
111  50.47581392  019.06004114 1
111  50.47585591  019.06017311 1
111  50.47598826  019.06056503 1
115  50.47598954  019.06137887
21  50.47658936  019.06479689 2 90.0000 3.00 09  PAPI-4L
21  50.47542872  019.09467033 2 270.0000 3.00 27  PAPI-4L
20  50.47436740  019.05418109 269.7800 0 3 {hazard}
20  50.47384764  019.07301941 44.7600 0 3 {hazard}
20  50.47474707  019.05720588 0.4400 0 3 {@L}APRON4{@Y}970FT
20  50.47360912  019.07208597 314.9100 0 3 {@L}APRON6{@Y}982FT
20  50.47107543  019.09717797 180.0000 0 1 {@L}86
20  50.47107427  019.09682171 180.0000 0 1 {@L}87
20  50.47107312  019.09643091 180.0000 0 1 {@L}88
20  50.47104475  019.08692640 180.0000 0 1 {@L}1
20  50.47104321  019.08677157 180.0000 0 1 {@L}2
20  50.47104321  019.08628771 180.0000 0 1 {@L}3
20  50.47104167  019.08581353 180.0000 0 1 {@L}4
20  50.47104013  019.08566112 180.0000 0 1 {@L}5
20  50.47103551  019.08471760 180.0000 0 1 {@L}6
20  50.47103243  019.08406923 180.0000 0 1 {@L}7
20  50.47103705  019.08344748 180.0000 0 1 {@L}8
20  50.47104013  019.08247009 180.0000 0 1 {@L}9
20  50.47103705  019.08179995 180.0000 0 1 {@L}10
20  50.47104013  019.08060240 180.0000 0 1 {@L}11
20  50.47103705  019.07965646 180.0000 0 1 {@L}12
20  50.47103089  019.07871052 180.0000 0 1 {@L}13
20  50.47102473  019.07758071 180.0000 0 1 {@L}14
20  50.47102935  019.07694686 180.0000 0 1 {@L}15
20  50.47149710  019.07601458 180.0000 0 1 {@L}16
20  50.47149710  019.07543801 180.0000 0 1 {@L}17
20  50.47149710  019.07475978 180.0000 0 1 {@L}18
20  50.47151662  019.07387879 180.0000 0 1 {@L}19
20  50.47138809  019.07324169 180.0000 0 1 {@L}20
20  50.47138809  019.07279048 180.0000 0 1 {@L}21
20  50.47138809  019.07211066 180.0000 0 1 {@L}22
20  50.47138809  019.07144535 180.0000 0 1 {@L}23
20  50.47117900  019.07077723 180.0000 0 1 {@L}24
20  50.47117900  019.07048693 180.0000 0 1 {@L}25
20  50.47117900  019.07017320 180.0000 0 1 {@L}26
20  50.47117900  019.06951299 180.0000 0 1 {@L}27
20  50.47117900  019.06918503 180.0000 0 1 {@L}28
20  50.47117900  019.06886063 180.0000 0 1 {@L}29
20  50.47262974  019.09514421 270.0000 0 3 {@L}E0{@Y}E1{@Y}E2{^u}E3{^u}F{^r}S{^r}
20  50.47250238  019.08666269 270.0000 0 3 {@L}E1{@Y}E2{^u}E3{^u}D{^r,@@,@L}E1
20  50.47469436  019.05947931 180.0000 0 3 {@Y,^l}H2{@L}L{@Y}H1{^r}
20  50.47212318  019.09312116 90.0000 0 3 {@Y}{^l}F{^l}S{@L}E1{@Y}{^u}E0{^u}T
20  50.47253164  019.08498621 90.0000 0 3 {@Y,^l}D{@L}E2{@Y,^u}E1{@@,@L}E2
20  50.47260064  019.07341192 90.0000 0 3 {@Y,^l}A{@L}E3{@Y,^u}E2{^u}E1{^u}E0{@@}E3{^u,@L}E3{@Y}U{^rd}
20  50.47251340  019.06919292 90.0000 0 1 {@Y}S28{^r}
20  50.47251340  019.06887059 90.0000 0 1 {@Y}S29{^r}
20  50.47252016  019.06841366 90.0000 0 3 {@L}B{@Y}{^u}E3{^u}E2{^u}E1{^u}E0
20  50.47369550  019.06593744 180.0000 0 3 {@Y}B{^l}E3{^l}E2{^l}E1{^l}E0{@L}B
20  50.47396495  019.06522977 90.0000 0 3 {@Y,^lu}N{@L}H2{@Y}B{^r}E3{^r}E2{^r}E1{^r}E0{^r}
20  50.47254546  019.07527666 270.0000 0 3 {@L}E2{@Y}E3{^u}A{^r,@@,@L}E2
20  50.47251949  019.06849402 270.0000 0 3 {@L}B{@Y}H2{^ru}L{^ru}N{^ru}
20  50.47369717  019.06660791 360.0000 0 3 {@Y,^l}L{^l}H2{@L}B{@Y}N{^ru}
20  50.47226034  019.10050125 53.7700 0 3 {@L}T
20  50.47509588  019.10420259 180.0000 0 3 {@L}T
20  50.47460486  019.10481552 360.0000 0 3 {@L}T
20  50.47525148  019.06912815 240.2900 0 3 {@L}N
20  50.47494317  019.06805765 58.2400 0 3 {@L}N{@@,@Y,^ld}H3{^lu}L{@L}L{@Y}H2{^ru}
20  50.47454557  019.09312773 90.0100 0 3 {@Y,^l}S{@L}H5{@Y}F{^r,@@,@L}H5
20  50.47456576  019.08480518 90.0100 0 3 {@L}H4{@Y}H5{^u}D{^r,@@,@L}H4
20  50.47458191  019.07347370 90.0100 0 3 {@L}H3{@Y}H4{^u}A{^r,@@,@L}H3
20  50.47455687  019.08653985 269.9700 0 3 {@Y,^l}D{^u}H4{@L}H5{@@}H5
20  50.47457303  019.07538603 269.9700 0 3 {@Y,^l}A{^u}H3{@L}H4{@@}H4
20  50.47458191  019.06973281 269.9700 0 3 {@Y,^u}H2{@L}H3{@Y}N{^rd,@@,@L}H3
20  50.47514728  019.05947296 180.0000 0 3 {@L}L
20  50.47476416  019.06008660 360.0000 0 3 {@L}L
20  50.47462510  019.06047501 270.0000 0 3 {@Y,^u}H1{@L}H2{@Y}L{^r}
20  50.47460694  019.06528416 270.0000 0 3 {@L}H2{@Y}L{^u}
20  50.47509566  019.09362148 180.0000 0 3 {@L}S{@Y}F{^u}H5{^r}
20  50.47455343  019.09420226 360.0000 0 3 {@L}S
20  50.47375028  019.09413635 360.0000 0 3 {@Y,^l}H5{^u}S{@L}F{@@}F
20  50.47283825  019.09352772 360.0000 0 3 {@Y}{^u}S{@L}F
20  50.47243555  019.06583121 268.8300 0 3 {no-entry}
20  50.47569785  019.06688529 180.0000 0 3 {no-entry}
20  50.47367444  019.08626302 360.0000 0 3 {@Y,^l}H4{@L}D{@Y}H5{^r,@@,@L}D
20  50.47278757  019.08538931 180.4500 0 3 {@Y,^l}E1{@L}D{@Y}E2{^r,@@,@L}D
20  50.47355910  019.07475608 360.0000 0 3 {@Y,^l}H3{@L}A{@Y}H4{^r,@@,@L}A
20  50.47283896  019.07410190 182.1500 0 3 {@Y,^l}E2{@L}A{@Y}E3{^r,@@,@L}A
20  50.47252087  019.07008424 90.0000 0 3 {@Y,^lu}U{@L}E3{@Y}E3{^u,@@,@L}E3
20  50.47285078  019.07097921 224.2600 0 3 {@Y,^ld}E3{@L}U{@Y}E3{^ru,@@,@L}U
20  50.47569512  019.06567229 180.0000 0 3 {no-entry}
20  50.47397262  019.06123525 180.0000 0 3 {no-entry}
20  50.47397076  019.06046825 180.0000 0 3 {no-entry}
20  50.47460013  019.05935190 270.0000 0 3 {@L}H1{@@,@Y,^l}L{@L}H1{@Y}H2{^u}
20  50.47503813  019.10473847 360.0000 0 3 {@L}T{@R}27CAT{r1}
20  50.47503900  019.10420037 360.0000 0 3 {@L}T{@R}27CAT{r1}
20  50.47506181  019.09421942 360.0000 0 3 {@L}S{@R}27CAT{r1}
20  50.47506181  019.09361700 360.0000 0 3 {@L}S{@R}27CAT{r1}
20  50.47512307  019.05947023 360.0000 0 3 {@L}L{@R}09CAT{r1}
20  50.47501248  019.06932142 56.8400 0 3 {@L}N{@R}09CAT{r1}
20  50.47523735  019.06908510 58.3200 0 3 {@L}N{@R}09CAT{r1}
20  50.47512202  019.06008002 360.0000 0 3 {@L}L{@R}09CAT{r1}
14  50.47134186  019.07473263  98.43 0 Tower
1300  50.47313685  019.07240320 315.00 tie_down props APRON6 GA
1300  50.47341818  019.07286317 315.00 tie_down props APRON6 GA
1300  50.47421945  019.05613879   0.00 tie_down props APRON4 GA
1300  50.47422227  019.05826648   0.00 tie_down props APRON4 GA
1300  50.47422195  019.05719224   0.00 tie_down props APRON4 GA
1300  50.47131854  019.08694187 180.00 misc jets Stand 1
1300  50.47123925  019.08677692 180.00 gate heavy Stand 2
1300  50.47133022  019.08630398 180.00 misc jets Stand 3
1300  50.47124063  019.08582413 180.00 gate heavy Stand 4
1300  50.47132683  019.08567006 180.00 misc jets Stand 5
1300  50.47133131  019.08472104 180.00 gate jets Stand 6
1300  50.47133235  019.08408673 180.00 gate jets Stand 7
1300  50.47133507  019.08344873 180.00 gate jets Stand 8
1300  50.47133573  019.08247097 180.00 gate jets Stand 9
1300  50.47133065  019.08183770 180.00 gate jets Stand 10
1300  50.47128568  019.08060619 180.00 gate heavy Stand 11
1300  50.47129002  019.07966907 180.00 gate heavy Stand 12
1300  50.47129622  019.07871923 180.00 gate heavy Stand 13
1300  50.47135003  019.07759263 180.00 gate jets Stand 14
1300  50.47134495  019.07694976 180.00 gate jets Stand 15
1300  50.47163224  019.07604953 231.39 gate jets Stand 16
1300  50.47163252  019.07527548 231.48 gate jets Stand 17
1300  50.47162988  019.07449059 -129.02 gate jets Stand 18
1300  50.47166288  019.07388336 -136.56 gate turboprops Stand 19
1300  50.47155818  019.07325327 -151.61 gate jets Stand 20
1300  50.47158661  019.07279085 180.00 gate jets Stand 21
1300  50.47158294  019.07211103 180.00 gate jets Stand 22
1300  50.47158463  019.07145101 180.00 gate jets Stand 23
1300  50.47138343  019.07077917 180.00 misc jets Stand 24
1300  50.47138483  019.07047280 180.00 gate heavy Stand 25
1300  50.47138211  019.07017117 180.00 misc jets Stand 26
1300  50.47138521  019.06951647 180.00 misc jets Stand 27
1300  50.47138492  019.06918704 180.00 gate heavy Stand 28
1300  50.47138521  019.06885288 180.00 misc jets Stand 29
1300  50.47293568  019.09452676   0.00 misc heavy|jets|turboprops|props Stand 40
1300  50.47307825  019.10400150  51.37 misc heavy|jets Stand 70
1300  50.47258809  019.10349950  90.00 misc heavy Stand 71
1300  50.47343493  019.10441681  51.37 misc heavy Stand 72
1300  50.47126477  019.09717168 180.00 misc jets Stand 86
1300  50.47122350  019.09683071 180.00 gate heavy Stand 87
1300  50.47126507  019.09643425 180.00 misc jets Stand 88
19  50.47688337  019.09497489 0 New Windsock 3
19  50.47688278  019.07982735 0 New Windsock 2
19  50.47691615  019.06383695 0 New Windsock 1
53 13145 HANDLING
54 12925 TWR
55 12107 APP
52 12180 Delivery
50 12022 ATIS
1200 
1201  50.47163224  019.07604953 both 0 Stand 16
1201  50.47188473  019.07653502 both 1 unnamed entity(split)
1201  50.47163252  019.07527548 both 2 Stand 17
1201  50.47185354  019.07570810 both 3 unnamed entity(split)
1201  50.47162988  019.07449059 both 4 Stand 18
1201  50.47186450  019.07494145 both 5 unnamed entity(split)
1201  50.47166288  019.07388336 both 6 Stand 19
1201  50.47186447  019.07417707 both 7 unnamed entity(split)
1201  50.47155818  019.07325327 both 8 Stand 20
1201  50.47313685  019.07240320 both 9 APRON6 GA
1201  50.47341818  019.07286317 both 10 APRON6 GA
1201  50.47421945  019.05613879 both 11 APRON4 GA
1201  50.47422227  019.05826648 both 12 APRON4 GA
1201  50.47422195  019.05719224 both 13 APRON4 GA
1201  50.47407235  019.05613131 both 14 _stop
1201  50.47407634  019.05643902 both 15 _stop
1201  50.47408034  019.05718630 both 16 _stop
1201  50.47408034  019.05750028 both 17 _stop
1201  50.47335167  019.07295959 both 18 _stop
1201  50.47324470  019.07277183 both 19 _stop
1201  50.47308087  019.07248868 both 20 _stop
1201  50.47297968  019.07230243 both 21 _stop
1201  50.47408833  019.05826326 both 22 _stop
1201  50.47408833  019.05859923 both 23 _stop
1201  50.47006942  019.08336020 both 24 Apron1_stop
1201  50.46939017  019.08334531 both 25 Apron1_stop
1201  50.46939649  019.08316662 both 26 Apron1_stop
1201  50.47185277  019.08732647 both 27 Apron1_stop
1201  50.47122114  019.06871673 both 28 Apron1_start
1201  50.47122317  019.07083246 both 29 unnamed entity(split)
1201  50.47144508  019.07114752 both 30 unnamed entity(split)
1201  50.47144137  019.07337759 both 31 unnamed entity(split)
1201  50.47150617  019.07345852 both 32 unnamed entity(split)
1201  50.47155620  019.07357455 both 33 unnamed entity(split)
1201  50.47157332  019.07366838 both 34 unnamed entity(split)
1201  50.47124004  019.06800003 both 35 unnamed entity(split)
1201  50.47083975  019.06833833 both 36 unnamed entity(split)
1201  50.47123851  019.06860805 both 37 unnamed entity(split)
1201  50.47356516  019.06064151 both 38 unnamed entity(split)
1201  50.47405538  019.06063987 both 39 unnamed entity(split)
1201  50.47356105  019.05990934 both 40 unnamed entity(split)
1201  50.47357734  019.05645700 both 41 unnamed entity(split)
1201  50.47357734  019.05613735 both 42 unnamed entity(split)
1201  50.47405569  019.05615367 both 43 unnamed entity(split)
1201  50.47325690  019.05612556 both 44 unnamed entity(split)
1201  50.47292528  019.05617489 both 45 unnamed entity(split)
1201  50.47269569  019.05628280 both 46 unnamed entity(split)
1201  50.47249750  019.05645853 both 47 unnamed entity(split)
1201  50.47234445  019.05675451 both 48 unnamed entity(split)
1201  50.47223364  019.05720455 both 49 unnamed entity(split)
1201  50.47304529  019.05997478 both 50 unnamed entity(split)
1201  50.47304529  019.05901287 both 51 unnamed entity(split)
1201  50.47213166  019.05812495 both 52 unnamed entity(split)
1201  50.47205866  019.05901287 both 53 unnamed entity(split)
1201  50.47196766  019.06074811 both 54 unnamed entity(split)
1201  50.47189242  019.06285660 both 55 unnamed entity(split)
1201  50.47184015  019.06607620 both 56 unnamed entity(split)
1201  50.47219611  019.06608074 both 57 unnamed entity(split)
1201  50.47225828  019.06565454 both 58 unnamed entity(split)
1201  50.47313527  019.06066918 both 59 unnamed entity(split)
1201  50.47128290  019.06833731 both 60 unnamed entity(split)
1201  50.47123977  019.06833916 both 61 unnamed entity(split)
1201  50.47083966  019.06799997 both 62 unnamed entity(split)
1201  50.47130799  019.06853007 both 63 unnamed entity(split)
1201  50.47183234  019.06852234 both 64 unnamed entity(split)
1201  50.47191443  019.06856750 both 65 unnamed entity(split)
1201  50.47194620  019.06866732 both 66 unnamed entity(split)
1201  50.47270529  019.07198941 both 67 unnamed entity(split)
1201  50.47255021  019.07174417 both 68 unnamed entity(split)
1201  50.47234100  019.07174480 both 69 unnamed entity(split)
1201  50.47194767  019.07114766 both 70 unnamed entity(split)
1201  50.47194753  019.07174197 both 71 unnamed entity(split)
1201  50.47194686  019.07353254 both 72 unnamed entity(split)
1201  50.47157364  019.07434265 both 73 unnamed entity(split)
1201  50.47154409  019.07506337 both 74 unnamed entity(split)
1201  50.47194346  019.07641341 both 75 unnamed entity(split)
1201  50.47185304  019.07660286 both 76 unnamed entity(split)
1201  50.47185396  019.07821585 both 77 unnamed entity(split)
1201  50.47185171  019.08147495 both 78 unnamed entity(split)
1201  50.47185045  019.08309401 both 79 unnamed entity(split)
1201  50.47185073  019.08530886 both 80 unnamed entity(split)
1201  50.47154402  019.07442020 both 81 unnamed entity(split)
1201  50.47194730  019.07434315 both 82 unnamed entity(split)
1201  50.47154320  019.07660111 both 83 unnamed entity(split)
1201  50.47109328  019.07659705 both 84 unnamed entity(split)
1201  50.47109949  019.07820058 both 85 unnamed entity(split)
1201  50.47089067  019.07919740 both 86 unnamed entity(split)
1201  50.47066602  019.08161550 both 87 unnamed entity(split)
1201  50.47066602  019.08123626 both 88 unnamed entity(split)
1201  50.47089306  019.08059419 both 89 unnamed entity(split)
1201  50.47090023  019.08122875 both 90 unnamed entity(split)
1201  50.47090262  019.08160799 both 91 unnamed entity(split)
1201  50.47066363  019.07920867 both 92 unnamed entity(split)
1201  50.47066602  019.07944897 both 93 unnamed entity(split)
1201  50.47059193  019.07950530 both 94 unnamed entity(split)
1201  50.47056325  019.07961419 both 95 unnamed entity(split)
1201  50.47056325  019.08011733 both 96 unnamed entity(split)
1201  50.47044614  019.08035764 both 97 unnamed entity(split)
1201  50.47045570  019.08111986 both 98 unnamed entity(split)
1201  50.47049394  019.08161925 both 99 unnamed entity(split)
1201  50.47038162  019.08146906 both 100 unnamed entity(split)
1201  50.47110098  019.07918614 both 101 unnamed entity(split)
1201  50.47109620  019.08059419 both 102 unnamed entity(split)
1201  50.47038401  019.08313244 both 103 unnamed entity(split)
1201  50.47109949  019.08147650 both 104 unnamed entity(split)
1201  50.47038879  019.08232891 both 105 unnamed entity(split)
1201  50.47076161  019.08252791 both 106 unnamed entity(split)
1201  50.47109566  019.08309485 both 107 unnamed entity(split)
1201  50.47076878  019.08310615 both 108 unnamed entity(split)
1201  50.47109814  019.08531046 both 109 unnamed entity(split)
1201  50.47007255  019.08315880 both 110 unnamed entity(split)
1201  50.47109123  019.08732291 both 111 unnamed entity(split)
1201  50.47260133  019.07440219 both 112 A_stop
1201  50.47388402  019.07441625 both 113 A_stop
1201  50.47434843  019.06706930 both 114 B_stop
1201  50.47499931  019.06884817 both 115 unnamed entity(split)
1201  50.47412700  019.06651319 both 116 B_stop
1201  50.47380026  019.06623410 both 117 B_stop
1201  50.47412093  019.06600365 both 118 B_stop
1201  50.47235377  019.06699689 both 119 B_stop
1201  50.47234556  019.06919046 both 120 unnamed entity(split)
1201  50.47244539  019.06661699 both 121 B_stop
1201  50.47258792  019.06639105 both 122 B_stop
1201  50.47277775  019.06628718 both 123 B_stop
1201  50.47369200  019.06623625 both 124 B_stop
1201  50.47272015  019.08582764 both 125 D_stop
1201  50.47380893  019.08580421 both 126 D_stop
1201  50.47252502  019.10058431 both 127 E0_stop
1201  50.47239408  019.10031858 both 128 E0_stop
1201  50.47231225  019.10011285 both 129 E0_stop
1201  50.47229042  019.09990284 both 130 E0_stop
1201  50.47229634  019.09389513 both 131 E1_stop
1201  50.47229804  019.09352521 both 132 E1_stop
1201  50.47232115  019.08629724 both 133 E1_stop
1201  50.47232224  019.08676979 both 134 unnamed entity(split)
1201  50.47232070  019.08591088 both 135 E2_stop
1201  50.47232144  019.08530127 both 136 E2_stop
1201  50.47231809  019.08582594 both 137 unnamed entity(split)
1201  50.47233975  019.07475464 both 138 E2_stop
1201  50.47233968  019.07585718 both 139 unnamed entity(split)
1201  50.47233500  019.07663665 both 140 unnamed entity(split)
1201  50.47233602  019.07694721 both 141 unnamed entity(split)
1201  50.47233602  019.07759866 both 142 unnamed entity(split)
1201  50.47233413  019.07871744 both 143 unnamed entity(split)
1201  50.47232983  019.07967575 both 144 unnamed entity(split)
1201  50.47232124  019.08061382 both 145 unnamed entity(split)
1201  50.47232713  019.08183507 both 146 unnamed entity(split)
1201  50.47232465  019.08247168 both 147 unnamed entity(split)
1201  50.47231968  019.08344026 both 148 unnamed entity(split)
1201  50.47232962  019.08408859 both 149 unnamed entity(split)
1201  50.47232713  019.08471349 both 150 unnamed entity(split)
1201  50.47233971  019.07440978 both 151 E3_stop
1201  50.47233975  019.07408423 both 152 E3_stop
1201  50.47234095  019.07144935 both 153 E3_stop
1201  50.47234097  019.07211101 both 154 unnamed entity(split)
1201  50.47234051  019.07279317 both 155 unnamed entity(split)
1201  50.47233990  019.07353303 both 156 unnamed entity(split)
1201  50.47233990  019.07047275 both 157 E3_stop
1201  50.47229662  019.09426213 both 158 F_stop
1201  50.47229186  019.09682444 both 159 unnamed entity(split)
1201  50.47257626  019.09390302 both 160 F_stop
1201  50.47394868  019.09390535 both 161 F_stop
1201  50.47449687  019.05509083 both 162 H1_stop
1201  50.47450763  019.05951951 both 163 H1_stop
1201  50.47450697  019.05920812 both 164 unnamed entity(split)
1201  50.47450525  019.05828141 both 165 unnamed entity(split)
1201  50.47450358  019.05720338 both 166 unnamed entity(split)
1201  50.47450025  019.05614106 both 167 unnamed entity(split)
1201  50.47449767  019.05472741 both 168 unnamed entity(split)
1201  50.47437480  019.05456084 both 169 unnamed entity(split)
1201  50.47415154  019.05456589 both 170 unnamed entity(split)
1201  50.47407123  019.05473498 both 171 unnamed entity(split)
1201  50.47416198  019.05490912 both 172 unnamed entity(split)
1201  50.47440933  019.05492047 both 173 unnamed entity(split)
1201  50.47427490  019.06527686 both 174 H2_stop
1201  50.47428782  019.06045154 both 175 H2_stop
1201  50.47426993  019.07443129 both 176 H3_stop
1201  50.47427750  019.07337081 both 177 H3_stop
1201  50.47428031  019.06913949 both 178 H3_stop
1201  50.47423186  019.08582206 both 179 H4_stop
1201  50.47424755  019.08467961 both 180 H4_stop
1201  50.47425685  019.07542523 both 181 H4_stop
1201  50.47442372  019.09390325 both 182 H5_stop
1201  50.47422039  019.09327949 both 183 H5_stop
1201  50.47423204  019.08663165 both 184 H5_stop
1201  50.47440262  019.06008943 both 185 L_stop
1201  50.47470145  019.05978992 both 186 L_stop
1201  50.47512332  019.05977492 both 187 L_stop
1201  50.47558703  019.05977379 both 188 L_stop
1201  50.47572738  019.05983518 both 189 L_stop
1201  50.47604171  019.06044106 both 190 L_stop
1201  50.47598127  019.06994567 both 191 N_stop
1201  50.47584408  019.07022501 both 192 N_stop
1201  50.47560891  019.07026021 both 193 N_stop
1201  50.47594377  019.07238050 both 194 N_stop
1201  50.47543959  019.07006509 both 195 N_stop
1201  50.47577776  019.07134355 both 196 unnamed entity(split)
1201  50.47513012  019.06920206 both 197 N_stop
1201  50.47472391  019.06864337 both 198 N_stop
1201  50.47452209  019.06864337 both 199 N_stop
1201  50.47602376  019.06942184 both 200 unnamed entity(split)
1201  50.47601519  019.07293192 both 201 unnamed entity(split)
1201  50.47578361  019.09414406 both 202 S_stop
1201  50.47592912  019.09448219 both 203 unnamed entity(split)
1201  50.47421843  019.09390561 both 204 S_stop
1201  50.47506327  019.09392959 both 205 S_stop
1201  50.47554177  019.09393152 both 206 S_stop
1201  50.47583198  019.09364250 both 207 S_stop
1201  50.47596996  019.09322642 both 208 unnamed entity(split)
1201  50.47596447  019.09459206 both 209 unnamed entity(split)
1201  50.47594904  019.10368614 both 210 T_stop
1201  50.47588467  019.10389388 both 211 T_stop
1201  50.47552729  019.10446295 both 212 T_stop
1201  50.47503740  019.10449751 both 213 T_stop
1201  50.47466368  019.10449773 both 214 T_stop
1201  50.47441272  019.10433461 both 215 T_stop
1201  50.47378258  019.10310451 both 216 T_stop
1201  50.47240419  019.07107434 both 217 U_stop
1201  50.47250617  019.07100605 both 218 U_stop
1201  50.47376570  019.07289277 both 219 U_stop
1201  50.47261703  019.07109820 both 220 U_stop
1201  50.47304135  019.07175581 both 221 unnamed entity(split)
1201  50.47329815  019.07215888 both 222 unnamed entity(split)
1201  50.47358585  019.07261071 both 223 unnamed entity(split)
1201  50.47379245  019.07308712 both 224 unnamed entity(split)
1201  50.47375229  019.07343150 both 225 unnamed entity(split)
1201  50.47363406  019.07342010 both 226 unnamed entity(split)
1201  50.47362273  019.07324631 both 227 unnamed entity(split)
1201  50.47377764  019.07305888 both 228 unnamed entity(split)
1201  50.47595476  019.10009703 both 229 09/27_stop
1201  50.47604044  019.06094096 both 230 09/27_start
1201  50.47176363  019.09682444 both 231 _start
1201  50.47194722  019.06919183 both 232 _start
1201  50.47194697  019.07047280 both 233 _start
1201  50.47194805  019.07145142 both 234 _start
1201  50.47194716  019.07211178 both 235 _start
1201  50.47194624  019.07279169 both 236 _start
1201  50.47188713  019.07353239 both 237 _start
1201  50.47194717  019.07422541 both 238 _start
1201  50.47233975  019.07422818 both 239 unnamed entity(split)
1201  50.47185395  019.07758983 both 240 _start
1201  50.47185110  019.07694499 both 241 _start
1201  50.47193813  019.07661699 both 242 _start
1201  50.47192699  019.07583152 both 243 _start
1201  50.47194901  019.07583476 both 244 unnamed entity(split)
1201  50.47195246  019.07507088 both 245 _start
1201  50.47233975  019.07507923 both 246 unnamed entity(split)
1201  50.47185110  019.07870933 both 247 _start
1201  50.47185110  019.07965867 both 248 _start
1201  50.47185110  019.08060800 both 249 _start
1201  50.47185711  019.08472144 both 250 _start
1201  50.47185486  019.08408903 both 251 _start
1201  50.47185369  019.08344154 both 252 _start
1201  50.47185061  019.08246861 both 253 _start
1201  50.47185217  019.08183561 both 254 _start
1201  50.47184991  019.08582450 both 255 _start
1201  50.47184991  019.08677155 both 256 _start
1202 8 237 twoway taxiway 
1202 6 7 twoway taxiway 
1202 7 238 twoway taxiway 
1202 4 5 twoway taxiway 
1202 5 245 twoway taxiway 
1202 2 3 twoway taxiway 
1202 3 243 twoway taxiway 
1202 0 1 twoway taxiway 
1202 1 242 twoway taxiway 
1202 11 167 oneway taxiway 
1202 13 166 oneway taxiway 
1202 12 165 oneway taxiway 
1202 14 11 oneway taxiway 
1202 15 14 oneway taxiway 
1202 166 15 oneway taxiway 
1202 16 13 oneway taxiway 
1202 17 16 oneway taxiway 
1202 165 17 oneway taxiway 
1202 10 223 oneway taxiway 
1202 9 222 oneway taxiway 
1202 18 10 oneway taxiway 
1202 19 18 oneway taxiway 
1202 222 19 oneway taxiway 
1202 20 9 oneway taxiway 
1202 21 20 oneway taxiway 
1202 221 21 oneway taxiway 
1202 22 12 oneway taxiway 
1202 23 22 oneway taxiway 
1202 164 23 oneway taxiway 
1202 112 152 twoway taxiway A
1202 113 181 twoway taxiway A
1202 112 138 twoway taxiway A
1202 113 112 twoway taxiway A
1202 177 113 twoway taxiway A
1202 116 114 twoway taxiway B
1202 117 116 twoway taxiway B
1202 118 117 twoway taxiway B
1202 174 118 twoway taxiway B
1202 121 119 twoway taxiway B
1202 122 121 twoway taxiway B
1202 123 122 twoway taxiway B
1202 124 123 twoway taxiway B
1202 117 124 twoway taxiway B
1202 125 136 twoway taxiway D
1202 126 184 twoway taxiway D
1202 125 133 twoway taxiway D
1202 126 125 twoway taxiway D
1202 180 126 twoway taxiway D
1202 128 127 twoway taxiway E0
1202 129 128 twoway taxiway E0
1202 130 129 twoway taxiway E0
1202 158 159 twoway taxiway E0
1202 159 130 twoway taxiway E0
1202 131 158 twoway taxiway E0
1202 132 131 twoway taxiway E1
1202 133 134 twoway taxiway E1
1202 134 132 twoway taxiway E1
1202 135 133 twoway taxiway E1
1202 136 137 twoway taxiway E2
1202 137 135 twoway taxiway E2
1202 138 246 twoway taxiway E2
1202 246 139 twoway taxiway E2
1202 139 140 twoway taxiway E2
1202 140 141 twoway taxiway E2
1202 141 142 twoway taxiway E2
1202 142 143 twoway taxiway E2
1202 143 144 twoway taxiway E2
1202 144 145 twoway taxiway E2
1202 145 146 twoway taxiway E2
1202 146 147 twoway taxiway E2
1202 147 148 twoway taxiway E2
1202 148 149 twoway taxiway E2
1202 149 150 twoway taxiway E2
1202 150 136 twoway taxiway E2
1202 151 138 twoway taxiway E2
1202 152 239 twoway taxiway E3
1202 239 151 twoway taxiway E3
1202 153 69 twoway taxiway E3
1202 69 154 twoway taxiway E3
1202 154 155 twoway taxiway E3
1202 155 156 twoway taxiway E3
1202 156 152 twoway taxiway E3
1202 157 153 twoway taxiway E3
1202 119 120 twoway taxiway E3
1202 120 157 twoway taxiway E3
1202 160 132 twoway taxiway F
1202 160 158 twoway taxiway F
1202 161 160 twoway taxiway F
1202 204 161 twoway taxiway F
1202 163 164 twoway taxiway H1
1202 164 165 twoway taxiway H1
1202 165 166 twoway taxiway H1
1202 166 167 twoway taxiway H1
1202 167 162 twoway taxiway H1
1202 162 168 oneway taxiway H1
1202 168 169 oneway taxiway H1
1202 169 170 oneway taxiway H1
1202 170 171 oneway taxiway H1
1202 171 172 oneway taxiway H1
1202 172 173 oneway taxiway H1
1202 173 162 oneway taxiway H1
1202 185 163 twoway taxiway H1
1202 175 174 twoway taxiway H2
1202 185 175 twoway taxiway H2
1202 177 176 twoway taxiway H3
1202 178 177 twoway taxiway H3
1202 114 178 twoway taxiway H3
1202 180 179 twoway taxiway H4
1202 181 180 twoway taxiway H4
1202 176 181 twoway taxiway H4
1202 183 161 twoway taxiway H5
1202 183 182 twoway taxiway H5
1202 184 183 twoway taxiway H5
1202 179 184 twoway taxiway H5
1202 186 163 twoway taxiway L
1202 186 185 twoway taxiway L
1202 187 186 twoway taxiway L
1202 188 187 twoway taxiway L
1204 departure 09,27
1204 arrival 09,27
1202 189 188 twoway taxiway L
1204 departure 09,27
1204 arrival 09,27
1202 190 189 twoway taxiway L
1204 departure 09,27
1204 arrival 09,27
1202 230 190 twoway taxiway L
1204 departure 09,27
1204 arrival 09,27
1202 191 200 twoway taxiway N
1204 departure 09,27
1204 arrival 09,27
1202 192 191 twoway taxiway N
1204 departure 09,27
1204 arrival 09,27
1202 193 192 twoway taxiway N
1204 departure 09,27
1204 arrival 09,27
1202 195 193 twoway taxiway N
1204 departure 09,27
1204 arrival 09,27
1202 194 201 twoway taxiway N
1204 departure 09,27
1204 arrival 09,27
1202 195 196 twoway taxiway N
1204 departure 09,27
1204 arrival 09,27
1202 196 194 twoway taxiway N
1204 departure 09,27
1204 arrival 09,27
1202 197 195 twoway taxiway N
1204 departure 09,27
1204 arrival 09,27
1202 114 115 twoway taxiway N
1202 115 197 twoway taxiway N
1202 198 115 twoway taxiway N
1202 199 198 twoway taxiway N
1202 178 199 twoway taxiway N
1202 202 203 twoway taxiway S
1204 departure 09,27
1204 arrival 09,27
1202 203 209 twoway taxiway S
1204 departure 09,27
1204 arrival 09,27
1202 206 202 twoway taxiway S
1204 departure 09,27
1204 arrival 09,27
1202 182 204 twoway taxiway S
1202 205 182 twoway taxiway S
1202 206 205 twoway taxiway S
1204 departure 09,27
1204 arrival 09,27
1202 207 206 twoway taxiway S
1204 departure 09,27
1204 arrival 09,27
1202 208 207 twoway taxiway S
1204 departure 09,27
1204 arrival 09,27
1202 210 229 twoway taxiway T
1204 departure 09,27
1204 arrival 09,27
1202 211 210 twoway taxiway T
1204 departure 09,27
1204 arrival 09,27
1202 212 211 twoway taxiway T
1204 departure 09,27
1204 arrival 09,27
1202 213 212 twoway taxiway T
1204 departure 09,27
1204 arrival 09,27
1202 214 213 twoway taxiway T
1202 215 214 twoway taxiway T
1202 216 215 twoway taxiway T
1202 127 216 twoway taxiway T
1202 217 153 twoway taxiway U
1202 218 217 twoway taxiway U
1202 220 218 twoway taxiway U
1202 220 221 twoway taxiway U
1202 221 222 twoway taxiway U
1202 222 223 twoway taxiway U
1202 223 219 twoway taxiway U
1202 219 224 oneway taxiway U
1202 224 225 oneway taxiway U
1202 225 226 oneway taxiway U
1202 226 227 oneway taxiway U
1202 227 228 oneway taxiway U
1202 228 219 oneway taxiway U
1202 157 220 twoway taxiway U
1202 230 200 twoway runway 09/27
1204 departure 09,27
1204 arrival 09,27
1204 ils 09,27
1202 200 201 twoway runway 09/27
1204 departure 09,27
1204 arrival 09,27
1204 ils 09,27
1202 201 208 twoway runway 09/27
1204 departure 09,27
1204 arrival 09,27
1204 ils 09,27
1202 208 209 twoway runway 09/27
1204 departure 09,27
1204 arrival 09,27
1204 ils 09,27
1202 209 229 twoway runway 09/27
1204 departure 09,27
1204 arrival 09,27
1204 ils 09,27
1202 231 159 twoway taxiway 
1202 232 120 twoway taxiway 
1202 233 157 twoway taxiway 
1202 234 153 twoway taxiway 
1202 235 154 twoway taxiway 
1202 236 155 twoway taxiway 
1202 237 72 twoway taxiway 
1202 72 156 twoway taxiway 
1202 238 239 twoway taxiway 
1202 240 142 twoway taxiway 
1202 241 141 twoway taxiway 
1202 242 140 twoway taxiway 
1202 243 244 twoway taxiway 
1202 244 139 twoway taxiway 
1202 245 246 twoway taxiway 
1202 247 143 twoway taxiway 
1202 248 144 twoway taxiway 
1202 249 145 twoway taxiway 
1202 250 150 twoway taxiway 
1202 251 149 twoway taxiway 
1202 252 148 twoway taxiway 
1202 253 147 twoway taxiway 
1202 254 146 twoway taxiway 
1202 255 137 twoway taxiway 
1202 256 134 twoway taxiway 
99