I
1130 Generated by WorldEditor 2.2.0r2

1    153 1 0 EPSC Szczecin Goleniow
1302 city Goleniow
1302 country Poland
1302 datum_lat 53.584722222
1302 datum_lon 14.902222222
1302 faa_code 
1302 iata_code SZZ
1302 icao_code EPSC
1302 region_code EP
1302 state West Pomerania
1302 transition_alt 6500
1302 transition_level 
100 60.05 1 0 0.00 0 2 0 13  53.59209262  014.88796279    0    0 3 7 0 1 31  53.57737412  014.91650252    0    0 3 1 0 1
110 1 0.25 0.0000 asphalt_3D.pol
111  53.59124934  014.89230803
112  53.59125124  014.89238800  53.59124397  014.89240227
112  53.59111751  014.89266710  53.59111148  014.89266811
111  53.59107715  014.89261635
111  53.59105185  014.89269653
112  53.59107534  014.89273915  53.59107654  014.89275742
111  53.59067776  014.89351250
111  53.59063439  014.89348510
111  53.59060909  014.89354193
111  53.59063801  014.89358861
111  53.59053620  014.89377231
111  53.59055668  014.89380478
111  53.59057355  014.89377941
112  53.59063921  014.89378347  53.59065218  014.89378841
111  53.59066210  014.89380377
111  53.59067897  014.89375810
112  53.59066090  014.89371593  53.59065713  014.89369408
112  53.59065728  014.89362211  53.59066690  014.89359603
112  53.59126931  014.89242758  53.59127730  014.89241004
113  53.59130787  014.89240391
110 1 0.25 0.0000 asphalt_4D.pol
111  53.59301661  014.89016896
111  53.59296896  014.89028457
111  53.59281417  014.89036113
111  53.59282665  014.89045976
111  53.59298185  014.89038342
113  53.59305866  014.89044976
110 1 0.25 40.0000 asphalt_6D.pol
111  53.59350516  014.89510057
111  53.59348171  014.89481502
111  53.59391935  014.89391612
111  53.59376444  014.89369247
111  53.59355376  014.89337469
112  53.59350591  014.89325313  53.59345435  014.89323058
111  53.59342617  014.89328870
112  53.59282107  014.89451243  53.59280626  014.89457603
112  53.59281925  014.89493006  53.59286397  014.89517169
111  53.59293316  014.89528628
113  53.59321039  014.89569358
110 1 0.25 0.0000 asphalt_3D.pol
111  53.57731953  014.91593126
111  53.57722104  014.91595711
111  53.57705859  014.91587094
111  53.57558766  014.91343240
111  53.57555312  014.91350780
113  53.57717075  014.91621889
110 2 0.25 80.0000 concrete_1D.pol
111  53.58100495  014.91457140
111  53.58121558  014.91640944
111  53.58124444  014.91639809
111  53.58103111  014.91447593
111  53.58100968  014.91422598
113  53.58094505  014.91435663
110 2 0.25 40.0000 concrete_3L.pol
111  53.59384720  014.89274208
111  53.59397056  014.89275659
111  53.59410865  014.89247328
111  53.59390466  014.89217971
111  53.59345534  014.89243039
111  53.59349361  014.89271905
111  53.59358059  014.89252553
112  53.59364836  014.89249588  53.59368535  014.89251443
111  53.59371127  014.89257374
111  53.59357919  014.89284664
112  53.59363669  014.89288488  53.59366934  014.89287848
111  53.59368134  014.89286031
111  53.59392739  014.89236743
111  53.59404677  014.89254401
111  53.59397205  014.89268374
114  53.59388988  014.89269244  53.59386785  014.89270395
110 1 0.25 0.0000 asphalt_1D.pol
111  53.59250379  014.88851193
111  53.59262578  014.88896344
111  53.59281345  014.88926533
111  53.59284772  014.88939060
112  53.59294082  014.88962631  53.59295083  014.88966004
111  53.59294082  014.88962631
112  53.59294082  014.88962631  53.59294207  014.88963053
111  53.59301661  014.89016896
111  53.59305866  014.89044976
111  53.59330275  014.89203096
112  53.59328652  014.89208757  53.59327203  014.89209914
111  53.59328652  014.89208757
112  53.59328652  014.89208757  53.59327205  014.89209912
111  53.59324807  014.89208806
111  53.59303392  014.89178106
111  53.59299909  014.89168949
111  53.59291138  014.89110079
111  53.59285275  014.89120774
111  53.59295285  014.89187523
111  53.59336604  014.89247670
111  53.59342691  014.89289840
111  53.59234762  014.89499988
111  53.59283746  014.89571767
111  53.59233620  014.89669730
112  53.59229102  014.89675173  53.59226769  014.89676137
111  53.59229102  014.89675173
112  53.59229102  014.89675173  53.59226772  014.89676136
111  53.59209780  014.89680772
111  53.59204326  014.89691349
111  53.59225596  014.89685242
111  53.59241117  014.89680785
111  53.59286857  014.89591011
112  53.59292624  014.89586101  53.59295453  014.89585617
111  53.59292624  014.89586101
112  53.59292624  014.89586101  53.59295729  014.89585485
111  53.59297626  014.89589687
111  53.59303369  014.89596276
112  53.59312002  014.89597190  53.59315737  014.89596883
111  53.59312002  014.89597190
112  53.59312002  014.89597190  53.59315733  014.89596883
111  53.59317943  014.89592611
112  53.59317943  014.89592611  53.59319181  014.89590641
112  53.59323140  014.89586740  53.59326155  014.89586432
111  53.59323140  014.89586740
112  53.59323140  014.89586740  53.59326153  014.89586433
111  53.59328402  014.89589838
111  53.59332318  014.89595696
111  53.59334946  014.89589894
112  53.59293308  014.89528642  53.59290405  014.89524076
111  53.59293308  014.89528642
112  53.59293308  014.89528642  53.59290405  014.89524074
112  53.59281913  014.89493013  53.59278267  014.89474585
111  53.59281913  014.89493013
112  53.59281913  014.89493013  53.59278267  014.89474582
112  53.59282096  014.89451235  53.59283577  014.89445123
111  53.59282096  014.89451235
112  53.59282096  014.89451235  53.59283577  014.89445121
111  53.59342608  014.89328857
112  53.59350594  014.89325293  53.59355537  014.89327215
111  53.59350594  014.89325293
112  53.59350594  014.89325293  53.59355540  014.89327216
111  53.59355388  014.89337460
111  53.59376444  014.89369247
111  53.59395451  014.89335106
111  53.59376336  014.89307284
111  53.59371672  014.89300620
111  53.59384711  014.89274195
112  53.59388984  014.89269224  53.59391190  014.89268071
111  53.59388984  014.89269224
112  53.59388984  014.89269224  53.59391188  014.89268072
111  53.59397199  014.89268353
111  53.59404660  014.89254403
111  53.59392741  014.89236772
111  53.59368143  014.89286045
112  53.59363670  014.89288508  53.59360401  014.89289149
111  53.59363670  014.89288508
112  53.59363670  014.89288508  53.59360399  014.89289149
111  53.59357919  014.89284664
111  53.59349350  014.89271916
111  53.59345522  014.89243044
111  53.59301617  014.88957405
111  53.59306582  014.88927218
111  53.59301615  014.88911599
111  53.59282172  014.88904266
111  53.59257181  014.88862547
113  53.59255658  014.88860004
112  53.59314892  014.89582874  53.59312215  014.89588587
112  53.59308210  014.89586121  53.59307198  014.89585670
112  53.59300585  014.89575945  53.59299484  014.89574291
112  53.59299771  014.89562521  53.59302641  014.89556747
112  53.59307275  014.89560913  53.59308003  014.89562068
114  53.59314573  014.89571768  53.59315173  014.89572706
112  53.59295031  014.89549088  53.59294102  014.89551089
112  53.59291692  014.89550132  53.59290951  014.89549436
112  53.59261597  014.89505643  53.59260754  014.89504432
112  53.59260150  014.89498031  53.59259852  014.89494222
112  53.59261834  014.89488648  53.59262825  014.89486477
111  53.59268058  014.89476488
112  53.59272065  014.89473837  53.59274039  014.89474460
112  53.59274913  014.89477967  53.59275190  014.89480586
111  53.59274913  014.89477967
112  53.59274913  014.89477967  53.59275177  014.89483612
112  53.59277016  014.89495683  53.59278215  014.89501743
111  53.59277016  014.89495683
112  53.59277016  014.89495683  53.59280880  014.89515216
112  53.59289864  014.89535129  53.59293260  014.89540474
111  53.59289864  014.89535129
112  53.59289864  014.89535129  53.59290644  014.89536356
114  53.59295286  014.89543018  53.59296054  014.89544791
110 1 0.25 40.0000 asphalt_3D.pol
111  53.57951196  014.91537157
112  53.57925524  014.91502460  53.57923182  014.91500268
112  53.57907900  014.91505560  53.57903070  014.91515077
111  53.57903744  014.91527847
112  53.57909868  014.91547187  53.57915154  014.91553941
112  53.57923210  014.91551055  53.57925552  014.91549594
112  53.57932942  014.91538899  53.57936132  014.91535368
112  53.57941909  014.91536873  53.57943731  014.91537457
113  53.57947875  014.91543414
112  53.57920250  014.91544495  53.57916529  014.91546030
112  53.57912163  014.91541237  53.57909961  014.91538935
111  53.57908694  014.91535107
112  53.57907261  014.91524056  53.57907534  014.91517302
111  53.57909774  014.91513427
112  53.57916254  014.91506566  53.57922268  014.91505645
111  53.57924473  014.91509474
111  53.57939600  014.91531270
114  53.57931351  014.91532572  53.57928161  014.91535335
110 1 0.25 40.0000 asphalt_6L.pol
111  53.57988050  014.91538973
111  53.57965055  014.91504674
111  53.57965820  014.91512072
111  53.57951196  014.91537157
111  53.57947875  014.91543414
113  53.57969278  014.91574875
110 1 0.25 40.0000 asphalt_1L.pol
111  53.57993996  014.91527616
111  53.57969696  014.91490932
111  53.57971532  014.91486775
111  53.57967481  014.91481126
111  53.57964295  014.91484848
111  53.57965055  014.91504674
113  53.57988050  014.91538973
110 1 0.25 0.0000 asphalt_2L.pol
111  53.58123457  014.91685093
112  53.58115062  014.91694869  53.58109880  014.91698833
111  53.58100868  014.91698078
112  53.58102671  014.91707114  53.58102198  014.91712685
112  53.58095637  014.91719360  53.58089495  014.91724134
111  53.58077182  014.91716405
111  53.58069946  014.91730360
112  53.58080152  014.91733506  53.58083411  014.91733691
111  53.58099049  014.91728643
111  53.58080637  014.91817665
111  53.58063092  014.91849771
111  53.58081858  014.91859054
111  53.58087763  014.91822804
111  53.58106791  014.91728422
112  53.58110072  014.91720023  53.58112413  014.91720236
112  53.58115321  014.91727980  53.58118422  014.91733736
112  53.58118602  014.91749641  53.58118855  014.91757849
111  53.58112040  014.91774398
111  53.58130543  014.91768872
111  53.58128181  014.91751852
111  53.58145110  014.91745442
112  53.58157183  014.91756936  53.58160595  014.91760472
112  53.58202187  014.91824948  53.58204647  014.91830475
112  53.58204818  014.91844689  53.58205365  014.91850215
111  53.58202063  014.91876740
111  53.58192483  014.91888234
111  53.58211117  014.91889118
112  53.58213873  014.91849110  53.58214420  014.91841895
112  53.58216760  014.91842920  53.58217854  014.91843227
111  53.58238019  014.91873866
111  53.58243400  014.91865025
111  53.58222009  014.91835405
112  53.58226949  014.91826563  53.58231414  014.91824260
111  53.58241169  014.91830321
111  53.58236445  014.91802469
111  53.58222009  014.91817721
112  53.58215579  014.91816174  53.58213028  014.91813872
111  53.58211380  014.91811753
111  53.58182510  014.91769092
111  53.58169781  014.91756493
111  53.58163088  014.91748314
111  53.58163482  014.91731958
111  53.58210068  014.91642657
112  53.58219385  014.91641110  53.58222219  014.91642436
111  53.58225290  014.91651720
111  53.58230145  014.91643099
111  53.58218204  014.91628953
111  53.58214404  014.91618299
111  53.58199659  014.91618810
112  53.58201144  014.91625637  53.58200814  014.91628598
111  53.58152983  014.91724000
111  53.58149309  014.91726652
111  53.58146553  014.91726210
114  53.58125466  014.91693584  53.58123377  014.91688468
110 1 0.25 40.0000 asphalt_6D.pol
111  53.59261597  014.89505643
111  53.59291692  014.89550132
112  53.59295031  014.89549088  53.59296649  014.89545781
111  53.59295286  014.89543018
112  53.59289864  014.89535129  53.59287437  014.89531821
112  53.59277016  014.89495683  53.59274574  014.89479805
111  53.59274913  014.89477967
112  53.59272065  014.89473837  53.59269537  014.89473404
111  53.59268058  014.89476488
111  53.59261834  014.89488648
114  53.59260150  014.89498031  53.59260492  014.89505032
110 1 0.25 0.0000 asphalt_6L.pol
112  53.57792685  014.91869180  53.57792573  014.91862829
112  53.57785655  014.91858021  53.57781884  014.91858210
112  53.57779029  014.91869862  53.57779141  014.91876213
114  53.57786059  014.91881021  53.57789830  014.91880833
112  53.57785857  014.91878096  53.57783108  014.91878026
112  53.57780954  014.91869585  53.57780996  014.91864955
112  53.57786007  014.91861327  53.57788757  014.91861397
114  53.57790911  014.91869838  53.57790869  014.91874468
110 1 0.25 0.0000 asphalt_6L.pol
112  53.59201547  014.89096461  53.59201435  014.89090107
112  53.59194517  014.89085298  53.59190746  014.89085486
112  53.59187891  014.89097142  53.59188003  014.89103496
114  53.59194921  014.89108305  53.59198692  014.89108117
112  53.59194719  014.89105379  53.59191970  014.89105309
112  53.59189816  014.89096865  53.59189858  014.89092233
112  53.59194869  014.89088604  53.59197619  014.89088674
114  53.59199772  014.89097118  53.59199731  014.89101750
110 1 0.25 0.0000 asphalt_5D.pol
111  53.58061911  014.91395800
111  53.58039043  014.91363411
112  53.58039043  014.91356748  53.58039259  014.91354313
111  53.58040083  014.91349735
111  53.58059445  014.91312040
111  53.58056322  014.91306780
111  53.58014893  014.91393918
111  53.58017287  014.91397249
111  53.58029050  014.91373755
112  53.58033109  014.91369723  53.58034700  014.91369236
111  53.58036753  014.91370248
113  53.58059130  014.91401212
110 1 0.25 42.0000 asphalt_5D.pol
111  53.57868633  014.91326806
111  53.57780523  014.91209411
111  53.57768805  014.91207077
112  53.57762941  014.91205860  53.57760983  014.91209664
111  53.57763263  014.91216107
111  53.57757540  014.91227166
111  53.57767238  014.91243399
111  53.57772780  014.91232847
111  53.57778081  014.91240457
111  53.57781083  014.91235215
111  53.57775491  014.91227267
112  53.57775230  014.91216005  53.57776937  014.91212793
111  53.57780130  014.91213165
113  53.57866886  014.91330238
110 1 0.25 0.0000 asphalt_4D.pol
111  53.59257181  014.88862547
111  53.59259945  014.88854721
111  53.59708704  014.87983487
111  53.59719592  014.87974051
111  53.59713147  014.87958139
111  53.59708051  014.87976577
111  53.59491358  014.88397942
111  53.59483810  014.88398108
111  53.59480362  014.88405937
111  53.59482863  014.88415282
111  53.59257744  014.88851933
113  53.59255658  014.88860004
110 1 0.25 0.0000 asphalt_2L.pol
111  53.59306582  014.88927218
111  53.59319184  014.88911916
111  53.59401061  014.88845894
111  53.59399034  014.88837880
111  53.59312314  014.88906129
113  53.59301615  014.88911599
110 1 0.25 0.0000 asphalt_1D.pol
111  53.58504878  014.90909083
111  53.58489768  014.90919576
111  53.58473217  014.90911160
111  53.58410952  014.90819623
111  53.58403302  014.90835448
111  53.58466243  014.90926239
111  53.58473113  014.90951138
113  53.58468051  014.90982144
110 1 0.25 0.0000 asphalt_1D.pol
111  53.58380105  014.90776658
111  53.58309370  014.90672231
112  53.58301126  014.90642942  53.58301001  014.90633895
111  53.58305103  014.90617183
111  53.58268749  014.90688137
112  53.58284363  014.90676902  53.58288110  014.90675640
111  53.58300376  014.90684350
113  53.58373362  014.90790162
110 2 0.25 41.0000 concrete_1D.pol
111  53.58492475  014.90987328
112  53.58495293  014.90998420  53.58495955  014.91003392
111  53.58497849  014.91036120
111  53.58503412  014.91034366
112  53.58500941  014.90986506  53.58502206  014.90983056
111  53.58507348  014.90980870
113  53.58500716  014.90970576
110 2 0.25 40.0000 concrete_1D.pol
111  53.58398569  014.91239075
111  53.58377651  014.91210991
111  53.58373367  014.91219895
113  53.58394333  014.91248164
110 2 0.25 40.0000 concrete_4D.pol
111  53.58319812  014.91315510
112  53.58328594  014.91319727  53.58330769  014.91321771
111  53.58386496  014.91411231
111  53.58380770  014.91481222
111  53.58389705  014.91482245
111  53.58394736  014.91417514
112  53.58422277  014.91432443  53.58427308  014.91434634
112  53.58440840  014.91427061  53.58444961  014.91423773
112  53.58455283  014.91409770  53.58457669  014.91405995
111  53.58463784  014.91390628
111  53.58464392  014.91369294
111  53.58493383  014.91310910
111  53.58503276  014.91302325
111  53.58521713  014.91289448
111  53.58576724  014.91188700
111  53.58577324  014.91176832
112  53.58590514  014.91147794  53.58593325  014.91140605
112  53.58593062  014.91107394  53.58590981  014.91093366
112  53.58583319  014.91079366  53.58579572  014.91074105
111  53.58506126  014.90959580
111  53.58500716  014.90970576
111  53.58507348  014.90980870
111  53.58545096  014.91039470
111  53.58562709  014.91112227
111  53.58570238  014.91108873
111  53.58556339  014.91052853
112  53.58578823  014.91085678  53.58581425  014.91090413
112  53.58587217  014.91109666  53.58588986  014.91118960
112  53.58584610  014.91143656  53.58582112  014.91151021
111  53.58571628  014.91170772
112  53.58553041  014.91170014  53.58550511  014.91174276
111  53.58526660  014.91224302
111  53.58520364  014.91228594
111  53.58515118  014.91227584
111  53.58499679  014.91203597
111  53.58499079  014.91194002
111  53.58501478  014.91182387
111  53.58495332  014.91173802
111  53.58487687  014.91178094
111  53.58480343  014.91175317
111  53.58474347  014.91184659
111  53.58477944  014.91196022
111  53.58475996  014.91206627
111  53.58416638  014.91321765
111  53.58451413  014.91375042
112  53.58451692  014.91400048  53.58443451  014.91414295
112  53.58437323  014.91417967  53.58433203  014.91420158
112  53.58421576  014.91421462  53.58417586  014.91419708
111  53.58400449  014.91406099
111  53.58418989  014.91403297
111  53.58417624  014.91390735
111  53.58397901  014.91394231
112  53.58382183  014.91382217  53.58375708  014.91374945
111  53.58382183  014.91382217
112  53.58382183  014.91382217  53.58376931  014.91376319
112  53.58333135  014.91307490  53.58321118  014.91288792
111  53.58333135  014.91307490
112  53.58333135  014.91307490  53.58330336  014.91303134
113  53.58328846  014.91297942
110 2 0.25 40.0000 concrete_1D.pol
111  53.58874511  014.90224099
111  53.58901875  014.90262977
111  53.58912174  014.90242488
113  53.58884863  014.90203926
110 1 0.25 0.0000 asphalt_4D.pol
111  53.59390045  014.89383864
111  53.59391935  014.89391612
111  53.59397284  014.89398723
111  53.59414520  014.89363968
111  53.59426817  014.89380994
111  53.59437653  014.89356583
111  53.59426452  014.89339352
111  53.59436679  014.89318018
111  53.59407559  014.89271193
111  53.59401967  014.89282474
111  53.59384059  014.89319075
113  53.59398974  014.89341469
110 1 0.25 0.0000 asphalt_2L.pol
111  53.58759405  014.90671426
112  53.58764661  014.90665784  53.58766986  014.90665309
112  53.58776019  014.90667865  53.58778273  014.90665491
111  53.58776019  014.90667865
112  53.58776019  014.90667865  53.58777000  014.90666832
112  53.58779246  014.90661836  53.58780757  014.90659734
111  53.58779246  014.90661836
112  53.58779246  014.90661836  53.58781208  014.90659107
111  53.58784562  014.90658689
111  53.58772592  014.90641014
112  53.58769424  014.90652909  53.58766531  014.90656566
112  53.58760301  014.90653445  53.58755017  014.90654631
113  53.58752404  014.90661769
110 1 0.25 40.0000 asphalt_1L.pol
111  53.58772518  014.90634276
111  53.58773188  014.90618311
111  53.58780060  014.90605703
111  53.58776753  014.90601166
111  53.58770581  014.90614394
113  53.58759554  014.90616946
110 1 0.25 0.0000 asphalt_4D.pol
111  53.57888199  014.91439146
111  53.57916282  014.91427935
111  53.57931753  014.91436477
111  53.57964295  014.91484848
111  53.57967481  014.91481126
111  53.57971532  014.91486775
111  53.57969696  014.91490932
111  53.57993996  014.91527616
111  53.58003626  014.91509221
111  53.57938117  014.91417243
111  53.57930299  014.91392547
113  53.57927725  014.91361097
110 2 0.00 40.0000 New Taxiway 43
111  53.59100252  014.89480414
111  53.59109138  014.89488091
111  53.59173118  014.89581440
111  53.59223203  014.89654680
111  53.59233611  014.89669717
111  53.59283729  014.89571769
111  53.59234746  014.89499990
111  53.59342678  014.89289834
111  53.59336593  014.89247681
111  53.59295274  014.89187534
113  53.59285261  014.89120769
110 2 0.00 40.0000 New Taxiway 41
111  53.58791760  014.90527530
111  53.58787418  014.90529154
111  53.58798674  014.90544918
111  53.58793844  014.90554415
111  53.58780483  014.90535522
111  53.58769271  014.90569119
111  53.58771876  014.90594349
111  53.58776753  014.90601166
111  53.58780060  014.90605703
111  53.58788989  014.90618089
111  53.58844625  014.90505021
113  53.58819336  014.90469992
110 2 0.00 0.0000 New Taxiway 39
111  53.58182246  014.91619413
111  53.58199659  014.91618810
111  53.58214404  014.91618299
111  53.58318599  014.91416002
111  53.58315609  014.91368033
113  53.58313034  014.91364658
110 1 0.00 0.0000 New Taxiway 38
111  53.59242947  014.89087879
111  53.59278684  014.89015338
111  53.59262568  014.88896356
111  53.59250341  014.88851101
111  53.59227708  014.88818776
111  53.59179758  014.88912921
112  53.59200462  014.88901440  53.59208246  014.88899520
112  53.59216777  014.88904579  53.59223802  014.88908737
112  53.59228862  014.88922210  53.59230698  014.88927541
111  53.59232480  014.88934472
111  53.59248974  014.89059146
114  53.59247698  014.89073732  53.59246696  014.89080181
110 1 0.00 35.0000 New Taxiway 37
111  53.59204972  014.89172968
112  53.59176193  014.89203467  53.59165865  014.89203978
111  53.59163123  014.89198160
111  53.59128781  014.89155322
111  53.59111462  014.89130043
112  53.59100601  014.89101673  53.59099799  014.89086535
111  53.59107001  014.89052666
111  53.59049426  014.89164731
112  53.59069513  014.89158261  53.59077168  014.89157892
111  53.59082968  014.89165793
111  53.59104773  014.89197773
111  53.59124934  014.89230803
111  53.59130787  014.89240391
111  53.59136662  014.89250017
112  53.59142965  014.89271512  53.59143877  014.89284051
113  53.59136140  014.89298354
110 1 0.00 0.0000 New Taxiway 36
111  53.58792122  014.89975486
111  53.58722066  014.89873834
111  53.58712468  014.89843272
111  53.58716951  014.89813687
111  53.58676396  014.89890625
111  53.58693957  014.89880497
111  53.58713101  014.89890625
113  53.58783366  014.89992707
110 1 0.00 0.0000 New Taxiway 35
111  53.58646286  014.90362640
112  53.58653451  014.90358117  53.58656248  014.90357732
111  53.58660801  014.90361532 102
111  53.58669759  014.90374944 102
111  53.58724518  014.90456927
112  53.58727335  014.90468780  53.58727426  014.90474230
111  53.58724817  014.90482584
111  53.58746493  014.90440561
112  53.58738109  014.90446685  53.58735301  014.90446273
111  53.58730466  014.90442321 102
111  53.58676761  014.90361324 102
111  53.58667624  014.90347544
112  53.58665165  014.90337001  53.58664768  014.90330728
113  53.58666383  014.90324126
110 2 0.00 41.0700 Taxiway
111  53.58013332  014.91648454
111  53.58069946  014.91730360
111  53.58077182  014.91716405
111  53.58083662  014.91703907
111  53.58087332  014.91699712
113  53.58030130  014.91615936
110 1 0.00 41.7800 Taxiway
111  53.57884584  014.91733703
112  53.57884584  014.91733703  53.57873316  014.91755350
112  53.57850803  014.91744908  53.57838327  014.91732924
111  53.57850803  014.91744908
111  53.57817805  014.91703230
111  53.57793243  014.91661836
112  53.57793243  014.91661836  53.57788354  014.91653350
112  53.57793434  014.91608834  53.57799672  014.91594125
111  53.57793434  014.91608834
111  53.57751614  014.91686265
111  53.57873451  014.91864405
111  53.57994256  014.91635949
112  53.57999089  014.91632296  53.58001705  014.91632162
111  53.58003963  014.91634920
111  53.58013332  014.91648454
111  53.58030130  014.91615936
111  53.58087332  014.91699712
111  53.58100868  014.91698078
112  53.58115062  014.91694869  53.58120245  014.91690905
111  53.58123457  014.91685093
111  53.58139568  014.91653203
111  53.58129437  014.91637175
111  53.58124444  014.91639809
111  53.58121558  014.91640944
111  53.58111369  014.91652974
111  53.58096387  014.91644871
111  53.58042493  014.91567123
111  53.58035214  014.91555943
111  53.58091356  014.91442572
111  53.58097818  014.91429507
111  53.58403302  014.90835448
111  53.58410952  014.90819623
111  53.58646286  014.90362640
111  53.58666383  014.90324126
111  53.58813935  014.90037205
111  53.58822478  014.90020654
111  53.59100252  014.89480414
111  53.59285261  014.89120769
111  53.59291144  014.89110038
111  53.59282665  014.89045976
111  53.59281417  014.89036113
111  53.59278684  014.89015338
111  53.59242947  014.89087879
111  53.59204972  014.89172968
111  53.59136140  014.89298354
111  53.58792122  014.89975486
111  53.58783366  014.89992707
111  53.58380105  014.90776658
111  53.58373362  014.90790162
111  53.58061911  014.91395800
111  53.58059130  014.91401212
111  53.58003626  014.91509221
111  53.57993996  014.91527616
111  53.57988050  014.91538974
113  53.57969278  014.91574875
110 1 0.00 0.0000 New Taxiway 34
111  53.58916564  014.90109820
112  53.58897791  014.90117343  53.58888313  014.90115347
111  53.58881428  014.90106361
111  53.58839275  014.90045174
111  53.58822478  014.90020654
111  53.58813935  014.90037205
111  53.58830881  014.90061910
111  53.58876717  014.90128711
111  53.58884787  014.90159731
113  53.58881251  014.90179014
110 2 0.10 40.0000 New Taxiway 42
111  53.58935350  014.90127020
111  53.58946930  014.90129092
111  53.58965169  014.90156471
111  53.59204295  014.89691379
111  53.59209773  014.89680753
111  53.59214395  014.89671700
113  53.59188305  014.89633884
110 2 0.00 40.0000 New Taxiway 40
111  53.58802228  014.90382163
111  53.58840026  014.90437902
111  53.58840117  014.90457399
111  53.58832371  014.90472906
111  53.58840943  014.90485635
111  53.58841211  014.90498391
111  53.58845038  014.90503918
111  53.58881491  014.90432068
111  53.58866181  014.90407043
111  53.58859164  014.90419172
111  53.58841666  014.90393072
111  53.58825536  014.90400134
113  53.58807149  014.90372798
110 1 0.00 130.0000 New Taxiway 33
111  53.58139568  014.91653203
111  53.58147004  014.91638546
112  53.58163319  014.91623160  53.58167728  014.91620773
111  53.58182246  014.91619413
111  53.58313034  014.91364658
111  53.58315609  014.91368033
111  53.58320302  014.91358528
111  53.58315081  014.91350622
111  53.58313868  014.91326725
111  53.58319812  014.91315510
111  53.58328846  014.91297943
111  53.58328213  014.91286127
111  53.58361338  014.91221737
111  53.58373367  014.91219895
111  53.58377651  014.91210991
111  53.58377195  014.91191035
111  53.58414741  014.91118579
111  53.58426861  014.91094632
111  53.58480993  014.90989477
111  53.58492475  014.90987328
111  53.58500716  014.90970576
111  53.58506126  014.90959580
111  53.58508787  014.90954169
111  53.58508970  014.90934827
111  53.58730599  014.90503752
112  53.58743449  014.90492085  53.58746866  014.90490592
111  53.58750739  014.90493467 102
111  53.58780483  014.90535522
111  53.58793844  014.90554415
111  53.58798674  014.90544918
111  53.58787418  014.90529154 102
111  53.58755113  014.90483948
112  53.58752453  014.90473044  53.58752453  014.90465475
111  53.58753200  014.90460459
111  53.58792386  014.90384158
111  53.58802228  014.90382163
111  53.58807149  014.90372798
111  53.58807969  014.90353761
111  53.58874511  014.90224099
111  53.58884863  014.90203926
111  53.58925097  014.90125527
111  53.58935350  014.90127020
111  53.59188305  014.89633884
111  53.59214395  014.89671700
111  53.59223203  014.89654680
111  53.59173118  014.89581440
112  53.59176303  014.89597080  53.59176746  014.89603264
111  53.59172475  014.89612434
111  53.58916564  014.90109820
111  53.58881251  014.90179014
111  53.58746493  014.90440561
111  53.58724817  014.90482584
111  53.58504878  014.90909083
111  53.58468051  014.90982144
113  53.58129437  014.91637175
130 Airport Boundary 1
111  53.59590686  014.87747375
111  53.59358152  014.88109102
111  53.59261867  014.88238216
111  53.59032760  014.88490315
111  53.59002193  014.88534453
111  53.57549675  014.91361192
111  53.57598059  014.91661546
111  53.57459392  014.91928120
111  53.57450659  014.91983273
111  53.57452842  014.92080710
111  53.57446838  014.92116560
111  53.57231581  014.92543697
111  53.57261147  014.92574336
111  53.57292988  014.92590422
111  53.57531535  014.92152381
111  53.57554278  014.92176638
111  53.57587525  014.92147772
111  53.57607175  014.92174245
111  53.57630755  014.92170936
111  53.57727310  014.92033782
111  53.57740046  014.92028419
111  53.57757785  014.92072850
111  53.57911112  014.91832469
111  53.57937284  014.91829198
111  53.58000585  014.91813875
111  53.58181900  014.92051126
111  53.58212376  014.91997497
111  53.58271053  014.92097861
111  53.58395394  014.91877433
111  53.58328257  014.91774459
111  53.58579632  014.91346959
111  53.58570534  014.91320141
111  53.58607331  014.91162849
111  53.58609296  014.91088925
111  53.58643356  014.91023828
111  53.58659076  014.91022725
111  53.58741608  014.90789599
111  53.58755799  014.90770290
111  53.58768354  014.90762015
111  53.58798948  014.90696582
111  53.58806225  014.90655204
111  53.58907659  014.90459806
111  53.58927673  014.90429156
111  53.58960878  014.90471300
111  53.58984076  014.90433753
111  53.58924944  014.90344100
111  53.58908114  014.90379348
111  53.58885371  014.90345633
111  53.58904370  014.90329224
111  53.58943943  014.90259491
111  53.59016266  014.90119260
111  53.59110055  014.89932950
111  53.59119531  014.89921456
111  53.59136589  014.89874200
111  53.59143033  014.89851849
111  53.59231021  014.89689781
111  53.59244627  014.89688309
111  53.59290113  014.89592515
111  53.59349813  014.89647330
111  53.59399858  014.89657647
111  53.59415578  014.89591434
111  53.59620593  014.89498736
111  53.59601598  014.89427005
111  53.59579328  014.89432522
111  53.59536098  014.89432522
111  53.59450293  014.89471147
111  53.59442433  014.89461215
111  53.59514483  014.89318856
111  53.59500073  014.89296785
111  53.59495488  014.89253747
111  53.59374402  014.89080614
111  53.59361211  014.89029267
111  53.59371218  014.88894384
111  53.59392631  014.88934385
111  53.59429929  014.88863878
111  53.59404002  014.88814829
111  53.59569105  014.88505286
113  53.59723162  014.87973682
120 Linear Feature 8
111  53.59290817  014.88926887 22
115  53.59255199  014.88868937
120 Linear Feature 7
111  53.59284772  014.88939060 24
111  53.59292660  014.88923176 24
115  53.59298863  014.88910686
120 Linear Feature 6
111  53.59298863  014.88910686 24
111  53.59280813  014.88903865 24
115  53.59251553  014.88855714
120 Linear Feature 5
111  53.59258899  014.88882554 24
111  53.59277960  014.88913248 24
111  53.59280619  014.88923302 24
115  53.59284772  014.88939060
120 Linear Feature 21
111  53.58821641  014.90033396 10
112  53.58803355  014.90023817  53.58793404  014.90025457 10
115  53.58787329  014.90036935
120 Linear Feature 20
111  53.58819451  014.89974480 10
112  53.58813469  014.90004975  53.58814388  014.90023653 10
115  53.58821641  014.90033396
120 Linear Feature 19
111  53.58784959  014.89979932 10
112  53.58802577  014.89989286  53.58811879  014.89988466 10
115  53.58819451  014.89974480
120 Linear Feature 18
111  53.58784959  014.89979932 10
112  53.58792701  014.90007490  53.58793567  014.90022979 10
115  53.58787329  014.90036935
120 Linear Feature 17
111  53.58740785  014.89706560 10
111  53.58702676  014.89780975 10
112  53.58695134  014.89825485  53.58696887  014.89849975 10
115  53.58705944  014.89864662
120 Linear Feature 14
112  53.59136941  014.89503761  53.59139023  014.89506711 10
116  53.59148371  014.89511641  53.59157475  014.89514396
120 Linear Feature 14
112  53.59223059  014.89615814  53.59233729  014.89618211 10
111  53.59245383  014.89593585 10
111  53.59264939  014.89553904 10
112  53.59241497  014.89550628  53.59231950  014.89572042 10
111  53.59236389  014.89588611 10
116  53.59220288  014.89606180  53.59209432  014.89608227
120 Linear Feature 14
112  53.59187908  014.89564125  53.59198551  014.89566522 10
111  53.59210217  014.89541853 10
111  53.59229725  014.89502172 10
112  53.59206341  014.89498897  53.59196818  014.89520310 10
111  53.59200833  014.89537222 10
116  53.59184191  014.89554032  53.59173361  014.89556079
120 Linear Feature 14
112  53.59152348  014.89512743  53.59163002  014.89515140 10
111  53.59174638  014.89490514 10
111  53.59194167  014.89450833 10
112  53.59170758  014.89447558  53.59161226  014.89468971 10
111  53.59165556  014.89485833 10
116  53.59149446  014.89500251  53.59138605  014.89502298
120 Linear Feature 14
112  53.59172951  014.89556306  53.59174937  014.89559094 10
116  53.59184045  014.89563594  53.59193105  014.89566471
120 Linear Feature 13
111  53.59181440  014.89568739 10
111  53.59208916  014.89608429 10
116  53.59219475  014.89615222  53.59227747  014.89617246
120 Linear Feature 12
111  53.59197745  014.89301226 10
112  53.59189399  014.89272994  53.59188880  014.89257796 10
115  53.59194959  014.89244152
120 Linear Feature 11
111  53.59155831  014.89320435 10
112  53.59178766  014.89291857  53.59188241  014.89292295 10
116  53.59197745  014.89301226  53.59201055  014.89307131
120 Linear Feature 10
111  53.59214149  014.89206887 10
112  53.59231018  014.89192681  53.59241921  014.89191697
111  53.59231018  014.89192681
112  53.59231018  014.89192681  53.59231130  014.89192671 10
116  53.59231425  014.89192667  53.59231535  014.89192659
120 Linear Feature 10
112  53.59235347  014.89192821  53.59243341  014.89194097 10
115  53.59247561  014.89200572
120 Linear Feature 9
111  53.59246144  014.89144818 10
116  53.59240483  014.89170524  53.59240425  014.89184791
120 Linear Feature 9
112  53.59240749  014.89177059  53.59242453  014.89192393 10
111  53.59247561  014.89200572 10
111  53.59309785  014.89291109 10
112  53.59302889  014.89309407  53.59295426  014.89323512 10
112  53.59267106  014.89311527  53.59255035  014.89296547 10
111  53.59252222  014.89266944 10
115  53.59242801  014.89252445
120 Linear Feature 7
112  53.59145621  014.89217635  53.59155829  014.89230460 10
116  53.59186412  014.89281692  53.59198408  014.89302105
120 Linear Feature 7
112  53.59189166  014.89286431  53.59194297  014.89295217 10
111  53.59197745  014.89301226 10
111  53.59258333  014.89414167 10
112  53.59245051  014.89427242  53.59238128  014.89426148 10
111  53.59233586  014.89419223 10
112  53.59229043  014.89403095  53.59228448  014.89394348 10
111  53.59229167  014.89380278 10
115  53.59219188  014.89361169
120 Linear Feature 5
111  53.59140437  014.89796489 10
111  53.59181492  014.89716453 10
112  53.59184920  014.89695283  53.59184545  014.89682248 10
111  53.59178813  014.89673779 10
112  53.59166266  014.89663756  53.59158079  014.89662428 10
115  53.59150195  014.89672069
120 Linear Feature 11
111  53.59145621  014.89217635 10 101
112  53.59165142  014.89270669  53.59166326  014.89302078 10 101
115  53.59155831  014.89320435
120 Linear Feature 10
112  53.58996072  014.89210383  53.59003582  014.89196043 10 101
112  53.59036611  014.89132383  53.59051072  014.89105393
111  53.59036611  014.89132383
112  53.59036611  014.89132383  53.59041452  014.89122709 10 101
116  53.59084524  014.89128332  53.59105353  014.89153765
120 Linear Feature 2
111  53.58026680  014.91579277 10
112  53.58018942  014.91553245  53.58017102  014.91534520 10
115  53.58025274  014.91521027
120 Linear Feature 6
111  53.59110042  014.89409365 10
112  53.59104065  014.89438750  53.59104606  014.89455151 10
115  53.59111432  014.89466479
120 Linear Feature 16
111  53.58739357  014.89913511 10
111  53.58705944  014.89864662 10
112  53.58679625  014.89852729  53.58665046  014.89855248 10
111  53.58656507  014.89870762 10
115  53.58617945  014.89945298
120 Linear Feature 15
111  53.58916444  014.90126502 10
112  53.58901331  014.90133942  53.58892272  014.90133183 10
111  53.58888496  014.90130057 10
111  53.58821641  014.90033396 10
111  53.58784959  014.89979932 10
115  53.58740861  014.89915644
120 Linear Feature 24
111  53.58656568  014.90291314 10
112  53.58651590  014.90321870  53.58653212  014.90337613 10
115  53.58658326  014.90345769
120 Linear Feature 8
112  53.59206771  014.89221208  53.59181414  014.89256913 10 101
112  53.59145621  014.89217635  53.59127867  014.89191873
111  53.59145621  014.89217635 10 101
111  53.59084524  014.89128332
112  53.59084524  014.89128332  53.59068460  014.89091025 10 101
112  53.59087328  014.89031933  53.59105513  014.88994939
111  53.59087328  014.89031933 10 101
111  53.59164897  014.88881062
112  53.59164897  014.88881062  53.59175673  014.88855709 10 101
112  53.59207791  014.88843621  53.59225022  014.88846835
111  53.59207791  014.88843621
112  53.59207791  014.88843621  53.59224280  014.88846697 10 101
112  53.59247241  014.88915157  53.59251205  014.88963681
111  53.59247241  014.88915157 10 101
111  53.59265956  014.89054601
112  53.59265956  014.89054601  53.59267717  014.89072102 10 101
112  53.59255485  014.89126710  53.59241400  014.89154594
111  53.59255485  014.89126710 10 101
112  53.59246144  014.89144818  53.59240361  014.89156031
111  53.59246144  014.89144818
112  53.59246144  014.89144818  53.59243634  014.89149684 10 101
112  53.59237465  014.89161648  53.59234225  014.89167931
111  53.59237465  014.89161648
112  53.59237465  014.89161648  53.59233618  014.89169110 10 101
112  53.59224791  014.89186233  53.59220250  014.89195044
111  53.59224791  014.89186233
112  53.59224791  014.89186233  53.59221363  014.89192884 10 101
112  53.59214149  014.89206887  53.59210508  014.89213954
111  53.59214149  014.89206887
112  53.59214149  014.89206887  53.59211712  014.89211617 10 101
112  53.59206771  014.89221208  53.59204298  014.89226011
111  53.59206771  014.89221208
112  53.59206771  014.89221208  53.59202819  014.89228883 10 101
112  53.59194959  014.89244152  53.59191068  014.89251711
111  53.59194959  014.89244152
112  53.59194959  014.89244152  53.59177293  014.89278475 10 101
112  53.59155831  014.89320435  53.59150405  014.89331177
111  53.59155831  014.89320435 10 101
112  53.59110042  014.89409365  53.59088663  014.89450914
111  53.59110042  014.89409365
112  53.59110042  014.89409365  53.59095182  014.89438246 10 101
112  53.59079071  014.89469685  53.59076356  014.89475060
111  53.59079071  014.89469685 10 101
112  53.58819451  014.89974480  53.58816735  014.89979855
111  53.58819451  014.89974480 10 101
112  53.58787329  014.90036935  53.58784614  014.90042311
111  53.58787329  014.90036935 10 101
112  53.58656568  014.90291314  53.58609787  014.90382344
111  53.58656568  014.90291314
112  53.58656568  014.90291314  53.58639063  014.90325376 10 101
112  53.58626027  014.90350776  53.58625288  014.90352240
111  53.58626027  014.90350776 10 101
111  53.58025274  014.91521027 10 101
111  53.57991526  014.91584591 10 101
111  53.57901049  014.91757759
112  53.57901049  014.91757759  53.57885582  014.91791624 10 101
112  53.57836943  014.91770654  53.57812712  014.91735054
111  53.57836943  014.91770654 10 101
111  53.57782512  014.91690775
112  53.57782512  014.91690775  53.57756007  014.91652284 10 101
112  53.57770620  014.91593332  53.57779943  014.91574427 10 101
115  53.57808843  014.91518400
120 Linear Feature 4
111  53.59108759  014.89752624 10
112  53.59123995  014.89744199  53.59131883  014.89745110 10
111  53.59136160  014.89752340 10
112  53.59143076  014.89771538  53.59144923  014.89784902 10
111  53.59140437  014.89796489 10
111  53.59128757  014.89819079 10
112  53.59122414  014.89826320  53.59118921  014.89829294 10
111  53.59114449  014.89830426 10
111  53.59072367  014.89837076 10
112  53.59067883  014.89838307  53.59066307  014.89839283 10
115  53.59062941  014.89841700
120 Linear Feature 3
111  53.57991451  014.91584446 10
112  53.58009363  014.91570017  53.58019228  014.91569361 10
111  53.58026691  014.91579308 10
111  53.58084026  014.91662859 10
112  53.58109545  014.91674189  53.58123251  014.91670123 10
111  53.58130794  014.91653869 10
111  53.58735204  014.90478846 10
111  53.58744358  014.90461051 10
111  53.58890646  014.90176655 10
111  53.58916444  014.90126502 10
111  53.59062941  014.89841700 10
111  53.59108759  014.89752624 10
111  53.59150195  014.89672069 10
111  53.59182484  014.89609298 10
112  53.59186787  014.89589108  53.59186380  014.89576980 10
112  53.59181440  014.89568739  53.59180564  014.89567210 10
111  53.59172951  014.89556306 10
111  53.59136941  014.89503761 10
111  53.59111432  014.89466479 10
112  53.59094027  014.89458322  53.59083962  014.89459840 10
115  53.59079071  014.89469685
120 Linear Feature 28
111  53.58744352  014.89906288 12
115  53.58735657  014.89923361
120 Linear Feature 27
111  53.57821672  014.91486849 10
111  53.57777735  014.91572435 10
111  53.57734928  014.91605358 10
112  53.57734916  014.91628067  53.57737019  014.91640528 10
111  53.57743495  014.91647987 10
112  53.57772465  014.91643789  53.57784926  014.91622278 10
111  53.57776515  014.91597488 10
115  53.57788041  014.91568500
120 Linear Feature 26
111  53.58744879  014.90477145 10
112  53.58740232  014.90475229  53.58737696  014.90475320 10
115  53.58735204  014.90478846
120 Linear Feature 25
111  53.58744358  014.90461051 10
112  53.58742877  014.90469782  53.58743203  014.90474237 10
115  53.58744879  014.90477145
120 Linear Feature 23
112  53.58795974  014.90577366  53.58799617  014.90565821 10
112  53.58796068  014.90552788  53.58795077  014.90547955 10
111  53.58791607  014.90542967 10
111  53.58744879  014.90477145 10
111  53.58658326  014.90345769 10
112  53.58644013  014.90338253  53.58634928  014.90337050 10
115  53.58626027  014.90350776
120 Linear Feature 22
111  53.58888496  014.90130057 10
112  53.58892898  014.90148783  53.58894025  014.90161615 10
115  53.58890646  014.90176655
120 Linear Feature 31
111  53.57789126  014.91638299 19
115  53.57787467  014.91638275
120 Linear Feature 30
111  53.57790242  014.91651661 19
115  53.57787300  014.91652530
120 Linear Feature 29
111  53.57794051  014.91663542 19
115  53.57790094  014.91666824
120 Linear Feature 28
111  53.57800030  014.91673524 19
115  53.57795724  014.91680921
120 Linear Feature 27
111  53.57851062  014.91745301 19
115  53.57847451  014.91754923
120 Linear Feature 26
111  53.57861074  014.91751857 19
115  53.57860127  014.91764343
120 Linear Feature 25
111  53.57871726  014.91764397 19
115  53.57869814  014.91751386
120 Linear Feature 24
111  53.57814907  014.91715026 12
115  53.57800617  014.91741749
120 Linear Feature 23
111  53.58046681  014.91586547 8
115  53.58031097  014.91616018
120 Linear Feature 22
111  53.57999935  014.91602240 8
115  53.57981897  014.91576093
120 Linear Feature 21
111  53.58035847  014.91532044 8
115  53.58018111  014.91505806
120 Linear Feature 20
111  53.58636631  014.90356876 8
115  53.58621022  014.90333816
120 Linear Feature 19
111  53.58874495  014.90223900 8
115  53.58865321  014.90210366
120 Linear Feature 19
111  53.58662049  014.90307162 8
115  53.58646441  014.90283799
120 Linear Feature 18
111  53.58676761  014.90361324 8
115  53.58669759  014.90374944
120 Linear Feature 17
111  53.58839275  014.90045174 8
115  53.58830881  014.90061910
120 Linear Feature 16
111  53.58774506  014.89950618 8
115  53.58765963  014.89967143
120 Linear Feature 15
111  53.58826319  014.89987839 8
115  53.58810629  014.89965068
120 Linear Feature 14
111  53.58795475  014.90048302 8
115  53.58779517  014.90025297
120 Linear Feature 13
111  53.59158124  014.89205498 2
115  53.59140310  014.89239665
120 Linear Feature 68
111  53.59136662  014.89250017 19
115  53.59141265  014.89241875
120 Linear Feature 67
111  53.59162740  014.89197858 19
115  53.59159203  014.89206010
120 Linear Feature 66
111  53.59172403  014.89203462 19
115  53.59171274  014.89215635
120 Linear Feature 65
111  53.59180278  014.89202271 19
115  53.59181781  014.89216518
120 Linear Feature 64
111  53.59196448  014.89205277 19
115  53.59190892  014.89192488
120 Linear Feature 63
111  53.59188468  014.88901476 19
115  53.59190024  014.88906052
120 Linear Feature 62
111  53.59195348  014.88893953 19
115  53.59197487  014.88902237
120 Linear Feature 61
111  53.59203396  014.88890121 19
115  53.59204786  014.88900472
120 Linear Feature 60
111  53.59212633  014.88889694 19
115  53.59211696  014.88901563
120 Linear Feature 59
111  53.59221654  014.88893903 19
115  53.59217954  014.88905231
120 Linear Feature 58
111  53.59224223  014.88911910 19
115  53.59229050  014.88902848
120 Linear Feature 57
111  53.59234488  014.88914999 19
115  53.59228426  014.88920860
120 Linear Feature 56
111  53.59238437  014.88931367 19
115  53.59232480  014.88934472
120 Linear Feature 55
111  53.59249987  014.89097688 19
115  53.59242667  014.89088494
120 Linear Feature 54
111  53.59254090  014.89085910 19
115  53.59245941  014.89080963
120 Linear Feature 53
111  53.59255317  014.89055945 19
115  53.59248832  014.89057857
120 Linear Feature 52
111  53.59255874  014.89071561 19
115  53.59248239  014.89070770
120 Linear Feature 50
111  53.58822334  014.90020671 3
112  53.58820423  014.90011801  53.58819937  014.90007883 3
111  53.58819666  014.90000776 3
111  53.58826319  014.89987839 3
111  53.59086177  014.89482683 3
111  53.59090196  014.89474710 3
112  53.59095491  014.89474394  53.59098433  014.89474605 3
111  53.59102026  014.89478191 3
115  53.59111177  014.89489969
120 Linear Feature 49
111  53.58667053  014.90346984 3 102
112  53.58659996  014.90335815  53.58657788  014.90330424 3 102
111  53.58657470  014.90316608 3 102
111  53.58662049  014.90307162 3
111  53.58795475  014.90048302 3
111  53.58802360  014.90035034 3
112  53.58808147  014.90034670  53.58811554  014.90035125 3
115  53.58813929  014.90037014
120 Linear Feature 48
111  53.58046606  014.91586476 3
111  53.58032520  014.91566058 3
111  53.58027883  014.91549413 3
111  53.58035847  014.91532044 3
111  53.58636631  014.90356876 3
111  53.58641066  014.90348221 3 102
112  53.58653289  014.90350499  53.58655722  014.90353004 3 102
115  53.58660384  014.90360650
120 Linear Feature 47
111  53.57758347  014.91680437 3
111  53.57800617  014.91741749 3
112  53.57835486  014.91792454  53.57842592  014.91800886 3
112  53.57870780  014.91809353  53.57890966  014.91808209 3
112  53.57909966  014.91769733  53.57913924  014.91762350 3
111  53.57999935  014.91602240 3
111  53.58008813  014.91587024 3
111  53.58016133  014.91589254 3
116  53.58030130  014.91615936  53.58031298  014.91622232
120 Linear Feature 46
111  53.58783545  014.89992691 3
111  53.58785805  014.90001964 3
111  53.58786337  014.90012048 3
111  53.58779517  014.90025297 3
111  53.58646441  014.90283799 3
111  53.58621022  014.90333816 3
111  53.58018111  014.91505806 3
111  53.57981897  014.91576093 3
111  53.57939460  014.91658566 3
111  53.57885818  014.91753009 3
112  53.57867881  014.91765360  53.57857339  014.91766304 3
111  53.57850920  014.91759601 3
111  53.57814907  014.91715026 3
111  53.57795420  014.91680752 3
112  53.57787301  014.91653951  53.57785619  014.91638463 3
115  53.57790209  014.91619097
120 Linear Feature 3
111  53.59143527  014.89308057 19
115  53.59136333  014.89298210
120 Linear Feature 2
111  53.59149804  014.89283750 19
115  53.59142351  014.89281067
120 Linear Feature 1
111  53.59142214  014.89265592 19
115  53.59148835  014.89261709
120 Linear Feature 12
111  53.59124954  014.89164428 12
115  53.59111658  014.89190903
120 Linear Feature 11
111  53.59100449  014.89098398 19
115  53.59095996  014.89098142
120 Linear Feature 10
111  53.59101674  014.89109609 19
115  53.59096223  014.89111342
120 Linear Feature 9
111  53.59110134  014.89128293 19
115  53.59105958  014.89136131
120 Linear Feature 8
111  53.59105289  014.89119591 19
115  53.59099895  014.89126440
120 Linear Feature 7
111  53.59069404  014.89158107 19
115  53.59068683  014.89152626
120 Linear Feature 6
111  53.59076238  014.89151845 19
115  53.59075795  014.89159557
120 Linear Feature 5
111  53.59085135  014.89155702 19
115  53.59082604  014.89165082
120 Linear Feature 4
111  53.59092854  014.89164041 19
115  53.59088046  014.89173169
120 Linear Feature 45
111  53.59055960  014.89160105 3
112  53.59075152  014.89151305  53.59085531  014.89151838 3
111  53.59092881  014.89163711 3
111  53.59111658  014.89190903 3
111  53.59141444  014.89241800 3
112  53.59150288  014.89272497  53.59150984  014.89291050 3
111  53.59145288  014.89305032 3
111  53.59098406  014.89397229 3
111  53.59069669  014.89458545 3
111  53.58810629  014.89965068 3
111  53.58804249  014.89977543 3
112  53.58797786  014.89978078  53.58796271  014.89977805 3
115  53.58792145  014.89975754
120 Linear Feature 44
111  53.59132838  014.89461389 58
115  53.59115099  014.89496105
120 Linear Feature 43
111  53.59086177  014.89482683 8
115  53.59069669  014.89458545
120 Linear Feature 42
111  53.59124065  014.89434094 8
115  53.59098406  014.89397229
120 Linear Feature 41
111  53.59170803  014.89343433 8
115  53.59145288  014.89305032
120 Linear Feature 40
111  53.59194337  014.89208198 8
115  53.59220431  014.89246406
120 Linear Feature 39
111  53.59222564  014.89159594 8
115  53.59246966  014.89195165
120 Linear Feature 38
111  53.59268043  014.88990459 8
115  53.59247764  014.88998423
120 Linear Feature 37
111  53.59260668  014.88934307 4
115  53.59240207  014.88942319
120 Linear Feature 36
111  53.59225428  014.88830759 3
111  53.59241991  014.88855546 3
112  53.59250198  014.88873025  53.59254209  014.88884567 3
111  53.59255346  014.88894396 3
111  53.59260668  014.88934307 3
111  53.59268043  014.88990459 3
111  53.59285261  014.89120769 3
115  53.59295274  014.89187534
120 Linear Feature 35
111  53.59098769  014.89075674 3
112  53.59095687  014.89104139  53.59095795  014.89120722 3
112  53.59101224  014.89129594  53.59102139  014.89131008 3
111  53.59124954  014.89164428 3
111  53.59163143  014.89211309 3
112  53.59179775  014.89217224  53.59189380  014.89216568
111  53.59179775  014.89217224
112  53.59179775  014.89217224  53.59186560  014.89216760 3
112  53.59194337  014.89208198  53.59196864  014.89205079
111  53.59194337  014.89208198
112  53.59194337  014.89208198  53.59195387  014.89206902 3
111  53.59196008  014.89206060 3
111  53.59212100  014.89183022 3
111  53.59222564  014.89159594 3
111  53.59250262  014.89097580 3
112  53.59255804  014.89077087  53.59256778  014.89065971 3
111  53.59255412  014.89055204 3
111  53.59247764  014.88998423 3
111  53.59240207  014.88942319 3
111  53.59238146  014.88928433 3
112  53.59217381  014.88890961  53.59201587  014.88883875
111  53.59217381  014.88890961
112  53.59217381  014.88890961  53.59203774  014.88884857 3
112  53.59189979  014.88898556  53.59186808  014.88902284
111  53.59189979  014.88898556
112  53.59189979  014.88898556  53.59188655  014.88900227 3
116  53.59184367  014.88909204  53.59183604  014.88910533
120 Linear Feature 34
111  53.59227426  014.89240912 8
116  53.59216912  014.89233398  53.59211092  014.89231046
120 Linear Feature 34
112  53.59212944  014.89232408  53.59212564  014.89232366 8
112  53.59211688  014.89232256  53.59211306  014.89232252
111  53.59211688  014.89232256
112  53.59211688  014.89232256  53.59203738  014.89232165 8
115  53.59194959  014.89244152
120 Linear Feature 33
111  53.59224791  014.89186233 8
116  53.59220260  014.89215880  53.59221450  014.89230823
120 Linear Feature 33
112  53.59221127  014.89222506  53.59223171  014.89233729 8
111  53.59227426  014.89240912 8
111  53.59295833  014.89340000 8
112  53.59285750  014.89355022  53.59279413  014.89358316
111  53.59285750  014.89355022
112  53.59285750  014.89355022  53.59281620  014.89357169 8
112  53.59271927  014.89349954  53.59267702  014.89344734
111  53.59271927  014.89349954
112  53.59271927  014.89349954  53.59261219  014.89336724 8
111  53.59264444  014.89312778 8
115  53.59251852  014.89295084
120 Linear Feature 32
112  53.59237465  014.89161648  53.59238808  014.89160555 10
116  53.59251571  014.89148283  53.59262260  014.89144056
120 Linear Feature 32
112  53.59255505  014.89147020  53.59256280  014.89146823 10
112  53.59257938  014.89146487  53.59258786  014.89146329
111  53.59257938  014.89146487
112  53.59257938  014.89146487  53.59274254  014.89143456 8
115  53.59281928  014.89176453
120 Linear Feature 31
111  53.59164012  014.88893365 10
111  53.59178614  014.88870404 10
112  53.59205270  014.88857437  53.59214574  014.88834117
111  53.59205270  014.88857437
112  53.59205270  014.88857437  53.59214346  014.88839955 10
112  53.59203166  014.88808295  53.59197836  014.88798427
111  53.59203166  014.88808295
112  53.59203166  014.88808295  53.59192960  014.88789401 10
111  53.59177559  014.88799792 10
111  53.59164009  014.88876156 10
115  53.59123458  014.88955581
120 Linear Feature 30
111  53.59265956  014.89054601 8
115  53.59271991  014.89100640
120 Linear Feature 30
111  53.59272854  014.89107230 8
111  53.59281928  014.89176453 8
111  53.59286082  014.89223791 8
111  53.59326667  014.89280833 8
112  53.59318437  014.89292978  53.59312456  014.89296625
111  53.59318437  014.89292978
112  53.59318437  014.89292978  53.59313769  014.89295825 8
112  53.59302652  014.89287643  53.59298484  014.89281352
111  53.59302652  014.89287643
112  53.59302652  014.89287643  53.59293143  014.89273292 8
111  53.59295278  014.89253333 8
115  53.59284086  014.89238362
120 Linear Feature 29
111  53.59208916  014.89608429 10
112  53.59194730  014.89600613  53.59187564  014.89602056 10
115  53.59182484  014.89609298
120 Linear Feature 13
111  53.57918432  014.91403905 1
115  53.57990075  014.91505600
120 Linear Feature 10
111  53.59332320  014.89595726 20
111  53.59328394  014.89589853 20
112  53.59323141  014.89586760  53.59320134  014.89587068 20
112  53.59317952  014.89592625  53.59316712  014.89594597 20
112  53.59312000  014.89596948  53.59310494  014.89597142 20
112  53.59307582  014.89596108  53.59306362  014.89595431 20
112  53.59302153  014.89591599  53.59300977  014.89590076 20
112  53.59296940  014.89586164  53.59295405  014.89585535 20
112  53.59292625  014.89586121  53.59289799  014.89586604 20
111  53.59286866  014.89591026 20
111  53.59241123  014.89680804 20
115  53.59225598  014.89685262
120 Linear Feature 11
112  53.59274939  014.89469158  53.59275484  014.89469789
111  53.59274939  014.89469158
112  53.59274939  014.89469158  53.59274967  014.89466639 20
111  53.59275039  014.89462871 20
111  53.59272023  014.89467970 20
114  53.59273373  014.89468178  53.59274551  014.89468456 20
120 Linear Feature 11
111  53.59334963  014.89589891 20
112  53.59293316  014.89528628  53.59290414  014.89524061 20
112  53.59281925  014.89493006  53.59278279  014.89474581 20
112  53.59282107  014.89451243  53.59283587  014.89445132 20
115  53.59342617  014.89328870
120 Linear Feature 22
111  53.59275799  014.89456279 22
115  53.59255218  014.89495859
120 Linear Feature 20
112  53.59295286  014.89543018  53.59296054  014.89544791 20
112  53.59295031  014.89549088  53.59294102  014.89551089 20
112  53.59291692  014.89550132  53.59290951  014.89549436 20
112  53.59261597  014.89505643  53.59260754  014.89504432 20
112  53.59260150  014.89498031  53.59259852  014.89494222 20
112  53.59261834  014.89488648  53.59262825  014.89486477 20
111  53.59268058  014.89476488 20
112  53.59272065  014.89473837  53.59274039  014.89474460 20
112  53.59274913  014.89477967  53.59275190  014.89480586
111  53.59274913  014.89477967
112  53.59274913  014.89477967  53.59275177  014.89483612 20
112  53.59277016  014.89495683  53.59278215  014.89501743
111  53.59277016  014.89495683
112  53.59277016  014.89495683  53.59280880  014.89515216 20
112  53.59289864  014.89535129  53.59293260  014.89540474
111  53.59289864  014.89535129
114  53.59289864  014.89535129  53.59290644  014.89536356 20
120 Linear Feature 20
112  53.59302949  014.89554634  53.59308896  014.89563421 20
115  53.59314573  014.89571768
120 Linear Feature 18
112  53.59333024  014.89184665  53.59341881  014.89243455 22
112  53.59349133  014.89291604  53.59349245  014.89292359
111  53.59349133  014.89291604
112  53.59349133  014.89291604  53.59349431  014.89293609 22
112  53.59348521  014.89306354  53.59347522  014.89313571 22
111  53.59340623  014.89325995 22
112  53.59279677  014.89449572  53.59278036  014.89456344
111  53.59279677  014.89449572
112  53.59279677  014.89449572  53.59278116  014.89456013 22
112  53.59279720  014.89494164  53.59283599  014.89513769
111  53.59279720  014.89494164
112  53.59279720  014.89494164  53.59283470  014.89513120 22
112  53.59291596  014.89531980  53.59294734  014.89536920
111  53.59291596  014.89531980
112  53.59291596  014.89531980  53.59294532  014.89536602 22
115  53.59333420  014.89592810
120 Linear Feature 17
111  53.59305537  014.89182993 22
112  53.59292197  014.89177911  53.59283808  014.89179835 22
115  53.59281054  014.89185545
120 Linear Feature 16
111  53.59127111  014.89492928 22
112  53.59280129  014.89195635  53.59281918  014.89192933 22
112  53.59292007  014.89184234  53.59299779  014.89181989 22
112  53.59305677  014.89190324  53.59306373  014.89191276 22
112  53.59323441  014.89216015  53.59324319  014.89217117 22
112  53.59327735  014.89218578  53.59329728  014.89219080 22
115  53.59335581  014.89217138
120 Linear Feature 15
111  53.59181077  014.89395249 22
111  53.59291665  014.89556645 22
112  53.59292986  014.89565817  53.59292565  014.89572207 22
111  53.59288478  014.89579249 22
115  53.59239751  014.89674782
120 Linear Feature 14
111  53.59236010  014.89673095 21
111  53.59285838  014.89575491 21
112  53.59288764  014.89565714  53.59288850  014.89559478 21
111  53.59286406  014.89555440 21
111  53.59187868  014.89411786 21
112  53.59180680  014.89408032  53.59175896  014.89407573 21
111  53.59172495  014.89412558 21
111  53.59123151  014.89508207 21
111  53.59118649  014.89501573 21
111  53.59281054  014.89185545 21
111  53.59292324  014.89163616 21
111  53.59305537  014.89182993 21
111  53.59324419  014.89210683 21
112  53.59331036  014.89212878  53.59333833  014.89209470 21
111  53.59333627  014.89206393 21
115  53.59330564  014.89186088
120 Linear Feature 13
111  53.59338457  014.89322873 21
112  53.59345292  014.89305147  53.59346557  014.89297462 21
111  53.59345954  014.89291779 21
111  53.59337120  014.89231213 21
112  53.59333863  014.89224978  53.59331216  014.89223023 21
112  53.59327129  014.89223281  53.59324452  014.89222779 21
112  53.59321918  014.89220440  53.59319954  014.89218435 21
111  53.59303888  014.89194728 21
112  53.59292675  014.89190133  53.59285865  014.89191629 21
111  53.59282419  014.89198663 21
111  53.59190327  014.89377574 21
112  53.59188119  014.89392326  53.59188863  014.89398716 21
111  53.59191519  014.89403497 21
112  53.59244579  014.89480945  53.59244844  014.89481372 21
112  53.59250815  014.89485642  53.59254914  014.89486838 21
112  53.59258842  014.89482455  53.59260545  014.89479836 21
114  53.59277037  014.89447757  53.59279575  014.89442761 21
120 Linear Feature 12
111  53.59353019  014.89297885 20
115  53.59335769  014.89183618
120 Linear Feature 12
111  53.59285275  014.89120774 20
111  53.59291138  014.89110079 20
111  53.59262578  014.88896344 20
112  53.59263220  014.88895592  53.59263900  014.88896018 20
115  53.59280619  014.88923302
120 Linear Feature 23
111  53.59299687  014.89550366 22
115  53.59296349  014.89557787
120 Linear Feature 8
111  53.59228599  014.89491885 41
111  53.59232053  014.89485560 41
111  53.59268918  014.89538817 41
115  53.59264193  014.89543125
120 Linear Feature 7
111  53.59194806  014.89442288 41
111  53.59199874  014.89438598 41
111  53.59230176  014.89482777 41
115  53.59226947  014.89489102
120 Linear Feature 6
111  53.59269666  014.89427246 41
111  53.59271718  014.89431770 41
111  53.59240615  014.89492122 41
111  53.59200549  014.89433796 41
115  53.59192915  014.89439277
120 Linear Feature 5
111  53.59305065  014.89357792 41
111  53.59307657  014.89361550 41
111  53.59273378  014.89428466 41
115  53.59271265  014.89424094
120 Linear Feature 4
111  53.59334655  014.89300884 41
111  53.59336104  014.89306403 41
111  53.59309356  014.89358457 41
115  53.59306513  014.89354324
120 Linear Feature 3
111  53.59319907  014.89373800 41
111  53.59311284  014.89361261 41
111  53.59339085  014.89307141 41
115  53.59336441  014.89297322
120 Linear Feature 2
111  53.59283055  014.89448856 41
111  53.59274986  014.89431631 41
111  53.59309589  014.89364351 41
115  53.59318310  014.89376995
120 Linear Feature 1
111  53.59289507  014.89520390 41
111  53.59271044  014.89537049 41
111  53.59242513  014.89495198 41
111  53.59273234  014.89435004 41
115  53.59281704  014.89453232
120 Linear Feature 9
111  53.59267792  014.89548304 41
115  53.59292117  014.89526361
120 Linear Feature 13
111  53.59243668  014.89486615 24
115  53.59245490  014.89489170
120 Linear Feature 13
111  53.59241913  014.89490020 24
115  53.59243735  014.89492575
120 Linear Feature 13
111  53.59318443  014.89371963 24
115  53.59317004  014.89374924
120 Linear Feature 13
111  53.59281895  014.89446846 24
115  53.59280171  014.89449587
120 Linear Feature 13
111  53.59281895  014.89446846 24
115  53.59280171  014.89449587
120 Linear Feature 13
111  53.59316325  014.89368803 24
115  53.59314842  014.89371792
120 Linear Feature 13
111  53.59280110  014.89443157 24
115  53.59278385  014.89445898
120 Linear Feature 13
111  53.59244106  014.89485678 24
115  53.59245928  014.89488233
120 Linear Feature 13
111  53.59242376  014.89489055 24
115  53.59244198  014.89491610
120 Linear Feature 13
111  53.59319021  014.89372732 24
115  53.59317529  014.89375700
120 Linear Feature 13
111  53.59282408  014.89447737 24
115  53.59280684  014.89450477
120 Linear Feature 13
111  53.59282408  014.89447737 24
115  53.59280684  014.89450477
120 Linear Feature 13
111  53.59316850  014.89369525 24
115  53.59315371  014.89372561
120 Linear Feature 13
111  53.59280622  014.89444048 24
115  53.59278898  014.89446788
120 Linear Feature 13
111  53.59280622  014.89444048 24
115  53.59278898  014.89446788
120 Linear Feature 13
111  53.59244569  014.89484713 24
115  53.59246391  014.89487268
120 Linear Feature 13
111  53.59242840  014.89488175 24
115  53.59244661  014.89490730
120 Linear Feature 13
111  53.59319538  014.89373492 24
115  53.59318046  014.89376494
120 Linear Feature 13
111  53.59282817  014.89448691 24
115  53.59281093  014.89451431
120 Linear Feature 13
111  53.59282817  014.89448691 24
115  53.59281093  014.89451431
120 Linear Feature 13
111  53.59317391  014.89370312 24
115  53.59315911  014.89373328
120 Linear Feature 13
111  53.59281032  014.89445002 24
115  53.59279307  014.89447742
120 Linear Feature 13
111  53.59281032  014.89445002 24
115  53.59279307  014.89447742
120 Linear Feature 13
111  53.59245032  014.89483834 24
115  53.59246854  014.89486389
120 Linear Feature 13
111  53.59243252  014.89487352 24
115  53.59245074  014.89489907
120 Linear Feature 13
111  53.59317891  014.89371049 24
115  53.59316379  014.89374038
120 Linear Feature 13
111  53.59281445  014.89445845 24
115  53.59279721  014.89448585
120 Linear Feature 13
111  53.59281445  014.89445845 24
115  53.59279721  014.89448585
120 Linear Feature 13
111  53.59245445  014.89483011 24
115  53.59247267  014.89485566
120 Linear Feature 11
111  53.59276808  014.89539910 24
115  53.59273552  014.89535121
120 Linear Feature 11
111  53.59277523  014.89539256 24
115  53.59274268  014.89534467
120 Linear Feature 11
111  53.59278202  014.89538643 24
115  53.59274947  014.89533854
120 Linear Feature 11
111  53.59278942  014.89538092 24
115  53.59275687  014.89533302
120 Linear Feature 11
111  53.59279536  014.89537438 24
115  53.59276281  014.89532648
120 Linear Feature 11
111  53.59280118  014.89536907 24
115  53.59276863  014.89532117
120 Linear Feature 11
111  53.59280713  014.89536355 24
115  53.59277457  014.89531565
120 Linear Feature 11
111  53.59281283  014.89535824 24
115  53.59278027  014.89531034
120 Linear Feature 10
111  53.59285398  014.89524422 24
115  53.59287763  014.89530068
120 Linear Feature 10
111  53.59285929  014.89523854 24
115  53.59288294  014.89529500
120 Linear Feature 10
111  53.59286493  014.89523386 24
115  53.59288858  014.89529032
120 Linear Feature 10
111  53.59287015  014.89522960 24
115  53.59289380  014.89528606
120 Linear Feature 10
111  53.59287672  014.89522364 24
115  53.59290037  014.89528010
120 Linear Feature 10
111  53.59288177  014.89521896 24
115  53.59290542  014.89527542
120 Linear Feature 10
111  53.59288649  014.89521456 24
115  53.59291013  014.89527103
120 Linear Feature 10
111  53.59289103  014.89521031 24
115  53.59291468  014.89526677
120 Linear Feature 1
111  53.59261657  014.89505688 22
115  53.59247877  014.89484896
120 Linear Feature 14
111  53.57950309  014.91434603 12
115  53.57942358  014.91451886
21  53.59062335  014.89207650 2 130.9500 3.00 13  PAPI-4L
21  53.58009673  014.91252865 3 310.9500 3.00 31  PAPI-4R
20  53.57975067  014.91567176 310.7200 0 3 {@L}R{@Y}F{^r,@@,@L}R
20  53.58005160  014.91609810 311.8800 0 3 {@Y}F{^r,@L}R{@@}R
20  53.58011619  014.91497934 131.2200 0 3 {@Y,^l}F{@L}R{@@}R
20  53.58041684  014.91540100 131.3100 0 3 {@L}R{@Y,^l}F{@@,@L}R
20  53.58614853  014.90325324 313.1000 0 3 {@L}R{@Y}G{^r,@@,@L}R
20  53.58642645  014.90366006 311.5700 0 3 {@L}R{@Y}G{^r,@@,@L}R
20  53.58640709  014.90275476 130.4100 0 3 {@Y,^l}G{@L}R{@@}R
20  53.58668128  014.90316308 130.8200 0 3 {@Y,^l}G{@L}R{@@}R
20  53.58773334  014.90016071 310.0500 0 3 {@Y,^l}D{@L}R{@Y}D{^r,@@,@L}R
20  53.58801258  014.90057945 310.4900 0 3 {@Y,^l}D{@L}R{@Y}D{^r,@@,@L}R
20  53.58832725  014.89998567 132.8600 0 3 {@Y,^l}D{@L}R{@Y}D{^r,@@,@L}R
20  53.58803988  014.89955882 130.7500 0 3 {@Y,^l}D{@L}R{@Y}D{^r,@@,@L}R
20  53.59216217  014.89152446 126.6600 0 3 {@Y,^u}R{@L}R{@Y}C{^r,@@,^lu}B{@L}R
20  53.59249226  014.89054456 77.7200 0 3 {@Y,^u}APRON{@L}B{@Y}R{^ru,@@,@L}B
20  53.59151814  014.88987926 130.2700 0 3 {@Y,^l}C{@@}B{^r}
20  53.58766024  014.89745972 130.2700 0 3 {@Y,^l}D
20  53.59023341  014.89248176 309.5500 0 3 {@Y}C{^r}
20  53.58644577  014.89983433 309.5500 0 3 {@Y}D{^r}
20  53.57846270  014.91525355 131.8000 0 3 {@Y,^l}H
20  53.57795412  014.91752976 218.2900 0 3 {@L}H{@R}31{@@,safety,@L}H
20  53.57820060  014.91703595 218.7600 0 3 {@R}31{@L}H{@@}H{safety}
20  53.57963141  014.91425642 218.3300 0 3 {no-entry,@@,no-entry}
20  53.57941340  014.91469995 222.0900 0 3 {no-entry,@@,no-entry}
20  53.58457243  014.90872612 220.3400 0 3 {no-entry,@@,no-entry}
20  53.58440695  014.90906547 219.3600 0 3 {no-entry,@@,no-entry}
20  53.58751574  014.89893076 223.0600 0 3 {@R}13-31{@L}D{@@}D{safety}
20  53.58730442  014.89935358 220.2800 0 3 {@L}D{@R}13-31{@@,safety,@L}D
20  53.59105798  014.89202722 219.9000 0 3 {@L}C{@R}13-31{@@,safety,@L}C
20  53.59130132  014.89154004 218.9800 0 3 {@R}13-31{@L}C{@@}C{safety}
20  53.59234716  014.88944414 258.6200 0 3 {@L}B{@R}13{@@,safety,@L}B
20  53.59266305  014.88932725 257.7700 0 3 {@R}13{@L}B{@@}B{safety}
20  53.58319766  014.90734569 220.9000 0 3 {no-entry,@@,no-entry}
20  53.58341800  014.90692152 223.2400 0 3 {no-entry,@@,no-entry}
20  53.59113413  014.89500341 214.6900 0 2 {@Y,^l}R{^r}
20  53.59093299  014.89492260 308.6600 0 3 {@Y}APRON1,2{@L}R{@@}R
20  53.58886814  014.90101422 41.3800 0 2 {@Y,^l}A1{@L}D{@Y}A2{^r,@@,@L}D
20  53.58873323  014.90133846 39.8900 0 2 {@Y,^l}A1{@L}D{@Y}A2{^r,@@,@L}D
20  53.58665646  014.90384308 220.7400 0 3 {@Y,^l}R{^u}G{@L}D{@Y}R{^r,@@,@L}D
20  53.58827731  014.90070936 220.7400 0 3 {@Y,^l}R{^u}G{@L}D{@Y}R{^r,@@,@L}D
20  53.58680695  014.90352293 220.6500 0 3 {@Y,^l}R{^u}G{@L}D{@Y}R{^r,@@,@L}D
20  53.58842840  014.90038210 220.6500 0 3 {@Y,^l}R{^u}G{@L}D{@Y}R{^r,@@,@L}D
20  53.58761827  014.89975899 39.4700 0 3 {@Y,^l}R{^u}D{@L}D{@Y}R{^r,@@,@L}D
20  53.58777961  014.89942581 41.9100 0 3 {@Y,^l}R{^u}D{@L}D{@Y}R{^r,@@,@L}D
20  53.58759018  014.90515584 39.6400 0 2 {@Y,^u}AIR_RESCUE{@L}G
20  53.58751553  014.90422696 130.4400 0 2 {@Y,^l}G{^u}A2{@L}A2{@Y}G{^r,@@,@L}A2
20  53.58765168  014.90444160 130.8300 0 2 {@Y,^l}G{^u}A2{@L}A2{@Y}G{^r,@@,@L}A2
20  53.58710095  014.90499901 311.8400 0 2 {@Y,^l}G{^u}A1{@L}A2{@Y}G{^r,@@,@L}A2
20  53.58725708  014.90521996 308.9900 0 2 {@Y,^l}G{^u}A1{@L}A2{@Y}G{^r,@@,@L}A2
20  53.58339251  014.91291136 310.0800 0 2 {@Y}A2{^u,@L}A3{@@}A3{@Y}APRON3
20  53.58162188  014.91636338 310.0900 0 2 {@L}A3{@Y}APRON3{@@,@L}A3{@Y}F{^r}
20  53.58028223  014.91617413 55.5800 0 2 {@L}F{@Y}APRON4
20  53.58096903  014.91642104 39.8100 0 2 {@Y,^l}A3{@L}F{@@}F
20  53.58050901  014.91577879 220.1300 0 2 {@Y,^l}R{@L}F{@Y}R{^r,@@,@L}F
20  53.59165880  014.89612237 310.4100 0 2 {@Y}APRON_2{@L}A1{@@,@Y}APRON_GA{@L}A1
20  53.58926676  014.90131937 308.2200 0 2 {@Y}APRON_GA{@L}A1{@@,@Y,^u}A2{@L}A1{@Y}D{^r}
20  53.58861487  014.90207030 311.5900 0 2 {@Y,^l}D{@L}A2{@Y,^u}A1{@@,@L}A2
20  53.58875362  014.90229929 309.3600 0 2 {@Y,^l}D{@L}A2{@Y,^u}A1{@@,@L}A2
20  53.59136291  014.89300518 310.7900 0 3 {@Y,^l}C{@L}R{@@}R
20  53.59162933  014.89194654 36.7000 0 2 {@Y,^l}R{@L}C{@Y}R{^r,@@,@L}C
20  53.59136018  014.89250750 43.5700 0 2 {@Y,^l}R{@L}C{@Y}R{^r,@@,@L}C
14  53.58738550  014.90695748  98.43 0 Tower
1300  53.59194167  014.89450833 -50.42 gate jets|turboprops 1
1301 C airline 
1300  53.59165556  014.89485833 132.00 gate jets|turboprops 1'
1301 C airline 
1300  53.59229722  014.89502222 310.75 gate jets|turboprops 2
1301 C airline 
1300  53.59200833  014.89537222 129.87 gate jets|turboprops 2'
1301 C airline 
1300  53.59265000  014.89553889 310.75 gate jets|turboprops 3
1301 C airline 
1300  53.59236389  014.89588611 129.56 gate jets|turboprops 3'
1301 C airline 
1300  53.59258333  014.89414167  48.24 gate jets|turboprops 4
1301 C airline 
1300  53.59229167  014.89380278 228.36 gate jets|turboprops 4'
1301 C airline 
1300  53.59295833  014.89340000  43.76 gate jets|turboprops 5
1301 C airline 
1300  53.59264444  014.89312778 220.97 gate jets|turboprops 5'
1301 C airline 
1300  53.59326667  014.89280833  43.76 gate jets|turboprops 6
1301 C airline 
1300  53.59295278  014.89253333 220.15 gate jets|turboprops 6'
1301 C airline 
1300  53.59309444  014.89290833  43.76 gate heavy|jets|turboprops 7
1301 D airline 
1300  53.59252222  014.89266944 222.31 gate heavy|jets|turboprops 7'
1301 D airline 
1300  53.58249490  014.91495201 218.43 misc jets|props Apron 3
1301 B none 
1300  53.59063405  014.89903962 218.43 misc jets|props Apron GA
1301 B none 
1300  53.58809241  014.90524414 -225.81 tie_down jets|turboprops|props Air Rescue
1301 B general_aviation 
1300  53.58783609  014.90571359 265.48 tie_down helos Air Rescue Heli
1301 B general_aviation 
19  53.59194835  014.89096700 1 WS
19  53.57786087  014.91869206 1 WS
1054 121250 Szczecin Tower
1050 132125 ATIS
1200 
1201  53.57761979  014.91603856 both 0 _stop
1201  53.59191258  014.88825382 both 1 _start
1201  53.59056024  014.89088075 both 2 _start
1201  53.58676882  014.89820884 both 3 _start
1201  53.58740175  014.89914524 both 4 _start
1201  53.58084613  014.91664415 both 5 F_stop
1201  53.58106217  014.91675627 both 6 F_start
1201  53.57776685  014.91680911 both 7 R_stop
1201  53.57807924  014.91728075 both 8 R_stop
1201  53.57842167  014.91777598 both 9 R_stop
1201  53.57868478  014.91791339 both 10 R_stop
1201  53.57892647  014.91773001 both 11 R_stop
1201  53.58008332  014.91552813 both 12 R_stop
1201  53.58641079  014.90320391 both 13 R_stop
1201  53.58802603  014.90006800 both 14 R_stop
1201  53.59094009  014.89440423 both 15 R_stop
1201  53.59180853  014.89271270 both 16 B_stop
1201  53.59265709  014.89104790 both 17 B_stop
1201  53.59266324  014.89057674 both 18 B_stop
1201  53.59250366  014.88937448 both 19 B_stop
1201  53.59243230  014.88888265 both 20 B_stop
1201  53.59226883  014.88854602 both 21 B_stop
1201  53.59118456  014.89177334 both 22 C_stop
1201  53.59141793  014.89510285 both 23 _stop
1201  53.59222294  014.89627741 both 24 _start
1201  53.59194835  014.89588529 both 25 A1_stop
1201  53.58789885  014.90540614 both 26 G_stop
1201  53.58903173  014.90153008 both 27 A2_stop
1201  53.58740096  014.90469794 both 28 A2_stop
1201  53.58492610  014.90950766 both 29 A3_stop
1201  53.58128535  014.91659041 both 30 A3_stop
1201  53.59386184  014.89261614 both 31 _stop
1201  53.59367499  014.89297512 both 32 _stop
1201  53.59328407  014.89218810 both 33 _stop
1201  53.59337640  014.89216930 both 34 _stop
1201  53.59349003  014.89291119 both 35 _stop
1201  53.59347684  014.89311120 both 36 _stop
1201  53.59348475  014.89299507 both 37 _stop
1201  53.59321812  014.89363428 both 38 _stop
1201  53.59283351  014.89440338 both 39 _stop
1201  53.59277677  014.89452203 both 40 _stop
1201  53.59253712  014.89498967 both 41 _stop
1201  53.59179493  014.89392630 both 42 _stop
1201  53.59211635  014.89327646 both 43 _stop
1201  53.59249037  014.89255031 both 44 _stop
1201  53.59281172  014.89193173 both 45 _stop
1201  53.59292071  014.89182255 both 46 _stop
1201  53.59286129  014.89186618 both 47 _stop
1201  53.59304423  014.89189018 both 48 _stop
1201  53.59298361  014.89183567 both 49 _stop
1201  53.59323658  014.89215847 both 50 _start
1201  53.59140052  014.89467204 both 51 _stop
1201  53.59384358  014.89354832 both 52 _stop
1201  53.59364405  014.89326769 both 53 _stop
1201  53.59296861  014.89578446 both 54 _stop
1201  53.59304330  014.89589368 both 55 _stop
1201  53.59312855  014.89591504 both 56 _stop
1201  53.59318280  014.89584975 both 57 _stop
1201  53.59319055  014.89571917 both 58 _stop
1201  53.59278190  014.89483835 both 59 _stop
1201  53.59282911  014.89508051 both 60 _stop
1201  53.59291718  014.89532149 both 61 _stop
1201  53.59301441  014.89546157 both 62 _stop
1201  53.59202353  014.89686236 both 63 _stop
1201  53.59239609  014.89674913 both 64 _stop
1201  53.59288050  014.89578913 both 65 _stop
1201  53.59293264  014.89566211 both 66 _stop
1201  53.59291502  014.89556477 both 67 _stop
1202 1 2 twoway runway 13/31
1204 departure 13,31
1204 arrival 13,31
1204 ils 13,31
1202 2 3 twoway runway 13/31
1204 departure 13,31
1204 arrival 13,31
1204 ils 13,31
1202 3 0 twoway runway 13/31
1204 departure 13,31
1204 arrival 13,31
1204 ils 13,31
1202 5 12 twoway taxiway_C F
1202 6 5 twoway taxiway_C F
1202 7 0 twoway taxiway_D H
1204 departure 13,31
1204 arrival 13,31
1202 8 7 twoway taxiway_D H
1204 departure 13,31
1204 arrival 13,31
1202 9 8 twoway taxiway_D H
1202 10 9 twoway taxiway_D H
1202 11 10 twoway taxiway_D R
1202 12 11 twoway taxiway_D R
1202 13 12 twoway taxiway_D R
1202 14 13 twoway taxiway_D R
1202 15 14 twoway taxiway_D R
1202 16 15 twoway taxiway_D R
1202 17 16 twoway taxiway_D R
1202 18 17 twoway taxiway_D B
1202 19 18 twoway taxiway_D B
1202 20 19 twoway taxiway_D B
1204 departure 13,31
1204 arrival 13,31
1202 21 20 twoway taxiway_D B
1204 departure 13,31
1204 arrival 13,31
1202 1 21 twoway taxiway_D B
1204 departure 13,31
1204 arrival 13,31
1202 22 2 twoway taxiway_D C
1204 departure 13,31
1204 arrival 13,31
1202 16 22 twoway taxiway_D C
1202 23 15 twoway taxiway_C 
1202 25 23 twoway taxiway_C 
1202 24 25 twoway taxiway_C 
1202 27 25 twoway taxiway_C A1
1202 14 27 twoway taxiway_C D
1202 3 4 twoway taxiway_C D
1204 departure 13,31
1204 arrival 13,31
1202 4 14 twoway taxiway_C D
1202 28 26 twoway taxiway_B G
1202 13 28 twoway taxiway_B G
1202 28 27 twoway taxiway_C A2
1202 29 28 twoway taxiway_C A2
1202 30 29 twoway taxiway_C A3
1202 6 30 twoway taxiway_C A3
1206 32 31 twoway  
1206 37 32 twoway  
1206 33 50 twoway  
1206 34 33 twoway  
1206 35 34 twoway  
1206 36 37 twoway  
1206 37 35 twoway  
1206 38 36 twoway  
1206 39 38 twoway  
1206 40 39 twoway  
1206 41 40 twoway  
1206 42 41 twoway  
1206 43 42 twoway  
1206 44 43 twoway  
1206 45 44 twoway  
1206 46 47 twoway  
1206 47 45 twoway  
1206 48 49 twoway  
1206 49 46 twoway  
1206 50 48 twoway  
1206 42 51 twoway  
1206 53 52 twoway  
1206 36 53 twoway  
1206 54 66 oneway  
1206 55 54 oneway  
1206 56 55 oneway  
1206 57 56 oneway  
1206 58 57 oneway  
1206 62 58 oneway  
1206 64 63 twoway  
1206 59 40 twoway  
1206 60 59 twoway  
1206 61 60 twoway  
1206 62 61 twoway  
1206 66 62 twoway  
1206 65 64 twoway  
1206 66 65 twoway  
1206 67 66 twoway  
1206 41 67 twoway  
1400  53.59388319  14.89373002  226.79 food 0 New Service Truck 8
1400  53.59390580  14.89249790 -230.32 crew_limo 0 New Service Truck 10
1400  53.59394385  14.89255061 -233.71 crew_car 0 New Service Truck 9
1400  53.59390667  14.89368253  215.25 food 0 New Service Truck 7
1400  53.59274472  14.89549116  160.64 pushback 0 New Service Truck 6
1400  53.59370757  14.89306653 -226.61 pushback 0 New Service Truck 5
1400  53.59373331  14.89310512 -229.93 pushback 0 New Service Truck 4
1400  53.59370324  14.89348878  217.41 baggage_train 3 New Service Truck 3
1400  53.59368739  14.89352670  220.91 baggage_train 3 New Service Truck 2
1400  53.59318729  14.89353568  129.64 baggage_loader 0 New Service Truck 1
1400  53.59371888  14.89268122  38.05 baggage_loader 0 New Service Truck 17
1400  53.59376487  14.89258064  38.80 baggage_loader 0 New Service Truck 16
1400  53.59374432  14.89263176  34.82 baggage_loader 0 New Service Truck 15
1400  53.59361177  14.89359007  310.20 fuel_jets 0 New Service Truck 14
1400  53.59354767  14.89349774  314.61 fuel_liners 0 New Service Truck 13
1400  53.59357800  14.89353731  314.39 fuel_props 0 New Service Truck 12
1400  53.59370471  14.89276343  42.71 gpu 0 New Service Truck 11
1401  53.59323328  14.89341137  203.96 crew_car New Service Truck Destination 23
1401  53.59285782  14.89391909  217.97 fuel_jets New Service Truck Destination 22
1401  53.59191957  14.89685302  207.26 baggage_loader|baggage_train|pushback New Service Truck Destination 21
1401  53.59194353  14.89660967  268.68 baggage_train|pushback New Service Truck Destination 20
1401  53.59255010  14.89476677  198.43 pushback New Service Truck Destination 19
1401  53.59271802  14.89508206  88.60 baggage_loader New Service Truck Destination 18
99
