3095.7 1780.5 3.9 31 0 23.9 24.1 7.5 0.0 0 1 3 2 2
5255.3 2994.6 -9.6 276 0 13.6 11.9 5.0 0.0 0 0 2 5 5
-1649.7 8611.2 -39.8 105 0 8.6 15.8 7.5 2.5 2 1 3 2 2
6931.9 -7432.8 27.7 184 0 15.3 7.6 5.0 2.5 2 0 2 3 3
6918.9 -7504.0 24.9 6 0 9.9 26.3 7.5 2.5 2 0 3 2 2
6953.7 -7544.3 24.9 92 0 9.4 12.3 5.0 2.5 2 0 2 2 2
6930.8 -7446.8 27.0 184 0 12.8 7.7 5.0 2.5 2 0 2 4 4
6950.8 -7439.2 27.2 275 0 23.2 15.5 12.5 2.5 2 0 5 2 2
-2203.4 -5869.8 -23.1 0 0 10.9 11.0 5.0 2.5 2 1 2 4 4
-1917.5 -6111.9 -37.6 18 0 5.8 16.9 7.5 2.5 2 1 3 2 2
-2153.2 -5851.3 -27.1 95 0 16.5 31.4 12.5 2.5 2 1 5 3 3
-2124.8 -5822.6 -28.3 275 0 10.1 9.5 5.0 2.5 2 0 2 1 1
-1932.8 -6131.6 -37.5 113 0 13.1 10.5 7.5 2.5 2 0 3 2 2
-2105.3 -5836.9 -29.3 273 0 10.3 9.5 7.5 2.5 2 0 3 5 5
-2176.2 -6067.9 -30.9 200 0 12.0 12.7 10.0 0.0 0 1 4 3 3
-1856.7 -6036.9 -37.7 113 0 24.6 29.5 10.0 0.0 0 1 4 1 1
-2125.7 -6081.2 -33.8 21 0 10.7 19.8 2.5 2.5 2 1 1 4 4
-1892.9 -6044.3 -38.2 19 0 10.1 7.7 5.0 2.5 2 0 2 5 5
-2130.0 -6054.0 -32.5 285 0 6.4 10.3 7.5 2.5 2 1 3 5 5
-2084.8 -5850.9 -30.2 276 0 10.8 9.6 7.5 2.5 2 0 3 3 3
-1900.8 -6043.9 -38.2 19 0 14.4 11.0 7.5 2.5 2 0 3 0 0
-2151.1 -6109.6 -33.5 114 0 6.5 9.7 5.0 0.0 0 1 2 1 1
-2066.9 -5885.4 -31.4 92 0 11.3 19.4 5.0 2.5 2 1 2 1 1
-2028.0 -5916.4 -33.2 118 0 8.1 14.1 7.5 2.5 2 1 3 0 0
-1902.0 -6070.0 -38.2 20 0 17.3 11.2 5.0 2.5 2 0 2 1 1
-2030.3 -5886.7 -32.6 299 0 13.4 10.6 2.5 2.5 2 0 1 1 1
-1897.6 -6021.3 -37.9 18 0 9.1 6.9 5.0 2.5 2 0 2 0 0
-1910.0 -6095.5 -37.8 18 0 11.2 11.4 7.5 2.5 2 1 3 3 3
-1857.1 6713.8 -44.0 354 0 12.5 24.2 7.5 2.5 2 1 3 2 2
3068.2 1752.1 5.8 353 0 28.5 10.4 10.0 0.0 0 0 4 1 1
5361.3 6941.3 -28.6 271 0 14.7 29.6 10.0 2.5 2 1 4 5 5
5347.4 7198.7 -29.0 270 0 8.4 12.0 2.5 2.5 2 1 1 3 3
5317.1 6379.0 -23.6 1 0 10.3 7.4 5.0 2.5 2 0 2 3 3
3317.6 -6043.4 34.8 338 0 16.9 17.9 5.0 0.0 0 1 2 0 0
6240.4 -7735.4 11.8 12 0 14.8 10.5 5.0 2.5 2 0 2 3 3
6219.2 -7645.7 12.4 99 0 10.0 6.1 7.5 2.5 2 0 3 0 0
5615.7 -7743.5 14.1 10 0 8.3 8.5 2.5 2.5 2 1 1 3 3
6228.0 -7732.6 12.0 9 0 9.3 17.3 5.0 2.5 2 0 2 2 2
6214.9 -7669.0 12.2 278 0 25.0 20.2 7.5 2.5 2 0 3 5 5
6153.8 -7661.2 13.0 32 0 12.1 41.2 7.5 2.5 2 1 3 4 4
6241.4 -7715.3 11.9 11 0 17.6 7.9 5.0 2.5 2 0 2 3 3
6205.9 -7737.4 12.1 99 0 7.6 12.7 5.0 2.5 4 0 2 3 3
6195.8 -7663.1 12.3 278 0 14.5 50.3 10.0 2.5 2 0 4 3 3
5879.8 -4137.8 34.8 196 0 14.0 9.4 5.0 0.0 0 0 2 0 0
5682.7 -4233.4 33.3 196 0 12.5 13.4 7.5 2.5 2 1 3 5 5
5858.6 -4165.3 34.5 16 0 8.2 11.5 5.0 2.5 2 1 2 1 1
5722.9 -4165.9 32.5 16 0 9.3 6.2 2.5 2.5 2 0 1 0 0
5728.6 -4155.8 32.3 14 0 6.0 10.3 5.0 2.5 2 1 2 2 2
5801.6 -4078.1 34.6 284 0 13.0 11.5 7.5 2.5 2 0 3 0 0
-2204.4 -5947.3 -21.5 13 0 21.6 6.1 5.0 2.5 2 0 2 1 1
-2328.1 -5950.9 -18.6 205 0 19.5 6.5 7.5 2.5 4 0 3 2 2
6293.7 -7459.7 16.0 96 0 7.2 14.9 5.0 2.5 2 1 2 1 1
6309.6 -7415.6 16.9 268 0 4.3 12.0 5.0 2.5 2 1 2 1 1
1695.2 -6431.0 14.3 1 0 5.1 12.5 2.5 2.5 2 0 1 5 5
1710.3 -6246.6 14.2 1 0 14.7 16.1 5.0 2.5 2 1 2 4 4
1695.3 -6415.7 14.3 0 0 9.6 10.5 2.5 2.5 4 0 1 2 2
1686.6 -6172.7 13.0 289 0 10.4 13.8 5.0 2.5 2 0 2 4 4
1664.4 -6310.3 13.7 179 0 12.6 8.2 5.0 2.5 2 0 2 5 5
1741.9 -6269.9 15.5 181 0 3.2 13.2 5.0 2.5 2 1 2 4 4
1704.8 -6218.2 13.9 1 0 9.5 9.5 5.0 2.5 2 0 2 1 1
1648.0 -6427.7 13.3 91 0 11.2 5.2 7.5 2.5 2 0 3 4 4
1735.2 -6377.9 15.7 177 0 11.3 5.4 5.0 2.5 4 0 2 0 0
1696.1 -6227.3 14.0 2 0 6.5 7.4 5.0 2.5 2 0 2 4 4
1705.3 -6196.7 13.7 0 0 10.1 10.1 5.0 2.5 2 1 2 4 4
1688.7 -6227.1 13.8 2 0 6.6 12.0 7.5 2.5 2 0 3 1 1
1655.1 -6396.6 13.5 180 0 10.1 11.1 7.5 2.5 2 0 3 3 3
1735.0 -6308.9 15.8 176 0 11.2 10.2 5.0 2.5 4 0 2 0 0
1738.3 -6219.1 14.7 181 0 10.1 10.6 5.0 2.5 2 0 2 1 1
1671.4 -6193.3 13.2 271 0 8.1 13.5 2.5 2.5 4 0 1 3 3
1731.9 -6414.7 15.4 180 0 13.1 6.0 2.5 2.5 2 0 1 5 5
1665.6 -6245.6 13.7 181 0 14.0 10.2 5.0 2.5 2 0 2 0 0
1784.5 -6227.9 15.3 1 0 6.0 21.0 5.0 2.5 2 0 2 2 2
1784.3 -6254.3 15.9 1 0 5.9 8.6 5.0 0.0 0 1 2 0 0
1731.6 -6251.3 15.0 181 0 9.2 6.0 7.5 0.0 0 0 3 2 2
1786.6 -6184.5 15.1 271 0 9.6 21.9 5.0 2.5 2 1 2 5 5
1765.3 -6265.6 15.8 180 0 12.0 9.1 2.5 2.5 2 0 1 5 5
1650.1 -6367.4 13.2 0 0 7.5 11.2 5.0 0.0 0 1 2 0 0
1759.7 -6201.8 14.8 271 0 9.9 5.5 2.5 2.5 2 0 1 3 3
1655.1 -6388.0 13.5 180 0 7.1 13.2 2.5 2.5 2 0 1 2 2
1794.6 -6228.1 15.7 1 0 6.0 10.1 7.5 2.5 2 0 3 4 4
1733.8 -6289.4 15.6 180 0 10.1 12.8 5.0 2.5 2 1 2 0 0
1665.2 -6193.2 13.1 271 0 4.2 13.5 7.5 2.5 4 0 3 2 2
1740.2 -6349.7 16.0 181 0 13.1 11.0 5.0 2.5 2 0 2 1 1
1743.5 -6181.6 14.3 270 0 10.5 11.1 5.0 2.5 2 1 2 0 0
1738.2 -6229.0 14.9 181 0 9.7 10.6 5.0 2.5 2 0 2 0 0
1739.1 -6251.4 15.2 181 0 7.0 12.9 2.5 2.5 2 1 1 3 3
1678.5 -6334.6 14.2 181 0 9.1 9.2 5.0 2.5 2 1 2 5 5
1699.9 -6291.7 14.4 1 0 5.4 12.3 2.5 2.5 2 1 1 5 5
1733.4 -6330.6 15.7 181 0 9.9 9.9 7.5 2.5 2 1 3 3 3
3821.6 -8266.6 7.4 90 0 9.1 7.4 2.5 2.5 4 0 1 3 3
-2224.9 -5708.2 -22.3 137 0 38.7 21.8 12.5 0.0 0 0 5 5 5
-1865.3 -6413.8 -31.5 14 0 9.1 10.0 2.5 2.5 2 0 1 2 2
-1867.4 -6421.9 -31.6 14 0 7.6 10.0 7.5 2.5 2 0 3 4 4
-1816.4 -6443.8 -30.3 29 0 8.2 14.7 5.0 2.5 2 1 2 5 5
-1865.3 -6448.6 -31.2 195 0 12.3 12.1 2.5 2.5 2 0 1 0 0
-1839.3 -6347.3 -31.5 193 0 15.3 11.1 7.5 2.5 4 0 3 2 2
-1861.5 -6396.1 -31.5 13 0 7.7 13.2 5.0 2.5 2 1 2 0 0
-1771.3 -6356.5 -30.6 115 0 13.4 11.1 5.0 2.5 2 0 2 5 5
-1781.7 -6352.3 -30.8 116 0 6.9 12.7 5.0 2.5 2 1 2 4 4
-1803.0 -6338.0 -31.6 113 0 18.8 11.6 5.0 2.5 2 0 2 3 3
-1852.0 -6725.0 -31.2 188 0 6.0 10.0 2.5 2.5 2 1 1 2 2
-1835.6 -6746.3 -31.0 189 0 9.9 10.7 5.0 2.5 2 1 2 5 5
-1852.8 -6734.0 -31.3 187 0 8.4 10.7 5.0 2.5 2 1 2 5 5
-1889.8 -6532.0 -31.4 4 0 9.2 11.7 5.0 0.0 0 1 2 4 4
-1896.7 -6795.3 -33.3 6 0 10.8 11.3 7.5 2.5 2 1 3 1 1
-1852.8 -6818.2 -32.3 347 0 11.5 11.9 5.0 2.5 2 1 2 1 1
-1833.8 -6781.7 -31.3 189 0 9.6 11.4 2.5 2.5 2 1 1 0 0
-1996.2 -6779.6 -34.9 190 0 10.4 10.0 7.5 2.5 2 0 3 5 5
-1982.4 -6707.2 -33.8 188 0 9.2 9.8 5.0 0.0 0 1 2 2 2
-1981.8 -6656.4 -33.5 186 0 9.4 12.4 7.5 2.5 2 1 3 2 2
-1977.8 -6620.9 -33.4 186 0 18.5 13.3 10.0 2.5 2 0 4 0 0
-2006.9 -6844.9 -36.2 189 0 9.4 10.8 7.5 2.5 2 1 3 5 5
-2010.5 -6739.9 -34.4 11 0 10.6 8.7 2.5 2.5 2 0 1 0 0
-2015.9 -6782.9 -35.6 6 0 11.1 11.3 5.0 2.5 2 1 2 4 4
-2024.9 -6800.6 -36.1 7 0 9.3 9.6 5.0 2.5 2 1 2 4 4
-2007.1 -6868.3 -36.4 190 0 7.6 17.8 2.5 2.5 2 1 1 3 3
-2032.6 -6885.3 -37.6 7 0 9.2 15.5 5.0 2.5 2 1 2 0 0
-2028.6 -6871.4 -37.2 7 0 9.5 9.6 5.0 2.5 2 1 2 3 3
-2011.5 -6931.2 -36.8 190 0 11.6 13.0 2.5 2.5 2 1 1 2 2
-1808.3 -6958.7 -31.9 346 0 9.5 8.0 5.0 2.5 2 0 2 1 1
-1809.2 -6947.9 -32.1 347 0 8.1 9.8 7.5 2.5 2 1 3 1 1
-1832.5 -6873.0 -32.3 340 0 14.5 10.8 2.5 2.5 2 0 1 3 3
-1685.3 -7041.9 -30.4 351 0 6.8 16.9 7.5 2.5 2 1 3 0 0
-1713.6 -7081.9 -30.9 81 0 12.0 11.0 5.0 2.5 2 0 2 0 0
-1735.2 -7048.2 -31.0 171 0 11.0 10.8 5.0 2.5 2 0 2 1 1
-1739.9 -6990.6 -30.9 71 0 9.9 15.9 7.5 2.5 2 1 3 1 1
-1831.1 -7134.2 -33.0 81 0 10.5 11.2 5.0 2.5 2 1 2 3 3
-1769.7 -7079.9 -31.9 349 0 12.5 9.8 7.5 2.5 2 0 3 3 3
-1799.6 -7044.5 -32.2 84 0 13.8 9.6 2.5 2.5 2 0 1 2 2
-1857.8 -7139.6 -33.5 79 0 10.7 10.4 2.5 2.5 2 0 1 5 5
-1839.9 -7213.1 -34.1 78 0 11.3 11.5 5.0 2.5 2 1 2 5 5
-1738.3 -7194.8 -32.4 79 0 14.5 11.3 10.0 2.5 2 0 4 1 1
-1755.5 -7142.9 -32.1 259 0 10.2 11.9 5.0 2.5 2 1 2 0 0
-1994.8 -7170.8 -36.0 268 0 13.0 10.3 10.0 0.0 0 0 4 2 2
-1952.5 -7227.4 -35.8 87 0 12.4 12.3 7.5 2.5 2 0 3 3 3
-1868.9 -7217.7 -34.5 78 0 12.5 11.2 2.5 2.5 2 0 1 3 3
-1879.6 -7417.3 -36.4 322 0 9.0 11.4 7.5 2.5 2 1 3 5 5
-1812.3 -7411.7 -35.8 61 0 14.0 37.1 10.0 2.5 2 1 4 2 2
-1838.7 -7425.4 -36.1 61 0 10.6 36.5 10.0 2.5 2 1 4 5 5
-1586.3 -7282.6 -32.4 76 0 13.9 15.1 2.5 2.5 4 1 1 4 4
-1619.5 -7289.6 -32.8 77 0 15.3 14.5 10.0 2.5 2 0 4 1 1
-1646.4 -7296.1 -33.1 78 0 14.2 14.6 2.5 2.5 4 1 1 2 2
-1787.6 -7271.2 -33.8 77 0 7.2 4.2 5.0 2.5 2 0 2 5 5
-1769.0 -7264.8 -33.5 76 0 13.1 9.5 7.5 2.5 2 0 3 0 0
-1827.5 -7307.2 -34.8 159 0 11.1 12.8 5.0 2.5 2 1 2 2 2
-1751.1 -6410.0 -28.7 209 0 14.4 72.9 12.5 2.5 2 1 5 4 4
-1748.0 -6461.6 -28.0 208 0 21.9 23.8 10.0 2.5 2 1 4 1 1
-1630.6 -6491.4 -26.2 28 0 29.9 47.9 12.5 0.0 0 1 5 3 3
-1991.0 -7066.3 -35.3 89 0 11.0 14.4 7.5 2.5 2 1 3 3 3
-1971.8 -7146.9 -35.3 88 0 10.9 12.1 5.0 2.5 2 1 2 3 3
-1971.5 -7093.4 -35.0 268 0 13.5 14.2 7.5 2.5 2 1 3 3 3
-1945.8 -7093.3 -34.6 267 0 12.9 13.6 7.5 2.5 2 1 3 2 2
-1892.2 -7091.0 -33.8 260 0 11.7 13.3 5.0 2.5 2 1 2 4 4
-1920.0 -7146.9 -34.5 86 0 11.4 11.6 5.0 2.5 2 1 2 4 4
-2015.5 -6949.5 -36.6 190 0 8.0 18.0 2.5 2.5 2 1 1 3 3
-2044.6 -6947.9 -37.7 7 0 9.5 13.8 5.0 2.5 2 1 2 0 0
-2026.3 -6454.5 -35.3 191 0 14.7 13.6 5.0 2.5 2 0 2 3 3
-1999.2 -6483.8 -35.3 9 0 10.1 12.9 7.5 0.0 0 1 3 2 2
-1992.5 -6527.0 -35.4 1 0 11.2 14.2 7.5 2.5 2 1 3 4 4
-1994.9 -6547.0 -35.1 4 0 9.6 10.2 2.5 2.5 2 1 1 1 1
-1977.0 -6421.8 -34.5 103 0 13.0 10.4 5.0 2.5 2 0 2 3 3
-1951.1 -6396.9 -33.7 191 0 11.4 10.4 5.0 2.5 2 0 2 5 5
-1956.5 -6406.1 -33.8 191 0 7.6 11.0 5.0 2.5 2 1 2 3 3
-1930.3 -6446.2 -33.1 196 0 8.4 10.0 5.0 2.5 2 1 2 0 0
-1896.8 -6277.3 -34.2 10 0 8.4 13.1 7.5 2.5 2 1 3 0 0
-1898.8 -6286.2 -34.1 11 0 7.0 18.9 5.0 2.5 2 1 2 4 4
-1869.4 -6316.1 -32.7 288 0 16.1 10.7 5.0 2.5 4 0 2 2 2
-1890.3 -6310.9 -33.1 286 0 11.0 11.5 5.0 2.5 2 1 2 3 3
-1988.3 -6203.7 -36.4 121 0 9.0 9.3 7.5 2.5 2 1 3 5 5
-1768.1 -6203.9 -34.4 91 0 9.5 11.1 2.5 0.0 0 1 1 1 1
-1868.1 -6214.9 -35.4 112 0 9.9 12.6 7.5 2.5 2 1 3 5 5
-1960.9 -5716.3 -15.8 10 0 9.8 11.5 5.0 2.5 2 1 2 5 5
-1964.4 -5742.4 -16.9 9 0 13.1 16.2 2.5 2.5 2 1 1 5 5
-1953.4 -5677.6 -14.2 10 0 9.8 11.5 5.0 2.5 2 1 2 1 1
-1937.5 -5701.3 -13.0 190 0 9.8 11.5 2.5 2.5 2 1 1 3 3
-1927.5 -5677.7 -13.4 280 0 11.5 9.8 2.5 2.5 4 0 1 4 4
-2151.3 -5714.8 -22.3 183 0 9.9 9.9 5.0 2.5 2 1 2 5 5
-2150.5 -5674.8 -20.5 185 0 10.6 9.9 5.0 2.5 2 0 2 5 5
-2111.9 -5654.5 -19.8 274 0 10.0 9.2 5.0 2.5 2 0 2 4 4
-2086.8 -5680.3 -21.4 184 0 9.2 10.0 2.5 2.5 2 1 1 0 0
-2087.6 -5700.2 -22.4 183 0 9.2 10.0 5.0 2.5 2 1 2 2 2
-2150.9 -5779.7 -25.5 96 0 9.7 10.3 5.0 2.5 2 1 2 3 3
-2088.9 -5797.7 -25.0 93 0 11.2 9.2 7.5 2.5 2 0 3 3 3
-2049.1 -5799.8 -22.6 90 0 11.2 9.6 5.0 0.0 0 0 2 0 0
-1957.2 -5787.4 -16.9 79 0 13.3 10.0 5.0 0.0 0 0 2 3 3
-2229.4 -5759.3 -23.8 182 0 12.7 10.2 5.0 2.5 2 0 2 2 2
-2194.5 -5734.3 -22.6 95 0 9.1 13.9 7.5 2.5 4 1 3 1 1
-2085.5 -5661.0 -20.5 184 0 9.4 10.4 5.0 2.5 2 1 2 1 1
-2084.6 -5635.8 -18.8 94 0 12.1 10.9 5.0 2.5 4 0 2 5 5
-2103.1 -5633.7 -18.7 94 0 12.3 10.2 5.0 2.5 2 0 2 2 2
-2122.5 -5632.3 -18.7 94 0 11.1 10.0 5.0 2.5 2 0 2 1 1
-2140.7 -5630.5 -18.7 94 0 12.4 9.8 7.5 2.5 2 0 3 4 4
-2178.2 -5667.0 -20.4 0 0 6.2 21.0 7.5 0.0 0 1 3 3 3
-2182.1 -5642.2 -19.6 2 0 10.9 12.4 7.5 2.5 2 1 3 2 2
-1931.4 -5656.9 -14.0 100 0 11.5 10.7 5.0 2.5 2 0 2 4 4
-1949.7 -5653.0 -14.3 100 0 11.4 10.1 5.0 2.5 4 0 2 0 0
-1968.8 -5649.3 -14.6 100 0 10.9 10.1 5.0 2.5 4 0 2 4 4
-1987.9 -5646.3 -15.2 97 0 11.7 10.0 2.5 2.5 2 0 1 0 0
-2007.3 -5643.5 -16.3 97 0 11.4 9.9 5.0 2.5 2 0 2 0 0
-2026.6 -5641.3 -17.5 96 0 12.2 10.6 5.0 2.5 2 0 2 4 4
-2045.7 -5639.1 -18.6 94 0 11.2 10.3 5.0 2.5 2 0 2 0 0
-2064.3 -5637.5 -19.0 94 0 13.0 10.1 7.5 2.5 2 0 3 4 4
-2135.2 -5598.9 -18.2 274 0 7.0 10.9 5.0 2.5 2 1 2 3 3
-1892.6 -5663.4 -13.5 100 0 12.2 10.6 7.5 2.5 2 0 3 3 3
-1912.4 -5659.7 -13.8 100 0 12.3 10.6 2.5 2.5 2 0 1 0 0
-1965.3 -5564.6 -17.0 98 0 12.5 10.5 5.0 2.5 2 0 2 3 3
-1936.2 -5557.7 -16.5 279 0 11.3 11.9 10.0 2.5 2 1 4 5 5
-1944.8 -5601.1 -15.3 100 0 11.4 12.8 5.0 2.5 2 1 2 5 5
-2003.1 -5591.5 -16.1 98 0 11.0 12.2 5.0 2.5 2 1 2 4 4
-2132.9 -5517.0 -19.2 185 0 9.6 15.5 2.5 2.5 2 1 1 2 2
-2135.1 -5541.7 -19.0 184 0 10.2 15.1 5.0 2.5 4 1 2 2 2
-2054.8 -5541.4 -17.9 279 0 11.5 11.7 5.0 2.5 2 1 2 2 2
-2057.4 -5417.2 -21.9 5 0 24.4 12.9 7.5 2.5 2 0 3 4 4
-2026.8 -5502.3 -19.6 94 0 26.8 14.5 10.0 2.5 2 0 4 0 0
-2128.5 -5454.2 -21.0 185 0 10.0 14.6 7.5 2.5 2 1 3 4 4
-2168.3 -5326.0 -22.7 358 0 11.7 10.7 5.0 2.5 4 0 2 0 0
-2116.9 -5346.6 -22.8 87 0 17.1 13.7 5.0 2.5 2 0 2 0 0
-2127.2 -5430.9 -21.4 94 0 9.8 16.3 5.0 2.5 4 1 2 5 5
-2258.7 -5199.1 -22.7 92 0 10.5 16.8 5.0 2.5 2 1 2 5 5
-2304.9 -4848.8 -20.9 328 0 13.8 13.6 10.0 2.5 2 0 4 3 3
-2251.3 -4874.1 -19.9 58 0 11.4 14.4 5.0 2.5 4 1 2 1 1
-2190.9 -4878.4 -19.1 325 0 14.9 12.6 5.0 2.5 2 0 2 1 1
-2216.1 -5004.0 -21.3 159 0 14.0 14.3 10.0 2.5 2 1 4 3 3
-2122.8 -5054.9 -21.8 104 0 11.9 11.1 7.5 2.5 4 0 3 0 0
-2350.2 -4651.7 -27.9 59 0 17.3 13.4 2.5 2.5 4 0 1 0 0
-2325.6 -4698.3 -26.0 238 0 11.7 15.3 7.5 2.5 2 1 3 3 3
-2394.4 -4883.1 -21.5 232 0 13.3 13.5 5.0 2.5 2 1 2 5 5
-2413.7 -4894.1 -21.5 230 0 12.6 12.0 7.5 2.5 2 0 3 2 2
-2300.7 -4299.4 -37.3 143 0 11.6 9.4 7.5 2.5 2 0 3 2 2
-2296.8 -4389.9 -35.4 164 0 21.1 5.1 7.5 2.5 2 0 3 4 4
-2178.8 -4441.5 -35.8 248 0 10.0 11.2 5.0 2.5 2 1 2 5 5
-2314.3 -6312.4 -33.3 122 0 12.6 6.7 7.5 2.5 2 0 3 3 3
-2339.2 -6237.4 -30.2 221 0 9.6 5.6 5.0 2.5 2 0 2 5 5
-2331.2 -6189.3 -27.7 43 0 16.3 5.3 7.5 2.5 4 0 3 3 3
-2231.4 -6210.5 -32.8 296 0 9.3 8.4 7.5 2.5 2 0 3 4 4
-2265.8 -6228.9 -32.2 27 0 12.0 9.5 5.0 2.5 2 0 2 2 2
-2489.0 -6537.1 -29.7 135 0 9.2 9.5 2.5 2.5 2 1 1 2 2
-2525.4 -6515.5 -29.7 137 0 11.2 9.7 5.0 2.5 2 0 2 1 1
-2499.8 -6401.1 -31.9 226 0 9.9 12.8 2.5 2.5 2 1 1 1 1
-2478.2 -6376.5 -31.7 228 0 18.6 12.1 5.0 2.5 2 0 2 1 1
-2425.2 -6349.4 -32.4 213 0 10.7 11.6 5.0 2.5 2 1 2 0 0
-2265.7 -6636.0 -33.0 168 0 12.7 8.5 5.0 2.5 2 0 2 5 5
-2381.0 -6540.3 -31.5 134 0 11.9 9.3 5.0 2.5 2 0 2 4 4
-2466.0 -6583.1 -26.9 296 0 10.0 8.1 2.5 2.5 2 0 1 2 2
-2460.0 -6565.6 -28.5 138 0 9.7 10.0 7.5 2.5 2 1 3 5 5
-2638.9 -6653.3 -25.5 27 0 10.5 10.8 5.0 2.5 2 1 2 0 0
-2690.4 -6630.4 -25.9 207 0 10.3 11.1 5.0 2.5 2 1 2 3 3
-2669.8 -6577.2 -26.7 207 0 10.2 11.7 7.5 2.5 2 1 3 4 4
-2660.2 -6562.2 -26.8 207 0 10.7 11.3 2.5 2.5 2 1 1 0 0
-2649.9 -6545.6 -26.7 207 0 13.5 11.1 7.5 2.5 2 0 3 0 0
-2786.7 -6974.5 -34.4 5 0 11.3 11.9 5.0 2.5 2 1 2 3 3
-2785.2 -6954.1 -33.9 3 0 10.4 12.4 7.5 2.5 2 1 3 0 0
-2720.0 -6825.2 -28.3 203 0 12.9 6.8 7.5 0.0 0 0 3 0 0
-2724.7 -6853.5 -29.0 190 0 11.2 11.9 2.5 2.5 2 1 1 1 1
-2774.1 -6823.4 -30.5 2 0 11.9 13.1 10.0 2.5 2 1 4 5 5
-2714.4 -6728.9 -26.4 193 0 13.9 7.5 5.0 2.5 2 0 2 3 3
-2731.8 -7134.8 -31.9 181 0 9.9 10.5 5.0 2.5 2 1 2 3 3
-2734.5 -7068.4 -32.3 183 0 11.5 11.2 5.0 2.5 2 0 2 5 5
-4753.7 -7474.2 -12.6 161 0 12.6 11.5 5.0 2.5 4 0 2 3 3
-4758.6 -7456.2 -12.9 162 0 10.2 7.1 5.0 2.5 2 0 2 5 5
-4682.5 -7643.2 -9.6 160 0 8.6 9.1 5.0 2.5 2 1 2 5 5
-4691.7 -7577.7 -10.5 251 0 10.5 11.2 5.0 2.5 2 1 2 4 4
-4959.0 -6912.7 -14.3 160 0 11.1 10.3 7.5 2.5 2 0 3 5 5
-4900.7 -7017.3 -17.0 158 0 12.6 12.7 5.0 2.5 2 1 2 3 3
-4798.5 -7353.6 -13.6 160 0 13.7 11.4 5.0 2.5 2 0 2 2 2
-5137.5 -6559.7 -18.1 251 0 9.4 15.1 2.5 2.5 4 1 1 4 4
-5699.3 -7239.6 -22.6 4 0 15.5 6.6 7.5 0.0 0 0 3 4 4
-5638.4 -7015.8 -23.4 13 0 13.4 10.0 5.0 2.5 4 0 2 2 2
-5624.5 -6786.5 -26.0 177 0 7.5 5.9 7.5 2.5 2 0 3 5 5
-5660.9 -6727.1 -26.3 358 0 9.9 12.4 2.5 2.5 2 1 1 5 5
-5217.5 -6340.0 -22.4 343 0 14.0 8.6 2.5 2.5 4 0 1 5 5
-5790.7 -7777.5 -23.7 95 0 11.6 10.3 5.0 2.5 2 0 2 5 5
-5807.4 -7688.5 -24.2 9 0 11.2 9.1 5.0 2.5 2 0 2 3 3
-5804.3 -7636.0 -25.4 8 0 13.7 10.8 7.5 2.5 2 0 3 2 2
-5725.6 -7569.8 -23.8 87 0 13.9 11.4 10.0 2.5 2 0 4 0 0
-5777.9 -7497.8 -26.1 279 0 12.2 10.7 5.0 2.5 2 0 2 1 1
-5188.3 -6255.6 -26.3 248 0 8.4 11.9 2.5 2.5 2 1 1 1 1
-5088.6 -6534.9 -19.8 158 0 10.3 11.1 7.5 2.5 4 1 3 0 0
-5115.5 -6620.0 -17.8 70 0 8.3 15.3 7.5 2.5 2 1 3 1 1
-4977.3 -4830.8 -26.5 358 0 9.9 12.0 5.0 0.0 0 1 2 0 0
-4967.4 -4825.4 -26.0 265 0 6.4 13.3 5.0 0.0 0 1 2 0 0
-4985.1 -4786.0 -26.7 95 0 10.6 6.1 7.5 0.0 0 0 3 5 5
-5066.2 -4763.8 -28.4 268 0 7.0 14.1 5.0 2.5 2 1 2 1 1
-5138.5 -4746.0 -30.0 266 0 9.9 12.8 5.0 2.5 2 1 2 0 0
-4903.9 -4898.7 -24.4 355 0 7.0 10.4 5.0 2.5 4 1 2 1 1
-4885.6 -4910.5 -23.9 354 0 9.3 10.6 7.5 2.5 2 1 3 3 3
-4912.2 -4849.7 -24.8 85 0 10.8 14.0 7.5 2.5 2 1 3 5 5
-4162.9 -5273.1 -21.2 116 0 9.0 10.3 2.5 2.5 2 1 1 1 1
-4220.4 -5287.6 -20.6 17 0 10.7 14.5 2.5 2.5 2 1 1 5 5
-4360.6 -5206.8 -22.9 283 0 10.1 12.4 2.5 2.5 2 1 1 1 1
-4386.6 -5184.5 -23.2 284 0 11.3 10.0 2.5 2.5 4 0 1 3 3
-4430.1 -5058.8 -24.2 0 0 11.4 12.7 10.0 2.5 2 1 4 5 5
-4679.9 -5023.3 -23.5 284 0 10.0 10.4 5.0 2.5 2 1 2 4 4
-4727.0 -5000.9 -23.2 285 0 9.6 12.0 5.0 2.5 2 1 2 1 1
-4660.7 -4604.5 -26.8 333 0 18.9 12.0 2.5 2.5 2 0 1 0 0
-4614.4 -4645.8 -26.7 176 0 10.1 13.4 5.0 2.5 2 1 2 2 2
-4587.7 -4741.8 -26.9 89 0 5.3 14.9 5.0 2.5 4 1 2 3 3
-4587.0 -4854.5 -26.1 345 0 10.8 13.3 2.5 2.5 2 1 1 1 1
-4500.1 -4897.4 -25.8 269 0 10.0 12.6 7.5 2.5 2 1 3 3 3
-4862.1 -4741.5 -26.0 247 0 10.5 9.6 5.0 2.5 2 0 2 3 3
-4849.8 -4729.4 -26.5 241 0 10.6 12.2 7.5 2.5 2 1 3 0 0
-4799.6 -4665.7 -26.8 257 0 10.2 10.2 5.0 2.5 2 0 2 0 0
-4772.8 -4658.5 -26.8 246 0 14.6 8.7 2.5 2.5 4 0 1 1 1
-4728.1 -4658.3 -26.8 265 0 11.1 10.9 7.5 2.5 2 0 3 1 1
-5038.5 -4778.5 -27.9 291 0 10.7 7.2 5.0 2.5 2 0 2 5 5
-4958.4 -4794.2 -26.0 271 0 10.0 8.7 2.5 2.5 2 0 1 5 5
-4919.9 -4753.0 -26.4 40 0 9.9 9.6 5.0 2.5 4 0 2 3 3
-5413.1 -4665.3 -35.2 91 0 11.2 9.4 7.5 2.5 4 0 3 3 3
-5368.0 -4705.1 -34.0 281 0 11.6 10.4 5.0 2.5 2 0 2 3 3
-5357.4 -4674.1 -33.7 93 0 9.2 10.7 2.5 2.5 2 1 1 0 0
-5307.8 -4685.0 -32.9 91 0 6.8 13.4 5.0 2.5 2 1 2 3 3
-5212.6 -4725.0 -31.6 270 0 10.4 9.6 7.5 2.5 2 0 3 4 4
-5249.7 -4713.2 -32.2 273 0 5.7 11.6 7.5 2.5 2 1 3 1 1
-5101.0 -4755.0 -29.2 274 0 10.9 10.5 7.5 2.5 4 0 3 1 1
-5052.1 -4721.8 -28.4 92 0 6.6 16.1 7.5 2.5 2 1 3 2 2
-4254.9 -4296.3 -30.5 77 0 10.6 9.6 2.5 2.5 2 0 1 4 4
-4287.8 -4324.4 -29.9 78 0 6.3 16.3 2.5 2.5 2 1 1 3 3
-4265.2 -4429.4 -29.1 199 0 11.0 11.6 5.0 2.5 2 1 2 0 0
-4303.3 -4401.1 -29.7 358 0 6.2 11.0 5.0 2.5 2 1 2 2 2
-4331.3 -4516.7 -27.7 88 0 13.4 9.1 5.0 2.5 2 0 2 0 0
-4314.0 -4637.3 -27.8 87 0 12.2 13.2 7.5 2.5 2 1 3 0 0
-4306.3 -4584.5 -27.8 267 0 9.4 10.6 5.0 0.0 0 1 2 5 5
-4269.8 -4584.8 -27.9 199 0 9.9 11.1 5.0 2.5 2 1 2 5 5
-4011.4 -4041.7 -26.0 151 0 13.6 12.9 5.0 2.5 2 0 2 3 3
-3925.7 -4045.8 -24.9 283 0 12.1 13.9 5.0 2.5 2 1 2 3 3
-4098.2 -4157.1 -27.7 61 0 10.6 9.8 5.0 0.0 0 0 2 3 3
-4103.9 -4197.0 -29.1 193 0 10.4 12.3 5.0 0.0 0 1 2 5 5
-3259.4 -3647.1 -13.7 166 0 13.3 11.5 5.0 2.5 2 0 2 4 4
-3222.9 -3647.1 -13.4 349 0 11.0 11.1 5.0 2.5 2 1 2 4 4
-3168.9 -3640.6 -13.9 139 0 9.3 10.2 5.0 2.5 2 1 2 5 5
-3131.0 -3684.1 -14.5 142 0 11.9 10.7 2.5 2.5 2 0 1 4 4
-3216.6 -3592.3 -13.5 143 0 10.7 11.0 10.0 0.0 0 1 4 2 2
-3231.5 -3570.7 -13.5 144 0 11.8 9.6 7.5 2.5 2 0 3 0 0
-3255.3 -3524.7 -13.7 142 0 14.3 10.4 2.5 2.5 2 0 1 3 3
-3311.0 -3516.7 -14.2 326 0 11.7 10.9 7.5 2.5 2 0 3 3 3
-3292.6 -3491.1 -13.7 144 0 13.7 10.6 2.5 2.5 2 0 1 3 3
-3854.2 -3926.3 -23.5 48 0 12.1 11.1 2.5 2.5 2 0 1 4 4
-3138.4 -3362.8 -23.3 141 0 8.6 9.8 5.0 2.5 2 1 2 4 4
-3053.1 -3473.2 -22.3 63 0 6.4 21.2 2.5 2.5 2 1 1 5 5
-3173.9 -3494.6 -15.7 142 0 13.3 11.4 5.0 2.5 4 0 2 4 4
-3511.4 -3278.9 -16.3 257 0 13.2 11.7 5.0 2.5 2 0 2 5 5
-3413.1 -3335.2 -15.0 143 0 23.1 13.9 10.0 2.5 2 0 4 3 3
-3448.0 -3266.2 -15.4 145 0 14.7 10.4 10.0 0.0 0 0 4 1 1
-3125.0 -3299.8 -28.7 323 0 8.4 9.8 5.0 2.5 2 1 2 5 5
6951.2 -7673.0 23.3 15 0 9.2 10.1 7.5 2.5 2 1 3 0 0
6920.9 -7604.2 24.2 105 0 10.2 8.9 5.0 2.5 2 0 2 4 4
6901.4 -7607.6 24.0 292 0 9.0 10.7 7.5 2.5 2 1 3 0 0
6912.2 -7619.8 23.9 290 0 12.0 9.9 5.0 2.5 2 0 2 3 3
6897.0 -7672.9 23.3 277 0 9.9 6.3 7.5 0.0 0 0 3 4 4
6881.1 -7669.3 23.3 276 0 10.2 6.5 5.0 2.5 2 0 2 2 2
6837.7 -7711.9 21.8 197 0 11.4 9.8 7.5 2.5 2 0 3 4 4
6784.4 -7552.3 21.6 89 0 14.7 11.9 5.0 2.5 4 0 2 0 0
6786.7 -7565.7 21.7 266 0 10.1 8.5 5.0 2.5 2 0 2 2 2
6721.6 -7575.3 19.8 279 0 10.2 8.6 7.5 2.5 2 0 3 5 5
6764.4 -7547.5 21.2 102 0 9.3 11.1 7.5 0.0 0 1 3 3 3
6748.5 -7675.2 19.7 196 0 17.8 14.0 10.0 2.5 2 0 4 3 3
6768.1 -7629.0 20.9 198 0 10.4 10.7 5.0 2.5 2 1 2 0 0
6672.7 -7693.7 18.2 205 0 15.8 9.2 5.0 2.5 2 0 2 3 3
6670.8 -7658.8 18.3 25 0 10.2 5.0 5.0 2.5 2 0 2 4 4
6660.5 -7679.9 17.9 27 0 12.2 8.3 5.0 2.5 4 0 2 5 5
6677.9 -7561.9 19.0 284 0 13.3 10.3 5.0 2.5 2 0 2 2 2
6768.5 -7458.3 22.8 22 0 10.3 6.5 5.0 2.5 2 0 2 3 3
6779.1 -7483.8 22.7 197 0 14.5 11.3 2.5 2.5 2 0 1 5 5
6785.1 -7463.9 23.3 196 0 6.3 13.6 7.5 2.5 2 1 3 3 3
6650.9 -7391.1 22.7 112 0 11.6 9.5 7.5 2.5 2 0 3 0 0
6675.2 -7311.2 25.5 294 0 13.6 12.2 5.0 2.5 2 0 2 1 1
6856.8 -7894.1 20.4 276 0 10.3 10.3 2.5 2.5 2 1 1 2 2
6825.0 -7846.2 19.4 90 0 10.9 9.0 5.0 2.5 4 0 2 5 5
6874.4 -7828.1 20.0 90 0 10.5 11.7 5.0 2.5 2 1 2 1 1
6818.3 -7761.7 20.1 288 0 12.0 5.6 5.0 2.5 2 0 2 3 3
6819.8 -7882.6 19.7 279 0 9.4 11.0 5.0 0.0 0 1 2 2 2
6792.3 -7752.5 19.7 28 0 10.6 13.2 2.5 2.5 2 1 1 3 3
6730.9 -7855.0 18.0 21 0 14.2 12.0 7.5 2.5 2 0 3 1 1
6683.3 -7836.4 17.5 201 0 12.4 14.8 5.0 2.5 2 1 2 4 4
6739.1 -7840.7 17.9 18 0 10.0 12.6 5.0 2.5 2 1 2 1 1
6741.1 -7816.4 17.7 292 0 13.1 9.5 5.0 2.5 2 0 2 4 4
6786.2 -7821.4 18.5 195 0 9.0 11.6 7.5 2.5 4 1 3 5 5
6750.6 -7881.8 18.7 205 0 12.4 10.2 5.0 2.5 2 0 2 2 2
6742.8 -7900.1 18.8 201 0 11.0 10.3 7.5 2.5 2 0 3 4 4
6672.0 -7856.9 17.5 203 0 11.4 12.4 2.5 2.5 2 1 1 5 5
6551.0 -7965.5 15.7 201 0 11.7 10.3 5.0 2.5 2 0 2 5 5
6651.2 -8002.7 17.8 25 0 13.9 6.3 5.0 2.5 2 0 2 3 3
6591.8 -7987.7 16.2 24 0 9.9 9.6 7.5 2.5 2 0 3 1 1
6563.0 -7870.7 16.1 23 0 11.1 10.7 5.0 2.5 2 0 2 2 2
6542.9 -7927.3 16.0 20 0 10.7 13.6 2.5 2.5 2 1 1 5 5
6534.0 -7948.5 15.7 19 0 9.8 11.5 7.5 2.5 2 1 3 5 5
6492.1 -7827.7 15.0 199 0 10.4 10.4 5.0 2.5 2 0 2 3 3
6550.9 -7723.6 15.8 110 0 10.1 11.6 2.5 2.5 2 1 1 3 3
6574.2 -7645.4 16.7 198 0 16.2 6.7 7.5 2.5 2 0 3 5 5
6462.4 -7814.1 14.3 19 0 11.9 15.9 7.5 2.5 2 1 3 5 5
6475.4 -7959.7 14.9 197 0 12.4 7.8 7.5 2.5 2 0 3 5 5
6452.5 -7940.0 14.9 196 0 11.3 6.8 7.5 2.5 2 0 3 2 2
6460.0 -7894.6 15.3 200 0 14.9 6.2 5.0 2.5 2 0 2 3 3
6313.1 -8070.6 13.5 346 0 10.2 15.0 2.5 2.5 2 1 1 1 1
6144.8 -8165.4 14.1 108 0 7.8 14.5 7.5 2.5 2 1 3 4 4
6121.4 -8114.3 14.5 285 0 10.8 12.7 5.0 2.5 2 1 2 1 1
6229.8 -7982.5 12.7 72 0 5.7 10.0 5.0 2.5 2 1 2 2 2
6334.6 -7879.1 13.6 17 0 11.0 8.8 5.0 2.5 2 0 2 5 5
6295.6 -7266.2 22.5 204 0 5.1 8.6 5.0 2.5 2 1 2 5 5
6305.1 -7321.9 19.5 298 0 10.0 13.1 5.0 2.5 2 1 2 0 0
6370.5 -7335.0 19.0 119 0 15.5 11.9 5.0 2.5 4 0 2 5 5
6468.4 -7215.2 20.1 208 0 7.4 10.6 5.0 2.5 2 1 2 3 3
6517.5 -6725.7 29.4 199 0 18.6 44.1 17.5 0.0 0 1 7 1 1
6514.9 -6770.1 29.8 197 0 11.0 13.4 2.5 2.5 2 1 1 1 1
6429.5 -8016.0 13.8 199 0 17.8 6.2 2.5 2.5 2 0 1 1 1
6678.8 -8250.5 27.4 10 0 10.7 12.4 2.5 2.5 2 1 1 1 1
6901.6 -7661.1 23.5 100 0 8.1 3.9 7.5 2.5 2 0 3 4 4
6923.5 -7662.1 23.4 9 0 10.2 6.6 2.5 2.5 2 0 1 3 3
6920.8 -7677.0 23.2 290 0 7.8 5.9 7.5 2.5 2 0 3 0 0
6750.0 -7400.1 23.8 303 0 11.1 9.9 7.5 2.5 2 0 3 3 3
6755.3 -7452.9 22.5 23 0 9.9 13.6 5.0 2.5 4 1 2 3 3
6724.8 -7555.7 20.4 95 0 10.2 10.5 2.5 2.5 2 1 1 2 2
6743.1 -7519.4 20.7 14 0 9.1 14.3 7.5 2.5 2 1 3 1 1
6694.9 -7359.9 24.2 294 0 18.2 11.8 5.0 2.5 2 0 2 1 1
6704.8 -7390.1 23.6 293 0 10.7 8.4 7.5 2.5 2 0 3 4 4
-2896.8 -5995.1 -23.9 270 0 7.3 15.5 5.0 2.5 2 1 2 0 0
-3030.8 -6001.4 -23.0 92 0 10.3 11.4 2.5 2.5 2 1 1 0 0
-3013.9 -6019.2 -23.6 257 0 8.2 9.8 7.5 2.5 2 1 3 2 2
-3044.8 -6006.5 -23.1 91 0 10.4 9.5 2.5 2.5 2 0 1 2 2
-3074.8 -6032.9 -23.7 262 0 9.8 12.6 5.0 2.5 2 1 2 2 2
-3107.6 -6013.6 -23.2 85 0 8.0 11.0 5.0 2.5 2 1 2 5 5
-3121.6 -6017.8 -23.2 78 0 10.8 10.4 10.0 2.5 2 0 4 1 1
-3112.7 -6079.4 -24.0 84 0 12.4 8.4 7.5 2.5 2 0 3 1 1
-3143.9 -6052.9 -23.7 261 0 10.7 9.7 5.0 2.5 2 0 2 4 4
-3176.0 -6044.8 -23.6 80 0 11.8 12.0 10.0 2.5 2 1 4 0 0
-3187.3 -6089.7 -24.4 203 0 16.7 6.1 5.0 2.5 2 0 2 0 0
-3234.9 -6059.6 -24.3 357 0 12.4 5.3 7.5 2.5 2 0 3 2 2
-3235.4 -6073.6 -24.5 357 0 12.4 5.3 2.5 2.5 4 0 1 3 3
-3221.6 -6131.2 -25.2 23 0 7.0 11.5 5.0 2.5 2 1 2 0 0
-3220.4 -6215.5 -26.2 184 0 9.9 13.0 5.0 2.5 2 1 2 4 4
-3183.1 -6277.6 -26.3 0 0 14.2 13.6 5.0 2.5 2 0 2 1 1
-3317.3 -6598.3 -30.5 338 0 10.6 11.3 5.0 2.5 2 1 2 0 0
-3351.7 -6606.7 -31.1 158 0 10.6 11.2 7.5 2.5 2 1 3 4 4
-3324.2 -6632.9 -31.4 64 0 8.4 11.0 5.0 2.5 4 1 2 1 1
-3344.1 -6532.2 -30.1 337 0 10.0 11.8 7.5 2.5 2 1 3 3 3
-3341.4 -6504.7 -29.5 336 0 9.2 11.2 5.0 2.5 2 1 2 2 2
-3285.4 -6385.5 -26.2 181 0 11.1 9.8 7.5 2.5 4 0 3 2 2
-3369.2 -6360.9 -28.2 160 0 12.5 12.0 5.0 2.5 2 0 2 2 2
-3381.6 -6321.1 -28.7 158 0 14.1 13.3 7.5 2.5 2 0 3 0 0
-3368.6 -6382.4 -28.1 163 0 7.9 15.2 2.5 2.5 2 1 1 4 4
-3245.9 -6106.0 -25.0 76 0 8.5 14.0 5.0 2.5 2 1 2 2 2
-3182.8 -5990.4 -23.0 284 0 29.5 12.3 7.5 2.5 2 0 3 1 1
-3030.4 -6023.3 -23.6 266 0 10.3 13.6 2.5 2.5 2 1 1 5 5
-2942.0 -6070.9 -24.0 90 0 8.7 25.1 7.5 2.5 4 1 3 4 4
-2924.3 -5995.5 -23.7 272 0 9.5 12.4 7.5 2.5 2 1 3 4 4
-2957.0 -5867.2 -21.4 4 0 11.5 14.9 7.5 2.5 4 1 3 5 5
-2946.4 -5820.7 -21.3 7 0 6.7 8.6 5.0 2.5 2 1 2 0 0
-2691.0 -6026.9 -21.7 272 0 11.0 9.6 2.5 2.5 2 0 1 5 5
-2694.2 -5984.7 -20.6 97 0 9.1 13.1 7.5 2.5 2 1 3 0 0
-2675.2 -5986.3 -20.6 96 0 12.9 14.2 2.5 2.5 2 1 1 3 3
-2643.6 -6028.8 -21.6 273 0 11.8 10.2 10.0 2.5 2 0 4 3 3
-2667.9 -6027.8 -21.6 271 0 10.7 9.0 5.0 2.5 2 0 2 0 0
-2596.2 -6029.3 -21.5 272 0 11.5 10.4 7.5 2.5 2 0 3 0 0
-2617.9 -6028.7 -21.6 272 0 11.4 10.4 2.5 2.5 2 0 1 4 4
-2572.0 -6030.9 -21.2 272 0 11.8 9.6 7.5 2.5 2 0 3 4 4
-2582.1 -5990.6 -20.3 95 0 15.6 11.4 7.5 0.0 0 0 3 0 0
-2480.8 -6035.0 -19.9 271 0 11.0 11.3 7.5 2.5 4 1 3 4 4
6752.3 -6886.3 33.2 134 0 12.0 27.5 12.5 2.5 2 1 5 0 0
6514.4 -7019.0 27.8 324 0 14.0 18.0 7.5 2.5 4 1 3 4 4
6669.1 -6732.8 31.2 10 0 9.6 9.3 7.5 2.5 2 0 3 0 0
6661.9 -6691.8 31.2 285 0 10.6 23.5 7.5 2.5 2 1 3 1 1
-4248.1 -2183.0 -32.2 161 0 11.3 52.9 12.5 2.5 2 1 5 5 5
-4341.1 -1723.3 -31.2 50 0 15.7 35.2 7.5 2.5 4 1 3 0 0
-4453.9 -1718.0 -33.0 49 0 10.7 48.4 12.5 2.5 2 1 5 1 1
-4460.1 -1884.7 -30.2 338 0 17.9 79.1 10.0 2.5 2 1 4 2 2
-4587.8 -1802.0 -29.1 232 0 12.9 71.5 12.5 2.5 2 1 5 1 1
-4158.8 -2205.6 -33.5 72 0 13.9 53.7 10.0 2.5 4 1 4 5 5
-4174.0 -2038.0 -35.2 338 0 12.8 30.4 10.0 2.5 2 1 4 2 2
-4261.0 -1993.3 -35.4 247 0 92.7 17.4 10.0 0.0 0 0 4 5 5
-4249.8 -2146.9 -31.7 160 0 15.3 8.7 5.0 2.5 4 0 2 3 3
-4253.9 -2134.9 -31.9 162 0 10.0 12.8 5.0 0.0 0 1 2 4 4
-4232.7 -2082.1 -33.1 241 0 10.7 21.0 2.5 2.5 2 1 1 3 3
-4219.3 -2028.4 -34.6 67 0 10.2 17.4 5.0 2.5 2 1 2 5 5
-3301.7 -3224.4 -23.1 329 0 21.5 13.2 10.0 2.5 2 0 4 0 0
-3357.4 -3342.9 -14.4 144 0 10.0 22.0 7.5 2.5 2 0 3 1 1
-3328.4 -3318.4 -14.6 320 0 13.4 16.0 2.5 2.5 2 0 1 5 5
-2750.9 -8290.5 -25.5 92 0 8.4 12.1 7.5 2.5 2 1 3 2 2
-2760.8 -8279.8 -25.8 93 0 4.8 8.1 2.5 2.5 2 0 1 2 2
-2766.2 -8281.7 -25.9 93 0 5.9 10.3 2.5 2.5 2 0 1 1 1
-2779.5 -8286.5 -26.1 93 0 10.9 11.9 5.0 2.5 2 1 2 0 0
-2770.9 -8296.6 -25.4 93 0 11.0 4.5 5.0 2.5 2 0 2 1 1
-2782.5 -8319.1 -24.7 271 0 12.5 10.1 7.5 2.5 2 0 3 3 3
-2733.4 -8321.3 -23.7 276 0 11.1 7.3 5.0 2.5 2 0 2 3 3
-2790.9 -8448.6 -21.1 274 0 9.6 9.5 7.5 2.5 2 0 3 0 0
-2791.6 -8458.1 -20.8 274 0 9.6 9.0 7.5 2.5 2 0 3 1 1
-2709.5 -8454.3 -18.5 274 0 10.6 6.7 7.5 2.5 2 0 3 3 3
-2732.5 -8449.1 -19.0 271 0 9.0 10.5 7.5 2.5 2 1 3 2 2
-2761.2 -8549.7 -16.9 271 0 6.8 6.7 7.5 2.5 2 0 3 2 2
-2794.8 -8578.0 -17.5 180 0 10.8 12.5 5.0 2.5 2 1 2 4 4
-2806.9 -8600.6 -17.0 182 0 9.7 10.6 2.5 2.5 2 1 1 1 1
-2788.1 -8533.9 -18.6 274 0 9.0 7.7 7.5 2.5 2 0 3 0 0
-2804.3 -8549.6 -18.8 182 0 9.8 10.9 7.5 2.5 2 1 3 2 2
-2814.1 -8526.7 -19.9 183 0 9.7 10.6 7.5 2.5 2 1 3 2 2
-2779.4 -8487.7 -19.8 92 0 13.5 6.5 7.5 2.5 2 0 3 5 5
-2798.8 -8489.3 -20.6 93 0 10.8 12.0 10.0 2.5 2 1 4 3 3
-2792.7 -8506.2 -19.6 273 0 9.7 11.7 5.0 2.5 2 1 2 2 2
-2790.6 -8354.7 -23.7 184 0 10.1 9.6 7.5 2.5 2 0 3 5 5
-2791.8 -8369.2 -23.2 185 0 8.4 11.2 7.5 2.5 2 1 3 5 5
-2792.8 -8385.5 -22.5 185 0 7.8 9.5 7.5 2.5 2 1 3 1 1
-2789.1 -8410.9 -22.1 93 0 9.7 9.2 7.5 2.5 2 0 3 1 1
-2791.5 -8421.5 -21.9 93 0 8.9 10.8 5.0 2.5 2 0 2 4 4
-2791.6 -8440.9 -21.4 93 0 7.1 9.7 2.5 2.5 2 1 1 3 3
3145.5 2216.3 -6.1 339 0 4.4 5.4 5.0 2.5 2 1 2 1 1
-1473.8 5811.8 -40.0 98 0 7.4 10.4 7.5 2.5 4 1 3 1 1
-1566.7 5732.4 -41.7 14 0 17.3 25.0 10.0 0.0 0 1 4 3 3
40.1 670.7 -13.0 11 0 13.3 12.2 5.0 2.5 2 0 2 3 3
36.9 653.5 -13.1 9 0 11.2 9.4 5.0 0.0 0 0 2 3 3
18.1 637.9 -14.3 2 0 11.0 11.6 5.0 2.5 2 1 2 3 3
21.2 601.9 -14.6 360 0 10.2 12.7 5.0 2.5 4 1 2 4 4
33.1 585.9 -13.8 358 0 12.5 11.9 5.0 2.5 2 0 2 5 5
30.4 569.7 -13.9 349 0 9.9 8.8 5.0 2.5 2 0 2 2 2
54.7 717.5 -11.7 14 0 11.5 6.9 2.5 2.5 2 0 1 0 0
83.7 837.4 -10.9 175 0 21.4 14.9 10.0 2.5 2 0 4 3 3
127.5 793.2 -7.8 90 0 12.2 13.1 2.5 2.5 2 1 1 1 1
210.4 777.5 -1.3 266 0 16.6 16.8 12.5 2.5 4 1 5 0 0
-2657.8 -6413.1 -29.8 275 0 10.6 31.3 7.5 2.5 2 1 3 5 5
-2688.4 -6402.9 -29.3 273 0 10.4 39.3 12.5 2.5 2 1 5 4 4
-2711.6 -6487.8 -27.0 272 0 9.7 14.3 2.5 2.5 2 1 1 0 0
-2605.0 -6502.4 -28.4 299 0 13.9 11.2 7.5 2.5 2 0 3 0 0
-2678.5 -6504.0 -27.5 97 0 6.5 14.5 7.5 2.5 2 1 3 2 2
-2576.3 -6531.7 -27.9 297 0 7.4 8.3 5.0 2.5 2 1 2 2 2
-2532.1 -6436.5 -31.3 227 0 12.3 9.7 5.0 2.5 4 0 2 3 3
-2322.9 -6209.4 -29.6 222 0 11.6 6.8 5.0 2.5 2 0 2 1 1
-2283.8 -6242.7 -32.1 38 0 10.8 10.1 5.0 2.5 4 0 2 3 3
-2251.8 -6209.3 -31.9 305 0 13.0 7.4 7.5 0.0 0 0 3 0 0
-2241.3 -6360.7 -36.3 288 0 13.5 11.9 2.5 0.0 0 0 1 3 3
-2523.6 -6285.2 -28.6 181 0 15.7 11.1 5.0 2.5 2 0 2 0 0
-2359.6 -6184.4 -27.3 210 0 15.0 11.3 7.5 2.5 2 0 3 5 5
-2525.0 -6033.6 -20.6 271 0 9.0 9.9 5.0 2.5 2 1 2 5 5
-2501.4 -6034.9 -20.4 271 0 11.2 11.6 7.5 2.5 2 1 3 1 1
-2547.1 -6033.1 -21.0 273 0 10.3 12.6 10.0 2.5 2 1 4 4 4
-2735.5 -6021.5 -21.7 271 0 15.9 10.6 7.5 2.5 2 0 3 0 0
-2825.9 -6015.7 -22.5 270 0 13.4 11.6 7.5 2.5 2 0 3 5 5
-2893.8 -6021.2 -23.7 270 0 12.0 6.4 7.5 2.5 2 0 3 5 5
-2872.6 -6013.5 -23.4 273 0 11.2 9.9 7.5 2.5 2 0 3 5 5
-2873.8 -6053.6 -22.9 1 0 9.6 12.0 2.5 2.5 2 1 1 4 4
-2964.5 -6040.7 -23.9 270 0 9.7 6.4 7.5 2.5 2 0 3 2 2
-2964.6 -6011.0 -23.5 271 0 6.4 9.9 5.0 2.5 2 1 2 3 3
-3019.5 -5978.3 -22.6 92 0 5.3 8.5 5.0 2.5 2 1 2 3 3
-3082.5 -6012.9 -23.2 87 0 10.8 11.5 7.5 2.5 2 1 3 5 5
-3141.5 -6024.3 -23.2 75 0 10.5 10.4 5.0 0.0 0 0 2 5 5
-3164.0 -6035.6 -23.4 82 0 10.5 11.4 2.5 2.5 2 1 1 4 4
-3276.9 -6121.7 -25.4 77 0 10.7 9.4 7.5 0.0 0 0 3 2 2
-3264.1 -6134.9 -25.6 240 0 12.9 7.1 5.0 0.0 0 0 2 5 5
-3239.0 -6163.3 -25.8 354 0 9.7 11.5 7.5 2.5 2 1 3 5 5
-3227.3 -6194.9 -26.0 185 0 12.3 6.4 7.5 2.5 2 0 3 2 2
-3226.8 -6243.5 -26.7 183 0 12.2 12.5 7.5 2.5 2 1 3 2 2
-3186.7 -6301.7 -26.3 1 0 11.8 12.9 5.0 2.5 2 1 2 0 0
-3225.9 -6338.5 -25.7 271 0 6.2 18.1 2.5 2.5 2 1 1 2 2
-3130.5 -5868.8 -20.8 183 0 11.4 11.2 10.0 2.5 2 0 4 4 4
-3133.2 -5895.2 -21.2 183 0 12.1 17.5 5.0 2.5 2 1 2 4 4
-3060.4 -5860.9 -21.1 97 0 10.7 12.0 5.0 2.5 2 1 2 1 1
-3087.9 -5822.9 -20.7 97 0 8.8 13.0 7.5 2.5 4 1 3 5 5
-3107.4 -5835.2 -20.6 120 0 12.5 11.6 5.0 2.5 2 0 2 3 3
-3195.4 -5771.9 -20.6 96 0 12.3 11.0 2.5 2.5 2 0 1 3 3
-3177.1 -5788.6 -20.4 116 0 10.5 10.2 7.5 2.5 2 0 3 5 5
-3211.5 -5765.1 -20.8 95 0 12.4 10.7 5.0 2.5 2 0 2 1 1
-3234.3 -5746.1 -21.0 186 0 12.6 11.0 7.5 2.5 2 0 3 4 4
-3217.8 -5722.0 -20.8 189 0 8.7 11.1 5.0 2.5 2 1 2 4 4
-3470.6 -5692.2 -22.5 182 0 15.2 8.9 5.0 2.5 2 0 2 4 4
-3537.8 -5672.2 -22.7 93 0 19.0 7.5 5.0 2.5 2 0 2 5 5
-3508.1 -5669.6 -22.7 92 0 11.3 10.9 5.0 2.5 2 0 2 3 3
-3608.8 -5631.7 -23.2 120 0 13.9 14.0 5.0 2.5 2 1 2 5 5
-3658.0 -5582.8 -23.3 300 0 12.4 11.4 5.0 2.5 2 0 2 2 2
-3713.7 -5564.1 -23.2 28 0 10.4 15.5 10.0 2.5 4 1 4 5 5
-3692.5 -5570.8 -23.2 210 0 10.4 11.0 5.0 2.5 2 1 2 3 3
-3701.3 -5521.1 -23.2 109 0 9.8 9.1 5.0 2.5 2 0 2 1 1
-3690.2 -5529.5 -23.3 107 0 6.3 12.0 7.5 2.5 2 1 3 2 2
-3727.5 -5511.7 -22.8 117 0 11.1 8.9 5.0 2.5 2 0 2 0 0
-3760.9 -5527.6 -22.9 295 0 13.0 13.0 5.0 2.5 2 1 2 0 0
-3809.9 -5451.2 -21.7 27 0 12.5 11.7 5.0 2.5 2 0 2 4 4
-3840.5 -5395.3 -21.9 298 0 14.2 8.8 5.0 0.0 0 0 2 2 2
-3860.0 -5431.0 -21.4 116 0 11.1 10.1 7.5 2.5 2 0 3 3 3
-3920.1 -5387.0 -21.3 205 0 13.2 9.9 7.5 2.5 2 0 3 5 5
-4440.6 -5169.5 -24.0 196 0 12.4 9.6 7.5 2.5 2 0 3 5 5
-4407.4 -5095.1 -24.5 308 0 10.0 10.9 7.5 2.5 2 1 3 5 5
-4455.5 -5101.0 -24.2 31 0 11.2 10.1 2.5 2.5 4 0 1 1 1
-4470.5 -5174.9 -24.2 15 0 10.4 12.0 10.0 2.5 2 1 4 4 4
-4514.9 -5015.7 -23.9 178 0 12.1 10.9 7.5 2.5 2 0 3 4 4
-4575.2 -4948.7 -24.3 271 0 11.3 9.9 7.5 2.5 2 0 3 2 2
-4558.3 -5007.0 -23.8 11 0 7.8 12.4 5.0 2.5 2 1 2 1 1
-4617.2 -5111.4 -23.9 106 0 8.5 13.1 5.0 2.5 2 1 2 0 0
-5001.1 -4721.2 -27.3 21 0 6.5 4.9 7.5 2.5 2 0 3 4 4
-4990.0 -4741.2 -26.8 190 0 5.5 16.8 2.5 2.5 2 1 1 4 4
-4949.4 -4777.4 -26.0 61 0 5.7 11.2 5.0 2.5 2 1 2 2 2
-4939.3 -4783.3 -25.6 260 0 6.5 18.6 5.0 2.5 2 1 2 4 4
-4916.6 -4954.9 -24.2 83 0 10.1 11.0 5.0 2.5 2 1 2 2 2
-5135.1 -4725.3 -30.1 94 0 10.1 13.0 10.0 2.5 2 1 4 5 5
-5182.5 -4803.3 -30.5 177 0 10.6 19.3 5.0 2.5 2 1 2 1 1
-5278.7 -4688.6 -32.6 89 0 11.9 10.8 5.0 2.5 2 0 2 0 0
-5313.0 -4746.6 -33.1 190 0 9.0 15.9 7.5 2.5 2 1 3 0 0
-5334.9 -4675.8 -33.2 91 0 10.8 12.9 5.0 2.5 4 1 2 4 4
-5417.2 -4686.7 -35.3 282 0 8.6 16.5 7.5 2.5 2 1 3 4 4
-5410.7 -4611.0 -35.3 274 0 15.6 9.6 2.5 0.0 0 0 1 2 2
-5938.7 -3490.2 -34.7 270 0 10.4 11.2 2.5 0.0 0 1 1 1 1
-5967.8 -3492.3 -34.9 270 0 10.8 11.4 2.5 2.5 2 1 1 2 2
-5995.7 -3492.4 -35.2 271 0 6.2 12.5 2.5 2.5 2 1 1 5 5
-5788.8 -3500.0 -35.1 173 0 5.6 12.2 2.5 2.5 2 1 1 3 3
-5799.0 -3488.3 -35.3 171 0 11.2 6.2 2.5 2.5 4 0 1 4 4
-6314.1 -2805.7 -41.5 251 0 11.7 11.7 2.5 2.5 2 1 1 0 0
-6355.0 -2819.1 -41.6 252 0 11.0 10.0 5.0 2.5 2 0 2 5 5
-6341.6 -2798.1 -41.7 73 0 10.8 10.2 5.0 2.5 2 0 2 0 0
-6387.7 -2813.3 -41.9 68 0 10.9 13.0 5.0 2.5 2 1 2 2 2
-6425.6 -2845.3 -41.9 253 0 9.8 12.7 7.5 2.5 2 1 3 2 2
-6430.3 -2829.4 -42.0 90 0 10.8 12.4 7.5 2.5 4 1 3 5 5
-6409.7 -2780.3 -42.1 254 0 10.5 7.3 5.0 2.5 2 0 2 4 4
-6239.0 -2782.3 -41.3 254 0 8.8 8.3 7.5 2.5 2 0 3 2 2
-6703.0 -2675.4 -42.6 193 0 9.3 10.5 7.5 2.5 2 1 3 0 0
-6659.6 -2627.6 -42.5 173 0 9.0 10.2 7.5 2.5 4 1 3 0 0
-6547.2 -2520.3 -42.8 347 0 11.9 11.6 10.0 2.5 2 0 4 5 5
-6624.0 -2505.7 -42.5 168 0 10.8 11.9 2.5 2.5 2 1 1 0 0
-6538.0 -2462.3 -42.8 347 0 11.0 10.0 7.5 2.5 4 0 3 3 3
-6528.2 -2389.8 -42.7 348 0 9.6 10.9 5.0 2.5 4 1 2 2 2
-6526.3 -2413.1 -42.8 350 0 9.7 10.8 7.5 2.5 2 1 3 4 4
-6567.7 -2400.9 -42.6 168 0 9.3 7.3 5.0 2.5 2 0 2 5 5
-6503.0 -2331.2 -42.0 78 0 10.5 12.2 5.0 2.5 2 1 2 0 0
6744.2 -7295.1 28.2 232 0 17.8 25.2 17.5 0.0 0 1 7 3 3
6934.0 -7405.0 29.6 179 0 8.5 6.1 5.0 2.5 2 0 2 2 2
6934.8 -7410.8 29.4 180 0 3.2 5.4 2.5 2.5 2 0 1 1 1
6933.1 -7399.0 30.0 181 0 3.5 6.2 5.0 2.5 4 0 2 5 5
-6329.5 -2301.5 -41.2 162 0 5.2 10.7 5.0 0.0 0 1 2 4 4
-6313.1 -2305.0 -41.2 171 0 12.4 6.3 5.0 2.5 2 0 2 4 4
-6350.3 -2322.8 -41.5 177 0 11.9 11.9 5.0 2.5 2 0 2 5 5
-6344.6 -2422.6 -42.7 172 0 11.2 12.1 5.0 2.5 2 1 2 5 5
-6305.9 -2370.8 -41.8 350 0 14.0 11.1 5.0 0.0 0 0 2 5 5
-6341.8 -2375.1 -41.9 169 0 11.0 11.0 5.0 2.5 2 1 2 4 4
-6269.6 -2345.3 -41.3 81 0 5.7 11.3 5.0 0.0 0 1 2 4 4
-6215.9 -2318.1 -41.0 256 0 16.1 6.1 2.5 2.5 2 0 1 1 1
-6246.2 -2309.5 -41.1 254 0 12.2 12.0 5.0 2.5 2 0 2 2 2
-6195.9 -2290.3 -41.0 255 0 10.8 19.3 5.0 0.0 0 1 2 2 2
-6198.4 -2201.6 -40.6 76 0 9.7 8.7 2.5 2.5 2 0 1 2 2
-6236.8 -2191.2 -40.4 256 0 7.2 16.1 7.5 2.5 2 1 3 5 5
-6229.5 -2209.8 -40.4 256 0 7.3 11.5 2.5 2.5 2 1 1 5 5
-6277.6 -2453.7 -43.0 162 0 12.5 7.2 5.0 2.5 2 0 2 4 4
-6263.7 -2478.3 -43.3 76 0 8.3 10.7 5.0 0.0 0 1 2 5 5
-6302.0 -2430.5 -42.6 79 0 8.5 13.9 2.5 2.5 2 1 1 1 1
-6286.0 -2534.6 -44.2 253 0 8.5 9.8 5.0 2.5 2 1 2 5 5
-6376.0 -2544.4 -44.0 83 0 13.2 11.0 2.5 2.5 2 0 1 3 3
-6455.1 -2193.6 -40.9 259 0 10.4 13.1 7.5 2.5 2 1 3 4 4
-6525.6 -2209.9 -42.1 255 0 15.0 10.3 7.5 2.5 2 0 3 5 5
-6485.3 -2206.3 -41.5 257 0 14.5 9.9 7.5 2.5 2 0 3 1 1
-6504.9 -2284.8 -41.7 346 0 11.5 12.9 10.0 2.5 2 1 4 0 0
-6642.0 -2564.6 -42.7 188 0 12.4 7.9 7.5 2.5 2 0 3 2 2
-6189.7 -2229.8 -40.7 350 0 21.9 10.9 7.5 2.5 2 0 3 4 4
-6487.6 -1844.1 -40.8 186 0 9.9 6.2 5.0 2.5 2 0 2 4 4
-6483.2 -1821.9 -41.2 186 0 11.8 6.7 7.5 2.5 2 0 3 1 1
-6468.2 -1768.0 -42.2 188 0 10.6 11.2 7.5 2.5 2 1 3 2 2
-6489.1 -1873.3 -40.8 176 0 15.2 10.0 2.5 2.5 2 0 1 3 3
-6484.1 -1688.4 -43.4 2 0 12.1 10.8 7.5 2.5 2 0 3 0 0
-6463.3 -1621.5 -42.6 182 0 10.1 10.2 7.5 2.5 2 1 3 1 1
-6457.4 -1639.8 -42.9 191 0 8.0 15.7 5.0 2.5 2 1 2 5 5
6914.0 -7405.4 28.9 5 0 7.3 7.8 5.0 2.5 2 0 2 3 3
6913.4 -7413.1 28.4 5 0 8.1 7.8 7.5 2.5 2 0 3 3 3
6912.2 -7422.2 27.9 12 0 7.8 8.4 5.0 2.5 4 0 2 0 0
6910.7 -7430.0 27.5 10 0 8.0 8.4 5.0 2.5 2 0 2 0 0
6905.6 -7441.3 27.0 104 0 5.2 8.1 5.0 2.5 2 0 2 0 0
6920.1 -7399.4 29.3 1 0 5.2 13.4 7.5 2.5 2 0 3 3 3
6926.0 -7398.6 29.6 2 0 7.5 5.8 2.5 2.5 2 0 1 1 1
6925.6 -7412.6 28.9 0 0 5.2 4.4 7.5 2.5 2 0 3 3 3
6891.6 -7428.6 27.2 195 0 5.8 10.4 5.0 2.5 2 1 2 1 1
6896.9 -7441.8 26.7 108 0 8.2 7.3 5.0 2.5 2 0 2 3 3
6920.2 -7395.8 29.8 1 0 6.4 5.9 5.0 2.5 2 0 2 0 0
6921.5 -7369.1 31.1 355 0 4.4 8.0 7.5 0.0 0 1 3 2 2
6916.4 -7341.3 32.3 359 0 8.5 12.5 7.5 2.5 2 1 3 5 5
6912.1 -7353.0 31.6 360 0 12.1 6.8 2.5 2.5 2 0 1 4 4
6904.1 -7352.6 31.6 359 0 5.1 4.6 7.5 2.5 2 0 3 3 3
6905.3 -7357.1 31.4 360 0 4.4 4.6 2.5 2.5 2 0 1 4 4
6864.0 -7569.6 23.3 13 0 10.1 9.1 5.0 0.0 0 0 2 4 4
6880.6 -7598.0 23.4 290 0 17.4 11.8 5.0 2.5 2 0 2 4 4
6874.6 -7579.2 23.5 195 0 10.0 6.2 5.0 2.5 2 0 2 3 3
6862.6 -7528.3 23.8 105 0 17.6 7.9 2.5 2.5 2 0 1 2 2
6862.0 -7539.1 23.7 105 0 13.0 10.6 5.0 2.5 2 0 2 4 4
-6192.8 -1438.8 -41.8 271 0 10.2 9.4 5.0 2.5 2 0 2 3 3
-6204.0 -1467.3 -42.0 90 0 6.6 16.4 5.0 2.5 2 1 2 5 5
-6175.7 -1462.8 -41.8 0 0 18.7 8.7 7.5 2.5 2 0 3 3 3
-6194.7 -1552.1 -41.9 98 0 5.8 13.1 7.5 2.5 2 1 3 3 3
-6173.8 -1540.7 -41.9 3 0 10.4 12.8 2.5 2.5 2 1 1 5 5
-6208.4 -1525.2 -41.9 288 0 6.9 13.8 5.0 2.5 2 1 2 3 3
-6218.1 -1544.5 -41.9 192 0 6.0 16.0 5.0 2.5 2 1 2 5 5
-6203.2 -1566.4 -41.9 274 0 7.6 14.7 7.5 2.5 2 1 3 3 3
-6222.1 -1564.8 -41.8 288 0 8.5 13.7 5.0 2.5 2 1 2 1 1
-6235.9 -1615.1 -42.2 191 0 14.1 13.1 7.5 2.5 2 0 3 1 1
-6396.0 -1541.3 -41.3 277 0 6.1 11.6 2.5 2.5 2 1 1 4 4
-6414.8 -1518.0 -41.0 102 0 8.4 8.9 5.0 2.5 2 1 2 1 1
-6401.8 -1521.4 -41.1 102 0 11.5 13.2 7.5 2.5 2 1 3 3 3
-6397.8 -1446.3 -41.5 270 0 8.5 12.5 2.5 0.0 0 1 1 5 5
-6334.7 -1404.4 -42.2 191 0 10.6 10.2 5.0 0.0 0 0 2 3 3
-6332.3 -1427.1 -42.0 282 0 6.2 17.9 5.0 2.5 2 1 2 1 1
-6316.9 -1442.1 -42.0 282 0 7.4 11.4 2.5 2.5 2 1 1 5 5
-6315.2 -1422.2 -42.2 194 0 18.1 10.5 7.5 2.5 2 0 3 4 4
-6363.8 -1366.6 -42.4 190 0 10.9 10.1 2.5 2.5 2 0 1 4 4
-6549.0 -1401.3 -41.5 190 0 18.1 8.6 5.0 2.5 2 0 2 0 0
-6501.6 -1550.0 -41.4 359 0 5.5 16.2 5.0 2.5 2 1 2 5 5
-6533.3 -1529.0 -41.3 269 0 10.0 13.2 7.5 2.5 2 1 3 1 1
-6523.0 -1616.3 -42.7 89 0 8.9 20.0 2.5 2.5 2 1 1 3 3
-6481.5 -1605.6 -42.4 0 0 11.7 11.7 5.0 2.5 2 0 2 3 3
-6530.1 -1829.6 -40.8 273 0 10.7 13.8 5.0 2.5 2 1 2 0 0
-6424.0 -2877.3 -42.0 152 0 11.6 8.4 7.5 2.5 2 0 3 5 5
-6395.3 -2880.1 -41.7 71 0 9.3 10.1 5.0 2.5 2 1 2 1 1
-6338.6 -2869.6 -41.4 250 0 10.8 10.1 7.5 2.5 2 0 3 4 4
-6231.4 -2759.8 -41.5 85 0 6.4 16.0 7.5 2.5 2 1 3 2 2
-6252.8 -2784.6 -41.3 255 0 11.1 11.9 7.5 2.5 4 1 3 0 0
-6223.1 -2776.4 -41.2 255 0 11.3 10.0 2.5 2.5 2 0 1 4 4
-5953.9 -2719.0 -41.3 74 0 9.3 20.5 5.0 2.5 2 1 2 3 3
-5997.0 -2709.8 -41.2 258 0 5.5 13.7 2.5 2.5 2 1 1 0 0
-5992.8 -2700.3 -41.3 178 0 11.2 10.8 5.0 2.5 2 0 2 0 0
-5964.5 -2655.4 -41.7 179 0 9.5 9.1 7.5 2.5 2 0 3 2 2
-5893.3 -2517.8 -42.7 348 0 7.9 13.8 5.0 2.5 4 1 2 4 4
-5905.9 -2540.8 -42.9 76 0 5.2 9.5 7.5 0.0 0 1 3 2 2
-6571.2 -2434.9 -42.6 169 0 11.8 9.1 7.5 2.5 2 0 3 0 0
-6568.4 -2470.4 -42.6 346 0 8.3 7.4 7.5 2.5 4 0 3 4 4
-6651.5 -2644.7 -42.0 80 0 14.4 5.4 5.0 2.5 2 0 2 1 1
-6402.7 -2550.7 -43.8 83 0 10.6 7.5 7.5 2.5 2 0 3 0 0
-6380.8 -2878.7 -41.6 69 0 11.3 6.6 2.5 2.5 2 0 1 2 2
-6465.5 -2829.7 -42.4 102 0 11.2 7.9 7.5 2.5 2 0 3 2 2
-6297.4 -2850.4 -41.3 71 0 12.6 7.4 7.5 0.0 0 0 3 2 2
-6284.8 -2898.0 -41.3 71 0 8.2 6.0 5.0 2.5 2 0 2 2 2
-6264.4 -2838.5 -41.2 71 0 11.3 5.1 5.0 0.0 0 0 2 2 2
-6282.0 -2843.7 -41.2 71 0 10.6 6.6 7.5 2.5 2 0 3 3 3
-6269.9 -2831.2 -41.2 71 0 5.9 8.9 7.5 2.5 2 1 3 0 0
-6250.4 -2833.3 -41.1 71 0 10.4 6.9 7.5 2.5 2 0 3 1 1
-6266.8 -2793.4 -41.3 252 0 9.9 10.6 2.5 2.5 2 1 1 1 1
-6180.6 -2768.6 -41.1 260 0 11.5 9.5 2.5 2.5 2 0 1 4 4
-6128.4 -2776.7 -40.9 83 0 7.3 12.7 5.0 2.5 4 1 2 3 3
-6219.6 -2248.4 -40.6 75 0 6.8 15.7 5.0 0.0 0 1 2 0 0
-6205.5 -2179.8 -40.5 257 0 8.6 8.5 5.0 2.5 2 0 2 2 2
-5991.1 -1383.3 -41.6 340 0 7.6 7.0 7.5 2.5 2 0 3 2 2
-6017.4 -1574.4 -41.9 75 0 9.5 10.6 2.5 2.5 4 1 1 1 1
-6027.4 -1555.5 -41.8 165 0 10.6 9.6 7.5 0.0 0 0 3 1 1
-6007.7 -1533.4 -41.8 253 0 5.3 5.6 7.5 2.5 2 1 3 5 5
-5996.9 -1575.6 -41.8 73 0 9.7 6.1 5.0 2.5 2 0 2 3 3
-5992.7 -1563.9 -41.8 72 0 7.0 10.5 2.5 2.5 2 1 1 0 0
-5988.9 -1744.5 -42.4 75 0 14.4 6.9 5.0 2.5 2 0 2 0 0
-5979.7 -1719.9 -42.4 347 0 14.4 8.2 5.0 2.5 2 0 2 4 4
-5568.2 -1696.4 -41.5 165 0 5.3 7.3 7.5 2.5 2 1 3 2 2
-5531.3 -1721.6 -41.3 344 0 14.4 11.9 7.5 0.0 0 0 3 0 0
-5570.5 -1784.3 -41.1 73 0 8.0 17.6 5.0 2.5 2 1 2 0 0
-5563.7 -1750.2 -41.2 253 0 15.5 8.4 2.5 2.5 2 0 1 3 3
-5555.5 -1790.0 -40.9 75 0 10.6 10.3 5.0 2.5 2 0 2 3 3
-5584.0 -1664.9 -41.7 252 0 5.8 4.2 7.5 0.0 0 0 3 4 4
-5509.1 -2195.1 -40.7 72 0 7.7 12.8 2.5 2.5 4 1 1 2 2
-5526.9 -2179.0 -40.7 160 0 8.5 15.7 7.5 2.5 2 1 3 4 4
-6443.3 -2813.8 -42.1 110 0 7.2 14.4 2.5 0.0 0 1 1 3 3
-6297.4 -2751.7 -41.8 349 0 12.8 6.2 2.5 0.0 0 0 1 2 2
-6388.7 -2319.1 -41.6 258 0 12.0 5.6 7.5 2.5 2 0 3 3 3
-6404.9 -2312.9 -41.6 258 0 8.6 5.1 2.5 2.5 2 0 1 3 3
-6738.9 -2185.9 -41.7 193 0 12.9 9.1 5.0 2.5 2 0 2 5 5
-6890.4 -2137.4 -40.8 192 0 10.4 9.9 5.0 2.5 2 0 2 4 4
-6808.1 -2119.8 -41.3 102 0 11.9 14.1 5.0 2.5 2 1 2 1 1
-6941.4 -2126.1 -40.7 13 0 10.0 17.2 2.5 2.5 2 1 1 1 1
-6925.0 -2223.3 -41.1 193 0 9.4 10.1 5.0 2.5 4 1 2 4 4
-6465.0 -1672.1 -43.4 185 0 11.3 10.6 2.5 2.5 4 0 1 5 5
-6420.9 -1662.1 -43.2 10 0 12.9 8.3 7.5 0.0 0 0 3 3 3
-6479.5 -1567.2 -41.6 2 0 7.8 17.0 7.5 2.5 2 1 3 3 3
-6356.6 -1527.0 -41.3 101 0 11.3 10.7 5.0 2.5 2 0 2 5 5
-6163.5 -2800.0 -40.9 62 0 14.8 7.1 5.0 2.5 2 0 2 3 3
-6390.2 -2836.3 -41.7 249 0 12.5 9.2 2.5 2.5 2 0 1 1 1
-6456.9 -2240.9 -41.2 346 0 5.2 12.4 5.0 2.5 2 1 2 5 5
-6478.4 -2293.8 -41.7 354 0 11.8 10.3 5.0 2.5 2 0 2 2 2
-6750.8 -2088.0 -40.7 16 0 11.7 11.9 5.0 2.5 2 1 2 0 0
-6626.5 -2134.8 -40.9 13 0 10.5 12.7 2.5 2.5 2 1 1 4 4
-6865.5 -2125.3 -40.9 190 0 10.0 15.5 2.5 2.5 2 1 1 5 5
-6842.7 -2110.6 -41.1 190 0 9.3 17.0 7.5 0.0 0 1 3 4 4
-5500.6 -2116.0 -40.5 252 0 15.2 16.5 7.5 2.5 2 1 3 3 3
-5995.6 -1626.0 -42.3 255 0 9.0 10.0 7.5 2.5 4 1 3 3 3
6319.8 -7554.8 14.4 184 0 8.5 16.4 5.0 2.5 2 1 2 1 1
6423.5 -7616.0 14.4 18 0 7.0 10.8 2.5 2.5 2 1 1 3 3
6387.0 -7636.4 13.7 110 0 11.5 9.3 5.0 2.5 2 0 2 2 2
6408.2 -7642.9 13.8 110 0 9.2 6.6 5.0 2.5 2 0 2 4 4
6485.4 -7672.3 14.9 110 0 19.9 16.8 10.0 2.5 2 0 4 0 0
6504.5 -7655.1 15.3 111 0 21.8 9.8 5.0 2.5 2 0 2 5 5
6518.2 -7647.5 15.6 21 0 4.4 9.8 7.5 2.5 2 0 3 3 3
6537.9 -7666.9 15.8 20 0 11.1 9.9 5.0 2.5 2 0 2 5 5
6546.1 -7647.5 16.0 21 0 10.8 10.2 5.0 2.5 2 0 2 2 2
6561.5 -7597.2 16.6 18 0 11.8 10.1 5.0 2.5 2 0 2 5 5
6546.5 -7551.7 16.9 275 0 7.6 11.2 0.0 0.0 0 1 0 0 0
6517.4 -7548.2 16.7 276 0 10.1 11.1 5.0 2.5 2 1 2 1 1
6489.4 -7544.9 16.5 276 0 11.3 9.0 5.0 2.5 4 0 2 5 5
6465.7 -7548.3 16.1 277 0 11.2 12.6 5.0 2.5 2 1 2 0 0
6435.7 -7516.1 16.6 93 0 10.2 16.4 5.0 2.5 4 1 2 4 4
6664.6 -7656.5 18.2 27 0 8.8 10.0 5.0 0.0 0 1 2 5 5
6695.4 -7750.1 17.9 19 0 7.9 7.6 5.0 0.0 0 0 2 5 5
6820.8 -7570.2 22.4 266 0 8.8 14.6 5.0 0.0 0 0 2 2 2
6812.6 -7571.3 22.3 263 0 8.4 13.7 5.0 2.5 2 0 2 4 4
6835.0 -7564.4 22.7 282 0 5.7 15.0 5.0 2.5 2 1 2 5 5
6919.6 -7540.3 24.4 278 0 10.0 12.4 2.5 2.5 2 1 1 0 0
6153.3 -7942.2 12.5 29 0 9.4 11.2 5.0 2.5 2 1 2 5 5
6175.4 -8016.4 15.2 261 0 5.0 17.2 5.0 2.5 4 1 2 4 4
6214.4 -7990.8 13.4 57 0 6.5 10.9 5.0 2.5 2 1 2 0 0
-5571.3 -1686.1 -41.6 164 0 6.1 11.8 7.5 0.0 0 1 3 1 1
-5575.8 -1231.8 -43.1 69 0 6.7 10.3 7.5 2.5 2 1 3 4 4
-5563.4 -1206.1 -43.1 339 0 10.6 11.7 10.0 2.5 2 1 4 4 4
-5565.0 -1102.4 -42.8 340 0 9.7 11.0 5.0 0.0 0 1 2 4 4
-5585.6 -1137.5 -42.8 163 0 14.8 12.1 5.0 0.0 0 0 2 0 0
-5574.2 -1018.7 -43.0 340 0 9.4 11.6 5.0 2.5 2 1 2 4 4
-5558.1 -1068.8 -42.9 66 0 10.9 6.0 2.5 2.5 2 0 1 4 4
-5514.1 -1016.4 -43.0 245 0 6.3 11.4 7.5 2.5 2 1 3 1 1
-5507.9 -1043.9 -42.9 131 0 11.2 10.0 5.0 2.5 2 0 2 3 3
-5614.7 -1029.6 -42.9 161 0 11.2 6.5 5.0 0.0 0 0 2 4 4
-5626.1 -1012.1 -43.0 162 0 14.5 7.1 2.5 0.0 0 0 1 0 0
-6692.2 -1387.5 -40.2 8 0 8.9 10.1 2.5 2.5 2 1 1 0 0
-6679.5 -1408.4 -40.1 1 0 10.8 14.3 5.0 0.0 0 1 2 5 5
-6521.0 -1672.4 -43.5 270 0 8.3 16.3 5.0 2.5 2 1 2 4 4
-6474.0 -1731.9 -42.8 183 0 11.4 11.2 2.5 2.5 2 0 1 1 1
-6247.4 -2811.7 -41.2 75 0 5.4 9.2 5.0 2.5 2 1 2 0 0
-6287.2 -2813.3 -41.3 248 0 11.6 6.0 7.5 2.5 2 0 3 2 2
-6059.6 -2763.0 -40.8 74 0 11.3 7.9 5.0 2.5 2 0 2 1 1
-6072.8 -2715.2 -41.0 263 0 9.1 7.6 2.5 2.5 2 0 1 1 1
-6631.2 -2571.2 -42.7 173 0 7.4 16.1 5.0 2.5 2 1 2 5 5
-6696.0 -2644.2 -43.0 191 0 13.5 5.9 7.5 2.5 2 0 3 4 4
3308.1 -6018.4 35.3 356 0 12.1 12.2 5.0 2.5 2 1 2 3 3
-6609.6 -1423.1 -40.6 254 0 17.2 9.0 5.0 2.5 2 0 2 0 0
-6595.3 -1476.7 -40.3 77 0 11.4 11.6 2.5 2.5 2 1 1 4 4
-6436.9 -1655.0 -43.1 9 0 5.2 10.3 7.5 0.0 0 1 3 4 4
-6729.7 -2159.7 -41.8 193 0 16.4 14.6 5.0 2.5 2 0 2 2 2
-6532.2 -1722.4 -42.7 92 0 9.2 4.6 7.5 2.5 4 0 3 3 3
-6396.4 -1505.2 -41.1 149 0 4.0 4.8 5.0 2.5 2 1 2 4 4
-6417.7 -1538.7 -41.3 281 0 10.9 13.6 10.0 0.0 0 1 4 0 0
-6423.4 -1297.2 -42.7 189 0 5.4 9.1 7.5 2.5 2 1 3 3 3
-5588.7 -1072.2 -42.9 161 0 15.6 8.5 7.5 0.0 0 0 3 0 0
-5597.6 -1114.6 -42.8 161 0 12.5 10.4 2.5 2.5 2 0 1 2 2
-5604.7 -1032.0 -43.0 158 0 5.2 8.9 5.0 2.5 2 1 2 3 3
-5560.1 -1028.0 -43.1 338 0 9.9 10.8 5.0 2.5 2 1 2 1 1
-5552.9 -1041.4 -43.0 338 0 9.3 13.0 7.5 0.0 0 1 3 3 3
-5492.5 -1148.3 -42.8 251 0 6.2 8.2 2.5 2.5 2 1 1 0 0
-5536.7 -1693.5 -41.5 341 0 13.6 10.0 5.0 0.0 0 0 2 4 4
-5875.7 2630.4 -48.0 153 0 5.5 10.0 7.5 2.5 2 1 3 2 2
-5842.8 2637.1 -47.9 333 0 12.8 7.0 2.5 2.5 2 0 1 3 3
-5848.2 -663.2 -44.6 2 0 12.7 11.8 10.0 2.5 2 0 4 2 2
-6026.2 -589.7 -42.6 69 0 11.5 12.0 5.0 2.5 2 1 2 0 0
-5903.0 -612.1 -43.9 177 0 8.5 8.8 7.5 2.5 2 1 3 0 0
-6019.4 -497.7 -43.6 151 0 9.0 10.9 7.5 2.5 2 1 3 0 0
-5671.6 -907.7 -44.2 326 0 13.1 5.7 7.5 2.5 2 0 3 4 4
-5686.6 -894.8 -44.3 339 0 10.6 10.9 10.0 2.5 2 1 4 1 1
-5702.2 -877.3 -44.3 331 0 13.0 5.7 2.5 2.5 2 0 1 2 2
-5670.9 -857.9 -44.3 23 0 10.0 10.5 2.5 2.5 2 1 1 1 1
-5644.8 -871.7 -44.3 215 0 17.8 13.7 7.5 2.5 2 0 3 1 1
-5723.5 -907.7 -44.3 67 0 6.5 10.4 7.5 2.5 2 1 3 2 2
-5705.3 -960.9 -43.7 162 0 13.0 10.2 5.0 0.0 0 0 2 0 0
-5660.4 -923.3 -44.0 329 0 10.1 8.8 7.5 2.5 2 0 3 1 1
-5646.0 -946.2 -43.6 343 0 12.3 11.7 7.5 2.5 2 0 3 2 2
-5687.5 -946.5 -43.8 160 0 12.5 13.1 5.0 2.5 2 1 2 3 3
-5710.4 -833.3 -44.4 112 0 10.4 5.8 5.0 2.5 2 0 2 5 5
-5723.1 -766.7 -43.5 290 0 5.4 7.6 7.5 2.5 2 1 3 1 1
-5723.1 -800.8 -43.7 19 0 11.7 11.1 7.5 0.0 0 0 3 0 0
-5814.0 -782.6 -44.2 150 0 12.6 11.4 10.0 2.5 2 0 4 4 4
-5769.3 -807.4 -43.8 337 0 11.7 13.3 5.0 2.5 2 1 2 2 2
-5758.1 -822.1 -43.7 324 0 6.3 10.1 7.5 2.5 2 1 3 1 1
-5847.7 -784.1 -44.7 72 0 7.4 21.0 7.5 2.5 2 1 3 0 0
-5834.4 -745.6 -44.5 342 0 13.1 11.7 10.0 0.0 0 0 4 5 5
-5800.8 -711.2 -44.1 281 0 9.8 7.8 2.5 2.5 2 0 1 0 0
-5805.3 -736.8 -43.9 141 0 10.3 13.4 5.0 2.5 2 1 2 2 2
-5869.5 -695.9 -44.7 338 0 12.8 6.2 5.0 2.5 2 0 2 3 3
-5868.7 -715.3 -44.8 345 0 12.1 10.7 5.0 0.0 0 0 2 0 0
-5871.3 -607.7 -44.2 324 0 17.3 9.1 5.0 2.5 2 0 2 2 2
-5837.9 -648.9 -44.5 3 0 11.4 10.1 7.5 2.5 2 0 3 1 1
-6006.0 -514.4 -43.5 145 0 10.2 10.1 5.0 0.0 0 0 2 3 3
-6009.9 -627.1 -43.1 72 0 12.5 9.2 5.0 2.5 4 0 2 2 2
-6121.6 -371.8 -43.3 142 0 10.1 12.6 5.0 2.5 2 1 2 2 2
-6097.9 -406.2 -43.3 153 0 16.9 6.7 5.0 0.0 0 0 2 3 3
-6090.0 -453.9 -43.1 339 0 14.7 6.7 5.0 2.5 2 0 2 0 0
-6189.7 -278.8 -43.4 160 0 10.5 10.9 5.0 2.5 2 1 2 0 0
-6181.0 -293.5 -43.3 155 0 11.1 10.2 2.5 2.5 2 0 1 1 1
-6148.8 -338.8 -43.3 155 0 10.6 9.1 7.5 2.5 2 0 3 1 1
-6180.0 -375.6 -42.9 68 0 14.7 10.0 2.5 2.5 2 0 1 4 4
-6225.5 -222.4 -43.6 161 0 10.8 9.9 5.0 2.5 2 0 2 4 4
-6216.8 -241.1 -43.5 160 0 11.6 10.1 5.0 2.5 2 0 2 1 1
-6317.1 -193.7 -43.4 158 0 11.1 10.0 7.5 2.5 2 0 3 3 3
-6294.2 -209.5 -43.3 71 0 10.6 10.8 5.0 2.5 2 1 2 4 4
-6273.2 -151.2 -43.8 159 0 12.0 10.8 2.5 2.5 4 0 1 4 4
-6226.8 -148.3 -44.1 69 0 8.8 19.0 2.5 2.5 4 1 1 3 3
-6239.6 -158.1 -43.8 339 0 6.3 13.1 5.0 2.5 2 1 2 0 0
-6243.7 -183.9 -43.7 68 0 9.7 10.1 7.5 2.5 2 1 3 2 2
-6263.9 -91.5 -44.2 58 0 6.6 15.0 7.5 2.5 2 1 3 0 0
-6300.2 -99.3 -44.0 64 0 6.2 12.7 5.0 0.0 0 1 2 2 2
-6282.5 -108.9 -44.0 248 0 10.4 11.5 5.0 2.5 2 1 2 3 3
-6285.8 -19.2 -44.8 324 0 16.0 6.3 7.5 2.5 2 0 3 4 4
-6310.9 -60.0 -44.2 153 0 6.5 12.1 2.5 2.5 2 1 1 3 3
-6381.5 7.9 -44.4 150 0 11.1 11.2 10.0 2.5 2 1 4 0 0
-6362.9 -18.4 -44.3 154 0 11.7 11.2 2.5 2.5 2 0 1 3 3
-6339.0 28.0 -45.0 150 0 21.5 10.2 7.5 2.5 2 0 3 0 0
-6211.7 -19.4 -44.8 223 0 12.8 12.0 5.0 2.5 2 0 2 3 3
-6200.7 -42.3 -44.8 233 0 6.0 15.0 5.0 2.5 2 1 2 5 5
-6172.8 -95.8 -44.8 65 0 10.6 11.4 5.0 2.5 2 1 2 1 1
-6204.4 -112.4 -44.5 70 0 15.7 12.7 2.5 2.5 2 0 1 0 0
-6148.4 -95.9 -44.9 66 0 16.2 7.0 2.5 2.5 2 0 1 2 2
-6193.8 -103.1 -44.6 70 0 6.0 6.9 5.0 2.5 2 1 2 4 4
-5584.9 -1003.4 -43.1 337 0 11.7 10.2 7.5 0.0 0 0 3 4 4
-5598.1 -987.7 -43.0 338 0 8.8 10.7 5.0 2.5 4 1 2 5 5
-5628.8 -968.8 -43.1 340 0 11.0 13.0 5.0 2.5 2 1 2 0 0
-5584.0 -964.3 -43.2 140 0 10.8 10.2 5.0 2.5 2 0 2 1 1
-5575.6 -975.2 -43.2 142 0 10.5 12.7 7.5 2.5 2 1 3 4 4
-5614.3 -871.4 -44.3 307 0 6.5 11.2 2.5 2.5 2 1 1 5 5
-5604.0 -937.2 -43.6 143 0 11.0 11.0 2.5 2.5 2 1 1 1 1
-5563.7 -1086.2 -42.8 342 0 11.4 13.9 2.5 0.0 0 1 1 2 2
-5400.2 -1227.3 -42.8 162 0 12.8 6.7 5.0 2.5 2 0 2 4 4
-5418.8 -1223.8 -42.9 74 0 7.8 13.4 5.0 2.5 2 1 2 3 3
-5387.9 -1205.4 -42.8 328 0 12.5 11.6 10.0 2.5 2 0 4 3 3
-5459.5 -1144.7 -42.8 251 0 13.0 11.2 5.0 2.5 2 0 2 0 0
-5392.7 -1149.5 -42.7 248 0 6.1 12.1 5.0 2.5 4 1 2 5 5
-5384.2 -1171.4 -42.7 147 0 11.2 7.6 7.5 2.5 2 0 3 4 4
-5404.0 -1251.9 -42.8 252 0 10.3 15.6 2.5 2.5 2 1 1 1 1
-5351.2 -1246.0 -42.5 344 0 11.1 12.4 7.5 0.0 0 1 3 1 1
-5355.2 -1318.0 -42.5 72 0 8.1 14.5 7.5 2.5 2 1 3 2 2
-5334.8 -1260.5 -42.4 341 0 9.9 9.8 2.5 2.5 2 0 1 4 4
-5288.8 -1404.0 -41.2 72 0 10.6 17.7 7.5 2.5 4 1 3 1 1
-5190.2 -1424.8 -41.2 343 0 11.3 14.1 7.5 2.5 2 1 3 1 1
-5232.4 -1379.8 -41.1 341 0 9.8 10.4 7.5 2.5 4 1 3 4 4
-5250.2 -1363.3 -41.2 340 0 9.8 9.6 5.0 2.5 2 0 2 3 3
-5117.1 -1529.9 -41.3 136 0 14.6 15.4 5.0 2.5 2 1 2 4 4
-5092.6 -1547.5 -41.1 138 0 11.3 11.4 2.5 2.5 2 1 1 3 3
-5051.0 -1574.9 -40.7 318 0 13.2 8.5 7.5 2.5 2 0 3 0 0
-5079.4 -1561.8 -40.9 135 0 11.4 11.4 2.5 2.5 2 0 1 0 0
-4892.1 -1606.4 -38.5 185 0 12.5 47.8 10.0 2.5 2 1 4 3 3
-4913.5 -1593.2 -40.1 5 0 12.5 47.8 12.5 2.5 4 1 5 4 4
-4741.0 -1646.9 -35.9 5 0 9.1 29.0 7.5 2.5 2 1 3 2 2
-4778.7 -1656.6 -35.6 5 0 9.1 29.0 7.5 2.5 2 1 3 5 5
-4819.5 -1665.9 -35.4 5 0 9.1 29.0 7.5 0.0 0 1 3 1 1
-4858.0 -1676.4 -36.3 5 0 9.1 29.0 7.5 2.5 4 1 3 0 0
-4721.2 -1652.5 -35.5 275 0 9.1 29.1 7.5 2.5 2 1 3 0 0
-5204.8 -994.8 -42.5 255 0 13.5 8.7 5.0 2.5 2 0 2 3 3
-5253.8 -987.0 -42.9 73 0 11.2 11.2 10.0 2.5 2 1 4 2 2
-5305.2 -998.8 -42.9 66 0 13.7 15.7 7.5 2.5 2 1 3 4 4
-5288.7 -1033.6 -42.1 254 0 11.4 12.7 5.0 2.5 2 1 2 2 2
-5218.2 -1018.6 -42.1 255 0 10.9 12.8 5.0 2.5 2 1 2 5 5
-5384.0 -1002.0 -42.7 182 0 9.9 11.2 7.5 2.5 2 1 3 3 3
-5365.3 -1068.9 -42.5 165 0 11.1 9.0 7.5 2.5 2 0 3 2 2
-5291.2 -965.2 -43.3 247 0 16.0 8.4 5.0 2.5 2 0 2 5 5
-5137.2 -958.7 -42.9 75 0 12.4 10.0 7.5 2.5 2 0 3 1 1
-5155.5 -964.6 -43.0 76 0 10.7 11.6 5.0 2.5 2 1 2 4 4
-5023.6 -1010.1 -42.2 250 0 5.4 12.0 5.0 2.5 2 1 2 4 4
-5035.3 -1014.8 -42.2 341 0 10.2 18.9 5.0 2.5 2 1 2 2 2
-5042.8 -981.0 -41.9 150 0 12.4 14.3 10.0 2.5 2 1 4 0 0
-5107.2 -971.0 -42.1 256 0 6.2 18.4 2.5 2.5 2 1 1 1 1
-5102.7 -910.9 -43.2 334 0 13.6 10.3 10.0 2.5 2 0 4 5 5
-4986.0 -1024.0 -42.3 250 0 8.9 9.6 5.0 0.0 0 1 2 4 4
3465.6 -7861.7 15.0 0 0 7.3 7.4 2.5 2.5 2 1 1 4 4
6949.3 -7762.8 22.2 6 0 8.8 8.8 5.0 2.5 2 0 2 0 0
6572.7 -7689.7 16.5 201 0 5.4 12.3 5.0 2.5 2 0 2 2 2
6081.9 -8069.3 14.6 28 0 7.5 9.6 7.5 0.0 0 1 3 0 0
6929.9 -7892.7 20.8 10 0 5.2 10.1 5.0 2.5 4 0 2 3 3
6418.3 -7737.6 13.4 202 0 7.9 11.1 5.0 2.5 2 1 2 5 5
6327.2 -7841.9 13.2 288 0 11.3 19.3 10.0 2.5 2 1 4 0 0
6526.3 -7962.9 15.4 18 0 10.1 12.0 5.0 2.5 2 1 2 1 1
6477.1 -7594.4 15.5 200 0 7.9 12.5 7.5 2.5 2 0 3 5 5
6408.0 -7592.2 14.7 20 0 5.4 9.5 7.5 0.0 0 1 3 4 4
6746.8 -7611.4 20.3 8 0 10.1 5.0 2.5 2.5 2 0 1 2 2
6343.3 -6909.4 31.6 64 0 17.6 10.6 2.5 2.5 2 0 1 3 3
6739.0 -7789.5 17.9 111 0 6.2 14.3 5.0 2.5 2 1 2 1 1
6332.3 -7993.6 13.0 201 0 8.6 10.8 5.0 0.0 0 1 2 4 4
6423.1 -8035.7 13.5 195 0 14.3 7.0 2.5 2.5 2 0 1 4 4
6520.9 -7882.1 15.8 22 0 15.3 5.1 7.5 2.5 2 0 3 2 2
6218.8 -8083.8 14.3 197 0 10.4 10.4 5.0 2.5 2 1 2 5 5
6608.1 -7789.9 15.9 25 0 10.6 9.6 7.5 2.5 2 0 3 2 2
6902.4 -7869.8 20.9 279 0 3.5 14.1 2.5 2.5 2 0 1 5 5
6664.3 -7539.3 19.0 98 0 12.2 8.6 7.5 2.5 2 0 3 2 2
6620.6 -7850.7 16.8 199 0 11.7 6.1 2.5 2.5 2 0 1 5 5
6886.9 -7935.4 20.4 9 0 20.8 9.4 5.0 2.5 2 0 2 3 3
6870.7 -7452.7 25.3 287 0 44.1 5.5 2.5 2.5 2 0 1 2 2
6792.2 -7786.0 19.2 209 0 10.3 7.9 7.5 2.5 2 0 3 1 1
6618.5 -7981.6 16.9 203 0 7.6 10.7 5.0 2.5 2 1 2 5 5
6765.2 -7530.4 21.4 199 0 6.2 6.6 7.5 2.5 2 0 3 2 2
6621.0 -8205.8 22.6 203 0 11.1 5.2 2.5 2.5 2 0 1 2 2
6444.1 -7580.4 15.3 98 0 16.9 9.5 5.0 2.5 2 0 2 1 1
6415.3 -7447.7 17.3 275 0 10.0 20.1 7.5 2.5 2 1 3 3 3
6248.6 -8156.8 14.5 285 0 7.2 11.5 2.5 2.5 4 1 1 4 4
6874.9 -8015.1 21.6 11 0 12.6 9.2 5.0 0.0 0 0 2 2 2
6507.0 -7858.6 15.5 198 0 15.0 5.0 5.0 2.5 2 0 2 0 0
6570.0 -7663.9 16.6 205 0 6.6 11.3 5.0 2.5 2 0 2 5 5
6433.4 -7768.1 13.8 201 0 11.9 13.4 7.5 2.5 2 1 3 1 1
6567.2 -7669.8 16.5 205 0 6.6 11.3 7.5 0.0 0 0 3 5 5
6913.7 -7732.2 22.6 8 0 5.4 7.9 5.0 2.5 2 1 2 0 0
6268.9 -8122.0 13.4 102 0 6.8 10.0 5.0 0.0 0 1 2 4 4
6500.0 -8004.6 14.7 25 0 8.0 10.1 2.5 2.5 2 1 1 3 3
6665.6 -7830.3 17.1 24 0 8.8 9.1 7.5 2.5 2 1 3 0 0
6296.9 -7796.5 12.4 108 0 11.0 10.0 5.0 2.5 2 0 2 0 0
6854.7 -7645.2 23.4 195 0 10.3 5.6 5.0 2.5 2 0 2 5 5
6588.0 -7737.8 16.2 111 0 5.0 12.0 2.5 0.0 0 1 1 1 1
6517.5 -7514.6 17.6 98 0 8.5 6.0 7.5 2.5 2 0 3 3 3
6284.7 -7918.2 13.1 288 0 7.9 10.8 2.5 2.5 2 1 1 4 4
6660.2 -7352.1 24.1 203 0 10.1 14.2 7.5 2.5 2 1 3 5 5
6668.7 -7878.2 17.6 203 0 10.8 10.9 7.5 2.5 2 1 3 5 5
6501.4 -7873.3 15.6 199 0 16.5 5.7 7.5 2.5 2 0 3 3 3
6923.9 -7715.2 22.8 9 0 6.0 12.0 7.5 2.5 2 1 3 3 3
6805.2 -7550.2 22.1 80 0 10.1 11.6 7.5 2.5 2 1 3 4 4
6516.1 -7946.6 15.4 18 0 5.9 17.6 2.5 2.5 2 1 1 0 0
6539.4 -7740.6 14.8 293 0 11.0 10.1 7.5 2.5 2 0 3 5 5
6851.0 -7531.9 23.5 15 0 4.6 7.3 7.5 2.5 2 0 3 5 5
6611.0 -8019.0 17.4 202 0 6.5 12.1 5.0 2.5 2 1 2 0 0
6764.7 -7936.5 19.4 65 0 7.7 14.7 5.0 2.5 2 1 2 4 4
6920.1 -7890.0 20.8 10 0 7.3 18.8 2.5 2.5 4 0 1 0 0
6320.6 -7334.9 18.5 300 0 10.6 19.3 10.0 0.0 0 1 4 5 5
6528.5 -7822.3 15.4 198 0 9.9 4.9 2.5 2.5 2 0 1 3 3
6587.5 -7774.6 15.6 289 0 4.6 15.0 7.5 2.5 2 1 3 5 5
6738.9 -7579.3 20.5 262 0 9.6 12.8 7.5 2.5 2 1 3 0 0
6435.3 -7271.8 20.5 211 0 7.2 15.0 5.0 2.5 2 0 2 2 2
6592.7 -7681.2 16.9 199 0 7.5 7.4 2.5 2.5 2 0 1 3 3
6935.4 -7633.7 23.7 192 0 7.5 13.2 5.0 2.5 2 1 2 4 4
6859.7 -7930.6 20.2 99 0 5.3 13.5 5.0 2.5 2 1 2 2 2
6680.7 -8057.5 19.9 197 0 5.6 8.4 5.0 2.5 2 1 2 3 3
6672.9 -7637.3 18.5 113 0 17.0 6.0 7.5 2.5 4 0 3 1 1
6633.3 -7559.1 18.3 276 0 6.8 13.0 5.0 2.5 2 0 2 5 5
6829.9 -7299.0 31.4 45 0 6.2 26.8 7.5 2.5 2 1 3 0 0
6406.8 -8317.0 20.6 115 0 8.3 11.8 5.0 2.5 2 1 2 0 0
6650.2 -8148.2 21.0 183 0 18.2 8.0 5.0 0.0 0 0 2 3 3
6778.3 -7661.4 20.6 201 0 16.9 6.2 2.5 2.5 2 0 1 2 2
6138.5 -7581.9 13.5 95 0 7.0 10.5 5.0 2.5 2 1 2 1 1
6297.5 -8182.4 15.5 208 0 9.0 13.0 5.0 2.5 2 1 2 3 3
6322.6 -7876.0 13.4 19 0 10.1 8.3 7.5 2.5 2 0 3 0 0
6038.8 -8079.4 14.4 170 0 11.3 11.3 7.5 2.5 2 1 3 1 1
6691.5 -7934.9 17.7 29 0 16.2 15.2 10.0 2.5 4 0 4 5 5
6830.4 -7578.8 22.6 285 0 3.7 16.3 7.5 2.5 2 1 3 0 0
6441.5 -7760.8 13.8 202 0 5.1 9.2 7.5 2.5 2 1 3 2 2
6288.6 -6872.6 30.4 159 0 11.0 9.7 5.0 0.0 0 0 2 5 5
6691.7 -7716.8 18.2 21 0 19.9 5.0 7.5 2.5 2 0 3 5 5
6300.2 -7951.8 13.0 20 0 6.8 7.2 5.0 2.5 4 1 2 2 2
6951.2 -7598.4 24.2 9 0 6.5 6.9 7.5 2.5 2 0 3 1 1
6601.5 -7966.0 16.3 22 0 12.6 9.6 2.5 2.5 2 0 1 0 0
6325.3 -7494.2 15.8 96 0 9.0 14.7 2.5 2.5 2 1 1 4 4
6318.4 -7946.9 13.2 18 0 5.4 11.7 5.0 2.5 2 0 2 5 5
6440.1 -8078.4 14.0 106 0 19.3 9.6 5.0 2.5 2 0 2 2 2
6145.6 -8117.7 14.6 290 0 15.5 7.3 5.0 2.5 2 0 2 5 5
6561.5 -7798.9 15.6 25 0 16.5 5.2 5.0 2.5 2 0 2 1 1
6821.1 -7516.3 22.9 14 0 4.9 16.6 2.5 2.5 2 0 1 1 1
6866.6 -7927.3 20.3 97 0 4.7 15.7 5.0 2.5 2 1 2 3 3
6454.1 -7774.6 14.0 21 0 9.4 5.8 7.5 2.5 2 0 3 2 2
6279.7 -7606.2 13.2 96 0 5.5 15.8 2.5 2.5 2 1 1 0 0
6459.8 -7479.9 17.4 274 0 11.7 6.7 5.0 2.5 2 0 2 2 2
6319.5 -7248.6 22.6 222 0 10.0 12.7 7.5 0.0 0 1 3 3 3
6662.5 -7960.8 17.4 22 0 6.1 11.1 5.0 2.5 2 1 2 5 5
6162.2 -7588.2 13.5 92 0 14.4 10.0 7.5 2.5 2 0 3 5 5
6321.9 -7936.4 13.4 19 0 8.2 11.7 7.5 0.0 0 0 3 4 4
6763.8 -7866.7 18.7 295 0 7.7 10.2 7.5 2.5 2 1 3 1 1
6861.4 -7748.6 21.5 104 0 8.4 10.9 7.5 2.5 2 0 3 0 0
6510.4 -7478.0 18.1 279 0 10.3 6.0 5.0 2.5 2 0 2 1 1
6669.3 -7909.0 17.8 206 0 3.3 13.3 2.5 0.0 0 1 1 5 5
6644.9 -7319.0 25.0 203 0 4.1 12.0 2.5 2.5 4 1 1 3 3
6803.1 -7570.8 22.1 280 0 4.5 8.9 5.0 2.5 2 1 2 0 0
6434.3 -7988.6 14.2 198 0 5.2 17.3 5.0 0.0 0 0 2 2 2
6563.0 -7766.3 15.2 290 0 8.2 11.6 7.5 2.5 2 1 3 4 4
6838.4 -7845.1 19.6 91 0 5.1 14.0 5.0 2.5 2 1 2 4 4
6543.6 -7876.1 15.9 22 0 6.8 16.0 2.5 2.5 2 0 1 3 3
6598.8 -8037.6 17.6 206 0 6.3 9.3 7.5 2.5 2 0 3 1 1
6390.6 -8068.5 13.2 198 0 10.7 10.2 2.5 2.5 2 0 1 4 4
6494.5 -7517.4 17.3 102 0 5.0 19.7 7.5 0.0 0 1 3 1 1
6714.0 -7658.8 19.1 20 0 9.6 6.3 7.5 2.5 2 0 3 5 5
6729.8 -7628.8 19.6 12 0 11.2 4.7 2.5 2.5 2 0 1 5 5
6540.9 -7988.2 15.5 203 0 7.3 11.0 5.0 2.5 2 1 2 4 4
6884.5 -7950.8 20.5 9 0 10.3 8.4 2.5 2.5 2 0 1 5 5
6489.9 -7985.4 14.7 16 0 8.0 13.0 7.5 2.5 2 1 3 5 5
6282.1 -6877.8 30.0 320 0 9.1 11.1 5.0 2.5 2 1 2 4 4
6164.5 -7565.7 14.1 94 0 14.3 5.1 2.5 2.5 2 0 1 4 4
6659.5 -8189.8 22.9 17 0 11.8 7.9 2.5 0.0 0 0 1 1 1
6572.0 -8119.0 18.7 203 0 7.3 10.0 5.0 2.5 2 1 2 0 0
6633.5 -7887.4 17.1 20 0 9.6 11.2 7.5 2.5 2 1 3 4 4
6311.1 -7468.0 16.1 95 0 6.4 18.4 2.5 2.5 2 0 1 1 1
6833.5 -7440.8 24.8 289 0 11.1 11.2 5.0 2.5 2 0 2 5 5
6773.5 -7610.4 21.5 197 0 5.5 10.4 5.0 2.5 2 1 2 0 0
6809.3 -7668.8 21.6 17 0 8.0 6.7 7.5 2.5 2 0 3 1 1
6418.0 -7883.2 14.6 20 0 4.9 10.5 5.0 2.5 2 1 2 2 2
6799.8 -7735.9 20.1 29 0 11.1 9.6 2.5 2.5 2 0 1 4 4
6624.3 -8186.1 21.6 203 0 7.9 10.8 7.5 0.0 0 1 3 1 1
6404.5 -7911.1 14.6 23 0 5.0 10.0 5.0 2.5 2 1 2 4 4
6616.4 -7555.4 17.9 281 0 5.0 15.6 7.5 2.5 2 1 3 5 5
6884.5 -7652.8 23.6 104 0 6.8 13.6 7.5 2.5 4 1 3 2 2
6094.4 -8050.0 15.0 29 0 13.5 8.8 7.5 2.5 2 0 3 1 1
6561.9 -8032.4 16.2 112 0 12.0 13.0 7.5 2.5 2 1 3 5 5
6445.0 -7343.5 19.7 30 0 5.9 20.3 7.5 2.5 2 1 3 0 0
6892.6 -7748.5 22.2 100 0 5.1 8.9 7.5 2.5 2 0 3 5 5
6229.7 -7565.7 14.3 4 0 7.0 14.4 7.5 2.5 2 1 3 5 5
6436.7 -7886.1 14.8 19 0 10.6 13.1 5.0 2.5 2 1 2 4 4
6566.2 -7475.1 18.9 99 0 6.6 9.2 7.5 2.5 2 1 3 4 4
6672.4 -7936.8 17.5 27 0 7.5 11.2 5.0 2.5 2 1 2 2 2
6481.5 -7770.8 14.2 23 0 7.5 10.9 5.0 2.5 2 1 2 5 5
6695.9 -7810.2 17.2 198 0 11.1 5.9 5.0 2.5 2 0 2 4 4
6444.8 -7861.3 14.6 21 0 10.5 10.0 7.5 2.5 2 0 3 3 3
6374.6 -7754.9 12.8 288 0 7.6 10.7 7.5 2.5 2 1 3 0 0
6559.9 -7836.9 15.8 22 0 5.2 9.4 5.0 2.5 2 0 2 3 3
6432.6 -7308.7 20.1 287 0 6.9 11.0 7.5 0.0 0 1 3 5 5
6449.9 -7246.2 20.3 211 0 6.7 11.8 7.5 2.5 2 1 3 5 5
6918.4 -7814.3 21.0 99 0 10.4 15.4 5.0 2.5 2 1 2 5 5
6354.0 -7497.1 16.0 94 0 8.7 16.5 7.5 0.0 0 1 3 0 0
6816.2 -7871.1 19.6 284 0 4.5 10.0 7.5 2.5 2 1 3 2 2
6732.8 -7771.7 18.3 111 0 5.8 10.0 7.5 2.5 2 1 3 3 3
6744.3 -7500.6 21.3 20 0 5.1 12.1 7.5 2.5 2 0 3 3 3
6458.3 -7919.5 15.2 198 0 10.1 10.2 7.5 2.5 2 1 3 2 2
6367.4 -7880.5 14.1 200 0 7.8 11.1 7.5 2.5 2 1 3 0 0
6538.8 -8146.2 18.2 117 0 5.0 8.5 5.0 2.5 2 1 2 5 5
6442.6 -8340.6 22.7 115 0 6.5 10.3 7.5 2.5 2 1 3 4 4
6222.9 -7956.1 12.2 161 0 6.1 8.5 7.5 2.5 2 1 3 3 3
6256.0 -8250.8 17.4 197 0 12.4 7.7 7.5 2.5 2 0 3 3 3
6810.2 -7897.3 19.7 282 0 4.7 10.0 7.5 2.5 2 1 3 2 2
6669.9 -8048.5 19.5 195 0 5.0 11.0 7.5 2.5 2 1 3 4 4
6784.0 -7725.6 20.0 20 0 11.1 4.6 7.5 2.5 2 0 3 0 0
6669.8 -8217.3 25.4 12 0 7.7 6.0 7.5 2.5 4 0 3 5 5
6262.8 -7274.7 22.7 42 0 9.0 10.9 7.5 2.5 2 1 3 1 1
6934.1 -7730.4 22.6 21 0 8.1 14.1 2.5 2.5 2 1 1 0 0
6564.9 -8104.3 18.2 204 0 3.9 9.1 7.5 2.5 4 0 3 2 2
6297.5 -8008.7 12.6 352 0 7.4 10.8 7.5 2.5 2 1 3 3 3
6558.5 -7947.6 16.0 201 0 11.1 9.2 5.0 2.5 2 0 2 4 4
6675.8 -7548.7 19.2 103 0 8.1 4.8 5.0 2.5 2 0 2 3 3
6565.2 -7832.7 15.7 22 0 6.6 12.7 7.5 2.5 4 0 3 2 2
6854.9 -7939.8 20.2 100 0 11.9 8.2 7.5 2.5 2 0 3 0 0
6739.2 -7614.1 20.1 98 0 4.1 18.5 5.0 2.5 2 0 2 3 3
6508.0 -7933.3 15.6 19 0 9.0 6.2 7.5 0.0 0 0 3 1 1
6528.7 -8021.2 15.4 103 0 9.2 11.0 7.5 2.5 2 1 3 2 2
6511.1 -7790.3 14.9 204 0 10.7 5.0 7.5 2.5 4 0 3 0 0
6661.0 -7744.8 17.4 199 0 4.3 7.9 5.0 2.5 2 1 2 4 4
6832.2 -7800.1 19.3 283 0 13.3 7.7 5.0 2.5 2 0 2 0 0
6479.6 -7990.3 14.6 14 0 5.9 11.7 7.5 2.5 2 0 3 5 5
6171.9 -8134.5 14.0 291 0 6.3 13.7 7.5 2.5 4 1 3 1 1
6837.7 -7649.3 21.9 14 0 6.1 39.7 7.5 2.5 2 0 3 5 5
6676.1 -7712.9 18.2 203 0 5.0 10.2 5.0 2.5 2 1 2 3 3
6472.5 -8007.5 14.3 18 0 4.2 11.2 2.5 2.5 2 1 1 0 0
6334.5 -7896.6 13.7 18 0 10.8 10.6 2.5 2.5 2 0 1 1 1
6465.4 -8343.6 23.8 111 0 8.3 11.8 5.0 2.5 2 1 2 1 1
6179.4 -7535.7 14.7 275 0 6.9 9.9 5.0 2.5 4 1 2 1 1
6516.3 -7610.6 15.7 20 0 12.0 14.8 5.0 2.5 2 0 2 2 2
6617.8 -7995.8 17.1 201 0 5.0 8.0 5.0 2.5 2 1 2 2 2
6742.5 -7531.3 20.7 20 0 7.8 8.3 7.5 2.5 2 1 3 0 0
6264.9 -7436.4 16.1 185 0 8.8 5.6 7.5 2.5 2 0 3 5 5
6727.8 -7430.5 22.8 204 0 5.5 12.7 7.5 2.5 2 1 3 5 5
6408.8 -7151.6 22.6 235 0 8.7 16.6 7.5 0.0 0 1 3 0 0
6461.7 -7725.0 13.7 289 0 4.9 12.0 7.5 2.5 2 1 3 0 0
6464.8 -7589.9 15.4 200 0 7.8 13.1 7.5 2.5 2 0 3 3 3
6609.9 -7920.6 16.9 24 0 5.0 10.3 2.5 2.5 2 1 1 3 3
6586.1 -7831.1 16.1 25 0 10.4 4.9 7.5 2.5 2 0 3 0 0
6387.3 -8018.8 13.3 22 0 6.9 9.1 5.0 2.5 2 1 2 4 4
6729.6 -7616.6 19.7 100 0 5.2 19.7 5.0 2.5 2 1 2 5 5
6596.4 -7768.5 15.6 293 0 4.0 8.0 5.0 2.5 2 1 2 2 2
6615.6 -7939.8 16.7 25 0 6.8 7.2 5.0 2.5 2 1 2 2 2
6595.0 -8237.4 22.9 119 0 8.5 9.2 5.0 2.5 2 1 2 1 1
6795.6 -7803.4 18.7 203 0 9.7 10.0 5.0 2.5 2 1 2 0 0
6540.1 -6785.7 29.2 108 0 9.4 27.3 7.5 0.0 0 1 3 3 3
6676.2 -7582.5 18.9 280 0 6.4 12.1 7.5 2.5 2 0 3 1 1
6531.8 -7905.1 16.1 19 0 6.1 12.5 5.0 2.5 4 1 2 2 2
6754.6 -8005.4 20.3 294 0 13.5 8.9 5.0 2.5 2 0 2 0 0
6219.6 -8115.7 13.9 103 0 11.8 10.4 2.5 2.5 2 0 1 2 2
6482.1 -7565.4 15.9 276 0 3.9 14.3 7.5 2.5 2 1 3 4 4
6342.8 -7718.3 12.1 109 0 11.9 12.9 10.0 2.5 2 1 4 1 1
6801.1 -7632.4 22.1 195 0 8.6 6.2 5.0 2.5 2 0 2 0 0
6856.1 -7747.3 21.4 104 0 6.9 9.4 5.0 2.5 2 0 2 4 4
6666.6 -7817.1 16.8 20 0 12.4 10.5 5.0 2.5 2 0 2 4 4
6520.1 -7980.7 15.2 26 0 6.2 12.8 5.0 2.5 2 0 2 3 3
6459.6 -8083.0 14.9 107 0 14.1 8.4 7.5 0.0 0 0 3 0 0
6442.9 -7678.9 14.0 290 0 9.4 13.8 5.0 2.5 4 1 2 5 5
6653.9 -7854.3 17.1 17 0 9.5 8.9 5.0 2.5 2 0 2 3 3
6921.3 -7594.2 24.3 101 0 3.4 9.4 2.5 2.5 2 1 1 4 4
6732.9 -7496.4 21.1 20 0 5.2 9.9 2.5 2.5 2 0 1 0 0
6868.1 -7942.0 20.3 99 0 15.0 7.8 7.5 2.5 2 0 3 0 0
6319.6 -7458.4 16.3 187 0 8.5 14.4 5.0 2.5 2 1 2 0 0
6568.3 -8154.9 19.0 115 0 7.4 10.5 7.5 0.0 0 1 3 0 0
6072.7 -8098.9 14.4 24 0 13.2 9.9 5.0 2.5 2 0 2 3 3
6793.8 -7332.1 29.2 53 0 11.2 24.4 10.0 2.5 2 1 4 2 2
6391.9 -7280.0 20.8 302 0 9.2 9.1 7.5 2.5 2 0 3 5 5
6706.7 -7846.0 17.8 200 0 15.7 5.6 2.5 2.5 2 0 1 0 0
6346.6 -7261.6 22.0 209 0 9.1 11.6 7.5 2.5 2 1 3 1 1
6521.4 -6758.6 29.8 198 0 14.5 9.2 7.5 2.5 2 0 3 0 0
6647.8 -8173.0 22.0 199 0 5.1 10.7 5.0 2.5 2 1 2 3 3
6932.9 -7692.2 23.0 305 0 4.7 8.9 7.5 2.5 2 0 3 0 0
6476.7 -7519.7 17.0 98 0 9.6 11.2 5.0 2.5 2 1 2 2 2
6627.2 -8136.4 20.3 204 0 8.8 10.3 7.5 2.5 4 0 3 4 4
6744.7 -7548.0 20.9 198 0 6.2 9.9 5.0 2.5 2 1 2 5 5
6485.2 -7198.0 20.1 300 0 9.2 10.7 2.5 2.5 2 1 1 3 3
6217.6 -8148.2 14.1 292 0 10.1 11.8 5.0 2.5 2 1 2 0 0
6924.5 -7584.7 24.4 98 0 5.3 15.5 5.0 2.5 2 1 2 0 0
6716.6 -8170.2 24.5 104 0 5.8 10.1 2.5 0.0 0 1 1 5 5
6503.9 -7949.0 15.3 20 0 6.5 7.7 7.5 0.0 0 1 3 0 0
6848.1 -7895.3 20.3 279 0 5.0 12.8 2.5 2.5 2 1 1 4 4
6547.6 -7842.3 15.6 23 0 10.0 11.3 7.5 2.5 4 1 3 0 0
6943.2 -7894.0 20.9 8 0 10.0 4.0 2.5 2.5 2 0 1 2 2
6599.8 -7949.4 16.4 20 0 4.6 15.1 5.0 2.5 2 1 2 3 3
6799.8 -7896.5 19.5 284 0 4.5 11.2 5.0 2.5 2 1 2 3 3
6612.7 -7694.3 17.0 24 0 7.0 11.1 2.5 2.5 2 1 1 0 0
6562.1 -7729.7 15.9 106 0 5.5 15.2 7.5 2.5 2 1 3 4 4
6724.4 -7735.2 18.9 200 0 6.7 12.5 5.0 2.5 2 0 2 3 3
6755.6 -7645.0 20.1 201 0 6.6 11.4 5.0 2.5 2 1 2 1 1
6345.1 -7940.1 13.7 197 0 7.5 12.5 2.5 2.5 2 1 1 4 4
6620.1 -7801.7 16.3 208 0 10.6 5.3 5.0 2.5 2 0 2 5 5
6525.9 -8094.3 16.8 26 0 4.1 11.3 7.5 2.5 2 1 3 4 4
6580.9 -8013.7 16.4 22 0 12.4 5.8 7.5 2.5 2 0 3 0 0
6322.5 -6791.6 36.9 233 0 12.5 10.8 7.5 2.5 2 0 3 3 3
6648.1 -7694.8 17.6 23 0 14.2 9.9 2.5 2.5 2 0 1 3 3
6847.6 -7868.6 20.0 279 0 9.5 14.4 7.5 2.5 2 1 3 3 3
6682.8 -7670.1 18.6 201 0 7.4 11.0 7.5 2.5 4 1 3 3 3
6873.2 -7766.4 21.3 100 0 5.1 20.8 5.0 2.5 2 1 2 4 4
6491.6 -7898.3 15.7 202 0 14.4 5.0 5.0 2.5 2 0 2 4 4
6897.1 -7890.2 20.8 99 0 7.8 6.8 5.0 2.5 2 0 2 0 0
6724.8 -7636.9 19.3 9 0 4.1 11.9 5.0 2.5 2 1 2 2 2
6604.8 -7243.7 25.1 303 0 4.7 9.3 7.5 2.5 4 1 3 5 5
6300.7 -7896.4 13.4 109 0 5.7 9.8 5.0 2.5 2 1 2 5 5
6345.8 -6736.8 38.1 324 0 6.9 5.8 5.0 2.5 2 0 2 0 0
6827.3 -7754.2 20.6 112 0 12.6 8.3 7.5 2.5 2 0 3 3 3
6333.6 -7743.6 12.2 288 0 11.7 8.8 2.5 0.0 0 0 1 4 4
6766.1 -7999.7 20.5 16 0 17.2 10.1 5.0 2.5 2 0 2 2 2
6517.1 -7987.0 15.0 17 0 9.5 10.1 7.5 0.0 0 0 3 4 4
6341.2 -7188.0 25.3 43 0 6.9 13.4 5.0 2.5 4 1 2 1 1
6749.1 -7708.7 19.5 197 0 5.6 8.1 2.5 2.5 2 0 1 0 0
6847.9 -7523.6 23.2 14 0 4.1 27.7 5.0 2.5 2 0 2 0 0
6251.7 -7875.9 12.6 120 0 10.6 9.3 7.5 2.5 2 0 3 0 0
6948.4 -7557.2 24.7 5 0 5.5 8.5 7.5 2.5 2 1 3 4 4
6783.7 -7879.0 19.1 276 0 13.5 15.8 7.5 2.5 2 1 3 5 5
6871.2 -7468.9 25.1 288 0 20.3 7.4 2.5 0.0 0 0 1 0 0
6582.7 -7838.4 16.1 25 0 5.8 9.2 7.5 2.5 2 0 3 4 4
6870.4 -7489.5 24.7 286 0 6.2 11.3 5.0 2.5 2 1 2 1 1
6696.8 -7794.6 17.0 197 0 4.6 9.0 7.5 2.5 4 1 3 4 4
6678.2 -7959.6 17.8 30 0 11.0 7.5 2.5 2.5 2 0 1 1 1
6553.9 -8104.4 18.0 203 0 4.8 20.7 5.0 0.0 0 0 2 5 5
6741.1 -7741.6 19.0 177 0 8.5 8.3 7.5 0.0 0 0 3 4 4
6592.9 -6814.7 29.1 194 0 10.9 8.0 7.5 2.5 2 0 3 2 2
6249.1 -7294.8 21.9 30 0 8.3 9.4 5.0 2.5 2 1 2 2 2
6384.2 -7831.0 13.8 200 0 4.8 12.1 5.0 2.5 2 0 2 3 3
6339.0 -6812.5 36.1 326 0 12.0 13.2 7.5 0.0 0 0 3 3 3
6305.7 -7467.5 16.0 95 0 4.6 18.4 5.0 2.5 2 0 2 5 5
6712.4 -8053.1 20.2 106 0 5.8 13.8 7.5 2.5 2 1 3 4 4
6758.2 -7417.4 23.4 304 0 5.1 11.2 7.5 2.5 4 1 3 3 3
6674.0 -7332.6 25.0 292 0 9.0 9.2 5.0 2.5 2 1 2 1 1
6657.3 -7737.1 17.5 199 0 9.9 6.9 7.5 2.5 2 0 3 1 1
6663.7 -7781.2 16.5 292 0 8.5 4.9 2.5 2.5 2 0 1 1 1
6900.4 -7730.7 22.5 4 0 7.9 12.8 5.0 2.5 2 1 2 0 0
6463.7 -7580.9 15.7 109 0 9.8 11.2 2.5 2.5 2 1 1 0 0
6591.7 -7716.1 16.6 112 0 5.3 13.8 5.0 2.5 2 1 2 1 1
6637.8 -6730.6 30.4 10 0 12.0 5.0 7.5 2.5 2 0 3 2 2
6739.8 -8003.7 19.9 20 0 6.0 11.0 7.5 2.5 2 0 3 4 4
6504.2 -7974.9 15.0 17 0 6.0 19.2 5.0 2.5 2 1 2 3 3
6685.8 -8033.4 19.4 200 0 11.1 8.8 5.0 2.5 4 0 2 4 4
6673.0 -8222.2 26.0 8 0 11.2 4.7 2.5 0.0 0 0 1 5 5
6261.1 -7911.7 12.9 290 0 7.8 10.8 7.5 2.5 2 1 3 2 2
6397.2 -7496.6 16.5 95 0 10.0 12.0 10.0 0.0 0 1 4 2 2
6529.8 -7869.0 15.7 21 0 12.2 5.1 5.0 2.5 2 0 2 4 4
6824.6 -7777.7 19.7 289 0 5.1 11.5 7.5 2.5 2 1 3 4 4
6353.8 -7750.2 12.7 289 0 7.0 8.1 5.0 2.5 2 1 2 1 1
6163.8 -8097.6 14.8 104 0 10.0 7.4 5.0 2.5 2 0 2 1 1
6767.9 -7522.1 21.6 198 0 11.3 6.6 5.0 2.5 2 0 2 3 3
6909.1 -7588.8 24.3 103 0 9.0 13.7 5.0 2.5 2 1 2 2 2
6855.7 -7689.2 22.8 201 0 11.0 11.6 5.0 2.5 2 1 2 4 4
6484.3 -7995.8 14.6 16 0 14.3 6.1 7.5 2.5 2 0 3 2 2
6682.2 -8105.1 20.4 331 0 7.5 14.6 5.0 0.0 0 1 2 2 2
6090.7 -7656.8 13.5 359 0 9.7 5.5 7.5 2.5 2 0 3 2 2
6236.7 -8119.5 13.6 109 0 6.7 11.5 2.5 2.5 2 1 1 0 0
6833.1 -7818.1 19.2 103 0 13.4 5.5 7.5 2.5 2 0 3 4 4
6933.7 -7859.8 21.1 8 0 8.8 8.5 2.5 2.5 2 0 1 4 4
6310.9 -6825.6 34.7 164 0 11.0 10.3 2.5 2.5 2 0 1 5 5
6796.0 -7924.8 19.9 102 0 10.3 5.2 7.5 2.5 2 0 3 5 5
6769.5 -7888.7 19.0 281 0 6.0 13.3 7.5 2.5 2 1 3 1 1
6833.9 -7723.7 21.3 200 0 7.2 9.8 7.5 0.0 0 1 3 0 0
6210.3 -7351.8 18.9 120 0 8.5 13.0 7.5 2.5 2 1 3 1 1
6696.2 -8171.0 23.1 16 0 7.4 11.5 2.5 2.5 2 1 1 4 4
6717.7 -8014.2 19.8 196 0 5.8 7.0 7.5 2.5 2 1 3 4 4
6440.6 -7938.1 14.8 197 0 6.1 9.2 7.5 2.5 2 1 3 0 0
6631.3 -8041.9 18.1 22 0 12.6 9.7 5.0 2.5 2 0 2 3 3
6748.6 -7510.7 21.2 20 0 6.5 10.9 5.0 2.5 2 1 2 2 2
6942.6 -7716.7 22.8 19 0 12.2 7.4 5.0 2.5 2 0 2 1 1
6199.6 -8142.8 13.9 291 0 6.2 12.9 7.5 2.5 2 1 3 1 1
6529.7 -7796.8 15.2 198 0 9.2 6.6 7.5 2.5 2 0 3 5 5
6796.1 -7278.7 30.6 312 0 8.1 16.3 7.5 2.5 2 1 3 1 1
6514.5 -7589.2 15.9 277 0 13.8 5.8 5.0 2.5 2 0 2 0 0
6694.6 -8133.6 21.8 285 0 5.0 15.3 5.0 2.5 2 1 2 2 2
6290.0 -8040.0 13.8 345 0 20.1 10.0 2.5 2.5 2 0 1 1 1
6488.9 -7598.5 15.4 200 0 9.1 15.1 7.5 2.5 2 0 3 5 5
6299.9 -7230.6 24.2 313 0 6.9 14.6 2.5 2.5 2 1 1 3 3
6700.3 -7998.4 19.0 197 0 9.3 9.1 5.0 2.5 2 0 2 5 5
6702.6 -7817.1 17.4 197 0 4.6 12.1 2.5 2.5 2 1 1 5 5
6505.5 -7705.2 14.9 290 0 6.9 10.9 7.5 2.5 2 1 3 3 3
6535.1 -7783.3 15.2 198 0 5.8 19.2 7.5 0.0 0 1 3 4 4
6427.2 -7139.3 23.9 125 0 6.0 13.6 5.0 2.5 2 1 2 5 5
6944.8 -7593.9 24.2 2 0 5.1 11.0 5.0 2.5 2 0 2 2 2
6383.6 -7837.8 13.9 200 0 4.7 10.3 2.5 2.5 2 0 1 4 4
6383.5 -7961.7 13.8 20 0 3.7 9.8 2.5 2.5 2 1 1 4 4
6386.1 -7665.4 13.1 288 0 9.0 11.0 2.5 2.5 2 1 1 2 2
6805.0 -7486.1 23.4 199 0 6.4 15.6 7.5 2.5 2 0 3 4 4
6540.6 -7892.1 16.1 22 0 7.9 9.1 2.5 2.5 2 1 1 2 2
6807.3 -7479.3 23.6 198 0 8.3 7.2 5.0 2.5 2 0 2 3 3
6696.2 -7537.1 19.8 93 0 6.2 12.2 2.5 2.5 4 1 1 2 2
6580.0 -8065.5 17.8 205 0 6.2 10.1 5.0 2.5 2 1 2 1 1
6193.7 -8183.8 14.7 111 0 4.7 13.1 2.5 2.5 2 1 1 0 0
6130.8 -8150.9 14.2 141 0 6.9 11.1 5.0 2.5 2 1 2 3 3
6877.2 -7779.2 20.7 279 0 9.3 12.3 5.0 0.0 0 0 2 0 0
6621.3 -7828.0 16.6 198 0 11.4 6.0 5.0 2.5 4 0 2 3 3
6300.8 -7923.5 13.2 305 0 5.4 12.8 7.5 2.5 4 1 3 1 1
6854.7 -7820.0 19.7 13 0 5.5 8.7 5.0 2.5 2 1 2 0 0
6259.4 -7329.6 19.6 208 0 8.4 8.3 5.0 2.5 2 0 2 5 5
6701.7 -7721.1 18.4 21 0 5.1 10.9 2.5 2.5 2 0 1 1 1
6632.5 -7665.6 17.5 28 0 21.0 4.9 7.5 2.5 2 0 3 5 5
6804.1 -7871.6 19.4 284 0 8.1 7.8 5.0 2.5 2 0 2 1 1
6854.2 -7609.7 23.1 14 0 9.7 7.6 5.0 0.0 0 0 2 3 3
6511.1 -7522.8 17.3 96 0 11.3 9.4 5.0 2.5 2 0 2 4 4
6753.1 -7517.6 21.3 201 0 10.0 5.0 2.5 2.5 2 0 1 1 1
6696.2 -7912.5 17.9 32 0 6.3 11.2 5.0 2.5 2 1 2 1 1
6787.9 -7692.6 20.4 18 0 9.2 4.5 7.5 2.5 2 0 3 3 3
6347.1 -7416.9 17.3 294 0 5.6 7.5 7.5 2.5 2 1 3 5 5
6344.1 -7225.7 23.7 222 0 7.7 8.9 7.5 2.5 2 1 3 2 2
