529.7 1039.4 0.4 1 0 7.5 9.8 2.5 2.5 2 1 1 2 2
4739.7 -1051.8 -2.6 104 0 11.5 23.0 7.5 0.0 0 1 3 2 2
4657.5 -1183.3 -5.9 17 0 41.0 13.5 12.5 2.5 2 0 5 5 5
4814.2 -1222.3 -2.3 108 0 6.9 12.9 5.0 2.5 2 1 2 2 2
4615.2 -1170.5 -6.5 197 0 42.0 20.7 10.0 2.5 2 0 4 1 1
4738.9 -1232.9 -2.8 196 0 22.9 9.2 5.0 2.5 2 0 2 4 4
4556.2 -1196.4 -7.9 202 0 7.6 31.4 5.0 2.5 2 1 2 2 2
4736.5 -1290.5 -6.2 287 0 10.4 12.9 7.5 2.5 2 0 3 0 0
4778.6 -1340.4 -6.8 20 0 13.1 61.7 12.5 2.5 2 0 5 5 5
4742.9 -1271.4 -5.5 287 0 11.4 20.2 7.5 2.5 2 0 3 2 2
4724.8 -1307.6 -6.7 200 0 14.3 56.2 7.5 2.5 2 0 3 3 3
443.0 -4.3 -0.1 284 0 14.0 10.2 7.5 2.5 4 0 3 0 0
393.3 7.5 0.2 283 0 40.7 17.1 10.0 2.5 2 0 4 4 4
422.9 -80.5 -0.2 14 0 46.0 18.4 7.5 2.5 2 0 3 2 2
355.7 -56.1 0.4 193 0 62.3 19.5 10.0 2.5 4 0 4 1 1
343.6 -109.4 -0.5 194 0 15.7 69.9 10.0 2.5 2 1 4 1 1
367.4 -158.2 -0.8 104 0 70.0 17.3 15.0 0.0 0 0 6 2 2
1153.7 -182.9 -2.7 182 0 8.1 20.0 7.5 2.5 2 1 3 3 3
1001.9 -253.9 -2.3 186 0 9.0 10.3 5.0 2.5 4 0 2 5 5
1016.8 -277.5 -3.0 96 0 14.5 26.2 10.0 2.5 2 0 4 1 1
1054.8 -253.9 -2.0 273 0 6.0 12.5 2.5 2.5 2 1 1 0 0
1061.4 -302.8 -3.6 95 0 10.5 12.3 5.0 2.5 2 0 2 5 5
1048.8 -301.7 -3.7 95 0 14.7 12.3 10.0 2.5 2 0 4 3 3
1100.9 -272.5 -2.5 4 0 24.4 13.1 12.5 2.5 2 0 5 4 4
1069.3 -189.8 -0.6 8 0 3.7 12.2 7.5 2.5 2 0 3 5 5
714.2 -6682.9 -19.2 57 0 10.8 4.8 7.5 2.5 2 0 3 4 4
695.6 -6647.2 -18.3 217 0 10.2 16.4 5.0 2.5 2 1 2 5 5
766.9 -6646.3 -18.1 333 0 27.6 12.2 7.5 2.5 2 0 3 5 5
5409.7 -3544.5 -9.3 83 0 8.7 22.9 5.0 2.5 2 1 2 1 1
5332.7 -3486.3 -10.2 339 0 11.6 11.0 7.5 2.5 2 0 3 3 3
5318.2 -3546.9 -10.4 92 0 15.0 26.9 7.5 0.0 0 1 3 1 1
6702.2 7070.8 -17.4 105 0 7.6 17.8 5.0 2.5 2 1 2 4 4
6743.5 7082.4 -18.4 283 0 13.9 12.2 7.5 2.5 2 0 3 1 1
6717.1 7053.9 -17.2 104 0 19.5 14.4 10.0 0.0 0 0 4 3 3
6777.9 6762.3 -17.5 119 0 13.3 17.7 7.5 2.5 2 1 3 2 2
6802.7 6730.8 -17.6 104 0 15.7 8.6 5.0 2.5 2 0 2 4 4
6792.4 6869.6 -16.9 199 0 11.0 10.7 7.5 2.5 2 0 3 2 2
6826.4 6756.9 -17.8 18 0 11.5 8.6 7.5 2.5 4 0 3 3 3
1451.6 4730.3 -17.1 92 0 16.9 9.5 7.5 2.5 2 0 3 4 4
1430.4 4765.9 -16.9 277 0 11.2 13.8 5.0 2.5 2 1 2 1 1
1294.9 4633.9 -16.2 7 0 13.2 12.8 5.0 2.5 2 0 2 1 1
-1520.9 -8245.8 -20.0 186 0 11.2 8.9 2.5 2.5 2 0 1 5 5
-1528.1 -8305.5 -20.4 206 0 5.5 12.3 2.5 2.5 2 1 1 1 1
-1521.7 -8296.7 -20.4 206 0 9.9 11.8 2.5 0.0 0 1 1 4 4
-1522.4 -8277.6 -20.3 206 0 10.8 10.9 5.0 2.5 2 1 2 4 4
-1554.0 -8288.7 -20.2 21 0 9.7 12.3 5.0 2.5 2 1 2 5 5
-1534.0 -8344.8 -20.7 206 0 10.9 9.9 2.5 2.5 2 0 1 1 1
-1532.4 -8330.2 -20.6 207 0 6.7 12.3 5.0 2.5 2 1 2 1 1
-1528.4 -8317.2 -20.5 206 0 9.3 9.4 7.5 2.5 2 1 3 2 2
-1600.5 -8546.1 -22.3 206 0 11.0 10.3 5.0 2.5 2 0 2 5 5
-1314.9 -7772.1 -19.8 119 0 8.3 12.7 2.5 2.5 2 1 1 5 5
1354.3 -843.3 -3.9 91 0 5.6 9.5 7.5 2.5 2 1 3 4 4
1300.8 -807.1 -3.6 94 0 5.4 11.1 7.5 2.5 4 1 3 1 1
1277.9 -793.2 -3.5 97 0 10.3 15.1 5.0 2.5 2 1 2 3 3
1257.2 -777.4 -3.3 105 0 11.4 11.8 2.5 2.5 2 1 1 1 1
1245.6 -794.4 -2.7 281 0 9.4 8.3 7.5 2.5 4 0 3 5 5
1285.9 -819.5 -3.0 277 0 4.9 10.1 7.5 2.5 2 1 3 4 4
1297.8 -833.6 -3.0 278 0 5.4 14.5 2.5 2.5 2 1 1 1 1
1246.1 297.2 -3.4 274 0 9.5 5.9 5.0 2.5 4 0 2 2 2
-917.4 -1095.2 6.1 89 0 12.7 6.0 2.5 2.5 2 0 1 0 0
-1002.5 -1148.5 7.0 251 0 9.4 11.0 7.5 2.5 2 1 3 4 4
-1133.4 -1151.4 9.8 165 0 15.2 18.4 7.5 2.5 4 1 3 4 4
569.1 -42.8 -1.5 144 0 13.6 18.6 10.0 2.5 2 1 4 5 5
997.7 108.7 -3.4 181 0 10.5 12.7 7.5 2.5 2 1 3 0 0
1009.1 175.9 -3.4 183 0 7.0 28.3 5.0 2.5 2 1 2 1 1
882.0 127.0 -3.1 234 0 10.8 10.8 5.0 2.5 2 0 2 2 2
933.0 264.2 -3.5 183 0 8.9 12.2 7.5 2.5 4 1 3 1 1
1225.1 388.0 -3.5 183 0 12.1 11.6 5.0 2.5 2 0 2 5 5
1177.3 579.1 -3.9 88 0 10.3 10.8 5.0 2.5 2 1 2 0 0
1204.9 579.4 -4.5 90 0 7.5 11.5 7.5 2.5 2 0 3 2 2
1212.6 579.5 -4.6 90 0 8.0 9.5 7.5 2.5 2 0 3 3 3
1223.8 579.9 -4.9 97 0 7.2 9.6 7.5 2.5 4 1 3 3 3
1253.7 589.4 -5.4 89 0 9.8 9.9 5.0 2.5 2 1 2 2 2
1224.2 362.0 -3.4 182 0 8.1 8.7 2.5 2.5 4 1 1 3 3
1238.1 231.4 -2.9 177 0 8.4 6.8 2.5 2.5 2 0 1 5 5
1237.8 237.9 -2.9 177 0 4.7 6.8 5.0 2.5 2 0 2 5 5
1233.7 247.8 -3.0 179 0 8.3 11.3 5.0 2.5 2 1 2 5 5
1227.6 283.4 -3.1 183 0 11.7 10.0 5.0 0.0 0 0 2 2 2
1153.3 209.2 -3.1 97 0 10.8 12.7 7.5 0.0 0 1 3 1 1
1165.3 170.4 -3.1 13 0 10.7 13.3 5.0 2.5 2 0 2 1 1
1157.3 188.9 -3.2 283 0 23.7 11.0 7.5 2.5 2 0 3 0 0
1167.0 81.0 -3.1 191 0 9.7 7.9 5.0 0.0 0 0 2 1 1
1158.2 589.2 -3.6 172 0 9.6 10.7 2.5 2.5 2 1 1 1 1
1136.7 470.0 -4.1 0 0 9.9 9.6 2.5 2.5 2 0 1 0 0
-1122.8 1907.1 1.0 203 0 8.8 8.8 5.0 2.5 2 0 2 4 4
2565.9 346.1 -0.4 225 0 10.3 12.1 7.5 2.5 4 1 3 4 4
2544.1 341.4 -0.7 225 0 11.9 13.0 7.5 2.5 4 1 3 2 2
3971.9 -493.1 4.8 284 0 22.7 9.5 7.5 2.5 2 0 3 4 4
3941.2 -484.8 6.2 284 0 22.6 9.7 7.5 2.5 2 0 3 4 4
4636.3 -655.0 -3.2 90 0 6.5 12.6 5.0 2.5 2 1 2 4 4
5223.8 -932.8 -5.3 21 0 6.6 15.9 7.5 2.5 2 1 3 1 1
5249.2 -911.5 -5.1 16 0 11.5 6.5 2.5 0.0 0 0 1 4 4
5230.5 -956.0 -5.6 23 0 10.5 6.3 5.0 2.5 2 0 2 1 1
5242.0 -1036.6 -6.1 344 0 8.3 20.9 2.5 2.5 2 1 1 1 1
900.1 4878.5 -16.6 206 0 10.5 8.5 7.5 2.5 2 0 3 5 5
956.0 4881.0 -17.1 17 0 11.0 8.0 5.0 2.5 2 0 2 0 0
816.0 4728.4 -13.8 20 0 10.5 6.3 7.5 2.5 2 0 3 2 2
976.8 5746.2 -18.3 113 0 8.7 34.8 7.5 2.5 2 1 3 0 0
1007.7 5725.2 -18.2 16 0 5.7 22.0 5.0 2.5 2 1 2 5 5
1220.8 5683.3 -18.4 13 0 9.8 5.0 7.5 2.5 2 0 3 3 3
1525.6 6507.5 -20.6 291 0 12.7 8.3 5.0 2.5 2 0 2 1 1
1427.4 6662.1 -18.8 2 0 10.4 5.6 7.5 2.5 2 0 3 4 4
1454.4 6671.9 -18.3 173 0 10.2 4.7 5.0 2.5 4 0 2 4 4
1415.8 6638.2 -19.2 82 0 8.4 8.0 7.5 2.5 2 0 3 3 3
1416.0 6687.7 -18.8 265 0 10.1 10.9 7.5 2.5 2 1 3 5 5
3645.7 7797.8 -20.0 206 0 5.2 16.7 2.5 2.5 2 1 1 5 5
3633.8 7788.9 -20.1 204 0 9.9 10.2 7.5 2.5 2 1 3 2 2
3668.4 7752.9 -20.4 115 0 10.1 16.5 7.5 2.5 2 0 3 1 1
3653.3 7783.2 -20.2 204 0 7.9 17.7 7.5 2.5 2 1 3 3 3
3679.2 7804.8 -20.0 24 0 3.4 6.5 5.0 2.5 2 0 2 3 3
3678.8 7796.2 -20.1 24 0 12.7 9.7 2.5 2.5 2 0 1 3 3
3656.1 7812.1 -19.8 201 0 6.2 3.4 7.5 2.5 2 0 3 1 1
3631.3 7808.9 -19.8 206 0 13.1 7.1 7.5 0.0 0 0 3 1 1
3556.4 7861.7 -19.2 107 0 11.4 7.2 7.5 2.5 2 0 3 1 1
3559.0 7883.5 -19.2 199 0 10.7 13.2 5.0 2.5 2 1 2 1 1
3582.6 7880.2 -19.2 199 0 3.1 13.3 2.5 2.5 2 0 1 0 0
3598.0 7876.4 -19.1 289 0 4.9 4.9 7.5 2.5 2 0 3 3 3
3575.7 7847.7 -19.2 109 0 4.9 15.2 5.0 0.0 0 0 2 0 0
3584.3 7852.5 -19.2 109 0 8.2 19.7 5.0 2.5 2 0 2 2 2
3591.5 7850.0 -19.2 109 0 6.9 4.8 7.5 2.5 2 0 3 3 3
3619.2 7844.5 -19.4 19 0 7.8 24.6 7.5 2.5 2 0 3 1 1
3627.8 7869.9 -19.2 20 0 5.4 12.1 2.5 2.5 2 0 1 5 5
3616.4 7874.1 -19.1 20 0 5.3 15.7 5.0 2.5 2 0 2 5 5
3601.6 7889.2 -19.2 290 0 6.6 13.2 5.0 2.5 2 0 2 1 1
3614.3 7868.1 -19.1 19 0 7.4 15.7 2.5 2.5 2 0 1 1 1
3622.3 7865.2 -19.2 21 0 7.5 8.5 5.0 2.5 2 0 2 0 0
3625.9 7860.0 -19.3 22 0 9.3 5.3 5.0 2.5 2 0 2 1 1
3637.0 7854.0 -19.4 22 0 12.3 12.5 2.5 2.5 2 0 1 3 3
3628.4 7887.4 -19.0 19 0 5.4 3.3 5.0 2.5 2 0 2 4 4
3648.0 7877.4 -19.2 16 0 9.9 12.7 7.5 2.5 2 1 3 3 3
3658.6 7867.8 -19.4 209 0 11.1 10.3 2.5 2.5 2 0 1 5 5
3671.9 7854.5 -19.5 205 0 3.3 5.0 7.5 2.5 2 0 3 2 2
3677.1 7853.7 -19.6 205 0 6.3 13.6 5.0 2.5 2 0 2 3 3
3699.9 7846.2 -19.7 26 0 8.0 6.2 5.0 2.5 2 0 2 1 1
3692.0 7868.0 -19.5 297 0 3.3 5.2 7.5 2.5 2 1 3 3 3
3657.9 7899.1 -19.1 22 0 9.7 9.0 7.5 2.5 2 0 3 3 3
3644.4 7921.4 -19.1 21 0 5.5 15.5 2.5 2.5 2 1 1 0 0
3620.1 7935.7 -19.2 202 0 4.9 4.9 5.0 2.5 2 0 2 4 4
3622.0 7947.5 -19.2 202 0 18.5 9.5 7.5 2.5 2 0 3 5 5
3621.3 7962.9 -19.2 200 0 5.9 9.1 5.0 2.5 2 1 2 3 3
3684.8 7967.0 -19.0 23 0 12.2 8.9 7.5 2.5 2 0 3 5 5
3692.9 7983.0 -19.0 22 0 12.2 11.2 2.5 2.5 2 0 1 2 2
3663.5 7960.2 -19.1 24 0 6.3 14.9 5.0 2.5 2 0 2 3 3
3644.9 8003.7 -19.2 201 0 15.7 8.3 2.5 2.5 4 0 1 4 4
3654.6 8012.1 -19.2 201 0 3.1 4.3 7.5 2.5 2 1 3 5 5
3670.4 7997.3 -19.1 15 0 4.3 13.3 2.5 2.5 4 1 1 4 4
3673.7 8009.1 -19.1 18 0 5.9 10.1 7.5 2.5 2 0 3 4 4
3700.9 8003.7 -19.0 17 0 10.7 10.7 5.0 2.5 2 1 2 4 4
3714.0 7900.6 -19.3 130 0 7.6 10.8 5.0 2.5 2 0 2 4 4
3704.5 7908.7 -19.3 130 0 17.3 11.8 7.5 2.5 2 0 3 5 5
3728.3 7909.5 -19.3 121 0 11.3 4.8 7.5 2.5 4 0 3 5 5
3757.8 7926.2 -19.3 38 0 5.8 6.0 2.5 2.5 2 0 1 0 0
3770.1 7916.6 -19.5 38 0 5.8 15.6 7.5 2.5 2 0 3 4 4
3729.9 7914.2 -19.3 121 0 8.1 22.0 5.0 2.5 2 0 2 0 0
3728.5 7940.7 -19.1 218 0 5.0 6.3 5.0 2.5 2 1 2 3 3
3710.4 7955.9 -18.9 217 0 6.1 6.3 2.5 2.5 2 0 1 3 3
3709.5 7964.3 -18.8 217 0 6.1 12.1 5.0 2.5 2 0 2 0 0
3719.7 7959.4 -19.0 207 0 6.9 18.5 7.5 0.0 0 0 3 1 1
3746.0 7960.8 -19.0 208 0 21.7 6.8 7.5 2.5 2 0 3 4 4
3737.0 7985.0 -18.8 208 0 5.1 12.3 2.5 2.5 2 0 1 4 4
3733.9 7979.3 -18.9 209 0 8.0 19.5 5.0 2.5 2 0 2 3 3
3714.0 7981.4 -18.8 203 0 16.3 10.3 5.0 2.5 2 0 2 5 5
3726.9 7994.7 -18.8 204 0 8.4 5.8 5.0 2.5 2 0 2 0 0
3720.7 7997.4 -18.8 204 0 8.4 6.7 7.5 2.5 2 0 3 4 4
3741.7 8028.5 -18.8 201 0 9.5 4.0 5.0 2.5 2 0 2 3 3
3733.2 8032.3 -18.8 201 0 10.5 9.3 5.0 2.5 4 0 2 4 4
3754.5 8010.7 -18.6 203 0 4.6 3.7 5.0 2.5 2 0 2 5 5
3730.1 8021.3 -18.8 203 0 6.2 7.6 7.5 2.5 2 0 3 0 0
3737.1 8018.4 -18.8 203 0 6.2 18.9 2.5 0.0 0 0 1 1 1
3766.9 8030.5 -18.7 287 0 6.1 17.3 2.5 2.5 2 0 1 2 2
3757.4 8038.8 -18.7 199 0 4.7 4.3 5.0 2.5 2 0 2 3 3
3753.9 8045.0 -18.8 199 0 4.7 5.3 2.5 2.5 2 0 1 3 3
3752.4 8040.5 -18.7 199 0 4.7 5.3 2.5 2.5 4 0 1 2 2
3753.4 8034.4 -18.7 199 0 6.2 9.4 5.0 2.5 2 0 2 2 2
3747.8 8056.0 -19.0 203 0 10.2 9.1 5.0 2.5 2 0 2 3 3
3661.8 8048.5 -19.2 199 0 20.2 6.0 2.5 2.5 2 0 1 1 1
3671.9 8028.3 -19.2 22 0 4.5 6.5 5.0 2.5 2 1 2 3 3
3678.4 8030.4 -19.1 22 0 6.5 3.4 5.0 2.5 2 0 2 2 2
3691.6 8025.0 -19.1 22 0 6.5 14.2 7.5 2.5 2 0 3 4 4
3692.4 8046.7 -19.1 22 0 4.9 3.8 5.0 0.0 0 0 2 0 0
3696.5 8044.7 -19.1 22 0 5.5 4.6 5.0 0.0 0 0 2 5 5
3718.8 8049.3 -19.0 18 0 12.6 7.5 7.5 2.5 4 0 3 4 4
3701.0 8052.1 -19.1 20 0 4.9 7.3 5.0 2.5 2 1 2 1 1
3668.9 8069.2 -19.2 200 0 16.0 8.9 5.0 2.5 4 0 2 3 3
3672.7 8081.2 -19.3 197 0 13.4 6.9 5.0 2.5 2 0 2 5 5
3699.0 8074.8 -19.2 17 0 5.8 20.1 7.5 2.5 2 0 3 3 3
3706.8 8073.0 -19.1 17 0 6.9 8.0 7.5 0.0 0 0 3 0 0
3724.0 8078.3 -19.0 18 0 6.7 8.8 7.5 2.5 4 0 3 5 5
3716.7 8084.3 -19.1 18 0 6.0 16.7 7.5 0.0 0 0 3 4 4
3701.1 8090.1 -19.2 18 0 4.8 13.1 2.5 2.5 4 0 1 0 0
3715.1 8098.8 -19.2 18 0 6.1 6.0 5.0 2.5 2 0 2 1 1
3703.4 8095.7 -19.2 18 0 7.2 9.7 5.0 2.5 2 0 2 4 4
3711.5 8093.0 -19.1 18 0 7.2 8.6 5.0 2.5 2 0 2 5 5
3707.4 8109.6 -19.3 17 0 5.3 10.9 7.5 2.5 2 0 3 4 4
3669.6 8114.1 -19.4 197 0 19.3 10.4 2.5 0.0 0 0 1 1 1
3675.4 8135.3 -19.5 197 0 17.8 14.4 10.0 2.5 2 0 4 3 3
3708.1 8115.4 -19.4 17 0 6.1 22.6 5.0 2.5 2 0 2 3 3
3721.7 8111.2 -19.5 17 0 6.1 14.2 7.5 2.5 2 0 3 2 2
3697.5 8145.0 -19.7 290 0 7.0 6.0 2.5 2.5 2 0 1 3 3
3703.2 8163.2 -19.7 290 0 7.8 19.1 5.0 2.5 2 0 2 0 0
3712.8 8147.6 -19.8 290 0 26.8 7.6 5.0 2.5 4 0 2 1 1
3746.0 8156.7 -19.9 288 0 12.3 13.6 2.5 2.5 2 0 1 3 3
3763.1 8125.7 -19.9 198 0 6.5 7.7 7.5 2.5 2 1 3 4 4
3777.0 8176.5 -20.0 196 0 13.1 6.9 7.5 2.5 2 0 3 5 5
3786.7 8183.5 -20.0 194 0 4.3 6.9 2.5 2.5 2 1 1 1 1
3802.5 8171.8 -20.1 21 0 6.1 6.4 5.0 2.5 2 0 2 3 3
3794.3 8200.6 -20.0 198 0 11.2 10.2 10.0 2.5 2 0 4 0 0
3817.6 8207.7 -20.0 16 0 5.3 3.7 5.0 2.5 4 0 2 2 2
3805.7 8211.7 -20.0 196 0 8.4 8.9 5.0 2.5 2 0 2 2 2
3748.1 8169.7 -19.9 107 0 12.4 11.4 10.0 2.5 2 0 4 5 5
3737.0 8171.3 -19.9 107 0 9.7 6.7 7.5 2.5 4 0 3 5 5
3722.3 8178.3 -19.8 107 0 22.7 8.1 2.5 2.5 4 0 1 5 5
3698.3 8187.0 -19.6 105 0 9.0 18.0 7.5 2.5 2 1 3 1 1
3746.9 8196.3 -19.8 18 0 7.9 7.9 5.0 2.5 2 1 2 5 5
3712.9 8208.7 -19.7 199 0 7.2 22.9 7.5 2.5 2 0 3 5 5
3702.7 8213.0 -19.6 199 0 5.9 11.1 7.5 2.5 2 0 3 0 0
3636.9 8244.0 -20.5 194 0 6.5 7.4 7.5 2.5 2 1 3 0 0
3670.4 8248.7 -20.2 11 0 5.7 8.1 5.0 2.5 2 0 2 0 0
3669.3 8237.9 -20.2 11 0 15.9 13.5 7.5 2.5 2 0 3 5 5
3680.9 8262.5 -20.1 18 0 8.7 6.3 5.0 2.5 2 0 2 3 3
5453.0 6357.8 -10.4 17 0 9.2 7.3 7.5 2.5 4 0 3 5 5
3689.7 8251.9 -19.9 18 0 10.7 11.6 7.5 2.5 2 0 3 2 2
3708.8 8340.4 -20.4 21 0 8.6 15.7 5.0 2.5 2 1 2 0 0
3707.9 8377.8 -20.5 19 0 5.3 6.8 2.5 2.5 2 0 1 4 4
3688.2 8374.0 -20.7 199 0 25.5 10.5 7.5 2.5 2 0 3 5 5
3732.7 8366.6 -20.3 17 0 10.4 10.8 2.5 2.5 2 1 1 3 3
3730.7 8426.3 -20.6 19 0 8.8 4.4 7.5 2.5 2 0 3 5 5
3736.2 8459.8 -20.7 17 0 4.9 7.6 7.5 2.5 2 0 3 4 4
3731.4 8442.5 -20.7 17 0 12.9 6.9 2.5 2.5 2 0 1 4 4
3734.1 8453.1 -20.7 17 0 9.0 6.3 5.0 2.5 4 0 2 1 1
3749.2 8452.0 -20.6 18 0 5.2 9.9 7.5 2.5 2 0 3 3 3
3755.4 8441.7 -20.5 18 0 13.7 9.1 2.5 2.5 2 0 1 4 4
3725.0 8496.2 -20.3 199 0 14.4 6.2 5.0 2.5 2 0 2 3 3
3756.2 8477.1 -20.4 12 0 3.9 6.8 7.5 0.0 0 0 3 0 0
3758.6 8481.6 -20.3 12 0 6.0 18.6 7.5 0.0 0 0 3 1 1
3765.3 8498.3 -19.9 18 0 4.9 3.5 7.5 2.5 2 0 3 2 2
3769.8 8492.6 -20.1 18 0 13.0 6.1 5.0 2.5 2 0 2 4 4
3776.5 8508.5 -19.7 17 0 11.9 13.4 7.5 2.5 2 1 3 5 5
3740.9 8526.8 -19.7 199 0 13.5 7.1 7.5 0.0 0 0 3 1 1
3761.0 8530.7 -19.4 19 0 3.6 9.8 2.5 2.5 2 1 1 1 1
3756.0 8579.1 -18.5 198 0 6.8 7.5 5.0 2.5 2 0 2 1 1
3749.5 8570.4 -18.8 198 0 13.7 10.9 5.0 2.5 2 0 2 1 1
3788.8 8564.5 -18.6 18 0 10.1 9.6 5.0 2.5 4 0 2 5 5
3796.0 8617.3 -17.6 17 0 9.3 7.9 5.0 2.5 2 0 2 0 0
3788.4 8619.6 -17.6 17 0 9.3 18.9 5.0 2.5 2 0 2 3 3
3763.3 8631.3 -17.4 107 0 9.9 29.4 7.5 2.5 2 0 3 2 2
3800.3 8647.4 -17.0 17 0 5.8 25.5 5.0 0.0 0 0 2 2 2
3807.4 8629.2 -17.3 15 0 3.7 5.1 7.5 2.5 2 0 3 5 5
3810.9 8636.6 -17.2 15 0 12.4 6.6 7.5 2.5 2 0 3 3 3
3758.2 8698.9 -16.4 274 0 10.5 21.9 5.0 2.5 2 1 2 2 2
3793.0 8671.2 -16.6 6 0 8.0 19.0 7.5 2.5 2 1 3 5 5
3794.9 8690.9 -15.8 355 0 12.2 9.9 7.5 2.5 2 0 3 1 1
4442.7 7137.4 -18.4 5 0 7.2 9.5 2.5 2.5 2 1 1 0 0
4404.3 7135.3 -19.1 184 0 12.7 7.3 2.5 2.5 4 0 1 1 1
4404.0 7111.5 -19.0 183 0 11.5 7.0 5.0 2.5 2 0 2 1 1
4428.5 7100.0 -18.5 97 0 6.3 12.6 5.0 2.5 2 1 2 0 0
4509.4 6590.7 -17.7 192 0 6.0 24.5 7.5 2.5 2 1 3 4 4
4387.1 6100.0 -15.6 296 0 6.1 7.6 7.5 2.5 2 1 3 2 2
4324.6 6077.2 -15.7 209 0 7.4 17.3 2.5 2.5 2 0 1 0 0
4357.3 6079.3 -15.4 291 0 9.2 17.7 7.5 2.5 4 0 3 3 3
4362.8 6080.8 -15.4 201 0 5.2 15.1 7.5 2.5 2 0 3 3 3
4361.7 6078.0 -15.3 201 0 5.4 7.9 5.0 0.0 0 0 2 3 3
4380.4 6066.9 -15.3 21 0 8.0 13.5 5.0 0.0 0 0 2 4 4
4365.6 6043.0 -15.0 121 0 11.4 4.7 7.5 0.0 0 0 3 0 0
4363.4 6050.9 -15.1 119 0 14.8 6.3 5.0 2.5 2 0 2 4 4
4401.6 6074.8 -15.3 5 0 10.5 9.6 5.0 2.5 2 0 2 3 3
4398.4 6022.5 -14.7 11 0 11.3 8.6 7.5 2.5 2 0 3 1 1
4444.0 5975.4 -15.1 282 0 8.1 38.3 7.5 2.5 2 1 3 1 1
4400.8 5986.1 -14.3 201 0 5.8 4.3 5.0 0.0 0 0 2 4 4
4404.8 5984.5 -14.2 201 0 5.8 11.1 7.5 2.5 2 0 3 5 5
4413.5 5943.8 -14.4 207 0 5.5 3.3 5.0 2.5 2 0 2 3 3
4392.3 5955.0 -14.3 208 0 6.9 24.0 7.5 2.5 2 0 3 3 3
4434.5 5916.5 -15.1 23 0 3.2 3.2 7.5 2.5 2 0 3 3 3
4437.3 5915.4 -15.2 23 0 3.2 3.1 5.0 2.5 2 0 2 3 3
4437.0 5919.0 -15.2 23 0 3.2 7.3 5.0 2.5 2 0 2 0 0
4423.3 5921.2 -14.8 22 0 4.4 3.5 2.5 2.5 2 0 1 4 4
4411.2 5911.0 -14.7 112 0 8.0 16.2 5.0 2.5 2 0 2 4 4
4384.6 5925.4 -14.4 203 0 5.6 22.3 5.0 2.5 4 1 2 0 0
4383.3 5914.0 -14.3 201 0 5.6 16.5 2.5 2.5 2 0 1 1 1
4398.0 5897.5 -14.4 111 0 6.3 12.9 7.5 2.5 2 0 3 4 4
4395.3 5886.0 -14.1 27 0 5.2 7.3 5.0 2.5 2 0 2 2 2
4388.8 5889.4 -14.0 27 0 5.2 19.2 7.5 2.5 2 0 3 4 4
4383.0 5883.2 -13.8 26 0 6.5 12.8 5.0 2.5 2 1 2 5 5
4349.2 5918.0 -13.9 211 0 6.3 11.9 2.5 2.5 4 1 1 4 4
4344.8 5871.6 -14.7 210 0 6.6 3.9 5.0 2.5 2 0 2 1 1
4345.9 5857.8 -14.9 120 0 7.9 25.7 2.5 2.5 2 0 1 0 0
4302.3 5789.8 -14.6 307 0 6.0 13.2 5.0 2.5 2 0 2 1 1
4275.2 5781.7 -14.6 211 0 5.3 10.3 2.5 2.5 2 1 1 1 1
5146.4 5130.9 -8.2 108 0 10.0 5.4 5.0 2.5 2 0 2 0 0
4222.3 5820.2 -14.9 209 0 23.7 5.3 7.5 2.5 2 0 3 5 5
4245.7 5829.4 -14.9 31 0 4.4 10.7 7.5 2.5 4 1 3 2 2
4255.2 5812.5 -14.8 28 0 11.6 7.1 7.5 2.5 2 0 3 0 0
4240.6 5795.1 -14.7 22 0 5.7 12.4 2.5 2.5 2 0 1 1 1
4220.9 5743.4 -14.7 33 0 8.5 6.1 5.0 2.5 2 0 2 0 0
4211.0 5749.3 -14.7 35 0 8.0 12.6 5.0 2.5 2 1 2 5 5
4169.9 5710.5 -15.1 299 0 10.3 3.5 5.0 2.5 2 0 2 4 4
4174.0 5704.2 -15.3 299 0 10.3 16.5 7.5 2.5 2 0 3 4 4
4181.2 5715.9 -15.1 299 0 11.5 7.8 5.0 0.0 0 0 2 2 2
4192.9 5700.5 -15.2 29 0 9.3 11.8 5.0 2.5 2 0 2 2 2
4181.5 5668.2 -15.3 30 0 7.5 8.9 5.0 2.5 2 0 2 0 0
4154.7 5679.3 -15.3 120 0 3.7 7.5 5.0 2.5 2 0 2 0 0
4173.8 5672.6 -15.3 30 0 7.5 18.1 5.0 0.0 0 0 2 0 0
4199.6 5676.8 -15.3 206 0 11.4 11.1 5.0 2.5 2 0 2 3 3
4184.9 5651.5 -15.2 205 0 8.4 11.8 5.0 2.5 2 1 2 1 1
4202.8 5651.0 -15.2 207 0 3.7 6.5 5.0 2.5 2 0 2 1 1
4197.9 5621.0 -15.2 34 0 9.4 5.8 7.5 0.0 0 0 3 5 5
4343.2 5274.1 -12.0 42 0 3.4 6.9 2.5 2.5 2 0 1 2 2
4335.8 5296.0 -11.8 42 0 7.1 5.3 7.5 2.5 2 0 3 4 4
4346.2 5286.6 -11.8 42 0 7.1 14.0 2.5 2.5 2 0 1 5 5
4346.3 5277.6 -11.9 42 0 6.0 20.1 2.5 2.5 2 0 1 5 5
4348.9 5308.6 -12.2 47 0 10.7 5.8 5.0 2.5 2 0 2 5 5
4358.2 5276.9 -12.1 128 0 7.5 8.4 2.5 2.5 2 0 1 4 4
4369.1 5284.9 -11.9 38 0 9.1 7.4 5.0 2.5 4 0 2 4 4
4363.6 5290.0 -11.9 38 0 7.8 6.2 5.0 2.5 2 0 2 4 4
4366.5 5296.2 -12.1 38 0 5.6 12.4 7.5 2.5 2 0 3 1 1
4374.1 5297.2 -12.1 38 0 5.1 8.1 7.5 2.5 4 0 3 3 3
4359.2 5326.0 -12.6 228 0 12.6 8.6 5.0 2.5 2 0 2 5 5
4385.8 5310.7 -12.5 44 0 7.8 12.8 7.5 2.5 2 1 3 4 4
4394.7 5290.8 -12.0 50 0 10.9 6.2 5.0 2.5 2 0 2 2 2
4426.5 5349.0 -13.1 226 0 9.6 11.8 5.0 2.5 2 1 2 0 0
4460.4 5342.7 -13.2 45 0 7.6 18.0 5.0 0.0 0 1 2 0 0
4468.8 5371.5 -13.2 227 0 3.8 5.6 5.0 2.5 2 1 2 2 2
4493.8 5356.0 -13.2 32 0 15.6 10.6 5.0 2.5 2 0 2 2 2
4523.0 5402.8 -13.2 43 0 6.1 12.9 7.5 2.5 2 1 3 2 2
4533.8 5430.6 -13.2 312 0 9.1 10.3 5.0 2.5 4 1 2 3 3
4561.6 5452.9 -13.2 125 0 6.2 12.2 7.5 2.5 2 0 3 0 0
4547.4 5476.5 -13.3 121 0 4.7 8.5 7.5 2.5 2 0 3 3 3
4526.3 5484.0 -13.4 199 0 12.2 6.7 7.5 2.5 2 0 3 4 4
4546.8 5557.8 -14.1 297 0 10.0 10.0 7.5 2.5 2 0 3 0 0
4553.8 5530.3 -13.8 211 0 6.6 12.0 7.5 0.0 0 1 3 2 2
5449.8 6347.4 -9.9 17 0 12.5 7.3 7.5 2.5 4 0 3 3 3
5463.2 6368.7 -11.0 22 0 12.7 6.1 7.5 2.5 2 0 3 1 1
5517.0 5960.4 -10.9 9 0 15.8 6.4 7.5 2.5 2 0 3 0 0
5499.4 5979.3 -11.5 279 0 15.6 6.0 7.5 2.5 2 0 3 5 5
5476.8 5939.3 -11.2 192 0 14.6 8.4 5.0 0.0 0 0 2 2 2
5500.9 5928.7 -11.1 12 0 6.2 11.6 5.0 2.5 4 1 2 2 2
5452.6 5800.8 -10.2 280 0 3.9 6.0 5.0 2.5 2 0 2 4 4
5460.3 5799.3 -10.1 280 0 11.9 6.0 5.0 2.5 2 0 2 3 3
5441.8 5743.6 -9.8 103 0 12.5 6.3 5.0 0.0 0 0 2 4 4
5436.4 5788.4 -10.2 192 0 11.9 6.5 2.5 2.5 2 0 1 1 1
5430.0 5754.9 -10.0 102 0 6.2 12.9 7.5 2.5 2 1 3 5 5
5424.4 5616.3 -8.6 195 0 12.0 6.5 5.0 2.5 2 0 2 1 1
5449.5 5599.7 -8.3 14 0 6.0 16.9 5.0 2.5 2 1 2 4 4
5445.3 5624.2 -8.5 283 0 8.5 4.7 5.0 2.5 2 0 2 0 0
5408.9 5545.8 -7.9 10 0 13.1 6.1 7.5 2.5 4 0 3 0 0
5403.8 5534.8 -7.8 100 0 6.1 5.2 7.5 2.5 2 0 3 4 4
5369.8 5553.4 -8.2 192 0 12.3 6.1 2.5 2.5 2 0 1 5 5
5078.3 5470.6 -11.5 184 0 3.8 5.3 5.0 2.5 2 1 2 5 5
5077.5 5454.6 -11.7 188 0 5.7 11.5 5.0 2.5 2 1 2 4 4
5125.8 5151.2 -8.5 191 0 10.4 12.2 5.0 2.5 2 1 2 0 0
5151.4 5151.8 -8.5 289 0 7.3 5.1 2.5 2.5 2 0 1 3 3
5163.8 5145.3 -8.5 289 0 6.3 11.2 7.5 2.5 2 0 3 5 5
5163.5 5131.4 -8.3 19 0 4.0 7.3 5.0 2.5 2 0 2 5 5
5196.9 4783.1 -5.0 18 0 10.9 10.4 2.5 2.5 2 0 1 4 4
5157.9 4793.9 -4.5 199 0 7.0 16.6 7.5 2.5 2 1 3 5 5
5178.8 4767.8 -4.8 19 0 3.3 4.5 7.5 2.5 2 0 3 2 2
5155.2 4752.4 -4.7 118 0 7.1 6.6 7.5 2.5 2 0 3 3 3
5171.9 4767.2 -4.7 19 0 3.8 17.1 5.0 2.5 2 0 2 4 4
5139.3 4791.2 -4.1 284 0 10.1 12.1 7.5 2.5 2 0 3 2 2
5109.6 4772.5 -3.7 128 0 8.6 4.8 5.0 2.5 2 0 2 2 2
5091.5 4773.9 -3.5 133 0 9.8 5.1 5.0 2.5 2 0 2 4 4
5147.7 4540.7 4.5 314 0 5.3 8.4 2.5 2.5 2 1 1 4 4
5223.6 4423.7 3.7 103 0 5.8 12.4 2.5 2.5 4 1 1 4 4
5253.5 4410.0 2.9 288 0 3.7 5.2 7.5 2.5 2 0 3 2 2
5239.7 4363.0 3.6 180 0 9.8 10.5 5.0 2.5 4 1 2 1 1
5193.7 4344.1 5.8 359 0 8.1 8.5 7.5 2.5 2 1 3 4 4
5205.8 4201.8 8.8 350 0 12.8 14.3 2.5 2.5 2 1 1 4 4
5182.4 4162.0 9.7 194 0 7.3 7.9 2.5 2.5 2 1 1 3 3
5183.7 4137.7 10.2 114 0 3.5 4.8 7.5 2.5 2 0 3 4 4
5197.0 4134.7 10.2 24 0 5.5 11.6 5.0 2.5 2 0 2 5 5
5204.2 4153.5 9.9 17 0 11.4 9.7 7.5 2.5 2 0 3 5 5
5216.4 4136.8 10.6 108 0 4.2 3.5 5.0 2.5 2 0 2 3 3
5201.1 4114.1 11.0 280 0 10.1 11.6 2.5 2.5 2 1 1 3 3
5174.3 4102.5 10.9 278 0 9.0 4.6 7.5 2.5 2 0 3 1 1
5171.4 4082.0 11.0 98 0 9.0 16.1 2.5 2.5 2 0 1 4 4
5204.7 3999.3 14.0 111 0 5.8 15.1 5.0 2.5 2 0 2 1 1
5229.7 4003.5 14.4 110 0 4.7 5.6 7.5 2.5 2 0 3 5 5
5225.0 4007.8 14.2 110 0 7.0 3.2 7.5 2.5 2 0 3 2 2
5234.0 3988.0 15.0 113 0 5.7 11.5 5.0 2.5 2 1 2 1 1
5240.3 4119.8 11.3 287 0 13.2 9.8 7.5 2.5 2 0 3 0 0
5226.1 4096.9 11.7 285 0 8.0 18.3 5.0 2.5 2 0 2 0 0
5246.0 4082.0 12.3 294 0 6.8 18.8 7.5 2.5 2 1 3 0 0
5242.7 4096.0 11.9 284 0 4.8 8.8 7.5 2.5 2 1 3 3 3
5261.1 4096.2 11.8 295 0 5.5 5.8 5.0 2.5 2 0 2 5 5
5258.7 4090.9 12.1 295 0 5.5 13.3 2.5 2.5 4 0 1 0 0
5253.8 4064.6 12.7 24 0 3.6 4.0 7.5 2.5 2 0 3 5 5
5267.6 4058.3 12.9 24 0 3.6 3.6 7.5 2.5 2 0 3 1 1
5265.3 4053.1 12.8 24 0 7.9 19.1 7.5 2.5 2 0 3 4 4
5265.8 4131.9 10.0 110 0 7.3 11.3 5.0 2.5 2 1 2 3 3
5291.0 4148.7 9.1 106 0 5.2 5.3 7.5 2.5 4 0 3 3 3
5285.7 4132.8 9.3 106 0 6.3 16.8 5.0 2.5 2 0 2 0 0
5306.7 4173.1 8.0 288 0 20.2 7.5 7.5 2.5 2 0 3 2 2
5308.4 4112.1 9.8 109 0 10.2 8.1 5.0 2.5 2 0 2 2 2
5312.8 4133.6 8.8 107 0 6.0 12.4 5.0 2.5 2 1 2 4 4
5328.4 4168.0 7.7 289 0 13.8 10.0 2.5 2.5 2 0 1 5 5
5331.0 4147.2 8.4 287 0 5.2 4.6 7.5 2.5 4 0 3 1 1
5328.2 4138.3 8.6 107 0 5.2 4.7 7.5 2.5 2 0 3 0 0
5326.7 4133.3 8.8 107 0 5.2 5.2 7.5 2.5 4 0 3 5 5
5330.7 4124.6 8.3 107 0 7.6 22.7 5.0 0.0 0 0 2 1 1
5300.2 4095.8 10.9 290 0 9.9 10.7 2.5 2.5 2 1 1 5 5
5304.1 4070.6 11.7 287 0 6.3 19.8 5.0 2.5 2 0 2 2 2
5304.1 4075.4 11.5 287 0 9.0 4.6 7.5 2.5 2 0 3 2 2
5284.3 4078.1 11.9 294 0 6.0 24.4 5.0 2.5 4 1 2 0 0
5331.2 4060.5 11.4 294 0 5.9 15.4 7.5 2.5 2 1 3 2 2
5332.2 4001.4 14.1 23 0 4.8 8.7 5.0 2.5 2 1 2 2 2
5348.8 4075.8 10.5 290 0 11.1 9.9 7.5 2.5 2 0 3 4 4
5360.9 4142.5 7.9 289 0 6.4 7.9 7.5 2.5 4 1 3 4 4
5391.3 4098.8 8.3 108 0 5.0 10.1 7.5 0.0 0 1 3 2 2
5407.6 4094.0 7.9 109 0 6.1 15.5 5.0 2.5 2 1 2 0 0
5404.6 4080.0 8.7 107 0 11.1 10.1 5.0 2.5 2 0 2 0 0
5438.8 4147.6 5.0 201 0 5.6 10.4 2.5 2.5 2 1 1 5 5
5426.0 4123.8 6.7 289 0 4.2 3.6 5.0 2.5 4 0 2 2 2
5421.3 4129.4 6.6 289 0 8.3 7.3 5.0 2.5 2 0 2 2 2
5414.5 4071.0 8.5 110 0 6.4 18.1 2.5 2.5 2 1 1 3 3
5447.8 4113.8 6.5 291 0 3.9 4.9 2.5 2.5 2 0 1 5 5
5440.0 4103.6 6.8 111 0 6.3 7.4 7.5 2.5 4 0 3 4 4
5447.5 4127.3 5.9 291 0 6.3 17.4 5.0 2.5 2 0 2 4 4
5456.3 4141.8 4.9 291 0 8.8 16.8 2.5 2.5 2 0 1 0 0
5437.8 4069.3 8.2 108 0 12.1 10.8 5.0 2.5 2 0 2 1 1
5464.7 4066.3 6.8 107 0 6.3 25.3 5.0 0.0 0 1 2 1 1
5424.1 4036.9 10.8 294 0 3.2 4.3 2.5 2.5 2 0 1 2 2
5420.5 4038.5 10.8 294 0 4.7 5.2 5.0 2.5 2 0 2 2 2
5425.2 4047.4 10.0 294 0 11.0 10.0 5.0 2.5 2 0 2 5 5
5407.9 4014.3 11.7 114 0 7.7 12.5 5.0 2.5 2 1 2 3 3
5409.9 3998.8 13.0 116 0 24.0 7.0 7.5 2.5 2 0 3 3 3
5435.4 4025.6 11.3 292 0 4.6 8.6 2.5 2.5 2 0 1 0 0
5438.6 4018.9 11.6 292 0 6.4 11.7 7.5 2.5 2 0 3 5 5
5442.9 4029.5 10.9 292 0 6.4 11.4 2.5 2.5 2 0 1 1 1
5459.2 4025.5 10.6 290 0 3.2 5.9 2.5 2.5 2 0 1 3 3
5463.4 4036.3 9.9 290 0 5.8 11.6 5.0 2.5 2 0 2 1 1
5471.7 4015.2 10.9 299 0 6.1 14.2 5.0 2.5 2 1 2 5 5
5479.6 4026.6 10.0 289 0 10.5 9.1 5.0 2.5 2 0 2 3 3
5488.2 3976.2 12.4 17 0 7.2 12.0 5.0 2.5 2 1 2 4 4
5499.5 3990.7 11.0 23 0 16.6 6.3 7.5 2.5 2 0 3 2 2
5502.9 4019.7 9.6 295 0 11.8 10.5 5.0 2.5 2 0 2 3 3
5524.7 4034.2 7.2 112 0 8.4 8.5 5.0 2.5 4 1 2 3 3
6381.0 4145.1 3.3 115 0 3.8 4.7 7.5 2.5 2 0 3 5 5
6383.7 4146.5 3.3 205 0 4.7 8.7 7.5 2.5 4 0 3 0 0
6391.4 4299.5 -0.9 205 0 4.6 30.2 5.0 0.0 0 0 2 4 4
6383.5 4316.7 -1.3 204 0 20.2 44.5 10.0 2.5 2 0 4 2 2
5908.1 4327.4 -4.0 93 0 6.0 20.1 2.5 2.5 4 1 1 4 4
5908.5 4362.3 -3.6 183 0 10.2 11.4 7.5 2.5 2 0 3 5 5
5924.0 4397.5 -3.5 246 0 11.6 5.5 7.5 2.5 2 0 3 5 5
5946.7 4414.4 -3.6 265 0 11.6 31.0 12.5 2.5 2 1 5 2 2
6010.0 4363.2 -3.2 87 0 16.2 5.8 7.5 2.5 2 0 3 4 4
6037.3 4377.8 -3.3 268 0 9.9 11.2 7.5 2.5 2 1 3 4 4
6066.8 4364.6 -3.2 356 0 6.9 3.6 5.0 2.5 2 0 2 0 0
6063.7 4358.5 -3.2 356 0 6.9 15.1 2.5 2.5 2 0 1 1 1
6268.9 4246.2 0.4 114 0 48.4 22.3 10.0 2.5 2 0 4 4 4
6228.2 4452.4 -3.9 271 0 9.3 18.7 5.0 2.5 2 1 2 5 5
6163.7 4419.9 -3.7 213 0 15.7 30.5 7.5 2.5 2 1 3 2 2
6507.3 5544.0 -12.3 15 0 6.4 4.7 5.0 2.5 2 0 2 2 2
6502.8 5545.3 -12.3 15 0 6.4 15.1 7.5 2.5 4 0 3 0 0
6374.4 4787.5 -6.7 355 0 4.4 3.1 5.0 0.0 0 0 2 1 1
6359.3 4782.2 -6.7 104 0 5.0 3.6 7.5 2.5 2 0 3 2 2
6354.7 4787.1 -6.8 104 0 16.5 6.3 2.5 2.5 4 0 1 0 0
6363.3 4811.4 -6.9 13 0 5.4 11.7 7.5 2.5 2 0 3 2 2
6365.4 4816.7 -6.9 13 0 5.9 12.5 2.5 2.5 2 0 1 3 3
6361.0 4855.5 -8.2 102 0 9.9 10.6 5.0 2.5 2 1 2 5 5
6379.0 4820.5 -7.0 7 0 11.6 5.8 2.5 2.5 4 0 1 4 4
6383.5 4787.7 -6.7 355 0 11.2 9.1 5.0 2.5 4 0 2 1 1
6410.4 4789.7 -6.6 192 0 5.8 19.0 7.5 2.5 4 1 3 4 4
6416.2 4812.4 -6.8 191 0 3.8 5.6 5.0 0.0 0 1 2 4 4
6399.6 4812.1 -6.9 186 0 11.1 9.7 7.5 2.5 2 0 3 3 3
6406.2 4823.8 -7.2 192 0 6.1 13.2 7.5 2.5 2 1 3 1 1
6397.9 4829.9 -7.3 182 0 3.6 5.2 2.5 2.5 2 0 1 4 4
6398.2 4837.6 -7.7 182 0 11.9 5.2 5.0 2.5 2 0 2 0 0
6424.0 4874.8 -8.6 282 0 5.5 22.8 7.5 2.5 2 1 3 2 2
6407.3 4857.4 -8.3 194 0 6.0 4.2 2.5 2.5 2 0 1 5 5
6396.1 4860.2 -8.3 194 0 6.0 11.6 7.5 2.5 2 0 3 2 2
6396.7 4883.0 -8.7 183 0 9.7 11.6 7.5 0.0 0 1 3 5 5
6537.3 4785.7 -6.5 283 0 16.6 24.0 12.5 2.5 2 1 5 0 0
6551.7 4685.6 -5.2 13 0 5.7 29.6 5.0 2.5 2 1 2 2 2
6557.2 4681.4 -5.1 98 0 8.7 7.6 7.5 2.5 2 0 3 3 3
6555.5 4670.1 -5.1 98 0 8.7 11.5 7.5 2.5 2 0 3 0 0
6585.4 4702.3 -5.3 17 0 5.2 20.3 5.0 2.5 2 1 2 3 3
6579.3 4721.1 -5.5 16 0 11.1 5.9 7.5 2.5 2 0 3 1 1
6587.0 4667.3 -5.1 100 0 8.8 15.5 7.5 2.5 2 1 3 2 2
6598.5 4690.9 -5.2 14 0 12.6 8.0 5.0 2.5 2 0 2 3 3
6605.8 4705.9 -5.4 19 0 10.8 8.9 7.5 2.5 2 0 3 2 2
6632.1 4757.3 -6.2 106 0 22.6 4.7 7.5 2.5 2 0 3 1 1
6612.0 4757.9 -6.0 13 0 9.0 5.7 7.5 2.5 2 0 3 4 4
6617.2 4761.3 -6.2 103 0 14.2 5.1 7.5 2.5 2 0 3 2 2
6595.7 4729.9 -5.5 296 0 6.2 8.3 7.5 2.5 2 0 3 1 1
6583.6 4769.5 -6.0 283 0 9.1 17.7 7.5 2.5 2 0 3 0 0
6592.9 4772.1 -6.2 283 0 8.1 22.3 5.0 2.5 2 0 2 2 2
6605.6 4755.2 -6.2 13 0 17.2 12.1 7.5 2.5 2 0 3 0 0
6649.3 4804.1 -8.1 105 0 4.8 10.1 5.0 0.0 0 1 2 1 1
6636.3 4762.8 -6.5 111 0 17.1 5.8 2.5 2.5 2 0 1 0 0
6655.1 4790.8 -7.4 285 0 13.8 5.6 5.0 0.0 0 0 2 3 3
6629.9 4740.7 -5.9 21 0 11.2 8.4 7.5 2.5 2 0 3 4 4
6627.9 4730.6 -5.7 21 0 9.1 5.8 7.5 2.5 2 0 3 0 0
6671.3 4772.2 -7.1 27 0 13.7 5.4 7.5 2.5 2 0 3 3 3
6664.8 4758.4 -6.5 26 0 12.5 5.3 5.0 2.5 2 0 2 4 4
6640.3 4746.0 -6.0 208 0 10.2 5.9 2.5 2.5 2 0 1 1 1
6638.4 4727.9 -5.7 197 0 9.3 11.3 7.5 2.5 2 1 3 1 1
6331.2 4426.9 -3.4 20 0 6.9 4.3 5.0 2.5 2 0 2 2 2
6318.6 4427.8 -3.6 110 0 15.6 6.9 5.0 2.5 2 0 2 3 3
6342.7 4433.1 -3.5 22 0 14.1 5.9 7.5 2.5 4 0 3 5 5
6357.6 4455.1 -3.8 20 0 10.5 11.3 5.0 2.5 2 1 2 4 4
6353.7 4536.9 -4.0 191 0 13.5 9.6 2.5 2.5 2 0 1 2 2
6356.8 4507.9 -3.9 146 0 10.3 24.6 10.0 2.5 2 1 4 2 2
6390.8 4543.8 -3.3 359 0 4.5 3.1 7.5 2.5 2 0 3 1 1
6554.9 4654.2 -5.1 262 0 5.9 6.0 5.0 2.5 2 1 2 0 0
6396.4 4539.2 -3.4 359 0 14.0 5.5 5.0 2.5 2 0 2 4 4
6379.9 4598.7 -3.5 14 0 12.4 24.1 7.5 2.5 2 1 3 5 5
6419.3 4732.5 -6.0 134 0 8.1 11.6 5.0 2.5 2 1 2 1 1
6453.1 4753.3 -6.1 287 0 16.5 8.6 5.0 2.5 2 0 2 1 1
6405.1 4685.7 -4.9 179 0 13.4 5.8 7.5 2.5 4 0 3 5 5
6406.3 4709.4 -5.5 183 0 9.3 10.9 5.0 2.5 2 1 2 0 0
6428.1 4694.1 -5.1 347 0 12.0 6.0 5.0 2.5 2 0 2 3 3
6423.1 4659.3 -4.3 190 0 4.1 6.4 7.5 2.5 2 1 3 3 3
6433.4 4548.7 -3.0 106 0 6.8 13.1 5.0 2.5 2 1 2 5 5
6458.2 4573.0 -3.4 14 0 6.3 8.7 5.0 2.5 2 0 2 4 4
6516.6 4670.2 -5.2 106 0 8.2 10.9 5.0 0.0 0 1 2 0 0
6455.3 4642.0 -4.2 281 0 20.0 6.8 7.5 2.5 2 0 3 0 0
6471.9 4667.0 -4.7 287 0 14.0 9.3 7.5 2.5 2 0 3 2 2
6498.0 4598.3 -4.1 11 0 4.9 9.7 7.5 2.5 2 1 3 0 0
6506.3 4658.9 -4.9 282 0 5.1 12.0 2.5 2.5 4 0 1 5 5
6493.7 4649.2 -4.7 282 0 25.9 6.4 7.5 2.5 2 0 3 4 4
6511.3 4606.5 -4.4 11 0 6.2 10.2 7.5 2.5 2 1 3 0 0
6521.9 4623.8 -4.6 16 0 5.6 16.6 7.5 2.5 2 1 3 2 2
6538.7 4644.2 -4.9 284 0 8.8 19.3 5.0 0.0 0 1 2 3 3
6578.3 4643.0 -5.1 60 0 14.4 11.0 5.0 2.5 2 0 2 0 0
6460.2 4536.6 -3.2 234 0 20.0 12.1 7.5 2.5 2 0 3 0 0
6484.9 4556.6 -3.5 290 0 5.3 11.0 5.0 2.5 2 0 2 4 4
6515.3 4559.3 -3.8 199 0 3.8 8.5 5.0 2.5 2 0 2 5 5
6510.8 4532.8 -3.7 109 0 8.5 24.6 5.0 2.5 2 0 2 5 5
6545.2 4599.4 -4.5 272 0 5.3 11.4 7.5 2.5 2 1 3 2 2
6558.6 4574.6 -4.3 187 0 3.3 4.9 5.0 2.5 2 0 2 0 0
6556.3 4573.2 -4.3 277 0 8.3 5.8 5.0 2.5 2 0 2 4 4
6571.0 4615.3 -4.9 181 0 6.3 10.7 7.5 2.5 2 0 3 2 2
6581.6 4614.7 -5.0 181 0 5.5 15.1 5.0 2.5 4 0 2 5 5
6600.1 4595.0 -4.9 7 0 11.5 9.1 7.5 2.5 2 0 3 1 1
6574.3 4604.6 -4.8 276 0 6.5 18.2 2.5 0.0 0 1 1 2 2
6551.1 4533.0 -3.8 109 0 5.8 9.1 2.5 2.5 2 1 1 1 1
6573.4 4529.1 -3.9 15 0 5.5 9.6 2.5 2.5 2 1 1 1 1
6617.6 4596.5 -5.0 188 0 12.1 5.2 2.5 2.5 4 0 1 2 2
6635.7 4512.5 -4.4 10 0 24.0 8.8 2.5 2.5 2 0 1 2 2
6621.5 4501.9 -4.2 7 0 3.8 5.2 5.0 2.5 2 1 2 4 4
6624.0 4485.4 -4.1 10 0 3.5 5.8 5.0 2.5 2 0 2 2 2
6620.8 4469.0 -4.1 100 0 8.8 14.9 5.0 2.5 2 0 2 3 3
6605.4 4535.5 -4.3 194 0 9.5 9.1 7.5 2.5 2 0 3 5 5
6596.5 4513.5 -4.1 193 0 11.1 10.3 7.5 2.5 4 0 3 0 0
6604.9 4471.5 -4.0 97 0 20.9 5.6 5.0 2.5 2 0 2 2 2
6588.3 4492.4 -3.9 196 0 11.8 9.3 7.5 2.5 2 0 3 1 1
6637.4 4536.7 -4.5 12 0 18.1 8.1 7.5 2.5 2 0 3 1 1
6642.7 4593.7 -5.0 11 0 4.4 6.6 7.5 2.5 2 0 3 2 2
6649.6 4582.2 -5.0 11 0 24.3 9.0 2.5 2.5 2 0 1 0 0
6656.8 4607.7 -4.9 17 0 8.0 6.4 7.5 2.5 4 0 3 0 0
6654.3 4599.5 -5.0 17 0 9.2 6.4 5.0 2.5 4 0 2 4 4
6658.3 4618.0 -4.8 45 0 5.4 4.2 7.5 2.5 2 0 3 4 4
6632.8 4606.6 -5.0 193 0 10.0 5.7 5.0 2.5 2 0 2 4 4
6616.5 4608.7 -5.0 190 0 5.3 10.6 5.0 2.5 2 1 2 0 0
6620.1 4634.3 -5.0 186 0 11.1 16.0 10.0 2.5 2 1 4 1 1
6721.2 4653.8 -4.9 269 0 3.0 7.6 7.5 2.5 2 0 3 4 4
6710.2 4656.7 -5.0 269 0 18.9 11.3 7.5 2.5 2 0 3 2 2
6721.6 4627.2 -4.7 92 0 5.0 12.6 7.5 2.5 2 1 3 4 4
6731.3 4616.5 -4.6 95 0 18.9 8.7 5.0 0.0 0 0 2 2 2
6741.1 4619.9 -4.6 185 0 10.8 4.0 5.0 2.5 2 0 2 2 2
6746.8 4625.8 -5.0 95 0 7.0 22.2 5.0 2.5 2 0 2 1 1
6662.4 4722.9 -5.8 202 0 13.5 6.2 5.0 2.5 2 0 2 5 5
6674.7 4752.4 -6.3 203 0 4.2 5.5 5.0 0.0 0 0 2 2 2
6670.2 4742.1 -6.2 203 0 18.3 5.5 5.0 2.5 2 0 2 4 4
6678.5 4762.8 -6.6 202 0 3.6 3.8 5.0 0.0 0 0 2 1 1
6677.0 4759.3 -6.5 203 0 3.9 3.8 2.5 2.5 2 0 1 1 1
6682.8 4763.3 -6.6 203 0 8.0 13.5 5.0 2.5 2 0 2 0 0
6683.6 4765.4 -6.7 202 0 3.8 13.5 5.0 0.0 0 0 2 2 2
6686.1 4740.6 -6.3 201 0 10.4 3.4 2.5 2.5 2 0 1 4 4
6681.6 4730.7 -6.1 201 0 11.2 4.0 7.5 2.5 2 0 3 2 2
6710.2 4776.9 -7.3 290 0 11.7 7.6 5.0 2.5 2 0 2 4 4
6739.3 4754.4 -6.9 26 0 6.8 7.8 5.0 0.0 0 0 2 3 3
6731.6 4738.6 -6.5 26 0 6.1 8.0 2.5 2.5 2 0 1 0 0
6735.4 4746.3 -6.8 26 0 11.1 22.7 7.5 2.5 2 0 3 1 1
6705.6 4702.1 -5.8 108 0 14.9 7.4 5.0 2.5 2 0 2 0 0
6723.8 4693.2 -5.8 115 0 3.5 8.4 5.0 2.5 2 0 2 3 3
6719.5 4695.3 -5.9 115 0 6.1 16.9 5.0 2.5 2 0 2 5 5
6725.8 4721.4 -6.1 292 0 3.1 6.6 2.5 2.5 4 0 1 0 0
6735.7 4721.6 -6.2 292 0 9.6 3.8 5.0 2.5 4 0 2 0 0
6734.3 4718.0 -6.1 292 0 9.6 6.6 7.5 2.5 4 0 3 3 3
6738.1 4696.2 -6.0 103 0 5.6 11.0 5.0 2.5 2 1 2 0 0
6749.0 4674.5 -5.6 95 0 9.0 9.1 7.5 2.5 2 0 3 0 0
6750.6 4688.1 -6.0 96 0 9.4 15.1 5.0 2.5 4 0 2 3 3
6779.2 4721.6 -6.5 294 0 21.6 18.3 7.5 2.5 2 0 3 3 3
6790.1 4710.9 -6.4 274 0 7.4 9.5 2.5 2.5 2 0 1 1 1
6765.6 4666.3 -5.6 101 0 16.3 9.7 2.5 2.5 2 0 1 5 5
6777.3 4664.4 -5.7 96 0 7.6 12.0 7.5 0.0 0 0 3 4 4
6778.5 4676.3 -5.9 96 0 7.6 11.9 7.5 2.5 2 0 3 4 4
6792.2 4694.0 -6.2 6 0 14.1 15.8 2.5 2.5 2 0 1 5 5
6790.6 4681.6 -5.9 10 0 3.4 4.0 5.0 2.5 2 0 2 5 5
6786.1 4672.4 -5.8 100 0 5.8 8.1 5.0 2.5 2 0 2 5 5
6796.5 4686.9 -6.1 13 0 6.1 3.7 7.5 2.5 2 0 3 3 3
6801.6 4661.7 -5.6 19 0 5.1 11.1 5.0 2.5 4 1 2 4 4
6781.8 4647.6 -5.2 279 0 7.7 16.8 5.0 2.5 2 1 2 2 2
6767.3 4608.5 -4.6 187 0 8.8 11.0 2.5 2.5 2 0 1 2 2
6793.7 4632.7 -5.1 283 0 8.0 14.9 7.5 2.5 2 1 3 2 2
6784.4 4600.3 -4.6 188 0 13.9 5.2 5.0 2.5 2 0 2 1 1
6812.4 4630.2 -5.3 284 0 11.3 9.6 5.0 2.5 2 0 2 5 5
6821.0 4603.0 -5.2 292 0 6.8 12.3 5.0 2.5 2 1 2 5 5
6802.0 4603.8 -4.8 278 0 5.4 10.6 7.5 0.0 0 1 3 4 4
6801.9 4572.6 -4.7 96 0 14.5 8.4 7.5 2.5 2 0 3 0 0
6843.5 4609.5 -5.7 293 0 12.3 11.0 2.5 2.5 2 0 1 3 3
6820.5 4569.0 -4.9 95 0 3.5 8.6 2.5 2.5 2 0 1 4 4
6834.2 4567.7 -5.3 95 0 24.0 8.6 7.5 0.0 0 0 3 1 1
6866.0 4578.8 -5.8 298 0 6.8 11.5 5.0 2.5 2 0 2 0 0
6890.1 4611.3 -6.7 210 0 11.7 5.9 7.5 2.5 2 0 3 5 5
6878.7 4588.2 -6.1 299 0 13.2 10.4 5.0 2.5 2 0 2 3 3
6902.1 4524.6 -6.0 33 0 16.9 12.4 7.5 2.5 2 0 3 0 0
6915.3 4544.8 -6.4 33 0 31.3 12.4 10.0 2.5 2 0 4 3 3
6926.0 4678.2 -7.7 207 0 12.5 5.7 5.0 2.5 2 0 2 2 2
6921.8 4662.3 -7.3 206 0 6.0 4.2 5.0 2.5 2 0 2 5 5
6916.1 4662.3 -7.2 206 0 11.0 5.2 7.5 2.5 2 0 3 5 5
6903.6 4635.4 -7.0 207 0 10.7 9.0 7.5 2.5 2 0 3 5 5
6931.4 4633.3 -7.0 27 0 5.5 6.9 5.0 2.5 2 0 2 3 3
6921.5 4639.8 -7.0 207 0 3.0 4.9 7.5 2.5 2 0 3 3 3
6914.1 4588.5 -6.6 123 0 4.7 3.1 2.5 0.0 0 0 1 1 1
6918.2 4585.8 -6.5 123 0 5.0 14.4 5.0 0.0 0 0 2 1 1
6926.9 4604.1 -6.6 31 0 5.0 3.2 5.0 2.5 2 0 2 1 1
6931.0 4601.6 -6.6 31 0 5.0 4.9 2.5 2.5 2 0 1 4 4
6925.5 4614.9 -6.8 27 0 5.6 11.2 7.5 2.5 2 1 3 2 2
6935.0 4623.6 -7.0 28 0 4.1 3.1 2.5 2.5 2 0 1 2 2
6940.3 4620.7 -7.0 28 0 4.1 6.0 5.0 2.5 2 0 2 3 3
6934.7 4610.3 -6.8 28 0 3.1 6.0 5.0 2.5 2 0 2 1 1
6937.3 4615.3 -7.0 28 0 8.2 6.0 7.5 2.5 2 0 3 5 5
6947.0 4639.3 -7.4 300 0 5.9 12.5 2.5 2.5 2 0 1 5 5
6886.8 4644.4 -6.8 28 0 3.2 5.0 7.5 2.5 2 0 3 2 2
6882.5 4647.0 -6.7 33 0 6.1 17.6 5.0 2.5 2 0 2 2 2
6861.3 4622.5 -6.2 122 0 12.0 6.0 7.5 2.5 2 0 3 3 3
6878.4 4617.9 -6.4 28 0 3.6 8.2 7.5 2.5 4 0 3 3 3
6892.2 4641.5 -6.9 28 0 3.2 6.1 2.5 2.5 2 0 1 0 0
6885.8 4629.5 -6.8 28 0 24.0 9.2 5.0 2.5 2 0 2 0 0
6851.0 4650.0 -6.3 120 0 6.5 5.2 2.5 2.5 2 0 1 3 3
6844.4 4638.5 -6.2 120 0 6.5 13.2 5.0 2.5 2 0 2 0 0
6826.6 4646.1 -5.9 119 0 11.5 9.2 5.0 2.5 4 0 2 2 2
6823.5 4691.3 -6.3 209 0 8.0 3.5 7.5 0.0 0 0 3 3 3
6842.9 4680.9 -6.5 208 0 5.8 11.6 7.5 2.5 4 1 3 3 3
6878.7 4675.8 -7.2 28 0 33.0 10.2 7.5 2.5 2 0 3 1 1
6858.9 4756.4 -7.6 296 0 9.6 10.2 7.5 2.5 2 1 3 2 2
6871.6 4728.9 -7.4 296 0 12.7 5.3 2.5 2.5 2 0 1 2 2
6854.2 4734.4 -7.2 206 0 5.3 11.7 7.5 2.5 2 0 3 4 4
6916.0 4713.2 -7.8 31 0 8.1 18.1 5.0 2.5 2 1 2 4 4
6896.2 4738.7 -7.8 209 0 4.6 7.3 5.0 0.0 0 0 2 1 1
6893.2 4733.2 -7.8 209 0 8.0 5.9 7.5 2.5 2 0 3 4 4
6906.1 4750.6 -8.3 207 0 20.8 8.5 7.5 2.5 2 0 3 0 0
6937.1 4728.9 -8.5 29 0 12.9 5.9 2.5 2.5 2 0 1 3 3
6953.3 4720.3 -8.5 299 0 9.4 10.1 5.0 2.5 4 1 2 5 5
6753.0 5058.4 -10.3 14 0 6.0 12.0 5.0 0.0 0 1 2 0 0
6737.2 5072.2 -10.3 284 0 7.5 13.0 5.0 2.5 2 1 2 2 2
6715.2 5082.4 -10.5 284 0 12.1 6.0 2.5 2.5 4 0 1 4 4
6728.2 5046.5 -10.2 13 0 9.4 10.6 7.5 0.0 0 0 3 5 5
6709.6 5061.2 -10.1 283 0 7.9 5.6 7.5 2.5 2 0 3 0 0
6718.1 5049.9 -10.2 13 0 7.1 13.2 5.0 2.5 2 0 2 2 2
6742.5 5028.2 -10.4 16 0 11.6 11.0 5.0 2.5 2 0 2 4 4
6719.4 5014.3 -10.4 14 0 11.0 14.0 5.0 2.5 2 1 2 3 3
6690.6 5019.5 -10.3 102 0 22.1 7.9 7.5 2.5 2 0 3 3 3
6690.7 5056.1 -10.1 193 0 7.1 14.8 7.5 0.0 0 0 3 4 4
6691.9 5082.7 -10.5 283 0 9.5 22.7 5.0 2.5 2 0 2 3 3
6677.6 5051.4 -10.2 193 0 22.1 11.8 7.5 2.5 2 0 3 1 1
6634.2 5029.1 -10.7 104 0 48.4 20.3 7.5 2.5 2 0 3 4 4
6334.3 5117.1 -11.5 193 0 11.3 19.5 2.5 2.5 2 1 1 1 1
6370.3 5140.7 -12.0 19 0 12.8 14.3 7.5 2.5 2 1 3 4 4
6390.6 5302.9 -12.7 195 0 6.6 4.6 2.5 2.5 2 0 1 1 1
6379.5 5275.2 -12.7 194 0 7.2 13.2 2.5 0.0 0 1 1 3 3
6413.6 5276.9 -12.8 7 0 12.4 10.5 2.5 0.0 0 0 1 3 3
6448.2 5565.0 -12.2 14 0 7.8 30.7 2.5 2.5 2 1 1 0 0
6421.9 5591.4 -12.1 193 0 25.4 8.5 5.0 2.5 2 0 2 2 2
6464.2 5603.4 -12.2 14 0 8.2 18.0 5.0 2.5 2 1 2 1 1
6461.7 5576.3 -12.1 14 0 13.0 7.3 5.0 2.5 2 0 2 5 5
6481.1 5568.4 -12.1 195 0 12.8 6.6 2.5 2.5 2 0 1 4 4
6502.0 5608.7 -11.9 194 0 10.4 5.1 5.0 2.5 4 0 2 3 3
6460.9 5716.4 -11.2 193 0 16.2 11.2 2.5 2.5 4 0 1 3 3
6469.7 5690.2 -11.3 105 0 20.8 8.6 7.5 0.0 0 0 3 4 4
6498.3 5717.0 -11.0 14 0 11.5 13.6 2.5 0.0 0 0 1 2 2
6500.8 5727.0 -11.1 14 0 9.0 11.8 5.0 2.5 2 0 2 4 4
6518.0 5707.8 -10.7 195 0 5.4 6.9 5.0 2.5 2 0 2 5 5
6536.8 5663.5 -11.0 103 0 7.0 7.7 5.0 2.5 2 0 2 1 1
6517.2 5673.9 -11.1 193 0 4.5 18.0 5.0 2.5 2 0 2 1 1
6549.7 5675.2 -10.7 104 0 10.4 15.2 5.0 2.5 2 1 2 5 5
6536.8 5709.1 -10.5 194 0 5.7 12.4 2.5 2.5 2 0 1 5 5
6538.0 5714.1 -10.4 194 0 4.6 10.4 2.5 2.5 2 0 1 0 0
6567.0 5734.0 -10.5 284 0 10.4 22.3 7.5 0.0 0 1 3 5 5
6524.3 5732.6 -10.8 195 0 11.9 6.3 5.0 2.5 2 0 2 5 5
6489.4 5838.8 -11.9 194 0 17.4 8.8 7.5 2.5 4 0 3 4 4
6498.8 5821.7 -11.9 104 0 15.6 5.7 5.0 2.5 2 0 2 3 3
6528.0 5824.8 -11.8 13 0 12.4 12.1 2.5 2.5 2 0 1 0 0
6505.7 5907.3 -12.1 191 0 5.4 22.8 5.0 2.5 2 1 2 4 4
6508.7 5920.7 -12.2 101 0 6.3 20.6 5.0 0.0 0 1 2 4 4
6542.2 5932.5 -12.2 8 0 5.9 10.2 5.0 2.5 2 1 2 3 3
6511.6 5952.2 -12.3 285 0 9.3 5.2 5.0 2.5 2 0 2 2 2
6595.1 6050.5 -13.5 193 0 8.1 9.0 5.0 2.5 2 1 2 4 4
6635.9 6013.7 -13.6 9 0 3.9 8.2 7.5 2.5 4 1 3 0 0
6628.8 6043.4 -14.1 285 0 8.2 13.0 7.5 2.5 2 1 3 3 3
6617.2 6013.8 -13.6 104 0 15.1 10.6 7.5 2.5 2 0 3 1 1
6558.7 6030.2 -12.9 8 0 11.6 4.7 5.0 2.5 2 0 2 2 2
6522.2 6052.3 -13.3 195 0 3.2 6.3 2.5 2.5 2 0 1 3 3
6520.0 6044.3 -13.3 195 0 13.3 6.3 2.5 2.5 2 0 1 0 0
6517.0 6033.4 -13.0 195 0 9.2 9.4 7.5 2.5 2 0 3 4 4
6528.9 6018.0 -12.7 105 0 13.5 5.0 5.0 0.0 0 0 2 0 0
6548.8 6074.9 -13.7 11 0 4.2 18.1 5.0 2.5 2 0 2 5 5
6549.8 6080.2 -13.8 11 0 6.7 18.1 7.5 2.5 2 0 3 4 4
6530.2 6107.0 -14.2 190 0 4.5 6.1 2.5 2.5 2 0 1 3 3
6528.7 6098.8 -14.1 190 0 12.1 6.1 5.0 2.5 2 0 2 2 2
6461.7 7141.2 -19.5 180 0 17.2 10.4 10.0 2.5 2 0 4 3 3
6566.0 6092.0 -13.9 8 0 12.1 6.2 5.0 2.5 2 0 2 5 5
6604.1 6133.9 -14.7 187 0 13.1 12.3 7.5 2.5 2 0 3 5 5
6535.6 6169.9 -15.1 194 0 3.6 3.7 5.0 2.5 2 1 2 0 0
6554.5 6164.5 -15.0 14 0 4.3 6.5 5.0 2.5 2 0 2 0 0
6573.6 6167.9 -15.1 12 0 10.0 11.1 7.5 2.5 4 1 3 1 1
6567.9 6257.9 -16.3 106 0 5.2 10.1 2.5 2.5 2 1 1 1 1
6620.6 6305.7 -15.8 195 0 6.5 13.9 2.5 2.5 2 1 1 4 4
6606.0 6352.0 -15.4 8 0 11.0 9.5 2.5 2.5 4 0 1 5 5
6593.9 6335.6 -15.6 17 0 5.3 10.1 2.5 2.5 4 1 1 0 0
6571.3 6357.3 -15.4 191 0 6.7 4.9 5.0 2.5 4 0 2 1 1
6582.6 6351.2 -15.5 11 0 14.4 7.3 7.5 2.5 4 0 3 5 5
6572.2 6392.8 -15.0 190 0 3.7 6.3 5.0 0.0 0 0 2 1 1
6570.8 6385.0 -15.1 190 0 12.1 6.3 5.0 2.5 2 0 2 3 3
6576.3 6399.1 -14.9 193 0 4.1 3.6 2.5 2.5 2 0 1 4 4
6567.5 6407.1 -14.9 193 0 15.6 10.4 5.0 2.5 2 0 2 2 2
6612.9 6409.4 -14.7 5 0 10.8 10.2 7.5 2.5 2 0 3 3 3
6579.1 6424.5 -14.8 194 0 6.9 14.4 5.0 2.5 2 1 2 4 4
6577.2 6489.3 -15.4 99 0 11.6 19.7 2.5 2.5 2 1 1 4 4
6592.5 6483.9 -15.2 96 0 4.6 8.4 5.0 2.5 2 0 2 3 3
6615.2 6485.9 -15.2 6 0 8.4 20.1 7.5 2.5 2 0 3 1 1
6626.0 6513.7 -15.5 7 0 13.9 12.1 5.0 2.5 2 0 2 1 1
6596.8 6530.0 -15.6 188 0 5.4 9.8 5.0 2.5 4 1 2 5 5
6606.6 6541.8 -15.7 280 0 7.7 6.5 5.0 2.5 2 0 2 2 2
6630.8 6533.9 -15.7 10 0 7.9 8.2 7.5 2.5 2 1 3 2 2
6641.7 6456.1 -14.9 191 0 10.7 9.5 7.5 2.5 2 0 3 4 4
6669.7 6440.8 -14.8 16 0 3.9 7.9 7.5 2.5 2 0 3 5 5
6667.1 6432.2 -14.7 17 0 14.0 10.8 10.0 2.5 2 0 4 2 2
6683.6 6525.7 -15.7 278 0 14.2 11.2 10.0 2.5 2 0 4 3 3
6653.0 6534.5 -15.8 184 0 12.3 10.1 5.0 2.5 2 0 2 5 5
6923.3 6626.2 -17.8 28 0 9.1 21.9 5.0 2.5 2 1 2 2 2
6891.8 6607.7 -17.3 25 0 7.9 12.5 5.0 2.5 2 1 2 0 0
6880.4 6641.4 -17.8 194 0 8.2 10.2 7.5 2.5 4 0 3 4 4
6889.7 6657.5 -18.0 284 0 10.2 13.8 5.0 2.5 2 0 2 0 0
6783.0 7517.4 -24.2 263 0 6.4 4.1 5.0 2.5 2 0 2 4 4
6786.0 7491.8 -24.2 83 0 6.4 21.8 7.5 0.0 0 0 3 4 4
6770.8 7506.4 -24.1 260 0 13.6 5.4 2.5 2.5 2 0 1 3 3
6750.4 7505.8 -23.9 260 0 4.2 4.1 5.0 0.0 0 0 2 1 1
6726.3 7487.9 -23.6 171 0 10.9 10.2 7.5 2.5 2 0 3 2 2
6531.8 7054.6 -16.5 183 0 12.6 5.8 2.5 2.5 2 0 1 0 0
6568.6 7034.0 -15.2 98 0 5.3 8.2 7.5 2.5 4 0 3 2 2
6558.8 7035.4 -15.4 98 0 14.4 8.2 7.5 2.5 2 0 3 4 4
6584.1 7053.1 -16.4 3 0 16.6 10.2 7.5 2.5 2 0 3 0 0
6586.7 7090.8 -18.2 273 0 8.2 29.5 7.5 2.5 2 0 3 0 0
6584.7 7099.2 -18.9 3 0 16.6 12.5 5.0 2.5 2 0 2 5 5
6563.6 7083.3 -17.9 183 0 6.4 9.5 7.5 0.0 0 0 3 4 4
6549.0 7083.9 -18.1 182 0 6.4 14.6 7.5 2.5 2 0 3 2 2
6533.5 7097.0 -19.0 178 0 11.0 10.9 10.0 2.5 2 0 4 0 0
6550.4 7118.3 -19.3 179 0 10.4 20.0 2.5 2.5 2 1 1 2 2
6548.6 7132.0 -19.5 180 0 8.1 15.9 2.5 2.5 2 1 1 0 0
6535.5 7139.1 -19.4 182 0 11.5 9.8 7.5 2.5 2 0 3 1 1
6477.2 7070.2 -18.0 101 0 12.5 8.3 5.0 2.5 2 0 2 3 3
6470.1 7080.0 -18.4 101 0 5.1 5.5 2.5 2.5 2 0 1 5 5
6499.2 7077.3 -18.3 11 0 5.5 26.5 2.5 2.5 2 0 1 4 4
6456.3 7088.3 -19.4 100 0 15.1 25.1 10.0 2.5 2 0 4 3 3
6496.7 7117.5 -19.4 1 0 11.0 20.7 5.0 2.5 2 1 2 5 5
6511.7 7105.9 -19.4 1 0 13.6 11.8 2.5 2.5 2 0 1 2 2
6515.6 7151.8 -19.5 1 0 12.5 13.7 2.5 2.5 2 1 1 5 5
6500.3 7132.7 -19.4 0 0 9.9 20.0 2.5 2.5 2 0 1 3 3
6472.1 7132.9 -19.4 181 0 6.8 8.3 7.5 2.5 4 0 3 3 3
6461.7 7152.3 -19.5 180 0 5.0 10.4 7.5 2.5 4 0 3 3 3
6498.1 7157.1 -19.5 359 0 6.8 14.8 2.5 2.5 4 1 1 3 3
6500.0 7167.0 -19.5 0 0 6.8 15.9 5.0 0.0 0 1 2 4 4
6515.7 7172.0 -19.5 2 0 11.2 9.5 7.5 2.5 2 0 3 1 1
6505.1 7199.6 -19.6 358 0 11.2 16.9 5.0 2.5 2 0 2 5 5
6469.7 7247.5 -19.8 178 0 3.6 13.6 2.5 0.0 0 0 1 1 1
6469.9 7242.2 -19.8 178 0 7.0 14.3 7.5 2.5 2 0 3 3 3
6470.5 7226.9 -19.7 178 0 3.2 11.1 5.0 0.0 0 0 2 1 1
6470.2 7233.5 -19.8 178 0 10.2 11.1 5.0 2.5 4 0 2 1 1
6486.1 7249.4 -19.8 175 0 5.7 8.0 5.0 2.5 2 1 2 4 4
6516.9 7234.9 -19.7 1 0 12.8 6.0 5.0 2.5 2 0 2 3 3
6584.9 7204.6 -19.5 360 0 20.3 9.6 5.0 2.5 2 0 2 2 2
6558.0 7194.1 -19.5 182 0 6.4 13.9 2.5 2.5 2 1 1 3 3
6549.5 7216.6 -19.6 179 0 4.4 5.8 7.5 2.5 2 0 3 1 1
6555.3 7216.7 -19.6 179 0 4.4 5.3 2.5 2.5 2 0 1 2 2
6533.5 7206.0 -19.6 181 0 11.0 7.3 5.0 2.5 2 0 2 5 5
6573.2 7239.5 -19.6 357 0 5.0 9.4 5.0 2.5 2 0 2 1 1
6549.5 7238.5 -19.6 177 0 5.0 14.3 7.5 2.5 2 0 3 1 1
6533.9 7236.9 -19.7 182 0 3.0 6.1 5.0 2.5 2 0 2 0 0
6534.1 7244.5 -19.7 182 0 12.3 6.1 2.5 2.5 4 0 1 0 0
6545.7 7258.1 -19.7 173 0 5.1 3.1 2.5 2.5 4 0 1 5 5
6548.8 7258.5 -19.7 173 0 5.1 10.2 5.0 2.5 2 0 2 0 0
6574.3 7256.5 -19.7 359 0 19.1 8.5 7.5 2.5 2 0 3 1 1
6557.8 7274.4 -19.8 173 0 5.4 11.4 7.5 2.5 2 1 3 5 5
6553.6 7300.7 -19.8 171 0 5.5 18.0 5.0 0.0 0 1 2 3 3
6537.0 7360.3 -20.3 179 0 12.8 5.9 5.0 2.5 2 0 2 5 5
6543.1 7343.7 -20.2 181 0 12.8 11.2 2.5 2.5 2 0 1 3 3
6551.5 7318.8 -20.1 170 0 6.2 24.7 2.5 2.5 2 1 1 1 1
6565.1 7359.5 -20.7 174 0 4.9 10.4 7.5 2.5 2 1 3 0 0
6585.2 7381.1 -21.1 269 0 9.4 18.5 5.0 2.5 2 1 2 1 1
6560.4 7383.6 -21.0 176 0 8.9 14.8 5.0 2.5 2 1 2 5 5
6509.6 7277.5 -19.9 359 0 7.5 20.3 5.0 2.5 2 1 2 3 3
6501.2 7284.8 -19.9 358 0 8.3 9.7 2.5 2.5 2 1 1 3 3
6473.8 7317.0 -20.0 176 0 3.8 9.3 2.5 2.5 2 0 1 5 5
6472.3 7337.7 -20.1 176 0 3.7 9.3 5.0 2.5 2 0 2 4 4
6473.1 7327.4 -20.1 176 0 17.0 9.3 7.5 0.0 0 0 3 3 3
6505.4 7338.3 -20.1 350 0 8.0 21.4 5.0 2.5 4 1 2 4 4
6519.7 7334.6 -20.0 360 0 12.9 6.3 5.0 2.5 2 0 2 1 1
6519.8 7361.3 -20.1 1 0 7.1 6.2 5.0 2.5 2 0 2 3 3
6511.1 7353.2 -20.1 352 0 8.5 14.4 2.5 2.5 2 0 1 4 4
6467.4 7346.7 -20.1 172 0 8.5 29.8 7.5 2.5 2 0 3 3 3
6505.6 7385.9 -20.2 360 0 3.7 4.2 2.5 0.0 0 0 1 4 4
6501.4 7380.5 -20.2 360 0 7.1 5.9 5.0 2.5 2 0 2 3 3
6493.7 7385.9 -20.2 259 0 3.8 20.8 5.0 2.5 2 0 2 3 3
6501.4 7370.8 -20.2 0 0 12.3 6.0 7.5 2.5 2 0 3 2 2
6520.6 7382.0 -20.3 0 0 9.1 6.7 5.0 2.5 2 0 2 1 1
6514.2 7403.8 -20.5 0 0 6.0 10.1 5.0 2.5 4 1 2 1 1
6537.5 7452.4 -20.9 181 0 12.4 6.1 7.5 2.5 2 0 3 3 3
6557.7 7450.5 -20.9 169 0 6.4 17.0 2.5 2.5 2 1 1 4 4
6560.2 7464.8 -20.6 171 0 4.5 8.1 7.5 0.0 0 1 3 0 0
6517.0 7449.3 -21.0 1 0 11.2 6.0 7.5 2.5 2 0 3 4 4
6522.3 7449.2 -21.0 2 0 11.2 5.3 2.5 2.5 2 0 1 3 3
6496.9 7475.5 -20.8 172 0 9.3 4.8 7.5 2.5 2 0 3 5 5
6523.5 7483.6 -20.6 359 0 9.9 5.3 7.5 2.5 4 0 3 1 1
6568.0 7500.4 -20.7 175 0 10.3 16.2 5.0 2.5 2 1 2 5 5
6546.8 7524.4 -21.0 180 0 10.9 9.5 5.0 2.5 2 0 2 4 4
6588.6 7530.7 -21.1 353 0 17.9 10.0 2.5 2.5 2 0 1 2 2
6569.0 7540.7 -21.2 170 0 3.9 5.6 7.5 2.5 2 0 3 3 3
6556.9 7540.4 -21.2 170 0 7.0 11.9 5.0 2.5 2 0 2 4 4
6543.6 7555.6 -21.5 179 0 13.6 5.5 7.5 2.5 4 0 3 4 4
6584.9 7560.9 -21.6 350 0 12.7 6.4 5.0 2.5 2 0 2 2 2
6467.7 7545.0 -21.5 81 0 3.3 9.3 5.0 0.0 0 0 2 0 0
6475.3 7542.4 -21.5 81 0 11.0 13.0 5.0 2.5 4 0 2 0 0
6440.8 7526.8 -21.4 81 0 18.9 10.0 7.5 2.5 2 0 3 4 4
6420.4 7503.3 -21.0 80 0 19.7 8.7 7.5 2.5 2 0 3 3 3
6406.1 7559.6 -21.5 261 0 12.9 35.5 10.0 2.5 2 1 4 5 5
6417.4 7559.6 -21.9 171 0 9.7 36.3 7.5 2.5 2 1 3 2 2
6527.6 7587.1 -21.9 0 0 10.1 9.1 2.5 2.5 2 0 1 0 0
6500.9 7601.0 -22.2 176 0 5.1 16.0 7.5 2.5 2 0 3 4 4
6560.1 7788.3 -24.9 260 0 7.4 13.8 2.5 2.5 2 1 1 3 3
6530.2 7782.4 -24.9 184 0 7.8 12.7 5.0 2.5 2 1 2 5 5
6564.5 7763.4 -24.4 349 0 8.0 14.9 5.0 2.5 2 1 2 0 0
6521.0 7863.0 -26.5 169 0 8.4 8.1 7.5 2.5 2 0 3 1 1
6532.0 7873.9 -26.4 168 0 4.0 10.1 2.5 2.5 2 1 1 5 5
6396.9 7955.8 -24.0 81 0 6.2 6.1 7.5 2.5 2 0 3 5 5
6362.7 7998.8 -23.1 171 0 6.4 20.4 5.0 0.0 0 1 2 4 4
6353.3 8031.4 -22.6 265 0 10.1 18.2 2.5 2.5 2 1 1 2 2
6372.1 8039.8 -22.4 263 0 14.8 6.1 7.5 2.5 2 0 3 3 3
6400.4 8027.5 -22.8 346 0 10.7 9.4 5.0 2.5 4 0 2 4 4
1861.5 2214.6 -8.7 23 0 5.1 8.1 2.5 0.0 0 0 1 0 0
1862.8 2211.3 -8.6 113 0 5.0 5.6 5.0 2.5 2 0 2 4 4
1773.8 2300.6 -8.6 131 0 5.8 8.1 5.0 2.5 2 1 2 4 4
1771.8 2280.7 -8.8 131 0 4.8 8.1 5.0 2.5 2 0 2 0 0
1775.0 2278.0 -8.8 131 0 3.6 6.1 7.5 2.5 2 0 3 1 1
1781.0 2272.8 -8.8 131 0 12.3 6.1 7.5 2.5 2 0 3 3 3
1800.3 2258.7 -8.8 43 0 5.5 7.0 7.5 2.5 2 0 3 5 5
1809.1 2255.3 -8.8 43 0 12.5 6.3 7.5 0.0 0 0 3 5 5
1781.7 2309.8 -8.5 221 0 3.5 4.0 2.5 2.5 2 0 1 5 5
1778.3 2313.1 -8.5 221 0 4.0 4.8 5.0 2.5 2 0 2 5 5
1972.7 2255.5 -7.6 296 0 10.1 5.1 7.5 2.5 2 0 3 0 0
1819.8 2286.2 -8.4 40 0 11.4 9.6 2.5 2.5 2 0 1 5 5
1815.4 2318.8 -8.1 39 0 7.3 19.6 5.0 2.5 2 0 2 5 5
1831.4 2307.6 -8.1 37 0 9.5 9.1 7.5 2.5 2 0 3 4 4
1864.6 2238.5 -8.4 22 0 4.4 11.6 5.0 2.5 2 0 2 4 4
1874.7 2238.5 -8.4 22 0 12.3 9.3 2.5 2.5 2 0 1 2 2
1871.2 2255.6 -8.2 25 0 3.7 10.7 5.0 2.5 2 0 2 4 4
1875.7 2253.9 -8.2 25 0 3.1 4.8 2.5 2.5 2 0 1 0 0
1886.6 2253.7 -8.1 25 0 5.6 10.0 5.0 2.5 2 0 2 2 2
1902.3 2241.5 -8.1 205 0 13.0 10.0 2.5 2.5 2 0 1 4 4
1910.3 2235.0 -8.1 205 0 8.0 3.5 5.0 2.5 2 0 2 0 0
1913.2 2232.8 -8.1 205 0 6.4 7.8 7.5 2.5 2 0 3 3 3
1925.2 2223.8 -8.0 115 0 13.8 6.4 7.5 2.5 2 0 3 3 3
1962.8 2246.8 -7.7 298 0 5.3 7.1 5.0 2.5 2 0 2 4 4
1938.3 2256.5 -7.7 208 0 6.1 23.5 2.5 2.5 2 0 1 3 3
1955.2 2236.8 -7.8 299 0 6.4 5.5 2.5 2.5 4 0 1 4 4
1968.3 2224.3 -7.8 25 0 4.2 14.2 5.0 0.0 0 0 2 5 5
1979.2 2229.3 -7.8 25 0 16.1 7.8 7.5 2.5 2 0 3 2 2
1978.4 2254.4 -7.6 296 0 10.3 7.7 5.0 2.5 2 0 2 3 3
1985.5 2260.9 -7.6 296 0 5.7 8.9 7.5 2.5 2 0 3 2 2
1988.9 2267.5 -7.5 296 0 6.0 7.4 5.0 2.5 2 0 2 2 2
1845.4 2296.6 -8.1 204 0 10.8 9.6 7.5 2.5 2 0 3 2 2
1889.5 2267.8 -8.0 23 0 3.1 8.9 5.0 2.5 2 1 2 1 1
1877.4 2274.8 -8.0 24 0 5.9 4.2 5.0 2.5 2 0 2 0 0
1856.4 2284.4 -8.1 204 0 6.5 18.9 2.5 2.5 2 0 1 5 5
1897.5 2291.7 -7.7 23 0 5.4 5.8 7.5 2.5 2 1 3 4 4
1878.9 2303.5 -7.8 295 0 13.9 6.0 5.0 2.5 2 0 2 5 5
1881.5 2309.0 -7.8 295 0 13.9 6.1 5.0 2.5 2 0 2 2 2
1864.2 2326.0 -7.8 295 0 7.2 12.4 2.5 0.0 0 1 1 5 5
1816.2 2375.9 -7.7 219 0 5.6 9.3 7.5 2.5 2 1 3 4 4
1831.2 2365.1 -7.7 41 0 7.0 4.4 2.5 2.5 2 0 1 2 2
1861.6 2350.5 -7.5 196 0 5.9 14.1 5.0 2.5 2 0 2 0 0
1892.5 2321.8 -7.5 114 0 17.2 9.0 7.5 2.5 2 0 3 5 5
1908.4 2336.4 -7.4 106 0 6.5 12.2 7.5 2.5 2 1 3 3 3
1899.7 2351.8 -7.3 98 0 6.7 5.9 7.5 2.5 2 0 3 4 4
1892.9 2366.0 -7.3 190 0 3.2 5.2 2.5 2.5 2 1 1 1 1
1878.8 2364.5 -7.4 195 0 4.3 6.7 7.5 2.5 2 0 3 4 4
1877.7 2360.6 -7.4 195 0 3.9 6.7 7.5 2.5 2 0 3 0 0
1876.6 2356.7 -7.4 195 0 4.0 6.8 5.0 2.5 2 0 2 5 5
1868.9 2362.6 -7.4 195 0 11.1 9.0 5.0 2.5 2 0 2 2 2
1856.0 2368.8 -7.5 39 0 11.3 9.2 7.5 2.5 4 0 3 5 5
1866.0 2393.9 -7.3 36 0 11.1 9.2 7.5 2.5 2 0 3 4 4
1894.3 2406.0 -7.1 185 0 6.6 8.6 7.5 2.5 2 1 3 0 0
1867.1 2430.3 -7.0 42 0 6.8 7.9 5.0 2.5 2 0 2 2 2
1841.8 2487.6 -6.9 222 0 19.0 9.5 2.5 2.5 2 0 1 3 3
1887.9 2445.6 -6.9 11 0 6.9 14.7 7.5 2.5 2 0 3 0 0
1892.4 2456.2 -6.8 41 0 7.2 9.9 7.5 2.5 2 0 3 1 1
1897.3 2461.9 -6.7 41 0 7.9 9.9 5.0 2.5 2 0 2 4 4
1871.5 2477.4 -6.7 43 0 4.1 6.4 7.5 2.5 2 0 3 0 0
1874.9 2481.2 -6.7 43 0 6.2 5.6 5.0 2.5 2 0 2 2 2
1893.7 2497.1 -6.5 44 0 5.4 3.0 5.0 2.5 2 0 2 2 2
1904.6 2489.7 -6.5 42 0 6.8 8.9 5.0 0.0 0 1 2 1 1
1885.7 2493.2 -6.6 41 0 6.8 12.8 7.5 2.5 4 1 3 4 4
1868.7 2520.2 -6.5 221 0 4.5 6.1 5.0 2.5 2 0 2 2 2
1862.6 2524.5 -6.5 221 0 5.1 7.4 7.5 0.0 0 0 3 2 2
1857.5 2511.6 -6.7 219 0 17.3 8.7 7.5 2.5 2 0 3 2 2
1882.3 2542.7 -6.4 313 0 9.1 17.6 7.5 2.5 2 0 3 0 0
1892.1 2538.4 -6.3 313 0 11.1 6.6 7.5 2.5 2 0 3 5 5
1907.3 2520.0 -6.3 42 0 6.6 18.1 7.5 0.0 0 0 3 0 0
-5027.7 -4170.3 -5.0 250 0 16.4 16.7 12.5 2.5 2 1 5 4 4
