6188.6 -8709.8 9.6 164 0 8.7 6.4 2.5 2.5 2 0 1 1 1
6180.8 -8763.4 8.3 344 0 14.9 12.0 7.5 2.5 2 0 3 1 1
-2556.4 -3343.1 -8.2 93 0 34.5 12.5 2.5 2.5 2 0 1 2 2
-2596.7 -3317.8 -8.3 92 0 14.4 6.1 5.0 2.5 4 0 2 3 3
-2657.0 -3290.5 -8.4 358 0 4.4 4.5 7.5 0.0 0 0 3 4 4
-2656.4 -3272.4 -8.5 1 0 11.0 11.9 5.0 2.5 2 1 2 1 1
-2670.7 -3335.3 -8.1 92 0 16.2 8.1 5.0 2.5 4 0 2 4 4
-2616.4 -3319.5 -8.3 82 0 8.9 9.6 5.0 2.5 2 1 2 1 1
-2658.5 -3344.2 -8.0 93 0 14.5 5.7 7.5 2.5 2 0 3 4 4
-2571.1 -3300.9 -8.4 272 0 5.2 5.1 5.0 2.5 2 0 2 0 0
-2717.0 -3270.3 -8.5 184 0 11.9 8.1 5.0 2.5 2 0 2 3 3
-2667.7 -3292.1 -8.3 5 0 4.9 5.6 2.5 2.5 2 1 1 0 0
-2587.1 -3318.1 -8.3 92 0 4.7 6.1 7.5 2.5 2 0 3 0 0
-2563.8 -3301.1 -8.4 272 0 9.5 14.3 5.0 2.5 2 0 2 3 3
-2648.1 -3344.8 -8.0 93 0 6.5 10.1 2.5 2.5 2 0 1 5 5
-2651.5 -3288.6 -8.4 358 0 8.0 5.6 5.0 2.5 2 0 2 4 4
-2668.1 -3254.7 -8.6 2 0 9.2 15.0 2.5 2.5 2 1 1 0 0
-2770.5 -3144.3 -10.2 181 0 12.9 8.9 5.0 2.5 2 0 2 3 3
-2752.6 -3070.5 -10.5 183 0 6.3 17.7 7.5 2.5 2 1 3 4 4
-2706.8 -3154.1 -9.4 3 0 5.6 19.9 5.0 2.5 2 0 2 3 3
-2744.9 -3138.4 -9.9 92 0 10.1 5.7 5.0 2.5 2 0 2 3 3
-2767.7 -3127.0 -10.3 183 0 12.7 9.7 5.0 2.5 2 0 2 5 5
-2674.9 -3199.4 -9.1 341 0 15.3 9.8 2.5 2.5 2 0 1 0 0
-2718.0 -3255.7 -8.7 92 0 9.6 13.6 2.5 2.5 2 1 1 3 3
-2724.9 -3054.3 -10.5 354 0 10.2 8.3 5.0 0.0 0 0 2 3 3
-2697.8 -3172.5 -9.2 3 0 4.5 6.2 5.0 2.5 2 0 2 1 1
-2688.1 -3183.0 -9.2 2 0 6.4 15.8 7.5 2.5 2 1 3 0 0
-2715.5 -3109.3 -9.8 0 0 5.5 13.3 5.0 2.5 2 1 2 4 4
-2705.5 -3118.1 -9.6 1 0 9.3 8.4 2.5 2.5 2 0 1 0 0
-2792.5 -3054.7 -11.2 175 0 11.9 9.6 7.5 2.5 2 0 3 5 5
-2686.0 -3247.1 -8.7 2 0 5.8 4.0 2.5 2.5 2 0 1 5 5
-2660.9 -3251.1 -8.7 1 0 10.9 6.5 5.0 2.5 2 0 2 3 3
-2769.3 -3093.0 -10.5 181 0 12.6 7.5 7.5 2.5 2 0 3 1 1
-2703.9 -3169.3 -9.2 3 0 5.7 17.7 7.5 0.0 0 0 3 1 1
-2683.2 -3167.8 -9.3 345 0 10.6 7.8 5.0 2.5 2 0 2 2 2
-2739.1 -3138.6 -9.7 92 0 16.6 5.7 2.5 2.5 4 0 1 2 2
-2709.4 -3136.8 -9.4 1 0 5.6 12.3 5.0 2.5 2 0 2 1 1
-2683.6 -3226.6 -8.8 360 0 5.2 12.3 7.5 2.5 2 0 3 5 5
-2688.5 -3210.8 -8.9 3 0 5.8 19.6 5.0 2.5 2 0 2 0 0
-2688.3 -3206.7 -9.0 3 0 10.2 19.6 5.0 2.5 2 0 2 0 0
-2714.3 -3086.9 -10.0 345 0 10.3 7.5 2.5 2.5 2 0 1 3 3
-2697.7 -3130.9 -9.4 332 0 11.2 13.0 5.0 0.0 0 0 2 5 5
-2719.7 -2959.8 -11.3 180 0 10.9 8.9 5.0 2.5 2 0 2 2 2
-2626.7 -3132.2 -9.1 4 0 6.3 12.9 2.5 2.5 2 1 1 1 1
-2695.7 -3037.3 -10.2 181 0 6.0 24.7 5.0 2.5 2 1 2 5 5
-2671.1 -3133.6 -9.3 172 0 11.2 9.7 5.0 2.5 2 0 2 3 3
-2565.6 -3250.6 -8.8 89 0 4.9 6.0 5.0 2.5 2 1 2 4 4
-2639.1 -3125.1 -9.2 5 0 5.9 13.7 2.5 2.5 2 1 1 5 5
-2601.7 -3247.1 -8.8 1 0 6.9 17.1 5.0 2.5 2 1 2 4 4
-2723.2 -2995.4 -11.0 181 0 9.9 9.2 5.0 2.5 2 0 2 0 0
-2661.2 -3105.0 -9.4 183 0 6.1 10.8 7.5 0.0 0 1 3 3 3
-2702.0 -3003.6 -10.7 179 0 6.0 16.4 7.5 2.5 4 1 3 3 3
-2667.6 -3114.9 -9.4 165 0 10.6 5.7 2.5 2.5 2 0 1 1 1
-2690.7 -3084.3 -9.8 182 0 10.6 9.3 2.5 2.5 2 0 1 5 5
-2662.7 -2997.1 -10.4 2 0 12.1 8.5 7.5 2.5 4 0 3 3 3
-2650.4 -3055.1 -9.8 272 0 9.3 12.4 7.5 2.5 2 1 3 1 1
-2638.3 -3112.4 -9.3 4 0 6.0 10.4 2.5 2.5 2 1 1 2 2
-2676.8 -2985.6 -10.9 2 0 5.1 31.4 5.0 2.5 4 1 2 5 5
-2632.8 -3076.4 -9.6 272 0 9.3 13.0 2.5 2.5 2 1 1 3 3
-2702.0 -2936.3 -11.4 3 0 6.0 15.1 7.5 2.5 2 1 3 5 5
-2663.0 -2977.6 -10.7 2 0 11.4 13.5 2.5 2.5 4 1 1 5 5
-2651.7 -3089.1 -9.6 7 0 6.7 14.7 7.5 2.5 2 1 3 0 0
-2611.9 -3231.6 -8.9 270 0 8.9 4.6 7.5 2.5 2 0 3 5 5
-2609.7 -3181.0 -9.2 3 0 6.7 21.1 7.5 2.5 2 1 3 0 0
-2623.2 -3275.6 -8.5 182 0 6.0 11.7 5.0 2.5 2 1 2 3 3
-2687.3 -3096.7 -9.6 168 0 8.6 9.0 5.0 2.5 2 1 2 5 5
-2650.4 -3184.2 -9.2 171 0 12.8 9.0 5.0 2.5 2 0 2 2 2
-2633.9 -3257.8 -8.7 168 0 11.8 8.7 5.0 2.5 4 0 2 4 4
-2690.4 -3069.7 -9.9 183 0 6.3 17.6 5.0 2.5 2 1 2 0 0
-2659.4 -3055.3 -9.9 2 0 7.7 7.4 5.0 2.5 2 0 2 2 2
-2596.5 -3297.4 -8.4 1 0 5.3 11.9 7.5 2.5 2 1 3 3 3
-2585.3 -3275.4 -8.6 1 0 9.4 7.7 7.5 2.5 2 0 3 2 2
-2586.0 -3248.7 -8.8 4 0 5.0 7.7 7.5 2.5 4 1 3 5 5
-2640.4 -3225.7 -8.9 179 0 11.3 10.4 5.0 2.5 2 0 2 4 4
-2674.9 -3045.0 -10.0 5 0 5.2 8.0 2.5 2.5 4 1 1 4 4
-2577.4 -3248.0 -8.9 90 0 9.8 14.7 2.5 2.5 2 1 1 4 4
-2727.0 -2978.5 -11.2 183 0 10.7 9.1 5.0 2.5 2 0 2 1 1
-2619.3 -3215.5 -9.0 1 0 6.4 5.6 5.0 2.5 2 0 2 5 5
-2706.0 -2893.8 -11.6 271 0 8.8 16.2 5.0 0.0 0 1 2 0 0
-2653.3 -3008.8 -10.2 270 0 6.9 19.5 7.5 0.0 0 1 3 4 4
-2730.0 -2903.3 -11.7 273 0 15.1 5.5 5.0 2.5 2 0 2 2 2
-2691.0 -2964.1 -11.1 2 0 5.8 13.6 2.5 0.0 0 1 1 5 5
-2666.4 -2957.3 -10.9 1 0 12.1 8.3 5.0 0.0 0 0 2 0 0
-2752.4 -2899.8 -11.8 173 0 12.7 6.5 2.5 2.5 2 0 1 4 4
-2735.7 -2928.8 -11.6 181 0 11.3 9.9 2.5 2.5 2 0 1 5 5
-2711.5 -3033.4 -10.5 162 0 11.9 6.6 5.0 2.5 2 0 2 2 2
-2625.9 -3287.5 -8.5 167 0 10.0 12.0 5.0 2.5 4 1 2 0 0
-2613.6 -3225.8 -8.9 270 0 14.6 5.9 7.5 2.5 2 0 3 0 0
-2706.3 -3051.0 -10.3 163 0 15.8 6.5 5.0 2.5 2 0 2 3 3
-2525.7 -3322.5 -8.3 182 0 3.6 4.2 5.0 2.5 2 1 2 2 2
-3333.9 -6737.7 0.8 2 0 6.9 9.7 7.5 2.5 2 0 3 3 3
-3358.1 -6771.2 0.3 92 0 29.4 14.3 7.5 2.5 2 0 3 4 4
-3309.2 -6730.9 0.9 2 0 21.8 24.5 7.5 2.5 2 0 3 0 0
-3308.7 -6764.5 0.5 2 0 16.4 25.6 7.5 2.5 4 0 3 2 2
-3341.8 -6757.3 0.6 92 0 15.5 16.4 15.0 0.0 0 0 6 2 2
-2869.1 -2589.7 -10.2 349 0 12.0 6.4 5.0 2.5 2 0 2 1 1
-2854.6 -2630.7 -10.5 356 0 13.1 9.3 5.0 2.5 2 0 2 5 5
-2944.8 -2641.5 -10.4 88 0 7.1 15.7 2.5 2.5 2 1 1 4 4
-2899.5 -2574.6 -10.1 262 0 9.4 6.5 5.0 2.5 2 0 2 5 5
-2847.4 -2600.9 -10.4 178 0 10.1 22.2 10.0 2.5 2 0 4 0 0
-2986.9 -2620.0 -10.4 177 0 10.7 8.3 5.0 2.5 2 0 2 4 4
-2813.9 -2600.0 -10.4 358 0 10.1 11.4 7.5 2.5 2 0 3 5 5
-2881.8 -2634.5 -10.4 87 0 17.8 6.6 5.0 2.5 4 0 2 1 1
-2970.6 -2640.9 -10.4 87 0 11.8 4.4 7.5 2.5 2 0 3 1 1
-2973.6 -2601.8 -10.3 178 0 4.4 9.4 7.5 2.5 2 0 3 2 2
-2863.3 -2602.1 -10.3 350 0 11.6 9.6 2.5 2.5 2 0 1 1 1
-2972.1 -2621.7 -10.4 177 0 5.6 15.1 7.5 2.5 2 1 3 4 4
-2896.2 -2625.1 -10.3 80 0 8.0 4.5 7.5 2.5 2 0 3 0 0
-2835.4 -2643.8 -10.6 180 0 6.9 9.0 7.5 2.5 2 1 3 5 5
-2913.1 -2579.7 -10.2 266 0 8.2 20.5 5.0 2.5 2 1 2 3 3
-2952.2 -2550.2 -10.2 265 0 9.4 19.7 2.5 2.5 2 1 1 5 5
-2875.3 -2614.6 -10.3 355 0 6.5 14.5 7.5 2.5 2 1 3 4 4
-2895.6 -2595.6 -10.2 260 0 16.6 6.3 7.5 0.0 0 0 3 5 5
-2944.8 -2620.4 -10.3 89 0 9.9 18.6 7.5 2.5 2 1 3 1 1
-2906.6 -2619.3 -10.2 77 0 6.1 13.0 5.0 2.5 2 1 2 5 5
-2983.0 -2648.7 -10.5 85 0 9.2 10.4 2.5 2.5 2 1 1 1 1
-2964.2 -2603.0 -10.3 178 0 7.7 6.1 7.5 2.5 2 0 3 2 2
-2901.8 -2636.0 -10.3 80 0 6.5 14.3 5.0 0.0 0 0 2 2 2
-2984.9 -2566.0 -10.3 181 0 12.0 9.7 5.0 2.5 2 0 2 2 2
-2753.0 -2742.4 -11.3 91 0 7.8 6.0 7.5 2.5 2 0 3 4 4
-2760.4 -2860.5 -12.0 173 0 12.3 11.6 5.0 2.5 2 0 2 5 5
-2732.4 -2833.1 -12.0 4 0 5.8 10.4 2.5 2.5 2 1 1 3 3
-2751.0 -2764.6 -11.5 5 0 6.0 10.6 5.0 2.5 2 1 2 2 2
-2803.5 -2691.0 -10.9 174 0 10.9 6.9 5.0 2.5 2 0 2 0 0
-2802.2 -2727.6 -11.1 181 0 12.4 7.2 2.5 2.5 2 0 1 0 0
-2733.6 -2728.9 -11.3 2 0 16.0 10.8 5.0 2.5 2 0 2 2 2
-2760.5 -2732.5 -11.2 3 0 6.6 16.9 5.0 2.5 2 1 2 2 2
-2802.0 -2667.0 -10.8 259 0 5.6 11.4 2.5 2.5 2 1 1 3 3
-2749.4 -2720.5 -11.2 1 0 5.8 15.5 5.0 2.5 2 1 2 3 3
-2784.8 -2772.6 -11.5 175 0 11.0 8.3 5.0 2.5 2 0 2 4 4
-2784.5 -2656.2 -10.8 268 0 14.7 6.4 7.5 2.5 2 0 3 4 4
-2730.2 -2816.9 -12.0 0 0 13.6 7.6 5.0 0.0 0 0 2 0 0
-2751.6 -2771.5 -11.6 3 0 5.2 10.0 7.5 2.5 2 1 3 3 3
-2702.8 -2862.9 -11.8 2 0 16.0 7.4 5.0 2.5 2 0 2 5 5
-2787.5 -2754.1 -11.3 173 0 10.3 7.4 2.5 2.5 2 0 1 4 4
-2702.1 -2846.9 -12.0 2 0 13.4 7.4 7.5 2.5 2 0 3 5 5
-2776.2 -2817.9 -11.9 180 0 10.1 10.0 5.0 2.5 2 0 2 4 4
-2732.0 -2881.9 -11.8 94 0 15.7 7.1 7.5 2.5 2 0 3 2 2
-2745.7 -2822.6 -12.0 3 0 5.0 18.0 2.5 2.5 2 1 1 3 3
-2798.0 -2740.6 -11.2 182 0 8.7 9.1 2.5 2.5 2 1 1 4 4
-2793.7 -2727.8 -11.1 175 0 14.8 6.0 5.0 2.5 2 0 2 2 2
-2769.0 -2719.6 -11.1 3 0 4.6 8.7 7.5 2.5 2 1 3 5 5
-2770.4 -2843.0 -12.0 177 0 14.6 9.7 5.0 2.5 2 0 2 5 5
-2719.6 -2850.3 -11.9 2 0 6.0 13.4 7.5 0.0 0 1 3 0 0
-2802.6 -2710.2 -11.0 180 0 11.3 8.4 5.0 2.5 2 0 2 1 1
-2780.1 -2698.5 -11.0 271 0 3.9 3.7 2.5 2.5 4 0 1 3 3
-2782.1 -2695.1 -11.0 1 0 6.8 8.2 2.5 2.5 2 0 1 0 0
-2761.2 -2701.9 -11.0 1 0 6.2 15.3 5.0 2.5 4 0 2 0 0
-2775.1 -2691.8 -11.0 271 0 13.8 6.8 7.5 2.5 2 0 3 3 3
-2737.4 -2703.4 -11.2 270 0 8.1 12.2 2.5 2.5 4 1 1 1 1
-2903.6 -2673.8 -10.6 172 0 16.4 8.6 2.5 2.5 4 0 1 2 2
-2811.4 -2885.1 -12.0 3 0 4.4 7.0 5.0 2.5 2 0 2 0 0
-3040.8 -2820.6 -10.5 274 0 8.3 5.2 7.5 2.5 2 0 3 0 0
-2839.0 -2875.1 -11.9 179 0 12.9 6.2 5.0 2.5 2 0 2 1 1
-2991.0 -3276.0 -8.0 93 0 8.5 15.1 5.0 2.5 2 1 2 2 2
-3107.4 -3282.6 -7.3 271 0 7.8 11.7 7.5 2.5 2 1 3 0 0
-3054.7 -2949.3 -9.9 271 0 13.0 10.3 5.0 2.5 4 0 2 5 5
-3071.5 -3082.5 -9.4 94 0 11.0 6.7 5.0 2.5 2 0 2 1 1
-2830.4 -2722.2 -11.0 349 0 9.6 9.4 2.5 2.5 4 0 1 3 3
-2787.9 -2871.9 -12.0 3 0 10.4 10.3 5.0 2.5 2 0 2 1 1
-3031.9 -3274.8 -7.7 181 0 9.8 9.2 2.5 2.5 2 0 1 1 1
-2873.4 -2690.8 -10.7 172 0 6.7 18.8 5.0 2.5 2 0 2 4 4
-2852.6 -2826.1 -11.6 182 0 6.4 8.4 5.0 2.5 2 0 2 5 5
-3025.7 -2842.3 -10.5 4 0 11.3 8.0 2.5 2.5 2 0 1 0 0
-2801.8 -2981.6 -11.6 183 0 13.1 8.8 5.0 2.5 2 0 2 2 2
-2789.9 -2897.6 -12.0 1 0 6.3 11.6 5.0 2.5 2 0 2 3 3
-2822.9 -2803.2 -11.5 358 0 7.2 25.1 7.5 0.0 0 0 3 5 5
-3004.1 -3308.6 -7.4 272 0 6.4 10.7 7.5 2.5 2 1 3 4 4
-2958.2 -2752.6 -10.9 2 0 5.2 7.9 2.5 2.5 2 1 1 1 1
-2772.4 -3044.1 -11.0 182 0 6.0 14.1 5.0 2.5 2 1 2 3 3
-3072.1 -2658.4 -10.7 184 0 12.2 9.6 5.0 2.5 2 0 2 2 2
-2849.8 -2658.3 -10.6 263 0 9.1 9.6 5.0 2.5 2 1 2 3 3
-2801.5 -2896.8 -12.0 2 0 5.9 14.7 5.0 2.5 2 0 2 3 3
-2776.9 -3322.1 -8.0 272 0 5.1 4.6 7.5 2.5 2 0 3 5 5
-2756.0 -3032.4 -11.1 5 0 5.5 16.1 5.0 2.5 2 1 2 5 5
-2813.3 -2868.0 -11.9 6 0 4.7 10.3 5.0 2.5 4 1 2 0 0
-3012.5 -3310.8 -7.3 5 0 5.5 9.1 5.0 2.5 2 1 2 2 2
-2985.6 -2725.8 -10.9 271 0 10.4 12.0 5.0 2.5 2 1 2 1 1
-2975.1 -2660.6 -10.5 272 0 4.9 4.1 2.5 0.0 0 0 1 0 0
-3021.5 -3262.9 -7.9 183 0 7.1 16.1 7.5 2.5 2 1 3 0 0
-3051.2 -2669.2 -10.7 94 0 7.0 5.8 5.0 2.5 2 0 2 1 1
-3033.9 -3325.8 -7.2 91 0 10.1 9.0 2.5 2.5 2 0 1 4 4
-2830.7 -2795.7 -11.4 358 0 6.9 15.3 5.0 2.5 2 1 2 5 5
-2969.9 -2895.5 -10.7 183 0 3.4 6.1 2.5 2.5 2 1 1 2 2
-3001.6 -3289.9 -7.6 2 0 5.8 5.3 2.5 2.5 4 0 1 3 3
-2885.7 -2709.6 -10.7 83 0 8.5 10.0 5.0 2.5 2 1 2 4 4
-3023.4 -2817.5 -10.8 4 0 11.4 6.1 5.0 2.5 2 0 2 2 2
-2988.9 -2676.7 -10.6 178 0 4.5 3.3 5.0 2.5 2 0 2 5 5
-3062.7 -3286.7 -7.4 271 0 9.1 10.4 2.5 2.5 2 1 1 5 5
-2955.6 -2681.1 -10.6 90 0 9.3 11.7 5.0 2.5 2 1 2 2 2
-2844.2 -2826.4 -11.7 182 0 6.4 24.0 5.0 2.5 2 0 2 3 3
-2807.7 -2955.7 -11.7 182 0 13.3 6.9 7.5 2.5 2 0 3 4 4
-2984.0 -2895.5 -10.6 272 0 12.2 7.9 2.5 0.0 0 0 1 5 5
-2733.5 -3038.8 -10.7 349 0 8.7 7.8 2.5 0.0 0 0 1 5 5
-2865.9 -2672.7 -10.6 259 0 22.7 5.5 5.0 2.5 2 0 2 4 4
-2762.3 -3001.4 -11.3 2 0 5.6 10.0 7.5 2.5 4 0 3 4 4
-2847.5 -2716.3 -10.9 350 0 5.6 9.3 5.0 2.5 2 0 2 3 3
-2972.9 -2748.1 -10.9 271 0 4.2 5.6 5.0 2.5 4 0 2 3 3
-2944.7 -2776.6 -11.0 94 0 11.1 7.5 5.0 2.5 2 0 2 2 2
-2851.0 -2687.6 -10.7 352 0 6.7 3.8 5.0 2.5 2 0 2 4 4
-2869.7 -2705.2 -10.8 172 0 5.8 19.5 7.5 2.5 2 0 3 1 1
-3031.2 -2666.8 -10.6 92 0 10.7 12.8 5.0 0.0 0 1 2 2 2
-2993.7 -2957.4 -10.3 93 0 10.3 5.1 7.5 2.5 4 0 3 1 1
-3068.4 -3014.3 -9.6 93 0 14.7 4.5 7.5 0.0 0 0 3 2 2
-3045.6 -2846.1 -10.4 95 0 7.1 6.0 7.5 2.5 2 0 3 1 1
-3007.5 -3244.4 -8.1 271 0 10.4 13.6 7.5 2.5 2 1 3 3 3
-2796.5 -3321.7 -8.0 274 0 5.5 11.6 5.0 2.5 2 1 2 2 2
-3078.8 -3324.4 -7.0 92 0 7.3 5.7 5.0 2.5 2 0 2 2 2
-2754.2 -2963.1 -11.5 355 0 6.7 12.4 5.0 2.5 2 1 2 0 0
-2812.6 -3027.0 -11.3 182 0 13.0 7.6 2.5 0.0 0 0 1 1 1
-2769.9 -2956.3 -11.6 1 0 5.8 12.5 7.5 2.5 2 1 3 2 2
-3033.8 -3294.2 -7.5 181 0 10.3 9.2 5.0 2.5 2 0 2 2 2
-3051.0 -3084.1 -9.5 94 0 10.1 11.7 5.0 2.5 2 1 2 3 3
-2978.2 -2842.8 -10.9 2 0 13.0 11.4 5.0 2.5 2 0 2 1 1
-3053.4 -3185.8 -8.6 4 0 10.0 6.4 5.0 2.5 2 0 2 4 4
-2776.5 -3339.8 -7.9 92 0 7.8 4.5 2.5 2.5 2 0 1 1 1
-2749.7 -2987.0 -11.4 1 0 10.8 10.5 5.0 2.5 2 0 2 5 5
-3079.0 -3283.2 -7.4 273 0 17.1 5.8 5.0 2.5 2 0 2 4 4
-2843.7 -2703.0 -10.8 352 0 3.3 6.5 2.5 2.5 2 0 1 2 2
-2808.6 -2839.9 -11.8 353 0 15.2 6.4 2.5 2.5 4 0 1 1 1
-3055.9 -3038.5 -9.6 272 0 9.1 12.8 5.0 2.5 2 1 2 1 1
-2864.9 -2719.5 -10.9 170 0 5.6 8.4 5.0 2.5 2 0 2 5 5
-3047.2 -3015.4 -9.8 93 0 9.8 9.9 2.5 2.5 2 1 1 5 5
-2836.3 -2698.4 -10.8 352 0 9.5 8.1 5.0 2.5 2 0 2 5 5
-3097.4 -3188.2 -8.5 92 0 6.4 11.6 2.5 2.5 2 0 1 1 1
-2811.1 -2879.9 -12.0 3 0 6.0 13.6 7.5 2.5 2 0 3 1 1
-3061.9 -3324.3 -7.1 93 0 6.3 11.9 5.0 2.5 2 1 2 1 1
-2993.1 -2895.2 -10.5 272 0 5.9 10.0 2.5 2.5 4 0 1 0 0
-3084.5 -3190.2 -8.5 92 0 19.4 5.7 5.0 2.5 2 0 2 0 0
-2977.7 -2742.3 -10.9 272 0 5.6 11.3 5.0 2.5 2 0 2 2 2
-2979.4 -2775.0 -11.1 92 0 6.8 12.1 5.0 2.5 4 0 2 4 4
-2841.5 -2684.4 -10.7 352 0 10.4 9.9 2.5 2.5 2 0 1 1 1
-2991.3 -2686.3 -10.6 88 0 5.5 11.8 2.5 2.5 2 0 1 3 3
-2778.7 -2895.7 -11.9 1 0 10.9 11.2 5.0 2.5 2 0 2 2 2
-2871.1 -2791.6 -11.3 178 0 16.9 9.7 7.5 2.5 2 0 3 2 2
-2863.4 -2803.8 -11.4 179 0 7.9 15.3 7.5 2.5 2 0 3 1 1
-2993.6 -2964.5 -10.3 93 0 13.1 7.2 5.0 2.5 2 0 2 1 1
-2874.9 -2811.7 -11.4 179 0 23.1 11.7 7.5 2.5 2 0 3 4 4
-2809.9 -3046.4 -11.2 92 0 10.1 12.8 5.0 2.5 2 0 2 5 5
-2813.2 -2781.5 -11.4 344 0 11.5 8.0 2.5 2.5 2 0 1 0 0
-3006.9 -2481.7 -10.9 1 0 11.6 10.8 5.0 2.5 2 0 2 5 5
-2994.6 -2411.7 -10.6 164 0 12.3 6.6 5.0 2.5 2 0 2 2 2
-4121.7 -2126.9 -13.6 90 0 9.4 12.7 7.5 2.5 2 1 3 2 2
-2973.1 -2396.3 -10.8 340 0 4.3 6.7 2.5 2.5 2 1 1 1 1
-3036.9 -2516.7 -10.7 180 0 9.3 5.7 7.5 2.5 2 0 3 2 2
-3018.8 -2434.6 -10.9 2 0 9.7 9.6 2.5 2.5 2 0 1 3 3
-4069.8 -2124.2 -13.6 1 0 11.2 9.5 2.5 2.5 2 0 1 4 4
-4252.6 -2353.9 -11.8 91 0 10.9 10.0 7.5 2.5 4 0 3 1 1
-3010.9 -2570.6 -10.3 1 0 12.0 7.8 5.0 2.5 2 0 2 4 4
-2969.3 -2501.0 -10.5 85 0 10.3 10.9 5.0 2.5 4 1 2 2 2
-3012.0 -2460.8 -10.9 3 0 12.4 15.0 2.5 2.5 2 1 1 0 0
-4270.8 -2335.2 -11.9 181 0 6.3 8.0 7.5 2.5 2 0 3 0 0
-4257.7 -2341.2 -11.8 181 0 5.2 10.9 7.5 0.0 0 0 3 3 3
-3025.4 -2522.5 -10.6 180 0 3.9 11.3 2.5 2.5 2 0 1 3 3
-3052.4 -2574.6 -10.5 92 0 8.7 12.9 7.5 2.5 2 1 3 1 1
-3022.5 -2573.9 -10.4 2 0 6.9 14.6 5.0 2.5 2 1 2 3 3
-2956.5 -2406.6 -10.9 343 0 12.1 6.9 5.0 2.5 2 0 2 2 2
-4091.1 -2127.6 -13.5 92 0 12.3 5.2 5.0 2.5 2 0 2 1 1
-3007.5 -2364.6 -10.8 158 0 9.4 11.6 2.5 2.5 4 1 1 0 0
-3035.3 -2435.8 -11.1 2 0 6.4 12.8 2.5 2.5 2 1 1 5 5
-3013.6 -2445.5 -10.9 0 0 9.0 12.6 5.0 2.5 2 1 2 4 4
-2988.8 -2443.2 -10.6 169 0 9.3 9.7 5.0 2.5 2 1 2 4 4
-3058.0 -2485.1 -11.1 183 0 6.0 31.3 5.0 2.5 2 1 2 2 2
-4229.0 -2317.4 -12.0 274 0 9.7 11.1 5.0 2.5 2 1 2 5 5
-4279.2 -2357.1 -11.7 184 0 11.1 7.1 2.5 2.5 4 0 1 5 5
-2947.8 -2503.5 -10.4 86 0 9.7 4.1 7.5 0.0 0 0 3 2 2
-2967.6 -2377.7 -11.0 340 0 6.4 4.5 5.0 2.5 4 0 2 3 3
-3077.8 -2546.6 -10.6 273 0 5.0 12.4 7.5 2.5 2 1 3 2 2
-3039.6 -2619.4 -10.4 91 0 9.5 4.2 2.5 2.5 2 0 1 4 4
-2976.8 -2360.6 -11.1 341 0 3.4 4.7 2.5 2.5 4 1 1 5 5
-3078.1 -2429.7 -11.3 181 0 14.5 9.2 5.0 2.5 2 0 2 1 1
-3067.6 -2453.4 -11.2 182 0 7.5 15.9 5.0 2.5 2 0 2 4 4
-4262.7 -2335.4 -11.9 181 0 6.3 16.0 7.5 2.5 2 0 3 5 5
-3007.2 -2519.4 -10.6 0 0 10.1 6.8 5.0 2.5 2 0 2 3 3
-3027.1 -2619.6 -10.4 91 0 15.5 4.9 5.0 2.5 2 0 2 2 2
-3015.3 -2619.9 -10.4 91 0 8.0 8.5 2.5 2.5 2 0 1 5 5
-3036.7 -2552.4 -10.4 207 0 8.1 14.0 7.5 2.5 2 1 3 0 0
-2961.7 -2419.5 -10.7 340 0 8.1 19.7 5.0 0.0 0 1 2 5 5
-2999.9 -2383.4 -10.8 162 0 12.5 11.9 2.5 2.5 2 0 1 3 3
-3219.7 -2129.3 -14.1 329 0 12.8 10.4 7.5 0.0 0 0 3 0 0
-3070.0 -2136.7 -13.6 340 0 5.6 10.9 7.5 2.5 2 1 3 1 1
-3106.6 -2340.6 -11.5 92 0 20.3 7.6 2.5 2.5 2 0 1 5 5
-3183.6 -2211.5 -12.2 358 0 5.4 15.9 2.5 2.5 2 0 1 4 4
-3090.6 -2198.8 -12.0 158 0 10.4 11.6 5.0 2.5 2 1 2 0 0
-3017.4 -2302.1 -11.2 253 0 5.6 7.0 5.0 0.0 0 1 2 2 2
-3191.2 -2261.7 -11.9 181 0 15.6 8.9 5.0 2.5 2 0 2 0 0
-3133.8 -2145.5 -13.0 339 0 7.6 7.5 7.5 0.0 0 0 3 3 3
-3153.5 -2114.7 -13.9 337 0 18.6 6.1 7.5 2.5 2 0 3 4 4
-3049.6 -2319.0 -11.0 159 0 11.5 11.1 5.0 2.5 4 0 2 1 1
-3290.3 -2101.8 -14.1 179 0 12.8 7.0 7.5 2.5 2 0 3 3 3
-3137.7 -2178.3 -12.6 65 0 10.2 9.9 5.0 2.5 2 0 2 2 2
-3164.6 -2112.9 -13.9 336 0 5.5 15.3 7.5 2.5 2 1 3 0 0
-3046.4 -2237.4 -11.5 339 0 15.9 8.8 7.5 2.5 2 0 3 2 2
-3061.3 -2171.0 -12.8 339 0 4.6 12.0 7.5 2.5 2 1 3 0 0
-3030.5 -2269.3 -11.4 256 0 5.2 7.2 7.5 2.5 2 1 3 4 4
-3220.9 -2221.4 -12.3 176 0 11.9 6.9 5.0 2.5 2 0 2 5 5
-3261.4 -2090.5 -14.1 2 0 10.7 12.0 5.0 2.5 2 1 2 1 1
-3191.8 -2122.3 -14.1 147 0 16.9 8.8 5.0 0.0 0 0 2 4 4
-3083.2 -2238.3 -11.2 155 0 7.0 12.0 2.5 2.5 2 1 1 4 4
-3096.5 -2352.7 -11.4 92 0 13.4 6.9 2.5 0.0 0 0 1 1 1
-3059.3 -2154.5 -13.2 249 0 8.0 14.5 5.0 2.5 2 1 2 2 2
-3187.1 -2243.8 -11.9 181 0 6.1 26.4 7.5 0.0 0 1 3 1 1
-3058.8 -2280.1 -11.0 250 0 11.8 9.4 5.0 2.5 2 0 2 0 0
-3096.9 -2252.5 -11.3 159 0 10.1 10.0 5.0 2.5 2 0 2 0 0
-3199.1 -2172.9 -13.1 80 0 9.6 11.1 2.5 2.5 2 1 1 4 4
-3144.2 -2239.0 -11.6 339 0 11.3 10.9 5.0 2.5 2 0 2 3 3
-3223.2 -2171.8 -13.3 93 0 18.6 5.8 5.0 2.5 2 0 2 5 5
-3214.0 -2241.1 -12.1 86 0 8.3 13.8 7.5 2.5 2 1 3 5 5
-3067.0 -2349.1 -11.2 3 0 8.4 9.1 5.0 2.5 2 1 2 0 0
-3074.5 -2259.4 -11.1 69 0 10.5 8.4 7.5 2.5 4 0 3 4 4
-3161.7 -2273.6 -11.8 93 0 19.1 6.5 7.5 2.5 2 0 3 3 3
-3175.6 -2095.0 -14.3 250 0 11.2 5.2 2.5 2.5 2 0 1 1 1
-3095.0 -2127.1 -13.5 249 0 4.8 10.3 2.5 2.5 2 1 1 3 3
-3081.7 -2332.5 -11.3 4 0 10.8 9.6 2.5 2.5 2 0 1 2 2
-3094.7 -2175.2 -12.5 161 0 10.1 9.2 5.0 2.5 2 0 2 4 4
-3132.4 -2331.1 -11.6 184 0 16.3 9.7 5.0 2.5 2 0 2 4 4
-3290.2 -2070.2 -14.0 270 0 6.4 6.6 7.5 2.5 2 1 3 4 4
-3154.4 -2229.7 -11.7 335 0 11.4 8.8 5.0 0.0 0 0 2 0 0
-3180.6 -2202.1 -12.2 268 0 6.6 12.0 5.0 2.5 2 0 2 5 5
-3275.5 -2133.1 -14.1 183 0 12.7 10.3 5.0 2.5 2 0 2 2 2
-3209.7 -2208.6 -12.4 182 0 8.9 10.3 5.0 2.5 2 0 2 3 3
-3236.3 -2140.5 -14.0 3 0 6.6 15.1 5.0 0.0 0 0 2 1 1
-3279.6 -2117.3 -14.1 182 0 7.1 7.9 5.0 0.0 0 0 2 5 5
-3158.6 -2099.3 -14.2 338 0 13.8 7.3 5.0 2.5 2 0 2 3 3
-3258.5 -2140.3 -14.1 93 0 14.2 5.2 5.0 2.5 2 0 2 2 2
-3240.3 -2213.5 -12.6 89 0 8.8 10.0 5.0 2.5 2 0 2 3 3
-3139.9 -2279.2 -11.6 93 0 12.8 13.6 5.0 2.5 2 1 2 2 2
-3252.4 -2092.3 -14.1 263 0 5.7 11.1 2.5 2.5 2 1 1 0 0
-3225.8 -2210.9 -12.6 93 0 6.7 13.0 7.5 2.5 2 0 3 2 2
-3478.7 -1849.2 -16.0 93 0 8.4 12.9 2.5 2.5 2 1 1 2 2
-3472.8 -1814.9 -16.3 271 0 11.7 11.6 5.0 2.5 2 0 2 2 2
-3443.1 -1696.4 -16.8 232 0 6.6 10.6 2.5 2.5 2 1 1 2 2
-3624.0 -1240.9 -16.9 203 0 14.6 7.0 5.0 2.5 4 0 2 3 3
-3675.8 -1234.9 -17.2 205 0 10.8 15.4 5.0 2.5 2 1 2 4 4
-3460.7 -1673.9 -17.0 234 0 5.3 6.8 7.5 2.5 2 1 3 0 0
-3685.8 -1631.4 -18.2 271 0 10.5 22.5 7.5 2.5 4 1 3 1 1
-3549.7 -1608.6 -17.5 145 0 11.2 10.0 5.0 2.5 2 0 2 5 5
-3680.0 -1513.6 -17.0 360 0 8.5 8.7 7.5 2.5 2 1 3 3 3
-3505.1 -1569.4 -16.7 326 0 11.4 5.7 5.0 2.5 2 0 2 5 5
-3677.0 -1549.5 -17.4 85 0 6.7 9.9 5.0 2.5 2 1 2 3 3
-3605.8 -1677.0 -17.5 91 0 9.3 7.4 5.0 0.0 0 0 2 3 3
-3570.6 -1527.1 -16.5 56 0 16.4 4.2 5.0 2.5 2 0 2 2 2
-3707.1 -1276.3 -17.8 204 0 10.5 10.7 5.0 2.5 2 1 2 1 1
-3577.3 -1671.7 -17.4 181 0 10.4 11.0 7.5 2.5 2 1 3 5 5
-3566.2 -1565.4 -17.2 325 0 9.0 21.3 5.0 2.5 4 1 2 3 3
-3674.6 -1301.6 -18.1 204 0 5.5 10.1 5.0 2.5 2 0 2 5 5
-3642.4 -1270.6 -17.3 26 0 14.4 7.4 7.5 2.5 2 0 3 3 3
-3452.3 -1767.2 -16.8 234 0 5.3 10.8 7.5 0.0 0 1 3 1 1
-3550.8 -1580.7 -17.2 325 0 7.4 11.0 7.5 2.5 2 1 3 4 4
-3654.6 -1656.6 -17.9 92 0 34.9 9.8 7.5 2.5 2 0 3 4 4
-3422.6 -1784.1 -16.6 51 0 11.4 5.3 5.0 2.5 2 0 2 0 0
-3534.7 -1564.5 -16.8 236 0 5.3 5.0 7.5 2.5 2 0 3 1 1
-3664.1 -1584.4 -17.9 90 0 12.7 5.4 7.5 0.0 0 0 3 1 1
-3522.7 -1773.6 -16.8 182 0 10.2 6.6 7.5 2.5 2 0 3 2 2
-3642.8 -1582.0 -17.7 92 0 11.3 9.3 7.5 0.0 0 0 3 3 3
-3501.6 -1780.4 -16.7 91 0 11.2 6.7 7.5 2.5 4 0 3 4 4
-3621.6 -1259.1 -16.9 26 0 4.8 6.6 7.5 2.5 2 1 3 2 2
-3511.5 -1584.1 -17.0 325 0 10.3 7.9 7.5 2.5 2 0 3 0 0
-3486.4 -1787.5 -16.8 92 0 10.8 17.7 10.0 2.5 2 1 4 4 4
-3460.2 -1724.7 -17.0 56 0 10.3 13.6 7.5 0.0 0 1 3 3 3
-3678.7 -1311.0 -18.3 204 0 15.0 10.1 5.0 0.0 0 0 2 0 0
-3477.6 -1688.6 -16.9 236 0 7.5 14.9 5.0 2.5 4 1 2 0 0
-3662.0 -1559.8 -17.5 180 0 7.6 6.1 5.0 2.5 2 0 2 3 3
-3493.5 -1582.1 -17.0 325 0 7.1 23.8 5.0 2.5 2 0 2 5 5
-3623.8 -1227.2 -16.7 203 0 10.9 12.2 5.0 0.0 0 0 2 2 2
-3094.7 -6725.2 1.9 85 0 34.9 13.4 12.5 2.5 2 0 5 3 3
-3091.5 -6604.3 0.2 271 0 50.9 8.7 7.5 2.5 2 0 3 1 1
-3075.9 -1331.0 -15.6 266 0 10.3 18.3 2.5 0.0 0 1 1 4 4
-3235.6 -1545.2 -15.6 56 0 3.2 4.2 5.0 2.5 4 0 2 3 3
-3047.5 -1265.4 -14.9 29 0 10.2 8.7 5.0 2.5 4 0 2 5 5
-3015.3 -1297.8 -15.6 203 0 10.3 11.3 5.0 2.5 2 1 2 4 4
-3261.1 -1211.9 -14.1 226 0 8.9 9.5 5.0 2.5 2 1 2 1 1
-3079.5 -1422.7 -16.1 19 0 8.4 6.3 5.0 2.5 2 0 2 1 1
-2998.7 -1216.2 -14.7 28 0 11.8 6.6 5.0 2.5 2 0 2 1 1
-3225.2 -1540.4 -15.5 57 0 14.0 6.1 5.0 2.5 2 0 2 3 3
-3126.6 -1573.4 -16.0 188 0 9.0 11.3 2.5 2.5 4 1 1 2 2
-3016.4 -1194.5 -14.2 216 0 5.1 6.9 7.5 2.5 2 1 3 4 4
-3094.8 -1632.7 -16.4 354 0 11.9 7.0 5.0 2.5 2 0 2 3 3
-3131.8 -1625.9 -16.1 176 0 6.0 11.4 5.0 0.0 0 1 2 0 0
-3028.4 -1272.1 -15.1 30 0 9.9 8.4 5.0 0.0 0 0 2 2 2
-3016.0 -1321.1 -15.8 21 0 11.6 9.5 5.0 0.0 0 0 2 4 4
-2952.5 -1257.3 -15.2 26 0 12.0 6.6 2.5 2.5 2 0 1 2 2
-3115.4 -1647.5 -16.2 179 0 4.7 7.6 2.5 2.5 2 1 1 3 3
-3113.3 -1535.0 -16.0 108 0 18.1 5.8 2.5 2.5 4 0 1 4 4
-3025.4 -1242.9 -14.8 32 0 11.3 11.1 5.0 2.5 2 0 2 5 5
-3037.5 -1284.8 -15.2 31 0 8.9 7.5 5.0 2.5 2 0 2 3 3
-2990.8 -1240.8 -15.0 206 0 13.7 13.2 2.5 2.5 4 0 1 1 1
-2966.5 -1254.5 -15.1 27 0 6.0 11.8 5.0 2.5 2 1 2 0 0
-2988.7 -1168.6 -14.4 319 0 10.9 7.6 5.0 2.5 2 0 2 0 0
-3090.1 -1580.4 -16.3 3 0 6.0 6.7 5.0 2.5 2 1 2 1 1
-3129.6 -1639.3 -16.1 177 0 12.1 9.3 5.0 2.5 2 0 2 2 2
-2980.4 -1299.5 -15.6 25 0 6.6 19.2 2.5 2.5 2 1 1 2 2
-3041.1 -1202.6 -14.1 214 0 14.8 6.8 7.5 2.5 2 0 3 5 5
-3041.1 -1365.3 -16.2 111 0 11.1 5.7 5.0 2.5 2 0 2 5 5
-2999.7 -1336.0 -16.0 112 0 9.1 5.7 5.0 2.5 4 0 2 3 3
-3079.3 -1265.6 -14.7 120 0 7.0 11.6 2.5 2.5 2 1 1 0 0
-2933.9 -1168.3 -16.2 311 0 9.3 11.6 5.0 2.5 2 1 2 5 5
-3020.2 -1185.2 -13.9 220 0 11.1 6.5 2.5 2.5 2 0 1 5 5
-3170.7 -1542.8 -15.5 191 0 5.9 9.5 7.5 2.5 2 1 3 2 2
-3011.1 -1350.0 -16.1 291 0 4.6 10.8 5.0 2.5 4 1 2 3 3
-3032.7 -1368.2 -16.2 105 0 6.8 6.9 5.0 2.5 4 0 2 1 1
-3018.1 -1349.1 -16.0 23 0 4.5 8.3 2.5 2.5 2 0 1 3 3
-3146.7 -1538.9 -15.6 15 0 14.9 8.0 5.0 2.5 2 0 2 5 5
-2918.2 -1195.9 -16.3 40 0 6.6 10.6 7.5 2.5 2 1 3 5 5
-3245.2 -1544.1 -15.6 146 0 16.6 5.7 7.5 0.0 0 0 3 1 1
-2989.7 -1207.5 -14.9 28 0 9.2 9.5 5.0 2.5 2 1 2 0 0
-3098.0 -1343.2 -15.5 213 0 11.7 9.5 2.5 2.5 2 0 1 0 0
-3022.9 -1338.8 -16.0 23 0 13.5 10.3 5.0 2.5 2 0 2 2 2
-2236.6 -3442.3 -7.7 22 0 16.3 7.9 2.5 2.5 4 0 1 3 3
-2132.9 -3366.0 -7.9 112 0 6.5 10.9 7.5 2.5 2 1 3 0 0
-1782.2 -3073.2 -8.5 103 0 6.8 11.8 5.0 2.5 2 1 2 4 4
-1978.5 -3144.3 -10.3 287 0 6.5 11.3 5.0 2.5 2 1 2 5 5
-2011.0 -2666.3 -12.2 295 0 6.4 9.1 7.5 2.5 2 1 3 2 2
-2288.5 -3429.8 -8.5 203 0 11.0 11.1 5.0 2.5 2 1 2 4 4
-1754.4 -3084.4 -8.2 110 0 6.7 20.4 7.5 2.5 4 1 3 3 3
-1768.4 -3079.7 -8.3 112 0 10.6 4.8 5.0 2.5 2 0 2 4 4
-2045.7 -2681.3 -12.4 109 0 6.1 10.6 5.0 2.5 2 1 2 3 3
-1971.1 -3173.4 -10.2 114 0 14.7 6.5 5.0 2.5 2 0 2 2 2
-2169.6 -3317.5 -8.0 292 0 5.2 9.1 5.0 2.5 4 1 2 5 5
-2095.5 -3265.1 -8.8 110 0 6.1 7.5 5.0 0.0 0 1 2 5 5
-2160.0 -3333.6 -8.0 293 0 8.9 5.3 5.0 2.5 2 0 2 3 3
-2073.7 -2974.7 -10.8 202 0 11.4 6.9 5.0 0.0 0 0 2 5 5
-2252.2 -3447.2 -8.1 22 0 7.7 23.1 7.5 2.5 2 1 3 0 0
-2015.2 -2694.7 -12.0 17 0 5.9 6.4 7.5 2.5 4 1 3 2 2
-2232.7 -3432.5 -7.8 22 0 4.7 7.9 5.0 2.5 2 0 2 4 4
-2120.5 -3377.5 -7.6 111 0 8.6 5.6 2.5 2.5 2 0 1 5 5
-2127.8 -3255.5 -7.8 115 0 8.5 10.6 5.0 2.5 2 0 2 4 4
-2269.3 -3414.9 -8.5 204 0 7.0 18.4 5.0 2.5 2 0 2 0 0
-1912.0 -3537.3 -6.2 15 0 5.0 5.6 5.0 2.5 4 0 2 2 2
-2115.6 -3263.9 -8.5 115 0 20.7 4.5 5.0 2.5 2 0 2 1 1
-2046.0 -2999.5 -10.7 113 0 9.7 22.0 7.5 2.5 2 1 3 4 4
-1902.0 -3532.5 -6.1 15 0 12.1 8.4 2.5 2.5 2 0 1 0 0
-2253.9 -3408.2 -8.4 294 0 14.1 8.9 7.5 2.5 2 0 3 1 1
-1723.1 -2822.0 -9.1 203 0 10.6 9.1 5.0 0.0 0 0 2 2 2
-1503.3 -3175.9 -5.6 193 0 10.6 8.6 5.0 2.5 4 0 2 3 3
-1699.1 -2822.2 -8.8 293 0 5.1 3.5 5.0 2.5 2 0 2 5 5
-1449.2 -3130.7 -5.3 293 0 6.5 12.2 7.5 0.0 0 1 3 1 1
-1364.3 -2742.1 -5.9 112 0 7.8 11.9 5.0 2.5 2 1 2 2 2
-1718.4 -2839.5 -8.9 203 0 5.8 15.9 5.0 2.5 2 1 2 1 1
-1456.9 -3197.8 -5.0 114 0 7.6 14.1 5.0 2.5 2 1 2 0 0
-1467.6 -3198.0 -5.2 114 0 11.8 4.5 2.5 2.5 2 0 1 2 2
-1636.3 -2732.7 -9.0 115 0 8.8 10.3 5.0 2.5 4 1 2 2 2
-1394.6 -2717.5 -6.3 202 0 10.6 9.3 5.0 2.5 2 0 2 3 3
-1605.3 -2746.0 -8.6 112 0 8.0 14.3 2.5 2.5 2 1 1 5 5
-1466.0 -3132.1 -5.4 291 0 9.6 6.3 2.5 2.5 2 0 1 2 2
-1488.1 -3121.0 -5.6 202 0 11.2 8.2 5.0 2.5 2 0 2 0 0
-1483.1 -3130.6 -5.5 201 0 11.3 8.1 5.0 2.5 4 0 2 2 2
-2542.2 -2541.5 -12.8 69 0 6.9 4.7 5.0 2.5 2 0 2 2 2
-2135.4 -1954.8 -15.2 88 0 13.4 7.3 2.5 2.5 2 0 1 4 4
-2114.7 -1789.9 -14.5 86 0 10.6 3.7 5.0 2.5 2 0 2 5 5
-2561.5 -2470.6 -14.2 160 0 4.4 3.7 2.5 0.0 0 0 1 0 0
-2553.7 -2517.3 -12.8 249 0 4.1 5.4 7.5 2.5 2 0 3 4 4
-2145.7 -2013.2 -14.9 185 0 11.6 10.3 5.0 2.5 2 0 2 1 1
-2522.0 -2506.6 -13.6 336 0 3.3 4.3 5.0 2.5 2 1 2 5 5
-2115.4 -2009.6 -14.5 263 0 17.4 6.4 5.0 2.5 2 0 2 1 1
-2540.7 -2497.4 -13.6 230 0 10.8 11.0 5.0 2.5 2 1 2 0 0
-2105.1 -1786.4 -14.2 90 0 3.1 4.6 2.5 2.5 2 1 1 4 4
-2115.0 -1736.9 -14.3 87 0 10.3 4.9 5.0 2.5 2 0 2 1 1
-2327.3 -2301.1 -12.5 154 0 12.8 11.4 2.5 2.5 2 0 1 4 4
-2098.3 -1995.6 -14.0 266 0 9.7 12.7 2.5 2.5 2 1 1 2 2
-2547.0 -2532.5 -12.8 69 0 6.0 11.1 5.0 2.5 2 0 2 2 2
-2325.3 -2260.4 -12.9 325 0 11.9 9.8 5.0 2.5 2 0 2 5 5
-2121.9 -1791.7 -14.5 86 0 3.8 6.7 5.0 2.5 2 0 2 2 2
-2319.5 -2268.7 -12.8 325 0 8.3 7.0 5.0 2.5 2 0 2 2 2
-2566.3 -2475.1 -14.0 160 0 12.4 6.1 5.0 2.5 2 0 2 5 5
-2281.6 -3938.9 -3.8 111 0 5.2 9.8 5.0 2.5 4 0 2 5 5
-2283.1 -3943.0 -3.7 111 0 5.2 4.4 7.5 2.5 2 0 3 5 5
-2246.4 -3916.4 -3.8 21 0 11.4 10.3 5.0 2.5 4 0 2 2 2
-2271.2 -3911.7 -4.0 291 0 5.6 19.3 7.5 2.5 2 0 3 0 0
5512.4 8672.3 -16.7 143 0 5.6 13.2 5.0 2.5 2 1 2 4 4
5669.8 8320.7 -18.0 27 0 6.8 20.3 5.0 2.5 2 1 2 4 4
5601.2 8305.5 -18.4 210 0 8.4 11.1 2.5 2.5 4 1 1 2 2
2380.6 -2332.5 2.6 189 0 11.2 37.6 7.5 2.5 2 1 3 1 1
2203.2 -2334.9 2.0 279 0 32.0 14.0 10.0 2.5 2 0 4 0 0
2291.0 -2323.8 2.0 97 0 5.8 6.3 7.5 2.5 2 1 3 1 1
-5984.1 38.0 -16.8 114 0 10.7 8.1 2.5 2.5 2 0 1 4 4
-4955.7 -505.3 -16.6 296 0 25.5 9.5 7.5 2.5 2 0 3 2 2
-1344.1 -4556.2 5.3 24 0 8.4 6.0 5.0 2.5 2 0 2 2 2
-1344.0 -4589.5 5.5 204 0 10.2 12.5 5.0 2.5 2 1 2 3 3
-1323.5 -4649.2 5.9 19 0 10.7 12.9 5.0 2.5 2 1 2 3 3
-1325.4 -4734.2 6.6 109 0 8.0 9.1 2.5 2.5 2 1 1 2 2
-1380.4 -4792.5 5.8 205 0 6.8 21.3 5.0 2.5 2 0 2 1 1
-1326.7 -4527.0 4.8 24 0 10.1 9.2 2.5 2.5 2 0 1 0 0
-1381.6 -4542.4 5.7 115 0 7.9 5.5 7.5 2.5 4 0 3 1 1
-1349.8 -4611.1 5.7 205 0 6.4 19.5 5.0 2.5 2 1 2 1 1
-1405.8 -3906.7 -2.6 108 0 8.9 6.8 2.5 2.5 2 0 1 4 4
-1357.4 -4598.8 5.8 201 0 19.4 6.9 7.5 2.5 2 0 3 1 1
-1414.6 -3893.2 -2.5 198 0 6.4 18.0 2.5 2.5 2 1 1 1 1
-1350.1 -4646.8 6.3 109 0 10.3 7.1 2.5 2.5 2 0 1 4 4
-1347.4 -4728.6 6.6 112 0 15.0 6.8 7.5 2.5 4 0 3 4 4
-1367.8 -4626.3 6.1 200 0 25.1 9.0 7.5 2.5 2 0 3 5 5
-1366.0 -4717.5 6.7 114 0 8.6 7.8 7.5 2.5 2 0 3 4 4
-1386.5 -4789.6 5.8 206 0 6.9 6.8 2.5 2.5 2 0 1 4 4
-1368.7 -4545.0 5.5 205 0 6.4 9.8 5.0 2.5 2 1 2 5 5
-1422.7 -3868.2 -2.5 205 0 15.7 9.8 2.5 2.5 4 0 1 4 4
-1390.3 -4768.5 6.0 206 0 20.4 12.6 7.5 2.5 4 0 3 5 5
-1362.2 -4500.1 5.2 295 0 8.3 15.4 7.5 2.5 4 1 3 0 0
-1349.7 -4553.4 5.4 25 0 7.0 10.9 5.0 0.0 0 1 2 3 3
-1368.3 -4583.5 5.8 114 0 7.7 11.9 7.5 2.5 2 1 3 3 3
-1374.1 -4546.0 5.5 115 0 8.8 13.4 7.5 2.5 2 1 3 0 0
-1345.4 -4517.7 5.1 294 0 9.2 6.1 2.5 2.5 2 0 1 0 0
-1353.3 -4590.0 5.7 112 0 12.2 5.4 5.0 2.5 2 0 2 1 1
-1400.3 -3862.9 -2.4 295 0 21.4 8.5 7.5 2.5 2 0 3 0 0
-1370.8 -3896.5 -2.5 24 0 9.8 11.0 5.0 2.5 2 1 2 3 3
-1371.5 -3923.7 -2.6 22 0 9.2 14.5 2.5 2.5 2 0 1 2 2
-2172.5 3756.1 -20.2 284 0 12.2 12.3 5.0 2.5 4 1 2 2 2
-2201.8 3757.6 -20.1 193 0 12.6 10.2 5.0 2.5 2 0 2 5 5
-2246.6 3776.9 -20.0 284 0 5.8 17.7 7.5 0.0 0 1 3 2 2
-2262.9 3783.9 -20.1 285 0 11.4 9.5 5.0 2.5 2 0 2 1 1
-2253.2 3683.3 -19.5 281 0 6.5 13.3 7.5 2.5 2 1 3 3 3
-2298.7 3794.1 -20.5 283 0 12.7 12.8 7.5 2.5 2 1 3 4 4
-2319.8 3798.2 -20.7 282 0 10.4 12.2 5.0 2.5 2 1 2 4 4
-2283.9 3635.5 -19.9 192 0 12.8 5.3 7.5 2.5 2 0 3 2 2
-2557.4 3855.4 -20.4 283 0 12.8 9.4 7.5 2.5 2 0 3 1 1
-2576.6 3861.6 -20.6 283 0 9.0 11.7 7.5 2.5 2 1 3 5 5
-2612.7 3867.7 -20.9 283 0 13.5 11.1 7.5 2.5 2 0 3 2 2
-2359.1 3665.3 -19.6 101 0 10.9 13.4 7.5 2.5 2 1 3 0 0
-2046.6 3759.9 -20.4 281 0 11.9 12.5 7.5 2.5 2 1 3 5 5
-2607.0 3814.2 -21.2 191 0 10.6 19.7 2.5 2.5 2 1 1 0 0
-2585.7 3846.3 -20.8 282 0 6.4 14.0 7.5 2.5 2 1 3 1 1
-2288.8 3763.4 -19.9 283 0 6.4 26.1 5.0 2.5 2 1 2 1 1
-2271.6 3740.1 -19.8 15 0 8.1 9.8 5.0 2.5 2 1 2 5 5
-2071.9 3656.4 -20.2 102 0 10.4 17.5 7.5 2.5 2 1 3 1 1
-2524.7 3795.6 -21.5 101 0 13.8 7.2 5.0 0.0 0 0 2 5 5
-2573.2 3115.5 -20.5 102 0 10.3 4.5 2.5 2.5 2 0 1 1 1
-2255.1 3712.1 -19.7 12 0 9.2 11.8 7.5 0.0 0 1 3 2 2
-2328.9 3757.3 -20.1 283 0 6.9 5.8 5.0 0.0 0 0 2 1 1
-2309.6 3774.2 -20.2 281 0 4.3 17.6 7.5 2.5 2 1 3 1 1
-2174.0 3703.1 -19.9 10 0 6.6 12.6 7.5 2.5 2 1 3 1 1
-2209.6 3733.5 -20.0 191 0 13.0 5.7 7.5 2.5 2 0 3 0 0
-2397.9 3761.0 -20.8 193 0 11.5 38.6 7.5 2.5 2 1 3 3 3
-2378.3 3693.1 -20.2 104 0 13.4 56.2 7.5 2.5 2 1 3 5 5
-2360.6 3684.5 -19.4 104 0 5.2 14.2 7.5 2.5 2 1 3 0 0
-2260.4 3726.4 -19.8 104 0 6.5 19.0 5.0 2.5 2 1 2 0 0
-2039.6 3719.7 -20.4 102 0 10.3 20.3 5.0 2.5 2 1 2 0 0
-2202.7 3704.9 -19.9 98 0 9.9 7.4 7.5 2.5 4 0 3 3 3
-2257.9 3611.7 -20.2 11 0 11.0 15.6 5.0 2.5 2 1 2 3 3
-2277.4 3780.1 -20.1 284 0 5.4 31.9 2.5 2.5 2 1 1 0 0
-2088.2 3740.2 -20.2 192 0 17.1 9.1 7.5 2.5 2 0 3 1 1
-2038.5 3708.5 -20.3 15 0 10.9 20.1 5.0 2.5 2 1 2 0 0
-2336.6 3784.2 -20.6 283 0 6.7 17.7 7.5 2.5 2 1 3 0 0
-2318.0 3766.4 -20.2 285 0 5.7 9.5 5.0 2.5 2 1 2 5 5
-2553.0 3803.0 -21.1 99 0 12.9 6.1 5.0 2.5 2 0 2 4 4
-2594.8 3131.6 -20.5 201 0 13.6 6.6 5.0 2.5 2 0 2 4 4
-2638.2 3833.4 -21.3 192 0 9.0 14.4 5.0 2.5 2 1 2 0 0
-2285.0 3616.6 -20.1 192 0 12.5 11.8 5.0 2.5 2 0 2 3 3
-2553.8 3146.5 -20.5 15 0 5.9 10.3 5.0 2.5 2 1 2 0 0
-2166.9 3728.2 -20.1 14 0 13.1 5.5 7.5 2.5 4 0 3 2 2
-2412.7 3791.1 -21.6 193 0 51.2 10.0 7.5 2.5 2 0 3 0 0
-2238.8 3709.6 -19.8 98 0 11.3 9.0 5.0 2.5 2 0 2 0 0
-2029.7 3757.8 -20.7 279 0 5.9 17.3 7.5 2.5 2 1 3 2 2
-2309.4 3754.4 -20.0 285 0 14.9 12.3 5.0 0.0 0 0 2 5 5
-2551.1 3121.4 -20.5 11 0 9.4 12.3 7.5 2.5 2 1 3 0 0
-6567.7 8325.3 -25.4 313 0 9.7 11.9 7.5 2.5 2 1 3 0 0
-6545.0 8287.6 -25.4 42 0 11.9 11.3 7.5 2.5 2 0 3 0 0
-6544.7 8052.7 -27.7 127 0 13.7 15.3 5.0 2.5 2 1 2 4 4
6472.2 2248.0 -9.0 256 0 4.9 15.2 5.0 2.5 2 1 2 1 1
6715.2 1387.9 -6.4 70 0 15.9 28.0 10.0 2.5 2 1 4 4 4
6488.1 1492.6 -6.0 93 0 29.2 14.2 10.0 2.5 2 0 4 1 1
-5433.0 5838.9 -24.1 268 0 12.7 11.1 5.0 2.5 2 0 2 1 1
-5583.5 5689.5 -27.5 1 0 26.0 10.9 10.0 2.5 2 0 4 5 5
-5445.5 5828.3 -24.4 270 0 6.0 17.9 2.5 2.5 2 1 1 2 2
-5375.1 5778.3 -24.7 92 0 4.4 13.8 5.0 2.5 2 1 2 0 0
-6948.1 6414.2 -28.8 194 0 7.5 7.5 5.0 2.5 2 1 2 0 0
-6692.4 5809.8 -29.0 90 0 6.4 12.1 5.0 2.5 2 0 2 1 1
-5278.4 5869.8 -23.7 66 0 5.2 16.4 7.5 2.5 2 1 3 5 5
-6402.2 5856.7 -28.7 3 0 6.7 12.0 5.0 2.5 2 1 2 2 2
-5657.3 5811.7 -26.7 270 0 10.1 11.6 5.0 2.5 2 1 2 4 4
-5412.9 5825.6 -24.3 267 0 12.5 11.8 7.5 2.5 2 0 3 2 2
-5675.3 5871.9 -25.9 182 0 10.8 10.7 5.0 2.5 4 0 2 2 2
-6421.2 5732.2 -28.1 95 0 6.7 24.4 7.5 2.5 2 1 3 1 1
-5291.4 5905.7 -23.6 244 0 12.3 12.7 2.5 0.0 0 1 1 4 4
-6585.4 5843.8 -28.4 270 0 11.5 6.9 2.5 0.0 0 0 1 5 5
-6400.3 5764.7 -28.6 357 0 14.1 13.2 2.5 2.5 2 0 1 4 4
-5637.6 5812.2 -26.5 269 0 10.1 10.5 2.5 2.5 2 1 1 1 1
-5435.0 5794.7 -24.6 91 0 16.3 7.8 2.5 2.5 2 0 1 4 4
-6268.5 5865.0 -28.2 267 0 10.4 7.0 2.5 2.5 4 0 1 4 4
-6443.4 5777.9 -28.8 270 0 6.4 30.9 2.5 2.5 2 1 1 0 0
-6312.2 5831.4 -28.4 88 0 11.1 10.3 5.0 2.5 2 0 2 0 0
-5616.0 5826.8 -26.3 271 0 7.2 19.7 5.0 2.5 2 1 2 4 4
-6662.6 5808.7 -29.1 87 0 12.5 10.3 5.0 2.5 2 0 2 0 0
-5489.4 5804.7 -24.9 90 0 13.3 14.3 7.5 2.5 2 1 3 4 4
-6616.0 5816.8 -28.9 90 0 11.5 10.0 7.5 2.5 4 0 3 1 1
-6440.0 5727.1 -27.6 178 0 7.5 15.6 5.0 2.5 2 1 2 5 5
-6384.4 5934.0 -28.6 0 0 21.0 12.3 10.0 2.5 2 0 4 1 1
-6673.4 5842.6 -28.8 359 0 6.5 13.3 7.5 2.5 2 1 3 2 2
-6494.6 5784.1 -29.0 269 0 10.3 10.8 10.0 2.5 4 1 4 1 1
-5317.5 5870.3 -23.6 87 0 12.5 10.5 10.0 2.5 2 0 4 4 4
-6340.2 5831.4 -28.5 89 0 14.3 27.0 5.0 2.5 2 1 2 0 0
-6695.7 5827.9 -28.7 180 0 12.2 6.3 7.5 2.5 4 0 3 5 5
-6437.2 5840.1 -28.8 180 0 11.0 10.8 5.0 2.5 4 0 2 0 0
-4844.0 5768.2 -18.9 360 0 11.7 15.8 7.5 2.5 2 0 3 1 1
-5587.0 5732.7 -26.9 350 0 13.0 11.0 5.0 2.5 2 0 2 4 4
-6374.7 5883.1 -28.6 359 0 13.1 18.8 10.0 2.5 2 1 4 5 5
-6296.7 5836.0 -28.3 90 0 9.8 12.2 7.5 2.5 2 1 3 3 3
-4833.9 5748.1 -19.2 360 0 10.1 24.2 10.0 2.5 2 0 4 2 2
-164.6 4043.5 -20.7 198 0 10.8 9.1 8.0 2.5 2 0 2 5 5
-99.9 3520.1 -18.4 288 0 14.1 18.7 10.0 0.0 0 1 4 4 4
-1356.5 3728.6 -20.5 192 0 8.1 15.7 5.0 2.5 2 1 2 1 1
-1348.0 3754.6 -20.1 196 0 15.2 11.1 2.5 0.0 0 0 1 3 3
5527.4 8626.1 -16.8 26 0 4.8 19.9 5.0 2.5 2 1 2 5 5
5525.2 8606.9 -16.8 29 0 3.9 11.7 5.0 0.0 0 1 2 0 0
5519.8 8601.2 -16.8 28 0 5.8 10.3 2.5 2.5 2 1 1 1 1
5584.1 8686.8 -16.8 299 0 9.5 6.0 5.0 2.5 2 0 2 2 2
5553.0 8647.7 -16.4 119 0 10.5 6.7 5.0 0.0 0 0 2 3 3
5544.9 8652.0 -16.5 119 0 7.9 6.7 2.5 2.5 2 0 1 3 3
5593.0 8660.3 -16.4 26 0 10.8 6.9 7.5 2.5 2 0 3 1 1
5514.1 8648.0 -16.7 206 0 4.6 10.7 2.5 2.5 2 1 1 4 4
5536.5 8604.9 -16.6 117 0 5.0 9.5 5.0 2.5 2 1 2 1 1
5554.0 8678.8 -16.6 209 0 5.6 10.8 5.0 0.0 0 1 2 3 3
5594.9 8682.4 -16.7 300 0 9.0 4.8 2.5 2.5 2 0 1 0 0
5580.4 8664.0 -16.5 30 0 7.0 11.9 5.0 2.5 2 1 2 2 2
5600.5 8670.8 -16.6 27 0 9.4 4.5 2.5 2.5 2 0 1 0 0
5520.5 8596.7 -16.7 208 0 12.7 4.9 7.5 2.5 2 0 3 3 3
5571.0 8638.8 -16.3 28 0 5.0 8.0 7.5 2.5 2 1 3 0 0
-6118.4 1729.0 -24.5 201 0 17.2 9.5 7.5 2.5 2 0 3 4 4
-6056.9 1690.6 -24.8 40 0 11.9 11.7 5.0 2.5 2 0 2 1 1
-6022.6 1786.5 -24.8 35 0 6.4 16.2 5.0 2.5 2 1 2 3 3
-6078.9 1792.5 -24.5 211 0 12.5 6.8 5.0 2.5 2 0 2 2 2
-6049.7 1699.2 -24.9 40 0 10.4 11.7 2.5 2.5 4 0 1 5 5
-6113.1 1742.5 -24.5 201 0 11.9 9.5 5.0 2.5 4 0 2 2 2
-6100.6 1691.6 -24.6 124 0 12.3 8.9 5.0 2.5 2 0 2 4 4
3191.1 2093.3 -10.6 195 0 11.7 6.4 7.5 2.5 2 0 3 5 5
3197.2 2040.1 -10.6 105 0 16.9 5.4 7.5 2.5 2 0 3 0 0
3185.1 2055.7 -10.6 197 0 10.9 10.4 7.5 2.5 2 0 3 0 0
3197.5 2068.7 -10.5 192 0 6.7 19.6 5.0 2.5 2 1 2 2 2
3226.8 2097.5 -10.3 287 0 15.0 6.8 7.5 2.5 2 0 3 3 3
3243.0 2086.9 -10.1 12 0 10.1 7.4 2.5 2.5 2 0 1 0 0
3230.6 2069.6 -10.2 11 0 11.9 7.8 5.0 2.5 2 0 2 3 3
3228.3 2020.8 -10.4 107 0 9.7 15.5 5.0 2.5 4 1 2 2 2
3242.0 2058.8 -10.1 287 0 12.1 6.7 5.0 2.5 2 0 2 3 3
3255.4 2045.1 -10.3 289 0 6.7 13.2 5.0 2.5 2 1 2 4 4
3270.5 2006.5 -10.6 107 0 6.5 15.4 7.5 2.5 2 1 3 5 5
3278.8 2003.3 -10.6 107 0 5.3 10.4 2.5 2.5 2 1 1 2 2
3324.5 2039.9 -10.5 304 0 13.4 7.3 7.5 2.5 2 0 3 5 5
3301.2 2012.9 -10.5 124 0 6.6 20.2 5.0 2.5 2 1 2 3 3
3315.6 1995.0 -10.4 119 0 9.1 8.9 5.0 2.5 2 0 2 1 1
3356.7 2026.9 -10.3 216 0 22.3 4.0 7.5 0.0 0 0 3 4 4
3344.9 2017.6 -10.3 305 0 4.5 11.6 7.5 2.5 2 1 3 3 3
3363.9 2030.1 -10.3 215 0 8.8 11.1 2.5 2.5 2 1 1 2 2
3369.1 2007.0 -10.2 249 0 15.2 11.7 10.0 2.5 2 0 4 3 3
3352.2 1994.0 -10.2 138 0 5.2 9.7 2.5 2.5 2 1 1 1 1
3350.9 1976.5 -10.2 125 0 9.4 13.5 7.5 0.0 0 1 3 0 0
3375.7 1976.4 -10.0 138 0 6.7 16.3 5.0 2.5 2 1 2 3 3
3371.3 1956.4 -9.9 124 0 6.1 14.9 7.5 2.5 2 1 3 5 5
3398.3 1941.4 -9.6 131 0 4.5 4.7 5.0 2.5 2 1 2 2 2
3416.7 1953.3 -9.5 315 0 3.9 5.7 5.0 2.5 2 1 2 1 1
3400.9 1948.0 -9.6 135 0 6.0 15.3 7.5 2.5 2 1 3 0 0
3397.8 1929.9 -9.5 144 0 10.4 10.1 5.0 2.5 2 0 2 5 5
3429.4 1965.8 -9.5 314 0 5.7 12.2 5.0 2.5 2 1 2 3 3
3435.6 1956.7 -9.3 226 0 8.6 10.5 2.5 0.0 0 1 1 5 5
3459.4 1934.6 -9.2 47 0 13.0 15.8 5.0 2.5 2 1 2 0 0
3430.6 1907.5 -9.2 141 0 5.6 11.9 7.5 2.5 4 1 3 3 3
3418.3 1901.8 -9.2 143 0 8.9 10.5 5.0 2.5 2 1 2 3 3
3434.6 1900.1 -9.2 139 0 6.0 14.2 7.5 2.5 2 1 3 4 4
3421.6 1890.0 -9.2 144 0 6.5 15.0 2.5 2.5 2 1 1 5 5
3458.2 1918.6 -9.2 314 0 11.5 9.1 5.0 2.5 2 0 2 5 5
3465.1 1901.6 -9.2 316 0 7.9 6.0 7.5 2.5 2 0 3 0 0
3440.0 1854.7 -9.3 135 0 5.5 27.3 5.0 0.0 0 1 2 0 0
3472.9 1889.8 -9.3 314 0 4.0 6.8 5.0 2.5 2 1 2 1 1
3494.7 1865.2 -9.3 44 0 7.9 15.8 2.5 2.5 2 1 1 3 3
3476.0 1863.1 -9.3 42 0 7.4 4.1 7.5 2.5 2 0 3 3 3
3569.9 1956.8 -10.1 226 0 14.7 11.2 5.0 2.5 2 0 2 5 5
3611.4 2004.2 -11.4 101 0 18.2 5.8 7.5 2.5 2 0 3 4 4
3812.6 2087.0 -13.2 47 0 4.4 17.7 5.0 2.5 2 1 2 0 0
3829.9 2094.7 -13.3 47 0 16.9 7.4 5.0 2.5 2 0 2 5 5
3829.4 2115.4 -13.2 317 0 15.3 5.9 7.5 2.5 2 0 3 1 1
3792.0 2116.1 -13.2 227 0 9.8 9.4 5.0 2.5 2 0 2 0 0
3755.6 2057.7 -13.2 137 0 10.9 14.6 7.5 2.5 2 1 3 2 2
3774.5 2042.0 -13.0 52 0 9.0 6.6 7.5 2.5 2 0 3 1 1
3682.7 1988.5 -12.2 319 0 4.4 4.8 2.5 2.5 2 1 1 2 2
3684.7 1977.9 -12.1 319 0 10.6 6.7 5.0 2.5 2 0 2 1 1
3670.0 2001.8 -12.3 229 0 5.8 13.5 2.5 2.5 2 1 1 4 4
3641.6 1976.5 -11.4 227 0 11.2 10.9 7.5 2.5 2 0 3 3 3
3585.0 1891.1 -10.0 225 0 3.6 12.2 5.0 2.5 4 1 2 0 0
3627.4 1902.8 -10.5 314 0 8.2 13.3 5.0 2.5 2 1 2 1 1
3609.7 1920.4 -10.3 314 0 6.0 3.6 5.0 2.5 2 0 2 3 3
3604.2 1910.6 -10.3 313 0 10.0 4.1 2.5 2.5 2 0 1 5 5
3588.0 1927.6 -10.2 223 0 10.0 5.5 7.5 2.5 2 0 3 3 3
3583.4 1915.2 -10.1 224 0 10.0 10.7 7.5 2.5 2 1 3 2 2
3573.3 1905.8 -9.9 224 0 6.7 10.1 2.5 2.5 4 1 1 5 5
3720.2 1631.1 -8.5 14 0 6.3 17.2 5.0 2.5 4 1 2 4 4
3704.4 1594.1 -7.9 104 0 16.9 9.2 5.0 0.0 0 0 2 4 4
3695.7 1669.9 -9.7 26 0 8.7 34.0 7.5 2.5 2 1 3 2 2
3657.2 1648.2 -9.2 8 0 21.3 7.6 2.5 2.5 2 0 1 5 5
3646.1 1623.0 -8.5 10 0 11.0 3.5 2.5 2.5 2 0 1 3 3
3627.8 1618.5 -8.6 96 0 6.5 9.8 5.0 2.5 2 1 2 2 2
3636.1 1652.2 -9.2 3 0 14.6 5.8 2.5 2.5 2 0 1 3 3
3609.2 1648.2 -9.0 195 0 6.1 11.8 2.5 2.5 2 1 1 5 5
3588.6 1705.2 -8.9 294 0 4.0 4.8 2.5 2.5 2 1 1 4 4
3597.6 1697.5 -9.0 299 0 13.4 8.4 2.5 2.5 4 0 1 3 3
3573.5 1691.6 -8.8 132 0 10.9 10.4 7.5 0.0 0 0 3 3 3
3572.3 1759.2 -9.2 108 0 6.0 10.1 7.5 2.5 2 1 3 4 4
3570.2 1894.4 -9.9 223 0 8.2 12.6 5.0 2.5 2 1 2 2 2
3568.3 1867.9 -9.8 205 0 19.8 8.7 2.5 2.5 2 0 1 1 1
3540.4 1868.0 -9.5 196 0 6.1 13.5 5.0 2.5 2 1 2 3 3
3553.8 1853.8 -9.5 201 0 10.1 5.5 5.0 2.5 2 0 2 0 0
3541.3 1847.8 -9.4 194 0 5.6 10.6 7.5 2.5 2 1 3 0 0
3526.8 1763.6 -9.2 90 0 5.4 19.9 7.5 0.0 0 1 3 2 2
3532.2 1795.0 -9.3 105 0 8.0 11.8 5.0 2.5 2 1 2 3 3
3536.2 1841.9 -9.4 197 0 8.5 8.9 2.5 2.5 2 1 1 3 3
3523.6 1835.3 -9.4 192 0 5.5 9.6 5.0 2.5 2 1 2 1 1
3508.1 1844.9 -9.4 215 0 10.2 8.8 7.5 0.0 0 0 3 5 5
3491.2 1796.5 -9.3 139 0 10.8 11.4 7.5 2.5 2 1 3 1 1
-4639.5 5662.7 -22.7 36 0 17.8 18.3 7.5 0.0 0 1 3 0 0
-3099.2 6788.8 -17.3 285 0 10.0 29.3 7.5 0.0 0 1 3 0 0
-3108.4 6723.2 -15.3 283 0 6.0 11.3 7.5 2.5 2 1 3 5 5
-3099.1 6742.0 -16.8 16 0 6.7 19.7 5.0 2.5 2 1 2 0 0
-3142.7 6733.5 -16.0 193 0 5.6 27.2 2.5 2.5 2 1 1 0 0
-3160.4 6728.2 -16.0 194 0 20.1 9.1 7.5 0.0 0 0 3 3 3
72.3 3261.6 -16.2 113 0 18.6 17.1 7.5 2.5 2 0 3 5 5
-63.6 3278.6 -17.4 73 0 6.8 15.9 2.5 2.5 2 1 1 0 0
-142.1 3482.1 -18.6 103 0 9.0 13.8 5.0 2.5 2 1 2 1 1
-105.4 3470.6 -18.6 7 0 11.9 18.7 2.5 2.5 2 1 1 3 3
-133.5 3515.8 -18.5 281 0 5.7 11.3 5.0 2.5 2 1 2 4 4
2855.9 -4603.8 18.4 101 0 9.4 9.5 5.0 2.5 2 1 2 5 5
2758.7 -4667.8 19.3 257 0 4.5 12.3 5.0 2.5 2 1 2 2 2
2817.7 -4669.0 19.3 349 0 24.3 11.7 7.5 2.5 2 0 3 1 1
2960.3 -4675.7 18.2 129 0 6.9 17.5 5.0 0.0 0 1 2 2 2
2924.7 -4660.2 18.3 191 0 14.5 24.3 10.0 0.0 0 1 4 4 4
2964.5 -4690.6 18.3 113 0 8.2 7.4 5.0 2.5 2 0 2 4 4
3022.1 -4713.1 18.0 111 0 16.7 9.2 2.5 2.5 2 0 1 0 0
3007.9 -4707.7 18.2 110 0 13.8 9.2 7.5 2.5 2 0 3 0 0
2989.7 -4659.8 18.0 279 0 12.1 13.4 10.0 2.5 2 1 4 5 5
-3300.8 748.5 -20.2 19 0 5.4 7.8 7.5 2.5 2 0 3 4 4
-3295.7 736.4 -20.3 18 0 3.8 6.6 7.5 2.5 2 1 3 3 3
-3300.7 541.2 -21.6 17 0 5.6 9.7 7.5 2.5 2 1 3 3 3
-3652.4 720.0 -17.1 9 0 10.1 6.4 2.5 2.5 4 0 1 1 1
-3668.1 687.6 -17.7 20 0 19.4 10.7 2.5 2.5 2 0 1 2 2
-3715.9 705.9 -17.2 110 0 15.0 11.6 10.0 2.5 2 0 4 5 5
5277.3 -2876.8 3.9 191 0 10.7 11.2 2.5 2.5 2 1 1 3 3
5383.3 -2768.4 3.8 249 0 9.8 4.6 7.5 2.5 2 0 3 3 3
5412.9 -2761.4 3.5 251 0 21.2 12.1 7.5 0.0 0 0 3 4 4
5287.3 -2721.2 3.5 180 0 4.0 17.9 5.0 0.0 0 0 2 2 2
5287.2 -2733.8 3.5 180 0 21.0 11.8 5.0 2.5 2 0 2 4 4
5310.0 -2765.7 3.9 70 0 40.1 15.7 7.5 2.5 2 0 3 2 2
5295.0 -2820.7 4.8 248 0 20.4 10.4 5.0 2.5 2 0 2 4 4
5287.4 -2808.5 4.6 248 0 25.5 14.1 7.5 2.5 2 0 3 4 4
4779.7 -2961.4 5.1 75 0 13.0 17.4 10.0 2.5 2 1 4 0 0
-3208.4 -6877.0 -2.5 105 0 11.4 14.0 5.0 2.5 2 1 2 0 0
5710.7 5329.9 -16.5 277 0 8.0 11.6 5.0 2.5 2 1 2 3 3
5705.3 5308.5 -16.5 311 0 4.7 10.4 5.0 2.5 2 1 2 0 0
5720.8 5292.0 -16.7 310 0 6.0 10.1 7.5 2.5 4 1 3 3 3
5713.6 5261.4 -16.9 43 0 7.3 10.8 2.5 2.5 2 1 1 3 3
5717.4 5243.9 -16.5 40 0 23.7 7.8 2.5 2.5 2 0 1 2 2
5696.3 5222.5 -16.2 129 0 9.8 11.8 5.0 2.5 2 1 2 3 3
5653.9 5234.1 -16.9 132 0 15.4 14.9 2.5 2.5 4 0 1 3 3
4034.8 1497.0 -9.8 103 0 6.6 19.2 5.0 2.5 2 1 2 3 3
4015.3 1502.0 -9.5 104 0 20.1 6.7 5.0 2.5 2 0 2 0 0
3993.3 1512.1 -9.5 106 0 10.4 11.9 2.5 2.5 2 1 1 0 0
1915.1 -1724.2 4.0 342 0 11.9 12.3 5.0 2.5 2 1 2 1 1
1920.9 -1692.9 3.3 342 0 11.5 11.1 10.0 2.5 2 0 4 4 4
1975.3 -1718.3 3.5 163 0 11.1 12.9 5.0 2.5 2 1 2 5 5
1985.2 -1808.7 4.0 163 0 10.7 10.8 5.0 2.5 4 1 2 2 2
2002.5 -1843.0 4.0 164 0 11.4 12.2 5.0 2.5 2 1 2 5 5
1948.4 -1912.7 3.7 164 0 10.2 10.8 7.5 2.5 2 1 3 1 1
1980.0 -1950.2 3.9 345 0 13.5 9.7 7.5 2.5 2 0 3 3 3
1984.3 -1984.1 3.8 345 0 9.9 11.1 7.5 2.5 2 1 3 3 3
1988.4 -2000.4 3.9 342 0 9.8 10.2 7.5 2.5 2 1 3 1 1
2030.4 -2045.7 3.8 344 0 9.8 6.8 7.5 2.5 2 0 3 2 2
2024.7 -2036.3 3.7 343 0 8.3 12.3 7.5 2.5 4 1 3 5 5
2015.4 -1991.3 4.2 343 0 10.3 15.3 5.0 2.5 2 1 2 3 3
2077.9 -2019.8 3.8 79 0 9.5 9.0 5.0 2.5 2 0 2 3 3
2185.0 -2261.4 2.9 125 0 12.5 11.5 5.0 2.5 2 0 2 0 0
2227.1 -2281.4 2.5 100 0 15.4 10.0 7.5 2.5 4 0 3 4 4
2282.9 -2284.6 2.1 10 0 15.1 20.2 7.5 2.5 2 1 3 5 5
2286.9 -2242.5 2.5 9 0 10.6 9.5 5.0 2.5 2 0 2 3 3
1727.8 -1254.8 -2.3 334 0 12.9 10.4 10.0 0.0 0 0 4 5 5
1788.5 -1311.4 -2.0 146 0 12.3 12.3 5.0 0.0 0 1 2 4 4
1779.5 -1294.3 -2.3 140 0 9.9 10.6 7.5 2.5 2 1 3 5 5
1767.0 -1323.0 -1.8 322 0 16.9 9.2 7.5 2.5 2 0 3 4 4
1801.5 -1330.1 -1.8 140 0 8.5 9.1 2.5 2.5 2 1 1 4 4
1798.9 -1377.8 -1.4 319 0 10.3 12.8 7.5 2.5 4 1 3 3 3
1704.4 -1338.4 -1.9 39 0 10.7 12.3 7.5 2.5 2 1 3 3 3
1702.5 -1373.0 -1.6 232 0 9.8 14.1 7.5 2.5 2 1 3 4 4
1682.3 -1351.5 -1.9 33 0 9.6 10.4 7.5 2.5 2 1 3 1 1
1659.5 -1387.3 -1.8 48 0 7.2 22.7 5.0 2.5 2 1 2 4 4
1657.5 -1404.7 -1.6 235 0 9.0 10.2 7.5 0.0 0 1 3 0 0
1640.6 -1399.7 -1.7 39 0 6.7 11.5 7.5 2.5 2 1 3 3 3
1635.1 -1434.5 -1.4 232 0 8.0 9.8 7.5 2.5 2 1 3 2 2
1620.9 -1450.6 -1.4 231 0 11.9 11.2 2.5 2.5 2 0 1 3 3
1608.7 -1461.4 -1.4 233 0 11.6 10.8 2.5 2.5 2 0 1 4 4
1585.0 -1488.9 -1.3 231 0 9.9 9.1 7.5 2.5 2 0 3 3 3
1595.4 -1473.6 -1.3 227 0 9.6 9.7 7.5 2.5 2 1 3 4 4
1561.4 -1515.5 -1.3 227 0 6.7 11.9 5.0 0.0 0 1 2 5 5
1545.9 -1489.7 -1.4 27 0 8.5 11.5 7.5 2.5 2 1 3 2 2
1524.9 -1566.3 -0.9 188 0 7.0 17.8 7.5 2.5 2 1 3 2 2
1500.9 -1548.7 -1.2 282 0 10.0 11.2 5.0 2.5 2 1 2 2 2
1500.2 -1596.1 -0.3 188 0 7.2 17.0 5.0 2.5 2 1 2 0 0
1484.6 -1652.2 1.4 186 0 11.2 12.3 7.5 2.5 2 1 3 0 0
1479.8 -1588.6 -1.0 30 0 14.0 11.0 7.5 0.0 0 0 3 4 4
1450.8 -1680.4 1.1 186 0 10.7 10.4 10.0 2.5 2 0 4 0 0
1446.0 -1710.1 1.0 188 0 9.4 10.3 5.0 2.5 2 1 2 1 1
1438.2 -1722.2 0.9 188 0 8.9 9.8 7.5 2.5 2 1 3 2 2
1331.1 -1782.4 -1.0 11 0 12.9 10.5 7.5 2.5 2 0 3 2 2
1369.1 -1819.5 -0.5 289 0 8.9 11.2 7.5 0.0 0 1 3 5 5
1411.7 -1823.8 0.2 288 0 12.4 11.8 2.5 2.5 2 0 1 4 4
1429.3 -1828.6 0.5 286 0 11.8 12.5 5.0 2.5 2 1 2 0 0
1443.3 -1829.2 0.8 287 0 9.2 10.6 5.0 2.5 2 1 2 5 5
1508.1 -1851.0 1.9 289 0 12.6 14.5 5.0 0.0 0 1 2 2 2
1561.5 -1849.2 2.7 288 0 12.6 14.3 2.5 0.0 0 1 1 3 3
1594.6 -1845.4 3.3 288 0 9.9 10.8 7.5 2.5 2 1 3 0 0
1578.2 -1854.8 3.1 287 0 9.9 13.7 5.0 0.0 0 1 2 3 3
1640.6 -1868.9 3.1 289 0 11.0 10.2 5.0 2.5 4 0 2 2 2
1607.5 -1855.5 3.5 289 0 8.7 11.8 5.0 2.5 2 1 2 2 2
1648.5 -1829.4 3.9 96 0 11.1 11.4 5.0 0.0 0 1 2 3 3
1728.4 -1825.3 3.7 73 0 12.4 10.1 5.0 2.5 2 0 2 2 2
1763.6 -1821.9 3.7 73 0 10.8 11.7 5.0 2.5 2 1 2 0 0
1743.3 -1798.7 4.1 73 0 15.6 8.8 2.5 2.5 2 0 1 5 5
1806.4 -1836.1 3.1 255 0 12.3 10.8 7.5 2.5 2 0 3 1 1
1830.0 -1800.8 4.1 73 0 11.9 11.5 2.5 2.5 2 0 1 1 1
1979.8 -1970.6 3.9 344 0 9.0 8.9 5.0 2.5 2 0 2 1 1
1995.6 -2145.9 3.4 164 0 10.9 11.6 5.0 2.5 2 1 2 5 5
1438.1 -1449.9 -1.6 25 0 11.4 12.8 7.5 2.5 2 1 3 2 2
1454.1 -1415.4 -1.7 25 0 11.1 11.0 5.0 2.5 2 0 2 4 4
1489.8 -1384.3 -1.8 207 0 7.4 12.5 2.5 2.5 4 1 1 0 0
1489.1 -1354.9 -1.9 26 0 11.6 12.6 10.0 0.0 0 1 4 5 5
1518.7 -1304.0 -2.0 26 0 6.6 11.2 2.5 2.5 2 1 1 0 0
1547.9 -1281.5 -2.1 206 0 6.3 12.1 5.0 2.5 4 1 2 2 2
1566.7 -1202.9 -1.5 25 0 9.9 12.3 5.0 2.5 2 1 2 0 0
1601.6 -1187.9 -1.5 209 0 10.2 11.9 2.5 2.5 4 1 1 2 2
1606.9 -1135.4 -0.1 29 0 12.1 10.4 5.0 2.5 2 0 2 1 1
1670.7 -1145.0 -0.7 334 0 15.1 8.6 7.5 2.5 2 0 3 0 0
1663.1 -1134.2 -0.0 24 0 7.1 16.9 2.5 2.5 2 1 1 4 4
1914.4 -1536.2 0.9 71 0 12.4 13.8 10.0 2.5 2 1 4 2 2
1842.5 -1504.3 -0.7 73 0 16.2 27.9 10.0 0.0 0 1 4 0 0
2013.2 -1635.6 1.9 253 0 12.2 16.2 7.5 2.5 2 1 3 3 3
2035.0 -1629.2 1.9 254 0 12.4 13.1 5.0 2.5 2 1 2 5 5
2090.7 -1613.0 1.7 255 0 9.9 9.6 5.0 0.0 0 0 2 3 3
2127.4 -1601.3 1.6 255 0 11.5 11.7 7.5 0.0 0 1 3 4 4
2146.4 -1594.9 1.5 255 0 11.0 11.2 5.0 0.0 0 1 2 4 4
2165.4 -1590.0 1.5 255 0 11.0 11.2 7.5 0.0 0 1 3 3 3
1893.1 -1648.3 2.7 343 0 10.8 11.0 5.0 2.5 2 1 2 2 2
1896.9 -1663.2 2.8 342 0 10.8 9.2 7.5 0.0 0 0 3 0 0
1884.3 -1622.1 2.4 343 0 10.8 11.8 5.0 2.5 4 1 2 5 5
1879.4 -1548.9 1.2 344 0 14.7 11.7 5.0 2.5 2 0 2 3 3
1872.0 -1432.0 -1.1 153 0 14.7 11.7 5.0 2.5 2 0 2 4 4
1955.0 -1489.3 -0.6 73 0 15.4 34.5 10.0 2.5 2 1 4 0 0
1969.8 -1538.2 1.2 254 0 13.8 11.3 5.0 2.5 2 0 2 2 2
1932.9 -1490.4 -0.6 74 0 13.7 32.5 10.0 2.5 2 1 4 3 3
1828.8 -1426.6 -1.4 319 0 10.3 11.5 2.5 2.5 2 1 1 4 4
1820.9 -1361.7 -1.6 140 0 8.5 9.1 5.0 2.5 2 1 2 3 3
1835.1 -1378.0 -1.5 140 0 8.5 9.1 7.5 2.5 4 1 3 2 2
1858.5 -1390.3 -1.4 139 0 10.3 11.5 5.0 2.5 2 1 2 4 4
1773.1 -1252.5 -2.9 237 0 13.6 23.5 7.5 2.5 2 1 3 0 0
1487.9 -1511.9 -1.4 285 0 10.0 11.2 10.0 2.5 2 1 4 3 3
1445.8 -1432.9 -1.7 26 0 11.9 11.8 5.0 2.5 2 0 2 0 0
1417.6 -1542.2 -1.4 282 0 10.0 8.4 7.5 2.5 2 0 3 5 5
1403.0 -1538.3 -1.4 283 0 12.3 9.3 2.5 2.5 2 0 1 5 5
1381.5 -1533.8 -1.4 283 0 12.0 10.9 7.5 2.5 2 0 3 1 1
1393.0 -1458.1 -1.6 283 0 10.1 10.6 5.0 2.5 2 1 2 2 2
1435.8 -1492.9 -1.5 203 0 8.6 9.6 7.5 0.0 0 1 3 3 3
1407.1 -1463.2 -1.6 283 0 11.1 10.8 2.5 2.5 2 0 1 4 4
1470.7 -1391.9 -1.8 26 0 8.8 9.3 5.0 2.5 2 1 2 5 5
1494.1 -1402.2 -1.7 209 0 11.8 12.9 7.5 2.5 2 1 3 2 2
1501.1 -1343.9 -1.9 27 0 12.1 10.0 5.0 2.5 2 0 2 1 1
1498.3 -1369.1 -1.8 205 0 6.3 8.6 5.0 2.5 2 1 2 4 4
1519.8 -1291.0 -2.1 28 0 9.8 10.4 7.5 2.5 2 1 3 2 2
1484.3 -1284.5 -2.1 26 0 11.1 8.8 7.5 2.5 2 0 3 2 2
1534.6 -1254.8 -2.2 27 0 11.1 10.9 2.5 2.5 2 0 1 3 3
1530.5 -1283.0 -2.1 27 0 5.4 10.9 5.0 2.5 2 1 2 1 1
1586.2 -1237.0 -2.0 206 0 13.6 13.2 7.5 2.5 4 0 3 3 3
1594.3 -1165.6 -1.2 28 0 10.4 10.7 5.0 2.5 2 1 2 5 5
1592.2 -1150.4 -0.6 29 0 8.6 10.8 5.0 2.5 2 1 2 0 0
1622.5 -1138.7 -0.5 211 0 14.7 10.1 2.5 0.0 0 0 1 4 4
1641.1 -1147.5 -0.7 210 0 10.2 9.5 5.0 2.5 2 0 2 1 1
1626.1 -1201.9 -1.7 209 0 9.9 7.8 7.5 0.0 0 0 3 2 2
1681.7 -1190.7 -1.8 323 0 14.1 10.4 7.5 2.5 2 0 3 2 2
1567.7 -1081.4 -0.4 297 0 6.2 9.2 7.5 2.5 2 1 3 0 0
1659.3 -1172.5 -1.6 299 0 11.1 11.2 7.5 2.5 2 1 3 2 2
1672.2 -1217.4 -1.9 306 0 8.3 9.6 5.0 2.5 2 1 2 4 4
1723.4 -1245.6 -2.2 335 0 7.6 10.4 5.0 2.5 2 0 2 3 3
2047.8 -1596.2 1.5 78 0 12.2 10.4 7.5 2.5 2 0 3 1 1
2052.7 -1623.8 1.8 251 0 10.7 11.8 7.5 2.5 2 1 3 4 4
2036.0 -1605.7 1.6 78 0 5.2 9.1 5.0 2.5 2 1 2 5 5
2075.6 -1485.1 0.1 73 0 10.6 8.9 7.5 2.5 2 0 3 0 0
2027.8 -1422.2 -0.6 343 0 8.9 10.6 5.0 2.5 2 1 2 5 5
2031.5 -1433.1 -0.6 343 0 7.8 12.4 5.0 2.5 2 1 2 4 4
2119.7 -1494.2 0.7 265 0 11.5 11.0 5.0 2.5 2 0 2 0 0
2095.0 -1498.3 0.7 259 0 9.9 11.3 7.5 2.5 2 1 3 4 4
2098.1 -1511.2 0.9 264 0 9.4 15.1 7.5 0.0 0 1 3 2 2
2066.5 -1378.3 -0.7 173 0 6.8 54.4 7.5 0.0 0 1 3 2 2
2056.6 -1441.0 -0.5 166 0 12.3 10.8 2.5 2.5 2 0 1 0 0
2180.7 -1485.2 0.6 253 0 26.8 15.3 7.5 0.0 0 0 3 4 4
2148.1 -1568.0 1.2 76 0 10.5 13.2 7.5 2.5 2 1 3 4 4
2165.0 -1563.7 1.1 76 0 10.5 13.2 7.5 2.5 2 1 3 3 3
2181.3 -1559.8 1.1 75 0 9.8 13.2 5.0 2.5 4 1 2 3 3
2187.6 -1583.2 1.4 253 0 11.0 11.2 5.0 2.5 2 1 2 1 1
2208.7 -1576.4 1.4 255 0 9.8 12.8 5.0 2.5 2 1 2 2 2
2269.6 -1585.1 1.4 190 0 9.8 12.7 7.5 0.0 0 1 3 0 0
2268.7 -1600.6 1.5 190 0 9.8 12.7 2.5 2.5 2 1 1 5 5
2269.4 -1615.7 1.7 191 0 10.0 12.0 2.5 2.5 2 1 1 2 2
2217.0 -1411.8 -0.2 352 0 11.2 11.0 5.0 2.5 4 0 2 4 4
2240.6 -1410.2 -0.1 190 0 11.2 11.0 5.0 2.5 2 0 2 2 2
2251.6 -1460.6 0.1 101 0 11.3 10.4 10.0 2.5 2 0 4 3 3
2253.1 -1476.0 0.5 270 0 10.4 11.3 10.0 2.5 2 1 4 5 5
2142.3 -1464.6 -0.2 87 0 11.0 11.2 5.0 0.0 0 1 2 4 4
-6583.2 -6022.5 -22.3 299 0 14.7 12.0 5.0 2.5 2 0 2 2 2
2223.3 -2686.0 5.7 344 0 20.7 14.0 10.0 2.5 2 0 4 1 1
2930.3 -4380.0 19.3 292 0 10.4 9.9 5.0 2.5 2 0 2 3 3
2968.0 -4405.5 19.0 21 0 14.1 10.5 10.0 0.0 0 0 4 3 3
2961.2 -4435.0 18.9 13 0 9.2 7.9 2.5 2.5 2 0 1 2 2
2841.1 -4452.9 19.0 195 0 12.6 10.4 2.5 2.5 2 0 1 4 4
2821.4 -4498.7 18.9 178 0 18.4 11.7 5.0 2.5 2 0 2 4 4
2846.8 -4346.4 20.1 291 0 11.6 9.5 5.0 0.0 0 0 2 3 3
2861.4 -4351.8 20.0 291 0 11.2 9.8 7.5 2.5 2 0 3 5 5
2779.4 -4324.7 20.0 200 0 12.0 11.9 2.5 2.5 2 0 1 4 4
2803.5 -4328.7 20.1 290 0 11.0 11.0 7.5 2.5 2 1 3 1 1
2889.4 -4335.7 20.3 112 0 11.3 11.0 7.5 2.5 2 0 3 0 0
2866.0 -4325.3 20.5 112 0 12.1 11.5 5.0 2.5 2 0 2 5 5
2813.4 -4307.6 20.3 110 0 9.2 10.8 7.5 2.5 2 1 3 5 5
3110.4 -4452.7 17.4 293 0 11.2 10.7 2.5 2.5 2 0 1 4 4
3141.2 -4442.6 17.4 113 0 10.4 14.4 7.5 2.5 2 1 3 1 1
3021.9 -4416.4 18.7 294 0 12.6 10.8 2.5 2.5 2 0 1 4 4
3077.0 -4281.5 19.2 303 0 10.9 13.5 5.0 2.5 2 1 2 3 3
3011.2 -4296.4 20.1 32 0 10.8 9.5 2.5 2.5 2 0 1 1 1
2751.0 -4570.2 19.2 267 0 12.0 8.8 5.0 2.5 2 0 2 5 5
2752.6 -4516.3 19.4 357 0 10.6 12.7 2.5 2.5 2 1 1 5 5
3067.9 -4656.6 17.6 282 0 9.6 9.2 7.5 2.5 2 0 3 3 3
3088.3 -4662.9 17.4 288 0 9.7 10.1 5.0 2.5 2 1 2 2 2
3314.2 -4704.0 16.1 110 0 9.4 9.6 2.5 2.5 2 1 1 5 5
3312.2 -4728.1 16.4 288 0 10.0 8.8 5.0 2.5 2 0 2 4 4
3258.8 -4688.0 16.1 110 0 10.7 10.0 7.5 2.5 2 0 3 4 4
3240.3 -4684.1 16.2 110 0 11.6 10.3 7.5 2.5 2 0 3 3 3
3224.5 -4702.2 16.3 289 0 11.1 10.3 2.5 2.5 2 0 1 4 4
3207.4 -4681.5 16.3 108 0 8.4 10.2 5.0 2.5 2 1 2 5 5
3133.9 -4675.5 16.8 288 0 8.4 12.8 2.5 2.5 2 1 1 5 5
3648.3 -4878.7 15.1 198 0 13.9 10.6 7.5 2.5 2 0 3 0 0
3672.7 -4807.9 15.3 121 0 11.5 11.9 2.5 2.5 4 1 1 4 4
3605.7 -4799.4 15.8 120 0 11.0 8.0 5.0 0.0 0 0 2 1 1
3553.4 -4790.5 16.2 112 0 9.7 8.8 7.5 2.5 2 0 3 2 2
3431.9 -4752.7 16.1 110 0 14.9 9.4 5.0 2.5 2 0 2 3 3
3382.0 -4754.6 16.4 287 0 10.1 10.4 5.0 2.5 2 1 2 1 1
3366.5 -4753.5 16.4 290 0 10.3 9.2 7.5 2.5 2 0 3 1 1
3375.4 -4734.9 16.2 111 0 17.1 11.2 5.0 2.5 2 0 2 1 1
3637.9 -4690.3 16.1 299 0 15.8 14.7 10.0 0.0 0 0 4 5 5
3422.5 -5253.2 17.8 276 0 11.4 7.0 7.5 2.5 2 0 3 5 5
3404.5 -5223.1 17.5 98 0 11.8 9.5 5.0 2.5 2 0 2 2 2
3369.9 -5327.0 19.0 15 0 8.2 11.4 5.0 2.5 2 1 2 3 3
3216.5 -5124.3 19.8 320 0 9.9 11.1 2.5 2.5 2 1 1 3 3
3167.8 -5070.2 20.4 48 0 14.1 11.8 7.5 2.5 2 0 3 2 2
3108.5 -5018.3 20.7 139 0 10.0 15.9 5.0 2.5 2 1 2 0 0
2997.9 -4873.6 19.6 52 0 19.7 8.6 5.0 2.5 2 0 2 5 5
2811.8 -4958.1 20.7 142 0 19.8 31.4 7.5 0.0 0 1 3 1 1
2917.5 -4969.5 20.9 53 0 9.2 13.7 5.0 2.5 2 1 2 3 3
553.1 -7076.8 3.2 80 0 6.8 14.1 5.0 2.5 2 1 2 2 2
567.5 -7067.8 3.4 42 0 10.5 10.5 7.5 2.5 2 0 3 2 2
627.0 -7034.5 4.4 233 0 22.5 10.9 5.0 2.5 2 0 2 5 5
759.0 -6907.1 3.0 19 0 9.7 11.5 5.0 2.5 2 1 2 1 1
740.7 -6945.4 3.9 25 0 10.2 8.0 5.0 2.5 2 0 2 2 2
728.0 -7009.3 5.2 333 0 16.3 11.4 5.0 2.5 4 0 2 5 5
635.8 -7010.9 4.6 59 0 10.9 9.8 2.5 2.5 2 0 1 4 4
615.0 -7022.6 4.5 59 0 9.7 8.9 7.5 2.5 2 0 3 1 1
875.2 -6939.3 5.1 209 0 14.7 12.6 2.5 2.5 2 0 1 3 3
889.0 -6908.6 4.8 206 0 11.7 11.6 7.5 2.5 2 0 3 1 1
868.2 -6862.8 4.1 293 0 10.8 11.1 7.5 2.5 2 1 3 0 0
845.1 -6916.1 4.2 29 0 11.7 10.9 5.0 2.5 2 0 2 1 1
922.9 -7136.7 7.2 202 0 34.5 11.6 10.0 2.5 2 0 4 1 1
945.6 -7082.8 7.2 202 0 14.6 9.7 2.5 2.5 4 0 1 0 0
921.7 -7057.8 6.7 7 0 6.9 22.7 7.5 2.5 4 1 3 1 1
858.6 -7032.0 6.3 278 0 12.1 6.1 7.5 2.5 2 0 3 2 2
853.6 -6998.4 6.0 276 0 17.1 6.3 7.5 2.5 2 0 3 3 3
864.8 -7014.7 6.2 278 0 14.8 9.9 7.5 2.5 2 0 3 3 3
896.4 -7460.5 2.9 296 0 12.4 20.6 7.5 2.5 2 1 3 4 4
884.4 -7522.0 2.5 147 0 23.2 15.5 7.5 2.5 2 0 3 3 3
821.1 -7494.5 0.3 300 0 13.5 9.8 2.5 2.5 2 0 1 3 3
790.8 -7454.3 -0.2 110 0 13.7 12.5 5.0 2.5 2 0 2 5 5
612.7 -7355.8 -1.4 314 0 11.8 10.0 5.0 2.5 2 0 2 0 0
600.8 -7311.6 -0.0 153 0 16.4 12.8 5.0 2.5 2 0 2 1 1
597.2 -7189.3 2.6 115 0 9.5 9.8 5.0 2.5 2 1 2 1 1
768.8 -7184.6 4.9 113 0 12.2 11.1 7.5 2.5 4 0 3 2 2
790.7 -7170.8 5.3 109 0 15.0 8.1 7.5 2.5 2 0 3 1 1
777.9 -7145.5 5.3 202 0 20.4 10.7 5.0 2.5 2 0 2 0 0
886.8 -7227.4 5.7 115 0 10.3 16.4 7.5 2.5 2 1 3 2 2
912.4 -7828.6 1.0 88 0 15.0 13.2 5.0 2.5 2 0 2 2 2
926.0 -7788.6 1.5 270 0 9.2 14.4 5.0 2.5 2 1 2 5 5
896.0 -7768.1 1.2 99 0 14.8 14.7 5.0 0.0 0 0 2 4 4
911.4 -7729.0 1.5 8 0 10.5 10.9 7.5 2.5 4 1 3 1 1
403.5 -7743.2 -4.5 203 0 11.2 9.0 5.0 2.5 2 0 2 5 5
400.2 -7675.1 -4.2 3 0 10.3 13.9 7.5 0.0 0 1 3 0 0
427.3 -7624.5 -4.9 6 0 10.4 9.0 7.5 2.5 2 0 3 5 5
438.4 -7615.7 -5.1 5 0 6.4 19.2 7.5 2.5 2 1 3 3 3
480.0 -7542.8 -4.7 12 0 11.1 9.8 7.5 2.5 2 0 3 0 0
499.0 -7552.0 -5.0 200 0 12.1 10.2 10.0 2.5 4 0 4 0 0
1063.2 -6555.6 8.7 297 0 8.4 9.7 7.5 0.0 0 1 3 0 0
1014.2 -6574.1 7.2 27 0 10.4 13.1 10.0 2.5 2 1 4 2 2
990.4 -6679.8 6.1 206 0 11.5 14.6 7.5 2.5 2 1 3 4 4
997.2 -6665.9 6.3 207 0 11.6 11.2 7.5 2.5 2 0 3 2 2
997.7 -6600.5 6.7 28 0 14.1 12.6 10.0 2.5 2 0 4 0 0
1169.9 -6235.8 9.0 117 0 8.3 10.9 7.5 2.5 4 1 3 3 3
1241.7 -6232.7 9.3 204 0 13.0 11.1 5.0 0.0 0 0 2 2 2
1254.2 -6209.2 8.9 206 0 13.2 7.1 7.5 2.5 2 0 3 5 5
1251.8 -6190.6 8.6 210 0 11.9 11.1 10.0 2.5 2 0 4 5 5
5919.5 -8367.5 8.5 230 0 14.2 37.9 10.0 2.5 4 1 4 0 0
-5970.9 5848.5 -27.2 90 0 10.3 13.2 7.5 2.5 2 1 3 3 3
-6050.8 5837.6 -27.5 91 0 6.7 11.5 2.5 2.5 2 1 1 5 5
-6211.8 5849.6 -28.0 86 0 11.3 8.5 2.5 2.5 2 0 1 1 1
-5827.3 5786.7 -27.9 91 0 15.2 13.4 5.0 2.5 2 0 2 1 1
-5357.3 5817.0 -24.2 0 0 13.7 17.1 7.5 2.5 2 1 3 0 0
-6164.0 5852.3 -27.9 92 0 17.9 32.3 7.5 2.5 2 1 3 4 4
-6161.6 6684.6 -30.0 195 0 9.8 11.5 7.5 2.5 4 1 3 5 5
-6144.3 6664.9 -29.6 102 0 7.2 14.9 5.0 2.5 2 1 2 4 4
-5603.1 8052.5 -27.2 345 0 11.2 8.7 5.0 2.5 4 0 2 0 0
-5474.2 7755.3 -26.5 161 0 12.0 11.7 5.0 2.5 2 0 2 4 4
-5492.3 7707.7 -26.8 295 0 9.6 10.0 5.0 2.5 2 1 2 5 5
-5660.2 6133.2 -26.6 181 0 11.2 9.7 7.5 2.5 4 0 3 4 4
-5753.3 6760.8 -28.0 263 0 6.5 10.1 5.0 2.5 2 1 2 4 4
-5764.0 6724.1 -27.9 69 0 7.1 12.2 2.5 2.5 2 1 1 2 2
1346.3 -1104.2 -1.1 27 0 10.5 10.8 2.5 2.5 4 1 1 3 3
1449.4 -886.4 -4.0 117 0 10.9 12.0 2.5 0.0 0 1 1 0 0
1466.9 -895.7 -3.8 118 0 10.5 13.4 5.0 2.5 2 1 2 1 1
1414.0 -868.4 -4.2 117 0 11.2 11.9 7.5 2.5 2 1 3 4 4
1430.1 -876.9 -4.1 117 0 12.2 12.5 2.5 2.5 2 1 1 0 0
1409.2 -934.9 -3.4 25 0 11.5 12.3 5.0 2.5 2 1 2 2 2
1444.3 -935.8 -3.3 25 0 10.2 8.9 7.5 0.0 0 0 3 2 2
1392.7 -1015.1 -2.3 26 0 11.3 11.5 5.0 2.5 2 1 2 4 4
1334.5 -1127.2 -0.7 26 0 12.4 10.9 7.5 2.5 2 0 3 5 5
1356.2 -1087.3 -1.3 26 0 11.6 12.4 7.5 0.0 0 1 3 3 3
1380.2 -1131.3 -0.3 207 0 9.7 9.0 7.5 2.5 2 0 3 5 5
1403.7 -1087.4 -1.2 208 0 11.0 9.3 5.0 2.5 2 0 2 5 5
1316.7 -1243.8 -1.9 206 0 11.7 11.7 7.5 2.5 2 0 3 1 1
1329.7 -1218.1 -1.4 208 0 8.7 11.9 5.0 2.5 2 1 2 3 3
1305.6 -1179.6 -0.6 27 0 8.2 11.2 2.5 0.0 0 1 1 1 1
1270.0 -1321.2 -1.9 206 0 10.0 11.6 7.5 2.5 2 1 3 1 1
1247.4 -1300.9 -2.0 28 0 7.0 10.9 2.5 2.5 4 1 1 0 0
1287.3 -1292.7 -2.0 206 0 11.0 11.7 5.0 2.5 2 1 2 1 1
1166.9 -1335.9 -2.3 281 0 11.8 10.3 5.0 0.0 0 0 2 1 1
1192.8 -1348.2 -2.0 280 0 7.1 16.7 5.0 2.5 4 1 2 2 2
1113.7 -1314.3 -2.9 281 0 10.3 10.2 5.0 2.5 4 0 2 3 3
1142.1 -1330.1 -2.5 280 0 10.1 9.8 2.5 2.5 2 0 1 3 3
1076.3 -1290.3 -3.4 285 0 10.5 9.3 5.0 2.5 2 0 2 2 2
1015.9 -1259.5 -4.2 281 0 9.1 12.0 5.0 2.5 2 1 2 4 4
1043.4 -1284.7 -3.8 282 0 10.6 11.2 5.0 2.5 2 1 2 0 0
2196.7 -1331.4 -0.6 345 0 11.4 11.4 2.5 0.0 0 0 1 3 3
2203.6 -1369.4 -0.4 346 0 12.6 12.1 7.5 2.5 2 0 3 4 4
2193.0 -1294.3 -0.7 352 0 10.2 8.9 2.5 2.5 2 0 1 2 2
2195.1 -1311.9 -0.7 343 0 10.5 11.4 5.0 2.5 2 1 2 5 5
2192.2 -1240.4 -1.0 344 0 10.7 9.3 2.5 2.5 2 0 1 0 0
2184.8 -1262.4 -0.9 344 0 10.8 9.2 7.5 2.5 2 0 3 2 2
2182.3 -1147.4 -2.1 352 0 13.6 11.0 7.5 2.5 2 0 3 4 4
2183.3 -1193.9 -1.5 346 0 9.6 13.0 2.5 2.5 2 1 1 3 3
2200.9 -1096.6 -2.9 48 0 12.9 13.6 5.0 2.5 2 1 2 3 3
2164.8 -1063.3 -3.4 145 0 8.9 18.3 2.5 2.5 2 1 1 5 5
2138.6 -1053.6 -3.7 55 0 8.9 15.9 7.5 2.5 2 1 3 1 1
2107.6 -1025.4 -3.9 232 0 10.1 11.2 7.5 2.5 2 1 3 2 2
2127.4 -1002.8 -4.2 232 0 12.9 11.2 2.5 0.0 0 0 1 1 1
2108.6 -1070.6 -3.3 54 0 10.0 6.8 5.0 2.5 2 0 2 2 2
2081.1 -1048.2 -3.5 233 0 10.8 12.0 7.5 2.5 2 1 3 3 3
2048.8 -1036.7 -3.6 48 0 10.5 11.1 2.5 2.5 2 1 1 5 5
2059.3 -1027.2 -3.7 45 0 10.1 8.6 5.0 2.5 2 0 2 2 2
2004.9 -1153.8 -3.1 337 0 12.3 9.7 5.0 2.5 2 0 2 2 2
2026.3 -1189.0 -2.7 176 0 12.1 10.6 2.5 2.5 2 0 1 0 0
2023.2 -1058.9 -3.2 49 0 8.8 9.9 7.5 2.5 2 1 3 5 5
1923.1 -1120.8 -4.1 56 0 7.1 15.2 5.0 2.5 2 1 2 4 4
1913.1 -1139.4 -4.2 55 0 11.2 9.4 2.5 2.5 2 0 1 0 0
1985.2 -1054.1 -3.5 51 0 12.0 10.3 7.5 0.0 0 0 3 5 5
2008.7 -1071.8 -3.2 48 0 11.0 10.5 5.0 2.5 2 0 2 5 5
1967.7 -1093.6 -3.7 50 0 15.2 12.0 7.5 2.5 2 0 3 0 0
1896.3 -1151.6 -4.4 56 0 12.7 17.6 7.5 2.5 4 1 3 5 5
1781.4 -1164.4 -3.2 298 0 15.3 10.4 7.5 2.5 2 0 3 5 5
1643.6 -928.5 -3.4 332 0 11.2 9.5 7.5 2.5 2 0 3 1 1
1664.6 -943.2 -3.4 194 0 11.9 5.8 2.5 2.5 2 0 1 2 2
1669.2 -968.6 -2.8 194 0 11.0 12.1 7.5 2.5 2 1 3 4 4
2278.6 -1709.9 2.5 172 0 12.2 9.8 7.5 2.5 2 0 3 3 3
2252.9 -1686.8 2.3 344 0 11.3 12.7 7.5 2.5 2 1 3 2 2
2265.5 -1745.4 2.8 346 0 10.8 10.1 7.5 2.5 2 0 3 5 5
2302.5 -1831.6 2.3 188 0 11.5 13.0 5.0 2.5 2 1 2 5 5
2309.7 -1795.6 2.7 190 0 10.9 9.7 5.0 2.5 2 0 2 2 2
2295.3 -1770.7 3.1 191 0 10.4 10.2 7.5 2.5 2 0 3 5 5
2292.1 -1750.6 2.8 186 0 10.3 11.2 7.5 2.5 2 1 3 0 0
2315.4 -1849.4 2.0 189 0 10.6 8.6 5.0 2.5 2 0 2 4 4
2303.5 -1865.4 1.8 189 0 12.7 13.8 5.0 2.5 2 1 2 1 1
2267.5 -1760.3 3.1 343 0 11.6 6.8 5.0 2.5 2 0 2 3 3
2256.4 -1789.0 3.2 344 0 10.3 13.7 7.5 2.5 2 1 3 3 3
41.7 -3941.8 -0.3 359 0 11.4 11.1 10.0 2.5 2 0 4 0 0
81.5 -3947.3 0.9 174 0 10.7 11.9 5.0 2.5 2 1 2 3 3
12.8 -3883.4 0.4 174 0 13.4 29.8 10.0 2.5 2 1 4 2 2
83.1 -3810.7 3.2 182 0 12.7 7.1 7.5 2.5 2 0 3 2 2
54.8 -3821.4 2.3 82 0 10.9 9.1 7.5 2.5 2 0 3 0 0
38.8 -3827.4 1.9 84 0 6.7 14.1 2.5 2.5 2 1 1 1 1
91.4 -3758.8 4.1 183 0 10.3 5.2 7.5 2.5 2 0 3 2 2
98.2 -3750.3 4.2 185 0 12.2 12.6 5.0 2.5 2 1 2 1 1
100.7 -3634.7 5.6 354 0 9.5 11.1 5.0 2.5 2 1 2 1 1
85.3 -3656.3 4.9 352 0 11.1 11.9 7.5 2.5 2 1 3 3 3
93.6 -3677.0 4.8 11 0 10.4 9.5 7.5 2.5 2 0 3 5 5
92.4 -4063.1 -0.6 4 0 8.9 9.1 2.5 2.5 2 1 1 2 2
81.9 -3993.6 0.2 165 0 12.3 10.5 7.5 2.5 2 0 3 5 5
72.4 -4012.6 -0.5 343 0 10.8 10.6 5.0 2.5 2 0 2 3 3
2306.0 -2026.2 2.2 351 0 10.0 10.8 5.0 2.5 2 1 2 0 0
2309.5 -2051.4 2.2 351 0 10.9 11.1 5.0 2.5 2 1 2 2 2
2327.7 -1995.3 1.7 189 0 9.7 12.2 7.5 2.5 4 1 3 0 0
2302.4 -2006.2 2.0 353 0 9.6 10.1 5.0 2.5 2 1 2 3 3
2309.0 -1902.2 1.4 173 0 12.8 10.0 7.5 2.5 2 0 3 3 3
2325.4 -1918.1 1.2 186 0 10.9 13.6 7.5 2.5 2 1 3 5 5
2257.7 -1902.9 1.8 349 0 13.0 10.7 5.0 2.5 2 0 2 3 3
2268.8 -1928.1 1.8 349 0 11.4 10.6 7.5 2.5 2 0 3 2 2
2258.4 -1728.5 2.7 345 0 9.8 10.4 5.0 2.5 2 1 2 5 5
-3169.8 6195.0 -24.5 87 0 16.3 36.0 12.5 2.5 2 1 5 3 3
1689.6 -4326.6 20.3 286 0 6.1 12.3 7.5 2.5 2 1 3 0 0
-2790.8 7332.0 -14.2 19 0 7.6 38.2 7.5 2.5 2 1 3 1 1
6939.9 -2171.1 -5.3 15 0 12.6 12.4 7.5 2.5 2 0 3 5 5
6833.9 -2250.2 -5.9 194 0 12.0 11.5 7.5 2.5 2 0 3 2 2
6874.5 -2186.1 -6.0 102 0 18.1 12.0 7.5 2.5 2 0 3 4 4
6827.8 -2305.4 -5.9 194 0 7.9 13.3 5.0 2.5 2 1 2 0 0
6828.2 -2204.0 -5.7 105 0 10.2 12.3 7.5 2.5 2 1 3 2 2
6826.9 -2166.4 -5.7 283 0 6.6 6.9 7.5 2.5 2 1 3 3 3
6943.6 -2142.3 -5.1 12 0 10.8 8.3 7.5 2.5 2 0 3 4 4
6894.4 -2236.7 -6.1 12 0 9.9 13.1 5.0 2.5 2 1 2 5 5
-2681.0 6877.8 -21.1 27 0 28.2 25.4 12.5 0.0 0 0 5 4 4
-2676.7 6925.4 -20.9 206 0 6.0 12.8 5.0 2.5 2 1 2 5 5
6887.4 -2295.6 -6.2 13 0 7.5 16.6 5.0 2.5 2 1 2 2 2
3503.3 -5269.0 16.5 280 0 11.6 11.0 5.0 2.5 4 0 2 3 3
3528.0 -5230.9 15.9 96 0 12.0 11.6 5.0 2.5 2 0 2 5 5
3592.1 -5241.2 14.8 92 0 16.7 10.4 7.5 2.5 2 0 3 0 0
3579.6 -5261.4 15.2 279 0 11.1 13.9 10.0 2.5 2 1 4 0 0
3633.1 -5245.1 14.3 106 0 10.2 8.9 5.0 2.5 2 0 2 5 5
3609.1 -5264.0 14.7 275 0 11.7 8.9 5.0 2.5 2 0 2 5 5
3544.4 -5181.9 15.2 204 0 10.0 22.6 2.5 0.0 0 1 1 1 1
3628.5 -5330.4 14.5 102 0 10.6 6.4 7.5 2.5 2 0 3 5 5
3646.2 -5301.6 14.2 277 0 11.7 14.1 5.0 2.5 4 1 2 3 3
3664.6 -5239.7 13.9 102 0 12.4 11.5 2.5 0.0 0 0 1 5 5
3703.4 -5232.9 13.4 106 0 5.8 7.4 5.0 0.0 0 1 2 1 1
3700.0 -5249.1 13.4 103 0 6.3 10.8 7.5 2.5 4 1 3 0 0
3720.3 -5274.5 12.8 281 0 12.5 11.3 5.0 2.5 2 0 2 3 3
3727.9 -5250.0 12.8 103 0 9.4 9.8 7.5 2.5 2 1 3 1 1
3788.3 -5286.5 11.4 278 0 6.7 17.2 5.0 2.5 2 1 2 5 5
3802.2 -5282.9 11.1 278 0 7.0 12.0 2.5 2.5 2 1 1 2 2
3779.3 -5282.3 11.6 276 0 6.8 18.4 7.5 2.5 2 1 3 2 2
3825.6 -5218.1 11.8 11 0 9.7 6.5 2.5 2.5 2 0 1 4 4
3842.6 -5282.9 11.0 12 0 15.6 6.0 5.0 2.5 2 0 2 0 0
3940.0 -5317.2 11.7 190 0 6.8 13.5 7.5 0.0 0 1 3 0 0
3970.1 -5312.9 11.8 279 0 10.7 9.8 7.5 2.5 2 0 3 1 1
3982.8 -5356.7 10.4 104 0 6.4 6.8 7.5 2.5 4 1 3 1 1
3959.1 -5375.2 9.4 105 0 8.6 7.0 5.0 2.5 2 0 2 4 4
4020.7 -5306.7 12.6 23 0 9.2 11.5 5.0 2.5 2 1 2 5 5
3997.0 -5303.6 12.4 287 0 6.3 9.8 7.5 2.5 2 1 3 5 5
4088.4 -5224.3 16.5 24 0 10.2 35.6 10.0 2.5 2 1 4 1 1
3330.0 -5259.3 18.9 18 0 21.8 10.5 5.0 2.5 2 0 2 4 4
3328.9 -5227.8 18.6 49 0 7.7 14.3 5.0 2.5 2 1 2 5 5
3376.4 -5307.9 18.9 101 0 6.0 9.9 7.5 2.5 2 1 3 3 3
3259.1 -5194.7 19.3 137 0 13.1 11.9 7.5 2.5 2 0 3 2 2
3279.4 -5203.4 19.1 140 0 6.8 5.0 5.0 2.5 2 0 2 3 3
3522.0 -4851.3 16.1 21 0 10.5 12.5 5.0 2.5 2 1 2 3 3
3235.6 -5129.4 19.1 229 0 18.1 7.0 2.5 2.5 2 0 1 5 5
3354.0 -5120.1 17.4 49 0 10.8 11.2 2.5 2.5 2 1 1 1 1
3369.5 -5109.6 17.3 49 0 9.8 12.3 5.0 2.5 2 1 2 2 2
3347.3 -5092.9 17.6 45 0 4.4 6.1 5.0 2.5 2 1 2 1 1
3379.4 -5066.1 17.2 318 0 10.5 10.1 5.0 2.5 4 0 2 5 5
3389.4 -4952.8 17.2 316 0 7.4 20.6 5.0 2.5 2 1 2 4 4
3466.7 -4899.5 16.3 200 0 13.9 11.1 5.0 2.5 2 0 2 2 2
3538.2 -4819.3 16.2 23 0 11.6 11.6 10.0 2.5 2 0 4 2 2
3492.0 -4795.3 16.4 23 0 12.0 10.2 7.5 2.5 2 0 3 1 1
3539.6 -4790.6 16.3 109 0 12.0 6.3 5.0 2.5 2 0 2 0 0
3396.7 -4742.2 16.2 110 0 11.2 9.6 7.5 2.5 2 0 3 3 3
3400.3 -4765.6 16.3 288 0 12.9 12.8 10.0 2.5 2 0 4 2 2
3305.8 -4754.8 16.6 289 0 9.6 5.7 7.5 2.5 2 0 3 1 1
3325.1 -4717.9 16.2 108 0 12.7 9.3 7.5 2.5 2 0 3 3 3
3279.6 -4685.6 16.0 110 0 6.2 9.0 2.5 0.0 0 1 1 3 3
3277.0 -4700.2 16.1 108 0 10.6 11.6 7.5 2.5 2 1 3 4 4
3179.7 -4669.5 16.4 108 0 10.4 9.6 5.0 2.5 2 0 2 1 1
3178.5 -4685.5 16.5 290 0 10.8 11.0 5.0 2.5 4 1 2 0 0
3195.8 -4695.9 16.4 288 0 9.3 8.3 7.5 2.5 2 0 3 0 0
3145.3 -4675.5 16.7 285 0 6.3 12.3 7.5 2.5 2 1 3 4 4
3152.2 -4656.6 16.6 109 0 11.3 9.6 7.5 2.5 2 0 3 5 5
3153.3 -4642.5 16.6 112 0 6.1 13.1 2.5 2.5 2 1 1 4 4
3120.6 -4655.3 16.9 104 0 12.8 10.6 10.0 2.5 2 0 4 5 5
3088.7 -4620.9 17.3 192 0 6.9 6.0 7.5 2.5 2 0 3 1 1
2921.2 -4407.0 19.1 290 0 14.4 7.6 5.0 2.5 2 0 2 0 0
2924.4 -4440.8 18.9 18 0 18.3 7.0 5.0 2.5 2 0 2 3 3
2917.9 -4346.2 20.0 110 0 14.2 10.9 5.0 2.5 2 0 2 1 1
2943.5 -4356.7 19.8 110 0 13.5 12.8 5.0 2.5 2 0 2 2 2
2949.8 -4323.1 20.2 291 0 14.0 7.2 5.0 2.5 2 0 2 5 5
2891.0 -4362.3 19.7 292 0 8.8 14.7 7.5 2.5 2 1 3 1 1
2875.3 -4355.8 19.9 291 0 10.8 10.4 5.0 2.5 2 0 2 0 0
2834.8 -4313.9 20.4 106 0 10.4 9.5 5.0 2.5 2 0 2 3 3
2827.4 -4336.2 20.2 289 0 11.0 10.0 10.0 0.0 0 0 4 4 4
2249.9 -4315.2 16.8 355 0 49.0 24.9 12.5 0.0 0 0 5 3 3
2114.9 -4447.8 17.2 88 0 18.5 31.1 10.0 2.5 2 1 4 4 4
2133.5 -4473.0 18.1 264 0 30.5 15.4 7.5 2.5 4 0 3 2 2
4229.2 -5397.2 6.2 285 0 5.4 12.2 2.5 2.5 2 1 1 1 1
4284.6 -5422.1 4.8 284 0 5.9 14.0 5.0 0.0 0 1 2 0 0
3871.9 -5253.6 12.5 111 0 14.1 25.8 10.0 2.5 2 1 4 2 2
4024.8 -5485.6 5.1 191 0 8.7 15.9 5.0 2.5 2 1 2 1 1
4386.6 -5437.3 3.3 97 0 11.9 11.8 5.0 2.5 2 0 2 4 4
4328.7 -5447.4 3.9 286 0 5.2 10.7 2.5 2.5 2 1 1 0 0
4215.4 -5391.8 6.6 297 0 6.7 15.5 5.0 2.5 2 1 2 0 0
4175.2 -5387.3 8.0 283 0 10.8 14.7 5.0 0.0 0 1 2 5 5
4161.6 -5416.7 8.4 100 0 5.0 4.9 5.0 2.5 2 0 2 4 4
4144.0 -5402.3 8.9 101 0 11.3 7.1 2.5 2.5 2 0 1 3 3
4145.0 -5362.4 10.2 284 0 6.0 12.9 5.0 2.5 2 1 2 3 3
4105.4 -5371.3 9.9 191 0 13.3 5.2 5.0 2.5 2 0 2 5 5
4120.0 -5376.9 9.7 193 0 16.5 3.3 7.5 2.5 2 0 3 3 3
3041.9 -4696.1 17.9 16 0 20.0 23.0 10.0 0.0 0 1 4 0 0
1644.0 7372.8 -21.5 231 0 6.7 10.2 2.5 2.5 2 1 1 1 1
