6136.9 -5489.4 -11.8 294 0 14.7 9.6 2.5 2.5 2 0 1 2 2
6192.1 -5460.0 -11.2 204 0 14.9 12.7 7.5 2.5 2 0 3 5 5
6137.2 -5527.2 -11.9 115 0 14.8 12.9 2.5 2.5 2 0 1 0 0
2149.5 -3644.7 -18.6 155 0 9.9 13.0 7.5 2.5 2 1 3 1 1
2140.5 -3622.8 -18.4 147 0 22.4 16.1 10.0 2.5 2 0 4 5 5
6205.1 -5627.0 -11.8 105 0 16.0 26.1 7.5 2.5 2 1 3 0 0
6253.7 -5478.4 -10.9 226 0 16.7 19.8 7.5 2.5 4 1 3 4 4
6285.3 -5454.1 -10.8 224 0 13.4 11.7 7.5 2.5 2 0 3 5 5
6233.3 -5454.4 -11.2 51 0 13.4 19.2 5.0 2.5 4 1 2 5 5
6116.6 -5520.8 -11.9 116 0 7.1 11.4 7.5 2.5 2 1 3 2 2
6106.9 -5338.8 -12.8 183 0 12.0 8.4 5.0 2.5 2 0 2 4 4
6121.9 -5462.5 -11.7 295 0 9.0 17.6 5.0 2.5 2 1 2 5 5
6066.8 -5413.2 -11.5 112 0 12.4 15.7 2.5 2.5 2 1 1 0 0
6131.5 -5378.9 -12.4 27 0 17.7 12.8 7.5 2.5 2 0 3 5 5
6157.4 -5367.6 -12.5 190 0 16.9 10.7 5.0 2.5 2 0 2 4 4
6135.0 -5354.0 -12.8 27 0 14.8 15.0 5.0 2.5 2 1 2 0 0
6204.9 -5368.2 -12.1 185 0 14.4 10.9 5.0 2.5 2 0 2 1 1
6197.7 -5564.4 -11.6 197 0 12.9 29.1 10.0 2.5 2 1 4 4 4
6205.5 -5346.5 -12.4 187 0 15.9 13.2 5.0 2.5 2 0 2 4 4
6195.2 -5410.3 -11.7 187 0 13.5 15.7 5.0 2.5 2 1 2 4 4
6198.4 -5393.2 -11.9 185 0 6.8 11.8 5.0 2.5 2 1 2 0 0
6506.4 -5186.3 -13.1 148 0 8.0 6.7 2.5 2.5 2 0 1 4 4
6343.9 -5406.6 -10.7 194 0 11.8 13.4 5.0 0.0 0 1 2 4 4
6391.9 -5501.3 -10.0 99 0 9.9 16.3 5.0 2.5 2 1 2 1 1
6319.4 -5379.7 -11.5 48 0 11.5 11.4 7.5 2.5 2 0 3 3 3
6386.7 -5408.3 -10.8 10 0 10.4 26.2 7.5 2.5 2 1 3 4 4
6361.5 -5471.9 -10.2 100 0 12.1 10.5 2.5 2.5 2 0 1 0 0
6332.7 -5440.6 -10.4 191 0 8.6 16.8 5.0 2.5 2 1 2 0 0
6523.4 -5206.2 -13.2 55 0 8.1 16.2 7.5 2.5 2 1 3 5 5
6406.4 -5357.7 -11.4 12 0 11.7 10.0 2.5 2.5 2 0 1 4 4
6308.0 -5432.5 -10.5 206 0 6.6 15.2 5.0 2.5 2 1 2 1 1
6377.6 -5370.0 -11.3 228 0 13.2 13.7 7.5 2.5 2 1 3 0 0
6193.5 8775.5 3.5 347 0 7.3 17.5 7.5 2.5 2 1 3 2 2
6580.2 -5182.6 -12.7 225 0 13.8 10.7 7.5 2.5 2 0 3 1 1
6601.5 -5161.5 -12.4 225 0 12.8 10.4 7.5 2.5 4 0 3 1 1
6631.0 -5132.4 -11.7 225 0 17.3 9.7 7.5 2.5 2 0 3 5 5
6664.5 -5108.3 -11.8 315 0 13.1 10.1 5.0 2.5 2 0 2 4 4
1462.9 5080.3 4.0 268 0 10.3 10.8 5.0 2.5 2 1 2 3 3
1560.2 5185.1 2.3 180 0 17.0 22.0 5.0 2.5 2 1 2 0 0
1674.9 5183.9 1.0 359 0 7.7 12.5 2.5 2.5 2 1 1 4 4
2000.8 5192.8 3.9 91 0 5.6 8.1 7.5 2.5 2 1 3 4 4
1964.5 5075.6 3.1 185 0 11.5 15.2 7.5 0.0 0 1 3 2 2
1879.8 5210.2 1.2 171 0 15.2 9.0 7.5 2.5 2 0 3 3 3
2111.8 5091.8 6.3 280 0 11.5 12.4 7.5 2.5 2 1 3 4 4
1848.2 5179.3 0.9 81 0 5.2 9.3 5.0 2.5 2 1 2 0 0
1491.1 4958.1 3.9 1 0 11.0 9.3 5.0 2.5 2 0 2 3 3
2376.4 5031.4 7.1 358 0 8.1 12.7 5.0 2.5 2 1 2 0 0
2062.6 5216.8 4.8 276 0 14.3 20.8 10.0 2.5 2 1 4 2 2
2317.4 5270.2 4.5 276 0 36.3 12.6 10.0 2.5 4 0 4 3 3
1927.5 5204.2 2.1 63 0 11.1 12.1 5.0 2.5 2 1 2 1 1
1826.9 5076.0 1.4 97 0 13.2 11.1 2.5 2.5 2 0 1 3 3
2013.0 5068.1 4.0 97 0 20.4 11.8 7.5 2.5 4 0 3 0 0
1870.2 5145.7 1.1 89 0 7.3 9.8 7.5 2.5 2 1 3 4 4
1792.3 5173.9 1.0 190 0 8.7 8.5 2.5 2.5 2 0 1 2 2
1990.0 5119.3 3.5 276 0 7.3 22.0 5.0 2.5 4 1 2 3 3
1646.5 5181.4 1.3 90 0 9.7 8.9 2.5 2.5 2 0 1 2 2
1488.2 5046.0 3.7 357 0 12.3 13.6 7.5 2.5 2 1 3 0 0
2255.8 5082.0 8.0 276 0 13.1 15.2 2.5 2.5 4 1 1 0 0
2482.2 5403.0 1.1 275 0 12.1 11.2 7.5 2.5 2 0 3 0 0
1892.6 5106.4 1.3 8 0 22.1 12.8 10.0 2.5 2 0 4 4 4
1969.4 5122.4 3.0 278 0 13.8 10.2 7.5 2.5 2 0 3 1 1
1880.8 5232.2 1.3 178 0 16.5 28.6 10.0 2.5 2 1 4 2 2
2074.6 5076.1 5.4 98 0 13.8 12.5 5.0 2.5 2 0 2 1 1
2149.7 5082.9 7.1 8 0 11.7 14.6 7.5 2.5 2 1 3 1 1
1818.1 5189.9 0.7 280 0 7.3 11.4 7.5 2.5 4 1 3 2 2
1492.2 4982.3 3.9 357 0 12.9 14.6 5.0 2.5 2 1 2 0 0
2020.1 5179.8 4.1 95 0 23.4 8.3 5.0 2.5 2 0 2 1 1
1869.2 5184.6 1.0 92 0 12.5 9.8 5.0 2.5 2 0 2 2 2
1684.6 5146.8 0.7 272 0 21.2 7.2 2.5 2.5 2 0 1 3 3
1913.2 5103.3 1.8 97 0 16.2 10.5 10.0 2.5 2 0 4 5 5
2035.9 5219.3 4.4 276 0 11.3 12.2 7.5 2.5 2 1 3 1 1
2397.0 5028.6 6.9 358 0 8.9 11.9 2.5 2.5 4 1 1 0 0
2028.6 5194.2 4.3 99 0 18.9 4.1 2.5 2.5 2 0 1 4 4
1768.3 5099.7 1.8 19 0 10.7 15.7 5.0 2.5 2 1 2 2 2
1513.2 5164.5 3.4 355 0 29.0 31.9 7.5 0.0 0 1 3 1 1
2534.6 5417.5 0.6 278 0 11.2 9.4 5.0 2.5 2 0 2 0 0
2019.4 5109.7 4.0 275 0 29.6 21.5 7.5 0.0 0 0 3 5 5
1486.5 5074.9 3.5 267 0 11.6 10.9 7.5 0.0 0 0 3 0 0
2242.3 5055.5 8.1 187 0 12.6 6.9 5.0 2.5 2 0 2 2 2
1925.4 5155.7 1.8 277 0 12.9 13.0 5.0 0.0 0 1 2 3 3
2254.9 5270.1 5.6 7 0 16.6 15.7 7.5 2.5 4 0 3 0 0
1792.1 5040.9 2.5 5 0 16.1 17.6 10.0 2.5 2 1 4 2 2
2220.0 5080.2 7.9 188 0 16.6 15.9 10.0 2.5 2 0 4 1 1
1991.7 5274.0 3.0 266 0 12.5 21.9 7.5 2.5 2 1 3 3 3
1453.4 4578.8 5.7 179 0 10.7 11.7 5.0 2.5 2 1 2 2 2
1436.2 4523.5 5.9 178 0 8.8 9.0 5.0 2.5 2 1 2 2 2
1436.2 4502.2 5.7 176 0 11.2 11.1 2.5 2.5 2 0 1 3 3
1442.9 4484.8 5.4 178 0 12.6 14.1 7.5 2.5 2 1 3 0 0
1422.6 4421.2 5.5 178 0 10.3 13.2 5.0 2.5 2 1 2 0 0
1425.7 4402.0 5.3 179 0 11.5 14.0 7.5 2.5 2 1 3 1 1
1415.4 4362.2 5.3 176 0 14.2 12.8 2.5 2.5 2 0 1 1 1
1413.4 4343.8 5.3 178 0 8.5 9.9 5.0 2.5 2 1 2 4 4
1398.2 4318.2 5.4 178 0 11.4 12.8 5.0 2.5 2 1 2 4 4
1391.0 4277.9 5.5 180 0 9.0 12.1 5.0 2.5 2 1 2 1 1
1390.1 4261.0 5.6 179 0 10.9 12.0 5.0 2.5 4 1 2 3 3
1387.5 4241.8 5.8 179 0 12.2 11.8 5.0 2.5 2 0 2 4 4
1389.4 4214.5 5.2 178 0 12.3 15.0 5.0 2.5 2 1 2 4 4
1376.9 4191.6 5.5 178 0 9.6 6.4 2.5 2.5 2 0 1 3 3
1399.5 4110.5 4.6 359 0 18.5 21.9 10.0 2.5 2 1 4 0 0
1353.1 4067.9 5.1 180 0 13.4 12.1 5.0 2.5 2 0 2 2 2
1350.9 4044.0 4.7 178 0 12.3 10.8 5.0 2.5 2 0 2 0 0
1349.1 4014.8 4.5 181 0 11.1 14.8 5.0 2.5 2 1 2 2 2
1328.2 3933.0 4.3 177 0 8.7 10.4 5.0 2.5 2 1 2 3 3
1331.3 3890.4 4.4 178 0 9.6 12.3 2.5 2.5 2 1 1 4 4
1328.4 3870.7 4.5 178 0 14.3 16.6 5.0 2.5 2 1 2 3 3
1312.7 3870.7 4.6 183 0 21.0 20.1 2.5 2.5 2 0 1 0 0
1269.1 3833.7 4.5 360 0 8.3 10.6 2.5 2.5 2 1 1 3 3
1280.5 3847.3 4.9 2 0 11.0 13.6 5.0 2.5 2 1 2 0 0
1282.6 3861.8 5.1 3 0 11.0 13.3 2.5 2.5 2 1 1 3 3
1284.4 3874.1 5.2 2 0 6.2 18.9 2.5 2.5 2 1 1 5 5
1291.1 3897.0 4.9 3 0 11.6 10.5 2.5 0.0 0 0 1 1 1
1293.6 3914.4 4.8 4 0 13.7 11.9 5.0 2.5 2 0 2 0 0
1295.7 3942.6 4.7 359 0 9.2 11.2 7.5 2.5 2 1 3 2 2
1292.2 3980.6 4.9 360 0 12.3 10.8 5.0 2.5 2 0 2 4 4
1300.4 3995.0 5.0 359 0 10.1 13.1 2.5 2.5 2 1 1 4 4
1316.8 4020.1 5.0 5 0 14.0 14.8 2.5 2.5 2 1 1 5 5
1321.1 4043.0 5.1 4 0 14.8 15.5 5.0 2.5 2 1 2 0 0
1325.2 4070.9 5.7 0 0 12.0 11.2 2.5 2.5 2 0 1 1 1
1328.4 4085.2 5.9 2 0 13.8 10.9 2.5 2.5 2 0 1 4 4
1328.5 4105.5 5.8 358 0 12.5 10.0 2.5 2.5 2 0 1 5 5
1336.8 4133.2 5.9 8 0 10.1 23.8 5.0 2.5 2 1 2 1 1
1340.4 4170.9 6.1 3 0 11.8 11.9 5.0 0.0 0 1 2 2 2
1343.5 4198.4 6.3 6 0 12.8 13.6 5.0 2.5 2 1 2 4 4
1351.8 4221.1 6.3 359 0 11.9 12.9 5.0 0.0 0 1 2 3 3
1352.1 4235.8 6.4 358 0 9.7 13.9 7.5 2.5 2 1 3 3 3
1356.6 4276.0 6.5 357 0 12.4 17.8 5.0 2.5 2 1 2 0 0
1362.8 4295.8 6.4 357 0 12.2 10.5 2.5 2.5 2 0 1 5 5
1371.8 4323.2 6.4 359 0 12.8 9.0 5.0 2.5 2 0 2 4 4
1372.7 4338.7 6.4 358 0 11.9 9.4 5.0 2.5 2 0 2 1 1
1376.1 4385.3 6.7 356 0 12.9 10.5 2.5 2.5 2 0 1 1 1
1364.0 4406.0 6.8 178 0 11.2 11.6 2.5 2.5 2 1 1 2 2
1388.2 4419.5 6.6 359 0 11.7 14.5 5.0 2.5 2 1 2 4 4
1396.1 4459.4 6.6 0 0 9.5 9.9 7.5 2.5 2 1 3 1 1
1399.6 4483.6 6.7 360 0 13.5 11.0 5.0 2.5 2 0 2 1 1
1394.7 4508.5 6.9 356 0 11.7 13.2 7.5 0.0 0 1 3 4 4
1412.4 4539.8 6.7 359 0 13.5 13.4 5.0 2.5 2 0 2 3 3
1415.9 4559.1 6.8 2 0 13.3 10.7 2.5 2.5 4 0 1 4 4
1273.2 4072.6 6.0 178 0 8.8 36.6 7.5 2.5 4 1 3 3 3
1394.6 4526.1 7.1 0 0 6.7 12.2 5.0 2.5 2 1 2 0 0
1398.0 4533.8 7.0 359 0 6.9 23.5 2.5 2.5 4 1 1 0 0
1412.2 4613.1 7.1 359 0 7.5 18.2 5.0 2.5 2 1 2 3 3
1451.5 4598.2 5.7 178 0 12.1 11.2 5.0 2.5 2 0 2 4 4
1460.8 4616.1 5.3 178 0 12.7 11.4 5.0 2.5 2 0 2 2 2
1441.0 4714.1 6.1 1 0 10.7 12.5 5.0 2.5 2 1 2 5 5
1780.9 4951.9 2.7 183 0 17.1 17.4 10.0 2.5 4 1 4 1 1
1812.1 4823.4 3.4 93 0 16.2 12.9 5.0 2.5 2 0 2 0 0
1473.7 4860.8 4.6 1 0 12.6 15.2 2.5 2.5 4 1 1 0 0
1467.1 4880.9 4.7 360 0 18.4 10.6 5.0 2.5 2 0 2 3 3
1463.2 5127.6 4.3 87 0 12.5 10.0 2.5 2.5 2 0 1 2 2
1933.9 4877.3 3.4 180 0 14.3 13.6 2.5 2.5 2 0 1 4 4
1934.3 4899.9 3.2 181 0 16.4 11.1 5.0 2.5 2 0 2 2 2
1902.8 4951.4 2.6 270 0 9.0 13.3 2.5 2.5 2 1 1 5 5
1846.8 4743.2 3.7 90 0 10.8 13.2 5.0 2.5 2 1 2 3 3
1838.9 4823.3 3.4 94 0 15.4 14.0 5.0 2.5 2 0 2 2 2
1930.0 4977.5 2.2 93 0 13.8 11.9 5.0 0.0 0 0 2 5 5
1872.3 4744.5 3.7 91 0 14.9 11.4 5.0 2.5 2 0 2 1 1
1781.9 4824.8 3.3 94 0 13.4 23.5 10.0 2.5 2 1 4 4 4
1460.1 4785.7 5.3 357 0 9.3 7.7 5.0 2.5 2 0 2 4 4
1421.8 4835.9 5.5 180 0 11.5 18.4 5.0 2.5 2 1 2 2 2
1858.6 4660.2 3.9 181 0 19.0 10.4 5.0 2.5 2 0 2 0 0
1761.9 4653.9 2.2 189 0 28.4 6.3 5.0 2.5 2 0 2 1 1
1931.5 4688.9 3.9 180 0 10.7 8.8 2.5 2.5 2 0 1 5 5
1837.9 4710.8 3.8 0 0 15.2 12.7 5.0 2.5 2 0 2 4 4
1876.5 5385.6 -0.5 89 0 18.2 6.5 5.0 2.5 2 0 2 4 4
1800.8 4744.4 3.6 91 0 9.9 19.9 7.5 2.5 4 1 3 0 0
1502.4 4843.3 3.7 182 0 12.5 10.1 2.5 2.5 2 0 1 2 2
1746.0 6195.9 -5.5 182 0 9.8 11.6 5.0 2.5 2 1 2 0 0
1758.6 6215.9 -5.5 269 0 12.3 9.2 5.0 2.5 2 0 2 3 3
1457.4 4925.8 4.6 204 0 8.1 14.1 5.0 2.5 2 1 2 5 5
1510.4 4901.9 3.2 180 0 11.3 12.8 2.5 2.5 2 1 1 0 0
1552.5 5307.9 0.7 357 0 11.4 23.1 7.5 2.5 2 1 3 1 1
1580.0 5311.3 0.2 190 0 12.1 13.5 2.5 2.5 2 1 1 5 5
1954.4 4783.6 3.6 2 0 14.9 14.3 2.5 2.5 4 0 1 4 4
1557.5 5329.8 0.3 10 0 10.6 10.2 5.0 2.5 2 0 2 2 2
1590.2 5333.9 -0.2 176 0 7.9 11.0 5.0 2.5 2 1 2 3 3
1561.9 5347.8 -0.0 4 0 10.2 12.1 5.0 2.5 2 1 2 1 1
1588.3 5356.1 -0.6 190 0 12.3 13.4 2.5 2.5 2 1 1 4 4
1561.5 5382.8 -0.5 267 0 17.2 9.7 2.5 2.5 2 0 1 4 4
1592.8 5397.3 -0.7 190 0 14.0 8.7 5.0 2.5 2 0 2 2 2
1630.2 5384.1 -1.2 358 0 8.3 20.3 5.0 2.5 2 1 2 5 5
1567.4 5404.5 -0.3 88 0 9.5 11.2 2.5 0.0 0 1 1 2 2
1601.3 5423.3 -0.6 180 0 10.6 11.5 2.5 0.0 0 1 1 5 5
1570.5 5440.1 -0.7 0 0 6.3 12.3 5.0 2.5 2 1 2 2 2
1609.9 5437.7 -0.9 178 0 12.7 11.2 5.0 2.5 4 0 2 5 5
1576.5 5467.5 -1.0 1 0 11.2 12.5 5.0 2.5 2 1 2 3 3
1870.0 4953.2 2.7 273 0 7.4 20.4 5.0 2.5 4 1 2 2 2
1590.2 5490.4 -1.3 358 0 10.9 13.8 5.0 2.5 2 1 2 1 1
1619.4 5511.9 -1.7 178 0 10.0 12.9 2.5 0.0 0 1 1 5 5
1596.3 5518.6 -1.5 359 0 10.7 12.2 5.0 2.5 2 1 2 2 2
1619.8 5543.9 -1.6 186 0 13.2 11.1 5.0 2.5 2 0 2 2 2
1598.8 5535.5 -1.5 356 0 8.2 15.3 5.0 2.5 4 1 2 1 1
1622.4 5559.7 -1.5 188 0 10.1 13.0 5.0 2.5 4 1 2 3 3
1595.6 5553.3 -1.3 358 0 10.6 10.2 2.5 2.5 2 0 1 4 4
1627.2 5590.9 -1.6 191 0 9.8 11.7 5.0 2.5 2 1 2 2 2
1891.7 4976.8 2.0 91 0 6.5 12.9 5.0 2.5 2 1 2 0 0
1610.2 5594.9 -1.3 358 0 8.4 9.4 5.0 2.5 2 1 2 5 5
1614.2 5609.4 -1.4 10 0 6.6 15.5 5.0 2.5 2 0 2 1 1
1615.5 5617.9 -1.5 8 0 10.8 12.6 5.0 2.5 2 0 2 5 5
1643.8 5650.4 -2.1 179 0 11.8 13.9 5.0 2.5 2 1 2 0 0
1625.8 5671.0 -2.2 10 0 10.9 10.5 2.5 2.5 2 0 1 4 4
1657.3 5666.7 -2.3 176 0 9.2 13.2 2.5 2.5 2 1 1 3 3
1633.9 5704.5 -2.7 6 0 12.1 9.3 5.0 0.0 0 0 2 0 0
1536.6 5243.3 1.8 358 0 10.5 13.7 5.0 2.5 2 1 2 0 0
1651.5 5692.1 -2.7 179 0 10.8 12.0 2.5 2.5 2 1 1 5 5
1636.3 5736.4 -3.2 9 0 13.3 7.5 5.0 2.5 4 0 2 1 1
1652.7 5714.6 -3.0 176 0 10.4 10.8 2.5 2.5 4 1 1 3 3
1653.8 5733.0 -3.3 184 0 11.9 15.8 7.5 2.5 2 1 3 4 4
1642.7 5774.3 -3.4 3 0 12.1 13.1 5.0 2.5 2 1 2 5 5
1661.5 5760.2 -3.4 191 0 10.7 10.8 2.5 2.5 2 1 1 5 5
1649.1 5811.4 -3.5 0 0 12.8 10.4 5.0 2.5 2 0 2 3 3
1670.7 5800.4 -3.5 178 0 11.9 11.6 2.5 2.5 2 0 1 3 3
1652.6 5834.0 -3.5 9 0 10.7 5.4 5.0 2.5 2 0 2 4 4
1782.6 4888.9 3.0 191 0 14.3 11.7 5.0 2.5 2 0 2 0 0
1652.2 5856.4 -3.5 0 0 9.5 12.8 5.0 2.5 2 1 2 5 5
1672.1 5815.2 -3.5 184 0 9.4 11.3 2.5 2.5 4 1 1 5 5
1677.7 5844.9 -3.7 189 0 11.3 14.4 5.0 2.5 2 1 2 0 0
1668.3 5901.2 -3.9 8 0 10.8 13.5 5.0 2.5 2 1 2 4 4
1694.1 5886.5 -4.1 177 0 15.3 12.7 5.0 2.5 4 0 2 0 0
1666.9 5923.4 -4.0 1 0 16.0 11.5 2.5 2.5 2 0 1 5 5
1770.7 5002.9 2.2 186 0 13.6 18.8 7.5 2.5 2 1 3 3 3
1548.8 5263.2 1.3 13 0 11.9 6.2 5.0 2.5 2 0 2 5 5
1671.8 5964.5 -4.4 356 0 13.2 13.2 7.5 2.5 2 0 3 0 0
1706.9 5950.2 -4.6 178 0 10.6 12.8 5.0 2.5 2 1 2 2 2
1686.4 6010.6 -5.1 9 0 11.1 11.5 5.0 2.5 2 1 2 3 3
1723.1 5964.7 -4.8 179 0 10.0 13.3 2.5 0.0 0 1 1 4 4
1675.4 6030.6 -5.2 356 0 11.6 10.8 5.0 2.5 2 0 2 2 2
1714.7 5992.7 -5.2 178 0 7.8 38.5 7.5 2.5 2 1 3 3 3
1690.9 6051.6 -5.1 360 0 12.0 12.8 2.5 2.5 2 0 1 1 1
1729.3 6009.9 -5.3 178 0 7.2 17.5 5.0 2.5 2 1 2 5 5
1690.7 6062.9 -5.0 359 0 10.5 11.3 5.0 2.5 2 0 2 0 0
1464.6 4649.9 4.9 180 0 10.2 22.3 2.5 2.5 2 1 1 0 0
1713.3 6037.8 -5.1 185 0 10.8 6.4 5.0 2.5 2 0 2 3 3
1705.9 6100.4 -5.1 4 0 14.7 12.1 5.0 2.5 2 0 2 2 2
1731.3 6058.4 -5.2 180 0 11.3 13.7 5.0 2.5 2 1 2 1 1
1705.7 6121.7 -5.2 6 0 11.2 11.7 2.5 2.5 2 1 1 3 3
1552.0 5284.8 1.0 358 0 10.1 15.5 2.5 2.5 4 1 1 0 0
1726.3 6073.7 -5.3 181 0 11.8 13.3 5.0 2.5 2 1 2 1 1
1728.5 6111.0 -5.4 189 0 11.6 14.5 2.5 2.5 2 1 1 5 5
1495.1 4761.1 4.5 89 0 9.3 12.2 2.5 2.5 2 1 1 0 0
1409.5 4765.8 6.3 179 0 11.4 14.5 5.0 2.5 4 1 2 2 2
1714.9 6149.2 -5.3 4 0 11.1 9.9 5.0 2.5 2 0 2 5 5
1739.3 6126.3 -5.5 177 0 11.5 10.5 5.0 2.5 4 0 2 5 5
1495.3 4789.1 4.2 180 0 10.4 11.2 2.5 2.5 2 1 1 2 2
1716.5 6162.2 -5.3 3 0 8.4 10.0 5.0 2.5 2 1 2 1 1
1729.1 6130.9 -5.4 178 0 8.9 7.6 5.0 2.5 2 0 2 0 0
1495.2 4805.8 4.1 181 0 14.2 10.7 5.0 0.0 0 0 2 4 4
1719.8 6183.5 -5.3 0 0 13.7 12.1 2.5 2.5 2 0 1 5 5
1736.5 6156.5 -5.6 179 0 10.1 11.6 5.0 2.5 2 1 2 2 2
1713.9 6212.2 -5.3 267 0 15.0 14.5 2.5 2.5 2 0 1 5 5
1769.7 6400.6 -3.6 254 0 10.4 11.5 5.0 2.5 2 1 2 1 1
1714.2 6471.6 -4.4 346 0 11.9 12.4 5.0 2.5 2 1 2 1 1
1742.7 6509.4 -4.4 169 0 10.7 11.4 5.0 2.5 2 1 2 3 3
1786.4 6323.3 -5.0 352 0 13.9 11.7 2.5 2.5 4 0 1 2 2
1731.7 6387.2 -3.8 344 0 10.0 8.2 7.5 2.5 2 0 3 0 0
1707.9 6707.1 -6.2 350 0 14.9 11.2 5.0 0.0 0 0 2 2 2
1744.1 4689.2 3.7 183 0 13.8 36.0 7.5 2.5 2 1 3 3 3
1757.0 6442.1 -4.0 79 0 10.6 10.2 5.0 2.5 2 0 2 5 5
1759.3 6229.3 -5.5 94 0 10.8 12.8 5.0 2.5 2 1 2 5 5
1739.9 6532.3 -4.5 169 0 13.1 10.4 5.0 2.5 2 0 2 4 4
1763.6 6337.4 -4.7 172 0 10.5 8.1 5.0 2.5 2 0 2 1 1
1726.1 6414.8 -4.0 343 0 12.8 11.2 2.5 2.5 2 0 1 0 0
1685.5 6728.8 -6.3 166 0 12.4 10.1 5.0 2.5 2 0 2 1 1
1743.8 6494.3 -4.3 169 0 10.0 10.6 2.5 2.5 2 1 1 5 5
1754.0 6566.8 -4.6 258 0 12.0 12.8 5.0 2.5 2 1 2 3 3
1702.3 6442.6 -4.3 164 0 12.8 11.6 5.0 2.5 2 0 2 0 0
1680.0 6752.5 -6.3 171 0 12.7 10.5 5.0 0.0 0 0 2 2 2
1761.8 6262.5 -5.6 180 0 10.2 16.8 5.0 0.0 0 1 2 4 4
1726.1 6246.4 -5.3 356 0 6.2 17.6 5.0 2.5 4 1 2 4 4
1706.0 6648.3 -5.7 83 0 9.7 11.1 5.0 2.5 2 1 2 3 3
1769.6 6368.8 -3.8 172 0 11.8 11.1 2.5 0.0 0 0 1 1 1
1851.6 5402.0 -0.6 271 0 9.6 11.2 2.5 0.0 0 1 1 4 4
1724.5 6340.5 -4.9 164 0 12.9 13.2 2.5 2.5 2 1 1 1 1
1664.6 6804.0 -6.4 174 0 10.5 8.2 5.0 2.5 2 0 2 5 5
1831.6 4687.7 3.8 0 0 16.5 9.3 5.0 2.5 2 0 2 5 5
1787.7 6293.7 -5.5 354 0 10.3 14.4 5.0 2.5 2 1 2 4 4
1720.8 6356.2 -4.6 166 0 7.3 13.8 7.5 2.5 2 1 3 5 5
1576.0 5272.4 0.7 179 0 10.1 14.2 2.5 2.5 2 1 1 5 5
1400.5 4495.8 6.8 0 0 8.1 16.9 7.5 2.5 2 1 3 4 4
4957.7 -280.0 -5.6 326 0 14.8 29.2 12.5 2.5 2 1 5 4 4
1629.0 -378.6 -19.1 346 0 33.6 15.5 7.5 2.5 2 0 3 1 1
4969.3 -327.5 -6.5 229 0 10.3 19.3 5.0 2.5 4 1 2 0 0
4767.2 -436.4 -9.7 49 0 29.5 16.7 7.5 2.5 2 0 3 4 4
5011.2 -346.8 -7.2 316 0 23.2 13.0 10.0 2.5 2 0 4 1 1
4785.5 -468.8 -10.3 229 0 7.6 10.0 7.5 2.5 2 1 3 5 5
3639.2 1848.0 -7.6 245 0 11.6 16.6 5.0 2.5 2 1 2 0 0
5957.7 3620.7 5.8 114 0 15.2 7.7 7.5 2.5 4 0 3 1 1
4435.3 -6633.3 -9.7 161 0 11.5 17.5 5.0 2.5 2 0 2 2 2
4486.6 -6615.2 -9.4 341 0 27.3 33.3 12.5 0.0 0 0 5 4 4
6376.2 8338.0 7.1 345 0 11.1 4.8 5.0 2.5 2 0 2 1 1
6660.0 7401.6 6.0 166 0 10.0 5.0 7.5 2.5 2 0 3 4 4
6647.2 7566.1 4.5 255 0 15.6 27.3 10.0 2.5 2 1 4 5 5
1312.5 3814.8 5.2 84 0 13.4 6.0 7.5 2.5 2 0 3 2 2
-1666.3 3130.2 -8.3 55 0 12.1 8.3 7.5 2.5 2 0 3 1 1
-3569.2 2638.7 -18.4 264 0 7.1 7.0 7.5 2.5 2 0 3 5 5
-4338.0 2601.3 -14.4 175 0 9.6 17.7 2.5 2.5 2 1 1 0 0
-5052.5 2883.5 -16.7 282 0 18.3 7.7 2.5 2.5 2 0 1 5 5
-5063.6 2929.9 -16.1 177 0 10.3 18.4 5.0 2.5 2 1 2 5 5
-5436.6 1459.2 -18.7 193 0 17.7 91.8 10.0 0.0 0 1 4 4 4
6821.0 6092.7 10.6 5 0 7.0 13.8 5.0 2.5 2 1 2 4 4
6774.8 6196.5 8.6 185 0 11.2 6.0 5.0 2.5 2 0 2 2 2
6860.6 6000.5 9.8 269 0 10.5 16.1 5.0 2.5 2 1 2 5 5
6743.1 6591.8 7.0 5 0 9.9 10.6 5.0 0.0 0 1 2 4 4
6804.4 6312.1 7.4 97 0 12.9 6.9 5.0 0.0 0 0 2 3 3
6737.8 6466.9 6.4 188 0 6.2 14.1 5.0 2.5 2 1 2 0 0
6789.3 5997.7 10.5 184 0 5.4 16.3 5.0 2.5 2 1 2 3 3
6900.9 6626.5 5.5 164 0 13.1 16.5 2.5 2.5 2 1 1 5 5
6913.6 6763.0 6.9 144 0 17.8 20.9 7.5 2.5 2 0 3 5 5
6821.2 6003.4 10.4 3 0 9.8 8.0 5.0 0.0 0 0 2 5 5
6817.3 6451.2 6.9 187 0 5.5 7.4 5.0 2.5 2 1 2 0 0
6692.0 6723.4 6.8 180 0 10.5 5.9 2.5 2.5 2 0 1 2 2
6590.3 6990.0 6.0 97 0 8.0 5.2 7.5 2.5 2 0 3 3 3
6864.9 6162.1 9.5 90 0 10.5 14.2 2.5 2.5 4 1 1 3 3
6827.8 6369.1 7.6 173 0 14.0 11.3 5.0 2.5 2 0 2 2 2
6788.8 6392.4 7.4 6 0 15.2 8.7 5.0 2.5 2 0 2 0 0
6662.1 7110.7 4.9 346 0 12.1 9.6 2.5 2.5 2 0 1 5 5
6820.5 6118.7 10.4 5 0 13.7 11.0 5.0 2.5 2 0 2 4 4
6878.5 6231.7 8.4 359 0 8.2 10.7 7.5 2.5 2 1 3 3 3
6537.7 7027.4 5.4 73 0 5.0 7.6 5.0 2.5 2 1 2 3 3
6733.5 6497.2 6.7 176 0 17.4 6.1 7.5 2.5 2 0 3 2 2
6894.2 6659.5 5.7 163 0 25.6 11.1 10.0 2.5 4 0 4 4 4
6872.5 6820.5 6.8 144 0 123.5 20.9 7.5 0.0 0 0 3 0 0
6776.6 6018.6 10.4 183 0 11.7 8.3 7.5 2.5 2 0 3 5 5
6804.5 6544.4 6.0 186 0 14.1 9.2 5.0 0.0 0 0 2 1 1
6752.3 6401.1 7.3 277 0 5.9 10.7 5.0 2.5 2 1 2 0 0
6599.7 6988.9 6.0 97 0 11.0 5.2 2.5 2.5 2 0 1 2 2
6817.3 6140.7 9.9 4 0 13.2 8.3 5.0 0.0 0 0 2 3 3
6827.6 6970.8 8.0 236 0 15.4 51.1 10.0 2.5 2 1 4 4 4
6791.0 6407.7 7.3 7 0 10.8 12.2 5.0 2.5 2 1 2 3 3
6864.5 6308.4 7.4 95 0 13.5 8.8 5.0 2.5 2 0 2 2 2
6774.4 6472.6 6.2 9 0 7.6 9.5 2.5 2.5 2 0 1 0 0
6774.9 6389.0 7.3 7 0 5.7 10.8 2.5 2.5 4 1 1 3 3
6681.4 6717.6 6.9 182 0 11.6 6.9 5.0 2.5 2 0 2 1 1
6740.9 6563.6 7.1 9 0 10.9 14.0 2.5 2.5 2 1 1 2 2
6957.5 6926.0 10.0 314 0 19.3 14.7 10.0 2.5 2 0 4 0 0
6818.0 6161.9 9.7 6 0 17.8 9.2 5.0 0.0 0 0 2 4 4
6796.5 6524.0 6.0 166 0 12.4 8.6 5.0 2.5 2 0 2 0 0
6847.3 6342.6 7.5 188 0 8.4 11.2 5.0 2.5 2 1 2 5 5
6760.3 6623.8 6.9 179 0 10.6 9.1 5.0 2.5 2 0 2 1 1
6833.6 6357.6 7.6 187 0 6.5 27.4 7.5 2.5 2 1 3 5 5
6730.7 6616.3 7.4 5 0 4.8 18.3 5.0 2.5 2 1 2 3 3
6805.5 6553.8 5.9 186 0 4.7 9.2 7.5 2.5 2 0 3 0 0
6956.2 6987.6 10.6 221 0 54.8 14.4 12.5 2.5 2 0 5 1 1
6715.5 6722.8 6.6 345 0 15.2 7.2 5.0 0.0 0 0 2 1 1
6849.5 6986.3 8.8 235 0 16.9 52.5 7.5 0.0 0 1 3 1 1
6593.9 7059.1 5.5 139 0 9.9 8.4 5.0 2.5 4 0 2 2 2
6797.7 6277.9 7.7 92 0 10.7 10.3 2.5 2.5 2 0 1 2 2
6774.3 6510.2 6.3 7 0 14.4 9.4 5.0 2.5 2 0 2 0 0
6641.8 7099.5 5.0 74 0 8.9 9.5 5.0 2.5 2 1 2 5 5
6623.7 7006.3 6.0 357 0 8.5 7.8 2.5 2.5 2 0 1 5 5
6885.9 6737.6 5.5 344 0 25.0 13.6 10.0 2.5 2 0 4 0 0
6780.9 6186.3 9.0 181 0 6.3 10.5 5.0 2.5 2 1 2 0 0
6912.7 6888.4 8.6 54 0 19.1 48.3 7.5 2.5 2 1 3 3 3
6808.5 6206.6 8.6 269 0 8.9 11.1 2.5 2.5 2 1 1 3 3
6952.9 6588.7 4.8 343 0 10.7 53.6 10.0 2.5 4 1 4 0 0
6803.3 6477.8 6.1 165 0 10.5 5.1 7.5 2.5 2 0 3 4 4
6844.0 6329.7 7.3 188 0 10.3 7.2 5.0 2.5 2 0 2 5 5
6780.7 6379.1 7.4 8 0 7.5 5.6 2.5 2.5 2 0 1 2 2
6810.4 6346.2 7.6 3 0 8.6 8.8 2.5 2.5 2 1 1 2 2
6763.9 6662.4 7.0 277 0 9.7 11.5 2.5 2.5 2 1 1 1 1
6745.8 6604.2 7.1 7 0 6.3 13.6 5.0 2.5 2 1 2 0 0
6741.0 6528.0 6.7 187 0 10.2 9.4 2.5 2.5 4 0 1 3 3
6900.4 6995.4 10.2 234 0 15.4 29.5 7.5 2.5 4 1 3 1 1
6771.7 6610.6 6.6 179 0 13.5 8.7 5.0 2.5 4 0 2 2 2
6715.6 6644.3 7.5 6 0 12.2 6.6 5.0 2.5 2 0 2 0 0
6810.9 6461.0 6.4 167 0 14.6 8.4 5.0 2.5 2 0 2 2 2
6607.0 7063.8 5.4 49 0 9.2 9.9 5.0 2.5 2 0 2 4 4
6653.6 7135.1 4.4 344 0 5.9 12.2 7.5 2.5 2 0 3 1 1
6766.0 6499.8 6.3 349 0 7.0 10.5 7.5 2.5 2 1 3 0 0
6721.1 6973.8 6.8 74 0 10.1 16.6 7.5 2.5 2 1 3 4 4
6759.5 6545.3 6.7 347 0 12.3 8.3 5.0 2.5 2 0 2 4 4
6623.1 7015.5 6.0 357 0 9.9 7.8 2.5 2.5 2 0 1 3 3
6832.9 6405.7 7.5 187 0 11.2 11.2 5.0 2.5 2 1 2 0 0
6928.3 6533.4 4.8 96 0 11.9 15.4 5.0 2.5 2 0 2 5 5
6733.7 6521.2 6.7 187 0 5.1 15.9 5.0 2.5 2 0 2 3 3
6953.8 6533.5 4.8 7 0 6.6 19.4 2.5 2.5 2 0 1 4 4
6778.3 6464.3 6.4 9 0 7.5 14.6 2.5 2.5 2 0 1 0 0
6583.4 6990.8 5.9 97 0 5.8 12.9 2.5 2.5 4 0 1 0 0
6781.5 6059.9 10.4 182 0 19.9 13.4 5.0 2.5 4 0 2 0 0
6694.4 6604.3 7.7 183 0 9.9 9.5 5.0 2.5 2 0 2 0 0
6882.3 6699.8 5.6 165 0 20.8 12.7 10.0 2.5 2 0 4 3 3
6947.5 6800.4 7.5 340 0 47.1 42.4 10.0 0.0 0 0 4 2 2
6812.6 6019.2 10.3 3 0 7.5 10.6 5.0 2.5 2 1 2 5 5
6826.0 6428.0 7.4 183 0 5.6 11.8 5.0 2.5 2 1 2 0 0
6822.0 6062.1 10.5 1 0 10.0 12.8 5.0 2.5 2 1 2 1 1
3377.9 -3060.2 -11.9 70 0 17.5 7.0 5.0 2.5 2 0 2 0 0
3941.2 -2923.9 -13.5 86 0 14.5 12.6 2.5 2.5 2 0 1 3 3
3888.0 -2934.9 -14.1 86 0 10.2 11.5 5.0 2.5 2 1 2 0 0
3776.4 -2993.3 -13.9 267 0 10.1 18.6 5.0 0.0 0 1 2 2 2
3737.6 -3052.5 -13.9 83 0 4.9 9.5 2.5 2.5 4 1 1 4 4
3822.6 -2938.6 -14.5 84 0 5.3 12.7 5.0 2.5 2 1 2 5 5
3740.2 -3006.0 -13.8 265 0 5.3 8.5 5.0 2.5 2 0 2 3 3
3677.6 -2986.6 -13.7 266 0 10.2 11.1 5.0 2.5 2 1 2 0 0
3660.1 -2993.9 -13.6 260 0 11.4 9.9 5.0 2.5 2 0 2 0 0
3630.2 -2998.5 -13.4 261 0 13.5 12.1 2.5 2.5 2 0 1 5 5
3687.2 -2951.2 -14.0 86 0 10.9 14.0 5.0 2.5 2 1 2 0 0
3659.3 -2951.8 -13.8 88 0 9.2 11.0 5.0 0.0 0 1 2 4 4
3542.9 -2997.1 -12.9 263 0 6.6 8.5 5.0 2.5 2 0 2 0 0
3501.9 -3054.6 -12.2 159 0 9.1 16.7 5.0 2.5 2 0 2 2 2
3551.1 -2968.3 -13.4 86 0 13.8 10.9 5.0 2.5 2 0 2 3 3
3468.2 -3042.3 -12.1 70 0 8.8 14.5 5.0 2.5 2 1 2 3 3
3438.8 -3012.9 -12.1 261 0 10.1 9.3 5.0 2.5 2 0 2 0 0
3475.4 -2975.7 -12.9 84 0 13.7 8.6 5.0 2.5 2 0 2 4 4
3376.0 -3013.1 -12.0 265 0 10.1 14.6 5.0 2.5 2 1 2 3 3
3452.7 -2975.6 -12.7 86 0 11.3 6.6 2.5 2.5 4 0 1 1 1
3348.2 -3043.3 -12.0 184 0 14.8 11.7 2.5 2.5 2 0 1 4 4
3408.6 -2981.1 -12.4 172 0 10.0 11.0 5.0 2.5 2 1 2 5 5
3414.4 -2933.6 -13.0 174 0 7.2 11.8 2.5 2.5 2 1 1 4 4
3383.2 -2990.3 -12.2 85 0 14.1 8.5 5.0 2.5 2 0 2 0 0
3380.5 -2919.5 -12.9 264 0 8.2 12.2 5.0 0.0 0 1 2 3 3
3360.8 -2988.4 -12.1 85 0 11.1 10.0 5.0 2.5 2 0 2 3 3
3249.4 -3001.2 -13.1 82 0 13.6 12.5 7.5 2.5 2 0 3 3 3
3358.2 -3143.0 -12.6 137 0 10.4 11.8 2.5 0.0 0 1 1 3 3
3370.2 -3177.4 -13.0 158 0 11.9 10.1 2.5 2.5 2 0 1 4 4
3705.9 -2918.0 -14.2 174 0 11.1 5.0 7.5 2.5 2 0 3 4 4
3372.1 -2923.9 -12.8 266 0 4.5 15.0 5.0 2.5 2 1 2 0 0
3367.8 -2960.7 -12.4 176 0 10.5 5.4 5.0 2.5 2 0 2 2 2
3876.8 -2895.0 -14.1 265 0 4.5 14.6 2.5 2.5 2 1 1 5 5
3723.8 -2915.2 -14.3 354 0 8.1 7.2 5.0 2.5 2 0 2 5 5
3815.9 -2907.4 -14.6 175 0 9.2 12.2 7.5 2.5 2 1 3 0 0
3327.4 -2971.1 -12.6 266 0 5.0 10.0 2.5 2.5 2 1 1 3 3
3468.5 -3004.7 -12.4 264 0 9.5 7.7 5.0 2.5 2 0 2 4 4
3405.3 -2947.2 -12.7 173 0 5.5 7.7 5.0 2.5 4 1 2 2 2
3543.9 -3005.5 -12.8 263 0 7.1 9.3 2.5 2.5 2 0 1 4 4
3416.9 -2953.7 -12.8 174 0 6.8 12.3 7.5 2.5 2 1 3 1 1
3784.9 -3028.9 -14.0 357 0 6.5 10.5 7.5 2.5 2 1 3 0 0
3741.0 -3014.5 -13.8 265 0 5.2 8.2 7.5 2.5 2 0 3 0 0
3865.4 -2910.9 -14.2 85 0 6.0 10.0 2.5 0.0 0 1 1 0 0
3398.6 -2967.4 -12.5 354 0 10.2 11.3 2.5 2.5 2 1 1 4 4
3641.6 -2997.9 -13.5 261 0 4.5 11.0 5.0 2.5 2 0 2 5 5
3747.9 -2912.7 -14.4 354 0 6.2 9.4 2.5 2.5 2 1 1 0 0
3741.9 -3000.4 -13.8 265 0 9.5 5.5 7.5 2.5 2 0 3 4 4
3917.7 -2909.8 -13.6 84 0 7.1 20.4 2.5 2.5 2 0 1 1 1
3377.9 -2959.2 -12.5 356 0 12.0 4.8 2.5 2.5 2 0 1 4 4
3881.3 -2889.5 -14.0 265 0 5.5 22.9 5.0 2.5 2 1 2 1 1
3909.8 -2883.2 -13.6 264 0 14.6 6.9 5.0 2.5 2 0 2 5 5
3746.8 -3005.4 -13.8 265 0 7.9 8.5 5.0 2.5 2 0 2 4 4
3732.7 -2936.7 -14.3 85 0 5.8 14.7 5.0 2.5 2 1 2 2 2
3390.4 -2947.5 -12.6 356 0 9.6 18.1 7.5 2.5 2 0 3 2 2
-424.4 -8677.1 -6.3 265 0 10.0 6.4 7.5 2.5 4 0 3 3 3
4416.6 -2878.1 -11.2 83 0 14.6 14.8 5.0 0.0 0 1 2 3 3
3516.4 5837.2 -3.5 224 0 18.7 14.6 10.0 2.5 2 0 4 5 5
6742.1 8516.7 9.6 357 0 30.4 9.5 7.5 2.5 2 0 3 4 4
5631.4 -7612.2 -4.7 300 0 11.3 13.0 5.0 2.5 4 1 2 3 3
1116.2 2762.9 3.6 178 0 13.6 37.8 7.5 0.0 0 1 3 1 1
1312.1 3836.2 4.9 89 0 13.0 20.0 10.0 2.5 4 0 4 1 1
1551.5 4954.1 2.8 100 0 67.6 7.9 7.5 0.0 0 0 3 1 1
4511.0 6453.0 -5.1 58 0 34.9 10.4 5.0 2.5 4 0 2 0 0
4546.1 6408.7 -4.9 240 0 16.2 19.6 12.5 2.5 2 1 5 0 0
4529.5 6293.2 -3.8 328 0 9.7 7.2 5.0 2.5 2 0 2 1 1
4581.4 6265.7 -3.4 145 0 10.5 12.7 7.5 2.5 2 1 3 2 2
4817.9 5896.9 2.9 338 0 6.4 15.0 7.5 2.5 2 1 3 4 4
4834.9 5863.1 3.8 338 0 9.1 8.5 5.0 2.5 2 0 2 3 3
4780.3 5934.9 1.9 339 0 10.8 12.5 2.5 2.5 2 1 1 4 4
4667.4 6026.3 -0.9 338 0 9.9 12.1 5.0 2.5 2 1 2 5 5
4687.2 6069.6 -1.9 337 0 5.6 21.5 5.0 2.5 2 0 2 2 2
4604.2 6174.1 -2.5 336 0 11.1 6.2 5.0 0.0 0 0 2 2 2
4597.1 6189.1 -2.5 336 0 11.5 7.4 7.5 2.5 2 0 3 4 4
4583.2 6221.9 -2.7 331 0 8.8 13.3 2.5 2.5 4 1 1 4 4
4573.5 6229.2 -2.8 334 0 8.7 11.0 7.5 2.5 2 1 3 1 1
4566.7 6240.3 -3.0 333 0 8.6 15.7 2.5 2.5 2 1 1 1 1
4544.9 6245.4 -3.2 337 0 10.3 6.5 5.0 2.5 2 0 2 3 3
4546.4 6262.6 -3.4 335 0 10.7 12.8 2.5 2.5 4 1 1 2 2
4960.6 5646.2 10.6 69 0 6.6 11.5 5.0 2.5 4 1 2 4 4
4954.3 5687.3 9.7 339 0 11.5 12.4 10.0 2.5 4 1 4 2 2
4945.9 5702.8 9.0 337 0 11.5 10.4 5.0 0.0 0 0 2 2 2
4764.3 5579.6 3.8 339 0 8.9 12.5 7.5 2.5 2 1 3 2 2
4710.6 5552.1 3.8 337 0 9.9 12.8 2.5 2.5 2 1 1 0 0
4709.1 5589.3 3.9 346 0 7.4 13.5 5.0 2.5 2 1 2 4 4
4743.9 5603.3 3.8 160 0 12.1 12.2 7.5 2.5 2 1 3 4 4
4698.4 5646.3 4.0 339 0 9.4 11.5 2.5 2.5 2 1 1 5 5
4729.6 5756.0 3.3 162 0 9.7 9.2 7.5 0.0 0 0 3 5 5
4693.9 5823.5 2.6 344 0 7.6 10.7 5.0 2.5 2 1 2 1 1
4704.9 5878.6 2.5 339 0 10.2 11.1 7.5 2.5 2 1 3 0 0
4903.8 6697.3 -5.0 58 0 9.4 10.7 7.5 2.5 2 1 3 1 1
4918.9 6691.0 -4.8 58 0 9.7 9.7 5.0 2.5 2 1 2 4 4
4899.3 6651.8 -4.3 232 0 5.9 19.2 7.5 2.5 2 1 3 4 4
4867.8 6660.2 -5.0 61 0 5.8 17.4 7.5 2.5 2 1 3 0 0
4807.3 6621.5 -5.3 59 0 9.4 8.4 5.0 2.5 2 0 2 3 3
4816.2 6598.7 -5.3 236 0 10.1 11.4 7.5 2.5 2 1 3 2 2
4949.8 6517.1 -3.9 235 0 8.0 14.5 7.5 2.5 2 1 3 1 1
4853.7 6446.5 -3.5 233 0 6.6 12.3 7.5 2.5 2 1 3 1 1
4781.4 6433.1 -3.7 54 0 10.3 8.5 7.5 2.5 2 0 3 5 5
4760.7 6379.3 -3.7 233 0 11.1 12.4 7.5 2.5 2 1 3 1 1
4596.4 6462.1 -4.7 237 0 8.9 8.6 7.5 2.5 2 0 3 0 0
5139.5 6705.1 -2.8 327 0 9.7 10.7 7.5 2.5 2 1 3 2 2
5114.7 6745.7 -3.4 147 0 11.9 9.5 5.0 2.5 2 0 2 1 1
5052.4 6701.9 -3.5 321 0 10.1 9.6 5.0 2.5 2 0 2 5 5
5001.4 6725.2 -4.2 238 0 6.0 14.6 7.5 2.5 2 1 3 3 3
5125.7 6822.9 -2.5 59 0 9.6 9.1 5.0 0.0 0 0 2 5 5
5150.2 6840.4 -2.4 63 0 10.5 10.7 2.5 2.5 2 1 1 5 5
5138.7 6742.3 -2.9 145 0 10.8 10.6 10.0 0.0 0 0 4 3 3
5337.0 7002.7 -4.4 42 0 12.0 10.5 5.0 0.0 0 0 2 4 4
5281.9 6948.8 -3.1 49 0 9.8 14.9 7.5 2.5 2 1 3 5 5
5296.0 6961.7 -3.3 41 0 9.4 8.4 7.5 2.5 2 0 3 2 2
6623.2 -4806.0 -12.0 287 0 19.6 29.7 7.5 2.5 2 1 3 4 4
6073.5 -4804.8 -6.6 286 0 6.0 21.7 5.0 2.5 2 1 2 4 4
6119.0 -4818.0 -5.7 281 0 12.2 11.0 2.5 2.5 2 0 1 2 2
6140.1 -4823.8 -5.9 289 0 10.4 10.4 7.5 2.5 2 0 3 4 4
6159.2 -4831.2 -6.2 287 0 15.6 9.1 5.0 2.5 2 0 2 2 2
6174.1 -4765.2 -3.8 200 0 9.2 12.2 5.0 2.5 4 1 2 3 3
4503.5 6372.3 -5.0 149 0 16.0 11.4 5.0 2.5 2 0 2 2 2
4514.8 6405.1 -5.0 244 0 7.0 11.3 2.5 2.5 2 1 1 1 1
4541.7 6345.8 -4.5 151 0 9.6 6.7 7.5 2.5 2 0 3 0 0
4503.4 6326.0 -4.3 319 0 9.3 19.2 5.0 2.5 2 1 2 3 3
4608.0 6280.6 -3.5 236 0 8.8 10.9 7.5 2.5 2 1 3 0 0
4621.1 6289.9 -3.6 233 0 10.2 13.6 5.0 2.5 2 1 2 3 3
4572.9 6424.9 -4.8 239 0 10.5 10.8 5.0 2.5 2 1 2 1 1
4520.4 6535.8 -5.4 159 0 10.5 27.5 7.5 2.5 2 1 3 0 0
4454.0 6414.8 -5.3 344 0 14.4 9.5 5.0 2.5 2 0 2 5 5
4418.1 6458.1 -5.5 338 0 10.3 9.4 5.0 2.5 2 0 2 1 1
4424.3 6447.9 -5.5 339 0 11.0 13.9 5.0 2.5 2 1 2 5 5
4408.9 6476.6 -5.7 337 0 10.7 13.2 10.0 2.5 4 1 4 1 1
4388.1 6517.2 -6.1 337 0 7.5 13.4 5.0 2.5 2 1 2 3 3
4402.0 6305.1 -4.5 43 0 13.1 11.6 5.0 2.5 2 0 2 4 4
4447.9 6317.5 -4.3 235 0 11.5 9.6 7.5 2.5 2 0 3 1 1
4472.4 6352.9 -4.7 222 0 9.5 8.0 5.0 2.5 2 0 2 1 1
4335.8 6190.0 -3.3 240 0 11.9 5.8 5.0 2.5 2 0 2 3 3
4379.5 6228.5 -3.5 248 0 10.0 10.4 5.0 2.5 2 1 2 5 5
4740.1 6375.7 -3.9 233 0 10.7 16.6 5.0 0.0 0 1 2 2 2
4677.8 6331.9 -4.0 236 0 5.7 13.2 7.5 2.5 2 1 3 5 5
4657.4 6320.4 -3.9 234 0 13.4 12.7 7.5 2.5 2 0 3 3 3
4719.1 6494.3 -4.5 236 0 11.8 5.9 7.5 2.5 2 0 3 1 1
4735.1 6436.4 -3.8 53 0 10.7 8.7 7.5 2.5 2 0 3 3 3
4777.7 6605.6 -5.7 60 0 15.1 11.4 10.0 2.5 2 0 4 1 1
4729.1 6702.5 -6.2 247 0 10.5 12.1 7.5 2.5 2 1 3 0 0
4772.9 6725.1 -5.7 251 0 4.8 13.6 5.0 2.5 2 1 2 2 2
4838.7 6783.8 -4.4 62 0 6.6 11.5 5.0 2.5 2 1 2 0 0
4786.4 6780.0 -4.9 62 0 7.6 10.5 7.5 2.5 2 1 3 0 0
4332.4 6620.1 -6.9 332 0 10.2 13.0 5.0 2.5 2 1 2 2 2
4359.6 6572.3 -6.6 336 0 10.6 9.9 5.0 2.5 2 0 2 0 0
4370.3 6561.1 -6.5 334 0 9.4 17.0 5.0 2.5 2 1 2 4 4
4354.1 6719.7 -8.7 245 0 13.6 9.0 7.5 2.5 2 0 3 0 0
4361.0 6706.4 -8.6 245 0 10.1 10.2 5.0 2.5 2 1 2 1 1
4378.1 6668.9 -8.3 63 0 7.3 16.8 5.0 2.5 2 1 2 2 2
4281.4 6689.8 -7.3 338 0 10.9 13.2 7.5 2.5 2 1 3 3 3
4286.7 6672.9 -7.1 337 0 13.8 10.7 5.0 2.5 4 0 2 1 1
4307.7 6655.4 -7.1 335 0 11.9 11.0 7.5 2.5 2 0 3 5 5
4170.6 6906.0 -8.5 334 0 11.7 11.0 2.5 0.0 0 0 1 4 4
4190.3 6880.6 -8.4 332 0 11.5 13.4 2.5 0.0 0 1 1 2 2
4205.9 6850.9 -8.3 336 0 10.8 11.4 2.5 2.5 2 1 1 0 0
4258.4 6736.7 -7.7 339 0 9.6 9.5 2.5 2.5 2 0 1 0 0
4275.1 6928.8 -8.1 334 0 11.5 15.6 2.5 2.5 2 1 1 1 1
4257.7 6934.0 -8.2 332 0 9.5 11.2 2.5 2.5 4 1 1 1 1
4248.5 6952.0 -8.3 335 0 11.6 10.4 2.5 2.5 2 0 1 2 2
4203.2 7018.9 -8.6 335 0 10.5 12.9 5.0 2.5 2 1 2 1 1
4284.0 7003.9 -8.4 333 0 8.8 27.9 5.0 2.5 2 1 2 1 1
4063.2 7108.7 -8.8 339 0 11.6 12.0 5.0 2.5 2 1 2 2 2
4094.1 7192.4 -9.7 151 0 11.3 9.3 7.5 2.5 2 0 3 5 5
4152.6 7189.8 -9.7 331 0 14.9 17.2 10.0 2.5 4 1 4 1 1
3960.3 7471.8 -10.9 240 0 11.2 11.6 5.0 2.5 2 1 2 2 2
3945.6 7400.9 -10.4 151 0 11.1 12.9 7.5 2.5 2 1 3 4 4
3932.3 7339.8 -10.6 64 0 11.6 11.4 7.5 2.5 2 0 3 1 1
3974.3 7352.0 -10.3 150 0 13.5 13.8 10.0 2.5 4 1 4 1 1
3877.4 7532.0 -11.8 151 0 11.9 10.8 10.0 2.5 2 0 4 1 1
3892.9 7508.4 -11.5 150 0 11.4 9.9 2.5 2.5 2 0 1 0 0
3901.9 7493.0 -11.4 150 0 10.0 9.5 7.5 2.5 4 0 3 1 1
3797.6 7596.0 -12.2 235 0 10.8 10.8 5.0 2.5 4 0 2 2 2
3810.4 7666.7 -12.1 147 0 10.9 12.7 7.5 2.5 2 1 3 0 0
3825.7 7631.0 -12.3 150 0 11.2 41.6 10.0 2.5 2 1 4 0 0
3603.3 7969.2 -13.3 326 0 10.1 9.7 5.0 2.5 2 0 2 5 5
3619.1 7940.3 -12.9 319 0 11.1 9.0 7.5 2.5 2 0 3 1 1
3663.3 7930.0 -12.3 49 0 11.1 10.9 10.0 2.5 2 0 4 3 3
3671.1 7920.4 -12.0 233 0 7.7 10.6 7.5 2.5 2 1 3 5 5
3657.7 7828.8 -11.6 227 0 12.0 9.8 7.5 2.5 2 0 3 0 0
3718.8 7817.6 -11.3 155 0 10.2 7.8 5.0 0.0 0 0 2 2 2
3721.3 7743.7 -12.0 319 0 10.9 11.3 5.0 2.5 2 1 2 1 1
3524.9 8096.8 -9.0 322 0 11.9 11.4 5.0 2.5 2 0 2 2 2
3563.8 8098.0 -9.6 146 0 11.8 13.5 5.0 2.5 2 1 2 3 3
3556.1 8041.3 -9.8 314 0 10.2 14.5 5.0 0.0 0 1 2 1 1
3377.3 8277.8 -6.8 208 0 12.9 11.3 5.0 2.5 2 0 2 2 2
4615.9 -185.5 -8.1 61 0 9.3 12.6 5.0 0.0 0 1 2 2 2
4601.4 -211.0 -8.8 61 0 11.5 10.4 2.5 2.5 2 0 1 5 5
4581.4 -224.2 -9.4 62 0 11.7 15.1 5.0 2.5 2 1 2 1 1
4721.4 -138.7 -7.3 62 0 15.4 11.6 5.0 0.0 0 0 2 4 4
4745.2 -124.5 -7.1 61 0 11.7 12.5 2.5 2.5 2 1 1 4 4
4628.5 -173.7 -7.9 61 0 13.1 12.5 7.5 2.5 2 0 3 3 3
4691.3 -160.9 -7.3 60 0 11.1 10.7 2.5 2.5 2 0 1 5 5
4670.9 -151.8 -7.4 59 0 13.1 15.6 5.0 2.5 2 1 2 0 0
4656.0 -168.3 -7.6 60 0 10.9 9.0 5.0 0.0 0 0 2 0 0
4695.1 -81.1 -7.2 238 0 12.3 21.8 7.5 2.5 2 1 3 1 1
4762.1 -116.7 -7.0 56 0 11.4 11.7 2.5 2.5 2 1 1 1 1
5616.6 -2533.3 -8.8 84 0 38.3 48.5 10.0 0.0 0 0 4 1 1
5536.3 -2462.2 -9.0 355 0 13.5 8.9 7.5 2.5 2 0 3 1 1
5642.0 -2530.8 -8.7 85 0 13.7 48.6 7.5 2.5 4 0 3 4 4
5646.1 -2664.2 -8.3 175 0 8.7 14.7 7.5 2.5 2 1 3 3 3
5654.5 -2645.1 -8.3 265 0 9.1 14.1 2.5 2.5 4 1 1 5 5
5263.0 -2824.5 -7.5 262 0 9.6 11.7 5.0 2.5 4 1 2 2 2
5258.1 -2785.5 -7.6 85 0 10.6 11.3 5.0 2.5 2 1 2 2 2
5116.4 -2786.0 -8.0 85 0 10.7 11.2 7.5 2.5 2 1 3 4 4
5184.6 -2708.8 -7.9 266 0 10.2 20.8 7.5 2.5 2 1 3 3 3
5059.5 -2812.7 -8.3 85 0 11.8 9.6 7.5 2.5 2 0 3 5 5
5156.4 -2802.6 -7.9 85 0 10.8 10.9 5.0 2.5 2 1 2 1 1
5087.6 -2757.1 -8.2 88 0 14.8 11.8 10.0 2.5 2 0 4 0 0
5088.5 -2810.5 -8.2 86 0 12.3 12.6 5.0 2.5 2 1 2 4 4
5156.1 -2834.7 -7.9 265 0 10.2 11.3 5.0 2.5 2 1 2 4 4
5183.8 -2888.7 -8.0 87 0 13.4 10.7 7.5 2.5 2 0 3 1 1
5197.0 -2829.5 -7.7 263 0 10.0 10.3 5.0 2.5 4 0 2 4 4
5207.1 -2828.4 -7.7 265 0 10.3 10.3 5.0 2.5 2 0 2 2 2
5158.0 -2892.4 -8.1 87 0 6.9 13.2 5.0 2.5 2 1 2 1 1
3421.3 -3323.3 -14.8 151 0 5.9 8.8 7.5 2.5 2 1 3 2 2
3415.0 -3294.3 -14.4 155 0 11.8 14.2 2.5 2.5 2 1 1 1 1
3411.3 -3277.0 -14.2 156 0 9.6 10.5 7.5 2.5 2 1 3 0 0
3484.6 -3352.8 -14.6 58 0 13.0 11.3 5.0 2.5 2 0 2 5 5
3204.2 -3442.2 -13.2 113 0 12.3 14.3 7.5 0.0 0 1 3 2 2
3405.0 -3586.1 -14.3 209 0 10.9 15.2 7.5 2.5 2 1 3 1 1
3489.6 -3580.3 -13.9 51 0 11.0 14.5 2.5 2.5 2 1 1 4 4
3172.1 -3474.0 -14.3 280 0 12.9 29.7 12.5 2.5 2 1 5 4 4
3465.6 -3501.4 -13.4 194 0 11.2 14.0 2.5 2.5 2 1 1 3 3
3505.4 -3427.5 -14.2 254 0 15.2 11.6 7.5 0.0 0 0 3 1 1
3434.3 -3580.4 -14.2 290 0 6.7 13.1 5.0 2.5 2 0 2 5 5
3533.7 -3515.3 -13.2 11 0 9.8 13.1 7.5 2.5 2 1 3 0 0
3469.8 -3483.1 -13.4 193 0 14.6 9.1 7.5 2.5 2 0 3 3 3
3146.6 -3427.6 -13.2 209 0 11.2 11.7 5.0 2.5 2 1 2 5 5
3375.0 -3567.6 -14.3 203 0 16.6 14.0 5.0 2.5 2 0 2 4 4
3060.4 -3544.3 -16.0 210 0 15.3 10.5 5.0 2.5 2 0 2 0 0
3078.0 -3526.1 -14.9 192 0 12.5 13.7 5.0 2.5 2 1 2 1 1
3112.9 -3481.0 -14.1 191 0 11.3 14.9 2.5 0.0 0 1 1 4 4
3141.8 -3488.6 -14.2 281 0 5.3 9.1 2.5 2.5 2 0 1 3 3
3104.7 -3496.9 -14.5 218 0 8.9 17.0 5.0 2.5 2 1 2 5 5
3148.5 -3490.0 -14.2 279 0 8.5 8.9 5.0 2.5 2 0 2 4 4
3555.3 -3529.8 -13.3 113 0 7.3 10.8 7.5 2.5 4 1 3 2 2
3421.5 -3667.0 -14.9 194 0 12.2 11.5 7.5 2.5 2 0 3 3 3
3463.0 -3648.6 -14.6 288 0 5.2 12.3 2.5 2.5 2 1 1 4 4
3525.8 -3773.6 -14.8 161 0 15.6 19.4 7.5 2.5 2 1 3 3 3
3574.8 -3728.9 -15.1 153 0 9.2 8.9 7.5 2.5 2 0 3 1 1
3549.4 -3832.1 -14.4 101 0 16.7 22.9 7.5 0.0 0 1 3 2 2
3534.2 -3672.5 -14.7 144 0 10.5 10.9 5.0 2.5 2 1 2 5 5
3533.1 -3690.9 -14.9 150 0 14.4 10.3 2.5 2.5 2 0 1 2 2
3502.0 -3696.3 -14.6 318 0 13.5 20.2 7.5 2.5 2 1 3 4 4
3561.8 -3643.4 -14.5 106 0 9.2 14.8 5.0 2.5 2 1 2 5 5
3513.5 -3633.4 -14.2 108 0 13.6 16.4 5.0 2.5 2 1 2 3 3
3631.2 -3917.2 -13.5 298 0 16.1 20.2 10.0 0.0 0 1 4 5 5
3722.4 -4033.5 -14.9 149 0 11.1 10.8 2.5 2.5 2 0 1 3 3
3681.5 -3906.8 -13.9 107 0 12.2 12.9 5.0 2.5 2 1 2 3 3
3742.6 -4081.8 -15.2 155 0 10.1 9.7 5.0 2.5 2 0 2 2 2
3707.0 -4000.9 -14.7 156 0 10.5 9.7 7.5 2.5 2 0 3 4 4
3649.6 -3870.7 -14.9 195 0 11.2 11.2 5.0 2.5 2 1 2 3 3
3703.0 -3938.8 -13.6 109 0 8.2 16.3 7.5 2.5 2 1 3 5 5
3769.5 -4137.6 -14.4 145 0 17.5 13.5 7.5 2.5 2 0 3 4 4
3690.6 -3958.4 -13.9 128 0 17.8 15.4 7.5 2.5 4 0 3 5 5
3693.8 -4060.3 -15.7 319 0 8.3 8.3 7.5 2.5 2 1 3 0 0
3649.9 -3959.9 -14.1 32 0 7.6 12.7 7.5 2.5 2 1 3 1 1
3784.6 -4167.8 -14.0 145 0 15.9 8.6 7.5 2.5 2 0 3 1 1
3821.3 -4271.0 -14.2 156 0 17.6 14.2 5.0 2.5 2 0 2 1 1
3810.2 -4226.0 -14.2 152 0 14.9 13.3 5.0 2.5 4 0 2 3 3
3846.4 -4309.9 -14.0 153 0 11.7 10.3 10.0 0.0 0 0 4 1 1
3814.4 -4245.0 -14.2 151 0 10.4 11.9 7.5 2.5 2 1 3 3 3
3780.0 -4239.3 -15.2 331 0 13.2 14.8 7.5 2.5 4 1 3 1 1
3857.2 -4333.4 -13.9 156 0 11.9 10.8 5.0 2.5 2 0 2 2 2
3820.8 -4354.2 -15.4 329 0 7.8 20.5 7.5 2.5 2 1 3 3 3
3936.8 -4515.3 -14.0 160 0 11.4 10.4 7.5 2.5 2 0 3 3 3
3894.8 -4422.8 -13.8 156 0 11.2 10.7 7.5 2.5 2 0 3 4 4
3926.0 -4496.6 -14.0 159 0 10.4 9.5 2.5 2.5 4 0 1 1 1
3915.9 -4472.5 -13.9 159 0 8.7 14.1 5.0 2.5 4 1 2 2 2
3829.6 -4369.5 -15.0 329 0 14.8 11.5 5.0 2.5 2 0 2 2 2
3977.0 -4538.4 -13.4 74 0 9.5 12.2 5.0 0.0 0 1 2 4 4
4210.9 -4686.3 -9.1 23 0 12.7 11.8 7.5 2.5 2 0 3 0 0
4154.9 -4654.3 -10.9 286 0 10.7 10.3 7.5 2.5 2 0 3 1 1
4391.8 -4664.2 -6.0 190 0 24.9 17.3 10.0 2.5 2 0 4 0 0
4170.7 -4681.5 -10.2 103 0 5.3 8.1 7.5 2.5 2 1 3 2 2
4190.1 -4618.5 -9.6 13 0 14.4 12.6 2.5 2.5 2 0 1 3 3
4495.6 -4724.9 -13.5 67 0 18.0 15.1 10.0 2.5 2 0 4 4 4
4446.3 -4724.6 -10.7 246 0 24.9 15.5 10.0 0.0 0 0 4 2 2
4441.4 -4748.5 -10.1 68 0 13.3 7.6 5.0 0.0 0 0 2 1 1
4404.9 -5349.1 -14.4 93 0 12.6 10.7 5.0 2.5 2 0 2 4 4
4304.8 -5335.9 -14.6 265 0 12.8 15.2 2.5 2.5 2 1 1 0 0
4393.3 -5234.6 -14.6 182 0 9.8 10.5 5.0 2.5 2 1 2 3 3
4393.4 -5318.6 -14.3 195 0 12.8 14.3 5.0 2.5 4 1 2 4 4
4338.8 -5364.3 -14.5 71 0 15.5 13.1 2.5 2.5 2 0 1 4 4
4416.8 -5156.2 -14.7 270 0 15.0 16.3 5.0 2.5 2 1 2 2 2
4413.9 -5444.4 -14.4 73 0 17.2 18.6 10.0 2.5 2 1 4 3 3
4399.8 -5505.7 -14.4 256 0 16.1 11.7 5.0 2.5 2 0 2 3 3
4352.6 -5554.7 -14.5 350 0 12.3 12.2 7.5 0.0 0 0 3 3 3
4416.6 -5590.7 -14.5 73 0 13.2 18.4 7.5 2.5 4 1 3 3 3
4348.8 -5513.0 -14.5 351 0 9.1 10.1 2.5 0.0 0 1 1 3 3
4380.8 -5540.3 -14.5 168 0 10.7 10.1 2.5 0.0 0 0 1 2 2
4350.4 -5572.6 -14.5 344 0 11.6 10.5 7.5 2.5 2 0 3 3 3
4301.2 -5489.0 -14.4 252 0 12.1 4.6 2.5 2.5 2 0 1 2 2
4340.8 -5607.7 -14.5 343 0 7.9 11.6 5.0 2.5 2 1 2 2 2
4344.1 -5736.8 -14.2 351 0 10.5 11.8 5.0 2.5 2 1 2 3 3
4341.1 -5836.8 -14.0 349 0 15.9 13.8 5.0 2.5 2 0 2 0 0
4341.2 -5703.5 -14.3 344 0 11.4 10.4 2.5 2.5 2 0 1 1 1
4348.5 -5669.1 -14.4 349 0 14.5 12.0 5.0 2.5 4 0 2 3 3
4336.3 -5877.9 -14.5 346 0 14.1 15.9 2.5 2.5 4 1 1 1 1
4368.3 -5905.2 -14.7 255 0 13.3 10.6 2.5 0.0 0 0 1 2 2
4351.3 -6204.6 -15.9 96 0 8.9 11.1 5.0 2.5 2 1 2 5 5
4319.8 -6229.6 -16.0 1 0 8.3 10.2 5.0 2.5 2 1 2 0 0
4317.2 -6289.9 -15.2 3 0 9.9 10.3 2.5 2.5 2 1 1 2 2
4318.3 -6269.7 -15.5 348 0 10.1 11.4 5.0 2.5 2 1 2 0 0
4319.4 -6249.1 -15.8 346 0 10.3 10.1 5.0 2.5 2 0 2 2 2
4328.4 -5939.2 -15.3 258 0 8.3 9.9 2.5 2.5 2 1 1 4 4
4360.5 -5951.7 -15.2 158 0 11.0 10.3 2.5 2.5 2 0 1 4 4
4278.4 -6000.4 -15.9 162 0 13.7 16.4 7.5 2.5 4 1 3 4 4
4347.9 -6290.2 -14.9 274 0 10.6 10.4 5.0 2.5 2 0 2 5 5
4299.9 -6378.9 -13.6 276 0 9.2 10.3 7.5 2.5 2 1 3 0 0
4338.4 -6433.3 -12.5 163 0 9.9 13.2 5.0 2.5 2 1 2 2 2
4338.0 -6464.0 -11.9 171 0 10.5 12.7 5.0 0.0 0 1 2 1 1
4336.9 -6530.7 -11.2 180 0 31.7 13.1 10.0 2.5 2 0 4 0 0
4337.1 -6499.3 -11.1 165 0 11.5 12.2 5.0 2.5 2 1 2 0 0
4308.8 -6463.4 -12.6 346 0 14.5 10.2 5.0 2.5 2 0 2 0 0
4306.1 -6533.5 -12.6 342 0 11.9 11.5 7.5 2.5 4 0 3 2 2
4307.8 -6510.6 -12.5 347 0 12.0 13.6 10.0 2.5 2 1 4 0 0
4306.3 -6482.6 -12.4 344 0 6.6 9.4 7.5 2.5 2 0 3 4 4
4349.9 -6583.5 -11.5 73 0 13.8 10.7 10.0 2.5 2 0 4 1 1
4308.0 -6579.5 -12.0 338 0 12.0 12.8 10.0 2.5 4 1 4 2 2
4452.8 -6870.2 -11.4 152 0 11.7 11.2 2.5 2.5 2 0 1 1 1
4318.4 -6600.6 -11.9 341 0 10.3 15.6 7.5 2.5 2 1 3 5 5
4326.7 -6620.9 -11.9 335 0 12.0 17.1 2.5 0.0 0 0 1 2 2
4350.9 -6681.5 -11.9 340 0 15.3 13.8 5.0 0.0 0 0 2 2 2
4311.1 -6628.0 -12.2 335 0 11.6 47.9 7.5 2.5 2 0 3 2 2
4339.5 -6651.7 -11.9 339 0 27.2 13.2 10.0 2.5 2 0 4 5 5
4272.8 -6607.6 -12.1 336 0 18.9 12.5 2.5 2.5 2 0 1 5 5
4346.4 -6669.3 -11.9 339 0 10.4 13.5 5.0 2.5 2 0 2 2 2
4307.4 -6717.2 -12.3 339 0 55.0 14.1 7.5 2.5 2 0 3 1 1
4316.2 -6656.4 -12.1 340 0 17.4 20.6 12.5 2.5 2 1 5 5 5
4353.5 -6737.2 -12.5 330 0 13.3 24.5 7.5 2.5 2 1 3 4 4
4334.9 -6704.2 -12.2 339 0 13.7 30.4 10.0 2.5 2 0 4 1 1
4501.9 -6754.5 -9.5 63 0 12.8 15.3 2.5 0.0 0 1 1 5 5
4566.1 -6732.0 -7.4 61 0 11.6 10.7 5.0 0.0 0 0 2 5 5
4543.8 -6737.7 -8.3 63 0 9.9 10.6 7.5 2.5 2 1 3 4 4
4450.9 -6749.4 -10.3 241 0 11.2 11.8 5.0 0.0 0 1 2 2 2
4522.0 -6747.6 -9.0 65 0 9.8 12.9 5.0 2.5 2 1 2 0 0
4484.5 -6770.1 -9.8 64 0 10.0 8.4 2.5 2.5 2 0 1 2 2
4603.5 -6723.0 -6.7 151 0 11.9 11.8 10.0 2.5 2 0 4 2 2
4541.0 -6779.4 -8.2 241 0 12.7 18.4 7.5 0.0 0 1 3 2 2
4469.4 -6890.4 -11.6 65 0 11.5 10.8 5.0 2.5 2 0 2 3 3
4442.0 -6849.1 -11.2 154 0 10.2 10.1 2.5 0.0 0 0 1 3 3
4485.5 -6848.2 -10.3 66 0 12.5 9.3 7.5 0.0 0 0 3 4 4
4490.0 -6800.8 -9.9 244 0 9.1 13.5 5.0 0.0 0 1 2 5 5
4540.4 -6980.8 -9.3 61 0 9.2 13.5 2.5 2.5 2 1 1 0 0
4512.5 -6891.5 -9.4 240 0 11.0 12.2 5.0 2.5 2 1 2 3 3
4488.5 -6934.8 -11.3 152 0 12.6 12.5 7.5 2.5 2 0 3 5 5
4559.1 -6895.4 -7.7 334 0 14.1 13.3 5.0 2.5 2 0 2 4 4
4572.9 -6972.3 -6.9 202 0 10.3 10.9 2.5 2.5 2 1 1 1 1
4497.3 -6953.6 -11.0 152 0 12.3 10.4 5.0 2.5 2 0 2 3 3
4497.7 -7162.8 -10.7 244 0 15.1 12.1 5.0 2.5 4 0 2 1 1
4577.4 -7090.0 -8.0 62 0 10.3 11.8 5.0 2.5 2 1 2 1 1
4536.1 -7009.5 -9.9 244 0 14.6 15.8 7.5 2.5 2 1 3 5 5
4495.8 -7134.4 -11.6 62 0 8.8 19.0 7.5 2.5 2 1 3 5 5
4542.1 -7097.3 -9.9 333 0 12.2 13.1 7.5 2.5 2 1 3 1 1
4629.6 -7001.9 -4.6 20 0 10.0 10.5 7.5 2.5 2 1 3 3 3
4656.5 -6937.9 -3.8 20 0 13.3 14.4 10.0 2.5 4 1 4 1 1
4638.9 -6980.1 -4.3 20 0 8.6 11.5 5.0 2.5 2 1 2 4 4
4623.6 -7017.1 -5.1 24 0 13.7 10.5 5.0 2.5 2 0 2 4 4
4632.5 -6873.7 -4.7 333 0 10.9 11.9 5.0 2.5 2 1 2 4 4
4650.7 -6811.3 -5.3 152 0 12.9 11.7 7.5 2.5 4 0 3 3 3
4648.9 -6956.7 -4.0 18 0 11.0 13.1 5.0 2.5 2 1 2 5 5
4671.7 -6976.2 -2.7 200 0 13.4 19.2 5.0 2.5 2 1 2 3 3
4680.5 -6950.4 -3.0 202 0 7.6 17.6 5.0 0.0 0 1 2 2 2
4661.7 -7007.4 -2.8 200 0 7.1 9.7 7.5 2.5 2 1 3 0 0
4615.3 -7039.3 -5.8 20 0 8.4 11.1 7.5 2.5 2 1 3 2 2
4649.3 -7044.6 -3.3 202 0 7.5 15.5 2.5 2.5 2 1 1 1 1
4676.1 -6852.0 -4.7 152 0 18.1 12.5 7.5 2.5 4 0 3 3 3
4381.7 -6776.2 -12.1 332 0 12.8 11.3 7.5 2.5 2 0 3 5 5
4426.0 -6875.4 -12.6 332 0 11.0 11.1 7.5 2.5 2 1 3 3 3
4417.8 -6858.5 -12.4 331 0 10.5 10.3 7.5 2.5 2 0 3 1 1
4377.1 -6802.0 -12.3 333 0 11.8 11.9 5.0 2.5 2 1 2 3 3
4466.9 -6960.8 -13.1 332 0 10.3 12.1 7.5 0.0 0 1 3 3 3
4352.6 -6971.5 -13.9 259 0 11.1 10.4 7.5 2.5 2 0 3 4 4
4361.3 -7028.2 -13.8 155 0 10.6 14.3 10.0 2.5 2 1 4 0 0
4387.2 -6947.2 -13.4 241 0 9.9 11.5 2.5 2.5 2 1 1 2 2
4314.4 -6887.6 -14.1 154 0 6.5 9.3 2.5 2.5 2 0 1 1 1
4317.7 -6894.8 -14.1 156 0 9.4 9.3 7.5 2.5 2 0 3 4 4
4342.0 -6961.7 -14.0 64 0 9.5 11.1 7.5 2.5 2 1 3 1 1
4282.2 -6859.4 -14.5 331 0 11.4 11.1 5.0 2.5 2 0 2 2 2
4332.1 -6914.7 -14.0 154 0 13.4 11.3 7.5 2.5 2 0 3 5 5
4340.8 -6935.9 -13.9 153 0 6.5 22.9 7.5 0.0 0 1 3 0 0
6227.9 -4952.4 -11.4 10 0 10.8 16.5 10.0 2.5 2 1 4 3 3
6494.9 -4913.5 -12.0 87 0 20.4 11.7 7.5 2.5 2 0 3 5 5
6196.6 -4818.2 -5.6 108 0 12.3 10.7 7.5 2.5 2 0 3 2 2
6451.5 -4844.1 -10.8 109 0 12.4 15.0 10.0 0.0 0 1 4 2 2
6140.5 -4877.1 -8.0 200 0 11.2 17.9 2.5 2.5 2 1 1 1 1
6215.2 -4757.7 -3.9 290 0 15.4 13.7 5.0 2.5 2 0 2 3 3
6386.4 -4830.5 -10.3 109 0 14.8 14.6 5.0 2.5 2 0 2 3 3
6411.2 -4872.0 -10.6 271 0 11.1 10.6 5.0 0.0 0 0 2 5 5
6473.7 -4840.8 -10.8 91 0 9.7 10.0 5.0 2.5 2 1 2 3 3
6239.7 -4875.5 -8.8 287 0 11.6 14.7 7.5 2.5 2 1 3 5 5
6366.8 -4828.2 -10.1 107 0 12.3 14.5 5.0 0.0 0 1 2 4 4
5072.9 -3362.7 -12.1 175 0 9.5 16.4 5.0 2.5 4 1 2 2 2
6406.4 -4832.0 -10.4 109 0 11.4 11.1 5.0 0.0 0 0 2 2 2
6488.4 -4845.4 -10.9 89 0 9.3 12.0 5.0 2.5 2 1 2 4 4
6424.7 -4839.6 -10.6 108 0 11.4 12.0 5.0 2.5 2 1 2 0 0
6282.1 -4897.2 -9.8 334 0 14.2 8.0 2.5 2.5 2 0 1 4 4
5073.9 -3346.1 -12.1 176 0 16.4 16.8 7.5 2.5 2 1 3 0 0
5036.3 -3365.7 -12.1 265 0 9.7 14.2 5.0 2.5 2 1 2 1 1
5000.7 -2970.3 -9.9 176 0 10.0 11.2 7.5 2.5 2 1 3 1 1
5097.9 -3306.9 -12.1 355 0 10.3 13.0 5.0 2.5 2 1 2 2 2
5011.8 -2796.1 -8.6 85 0 12.6 13.4 2.5 2.5 4 1 1 4 4
5004.1 -2998.4 -10.3 175 0 12.9 9.7 2.5 2.5 4 0 1 5 5
4979.3 -2815.1 -8.7 175 0 11.9 10.9 5.0 2.5 2 0 2 4 4
5000.1 -2949.5 -9.6 177 0 11.0 10.6 7.5 2.5 2 0 3 4 4
4900.1 -3028.0 -11.3 221 0 15.6 28.5 12.5 2.5 2 1 5 4 4
4929.9 -2858.9 -9.4 266 0 16.6 9.3 5.0 2.5 2 0 2 3 3
4957.6 -3170.2 -12.2 86 0 13.6 10.0 10.0 2.5 2 0 4 3 3
5020.9 -2821.1 -8.5 83 0 12.6 8.9 5.0 2.5 2 0 2 1 1
4955.6 -2868.7 -9.3 355 0 32.5 11.8 7.5 2.5 2 0 3 3 3
4951.0 -3032.0 -11.4 355 0 33.6 14.4 7.5 2.5 2 0 3 0 0
4994.8 -3415.0 -12.1 355 0 11.8 9.9 5.0 2.5 2 0 2 4 4
4991.1 -2914.1 -9.2 175 0 11.9 25.0 7.5 2.5 2 1 3 3 3
4831.7 -2806.8 -10.0 264 0 20.0 11.6 2.5 2.5 2 0 1 1 1
4891.9 -2805.6 -9.4 172 0 10.4 28.6 7.5 2.5 2 1 3 3 3
4798.5 -2887.3 -10.7 265 0 11.4 12.9 10.0 2.5 2 1 4 0 0
4830.6 -2867.3 -10.3 267 0 11.0 10.5 5.0 2.5 2 0 2 2 2
4777.6 -2836.5 -10.5 86 0 40.5 10.4 7.5 2.5 2 0 3 4 4
4822.2 -2900.1 -10.5 87 0 10.9 10.5 5.0 2.5 2 0 2 3 3
4942.9 -2769.1 -9.0 353 0 11.3 12.9 2.5 2.5 2 1 1 5 5
4932.1 -2692.0 -9.1 358 0 5.8 10.9 2.5 2.5 2 0 1 2 2
4940.6 -2751.7 -9.0 354 0 9.5 10.0 2.5 0.0 0 1 1 0 0
4932.4 -2698.1 -9.1 356 0 6.4 12.9 5.0 2.5 2 0 2 1 1
4861.1 -2811.9 -9.9 264 0 37.4 11.6 7.5 2.5 2 0 3 0 0
4987.3 -2680.7 -8.7 177 0 9.7 8.2 5.0 2.5 2 0 2 5 5
4968.2 -2719.3 -8.8 179 0 12.4 11.7 5.0 2.5 4 0 2 4 4
4941.4 -2666.0 -8.9 354 0 10.0 9.9 7.5 2.5 2 0 3 1 1
4963.1 -2675.9 -8.8 177 0 10.1 11.6 2.5 2.5 2 1 1 0 0
4988.8 -2646.8 -8.5 178 0 14.6 9.1 7.5 0.0 0 0 3 5 5
5010.7 -2668.6 -8.5 180 0 13.0 14.7 7.5 2.5 2 1 3 4 4
4979.0 -2627.6 -8.6 177 0 12.3 14.5 2.5 2.5 2 1 1 3 3
4960.3 -2599.5 -8.7 174 0 9.3 10.3 7.5 2.5 4 1 3 0 0
4932.8 -2582.1 -9.0 353 0 12.0 9.1 7.5 2.5 2 0 3 1 1
4929.2 -2607.3 -9.0 358 0 8.7 9.1 7.5 2.5 4 1 3 1 1
4882.0 -2605.9 -9.3 177 0 10.1 15.7 5.0 2.5 2 1 2 0 0
4872.9 -2643.9 -9.4 84 0 12.3 12.4 5.0 2.5 2 1 2 3 3
4896.5 -2520.3 -9.3 178 0 10.6 12.4 2.5 2.5 2 1 1 2 2
4928.3 -2537.6 -9.2 357 0 16.2 17.5 10.0 2.5 2 1 4 1 1
4947.7 -2536.2 -9.0 174 0 15.6 9.0 2.5 2.5 2 0 1 1 1
4952.5 -2580.4 -8.8 174 0 11.5 9.7 5.0 2.5 2 0 2 2 2
4965.3 -2542.6 -8.8 180 0 9.7 9.0 7.5 2.5 4 0 3 5 5
4995.0 -2503.8 -8.7 358 0 11.4 8.3 5.0 2.5 2 0 2 4 4
4954.2 -2509.3 -8.9 178 0 11.4 12.0 5.0 2.5 2 1 2 0 0
4922.5 -2484.4 -9.3 353 0 14.3 9.6 5.0 2.5 4 0 2 3 3
4920.6 -2463.2 -9.4 357 0 15.2 12.3 10.0 2.5 2 0 4 0 0
4887.4 -2260.8 -11.1 358 0 8.9 8.7 7.5 2.5 2 0 3 2 2
4901.6 -2417.9 -9.9 87 0 12.0 11.2 7.5 2.5 2 0 3 4 4
4892.4 -2240.8 -11.3 354 0 14.2 12.2 5.0 2.5 2 0 2 0 0
4964.4 -2406.7 -9.1 265 0 13.8 9.6 5.0 2.5 2 0 2 1 1
4873.3 -2314.1 -10.7 174 0 12.0 17.5 7.5 2.5 2 1 3 2 2
4916.3 -2394.6 -9.8 358 0 7.9 8.3 7.5 2.5 2 1 3 3 3
4897.6 -2283.1 -10.8 356 0 13.2 12.2 5.0 2.5 2 0 2 3 3
4908.0 -2354.4 -10.2 354 0 10.1 10.1 7.5 2.5 2 1 3 1 1
4904.2 -2333.1 -10.3 355 0 11.2 10.9 5.0 2.5 2 0 2 0 0
4961.2 -2402.2 -9.2 355 0 10.7 11.6 5.0 2.5 2 1 2 1 1
4927.6 -2286.0 -10.4 178 0 16.0 9.1 5.0 0.0 0 0 2 4 4
4936.6 -2362.0 -9.6 174 0 10.0 8.6 2.5 2.5 2 0 1 3 3
4961.8 -2331.8 -9.7 357 0 11.9 12.2 7.5 2.5 2 1 3 3 3
4933.1 -2253.7 -10.6 179 0 12.8 14.3 5.0 2.5 4 1 2 5 5
5011.1 -2240.2 -10.6 267 0 36.2 10.5 7.5 2.5 2 0 3 0 0
4986.2 -2202.3 -11.0 360 0 11.2 20.9 5.0 2.5 2 1 2 3 3
4956.6 -2168.6 -11.2 269 0 8.7 16.2 7.5 0.0 0 1 3 1 1
4946.5 -2230.6 -10.8 179 0 12.7 13.5 2.5 2.5 2 1 1 1 1
4903.3 -2186.1 -11.2 351 0 10.6 7.4 2.5 2.5 2 0 1 1 1
4892.8 -2160.3 -11.4 357 0 10.9 9.6 5.0 2.5 4 0 2 2 2
4898.1 -2133.3 -11.7 357 0 13.6 10.7 5.0 2.5 2 0 2 3 3
4855.6 -1946.5 -14.0 180 0 11.0 9.3 7.5 2.5 2 0 3 5 5
4230.6 -2929.1 -12.3 266 0 12.7 9.7 7.5 2.5 2 0 3 5 5
4156.5 -2940.0 -12.9 264 0 11.2 10.3 5.0 2.5 2 0 2 3 3
4171.9 -2907.0 -12.8 85 0 13.5 15.2 7.5 2.5 2 1 3 1 1
4228.3 -2900.7 -12.3 84 0 11.2 8.9 5.0 2.5 2 0 2 4 4
4206.6 -2905.0 -12.5 83 0 13.9 10.2 10.0 0.0 0 0 4 4 4
4144.9 -2979.3 -12.9 176 0 9.6 21.7 2.5 2.5 2 1 1 2 2
4151.4 -2908.2 -12.9 87 0 9.1 11.3 2.5 2.5 2 1 1 4 4
4185.4 -2950.4 -12.6 267 0 12.5 10.7 5.0 2.5 2 0 2 1 1
4028.4 -2958.9 -13.5 264 0 11.8 13.3 7.5 2.5 2 1 3 4 4
3985.4 -2926.1 -13.3 81 0 13.8 10.7 7.5 2.5 2 0 3 5 5
4079.2 -2912.4 -13.1 87 0 9.9 9.5 5.0 2.5 2 0 2 5 5
4044.9 -2918.5 -13.2 85 0 12.1 14.1 7.5 2.5 2 1 3 3 3
4002.3 -2957.2 -13.6 267 0 11.6 10.8 5.0 2.5 2 0 2 2 2
4082.8 -2899.3 -13.0 86 0 13.0 8.6 5.0 2.5 2 0 2 1 1
4087.0 -2947.2 -13.4 264 0 13.3 11.7 2.5 2.5 2 0 1 0 0
4084.5 -3047.1 -14.0 174 0 16.6 26.2 10.0 2.5 2 1 4 1 1
3981.6 -3005.1 -14.0 86 0 18.0 11.8 2.5 2.5 2 0 1 3 3
4054.0 -2968.7 -13.6 355 0 13.9 12.1 5.0 2.5 2 0 2 0 0
4146.5 -3039.2 -13.5 177 0 10.7 11.2 2.5 2.5 2 1 1 3 3
4124.8 -2956.6 -13.1 268 0 14.4 17.3 5.0 2.5 2 1 2 4 4
4036.3 -2881.1 -12.9 175 0 12.0 20.1 2.5 2.5 2 1 1 1 1
4020.8 -2920.3 -13.2 87 0 12.1 9.7 7.5 2.5 2 0 3 4 4
4108.0 -2912.0 -13.1 87 0 14.8 11.0 5.0 2.5 2 0 2 2 2
3963.9 -2837.5 -12.9 355 0 43.8 12.9 7.5 2.5 2 0 3 4 4
3958.1 -3061.6 -14.1 86 0 15.9 37.2 7.5 2.5 2 1 3 3 3
3953.2 -2963.6 -13.8 269 0 10.7 11.0 7.5 2.5 2 1 3 3 3
4417.7 -2911.3 -11.1 264 0 14.2 10.8 7.5 2.5 2 0 3 3 3
4321.2 -2883.9 -11.6 88 0 12.7 11.9 2.5 2.5 2 0 1 4 4
4341.7 -2882.6 -11.5 86 0 11.0 15.6 5.0 2.5 2 1 2 0 0
4333.4 -2925.0 -11.5 266 0 10.0 16.3 2.5 2.5 2 1 1 5 5
4349.5 -2918.9 -11.4 263 0 13.0 10.7 7.5 2.5 2 0 3 0 0
4245.5 -2890.4 -12.2 86 0 10.1 13.9 2.5 2.5 4 1 1 2 2
4302.7 -2875.5 -11.8 87 0 11.2 15.2 5.0 0.0 0 1 2 5 5
4267.9 -2965.2 -12.0 94 0 6.8 11.2 7.5 2.5 2 1 3 3 3
4373.9 -2923.9 -11.2 265 0 9.6 11.3 5.0 2.5 2 1 2 2 2
4291.0 -2970.2 -11.8 85 0 12.8 15.5 5.0 2.5 2 1 2 5 5
4291.8 -2929.1 -11.8 266 0 12.2 10.2 7.5 2.5 2 0 3 5 5
4996.2 -2597.3 -8.6 358 0 13.3 9.5 5.0 2.5 2 0 2 2 2
4391.6 -2913.3 -11.2 264 0 11.9 12.4 10.0 0.0 0 1 4 3 3
4388.6 -2884.0 -11.3 88 0 16.3 10.9 7.5 2.5 2 0 3 4 4
4365.5 -2880.2 -11.4 87 0 16.6 10.5 5.0 2.5 2 0 2 1 1
4852.8 -2917.6 -10.3 89 0 9.5 11.8 5.0 2.5 2 1 2 3 3
4866.8 -2039.0 -12.9 176 0 13.8 15.0 2.5 2.5 2 1 1 1 1
4253.4 -2932.4 -12.1 263 0 10.4 17.7 5.0 2.5 2 1 2 1 1
4973.4 -2736.9 -8.8 178 0 9.4 12.2 5.0 2.5 2 1 2 4 4
5228.0 -2910.4 -8.2 86 0 9.3 48.8 7.5 2.5 2 1 3 5 5
5366.7 -2777.4 -8.3 83 0 11.2 39.4 10.0 2.5 2 1 4 3 3
5386.5 -2809.1 -7.5 265 0 10.6 11.7 5.0 2.5 2 1 2 3 3
5389.0 -2782.0 -8.0 85 0 13.0 11.2 7.5 0.0 0 0 3 3 3
5322.5 -2818.6 -7.3 266 0 10.7 10.8 7.5 2.5 2 1 3 5 5
5279.1 -2788.8 -7.5 85 0 11.6 11.9 7.5 2.5 2 1 3 1 1
5291.5 -2761.7 -7.8 84 0 11.2 9.6 7.5 2.5 2 0 3 5 5
5366.6 -2811.1 -7.4 264 0 12.2 14.9 2.5 2.5 2 1 1 4 4
5315.9 -2778.4 -7.7 85 0 11.6 11.4 7.5 2.5 2 0 3 0 0
5294.9 -2821.0 -7.4 263 0 11.9 9.9 7.5 2.5 2 0 3 3 3
6356.5 -2708.4 -4.8 264 0 11.9 12.6 5.0 2.5 2 1 2 5 5
6359.6 -2683.9 -4.8 85 0 5.1 6.0 5.0 2.5 2 1 2 0 0
6295.9 -2686.2 -4.8 89 0 9.0 15.4 2.5 2.5 4 1 1 1 1
6378.4 -2625.4 -4.8 267 0 9.2 10.5 7.5 2.5 4 1 3 1 1
6372.7 -2707.5 -4.9 268 0 7.3 8.3 7.5 2.5 2 1 3 2 2
6321.4 -2723.2 -4.7 263 0 6.7 9.9 7.5 2.5 2 1 3 5 5
6301.9 -2714.9 -4.8 266 0 10.3 12.3 7.5 2.5 2 1 3 4 4
6320.9 -2685.2 -4.6 88 0 9.2 22.6 5.0 2.5 2 1 2 2 2
6353.5 -2654.2 -4.7 86 0 10.1 12.8 5.0 2.5 2 1 2 5 5
6436.1 -2669.3 -5.2 84 0 9.7 8.9 7.5 2.5 2 0 3 0 0
6419.6 -2672.4 -5.1 84 0 6.0 12.9 5.0 2.5 2 1 2 5 5
5819.2 7460.2 -0.8 247 0 11.6 8.4 5.0 2.5 2 0 2 5 5
5762.9 7340.3 -3.3 77 0 14.3 35.0 12.5 2.5 4 0 5 5 5
5956.5 7633.0 0.6 91 0 7.4 11.7 7.5 2.5 2 1 3 1 1
5742.8 7371.5 -3.2 256 0 10.5 34.6 12.5 2.5 2 0 5 3 3
5867.9 7507.5 -0.3 256 0 13.7 10.0 7.5 2.5 2 0 3 3 3
5937.3 7547.3 -0.1 256 0 11.9 11.2 5.0 2.5 2 0 2 4 4
5795.2 7422.0 -1.7 254 0 6.5 12.6 5.0 2.5 2 1 2 0 0
5853.0 7586.3 0.3 90 0 9.0 10.2 5.0 0.0 0 1 2 2 2
5962.3 7574.6 -0.2 259 0 12.9 12.9 7.5 2.5 4 0 3 0 0
6021.0 7646.8 0.7 258 0 11.1 15.1 5.0 2.5 2 1 2 0 0
5884.3 7529.5 -0.3 255 0 7.1 13.5 7.5 0.0 0 1 3 4 4
5849.1 7565.1 0.3 90 0 9.7 10.3 7.5 2.5 2 1 3 2 2
5788.1 7420.3 -1.7 259 0 8.2 11.2 7.5 2.5 2 1 3 3 3
5751.2 7464.3 0.1 269 0 13.4 11.8 10.0 2.5 2 0 4 3 3
5980.3 7604.9 0.1 258 0 10.4 9.1 7.5 2.5 4 0 3 1 1
6020.7 7580.9 0.3 345 0 14.8 16.6 7.5 0.0 0 1 3 2 2
5996.9 7631.6 0.5 232 0 13.0 11.7 10.0 2.5 2 0 4 1 1
5774.9 7414.1 -1.8 255 0 10.7 14.6 7.5 2.5 2 1 3 4 4
5905.3 7547.8 -0.4 258 0 5.9 16.1 5.0 0.0 0 1 2 0 0
5917.8 7613.6 0.3 1 0 7.0 16.1 7.5 2.5 2 1 3 3 3
5897.3 7596.8 0.1 92 0 5.2 9.9 7.5 2.5 2 1 3 0 0
5739.1 7434.7 -0.2 89 0 7.7 11.6 5.0 2.5 4 1 2 0 0
5751.1 7395.0 -1.9 257 0 9.7 12.3 7.5 2.5 2 0 3 5 5
5757.3 7390.1 -2.0 166 0 12.2 8.4 2.5 2.5 2 0 1 5 5
5951.4 7635.4 0.6 0 0 10.2 11.8 2.5 2.5 2 1 1 5 5
5999.4 7569.2 0.2 348 0 13.3 11.5 5.0 2.5 2 0 2 5 5
5985.9 7671.8 1.2 90 0 12.4 12.4 7.5 2.5 2 0 3 3 3
6154.8 7765.2 2.8 347 0 13.7 12.6 5.0 2.5 2 0 2 3 3
6105.5 7834.5 3.4 164 0 7.4 14.0 7.5 2.5 2 1 3 2 2
6107.7 7680.1 1.4 344 0 9.8 9.1 7.5 0.0 0 0 3 5 5
6082.8 7791.9 2.9 346 0 12.4 7.6 7.5 2.5 4 0 3 3 3
6079.4 7773.3 2.5 360 0 9.7 10.5 5.0 2.5 2 1 2 1 1
6061.2 7647.5 1.0 77 0 9.0 14.4 5.0 2.5 2 1 2 3 3
6241.2 8204.1 4.0 254 0 6.8 15.8 7.5 2.5 4 1 3 0 0
6136.6 7817.5 3.6 48 0 12.3 7.9 5.0 2.5 2 0 2 0 0
6203.1 8198.6 3.9 255 0 10.2 9.9 2.5 2.5 2 0 1 2 2
6375.3 7999.6 3.9 254 0 11.0 10.5 2.5 2.5 4 0 1 0 0
6411.2 8178.7 4.6 345 0 10.5 13.2 2.5 0.0 0 1 1 5 5
6279.6 7972.7 3.7 69 0 11.2 11.1 5.0 2.5 2 0 2 1 1
6163.2 7738.2 2.4 344 0 11.3 7.8 7.5 2.5 2 0 3 2 2
6175.8 7860.9 3.1 73 0 9.4 9.0 2.5 2.5 2 0 1 5 5
6218.5 7832.3 2.9 318 0 10.8 17.4 5.0 2.5 2 1 2 5 5
6076.4 7667.2 1.3 75 0 11.0 8.8 7.5 0.0 0 0 3 3 3
6018.9 7730.3 1.8 90 0 8.1 11.2 5.0 2.5 2 1 2 3 3
6265.8 7952.6 3.6 76 0 10.4 13.5 7.5 2.5 2 1 3 3 3
6245.9 7937.1 3.4 70 0 11.1 13.2 7.5 0.0 0 1 3 0 0
6353.4 8141.0 4.5 343 0 12.8 6.1 7.5 2.5 2 0 3 0 0
6312.7 7856.3 3.0 165 0 99.5 31.6 7.5 0.0 0 0 3 4 4
6326.8 8013.4 4.0 342 0 13.0 15.0 7.5 2.5 2 1 3 5 5
6071.2 7752.2 2.2 91 0 9.7 9.9 5.0 2.5 2 1 2 1 1
6013.0 7702.3 1.6 90 0 9.0 9.9 2.5 0.0 0 1 1 5 5
6220.6 7903.8 3.1 47 0 11.7 11.9 7.5 2.5 2 1 3 3 3
6196.5 7877.3 3.0 64 0 10.4 10.1 2.5 2.5 4 0 1 1 1
6113.7 7804.7 3.5 145 0 10.5 10.4 5.0 2.5 2 0 2 3 3
6143.3 7841.0 3.3 78 0 6.2 15.9 5.0 0.0 0 1 2 2 2
6161.4 7845.5 3.3 74 0 9.1 8.1 5.0 2.5 4 0 2 1 1
6291.5 8191.0 4.2 254 0 12.0 11.6 5.0 2.5 4 0 2 1 1
5984.6 7659.2 0.9 359 0 15.0 17.1 5.0 2.5 2 1 2 0 0
6184.4 7800.6 2.9 136 0 14.5 13.0 5.0 2.5 2 0 2 4 4
6219.8 8200.4 4.0 254 0 9.5 15.9 7.5 2.5 2 1 3 0 0
6297.6 8234.7 4.1 75 0 9.1 10.0 7.5 2.5 2 1 3 1 1
6257.6 8230.2 4.0 70 0 6.9 11.8 2.5 2.5 2 1 1 2 2
6159.7 8204.6 3.8 254 0 11.1 10.2 5.0 2.5 2 0 2 0 0
6224.8 8237.6 3.8 73 0 11.5 12.1 2.5 2.5 2 1 1 4 4
6281.9 8237.5 4.0 74 0 6.7 15.8 7.5 2.5 2 1 3 5 5
6152.8 8228.0 3.7 73 0 8.8 11.3 7.5 2.5 2 1 3 3 3
6203.8 8230.6 3.8 73 0 11.1 10.9 2.5 0.0 0 0 1 1 1
6125.0 8199.7 3.7 253 0 10.1 10.7 5.0 2.5 2 1 2 0 0
6242.3 8229.9 3.9 75 0 10.3 10.6 7.5 2.5 2 1 3 5 5
6148.8 8193.1 3.8 255 0 5.2 12.7 2.5 2.5 2 1 1 0 0
6121.9 8227.8 3.6 72 0 10.4 13.6 5.0 2.5 2 1 2 5 5
6562.7 -1671.8 -11.1 352 0 11.0 14.8 2.5 2.5 2 1 1 2 2
6540.0 -1632.5 -11.7 83 0 42.4 30.4 10.0 0.0 0 0 4 1 1
6556.9 -1590.7 -12.0 354 0 18.7 52.4 10.0 2.5 2 0 4 3 3
6576.8 -1599.5 -11.6 269 0 16.0 29.7 10.0 0.0 0 0 4 2 2
6675.2 -1695.2 -9.4 354 0 14.0 6.0 7.5 2.5 2 0 3 1 1
6665.4 -1723.8 -9.3 356 0 13.2 10.2 7.5 2.5 4 0 3 1 1
6641.0 -1755.8 -8.9 171 0 10.7 6.9 7.5 2.5 2 0 3 5 5
6647.1 -1775.9 -8.5 173 0 11.7 9.2 7.5 2.5 2 0 3 0 0
6667.2 -1804.0 -8.3 351 0 13.0 10.3 2.5 2.5 2 0 1 5 5
6673.4 -1817.4 -8.3 350 0 9.9 5.8 7.5 2.5 2 0 3 4 4
6682.6 -1834.2 -8.3 358 0 9.4 8.0 7.5 2.5 2 0 3 1 1
6641.0 -1936.8 -8.3 172 0 5.9 18.4 7.5 2.5 2 1 3 3 3
6664.6 -1919.3 -8.2 260 0 11.9 13.6 7.5 2.5 2 1 3 5 5
6681.1 -1944.8 -8.2 353 0 10.7 10.0 5.0 2.5 2 0 2 0 0
6680.6 -1964.5 -8.2 355 0 7.7 18.5 5.0 2.5 2 1 2 5 5
6667.2 -2000.3 -8.0 351 0 12.9 9.3 7.5 2.5 2 0 3 4 4
6618.5 -2079.5 -7.2 350 0 12.3 10.7 7.5 2.5 2 0 3 5 5
6589.4 -2055.8 -7.6 262 0 11.4 11.2 5.0 2.5 2 0 2 5 5
6612.6 -2105.1 -6.9 80 0 6.3 12.6 5.0 2.5 2 1 2 5 5
6647.6 -2219.3 -4.8 181 0 17.9 11.3 5.0 2.5 2 0 2 5 5
6661.9 -2123.8 -6.2 354 0 10.1 19.5 10.0 2.5 2 1 4 0 0
6669.4 -2140.6 -5.6 357 0 9.5 10.3 7.5 2.5 2 1 3 3 3
6735.1 -2132.2 -7.0 82 0 8.6 10.0 5.0 2.5 2 1 2 5 5
6715.1 -2101.5 -6.8 259 0 10.1 10.9 7.5 2.5 2 1 3 2 2
6238.9 -915.2 -7.3 169 0 11.8 13.2 10.0 2.5 2 1 4 3 3
6285.0 -838.5 -7.6 76 0 14.7 10.4 2.5 2.5 2 0 1 0 0
6142.2 -874.7 -6.8 79 0 19.6 11.2 7.5 2.5 2 0 3 4 4
6222.9 -954.1 -5.8 260 0 13.1 16.0 5.0 2.5 2 1 2 0 0
6168.9 -880.1 -7.0 169 0 13.0 12.7 5.0 2.5 2 0 2 0 0
6213.7 -904.8 -7.6 349 0 5.4 12.2 7.5 2.5 2 1 3 3 3
6154.9 -896.1 -7.2 170 0 7.6 17.3 2.5 2.5 2 1 1 1 1
6248.4 -640.7 -6.6 88 0 13.1 20.2 10.0 2.5 2 1 4 1 1
6192.4 -1026.7 -3.8 79 0 8.9 11.8 7.5 2.5 2 1 3 2 2
6205.9 -809.0 -6.8 357 0 13.2 10.3 7.5 2.5 2 0 3 1 1
6206.5 -775.1 -6.9 352 0 10.1 11.4 7.5 2.5 2 1 3 1 1
6153.2 -1003.4 -5.0 357 0 9.6 10.3 7.5 2.5 2 1 3 0 0
6180.9 -597.6 -6.5 359 0 8.5 18.5 5.0 2.5 2 1 2 0 0
6035.4 -1001.1 -8.0 270 0 7.2 15.7 7.5 2.5 2 1 3 3 3
6163.8 -743.3 -6.7 169 0 7.4 9.8 7.5 2.5 2 1 3 0 0
6200.4 -654.0 -7.0 360 0 11.3 13.1 5.0 2.5 2 1 2 0 0
6122.5 -979.8 -6.5 269 0 12.2 12.3 7.5 2.5 2 1 3 2 2
6201.2 -601.6 -6.4 359 0 11.5 11.0 5.0 2.5 2 0 2 1 1
6203.7 -712.9 -7.0 351 0 9.9 10.1 5.0 2.5 2 1 2 5 5
6267.7 -1026.7 -4.2 77 0 16.8 5.7 7.5 2.5 2 0 3 5 5
6096.0 -998.5 -7.2 268 0 11.5 11.8 7.5 2.5 2 1 3 0 0
6200.6 -981.1 -5.0 258 0 12.2 8.5 5.0 2.5 2 0 2 1 1
6207.0 -693.0 -7.0 359 0 10.9 10.4 7.5 2.5 2 0 3 0 0
6205.3 -737.9 -6.9 356 0 12.3 12.5 7.5 2.5 2 1 3 5 5
6059.7 -990.5 -7.7 270 0 7.8 11.2 7.5 2.5 2 1 3 1 1
6235.9 -707.0 -7.2 179 0 10.1 14.9 5.0 2.5 2 1 2 5 5
6200.7 -967.1 -5.6 260 0 13.5 9.2 7.5 2.5 2 0 3 1 1
6008.0 -1016.2 -8.2 181 0 11.1 8.6 7.5 2.5 2 0 3 0 0
6202.6 -676.8 -7.0 356 0 7.1 13.8 5.0 2.5 2 1 2 3 3
6254.3 -249.3 -6.3 268 0 17.1 14.1 7.5 2.5 4 0 3 4 4
6281.9 52.6 -5.3 343 0 13.4 12.7 7.5 0.0 0 0 3 0 0
6191.8 -172.9 -6.9 358 0 11.9 12.5 7.5 2.5 2 1 3 2 2
6193.0 -215.2 -6.7 356 0 10.7 11.1 7.5 2.5 2 1 3 2 2
6172.6 -198.2 -6.9 359 0 14.2 10.0 2.5 2.5 2 0 1 4 4
6191.9 -232.5 -6.6 357 0 9.1 9.8 7.5 2.5 4 1 3 5 5
6191.8 -194.2 -6.9 358 0 10.5 10.7 5.0 2.5 2 1 2 1 1
6173.6 -151.7 -7.0 358 0 12.8 18.3 2.5 2.5 2 0 1 4 4
6307.2 -20.7 -5.4 341 0 8.9 9.3 7.5 2.5 2 1 3 1 1
6214.7 18.2 -5.5 274 0 11.7 11.5 5.0 2.5 4 0 2 4 4
6116.8 -38.2 -6.5 269 0 9.9 16.5 5.0 2.5 2 1 2 3 3
6183.7 -150.4 -6.9 1 0 15.8 10.0 5.0 2.5 2 0 2 3 3
6195.8 -355.4 -5.5 359 0 11.2 13.3 5.0 2.5 2 1 2 0 0
6113.7 -150.6 -7.0 178 0 11.9 20.4 10.0 2.5 4 1 4 1 1
6234.8 -346.3 -5.6 181 0 11.7 12.7 5.0 2.5 2 1 2 1 1
6193.9 -327.5 -5.8 0 0 10.5 12.7 5.0 2.5 2 0 2 0 0
6193.9 -320.6 -5.9 1 0 5.1 12.7 7.5 2.5 2 0 3 2 2
6264.2 -377.8 -5.2 0 0 8.3 13.5 7.5 2.5 2 1 3 2 2
6196.0 -266.1 -6.3 357 0 9.4 11.9 2.5 2.5 2 1 1 1 1
6234.1 -243.2 -6.3 268 0 12.4 9.5 5.0 2.5 2 0 2 0 0
6235.5 -271.1 -6.2 88 0 12.9 12.4 10.0 0.0 0 0 4 3 3
4889.3 -1189.8 -13.7 23 0 13.7 13.1 7.5 2.5 2 0 3 5 5
4817.4 -1171.4 -13.8 107 0 6.6 11.3 5.0 2.5 2 1 2 2 2
4825.3 -1138.2 -13.6 289 0 13.8 14.4 5.0 2.5 2 1 2 0 0
4812.4 -1163.7 -13.7 106 0 7.6 9.6 7.5 2.5 2 1 3 3 3
5178.3 -738.1 -10.9 17 0 8.7 17.6 7.5 2.5 2 1 3 1 1
5079.1 -772.0 -11.8 24 0 11.0 11.0 5.0 2.5 2 0 2 3 3
4980.8 -932.3 -11.9 25 0 13.8 13.3 7.5 2.5 2 0 3 1 1
5136.5 -765.4 -11.0 196 0 11.7 10.9 7.5 2.5 2 0 3 0 0
5132.8 -803.4 -10.8 20 0 21.1 13.1 10.0 2.5 2 0 4 5 5
5090.3 -853.8 -11.0 199 0 14.6 12.9 5.0 2.5 2 0 2 2 2
5074.9 -894.9 -10.8 109 0 12.7 13.6 5.0 2.5 2 1 2 5 5
5111.3 -742.5 -11.7 19 0 9.9 12.5 2.5 2.5 2 1 1 4 4
5054.6 -808.4 -11.6 19 0 10.5 14.8 5.0 2.5 2 1 2 2 2
5182.1 -695.0 -10.8 199 0 6.5 14.3 5.0 2.5 2 1 2 0 0
5118.6 -717.2 -11.8 17 0 9.5 9.9 5.0 2.5 4 1 2 0 0
5209.5 -669.4 -10.3 197 0 9.6 6.8 5.0 2.5 2 0 2 1 1
5129.5 -702.8 -11.6 31 0 13.4 11.3 5.0 2.5 2 0 2 3 3
5144.0 -679.0 -11.2 34 0 12.5 13.7 10.0 2.5 2 1 4 2 2
5030.6 -677.2 -12.6 220 0 18.3 8.7 7.5 2.5 2 0 3 4 4
5028.8 -707.5 -12.9 220 0 17.7 9.6 5.0 2.5 2 0 2 3 3
4994.6 -695.1 -13.1 220 0 6.5 19.8 7.5 2.5 2 1 3 0 0
5005.5 -652.9 -12.7 219 0 11.2 12.8 10.0 2.5 2 1 4 5 5
5001.6 -633.9 -12.8 223 0 9.6 7.7 7.5 2.5 2 0 3 4 4
5110.7 -603.8 -11.8 231 0 9.3 12.7 7.5 2.5 2 1 3 4 4
5221.1 -535.0 -11.0 308 0 14.5 7.9 2.5 0.0 0 0 1 1 1
5108.1 -550.3 -12.0 227 0 19.2 11.4 7.5 2.5 2 0 3 2 2
5045.5 -616.4 -12.4 224 0 14.0 15.9 5.0 2.5 2 1 2 0 0
5016.5 -586.6 -12.5 59 0 11.2 12.0 5.0 2.5 4 1 2 4 4
5148.4 -486.8 -11.4 225 0 6.3 8.2 7.5 2.5 2 1 3 2 2
5257.2 -563.1 -10.5 302 0 6.9 13.7 7.5 2.5 2 1 3 5 5
5055.4 -516.1 -11.7 66 0 10.3 10.4 7.5 2.5 2 1 3 5 5
5222.1 -565.3 -10.9 41 0 11.1 10.2 2.5 2.5 2 0 1 3 3
5043.5 -544.7 -12.1 63 0 11.3 13.5 10.0 2.5 2 1 4 5 5
5097.7 -497.3 -11.6 49 0 11.0 11.5 10.0 2.5 2 1 4 5 5
5020.8 -558.1 -12.2 60 0 10.2 12.2 5.0 2.5 2 1 2 1 1
5281.3 -541.5 -10.2 203 0 7.9 17.3 5.0 2.5 2 1 2 2 2
5275.2 -582.3 -10.3 300 0 11.9 12.0 5.0 2.5 2 1 2 1 1
5259.1 -530.5 -10.6 37 0 12.9 11.3 5.0 2.5 2 0 2 5 5
5266.6 -520.6 -10.5 37 0 11.9 11.3 5.0 2.5 2 0 2 5 5
3380.0 -5450.6 -13.3 342 0 10.0 11.1 7.5 0.0 0 1 3 2 2
3432.6 -5486.8 -13.6 164 0 11.4 13.4 7.5 0.0 0 1 3 5 5
3455.5 -5450.1 -13.8 256 0 10.1 10.4 7.5 2.5 2 1 3 3 3
3342.4 -5371.6 -13.5 343 0 11.2 12.6 5.0 2.5 4 1 2 0 0
3419.5 -5591.1 -13.1 79 0 10.1 14.8 5.0 2.5 2 1 2 2 2
3421.4 -5538.8 -13.1 337 0 12.7 15.4 2.5 2.5 2 1 1 0 0
3383.9 -5464.7 -13.2 346 0 10.6 12.2 10.0 2.5 2 1 4 4 4
3476.9 -5571.8 -13.7 163 0 8.0 11.8 7.5 2.5 2 1 3 4 4
3420.3 -5465.9 -13.6 166 0 11.2 10.3 10.0 2.5 2 0 4 3 3
3312.5 -5208.1 -13.5 252 0 10.7 13.4 5.0 2.5 2 1 2 3 3
3500.5 -5644.8 -13.7 165 0 10.6 10.2 5.0 2.5 2 0 2 4 4
3334.1 -5292.6 -13.3 160 0 16.2 9.1 5.0 2.5 2 0 2 5 5
3453.8 -5527.8 -13.6 162 0 10.0 13.2 7.5 2.5 2 1 3 5 5
3365.9 -5414.3 -13.6 341 0 11.8 10.6 5.0 2.5 2 0 2 1 1
3281.8 -5247.6 -13.3 344 0 10.7 10.6 7.5 0.0 0 0 3 4 4
3339.9 -5396.3 -13.5 345 0 14.9 14.3 5.0 2.5 2 0 2 4 4
3405.4 -5522.1 -13.2 344 0 12.6 11.8 5.0 2.5 4 0 2 5 5
3485.0 -5612.4 -13.7 157 0 12.8 9.1 5.0 2.5 2 0 2 0 0
3394.7 -5476.2 -13.2 334 0 12.8 13.8 2.5 2.5 2 1 1 1 1
3552.9 -5594.6 -14.8 56 0 13.0 12.1 2.5 2.5 2 0 1 0 0
3428.9 -5442.9 -13.7 252 0 10.5 14.2 2.5 2.5 2 1 1 4 4
3435.2 -5333.6 -14.0 260 0 18.7 16.8 12.5 2.5 2 0 5 0 0
2981.9 -4701.6 -13.2 344 0 11.6 14.2 7.5 2.5 2 1 3 2 2
3703.1 -5208.3 -15.1 357 0 9.6 11.2 7.5 2.5 2 1 3 1 1
3655.4 -5388.8 -15.4 356 0 9.6 11.8 7.5 2.5 2 1 3 5 5
3687.8 -5370.7 -15.6 183 0 9.9 8.3 5.0 2.5 2 0 2 3 3
3656.4 -5407.1 -15.4 354 0 10.2 10.0 7.5 2.5 2 0 3 1 1
3601.0 -5316.9 -15.5 172 0 10.0 21.9 5.0 2.5 4 1 2 4 4
3685.1 -5270.2 -15.4 183 0 8.9 12.0 2.5 2.5 2 1 1 0 0
3634.3 -5211.6 -14.8 260 0 19.1 13.8 7.5 0.0 0 0 3 0 0
3631.8 -5457.9 -15.6 83 0 10.6 20.0 2.5 2.5 2 1 1 1 1
3662.7 -5039.1 -13.8 0 0 8.0 10.0 7.5 0.0 0 1 3 2 2
3694.4 -5038.7 -13.8 178 0 7.6 12.0 2.5 2.5 2 1 1 3 3
2979.0 -4588.4 -12.4 253 0 10.2 9.7 2.5 2.5 2 0 1 2 2
2570.9 -3950.5 -17.7 333 0 9.2 10.0 5.0 2.5 2 1 2 1 1
2475.0 -3992.9 -18.4 244 0 12.7 12.8 7.5 2.5 2 1 3 1 1
2767.0 -4355.2 -14.4 243 0 15.2 11.2 5.0 2.5 2 0 2 3 3
2846.7 -4459.1 -13.7 344 0 11.0 14.0 10.0 2.5 4 1 4 1 1
2529.7 -4067.1 -17.7 60 0 17.3 18.9 10.0 2.5 2 1 4 5 5
2887.9 -4536.8 -13.0 345 0 13.3 13.3 5.0 2.5 2 1 2 0 0
2971.2 -4761.8 -13.3 161 0 10.4 11.2 2.5 2.5 2 1 1 1 1
3013.5 -4628.8 -12.4 343 0 14.6 16.0 5.0 2.5 2 1 2 5 5
3008.6 -4668.0 -12.7 164 0 11.0 13.4 5.0 2.5 2 1 2 4 4
2599.7 -4032.7 -17.4 64 0 13.0 10.4 2.5 0.0 0 0 1 3 3
2636.4 -4138.4 -16.7 63 0 19.7 15.7 7.5 2.5 2 0 3 5 5
2755.9 -4400.0 -14.2 61 0 17.5 15.1 7.5 0.0 0 0 3 2 2
-1254.8 3324.4 -6.8 180 0 13.3 11.4 2.5 2.5 2 0 1 1 1
-1240.7 3319.1 -6.6 176 0 7.4 20.4 7.5 2.5 2 1 3 2 2
-1237.0 3274.1 -5.9 267 0 11.4 12.2 5.0 2.5 2 1 2 2 2
-1218.7 3268.8 -5.6 262 0 7.4 6.1 7.5 2.5 2 0 3 5 5
-1254.8 3248.0 -6.2 176 0 14.1 13.4 7.0 2.5 2 0 2 0 0
-1241.5 3247.6 -6.1 177 0 11.2 16.2 5.0 2.5 2 0 2 4 4
-1276.4 3279.9 -6.6 0 0 11.8 14.2 5.0 2.5 2 1 2 3 3
-1328.6 3297.0 -6.6 273 0 8.4 20.1 5.0 2.5 2 0 2 5 5
-1287.4 3248.7 -6.9 356 0 12.7 12.5 5.0 2.5 2 0 2 2 2
-1328.0 3252.8 -7.0 176 0 5.8 21.5 7.5 2.5 2 0 3 0 0
-1334.4 3249.4 -7.0 173 0 4.4 6.7 7.5 2.5 2 0 3 1 1
4813.8 -2819.4 -10.2 263 0 9.1 10.3 5.0 2.5 2 1 2 5 5
3280.4 -2536.1 -13.3 174 0 14.2 11.6 5.0 2.5 2 0 2 2 2
3176.9 -2569.0 -14.8 343 0 12.3 10.1 2.5 2.5 2 0 1 2 2
3158.1 -2502.0 -14.5 343 0 13.6 11.6 5.0 2.5 2 0 2 1 1
3155.6 -2411.5 -13.4 163 0 15.2 13.0 5.0 2.5 2 0 2 1 1
3144.7 -2381.8 -13.2 162 0 13.6 11.1 7.5 2.5 2 0 3 4 4
3130.0 -2305.3 -12.1 252 0 11.8 17.5 10.0 2.5 2 1 4 0 0
3238.6 -2627.8 -14.5 258 0 16.8 11.6 7.5 2.5 2 0 3 5 5
3221.8 -2631.3 -14.5 260 0 11.5 10.4 7.5 2.5 2 0 3 1 1
3113.0 -2879.3 -13.7 212 0 14.3 13.9 7.5 0.0 0 0 3 5 5
3176.9 -2754.6 -13.8 262 0 15.2 28.5 10.0 2.5 2 1 4 5 5
3113.0 -2668.0 -14.3 169 0 14.5 12.2 2.5 2.5 4 0 1 5 5
3126.6 -2660.3 -14.2 169 0 4.5 6.7 2.5 2.5 2 1 1 1 1
3139.7 -2632.1 -14.2 262 0 17.2 17.6 10.0 2.5 2 1 4 4 4
3177.6 -2683.8 -14.1 81 0 8.7 20.7 7.5 2.5 2 1 3 3 3
3022.5 -2626.8 -14.6 219 0 11.5 9.2 2.5 2.5 2 0 1 4 4
3057.9 -2616.3 -14.6 36 0 11.2 18.4 2.5 2.5 2 1 1 2 2
3086.6 -2574.9 -14.6 167 0 18.5 11.4 10.0 2.5 4 0 4 1 1
3079.2 -2550.9 -14.8 164 0 18.4 20.5 7.5 2.5 2 1 3 3 3
3056.4 -2565.6 -14.7 305 0 5.5 5.8 5.0 2.5 2 1 2 5 5
3053.5 -2452.6 -15.0 164 0 23.9 11.9 10.0 2.5 2 0 4 0 0
3061.7 -2427.3 -14.6 163 0 7.7 5.3 5.0 2.5 2 0 2 0 0
3035.1 -2415.9 -14.8 163 0 13.1 9.0 7.5 2.5 2 0 3 3 3
3014.6 -2428.9 -15.2 31 0 5.4 12.8 7.5 2.5 2 1 3 0 0
2990.2 -2451.9 -15.2 121 0 11.7 13.6 5.0 2.5 2 1 2 1 1
2966.9 -2439.0 -15.3 122 0 7.3 8.9 7.5 0.0 0 1 3 0 0
2979.9 -2433.1 -15.3 124 0 4.0 4.7 5.0 2.5 4 1 2 5 5
2985.7 -2431.7 -15.2 120 0 3.0 3.6 2.5 2.5 2 1 1 1 1
2972.8 -2413.5 -15.3 119 0 6.1 4.5 5.0 2.5 2 0 2 1 1
2991.6 -2404.9 -15.3 300 0 6.7 12.6 7.5 2.5 2 1 3 1 1
2987.3 -2378.7 -15.0 322 0 14.7 15.6 10.0 2.5 2 1 4 0 0
3034.7 -2381.8 -14.4 163 0 5.4 5.2 7.5 2.5 2 0 3 1 1
3015.2 -2341.8 -13.1 160 0 8.6 11.1 7.5 2.5 2 1 3 4 4
3031.1 -2353.7 -13.4 141 0 8.3 19.3 2.5 2.5 2 1 1 4 4
4311.3 -2923.0 -11.7 265 0 16.9 11.0 2.5 0.0 0 0 1 1 1
4647.8 -2858.4 -10.4 84 0 21.3 9.3 7.5 2.5 2 0 3 1 1
5047.1 -2848.3 -8.4 262 0 17.5 43.1 7.5 2.5 2 1 3 4 4
5485.2 -363.6 -8.8 110 0 14.2 12.0 5.0 2.5 2 0 2 0 0
3965.0 -2897.2 -13.3 267 0 13.2 20.8 10.0 0.0 0 1 4 3 3
4462.6 -2917.6 -10.9 265 0 11.3 13.4 5.0 2.5 2 1 2 5 5
4484.2 -2974.7 -10.7 84 0 10.1 22.0 7.5 2.5 2 1 3 3 3
4488.6 -3080.8 -12.4 176 0 13.5 11.4 2.5 2.5 2 0 1 2 2
4473.0 -2873.7 -10.9 86 0 11.8 11.3 7.5 2.5 2 0 3 1 1
4527.2 -2914.6 -10.6 264 0 11.7 11.7 5.0 2.5 2 1 2 5 5
4540.5 -2900.4 -10.6 265 0 13.0 11.2 2.5 2.5 2 0 1 1 1
4494.3 -2863.1 -10.8 91 0 15.8 10.9 7.5 2.5 2 0 3 1 1
4553.6 -2866.5 -10.6 88 0 14.2 14.5 7.5 0.0 0 1 3 3 3
4563.5 -2905.8 -10.5 266 0 12.6 12.5 5.0 2.5 2 0 2 1 1
4582.7 -2901.5 -10.4 267 0 12.5 11.8 5.0 2.5 2 0 2 4 4
4589.2 -2864.0 -10.6 88 0 14.7 10.7 2.5 2.5 2 0 1 1 1
4614.0 -2933.7 -10.3 84 0 7.0 16.8 7.5 2.5 2 1 3 2 2
4623.5 -2890.2 -10.3 265 0 11.7 10.8 7.5 0.0 0 0 3 2 2
4627.9 -2793.2 -10.6 266 0 11.2 24.0 7.5 2.5 2 1 3 4 4
4665.0 -2899.4 -10.5 265 0 13.0 10.9 7.5 0.0 0 0 3 3 3
4714.4 -2850.4 -10.6 83 0 16.5 13.4 5.0 2.5 2 0 2 5 5
4741.4 -2879.5 -10.7 265 0 13.8 10.4 2.5 2.5 2 0 1 1 1
4730.5 -2838.4 -10.6 85 0 8.2 11.5 5.0 2.5 2 1 2 2 2
4764.5 -2890.3 -10.8 264 0 11.1 16.1 7.5 2.5 2 1 3 3 3
4780.1 -2871.9 -10.7 262 0 17.3 10.8 10.0 2.5 2 0 4 0 0
4993.4 -2758.2 -8.7 175 0 12.6 7.3 5.0 2.5 4 0 2 2 2
5078.9 -2843.4 -8.2 264 0 8.5 21.2 5.0 2.5 2 1 2 3 3
5092.9 -2843.7 -8.1 264 0 10.4 17.2 5.0 2.5 2 1 2 3 3
5129.3 -2837.4 -7.9 265 0 10.1 9.7 7.5 2.5 4 0 3 1 1
5215.3 -2796.3 -7.7 87 0 7.2 23.8 5.0 0.0 0 1 2 3 3
4995.5 -2882.9 -8.8 173 0 8.9 11.3 5.0 2.5 4 1 2 3 3
5231.5 -1381.4 -14.5 201 0 7.6 17.0 7.5 2.5 4 1 3 3 3
5251.8 -1373.6 -14.5 293 0 5.6 10.4 2.5 2.5 2 1 1 4 4
5236.2 -1419.0 -14.9 121 0 6.0 22.7 5.0 2.5 2 1 2 4 4
5259.7 -1431.4 -15.0 115 0 14.1 7.7 5.0 2.5 2 0 2 5 5
5267.9 -1426.8 -15.0 116 0 7.5 13.7 5.0 2.5 2 1 2 3 3
5439.4 -1235.2 -12.4 112 0 13.2 14.6 5.0 2.5 4 1 2 1 1
5148.1 -1122.5 -12.1 292 0 16.6 17.0 10.0 2.5 2 1 4 3 3
4885.9 -1032.7 -12.5 197 0 9.5 16.9 5.0 0.0 0 1 2 0 0
4919.1 -962.1 -12.1 197 0 13.4 19.9 10.0 2.5 2 1 4 3 3
4954.6 -930.7 -12.3 23 0 14.2 7.9 5.0 2.5 4 0 2 3 3
3603.5 -2956.8 -13.5 84 0 15.0 10.5 5.0 2.5 2 0 2 0 0
3598.2 -2915.4 -13.4 264 0 11.7 13.7 7.5 2.5 2 1 3 2 2
3534.8 -3012.4 -12.7 251 0 10.5 23.2 7.5 2.5 2 1 3 4 4
4969.9 -2381.6 -9.3 354 0 12.6 18.4 7.5 2.5 2 1 3 4 4
5063.0 -3323.0 -12.1 84 0 11.1 17.3 2.5 2.5 2 1 1 1 1
5421.4 -2485.2 -9.0 175 0 15.1 12.8 7.5 0.0 0 0 3 4 4
5521.6 -2429.5 -9.1 356 0 11.1 10.3 10.0 0.0 0 0 4 5 5
5512.4 -2410.9 -9.2 175 0 13.4 14.3 7.5 2.5 2 1 3 1 1
5513.7 -2335.3 -9.6 265 0 15.4 15.7 2.5 2.5 2 1 1 2 2
3207.6 -2585.5 -14.6 164 0 15.9 12.4 7.5 2.5 2 0 3 3 3
3170.6 -2542.7 -14.8 343 0 9.3 17.4 7.5 2.5 2 1 3 3 3
3151.5 -2472.8 -14.2 344 0 13.3 11.7 5.0 2.5 2 0 2 2 2
3164.7 -2439.4 -13.6 163 0 16.6 12.3 5.0 2.5 2 0 2 3 3
3212.6 -2750.6 -13.6 261 0 13.9 22.0 7.5 2.5 2 1 3 2 2
2991.5 -2322.4 -13.4 161 0 7.1 4.6 2.5 2.5 2 0 1 3 3
3288.5 -2589.1 -13.7 176 0 14.3 12.5 2.5 2.5 2 0 1 4 4
5524.8 -1754.9 -14.0 87 0 10.0 21.5 7.5 0.0 0 1 3 4 4
5551.7 -1751.8 -13.9 87 0 14.0 11.7 5.0 0.0 0 0 2 3 3
5618.6 -1814.6 -13.0 179 0 6.7 15.1 2.5 2.5 2 1 1 0 0
5653.8 -1718.7 -13.3 175 0 36.0 9.9 7.5 2.5 2 0 3 2 2
5653.7 -1689.1 -13.0 175 0 8.3 14.6 7.5 2.5 2 1 3 1 1
5658.5 -1621.6 -12.6 264 0 8.2 5.9 5.0 2.5 4 0 2 5 5
5737.1 -1809.0 -12.9 360 0 12.4 14.6 10.0 2.5 2 1 4 3 3
5741.0 -1740.6 -12.2 176 0 11.8 13.9 2.5 2.5 2 1 1 1 1
5766.7 -1756.6 -12.1 86 0 14.6 10.3 2.5 2.5 2 0 1 1 1
5783.4 -1787.0 -12.1 267 0 9.1 14.8 7.5 2.5 2 1 3 1 1
5778.5 -1820.5 -12.3 175 0 11.3 11.2 5.0 2.5 2 0 2 0 0
5787.0 -1848.1 -12.4 85 0 8.1 7.6 5.0 2.5 2 0 2 0 0
5836.1 -1775.8 -11.5 264 0 12.5 11.9 5.0 2.5 2 0 2 4 4
5797.7 -1743.9 -11.7 86 0 11.8 17.0 5.0 2.5 2 1 2 5 5
5831.3 -1745.3 -11.5 354 0 10.2 14.1 2.5 2.5 2 1 1 5 5
5832.1 -1692.6 -11.5 354 0 12.0 15.7 5.0 2.5 2 1 2 2 2
5861.1 -1776.7 -11.3 266 0 15.5 10.9 2.5 0.0 0 0 1 3 3
5873.6 -1711.4 -11.2 177 0 16.0 8.6 2.5 2.5 2 0 1 3 3
5908.2 -1721.1 -11.0 83 0 11.3 17.3 2.5 2.5 4 1 1 3 3
5960.3 -1702.9 -10.8 356 0 15.8 13.5 5.0 2.5 2 0 2 3 3
5997.5 -1757.3 -10.6 175 0 12.1 15.9 5.0 2.5 2 1 2 5 5
6033.7 -1720.4 -10.6 87 0 10.7 10.1 5.0 2.5 2 0 2 2 2
6045.9 -1738.2 -10.7 265 0 9.6 18.2 7.5 2.5 2 1 3 3 3
6096.9 -1762.5 -10.8 355 0 10.3 10.3 5.0 0.0 0 1 2 3 3
6076.1 -1784.5 -10.8 355 0 19.4 16.7 7.5 2.5 4 0 3 2 2
6039.1 -1814.3 -10.8 88 0 15.2 10.5 5.0 2.5 2 0 2 5 5
6145.1 -1783.7 -11.1 87 0 12.9 11.4 5.0 2.5 2 0 2 4 4
6159.7 -1731.3 -11.2 267 0 7.6 12.9 2.5 2.5 2 1 1 0 0
6190.6 -1740.6 -11.3 267 0 6.9 6.7 7.5 2.5 2 0 3 3 3
6218.4 -1705.4 -11.3 87 0 12.4 19.0 10.0 0.0 0 1 4 0 0
6195.2 -1655.8 -11.3 175 0 25.5 14.1 15.0 0.0 0 0 6 0 0
6220.7 -1626.7 -11.3 260 0 13.7 12.8 5.0 2.5 2 0 2 3 3
6305.5 -1715.4 -11.3 356 0 9.7 21.3 7.5 2.5 2 1 3 4 4
6296.2 -1672.7 -11.1 77 0 13.4 12.2 2.5 2.5 2 0 1 1 1
6336.3 -1698.3 -11.2 177 0 11.7 13.3 7.5 2.5 2 1 3 1 1
6366.8 -1637.0 -11.3 356 0 11.0 12.5 7.5 2.5 2 1 3 3 3
6411.1 -1652.6 -11.5 85 0 9.7 12.0 7.5 2.5 2 1 3 2 2
6398.5 -1602.4 -11.9 174 0 9.4 15.1 7.5 2.5 2 1 3 5 5
6387.4 -1587.5 -11.9 176 0 9.4 11.0 7.5 2.5 2 1 3 2 2
6383.1 -1555.4 -12.1 266 0 15.6 9.3 5.0 2.5 2 0 2 4 4
6424.2 -1574.4 -12.3 355 0 8.3 12.0 7.5 2.5 2 1 3 5 5
6397.9 -1487.7 -12.6 85 0 24.9 8.8 5.0 2.5 4 0 2 3 3
6500.6 -1650.7 -11.6 82 0 27.3 18.8 10.0 2.5 4 0 4 5 5
6519.7 -1686.4 -11.1 169 0 17.9 10.5 5.0 2.5 2 0 2 5 5
532.5 -8705.2 -18.7 320 0 7.8 11.5 7.5 2.5 2 1 3 2 2
408.1 -8722.8 -20.3 143 0 15.1 10.8 5.0 0.0 0 0 2 5 5
403.4 -8761.2 -19.8 320 0 9.2 12.9 7.5 2.5 2 1 3 0 0
339.9 -8625.1 -21.1 323 0 12.8 11.2 2.5 2.5 2 0 1 5 5
303.1 -8640.1 -22.0 137 0 8.2 15.7 7.5 2.5 2 1 3 3 3
359.6 -8664.1 -21.1 321 0 20.3 11.1 5.0 0.0 0 0 2 3 3
352.1 -8640.1 -21.0 320 0 13.1 12.8 10.0 2.5 2 0 4 5 5
386.2 -8649.0 -19.8 140 0 9.4 9.1 5.0 2.5 2 0 2 1 1
492.2 -8707.0 -18.8 320 0 8.5 36.2 7.5 2.5 2 1 3 1 1
453.0 -8716.1 -19.0 140 0 11.4 7.0 2.5 2.5 2 0 1 3 3
542.0 -8641.0 -17.5 138 0 14.8 12.0 2.5 2.5 2 0 1 0 0
378.3 -8471.4 -18.0 322 0 7.1 17.1 5.0 2.5 2 1 2 2 2
342.0 -8486.7 -18.8 230 0 13.0 10.5 2.5 2.5 2 0 1 5 5
329.7 -8548.8 -20.2 322 0 10.8 12.5 2.5 2.5 2 1 1 5 5
320.7 -8530.0 -20.1 319 0 9.6 11.5 5.0 2.5 2 1 2 5 5
288.9 -8470.2 -20.2 330 0 12.7 12.1 5.0 2.5 2 0 2 0 0
284.1 -8329.8 -19.4 140 0 10.6 10.5 2.5 2.5 2 0 1 5 5
291.4 -8342.0 -19.2 139 0 11.5 10.7 7.5 0.0 0 0 3 5 5
294.0 -8358.7 -19.2 140 0 9.5 14.7 5.0 2.5 2 1 2 5 5
256.5 -8325.2 -20.2 323 0 11.1 10.9 7.5 2.5 2 0 3 1 1
265.8 -8354.0 -20.2 319 0 10.4 11.0 2.5 2.5 2 1 1 2 2
6355.6 -5065.0 -13.1 265 0 11.6 26.1 7.5 2.5 2 1 3 4 4
5267.9 4843.9 13.7 349 0 12.1 24.0 10.0 2.5 2 1 4 3 3
5261.8 4783.0 13.7 78 0 12.8 12.3 10.0 2.5 2 0 4 5 5
6930.2 3973.7 11.3 179 0 18.0 18.1 5.0 2.5 2 1 2 1 1
5102.6 6620.6 -1.9 235 0 9.8 12.0 7.5 2.5 2 1 3 2 2
5121.7 6635.3 -2.0 149 0 10.5 11.9 2.5 2.5 2 1 1 1 1
5127.6 6646.4 -2.1 147 0 3.7 8.1 2.5 2.5 2 0 1 4 4
5134.4 6650.7 -2.2 147 0 3.9 10.1 5.0 0.0 0 0 2 4 4
5186.4 5378.1 10.0 324 0 12.4 10.8 5.0 2.5 2 0 2 5 5
4660.9 6550.6 -5.8 59 0 18.1 21.6 7.5 0.0 0 1 3 1 1
4629.6 6520.1 -5.4 58 0 11.9 37.8 10.0 0.0 0 1 4 0 0
4631.9 6574.7 -5.7 239 0 3.9 5.5 2.5 2.5 2 1 1 0 0
4624.5 6586.2 -5.9 239 0 3.4 3.3 7.5 2.5 2 0 3 0 0
4601.1 6578.0 -5.8 245 0 11.8 4.5 7.5 2.5 2 0 3 5 5
4592.7 6574.1 -5.8 246 0 6.6 4.5 7.5 2.5 2 0 3 5 5
4425.5 6595.1 -6.6 245 0 13.5 11.5 5.0 2.5 2 0 2 3 3
4452.5 6610.5 -7.3 245 0 6.1 13.4 5.0 2.5 2 0 2 3 3
4447.4 6608.1 -7.1 245 0 5.2 5.3 5.0 2.5 2 0 2 5 5
4678.7 6607.5 -6.2 239 0 23.2 30.3 7.5 0.0 0 1 3 4 4
4692.8 5659.9 3.9 337 0 8.6 14.1 2.5 2.5 2 1 1 0 0
4700.6 5610.8 4.0 338 0 10.2 13.5 5.0 0.0 0 1 2 4 4
4776.7 6578.1 -5.4 238 0 10.9 9.2 5.0 2.5 2 0 2 1 1
4687.2 6487.0 -4.4 236 0 6.0 11.3 5.0 2.5 2 1 2 3 3
4707.8 6112.3 -1.6 325 0 18.0 6.2 7.5 2.5 2 0 3 1 1
4701.0 6122.2 -1.6 326 0 6.0 8.3 7.5 2.5 2 0 3 3 3
4685.0 6136.1 -1.8 323 0 9.4 9.5 2.5 2.5 2 1 1 2 2
4674.1 6045.4 -1.4 336 0 6.0 10.4 7.5 0.0 0 1 3 5 5
4671.3 6057.1 -1.7 338 0 3.9 13.4 7.5 2.5 2 1 3 2 2
4667.4 6061.1 -1.9 337 0 5.1 4.1 5.0 2.5 2 0 2 4 4
4666.4 6100.4 -2.2 338 0 6.3 16.2 5.0 0.0 0 1 2 4 4
4633.2 6149.5 -2.3 327 0 10.3 9.3 5.0 2.5 2 0 2 5 5
4626.0 6143.4 -2.4 327 0 7.9 5.4 7.5 2.5 2 0 3 3 3
4700.1 5894.8 2.4 346 0 6.5 11.2 2.5 2.5 2 1 1 4 4
4691.0 5910.3 2.2 158 0 9.5 12.0 7.5 0.0 0 1 3 2 2
4702.3 5859.7 2.6 340 0 4.3 9.3 7.5 2.5 2 1 3 5 5
4653.3 5893.7 1.7 66 0 11.1 7.6 5.0 0.0 0 0 2 3 3
4642.6 5900.6 1.6 67 0 9.4 6.0 5.0 2.5 2 0 2 5 5
4681.1 5860.0 2.4 249 0 6.1 9.5 5.0 2.5 2 1 2 0 0
4672.2 5843.9 2.4 159 0 4.1 13.1 2.5 2.5 2 1 1 0 0
4666.2 5832.0 2.4 248 0 7.3 4.4 7.5 2.5 2 0 3 5 5
4683.4 5778.4 2.8 65 0 9.7 9.0 5.0 2.5 2 0 2 4 4
4667.1 5767.5 2.7 67 0 8.7 4.2 5.0 0.0 0 0 2 2 2
4655.0 5762.5 2.6 68 0 8.7 6.6 7.5 0.0 0 0 3 1 1
4638.4 5769.2 2.3 67 0 8.4 13.7 5.0 2.5 2 1 2 2 2
4666.1 5731.9 3.0 248 0 10.0 4.4 7.5 2.5 2 0 3 5 5
4691.6 5723.6 3.1 338 0 8.8 12.1 7.5 2.5 2 1 3 1 1
4619.6 5900.7 1.4 157 0 7.7 8.0 2.5 2.5 2 0 1 5 5
4627.5 5895.3 1.5 66 0 5.9 4.3 2.5 2.5 2 0 1 3 3
4691.2 5959.1 1.0 67 0 8.9 11.0 2.5 2.5 4 0 1 5 5
4678.9 5956.8 1.3 339 0 5.1 8.5 5.0 2.5 2 0 2 2 2
4680.8 5973.3 0.8 338 0 4.7 20.6 5.0 0.0 0 1 2 0 0
4643.0 5960.1 0.9 69 0 6.7 11.9 5.0 2.5 2 1 2 1 1
4645.3 5943.9 1.3 337 0 8.1 8.4 7.5 2.5 2 0 3 3 3
4650.4 5946.1 1.4 337 0 3.4 5.5 7.5 2.5 2 0 3 0 0
4670.0 6006.6 -0.5 69 0 8.7 10.0 7.5 2.5 2 1 3 0 0
4623.4 5994.0 -0.0 159 0 11.6 6.0 5.0 2.5 4 0 2 0 0
4672.4 5993.3 0.2 339 0 3.7 4.9 7.5 2.5 4 1 3 5 5
4689.8 5997.8 -0.2 69 0 8.2 9.5 7.5 2.5 4 0 3 3 3
4684.2 5995.6 0.0 69 0 3.7 6.1 2.5 2.5 2 0 1 4 4
4857.5 5829.5 4.7 339 0 13.4 12.3 7.5 2.5 2 0 3 3 3
4828.4 5812.0 4.5 338 0 3.8 13.8 2.5 0.0 0 0 1 5 5
4812.5 5814.6 4.3 338 0 17.0 8.7 5.0 2.5 2 0 2 2 2
4825.0 5795.5 4.4 338 0 11.6 6.0 7.5 2.5 2 0 3 5 5
4890.2 5779.8 6.0 326 0 11.0 9.9 7.5 0.0 0 0 3 3 3
4929.2 5721.9 7.9 336 0 6.1 16.7 2.5 2.5 2 1 1 1 1
