-3264.2 6444.5 27.5 21 0 40.0 18.7 5.0 2.5 2 0 2 3 3
5822.5 4477.8 -16.7 168 0 9.4 30.5 7.5 2.5 2 0 3 3 3
5135.3 4558.7 -6.7 359 0 9.4 12.7 2.5 2.5 2 1 1 1 1
5135.4 4541.8 -6.4 0 0 11.1 11.9 5.0 0.0 0 1 2 1 1
5136.3 4525.9 -6.3 357 0 8.5 12.0 7.5 2.5 2 1 3 5 5
5139.1 4509.7 -6.3 358 0 11.1 14.1 5.0 2.5 2 1 2 0 0
5139.0 4493.6 -6.2 357 0 11.8 13.5 2.5 2.5 2 1 1 0 0
4831.6 4395.3 -1.8 81 0 12.7 9.0 5.0 2.5 2 0 2 5 5
4982.1 4421.5 -3.8 80 0 15.6 10.5 5.0 2.5 2 0 2 2 2
4804.4 4392.6 -1.4 87 0 8.8 12.6 7.5 2.5 2 1 3 2 2
4779.2 4386.8 -1.1 83 0 14.4 8.4 7.5 2.5 2 0 3 1 1
4721.1 4379.7 -0.3 86 0 12.4 10.5 7.5 2.5 2 0 3 3 3
4705.1 4380.3 -0.1 89 0 8.4 13.6 2.5 2.5 2 1 1 2 2
4964.4 4448.5 -3.7 265 0 12.6 9.2 7.5 2.5 4 0 3 2 2
4655.2 4378.4 0.6 93 0 14.1 9.4 7.5 2.5 2 0 3 4 4
4731.3 4359.8 -0.4 269 0 11.0 7.4 5.0 2.5 2 0 2 3 3
4708.5 4356.7 -0.1 268 0 12.4 8.3 7.5 2.5 4 0 3 0 0
4612.8 4367.3 1.3 92 0 8.9 12.8 2.5 2.5 2 1 1 0 0
4593.6 4375.3 1.6 90 0 12.9 7.2 7.5 2.5 4 0 3 5 5
4568.5 4369.1 2.0 94 0 6.6 7.3 7.5 2.5 2 0 3 0 0
4575.0 4368.7 1.9 94 0 6.3 7.3 7.5 2.5 2 0 3 4 4
4545.4 4364.3 2.4 93 0 11.5 9.3 7.5 0.0 0 0 3 1 1
4514.5 4367.2 3.0 89 0 7.5 13.6 5.0 2.5 2 1 2 1 1
4501.3 4366.8 3.2 90 0 10.0 13.1 2.5 2.5 2 1 1 0 0
4454.0 4355.9 4.2 92 0 8.9 11.2 5.0 2.5 2 0 2 3 3
5065.6 4438.2 -4.9 353 0 11.8 12.7 10.0 2.5 2 1 4 4 4
4422.6 4351.8 4.9 92 0 11.7 8.2 7.5 2.5 2 0 3 0 0
4372.4 4343.4 5.8 92 0 8.8 13.6 7.5 2.5 2 1 3 0 0
4352.7 4297.9 6.7 7 0 18.1 8.8 5.0 0.0 0 0 2 1 1
5033.0 4438.4 -4.5 83 0 13.4 10.4 7.5 2.5 4 0 3 5 5
4323.2 4328.0 6.9 94 0 11.0 8.0 7.5 2.5 2 0 3 3 3
4340.0 4281.4 6.8 6 0 7.4 11.6 5.0 2.5 2 1 2 4 4
4358.3 4294.8 6.4 275 0 6.9 28.2 2.5 2.5 2 1 1 4 4
5496.6 4337.0 -9.7 269 0 38.0 14.9 14.0 3.5 2 0 4 2 2
5327.9 4327.0 -8.0 100 0 41.9 15.3 14.0 3.5 2 0 4 3 3
5806.4 4457.8 -14.1 168 0 25.1 9.7 7.5 2.5 2 0 3 1 1
5360.8 4320.6 -7.9 190 0 8.4 11.8 10.5 3.5 2 1 3 5 5
5772.5 4551.9 -19.4 78 0 19.5 22.3 10.0 2.5 2 1 4 5 5
5298.6 4622.3 -10.9 180 0 14.8 9.4 10.5 3.5 2 0 3 2 2
5263.9 4288.7 -6.2 275 0 8.4 11.7 2.5 2.5 4 1 1 1 1
5694.7 4467.3 -15.5 79 0 4.8 13.0 5.0 2.5 4 1 2 0 0
5704.4 4538.5 -18.0 85 0 11.7 14.2 10.0 2.5 2 1 4 2 2
5525.4 4264.9 -8.7 92 0 9.7 10.2 10.5 3.5 2 1 3 1 1
5700.2 4453.4 -14.3 165 0 7.1 9.8 10.5 3.5 4 0 3 0 0
5757.8 4504.7 -16.4 350 0 10.0 13.4 10.5 3.5 2 0 3 1 1
5235.2 4260.2 -6.1 187 0 11.7 7.7 7.5 2.5 4 0 3 5 5
5268.3 4236.2 -6.3 8 0 15.5 15.0 2.5 0.0 0 0 1 3 3
5177.2 4146.4 -6.1 296 0 5.1 10.3 2.5 2.5 2 1 1 1 1
5758.5 4472.3 -14.6 253 0 3.7 39.4 2.5 0.0 0 0 1 3 3
5779.7 4477.0 -14.6 256 0 9.3 14.3 5.0 2.5 2 0 2 1 1
5266.3 4205.9 -6.4 7 0 15.3 12.6 7.5 2.5 2 0 3 0 0
5788.5 4479.1 -14.7 257 0 9.7 13.0 7.5 2.5 2 0 3 3 3
5233.7 4207.6 -6.4 184 0 11.7 10.0 5.0 2.5 2 0 2 4 4
5253.4 4175.0 -6.5 98 0 10.1 10.5 10.0 2.5 2 1 4 3 3
5755.1 4654.6 -22.4 66 0 9.2 10.5 2.5 2.5 2 1 1 0 0
5432.3 4114.7 -7.1 274 0 14.7 10.9 5.0 2.5 2 0 2 3 3
5304.2 4530.6 -9.7 179 0 11.7 9.4 10.5 3.5 2 0 3 1 1
5254.6 4145.4 -6.6 8 0 12.1 8.9 7.5 0.0 0 0 3 1 1
5233.4 4159.2 -6.6 279 0 9.1 9.0 7.5 2.5 4 0 3 4 4
4149.1 1523.8 8.7 3 0 8.9 13.1 5.0 2.5 2 1 2 3 3
5390.1 4107.0 -7.0 272 0 6.0 14.8 2.5 2.5 2 1 1 1 1
5215.4 4115.5 -5.8 98 0 22.9 9.5 7.5 2.5 4 0 3 3 3
5831.7 4551.8 -19.0 343 0 6.3 21.1 7.5 2.5 2 1 3 2 2
5709.0 4705.1 -25.0 184 0 13.6 4.2 2.5 2.5 2 0 1 1 1
4138.9 1495.1 9.0 101 0 11.4 5.0 5.0 2.5 4 0 2 3 3
5212.8 4155.7 -6.5 275 0 11.4 10.3 2.5 2.5 2 0 1 5 5
5725.3 4738.0 -28.2 134 0 9.2 18.7 7.5 2.5 2 1 3 1 1
5193.7 4159.4 -6.5 278 0 10.3 9.8 2.5 2.5 4 0 1 5 5
5507.1 4399.4 -10.7 243 0 16.1 12.6 14.0 3.5 2 0 4 2 2
5825.4 4434.0 -15.7 167 0 8.7 12.8 7.5 2.5 2 0 3 2 2
5314.3 4298.0 -7.1 20 0 22.3 7.8 5.0 2.5 2 0 2 1 1
5752.3 4470.8 -14.5 257 0 9.2 7.8 5.0 2.5 2 0 2 2 2
5751.5 4768.3 -28.7 262 0 7.0 13.1 7.5 2.5 2 1 3 1 1
5461.6 4347.7 -9.4 303 0 8.3 39.3 10.5 3.5 4 0 3 0 0
5378.5 4201.9 -6.6 301 0 10.9 9.8 10.5 3.5 2 0 3 5 5
5434.1 4289.6 -8.2 123 0 10.2 13.4 14.0 0.0 0 1 4 4 4
5366.0 4191.8 -6.6 211 0 10.5 10.9 14.0 3.5 2 0 4 0 0
5347.0 4159.5 -6.8 202 0 12.9 12.3 14.0 3.5 2 0 4 2 2
5389.5 4281.1 -7.4 31 0 13.1 9.4 7.5 2.5 2 0 3 1 1
5357.1 4248.1 -6.5 300 0 17.2 17.2 10.0 2.5 4 0 4 0 0
5340.7 4219.9 -6.5 301 0 18.0 16.8 10.0 2.5 2 0 4 3 3
5312.5 4222.1 -6.4 22 0 17.7 17.3 7.5 2.5 4 0 3 3 3
5249.2 4163.3 -6.6 277 0 9.2 7.8 2.5 2.5 2 0 1 3 3
5313.2 4268.7 -6.3 292 0 17.7 18.1 7.5 2.5 2 1 3 1 1
5326.2 4178.7 -6.6 33 0 9.3 9.3 7.5 2.5 2 0 3 2 2
5300.7 4138.7 -6.8 31 0 10.5 9.2 5.0 0.0 0 0 2 1 1
5536.2 4498.4 -13.4 259 0 12.4 12.7 14.0 0.0 0 0 4 2 2
5330.0 4295.3 -7.2 200 0 22.4 7.4 5.0 2.5 2 0 2 4 4
5303.9 4544.4 -10.0 180 0 11.6 9.8 10.5 3.5 4 0 3 1 1
5481.9 4563.1 -14.0 181 0 13.4 10.1 14.0 0.0 0 0 4 5 5
5725.6 4439.8 -13.5 350 0 10.9 9.9 10.5 3.5 2 0 3 4 4
5510.0 4550.7 -14.0 268 0 6.3 23.9 10.5 3.5 2 0 3 1 1
5422.0 4470.7 -10.4 260 0 5.3 32.8 10.5 3.5 2 0 3 4 4
5413.2 4481.4 -10.6 261 0 13.4 11.5 14.0 3.5 2 0 4 4 4
5391.8 4473.2 -10.2 180 0 11.5 14.1 14.0 3.5 4 0 4 1 1
5303.9 4577.0 -10.8 179 0 12.0 16.0 14.0 0.0 0 1 4 0 0
5816.5 4418.1 -15.9 167 0 17.5 9.7 7.5 2.5 2 0 3 3 3
5741.8 4468.0 -14.5 259 0 7.2 12.2 7.5 2.5 2 0 3 4 4
4191.4 1651.7 7.2 7 0 6.7 11.7 7.5 2.5 2 1 3 3 3
5373.2 4400.9 -8.8 3 0 37.5 8.7 10.5 0.0 0 0 3 1 1
5363.7 4489.0 -10.1 83 0 20.8 15.3 14.0 3.5 2 0 4 4 4
5309.8 4487.5 -8.9 86 0 7.9 22.5 10.5 0.0 0 1 3 3 3
5333.9 4469.2 -8.9 261 0 31.8 11.3 14.0 3.5 2 0 4 3 3
5299.1 4595.2 -11.0 178 0 9.3 9.1 10.5 3.5 4 0 3 2 2
5280.7 4355.6 -7.8 5 0 10.4 9.1 10.5 3.5 2 0 3 0 0
5709.5 4474.9 -15.4 352 0 10.4 8.3 5.0 2.5 2 0 2 5 5
5729.5 4460.9 -14.5 167 0 8.5 9.8 7.5 2.5 2 0 3 3 3
5702.4 4509.3 -17.3 81 0 32.1 11.3 14.0 3.5 2 0 4 5 5
5280.3 4337.5 -7.4 4 0 11.5 10.6 10.5 0.0 0 0 3 1 1
5715.6 4540.9 -18.2 87 0 6.4 14.7 7.5 2.5 2 0 3 1 1
5795.5 4606.0 -21.3 71 0 10.7 19.4 10.0 2.5 2 1 4 2 2
5272.5 4307.9 -6.9 94 0 10.3 10.9 10.5 3.5 2 1 3 3 3
5711.4 4460.0 -14.3 254 0 4.9 12.2 10.5 3.5 2 0 3 4 4
5753.2 4531.5 -17.7 350 0 4.7 10.4 10.5 3.5 2 0 3 1 1
5512.4 4634.2 -15.9 273 0 39.1 17.1 14.0 3.5 2 0 4 4 4
5453.1 4621.3 -14.3 91 0 13.3 27.2 10.5 3.5 2 1 3 1 1
5471.8 4425.7 -10.5 269 0 17.5 12.3 14.0 3.5 4 0 4 4 4
5283.8 4383.3 -8.0 5 0 9.0 29.7 10.5 3.5 2 1 3 0 0
5342.9 4270.5 -6.7 120 0 6.0 6.8 5.0 2.5 2 1 2 3 3
5327.3 4544.3 -10.2 358 0 9.3 4.9 10.5 3.5 2 0 3 0 0
5365.2 4415.9 -8.6 3 0 7.6 8.1 10.5 3.5 2 0 3 0 0
4123.8 1496.3 9.0 99 0 15.0 5.9 7.5 2.5 2 0 3 3 3
5786.5 4438.3 -13.5 74 0 3.1 15.6 2.5 2.5 2 1 1 5 5
4129.5 1528.8 8.8 269 0 11.5 5.5 5.0 2.5 2 0 2 4 4
5308.6 4429.5 -8.1 181 0 8.7 8.0 10.5 3.5 2 0 3 0 0
5504.4 4526.7 -13.8 89 0 5.5 19.1 10.5 3.5 2 0 3 3 3
5367.6 4615.8 -12.6 271 0 26.0 8.6 10.5 3.5 4 0 3 4 4
4173.4 1493.4 8.8 12 0 15.5 7.3 7.5 2.5 2 0 3 3 3
4197.9 1614.6 7.5 8 0 12.4 6.4 5.0 2.5 2 0 2 3 3
5390.3 4370.7 -9.1 93 0 5.5 13.1 10.5 3.5 2 1 3 5 5
5723.8 4541.9 -18.4 81 0 10.2 14.8 5.0 2.5 2 0 2 0 0
5276.9 4162.4 -6.6 189 0 17.8 5.1 2.5 2.5 2 0 1 3 3
5518.5 4526.0 -13.8 89 0 3.5 10.4 10.5 3.5 2 1 3 3 3
5336.1 4530.4 -10.2 358 0 18.3 11.9 14.0 3.5 2 0 4 1 1
5326.2 4588.2 -11.2 358 0 5.1 11.4 10.5 3.5 2 1 3 0 0
5702.3 4498.5 -16.3 261 0 8.2 4.3 7.5 2.5 2 0 3 4 4
4551.9 3792.2 1.6 278 0 7.9 21.4 2.5 2.5 2 1 1 0 0
5231.6 4179.0 -6.4 95 0 9.7 10.5 5.0 2.5 2 1 2 5 5
5697.0 4426.8 -13.0 351 0 6.1 6.2 10.5 3.5 2 0 3 5 5
4118.4 1538.4 8.7 274 0 8.2 12.9 5.0 2.5 2 1 2 3 3
5490.2 4437.8 -11.9 86 0 17.3 36.0 14.0 3.5 2 1 4 1 1
5381.1 4154.1 -6.8 22 0 13.3 13.5 14.0 3.5 2 1 4 1 1
5514.5 4509.3 -13.5 88 0 13.2 11.8 14.0 3.5 2 0 4 2 2
4569.6 3815.9 1.5 96 0 9.4 44.1 7.5 2.5 2 1 3 2 2
5457.9 4456.7 -11.4 92 0 6.6 24.4 10.5 3.5 2 0 3 1 1
5414.0 4108.4 -7.1 276 0 11.5 11.7 5.0 2.5 2 1 2 5 5
5290.0 4171.2 -6.6 205 0 6.2 13.5 5.0 2.5 4 1 2 0 0
5379.8 4121.2 -6.9 74 0 7.4 6.5 10.5 3.5 2 0 3 0 0
5420.2 4449.5 -10.0 360 0 12.0 5.2 10.5 3.5 2 0 3 3 3
5375.0 4437.3 -9.1 3 0 35.3 8.7 10.5 3.5 2 0 3 5 5
5445.7 4100.1 -7.1 278 0 7.7 19.8 5.0 2.5 2 1 2 2 2
5393.8 4163.4 -6.7 23 0 6.3 17.4 10.5 3.5 2 0 3 1 1
5400.8 4160.4 -6.8 24 0 6.3 7.5 10.5 3.5 2 0 3 5 5
5767.6 4474.4 -14.6 258 0 15.5 14.4 5.0 2.5 2 0 2 3 3
4580.8 3783.3 1.1 278 0 10.1 14.5 10.0 2.5 2 1 4 4 4
5500.1 4590.9 -14.9 93 0 12.5 5.7 10.5 3.5 2 0 3 5 5
5291.2 4183.0 -6.5 207 0 5.0 13.2 7.5 2.5 2 1 3 4 4
5322.8 4485.0 -9.0 88 0 10.2 11.3 14.0 3.5 2 1 4 0 0
5695.8 4572.2 -18.4 175 0 10.5 6.4 5.0 2.5 2 0 2 3 3
5574.2 4857.7 -23.0 219 0 30.3 12.5 10.5 3.5 2 0 3 3 3
5727.8 4525.2 -17.4 262 0 6.2 10.3 10.5 3.5 2 1 3 1 1
5530.4 4572.9 -15.4 183 0 32.2 11.8 14.0 3.5 2 0 4 5 5
5717.8 4579.1 -18.8 262 0 6.2 12.9 2.5 0.0 0 1 1 3 3
5256.0 4190.3 -6.4 9 0 4.8 17.6 7.5 2.5 2 1 3 1 1
5533.4 4295.6 -9.2 1 0 7.2 11.7 10.5 3.5 2 1 3 2 2
5763.4 4617.2 -21.0 125 0 4.8 16.7 5.0 2.5 4 1 2 5 5
5717.8 4494.8 -16.3 350 0 12.2 6.3 7.5 2.5 2 0 3 3 3
5497.4 4612.5 -15.3 182 0 4.5 8.7 10.5 3.5 4 1 3 5 5
5469.8 4342.4 -9.4 303 0 11.2 4.9 10.5 0.0 0 0 3 5 5
5208.5 4254.3 -6.1 275 0 11.0 11.7 7.5 2.5 2 1 3 0 0
5746.9 4646.7 -21.2 62 0 7.3 4.8 7.5 2.5 2 0 3 5 5
5730.1 4502.5 -16.4 170 0 4.2 10.4 10.5 3.5 2 0 3 0 0
5742.0 4425.4 -13.0 79 0 8.8 11.2 5.0 2.5 2 1 2 3 3
5530.4 4322.3 -9.7 356 0 10.2 13.7 14.0 3.5 2 1 4 5 5
5357.1 4296.1 -7.2 278 0 6.8 16.2 5.0 2.5 2 1 2 2 2
4175.6 1597.4 7.8 99 0 8.4 4.2 2.5 2.5 2 0 1 4 4
5774.4 4667.5 -23.7 65 0 16.6 4.8 5.0 2.5 2 0 2 0 0
5469.2 4308.8 -8.7 8 0 7.9 9.3 10.5 3.5 2 0 3 2 2
5366.3 4437.5 -8.9 3 0 35.7 8.2 10.5 3.5 2 0 3 3 3
5307.2 4163.8 -6.7 26 0 14.7 5.1 7.5 2.5 2 0 3 2 2
5769.1 4430.7 -13.4 166 0 11.3 9.3 7.5 2.5 2 0 3 5 5
5754.5 4524.2 -17.4 350 0 10.0 11.4 10.5 3.5 2 0 3 4 4
5438.2 4612.8 -14.0 89 0 9.9 11.2 10.5 3.5 2 0 3 4 4
5695.7 4497.5 -16.3 261 0 5.1 10.7 5.0 2.5 2 0 2 4 4
5756.2 4514.4 -16.9 351 0 10.3 13.4 14.0 3.5 2 0 4 1 1
5430.0 4612.8 -13.8 91 0 6.0 40.7 10.5 3.5 2 0 3 5 5
5433.3 4639.2 -14.1 180 0 30.1 6.9 10.5 3.5 2 0 3 0 0
5735.6 4448.6 -13.9 169 0 12.8 6.3 2.5 2.5 2 0 1 4 4
5731.7 4543.1 -18.6 82 0 5.7 16.3 7.5 2.5 2 0 3 2 2
5410.0 4157.5 -6.8 9 0 8.7 9.4 10.5 3.5 2 0 3 5 5
5372.5 4345.9 -8.8 3 0 33.8 10.5 14.0 3.5 2 0 4 0 0
-2200.4 -1370.9 25.1 17 0 37.7 12.4 12.5 2.5 2 0 5 4 4
6865.6 -6609.8 -38.7 90 0 11.4 20.0 2.5 2.5 2 1 1 5 5
6927.8 -7140.5 -37.6 125 0 6.0 7.8 2.5 2.5 2 1 1 2 2
-6276.8 -5575.8 19.2 252 0 7.3 8.8 5.0 2.5 2 1 2 0 0
-2139.0 -1555.9 25.9 197 0 29.4 16.4 12.5 2.5 2 0 5 0 0
5551.5 4628.0 -16.7 273 0 29.6 10.4 14.0 3.5 2 0 4 3 3
5655.1 4976.3 -25.3 334 0 7.7 8.1 5.0 2.5 2 1 2 2 2
5615.9 4734.0 -24.0 1 0 6.3 8.2 5.0 2.5 4 0 2 3 3
5616.0 4740.4 -24.0 1 0 6.5 8.2 2.5 2.5 2 0 1 4 4
5626.0 4762.6 -24.2 8 0 6.7 10.7 7.5 2.5 2 1 3 0 0
5715.8 4597.3 -19.2 266 0 7.3 11.5 7.5 2.5 2 1 3 2 2
5721.0 4556.5 -18.5 82 0 8.3 7.2 7.5 2.5 2 0 3 2 2
5479.8 4375.7 -10.0 238 0 13.3 15.8 14.0 0.0 0 1 4 1 1
5614.7 4431.9 -13.5 252 0 8.1 5.3 10.5 3.5 2 0 3 5 5
5568.0 4420.8 -12.3 255 0 13.0 12.5 14.0 3.5 4 0 4 4 4
5584.1 4424.9 -12.8 256 0 19.7 12.0 14.0 3.5 2 0 4 5 5
5543.5 4432.6 -12.5 86 0 5.1 24.9 10.5 3.5 2 0 3 0 0
5632.4 4493.4 -15.2 265 0 7.2 14.4 10.5 3.5 2 1 3 4 4
5698.5 4289.7 -11.4 268 0 6.3 11.3 2.5 2.5 2 0 1 5 5
5846.6 4424.5 -16.6 339 0 6.9 4.1 7.5 2.5 2 0 3 1 1
5718.5 4395.2 -12.7 173 0 8.6 3.7 10.5 3.5 2 0 3 1 1
5728.2 4397.0 -12.7 353 0 9.8 6.0 10.5 3.5 2 0 3 2 2
5697.1 4380.5 -12.4 268 0 4.4 10.7 10.5 3.5 2 0 3 1 1
5671.2 4347.1 -12.0 5 0 10.1 6.7 10.5 3.5 2 0 3 4 4
5652.0 4346.0 -11.8 185 0 4.5 12.3 10.5 0.0 0 0 3 0 0
5668.2 4325.7 -11.7 6 0 11.5 8.4 10.5 3.5 4 0 3 5 5
5666.2 4306.9 -11.3 6 0 8.2 9.9 10.5 0.0 0 1 3 3 3
5676.7 4361.0 -12.1 82 0 5.7 5.7 10.5 3.5 2 1 3 5 5
5701.2 4336.8 -12.2 267 0 7.6 11.6 5.0 2.5 2 1 2 4 4
5782.1 4348.9 -15.0 176 0 5.4 3.8 5.0 2.5 4 0 2 5 5
5781.7 4354.8 -15.2 176 0 6.5 9.1 2.5 2.5 2 0 1 1 1
5796.0 4351.6 -15.5 264 0 6.7 5.1 5.0 2.5 2 0 2 5 5
5792.2 4341.1 -15.4 174 0 10.0 8.1 5.0 2.5 2 0 2 1 1
5785.4 4325.2 -15.6 174 0 5.2 27.8 5.0 2.5 2 0 2 2 2
5784.8 4331.5 -15.3 174 0 7.5 16.4 7.5 2.5 2 0 3 2 2
5781.5 4328.6 -14.6 174 0 12.8 3.6 5.0 2.5 2 0 2 2 2
5781.2 4318.9 -14.4 174 0 6.5 4.8 7.5 2.5 2 0 3 4 4
5772.1 4323.5 -14.0 359 0 12.6 4.6 2.5 2.5 2 0 1 5 5
5751.1 4332.3 -13.6 173 0 17.4 4.6 5.0 2.5 2 0 2 3 3
5757.9 4320.9 -13.7 179 0 7.9 9.6 7.5 2.5 2 0 3 2 2
5855.1 4336.8 -17.4 1 0 5.0 8.1 5.0 2.5 2 1 2 0 0
5843.4 4321.1 -16.8 167 0 8.6 4.1 2.5 2.5 2 0 1 0 0
5818.7 4355.6 -16.2 347 0 4.5 19.1 5.0 2.5 4 1 2 2 2
5827.9 4325.9 -16.2 346 0 13.8 8.8 5.0 2.5 2 0 2 2 2
5825.5 4335.8 -16.2 346 0 6.6 9.0 2.5 2.5 2 0 1 3 3
5737.4 4586.7 -19.4 263 0 3.3 6.3 7.5 2.5 2 1 3 3 3
5825.6 4427.2 -16.0 166 0 4.4 16.1 7.5 2.5 2 0 3 4 4
5863.1 4397.6 -18.4 344 0 5.0 13.3 5.0 2.5 2 1 2 4 4
5858.2 4410.3 -17.9 334 0 10.1 6.9 7.5 2.5 2 0 3 0 0
5835.5 4355.9 -17.2 163 0 13.2 7.5 5.0 2.5 4 0 2 3 3
5796.7 4395.3 -14.9 350 0 4.7 8.7 7.5 2.5 4 0 3 5 5
5801.5 4396.1 -15.1 350 0 4.7 4.8 2.5 2.5 4 0 1 4 4
5718.5 4481.5 -15.4 349 0 4.7 3.2 5.0 2.5 2 0 2 5 5
5719.5 4476.5 -15.2 349 0 5.5 3.2 7.5 2.5 2 0 3 4 4
5742.9 4529.8 -17.7 353 0 4.9 7.7 10.5 3.5 2 0 3 2 2
5735.0 4507.7 -16.6 171 0 4.4 3.9 10.5 0.0 0 0 3 3 3
5722.5 4505.4 -16.6 170 0 3.9 7.0 10.5 3.5 2 1 3 4 4
5726.8 4485.0 -15.7 170 0 8.9 4.4 10.5 3.5 2 0 3 2 2
5579.1 4504.8 -14.4 256 0 9.9 11.9 10.5 3.5 2 0 3 5 5
5590.7 4506.9 -14.7 263 0 12.6 12.4 14.0 3.5 2 0 4 5 5
5602.8 4508.7 -15.0 261 0 10.5 12.2 14.0 3.5 2 0 4 0 0
5614.7 4510.7 -15.3 260 0 12.2 12.4 14.0 0.0 0 0 4 1 1
5632.9 4506.8 -15.5 353 0 12.7 11.6 14.0 3.5 2 0 4 3 3
5598.3 4563.4 -16.1 2 0 8.9 6.3 10.5 3.5 2 0 3 0 0
5615.3 4574.1 -16.6 358 0 3.0 5.9 10.5 3.5 2 0 3 0 0
5613.3 4580.6 -16.8 358 0 10.3 5.1 10.5 3.5 2 0 3 3 3
5605.7 4578.5 -16.6 359 0 8.6 17.8 10.5 0.0 0 1 3 1 1
5615.0 4601.4 -17.3 358 0 12.0 3.0 10.5 3.5 4 0 3 2 2
5629.4 4602.3 -17.7 2 0 14.4 10.1 14.0 3.5 2 0 4 0 0
5618.5 4648.4 -18.1 0 0 7.2 11.2 10.5 3.5 2 0 3 0 0
5619.0 4662.6 -19.3 0 0 10.0 8.5 10.5 3.5 4 0 3 1 1
5629.6 4648.8 -18.4 0 0 8.1 11.1 10.5 0.0 0 0 3 2 2
5629.5 4639.3 -18.1 0 0 10.8 7.2 10.5 3.5 2 0 3 0 0
5629.5 4629.8 -18.1 0 0 8.4 7.2 10.5 3.5 2 0 3 5 5
5629.4 4620.7 -18.0 0 0 9.7 8.2 10.5 3.5 4 0 3 1 1
5581.1 4545.5 -15.4 90 0 5.0 3.9 10.5 3.5 2 0 3 3 3
5581.1 4549.4 -15.5 90 0 5.0 7.3 10.5 3.5 2 0 3 1 1
5602.4 4538.0 -15.8 87 0 6.6 11.8 10.5 3.5 4 1 3 1 1
5628.7 4551.3 -16.4 359 0 5.5 12.9 10.5 0.0 0 0 3 4 4
5628.5 4560.2 -16.7 359 0 12.4 12.9 14.0 3.5 2 0 4 5 5
5818.1 4294.4 -13.8 266 0 9.0 10.5 7.5 2.5 2 0 3 0 0
5802.0 4294.2 -13.7 260 0 19.4 13.3 7.5 0.0 0 0 3 2 2
5780.9 4300.5 -14.1 175 0 14.3 5.4 2.5 2.5 2 0 1 3 3
5772.1 4353.0 -14.5 355 0 9.9 7.9 7.5 2.5 2 0 3 5 5
5764.2 4352.4 -14.2 355 0 9.9 11.3 5.0 2.5 2 0 2 4 4
5709.1 4405.7 -12.6 170 0 12.3 6.0 10.5 3.5 2 0 3 1 1
5728.5 4375.9 -12.8 353 0 13.3 7.3 10.5 3.5 2 0 3 3 3
5702.3 4357.9 -12.5 86 0 12.1 8.6 10.5 3.5 2 0 3 2 2
5715.8 4359.0 -12.7 85 0 15.3 8.7 10.5 3.5 2 0 3 3 3
5727.4 4360.2 -12.8 83 0 8.5 8.8 10.5 3.5 2 0 3 3 3
5749.3 4394.4 -13.1 81 0 11.2 19.6 5.0 2.5 2 1 2 5 5
5816.9 4377.8 -16.4 349 0 11.2 10.1 5.0 2.5 2 0 2 5 5
5760.7 4386.7 -13.5 262 0 7.3 3.2 7.5 2.5 2 0 3 0 0
5745.0 4381.3 -13.1 176 0 7.1 8.9 5.0 2.5 2 1 2 2 2
5765.7 4400.4 -13.6 170 0 19.4 4.9 5.0 2.5 2 0 2 1 1
5712.9 4428.4 -12.9 171 0 6.8 3.0 10.5 3.5 4 0 3 0 0
5708.8 4427.8 -12.9 171 0 6.8 4.1 10.5 3.5 2 0 3 0 0
5681.9 4424.3 -12.9 171 0 6.1 9.0 10.5 3.5 2 0 3 1 1
5689.4 4451.1 -14.1 257 0 5.2 12.4 10.5 3.5 4 1 3 4 4
5731.0 4414.3 -12.8 350 0 16.3 10.9 14.0 0.0 0 0 4 5 5
5728.1 4428.4 -12.9 346 0 11.8 10.3 14.0 3.5 2 0 4 2 2
5784.5 4426.9 -13.5 256 0 12.8 4.3 2.5 0.0 0 0 1 3 3
5799.6 4429.8 -14.4 256 0 9.6 11.7 7.5 0.0 0 1 3 4 4
5818.0 4562.4 -18.9 72 0 3.7 5.8 7.5 2.5 2 1 3 2 2
5596.5 4522.3 -15.3 82 0 7.7 7.2 10.5 3.5 2 0 3 5 5
5603.4 4523.2 -15.4 82 0 6.3 7.2 10.5 3.5 2 0 3 5 5
5584.8 4519.6 -15.1 85 0 9.3 11.9 10.5 3.5 2 1 3 2 2
5543.1 4513.1 -14.1 80 0 16.8 9.4 10.5 3.5 2 0 3 3 3
5527.8 4510.5 -13.8 82 0 13.1 13.6 14.0 0.0 0 0 4 4 4
5629.8 4532.5 -16.0 354 0 11.5 15.1 14.0 3.5 4 1 4 5 5
5335.7 4404.8 -8.6 187 0 14.8 24.7 14.0 3.5 2 1 4 5 5
5858.3 4258.3 -13.2 166 0 13.5 8.9 7.5 2.5 4 0 3 4 4
5394.4 4692.2 -16.9 178 0 6.1 25.9 10.5 3.5 4 0 3 4 4
5389.9 4687.6 -15.7 271 0 18.9 11.6 10.5 3.5 2 0 3 3 3
5456.3 4684.9 -17.0 271 0 10.9 12.8 10.5 3.5 2 0 3 3 3
5439.0 4668.2 -15.9 181 0 8.5 21.3 10.5 3.5 2 0 3 2 2
5506.6 4802.6 -20.1 268 0 11.6 11.1 10.5 3.5 2 0 3 4 4
5546.3 4359.4 -10.7 173 0 6.5 11.3 10.5 3.5 2 1 3 1 1
5551.6 4329.1 -10.2 169 0 6.8 11.4 10.5 3.5 2 0 3 2 2
5553.0 4322.5 -10.1 169 0 6.5 11.4 10.5 3.5 2 0 3 1 1
5560.6 4300.2 -9.9 183 0 3.8 17.9 10.5 3.5 2 0 3 2 2
5560.4 4295.7 -9.8 183 0 5.3 17.9 10.5 0.0 0 0 3 1 1
5554.7 4259.3 -9.0 183 0 8.2 8.4 10.5 3.5 2 1 3 3 3
5845.8 4492.2 -16.9 258 0 9.5 4.8 7.5 2.5 2 0 3 2 2
5537.6 4305.4 -9.4 359 0 5.0 4.8 10.5 3.5 2 0 3 2 2
5626.0 4680.1 -20.5 272 0 7.3 12.1 10.5 3.5 2 1 3 0 0
5537.1 4781.3 -21.0 4 0 7.5 5.4 10.5 3.5 4 0 3 1 1
5540.8 4781.0 -21.1 4 0 7.5 3.7 10.5 3.5 2 0 3 2 2
5538.2 4770.4 -21.1 94 0 3.7 7.0 10.5 3.5 2 0 3 2 2
5525.6 4771.9 -20.7 93 0 6.0 6.5 10.5 3.5 2 1 3 3 3
5536.8 4809.7 -21.0 272 0 7.1 16.3 10.5 3.5 2 1 3 1 1
5573.6 4763.6 -22.4 13 0 22.6 19.6 10.0 2.5 2 0 4 4 4
5558.7 4736.6 -22.3 181 0 26.9 9.5 7.5 2.5 2 0 3 1 1
5513.0 4741.5 -21.4 179 0 10.8 28.6 14.0 3.5 2 1 4 5 5
5486.9 4685.4 -17.9 180 0 4.7 3.5 7.0 3.5 2 0 2 4 4
5452.7 4486.2 -11.4 273 0 6.3 29.3 10.5 3.5 2 0 3 2 2
5550.6 4542.5 -14.7 179 0 5.4 5.1 10.5 3.5 2 0 3 1 1
5559.4 4537.9 -15.0 90 0 4.2 12.0 10.5 0.0 0 1 3 1 1
5556.9 4515.3 -14.4 85 0 5.2 14.9 10.5 3.5 2 1 3 5 5
5564.2 4516.4 -14.6 85 0 5.3 16.7 10.5 3.5 2 1 3 5 5
5887.2 3691.8 -6.9 97 0 3.7 7.7 5.0 0.0 0 1 2 5 5
5769.5 3796.3 -4.1 105 0 5.3 12.8 5.0 2.5 2 1 2 1 1
5298.5 4634.7 -10.8 179 0 10.1 9.4 10.5 3.5 2 0 3 1 1
5282.9 4660.5 -11.2 358 0 8.6 9.0 10.5 3.5 2 1 3 1 1
5240.5 4635.0 -9.4 272 0 6.0 11.8 10.5 3.5 4 0 3 0 0
5246.8 4634.8 -9.6 272 0 6.6 11.8 10.5 3.5 2 0 3 0 0
5290.8 4426.3 -7.9 3 0 12.1 11.2 10.5 3.5 2 0 3 2 2
5284.6 4545.0 -9.4 359 0 10.4 10.0 14.0 3.5 2 0 4 4 4
5228.0 4581.1 -9.3 177 0 10.4 11.4 14.0 3.5 2 1 4 1 1
5266.5 4990.5 -10.5 343 0 7.4 14.6 2.5 2.5 2 1 1 3 3
5211.0 4955.9 -10.6 318 0 11.4 10.0 2.5 2.5 2 0 1 2 2
5160.7 5081.8 -3.4 90 0 7.1 5.8 5.0 2.5 2 0 2 2 2
5125.6 5074.8 -4.6 3 0 3.8 6.8 5.0 2.5 2 0 2 1 1
5122.2 5073.1 -4.7 273 0 6.8 10.2 5.0 2.5 2 0 2 1 1
5126.2 4996.4 -8.0 359 0 6.0 11.8 7.5 2.5 2 0 3 4 4
5126.4 4989.7 -8.3 358 0 7.4 11.8 5.0 0.0 0 0 2 5 5
5067.0 5022.8 -6.8 261 0 5.2 4.0 5.0 2.5 2 0 2 0 0
5080.5 5025.9 -6.5 179 0 6.3 11.4 5.0 2.5 2 0 2 5 5
5080.6 5019.8 -6.8 179 0 5.9 11.4 5.0 2.5 2 0 2 2 2
5082.8 4995.4 -8.1 179 0 6.3 11.6 5.0 0.0 0 0 2 2 2
5082.9 4989.2 -8.3 179 0 6.1 11.6 5.0 0.0 0 0 2 1 1
5054.7 4466.0 -4.9 259 0 9.5 6.0 5.0 2.5 2 0 2 2 2
5045.7 4463.9 -4.8 257 0 5.5 10.3 5.0 2.5 2 1 2 3 3
5046.6 4473.9 -4.8 349 0 13.7 8.4 5.0 2.5 2 0 2 4 4
5030.0 4482.5 -4.6 359 0 5.0 12.4 2.5 2.5 2 0 1 1 1
5029.9 4489.8 -4.7 359 0 9.6 12.4 7.5 0.0 0 0 3 4 4
5031.0 4400.8 -4.3 270 0 4.8 11.2 7.5 2.5 2 1 3 2 2
5184.3 4590.4 -8.3 88 0 10.0 11.5 2.5 2.5 2 1 1 0 0
5166.5 4607.6 -8.0 265 0 9.9 19.6 7.5 2.5 2 1 3 0 0
5098.3 4612.2 -6.4 168 0 10.9 7.4 2.5 2.5 2 0 1 3 3
5117.0 4616.3 -6.6 348 0 10.9 11.8 2.5 2.5 2 0 1 3 3
5125.5 4621.5 -6.8 348 0 17.4 9.4 5.0 2.5 2 0 2 1 1
5087.7 4682.0 -6.5 167 0 5.3 15.1 2.5 2.5 2 1 1 3 3
5208.4 4835.8 -10.9 90 0 8.4 10.5 5.0 2.5 4 1 2 2 2
5261.0 4876.3 -13.0 178 0 10.0 10.4 5.0 2.5 2 1 2 1 1
5278.8 4859.1 -13.1 359 0 11.3 10.2 7.5 2.5 2 0 3 0 0
5314.8 4828.1 -14.2 99 0 5.1 8.5 10.5 3.5 4 1 3 5 5
5305.8 4836.5 -14.0 93 0 4.4 14.2 10.5 3.5 2 1 3 4 4
5284.3 4759.7 -12.6 1 0 9.9 5.5 10.5 3.5 2 0 3 4 4
5216.0 4752.3 -10.7 178 0 6.6 11.9 10.5 3.5 2 0 3 2 2
5215.9 4758.7 -10.7 178 0 6.2 11.9 10.5 3.5 2 0 3 5 5
5194.9 4703.7 -9.9 178 0 10.0 6.8 10.5 3.5 2 0 3 5 5
5145.3 4701.8 -8.2 266 0 11.6 6.8 2.5 2.5 2 0 1 2 2
5140.2 4691.7 -8.2 176 0 5.8 11.6 7.5 2.5 2 0 3 3 3
5119.3 4667.1 -7.1 351 0 8.6 11.3 5.0 2.5 2 0 2 2 2
5118.0 4675.2 -7.0 351 0 7.6 11.3 7.5 2.5 4 0 3 4 4
5116.5 4697.7 -7.1 348 0 12.1 8.2 5.0 2.5 4 0 2 5 5
5108.0 4717.8 -6.9 78 0 8.8 9.8 5.0 2.5 2 1 2 1 1
5139.1 4737.6 -7.9 359 0 7.3 11.8 7.5 2.5 2 0 3 4 4
5133.4 4728.0 -7.9 89 0 11.8 5.8 7.5 0.0 0 0 3 5 5
5164.1 4790.1 -9.2 180 0 4.4 7.9 7.5 2.5 2 0 3 3 3
5161.2 4785.0 -9.3 180 0 5.8 14.5 5.0 2.5 2 0 2 2 2
5161.2 4778.8 -9.3 180 0 6.6 14.5 5.0 2.5 2 0 2 5 5
5172.5 4872.2 -9.9 359 0 7.6 11.1 7.5 2.5 2 0 3 0 0
5172.6 4864.4 -9.8 359 0 8.1 11.1 7.5 0.0 0 0 3 5 5
5128.8 4870.8 -8.7 181 0 6.8 10.7 7.5 2.5 2 0 3 3 3
5128.7 4863.7 -8.7 181 0 7.4 10.7 7.5 0.0 0 0 3 0 0
5125.6 4900.2 -8.6 269 0 12.8 11.6 7.5 2.5 4 0 3 1 1
5170.8 4892.1 -10.0 358 0 7.2 11.6 7.5 2.5 2 0 3 5 5
5170.7 4898.5 -10.0 358 0 5.5 11.6 7.5 2.5 2 0 3 4 4
5159.9 4836.9 -9.4 91 0 7.0 11.2 7.5 2.5 2 0 3 0 0
5152.7 4837.0 -9.1 91 0 7.3 11.2 7.5 0.0 0 0 3 2 2
5108.9 4826.1 -7.4 357 0 6.9 11.5 5.0 0.0 0 0 2 0 0
5109.2 4819.5 -7.4 357 0 6.3 11.5 5.0 2.5 4 0 2 3 3
5116.6 4796.8 -7.5 358 0 6.5 11.0 5.0 2.5 2 0 2 4 4
5116.9 4790.3 -7.5 357 0 6.4 11.0 5.0 2.5 2 0 2 1 1
5128.5 4767.2 -7.7 359 0 7.4 11.5 5.0 0.0 0 0 2 3 3
5128.6 4760.4 -7.6 359 0 6.3 11.5 2.5 2.5 2 0 1 2 2
5157.5 4816.6 -9.1 273 0 11.0 6.6 7.5 2.5 2 0 3 0 0
5151.5 4806.9 -9.0 183 0 6.8 11.0 5.0 2.5 2 0 2 2 2
5191.1 4817.8 -10.2 270 0 10.3 7.9 5.0 2.5 2 0 2 0 0
5196.3 4806.3 -10.1 0 0 7.3 10.3 5.0 2.5 2 0 2 4 4
5178.2 4754.8 -9.3 88 0 8.4 10.1 7.5 2.5 4 0 3 5 5
5178.5 4746.2 -9.3 88 0 8.4 8.6 5.0 2.5 2 0 2 1 1
5216.1 4785.7 -11.0 180 0 6.6 12.4 10.5 3.5 2 0 3 4 4
5216.1 4779.2 -10.9 180 0 6.5 12.4 10.5 3.5 2 0 3 4 4
5215.6 4812.8 -11.2 179 0 7.1 12.3 10.5 3.5 2 0 3 1 1
5215.7 4805.9 -11.1 179 0 6.8 12.3 10.5 0.0 0 0 3 2 2
5240.6 4776.1 -11.6 179 0 10.5 10.3 14.0 3.5 2 0 4 1 1
5318.8 4749.2 -13.9 358 0 6.3 11.5 7.5 2.5 2 1 3 0 0
5297.6 4736.9 -13.6 178 0 9.9 10.6 5.0 2.5 2 1 2 0 0
5302.0 4760.2 -13.5 179 0 9.9 10.1 2.5 2.5 2 1 1 4 4
5282.7 4794.6 -12.8 359 0 9.9 8.7 10.5 3.5 2 0 3 3 3
5282.2 4780.1 -12.7 1 0 11.8 9.8 10.5 0.0 0 0 3 5 5
5277.4 4739.5 -12.5 359 0 11.2 10.5 14.0 3.5 2 0 4 5 5
5096.6 4577.8 -6.3 86 0 7.4 18.5 5.0 2.5 2 1 2 0 0
5136.2 4476.5 -6.2 256 0 3.4 6.2 7.5 2.5 2 0 3 4 4
5144.4 4459.6 -6.3 76 0 4.3 14.9 7.5 2.5 2 0 3 3 3
5156.9 4463.1 -6.4 75 0 6.0 5.0 7.5 2.5 2 0 3 1 1
5163.0 4567.5 -7.4 266 0 8.9 9.9 7.5 2.5 2 1 3 3 3
5212.1 4531.5 -7.6 268 0 10.3 10.7 2.5 2.5 2 1 1 2 2
5209.4 4555.5 -8.1 355 0 3.6 11.5 7.5 2.5 2 0 3 4 4
5204.5 4544.6 -8.0 85 0 11.5 8.7 5.0 2.5 2 0 2 4 4
5158.5 4503.4 -6.5 176 0 3.5 4.6 5.0 2.5 2 0 2 4 4
5158.3 4507.5 -6.5 176 0 4.7 4.6 2.5 2.5 2 0 1 0 0
5157.8 4514.3 -6.7 176 0 8.9 11.6 2.5 2.5 2 0 1 5 5
5159.0 4496.9 -6.6 176 0 9.4 11.5 2.5 2.5 4 0 1 2 2
5197.4 4461.3 -6.8 76 0 5.7 7.8 7.5 2.5 2 1 3 3 3
5204.2 4474.6 -7.0 73 0 17.8 6.8 5.0 2.5 2 0 2 1 1
5215.2 4456.3 -7.1 80 0 16.2 8.8 5.0 2.5 4 0 2 5 5
5128.1 4475.6 -6.2 257 0 7.3 13.6 5.0 2.5 2 0 2 3 3
5136.5 4440.0 -6.3 77 0 7.3 23.0 7.5 2.5 2 0 3 2 2
5127.2 4439.1 -6.3 77 0 11.1 13.6 5.0 0.0 0 0 2 3 3
5117.1 4477.8 -6.2 257 0 13.1 26.4 10.0 2.5 2 0 4 2 2
5169.3 4486.0 -6.7 168 0 6.1 13.2 7.5 2.5 2 1 3 0 0
5170.5 4453.4 -6.6 80 0 8.5 14.3 5.0 2.5 2 1 2 2 2
5130.5 4420.5 -6.4 257 0 11.4 10.4 5.0 2.5 4 0 2 2 2
5158.9 4412.0 -6.7 350 0 8.6 10.6 2.5 2.5 2 1 1 2 2
5167.9 4366.6 -6.9 356 0 9.9 6.6 7.5 2.5 2 0 3 2 2
5263.0 4936.0 -13.3 273 0 11.3 14.4 5.0 2.5 2 1 2 3 3
5248.6 4926.8 -12.9 184 0 8.6 6.9 7.5 2.5 2 0 3 4 4
5296.6 4865.1 -14.0 182 0 3.9 9.2 10.5 3.5 2 1 3 0 0
5257.2 4888.4 -12.8 180 0 7.4 4.6 5.0 2.5 4 0 2 1 1
5279.7 4919.3 -13.7 297 0 8.2 11.6 2.5 2.5 2 1 1 5 5
5254.6 4908.8 -13.0 188 0 9.5 8.8 5.0 2.5 2 0 2 3 3
5257.1 4841.7 -12.6 179 0 8.6 10.0 5.0 2.5 2 0 2 5 5
5269.9 4837.7 -13.0 89 0 5.8 8.6 7.5 2.5 2 0 3 3 3
5271.5 4807.3 -12.5 358 0 4.8 4.1 10.5 0.0 0 0 3 3 3
5281.6 4814.2 -12.9 360 0 9.7 6.8 10.5 3.5 2 0 3 2 2
5259.8 4786.7 -12.0 358 0 3.1 4.3 10.5 3.5 2 1 3 1 1
5257.7 4804.6 -12.2 272 0 12.0 6.0 10.5 3.5 2 0 3 5 5
5259.9 4796.4 -12.0 1 0 4.4 8.4 10.5 3.5 2 0 3 3 3
5267.9 4759.9 -12.0 2 0 9.1 13.2 10.5 3.5 2 1 3 5 5
5322.8 4643.3 -11.1 357 0 7.6 4.8 10.5 0.0 0 0 3 3 3
5298.7 4650.3 -11.2 175 0 9.9 17.3 10.5 3.5 2 1 3 1 1
5302.7 4787.4 -13.7 179 0 8.3 12.2 7.5 2.5 2 1 3 4 4
5297.9 4812.9 -13.7 183 0 9.7 8.9 2.5 2.5 2 0 1 4 4
5341.5 4738.1 -14.9 196 0 5.7 4.6 10.5 3.5 2 0 3 0 0
5336.9 4736.2 -14.7 196 0 7.4 3.9 10.5 3.5 4 0 3 1 1
5335.0 4729.3 -14.6 196 0 6.8 3.9 10.5 3.5 2 0 3 1 1
5322.6 4677.0 -13.5 194 0 8.4 5.2 10.5 3.5 2 0 3 2 2
5301.0 4716.5 -13.7 178 0 6.1 11.2 7.5 2.5 2 0 3 3 3
5302.9 4708.2 -13.7 178 0 5.3 9.6 7.5 2.5 4 0 3 4 4
5267.9 4706.3 -12.2 357 0 3.8 9.3 10.5 3.5 2 1 3 2 2
5284.4 4632.6 -10.3 1 0 10.5 10.2 14.0 3.5 2 0 4 0 0
5265.1 4672.3 -11.6 359 0 4.9 8.6 10.5 3.5 2 1 3 4 4
5283.4 4679.5 -12.6 2 0 11.1 11.4 14.0 3.5 2 1 4 3 3
5326.2 4692.8 -14.3 196 0 9.7 6.7 10.5 0.0 0 0 3 0 0
5340.0 4750.3 -14.7 190 0 8.5 4.5 10.5 3.5 2 0 3 0 0
5346.1 4779.9 -14.8 196 0 8.5 5.6 10.5 3.5 2 0 3 3 3
5358.2 4785.9 -15.3 110 0 6.5 11.7 10.5 3.5 2 1 3 5 5
5325.1 4820.7 -14.5 97 0 6.8 9.6 10.5 3.5 2 1 3 2 2
5299.9 4695.2 -13.5 179 0 9.2 9.5 7.5 0.0 0 1 3 3 3
5198.6 4523.4 -7.1 268 0 3.0 7.1 7.5 2.5 2 1 3 1 1
5186.4 4530.0 -7.1 357 0 8.2 5.4 7.5 2.5 2 0 3 4 4
5192.8 4528.2 -7.2 357 0 14.5 6.2 7.5 2.5 2 0 3 3 3
5261.8 4602.9 -9.9 1 0 5.2 5.1 10.5 3.5 2 0 3 5 5
5263.7 4592.7 -10.0 1 0 6.2 7.2 10.5 3.5 2 0 3 4 4
5283.2 4513.6 -8.8 359 0 9.2 9.8 10.5 3.5 2 1 3 1 1
5274.5 4570.1 -9.7 0 0 6.4 5.5 10.5 3.5 2 0 3 1 1
5274.6 4578.3 -9.9 0 0 9.9 9.6 10.5 3.5 2 0 3 1 1
5282.0 4615.6 -10.4 0 0 8.2 8.2 10.5 3.5 2 0 3 3 3
5280.9 4599.4 -10.4 358 0 9.3 11.5 10.5 3.5 2 1 3 2 2
5287.0 4489.8 -8.2 358 0 8.0 9.8 10.5 3.5 2 1 3 4 4
5256.2 4489.1 -7.8 177 0 10.0 12.8 10.5 3.5 4 1 3 3 3
5239.4 4540.0 -8.6 178 0 11.2 12.4 14.0 0.0 0 1 4 0 0
5234.7 4562.6 -9.0 179 0 10.2 9.1 10.5 0.0 0 0 3 2 2
5201.3 4665.7 -10.2 183 0 11.8 17.5 14.0 3.5 2 1 4 4 4
5238.5 4656.8 -10.1 89 0 4.3 6.4 10.5 3.5 2 0 3 2 2
5245.4 4657.0 -10.4 89 0 9.5 7.7 10.5 3.5 2 0 3 3 3
5129.1 4655.6 -7.0 255 0 6.5 9.4 7.5 2.5 2 0 3 4 4
5160.2 4674.2 -8.5 347 0 10.3 13.7 5.0 2.5 4 1 2 5 5
5085.0 4812.0 -7.1 177 0 9.5 16.4 5.0 2.5 2 0 2 3 3
5241.0 4715.6 -11.5 177 0 4.9 7.0 10.5 3.5 2 0 3 1 1
5238.7 4722.5 -11.5 177 0 9.3 9.0 10.5 3.5 2 0 3 0 0
5210.7 4726.5 -10.4 268 0 8.1 11.0 10.5 3.5 2 1 3 0 0
5239.9 4695.2 -11.5 179 0 8.8 8.7 10.5 3.5 4 0 3 1 1
5192.3 4568.4 -8.0 268 0 7.6 8.7 5.0 2.5 2 1 2 2 2
5144.9 4603.8 -7.3 269 0 3.8 5.2 5.0 2.5 2 0 2 2 2
5151.4 4603.9 -7.6 269 0 9.1 13.9 5.0 2.5 4 0 2 5 5
5144.9 4621.6 -7.3 78 0 8.1 13.7 7.5 2.5 2 1 3 5 5
5078.6 4622.6 -5.8 169 0 7.2 6.3 7.5 2.5 2 0 3 3 3
5110.5 4573.4 -6.7 176 0 10.3 8.5 2.5 0.0 0 0 1 0 0
5133.4 4576.0 -7.1 357 0 12.0 10.6 2.5 2.5 2 0 1 5 5
5132.8 4597.0 -7.1 350 0 8.1 14.1 5.0 2.5 2 1 2 5 5
5156.1 4545.4 -7.0 177 0 10.1 9.7 2.5 2.5 2 0 1 2 2
5156.9 4530.8 -6.7 178 0 10.8 10.5 10.0 2.5 2 0 4 3 3
5154.4 3991.6 -4.5 204 0 6.7 8.8 2.5 2.5 2 1 1 1 1
5149.4 3943.0 -4.3 301 0 15.5 5.1 5.0 2.5 2 0 2 3 3
5163.1 3946.3 -4.3 121 0 9.9 17.3 5.0 2.5 2 1 2 5 5
5238.3 3907.5 -5.8 97 0 5.6 11.4 5.0 2.5 2 1 2 5 5
5236.5 3933.8 -5.4 277 0 6.9 7.8 5.0 2.5 2 1 2 1 1
5137.8 4303.7 -5.6 181 0 17.6 3.8 7.5 2.5 2 0 3 0 0
5143.3 4315.7 -5.8 179 0 5.1 9.2 5.0 2.5 2 1 2 0 0
5119.1 4358.5 -6.3 90 0 7.1 13.2 5.0 2.5 4 1 2 2 2
5151.0 4335.4 -6.1 358 0 4.3 7.0 7.5 2.5 4 0 3 3 3
5165.7 4376.3 -6.9 268 0 7.0 5.0 2.5 2.5 4 0 1 0 0
5151.1 4394.4 -6.7 352 0 14.3 5.9 2.5 2.5 2 0 1 4 4
5220.7 4307.1 -6.3 2 0 10.2 5.0 7.5 2.5 2 0 3 5 5
5151.5 4212.2 -6.2 8 0 11.9 9.7 7.5 2.5 2 0 3 2 2
5155.0 4155.2 -6.3 185 0 9.5 6.0 7.5 2.5 2 0 3 4 4
5188.6 4289.1 -5.8 94 0 7.5 9.2 5.0 2.5 2 1 2 3 3
5209.1 4225.7 -6.2 6 0 9.0 10.4 7.5 2.5 2 1 3 4 4
5206.7 4207.6 -6.3 6 0 9.0 10.0 7.5 2.5 2 1 3 3 3
5184.3 4173.8 -6.4 98 0 3.9 5.7 7.5 2.5 2 1 3 2 2
5185.0 4183.4 -6.4 92 0 4.3 10.1 7.5 2.5 2 1 3 5 5
5168.2 4188.8 -6.3 185 0 8.6 4.1 5.0 2.5 2 0 2 5 5
5175.5 4210.2 -6.3 185 0 14.0 8.0 2.5 2.5 2 0 1 3 3
5173.2 4237.7 -6.1 179 0 9.1 8.0 5.0 2.5 2 0 2 5 5
5211.2 4261.6 -6.0 97 0 5.2 12.8 5.0 2.5 2 1 2 0 0
5212.6 4349.4 -6.9 273 0 7.7 10.9 5.0 2.5 2 1 2 2 2
5215.6 4305.4 -6.2 2 0 8.3 7.1 7.5 2.5 4 0 3 4 4
5214.6 4317.8 -6.4 3 0 12.0 4.8 5.0 2.5 2 0 2 5 5
5277.1 4415.3 -7.8 0 0 8.0 17.8 10.5 0.0 0 1 3 4 4
5287.3 4401.2 -7.9 4 0 11.6 13.6 10.5 3.5 2 1 3 0 0
5227.4 4394.7 -7.4 90 0 14.2 5.4 10.5 3.5 2 0 3 2 2
5229.3 4372.8 -7.5 92 0 9.6 9.2 10.5 3.5 2 0 3 1 1
5210.7 4373.2 -7.3 91 0 8.1 10.6 10.5 3.5 2 1 3 4 4
5187.5 4381.2 -7.2 180 0 12.2 9.5 10.5 3.5 2 0 3 0 0
5193.5 4434.5 -7.0 261 0 16.3 10.7 10.5 3.5 4 0 3 1 1
5239.2 4445.6 -7.3 255 0 7.4 8.0 10.5 3.5 4 1 3 2 2
5249.9 4448.4 -7.5 254 0 8.4 9.3 10.5 3.5 2 1 3 3 3
5266.0 4453.1 -7.6 254 0 15.1 8.5 10.5 3.5 4 0 3 5 5
5253.0 4430.1 -7.5 255 0 5.8 3.9 10.5 0.0 0 0 3 1 1
5245.9 4425.0 -7.5 257 0 5.3 10.1 10.5 3.5 4 1 3 2 2
5264.7 4439.1 -7.6 253 0 5.4 8.5 10.5 3.5 2 0 3 1 1
5260.1 4437.7 -7.6 253 0 4.3 11.8 10.5 3.5 2 0 3 0 0
5243.6 4342.0 -7.2 183 0 11.9 6.7 10.5 3.5 2 0 3 2 2
5253.6 4307.8 -6.5 91 0 10.9 3.6 10.5 3.5 2 0 3 2 2
5239.6 4308.5 -6.8 93 0 8.2 22.1 10.5 3.5 2 1 3 3 3
5187.2 4309.5 -6.1 184 0 10.0 10.8 5.0 0.0 0 0 2 5 5
5187.8 4319.3 -6.3 184 0 9.7 10.8 7.5 2.5 2 0 3 2 2
5226.4 4327.1 -6.7 2 0 12.6 4.2 2.5 2.5 2 0 1 0 0
5188.1 4343.8 -6.8 179 0 12.0 10.9 5.0 2.5 4 0 2 2 2
5167.9 4315.6 -6.0 3 0 10.8 4.8 5.0 2.5 2 0 2 2 2
5156.3 4290.7 -5.7 94 0 9.8 10.8 5.0 2.5 4 1 2 4 4
5197.5 5574.6 -15.3 179 0 16.7 5.4 7.5 0.0 0 0 3 5 5
5249.7 5551.6 -18.5 89 0 6.8 6.1 5.0 2.5 2 0 2 0 0
5212.7 5545.5 -16.7 359 0 6.8 12.4 7.5 2.5 2 1 3 4 4
5280.3 5425.6 -7.3 273 0 12.1 12.8 10.0 2.5 2 1 4 1 1
5231.8 5417.4 -5.8 182 0 11.8 9.7 7.5 2.5 2 0 3 5 5
5180.4 5349.9 -3.7 3 0 23.2 11.8 10.0 2.5 2 0 4 1 1
5172.8 5318.6 -3.6 93 0 11.8 20.1 7.5 2.5 2 0 3 0 0
5206.6 5357.0 -3.8 7 0 5.7 14.8 7.5 2.5 2 1 3 4 4
5041.6 5181.7 -4.2 181 0 29.6 12.1 7.5 2.5 2 0 3 1 1
5045.7 5063.0 -6.8 166 0 22.0 8.1 7.5 2.5 2 0 3 4 4
5072.5 5082.3 -6.0 354 0 4.5 4.5 5.0 2.5 2 1 2 2 2
5066.0 5202.0 -4.3 271 0 23.6 24.0 10.0 2.5 2 0 4 2 2
5053.3 5166.0 -4.8 181 0 24.5 23.6 5.0 2.5 2 0 2 5 5
5067.8 5122.7 -5.4 91 0 16.0 30.7 17.5 0.0 0 0 7 2 2
5009.2 5076.2 -6.4 352 0 5.1 5.5 5.0 0.0 0 1 2 2 2
4997.3 5106.6 -5.2 360 0 12.5 4.9 7.5 2.5 2 0 3 5 5
4996.5 5085.8 -6.0 1 0 14.7 4.7 7.5 2.5 2 0 3 5 5
5184.0 5075.2 -4.4 275 0 7.6 15.8 7.5 2.5 2 1 3 5 5
5144.5 5060.3 -4.8 275 0 4.2 5.8 5.0 2.5 2 0 2 2 2
5152.1 5061.9 -4.8 275 0 10.8 9.2 2.5 2.5 2 0 1 0 0
5163.3 5061.0 -4.9 275 0 11.7 9.2 7.5 2.5 2 0 3 4 4
5156.1 4996.5 -7.7 84 0 6.2 16.4 5.0 2.5 2 1 2 4 4
5127.4 4968.9 -9.2 344 0 5.8 5.8 7.5 2.5 4 0 3 2 2
5085.6 5017.0 -7.2 269 0 9.8 6.7 5.0 2.5 2 0 2 1 1
5087.9 4982.5 -8.4 181 0 7.5 9.4 2.5 2.5 2 0 1 0 0
5094.4 4967.0 -8.6 180 0 6.1 12.3 5.0 2.5 2 0 2 1 1
5094.4 4959.9 -8.5 180 0 8.0 12.3 7.5 2.5 2 0 3 4 4
5103.3 4940.1 -8.3 89 0 5.2 6.3 5.0 2.5 2 0 2 2 2
5118.9 4926.5 -8.5 88 0 4.1 5.8 5.0 2.5 2 0 2 2 2
5110.7 4925.0 -8.4 88 0 12.4 8.4 5.0 2.5 2 0 2 3 3
5110.4 4933.4 -8.5 88 0 12.4 7.0 5.0 2.5 2 0 2 3 3
5184.9 5027.4 -6.2 0 0 6.7 9.3 5.0 2.5 2 0 2 2 2
5175.7 5032.3 -6.0 0 0 8.4 10.3 5.0 2.5 2 0 2 1 1
5154.0 5040.2 -5.6 181 0 6.1 3.9 7.5 2.5 4 0 3 0 0
5143.6 5038.8 -5.8 181 0 9.3 10.4 5.0 2.5 2 0 2 1 1
5124.7 5016.2 -7.0 1 0 10.3 9.2 5.0 2.5 2 0 2 1 1
5211.2 4863.9 -11.2 180 0 5.9 5.8 5.0 2.5 2 0 2 4 4
5222.4 4861.8 -11.4 360 0 10.1 5.5 5.0 2.5 2 0 2 1 1
5222.4 4869.5 -11.4 360 0 5.3 12.5 5.0 0.0 0 0 2 1 1
5227.5 4837.2 -11.5 89 0 10.4 10.1 7.5 2.5 2 0 3 4 4
5240.2 4858.9 -11.9 357 0 10.1 10.5 7.5 2.5 2 1 3 4 4
5239.6 4874.8 -12.0 1 0 9.5 10.1 7.5 2.5 2 1 3 5 5
5194.0 4909.6 -11.1 180 0 10.2 9.6 7.5 2.5 2 0 3 4 4
5193.1 4891.8 -11.0 180 0 9.9 11.6 2.5 2.5 4 1 1 4 4
5193.8 4875.4 -10.9 179 0 10.4 9.3 7.5 2.5 2 0 3 5 5
5193.8 4858.0 -10.7 180 0 10.3 9.4 7.5 2.5 2 0 3 4 4
5325.8 4963.6 -15.1 73 0 37.6 18.5 12.5 2.5 2 0 5 5 5
5347.6 5007.4 -16.5 252 0 15.4 55.5 10.0 2.5 2 1 4 0 0
5408.8 4900.8 -17.5 317 0 3.4 4.5 2.5 2.5 2 1 1 3 3
5373.4 4890.6 -16.6 256 0 17.1 16.3 7.5 2.5 2 0 3 3 3
5370.9 4907.9 -16.3 350 0 14.3 34.6 10.0 2.5 2 1 4 0 0
5345.2 4931.2 -16.2 259 0 31.8 8.7 7.5 2.5 2 0 3 0 0
5405.6 4948.2 -17.6 341 0 9.6 7.1 5.0 2.5 2 0 2 1 1
5387.3 4945.9 -17.3 252 0 17.7 9.8 5.0 2.5 2 0 2 0 0
5402.9 4922.7 -17.5 341 0 16.1 9.9 7.5 2.5 2 0 3 3 3
5295.4 4018.1 -4.4 186 0 23.4 6.0 7.5 2.5 2 0 3 2 2
5293.8 3984.7 -4.8 9 0 11.0 22.9 5.0 0.0 0 0 2 2 2
5264.5 4017.1 -3.9 188 0 9.8 9.9 2.5 0.0 0 1 1 5 5
5292.1 4032.6 -4.0 7 0 10.7 10.2 2.5 2.5 2 0 1 2 2
5149.2 3780.2 -5.1 4 0 5.8 3.5 2.5 2.5 2 0 1 1 1
5123.2 3794.2 -4.9 213 0 16.5 6.7 2.5 2.5 4 0 1 3 3
5140.8 3812.7 -5.3 198 0 8.3 9.8 2.5 2.5 2 1 1 4 4
5174.4 3862.9 -6.2 190 0 7.2 7.6 5.0 2.5 2 1 2 4 4
5193.1 3878.0 -6.3 278 0 5.5 15.7 5.0 2.5 2 1 2 2 2
5196.5 3890.7 -5.9 187 0 9.0 9.3 5.0 2.5 2 1 2 1 1
5175.4 3815.4 -6.0 99 0 5.1 12.8 7.5 2.5 2 1 3 5 5
5164.4 3843.1 -6.1 185 0 12.0 12.2 7.5 2.5 4 1 3 2 2
4809.9 6777.1 -25.2 1 0 13.4 5.3 7.5 2.5 2 0 3 0 0
4759.7 6823.0 -19.9 92 0 4.8 9.0 7.5 2.5 4 0 3 5 5
4759.0 6837.3 -20.1 182 0 10.5 5.2 7.5 2.5 2 0 3 0 0
4781.4 6846.4 -22.0 1 0 7.4 5.2 2.5 2.5 2 0 1 1 1
4876.3 6888.1 -30.1 243 0 19.9 5.5 7.5 2.5 4 0 3 1 1
4901.6 6906.0 -30.0 63 0 5.7 6.7 5.0 2.5 4 1 2 5 5
4850.4 6927.5 -30.3 157 0 8.8 6.7 7.5 2.5 2 0 3 1 1
4880.6 6905.7 -30.1 154 0 15.0 9.7 5.0 2.5 2 0 2 5 5
4941.8 6521.8 -26.3 157 0 7.1 16.5 5.0 2.5 2 1 2 1 1
4946.3 6512.7 -25.8 153 0 6.0 4.4 7.5 2.5 2 0 3 2 2
4948.8 6481.2 -26.0 154 0 13.3 6.0 7.5 2.5 2 0 3 1 1
4941.3 6487.6 -25.7 154 0 4.8 9.9 7.5 2.5 2 0 3 1 1
4939.9 6499.3 -25.5 159 0 13.4 6.1 7.5 2.5 2 0 3 1 1
4964.4 6504.5 -26.9 76 0 6.1 9.6 5.0 0.0 0 1 2 0 0
5251.5 5733.9 -22.9 159 0 5.4 5.1 5.0 2.5 2 0 2 3 3
5013.6 6024.7 -20.9 275 0 6.4 10.9 5.0 0.0 0 1 2 5 5
5178.2 5830.6 -16.6 336 0 4.9 12.4 5.0 0.0 0 0 2 0 0
5166.9 5825.6 -15.7 336 0 4.9 11.3 2.5 2.5 2 0 1 0 0
5169.6 5794.5 -14.2 158 0 9.6 4.9 5.0 2.5 2 0 2 0 0
5195.2 5782.6 -16.3 337 0 12.1 9.9 5.0 0.0 0 0 2 3 3
5145.1 5690.5 -6.0 258 0 4.7 5.3 7.5 2.5 2 1 3 3 3
5242.8 5632.5 -14.1 357 0 10.1 10.8 2.5 2.5 2 1 1 0 0
5232.1 5664.0 -14.9 265 0 11.7 9.5 5.0 2.5 2 0 2 1 1
4989.2 5319.3 -3.0 28 0 7.0 10.3 2.5 2.5 2 1 1 0 0
4981.9 5351.0 -3.2 183 0 6.2 9.5 5.0 2.5 2 1 2 0 0
5069.8 5293.0 -3.1 3 0 11.8 14.7 2.5 2.5 2 1 1 5 5
5072.0 5315.3 -3.2 91 0 9.7 6.7 7.5 2.5 2 0 3 4 4
5104.6 5307.9 -3.4 271 0 18.2 12.9 7.5 2.5 2 0 3 4 4
5621.7 4720.2 -23.6 3 0 3.3 8.1 7.5 2.5 2 0 3 0 0
5631.0 4724.1 -24.4 3 0 8.9 9.1 7.5 2.5 2 0 3 3 3
5630.7 4716.6 -23.7 3 0 6.3 9.1 7.5 2.5 2 0 3 0 0
5589.0 4679.1 -19.6 273 0 3.9 5.5 10.5 3.5 2 0 3 2 2
5585.5 4679.2 -19.5 273 0 3.1 5.5 10.5 3.5 2 0 3 0 0
5580.4 4679.3 -19.4 274 0 5.5 8.4 10.5 3.5 2 1 3 0 0
5587.3 4688.2 -20.9 94 0 9.2 8.5 7.5 0.0 0 0 3 2 2
5612.0 4694.3 -21.8 93 0 12.0 5.3 2.5 2.5 2 0 1 5 5
5601.2 4693.1 -21.6 94 0 9.2 7.2 5.0 2.5 2 0 2 0 0
5584.3 4729.1 -23.1 182 0 3.6 6.2 7.5 2.5 2 0 3 0 0
5585.1 4741.8 -23.1 184 0 6.6 4.5 5.0 2.5 4 0 2 0 0
5586.0 4756.7 -23.0 185 0 3.7 5.4 5.0 2.5 2 1 2 4 4
5587.1 4765.6 -23.0 185 0 9.9 5.1 5.0 2.5 2 0 2 1 1
5598.9 4751.8 -23.9 182 0 7.7 16.8 7.5 2.5 2 1 3 4 4
5605.1 4781.3 -23.5 275 0 11.4 8.6 2.5 2.5 2 0 1 1 1
5741.7 4012.3 -9.3 94 0 9.4 6.0 7.5 2.5 2 0 3 1 1
5556.0 4239.7 -8.9 183 0 6.0 5.2 10.5 3.5 2 0 3 5 5
5112.7 4002.9 -5.2 205 0 3.4 10.8 5.0 2.5 2 1 2 2 2
5240.2 4081.5 -4.8 9 0 5.6 10.5 5.0 2.5 2 1 2 0 0
5328.7 4060.3 -5.1 180 0 5.3 8.3 7.5 2.5 2 1 3 0 0
5341.9 3981.8 -5.5 11 0 6.8 4.4 5.0 2.5 2 0 2 1 1
5315.8 3966.9 -5.6 187 0 12.9 8.8 7.5 2.5 2 0 3 5 5
5312.5 3900.2 -6.8 100 0 12.0 11.1 5.0 2.5 2 0 2 2 2
5382.4 4027.1 -5.8 188 0 16.7 10.4 2.5 0.0 0 0 1 4 4
5384.8 4061.7 -6.0 188 0 6.3 14.3 2.5 2.5 2 1 1 2 2
5398.8 4081.3 -6.5 188 0 8.4 17.9 5.0 2.5 2 1 2 2 2
5482.7 4162.4 -7.5 276 0 6.3 6.7 10.5 3.5 2 0 3 1 1
5480.8 4143.9 -7.5 96 0 6.3 11.9 10.5 3.5 2 0 3 4 4
5474.4 4134.3 -7.4 96 0 4.4 10.2 10.5 3.5 2 1 3 5 5
5464.2 4132.2 -7.3 89 0 4.6 11.7 10.5 3.5 2 1 3 4 4
5474.4 4114.4 -7.5 279 0 5.3 16.4 5.0 0.0 0 0 2 1 1
5471.9 4098.2 -7.5 279 0 5.3 9.6 7.5 2.5 2 0 3 4 4
5468.2 4073.8 -7.3 99 0 5.3 15.1 5.0 2.5 2 0 2 4 4
5504.0 4094.0 -7.9 188 0 14.7 5.2 7.5 2.5 2 0 3 0 0
5498.6 4047.7 -7.4 187 0 27.2 7.5 5.0 2.5 2 0 2 0 0
5601.9 4118.9 -9.2 275 0 8.3 12.6 7.5 2.5 2 0 3 4 4
5739.4 4049.7 -9.7 3 0 13.9 14.8 2.5 2.5 2 0 1 0 0
5707.5 4057.3 -9.6 185 0 15.1 17.5 7.5 2.5 2 0 3 4 4
5739.5 4111.2 -10.6 274 0 8.0 14.1 2.5 2.5 2 0 1 1 1
5747.5 4110.6 -10.9 274 0 8.1 14.1 2.5 2.5 2 0 1 5 5
5703.2 4115.2 -10.1 275 0 7.3 12.7 7.5 2.5 2 1 3 1 1
5654.9 4097.0 -9.4 4 0 17.0 5.4 5.0 2.5 2 0 2 2 2
5649.6 4117.7 -9.7 3 0 11.2 12.3 7.5 2.5 2 1 3 1 1
5619.9 4122.6 -9.5 269 0 11.0 5.8 5.0 2.5 2 0 2 4 4
5627.6 4108.4 -9.2 273 0 5.4 17.5 7.5 2.5 2 1 3 0 0
5613.5 4088.6 -9.0 95 0 13.0 12.3 7.5 2.5 2 0 3 5 5
5613.3 4044.5 -8.5 99 0 10.6 23.7 10.0 2.5 4 1 4 0 0
5649.5 4069.6 -8.9 7 0 10.8 20.6 2.5 2.5 2 1 1 1 1
5378.0 3871.4 -8.7 187 0 12.5 11.6 5.0 2.5 2 0 2 4 4
5376.4 3858.6 -9.0 187 0 13.3 11.6 2.5 2.5 2 0 1 5 5
5436.5 4024.8 -6.6 94 0 24.1 9.4 5.0 2.5 2 0 2 3 3
5529.9 4039.8 -7.5 95 0 7.4 5.0 7.5 2.5 2 0 3 2 2
5518.6 4031.8 -7.5 96 0 28.5 9.0 7.5 2.5 4 0 3 5 5
5541.7 4083.2 -8.1 7 0 25.1 10.4 12.5 0.0 0 0 5 4 4
5515.1 4159.3 -8.0 276 0 13.8 11.2 14.0 3.5 2 0 4 1 1
5490.7 4120.7 -7.7 275 0 11.7 8.0 5.0 2.5 2 0 2 3 3
5497.3 4091.8 -7.8 8 0 20.6 7.8 7.5 2.5 2 0 3 5 5
5342.0 4082.0 -5.8 274 0 14.7 6.1 5.0 2.5 2 0 2 0 0
5401.3 3998.9 -6.4 6 0 11.5 6.8 7.5 2.5 2 0 3 1 1
5381.1 3986.1 -6.3 187 0 4.9 7.5 7.5 2.5 2 1 3 2 2
5378.0 3972.3 -6.5 186 0 12.5 8.3 2.5 2.5 4 0 1 3 3
5361.0 4017.0 -5.2 7 0 13.2 10.1 5.0 2.5 4 0 2 3 3
5356.6 3975.5 -6.0 4 0 11.8 9.0 5.0 2.5 2 0 2 1 1
5851.9 4321.4 -17.1 162 0 4.3 3.7 7.5 2.5 2 0 3 4 4
5823.2 4120.6 -15.0 269 0 4.4 7.7 7.5 2.5 2 1 3 1 1
5804.4 4117.3 -13.8 269 0 10.3 8.7 7.5 2.5 2 0 3 3 3
5895.4 4225.6 -16.9 348 0 4.7 11.5 2.5 2.5 2 1 1 0 0
5866.8 4283.3 -14.2 166 0 5.3 5.1 2.5 2.5 2 0 1 2 2
5883.2 4267.9 -15.7 346 0 4.5 4.1 5.0 2.5 4 0 2 0 0
5881.2 4330.3 -18.2 342 0 9.5 4.8 5.0 0.0 0 0 2 3 3
5871.1 4313.8 -17.5 340 0 7.5 9.5 7.5 2.5 2 0 3 0 0
5856.3 4308.4 -17.1 160 0 7.5 6.3 2.5 2.5 4 0 1 4 4
5874.4 4297.1 -15.6 342 0 3.4 8.1 7.5 0.0 0 1 3 1 1
5863.5 4288.1 -14.8 166 0 5.5 8.3 7.5 2.5 2 0 3 3 3
5854.4 4288.4 -14.9 167 0 10.1 8.9 5.0 2.5 2 0 2 2 2
5852.2 4297.6 -15.9 167 0 8.8 8.9 2.5 2.5 2 0 1 5 5
5851.2 4189.4 -16.5 353 0 4.7 7.5 5.0 2.5 2 1 2 2 2
5840.8 4201.3 -15.0 349 0 6.2 5.5 5.0 2.5 2 0 2 4 4
5850.7 4207.1 -15.0 346 0 12.7 8.9 7.5 2.5 2 0 3 5 5
5892.5 4205.8 -15.8 348 0 3.7 3.1 7.5 0.0 0 0 3 0 0
5880.0 4180.4 -18.2 167 0 9.6 6.6 5.0 2.5 2 0 2 0 0
5832.3 4135.6 -15.8 96 0 5.3 6.6 2.5 2.5 2 0 1 2 2
5827.8 4166.3 -16.0 171 0 12.3 9.1 7.5 0.0 0 0 3 3 3
5850.1 4134.4 -16.7 92 0 10.8 6.6 2.5 2.5 4 0 1 0 0
5866.4 4152.4 -17.1 352 0 11.4 9.6 7.5 2.5 2 0 3 3 3
5864.0 4171.3 -17.2 351 0 5.4 6.6 2.5 0.0 0 1 1 2 2
5887.0 4165.4 -18.6 168 0 4.2 9.1 2.5 0.0 0 0 1 3 3
5883.2 4169.5 -18.6 167 0 5.5 11.9 7.5 2.5 2 0 3 4 4
5875.5 4214.0 -14.1 167 0 3.7 4.5 2.5 2.5 2 0 1 5 5
5873.3 4207.6 -14.9 167 0 7.8 8.1 5.0 2.5 2 0 2 2 2
5444.4 5098.7 -11.3 163 0 3.8 8.2 5.0 2.5 2 0 2 5 5
5442.7 5104.3 -11.0 163 0 7.8 8.2 5.0 2.5 2 0 2 3 3
5450.6 5168.6 -10.4 162 0 10.3 6.8 2.5 2.5 2 0 1 1 1
5563.6 5133.2 -18.0 157 0 4.6 9.0 2.5 2.5 4 1 1 4 4
5542.0 5139.7 -15.8 338 0 10.0 9.5 7.5 2.5 2 0 3 3 3
5364.5 5132.8 -5.3 159 0 10.8 11.9 5.0 2.5 2 1 2 2 2
5574.0 5011.3 -23.0 260 0 8.5 9.3 5.0 2.5 2 1 2 3 3
5564.4 5033.6 -20.8 51 0 9.5 13.4 5.0 2.5 2 1 2 1 1
5562.9 5091.9 -17.5 337 0 8.9 9.3 2.5 2.5 2 1 1 0 0
5464.5 4977.0 -19.7 241 0 11.4 10.6 2.5 2.5 2 0 1 3 3
5379.2 5094.3 -9.1 253 0 9.3 10.6 5.0 2.5 2 1 2 5 5
5382.8 5069.3 -10.7 166 0 9.5 10.9 5.0 0.0 0 1 2 2 2
5389.3 5050.1 -12.4 160 0 10.3 10.1 5.0 2.5 2 0 2 1 1
5474.9 5015.7 -18.5 155 0 12.8 11.7 5.0 2.5 2 0 2 0 0
5462.0 5045.5 -16.2 160 0 11.8 10.0 7.5 2.5 4 0 3 5 5
5454.8 5064.2 -14.5 162 0 9.9 10.6 7.5 2.5 2 1 3 3 3
5449.7 5081.2 -13.1 161 0 10.3 10.3 7.5 2.5 2 1 3 5 5
5439.8 5218.5 -10.7 250 0 6.0 21.4 7.5 0.0 0 1 3 0 0
5422.0 5208.0 -9.6 250 0 12.0 19.4 17.5 0.0 0 1 7 3 3
5431.8 5159.2 -8.7 64 0 15.8 14.2 10.0 2.5 4 0 4 3 3
5475.5 4889.5 -19.5 335 0 4.6 6.9 2.5 2.5 2 1 1 4 4
5505.1 4825.7 -20.5 116 0 10.8 20.4 7.5 2.5 2 1 3 5 5
5445.4 4927.3 -19.1 152 0 10.7 10.4 2.5 0.0 0 0 1 5 5
5488.2 4929.4 -20.2 22 0 11.3 9.8 5.0 0.0 0 0 2 0 0
5481.4 4987.4 -20.2 239 0 11.2 11.3 5.0 2.5 2 1 2 0 0
5448.0 4967.7 -19.2 242 0 11.5 10.8 7.5 2.5 2 0 3 1 1
5427.4 4949.9 -18.6 149 0 9.5 10.9 2.5 2.5 2 1 1 3 3
5598.9 5094.3 -18.9 340 0 7.9 9.0 5.0 2.5 2 1 2 3 3
5506.9 5021.9 -19.1 76 0 11.6 10.6 5.0 2.5 2 0 2 5 5
5529.9 5052.7 -18.4 173 0 3.6 5.5 7.5 2.5 2 0 3 4 4
5530.5 5048.1 -19.0 173 0 5.7 11.3 5.0 2.5 2 0 2 0 0
5544.1 5082.0 -17.0 342 0 3.6 5.3 7.5 2.5 2 0 3 5 5
5546.3 5075.2 -17.9 342 0 10.9 5.3 5.0 2.5 2 0 2 1 1
5526.2 5064.6 -17.8 165 0 9.6 10.1 5.0 2.5 2 1 2 0 0
5508.5 5124.9 -13.4 165 0 9.3 9.1 5.0 2.5 2 0 2 2 2
5516.1 5102.6 -14.7 162 0 10.1 9.1 7.5 2.5 4 0 3 1 1
5521.6 5082.4 -16.5 162 0 11.6 9.2 2.5 2.5 2 0 1 2 2
5506.1 5058.2 -17.1 340 0 10.2 9.3 2.5 2.5 2 0 1 1 1
5500.0 5081.1 -15.3 340 0 10.4 9.3 5.0 2.5 2 0 2 4 4
5493.7 5098.4 -13.7 343 0 10.2 9.4 2.5 2.5 4 0 1 3 3
5487.9 5118.8 -12.0 341 0 10.1 8.9 2.5 2.5 4 0 1 0 0
5525.6 5250.0 -21.1 153 0 8.1 9.9 5.0 2.5 4 0 2 1 1
5530.2 5241.0 -21.0 153 0 12.0 9.9 7.5 2.5 4 0 3 3 3
5447.4 5240.7 -11.3 63 0 9.5 8.1 5.0 0.0 0 0 2 5 5
5460.4 5264.0 -14.5 149 0 8.0 8.0 5.0 2.5 2 0 2 3 3
5453.3 5279.4 -15.4 154 0 8.8 7.8 2.5 2.5 2 0 1 2 2
5330.1 5335.6 -8.2 254 0 6.5 16.4 5.0 2.5 2 1 2 5 5
5364.1 5358.6 -14.1 184 0 5.2 9.8 7.5 2.5 2 1 3 4 4
5322.5 5242.0 -3.9 161 0 4.8 3.9 5.0 2.5 2 0 2 4 4
5357.3 5191.7 -5.4 71 0 26.1 72.5 10.0 0.0 0 0 4 2 2
5446.8 5151.6 -9.4 252 0 8.3 4.6 7.5 2.5 2 0 3 5 5
5431.2 5136.0 -8.7 160 0 9.6 9.4 5.0 2.5 2 0 2 3 3
5399.0 5138.8 -6.2 339 0 6.4 4.7 5.0 2.5 2 0 2 2 2
5397.7 5163.4 -6.2 342 0 4.5 7.0 2.5 2.5 2 0 1 3 3
5401.9 5158.2 -6.4 342 0 7.9 9.3 7.5 0.0 0 0 3 5 5
5386.4 5149.8 -5.4 340 0 4.4 5.2 5.0 2.5 2 1 2 4 4
5411.6 5142.3 -6.9 337 0 4.7 4.5 7.5 2.5 4 0 3 3 3
5373.9 5111.3 -6.8 71 0 10.5 8.9 5.0 2.5 2 0 2 3 3
5406.0 5122.4 -7.5 73 0 10.2 8.8 7.5 0.0 0 0 3 4 4
5429.0 5064.1 -13.0 338 0 9.0 9.0 7.5 2.5 2 0 3 2 2
5429.8 5018.0 -16.4 339 0 14.3 5.5 5.0 2.5 2 0 2 1 1
5410.9 5102.8 -9.9 252 0 9.8 8.6 5.0 2.5 2 0 2 3 3
5426.6 5083.8 -11.6 341 0 9.9 9.4 5.0 2.5 2 0 2 0 0
5436.0 5044.5 -14.9 341 0 11.8 9.1 7.5 2.5 4 0 3 0 0
5395.7 5031.1 -14.1 160 0 10.8 9.2 5.0 2.5 2 0 2 2 2
5443.8 5026.0 -16.4 336 0 10.1 9.9 5.0 2.5 2 0 2 3 3
5450.8 4995.5 -18.2 59 0 19.5 13.3 15.0 0.0 0 0 6 3 3
5025.3 4342.5 -3.7 6 0 10.5 3.2 2.5 2.5 2 0 1 1 1
5029.7 4381.4 -4.2 273 0 3.6 6.0 5.0 0.0 0 1 2 5 5
3527.6 3490.1 3.0 31 0 8.5 11.7 7.5 2.5 2 1 3 1 1
3524.7 3477.6 2.9 5 0 6.9 13.3 2.5 2.5 2 1 1 0 0
3490.4 3460.4 2.8 188 0 17.7 7.1 7.5 2.5 4 0 3 0 0
5751.8 3705.4 -6.2 10 0 5.4 4.1 5.0 2.5 2 0 2 5 5
5751.2 3633.4 -12.3 278 0 7.7 5.5 7.5 2.5 2 0 3 0 0
4227.3 4350.4 8.0 93 0 5.5 7.5 7.5 2.5 2 0 3 0 0
3857.1 4235.7 7.6 275 0 5.6 19.1 7.5 2.5 2 1 3 3 3
4201.2 4325.8 8.1 92 0 4.1 14.8 7.5 2.5 2 0 3 5 5
3450.1 4264.4 5.4 357 0 6.6 16.0 2.5 2.5 2 1 1 0 0
3432.5 4249.5 5.5 181 0 10.6 4.6 2.5 2.5 2 0 1 1 1
3441.6 4226.1 5.6 89 0 6.5 10.1 7.5 2.5 2 1 3 3 3
5312.1 4553.1 -10.2 180 0 7.8 6.8 10.5 3.5 2 0 3 4 4
5018.1 3530.2 -2.7 98 0 15.1 6.3 7.5 2.5 2 0 3 5 5
4416.9 4271.3 5.4 85 0 4.4 6.6 7.5 2.5 2 1 3 2 2
4477.7 4299.1 4.4 94 0 4.1 6.5 5.0 2.5 2 0 2 1 1
4376.4 4292.6 6.2 178 0 4.2 3.5 5.0 2.5 2 0 2 2 2
4463.1 4355.6 4.0 92 0 9.3 11.2 7.5 2.5 2 0 3 4 4
4030.2 4256.1 7.8 275 0 8.8 5.6 7.5 2.5 2 0 3 4 4
5393.5 5118.6 -7.1 69 0 5.1 7.1 5.0 2.5 2 0 2 0 0
4515.1 4290.3 3.8 82 0 12.5 5.4 7.5 2.5 2 0 3 0 0
5353.0 5511.0 -20.6 159 0 12.0 10.3 7.5 2.5 2 0 3 5 5
4536.3 4433.6 2.2 267 0 5.0 11.7 7.5 0.0 0 0 3 4 4
5214.9 3589.9 -3.3 187 0 4.2 10.1 2.5 2.5 2 1 1 3 3
4750.6 4385.3 -0.7 81 0 12.9 7.6 5.0 2.5 2 0 2 3 3
4462.2 4379.6 3.8 92 0 6.0 16.6 5.0 2.5 2 0 2 1 1
5587.0 4382.1 -11.7 85 0 10.8 6.1 10.5 0.0 0 0 3 2 2
5598.9 4412.6 -12.7 264 0 6.1 12.8 10.5 3.5 2 0 3 5 5
3731.5 2562.7 3.5 185 0 20.2 6.6 5.0 2.5 2 0 2 3 3
4939.9 4389.3 -3.1 274 0 8.4 10.1 7.5 2.5 2 1 3 3 3
5599.5 5079.7 -19.6 350 0 4.5 10.0 2.5 2.5 2 1 1 4 4
4980.9 4737.4 -5.2 182 0 19.6 5.8 2.5 2.5 2 0 1 2 2
5395.8 5096.4 -9.8 251 0 5.7 12.1 7.5 2.5 2 0 3 4 4
4859.9 4470.6 -2.3 360 0 9.6 8.9 7.5 2.5 2 0 3 2 2
5029.4 3596.8 -2.2 189 0 13.6 5.6 5.0 2.5 2 0 2 4 4
4886.7 4344.1 -2.2 276 0 6.4 6.3 5.0 2.5 2 0 2 4 4
5010.6 4425.4 -4.2 89 0 7.2 14.7 5.0 2.5 2 0 2 0 0
3892.7 4228.1 7.5 179 0 10.8 11.8 7.5 2.5 2 1 3 0 0
4438.2 4308.0 5.1 273 0 9.1 4.2 5.0 2.5 2 0 2 3 3
4326.4 4258.6 6.8 186 0 9.2 6.5 2.5 2.5 4 0 1 0 0
4449.6 4278.8 4.9 92 0 8.4 9.1 2.5 2.5 4 0 1 3 3
4205.0 4341.9 8.1 92 0 10.5 5.8 7.5 2.5 2 0 3 3 3
4864.8 4470.3 -2.5 181 0 9.7 5.1 7.5 2.5 2 0 3 2 2
3800.5 2380.7 6.1 5 0 6.2 11.6 5.0 0.0 0 1 2 3 3
4412.5 4373.3 5.0 92 0 7.2 8.3 5.0 2.5 2 0 2 3 3
4870.4 4456.0 -2.5 179 0 8.8 4.8 7.5 2.5 2 0 3 3 3
4648.7 4298.1 1.4 7 0 11.0 5.9 7.5 2.5 2 0 3 0 0
4753.9 4461.5 -1.0 270 0 18.4 9.2 5.0 2.5 2 0 2 0 0
4510.4 4446.1 2.6 269 0 4.8 11.5 7.5 2.5 2 0 3 1 1
4553.0 4381.1 2.2 87 0 6.1 22.0 7.5 2.5 2 0 3 4 4
3686.0 6593.8 -13.5 72 0 5.7 22.6 7.5 2.5 2 1 3 5 5
3820.3 3464.0 5.5 188 0 21.0 11.3 7.5 2.5 2 0 3 2 2
4403.7 4312.7 5.6 274 0 10.2 11.0 7.5 2.5 2 1 3 5 5
5407.8 5043.4 -13.5 161 0 4.7 7.5 7.5 2.5 2 0 3 1 1
4742.9 4354.3 -0.5 274 0 7.9 15.3 5.0 2.5 2 1 2 3 3
3670.3 6407.5 -15.5 106 0 7.7 23.2 5.0 2.5 2 1 2 3 3
4997.5 4591.3 -5.3 81 0 9.8 10.0 7.5 2.5 2 1 3 1 1
5607.3 4384.4 -12.3 84 0 16.5 18.2 14.0 3.5 2 0 4 2 2
5017.7 4361.5 -3.9 274 0 5.0 12.2 5.0 2.5 2 1 2 5 5
4456.6 4379.7 4.0 92 0 5.1 11.9 2.5 2.5 2 0 1 3 3
5268.3 4608.7 -10.1 359 0 4.1 12.8 10.5 3.5 2 1 3 3 3
4827.4 4448.2 -1.8 359 0 7.2 15.2 7.5 2.5 2 1 3 0 0
5273.7 4484.6 -8.1 84 0 6.1 19.1 10.5 3.5 2 1 3 4 4
5084.6 3555.1 -1.9 99 0 6.0 9.2 5.0 0.0 0 0 2 5 5
4129.7 4328.6 8.2 91 0 5.8 15.2 7.5 2.5 2 0 3 3 3
4815.2 4417.8 -1.7 91 0 6.2 15.2 2.5 2.5 2 1 1 5 5
4096.2 4257.4 7.7 280 0 4.3 13.4 7.5 2.5 2 1 3 4 4
4971.6 4313.0 -3.0 97 0 6.0 12.2 2.5 2.5 2 0 1 5 5
4871.1 4511.8 -2.8 181 0 9.3 9.3 7.5 2.5 4 1 3 4 4
3630.6 4141.8 6.1 185 0 9.1 22.1 7.5 2.5 2 1 3 4 4
5624.1 4993.3 -24.4 323 0 4.4 11.2 7.5 2.5 4 1 3 3 3
3979.7 2273.9 6.0 5 0 3.9 13.8 5.0 2.5 2 1 2 3 3
4091.6 4238.4 7.7 184 0 6.0 10.8 5.0 2.5 2 1 2 4 4
5217.2 3563.4 -2.8 11 0 9.6 11.3 2.5 2.5 2 1 1 1 1
3964.7 2246.5 5.8 97 0 15.2 6.8 5.0 2.5 2 0 2 4 4
4400.2 4213.2 5.4 7 0 8.6 4.6 7.5 2.5 4 0 3 0 0
5483.7 4964.6 -20.0 332 0 6.0 8.7 5.0 2.5 2 0 2 3 3
4674.6 4397.3 0.2 91 0 9.7 21.5 5.0 2.5 2 1 2 2 2
4475.3 4392.3 3.5 89 0 6.1 17.0 5.0 0.0 0 0 2 3 3
4703.6 4425.2 -0.2 271 0 5.3 9.6 5.0 2.5 4 0 2 4 4
5134.6 3581.2 -2.6 8 0 11.8 9.7 7.5 2.5 2 0 3 3 3
4960.8 4369.6 -3.3 277 0 5.4 13.0 7.5 2.5 2 0 3 4 4
5089.9 5346.4 -3.5 92 0 6.8 6.5 7.5 2.5 2 0 3 5 5
4510.4 4323.7 3.4 261 0 11.6 16.1 7.5 2.5 2 1 3 2 2
3675.1 2444.9 5.1 7 0 8.0 13.3 5.0 2.5 2 1 2 2 2
3750.2 6221.7 -7.2 182 0 7.1 15.7 5.0 2.5 2 1 2 2 2
4180.9 4244.1 7.7 5 0 8.3 13.2 7.5 2.5 2 1 3 0 0
4963.1 4379.4 -3.4 277 0 7.8 10.0 7.5 2.5 2 0 3 0 0
3730.1 6608.6 -14.0 74 0 7.2 20.4 7.5 2.5 2 1 3 4 4
4767.1 4418.1 -1.1 90 0 7.6 21.2 5.0 2.5 2 1 2 0 0
5488.4 5031.1 -17.7 73 0 5.3 10.3 5.0 2.5 2 0 2 1 1
4900.5 4383.7 -2.6 267 0 13.4 9.2 5.0 2.5 2 0 2 2 2
4533.1 4261.9 3.3 277 0 7.5 9.8 7.5 2.5 2 1 3 2 2
4124.1 4359.9 8.1 272 0 7.3 8.1 2.5 2.5 2 1 1 5 5
4414.8 4417.8 4.2 180 0 8.8 20.6 7.5 2.5 2 1 3 4 4
4256.4 6937.1 -18.0 168 0 8.5 17.0 5.0 0.0 0 1 2 0 0
3770.1 6201.8 -6.7 90 0 4.8 8.6 2.5 2.5 2 1 1 5 5
4936.7 4371.7 -3.0 275 0 5.9 8.4 7.5 2.5 2 1 3 2 2
4024.5 4295.0 8.1 90 0 11.5 10.4 5.0 2.5 4 0 2 3 3
4130.6 4305.8 8.2 93 0 9.4 11.0 5.0 2.5 2 1 2 0 0
3697.8 6586.9 -13.8 163 0 8.6 18.6 5.0 2.5 2 1 2 3 3
3845.0 3501.9 5.6 278 0 16.0 11.2 5.0 2.5 2 0 2 2 2
4616.7 4275.1 1.9 6 0 13.5 7.8 5.0 2.5 2 0 2 2 2
4585.1 4286.6 2.3 271 0 14.2 9.5 5.0 2.5 2 0 2 3 3
4999.2 4328.6 -3.4 96 0 5.8 16.0 7.5 2.5 2 1 3 2 2
5355.2 4750.6 -15.0 11 0 4.4 6.0 10.5 3.5 2 1 3 0 0
5100.7 5026.9 -6.5 180 0 8.8 5.1 7.5 2.5 2 0 3 5 5
5272.1 4936.1 -13.4 271 0 4.4 11.2 5.0 2.5 2 1 2 1 1
5140.6 3561.1 -2.3 187 0 13.0 4.9 5.0 2.5 2 0 2 1 1
3890.9 4190.5 7.5 184 0 6.9 6.7 7.5 0.0 0 0 3 1 1
5104.6 3535.7 -2.2 7 0 9.2 11.8 2.5 2.5 2 0 1 5 5
4820.1 3584.1 -2.1 8 0 43.8 12.2 7.5 2.5 2 0 3 2 2
5532.6 5122.8 -14.3 341 0 9.5 5.8 5.0 2.5 2 0 2 4 4
5042.9 4363.7 -4.2 2 0 10.0 4.9 5.0 0.0 0 0 2 0 0
4752.7 4311.2 -0.6 96 0 20.5 8.5 7.5 2.5 2 0 3 5 5
3870.9 3458.0 5.8 6 0 36.2 8.3 7.5 2.5 2 0 3 0 0
5127.5 3535.1 -2.1 7 0 17.9 10.2 5.0 2.5 4 0 2 2 2
5008.0 4743.0 -5.7 84 0 15.7 10.2 5.0 2.5 2 0 2 0 0
4079.2 6617.3 -18.0 76 0 7.1 9.3 5.0 2.5 4 1 2 2 2
5399.4 5097.6 -9.9 252 0 4.1 11.9 7.5 2.5 2 0 3 1 1
4512.3 6631.6 -6.9 99 0 10.8 8.2 2.5 2.5 2 0 1 0 0
4865.5 4376.7 -2.1 277 0 8.0 12.9 7.5 0.0 0 1 3 4 4
4554.4 4437.0 1.8 268 0 14.3 21.8 12.5 2.5 2 0 5 2 2
4465.0 4255.7 4.5 277 0 4.9 11.4 7.5 2.5 2 1 3 0 0
4668.1 6938.4 -14.3 2 0 8.3 10.0 7.5 2.5 2 1 3 3 3
4499.7 4393.2 3.1 89 0 6.0 9.5 2.5 2.5 2 1 1 5 5
4273.7 4386.0 7.0 273 0 23.6 11.7 7.5 2.5 2 0 3 3 3
4983.8 4673.6 -5.3 181 0 20.1 9.8 7.5 2.5 2 0 3 4 4
4118.3 4307.2 8.2 93 0 10.2 9.6 7.5 2.5 2 0 3 4 4
5225.5 4389.3 -7.4 88 0 8.1 4.9 10.5 3.5 2 0 3 3 3
4478.6 4354.6 3.7 91 0 12.4 9.7 7.5 2.5 2 0 3 2 2
3920.9 4325.7 8.2 271 0 11.1 8.0 2.5 2.5 2 0 1 0 0
4479.7 4418.8 3.3 270 0 15.2 9.5 7.5 2.5 2 0 3 5 5
5468.0 5108.9 -12.1 252 0 4.5 8.3 2.5 2.5 4 0 1 3 3
5393.7 5136.9 -6.1 340 0 6.2 12.1 5.0 0.0 0 0 2 4 4
5465.6 5095.0 -12.6 162 0 8.0 4.5 7.5 2.5 2 0 3 0 0
4037.9 4328.7 8.3 2 0 6.5 18.4 5.0 2.5 2 1 2 2 2
4228.8 4340.8 8.0 91 0 9.0 9.5 7.5 2.5 2 0 3 3 3
3997.1 4312.2 8.2 91 0 8.9 10.9 5.0 2.5 2 1 2 4 4
4532.8 4330.5 3.0 269 0 5.1 9.8 7.5 0.0 0 1 3 3 3
5353.9 5551.1 -22.8 332 0 29.0 7.7 7.5 2.5 2 0 3 2 2
5459.2 5291.9 -17.0 151 0 4.1 8.4 5.0 2.5 2 0 2 4 4
5101.5 4398.6 -5.8 183 0 17.9 5.3 2.5 2.5 2 0 1 0 0
5009.0 4380.8 -4.0 273 0 6.2 15.2 5.0 2.5 2 0 2 3 3
3697.2 3473.5 4.4 7 0 12.5 6.4 2.5 0.0 0 0 1 0 0
4737.1 4397.4 -0.6 89 0 5.5 13.9 7.5 2.5 2 1 3 5 5
4164.0 4263.7 7.8 275 0 13.8 9.9 2.5 2.5 2 0 1 5 5
4703.1 4397.5 -0.1 91 0 5.3 18.1 5.0 2.5 2 0 2 1 1
5148.5 3592.9 -2.9 189 0 9.3 11.5 7.5 0.0 0 1 3 2 2
4613.0 4432.5 1.0 270 0 7.9 11.8 7.5 2.5 2 1 3 3 3
4278.7 4338.2 7.5 92 0 9.5 8.3 2.5 2.5 2 0 1 4 4
4678.0 4326.3 0.5 186 0 17.2 4.9 7.5 2.5 2 0 3 5 5
4656.5 4269.1 1.1 8 0 8.7 10.5 7.5 2.5 2 1 3 2 2
4926.6 4367.8 -2.9 276 0 8.9 9.6 5.0 2.5 2 1 2 1 1
4532.1 4303.9 3.1 92 0 6.3 11.2 5.0 2.5 2 1 2 4 4
4465.3 4180.4 4.2 7 0 6.0 10.9 2.5 2.5 4 1 1 2 2
4252.1 4317.7 8.1 93 0 9.6 7.0 7.5 2.5 4 0 3 2 2
5404.0 5046.7 -13.1 160 0 3.9 10.0 7.5 2.5 2 0 3 3 3
4496.7 6629.5 -6.2 9 0 12.2 6.6 7.5 2.5 2 0 3 1 1
3987.9 2263.5 6.0 186 0 11.1 7.1 5.0 2.5 2 0 2 3 3
4414.7 4186.8 5.0 274 0 5.0 12.6 5.0 2.5 2 1 2 5 5
3695.3 3485.8 4.4 7 0 7.7 7.2 2.5 2.5 2 0 1 0 0
4271.6 4256.0 7.5 6 0 18.6 8.5 7.5 2.5 2 0 3 4 4
4803.7 4463.2 -1.6 268 0 9.4 7.2 5.0 2.5 2 0 2 1 1
3822.5 6237.4 -6.0 9 0 10.6 8.9 5.0 2.5 2 0 2 2 2
4514.3 4235.5 3.6 4 0 11.1 12.9 7.5 2.5 2 1 3 2 2
3684.4 3504.3 4.3 277 0 12.7 6.8 7.5 2.5 2 0 3 0 0
4554.2 4444.1 1.8 268 0 13.6 7.1 5.0 2.5 2 0 2 2 2
4412.7 4381.6 4.7 92 0 7.2 18.6 7.5 2.5 2 0 3 4 4
4596.2 4389.8 1.5 89 0 4.0 11.7 5.0 2.5 2 1 2 3 3
4115.9 4270.4 7.9 273 0 11.1 9.0 5.0 2.5 2 0 2 1 1
4929.9 4408.2 -3.1 88 0 7.1 4.6 5.0 0.0 0 0 2 4 4
4536.9 4421.9 2.3 267 0 5.1 11.0 7.5 2.5 4 0 3 5 5
4192.0 6610.6 -17.0 320 0 6.5 10.3 5.0 2.5 2 1 2 0 0
4743.5 4418.1 -0.7 89 0 7.2 15.6 7.5 0.0 0 1 3 5 5
5456.5 5297.0 -17.2 153 0 7.4 7.6 7.5 2.5 2 0 3 4 4
5610.3 4491.1 -14.7 260 0 8.0 14.4 10.5 3.5 2 1 3 0 0
4724.8 4438.2 -0.6 270 0 20.2 8.0 7.5 2.5 2 0 3 4 4
4162.3 4357.7 8.0 180 0 8.7 20.1 7.5 2.5 4 1 3 2 2
4479.1 4280.6 4.4 93 0 9.2 5.0 7.5 0.0 0 0 3 2 2
5470.6 5101.0 -13.0 250 0 4.4 11.6 7.5 2.5 2 0 3 0 0
5170.4 4646.7 -7.7 340 0 4.0 5.7 7.5 2.5 2 1 3 4 4
3655.5 3482.5 4.1 187 0 19.9 9.6 7.5 2.5 4 0 3 4 4
3843.3 3432.1 5.6 99 0 21.9 9.3 5.0 0.0 0 0 2 3 3
5600.1 4340.6 -10.9 264 0 10.0 9.5 10.5 3.5 2 0 3 3 3
4497.1 4200.5 3.6 96 0 7.5 13.2 7.5 2.5 2 1 3 1 1
5380.4 5387.4 -16.1 1 0 6.3 15.2 5.0 2.5 2 0 2 2 2
4675.8 4307.0 0.6 183 0 6.7 10.4 7.5 2.5 2 0 3 0 0
5240.2 4431.5 -7.4 255 0 6.5 5.9 10.5 3.5 2 0 3 5 5
5593.9 4663.5 -18.7 270 0 23.7 9.6 10.5 3.5 2 0 3 2 2
5359.6 5147.9 -4.5 160 0 10.6 12.1 7.5 2.5 2 1 3 4 4
4475.3 4374.2 3.6 90 0 6.2 18.2 5.0 2.5 2 0 2 2 2
5181.2 4816.9 -9.8 269 0 7.6 8.0 7.5 2.5 2 1 3 3 3
5452.9 5306.4 -17.4 66 0 3.9 12.7 7.5 2.5 2 0 3 5 5
5132.6 3566.4 -2.4 7 0 18.3 9.7 5.0 2.5 2 0 2 4 4
5579.1 4407.3 -12.1 264 0 5.9 10.9 10.5 0.0 0 1 3 2 2
4629.3 4390.3 0.8 89 0 13.2 32.8 10.0 2.5 2 1 4 1 1
4436.2 4372.4 4.4 92 0 4.4 13.5 7.5 2.5 4 0 3 3 3
5686.5 3944.2 -8.8 7 0 12.5 19.2 10.0 2.5 4 1 4 3 3
4829.8 4311.6 -2.3 3 0 11.9 25.9 10.0 2.5 2 1 4 2 2
4462.3 4240.8 4.4 277 0 4.8 11.6 5.0 2.5 2 1 2 4 4
5239.2 4343.6 -7.1 183 0 7.3 4.4 10.5 3.5 2 0 3 4 4
4400.6 4200.7 5.3 7 0 16.3 6.5 2.5 2.5 2 0 1 3 3
3874.7 4170.8 7.9 271 0 29.1 8.3 7.5 2.5 4 0 3 5 5
4373.2 4372.6 5.6 93 0 7.4 14.7 5.0 2.5 2 1 2 4 4
4387.4 4226.8 5.5 277 0 5.4 17.6 7.5 2.5 2 1 3 1 1
3801.3 6252.3 -6.6 279 0 13.4 4.4 2.5 2.5 2 0 1 0 0
4862.4 4475.3 -2.6 93 0 5.6 25.2 5.0 2.5 2 0 2 5 5
3626.1 4170.9 5.8 5 0 20.2 9.9 7.5 0.0 0 0 3 5 5
5481.7 5044.2 -17.0 163 0 8.1 5.3 5.0 2.5 2 0 2 4 4
5415.9 5057.1 -13.2 342 0 16.0 4.6 7.5 2.5 2 0 3 1 1
4571.5 4338.4 2.2 264 0 10.0 7.7 7.5 0.0 0 0 3 4 4
4908.8 4407.8 -2.8 91 0 11.6 8.2 7.5 2.5 2 0 3 3 3
4019.7 4359.8 8.2 271 0 6.6 18.9 5.0 2.5 2 1 2 1 1
3793.2 2416.4 6.2 277 0 3.3 3.3 7.5 2.5 2 0 3 5 5
4679.4 4347.5 0.3 186 0 10.9 9.6 2.5 0.0 0 0 1 5 5
4780.1 4346.4 -0.9 272 0 7.7 24.3 7.5 2.5 2 1 3 3 3
5580.5 4453.9 -13.5 84 0 4.1 11.9 10.5 3.5 4 1 3 2 2
5368.1 5496.5 -21.4 166 0 7.2 9.0 7.5 2.5 2 1 3 5 5
3896.2 4172.8 7.6 184 0 27.2 12.8 7.5 2.5 2 0 3 4 4
5019.3 4385.5 -4.1 274 0 4.5 14.3 5.0 2.5 2 1 2 4 4
5588.8 4490.7 -14.2 263 0 5.6 18.8 10.5 3.5 2 1 3 3 3
5406.8 4152.0 -6.8 21 0 4.0 15.2 10.5 3.5 2 1 3 4 4
4757.5 4418.1 -0.9 90 0 4.1 9.6 5.0 2.5 2 1 2 5 5
4654.2 4299.1 1.3 7 0 14.5 5.3 2.5 2.5 2 0 1 5 5
5512.6 4954.0 -21.1 183 0 20.9 7.3 7.5 2.5 2 0 3 0 0
5023.5 4312.9 -3.6 5 0 9.7 11.4 2.5 2.5 2 1 1 4 4
4654.2 4241.9 0.9 7 0 7.7 11.4 7.5 0.0 0 1 3 1 1
4877.6 4363.4 -2.2 275 0 8.5 12.0 7.5 2.5 2 1 3 2 2
3931.4 2503.6 4.6 187 0 7.1 10.3 2.5 2.5 2 1 1 3 3
3678.7 6625.5 -13.6 166 0 7.3 18.0 5.0 2.5 2 1 2 1 1
5456.7 5099.4 -11.9 163 0 5.5 7.1 2.5 2.5 2 0 1 1 1
4460.8 4213.5 4.3 278 0 9.2 10.1 7.5 2.5 2 1 3 1 1
3860.2 4190.9 7.6 5 0 19.3 10.5 7.5 2.5 2 0 3 5 5
4190.1 4368.0 8.0 273 0 4.3 17.8 2.5 2.5 2 0 1 5 5
4178.3 4212.2 7.0 4 0 18.4 5.5 2.5 2.5 2 0 1 2 2
5162.9 4388.4 -6.8 356 0 3.3 10.7 7.5 2.5 2 1 3 3 3
4760.3 4365.7 -0.8 262 0 15.3 8.5 2.5 0.0 0 0 1 3 3
3939.8 2529.4 4.1 189 0 15.5 11.3 5.0 2.5 2 0 2 2 2
3872.8 4214.2 7.5 4 0 20.2 8.9 2.5 2.5 2 0 1 0 0
4608.5 4388.3 1.2 89 0 5.1 13.4 5.0 2.5 2 1 2 5 5
5138.2 3541.1 -2.0 188 0 10.4 21.2 5.0 2.5 2 1 2 1 1
4614.6 4238.9 1.3 276 0 6.5 27.1 5.0 2.5 2 1 2 3 3
3705.6 4310.6 7.0 4 0 24.5 10.8 7.5 2.5 2 0 3 2 2
4793.4 4367.8 -1.2 266 0 10.4 12.6 7.5 2.5 2 1 3 2 2
5345.1 5420.4 -14.9 176 0 8.0 11.3 2.5 2.5 2 1 1 5 5
5488.5 5070.5 -15.4 340 0 7.3 9.6 7.5 2.5 2 1 3 1 1
4397.8 4180.4 5.3 276 0 11.5 6.6 5.0 2.5 2 0 2 2 2
5005.6 4764.5 -5.7 264 0 10.0 11.4 5.0 2.5 2 0 2 5 5
4804.8 4360.1 -1.3 274 0 6.0 21.6 5.0 2.5 2 1 2 4 4
4789.4 4406.1 -1.3 87 0 10.9 8.6 7.5 2.5 2 0 3 1 1
4787.5 4414.5 -1.3 87 0 5.5 12.1 2.5 2.5 2 0 1 3 3
3997.7 4254.2 7.7 275 0 12.3 9.3 7.5 2.5 2 0 3 1 1
4072.6 4329.9 8.2 2 0 12.9 6.4 7.5 2.5 2 0 3 0 0
5397.8 5084.4 -10.2 250 0 7.5 4.7 7.5 2.5 2 0 3 1 1
4986.7 4391.2 -3.7 275 0 8.2 10.0 7.5 2.5 2 1 3 1 1
4922.4 4330.0 -2.6 96 0 8.5 6.0 5.0 2.5 2 0 2 0 0
5500.0 4967.4 -20.5 350 0 5.9 8.1 5.0 2.5 2 0 2 1 1
5471.2 5076.1 -14.2 161 0 7.7 4.8 7.5 2.5 2 0 3 2 2
5195.6 4965.8 -9.7 324 0 5.7 14.6 7.5 2.5 2 1 3 3 3
4705.8 4335.7 0.1 274 0 5.0 22.4 5.0 2.5 2 0 2 3 3
3649.2 4167.4 6.1 184 0 15.2 7.2 5.0 2.5 2 0 2 4 4
3973.3 4227.7 7.6 187 0 12.4 6.4 5.0 2.5 2 0 2 3 3
3867.4 4269.8 7.7 84 0 10.9 7.0 7.5 2.5 2 0 3 3 3
5543.1 5009.7 -22.0 273 0 17.2 5.9 5.0 2.5 2 0 2 5 5
4125.0 4349.1 8.1 271 0 4.8 16.3 7.5 2.5 2 0 3 0 0
5604.2 4459.4 -14.3 77 0 5.0 23.0 10.5 3.5 2 1 3 1 1
5349.3 5441.0 -16.8 177 0 10.3 11.8 7.5 2.5 2 1 3 1 1
3939.9 2559.3 3.8 98 0 19.9 8.0 2.5 2.5 2 0 1 2 2
4456.0 4276.3 4.8 91 0 4.5 10.4 7.5 2.5 2 0 3 1 1
5480.6 5079.1 -14.4 344 0 7.7 5.0 5.0 2.5 2 0 2 0 0
4710.8 4335.4 0.0 273 0 5.0 22.4 5.0 2.5 2 0 2 2 2
4445.3 6830.8 -17.1 8 0 6.9 6.3 7.5 2.5 2 0 3 2 2
4480.8 4320.4 4.2 274 0 7.2 15.0 7.5 2.5 2 0 3 5 5
5376.5 5166.1 -5.2 252 0 7.3 6.5 7.5 2.5 2 0 3 4 4
4285.9 4282.5 7.7 6 0 8.1 20.0 5.0 2.5 2 0 2 1 1
4065.5 4253.7 7.7 277 0 4.1 10.4 5.0 2.5 2 1 2 5 5
4116.4 4320.3 8.2 93 0 4.5 12.3 5.0 2.5 2 1 2 0 0
4505.4 4446.0 2.7 268 0 5.1 11.6 7.5 2.5 4 0 3 5 5
4932.4 4326.0 -2.7 96 0 6.6 13.7 5.0 2.5 2 1 2 3 3
5462.5 5110.9 -12.0 251 0 4.5 12.0 7.5 2.5 2 0 3 0 0
4431.8 4372.5 4.4 92 0 4.6 20.5 7.5 2.5 2 0 3 0 0
4438.9 4385.8 4.2 92 0 8.8 12.8 5.0 2.5 2 0 2 0 0
4164.3 4331.2 8.1 92 0 5.2 13.7 7.5 2.5 2 1 3 2 2
4253.5 4246.8 7.4 3 0 18.0 7.7 5.0 2.5 2 0 2 4 4
5114.7 3523.6 -2.5 7 0 12.2 23.3 10.0 2.5 2 0 4 2 2
3954.0 2543.7 3.9 8 0 16.8 6.5 7.5 2.5 2 0 3 0 0
5377.1 5159.4 -5.2 251 0 10.4 4.6 7.5 2.5 2 0 3 3 3
4676.0 4314.1 0.6 186 0 7.4 6.2 5.0 2.5 2 0 2 2 2
5475.6 5266.7 -16.4 158 0 8.0 7.8 7.5 2.5 2 0 3 5 5
4906.9 4330.3 -2.6 97 0 9.8 18.6 7.5 2.5 2 1 3 5 5
5101.1 3568.9 -2.3 8 0 32.0 11.3 7.5 2.5 2 0 3 0 0
4166.0 4307.6 8.2 91 0 9.7 10.4 7.5 2.5 2 1 3 3 3
5419.9 5044.7 -14.0 342 0 9.9 4.4 7.5 2.5 2 0 3 5 5
5029.3 3580.8 -1.9 187 0 11.9 4.9 5.0 2.5 2 0 2 1 1
5558.5 4375.7 -11.0 354 0 5.3 10.2 10.5 3.5 2 1 3 1 1
4412.0 4221.7 5.1 185 0 10.0 9.5 5.0 2.5 2 0 2 0 0
3805.4 2421.0 6.0 277 0 11.0 7.5 7.5 2.5 4 0 3 4 4
4802.8 4417.8 -1.5 89 0 5.7 11.6 7.5 0.0 0 1 3 5 5
5424.5 4690.2 -17.5 88 0 8.2 17.0 10.5 3.5 2 0 3 4 4
4441.2 4440.4 3.9 272 0 10.1 8.2 7.5 2.5 2 0 3 0 0
4728.1 4337.4 -0.2 272 0 5.8 15.1 5.0 0.0 0 1 2 4 4
4662.8 4345.5 0.7 274 0 5.4 4.7 5.0 0.0 0 0 2 5 5
4895.6 4408.7 -2.6 89 0 9.7 6.1 5.0 2.5 2 0 2 4 4
4422.9 4309.7 5.3 276 0 9.7 8.5 7.5 0.0 0 0 3 4 4
5007.3 4365.6 -3.9 273 0 7.4 12.6 7.5 2.5 2 0 3 2 2
5092.3 3620.6 -2.9 278 0 10.7 13.4 5.0 2.5 4 1 2 3 3
3892.7 4200.5 7.5 185 0 13.3 7.1 5.0 2.5 2 0 2 0 0
4322.1 4342.0 6.8 92 0 4.9 10.8 5.0 2.5 2 1 2 1 1
4202.3 4316.3 8.2 92 0 7.0 9.5 5.0 2.5 2 0 2 4 4
5344.7 5383.4 -14.3 181 0 8.8 20.5 7.5 2.5 4 0 3 0 0
4366.2 4304.3 6.1 175 0 10.3 15.6 10.0 2.5 2 1 4 2 2
4194.0 4375.4 7.9 272 0 11.5 7.5 7.5 2.5 2 0 3 2 2
4627.1 4323.6 1.4 185 0 9.5 9.0 5.0 2.5 2 0 2 4 4
5091.9 5378.5 -3.7 272 0 6.3 15.0 2.5 2.5 2 1 1 5 5
4970.8 4353.4 -3.3 276 0 6.1 15.2 7.5 2.5 2 1 3 3 3
3866.5 4306.3 7.9 262 0 8.6 5.8 2.5 2.5 2 0 1 5 5
4855.5 4475.5 -2.4 91 0 9.0 24.8 5.0 2.5 2 0 2 5 5
5516.9 4976.8 -21.3 197 0 11.7 7.1 7.5 0.0 0 0 3 1 1
5007.4 4440.1 -4.1 89 0 17.2 8.3 7.5 2.5 2 0 3 3 3
4984.4 4379.4 -3.6 275 0 5.6 18.6 7.5 2.5 4 1 3 1 1
3757.4 2519.2 4.2 6 0 10.1 13.8 5.0 2.5 2 1 2 1 1
4510.4 4434.6 2.7 267 0 4.5 10.0 7.5 0.0 0 0 3 0 0
5447.0 5303.8 -16.9 65 0 9.1 11.1 5.0 2.5 2 0 2 1 1
3978.6 4291.7 8.0 88 0 9.2 8.8 7.5 2.5 2 0 3 1 1
5585.6 4436.6 -13.2 353 0 13.6 4.8 10.5 3.5 2 0 3 2 2
4301.1 4284.5 7.3 186 0 9.6 11.4 7.5 0.0 0 1 3 3 3
4972.8 4377.5 -3.5 276 0 5.0 12.5 5.0 0.0 0 1 2 3 3
3765.5 2594.0 3.4 5 0 7.7 21.9 2.5 2.5 2 1 1 2 2
4633.4 4345.0 1.2 85 0 8.9 4.8 2.5 2.5 2 0 1 4 4
4437.4 4317.8 5.0 273 0 11.7 9.7 5.0 2.5 2 0 2 0 0
4518.6 4396.9 2.7 88 0 5.7 9.6 5.0 2.5 2 1 2 3 3
4429.8 4232.4 4.9 273 0 5.2 6.6 5.0 2.5 4 1 2 4 4
5574.8 4645.2 -17.7 93 0 5.1 14.3 10.5 3.5 2 1 3 2 2
5469.2 4949.7 -19.6 329 0 4.8 9.3 5.0 2.5 2 1 2 5 5
3935.9 2254.5 5.8 94 0 8.2 19.5 5.0 2.5 2 1 2 0 0
4858.5 4452.8 -2.3 1 0 6.4 7.7 2.5 2.5 2 1 1 2 2
4181.7 4189.2 6.1 7 0 21.8 11.9 10.0 2.5 2 0 4 4 4
5387.5 5121.2 -6.6 68 0 4.2 10.1 7.5 2.5 2 0 3 3 3
4127.9 4363.9 8.0 182 0 8.3 17.9 5.0 2.5 2 1 2 3 3
4717.6 4307.4 -0.0 95 0 3.2 8.1 7.5 2.5 2 1 3 5 5
4077.6 4262.6 7.8 276 0 9.4 7.2 2.5 0.0 0 0 1 1 1
3634.5 4195.5 6.1 182 0 8.4 13.0 7.5 2.5 2 1 3 2 2
4025.7 4232.4 7.7 93 0 10.1 5.0 7.5 2.5 2 0 3 1 1
4625.1 4308.2 1.6 189 0 13.1 4.9 2.5 0.0 0 0 1 2 2
4158.5 4173.8 5.9 98 0 26.3 7.4 7.5 2.5 2 0 3 3 3
4189.8 4338.2 8.1 91 0 5.1 11.9 5.0 2.5 2 0 2 5 5
4227.9 4392.6 7.6 272 0 5.1 32.4 5.0 2.5 2 0 2 2 2
4652.8 4288.2 1.4 7 0 7.5 5.2 2.5 2.5 2 0 1 2 2
