5661.9 5436.6 -10.3 71 0 13.2 91.7 7.5 2.5 2 1 3 0 0
5665.2 5535.0 -10.5 251 0 11.9 90.8 12.5 2.5 2 1 5 2 2
925.5 -309.0 5.9 286 0 5.3 13.4 2.5 2.5 2 1 1 2 2
-5482.5 -2514.6 -2.3 59 0 12.4 10.8 2.5 0.0 0 0 1 2 2
-5620.9 -2588.1 -2.5 51 0 12.6 13.4 5.0 2.5 2 1 2 0 0
-5643.8 -2616.1 -2.6 52 0 13.3 10.3 5.0 2.5 2 0 2 3 3
-5923.2 -2632.1 -2.4 322 0 10.4 26.0 7.5 2.5 2 1 3 4 4
-5433.5 -2680.4 -1.8 325 0 10.0 11.6 2.5 2.5 2 1 1 0 0
-5345.1 -2675.5 -1.3 145 0 9.8 13.0 2.5 0.0 0 1 1 5 5
-5093.4 -2604.3 -0.7 332 0 9.6 14.5 5.0 2.5 2 1 2 4 4
-4966.8 -2539.9 -0.1 56 0 9.9 13.4 5.0 2.5 4 1 2 3 3
-5266.0 -2379.4 -1.9 141 0 7.2 14.8 5.0 2.5 2 1 2 3 3
-5322.0 -2492.6 -2.3 51 0 12.9 10.7 5.0 2.5 2 0 2 0 0
-5425.7 -2474.5 -2.2 144 0 9.9 13.1 2.5 2.5 2 1 1 1 1
-5254.7 -2331.8 -1.8 323 0 29.3 11.7 7.5 2.5 2 0 3 4 4
-5897.5 -2642.1 -2.5 322 0 12.7 6.2 2.5 2.5 2 0 1 2 2
-5323.3 -2457.2 -2.2 51 0 9.4 24.5 7.5 2.5 2 1 3 4 4
-5621.1 -2549.1 -2.4 322 0 26.1 10.0 10.0 2.5 2 0 4 3 3
-5665.2 -2611.6 -2.5 49 0 8.3 24.2 5.0 2.5 2 1 2 5 5
-5472.3 -2484.7 -2.2 63 0 11.0 24.0 10.0 2.5 2 1 4 3 3
-5353.6 -2499.5 -2.3 59 0 5.0 27.9 2.5 2.5 2 1 1 0 0
-5311.3 -2447.0 -2.1 53 0 12.2 28.8 7.5 2.5 2 1 3 1 1
-4963.9 -2496.0 0.3 232 0 18.3 8.1 5.0 2.5 2 0 2 2 2
-5336.5 -2693.7 -0.8 238 0 5.6 23.9 2.5 2.5 2 1 1 4 4
-5440.9 -2719.3 -1.5 149 0 25.2 8.6 5.0 2.5 2 0 2 1 1
-5192.6 -2361.8 -1.9 54 0 12.6 12.6 10.0 2.5 2 0 4 2 2
-5400.7 -2723.9 -1.0 329 0 12.5 31.0 10.0 2.5 2 1 4 3 3
-5643.0 -2584.6 -2.4 48 0 5.5 11.8 2.5 2.5 2 1 1 5 5
-5643.0 -2594.6 -2.5 51 0 5.2 35.9 5.0 0.0 0 1 2 3 3
-5441.6 -2466.5 -2.1 55 0 10.2 27.5 10.0 2.5 4 1 4 0 0
-5368.1 -2469.7 -2.2 147 0 12.0 25.8 10.0 2.5 2 1 4 0 0
-5503.4 -2528.2 -2.3 59 0 8.0 21.7 5.0 2.5 2 1 2 5 5
-5431.5 -2416.3 -2.0 325 0 11.9 34.5 5.0 2.5 2 1 2 4 4
-5108.5 -2617.6 -0.5 270 0 4.3 14.6 5.0 2.5 2 1 2 1 1
-5222.5 -2425.9 -2.1 53 0 14.6 31.2 10.0 2.5 4 1 4 5 5
-4942.1 -2530.0 0.5 145 0 6.6 24.8 2.5 2.5 2 1 1 1 1
-5309.0 -2684.8 -0.9 332 0 21.8 6.2 7.5 2.5 2 0 3 2 2
-5097.0 -2653.8 -0.3 57 0 8.9 21.2 5.0 2.5 2 1 2 4 4
-5298.2 -2712.1 -0.4 330 0 11.3 31.1 10.0 2.5 2 1 4 0 0
-5652.1 -2548.3 -2.3 228 0 23.5 7.4 7.5 0.0 0 0 3 4 4
-5698.2 -2610.2 -2.5 139 0 8.0 12.0 7.5 2.5 2 1 3 3 3
-5687.7 -2567.9 -2.4 229 0 36.3 12.5 7.5 2.5 2 0 3 0 0
-4943.0 -2479.6 0.4 229 0 7.9 38.4 7.5 2.5 2 1 3 1 1
-5061.9 -2651.5 0.0 58 0 35.9 11.7 10.0 2.5 4 0 4 0 0
-5868.1 -2661.7 -2.6 322 0 13.2 53.8 10.0 2.5 2 1 4 3 3
1507.8 -7673.7 -8.2 231 0 10.8 15.2 2.5 2.5 2 1 1 0 0
518.4 -5965.8 -5.4 258 0 6.9 20.2 2.5 0.0 0 1 1 5 5
1590.2 -5639.7 -4.2 358 0 10.1 14.3 5.0 2.5 2 1 2 1 1
1619.2 -7520.2 -7.6 173 0 7.3 20.2 7.5 2.5 2 1 3 3 3
1275.1 -7283.8 -6.9 87 0 21.6 8.1 7.5 2.5 2 0 3 5 5
1602.9 -7518.0 -7.2 99 0 18.7 6.5 5.0 0.0 0 0 2 2 2
1358.9 -7373.5 -7.0 100 0 6.4 14.1 7.5 2.5 2 1 3 4 4
1089.1 -6981.1 -6.0 355 0 7.0 11.5 5.0 2.5 2 1 2 5 5
826.6 -5595.3 -4.1 268 0 10.9 29.5 7.5 2.5 2 1 3 2 2
1074.7 -5395.2 -2.9 180 0 8.0 25.8 5.0 2.5 2 1 2 3 3
1426.1 -7730.9 -8.3 273 0 15.2 13.9 7.5 2.5 2 0 3 3 3
1448.9 -7739.9 -8.4 264 0 8.5 21.2 7.5 0.0 0 1 3 3 3
2806.6 -8332.4 -10.7 308 0 7.2 14.7 7.5 2.5 4 1 3 1 1
1261.4 -7245.4 -6.9 177 0 8.2 17.8 5.0 2.5 2 1 2 3 3
877.8 -5612.8 -3.9 87 0 8.1 21.9 2.5 2.5 2 1 1 4 4
1443.0 -6154.5 -4.8 265 0 8.9 16.1 7.5 2.5 4 1 3 1 1
1178.4 -5302.8 -2.1 90 0 16.2 36.5 12.5 2.5 2 1 5 3 3
1312.4 -7260.5 -7.0 357 0 14.2 13.4 2.5 2.5 2 0 1 1 1
1435.5 -7774.0 -8.3 82 0 29.1 7.6 5.0 2.5 4 0 2 4 4
1546.0 -7680.6 -8.2 74 0 23.2 10.9 7.5 2.5 2 0 3 4 4
896.7 -5565.8 -3.8 273 0 9.4 15.7 5.0 2.5 4 1 2 5 5
1293.4 -7383.8 -7.2 359 0 27.8 9.2 7.5 0.0 0 0 3 1 1
1076.8 -6632.1 -7.3 175 0 10.0 25.8 7.5 2.5 2 1 3 0 0
1548.3 -7649.0 -8.0 250 0 14.5 11.0 2.5 2.5 2 0 1 2 2
1078.7 -7018.0 -6.0 82 0 7.5 17.8 5.0 2.5 2 1 2 3 3
1066.9 -5352.9 -2.8 271 0 9.9 24.4 7.5 2.5 2 1 3 2 2
1316.5 -7438.6 -7.2 184 0 11.6 7.5 7.5 2.5 2 0 3 4 4
2846.8 -8371.9 -10.7 35 0 11.4 28.6 10.0 2.5 2 1 4 2 2
454.2 -6025.1 -5.7 169 0 25.4 9.1 7.5 2.5 2 0 3 0 0
1247.7 -7280.8 -7.0 87 0 8.3 27.3 5.0 2.5 2 1 2 2 2
1391.5 -6195.4 -5.0 174 0 16.5 7.3 7.5 2.5 2 0 3 5 5
1389.7 -6178.2 -4.9 174 0 18.0 7.3 7.5 2.5 2 0 3 2 2
1107.6 -5356.8 -2.7 274 0 10.3 15.5 7.5 2.5 4 1 3 4 4
1374.8 -7330.5 -6.9 278 0 8.0 22.9 5.0 2.5 2 1 2 4 4
1984.8 -8341.2 -11.3 247 0 10.6 28.2 7.5 2.5 4 1 3 5 5
1405.6 -7764.4 -8.2 169 0 24.6 8.2 2.5 2.5 2 0 1 3 3
2914.8 -8315.1 -10.1 41 0 8.6 8.6 5.0 2.5 2 1 2 1 1
504.3 -6032.7 -5.6 76 0 11.4 14.3 5.0 2.5 2 1 2 3 3
1281.5 -7223.2 -7.0 264 0 13.1 8.5 5.0 0.0 0 0 2 4 4
408.9 -6991.0 -9.0 80 0 13.8 9.5 7.5 0.0 0 0 3 3 3
859.5 -5576.2 -4.0 270 0 14.2 11.3 5.0 2.5 2 0 2 2 2
1220.5 -5311.4 -1.8 1 0 13.9 11.8 2.5 2.5 2 0 1 2 2
388.3 -6888.2 -8.4 170 0 6.3 8.7 5.0 0.0 0 1 2 4 4
2044.9 -8341.5 -11.7 346 0 14.9 11.2 2.5 2.5 2 0 1 4 4
1126.7 -6642.8 -7.3 354 0 12.4 10.3 5.0 2.5 2 0 2 3 3
1562.7 -7648.2 -8.2 251 0 9.7 25.6 7.5 2.5 2 1 3 3 3
2915.6 -8293.5 -10.2 28 0 6.6 23.0 7.5 2.5 2 1 3 2 2
381.5 -6960.6 -8.9 174 0 23.1 11.8 10.0 2.5 4 0 4 1 1
1354.1 -7440.1 -7.1 8 0 15.3 7.1 7.5 2.5 2 0 3 5 5
609.4 -6206.0 -6.1 307 0 6.2 4.5 7.5 2.5 2 0 3 1 1
1073.8 -6663.1 -7.5 175 0 31.0 11.9 10.0 2.5 2 0 4 4 4
1613.7 -7619.7 -8.1 268 0 6.7 13.7 5.0 2.5 2 1 2 3 3
479.8 -5998.1 -5.6 261 0 27.3 11.0 10.0 2.5 2 0 4 1 1
2919.5 -8250.5 -10.3 291 0 30.6 16.3 10.0 2.5 2 0 4 3 3
1406.5 -6219.1 -5.0 175 0 9.7 13.1 2.5 2.5 2 1 1 0 0
1331.1 -7345.4 -7.0 187 0 13.8 11.6 5.0 2.5 2 0 2 2 2
1626.9 -7482.0 -7.1 280 0 7.0 22.7 2.5 2.5 2 1 1 5 5
479.9 -6045.6 -5.7 83 0 27.9 6.1 7.5 2.5 2 0 3 3 3
1398.9 -7331.9 -6.9 278 0 7.5 29.9 5.0 2.5 2 1 2 5 5
2010.7 -8325.9 -11.7 251 0 22.3 9.7 7.5 2.5 2 0 3 3 3
2935.5 -8286.3 -10.2 17 0 23.9 8.5 2.5 2.5 2 0 1 3 3
1580.1 -7480.1 -6.9 270 0 8.2 18.5 5.0 2.5 2 1 2 5 5
762.5 -5643.5 -4.3 174 0 8.7 25.2 7.5 2.5 2 1 3 5 5
432.7 -6945.1 -8.5 350 0 24.7 8.8 5.0 2.5 2 0 2 1 1
1220.3 -5274.1 -0.6 1 0 9.5 29.3 7.5 2.5 2 1 3 3 3
1328.4 -7367.5 -7.0 187 0 10.4 7.4 5.0 2.5 4 0 2 0 0
630.2 -6236.0 -6.2 84 0 11.1 8.7 7.5 2.5 2 0 3 1 1
2883.3 -8268.6 -10.2 205 0 17.8 11.0 7.5 2.5 2 0 3 4 4
884.4 -5625.9 -3.8 357 0 12.8 37.5 7.5 2.5 2 1 3 4 4
387.4 -6933.2 -8.4 170 0 14.1 42.6 5.0 2.5 2 0 2 2 2
-3859.3 -7736.2 -0.3 105 0 7.8 11.9 5.0 2.5 2 1 2 0 0
-3831.5 -7717.5 -0.7 283 0 20.6 7.7 7.5 2.5 2 0 3 3 3
-3822.3 -7749.4 -0.9 104 0 6.8 17.5 2.5 2.5 2 1 1 0 0
-3878.0 -7821.8 -0.9 109 0 7.3 10.2 5.0 2.5 2 1 2 4 4
-3823.3 -7831.3 -1.7 20 0 27.9 10.5 7.5 2.5 2 0 3 3 3
-3858.1 -7793.6 -1.4 199 0 9.8 36.9 7.5 0.0 0 1 3 0 0
836.6 36.3 4.7 287 0 28.2 14.9 10.0 2.5 2 0 4 5 5
3773.8 3550.1 -3.5 273 0 15.2 11.3 5.0 2.5 2 0 2 1 1
3788.7 3211.5 -1.2 182 0 9.8 27.4 7.5 2.5 2 1 3 3 3
3788.7 3241.9 -1.4 273 0 7.4 14.8 5.0 2.5 2 1 2 5 5
3809.0 3269.3 -1.9 274 0 18.4 9.7 2.5 2.5 2 0 1 1 1
3744.5 3522.3 -3.5 183 0 17.0 15.0 10.0 2.5 2 0 4 0 0
3817.6 3547.7 -3.4 1 0 12.8 15.4 7.5 2.5 2 1 3 3 3
3871.0 3730.2 -2.5 285 0 12.4 22.1 10.0 2.5 2 1 4 2 2
3806.0 3748.5 -2.7 192 0 16.2 11.8 5.0 2.5 2 0 2 2 2
3845.3 3752.3 -2.3 282 0 28.0 11.1 7.5 2.5 2 0 3 4 4
3838.3 3706.0 -3.0 103 0 21.8 13.2 7.5 2.5 2 0 3 5 5
3801.7 3970.1 -5.0 14 0 8.4 29.0 2.5 0.0 0 1 1 3 3
3786.6 4029.8 -4.7 192 0 13.8 32.1 7.5 2.5 2 1 3 5 5
3832.0 3978.7 -3.9 17 0 14.2 11.0 5.0 2.5 2 0 2 0 0
-2652.0 7745.7 -4.1 84 0 31.7 17.5 12.5 2.5 2 0 5 2 2
-2580.6 7757.2 -5.5 353 0 12.8 21.6 7.5 0.0 0 1 3 5 5
-2598.2 7822.1 -6.1 262 0 16.9 16.0 10.0 2.5 2 0 4 4 4
-2688.9 7572.0 -4.6 334 0 15.7 29.3 10.0 2.5 2 1 4 3 3
668.1 -17.1 5.3 198 0 18.4 21.7 15.0 0.0 0 0 6 2 2
724.4 -42.4 5.4 18 0 18.5 33.4 7.5 0.0 0 0 3 5 5
692.6 -22.0 5.3 289 0 6.5 18.5 5.0 2.5 2 0 2 5 5
681.6 -53.8 5.2 109 0 6.7 15.2 5.0 2.5 2 0 2 3 3
579.6 -54.5 4.5 106 0 13.1 29.1 7.5 2.5 4 1 3 4 4
699.3 -494.2 3.3 201 0 16.5 25.0 10.0 2.5 2 1 4 0 0
338.2 -305.9 2.3 182 0 10.2 4.8 7.5 2.5 2 0 3 4 4
222.1 13.7 4.2 90 0 7.4 7.8 7.5 2.5 2 1 3 0 0
209.5 83.3 4.6 196 0 21.0 8.7 2.5 2.5 4 0 1 1 1
259.5 101.9 4.6 287 0 13.7 59.2 12.5 2.5 2 1 5 5 5
395.0 -247.7 2.9 286 0 5.3 8.0 2.5 2.5 4 1 1 5 5
492.6 -276.5 3.4 196 0 9.3 14.6 5.0 2.5 2 1 2 2 2
489.4 -201.3 3.3 10 0 20.6 19.9 10.0 0.0 0 0 4 1 1
445.7 -258.3 3.1 349 0 21.5 12.4 7.5 2.5 2 0 3 5 5
463.6 -229.8 3.3 95 0 4.7 5.1 5.0 2.5 2 1 2 0 0
294.7 -87.9 3.9 179 0 11.5 10.1 5.0 2.5 2 0 2 3 3
-2301.9 4334.6 1.3 181 0 19.1 12.4 10.0 2.5 2 0 4 0 0
