3696.3 -4009.5 -8.9 345 0 35.7 17.9 5.0 0.0 0 0 2 4 4
6896.8 3534.0 -41.3 277 0 9.3 7.9 7.5 2.5 2 0 3 3 3
6938.0 3525.4 -41.1 8 0 8.6 13.9 2.5 2.5 2 1 1 1 1
4760.0 7807.7 -42.4 155 0 8.6 6.5 5.0 2.5 2 0 2 5 5
4538.6 8096.5 -42.7 334 0 10.5 5.6 2.5 2.5 2 0 1 4 4
3920.6 8346.4 -42.2 157 0 11.2 8.2 5.0 2.5 2 0 2 1 1
4532.5 8032.8 -42.4 65 0 8.4 16.7 5.0 2.5 2 1 2 1 1
3288.0 7712.8 -40.6 37 0 12.2 17.0 7.5 2.5 2 1 3 0 0
4267.8 8433.0 -41.6 248 0 7.8 9.1 7.5 2.5 2 1 3 2 2
4039.9 8181.8 -42.0 67 0 13.3 10.6 7.5 2.5 2 0 3 1 1
5133.9 7532.4 -40.9 66 0 9.9 9.2 2.5 2.5 2 0 1 4 4
4285.8 8393.1 -41.4 159 0 10.0 9.6 7.5 2.5 4 0 3 2 2
4432.0 7984.1 -42.2 232 0 11.8 28.7 10.0 2.5 2 1 4 0 0
3884.2 8496.8 -41.6 246 0 11.7 5.3 5.0 2.5 2 0 2 3 3
4567.5 8058.6 -42.5 335 0 13.8 7.2 7.5 2.5 4 0 3 3 3
2798.2 8300.6 -38.9 332 0 11.4 10.0 2.5 2.5 2 0 1 3 3
4286.2 8338.7 -41.5 250 0 8.2 8.6 7.5 2.5 4 1 3 1 1
5030.2 7510.6 -40.2 156 0 14.6 9.2 7.5 2.5 2 0 3 2 2
4427.1 8195.3 -41.5 59 0 7.0 14.0 7.5 2.5 2 1 3 0 0
3673.3 6582.0 -38.2 65 0 8.1 13.9 7.5 0.0 0 1 3 2 2
4757.1 7825.8 -42.5 153 0 8.9 7.4 5.0 2.5 2 0 2 5 5
4808.1 7763.8 -41.7 157 0 7.3 19.4 2.5 2.5 2 1 1 1 1
4593.6 7939.0 -41.9 159 0 9.0 5.5 5.0 2.5 2 0 2 4 4
3564.6 7134.1 -36.2 236 0 5.9 7.1 7.5 2.5 2 1 3 0 0
4371.7 8276.2 -41.1 337 0 14.3 7.5 7.5 2.5 2 0 3 2 2
4572.3 8034.0 -42.4 338 0 8.3 16.2 7.5 2.5 2 1 3 2 2
4697.8 7906.4 -42.1 65 0 8.0 9.4 5.0 0.0 0 1 2 3 3
5081.0 7232.0 -38.6 153 0 30.7 6.9 5.0 2.5 2 0 2 2 2
3509.6 6877.0 -40.6 358 0 19.9 12.2 7.5 2.5 2 0 3 2 2
3780.5 6444.9 -38.9 69 0 12.7 10.4 5.0 2.5 2 0 2 1 1
4816.2 7854.0 -41.1 339 0 6.3 7.0 2.5 2.5 2 1 1 0 0
4556.8 8086.5 -42.6 245 0 5.7 14.0 5.0 2.5 2 1 2 5 5
3934.0 8376.6 -41.6 326 0 13.7 5.9 7.5 2.5 2 0 3 5 5
4599.3 8003.3 -42.4 336 0 14.4 6.3 2.5 2.5 2 0 1 4 4
3175.7 7683.9 -39.9 150 0 8.7 18.3 5.0 2.5 2 1 2 3 3
4230.2 8458.4 -41.7 247 0 9.8 15.7 2.5 2.5 2 1 1 1 1
4316.6 8253.0 -41.0 157 0 9.9 4.8 7.5 0.0 0 0 3 2 2
5204.7 7264.7 -40.5 332 0 5.8 7.1 7.5 2.5 2 1 3 5 5
3521.7 7093.8 -36.3 250 0 4.3 7.1 5.0 2.5 2 1 2 4 4
4434.9 8057.5 -42.0 249 0 11.8 11.2 7.5 2.5 2 0 3 0 0
4502.3 8081.3 -42.6 155 0 14.6 7.6 7.5 2.5 4 0 3 3 3
2780.1 8275.0 -38.8 239 0 7.1 5.5 7.5 2.5 2 0 3 4 4
3971.1 8325.9 -42.3 334 0 7.9 6.0 5.0 2.5 2 0 2 3 3
4294.5 8364.7 -41.6 159 0 12.0 10.9 5.0 2.5 2 0 2 0 0
4999.2 7529.1 -40.0 333 0 10.9 9.5 5.0 2.5 2 0 2 2 2
4424.4 8240.7 -41.7 246 0 8.6 11.5 5.0 2.5 2 1 2 0 0
3730.5 6460.0 -38.1 263 0 10.2 27.4 7.5 0.0 0 1 3 4 4
4705.3 7968.9 -42.2 247 0 8.8 9.9 7.5 2.5 2 1 3 3 3
3574.5 7093.4 -35.3 56 0 10.3 7.4 7.5 2.5 2 0 3 2 2
4380.6 8334.3 -41.7 250 0 11.5 17.6 5.0 0.0 0 1 2 2 2
4702.8 7893.1 -42.5 156 0 7.9 14.0 7.5 2.5 2 1 3 2 2
5088.3 7281.7 -39.7 336 0 9.5 9.9 5.0 2.5 2 1 2 0 0
3506.9 6840.0 -40.1 73 0 11.8 6.5 2.5 2.5 2 0 1 0 0
3761.1 6416.1 -38.6 65 0 19.5 8.8 5.0 2.5 2 0 2 2 2
4838.9 7825.8 -40.6 250 0 13.4 8.1 7.5 2.5 2 0 3 5 5
3953.0 8361.6 -41.9 337 0 10.5 9.2 7.5 0.0 0 0 3 1 1
4901.6 7635.6 -41.1 322 0 13.2 10.6 7.5 2.5 4 0 3 3 3
3474.3 7301.7 -38.6 241 0 7.3 9.9 5.0 2.5 2 1 2 2 2
4326.4 8235.8 -40.8 158 0 6.8 5.4 2.5 2.5 2 0 1 0 0
5172.7 7248.2 -40.2 65 0 8.1 13.2 7.5 2.5 4 1 3 0 0
3583.7 6991.8 -38.0 78 0 9.7 16.0 7.5 2.5 2 1 3 3 3
4486.6 8113.0 -42.7 154 0 11.4 8.5 2.5 2.5 2 0 1 3 3
4514.6 8069.0 -42.6 244 0 7.6 7.9 5.0 2.5 4 1 2 1 1
2792.2 8236.0 -38.8 150 0 11.4 9.8 2.5 2.5 2 0 1 0 0
3971.0 8303.9 -42.3 336 0 9.0 8.0 7.5 2.5 2 0 3 4 4
4341.8 8407.6 -41.6 344 0 12.0 6.5 2.5 2.5 4 0 1 4 4
4383.3 8145.0 -40.9 249 0 9.7 7.8 7.5 2.5 2 0 3 1 1
3864.5 8503.1 -41.9 243 0 7.4 19.4 7.5 2.5 2 1 3 3 3
4677.5 7953.1 -42.1 246 0 9.2 10.1 7.5 2.5 2 1 3 0 0
4361.1 8191.0 -40.7 66 0 7.4 12.0 5.0 2.5 2 1 2 3 3
4708.5 7867.0 -43.0 154 0 18.2 10.6 5.0 2.5 2 0 2 0 0
5030.0 7324.4 -40.4 154 0 20.7 11.1 7.5 2.5 2 0 3 1 1
3535.4 6726.7 -38.4 148 0 8.6 8.3 7.5 2.5 4 0 3 5 5
4776.5 7840.4 -42.0 244 0 7.3 9.5 5.0 2.5 2 1 2 2 2
3849.5 6385.5 -40.0 71 0 8.8 15.8 5.0 2.5 2 1 2 1 1
4779.5 7784.8 -42.3 157 0 11.1 14.8 7.5 2.5 2 1 3 3 3
4559.9 7996.2 -42.3 158 0 8.5 7.1 7.5 2.5 2 0 3 3 3
4937.7 7609.3 -40.3 323 0 12.0 9.5 7.5 2.5 4 0 3 2 2
3513.3 7265.5 -38.3 73 0 8.5 10.8 5.0 2.5 2 1 2 2 2
4208.7 8501.2 -41.9 68 0 8.1 8.9 2.5 2.5 4 1 1 2 2
4338.6 8365.8 -41.5 333 0 14.2 6.9 2.5 2.5 2 0 1 3 3
4691.5 7926.7 -42.0 157 0 6.8 9.2 5.0 2.5 2 1 2 1 1
5125.6 7279.6 -40.1 156 0 8.3 11.5 5.0 2.5 2 1 2 4 4
3530.2 7022.3 -38.1 260 0 8.1 7.9 5.0 0.0 0 0 2 2 2
4526.2 8124.6 -42.8 337 0 16.7 7.3 7.5 0.0 0 0 3 0 0
4492.0 8060.1 -42.5 247 0 5.0 10.9 5.0 2.5 2 1 2 3 3
3343.2 7657.8 -40.8 126 0 14.3 18.1 7.5 0.0 0 1 3 5 5
4337.5 7910.0 -41.9 70 0 10.0 10.1 5.0 2.5 2 1 2 3 3
5016.7 7682.5 -42.1 54 0 9.0 10.8 5.0 2.5 2 1 2 1 1
4316.1 8417.4 -41.6 247 0 13.4 7.0 5.0 2.5 2 0 2 1 1
5034.2 7432.5 -41.1 335 0 21.0 50.0 10.0 2.5 2 1 4 2 2
4403.9 8113.5 -41.2 70 0 14.5 11.3 7.5 2.5 4 0 3 5 5
3896.8 8480.9 -41.6 332 0 3.5 5.1 7.5 2.5 4 1 3 3 3
4135.0 8330.5 -42.1 157 0 5.5 8.2 7.5 2.5 2 1 3 0 0
4675.4 7921.7 -41.9 157 0 9.7 7.9 7.5 2.5 2 0 3 2 2
4393.8 8182.1 -41.1 159 0 12.5 7.7 7.5 2.5 2 0 3 5 5
3592.4 6768.5 -39.3 268 0 4.9 9.3 5.0 2.5 2 1 2 1 1
4784.1 7824.4 -41.8 245 0 6.9 8.0 7.5 2.5 2 1 3 0 0
3802.5 6297.7 -40.3 50 0 11.1 20.1 2.5 0.0 0 1 1 1 1
4797.8 7774.5 -41.9 155 0 4.6 27.2 7.5 2.5 2 1 3 2 2
4596.2 7959.7 -42.0 160 0 12.5 9.2 5.0 2.5 2 0 2 0 0
4983.0 7622.0 -40.4 319 0 10.1 7.9 2.5 2.5 2 0 1 1 1
3553.6 7258.6 -38.5 72 0 8.5 13.9 7.5 2.5 2 1 3 3 3
4329.9 8311.1 -41.2 251 0 8.3 9.4 5.0 2.5 2 1 2 3 3
4725.2 7923.2 -42.0 338 0 8.5 6.0 7.5 2.5 2 0 3 5 5
5120.2 7175.2 -38.2 1 0 10.6 8.2 2.5 2.5 2 0 1 2 2
3552.5 6968.9 -39.0 77 0 10.8 7.9 5.0 2.5 2 0 2 0 0
5038.6 7384.1 -40.6 338 0 8.6 16.4 5.0 2.5 4 1 2 1 1
6173.6 8504.1 -42.7 160 0 22.3 11.4 10.0 2.5 2 0 4 5 5
6291.2 8262.8 -43.1 213 0 13.8 15.7 2.5 2.5 2 1 1 1 1
4294.4 5761.1 -36.8 305 0 8.6 10.5 7.5 2.5 2 1 3 3 3
3891.0 6177.5 -40.1 314 0 16.2 10.3 7.5 2.5 2 0 3 5 5
4259.1 5720.9 -37.0 230 0 13.6 11.6 7.5 2.5 2 0 3 2 2
6328.4 8494.8 -43.0 221 0 8.5 14.2 7.5 2.5 2 1 3 0 0
4280.6 5689.3 -37.4 46 0 11.6 11.6 5.0 2.5 2 0 2 3 3
3870.7 6187.4 -39.9 299 0 9.9 8.5 2.5 2.5 2 0 1 3 3
4202.6 6110.2 -40.2 120 0 14.9 36.1 10.0 2.5 2 1 4 4 4
6310.3 8460.1 -43.2 130 0 8.9 8.1 7.5 0.0 0 0 3 3 3
3891.4 6137.5 -39.4 30 0 15.9 10.1 7.5 2.5 2 0 3 5 5
4363.3 5579.9 -37.6 219 0 7.8 14.4 5.0 2.5 2 1 2 5 5
4015.4 6119.2 -39.4 109 0 6.5 9.6 2.5 2.5 2 1 1 1 1
6293.6 8482.1 -43.1 219 0 8.9 11.9 7.5 2.5 2 1 3 2 2
6317.4 8201.5 -42.5 37 0 7.5 7.6 5.0 0.0 0 1 2 3 3
4357.6 5552.1 -37.3 40 0 13.3 8.0 7.5 2.5 2 0 3 4 4
3965.7 6018.4 -38.6 18 0 13.2 8.2 7.5 2.5 2 0 3 5 5
6191.0 6693.0 -40.7 335 0 4.8 8.5 7.5 2.5 2 1 3 5 5
6629.4 6602.2 -40.3 74 0 9.1 6.6 2.5 2.5 2 0 1 3 3
5498.8 5947.1 -40.0 75 0 7.1 9.7 5.0 2.5 2 1 2 1 1
6216.5 6637.4 -41.7 339 0 5.2 9.9 5.0 2.5 2 1 2 0 0
5043.1 5051.0 -40.3 324 0 11.6 24.5 7.5 2.5 2 1 3 0 0
5514.5 5959.5 -40.0 71 0 6.3 9.9 5.0 2.5 2 1 2 0 0
6217.1 6743.8 -40.7 248 0 8.8 8.0 5.0 2.5 2 0 2 1 1
5029.2 4759.0 -37.9 63 0 11.1 14.6 2.5 2.5 2 1 1 1 1
6055.6 6916.2 -41.0 340 0 12.5 7.2 5.0 2.5 2 0 2 2 2
6696.8 6692.1 -40.5 349 0 8.6 6.9 7.5 2.5 2 0 3 4 4
6821.6 6689.3 -41.4 74 0 5.7 8.2 2.5 2.5 2 1 1 0 0
6087.9 6814.3 -40.8 67 0 9.1 13.8 7.5 2.5 2 1 3 5 5
6161.1 6754.0 -40.8 340 0 6.7 4.8 5.0 2.5 2 0 2 1 1
6626.1 6653.3 -40.6 255 0 8.8 19.0 5.0 2.5 2 1 2 0 0
6668.1 6694.1 -40.6 255 0 11.9 12.4 7.5 2.5 2 1 3 5 5
5569.9 6045.7 -40.7 70 0 8.5 9.1 5.0 2.5 2 1 2 2 2
6220.5 6707.7 -40.7 155 0 4.1 5.2 7.5 2.5 2 1 3 3 3
6090.0 6878.2 -40.8 335 0 16.4 11.0 2.5 2.5 2 0 1 4 4
6154.9 6772.6 -40.8 338 0 6.5 7.9 2.5 2.5 2 1 1 5 5
6646.8 6662.0 -40.6 255 0 13.8 7.9 5.0 2.5 2 0 2 0 0
4986.5 4983.8 -39.3 48 0 8.9 8.6 7.5 2.5 2 0 3 3 3
5426.5 5952.9 -39.9 69 0 7.1 6.6 5.0 2.5 2 0 2 3 3
5858.6 6250.5 -41.8 159 0 8.9 23.3 7.5 0.0 0 1 3 2 2
6154.3 6736.1 -40.8 338 0 7.7 6.3 7.5 2.5 2 0 3 2 2
4961.7 5068.4 -39.9 345 0 12.1 9.9 2.5 2.5 2 0 1 3 3
6885.1 6759.5 -42.2 70 0 9.8 6.9 7.5 2.5 2 0 3 0 0
6657.7 6615.7 -40.3 79 0 10.6 10.6 7.5 2.5 2 1 3 3 3
6843.6 6678.4 -41.6 76 0 11.1 15.0 7.5 2.5 2 1 3 1 1
6859.4 6744.5 -41.9 341 0 6.2 12.6 2.5 2.5 4 1 1 4 4
6877.0 6733.3 -42.2 248 0 6.7 6.2 7.5 2.5 2 0 3 1 1
6657.2 6568.5 -39.9 261 0 5.5 10.8 2.5 2.5 4 1 1 5 5
6869.4 6843.0 -41.9 327 0 10.0 7.5 5.0 2.5 2 0 2 4 4
6867.3 6675.5 -41.6 69 0 8.6 6.3 7.5 2.5 2 0 3 1 1
6177.2 6724.4 -40.8 333 0 8.7 7.7 5.0 2.5 2 0 2 1 1
5926.7 8484.5 -42.8 245 0 5.9 19.3 5.0 2.5 2 1 2 2 2
5786.3 4400.6 -39.7 158 0 16.1 12.3 7.5 2.5 2 0 3 0 0
6544.0 4595.9 -39.6 159 0 8.6 7.1 7.5 2.5 4 0 3 2 2
5822.1 4388.6 -39.6 331 0 8.5 16.0 2.5 2.5 2 1 1 5 5
6460.3 4868.2 -36.8 68 0 60.0 26.8 12.5 0.0 0 0 5 1 1
6163.7 5466.7 -41.4 342 0 19.3 9.0 7.5 2.5 2 0 3 5 5
6105.2 8176.7 -42.1 221 0 11.5 13.0 7.5 2.5 2 1 3 3 3
5795.4 4473.8 -40.5 335 0 12.8 10.5 5.0 2.5 2 0 2 1 1
6152.7 5498.3 -40.9 346 0 13.8 11.8 5.0 2.5 2 0 2 3 3
6456.1 4855.2 -35.9 160 0 10.9 30.9 7.5 2.5 2 1 3 5 5
6150.7 8153.9 -42.8 312 0 9.6 10.9 5.0 2.5 2 1 2 0 0
5739.2 4435.0 -39.9 152 0 15.2 8.4 5.0 2.5 2 0 2 5 5
6778.3 7932.4 -43.0 215 0 9.5 8.7 7.5 0.0 0 0 3 5 5
6131.3 5330.4 -41.5 73 0 14.4 14.1 7.5 2.5 2 0 3 4 4
6130.3 8244.7 -42.9 34 0 10.8 8.2 2.5 2.5 2 0 1 4 4
5769.8 4423.2 -39.9 151 0 7.8 12.4 5.0 2.5 2 1 2 1 1
6805.6 7952.4 -43.4 304 0 6.4 10.0 5.0 2.5 2 1 2 1 1
6184.9 8265.2 -43.1 34 0 9.3 12.6 5.0 2.5 2 1 2 4 4
5196.0 4606.3 -39.0 322 0 12.7 11.0 5.0 2.5 2 0 2 5 5
6770.8 7879.0 -42.6 133 0 8.8 9.6 7.5 2.5 2 1 3 5 5
6165.0 8301.2 -43.4 303 0 10.0 7.2 5.0 2.5 2 0 2 1 1
5199.6 4475.2 -38.0 53 0 10.2 18.1 5.0 2.5 4 1 2 1 1
6223.2 8173.8 -42.8 215 0 7.3 9.5 5.0 2.5 2 1 2 0 0
6663.8 8103.7 -43.6 116 0 14.0 16.3 7.5 2.5 2 1 3 1 1
6459.9 4687.4 -39.5 68 0 14.0 9.8 2.5 0.0 0 0 1 3 3
5940.1 8502.0 -42.4 341 0 9.9 7.4 7.5 2.5 2 0 3 0 0
6765.7 7999.6 -43.6 114 0 9.1 8.6 5.0 2.5 2 0 2 2 2
5833.1 4329.7 -39.4 154 0 15.4 16.1 2.5 2.5 2 1 1 1 1
6520.1 4569.1 -40.3 254 0 6.9 9.9 5.0 2.5 2 1 2 1 1
5957.9 8467.5 -42.9 334 0 6.1 24.4 2.5 2.5 2 1 1 3 3
6448.6 4791.2 -37.5 170 0 24.0 19.1 7.5 2.5 2 0 3 0 0
6669.1 -7970.6 -48.6 273 0 9.6 8.3 7.5 2.5 2 0 3 4 4
6576.1 -7978.7 -48.4 90 0 15.4 11.5 5.0 2.5 4 0 2 1 1
6940.0 -7661.0 -45.9 357 0 13.5 9.1 7.5 2.5 2 0 3 0 0
6631.8 -8173.2 -48.2 2 0 9.8 11.8 7.5 2.5 2 1 3 0 0
6591.0 -7874.3 -48.5 1 0 5.6 7.2 2.5 2.5 2 1 1 3 3
6932.4 -7562.0 -46.0 84 0 9.4 17.4 5.0 2.5 2 1 2 3 3
6886.7 -7863.6 -48.2 185 0 9.6 6.7 7.5 2.5 2 0 3 4 4
6932.5 -7517.5 -45.9 5 0 11.5 6.4 7.5 2.5 2 0 3 2 2
6665.2 -8018.1 -48.6 1 0 20.8 11.3 7.5 2.5 2 0 3 5 5
6949.4 -7148.5 -45.6 3 0 11.2 8.5 5.0 2.5 2 0 2 5 5
6578.3 -8203.4 -48.6 93 0 14.3 13.6 2.5 2.5 2 0 1 1 1
6624.9 -8194.9 -48.3 0 0 15.7 12.5 7.5 2.5 2 0 3 1 1
6914.1 -7454.1 -46.4 8 0 12.9 8.9 7.5 2.5 2 0 3 2 2
6580.2 -7948.2 -48.7 2 0 12.7 12.4 5.0 2.5 2 0 2 3 3
6690.4 -7979.0 -48.6 95 0 8.6 8.3 5.0 0.0 0 0 2 3 3
6614.9 -8148.7 -48.4 0 0 8.1 15.4 5.0 0.0 0 1 2 0 0
6919.8 -7825.0 -48.2 275 0 6.4 7.6 7.5 2.5 4 1 3 4 4
6710.0 -7952.5 -48.8 357 0 9.0 15.5 7.5 0.0 0 1 3 3 3
6886.8 -7664.6 -46.9 179 0 10.5 11.9 10.0 2.5 2 1 4 5 5
6525.5 -7926.6 -48.4 271 0 10.7 8.1 7.5 2.5 2 0 3 0 0
6945.7 -7845.3 -47.7 355 0 3.8 4.6 5.0 2.5 2 1 2 2 2
6898.4 -7513.9 -46.5 183 0 9.7 8.1 5.0 2.5 2 0 2 0 0
6901.1 -7574.3 -46.4 179 0 18.9 8.6 7.5 2.5 2 0 3 2 2
6931.1 -7858.0 -48.3 2 0 10.5 6.9 2.5 0.0 0 0 1 2 2
6552.4 -8154.7 -48.7 180 0 15.7 14.5 7.5 2.5 2 0 3 2 2
6619.5 -7964.6 -48.6 272 0 7.4 13.7 5.0 2.5 2 1 2 2 2
6601.2 -8189.7 -48.4 92 0 9.8 5.9 5.0 2.5 2 0 2 5 5
6575.5 -7883.7 -48.6 90 0 11.2 11.5 7.5 2.5 2 1 3 3 3
6499.5 -7931.2 -48.2 181 0 5.8 6.6 7.5 2.5 2 1 3 1 1
6946.6 -7823.9 -47.4 9 0 9.9 6.6 5.0 2.5 2 0 2 2 2
6952.5 -7169.5 -45.6 181 0 8.1 12.1 5.0 2.5 2 1 2 0 0
6719.1 -7985.6 -48.8 91 0 10.4 22.4 10.0 2.5 4 1 4 1 1
3994.6 -4232.6 -11.5 23 0 11.1 4.5 2.5 2.5 2 0 1 0 0
3861.7 -4367.0 -9.6 263 0 9.4 10.5 5.0 2.5 2 1 2 0 0
3949.7 -4234.2 -11.1 115 0 11.6 9.9 5.0 2.5 2 0 2 0 0
3850.3 -4178.4 -10.2 114 0 12.8 10.3 7.5 2.5 2 0 3 5 5
3884.6 -4155.7 -10.9 56 0 8.1 13.3 5.0 2.5 4 1 2 5 5
3766.7 -4176.7 -8.2 296 0 16.3 8.1 5.0 2.5 2 0 2 2 2
3890.0 -4330.7 -9.8 43 0 8.4 11.6 5.0 2.5 2 1 2 1 1
3759.0 -4322.8 -7.6 166 0 18.3 9.1 5.0 2.5 4 0 2 2 2
4176.4 -4397.6 -14.5 264 0 11.0 13.1 5.0 2.5 2 0 2 3 3
4118.4 -4387.5 -14.1 174 0 12.9 46.9 12.5 2.5 2 1 5 2 2
4211.8 -4358.2 -14.2 84 0 6.1 6.5 10.5 3.5 4 1 3 4 4
3789.8 -4380.7 -8.3 258 0 8.3 9.3 5.0 2.5 4 1 2 0 0
4179.7 -4294.0 -13.6 296 0 18.6 12.5 10.0 0.0 0 0 4 3 3
3775.2 -4424.6 -8.0 172 0 10.8 8.8 7.5 2.5 2 0 3 1 1
4127.6 -4295.4 -13.4 206 0 12.6 19.2 10.0 2.5 2 1 4 2 2
3895.0 -4462.1 -9.9 84 0 24.7 9.4 7.5 2.5 2 0 3 3 3
4104.7 -4286.5 -12.8 26 0 16.8 15.6 7.5 2.5 2 0 3 2 2
4059.0 -4276.5 -12.4 116 0 14.7 6.3 5.0 2.5 2 0 2 2 2
3920.7 -4513.7 -9.8 175 0 7.6 11.6 7.5 2.5 4 1 3 2 2
4018.7 -4252.4 -11.9 206 0 9.1 15.7 7.5 2.5 2 1 3 0 0
3987.3 -4295.2 -11.4 296 0 9.0 10.1 5.0 2.5 2 1 2 0 0
4042.5 -4320.1 -12.4 90 0 8.9 4.8 2.5 2.5 2 0 1 5 5
3969.1 -4243.5 -11.2 114 0 11.1 9.0 5.0 2.5 2 0 2 0 0
4161.1 -4275.1 -13.5 112 0 30.2 5.2 7.5 2.5 2 0 3 5 5
3791.7 -4368.2 -8.2 74 0 5.6 27.5 7.5 2.5 2 1 3 4 4
3837.2 -4227.4 -9.1 27 0 5.0 8.0 2.5 2.5 2 0 1 1 1
3806.5 -4433.0 -8.4 84 0 14.3 5.3 5.0 2.5 4 0 2 2 2
4192.8 -4289.3 -13.6 116 0 4.4 5.3 7.5 2.5 2 0 3 2 2
4183.0 -4284.5 -13.6 116 0 17.5 5.3 2.5 2.5 2 0 1 5 5
3851.6 -4380.3 -9.5 262 0 18.2 5.8 5.0 2.5 2 0 2 2 2
3794.7 -4417.3 -8.6 174 0 4.1 23.6 7.5 0.0 0 1 3 5 5
3924.3 -4453.3 -10.5 174 0 15.0 11.8 10.0 2.5 2 0 4 4 4
4996.3 -1976.1 -23.9 178 0 8.0 10.7 5.0 2.5 2 1 2 4 4
4987.3 -1998.9 -22.8 178 0 9.7 12.0 5.0 2.5 2 1 2 4 4
4989.9 -1915.1 -24.8 178 0 7.2 9.0 5.0 2.5 2 1 2 2 2
4998.3 -1885.9 -24.6 266 0 5.3 5.5 5.0 2.5 2 1 2 1 1
5033.3 -1871.3 -26.1 91 0 6.0 7.5 5.0 2.5 2 1 2 5 5
5031.0 -1816.6 -22.6 4 0 9.8 12.6 7.5 2.5 2 1 3 2 2
5064.6 -1867.6 -27.8 184 0 11.7 5.1 5.0 2.5 2 0 2 1 1
5073.0 -1856.8 -28.0 182 0 4.6 5.7 2.5 2.5 2 1 1 4 4
5108.7 -1850.8 -29.4 0 0 16.1 9.5 7.5 2.5 4 0 3 3 3
5052.3 -1971.0 -26.7 1 0 10.9 7.1 5.0 2.5 2 0 2 0 0
5046.8 -1953.7 -26.9 359 0 11.1 6.2 7.5 2.5 2 0 3 0 0
5059.3 -1961.3 -27.3 0 0 4.3 6.9 5.0 2.5 2 1 2 1 1
5049.1 -1998.1 -26.7 6 0 10.5 9.5 7.5 2.5 2 0 3 5 5
5064.9 -2014.3 -28.6 5 0 11.1 6.3 5.0 2.5 2 0 2 5 5
5020.1 -2054.9 -26.0 95 0 6.3 10.0 5.0 2.5 2 1 2 4 4
4866.6 -1936.9 -17.2 83 0 6.8 10.7 5.0 2.5 2 1 2 0 0
5014.3 -1973.3 -24.7 175 0 9.9 4.5 5.0 2.5 2 0 2 0 0
5856.7 3284.3 -38.5 329 0 20.4 11.2 2.5 2.5 2 0 1 4 4
-6100.5 -4874.5 35.6 98 0 6.2 15.4 5.0 2.5 2 1 2 5 5
-6127.6 -5027.4 35.4 94 0 10.8 14.7 2.5 2.5 2 1 1 1 1
-6341.5 -5103.2 30.8 109 0 12.4 19.7 7.5 2.5 2 1 3 1 1
6722.6 -1929.8 -42.0 276 0 9.6 28.9 2.5 2.5 2 0 1 5 5
6650.5 3476.4 -40.0 189 0 15.7 30.5 7.5 0.0 0 1 3 3 3
6869.2 7498.0 -43.7 40 0 7.9 11.3 5.0 2.5 4 1 2 0 0
2363.3 374.4 0.3 145 0 31.4 10.9 12.5 2.5 2 0 5 0 0
4555.4 -4505.3 -16.1 179 0 10.5 49.3 14.0 0.0 0 1 4 4 4
-1961.9 -1038.9 30.7 279 0 8.5 17.1 7.5 2.5 4 1 3 4 4
2140.0 910.4 -0.3 185 0 37.0 12.8 10.0 2.5 2 0 4 2 2
2133.0 879.3 0.6 183 0 6.8 5.8 5.0 2.5 2 0 2 2 2
2102.1 826.3 1.0 25 0 15.3 17.8 10.0 0.0 0 1 4 5 5
6766.5 2413.2 -41.0 137 0 7.0 9.5 5.0 2.5 2 1 2 3 3
6558.9 2608.7 -40.3 152 0 5.9 9.2 5.0 2.5 2 1 2 1 1
6505.6 2715.5 -40.1 319 0 7.2 16.3 5.0 2.5 4 1 2 4 4
6479.3 2725.4 -40.1 236 0 6.9 11.2 7.5 2.5 2 1 3 5 5
6360.9 2845.1 -41.7 322 0 13.9 15.0 7.5 2.5 2 1 3 1 1
6375.6 2813.4 -41.3 55 0 14.6 8.6 2.5 2.5 2 0 1 0 0
6383.8 2832.2 -41.6 324 0 15.0 9.3 2.5 2.5 2 0 1 1 1
6297.5 2894.4 -41.3 326 0 10.5 11.4 2.5 2.5 2 1 1 1 1
6193.2 2980.2 -41.3 142 0 16.4 20.3 5.0 2.5 4 1 2 3 3
4787.9 3000.5 -39.3 73 0 12.7 7.7 5.0 2.5 2 0 2 4 4
4703.3 2968.2 -38.4 153 0 8.8 9.9 7.5 2.5 4 1 3 5 5
4642.1 2937.7 -37.6 67 0 6.9 9.5 7.5 2.5 2 1 3 2 2
4588.7 2918.9 -37.1 68 0 11.8 7.5 5.0 2.5 2 0 2 4 4
1326.5 8207.3 -31.8 89 0 16.7 32.8 12.5 2.5 2 1 5 2 2
3682.7 -3873.0 -8.8 344 0 13.0 36.7 7.5 2.5 2 1 3 2 2
3614.1 -3786.1 -8.0 199 0 6.0 8.1 7.5 2.5 2 0 3 3 3
3604.6 -3781.3 -8.1 199 0 10.4 10.5 5.0 2.5 2 0 2 5 5
3676.8 -3850.6 -8.6 343 0 12.7 37.6 7.5 2.5 2 1 3 5 5
3688.0 -3892.7 -8.9 344 0 11.8 36.7 7.5 0.0 0 1 3 0 0
3694.0 -3911.3 -9.0 344 0 12.9 37.6 7.5 2.5 2 1 3 3 3
3708.2 -4055.1 -8.4 345 0 25.5 12.6 10.0 0.0 0 0 4 0 0
3683.9 -3968.7 -8.9 345 0 30.2 16.1 7.5 2.5 2 0 3 3 3
3820.2 -4249.3 -8.6 25 0 8.2 9.2 7.5 0.0 0 1 3 3 3
3632.2 -4337.6 -7.7 162 0 6.7 7.2 5.0 2.5 2 0 2 4 4
3609.2 -4312.2 -7.9 253 0 8.8 13.8 7.5 2.5 4 1 3 4 4
3662.9 -4292.8 -7.2 253 0 9.6 24.5 5.0 2.5 2 0 2 0 0
3649.0 -4300.8 -7.4 253 0 21.6 16.9 7.5 2.5 2 0 3 1 1
3614.1 -4267.8 -7.4 163 0 14.2 17.8 10.0 2.5 2 0 4 4 4
3782.7 -4183.8 -8.3 296 0 11.8 11.7 5.0 2.5 4 0 2 2 2
3734.1 -4080.7 -8.5 201 0 21.9 14.0 7.5 2.5 2 0 3 5 5
3726.6 -4100.5 -9.0 201 0 20.5 14.0 7.5 2.5 2 0 3 1 1
3721.1 -4114.7 -9.0 201 0 9.9 14.0 5.0 2.5 2 0 2 2 2
4479.0 -4553.0 -16.1 258 0 12.6 8.1 10.5 3.5 2 0 3 0 0
4407.4 -4524.1 -15.4 183 0 14.5 8.9 10.5 3.5 2 0 3 4 4
4455.9 -4603.3 -16.4 78 0 14.5 5.2 10.5 3.5 2 0 3 0 0
4433.4 -4558.7 -16.1 260 0 14.0 9.5 10.5 3.5 2 0 3 5 5
4400.7 -4604.5 -15.6 173 0 12.6 12.4 14.0 3.5 2 0 4 1 1
4527.2 -4343.6 -16.1 100 0 11.2 3.9 10.5 3.5 2 0 3 5 5
4559.3 -4463.6 -14.7 185 0 8.2 13.6 10.5 3.5 2 1 3 3 3
4552.1 -4475.9 -14.9 184 0 9.7 6.4 10.5 3.5 2 0 3 3 3
4617.2 -4424.2 -14.1 43 0 7.9 8.2 10.5 3.5 2 1 3 5 5
4484.8 -4370.8 -14.3 356 0 5.6 12.6 10.5 3.5 2 1 3 4 4
4480.3 -4408.7 -14.4 357 0 4.4 14.6 10.5 0.0 0 1 3 4 4
4486.7 -4448.8 -14.9 2 0 4.7 5.9 10.5 3.5 2 1 3 0 0
4492.5 -4474.9 -15.2 4 0 19.7 9.0 10.5 3.5 2 0 3 1 1
4508.4 -4490.7 -15.3 359 0 10.4 20.3 14.0 3.5 2 0 4 3 3
4522.1 -4485.2 -15.2 269 0 27.7 10.4 14.0 3.5 2 0 4 4 4
4541.0 -4484.3 -15.1 269 0 9.9 12.4 10.5 3.5 2 0 3 3 3
4649.2 -4414.3 -17.3 89 0 8.4 24.7 10.5 3.5 2 1 3 4 4
4633.9 -4398.3 -16.3 90 0 11.3 4.5 10.5 3.5 2 0 3 3 3
4857.6 -4550.7 -39.0 358 0 8.2 7.6 2.5 2.5 2 0 1 3 3
4825.5 -4927.5 -34.6 267 0 9.6 10.0 7.5 2.5 2 1 3 4 4
4803.6 -4922.1 -32.3 267 0 11.0 9.8 2.5 2.5 2 0 1 2 2
4780.2 -4925.6 -29.8 267 0 9.9 10.4 2.5 2.5 2 1 1 1 1
4773.6 -4952.1 -28.8 282 0 7.2 10.5 5.0 2.5 2 1 2 1 1
4797.6 -4975.9 -31.6 278 0 10.4 8.6 2.5 2.5 2 0 1 0 0
4820.9 -4958.8 -34.1 266 0 9.5 12.6 5.0 2.5 4 1 2 1 1
4824.2 -4979.4 -34.8 266 0 9.7 10.0 5.0 2.5 2 1 2 4 4
4822.3 -5000.9 -34.4 268 0 10.5 10.9 7.5 2.5 2 1 3 1 1
4779.3 -4877.5 -29.9 263 0 12.1 9.4 5.0 2.5 2 0 2 4 4
4780.4 -4886.8 -30.1 263 0 12.1 9.7 7.5 2.5 2 0 3 5 5
4825.5 -4895.4 -34.7 270 0 11.0 9.2 5.0 2.5 2 0 2 0 0
4810.0 -4906.5 -33.0 269 0 9.3 5.8 5.0 2.5 2 0 2 4 4
4822.6 -4913.8 -34.5 269 0 12.2 4.7 5.0 0.0 0 0 2 3 3
4810.9 -4997.2 -32.9 267 0 7.6 5.1 5.0 2.5 2 0 2 4 4
4765.9 -4670.8 -32.6 267 0 5.6 9.2 5.0 2.5 2 1 2 5 5
4767.4 -4688.9 -32.7 88 0 8.8 3.8 7.5 2.5 2 0 3 5 5
4778.4 -4682.5 -33.1 357 0 4.0 3.1 5.0 2.5 4 0 2 4 4
4768.1 -4758.8 -32.3 174 0 10.8 13.6 5.0 2.5 2 1 2 2 2
4821.0 -4824.5 -35.1 86 0 11.8 55.9 12.5 2.5 2 1 5 2 2
4780.2 -4734.5 -33.1 358 0 11.8 7.8 7.5 0.0 0 0 3 1 1
4848.6 -4713.5 -37.8 4 0 8.3 6.1 7.5 2.5 2 0 3 2 2
4813.1 -4699.8 -35.8 87 0 11.6 9.9 5.0 2.5 2 0 2 5 5
4822.8 -4704.6 -36.6 179 0 4.3 7.6 5.0 2.5 2 1 2 2 2
4817.3 -4669.1 -36.2 178 0 5.3 7.0 7.5 2.5 2 1 3 4 4
4832.2 -4684.0 -36.9 86 0 4.8 10.9 7.5 0.0 0 1 3 0 0
4838.9 -4666.6 -37.3 356 0 6.5 3.8 7.5 2.5 2 0 3 1 1
4847.6 -4664.2 -37.9 356 0 4.5 4.8 7.5 0.0 0 1 3 1 1
4817.9 -4638.0 -36.2 268 0 7.6 5.4 7.5 2.5 4 0 3 0 0
4805.3 -4642.1 -35.3 269 0 5.2 7.6 7.5 2.5 2 1 3 4 4
4828.2 -4601.1 -35.9 81 0 4.8 7.9 7.5 2.5 2 1 3 1 1
4835.0 -4625.4 -37.4 174 0 8.0 5.5 7.5 2.5 2 0 3 2 2
4851.5 -4581.2 -38.8 172 0 13.1 5.6 7.5 0.0 0 0 3 0 0
4838.2 -4583.4 -36.7 353 0 3.6 4.5 5.0 2.5 4 1 2 5 5
4823.2 -4576.8 -36.2 178 0 5.6 9.4 5.0 2.5 2 1 2 1 1
4835.4 -4540.1 -36.7 356 0 6.9 7.6 5.0 2.5 2 1 2 2 2
4692.7 -5016.5 -21.5 88 0 10.4 10.2 5.0 0.0 0 0 2 1 1
4717.1 -5045.1 -24.2 185 0 20.4 8.7 2.5 2.5 2 0 1 2 2
4893.0 -4116.2 -37.2 359 0 4.9 9.0 5.0 0.0 0 0 2 0 0
4885.2 -4035.9 -35.8 85 0 6.5 4.2 7.5 2.5 4 0 3 5 5
4855.6 -4049.4 -34.3 360 0 8.0 7.7 2.5 2.5 4 0 1 1 1
4875.5 -4139.3 -37.1 183 0 6.8 7.4 5.0 2.5 2 1 2 1 1
4875.6 -4126.5 -36.9 179 0 13.3 6.9 2.5 2.5 2 0 1 4 4
4857.7 -4007.6 -34.3 5 0 10.0 5.3 7.5 2.5 2 0 3 0 0
4859.0 -4039.7 -34.4 356 0 6.5 7.4 5.0 2.5 2 1 2 0 0
4873.0 -4065.0 -35.9 177 0 13.1 8.5 2.5 0.0 0 0 1 5 5
4861.2 -4063.1 -34.8 354 0 8.4 6.5 5.0 2.5 2 0 2 2 2
4861.8 -4074.2 -35.0 354 0 11.8 6.9 7.5 2.5 2 0 3 5 5
4862.3 -4096.6 -35.4 354 0 7.5 11.8 5.0 2.5 2 1 2 4 4
4873.5 -4094.0 -36.4 178 0 13.1 8.3 2.5 2.5 2 0 1 2 2
4863.3 -4111.0 -35.7 352 0 9.0 8.8 7.5 2.5 2 0 3 2 2
4865.5 -4122.1 -36.0 358 0 11.2 7.4 7.5 2.5 2 0 3 0 0
4857.9 -4140.0 -35.8 358 0 8.5 8.4 7.5 2.5 2 0 3 5 5
4863.2 -4167.3 -36.3 5 0 10.8 7.4 7.5 2.5 2 0 3 4 4
4879.0 -4175.0 -37.5 278 0 11.8 10.1 5.0 2.5 2 0 2 2 2
4861.5 -4185.4 -36.3 5 0 7.8 6.8 2.5 2.5 2 0 1 5 5
4872.4 -4193.4 -37.1 189 0 6.7 3.2 7.5 2.5 2 0 3 1 1
4829.9 -4352.5 -34.5 187 0 7.6 9.4 5.0 2.5 2 0 2 3 3
4816.2 -4471.8 -33.1 280 0 5.1 3.2 2.5 2.5 2 0 1 4 4
4804.2 -4301.2 -31.7 194 0 3.8 8.1 2.5 2.5 4 0 1 2 2
4811.6 -4305.2 -31.8 194 0 7.8 4.2 7.5 2.5 2 0 3 2 2
4798.2 -4248.5 -33.8 273 0 3.9 5.7 5.0 2.5 2 1 2 0 0
4793.2 -4433.1 -30.8 201 0 7.0 7.9 5.0 2.5 4 1 2 5 5
4837.9 -4208.6 -35.3 89 0 4.3 8.2 5.0 2.5 2 1 2 0 0
4793.6 -4220.5 -33.1 280 0 5.1 18.8 5.0 0.0 0 0 2 2 2
4774.1 -4234.5 -32.8 190 0 3.0 12.7 7.5 2.5 2 0 3 1 1
4742.1 -4242.8 -31.3 262 0 3.5 7.1 2.5 2.5 2 1 1 5 5
4740.9 -4255.9 -31.5 168 0 3.9 4.9 2.5 2.5 2 1 1 2 2
4756.2 -4244.3 -32.0 267 0 11.4 5.0 5.0 2.5 2 0 2 1 1
4833.0 -4367.1 -34.4 95 0 9.2 10.1 2.5 2.5 2 0 1 2 2
4799.6 -4391.1 -30.8 23 0 13.1 10.3 5.0 2.5 2 0 2 0 0
4829.8 -4393.2 -33.9 276 0 3.3 15.9 7.5 2.5 2 1 3 4 4
4836.0 -4390.6 -34.7 275 0 7.4 13.0 2.5 2.5 2 0 1 5 5
4787.7 -4492.9 -29.8 1 0 3.0 7.1 7.5 2.5 2 0 3 4 4
4784.3 -4489.1 -29.2 1 0 4.5 8.6 5.0 2.5 2 0 2 0 0
4787.9 -4416.6 -29.8 28 0 14.6 7.8 7.5 2.5 2 0 3 5 5
4835.7 -4221.3 -35.4 101 0 6.6 11.0 5.0 2.5 2 0 2 5 5
4829.1 -4219.4 -35.0 101 0 7.0 14.1 5.0 2.5 2 0 2 5 5
4823.4 -4217.4 -34.7 101 0 5.0 13.2 5.0 2.5 2 0 2 3 3
4856.3 -4219.3 -36.2 10 0 10.9 15.1 7.5 2.5 2 1 3 5 5
4804.5 -4213.0 -33.8 104 0 12.4 8.4 5.0 2.5 4 0 2 2 2
4791.3 -4209.8 -33.1 105 0 12.6 8.4 7.5 2.5 2 0 3 5 5
4763.6 -4203.7 -31.5 102 0 8.5 6.3 5.0 2.5 2 0 2 5 5
4871.2 -4258.9 -37.2 9 0 6.9 10.9 7.5 2.5 4 0 3 4 4
4860.6 -4361.0 -36.7 13 0 3.8 6.5 7.5 2.5 2 1 3 4 4
4812.7 -4423.6 -32.6 206 0 5.5 4.6 2.5 2.5 2 0 1 1 1
4818.7 -4495.5 -34.2 99 0 3.2 5.7 5.0 2.5 2 0 2 3 3
4822.2 -4499.1 -35.0 99 0 4.9 8.7 5.0 2.5 2 0 2 1 1
4781.2 -4465.0 -28.2 302 0 7.3 9.0 2.5 2.5 2 1 1 2 2
4851.8 -4403.0 -36.0 2 0 4.4 4.1 7.5 2.5 4 0 3 2 2
4808.0 -4396.4 -32.4 202 0 15.4 7.0 7.5 2.5 2 0 3 1 1
4806.0 -4375.2 -31.5 21 0 21.0 10.3 7.5 2.5 4 0 3 4 4
4831.7 -4343.5 -34.7 195 0 10.2 9.9 5.0 2.5 2 0 2 5 5
4836.0 -4326.2 -34.7 195 0 7.2 7.1 2.5 2.5 2 0 1 3 3
4838.5 -4316.9 -35.0 196 0 8.6 7.7 7.5 2.5 2 0 3 1 1
4861.4 -4310.7 -36.5 9 0 6.6 8.7 2.5 2.5 2 0 1 3 3
4862.4 -4304.1 -36.6 9 0 6.7 8.7 7.5 2.5 2 0 3 1 1
4855.8 -4290.4 -36.7 188 0 12.1 8.1 5.0 2.5 2 0 2 5 5
4868.9 -4274.8 -37.1 10 0 7.9 10.8 7.5 2.5 2 0 3 5 5
4870.1 -4267.5 -37.2 8 0 6.9 10.9 2.5 2.5 2 0 1 3 3
4762.3 -4234.5 -31.9 182 0 5.4 3.4 7.5 2.5 2 0 3 2 2
4766.3 -4213.9 -31.8 272 0 6.5 13.3 7.5 0.0 0 1 3 1 1
4811.0 -4223.9 -34.2 285 0 13.1 8.9 7.5 2.5 4 0 3 3 3
4795.0 -4280.8 -33.1 95 0 3.2 4.0 5.0 2.5 2 0 2 0 0
4806.5 -4282.0 -33.9 95 0 20.1 4.5 7.5 0.0 0 0 3 3 3
4795.9 -4275.8 -33.8 94 0 13.2 4.8 5.0 2.5 2 0 2 1 1
4776.7 -4278.2 -32.6 97 0 7.6 3.7 2.5 2.5 2 0 1 3 3
4761.6 -4274.8 -32.1 187 0 3.3 7.5 5.0 2.5 2 0 2 1 1
4779.4 -4285.9 -31.9 95 0 3.7 3.2 2.5 2.5 2 0 1 1 1
4767.7 -4286.4 -31.7 95 0 3.3 7.0 2.5 2.5 2 1 1 1 1
4779.9 -4266.9 -33.3 90 0 6.2 4.2 7.5 2.5 2 0 3 4 4
4810.3 -4240.1 -34.1 267 0 3.7 5.8 7.5 2.5 4 1 3 3 3
4825.5 -4253.1 -35.2 0 0 23.4 9.1 5.0 2.5 2 0 2 5 5
4824.2 -4283.6 -34.2 5 0 11.0 6.1 2.5 2.5 2 0 1 1 1
4825.4 -4272.4 -35.2 1 0 9.8 11.5 5.0 2.5 2 1 2 5 5
4828.4 -4301.6 -33.2 15 0 11.4 9.2 5.0 0.0 0 0 2 2 2
4769.3 -4453.2 -27.4 28 0 16.3 8.0 2.5 2.5 2 0 1 0 0
4769.3 -4418.8 -28.2 199 0 3.4 5.9 5.0 2.5 2 1 2 2 2
4760.4 -4420.5 -27.4 194 0 10.4 5.6 5.0 2.5 2 0 2 1 1
4759.5 -4434.5 -26.9 187 0 6.0 3.9 5.0 2.5 2 0 2 1 1
4776.2 -4439.3 -28.3 25 0 9.1 7.4 7.5 2.5 2 0 3 3 3
4781.2 -4428.5 -29.1 25 0 10.5 5.9 2.5 2.5 2 0 1 5 5
4850.8 -4413.9 -36.0 9 0 10.0 3.7 7.5 2.5 2 0 3 4 4
4848.9 -4425.2 -35.9 9 0 5.1 19.8 2.5 2.5 2 1 1 1 1
4862.9 -4427.8 -37.3 6 0 8.3 5.2 2.5 2.5 2 0 1 0 0
4477.9 -4321.7 -15.7 198 0 6.5 4.8 10.5 3.5 2 0 3 1 1
4439.6 -4419.9 -14.8 179 0 10.5 7.4 10.5 3.5 2 0 3 0 0
4430.1 -4434.3 -14.9 187 0 6.8 4.8 10.5 3.5 2 0 3 3 3
4428.8 -4450.7 -15.1 179 0 12.0 6.1 10.5 3.5 2 0 3 1 1
4430.1 -4474.7 -15.3 104 0 10.7 7.1 10.5 3.5 2 0 3 3 3
4422.4 -4673.5 -16.5 173 0 9.1 31.2 10.5 3.5 2 1 3 5 5
4410.4 -4668.9 -15.9 174 0 3.1 9.5 10.5 3.5 2 1 3 3 3
4421.4 -4666.8 -16.1 176 0 4.5 10.4 10.5 3.5 2 1 3 0 0
4408.1 -4689.6 -15.8 175 0 6.4 8.7 10.5 3.5 2 0 3 5 5
4401.9 -4688.2 -15.7 176 0 10.2 6.1 10.5 3.5 2 0 3 4 4
4399.6 -4664.0 -15.7 174 0 11.5 5.9 10.5 3.5 2 0 3 1 1
4654.4 -3927.7 -23.5 305 0 4.1 5.3 5.0 2.5 2 0 2 5 5
4643.3 -3925.4 -23.4 215 0 9.0 8.4 5.0 2.5 2 0 2 0 0
4651.4 -3965.2 -24.1 359 0 5.1 14.1 5.0 2.5 2 1 2 4 4
4621.0 -3993.0 -23.0 99 0 8.3 9.3 5.0 2.5 2 1 2 0 0
4648.5 -3976.9 -24.1 8 0 6.5 20.9 5.0 2.5 2 1 2 3 3
4626.0 -3952.8 -22.9 280 0 4.9 13.9 7.5 2.5 4 1 3 3 3
4649.2 -3955.1 -23.8 7 0 4.5 8.6 5.0 2.5 2 1 2 0 0
4695.9 -4035.5 -26.7 98 0 8.6 3.3 5.0 2.5 2 0 2 0 0
4692.4 -4029.3 -26.5 188 0 4.7 3.9 5.0 2.5 4 0 2 0 0
4685.8 -4030.3 -26.3 188 0 3.6 6.3 7.5 2.5 2 0 3 5 5
4719.4 -4032.1 -27.6 11 0 6.6 4.5 2.5 2.5 2 0 1 0 0
4853.1 -3912.2 -36.0 178 0 6.2 19.3 5.0 2.5 2 1 2 1 1
4871.7 -3949.2 -35.4 4 0 10.8 5.0 5.0 2.5 2 0 2 1 1
4778.1 -3988.4 -30.9 196 0 4.5 11.2 5.0 2.5 2 1 2 0 0
4796.0 -3965.5 -31.3 269 0 4.3 8.5 7.5 2.5 4 0 3 2 2
4777.8 -3958.2 -30.2 86 0 5.3 10.3 5.0 2.5 2 0 2 1 1
4751.8 -3954.7 -29.2 177 0 13.6 10.4 7.5 2.5 2 0 3 5 5
4741.9 -3989.4 -28.6 6 0 4.6 8.1 2.5 2.5 4 1 1 4 4
4733.4 -4002.8 -28.3 17 0 10.5 4.9 7.5 2.5 2 0 3 0 0
4716.1 -4010.2 -27.9 187 0 4.6 9.0 2.5 2.5 2 1 1 0 0
4700.0 -4011.2 -27.0 271 0 12.4 9.8 5.0 2.5 2 0 2 0 0
4727.0 -4046.5 -28.0 6 0 6.1 13.0 2.5 2.5 4 1 1 4 4
4749.1 -4058.3 -29.4 179 0 4.6 7.8 5.0 2.5 4 1 2 5 5
4746.2 -4191.6 -30.8 150 0 6.7 11.0 5.0 0.0 0 0 2 2 2
4745.3 -4181.5 -30.6 150 0 4.0 7.0 7.5 2.5 2 0 3 5 5
4839.1 -4033.6 -33.5 9 0 7.4 13.2 7.5 2.5 2 1 3 0 0
4838.0 -3927.1 -33.8 346 0 5.6 6.1 7.5 0.0 0 1 3 1 1
4861.4 -3870.4 -36.1 182 0 8.2 7.8 7.5 2.5 2 0 3 1 1
4917.2 -3555.1 -37.5 94 0 5.0 11.7 5.0 2.5 2 1 2 3 3
4827.4 -3713.5 -32.9 193 0 7.9 8.7 7.5 2.5 2 1 3 4 4
4707.7 -3646.4 -28.9 187 0 6.4 10.3 7.5 2.5 2 1 3 3 3
4705.0 -3691.7 -27.9 189 0 6.0 13.8 5.0 2.5 2 1 2 1 1
4764.9 -3745.5 -30.3 280 0 10.3 9.6 7.5 2.5 2 0 3 2 2
4790.7 -3782.3 -31.6 101 0 4.5 10.4 7.5 2.5 2 1 3 2 2
4787.2 -3810.5 -31.6 187 0 3.2 5.4 7.5 2.5 2 1 3 3 3
4785.7 -3868.9 -31.1 281 0 5.7 4.7 7.5 2.5 2 0 3 1 1
4756.2 -3866.2 -29.4 186 0 3.6 4.8 7.5 2.5 2 0 3 1 1
4753.9 -3869.7 -29.1 96 0 3.8 5.6 5.0 2.5 2 0 2 0 0
4833.9 -3840.1 -34.1 6 0 6.7 7.8 5.0 0.0 0 1 2 4 4
4762.5 -3833.9 -29.5 282 0 6.4 5.9 7.5 2.5 2 0 3 5 5
4739.9 -4048.9 -29.0 186 0 12.1 7.4 7.5 2.5 2 0 3 2 2
4817.8 -3719.3 -32.3 191 0 3.4 5.9 5.0 2.5 2 1 2 5 5
4810.8 -3693.2 -31.6 188 0 3.7 4.9 2.5 2.5 2 1 1 4 4
4689.8 -3722.2 -26.9 94 0 5.6 11.4 7.5 2.5 2 1 3 0 0
4681.5 -3737.9 -26.7 102 0 4.2 5.9 5.0 2.5 2 1 2 0 0
4674.8 -3741.2 -26.8 188 0 5.9 9.5 5.0 2.5 2 0 2 0 0
4670.7 -3746.8 -26.9 188 0 6.4 20.0 7.5 2.5 4 0 3 0 0
4703.6 -3742.5 -27.7 98 0 7.8 9.8 5.0 2.5 2 1 2 4 4
4712.3 -3713.0 -27.6 10 0 7.0 13.0 2.5 2.5 2 0 1 2 2
4720.9 -3716.3 -28.0 10 0 10.6 9.1 7.5 2.5 2 0 3 0 0
4667.5 -3686.9 -26.2 278 0 5.4 7.2 5.0 2.5 2 1 2 4 4
4676.2 -3660.4 -27.2 280 0 9.6 10.0 7.5 2.5 2 1 3 3 3
4689.2 -3635.0 -28.3 100 0 5.4 7.8 5.0 2.5 2 0 2 1 1
4716.3 -3625.5 -29.4 278 0 9.5 9.5 5.0 2.5 2 0 2 0 0
4809.1 -3615.3 -34.0 12 0 4.2 6.1 5.0 2.5 2 1 2 1 1
4811.8 -3574.9 -34.6 100 0 5.5 10.4 5.0 2.5 2 1 2 0 0
4866.1 -3579.6 -36.5 134 0 4.0 17.2 5.0 2.5 2 1 2 1 1
4882.9 -3570.5 -37.0 276 0 5.5 13.5 7.5 2.5 4 1 3 3 3
4861.5 -3586.9 -36.9 188 0 4.4 16.3 5.0 2.5 2 1 2 3 3
4699.8 -3798.0 -26.5 186 0 5.4 10.9 5.0 2.5 2 1 2 1 1
4818.5 -3829.1 -33.4 100 0 5.1 8.3 7.5 2.5 2 1 3 2 2
4820.1 -3853.4 -33.2 280 0 3.2 4.3 5.0 2.5 4 1 2 5 5
4829.3 -3849.1 -33.9 285 0 6.4 4.3 5.0 2.5 2 0 2 2 2
4813.1 -3837.9 -32.9 99 0 4.0 5.2 7.5 2.5 4 1 3 1 1
4793.7 -3843.5 -31.6 277 0 6.6 9.3 2.5 2.5 2 1 1 5 5
4775.1 -3891.0 -30.7 98 0 5.5 11.3 7.5 2.5 2 0 3 3 3
4791.2 -3880.9 -31.5 276 0 4.5 9.9 5.0 2.5 2 1 2 5 5
4730.6 -3907.8 -28.0 357 0 9.5 9.3 5.0 2.5 2 0 2 5 5
4731.1 -3917.5 -28.0 357 0 9.9 9.3 2.5 2.5 4 0 1 0 0
4732.0 -3935.6 -27.8 356 0 10.9 6.5 7.5 2.5 2 0 3 3 3
4723.9 -3952.9 -27.7 174 0 8.2 7.4 7.5 2.5 2 0 3 1 1
4721.9 -3979.3 -28.1 179 0 3.8 9.8 5.0 2.5 2 1 2 0 0
4707.8 -3979.5 -27.2 263 0 9.8 5.3 5.0 2.5 2 0 2 1 1
4683.5 -4006.6 -26.2 274 0 14.4 5.6 7.5 2.5 2 0 3 0 0
4674.7 -4042.8 -25.9 189 0 9.2 8.9 2.5 2.5 2 0 1 2 2
4689.4 -4088.5 -26.4 335 0 7.6 3.5 5.0 2.5 2 0 2 2 2
4714.8 -4085.1 -27.7 97 0 8.7 11.6 5.0 2.5 2 1 2 0 0
4841.8 -4123.3 -34.7 348 0 4.1 9.7 5.0 2.5 2 1 2 4 4
4835.8 -4149.1 -34.8 351 0 3.8 10.0 7.5 2.5 2 1 3 2 2
4825.3 -4159.0 -34.4 345 0 9.5 4.9 5.0 2.5 2 0 2 0 0
4847.8 -4173.8 -35.6 357 0 3.9 9.5 5.0 2.5 2 1 2 2 2
4831.8 -4173.3 -34.8 348 0 12.9 6.6 7.5 2.5 2 0 3 0 0
4798.6 -4189.5 -33.1 78 0 3.1 22.5 5.0 2.5 4 1 2 0 0
4786.0 -4193.8 -32.5 78 0 4.3 8.8 7.5 2.5 2 1 3 4 4
4742.3 -4175.8 -30.4 154 0 9.2 8.0 2.5 0.0 0 0 1 1 1
4748.3 -4155.3 -30.7 166 0 4.3 10.0 2.5 0.0 0 1 1 1 1
4735.0 -4159.6 -29.8 167 0 6.7 6.0 2.5 2.5 2 0 1 3 3
4739.9 -4120.9 -29.7 168 0 4.7 6.0 2.5 2.5 2 0 1 4 4
4745.5 -4118.2 -30.2 168 0 7.8 9.9 2.5 2.5 2 0 1 2 2
4742.2 -4128.7 -30.1 169 0 5.1 9.4 2.5 2.5 4 1 1 4 4
4729.0 -4134.4 -29.4 174 0 11.0 5.2 2.5 2.5 2 0 1 1 1
4744.4 -4089.5 -29.7 172 0 9.4 11.0 5.0 2.5 2 1 2 5 5
4819.8 -4093.1 -33.1 352 0 6.8 4.5 5.0 2.5 2 0 2 3 3
4818.1 -4032.3 -32.7 278 0 9.8 6.1 5.0 2.5 2 0 2 1 1
4840.6 -4024.3 -33.7 98 0 6.8 11.7 7.5 2.5 2 1 3 5 5
4815.6 -3977.2 -32.3 279 0 5.8 7.5 7.5 2.5 4 1 3 5 5
4846.5 -3963.8 -33.8 279 0 5.9 4.0 5.0 2.5 2 0 2 2 2
4822.4 -3892.9 -33.4 4 0 10.1 4.4 7.5 2.5 2 0 3 4 4
4820.0 -3908.8 -33.2 5 0 5.4 3.3 7.5 2.5 2 0 3 2 2
4826.4 -3911.0 -33.5 6 0 8.7 4.1 7.5 2.5 4 0 3 2 2
4820.1 -3944.4 -32.9 90 0 7.7 12.4 7.5 2.5 2 1 3 0 0
4749.5 -3897.7 -29.2 87 0 5.2 12.2 2.5 2.5 2 1 1 2 2
4717.0 -3856.9 -26.9 108 0 3.9 10.6 7.5 2.5 4 1 3 3 3
4714.1 -3843.1 -26.6 212 0 8.2 3.1 5.0 2.5 4 0 2 5 5
4707.4 -3849.9 -26.4 122 0 4.0 13.5 7.5 2.5 2 0 3 2 2
4692.6 -3888.9 -25.7 100 0 3.1 3.3 5.0 2.5 2 1 2 2 2
4685.4 -3881.6 -25.4 193 0 5.5 4.4 5.0 2.5 2 0 2 5 5
4753.5 -3822.2 -29.0 280 0 6.7 4.9 7.5 2.5 2 0 3 0 0
4754.5 -3811.8 -29.3 97 0 4.1 8.3 7.5 2.5 2 1 3 0 0
4742.8 -3784.6 -29.4 190 0 11.6 6.0 7.5 2.5 2 0 3 1 1
4768.8 -3783.9 -30.6 9 0 6.4 11.1 7.5 2.5 2 1 3 5 5
4783.4 -3779.4 -31.4 98 0 8.3 11.5 5.0 0.0 0 1 2 1 1
4810.8 -3762.4 -32.3 10 0 5.4 14.3 5.0 2.5 2 1 2 2 2
4818.3 -3735.1 -32.6 186 0 7.2 6.8 5.0 2.5 2 0 2 1 1
4812.5 -3655.3 -33.1 279 0 18.4 5.9 5.0 2.5 2 0 2 3 3
4812.9 -3682.2 -32.3 97 0 9.3 5.7 5.0 0.0 0 0 2 3 3
4817.7 -3703.5 -32.3 190 0 7.6 9.7 5.0 2.5 2 1 2 5 5
4835.2 -3666.0 -33.7 277 0 9.1 11.0 5.0 0.0 0 1 2 3 3
4850.5 -3683.7 -34.4 278 0 7.8 7.3 2.5 2.5 2 0 1 0 0
4838.7 -3694.1 -34.0 190 0 6.5 10.7 5.0 2.5 2 1 2 0 0
4865.1 -3624.3 -37.1 96 0 10.5 9.4 5.0 0.0 0 0 2 4 4
4892.5 -3654.8 -37.7 8 0 11.9 10.1 2.5 2.5 2 0 1 3 3
4858.1 -3945.3 -34.8 182 0 4.2 3.3 7.5 2.5 2 0 3 5 5
4854.7 -3953.7 -34.7 92 0 6.1 10.7 2.5 2.5 2 0 1 2 2
4872.5 -3919.5 -35.9 358 0 4.7 6.8 5.0 2.5 2 0 2 1 1
4872.7 -3924.9 -35.9 358 0 6.1 6.8 5.0 0.0 0 0 2 0 0
4853.8 -3892.3 -35.5 180 0 8.3 4.6 2.5 2.5 2 0 1 2 2
4850.6 -3838.6 -35.1 269 0 4.8 11.6 5.0 2.5 2 1 2 1 1
4851.4 -3799.4 -35.1 224 0 3.3 10.1 2.5 2.5 2 1 1 1 1
4849.9 -3782.4 -34.6 288 0 5.3 3.5 7.5 2.5 2 0 3 3 3
4858.4 -3787.7 -35.0 288 0 4.7 8.8 7.5 2.5 2 0 3 2 2
4879.6 -3758.3 -35.7 8 0 10.4 3.7 7.5 2.5 2 0 3 2 2
4874.9 -3765.9 -35.6 5 0 5.9 11.4 7.5 2.5 2 0 3 3 3
4862.9 -3778.0 -35.3 102 0 8.5 3.9 7.5 2.5 2 0 3 3 3
4885.6 -3758.3 -36.0 13 0 11.0 4.6 5.0 2.5 2 0 2 3 3
4026.2 -4211.7 -12.1 115 0 3.7 4.0 7.5 2.5 2 1 3 5 5
4310.6 -4446.3 -15.6 266 0 6.4 7.8 7.5 2.5 2 1 3 3 3
4394.7 -4415.9 -14.9 355 0 3.4 8.3 10.5 3.5 2 1 3 4 4
4420.0 -4331.4 -14.8 262 0 9.6 9.5 10.5 3.5 2 0 3 5 5
4409.2 -4341.6 -14.5 262 0 10.4 4.3 10.5 3.5 2 0 3 2 2
4420.7 -4357.3 -14.4 0 0 9.5 9.0 10.5 3.5 2 0 3 1 1
4291.6 -4389.3 -14.5 117 0 9.0 6.3 10.5 0.0 0 0 3 5 5
4346.3 -4341.1 -14.2 356 0 7.6 20.5 10.5 3.5 2 1 3 1 1
4303.8 -4365.0 -14.1 176 0 11.7 10.9 14.0 3.5 4 0 4 3 3
4287.9 -4396.7 -14.6 117 0 9.0 8.3 10.5 0.0 0 0 3 3 3
4302.9 -4380.9 -14.4 175 0 4.4 14.4 10.5 3.5 2 1 3 4 4
4345.5 -4393.6 -14.6 83 0 9.3 9.4 10.5 3.5 2 1 3 3 3
4383.1 -4428.8 -15.1 84 0 7.9 7.6 10.5 3.5 2 0 3 4 4
4406.6 -4439.6 -15.2 359 0 11.9 18.0 14.0 0.0 0 1 4 4 4
4414.5 -4419.7 -14.9 357 0 11.2 10.5 14.0 3.5 2 0 4 3 3
4358.4 -4399.2 -14.6 83 0 6.3 4.4 10.5 3.5 2 0 3 4 4
4410.5 -4379.1 -14.1 358 0 10.5 9.7 10.5 3.5 2 0 3 4 4
4338.5 -4519.8 -15.0 266 0 7.6 16.1 5.0 2.5 2 1 2 1 1
4362.8 -4504.7 -15.0 263 0 6.9 5.2 2.5 2.5 2 0 1 3 3
4370.3 -4537.8 -15.3 354 0 10.9 10.7 10.0 2.5 2 0 4 0 0
4355.0 -4545.0 -15.2 84 0 10.5 10.9 5.0 2.5 2 0 2 4 4
3745.1 -4197.3 -7.7 206 0 6.2 12.5 5.0 2.5 2 0 2 5 5
3747.8 -4191.9 -7.8 206 0 5.9 12.5 5.0 2.5 2 0 2 3 3
3784.4 -3907.3 -8.9 20 0 10.1 15.5 2.5 2.5 2 0 1 4 4
3790.1 -3947.4 -8.8 201 0 25.5 11.5 12.5 2.5 2 0 5 4 4
3757.6 -3856.7 -8.9 108 0 10.9 5.0 2.5 2.5 2 0 1 5 5
3728.9 -3851.2 -8.7 110 0 10.6 6.5 7.5 0.0 0 0 3 5 5
3633.6 -3809.9 -7.9 351 0 7.9 13.1 7.5 0.0 0 0 3 1 1
3616.3 -3807.7 -8.0 167 0 5.0 6.9 5.0 2.5 2 0 2 5 5
3708.4 -4381.6 -7.7 74 0 9.1 23.0 2.5 2.5 2 1 1 0 0
3667.4 -4368.6 -7.8 71 0 5.5 4.9 5.0 2.5 4 0 2 1 1
3674.2 -4382.2 -8.0 71 0 9.7 15.0 2.5 2.5 2 0 1 2 2
3931.5 -4183.3 -11.4 202 0 12.9 25.2 10.0 2.5 2 1 4 0 0
4066.2 -4249.7 -12.4 297 0 6.0 7.6 5.0 2.5 4 1 2 1 1
4215.0 -4498.2 -14.2 84 0 11.8 4.0 5.0 2.5 2 0 2 0 0
4199.4 -4472.3 -14.5 173 0 5.0 19.0 2.5 2.5 2 1 1 2 2
4179.4 -4490.2 -14.0 175 0 21.3 9.2 5.0 2.5 2 0 2 4 4
4239.2 -4421.6 -15.0 354 0 12.2 45.1 10.0 2.5 2 1 4 3 3
4212.5 -4396.1 -14.6 281 0 7.1 5.1 5.0 2.5 2 0 2 1 1
4141.0 -4272.9 -13.1 25 0 3.2 11.7 5.0 2.5 2 1 2 0 0
4133.9 -4265.7 -13.1 116 0 5.0 9.5 5.0 2.5 4 1 2 0 0
4019.7 -4219.0 -12.0 24 0 16.8 6.4 5.0 2.5 4 0 2 2 2
3875.1 -4477.9 -9.3 264 0 5.5 10.4 5.0 2.5 2 1 2 2 2
3823.9 -4380.7 -8.9 263 0 5.3 6.9 2.5 2.5 2 0 1 1 1
3818.6 -4381.4 -8.9 263 0 5.3 10.3 5.0 2.5 2 0 2 2 2
3766.4 -4002.2 -9.4 201 0 11.6 6.3 5.0 2.5 2 0 2 3 3
3772.7 -3985.5 -9.1 201 0 24.2 6.3 2.5 2.5 2 0 1 1 1
3780.8 -3995.1 -9.7 201 0 35.8 6.2 7.5 2.5 2 0 3 4 4
3752.0 -4039.7 -9.9 202 0 43.4 13.4 7.5 2.5 2 0 3 3 3
3760.9 -3968.1 -8.8 21 0 17.7 13.0 5.0 2.5 2 0 2 1 1
3753.2 -3988.0 -8.8 21 0 25.0 13.0 7.5 2.5 2 0 3 1 1
3701.1 -4083.7 -6.6 162 0 12.9 7.6 7.5 2.5 2 0 3 1 1
3751.4 -4138.9 -9.0 117 0 6.1 4.6 7.5 2.5 2 0 3 0 0
3845.3 -4226.6 -9.3 27 0 7.5 6.9 5.0 2.5 2 0 2 5 5
6815.6 7286.6 -43.4 126 0 9.3 12.1 7.5 0.0 0 1 3 1 1
6860.3 7251.2 -43.2 317 0 5.6 10.6 7.5 2.5 2 1 3 0 0
6819.8 7267.7 -43.2 216 0 9.0 4.4 2.5 2.5 2 0 1 5 5
6852.1 7292.3 -43.5 311 0 4.7 3.2 7.5 2.5 4 0 3 5 5
6850.5 7307.8 -43.6 331 0 8.2 3.5 5.0 2.5 2 0 2 1 1
6724.0 -1963.3 -41.7 7 0 8.4 9.6 3.5 2.5 2 0 1 3 3
6428.5 4906.9 -36.8 251 0 4.0 7.5 7.5 2.5 2 1 3 5 5
6505.7 4915.3 -35.5 256 0 20.7 8.7 7.5 2.5 2 0 3 0 0
3135.9 7956.4 -40.0 143 0 24.6 10.9 7.5 2.5 2 0 3 5 5
4317.5 -7661.5 -16.1 266 0 11.3 7.4 5.0 2.5 4 0 2 3 3
4318.7 -7687.7 -16.5 86 0 22.4 4.6 7.5 0.0 0 0 3 2 2
4332.8 -7651.6 -15.6 270 0 10.7 12.4 5.0 2.5 2 1 2 0 0
4341.8 -7698.5 -16.5 86 0 7.4 12.1 5.0 2.5 2 1 2 5 5
4284.6 -7701.5 -16.8 88 0 12.2 17.9 2.5 2.5 2 1 1 0 0
4449.2 -7097.6 -12.4 175 0 9.6 19.8 7.5 2.5 2 1 3 5 5
3876.8 -5147.8 -8.1 174 0 4.0 4.3 5.0 2.5 4 1 2 4 4
3858.3 -5213.2 -7.9 82 0 9.3 11.0 5.0 2.5 2 1 2 0 0
4367.0 -4727.2 -15.0 357 0 4.1 8.3 5.0 0.0 0 1 2 3 3
4374.9 -4709.5 -15.1 355 0 7.7 11.2 7.5 2.5 2 1 3 4 4
4941.7 -2379.7 -28.0 190 0 4.2 5.6 7.5 2.5 2 1 3 1 1
4751.5 -2891.5 -27.8 172 0 4.9 3.6 7.5 2.5 2 0 3 0 0
1911.5 -3510.4 -2.6 188 0 6.8 6.2 2.5 2.5 2 0 1 1 1
1923.1 -3508.8 -2.6 277 0 5.9 4.5 2.5 2.5 2 0 1 2 2
1931.5 -3509.8 -2.5 277 0 10.9 18.6 5.0 2.5 4 0 2 1 1
1932.8 -3593.2 -1.3 101 0 10.2 27.9 7.5 0.0 0 1 3 0 0
1986.7 -3574.4 -1.3 4 0 12.2 10.5 7.5 2.5 2 0 3 1 1
1972.0 -3563.4 -1.2 10 0 7.1 11.0 7.5 2.5 2 1 3 0 0
1959.3 -2049.5 -0.9 117 0 5.3 17.8 7.5 0.0 0 1 3 0 0
1653.7 -7718.0 -6.2 326 0 17.9 9.5 7.5 2.5 2 0 3 4 4
1612.0 -7714.8 -6.1 238 0 11.4 9.6 5.0 2.5 2 0 2 3 3
2688.1 -7289.7 -13.3 150 0 48.8 18.7 7.5 2.5 2 0 3 1 1
1920.3 -4349.8 -3.9 281 0 8.0 7.6 5.0 2.5 2 0 2 1 1
1893.1 -4348.4 -3.8 191 0 7.6 23.0 5.0 2.5 2 0 2 3 3
1915.6 -4397.3 -4.3 101 0 9.0 4.5 7.5 2.5 2 0 3 5 5
1897.5 -4394.7 -4.0 98 0 15.9 4.4 7.5 0.0 0 0 3 1 1
1876.7 -4371.6 -3.7 188 0 28.7 7.4 5.0 2.5 2 0 2 5 5
1931.5 -4393.1 -4.4 98 0 10.7 12.1 2.5 2.5 2 1 1 4 4
3329.9 -3785.2 -9.6 116 0 16.0 5.2 5.0 2.5 2 0 2 5 5
3332.0 -3756.7 -9.6 209 0 3.7 6.8 7.5 0.0 0 1 3 2 2
3148.2 -3956.6 -9.2 260 0 3.8 8.2 2.5 2.5 4 0 1 3 3
3181.0 -3936.1 -9.7 251 0 4.0 9.2 7.5 2.5 2 1 3 3 3
3209.6 -3940.9 -9.6 343 0 7.2 11.7 2.5 0.0 0 1 1 5 5
4643.7 -3203.8 -26.4 99 0 7.9 10.2 7.5 2.5 2 1 3 2 2
4728.2 -3136.5 -28.2 92 0 3.6 5.2 5.0 2.5 2 1 2 3 3
4756.9 -3247.1 -28.6 101 0 4.9 3.4 2.5 2.5 2 0 1 5 5
4781.7 -3222.2 -30.0 277 0 11.8 5.0 7.5 0.0 0 0 3 5 5
4770.7 -3227.4 -29.5 275 0 7.7 3.9 5.0 2.5 2 0 2 0 0
4811.6 -3207.3 -31.5 183 0 4.2 8.2 2.5 2.5 2 1 1 2 2
4823.2 -3192.0 -32.0 277 0 4.3 7.4 5.0 2.5 4 1 2 0 0
2120.9 -5058.4 -5.0 245 0 7.6 17.9 2.5 2.5 4 1 1 1 1
2125.3 -5039.4 -4.9 158 0 7.3 12.0 7.5 0.0 0 1 3 0 0
4135.0 -2595.7 -20.7 173 0 4.6 7.3 7.5 2.5 2 1 3 5 5
4172.3 -2645.6 -20.2 90 0 14.4 12.1 5.0 2.5 2 0 2 0 0
4193.8 -6160.2 -9.5 176 0 12.1 25.9 7.5 2.5 2 1 3 4 4
3430.7 -2558.4 -13.3 29 0 12.0 25.0 10.0 2.5 2 1 4 1 1
4320.8 -6322.9 -10.3 348 0 13.5 11.0 5.0 2.5 2 0 2 4 4
4369.4 -5775.8 -10.6 354 0 10.0 33.5 7.5 2.5 2 1 3 1 1
3289.8 -4366.4 -8.0 255 0 14.0 7.6 2.5 2.5 2 0 1 0 0
3023.1 -2966.5 -10.1 208 0 4.6 20.3 2.5 2.5 2 1 1 3 3
2856.1 -1144.4 -5.1 234 0 16.1 5.2 7.5 0.0 0 0 3 3 3
2505.6 -7021.7 -13.9 62 0 6.4 25.1 5.0 2.5 2 1 2 5 5
5077.7 -2039.7 -30.4 12 0 6.1 5.1 7.5 2.5 4 0 3 3 3
3569.4 -3663.8 -9.8 198 0 5.3 16.7 5.0 2.5 2 1 2 4 4
4485.4 -4716.9 -17.8 357 0 5.6 18.4 10.5 3.5 2 1 3 5 5
4050.2 -453.6 -11.4 142 0 18.1 7.4 5.0 2.5 2 0 2 2 2
2170.8 -5589.5 -5.1 63 0 10.1 21.1 2.5 2.5 2 1 1 4 4
4350.1 -1820.4 -16.9 10 0 11.5 5.2 7.5 2.5 4 0 3 4 4
3999.7 -2427.7 -17.0 194 0 6.8 24.1 7.5 2.5 2 0 3 2 2
4037.6 -5171.3 -9.2 351 0 5.0 12.5 5.0 0.0 0 1 2 5 5
5133.7 -1460.0 -33.0 357 0 12.1 9.4 7.5 2.5 2 0 3 1 1
3210.1 -3791.1 -9.9 298 0 4.7 7.3 7.5 2.5 2 1 3 3 3
3916.1 -4672.0 -9.3 262 0 8.8 12.2 5.0 2.5 2 1 2 1 1
3392.0 -321.0 -6.5 237 0 12.8 19.3 12.5 0.0 0 1 5 2 2
4933.1 -3314.6 -34.1 273 0 4.5 10.2 7.5 2.5 2 1 3 0 0
3327.4 -4347.9 -8.0 251 0 12.6 6.4 7.5 0.0 0 0 3 4 4
3987.2 -4829.3 -8.5 83 0 7.0 8.4 7.5 2.5 2 1 3 3 3
3593.1 -2809.8 -15.7 301 0 7.2 7.9 7.5 2.5 4 1 3 1 1
4297.4 -4654.7 -13.9 264 0 9.7 6.5 2.5 2.5 2 0 1 5 5
4495.5 -6924.1 -16.4 87 0 17.7 12.6 7.5 2.5 2 0 3 1 1
4440.1 -4735.8 -17.1 84 0 8.8 13.4 10.5 0.0 0 1 3 3 3
4428.7 -5130.5 -15.1 176 0 7.4 9.1 7.5 2.5 2 1 3 4 4
3372.6 -3022.4 -13.0 26 0 9.0 31.3 7.5 2.5 2 1 3 0 0
3196.5 -4407.2 -8.0 77 0 8.4 10.3 7.5 2.5 2 1 3 1 1
4369.2 -4634.3 -15.0 354 0 7.5 10.8 7.5 2.5 2 1 3 3 3
4170.5 -5952.6 -8.7 175 0 6.7 18.3 2.5 2.5 2 1 1 1 1
4792.1 -531.6 -17.9 274 0 11.3 4.0 2.5 2.5 2 0 1 5 5
4438.2 -1775.4 -17.6 101 0 10.8 22.0 5.0 2.5 2 1 2 4 4
3064.6 -3116.9 -10.7 120 0 9.5 12.1 7.5 0.0 0 1 3 4 4
2260.1 -1492.9 -1.3 117 0 18.2 7.8 7.5 2.5 2 0 3 0 0
3903.0 -1450.6 -11.7 101 0 7.0 20.9 7.5 2.5 2 1 3 5 5
4249.8 -4634.1 -13.2 265 0 10.9 14.8 5.0 0.0 0 1 2 3 3
3821.9 -2712.6 -18.2 32 0 5.0 10.4 5.0 2.5 2 1 2 3 3
3083.5 -2893.3 -12.2 28 0 4.4 13.1 2.5 2.5 2 1 1 2 2
3996.8 -3199.5 -17.3 234 0 9.5 12.1 5.0 0.0 0 1 2 5 5
4772.5 -531.8 -17.2 273 0 5.0 9.4 2.5 0.0 0 1 1 5 5
3159.4 -4373.9 -7.8 257 0 12.7 7.0 7.5 0.0 0 0 3 3 3
2394.6 -1826.0 -3.2 119 0 8.7 18.6 5.0 0.0 0 1 2 3 3
3221.7 -4405.5 -8.1 73 0 4.4 13.3 5.0 2.5 2 1 2 1 1
4276.0 -6205.5 -9.3 349 0 13.0 10.0 2.5 2.5 2 0 1 0 0
4851.6 -3243.9 -31.9 6 0 4.8 11.6 5.0 2.5 2 1 2 2 2
4503.1 -463.1 -11.4 11 0 4.4 14.7 7.5 2.5 2 1 3 5 5
3333.9 -3536.7 -9.9 199 0 6.9 24.8 5.0 2.5 2 1 2 3 3
4098.0 -5601.4 -7.7 356 0 5.2 12.4 2.5 2.5 2 1 1 1 1
3001.2 -654.7 -6.5 146 0 5.1 12.4 5.0 2.5 2 1 2 2 2
3729.0 -1826.2 -12.5 281 0 12.2 10.0 10.0 2.5 2 0 4 0 0
3917.3 -5249.0 -7.7 175 0 21.1 9.5 5.0 2.5 2 0 2 0 0
3626.0 -3332.6 -11.5 197 0 11.1 8.7 5.0 2.5 4 0 2 0 0
4935.6 -2815.8 -36.4 0 0 10.3 9.8 5.0 2.5 2 0 2 2 2
4000.1 -2466.4 -17.3 284 0 10.8 5.6 7.5 2.5 2 0 3 4 4
4196.0 -5963.8 -8.7 354 0 6.9 18.0 7.5 2.5 2 1 3 2 2
4429.3 -5091.4 -15.7 177 0 9.1 7.9 7.5 2.5 2 0 3 0 0
3750.6 -4600.6 -8.0 85 0 17.9 7.4 7.5 2.5 2 0 3 1 1
5116.1 -1622.0 -30.3 352 0 5.2 8.5 7.5 2.5 4 1 3 2 2
2292.1 -1482.4 -1.4 297 0 6.7 15.7 5.0 2.5 2 1 2 1 1
3284.7 -910.3 -6.2 329 0 12.0 9.3 5.0 2.5 2 0 2 4 4
2389.6 -1911.2 -3.6 295 0 12.9 5.1 5.0 2.5 2 0 2 0 0
2260.1 -2834.7 -5.9 300 0 4.3 7.8 7.5 2.5 4 1 3 0 0
5029.5 -1956.1 -25.7 354 0 4.9 9.0 5.0 2.5 2 1 2 1 1
3083.8 -766.2 -6.3 135 0 6.2 11.3 5.0 2.5 2 1 2 4 4
3423.3 -2520.4 -12.9 210 0 11.4 7.9 7.5 0.0 0 0 3 0 0
2760.4 -457.9 -4.2 146 0 18.0 7.0 5.0 0.0 0 0 2 2 2
4425.0 -1692.0 -17.7 191 0 9.2 9.2 2.5 2.5 2 0 1 1 1
4748.0 -412.9 -17.8 184 0 8.8 5.9 7.5 2.5 4 0 3 4 4
4259.1 -7344.7 -13.9 359 0 11.7 7.5 7.5 2.5 2 0 3 1 1
4272.3 -7090.0 -13.5 358 0 11.4 9.5 7.5 2.5 2 0 3 5 5
2893.8 -940.1 -4.8 146 0 6.2 10.1 7.5 2.5 2 1 3 0 0
4192.3 -6670.6 -11.5 89 0 17.1 12.2 5.0 2.5 2 0 2 1 1
3934.1 -5131.1 -8.9 354 0 12.8 9.0 7.5 0.0 0 0 3 2 2
3072.7 -2646.8 -12.2 29 0 8.2 10.1 7.5 2.5 2 1 3 0 0
4538.6 -6976.4 -19.5 272 0 9.4 11.4 2.5 2.5 2 1 1 4 4
4335.0 -6908.9 -12.1 176 0 4.6 22.0 2.5 2.5 2 0 1 4 4
2477.8 -2349.9 -5.6 299 0 6.4 14.9 7.5 2.5 2 1 3 0 0
2914.2 -3659.6 -10.3 296 0 11.1 29.9 10.0 2.5 2 0 4 4 4
2622.1 -2136.6 -6.1 91 0 5.2 13.8 7.5 2.5 2 1 3 3 3
4749.8 -3266.8 -28.2 98 0 5.0 17.8 7.5 2.5 2 1 3 0 0
3471.3 -3258.6 -13.3 290 0 8.0 23.5 5.0 2.5 2 0 2 0 0
5041.5 -2077.2 -29.1 178 0 4.5 9.9 5.0 2.5 2 1 2 2 2
5084.9 -2090.3 -32.5 360 0 6.5 12.4 7.5 2.5 2 1 3 0 0
4562.1 -1883.6 -17.7 349 0 4.0 11.6 7.5 0.0 0 1 3 2 2
4975.5 -1683.9 -19.1 270 0 5.8 9.2 7.5 2.5 2 1 3 0 0
3414.7 -1159.9 -8.7 192 0 5.0 17.1 7.5 2.5 2 1 3 2 2
4856.7 -3272.5 -31.8 93 0 9.2 4.4 7.5 2.5 2 0 3 2 2
4990.7 -1680.2 -19.8 273 0 6.4 7.9 7.5 0.0 0 1 3 3 3
4198.0 -6619.2 -11.4 357 0 8.3 28.6 2.5 2.5 2 1 1 4 4
4961.5 -2350.4 -28.8 204 0 9.6 9.8 5.0 2.5 2 1 2 1 1
2892.9 -2942.6 -9.6 117 0 10.0 11.1 5.0 2.5 2 1 2 2 2
4458.1 -1755.9 -17.7 101 0 13.3 10.8 5.0 0.0 0 0 2 3 3
3774.2 -4614.2 -7.5 83 0 7.4 12.4 2.5 0.0 0 1 1 5 5
4455.0 -5211.1 -14.0 355 0 5.4 13.5 7.5 2.5 2 1 3 2 2
4706.4 -3096.5 -27.0 273 0 6.2 10.4 5.0 0.0 0 1 2 1 1
2297.1 -7185.6 -12.5 57 0 16.6 37.5 7.5 2.5 2 1 3 5 5
4683.9 -3170.3 -26.8 188 0 10.1 4.8 5.0 2.5 2 0 2 5 5
3460.7 -937.5 -8.0 147 0 10.7 10.6 5.0 2.5 2 0 2 0 0
4423.1 -5025.0 -16.7 175 0 12.1 8.1 5.0 2.5 2 0 2 2 2
4716.2 -2962.8 -27.1 272 0 6.2 16.2 7.5 0.0 0 1 3 3 3
4887.5 -3242.0 -33.2 3 0 6.9 3.9 7.5 2.5 2 0 3 5 5
2437.7 -7086.5 -13.4 58 0 11.0 11.0 2.5 2.5 2 0 1 4 4
3862.4 -5057.9 -8.3 81 0 9.7 9.8 5.0 2.5 2 1 2 0 0
2955.7 -1886.0 -7.6 38 0 9.6 22.9 5.0 2.5 2 1 2 4 4
3664.6 -6838.6 -15.3 269 0 7.3 6.1 7.5 2.5 2 0 3 1 1
3162.4 -5973.2 -8.6 174 0 7.2 21.2 5.0 2.5 2 1 2 0 0
4070.2 -5574.5 -7.7 263 0 9.3 13.5 5.0 2.5 2 1 2 4 4
3073.7 -7040.2 -17.0 360 0 4.6 9.9 5.0 0.0 0 1 2 3 3
4528.9 -1787.9 -17.7 12 0 9.8 18.8 5.0 2.5 2 1 2 3 3
3178.1 -812.2 -6.0 235 0 10.2 9.9 2.5 2.5 2 0 1 4 4
3934.4 -779.6 -11.3 144 0 6.7 9.6 7.5 2.5 2 1 3 0 0
4467.6 -5232.8 -14.0 359 0 4.7 11.7 2.5 2.5 2 1 1 2 2
4946.2 -1499.0 -21.8 356 0 10.0 12.1 7.5 2.5 2 1 3 1 1
4087.4 -5458.9 -8.6 163 0 12.3 8.2 5.0 2.5 2 0 2 1 1
4371.3 -6925.3 -12.2 360 0 8.6 13.9 5.0 2.5 2 1 2 5 5
2863.6 -3658.4 -10.5 206 0 10.0 5.3 2.5 2.5 2 0 1 3 3
3187.0 -2203.8 -9.0 136 0 10.4 5.3 2.5 2.5 2 0 1 0 0
2936.8 -6836.4 -16.2 356 0 8.0 10.8 7.5 0.0 0 0 3 5 5
3705.0 -7333.6 -16.5 354 0 6.4 13.7 5.0 2.5 4 0 2 0 0
3253.8 -4067.7 -8.5 76 0 6.0 11.1 5.0 2.5 2 1 2 5 5
4987.3 -807.9 -31.2 4 0 7.1 4.5 5.0 2.5 2 0 2 1 1
2953.3 -956.1 -5.2 327 0 6.1 18.6 2.5 2.5 2 1 1 1 1
4755.9 -548.2 -16.5 280 0 4.6 6.1 2.5 2.5 2 1 1 5 5
3738.8 -1828.1 -12.5 281 0 7.6 10.0 2.5 0.0 0 0 1 5 5
2877.6 -3140.9 -9.0 305 0 5.9 12.0 5.0 2.5 2 1 2 1 1
3161.6 -6002.6 -8.8 90 0 8.7 14.2 5.0 2.5 2 1 2 5 5
2743.6 -4200.0 -6.2 292 0 7.4 7.2 7.5 2.5 2 0 3 1 1
3806.0 -1389.1 -9.8 102 0 7.8 26.4 5.0 2.5 2 1 2 4 4
4298.1 -5767.9 -9.4 266 0 13.1 12.2 5.0 2.5 4 0 2 4 4
4155.9 -797.5 -12.3 358 0 5.3 15.2 7.5 2.5 2 1 3 5 5
2798.2 -435.1 -4.2 325 0 12.0 5.7 2.5 2.5 2 0 1 4 4
4323.4 -4653.5 -14.3 267 0 7.6 24.8 7.5 0.0 0 0 3 5 5
4338.7 -5939.6 -10.5 353 0 6.8 8.1 7.5 2.5 2 0 3 4 4
3191.6 -2182.2 -9.0 224 0 13.9 5.2 2.5 2.5 2 0 1 2 2
2454.0 -1065.3 -1.5 287 0 25.9 11.2 10.0 2.5 4 0 4 3 3
3685.0 -7338.7 -16.4 84 0 13.4 6.4 7.5 2.5 2 0 3 1 1
3437.2 -1157.9 -8.7 99 0 9.5 22.1 7.5 2.5 4 1 3 2 2
3092.2 -2624.5 -12.1 31 0 14.3 6.3 5.0 2.5 2 0 2 2 2
4780.8 -388.8 -19.4 259 0 9.3 11.9 2.5 2.5 2 1 1 2 2
4206.1 -6102.6 -9.1 171 0 6.4 10.3 7.5 2.5 2 1 3 4 4
4356.3 -6100.8 -10.3 357 0 4.0 10.3 2.5 2.5 2 1 1 3 3
3729.6 -7459.6 -18.0 358 0 6.9 17.8 5.0 0.0 0 1 2 0 0
3319.2 -730.3 -7.3 55 0 25.1 6.0 5.0 2.5 2 0 2 5 5
4339.2 -6069.0 -10.8 179 0 5.7 8.2 7.5 2.5 2 1 3 5 5
4317.6 -3006.3 -23.0 350 0 6.6 7.5 2.5 2.5 2 0 1 3 3
3283.0 -890.7 -6.2 330 0 6.0 17.1 2.5 2.5 2 1 1 1 1
4481.8 -1792.7 -17.6 100 0 12.6 12.6 7.5 2.5 2 1 3 1 1
5031.3 -1290.0 -28.5 259 0 9.3 7.4 7.5 2.5 2 0 3 4 4
4470.9 -6788.0 -14.5 268 0 6.6 10.2 7.5 2.5 2 1 3 4 4
4936.4 -2875.3 -36.7 180 0 6.5 4.4 5.0 2.5 2 0 2 0 0
4855.8 -818.0 -21.7 223 0 5.1 5.8 7.5 2.5 4 1 3 1 1
3303.4 -3693.2 -10.4 206 0 12.5 6.2 7.5 2.5 2 0 3 4 4
4946.7 -2980.5 -38.1 6 0 8.8 6.0 7.5 2.5 2 0 3 5 5
4439.4 -7490.1 -17.2 1 0 20.0 10.7 2.5 2.5 2 0 1 3 3
3957.1 -770.1 -11.4 235 0 8.6 25.9 5.0 2.5 2 1 2 0 0
4342.6 -4805.3 -15.1 85 0 8.1 5.5 5.0 2.5 2 0 2 0 0
4803.3 -3272.5 -29.7 90 0 7.4 8.6 7.5 2.5 2 1 3 1 1
4306.2 -6346.1 -10.3 357 0 7.5 16.7 2.5 2.5 2 0 1 2 2
3676.0 -6838.4 -15.3 269 0 15.5 6.1 7.5 2.5 2 0 3 4 4
2341.4 -2777.1 -6.5 119 0 4.9 11.5 5.0 0.0 0 1 2 0 0
4726.5 -2948.9 -27.8 268 0 8.5 8.1 7.5 2.5 2 0 3 3 3
2464.0 -6990.5 -13.8 237 0 14.0 9.9 5.0 2.5 4 0 2 0 0
4065.7 -4856.9 -10.2 174 0 6.9 14.4 5.0 2.5 2 1 2 3 3
4867.9 -645.7 -21.4 96 0 4.9 6.2 5.0 2.5 2 1 2 2 2
3467.9 -3279.4 -13.1 200 0 5.5 19.5 2.5 2.5 2 0 1 1 1
3657.8 -4963.7 -7.1 353 0 7.8 13.2 2.5 2.5 2 1 1 2 2
4580.5 -5260.5 -15.6 352 0 11.8 13.1 5.0 2.5 4 1 2 1 1
4259.7 -6264.4 -9.8 178 0 5.7 15.0 5.0 2.5 2 1 2 0 0
4490.7 -6824.2 -15.8 268 0 9.5 20.6 7.5 2.5 2 1 3 2 2
3303.5 -1008.2 -7.0 61 0 17.9 10.0 10.0 2.5 2 0 4 4 4
4941.3 -2789.5 -36.7 359 0 8.3 7.3 5.0 0.0 0 0 2 2 2
4773.7 -3249.9 -29.4 98 0 6.5 11.7 5.0 2.5 2 1 2 2 2
4449.5 -6922.4 -13.7 178 0 9.8 27.4 7.5 2.5 2 1 3 0 0
4924.1 -3503.9 -36.9 2 0 11.2 6.9 5.0 2.5 2 0 2 0 0
3345.1 -3786.1 -9.6 117 0 6.6 15.4 7.5 0.0 0 1 3 1 1
4484.8 -4744.6 -18.3 85 0 6.5 6.6 10.5 0.0 0 0 3 5 5
3808.7 -1930.0 -12.4 191 0 5.9 15.5 2.5 2.5 2 1 1 3 3
2177.5 -2142.9 -3.0 138 0 12.7 9.6 5.0 2.5 2 0 2 2 2
3067.2 -2615.2 -11.9 300 0 5.1 20.3 5.0 0.0 0 1 2 3 3
5029.3 -2181.8 -28.9 182 0 10.0 8.4 7.5 2.5 2 0 3 2 2
4084.1 -5691.5 -7.4 353 0 9.7 7.7 7.5 2.5 2 0 3 3 3
3941.1 -4806.5 -8.3 173 0 13.8 13.0 5.0 2.5 2 0 2 5 5
4019.2 -5363.0 -7.9 357 0 5.0 14.1 7.5 2.5 2 1 3 1 1
4682.6 -3203.3 -26.8 98 0 23.6 7.5 5.0 2.5 2 0 2 0 0
3596.8 -2649.5 -15.4 208 0 6.7 11.8 5.0 2.5 2 1 2 4 4
3153.3 -3955.7 -9.2 260 0 6.7 8.2 2.5 2.5 2 0 1 3 3
3300.3 -2775.3 -14.7 297 0 5.7 7.6 7.5 2.5 2 0 3 0 0
4926.8 -2705.6 -35.5 181 0 8.6 8.8 2.5 2.5 2 1 1 2 2
4876.3 -502.7 -20.6 91 0 7.4 5.4 5.0 2.5 2 0 2 2 2
4355.8 -6416.4 -11.0 349 0 13.5 8.0 2.5 2.5 2 0 1 3 3
2791.1 -455.4 -4.3 56 0 7.1 6.5 5.0 2.5 2 0 2 3 3
2873.1 -1167.2 -5.3 55 0 12.0 4.5 2.5 2.5 2 0 1 4 4
3539.2 -1245.2 -10.1 292 0 7.4 14.8 5.0 2.5 2 1 2 5 5
3384.1 -3958.1 -8.7 116 0 12.3 14.1 2.5 2.5 2 1 1 1 1
4131.9 -2641.3 -20.0 181 0 7.5 33.2 7.5 2.5 2 0 3 3 3
4508.3 -502.1 -11.7 101 0 4.3 13.0 7.5 2.5 2 1 3 2 2
4944.2 -1454.0 -21.3 355 0 8.3 13.7 7.5 2.5 2 0 3 4 4
4230.2 -7081.2 -13.8 267 0 8.0 22.2 2.5 2.5 2 1 1 4 4
3742.9 -2656.0 -15.5 303 0 9.6 11.7 5.0 2.5 2 1 2 2 2
4148.2 -5940.7 -8.7 174 0 21.2 9.5 7.5 2.5 2 0 3 2 2
4082.3 -5414.1 -8.6 173 0 15.1 11.0 2.5 2.5 4 0 1 0 0
4362.8 -1797.8 -17.0 32 0 12.1 6.5 7.5 2.5 2 0 3 5 5
2344.2 -7143.9 -12.8 59 0 10.0 30.3 7.5 2.5 2 1 3 3 3
3565.9 -3641.3 -9.9 288 0 5.3 10.9 7.5 2.5 2 1 3 4 4
4844.3 -508.9 -19.7 83 0 5.8 12.2 5.0 2.5 2 1 2 3 3
4204.1 -4411.0 -14.7 352 0 4.8 12.4 7.5 0.0 0 1 3 2 2
3075.9 -3911.0 -9.9 116 0 24.6 10.2 10.0 2.5 2 0 4 5 5
4446.5 -1792.2 -17.4 126 0 22.0 4.5 5.0 2.5 2 0 2 0 0
5114.3 -1562.9 -33.0 34 0 6.7 6.1 5.0 2.5 2 0 2 4 4
4258.1 -6236.4 -9.6 176 0 7.0 18.1 2.5 2.5 2 1 1 5 5
4117.9 -5725.8 -7.3 317 0 8.1 14.1 7.5 2.5 2 1 3 0 0
3405.8 -773.0 -7.6 231 0 17.5 6.4 5.0 2.5 2 0 2 5 5
2895.3 -263.6 -4.0 146 0 5.0 16.4 5.0 2.5 2 1 2 1 1
4811.9 -3222.1 -31.3 189 0 8.7 10.3 2.5 0.0 0 1 1 5 5
2371.4 -7200.7 -12.9 54 0 12.2 10.0 7.5 2.5 2 0 3 4 4
4813.3 -522.6 -18.7 97 0 4.6 12.1 2.5 2.5 2 1 1 0 0
4946.4 -2963.0 -38.0 359 0 5.1 10.3 7.5 2.5 2 1 3 1 1
3410.3 -3595.2 -10.1 291 0 7.7 8.0 5.0 2.5 2 1 2 0 0
3269.3 -4061.3 -8.6 77 0 7.3 10.1 7.5 2.5 2 0 3 2 2
4895.8 -336.4 -25.0 169 0 5.9 9.4 7.5 2.5 2 1 3 3 3
3967.2 -1504.6 -13.5 282 0 12.2 9.2 2.5 2.5 2 0 1 1 1
3494.2 -936.7 -8.2 53 0 28.2 7.0 7.5 2.5 2 0 3 4 4
3362.9 -3950.4 -8.7 117 0 11.1 8.6 7.5 2.5 2 0 3 3 3
4384.2 -450.2 -11.5 281 0 22.0 9.0 5.0 2.5 2 0 2 0 0
2548.3 -1823.1 -4.4 169 0 9.9 5.0 5.0 2.5 2 0 2 1 1
3833.4 -2892.6 -18.1 206 0 10.2 18.5 2.5 2.5 4 0 1 3 3
2405.7 -1905.3 -3.7 295 0 5.4 19.3 7.5 2.5 4 1 3 3 3
4730.9 -5210.6 -25.5 269 0 6.8 8.9 7.5 2.5 2 1 3 5 5
4431.0 -522.1 -11.8 281 0 4.9 6.4 7.5 2.5 2 1 3 0 0
4125.1 -5385.5 -8.8 353 0 7.3 21.7 5.0 2.5 2 1 2 2 2
3216.3 -5979.0 -8.7 353 0 10.9 9.5 5.0 2.5 2 0 2 3 3
3519.5 -371.7 -7.8 60 0 10.2 5.1 2.5 2.5 2 0 1 3 3
4455.1 -489.5 -11.5 98 0 4.8 9.8 7.5 2.5 2 1 3 5 5
2283.0 -2209.5 -4.0 119 0 5.8 17.1 5.0 2.5 2 1 2 4 4
3955.2 -1555.0 -14.1 100 0 19.9 8.0 5.0 2.5 2 0 2 3 3
3505.0 -3347.4 -11.7 109 0 21.1 9.7 5.0 2.5 2 0 2 0 0
4263.0 -7219.3 -14.6 178 0 18.2 8.4 7.5 2.5 4 0 3 0 0
2695.8 -319.5 -2.9 143 0 6.1 9.5 7.5 2.5 2 0 3 1 1
4285.4 -487.7 -12.1 96 0 10.5 7.4 5.0 2.5 2 0 2 5 5
3723.1 -3128.7 -14.5 108 0 6.4 19.8 7.5 2.5 2 0 3 0 0
3255.7 -2207.9 -9.5 315 0 6.5 24.8 2.5 2.5 2 1 1 3 3
4452.6 -6894.9 -12.9 178 0 5.5 18.7 5.0 2.5 2 1 2 3 3
3174.8 -1499.4 -8.4 148 0 9.3 11.6 7.5 2.5 2 1 3 1 1
3010.4 -1101.9 -6.2 235 0 10.2 15.0 7.5 2.5 2 1 3 3 3
3373.0 -1042.8 -8.1 237 0 5.7 11.4 7.5 2.5 2 1 3 2 2
3781.7 -711.5 -10.0 235 0 13.4 4.5 7.5 2.5 4 0 3 0 0
4421.8 -1709.3 -17.6 190 0 8.2 8.8 7.5 0.0 0 1 3 2 2
4887.6 -3285.8 -32.4 93 0 4.9 11.0 7.5 2.5 2 1 3 2 2
3321.3 -4360.9 -8.1 286 0 8.1 12.7 7.5 0.0 0 1 3 4 4
2800.2 -3036.7 -8.4 207 0 5.1 16.4 7.5 2.5 2 0 3 3 3
4980.5 -360.5 -28.8 350 0 9.8 7.9 7.5 2.5 2 0 3 1 1
2377.9 -2799.7 -7.0 34 0 19.3 9.9 2.5 2.5 2 0 1 5 5
4105.8 -1536.4 -14.1 102 0 6.6 18.1 5.0 2.5 2 1 2 5 5
4923.1 -2443.3 -27.4 189 0 8.1 11.6 2.5 2.5 2 1 1 3 3
4567.2 -1873.6 -17.7 120 0 9.7 6.4 2.5 2.5 4 0 1 0 0
3965.3 -5215.0 -8.0 354 0 6.2 11.9 7.5 0.0 0 1 3 2 2
4431.1 -5175.0 -14.5 180 0 12.2 13.4 5.0 2.5 2 1 2 3 3
2588.2 -2130.3 -5.9 83 0 4.8 10.9 5.0 2.5 2 1 2 0 0
3885.3 -5119.3 -8.6 265 0 7.6 21.2 7.5 2.5 2 1 3 4 4
4682.1 -5306.0 -20.3 85 0 9.4 6.5 5.0 2.5 2 0 2 1 1
4029.4 -4876.1 -9.8 173 0 4.2 21.4 7.5 2.5 2 1 3 3 3
4927.5 -2765.4 -35.8 180 0 7.4 4.3 5.0 2.5 2 0 2 1 1
3490.3 -2412.4 -12.1 317 0 25.9 10.2 10.0 0.0 0 0 4 5 5
3518.2 -344.7 -7.5 246 0 10.6 4.7 5.0 2.5 2 0 2 1 1
2387.5 -7059.5 -13.2 238 0 7.2 25.1 5.0 2.5 2 1 2 2 2
3835.1 -4855.9 -7.1 354 0 9.9 8.8 7.5 2.5 4 0 3 4 4
2305.5 -2744.3 -6.0 126 0 9.6 7.4 5.0 2.5 2 0 2 0 0
4737.6 -5388.8 -25.3 167 0 13.5 10.6 2.5 2.5 2 0 1 4 4
4811.3 -545.9 -16.9 274 0 8.4 9.6 2.5 0.0 0 1 1 3 3
4892.7 -3257.5 -33.0 275 0 5.3 10.8 7.5 2.5 2 1 3 0 0
4053.4 -3167.8 -18.4 321 0 24.1 9.6 2.5 2.5 2 0 1 2 2
4767.2 -3189.4 -30.2 274 0 7.8 8.5 7.5 0.0 0 1 3 3 3
3934.2 -5312.4 -8.3 174 0 6.8 19.8 5.0 2.5 2 0 2 3 3
3344.6 -3496.8 -10.4 292 0 8.1 9.1 7.5 2.5 2 1 3 1 1
2302.6 -7123.6 -12.7 234 0 26.1 11.0 10.0 0.0 0 0 4 0 0
3381.6 -3655.5 -10.4 21 0 5.0 12.0 5.0 2.5 2 1 2 1 1
3658.0 -1824.0 -12.2 191 0 4.3 6.1 2.5 2.5 2 1 1 0 0
4107.8 -5334.2 -8.6 174 0 6.6 6.8 7.5 2.5 2 1 3 5 5
4848.0 -3221.7 -32.3 274 0 8.9 10.3 2.5 2.5 2 1 1 3 3
3895.1 -5144.5 -8.4 173 0 5.9 16.1 7.5 2.5 2 1 3 2 2
4898.5 -1482.4 -19.7 175 0 23.8 10.2 10.0 2.5 2 0 4 2 2
3732.0 -4625.7 -8.1 85 0 9.5 23.8 7.5 2.5 2 1 3 5 5
3008.6 -1315.5 -6.8 236 0 18.4 9.1 2.5 2.5 2 0 1 1 1
4566.6 -457.2 -11.9 189 0 16.6 10.2 5.0 2.5 2 0 2 0 0
3674.2 -7114.6 -17.0 268 0 11.2 17.1 7.5 2.5 2 1 3 1 1
3955.5 -5222.6 -7.9 350 0 6.5 20.3 5.0 2.5 2 1 2 0 0
3818.9 -4677.1 -7.6 356 0 5.3 37.8 2.5 2.5 2 1 1 2 2
4545.9 -1857.3 -17.7 114 0 6.1 12.1 7.5 2.5 2 1 3 3 3
3181.8 -909.9 -6.1 136 0 10.4 9.1 2.5 2.5 2 0 1 0 0
3692.8 -2742.5 -16.7 201 0 10.9 13.9 7.5 0.0 0 0 3 2 2
4863.0 -2481.2 -21.7 14 0 17.8 12.9 2.5 2.5 2 0 1 5 5
4867.8 -3398.3 -30.9 190 0 9.9 12.4 5.0 2.5 2 1 2 3 3
2851.0 -4023.3 -8.1 203 0 12.4 9.6 7.5 2.5 2 0 3 3 3
4195.0 -6118.5 -9.2 170 0 14.7 6.0 7.5 2.5 2 0 3 4 4
3695.8 -7304.3 -16.6 267 0 14.4 6.7 2.5 2.5 2 0 1 1 1
2981.6 -4298.6 -7.0 277 0 20.1 5.4 5.0 2.5 2 0 2 5 5
3856.9 -4905.9 -6.9 353 0 10.0 9.2 2.5 2.5 2 0 1 2 2
5127.7 -1426.8 -34.8 351 0 11.5 15.8 12.5 2.5 2 1 5 1 1
3817.7 -3139.8 -15.5 196 0 5.9 14.8 7.5 2.5 2 1 3 0 0
4456.9 -5075.8 -16.2 355 0 5.2 10.3 2.5 0.0 0 1 1 0 0
2201.7 -5555.7 -5.1 243 0 9.0 11.8 2.5 2.5 2 1 1 3 3
3399.1 -780.3 -7.4 144 0 5.2 9.7 5.0 2.5 2 0 2 2 2
5049.3 -1903.1 -27.4 270 0 5.4 9.3 5.0 2.5 2 1 2 2 2
3804.2 -4913.7 -7.0 80 0 8.1 18.0 5.0 2.5 2 1 2 1 1
3200.5 -607.3 -6.1 236 0 8.5 8.9 5.0 2.5 2 1 2 1 1
4303.5 -6245.0 -9.7 345 0 10.7 4.8 2.5 2.5 2 0 1 2 2
4462.2 -5032.3 -17.0 354 0 6.8 14.1 7.5 2.5 2 1 3 3 3
4306.7 -4686.9 -14.1 86 0 15.2 7.5 5.0 2.5 2 0 2 3 3
2730.9 -3232.9 -8.8 297 0 19.1 3.9 5.0 2.5 2 0 2 3 3
4121.6 -2622.7 -20.1 175 0 12.2 9.2 5.0 2.5 2 0 2 4 4
3797.6 -4844.8 -7.2 173 0 5.8 12.5 7.5 2.5 2 1 3 5 5
3623.4 -7192.5 -16.4 175 0 18.4 11.0 5.0 2.5 4 0 2 1 1
4249.1 -7110.3 -13.7 177 0 5.9 14.7 5.0 2.5 2 1 2 5 5
3350.4 -5236.0 -7.4 353 0 5.4 8.0 5.0 2.5 2 1 2 3 3
4062.7 -420.6 -11.6 234 0 12.3 9.4 5.0 2.5 2 0 2 2 2
3115.0 -4029.0 -8.6 73 0 4.7 25.2 5.0 2.5 2 0 2 5 5
4694.9 -2762.3 -26.1 178 0 8.9 6.5 7.5 2.5 2 0 3 4 4
3926.4 -5086.5 -9.3 262 0 5.7 8.2 5.0 2.5 2 1 2 3 3
4125.8 -272.0 -11.4 241 0 5.0 10.6 5.0 2.5 2 1 2 0 0
4861.6 -3491.8 -35.4 188 0 5.3 22.7 7.5 2.5 2 1 3 4 4
4967.6 -638.1 -29.2 96 0 4.5 5.6 7.5 2.5 2 1 3 4 4
4876.2 -511.9 -20.2 91 0 4.8 9.1 5.0 2.5 2 0 2 1 1
4766.9 -580.9 -14.7 101 0 6.6 6.3 5.0 2.5 2 0 2 0 0
3561.0 -3502.0 -10.0 281 0 9.3 12.3 5.0 2.5 2 1 2 5 5
3924.3 -4750.9 -8.8 96 0 7.3 11.3 7.5 2.5 2 1 3 5 5
3786.8 -4860.3 -7.1 173 0 9.8 5.3 7.5 2.5 2 0 3 4 4
3439.7 -788.9 -7.6 54 0 7.9 18.0 5.0 2.5 2 1 2 4 4
3940.9 -4816.9 -8.1 173 0 7.0 14.5 7.5 2.5 2 0 3 1 1
2183.2 -2098.8 -2.8 317 0 10.1 20.7 10.0 2.5 2 1 4 2 2
3402.2 -1138.7 -8.7 190 0 11.2 6.6 7.5 2.5 2 0 3 5 5
3085.0 -2144.0 -8.5 201 0 5.4 17.5 2.5 2.5 2 1 1 5 5
4526.5 -1837.1 -17.5 105 0 12.1 9.5 7.5 2.5 2 0 3 5 5
2820.0 -3017.6 -8.7 298 0 15.4 5.0 5.0 2.5 2 0 2 5 5
4725.7 -3025.8 -27.5 94 0 5.4 11.0 5.0 2.5 2 1 2 5 5
3833.0 -4841.5 -7.2 353 0 10.0 7.9 7.5 2.5 2 0 3 2 2
2904.3 -3692.7 -10.1 27 0 8.5 22.4 7.5 2.5 2 0 3 0 0
4266.6 -6173.9 -9.1 349 0 24.0 7.0 7.5 2.5 2 0 3 1 1
3993.5 -5376.7 -8.2 85 0 9.4 5.8 5.0 2.5 2 0 2 3 3
3781.1 -4651.2 -7.0 264 0 9.1 18.1 5.0 2.5 2 1 2 1 1
4871.4 -3283.9 -31.9 97 0 10.0 8.0 7.5 2.5 4 0 3 3 3
3897.2 -5208.7 -8.1 173 0 7.7 20.9 5.0 2.5 2 1 2 2 2
4152.3 -5436.4 -9.5 264 0 9.1 9.6 7.5 2.5 2 0 3 0 0
3110.9 -772.7 -6.2 316 0 9.6 9.1 7.5 2.5 2 0 3 5 5
2693.8 -3374.9 -9.4 30 0 11.0 12.8 5.0 2.5 2 1 2 3 3
3165.9 -832.8 -6.0 146 0 5.9 9.0 7.5 2.5 2 1 3 2 2
3037.6 -441.9 -5.3 147 0 5.9 7.1 5.0 2.5 2 1 2 4 4
4937.1 -2673.0 -35.6 271 0 4.9 9.1 5.0 2.5 2 1 2 5 5
4215.6 -6013.5 -8.8 355 0 6.0 15.8 7.5 2.5 2 1 3 0 0
3872.5 -1431.7 -11.2 101 0 9.7 12.4 7.5 2.5 2 1 3 3 3
3280.2 -4362.7 -8.0 252 0 14.1 6.4 7.5 2.5 2 0 3 1 1
3671.5 -1807.0 -12.3 281 0 20.4 9.9 7.5 2.5 2 0 3 5 5
4275.0 -1661.7 -16.7 112 0 9.8 12.1 7.5 2.5 2 1 3 3 3
2416.0 -1094.2 -1.2 107 0 13.5 7.0 5.0 2.5 2 0 2 5 5
3778.0 -1352.4 -9.5 282 0 26.7 8.6 7.5 2.5 2 0 3 4 4
4326.3 -5040.1 -15.0 354 0 4.4 3.6 7.5 2.5 2 0 3 0 0
4453.3 -1715.3 -17.8 284 0 11.5 8.1 7.5 2.5 2 0 3 0 0
4131.0 -5469.1 -9.1 84 0 7.1 13.7 7.5 2.5 2 1 3 1 1
3392.7 -1089.7 -8.2 144 0 6.9 11.0 5.0 2.5 2 1 2 5 5
4077.5 -786.9 -11.9 192 0 16.1 6.4 7.5 2.5 4 0 3 1 1
3657.4 -2738.0 -16.5 25 0 59.8 12.9 10.0 0.0 0 0 4 3 3
3854.4 -2885.5 -18.1 296 0 4.3 10.5 7.5 2.5 2 0 3 5 5
3353.9 -1053.4 -8.2 238 0 6.9 14.2 7.5 2.5 2 1 3 4 4
3573.8 -461.5 -8.6 142 0 14.2 9.5 7.5 2.5 4 0 3 1 1
4711.6 -5447.7 -21.0 90 0 15.0 10.6 5.0 2.5 2 0 2 4 4
4457.6 -5165.0 -14.9 358 0 5.7 11.2 2.5 2.5 2 1 1 3 3
5065.8 -1642.1 -25.7 178 0 6.5 7.4 7.5 2.5 2 1 3 1 1
3741.3 -1816.0 -12.7 188 0 15.7 9.4 5.0 2.5 4 0 2 2 2
4955.1 -748.4 -28.3 177 0 10.4 5.0 5.0 2.5 2 0 2 1 1
3672.1 -3353.9 -12.2 20 0 16.9 7.9 5.0 2.5 2 0 2 1 1
2937.7 -2821.3 -12.0 204 0 5.3 18.6 5.0 2.5 2 1 2 5 5
4928.7 -3487.4 -36.7 9 0 11.0 11.0 7.5 2.5 4 1 3 4 4
4312.6 -6699.5 -10.8 182 0 4.4 11.0 5.0 2.5 2 1 2 0 0
5001.0 -576.5 -29.8 263 0 4.1 6.2 7.5 2.5 2 1 3 2 2
4984.6 -1574.8 -25.3 257 0 6.1 11.7 5.0 2.5 2 1 2 2 2
4999.4 -2287.0 -29.3 205 0 10.7 8.8 2.5 2.5 2 0 1 0 0
4854.0 -3259.6 -31.8 95 0 4.3 7.6 7.5 2.5 2 1 3 2 2
4462.2 -7252.5 -20.6 178 0 12.1 11.6 2.5 2.5 2 0 1 2 2
3232.4 -4388.7 -8.0 73 0 8.5 8.5 5.0 2.5 2 0 2 4 4
4975.3 -1713.4 -17.0 181 0 5.7 8.2 7.5 0.0 0 0 3 0 0
2973.8 -4330.3 -7.1 94 0 15.8 6.9 7.5 2.5 2 0 3 5 5
4358.0 -471.4 -11.8 191 0 21.8 6.0 7.5 2.5 4 0 3 3 3
3738.6 -3147.7 -14.2 16 0 9.7 13.2 5.0 2.5 2 1 2 5 5
2922.6 -6841.3 -16.1 86 0 7.3 8.0 5.0 2.5 2 0 2 3 3
3294.8 -4386.2 -8.1 70 0 4.3 13.1 7.5 2.5 2 0 3 3 3
3272.6 -989.7 -6.9 239 0 8.1 20.2 7.5 2.5 2 1 3 3 3
4231.4 -6031.6 -8.8 352 0 9.2 8.1 7.5 2.5 4 0 3 2 2
3048.2 -1320.6 -7.0 58 0 5.6 10.9 7.5 2.5 2 1 3 2 2
2790.0 -3031.5 -8.3 207 0 5.1 11.5 7.5 2.5 2 0 3 4 4
4101.6 -770.0 -12.0 282 0 11.5 6.1 7.5 2.5 2 0 3 3 3
4460.6 -4070.7 -18.1 277 0 9.8 15.1 5.0 2.5 2 0 2 4 4
3719.7 -2640.6 -15.1 31 0 25.0 9.7 2.5 2.5 2 0 1 2 2
3820.7 -2750.1 -18.7 33 0 8.3 16.6 2.5 2.5 2 0 1 0 0
3250.2 -6786.7 -15.8 179 0 9.5 15.5 5.0 2.5 2 0 2 1 1
4923.1 -786.1 -26.4 87 0 8.1 4.8 5.0 2.5 2 0 2 3 3
3855.7 -1425.8 -11.1 104 0 9.0 10.1 5.0 2.5 4 1 2 3 3
4512.5 -4118.4 -18.3 17 0 15.4 8.5 5.0 2.5 2 0 2 2 2
3508.5 -1215.6 -9.7 192 0 10.7 12.1 5.0 2.5 2 1 2 1 1
4376.1 -4742.4 -15.2 354 0 5.3 19.9 7.5 2.5 2 0 3 4 4
3109.7 -3987.8 -8.7 248 0 10.9 5.4 5.0 2.5 2 0 2 4 4
3771.3 -4656.1 -7.2 264 0 11.5 11.5 7.5 2.5 2 0 3 1 1
3830.7 -2734.9 -18.3 29 0 15.2 6.4 7.5 2.5 2 0 3 4 4
5102.8 -1579.8 -31.7 360 0 6.2 4.9 5.0 2.5 2 0 2 3 3
3749.7 -4630.0 -7.7 84 0 13.2 8.0 2.5 0.0 0 0 1 3 3
4939.8 -2566.8 -35.1 196 0 7.3 6.0 5.0 2.5 2 0 2 2 2
4456.2 -5179.9 -14.6 354 0 6.1 8.3 7.5 0.0 0 1 3 5 5
4435.1 -5699.7 -12.4 175 0 4.6 6.0 5.0 2.5 2 1 2 5 5
4418.1 -7600.0 -18.2 269 0 7.7 7.5 5.0 2.5 2 0 2 5 5
3701.6 -7193.8 -15.6 356 0 11.9 10.0 2.5 2.5 4 0 1 3 3
4030.0 -5031.1 -10.9 176 0 6.9 9.3 2.5 2.5 2 1 1 5 5
4867.1 -418.1 -21.7 260 0 8.8 5.9 5.0 2.5 2 0 2 2 2
3798.9 -4862.1 -7.1 174 0 6.4 11.8 2.5 2.5 2 1 1 5 5
4562.8 -2031.4 -19.1 332 0 10.8 6.7 7.5 2.5 2 0 3 4 4
3001.4 -4305.7 -7.0 8 0 9.0 10.6 7.5 2.5 2 0 3 0 0
2252.2 -2184.2 -3.7 205 0 14.1 10.0 5.0 2.5 2 0 2 0 0
2438.3 -3569.3 -5.9 30 0 5.1 11.6 5.0 2.5 2 1 2 0 0
4834.0 -3469.9 -33.4 188 0 6.2 20.5 5.0 2.5 2 1 2 0 0
4333.1 -6742.0 -10.8 89 0 22.8 7.1 5.0 2.5 2 0 2 5 5
2969.7 -597.0 -6.9 324 0 8.0 15.0 5.0 2.5 2 1 2 0 0
5039.9 -2109.6 -28.8 102 0 8.1 10.1 7.5 2.5 2 1 3 4 4
2912.3 -2614.1 -10.9 298 0 15.5 7.8 2.5 2.5 2 0 1 3 3
3325.0 -5142.9 -6.9 176 0 19.0 7.5 2.5 2.5 2 0 1 0 0
4924.4 -3457.5 -35.8 275 0 5.0 9.2 7.5 2.5 2 1 3 3 3
4046.1 -3200.9 -18.1 51 0 25.1 9.5 7.5 2.5 2 0 3 5 5
3431.0 -1105.3 -8.5 282 0 10.0 19.2 5.0 2.5 2 1 2 4 4
4585.2 -481.1 -12.1 94 0 14.1 7.1 5.0 0.0 0 0 2 4 4
4714.8 -514.0 -15.9 99 0 5.1 18.8 7.5 0.0 0 1 3 0 0
4678.9 -530.2 -14.3 281 0 5.0 9.6 7.5 2.5 2 1 3 5 5
3869.2 -1486.8 -12.4 102 0 6.7 5.3 5.0 2.5 2 0 2 3 3
4123.6 -1549.6 -14.2 103 0 10.8 9.0 5.0 2.5 2 0 2 4 4
2361.8 -7165.0 -12.9 240 0 5.6 17.0 5.0 2.5 2 1 2 4 4
4596.6 -3892.1 -20.9 98 0 11.3 8.2 7.5 0.0 0 0 3 0 0
2811.5 -3134.8 -8.2 28 0 9.8 8.5 5.0 2.5 2 0 2 5 5
4352.1 -7534.6 -14.1 88 0 7.2 10.6 5.0 2.5 4 1 2 2 2
4682.3 -2853.7 -25.0 176 0 7.8 6.2 2.5 2.5 2 0 1 3 3
4887.4 -2629.5 -32.1 234 0 8.2 13.0 2.5 2.5 2 1 1 1 1
3603.3 -465.9 -8.7 59 0 14.4 6.0 2.5 2.5 2 0 1 1 1
4698.8 -3161.8 -27.4 278 0 18.0 3.6 7.5 2.5 2 0 3 3 3
4953.2 -2756.0 -37.0 4 0 7.1 9.2 5.0 2.5 2 1 2 4 4
3273.8 -2215.6 -9.6 44 0 6.7 20.1 5.0 2.5 2 0 2 3 3
4358.5 -6956.2 -12.5 87 0 13.9 5.7 5.0 2.5 2 0 2 0 0
2785.9 -1841.3 -6.2 299 0 12.0 40.4 7.5 2.5 2 1 3 1 1
3594.8 -1133.0 -9.5 188 0 5.4 17.6 2.5 2.5 2 1 1 3 3
3588.8 -3052.8 -15.2 107 0 17.1 6.3 2.5 2.5 2 0 1 0 0
4477.0 -4067.7 -18.3 277 0 6.7 19.9 5.0 2.5 2 1 2 2 2
4083.3 -453.8 -11.6 53 0 22.9 9.5 7.5 2.5 2 0 3 3 3
2853.8 -445.5 -5.0 232 0 5.9 10.3 2.5 2.5 2 1 1 3 3
2814.5 -3111.8 -8.3 26 0 16.7 7.7 7.5 0.0 0 0 3 5 5
4882.7 -3227.5 -33.4 10 0 9.3 5.9 7.5 2.5 2 0 3 5 5
4138.0 -5781.0 -7.5 353 0 6.2 17.4 2.5 0.0 0 1 1 5 5
2712.0 -1842.0 -5.7 201 0 39.8 6.7 7.5 2.5 2 0 3 3 3
4438.3 -6753.3 -12.4 179 0 4.5 7.6 7.5 2.5 2 1 3 0 0
4795.2 -3211.2 -30.7 275 0 10.4 4.7 7.5 2.5 2 0 3 2 2
4237.1 -7067.1 -13.5 178 0 8.9 24.1 5.0 2.5 2 1 2 1 1
4764.7 -3186.0 -30.6 86 0 11.5 3.8 2.5 2.5 2 0 1 4 4
3996.0 -5535.9 -8.2 173 0 10.3 27.9 7.5 2.5 2 1 3 2 2
5011.9 -1758.9 -15.1 360 0 12.1 10.0 5.0 2.5 2 0 2 2 2
3945.1 -2544.0 -18.0 209 0 5.8 12.4 2.5 0.0 0 1 1 5 5
3197.2 -3826.8 -9.8 26 0 4.7 10.0 7.5 0.0 0 1 3 2 2
2383.9 -1896.3 -3.4 349 0 7.5 12.4 7.5 0.0 0 1 3 2 2
3157.0 -4406.6 -8.0 37 0 4.9 12.3 2.5 2.5 2 1 1 3 3
4885.2 -2845.9 -33.7 85 0 7.3 6.3 7.5 2.5 4 0 3 5 5
3363.4 -3521.8 -9.9 291 0 6.2 16.3 2.5 2.5 2 1 1 1 1
3293.0 -1492.9 -9.2 330 0 7.2 7.3 5.0 2.5 2 1 2 0 0
3646.2 -6841.9 -15.3 179 0 6.1 14.8 5.0 2.5 2 0 2 3 3
4442.4 -6836.7 -11.0 177 0 10.5 10.4 5.0 2.5 4 0 2 0 0
4316.1 -4653.0 -14.2 265 0 7.0 13.6 5.0 2.5 2 0 2 0 0
4067.5 -5057.9 -11.4 81 0 6.5 16.4 7.5 2.5 2 1 3 0 0
4375.5 -6241.0 -11.3 194 0 9.6 7.9 7.5 2.5 2 0 3 1 1
3217.9 -2185.4 -9.1 312 0 4.3 11.2 7.5 2.5 2 1 3 2 2
4098.7 -5783.7 -7.8 173 0 12.7 5.7 5.0 2.5 2 0 2 4 4
3365.3 -5138.0 -7.0 265 0 10.1 11.6 5.0 2.5 2 1 2 5 5
3831.0 -4824.9 -7.4 353 0 12.3 10.0 2.5 2.5 2 0 1 4 4
3466.2 -1186.1 -8.9 102 0 18.0 6.6 2.5 2.5 2 0 1 2 2
5070.6 -1629.3 -26.9 176 0 4.6 8.5 5.0 2.5 2 1 2 2 2
4554.4 -2029.8 -19.2 331 0 7.8 7.9 7.5 2.5 2 0 3 1 1
3056.4 -424.2 -5.2 237 0 9.1 7.5 7.5 2.5 2 0 3 4 4
2203.0 -2127.1 -3.1 48 0 20.0 8.6 7.5 2.5 2 0 3 3 3
4130.6 -1508.5 -14.1 280 0 16.1 8.2 7.5 2.5 2 0 3 1 1
4894.7 -2786.4 -34.1 179 0 8.8 5.1 7.5 2.5 2 0 3 4 4
5108.1 -1790.5 -28.3 266 0 9.2 9.3 2.5 2.5 2 1 1 3 3
4951.7 -2901.7 -37.4 5 0 11.6 5.1 2.5 2.5 2 0 1 1 1
4847.9 -715.5 -19.7 347 0 5.0 8.9 7.5 2.5 2 1 3 4 4
3883.0 -4696.1 -9.0 173 0 6.0 16.2 5.0 2.5 2 1 2 5 5
5130.4 -1811.2 -30.8 355 0 13.8 8.1 5.0 2.5 2 0 2 3 3
4842.4 -3176.1 -33.8 179 0 9.8 8.4 7.5 2.5 4 0 3 0 0
4758.5 -418.2 -18.2 96 0 10.2 8.8 5.0 2.5 2 0 2 4 4
4830.1 -3099.5 -35.1 269 0 9.4 12.7 5.0 2.5 2 1 2 3 3
4571.3 -3989.9 -20.7 99 0 12.8 7.4 5.0 2.5 2 0 2 1 1
3967.0 -5246.8 -7.6 354 0 11.0 8.1 2.5 0.0 0 0 1 5 5
3820.9 -3165.8 -15.1 18 0 8.0 10.9 7.5 2.5 2 1 3 3 3
4867.9 -224.3 -24.7 256 0 8.5 6.5 5.0 2.5 2 0 2 5 5
3736.4 -3091.7 -15.1 15 0 6.8 9.1 7.5 0.0 0 0 3 1 1
4156.1 -6647.0 -11.6 177 0 23.0 9.1 5.0 2.5 4 0 2 3 3
4952.0 -853.2 -26.5 185 0 9.7 4.9 5.0 2.5 2 0 2 2 2
4310.3 -3031.6 -23.1 80 0 10.4 26.8 10.0 2.5 2 0 4 4 4
3325.6 -987.9 -6.9 332 0 5.2 8.9 7.5 2.5 2 1 3 1 1
3069.3 -2277.2 -8.8 181 0 18.5 8.4 7.5 2.5 2 0 3 3 3
3592.5 -1154.4 -9.6 189 0 10.6 5.5 7.5 2.5 2 0 3 1 1
3835.4 -1495.9 -12.5 103 0 14.1 10.1 2.5 2.5 2 0 1 0 0
3969.8 -5379.8 -8.5 82 0 5.6 13.1 2.5 0.0 0 1 1 5 5
4937.1 -3348.2 -34.7 6 0 10.6 5.7 5.0 2.5 2 0 2 1 1
4949.7 -2935.0 -37.8 0 0 6.7 6.9 5.0 2.5 2 1 2 4 4
3073.6 -2126.4 -8.5 109 0 5.4 12.1 2.5 2.5 2 1 1 0 0
4932.7 -3018.8 -37.9 357 0 3.5 6.8 5.0 2.5 2 1 2 5 5
4946.2 -3007.1 -38.3 1 0 7.1 7.4 7.5 0.0 0 1 3 4 4
3280.9 -1504.7 -9.2 58 0 12.1 3.9 5.0 2.5 2 0 2 3 3
4152.1 -1585.0 -14.4 123 0 14.9 6.0 7.5 2.5 2 0 3 5 5
4944.4 -2465.1 -29.8 189 0 5.7 8.0 5.0 2.5 2 0 2 2 2
3673.4 -6873.0 -15.5 357 0 9.2 25.0 5.0 2.5 2 1 2 4 4
3607.7 -1168.9 -9.7 9 0 4.5 9.6 7.5 2.5 2 1 3 1 1
3668.3 -7211.7 -16.0 88 0 10.1 5.5 5.0 2.5 2 0 2 2 2
4760.1 -4308.0 -29.2 237 0 8.4 13.6 5.0 2.5 2 1 2 1 1
4887.9 -3489.3 -35.9 186 0 5.2 13.3 5.0 2.5 2 1 2 0 0
2928.2 -1884.3 -7.5 218 0 16.2 5.5 5.0 2.5 2 0 2 0 0
4593.8 -504.2 -12.2 98 0 6.3 12.7 7.5 2.5 4 1 3 0 0
2992.1 -4334.5 -7.2 98 0 10.6 25.2 7.5 2.5 2 0 3 3 3
3913.3 -1458.2 -11.9 100 0 4.7 12.3 5.0 2.5 2 1 2 0 0
3643.9 -7117.3 -17.0 269 0 6.6 18.1 7.5 2.5 2 1 3 5 5
4985.0 -2509.4 -35.2 10 0 4.5 11.2 2.5 2.5 2 1 1 4 4
2420.7 -3588.0 -6.1 206 0 5.5 14.8 5.0 0.0 0 1 2 1 1
5131.4 -1832.5 -30.9 3 0 7.9 11.8 5.0 0.0 0 1 2 0 0
3899.3 -5119.2 -8.9 174 0 7.4 17.3 7.5 2.5 2 1 3 4 4
4374.1 -6944.7 -12.4 360 0 10.7 6.1 5.0 2.5 2 0 2 5 5
3171.0 -892.0 -6.1 232 0 6.0 8.8 7.5 2.5 2 1 3 4 4
2911.6 -6811.4 -16.0 178 0 28.9 6.9 7.5 2.5 2 0 3 0 0
3256.3 -1419.1 -9.0 58 0 9.6 10.8 7.5 2.5 2 1 3 4 4
5043.4 -1728.0 -19.2 2 0 9.7 10.1 7.5 0.0 0 1 3 3 3
4209.4 -6124.8 -9.2 173 0 5.1 8.1 5.0 2.5 2 1 2 0 0
3578.1 -3533.4 -10.0 111 0 18.4 7.5 5.0 2.5 4 0 2 5 5
3342.7 -2358.4 -11.0 131 0 12.1 9.2 2.5 0.0 0 0 1 5 5
4979.2 -2548.5 -37.4 16 0 7.8 10.6 2.5 2.5 4 1 1 1 1
2967.4 -2003.7 -8.3 222 0 11.1 30.0 7.5 2.5 2 1 3 3 3
4242.9 -6169.0 -9.2 349 0 5.6 8.2 5.0 2.5 2 1 2 5 5
4148.7 -4654.6 -12.1 175 0 10.0 12.0 7.5 2.5 2 1 3 5 5
4033.4 -5058.5 -10.8 172 0 7.5 5.9 7.5 2.5 4 0 3 2 2
4763.8 -3022.9 -30.2 4 0 11.1 8.3 5.0 2.5 2 0 2 1 1
3071.5 -476.2 -5.6 146 0 6.7 21.2 5.0 2.5 2 1 2 1 1
2362.7 -2757.4 -6.7 212 0 5.2 11.9 7.5 2.5 2 1 3 5 5
2898.4 -1919.3 -7.4 134 0 7.1 12.3 5.0 2.5 2 1 2 1 1
4144.0 -5907.9 -8.5 173 0 7.2 21.8 5.0 2.5 2 1 2 2 2
4967.7 -372.7 -27.5 348 0 6.0 14.2 5.0 2.5 2 1 2 1 1
3839.1 -1413.2 -10.7 101 0 6.7 17.5 5.0 2.5 4 0 2 4 4
4967.1 -1592.9 -24.2 168 0 4.5 10.8 5.0 2.5 2 1 2 1 1
3529.7 -1188.4 -9.0 324 0 6.0 6.2 5.0 0.0 0 1 2 5 5
3865.1 -1403.9 -10.5 98 0 7.2 5.9 7.5 2.5 2 0 3 3 3
4924.6 -2907.5 -36.5 184 0 15.3 6.8 5.0 0.0 0 0 2 2 2
2325.8 -2708.0 -5.9 34 0 9.1 12.2 7.5 2.5 2 1 3 5 5
4483.4 -7265.4 -22.3 88 0 13.8 6.4 5.0 2.5 2 0 2 0 0
3988.2 -5347.0 -7.9 263 0 7.9 8.5 5.0 2.5 2 1 2 2 2
4469.6 -5701.1 -12.9 268 0 8.5 5.4 7.5 2.5 2 0 3 0 0
3353.8 -3923.4 -9.4 117 0 6.3 13.8 2.5 2.5 2 0 1 1 1
3674.1 -1830.8 -12.3 98 0 5.3 8.3 2.5 2.5 2 1 1 5 5
4611.7 -505.8 -12.7 99 0 5.2 11.4 7.5 2.5 2 1 3 0 0
5000.5 -780.4 -31.6 2 0 5.6 7.6 7.5 2.5 2 1 3 5 5
2391.5 -7102.3 -13.2 56 0 13.0 9.0 7.5 0.0 0 0 3 4 4
3096.3 -2298.7 -9.0 92 0 19.5 6.1 7.5 2.5 2 0 3 0 0
3752.2 -3113.0 -14.8 17 0 7.0 26.3 2.5 2.5 2 0 1 0 0
4060.3 -5028.9 -11.3 353 0 6.0 11.7 7.5 2.5 2 1 3 3 3
3409.8 -808.4 -7.4 58 0 5.1 11.8 7.5 2.5 2 1 3 4 4
4479.7 -6718.5 -15.8 360 0 5.0 9.2 5.0 2.5 2 1 2 0 0
3223.5 -1507.6 -8.7 325 0 10.0 9.1 5.0 2.5 2 0 2 0 0
3318.6 -3762.7 -9.6 210 0 11.4 4.6 5.0 2.5 2 0 2 1 1
5136.0 -1526.0 -33.3 354 0 7.3 5.3 5.0 2.5 2 0 2 2 2
4504.9 -1819.7 -17.6 103 0 7.5 28.7 5.0 2.5 2 1 2 2 2
2583.3 -7042.1 -14.3 332 0 11.4 10.4 10.0 2.5 2 0 4 1 1
3160.0 -1472.2 -8.3 154 0 6.0 12.4 7.5 2.5 2 1 3 0 0
3687.7 -2756.1 -16.7 201 0 18.2 13.9 7.5 2.5 2 0 3 0 0
3602.9 -3523.4 -10.5 16 0 14.3 9.2 5.0 2.5 2 0 2 3 3
3671.4 -7312.3 -16.5 264 0 8.6 21.4 2.5 2.5 2 1 1 2 2
4980.9 -2310.6 -29.6 193 0 7.0 16.5 7.5 2.5 2 1 3 1 1
3215.1 -842.9 -6.1 57 0 10.2 11.4 2.5 2.5 2 1 1 3 3
2981.7 -5615.3 -6.7 264 0 5.0 8.6 5.0 2.5 2 1 2 0 0
3338.2 -3036.3 -13.0 206 0 13.0 24.9 10.0 2.5 2 1 4 3 3
4224.4 -6638.1 -11.1 357 0 15.1 11.2 2.5 2.5 2 0 1 0 0
4144.6 -5346.5 -9.1 352 0 7.9 5.1 2.5 2.5 2 0 1 3 3
2765.8 -430.8 -3.8 236 0 12.3 6.2 7.5 2.5 2 0 3 0 0
3592.0 -3503.4 -10.5 289 0 10.8 6.0 2.5 2.5 2 0 1 3 3
3296.5 -2766.3 -14.6 296 0 15.2 6.3 7.5 0.0 0 0 3 5 5
3400.6 -3631.1 -10.3 22 0 11.0 9.1 5.0 2.5 2 0 2 0 0
4890.3 -2797.1 -33.9 267 0 4.4 11.9 5.0 2.5 2 1 2 1 1
3198.1 -3806.2 -9.9 206 0 4.0 9.1 5.0 2.5 2 1 2 5 5
3436.6 -2410.3 -11.8 224 0 10.6 5.7 2.5 2.5 2 0 1 3 3
4962.6 -2436.1 -30.2 280 0 9.6 12.6 5.0 2.5 2 1 2 3 3
2857.2 -2920.8 -9.9 203 0 11.8 7.0 2.5 0.0 0 0 1 2 2
3670.0 -3334.8 -12.1 17 0 6.2 23.3 2.5 2.5 2 1 1 5 5
2863.7 -2940.8 -9.4 113 0 23.1 6.5 7.5 2.5 4 0 3 3 3
3178.9 -5896.7 -7.9 357 0 5.5 10.6 5.0 0.0 0 1 2 1 1
4724.2 -2762.5 -26.7 358 0 8.7 4.8 7.5 2.5 2 0 3 1 1
4804.5 -3252.1 -30.3 94 0 13.3 4.3 2.5 2.5 2 0 1 2 2
3032.0 -2648.0 -12.0 227 0 10.6 11.4 5.0 2.5 2 1 2 0 0
4939.1 -2394.6 -28.0 189 0 10.6 5.1 2.5 2.5 2 0 1 1 1
4475.0 -6811.3 -14.1 358 0 10.6 8.7 7.5 2.5 2 0 3 5 5
3590.5 -3648.3 -9.5 19 0 3.9 13.6 5.0 2.5 2 1 2 4 4
3262.7 -4043.1 -8.6 257 0 11.9 9.3 5.0 2.5 4 0 2 5 5
2720.7 -4152.2 -6.6 202 0 6.1 13.1 2.5 2.5 2 1 1 4 4
2730.6 -4194.7 -6.3 292 0 20.7 7.2 7.5 2.5 2 0 3 0 0
4141.4 -1554.8 -14.2 100 0 10.0 10.9 7.5 0.0 0 1 3 0 0
3463.6 -3463.8 -10.3 197 0 6.4 16.2 7.5 2.5 2 1 3 2 2
2923.9 -244.4 -4.1 237 0 6.8 15.7 5.0 2.5 2 1 2 2 2
3909.8 -5183.7 -8.1 174 0 5.0 10.2 5.0 0.0 0 1 2 3 3
2944.4 -6747.0 -16.2 178 0 5.9 11.4 5.0 2.5 2 1 2 4 4
4444.0 -4080.8 -17.9 187 0 6.1 10.3 2.5 2.5 2 0 1 4 4
4915.2 -3385.5 -33.6 95 0 4.9 10.4 5.0 2.5 2 1 2 4 4
3836.0 -4887.4 -7.0 354 0 6.2 22.4 7.5 2.5 2 1 3 0 0
4468.0 -1763.4 -17.7 101 0 9.0 7.2 7.5 2.5 2 0 3 1 1
2552.8 -5677.9 -5.9 175 0 21.9 8.2 7.5 2.5 2 0 3 4 4
4501.5 -1763.2 -17.8 11 0 11.9 20.0 5.0 2.5 2 1 2 5 5
4356.4 -6058.3 -11.1 360 0 5.3 9.1 7.5 2.5 2 1 3 2 2
4116.2 -267.0 -11.2 326 0 5.6 18.1 5.0 2.5 4 1 2 0 0
4018.6 -1461.8 -13.1 281 0 8.9 10.6 7.5 2.5 4 1 3 1 1
3052.8 -7044.1 -16.9 180 0 7.7 6.5 2.5 2.5 2 0 1 4 4
4263.8 -7325.3 -13.6 356 0 10.3 10.2 5.0 2.5 2 0 2 0 0
5093.8 -2163.5 -34.5 11 0 9.1 5.4 5.0 2.5 2 0 2 4 4
4875.6 -520.7 -20.2 177 0 10.1 5.4 7.5 2.5 2 0 3 0 0
4876.0 -769.8 -22.8 270 0 5.3 15.4 2.5 2.5 2 1 1 4 4
3808.9 -1940.7 -12.3 281 0 5.4 16.5 5.0 2.5 4 1 2 4 4
3624.1 -3045.4 -15.6 17 0 9.0 11.3 5.0 2.5 2 1 2 1 1
4865.8 -3421.9 -30.7 189 0 12.8 5.9 7.5 2.5 2 0 3 1 1
3192.1 -749.2 -6.4 50 0 9.4 16.7 5.0 2.5 4 1 2 2 2
4476.5 -4745.3 -18.1 85 0 10.2 6.7 10.5 3.5 2 0 3 0 0
4034.6 -5196.3 -8.7 84 0 11.6 9.7 7.5 0.0 0 0 3 1 1
4503.2 -4104.5 -18.2 4 0 4.8 11.3 7.5 2.5 2 1 3 0 0
3992.2 -2451.8 -16.9 285 0 5.2 10.4 7.5 2.5 2 1 3 2 2
3080.1 -7064.2 -17.1 88 0 4.6 13.8 7.5 2.5 2 1 3 1 1
4968.2 -1710.4 -17.2 181 0 11.3 7.2 5.0 2.5 2 0 2 1 1
2893.2 -2621.9 -10.7 117 0 3.8 13.0 7.5 2.5 2 0 3 0 0
4852.0 -3280.6 -31.3 97 0 4.2 9.7 5.0 2.5 2 1 2 5 5
4278.1 -5850.1 -9.4 265 0 8.7 5.9 2.5 2.5 2 0 1 5 5
2246.8 -1486.2 -1.2 117 0 11.7 7.8 2.5 2.5 2 0 1 1 1
2755.5 -4171.4 -6.5 20 0 10.0 20.2 2.5 2.5 2 1 1 2 2
3777.7 -4552.1 -8.0 356 0 7.4 11.7 5.0 0.0 0 1 2 2 2
4487.4 -4733.3 -18.3 356 0 9.0 6.7 10.5 3.5 2 0 3 3 3
5039.7 -2248.9 -31.0 196 0 10.7 5.0 7.5 2.5 4 0 3 1 1
4882.8 -3373.5 -31.3 187 0 12.0 6.4 7.5 2.5 2 0 3 0 0
4327.9 -4914.0 -16.1 177 0 6.6 16.6 7.5 2.5 2 1 3 2 2
4918.6 -716.9 -25.3 164 0 5.8 9.5 5.0 2.5 2 1 2 5 5
4363.5 -6762.6 -10.7 84 0 9.3 10.2 5.0 2.5 2 1 2 4 4
4020.6 -2443.7 -17.4 194 0 27.8 10.5 7.5 2.5 4 0 3 5 5
3340.6 -2321.4 -10.7 312 0 16.6 6.9 7.5 2.5 2 0 3 2 2
4241.3 -6100.4 -9.0 347 0 10.5 11.0 2.5 2.5 2 1 1 3 3
4730.1 -4526.3 -26.1 354 0 5.2 11.8 7.5 2.5 2 1 3 5 5
4853.4 -3207.1 -32.8 280 0 9.0 11.3 7.5 2.5 2 1 3 3 3
3700.2 -6850.8 -15.4 0 0 8.3 12.7 5.0 2.5 2 1 2 3 3
4211.0 -5968.8 -8.7 351 0 11.1 12.0 10.0 2.5 2 1 4 4 4
4219.8 -7350.5 -13.9 180 0 6.9 18.2 5.0 2.5 2 1 2 3 3
2457.3 -7054.1 -13.6 60 0 7.5 19.1 7.5 2.5 2 1 3 1 1
3481.0 -905.5 -8.1 236 0 28.3 5.9 5.0 2.5 2 0 2 2 2
3123.4 -4026.3 -8.5 73 0 13.0 6.6 2.5 2.5 2 0 1 1 1
3432.5 -801.1 -7.5 328 0 5.9 12.1 7.5 2.5 2 1 3 1 1
2338.0 -2794.0 -6.8 214 0 7.7 22.0 7.5 2.5 2 1 3 5 5
4656.0 -5436.3 -18.4 174 0 6.5 28.3 5.0 2.5 2 0 2 5 5
2946.8 -2797.8 -12.0 206 0 4.9 17.2 5.0 2.5 2 1 2 2 2
4339.6 -3033.4 -23.4 345 0 9.1 19.0 7.5 2.5 2 1 3 3 3
3004.6 -1346.7 -7.0 146 0 24.9 11.1 7.5 2.5 4 0 3 0 0
2158.7 -7272.9 -11.6 53 0 10.1 5.2 7.5 0.0 0 0 3 4 4
4374.5 -4747.8 -15.2 355 0 5.2 13.1 2.5 2.5 2 0 1 4 4
3495.2 -1155.4 -8.8 282 0 10.1 11.7 5.0 0.0 0 1 2 2 2
4623.3 -476.3 -13.1 1 0 5.7 11.1 7.5 2.5 2 1 3 1 1
2973.5 -4335.0 -7.2 94 0 15.7 4.7 5.0 2.5 2 0 2 1 1
4290.8 -6309.5 -10.1 357 0 8.6 22.3 7.5 2.5 2 1 3 5 5
4986.1 -2296.7 -28.3 206 0 13.1 5.2 5.0 2.5 2 0 2 3 3
2890.9 -758.7 -4.9 233 0 9.1 7.5 2.5 2.5 2 0 1 3 3
4228.2 -7323.0 -13.4 269 0 17.1 5.3 7.5 2.5 2 0 3 3 3
4156.9 -6662.5 -11.6 177 0 8.1 9.1 5.0 2.5 2 0 2 3 3
3120.2 -3877.4 -9.8 296 0 13.0 10.4 5.0 2.5 2 0 2 4 4
4417.2 -4807.8 -16.9 175 0 10.7 14.2 14.0 0.0 0 1 4 5 5
4942.3 -2479.9 -30.6 184 0 8.2 7.8 5.0 2.5 2 0 2 2 2
3159.1 -1504.8 -8.2 63 0 6.5 14.6 7.5 2.5 2 1 3 2 2
2772.0 -3119.0 -8.0 207 0 6.1 22.7 2.5 2.5 2 1 1 4 4
4225.2 -6216.1 -9.7 90 0 28.1 9.3 7.5 0.0 0 0 3 0 0
3005.8 -358.5 -4.4 145 0 6.3 12.8 2.5 2.5 2 1 1 4 4
3936.1 -1526.2 -13.5 191 0 18.1 7.0 7.5 2.5 2 0 3 3 3
4802.5 -418.8 -19.6 166 0 5.1 8.0 7.5 2.5 2 1 3 3 3
2464.7 -7127.6 -13.5 57 0 13.5 7.3 5.0 2.5 2 0 2 1 1
4360.0 -4801.4 -15.4 85 0 8.7 10.1 2.5 2.5 2 1 1 4 4
2345.4 -7179.7 -12.8 232 0 6.8 11.7 5.0 0.0 0 1 2 2 2
4414.4 -7461.1 -14.7 182 0 8.0 7.5 5.0 2.5 2 0 2 2 2
3816.9 -2930.1 -17.9 117 0 10.8 8.2 5.0 0.0 0 0 2 5 5
3363.0 -3717.3 -9.8 207 0 10.9 10.2 7.5 0.0 0 0 3 0 0
4155.4 -6631.0 -11.5 178 0 9.0 9.1 5.0 2.5 2 0 2 3 3
3204.8 -5922.5 -8.4 263 0 11.7 13.1 7.5 2.5 2 1 3 1 1
3065.8 -3873.6 -9.7 207 0 21.1 9.3 7.5 2.5 2 0 3 0 0
4303.5 -7194.9 -14.1 270 0 6.6 14.2 2.5 2.5 2 1 1 4 4
2982.8 -2801.9 -12.2 27 0 10.5 10.0 2.5 2.5 2 0 1 2 2
4944.9 -2994.8 -38.1 357 0 3.0 6.9 2.5 2.5 4 1 1 4 4
3586.0 -2792.5 -16.1 23 0 18.5 7.3 5.0 2.5 2 0 2 3 3
4293.5 -5923.7 -9.9 174 0 5.1 15.1 5.0 2.5 2 1 2 2 2
4384.5 -485.9 -11.7 101 0 5.0 12.9 5.0 0.0 0 1 2 4 4
3965.7 -5859.0 -8.9 264 0 8.3 11.6 5.0 0.0 0 1 2 5 5
4310.5 -6725.4 -10.8 179 0 6.1 13.6 7.5 2.5 2 0 3 4 4
4562.9 -3963.8 -20.1 281 0 10.1 14.8 7.5 2.5 2 1 3 2 2
4975.9 -1759.1 -14.8 180 0 12.1 26.0 10.0 2.5 2 0 4 3 3
3970.1 -5329.6 -8.1 353 0 12.2 9.6 7.5 2.5 2 0 3 0 0
4710.7 -2807.9 -26.0 355 0 9.4 8.5 7.5 2.5 2 0 3 0 0
4346.8 -1809.2 -16.9 10 0 26.0 7.0 5.0 2.5 2 0 2 1 1
2880.0 -3169.4 -9.4 29 0 6.4 13.9 7.5 2.5 2 1 3 2 2
4370.5 -1823.4 -17.1 199 0 23.7 11.6 10.0 2.5 2 0 4 3 3
4250.1 -1642.7 -15.8 100 0 7.0 17.9 7.5 2.5 2 1 3 1 1
3816.4 -1474.0 -12.3 190 0 18.2 9.3 5.0 2.5 2 0 2 2 2
2466.6 -7000.7 -13.7 237 0 7.2 7.3 7.5 2.5 2 0 3 1 1
4055.3 -5618.8 -7.8 173 0 30.3 11.5 10.0 0.0 0 0 4 0 0
4564.1 -505.4 -11.9 99 0 4.7 11.4 7.5 2.5 4 1 3 1 1
4816.5 -3239.8 -30.8 274 0 9.1 10.6 2.5 2.5 2 0 1 5 5
4868.0 -2547.6 -29.7 98 0 12.8 18.6 7.5 2.5 2 1 3 2 2
4392.8 -497.9 -11.8 101 0 12.1 12.0 10.0 2.5 2 0 4 2 2
4095.9 -5768.0 -7.9 174 0 7.1 14.5 7.5 2.5 2 1 3 1 1
4950.9 -871.6 -24.7 80 0 7.4 6.5 2.5 2.5 2 0 1 2 2
4223.2 -6054.1 -8.9 353 0 6.1 15.2 7.5 2.5 2 1 3 0 0
3408.6 -2528.7 -12.9 210 0 14.4 9.3 2.5 2.5 2 0 1 0 0
3848.1 -2927.4 -18.1 26 0 21.0 9.8 7.5 2.5 2 0 3 2 2
3102.9 -3145.9 -11.7 122 0 6.6 12.1 5.0 2.5 2 1 2 5 5
2782.3 -3098.7 -8.0 207 0 9.7 6.9 5.0 2.5 2 0 2 0 0
3847.9 -1396.9 -10.2 99 0 17.3 7.7 2.5 0.0 0 0 1 5 5
4184.0 -5985.2 -8.8 174 0 5.3 9.7 2.5 2.5 2 1 1 2 2
2870.3 -2581.3 -10.3 296 0 6.5 10.7 2.5 2.5 2 1 1 1 1
2825.2 -3283.4 -10.2 297 0 9.0 20.5 2.5 2.5 2 1 1 3 3
4181.9 -4634.5 -12.4 264 0 10.2 5.8 5.0 2.5 2 0 2 4 4
2754.2 -3459.9 -8.7 116 0 11.4 25.2 7.5 2.5 2 1 3 2 2
4053.7 -1506.1 -13.7 103 0 11.2 9.1 5.0 2.5 2 0 2 1 1
4698.0 -3209.4 -27.3 99 0 8.6 11.4 5.0 2.5 2 0 2 4 4
2907.9 -281.7 -4.0 144 0 3.9 15.0 5.0 2.5 2 1 2 0 0
3332.7 -3713.0 -10.0 27 0 12.9 4.9 5.0 0.0 0 0 2 3 3
4249.7 -5843.2 -8.9 251 0 5.3 11.6 7.5 2.5 2 1 3 2 2
4732.1 -501.7 -16.4 98 0 10.4 4.0 5.0 2.5 2 0 2 4 4
4291.8 -7235.2 -14.5 90 0 25.7 7.3 7.5 2.5 2 0 3 1 1
4467.8 -5226.2 -14.1 355 0 5.5 12.1 5.0 2.5 2 1 2 4 4
4731.7 -5267.3 -25.2 359 0 6.0 4.6 2.5 2.5 2 0 1 1 1
4746.0 -3003.5 -28.9 3 0 4.5 10.8 5.0 2.5 2 1 2 0 0
3673.0 -7185.2 -16.0 357 0 7.1 19.2 5.0 0.0 0 1 2 4 4
4927.8 -515.0 -22.8 69 0 6.2 7.7 7.5 2.5 2 1 3 2 2
3122.1 -3905.7 -10.0 26 0 19.1 8.4 2.5 0.0 0 0 1 5 5
3731.6 -7391.7 -17.5 358 0 6.9 12.0 5.0 2.5 2 1 2 4 4
2607.0 -2145.3 -6.0 1 0 4.6 9.0 5.0 2.5 2 1 2 5 5
3119.9 -2124.0 -8.7 23 0 9.3 22.5 5.0 2.5 2 1 2 0 0
3662.7 -2757.9 -16.6 292 0 13.2 12.4 7.5 2.5 4 0 3 4 4
4303.4 -6745.7 -10.9 180 0 17.3 6.8 2.5 2.5 2 0 1 5 5
2929.1 -1925.5 -7.6 135 0 4.7 10.8 2.5 2.5 2 1 1 3 3
4332.0 -6958.4 -12.6 86 0 9.5 35.9 7.5 2.5 2 1 3 5 5
3330.0 -965.9 -6.6 331 0 12.0 10.0 5.0 2.5 2 0 2 3 3
3762.8 -4628.6 -7.5 84 0 13.2 8.0 5.0 2.5 2 0 2 2 2
4441.2 -5243.4 -13.7 85 0 8.0 9.1 5.0 2.5 2 1 2 2 2
4928.2 -439.3 -23.2 282 0 6.5 6.3 2.5 2.5 2 0 1 1 1
4933.3 -2521.7 -32.3 190 0 5.7 14.1 7.5 2.5 2 1 3 1 1
3978.7 -2537.9 -18.1 27 0 5.6 11.1 2.5 0.0 0 1 1 0 0
4694.8 -5275.4 -22.1 266 0 7.2 7.0 7.5 2.5 2 0 3 3 3
2285.9 -2720.5 -5.7 134 0 6.1 13.5 2.5 2.5 2 1 1 3 3
4476.2 -488.6 -11.5 99 0 5.0 10.5 5.0 2.5 2 1 2 0 0
2419.9 -1859.4 -3.5 23 0 7.7 20.8 5.0 2.5 2 1 2 2 2
4183.9 -823.2 -12.4 102 0 9.0 11.1 2.5 2.5 2 1 1 3 3
3594.1 -434.1 -8.8 236 0 15.9 5.7 5.0 2.5 2 0 2 0 0
3259.5 -2196.9 -9.4 315 0 6.3 6.7 7.5 2.5 4 0 3 0 0
4222.3 -2281.9 -17.5 235 0 5.3 7.7 7.5 2.5 2 1 3 3 3
4481.8 -4124.6 -18.0 95 0 12.0 5.4 7.5 2.5 2 0 3 1 1
2710.4 -308.6 -3.1 323 0 6.1 8.7 2.5 0.0 0 0 1 4 4
4284.5 -4670.4 -13.6 266 0 6.6 10.3 2.5 2.5 2 1 1 2 2
2652.2 -7289.9 -12.8 330 0 9.7 13.2 7.5 2.5 2 1 3 4 4
3938.7 -5338.7 -8.4 175 0 6.4 8.5 2.5 2.5 2 1 1 3 3
4594.6 -1920.5 -18.6 262 0 5.4 10.2 2.5 2.5 2 1 1 1 1
3059.8 -501.4 -5.3 147 0 10.4 8.2 5.0 0.0 0 0 2 4 4
3830.8 -4919.3 -6.9 84 0 17.0 5.5 7.5 2.5 2 0 3 0 0
4038.7 -5500.3 -8.3 257 0 9.1 12.1 5.0 2.5 2 1 2 2 2
4181.2 -6043.3 -9.1 172 0 23.0 9.5 7.5 2.5 2 0 3 0 0
3088.0 -3868.3 -9.8 206 0 3.9 15.6 5.0 0.0 0 1 2 5 5
4690.0 -551.0 -14.7 99 0 16.7 6.2 7.5 2.5 2 0 3 4 4
4960.0 -2470.1 -30.9 9 0 9.9 8.3 2.5 2.5 2 0 1 0 0
4267.7 -6348.0 -10.4 177 0 7.5 21.9 5.0 2.5 2 0 2 3 3
4201.9 -2309.4 -17.5 55 0 4.6 13.2 5.0 0.0 0 1 2 2 2
3035.3 -1302.7 -6.8 325 0 9.1 9.1 5.0 2.5 2 0 2 1 1
4982.0 -442.5 -26.9 264 0 5.6 8.4 5.0 2.5 2 1 2 3 3
4952.4 -2415.0 -28.8 7 0 7.2 6.3 7.5 2.5 2 0 3 0 0
2841.1 -2588.4 -10.3 209 0 5.5 11.1 7.5 2.5 4 1 3 4 4
3918.1 -5292.9 -8.1 179 0 5.8 13.0 5.0 2.5 2 0 2 4 4
4476.2 -7343.0 -22.6 270 0 5.8 8.1 5.0 2.5 2 1 2 0 0
5073.0 -2213.6 -33.3 14 0 9.3 4.6 7.5 2.5 2 0 3 2 2
3931.1 -5291.9 -8.0 173 0 6.0 10.3 5.0 2.5 2 0 2 5 5
3356.5 -3909.4 -9.4 117 0 9.0 5.4 7.5 2.5 4 0 3 0 0
2151.4 -5047.3 -4.9 334 0 8.8 6.9 5.0 0.0 0 0 2 0 0
4380.9 -4720.6 -15.2 355 0 9.2 8.2 5.0 0.0 0 0 2 3 3
4385.7 -4759.3 -15.5 355 0 11.7 12.7 5.0 2.5 2 1 2 0 0
3372.2 -2982.8 -12.6 27 0 9.5 15.1 5.0 2.5 2 1 2 3 3
5026.0 -1944.0 -26.0 353 0 12.0 4.1 7.5 2.5 2 0 3 5 5
3285.9 -4394.6 -8.1 70 0 8.0 5.1 2.5 2.5 2 0 1 2 2
4302.6 -4657.5 -14.1 175 0 6.6 10.4 5.0 2.5 2 0 2 2 2
4180.7 -5921.8 -8.5 356 0 8.3 9.3 7.5 2.5 2 1 3 2 2
4911.3 -1448.0 -20.5 265 0 37.0 9.2 7.5 2.5 2 0 3 2 2
3800.2 -2741.9 -18.7 123 0 10.2 8.3 5.0 2.5 2 0 2 3 3
3995.6 -1496.8 -13.4 111 0 8.4 5.6 5.0 2.5 2 0 2 0 0
4338.2 -4977.3 -16.3 84 0 7.5 7.5 5.0 2.5 2 0 2 4 4
3926.5 -5313.2 -8.3 174 0 6.7 7.8 7.5 2.5 4 0 3 2 2
4778.7 -517.7 -17.6 100 0 4.6 9.5 5.0 2.5 2 1 2 3 3
4490.1 -1962.1 -19.1 191 0 4.7 8.8 7.5 2.5 2 1 3 4 4
4938.0 -3027.8 -38.2 359 0 8.3 7.9 5.0 2.5 2 0 2 0 0
3279.3 -6786.8 -15.7 359 0 6.0 13.6 5.0 2.5 2 0 2 3 3
4143.3 -5856.1 -8.1 352 0 8.2 10.1 5.0 2.5 2 1 2 2 2
3210.3 -4062.9 -8.4 253 0 7.3 12.1 5.0 2.5 2 1 2 5 5
4969.7 -2365.7 -29.2 33 0 4.0 14.2 7.5 2.5 4 1 3 3 3
4329.3 -7495.8 -13.9 177 0 7.7 20.8 5.0 2.5 2 1 2 3 3
2878.4 -486.5 -5.7 53 0 8.3 10.0 5.0 2.5 2 1 2 5 5
4079.1 -4904.3 -10.7 86 0 8.4 18.3 2.5 2.5 2 1 1 0 0
2967.5 -2064.2 -8.1 121 0 5.8 25.7 7.5 2.5 2 1 3 2 2
2492.9 -1067.9 -1.9 227 0 16.5 10.6 5.0 2.5 2 0 2 4 4
5002.5 -760.0 -31.5 360 0 6.5 8.6 2.5 2.5 2 1 1 0 0
4448.8 -4048.2 -18.4 279 0 9.2 10.3 5.0 2.5 2 1 2 0 0
4309.4 -5099.6 -13.9 84 0 13.1 4.0 5.0 2.5 2 0 2 1 1
2794.0 -407.4 -3.8 326 0 13.3 11.4 7.5 2.5 2 0 3 0 0
4566.5 -490.3 -11.8 97 0 4.0 10.1 2.5 2.5 2 1 1 0 0
4475.3 -6453.6 -14.3 360 0 6.5 9.7 7.5 2.5 2 1 3 1 1
4039.9 -1467.9 -13.3 281 0 6.0 14.1 2.5 2.5 2 1 1 0 0
3820.3 -4820.1 -7.4 353 0 18.4 6.1 2.5 2.5 2 0 1 2 2
3024.1 -637.6 -6.6 232 0 8.2 10.2 5.0 2.5 2 1 2 5 5
4142.5 -5831.6 -7.9 353 0 9.9 9.3 7.5 2.5 2 0 3 5 5
2336.8 -7161.6 -12.7 55 0 11.1 13.2 10.0 2.5 2 1 4 3 3
4425.0 -5044.0 -16.4 174 0 10.0 9.9 7.5 0.0 0 0 3 1 1
4792.7 -478.9 -18.4 274 0 13.9 6.2 5.0 2.5 2 0 2 1 1
4913.2 -2817.9 -35.3 268 0 5.1 10.2 7.5 2.5 2 1 3 0 0
3020.7 -1307.2 -6.8 236 0 11.0 9.1 2.5 2.5 2 0 1 1 1
3976.8 -1526.7 -13.9 280 0 7.4 18.0 5.0 2.5 2 1 2 5 5
2426.6 -1060.9 -1.3 287 0 14.6 28.0 10.0 2.5 2 0 4 2 2
3168.8 -4402.3 -8.0 92 0 5.5 7.8 7.5 2.5 2 1 3 4 4
2960.4 -2018.7 -8.1 221 0 6.8 5.8 5.0 0.0 0 0 2 0 0
2531.7 -6997.0 -14.1 325 0 11.1 9.0 5.0 2.5 4 0 2 5 5
4863.3 -2965.7 -34.4 270 0 7.4 6.9 2.5 2.5 2 0 1 0 0
4324.1 -6725.1 -10.8 179 0 6.1 14.2 2.5 2.5 2 0 1 2 2
4910.3 -2946.8 -36.5 179 0 7.2 8.1 7.5 2.5 2 1 3 0 0
2420.8 -7426.9 -11.0 237 0 5.5 13.8 2.5 2.5 2 1 1 0 0
4659.5 -5448.1 -17.5 84 0 4.6 8.8 5.0 0.0 0 0 2 0 0
4922.4 -2612.2 -33.8 95 0 4.6 10.6 5.0 0.0 0 1 2 2 2
4197.1 -1630.7 -14.7 290 0 9.0 11.1 5.0 2.5 2 1 2 0 0
3733.5 -1376.4 -9.3 105 0 9.7 15.1 7.5 2.5 2 1 3 2 2
4097.3 -4873.1 -10.7 356 0 6.6 9.0 5.0 2.5 2 1 2 2 2
4995.1 -643.1 -31.0 90 0 3.6 10.6 2.5 0.0 0 1 1 5 5
4504.3 -1882.1 -17.8 201 0 9.2 12.7 7.5 2.5 4 1 3 4 4
3705.3 -3192.1 -13.2 324 0 11.6 16.1 7.5 2.5 2 1 3 3 3
2538.8 -1797.8 -4.3 170 0 17.0 8.7 7.5 2.5 2 0 3 2 2
4171.6 -2612.3 -20.8 351 0 28.0 10.0 7.5 2.5 2 0 3 5 5
4216.0 -6182.4 -9.5 176 0 26.2 8.9 5.0 2.5 2 0 2 1 1
2848.6 -484.1 -5.4 142 0 6.0 16.0 7.5 2.5 2 1 3 1 1
4942.5 -2848.3 -36.9 2 0 13.9 4.6 5.0 2.5 2 0 2 4 4
3640.9 -7213.0 -16.3 85 0 9.3 31.1 7.5 0.0 0 0 3 3 3
4691.9 -3166.3 -26.8 278 0 5.1 10.1 5.0 2.5 2 0 2 0 0
3797.2 -4802.0 -7.6 174 0 6.1 8.6 2.5 2.5 2 1 1 1 1
4262.7 -6346.9 -10.4 91 0 9.2 24.2 7.5 2.5 2 1 3 2 2
3736.6 -2630.1 -15.0 129 0 19.2 10.3 7.5 2.5 2 0 3 1 1
3173.8 -6003.7 -8.9 173 0 6.0 15.4 5.0 2.5 2 1 2 4 4
5070.8 -1726.5 -23.6 97 0 7.1 9.1 7.5 2.5 2 1 3 3 3
2872.3 -3999.1 -8.7 294 0 6.5 20.1 7.5 2.5 2 1 3 5 5
4100.3 -4842.2 -10.5 354 0 8.8 7.6 7.5 2.5 2 0 3 3 3
2650.9 -3351.3 -8.8 208 0 15.8 5.8 5.0 2.5 2 0 2 5 5
4202.4 -4756.5 -12.3 266 0 9.7 4.8 7.5 2.5 2 0 3 0 0
3261.4 -1383.4 -9.0 325 0 6.6 14.8 5.0 2.5 2 1 2 4 4
4011.9 -3170.8 -17.8 231 0 9.4 10.1 7.5 2.5 2 0 3 4 4
4375.1 -6906.5 -11.8 360 0 11.1 8.9 2.5 2.5 2 0 1 1 1
4161.6 -5982.8 -8.9 176 0 15.0 8.3 5.0 2.5 2 0 2 4 4
4579.9 -1865.3 -17.7 109 0 6.6 6.1 5.0 2.5 2 0 2 3 3
3080.8 -3142.7 -11.6 122 0 26.6 8.4 7.5 2.5 2 0 3 5 5
4323.6 -6896.5 -12.1 176 0 28.8 10.6 7.5 2.5 2 0 3 3 3
3734.2 -3082.5 -15.3 285 0 9.1 6.5 7.5 2.5 2 0 3 2 2
2683.4 -3344.8 -9.1 296 0 12.6 7.1 5.0 0.0 0 0 2 2 2
4173.5 -4631.5 -12.3 264 0 5.8 9.6 2.5 2.5 2 0 1 5 5
4034.8 -4916.3 -10.2 84 0 18.5 5.5 2.5 0.0 0 0 1 3 3
4375.1 -6880.2 -11.4 360 0 8.6 20.1 7.5 0.0 0 1 3 1 1
2562.6 -1829.2 -4.5 81 0 11.1 8.7 5.0 2.5 4 0 2 0 0
3515.2 -3287.1 -12.4 17 0 7.7 17.4 2.5 2.5 2 1 1 2 2
2974.3 -1029.3 -5.7 326 0 14.1 10.0 7.5 2.5 4 0 3 2 2
2477.8 -1102.8 -1.7 12 0 13.0 9.1 5.0 2.5 2 0 2 5 5
3235.7 -2245.0 -9.5 132 0 10.9 9.1 5.0 2.5 2 0 2 0 0
4855.4 -523.9 -19.4 85 0 4.3 10.4 2.5 2.5 4 1 1 2 2
2889.6 -2629.7 -10.7 117 0 4.7 8.6 2.5 2.5 4 0 1 4 4
5005.8 -696.1 -31.3 93 0 7.1 10.0 7.5 2.5 2 1 3 1 1
2783.4 -460.6 -4.3 56 0 11.4 6.5 7.5 2.5 2 0 3 5 5
2185.3 -5546.7 -5.1 333 0 7.0 15.2 5.0 2.5 2 1 2 5 5
3397.5 -3908.8 -9.5 26 0 12.0 26.4 7.5 2.5 2 1 3 5 5
4807.9 -3212.6 -31.1 276 0 7.8 3.4 7.5 2.5 2 0 3 1 1
4437.2 -5227.9 -13.7 175 0 8.1 7.0 5.0 0.0 0 0 2 5 5
4810.1 -3109.2 -33.8 181 0 12.3 4.8 7.5 2.5 2 0 3 0 0
3945.0 -4683.4 -9.6 355 0 16.0 8.6 7.5 2.5 2 0 3 0 0
3208.2 -1535.6 -8.6 144 0 5.7 12.1 7.5 2.5 2 1 3 3 3
3284.1 -976.4 -6.8 150 0 6.1 22.8 7.5 0.0 0 1 3 0 0
3282.5 -724.7 -7.1 234 0 10.1 12.0 7.5 2.5 2 1 3 1 1
5005.1 -588.0 -30.8 183 0 7.7 4.8 5.0 2.5 2 0 2 0 0
3126.8 -4007.5 -8.7 69 0 4.2 12.4 2.5 2.5 2 1 1 5 5
4682.1 -2813.1 -25.1 175 0 11.6 6.0 5.0 2.5 2 0 2 1 1
4726.3 -2880.7 -26.5 356 0 11.1 12.2 7.5 2.5 2 1 3 3 3
3319.9 -693.6 -7.3 235 0 11.8 24.4 10.0 2.5 2 1 4 3 3
3308.5 -3729.4 -10.0 26 0 10.4 5.4 2.5 2.5 2 0 1 1 1
4277.8 -5768.1 -9.0 266 0 7.2 13.4 5.0 2.5 2 0 2 3 3
3954.3 -801.7 -11.3 146 0 5.9 8.5 2.5 2.5 4 1 1 0 0
4923.9 -3285.8 -33.7 94 0 4.7 10.6 2.5 2.5 2 1 1 2 2
4924.0 -3330.6 -33.4 7 0 3.7 12.1 5.0 2.5 2 1 2 1 1
4791.7 -551.6 -16.6 282 0 13.1 6.0 7.5 2.5 2 0 3 4 4
2912.3 -2635.6 -10.9 28 0 14.7 6.4 5.0 2.5 2 0 2 4 4
4835.2 -397.2 -21.1 259 0 9.3 11.9 7.5 2.5 2 1 3 4 4
3281.2 -3358.7 -12.3 117 0 8.2 9.0 2.5 2.5 4 1 1 2 2
4234.7 -1664.4 -16.2 282 0 16.0 20.0 5.0 2.5 2 1 2 2 2
2605.6 -7052.3 -14.4 358 0 8.3 17.6 5.0 2.5 2 1 2 5 5
4134.1 -5764.6 -7.5 355 0 5.3 10.1 2.5 2.5 2 1 1 3 3
5113.1 -1822.4 -28.5 359 0 14.1 3.8 5.0 2.5 2 0 2 5 5
4316.5 -2268.4 -19.1 314 0 14.1 6.1 5.0 2.5 2 0 2 1 1
4418.4 -4968.2 -17.3 354 0 6.7 16.8 2.5 2.5 2 1 1 4 4
4183.4 -5900.7 -8.3 263 0 7.2 9.5 5.0 2.5 2 1 2 0 0
4992.8 -2444.5 -32.8 16 0 11.0 8.7 7.5 2.5 2 0 3 1 1
4460.2 -6828.3 -13.6 178 0 8.5 14.5 5.0 0.0 0 1 2 1 1
5100.0 -1626.9 -28.5 88 0 7.3 5.9 7.5 2.5 2 0 3 2 2
4325.4 -6390.3 -10.6 354 0 10.6 27.8 7.5 2.5 2 1 3 3 3
4356.4 -1836.1 -17.1 284 0 17.9 6.7 2.5 2.5 2 0 1 3 3
4358.2 -6714.5 -10.7 2 0 11.1 9.1 5.0 2.5 2 0 2 4 4
4720.4 -2718.2 -25.8 80 0 4.8 8.6 5.0 0.0 0 1 2 4 4
4321.8 -7220.8 -13.9 1 0 9.0 9.2 5.0 0.0 0 1 2 1 1
2019.2 -3263.6 -1.5 183 0 13.8 9.8 7.5 2.5 2 0 3 3 3
2015.1 -3232.6 -2.0 186 0 9.9 3.1 5.0 2.5 2 0 2 1 1
2017.3 -3219.4 -2.2 186 0 6.1 20.3 5.0 2.5 2 1 2 0 0
2039.5 -3258.5 -1.6 186 0 5.6 11.5 7.5 2.5 2 1 3 2 2
2085.4 -3264.4 -1.6 7 0 5.7 22.9 7.5 2.5 2 1 3 3 3
2078.4 -3290.2 -1.4 92 0 6.8 17.6 5.0 2.5 2 1 2 1 1
2051.6 -3291.9 -1.2 99 0 20.4 10.8 7.5 2.5 2 0 3 5 5
2042.2 -3681.6 -2.9 5 0 13.5 8.3 5.0 2.5 2 0 2 2 2
2043.2 -3670.5 -2.8 5 0 8.8 8.3 5.0 2.5 2 0 2 4 4
2017.1 -3668.0 -2.7 185 0 8.8 17.9 5.0 2.5 2 0 2 5 5
2020.2 -3654.3 -2.6 187 0 7.5 21.8 5.0 2.5 2 1 2 0 0
2038.9 -3623.4 -2.3 278 0 7.3 9.2 5.0 2.5 2 0 2 1 1
2063.4 -3631.7 -2.3 8 0 9.2 21.9 5.0 2.5 2 0 2 3 3
1964.9 -3763.5 -3.1 7 0 6.5 22.9 5.0 2.5 2 0 2 0 0
1922.6 -3761.3 -2.8 97 0 18.9 10.2 5.0 2.5 2 0 2 5 5
1936.9 -3763.1 -2.9 97 0 9.9 22.7 2.5 2.5 2 0 1 0 0
1961.8 -3731.5 -2.9 6 0 5.3 8.9 5.0 2.5 2 0 2 1 1
1962.6 -3724.1 -2.9 6 0 9.6 20.4 5.0 2.5 4 0 2 0 0
2013.4 -3822.5 -3.9 280 0 9.9 10.2 7.5 2.5 2 1 3 3 3
1973.0 -3848.1 -3.3 11 0 11.2 8.5 2.5 2.5 2 0 1 1 1
1961.4 -3837.5 -3.2 8 0 6.2 15.8 5.0 2.5 2 1 2 2 2
1933.6 -3830.5 -2.9 280 0 10.1 18.5 7.5 2.5 2 1 3 0 0
1914.8 -3914.1 -2.0 8 0 7.9 14.5 7.5 2.5 2 1 3 3 3
1890.8 -3891.6 -2.4 187 0 21.3 9.0 5.0 2.5 2 0 2 5 5
2030.0 -4009.0 -3.6 97 0 10.0 21.7 7.5 2.5 2 1 3 4 4
2028.7 -3967.3 -3.2 279 0 11.8 17.0 2.5 2.5 2 1 1 3 3
1992.9 -3977.7 -2.8 188 0 6.9 21.2 5.0 2.5 2 1 2 2 2
1983.0 -4071.2 -3.9 186 0 7.5 21.6 5.0 2.5 4 1 2 2 2
1968.3 -4211.4 -3.9 183 0 12.3 5.0 2.5 2.5 2 0 1 0 0
1926.3 -4274.1 -3.4 7 0 6.2 15.7 2.5 2.5 2 1 1 4 4
1919.0 -4246.9 -3.4 278 0 23.8 6.3 2.5 2.5 2 0 1 0 0
1884.6 -4258.7 -3.1 188 0 24.5 11.2 10.0 2.5 2 0 4 2 2
2036.9 -4152.2 -4.7 277 0 8.0 20.7 7.5 2.5 2 0 3 3 3
2027.9 -4151.1 -4.7 277 0 10.2 20.7 5.0 2.5 2 0 2 1 1
1975.1 -4154.5 -4.2 181 0 13.9 10.5 2.5 2.5 2 0 1 1 1
1986.7 -4204.2 -4.2 184 0 11.0 23.4 10.0 2.5 2 1 4 3 3
2019.3 -4138.9 -4.6 6 0 11.7 20.8 7.5 2.5 2 1 3 4 4
3353.1 -3645.3 -10.4 200 0 9.2 6.0 5.0 2.5 2 0 2 3 3
3232.4 -4048.8 -8.5 251 0 4.2 5.1 5.0 2.5 2 1 2 4 4
3227.7 -4072.1 -8.4 80 0 3.2 3.9 5.0 2.5 2 0 2 2 2
3227.3 -4060.0 -8.4 260 0 6.9 8.1 7.5 2.5 2 0 3 0 0
2704.0 -4174.4 -6.5 202 0 30.2 8.5 7.5 2.5 2 0 3 3 3
2764.3 -4181.0 -6.5 112 0 3.9 6.9 7.5 2.5 4 1 3 2 2
2988.4 -4262.9 -6.9 190 0 15.1 9.6 7.5 2.5 4 0 3 2 2
4940.4 -2700.9 -35.8 7 0 7.5 3.1 7.5 2.5 2 0 3 0 0
4926.2 -2683.6 -35.1 187 0 8.8 4.8 7.5 2.5 2 0 3 0 0
2370.0 -1891.9 -3.3 27 0 7.1 13.4 7.5 0.0 0 1 3 5 5
1887.6 -1777.6 0.7 103 0 30.2 7.0 7.5 0.0 0 0 3 3 3
1898.7 -1742.2 0.8 283 0 7.1 5.4 7.5 2.5 2 0 3 5 5
1918.9 -1767.3 0.6 12 0 26.3 9.8 7.5 2.5 2 0 3 3 3
1852.2 -1755.4 1.0 195 0 14.1 10.0 5.0 2.5 2 0 2 1 1
3200.1 -2169.5 -9.0 226 0 9.2 8.1 5.0 2.5 2 0 2 2 2
3206.6 -2224.1 -9.3 138 0 11.4 9.2 7.5 2.5 2 0 3 1 1
4288.5 -1775.1 -16.7 192 0 8.7 4.0 5.0 2.5 2 0 2 3 3
3725.3 -2659.1 -15.4 303 0 11.6 3.6 7.5 2.5 2 0 3 1 1
3743.9 -2645.3 -15.2 124 0 4.1 10.0 7.5 2.5 2 1 3 4 4
3698.4 -3118.2 -14.3 109 0 5.3 21.0 7.5 2.5 2 1 3 2 2
3700.5 -3076.2 -15.2 196 0 9.3 14.9 5.0 2.5 2 1 2 4 4
3744.4 -3145.9 -14.4 113 0 4.6 11.2 5.0 2.5 2 1 2 4 4
4031.8 -3156.4 -18.3 230 0 13.9 5.6 7.5 2.5 2 0 3 3 3
4020.4 -3163.7 -18.0 230 0 12.9 7.8 7.5 2.5 2 0 3 4 4
4393.1 -4167.3 -16.5 233 0 7.4 13.0 5.0 2.5 2 1 2 3 3
4420.1 -4168.7 -16.7 324 0 9.3 14.6 7.5 2.5 2 1 3 0 0
4365.4 -4817.6 -15.8 84 0 21.9 6.4 2.5 0.0 0 0 1 5 5
4024.8 -4916.6 -9.7 85 0 5.8 12.2 2.5 2.5 2 1 1 0 0
3985.6 -4918.8 -8.9 265 0 5.9 4.5 5.0 2.5 2 0 2 5 5
3814.3 -4778.8 -7.4 263 0 12.5 5.5 5.0 2.5 2 0 2 1 1
4442.1 -6828.2 -11.2 178 0 6.5 10.5 7.5 2.5 2 0 3 0 0
