2553.8 6487.6 -8.9 62 0 22.8 18.5 7.5 2.5 2 0 3 2 2
2568.9 6495.6 -7.9 62 0 11.4 37.1 12.5 2.5 2 0 5 1 1
3491.9 7165.1 -14.8 9 0 13.3 8.1 2.5 2.5 2 0 1 0 0
3442.6 7168.9 -14.5 187 0 12.1 13.1 5.0 0.0 0 1 2 0 0
2453.3 7167.2 -15.0 314 0 14.8 28.3 10.0 2.5 2 1 4 2 2
2205.2 6371.7 -11.9 65 0 17.1 8.0 5.0 2.5 2 0 2 2 2
2310.1 4975.1 -9.6 17 0 10.6 15.0 2.5 0.0 0 1 1 3 3
2474.6 6371.8 -11.4 239 0 6.2 12.3 7.5 2.5 2 1 3 5 5
2261.6 6338.1 -11.9 327 0 10.8 10.4 2.5 2.5 2 0 1 4 4
2439.4 6329.9 -11.5 328 0 13.9 8.3 7.5 2.5 4 0 3 4 4
2200.7 6591.4 -13.6 223 0 4.8 11.9 7.5 2.5 2 1 3 4 4
2646.1 5203.4 -12.6 245 0 18.6 7.6 5.0 2.5 2 0 2 2 2
2135.6 6509.8 -12.7 320 0 12.4 5.1 7.5 2.5 4 0 3 3 3
2195.6 6649.3 -13.9 221 0 29.5 9.1 7.5 2.5 2 0 3 5 5
2443.0 5545.3 -13.1 261 0 20.0 6.9 7.5 2.5 4 0 3 1 1
2044.3 6207.7 -12.6 56 0 4.6 14.9 7.5 2.5 2 1 3 2 2
2263.9 6608.5 -14.2 36 0 3.9 8.5 7.5 2.5 2 1 3 3 3
2544.7 6409.0 -11.1 241 0 7.2 10.1 5.0 0.0 0 1 2 2 2
2188.9 6319.0 -11.7 238 0 4.3 8.5 5.0 2.5 2 1 2 1 1
2240.1 6217.8 -12.0 154 0 5.2 11.7 2.5 2.5 2 0 1 1 1
2417.3 5518.3 -13.1 172 0 18.0 5.5 5.0 2.5 2 0 2 3 3
1861.6 6290.8 -11.1 271 0 16.1 7.9 7.5 2.5 2 0 3 0 0
1853.2 6252.1 -10.7 178 0 13.4 10.3 5.0 2.5 2 0 2 1 1
2196.7 6303.1 -11.7 328 0 3.1 5.7 2.5 2.5 2 0 1 1 1
2459.6 5527.9 -13.1 262 0 15.7 10.9 5.0 0.0 0 0 2 5 5
2244.7 6564.8 -14.0 38 0 11.6 10.1 5.0 2.5 2 0 2 1 1
2107.9 6285.4 -11.5 335 0 9.1 10.0 5.0 2.5 2 1 2 1 1
2664.6 6370.2 -11.5 93 0 9.6 8.4 5.0 2.5 2 0 2 5 5
2567.4 5451.5 -12.9 74 0 8.9 12.0 2.5 2.5 2 1 1 0 0
1871.8 6216.1 -11.2 271 0 9.7 11.4 5.0 2.5 2 1 2 4 4
1497.9 6106.4 -11.0 9 0 23.6 4.4 7.5 2.5 2 0 3 4 4
2216.1 6563.5 -13.6 39 0 11.4 9.5 2.5 2.5 2 0 1 1 1
1960.7 6464.3 -13.2 265 0 29.7 8.0 5.0 2.5 2 0 2 0 0
2423.6 5480.7 -13.0 260 0 7.6 24.5 7.5 2.5 2 1 3 2 2
2298.4 6379.9 -11.8 237 0 8.5 25.3 7.5 0.0 0 1 3 5 5
2167.2 6249.2 -11.7 146 0 10.1 14.6 7.5 2.5 2 1 3 5 5
1958.1 6305.4 -11.4 239 0 6.1 10.3 5.0 2.5 2 1 2 0 0
2139.3 6566.1 -13.6 225 0 15.6 6.8 7.5 2.5 2 0 3 3 3
2696.8 6379.0 -11.7 351 0 8.5 9.2 5.0 2.5 4 1 2 5 5
2667.3 5116.0 -12.3 63 0 10.4 11.3 5.0 2.5 2 1 2 2 2
1491.6 6067.7 -10.8 10 0 27.8 4.4 7.5 2.5 2 0 3 4 4
2257.8 6677.5 -14.0 31 0 13.1 10.7 2.5 2.5 2 0 1 4 4
2060.3 6372.7 -11.7 69 0 7.8 5.7 5.0 2.5 2 0 2 0 0
1790.8 6061.4 -9.8 222 0 11.4 7.4 2.5 2.5 2 0 1 4 4
3531.5 5718.5 -8.9 126 0 10.5 8.4 2.5 2.5 2 0 1 0 0
2320.9 6352.8 -11.8 239 0 5.9 25.4 5.0 2.5 2 1 2 5 5
3918.6 6133.2 -9.2 107 0 7.3 11.6 5.0 2.5 4 1 2 0 0
1749.9 6101.7 -9.5 99 0 10.1 24.7 7.5 2.5 2 1 3 5 5
3297.4 7596.4 -5.6 280 0 7.2 6.6 5.0 0.0 0 0 2 0 0
1775.7 6233.4 -10.3 4 0 11.9 13.2 5.0 2.5 2 1 2 0 0
2092.8 6463.9 -12.4 319 0 20.2 6.7 2.5 2.5 4 0 1 5 5
2291.3 6409.1 -11.9 64 0 11.4 24.6 10.0 2.5 2 1 4 0 0
2398.7 6290.7 -11.7 151 0 7.1 4.2 5.0 2.5 2 0 2 3 3
1938.5 6442.4 -13.1 184 0 19.0 6.4 5.0 2.5 2 0 2 3 3
2637.2 5179.1 -12.5 241 0 7.1 9.3 5.0 2.5 2 1 2 3 3
2054.7 6389.4 -11.8 337 0 8.2 10.4 5.0 2.5 2 1 2 0 0
2466.7 6282.9 -11.5 333 0 11.4 5.8 7.5 2.5 4 0 3 4 4
2819.5 5056.2 -12.2 242 0 9.8 8.4 5.0 2.5 2 0 2 2 2
2290.2 6701.8 -14.2 210 0 15.1 10.0 2.5 2.5 2 0 1 3 3
2694.8 5072.1 -12.2 241 0 12.2 10.5 5.0 2.5 4 0 2 5 5
2119.7 6518.6 -13.0 322 0 7.5 20.8 7.5 2.5 2 1 3 1 1
2321.4 6371.7 -11.8 328 0 17.0 5.6 2.5 2.5 2 0 1 1 1
2300.0 6124.2 -13.4 115 0 10.4 8.4 5.0 2.5 4 0 2 5 5
2381.6 6361.0 -11.6 61 0 10.7 18.2 2.5 2.5 2 1 1 5 5
2223.3 6637.0 -13.9 36 0 5.9 14.6 7.5 2.5 2 1 3 5 5
2061.2 6217.5 -12.5 56 0 18.8 7.2 2.5 2.5 4 0 1 0 0
2686.4 5153.9 -12.5 333 0 5.9 12.2 7.5 2.5 2 0 3 2 2
2585.9 6447.1 -9.8 236 0 11.4 9.5 5.0 2.5 2 0 2 3 3
2156.4 6583.1 -13.7 225 0 32.5 6.9 7.5 2.5 2 0 3 5 5
2138.8 6513.6 -12.9 142 0 26.2 7.3 5.0 2.5 2 0 2 0 0
1525.8 6063.6 -10.4 189 0 17.4 4.8 5.0 2.5 2 0 2 5 5
2381.6 6395.8 -11.6 244 0 19.6 9.2 7.5 2.5 2 0 3 4 4
3363.3 7578.7 -4.9 9 0 8.5 7.4 5.0 2.5 4 0 2 2 2
2089.2 6433.8 -12.0 59 0 10.9 7.8 5.0 2.5 2 0 2 4 4
2483.0 6412.0 -11.9 57 0 12.0 8.4 5.0 2.5 2 0 2 4 4
2851.7 6370.9 -12.2 110 0 4.9 14.1 7.5 2.5 2 1 3 5 5
1542.8 6237.6 -7.7 187 0 7.3 4.9 7.5 2.5 2 0 3 1 1
1986.6 6442.9 -13.0 68 0 3.2 10.9 5.0 2.5 4 0 2 3 3
2239.3 6597.5 -14.0 219 0 9.0 8.6 5.0 2.5 2 0 2 0 0
2158.5 6551.2 -13.2 224 0 5.0 16.1 2.5 2.5 4 1 1 4 4
2615.8 5467.6 -13.0 71 0 12.3 12.7 2.5 2.5 2 1 1 5 5
1991.1 6285.1 -11.5 66 0 9.4 8.3 5.0 2.5 2 0 2 4 4
2456.6 6362.2 -11.3 151 0 11.8 8.5 5.0 2.5 2 0 2 0 0
2337.6 6292.9 -11.9 239 0 10.2 8.1 5.0 0.0 0 0 2 2 2
2275.9 6245.5 -11.6 239 0 4.9 12.6 7.5 0.0 0 0 3 0 0
2467.8 6394.0 -11.9 58 0 12.3 9.0 5.0 2.5 2 0 2 0 0
2456.8 6142.8 -12.1 163 0 10.3 9.0 2.5 2.5 2 0 1 3 3
2276.9 6674.9 -14.2 217 0 6.1 16.2 5.0 0.0 0 1 2 1 1
2436.9 5491.9 -13.0 174 0 6.8 28.7 2.5 2.5 2 1 1 4 4
1898.5 6287.6 -11.3 2 0 4.8 4.3 5.0 2.5 2 0 2 1 1
2705.3 5095.8 -12.3 241 0 17.8 6.0 7.5 2.5 2 0 3 2 2
2380.5 6487.6 -13.1 339 0 9.7 21.9 7.5 2.5 2 1 3 4 4
2155.9 6541.8 -13.0 224 0 5.9 14.3 7.5 2.5 4 1 3 1 1
1988.2 6315.4 -11.5 239 0 5.3 11.3 7.5 2.5 2 1 3 2 2
2035.8 6528.9 -13.4 137 0 25.4 5.0 7.5 2.5 2 0 3 5 5
2629.5 5267.6 -12.9 66 0 7.1 6.8 7.5 2.5 2 0 3 3 3
2179.8 6498.1 -12.8 213 0 11.2 13.1 2.5 2.5 2 1 1 2 2
2498.6 5782.9 -13.0 165 0 8.6 8.4 5.0 2.5 2 0 2 1 1
2378.3 6442.9 -12.5 158 0 8.8 10.4 7.5 2.5 2 1 3 0 0
2120.4 6330.1 -11.7 62 0 10.6 6.1 5.0 2.5 2 0 2 4 4
2350.9 6254.1 -11.8 155 0 9.2 7.8 2.5 2.5 2 0 1 3 3
2508.6 6435.3 -11.7 326 0 10.3 16.2 7.5 2.5 2 1 3 1 1
2260.4 6648.2 -14.0 217 0 6.4 17.2 5.0 2.5 2 1 2 5 5
2483.0 6163.8 -12.0 344 0 5.1 10.6 7.5 2.5 2 1 3 3 3
1591.1 6361.8 -9.6 21 0 5.3 6.5 2.5 2.5 2 1 1 2 2
2809.8 5024.2 -12.1 153 0 16.3 12.4 5.0 2.5 2 0 2 1 1
2523.9 7249.2 -15.0 135 0 3.5 3.7 5.0 2.5 2 1 2 0 0
2328.9 6413.5 -11.8 68 0 11.3 7.4 5.0 2.5 2 0 2 0 0
2332.2 6452.9 -12.4 250 0 7.1 22.1 7.5 2.5 2 1 3 5 5
2123.2 6269.6 -11.5 332 0 13.3 4.2 5.0 2.5 4 0 2 0 0
2462.2 5951.3 -12.6 164 0 9.9 8.4 5.0 2.5 2 0 2 0 0
2175.9 6513.9 -13.0 39 0 9.8 6.9 2.5 2.5 2 0 1 4 4
2664.7 6426.7 -10.5 331 0 8.0 16.9 7.5 2.5 2 0 3 5 5
2388.6 6280.9 -11.7 63 0 5.5 16.1 7.5 2.5 2 1 3 3 3
2287.7 6647.5 -14.1 32 0 17.7 6.1 7.5 2.5 2 0 3 1 1
2411.4 6317.7 -11.6 239 0 5.4 15.8 7.5 2.5 2 1 3 0 0
2603.4 6407.1 -10.8 150 0 7.5 12.5 5.0 2.5 2 1 2 4 4
2335.4 6365.4 -11.8 238 0 23.8 8.8 2.5 2.5 2 0 1 0 0
2296.8 6263.5 -11.7 153 0 17.1 6.5 7.5 2.5 2 0 3 5 5
1796.7 6011.0 -10.5 135 0 17.1 9.6 7.5 0.0 0 0 3 5 5
2472.8 6453.1 -11.9 238 0 4.2 7.8 7.5 2.5 2 0 3 0 0
2393.8 6331.1 -11.6 239 0 7.6 6.7 5.0 2.5 2 0 2 2 2
2832.8 5063.4 -12.3 241 0 20.6 8.4 2.5 2.5 2 0 1 5 5
2226.5 6286.4 -11.7 329 0 15.3 5.4 7.5 2.5 2 0 3 1 1
2135.2 6415.6 -12.0 314 0 17.6 4.7 5.0 0.0 0 0 2 3 3
2451.4 6313.9 -11.5 328 0 7.4 3.6 5.0 2.5 2 0 2 2 2
2583.4 6426.0 -10.6 255 0 4.5 19.9 7.5 2.5 2 1 3 2 2
2394.7 6409.9 -12.1 155 0 7.7 20.8 7.5 2.5 2 1 3 3 3
2129.0 6293.6 -11.6 64 0 8.4 7.0 2.5 2.5 2 0 1 0 0
2146.1 6454.4 -12.1 219 0 5.9 10.6 5.0 2.5 2 1 2 0 0
2452.8 6409.0 -12.2 55 0 5.6 12.2 5.0 2.5 2 1 2 1 1
2604.4 5265.6 -12.8 152 0 7.9 3.7 2.5 2.5 2 0 1 0 0
2036.3 6248.5 -12.1 241 0 8.4 6.7 5.0 2.5 2 0 2 2 2
2414.8 6342.8 -11.5 238 0 9.9 7.3 2.5 2.5 2 0 1 2 2
2460.0 6435.0 -12.1 237 0 5.0 14.4 5.0 2.5 2 1 2 5 5
2432.5 6390.2 -11.7 56 0 4.6 9.5 2.5 2.5 2 1 1 2 2
2773.7 4902.6 -11.6 153 0 9.5 7.8 5.0 2.5 4 0 2 3 3
2389.1 6468.4 -12.8 244 0 18.2 6.0 7.5 2.5 2 0 3 5 5
2446.4 6436.2 -12.3 239 0 15.2 7.3 5.0 0.0 0 0 2 0 0
2615.0 5289.0 -12.9 247 0 17.2 6.4 7.5 2.5 2 0 3 0 0
2243.9 6624.9 -14.0 216 0 8.2 9.6 5.0 2.5 2 1 2 0 0
2179.6 6463.9 -12.1 215 0 6.6 13.4 5.0 2.5 2 1 2 0 0
2070.8 6507.8 -13.4 140 0 25.4 6.5 7.5 2.5 2 0 3 1 1
2461.8 5654.4 -13.0 350 0 10.0 12.2 5.0 2.5 2 1 2 5 5
1521.1 6032.5 -9.9 190 0 12.4 5.4 7.5 2.5 2 0 3 5 5
2303.5 6293.7 -11.8 334 0 11.5 7.7 2.5 2.5 2 0 1 1 1
2226.1 6387.1 -12.0 160 0 11.1 23.6 7.5 2.5 2 1 3 2 2
2478.6 6184.3 -11.9 256 0 6.0 14.6 5.0 2.5 2 1 2 2 2
2663.8 6390.0 -11.3 61 0 3.1 10.3 7.5 2.5 2 1 3 3 3
2487.1 5405.5 -12.8 80 0 8.2 8.8 5.0 2.5 2 1 2 4 4
2099.8 6259.5 -11.7 153 0 19.4 5.7 7.5 0.0 0 0 3 2 2
2446.8 5399.1 -12.8 81 0 7.3 10.9 7.5 2.5 2 1 3 5 5
2573.1 5477.8 -13.0 163 0 3.7 6.1 2.5 2.5 2 1 1 0 0
2654.0 4894.7 -11.4 13 0 8.0 11.6 5.0 2.5 2 1 2 2 2
2453.6 5339.3 -13.0 170 0 15.8 7.6 7.5 2.5 2 0 3 2 2
2243.1 6360.0 -11.9 245 0 10.4 7.6 2.5 2.5 2 0 1 1 1
2411.9 4951.7 -10.7 10 0 9.2 13.7 5.0 2.5 2 1 2 0 0
2349.3 6304.9 -11.8 238 0 5.3 14.3 5.0 2.5 4 0 2 3 3
2070.0 6474.1 -12.6 230 0 19.3 7.2 7.5 0.0 0 0 3 3 3
2280.8 6624.6 -14.1 36 0 16.9 6.8 5.0 2.5 2 0 2 3 3
1859.3 6182.5 -11.0 188 0 10.5 5.0 7.5 2.5 2 0 3 2 2
2684.4 6408.4 -11.2 331 0 6.8 13.5 7.5 2.5 2 1 3 3 3
2510.9 5812.4 -12.9 254 0 15.2 5.2 2.5 2.5 2 0 1 5 5
2375.6 6133.9 -12.8 340 0 53.5 12.1 12.5 2.5 2 0 5 3 3
2728.7 6452.0 -10.9 255 0 9.5 49.6 7.5 2.5 2 1 3 3 3
2219.8 6516.6 -13.2 220 0 5.7 6.2 5.0 2.5 4 0 2 5 5
2645.0 6427.4 -10.2 331 0 7.2 4.2 5.0 2.5 2 0 2 1 1
2104.5 6384.7 -11.9 148 0 8.4 15.7 5.0 2.5 2 0 2 0 0
1843.4 6259.9 -10.7 98 0 4.6 12.1 5.0 2.5 2 1 2 1 1
2147.9 6479.8 -12.4 40 0 12.4 9.1 5.0 2.5 2 0 2 5 5
2561.8 6400.5 -10.9 152 0 4.9 10.8 5.0 2.5 2 1 2 5 5
2151.2 6265.6 -11.5 151 0 19.0 6.2 5.0 2.5 2 0 2 0 0
2074.9 6321.9 -11.6 162 0 10.8 10.5 2.5 2.5 2 0 1 1 1
2629.4 6474.6 -8.2 237 0 10.3 8.8 5.0 2.5 4 0 2 0 0
2543.2 5785.6 -13.0 74 0 9.0 20.5 7.5 2.5 2 1 3 3 3
2269.4 6707.6 -14.1 31 0 12.2 33.4 7.5 2.5 2 1 3 4 4
1889.1 6259.8 -11.0 2 0 10.7 12.0 5.0 2.5 2 1 2 3 3
2244.8 6208.1 -12.2 154 0 16.5 11.7 5.0 2.5 2 0 2 4 4
2868.4 6391.8 -11.6 266 0 8.5 7.8 5.0 2.5 2 0 2 5 5
2406.3 6286.8 -11.7 151 0 5.0 3.6 5.0 2.5 2 0 2 3 3
2122.4 6469.6 -12.1 227 0 10.7 11.6 5.0 2.5 2 1 2 1 1
2233.9 6268.8 -11.7 239 0 5.3 36.2 7.5 2.5 2 0 3 4 4
2332.7 5835.6 -12.7 85 0 5.6 8.1 5.0 2.5 2 1 2 3 3
2159.4 6471.6 -12.3 218 0 10.2 8.8 5.0 2.5 2 0 2 2 2
2449.3 6167.8 -11.9 164 0 9.9 8.1 5.0 2.5 4 0 2 4 4
2165.5 6322.1 -11.7 238 0 9.5 9.0 5.0 2.5 2 0 2 0 0
2254.2 6188.9 -12.6 154 0 26.3 11.7 5.0 2.5 2 0 2 5 5
2463.7 5421.8 -12.9 260 0 14.7 6.3 7.5 2.5 2 0 3 5 5
2261.4 6667.8 -14.1 210 0 12.1 7.3 2.5 2.5 2 0 1 1 1
1970.7 6418.7 -12.8 85 0 26.0 8.8 5.0 2.5 2 0 2 3 3
2217.7 6601.2 -13.8 46 0 3.4 21.6 5.0 2.5 4 1 2 3 3
2490.3 5293.2 -12.9 81 0 20.1 5.6 2.5 2.5 2 0 1 0 0
2183.3 6334.8 -11.8 239 0 10.9 9.6 5.0 2.5 2 0 2 3 3
2322.9 5771.3 -12.7 86 0 6.1 9.0 2.5 2.5 4 1 1 3 3
2166.2 6369.3 -11.9 244 0 15.9 11.1 7.5 2.5 2 0 3 0 0
2408.5 6254.5 -11.8 62 0 9.9 7.2 5.0 2.5 2 0 2 0 0
2493.8 5350.5 -12.9 260 0 13.0 8.9 5.0 2.5 4 0 2 2 2
2471.9 5358.9 -12.9 261 0 13.0 7.0 7.5 2.5 2 0 3 5 5
2470.7 6275.0 -11.6 333 0 6.4 18.3 7.5 2.5 2 0 3 2 2
2879.1 6389.7 -11.6 356 0 10.2 6.2 2.5 2.5 2 0 1 0 0
2255.0 6519.5 -13.4 310 0 11.3 22.3 10.0 2.5 2 0 4 5 5
2476.9 6446.5 -11.8 238 0 5.5 11.9 7.5 2.5 2 0 3 5 5
2240.3 6552.0 -13.8 307 0 14.5 9.5 5.0 2.5 2 0 2 4 4
1898.9 6296.4 -11.3 2 0 12.7 21.4 10.0 2.5 2 0 4 5 5
2112.4 6484.2 -12.8 47 0 8.9 23.4 5.0 2.5 2 0 2 4 4
2189.3 6242.8 -11.8 149 0 12.6 20.7 7.5 2.5 2 0 3 5 5
2162.4 6274.7 -11.6 154 0 22.3 6.0 7.5 2.5 2 0 3 4 4
2677.6 5144.5 -12.4 333 0 5.8 13.9 7.5 2.5 2 0 3 1 1
2410.0 6280.4 -11.7 151 0 9.8 16.7 5.0 2.5 2 0 2 5 5
2163.5 6438.1 -12.1 126 0 9.4 6.1 5.0 0.0 0 0 2 2 2
2185.7 6572.5 -13.3 228 0 5.6 11.9 5.0 0.0 0 0 2 4 4
2456.7 6305.5 -11.6 328 0 12.4 26.8 10.0 2.5 4 0 4 4 4
2169.9 6441.1 -12.1 126 0 4.5 14.2 7.5 0.0 0 0 3 5 5
2187.0 6580.0 -13.5 228 0 6.4 14.9 7.5 2.5 2 0 3 5 5
2224.7 6555.5 -13.8 217 0 10.5 7.4 5.0 2.5 2 0 2 4 4
1536.2 6122.5 -10.7 189 0 65.7 3.9 7.5 2.5 2 0 3 0 0
2185.6 6469.7 -12.3 213 0 5.2 11.5 7.5 2.5 2 0 3 3 3
2203.5 6465.0 -12.3 33 0 13.9 6.0 7.5 2.5 4 0 3 5 5
1994.4 6454.1 -13.1 338 0 14.7 9.8 5.0 2.5 2 0 2 5 5
2124.8 6392.3 -11.9 58 0 11.1 21.0 5.0 2.5 4 0 2 1 1
2376.9 6340.7 -11.6 60 0 5.0 10.2 5.0 2.5 2 0 2 3 3
1522.3 6055.4 -10.2 279 0 9.2 8.3 5.0 2.5 2 0 2 2 2
2699.6 5148.7 -12.5 333 0 27.3 9.2 7.5 2.5 2 0 3 5 5
2129.2 6545.8 -13.4 229 0 20.8 8.5 7.5 2.5 2 0 3 5 5
2215.2 6307.2 -11.8 58 0 6.8 18.2 2.5 2.5 2 0 1 5 5
2141.7 6551.2 -13.3 229 0 5.0 10.8 5.0 2.5 2 0 2 3 3
2383.3 6343.3 -11.6 60 0 8.7 9.5 2.5 2.5 2 0 1 1 1
2187.5 6270.9 -11.6 59 0 6.0 29.3 7.5 2.5 4 0 3 4 4
2289.0 6241.3 -11.7 329 0 20.6 6.6 5.0 2.5 4 0 2 4 4
2547.8 4920.4 -11.4 191 0 12.4 12.5 5.0 2.5 2 0 2 0 0
2209.8 6551.4 -13.5 37 0 7.5 14.6 7.5 2.5 2 1 3 0 0
2356.8 6292.8 -11.8 238 0 9.7 8.4 7.5 2.5 2 0 3 5 5
2062.0 6321.3 -11.6 355 0 18.1 11.0 10.0 2.5 4 0 4 1 1
2210.9 6538.2 -13.5 219 0 10.0 11.5 2.5 2.5 2 1 1 4 4
2363.6 6309.6 -11.8 240 0 11.0 12.2 5.0 2.5 2 0 2 3 3
1826.9 6034.8 -10.9 313 0 8.9 24.6 7.5 2.5 2 1 3 3 3
2252.4 6286.6 -11.7 329 0 11.3 27.8 12.5 2.5 2 0 5 1 1
2611.3 6463.2 -8.9 237 0 12.3 14.6 5.0 2.5 2 1 2 0 0
2106.6 6459.3 -12.1 236 0 7.6 12.1 5.0 2.5 2 1 2 3 3
2219.3 6524.7 -13.3 220 0 6.2 24.9 2.5 0.0 0 0 1 2 2
2647.3 6423.2 -10.9 331 0 10.4 25.0 10.0 2.5 2 0 4 1 1
2319.1 6271.7 -11.8 331 0 6.3 11.3 2.5 2.5 2 1 1 2 2
2494.3 5949.2 -12.5 76 0 5.9 17.4 5.0 2.5 2 0 2 2 2
2644.1 6441.9 -9.9 331 0 19.1 12.4 2.5 2.5 2 0 1 0 0
2197.8 6521.5 -13.2 217 0 9.8 12.8 5.0 2.5 2 1 2 4 4
2403.9 6358.5 -11.5 59 0 14.4 13.9 5.0 2.5 2 0 2 1 1
1978.3 6318.5 -11.4 240 0 3.6 14.5 7.5 2.5 2 1 3 4 4
2302.1 6663.3 -14.2 46 0 14.4 5.5 5.0 2.5 2 0 2 5 5
2171.3 6486.7 -12.6 212 0 10.1 13.0 5.0 2.5 2 1 2 3 3
2478.5 6470.5 -11.9 238 0 12.7 11.7 5.0 2.5 2 0 2 3 3
2021.3 6416.1 -12.0 248 0 11.1 14.8 5.0 2.5 2 1 2 1 1
2212.1 6344.3 -11.9 243 0 16.4 16.4 5.0 2.5 2 0 2 0 0
1569.0 6253.2 -8.1 278 0 9.8 15.7 5.0 2.5 2 1 2 3 3
2508.7 5307.4 -12.9 79 0 9.4 12.5 2.5 2.5 2 1 1 3 3
2362.5 6425.8 -12.2 72 0 6.1 12.0 5.0 2.5 2 1 2 4 4
2081.0 5045.5 -7.4 197 0 13.6 7.7 2.5 2.5 4 0 1 3 3
2695.1 6594.5 -8.4 328 0 11.0 9.8 5.0 0.0 0 0 2 0 0
2040.1 4862.4 -4.7 106 0 8.0 10.3 2.5 2.5 4 1 1 3 3
2647.6 4857.0 -11.3 96 0 6.8 6.0 5.0 2.5 2 0 2 3 3
2134.7 5005.0 -7.7 198 0 21.2 9.3 7.5 2.5 2 0 3 2 2
2868.3 5054.3 -12.3 332 0 22.0 9.6 7.5 2.5 2 0 3 0 0
2381.2 4936.0 -10.2 188 0 19.0 6.0 5.0 2.5 2 0 2 3 3
2151.3 4977.6 -7.5 110 0 15.3 7.6 2.5 2.5 2 0 1 5 5
2574.2 4896.5 -11.3 10 0 16.0 6.5 7.5 2.5 4 0 3 5 5
2492.0 4899.2 -11.2 103 0 17.0 7.5 7.5 2.5 2 0 3 0 0
2028.1 4891.8 -4.6 286 0 12.9 7.0 5.0 0.0 0 0 2 0 0
2546.1 4877.1 -11.2 103 0 19.3 7.3 5.0 0.0 0 0 2 3 3
2474.3 4925.1 -11.3 191 0 10.3 5.3 7.5 0.0 0 0 3 3 3
2005.1 4883.4 -4.4 194 0 20.6 5.2 5.0 2.5 2 0 2 0 0
2249.4 4976.9 -8.8 14 0 14.6 8.4 5.0 2.5 2 0 2 4 4
2851.6 5025.2 -12.2 63 0 28.5 7.5 5.0 2.5 4 0 2 4 4
2290.9 4938.0 -9.0 106 0 22.3 9.9 7.5 2.5 2 0 3 0 0
2787.2 4928.3 -11.7 245 0 14.1 5.5 7.5 2.5 2 0 3 0 0
2805.0 4912.7 -11.6 62 0 8.4 3.2 2.5 2.5 2 0 1 4 4
2314.3 5821.9 -12.5 81 0 11.9 5.9 2.5 2.5 2 0 1 4 4
2276.8 4942.0 -8.8 106 0 7.0 9.9 2.5 2.5 2 0 1 5 5
2278.5 4968.7 -9.2 196 0 18.3 5.9 2.5 2.5 4 0 1 2 2
2631.7 4873.9 -11.3 103 0 6.2 13.6 7.5 2.5 2 1 3 4 4
2301.8 5792.5 -12.6 264 0 13.1 5.3 5.0 2.5 2 0 2 4 4
2541.9 4906.3 -11.4 191 0 17.4 5.8 5.0 2.5 2 0 2 1 1
2812.0 4916.4 -11.7 62 0 7.5 12.2 2.5 2.5 2 0 1 5 5
2384.6 4962.9 -10.6 188 0 12.3 7.0 5.0 2.5 4 0 2 5 5
4023.3 6521.4 -9.7 88 0 10.3 19.8 7.5 2.5 2 0 3 3 3
4002.0 6501.6 -9.3 86 0 19.8 8.0 5.0 2.5 2 0 2 2 2
4028.6 6518.8 -9.4 358 0 5.4 12.0 7.5 2.5 2 0 3 2 2
4030.7 6413.2 -7.7 0 0 9.6 11.8 2.5 2.5 2 1 1 0 0
3961.0 6138.7 -9.4 12 0 18.8 5.8 2.5 2.5 4 0 1 1 1
3772.7 5477.6 -9.6 269 0 8.3 11.0 5.0 2.5 2 1 2 3 3
3527.8 5752.8 -9.1 304 0 5.4 9.9 5.0 2.5 2 0 2 2 2
3552.3 5747.4 -9.0 305 0 13.4 3.6 2.5 2.5 2 0 1 4 4
3795.5 5450.2 -10.2 86 0 20.9 6.3 5.0 2.5 4 0 2 4 4
3816.9 5493.2 -8.4 0 0 5.8 15.8 7.5 2.5 4 1 3 4 4
3555.1 5724.0 -8.6 29 0 10.7 3.6 5.0 2.5 2 0 2 3 3
3816.2 5472.1 -10.0 358 0 6.8 6.5 2.5 2.5 2 0 1 5 5
3518.5 5738.7 -9.0 124 0 5.4 7.0 5.0 2.5 2 0 2 5 5
4074.2 6760.4 -13.2 173 0 15.4 6.8 5.0 2.5 2 0 2 2 2
4265.5 6792.5 -15.2 272 0 23.3 9.6 5.0 2.5 2 0 2 5 5
3211.4 7165.3 -11.4 279 0 8.5 5.8 7.5 2.5 4 0 3 3 3
4282.3 6772.3 -15.3 2 0 20.0 5.9 5.0 2.5 2 0 2 0 0
4523.3 6319.6 -9.2 90 0 9.2 19.6 2.5 2.5 2 1 1 0 0
4261.3 6731.3 -15.5 89 0 10.1 13.6 2.5 2.5 2 1 1 5 5
4241.8 6783.2 -15.2 268 0 7.7 17.7 2.5 2.5 2 1 1 1 1
4319.5 6719.0 -15.5 89 0 17.3 8.9 5.0 2.5 2 0 2 0 0
3287.6 7594.1 -5.9 280 0 5.8 7.7 5.0 2.5 2 1 2 2 2
4336.7 6748.7 -15.7 357 0 20.5 8.7 5.0 2.5 2 0 2 2 2
4488.4 6316.7 -9.3 84 0 8.8 16.4 5.0 0.0 0 1 2 5 5
3234.0 7165.8 -11.2 12 0 7.0 5.1 5.0 2.5 2 0 2 2 2
4265.4 6754.7 -15.5 359 0 7.4 9.8 5.0 2.5 2 1 2 4 4
4305.3 6765.5 -15.4 272 0 19.0 9.7 5.0 2.5 2 0 2 4 4
4479.4 6355.5 -9.8 267 0 6.1 14.1 5.0 0.0 0 1 2 2 2
4297.1 6728.3 -15.5 89 0 5.3 8.6 5.0 0.0 0 0 2 5 5
4297.7 6736.9 -15.6 89 0 3.8 7.1 2.5 2.5 2 0 1 0 0
5051.9 6655.5 -14.9 357 0 12.2 6.2 5.0 2.5 2 0 2 0 0
5294.2 6411.2 -12.7 11 0 14.7 6.3 5.0 2.5 2 0 2 1 1
5262.7 6416.4 -12.7 181 0 7.4 5.3 2.5 2.5 2 0 1 3 3
5040.7 6676.7 -15.3 268 0 7.2 3.1 7.5 0.0 0 0 3 1 1
5014.1 6660.3 -14.8 179 0 13.3 6.7 7.5 2.5 2 0 3 5 5
5277.1 6402.4 -12.6 97 0 9.5 11.4 2.5 2.5 2 1 1 5 5
5141.9 6560.4 -14.1 359 0 11.3 6.7 5.0 2.5 2 0 2 5 5
4977.2 7318.0 -12.6 339 0 12.9 4.7 2.5 2.5 4 0 1 3 3
4940.9 7311.1 -12.2 175 0 11.7 9.2 5.0 2.5 2 0 2 0 0
4602.7 6979.5 -13.7 96 0 5.2 9.2 5.0 2.5 2 0 2 2 2
4956.9 7288.8 -12.6 79 0 3.1 5.8 2.5 2.5 2 0 1 4 4
4834.4 7212.5 -9.2 27 0 3.7 4.4 7.5 2.5 2 0 3 1 1
4824.4 7173.4 -8.8 21 0 5.1 5.8 7.5 2.5 2 0 3 1 1
4611.7 7005.1 -12.5 185 0 4.3 14.5 5.0 2.5 2 1 2 0 0
4786.0 7160.3 -8.0 201 0 7.2 12.7 7.5 2.5 2 1 3 3 3
4642.4 6987.8 -12.6 7 0 17.3 7.5 7.5 2.5 4 0 3 1 1
4983.5 7307.7 -12.9 339 0 10.8 6.8 5.0 2.5 2 0 2 3 3
4816.9 7222.7 -9.1 207 0 6.0 15.8 7.5 2.5 2 0 3 1 1
4840.0 7207.7 -9.3 19 0 8.9 7.2 5.0 2.5 2 0 2 5 5
4966.8 7290.7 -12.9 79 0 17.1 7.9 5.0 2.5 2 0 2 2 2
4597.7 6995.6 -13.4 186 0 12.6 9.3 5.0 0.0 0 0 2 0 0
4835.2 7204.7 -9.3 291 0 7.2 30.5 7.5 2.5 2 0 3 3 3
4791.6 7175.7 -8.6 201 0 18.3 25.7 7.5 2.5 2 0 3 0 0
5209.4 7862.2 -9.2 281 0 10.5 17.3 5.0 2.5 2 1 2 5 5
5205.5 7822.1 -9.2 11 0 12.5 9.6 7.5 2.5 2 0 3 5 5
5148.5 7857.2 -7.6 280 0 10.4 81.0 10.0 0.0 0 1 4 4 4
5031.4 7382.0 -9.9 157 0 12.2 6.1 7.5 2.5 2 0 3 0 0
5062.7 7372.8 -10.4 60 0 11.8 6.9 5.0 2.5 2 0 2 3 3
5033.2 7408.5 -9.1 238 0 14.0 6.6 5.0 2.5 2 0 2 3 3
5200.9 7792.7 -9.2 12 0 23.8 10.0 7.5 2.5 2 0 3 5 5
5078.7 7393.7 -9.9 326 0 10.8 6.6 7.5 0.0 0 0 3 4 4
5211.2 7737.5 -9.7 355 0 8.8 13.4 7.5 2.5 2 1 3 4 4
-2675.2 -7365.2 5.3 301 0 14.8 14.1 10.0 2.5 2 0 4 1 1
-2703.5 -7353.6 5.9 273 0 12.2 9.9 7.5 2.5 2 0 3 3 3
1759.2 6165.3 -10.3 5 0 12.4 9.7 5.0 2.5 2 0 2 0 0
1739.9 6167.1 -10.4 185 0 12.4 9.7 5.0 0.0 0 0 2 4 4
2142.8 6309.8 -11.7 242 0 10.0 9.1 5.0 0.0 0 0 2 5 5
2151.7 6314.4 -11.7 243 0 10.0 9.0 5.0 2.5 4 0 2 0 0
-688.1 -5714.3 -6.9 266 0 20.3 24.1 7.5 2.5 2 0 3 4 4
-645.6 -5723.1 -7.1 356 0 24.0 31.6 10.0 0.0 0 0 4 3 3
-404.7 -5900.1 -8.0 86 0 21.2 30.8 7.5 0.0 0 1 3 4 4
-580.1 -5977.8 -6.4 354 0 14.1 13.5 14.0 3.5 2 0 4 3 3
-607.7 -5916.3 -7.2 85 0 13.0 32.1 14.0 3.5 2 1 4 4 4
-736.0 -5882.7 -7.1 88 0 44.2 15.2 14.0 3.5 2 0 4 1 1
-575.3 -6119.7 -6.5 355 0 19.5 11.3 14.0 3.5 2 0 4 5 5
-556.7 -6104.5 -6.2 264 0 19.1 12.5 14.0 3.5 4 0 4 4 4
-520.7 -6108.2 -6.1 357 0 12.9 18.6 14.0 3.5 2 1 4 1 1
-503.5 -6113.0 -6.2 86 0 17.2 12.9 7.5 2.5 2 0 3 5 5
-439.0 -6107.3 -7.1 87 0 20.4 14.1 12.5 2.5 2 0 5 1 1
-472.9 -6109.0 -6.6 85 0 17.3 12.5 7.5 2.5 2 0 3 0 0
-315.2 -5842.3 -8.5 173 0 14.0 28.6 7.5 2.5 2 1 3 3 3
-283.6 -5797.9 -8.4 266 0 12.3 29.5 10.0 2.5 2 1 4 5 5
-268.8 -5765.9 -8.3 264 0 11.3 30.5 7.5 2.5 4 1 3 4 4
-280.6 -5761.5 -8.1 84 0 11.3 31.0 7.5 2.5 4 1 3 4 4
-300.4 -5729.6 -7.9 85 0 11.3 27.5 7.5 2.5 4 1 3 2 2
-284.2 -5683.2 -7.9 264 0 30.1 14.0 7.5 2.5 2 0 3 4 4
-313.2 -5874.0 -8.3 357 0 12.8 27.4 7.5 2.5 2 1 3 3 3
-358.0 -5850.9 -8.2 264 0 29.2 13.0 10.0 2.5 2 0 4 3 3
-367.1 -5820.6 -8.1 85 0 11.5 28.7 10.0 2.5 2 1 4 4 4
-359.8 -5784.9 -8.0 174 0 12.6 28.0 7.5 2.5 2 1 3 5 5
-322.6 -5755.2 -7.9 355 0 28.4 11.5 7.5 0.0 0 0 3 1 1
-423.3 -5780.3 -7.7 174 0 30.2 11.7 7.5 2.5 2 0 3 2 2
-412.9 -5750.6 -7.7 175 0 12.0 28.7 7.5 0.0 0 1 3 3 3
-429.2 -5739.0 -7.6 84 0 10.8 30.1 10.0 0.0 0 1 4 2 2
-417.9 -5702.3 -7.6 175 0 14.0 28.9 10.0 2.5 2 1 4 2 2
-342.2 -5733.5 -7.8 86 0 11.1 27.2 5.0 2.5 2 0 2 3 3
-375.6 -5699.4 -7.8 176 0 18.0 45.0 7.5 2.5 2 0 3 1 1
-398.7 -5854.2 -8.0 86 0 11.5 28.3 7.5 2.5 4 1 3 1 1
-432.8 -5851.9 -8.0 176 0 11.5 22.6 14.0 2.5 2 1 4 3 3
-217.5 -6020.1 -8.7 266 0 28.8 12.7 7.5 2.5 2 0 3 4 4
-327.4 -5999.6 -7.9 85 0 51.3 23.9 5.0 2.5 2 0 2 5 5
-340.4 -5647.6 -7.6 174 0 13.1 30.6 10.0 2.5 2 0 4 5 5
-297.0 -5636.9 -7.4 265 0 33.9 13.3 10.0 0.0 0 0 4 4 4
-284.6 -5619.7 -7.2 176 0 32.3 10.7 10.0 2.5 2 0 4 2 2
-322.6 -5625.8 -7.1 86 0 9.9 31.2 7.5 2.5 2 1 3 5 5
-418.0 -5640.5 -7.6 174 0 35.5 11.1 7.5 2.5 2 0 3 4 4
-534.6 -5931.8 -7.0 355 0 20.3 18.0 10.5 3.5 2 0 3 2 2
-604.4 -5952.3 -6.8 85 0 12.2 27.1 14.0 3.5 2 0 4 5 5
-591.7 -5951.1 -6.8 84 0 13.2 27.1 14.0 3.5 2 0 4 5 5
-625.7 -5925.2 -6.7 1 0 7.5 6.6 10.5 3.5 2 0 3 4 4
-638.4 -5869.9 -7.1 86 0 5.9 8.6 10.5 3.5 2 1 3 5 5
-641.8 -5842.3 -7.1 355 0 19.8 14.9 10.5 3.5 4 0 3 1 1
-595.5 -6088.1 -6.0 84 0 10.2 20.7 14.0 3.5 2 1 4 1 1
-603.0 -6086.0 -6.0 355 0 6.2 5.9 10.5 3.5 2 0 3 1 1
-1174.5 -4591.1 -0.7 86 0 12.3 17.9 2.5 2.5 2 1 1 4 4
-615.5 -5705.1 -7.2 264 0 18.5 13.4 5.0 2.5 2 0 2 5 5
-864.2 -5562.8 -6.6 265 0 15.7 14.3 7.5 2.5 2 0 3 2 2
-837.3 -5576.4 -6.5 356 0 5.2 17.4 7.5 2.5 2 0 3 5 5
-845.8 -5579.6 -6.4 266 0 17.4 19.1 15.0 0.0 0 0 6 2 2
-722.0 -5677.2 -5.8 177 0 7.5 14.7 5.0 2.5 2 1 2 5 5
-929.5 -5740.6 -6.9 98 0 13.7 20.5 12.5 2.5 2 1 5 1 1
-720.4 -5100.4 -7.6 275 0 20.6 13.5 7.5 2.5 2 0 3 5 5
-678.3 -5140.2 -8.0 359 0 13.9 16.8 5.0 2.5 2 1 2 5 5
-754.5 -5107.8 -7.1 267 0 19.0 11.8 2.5 2.5 4 0 1 1 1
-630.3 -5376.9 -8.1 265 0 10.3 8.5 2.5 2.5 2 0 1 4 4
-573.0 -6011.1 -6.1 265 0 7.9 12.3 10.5 3.5 2 1 3 4 4
-1026.9 -6020.9 -8.1 179 0 12.5 5.0 10.5 3.5 2 0 3 5 5
-184.3 -5912.2 -8.8 86 0 12.6 12.7 7.5 2.5 2 1 3 5 5
-613.3 -5612.5 -6.9 355 0 10.7 19.2 5.0 2.5 4 1 2 2 2
-605.5 -5541.7 -8.2 87 0 19.5 54.7 7.5 2.5 2 1 3 5 5
-649.5 -5541.5 -7.9 266 0 40.8 8.4 7.5 2.5 2 0 3 0 0
-714.9 -5605.7 -6.4 357 0 13.2 41.0 7.5 2.5 2 1 3 2 2
-750.0 -5429.5 -7.2 268 0 9.8 43.1 7.5 2.5 4 0 3 4 4
-748.5 -5488.1 -7.3 89 0 9.8 15.5 4.0 2.5 2 0 1 3 3
-504.7 -6078.9 -6.6 85 0 10.0 10.4 10.5 3.5 2 0 3 4 4
-624.9 -5750.7 -7.1 174 0 10.2 16.9 5.0 2.5 2 1 2 4 4
-626.0 -5731.4 -7.2 175 0 12.6 9.4 5.0 2.5 4 0 2 5 5
-1077.1 -4782.0 -4.7 175 0 18.3 14.5 7.5 2.5 2 0 3 5 5
-253.6 -6014.7 -8.3 356 0 30.3 16.7 10.0 2.5 2 0 4 3 3
-377.0 -5783.8 -7.9 175 0 6.6 6.7 7.5 2.5 2 1 3 5 5
-514.0 -5978.0 -6.9 177 0 11.5 37.9 7.5 2.5 2 1 3 5 5
-428.7 -5808.1 -7.8 267 0 3.1 3.4 7.5 2.5 2 1 3 4 4
-325.7 -5676.5 -7.8 177 0 3.4 3.3 5.0 2.5 2 0 2 2 2
-700.1 -6088.1 -6.5 87 0 14.0 18.1 14.0 3.5 2 1 4 3 3
-2336.4 -523.4 2.3 18 0 17.4 9.7 5.0 2.5 2 0 2 0 0
-1002.9 -5429.0 -6.6 82 0 12.9 15.9 2.5 2.5 4 1 1 4 4
-914.6 -5410.5 -6.7 173 0 16.6 17.8 7.5 2.5 4 1 3 0 0
-1112.2 -5404.5 -6.6 264 0 11.9 14.1 5.0 0.0 0 1 2 0 0
-833.1 -5386.9 -6.7 267 0 13.5 11.9 5.0 2.5 2 0 2 3 3
-859.7 -5415.7 -6.7 87 0 6.6 13.0 5.0 2.5 2 1 2 1 1
-1135.1 -5444.5 -6.4 83 0 9.5 12.8 7.5 2.5 2 1 3 0 0
-1100.5 -5438.8 -6.5 89 0 15.7 9.4 5.0 2.5 2 0 2 5 5
-870.6 -5380.5 -6.9 264 0 16.3 16.0 7.5 0.0 0 0 3 0 0
-894.7 -5368.0 -7.0 355 0 13.1 6.5 2.5 2.5 2 0 1 1 1
-869.8 -5372.0 -6.8 86 0 9.1 16.0 5.0 2.5 2 1 2 2 2
-987.1 -5427.7 -6.6 83 0 11.0 12.1 2.5 2.5 4 1 1 1 1
-1222.2 -5445.2 -6.7 175 0 13.4 17.5 5.0 2.5 2 1 2 2 2
-1070.7 -5433.6 -6.6 82 0 16.0 12.2 2.5 2.5 2 0 1 5 5
-969.4 -5425.9 -6.6 79 0 12.1 15.0 5.0 2.5 2 1 2 2 2
-1042.0 -5434.9 -6.6 86 0 15.7 13.0 5.0 2.5 2 0 2 1 1
-950.2 -5426.0 -6.6 86 0 12.4 16.0 5.0 2.5 4 1 2 0 0
-829.0 -5411.1 -6.7 94 0 9.9 9.5 5.0 2.5 2 0 2 5 5
-1021.4 -5431.2 -6.6 80 0 10.9 12.4 2.5 2.5 2 1 1 2 2
-1278.3 -5555.8 -6.5 176 0 5.7 6.0 5.0 2.5 2 1 2 1 1
-1127.7 -5500.6 -6.3 356 0 19.3 16.6 10.0 2.5 2 0 4 4 4
-1227.8 -5617.1 -6.5 358 0 14.9 12.0 5.0 2.5 2 0 2 0 0
-927.0 -5036.2 -6.6 86 0 12.9 10.7 2.5 2.5 2 0 1 2 2
-1126.1 -5544.1 -6.4 357 0 9.0 12.1 7.5 2.5 2 1 3 3 3
-1234.4 -5527.5 -6.4 4 0 13.5 14.7 2.5 2.5 2 1 1 0 0
-1122.5 -5615.7 -6.5 355 0 9.8 12.4 2.5 2.5 2 1 1 4 4
-1238.3 -5483.2 -6.4 359 0 9.5 15.1 5.0 2.5 2 1 2 5 5
-876.8 -5179.6 -7.1 269 0 10.2 12.8 5.0 2.5 2 1 2 5 5
-1249.5 -5510.3 -6.4 357 0 8.7 9.9 5.0 2.5 2 1 2 4 4
-1121.9 -5626.3 -6.5 358 0 8.4 13.7 5.0 2.5 2 1 2 1 1
-1126.2 -5519.4 -6.4 356 0 12.8 16.8 5.0 2.5 2 1 2 5 5
-1235.2 -5497.7 -6.4 356 0 11.4 5.5 5.0 2.5 2 0 2 5 5
-1161.6 -5539.8 -6.4 358 0 5.1 8.6 5.0 2.5 4 1 2 4 4
-1214.2 -5479.5 -6.3 180 0 10.2 13.7 5.0 2.5 2 1 2 3 3
-1126.0 -5530.3 -6.4 356 0 5.2 15.2 5.0 2.5 2 1 2 1 1
-1202.5 -5492.5 -6.3 176 0 5.2 5.3 5.0 2.5 2 1 2 4 4
-877.6 -5215.7 -7.2 87 0 13.1 13.4 5.0 2.5 2 1 2 5 5
-875.0 -5237.2 -7.2 89 0 10.8 11.9 5.0 2.5 2 1 2 2 2
-1274.4 -5532.9 -6.5 175 0 15.9 6.7 2.5 2.5 4 0 1 5 5
-1289.3 -5502.2 -6.5 177 0 11.9 12.7 2.5 2.5 2 1 1 5 5
-1157.9 -5504.9 -6.3 1 0 6.4 9.6 5.0 2.5 2 1 2 0 0
-873.9 -5247.1 -7.2 271 0 10.0 13.9 5.0 2.5 2 1 2 3 3
-1173.9 -5306.1 -6.7 264 0 8.7 10.2 7.5 2.5 2 1 3 3 3
-1261.8 -5660.0 -6.8 266 0 9.3 13.6 7.5 2.5 2 1 3 3 3
-893.0 -4989.0 -6.2 260 0 11.1 11.1 5.0 2.5 2 1 2 5 5
-1234.0 -5546.8 -6.4 356 0 13.4 11.0 5.0 2.5 2 0 2 2 2
-1277.7 -5479.1 -6.5 268 0 9.5 8.3 7.5 2.5 2 0 3 4 4
-870.6 -5156.8 -6.8 352 0 11.1 7.6 5.0 2.5 2 0 2 0 0
-1129.1 -5472.3 -6.2 356 0 10.5 13.5 5.0 2.5 2 1 2 0 0
-1245.4 -5642.0 -6.6 88 0 20.5 9.5 5.0 2.5 2 0 2 5 5
-1210.8 -5576.7 -6.5 183 0 13.5 12.2 2.5 2.5 2 0 1 2 2
-889.4 -5076.3 -6.9 82 0 8.1 11.5 5.0 2.5 2 1 2 1 1
-875.5 -5271.7 -7.3 267 0 14.1 13.9 2.5 2.5 2 0 1 4 4
-1206.0 -5509.2 -6.3 178 0 12.4 14.5 2.5 2.5 2 1 1 3 3
-1249.5 -5402.1 -6.4 356 0 8.2 21.3 7.5 2.5 2 1 3 1 1
-893.3 -5051.2 -6.7 81 0 13.4 11.2 2.5 2.5 2 0 1 5 5
-1201.1 -5672.7 -6.7 88 0 14.8 19.6 12.5 2.5 4 1 5 5 5
-1179.2 -5475.7 -6.2 271 0 9.9 13.9 5.0 2.5 2 1 2 5 5
-1241.9 -5495.7 -6.4 354 0 5.9 6.1 5.0 2.5 2 1 2 5 5
-1078.6 -5659.7 -6.4 84 0 9.2 25.3 7.5 2.5 4 1 3 2 2
-996.3 -5460.5 -6.6 261 0 6.5 6.9 7.5 2.5 4 1 3 4 4
-959.2 -5446.3 -6.8 265 0 12.9 11.8 5.0 0.0 0 0 2 4 4
-1284.0 -5817.8 -7.5 86 0 10.1 8.5 7.5 2.5 2 0 3 5 5
-1101.8 -5529.2 -6.4 175 0 12.6 13.6 5.0 2.5 2 1 2 4 4
-1096.6 -5635.1 -6.4 179 0 7.4 5.7 2.5 2.5 2 0 1 1 1
-1293.3 -5720.3 -7.2 263 0 10.4 16.3 5.0 2.5 2 1 2 5 5
-1112.0 -5505.1 -6.4 177 0 11.8 15.5 5.0 2.5 2 1 2 1 1
-826.0 -5430.1 -6.8 264 0 19.9 12.0 5.0 2.5 2 0 2 2 2
-1044.0 -5460.1 -6.5 173 0 11.9 9.7 5.0 2.5 2 0 2 3 3
-1372.5 -5718.3 -7.4 266 0 17.7 20.3 7.5 2.5 2 1 3 1 1
-1013.9 -5461.4 -6.5 265 0 19.3 12.1 5.0 2.5 4 0 2 5 5
-973.1 -5447.6 -6.8 268 0 9.1 9.9 2.5 2.5 2 1 1 0 0
-1263.0 -5819.5 -7.5 87 0 10.9 6.8 5.0 2.5 2 0 2 1 1
-1007.2 -5548.6 -6.5 80 0 8.4 10.1 5.0 2.5 2 1 2 1 1
-883.4 -5438.3 -6.8 267 0 11.3 12.4 5.0 2.5 2 1 2 5 5
-1332.1 -5819.8 -7.5 88 0 8.5 10.2 5.0 2.5 2 1 2 4 4
-1104.2 -5614.8 -6.4 178 0 12.6 10.8 5.0 2.5 2 0 2 0 0
-1219.1 -5816.2 -7.4 2 0 8.0 11.4 2.5 2.5 2 1 1 3 3
-1225.2 -5739.9 -7.2 1 0 11.3 12.8 5.0 2.5 2 1 2 0 0
-1059.9 -5507.2 -6.4 358 0 12.9 14.0 5.0 2.5 2 1 2 3 3
-1114.3 -5467.0 -6.3 174 0 12.5 15.3 5.0 2.5 2 1 2 2 2
-1042.0 -5490.8 -6.4 172 0 14.1 13.1 5.0 2.5 2 0 2 4 4
-1043.3 -5547.2 -6.5 176 0 12.6 19.2 5.0 2.5 2 1 2 2 2
-1300.4 -5822.8 -7.5 85 0 9.1 7.9 2.5 2.5 4 0 1 1 1
-1057.1 -5546.5 -6.5 355 0 11.4 12.1 5.0 2.5 2 1 2 1 1
-865.0 -5437.6 -6.8 268 0 12.4 10.2 5.0 2.5 2 0 2 4 4
-1234.7 -5809.2 -7.4 89 0 5.8 9.2 5.0 2.5 2 1 2 2 2
-906.6 -5504.3 -6.7 86 0 11.9 13.0 5.0 2.5 2 1 2 0 0
-899.6 -5438.3 -6.8 265 0 13.2 12.3 2.5 2.5 2 0 1 2 2
-1088.6 -5630.0 -6.4 179 0 7.5 8.6 5.0 2.5 2 1 2 3 3
-1053.3 -5653.7 -6.2 357 0 10.5 13.3 5.0 2.5 2 1 2 5 5
-1062.5 -5461.7 -6.4 354 0 15.9 12.0 5.0 0.0 0 0 2 1 1
-1105.6 -5549.9 -6.5 177 0 10.9 11.6 5.0 0.0 0 1 2 0 0
-1097.4 -5662.7 -6.3 88 0 14.6 12.1 7.5 2.5 2 0 3 1 1
-822.6 -5530.5 -6.8 85 0 11.1 15.0 5.0 2.5 4 1 2 2 2
-934.5 -5443.9 -6.8 269 0 13.2 12.6 5.0 2.5 2 0 2 4 4
-848.5 -5431.2 -6.8 270 0 11.6 15.8 5.0 2.5 2 1 2 0 0
-904.8 -5541.9 -6.6 86 0 13.2 13.8 5.0 2.5 4 1 2 5 5
-1088.7 -5458.7 -6.3 266 0 13.1 12.0 5.0 2.5 4 0 2 4 4
-1041.8 -5507.6 -6.4 176 0 10.2 16.6 5.0 2.5 2 1 2 5 5
-1105.3 -5595.5 -6.4 174 0 11.6 11.9 5.0 2.5 2 1 2 2 2
-874.9 -5537.2 -6.6 82 0 16.2 12.3 5.0 2.5 2 0 2 3 3
-846.9 -5500.4 -6.9 84 0 7.7 12.3 5.0 2.5 2 1 2 4 4
-1105.3 -5567.2 -6.5 175 0 7.6 11.5 5.0 2.5 2 1 2 4 4
-448.5 -5823.9 -7.8 357 0 11.9 10.8 10.5 3.5 2 0 3 2 2
-456.7 -5849.6 -7.8 88 0 11.1 10.6 10.5 3.5 2 0 3 0 0
-457.3 -5778.4 -7.5 268 0 9.4 9.0 10.5 3.5 2 0 3 5 5
-455.0 -5754.7 -7.5 355 0 7.8 8.8 2.5 2.5 2 1 1 2 2
4849.3 -2471.9 -9.0 100 0 10.6 10.9 5.0 2.5 2 1 2 4 4
-456.1 -5735.8 -7.5 356 0 11.8 12.9 5.0 2.5 4 1 2 1 1
-449.7 -5978.6 -7.1 86 0 18.4 9.8 7.5 2.5 2 0 3 1 1
-726.6 -5780.3 -7.0 335 0 11.4 12.3 14.0 3.5 2 0 4 4 4
-729.7 -5773.4 -7.0 335 0 4.1 12.3 10.5 3.5 2 0 3 0 0
-733.0 -5766.9 -7.0 331 0 6.1 11.9 10.5 3.5 2 0 3 4 4
-750.9 -5741.6 -6.6 246 0 12.5 9.5 10.5 3.5 2 0 3 1 1
-766.4 -5751.8 -7.0 249 0 13.0 20.9 14.0 3.5 4 1 4 3 3
-444.2 -5874.7 -7.8 355 1 13.8 15.7 14.0 3.5 4 1 4 4 4
-470.9 -5874.2 -7.7 266 0 9.3 10.4 10.5 3.5 2 1 3 4 4
-490.0 -5870.8 -7.6 267 1 11.8 13.9 14.0 3.5 4 1 4 3 3
-492.1 -5854.2 -7.7 86 0 11.5 13.0 10.5 3.5 2 1 3 0 0
-995.7 -7745.6 -9.7 179 0 23.1 34.1 7.5 0.0 0 1 3 2 2
-1728.3 266.1 5.8 205 0 18.3 125.0 10.0 0.0 0 1 4 1 1
-1716.2 291.4 5.9 203 0 18.9 123.4 10.0 0.0 0 1 4 1 1
-1703.5 320.9 6.0 204 0 17.4 124.4 5.0 0.0 0 1 2 5 5
-1545.2 172.1 5.7 113 0 126.7 17.5 12.5 0.0 0 0 5 2 2
-1471.1 182.4 5.9 25 0 17.7 127.0 10.0 0.0 0 1 4 2 2
-1512.0 246.0 6.0 295 0 124.8 19.0 12.5 0.0 0 0 5 2 2
-2034.3 -213.2 6.0 168 0 16.8 15.2 10.0 2.5 2 0 4 2 2
-1776.3 -1271.4 7.1 180 0 18.6 24.4 15.0 0.0 0 1 6 1 1
-336.3 -6182.5 -7.4 169 0 14.0 26.0 7.5 2.5 4 1 3 4 4
-256.9 -6074.3 -8.7 262 0 6.7 62.6 7.5 2.5 2 1 3 4 4
-340.7 -6249.1 -7.4 170 0 7.0 19.6 7.5 2.5 2 1 3 3 3
-110.9 -6134.4 -9.8 348 0 12.3 77.1 10.0 2.5 2 1 4 4 4
-2730.4 -7413.5 3.3 299 0 14.5 11.8 2.5 2.5 2 0 1 5 5
-3214.7 -7158.4 3.4 298 0 16.3 52.2 7.5 2.5 4 1 3 0 0
-3255.3 -7150.1 3.1 298 0 12.0 40.9 7.5 2.5 2 1 3 0 0
-3249.2 -7213.3 2.7 299 0 42.4 15.8 10.0 2.5 2 0 4 5 5
-3198.6 -7190.6 3.9 298 0 17.5 23.0 7.5 2.5 2 1 3 2 2
-3496.7 -7178.3 3.1 119 0 15.3 26.1 7.5 0.0 0 1 3 3 3
-3472.8 -7196.5 2.8 119 0 15.3 26.1 10.0 0.0 0 1 4 1 1
-3449.0 -7214.1 2.5 119 0 15.3 26.1 7.5 0.0 0 1 3 5 5
-3437.4 -7175.3 2.5 127 0 23.2 14.5 5.0 0.0 0 0 2 4 4
-2954.3 -7372.5 3.1 252 0 12.3 21.1 7.5 0.0 0 1 3 4 4
-2976.3 -7358.3 3.4 270 0 12.3 21.1 12.5 0.0 0 1 5 1 1
-2966.4 -7334.6 4.3 252 0 12.3 21.1 10.0 0.0 0 1 4 0 0
-2943.2 -7351.2 4.2 216 0 12.3 21.2 12.5 0.0 0 1 5 5 5
-2849.1 -7366.3 4.5 298 0 20.1 8.2 5.0 2.5 4 0 2 2 2
-2769.4 -7574.6 0.8 28 0 18.5 9.8 5.0 2.5 2 0 2 3 3
-3900.0 -3183.5 -4.1 166 0 20.1 12.9 10.0 2.5 2 0 4 0 0
-3602.1 -3187.1 -3.6 252 0 10.1 24.6 5.0 0.0 0 1 2 3 3
-3584.9 -3213.3 -3.5 344 0 5.8 7.9 7.5 2.5 2 1 3 2 2
-3597.1 -3258.2 -3.6 72 0 7.6 10.5 5.0 0.0 0 1 2 4 4
-3634.3 -3210.8 -3.9 161 0 8.2 3.8 5.0 2.5 2 0 2 5 5
-3882.7 -3297.7 -4.0 175 0 11.9 16.5 2.5 0.0 0 1 1 2 2
-3887.5 -3320.6 -3.9 177 0 12.7 5.6 5.0 2.5 2 0 2 0 0
-3858.0 -3315.5 -4.5 256 0 10.5 54.7 7.5 0.0 0 1 3 4 4
-3893.5 -3423.2 -5.0 344 0 16.8 9.6 5.0 2.5 2 0 2 2 2
-3948.9 -3424.9 -4.4 251 0 10.4 30.5 12.5 2.5 2 1 5 4 4
-3917.4 -3446.4 -4.7 69 0 14.2 8.5 5.0 0.0 0 0 2 4 4
-3934.6 -2792.0 -4.7 72 0 10.8 13.4 2.5 2.5 2 1 1 3 3
-3902.7 -2763.2 -4.9 72 0 38.7 7.0 7.5 2.5 2 0 3 3 3
-3899.3 -2776.0 -5.1 165 0 17.7 7.5 2.5 2.5 2 0 1 0 0
-3908.6 -2790.1 -5.0 256 0 18.6 5.1 5.0 2.5 2 0 2 2 2
-694.5 -5237.3 -7.7 270 0 23.6 32.7 7.5 0.0 0 1 3 5 5
-1259.5 -5310.8 -6.1 88 0 14.6 17.7 7.5 2.5 2 1 3 1 1
-1299.6 -5255.8 -5.6 269 0 11.7 11.9 5.0 2.5 2 1 2 2 2
-1349.9 -5267.3 -5.3 177 0 11.7 14.9 2.5 2.5 2 1 1 4 4
-1210.4 -5100.2 -5.9 87 0 11.6 13.5 5.0 2.5 2 1 2 0 0
-1204.9 -5072.5 -6.0 352 0 15.3 15.2 5.0 2.5 2 0 2 0 0
-1219.5 -5003.9 -6.4 357 0 12.4 14.2 2.5 2.5 4 1 1 1 1
-1228.3 -4984.3 -6.5 355 0 14.9 9.8 2.5 2.5 4 0 1 4 4
-204.1 -5947.2 -8.6 251 0 20.8 15.6 12.5 2.5 4 0 5 4 4
-61.0 -6015.8 -8.9 76 0 12.7 11.4 5.0 2.5 2 0 2 0 0
-0.1 -6017.1 -8.5 83 0 18.3 13.9 2.5 2.5 2 0 1 5 5
-247.8 -3929.5 -5.8 347 0 9.2 8.1 5.0 2.5 2 0 2 0 0
-258.6 -3884.1 -5.8 347 0 9.0 8.5 5.0 2.5 2 0 2 1 1
-262.7 -3857.1 -5.8 347 0 8.8 7.4 2.5 2.5 2 0 1 5 5
-267.1 -3843.6 -5.9 347 0 9.3 8.3 5.0 2.5 2 0 2 5 5
-274.3 -3822.6 -5.9 341 0 6.6 11.2 5.0 2.5 2 1 2 1 1
-279.8 -3797.5 -6.0 350 0 10.4 7.4 7.5 0.0 0 0 3 5 5
-133.5 -4157.5 -8.0 111 0 8.1 11.8 2.5 2.5 2 1 1 3 3
-362.4 -3673.7 -5.7 168 0 25.2 11.8 10.0 2.5 2 0 4 0 0
-308.6 -3648.5 -5.7 347 0 10.1 12.7 2.5 2.5 2 1 1 1 1
-175.8 -3930.4 -5.7 53 0 11.1 14.3 2.5 2.5 2 1 1 4 4
-75.8 -3867.8 -5.6 153 0 13.8 13.3 5.0 2.5 4 0 2 5 5
-792.4 -4857.6 -6.3 176 0 12.3 15.2 5.0 2.5 2 1 2 5 5
-795.1 -4803.8 -5.5 178 0 11.2 12.0 5.0 2.5 2 1 2 3 3
-796.5 -4770.9 -4.9 179 0 10.6 10.1 5.0 2.5 2 0 2 5 5
-802.5 -4707.5 -5.2 169 0 11.3 13.6 5.0 2.5 2 1 2 0 0
-779.4 -4493.1 -5.3 258 0 10.4 9.6 5.0 2.5 2 0 2 5 5
-799.6 -4643.8 -5.6 167 0 10.8 10.1 5.0 2.5 2 0 2 5 5
-797.0 -4622.0 -5.5 170 0 12.6 10.4 2.5 2.5 2 0 1 1 1
-801.9 -4603.2 -5.3 169 0 13.6 11.4 2.5 0.0 0 0 1 0 0
-946.6 -5014.5 -6.5 175 0 11.7 12.7 5.0 2.5 2 1 2 3 3
1724.3 8074.7 -14.3 144 0 5.6 17.6 5.0 2.5 4 1 2 5 5
1775.5 8053.6 -14.4 55 0 27.6 10.9 7.5 2.5 2 0 3 2 2
1764.0 8070.2 -14.4 53 0 7.8 16.0 5.0 2.5 2 1 2 0 0
1746.8 8111.7 -14.5 331 0 5.9 11.4 5.0 2.5 2 1 2 0 0
1705.1 8075.4 -14.3 144 0 13.1 8.1 2.5 2.5 2 0 1 0 0
1532.7 8420.5 -14.1 318 0 9.1 12.6 5.0 2.5 2 1 2 0 0
1571.5 8374.4 -14.9 324 0 11.1 7.3 5.0 2.5 2 0 2 1 1
1607.1 8336.8 -15.4 152 0 9.1 11.2 5.0 2.5 2 1 2 2 2
1638.6 8287.1 -15.4 144 0 9.2 9.0 5.0 2.5 2 0 2 4 4
1772.0 8135.0 -14.8 138 0 13.5 10.9 5.0 2.5 2 0 2 0 0
1663.1 8245.9 -15.3 143 0 11.1 12.3 5.0 2.5 2 1 2 4 4
1680.2 8216.6 -14.9 148 0 11.2 12.9 5.0 2.5 2 1 2 1 1
1692.7 8206.2 -14.7 145 0 11.0 9.6 2.5 2.5 2 0 1 2 2
1724.5 8157.4 -14.7 146 0 6.1 10.5 5.0 2.5 2 1 2 3 3
-440.0 -6074.2 -7.1 86 0 7.5 5.1 10.5 3.5 2 0 3 3 3
-423.0 -6054.7 -7.1 354 0 16.4 5.0 10.5 0.0 0 0 3 3 3
-425.4 -6073.2 -7.2 86 0 7.3 7.8 10.5 3.5 2 1 3 5 5
-496.5 -6078.2 -6.6 85 0 6.6 9.0 10.5 3.5 2 0 3 3 3
-452.0 -6074.9 -7.0 87 0 10.3 7.9 10.5 3.5 2 0 3 3 3
-520.2 -6080.4 -6.4 87 0 7.2 11.5 10.5 3.5 2 0 3 2 2
-527.6 -6080.7 -6.3 87 0 7.6 12.6 10.5 0.0 0 0 3 0 0
-526.0 -6042.9 -6.2 177 0 7.8 3.8 10.5 3.5 2 0 3 3 3
-546.9 -6039.6 -6.1 175 0 14.8 4.2 10.5 3.5 2 0 3 5 5
-544.7 -6069.6 -6.2 177 0 12.0 5.0 10.5 3.5 2 0 3 0 0
-553.1 -6031.9 -6.0 355 0 8.4 13.4 10.5 3.5 2 0 3 4 4
-516.5 -6025.9 -6.3 265 0 3.9 18.0 10.5 3.5 2 1 3 0 0
-492.4 -6047.9 -6.5 85 0 4.1 12.9 10.5 3.5 2 1 3 5 5
-500.5 -6014.0 -6.4 265 0 6.7 21.5 10.5 3.5 2 0 3 5 5
-494.3 -6017.7 -6.4 265 0 5.2 3.5 10.5 3.5 2 0 3 4 4
-495.0 -6008.8 -6.5 265 0 5.2 8.8 10.5 3.5 2 0 3 0 0
-490.3 -6001.1 -6.6 265 0 6.3 7.4 10.5 3.5 2 0 3 5 5
-481.0 -6010.4 -6.6 267 0 6.0 5.6 10.5 3.5 2 0 3 4 4
-475.1 -6030.1 -6.6 266 0 3.8 6.2 10.5 3.5 2 0 3 0 0
-471.4 -6029.8 -6.6 266 0 3.7 3.3 10.5 3.5 2 0 3 5 5
-449.2 -6028.1 -6.7 356 0 6.8 20.4 10.5 3.5 2 0 3 0 0
-444.1 -6027.4 -6.8 356 0 9.8 5.1 10.5 3.5 4 0 3 2 2
-425.0 -6029.3 -6.9 356 0 12.7 5.1 10.5 3.5 2 0 3 4 4
-530.3 -5974.6 -6.5 355 0 7.8 12.0 10.5 3.5 4 0 3 0 0
-530.9 -5968.4 -6.6 355 0 4.7 12.0 10.5 3.5 2 0 3 2 2
-536.6 -5951.1 -6.7 265 0 8.2 15.4 10.5 3.5 2 0 3 5 5
-564.6 -5963.3 -6.6 173 0 9.5 10.4 10.5 3.5 2 1 3 2 2
-549.3 -6012.5 -6.3 174 0 8.4 8.2 10.5 3.5 2 0 3 4 4
-428.7 -6002.0 -7.0 354 0 8.6 8.6 10.5 3.5 2 0 3 0 0
-479.7 -6001.9 -6.7 267 0 9.2 8.4 10.5 3.5 2 0 3 2 2
-1811.9 -7194.1 -9.1 297 0 12.6 36.6 7.5 2.5 4 0 3 3 3
-1834.7 -7286.6 -9.0 112 0 9.0 27.2 7.5 0.0 0 1 3 3 3
-1813.0 -7310.0 -9.2 114 0 30.1 12.2 10.0 2.5 2 0 4 3 3
-1803.0 -7246.8 -9.2 27 0 12.5 38.3 10.0 2.5 4 0 4 5 5
-1861.7 -7205.8 -8.9 207 0 32.1 9.0 7.5 2.5 2 0 3 0 0
1777.3 8073.5 -14.5 54 0 11.9 5.3 7.5 2.5 2 0 3 3 3
1767.3 8101.9 -14.6 247 0 10.3 11.4 7.5 2.5 2 1 3 1 1
2134.6 8177.1 -16.3 315 0 10.6 12.4 2.5 2.5 4 1 1 4 4
2112.9 8191.1 -16.1 320 0 8.5 11.8 5.0 2.5 4 1 2 1 1
2107.0 8152.2 -16.2 49 0 6.9 26.2 5.0 2.5 2 1 2 1 1
