-6879.8 -721.2 -4.0 16 0 21.7 16.6 5.0 0.0 0 0 2 4 4
-6935.0 -693.4 -4.0 195 0 10.8 10.4 7.5 2.5 2 0 3 5 5
-6233.7 -1225.9 -0.9 157 0 12.1 33.2 5.0 2.5 2 1 2 2 2
-6018.7 -1390.6 0.9 60 0 32.2 11.7 10.0 2.5 2 0 4 1 1
-6685.7 -421.2 -5.8 17 0 6.6 14.0 7.5 2.5 2 1 3 0 0
-6733.8 -422.7 -5.8 198 0 11.2 10.5 2.5 2.5 2 0 1 4 4
-6700.0 -444.2 -5.7 105 0 30.3 7.9 5.0 2.5 2 0 2 5 5
-6697.8 -404.9 -5.9 17 0 4.7 4.9 5.0 2.5 2 1 2 4 4
-6925.7 -727.8 -3.8 107 0 17.8 7.7 7.5 2.5 2 0 3 1 1
-6677.6 -380.0 -6.1 14 0 10.9 27.4 12.5 2.5 2 1 5 1 1
-6721.0 -392.3 -6.0 191 0 11.5 8.4 7.5 2.5 2 0 3 0 0
-6898.0 -693.3 -4.1 285 0 27.3 11.7 7.5 2.5 2 0 3 5 5
-6449.0 2065.9 -8.0 325 0 9.5 10.8 7.5 2.5 4 1 3 4 4
-6646.6 1668.6 -9.1 279 0 35.3 22.7 10.0 0.0 0 0 4 1 1
-6632.4 1613.8 -9.2 99 0 13.6 24.8 10.0 2.5 4 1 4 5 5
-6444.7 2091.4 -8.0 329 0 13.2 11.5 7.5 2.5 2 0 3 1 1
-6706.2 1624.8 -9.2 192 0 13.2 10.9 10.0 2.5 2 0 4 0 0
-6434.3 2043.5 -8.0 330 0 6.1 3.7 2.5 2.5 2 0 1 0 0
-6699.4 1845.9 -8.8 97 0 20.8 12.1 5.0 2.5 2 0 2 3 3
-6433.6 2023.9 -8.0 58 0 13.6 7.8 7.5 2.5 2 0 3 2 2
-6552.4 805.7 -10.6 193 0 25.1 7.1 5.0 2.5 2 0 2 5 5
-6458.5 2031.1 -8.0 147 0 19.6 7.5 5.0 2.5 2 0 2 3 3
-6652.2 1607.7 -9.2 8 0 8.4 34.6 7.5 2.5 2 1 3 0 0
-6886.3 2014.2 -8.8 344 0 4.5 5.9 2.5 2.5 2 1 1 5 5
-6885.3 2080.1 -8.6 342 0 6.4 5.2 5.0 0.0 0 0 2 1 1
-6922.1 2104.5 -8.4 253 0 9.3 6.3 5.0 2.5 2 0 2 0 0
-6948.1 2085.8 -8.5 162 0 12.3 14.0 7.5 2.5 2 1 3 4 4
-6786.1 1959.1 -8.3 254 0 13.1 11.1 5.0 2.5 2 0 2 1 1
-6902.7 2106.8 -8.4 344 0 6.1 6.1 2.5 2.5 2 0 1 3 3
-6923.2 2027.3 -8.8 95 0 13.4 15.9 5.0 2.5 2 1 2 5 5
-6929.4 1939.2 -9.2 342 0 8.9 13.7 5.0 2.5 2 1 2 3 3
-6844.4 2145.0 -8.3 253 0 4.5 6.3 7.5 2.5 2 1 3 3 3
-6934.2 2052.3 -8.7 160 0 7.0 16.7 7.5 0.0 0 1 3 5 5
-6833.2 1917.7 -8.8 342 0 12.1 8.6 7.5 2.5 2 0 3 1 1
-6876.1 2051.0 -8.7 338 0 4.3 3.3 5.0 2.5 2 0 2 2 2
-6748.1 2205.9 -7.5 152 0 10.6 21.4 7.5 2.5 2 1 3 2 2
-6756.9 1947.7 -8.2 329 0 8.6 12.0 7.5 2.5 4 1 3 2 2
-6882.9 2069.5 -8.7 344 0 4.9 3.1 7.5 2.5 2 0 3 5 5
-6954.4 1870.2 -9.5 160 0 9.1 5.0 5.0 2.5 2 0 2 0 0
-6876.8 1888.8 -9.1 68 0 4.5 12.0 5.0 2.5 2 1 2 0 0
-6855.3 1932.5 -8.8 251 0 18.1 7.5 5.0 2.5 2 0 2 5 5
-6854.7 2141.7 -8.3 252 0 13.4 6.4 5.0 2.5 2 0 2 4 4
-6770.2 2193.9 -7.7 260 0 14.3 14.4 5.0 0.0 0 1 2 1 1
-6702.1 2195.3 -7.6 71 0 11.0 22.7 2.5 2.5 2 1 1 4 4
-6914.7 1989.2 -9.0 161 0 7.9 19.8 7.5 2.5 2 1 3 5 5
-6863.9 2006.9 -8.7 339 0 9.1 12.9 7.5 2.5 2 1 3 5 5
-6878.2 1922.5 -9.0 252 0 10.3 13.8 7.5 2.5 2 1 3 0 0
-6921.0 2007.9 -9.0 164 0 14.7 14.8 5.0 2.5 2 1 2 1 1
-6834.1 2156.1 -8.2 251 0 11.2 10.6 5.0 2.5 2 0 2 3 3
367.4 -1240.5 8.2 167 0 7.0 17.7 7.5 2.5 4 1 3 1 1
202.5 -1498.7 7.9 178 0 10.6 19.5 5.0 0.0 0 1 2 0 0
136.7 -1737.5 9.4 80 0 9.2 27.9 7.5 2.5 4 1 3 3 3
173.7 -1593.5 8.9 359 0 13.9 14.0 5.0 2.5 2 1 2 3 3
252.8 -2390.9 9.2 189 0 14.8 101.5 7.5 2.5 2 1 3 1 1
452.9 -1548.1 7.9 62 0 8.0 8.7 5.0 0.0 0 1 2 5 5
559.6 -2355.5 7.2 14 0 9.7 29.8 7.5 2.5 2 1 3 2 2
645.4 -2184.3 7.5 17 0 8.2 18.1 2.5 0.0 0 1 1 0 0
161.3 -1631.0 9.3 180 0 14.4 10.3 7.5 2.5 2 0 3 0 0
384.8 -2357.7 9.0 190 0 19.3 14.0 10.0 2.5 2 0 4 2 2
169.1 -1781.6 8.8 192 0 21.3 9.4 5.0 2.5 2 0 2 4 4
412.7 -1545.1 7.9 162 0 9.8 8.7 5.0 2.5 2 0 2 4 4
195.4 -1773.5 8.7 93 0 7.1 16.3 7.5 2.5 2 1 3 0 0
397.9 -1388.5 7.8 80 0 9.1 42.4 7.5 2.5 4 1 3 2 2
355.8 -1845.4 7.1 56 0 11.8 12.4 5.0 2.5 2 1 2 2 2
642.8 -2149.2 7.6 199 0 10.6 12.3 5.0 2.5 2 1 2 3 3
248.2 -2416.8 9.1 190 0 15.1 101.2 10.0 2.5 2 1 4 5 5
373.3 -1189.7 7.8 267 0 23.0 11.8 10.0 2.5 2 0 4 4 4
137.1 -1817.1 9.0 9 0 9.4 13.1 7.5 2.5 2 1 3 4 4
360.5 -1362.2 8.0 178 0 14.4 11.8 7.5 0.0 0 0 3 3 3
113.2 -1783.1 9.3 267 0 9.9 15.0 2.5 2.5 4 1 1 1 1
586.3 -2272.7 7.4 288 0 11.2 12.9 2.5 2.5 2 1 1 4 4
419.7 -1530.2 8.0 159 0 5.3 11.8 5.0 2.5 2 1 2 3 3
655.3 -1108.4 6.9 91 0 11.9 10.9 5.0 2.5 2 0 2 2 2
231.5 -1642.2 8.7 263 0 7.3 10.0 5.0 0.0 0 1 2 1 1
413.3 -1354.0 8.1 349 0 12.3 16.1 7.5 0.0 0 1 3 0 0
144.2 -1857.2 8.4 194 0 13.5 10.6 5.0 2.5 2 0 2 2 2
207.7 -1415.4 8.0 180 0 11.2 11.6 2.5 0.0 0 1 1 1 1
401.3 -1203.5 7.8 264 0 13.1 40.4 7.5 0.0 0 1 3 5 5
343.1 -1223.9 8.3 176 0 13.2 12.4 2.5 2.5 2 0 1 3 3
364.3 -1339.0 8.2 254 0 11.6 8.1 5.0 2.5 2 0 2 5 5
621.2 -2273.7 7.0 288 0 11.2 7.5 7.5 2.5 2 0 3 2 2
249.7 -1404.3 7.9 272 0 11.0 27.5 12.5 2.5 2 1 5 5 5
241.8 -1626.5 8.5 248 0 15.7 6.1 7.5 2.5 4 0 3 1 1
-475.4 -2012.6 11.4 79 0 10.7 27.2 12.5 2.5 2 1 5 0 0
276.2 -1209.6 8.4 1 0 13.4 5.9 7.5 2.5 2 0 3 5 5
163.1 -1884.5 8.1 99 0 21.1 9.9 2.5 2.5 2 0 1 2 2
329.4 -1839.6 7.4 96 0 12.2 31.9 10.0 2.5 2 1 4 2 2
284.3 -1256.2 8.5 7 0 11.4 14.4 7.5 2.5 2 1 3 4 4
26.4 -2820.5 12.1 183 0 10.0 18.0 2.5 0.0 0 1 1 5 5
102.1 -1981.1 7.7 193 0 6.5 19.0 7.5 2.5 2 1 3 1 1
-496.4 -2023.8 11.4 170 0 5.9 15.0 5.0 2.5 2 1 2 1 1
388.3 -2506.6 8.0 96 0 12.8 71.2 5.0 2.5 2 1 2 4 4
359.2 -2497.4 8.4 95 0 13.9 69.2 15.0 0.0 0 1 6 5 5
191.4 -1857.4 7.9 280 0 12.5 29.9 7.5 2.5 2 1 3 3 3
140.9 -1978.2 7.5 10 0 22.8 10.9 5.0 2.5 2 0 2 3 3
138.2 -1684.4 9.4 183 0 16.3 12.4 2.5 2.5 2 0 1 4 4
54.6 -2836.6 11.9 6 0 15.0 8.2 7.5 2.5 2 0 3 2 2
434.4 -2381.1 8.3 283 0 22.2 9.7 7.5 2.5 2 0 3 0 0
21.0 -2831.6 12.7 273 0 7.7 16.5 7.5 2.5 2 1 3 3 3
-520.2 -2006.1 11.8 82 0 10.1 11.0 5.0 2.5 2 1 2 5 5
470.4 -2432.3 7.7 13 0 11.6 70.1 7.5 2.5 2 1 3 0 0
188.2 -1839.1 8.4 95 0 5.5 14.1 7.5 2.5 4 1 3 1 1
263.9 -1556.7 7.8 25 0 41.3 26.7 7.5 0.0 0 0 3 1 1
31.5 -2866.6 12.6 98 0 10.4 8.8 5.0 2.5 2 0 2 3 3
473.6 -2409.6 7.8 13 0 14.0 25.7 7.5 2.5 2 1 3 2 2
436.7 -1569.0 7.7 179 0 5.1 14.8 5.0 2.5 2 1 2 1 1
59.7 -1732.9 9.8 87 0 43.3 13.2 7.5 2.5 2 0 3 0 0
244.0 -1483.4 7.8 0 0 39.8 5.3 5.0 2.5 2 0 2 2 2
88.7 -1967.0 8.0 196 0 6.8 8.4 5.0 2.5 2 1 2 3 3
114.3 -1580.5 8.9 179 0 42.6 11.5 7.5 0.0 0 0 3 1 1
560.9 -2397.9 6.9 10 0 7.6 38.5 7.5 2.5 2 1 3 3 3
504.4 -2385.6 7.6 104 0 10.3 14.7 5.0 2.5 2 1 2 2 2
157.0 -1552.1 8.4 269 0 25.3 7.4 7.5 2.5 2 0 3 2 2
164.0 -1818.0 8.6 193 0 12.1 10.6 7.5 2.5 2 0 3 2 2
166.7 -1658.2 9.3 360 0 14.2 5.3 5.0 0.0 0 0 2 4 4
364.3 -1789.3 7.6 342 0 10.0 23.5 5.0 2.5 2 1 2 5 5
29.2 -1717.5 9.6 268 0 9.9 12.8 7.5 2.5 2 1 3 4 4
436.2 -2346.4 8.5 281 0 34.0 12.7 10.0 2.5 2 0 4 0 0
202.7 -1469.8 7.9 180 0 13.2 17.4 2.5 2.5 2 1 1 2 2
69.6 -2075.9 7.7 5 0 14.3 8.5 5.0 2.5 2 0 2 5 5
201.9 -1614.6 8.8 182 0 14.0 9.4 5.0 2.5 2 0 2 2 2
1414.0 -1459.7 8.1 146 0 104.8 15.7 10.0 0.0 0 0 4 5 5
1446.3 -1438.3 8.2 326 0 100.2 16.2 10.0 0.0 0 0 4 1 1
-542.6 6558.8 -1.6 52 0 11.9 10.3 7.5 2.5 2 0 3 0 0
-612.0 6586.2 -1.1 322 0 10.4 12.0 10.0 2.5 2 1 4 5 5
-623.0 6542.6 -1.0 57 0 6.5 16.3 2.5 2.5 2 1 1 0 0
-682.9 6550.9 -0.6 241 0 11.4 10.0 2.5 2.5 2 0 1 3 3
156.7 7739.0 -15.6 67 0 42.0 11.5 7.5 2.5 2 0 3 2 2
153.7 7805.5 -16.0 337 0 13.2 44.2 12.5 2.5 2 1 5 1 1
493.5 8302.1 -18.7 137 0 10.9 14.2 5.0 2.5 2 1 2 3 3
373.5 8139.1 -18.2 237 0 103.5 15.7 15.0 0.0 0 0 6 5 5
6388.8 -7899.9 3.3 26 0 11.0 38.8 10.0 0.0 0 1 4 4 4
1254.5 6070.2 -6.0 246 0 13.0 9.2 2.5 2.5 2 0 1 5 5
1255.3 6032.9 -5.7 68 0 6.5 15.1 7.5 2.5 2 1 3 2 2
1265.8 6035.6 -5.7 66 0 4.8 3.9 7.5 2.5 2 0 3 5 5
1337.6 6122.5 -7.1 245 0 10.7 4.1 2.5 2.5 4 0 1 0 0
1342.0 6076.3 -6.7 143 0 6.1 10.1 7.5 0.0 0 1 3 5 5
1336.6 6070.8 -6.6 339 0 19.5 7.6 2.5 2.5 4 0 1 2 2
1343.6 6030.4 -6.2 339 0 61.1 12.9 7.5 2.5 2 0 3 2 2
1475.1 5982.4 -4.8 69 0 10.4 12.7 2.5 2.5 2 1 1 4 4
1452.6 5893.9 -4.6 248 0 8.9 9.8 5.0 2.5 2 1 2 1 1
1456.4 5904.6 -4.6 252 0 7.1 3.8 5.0 2.5 2 0 2 1 1
1453.9 5920.3 -4.6 248 0 11.9 5.2 5.0 2.5 2 0 2 1 1
1448.9 5817.7 -4.5 68 0 18.4 6.7 7.5 2.5 2 0 3 3 3
1419.1 5865.5 -4.8 157 0 7.4 3.0 7.5 2.5 2 0 3 1 1
1421.9 5866.7 -4.8 157 0 7.5 15.9 5.0 2.5 2 0 2 3 3
1440.9 5837.8 -4.6 67 0 8.4 8.6 5.0 2.5 2 0 2 5 5
1452.2 5842.6 -4.5 67 0 16.3 8.6 2.5 2.5 2 0 1 4 4
1423.1 5826.6 -4.7 159 0 16.7 7.9 5.0 2.5 2 0 2 2 2
1401.9 5872.2 -4.9 157 0 19.0 9.9 5.0 2.5 2 0 2 3 3
1455.4 5967.8 -4.9 67 0 18.1 7.6 7.5 0.0 0 0 3 5 5
1432.7 5981.9 -5.1 248 0 5.4 13.9 7.5 2.5 2 1 3 4 4
1391.3 6018.0 -5.9 248 0 48.4 12.4 7.5 2.5 2 0 3 3 3
1298.8 6132.4 -7.3 68 0 9.4 41.4 7.5 2.5 2 1 3 4 4
1350.6 6227.1 -8.2 248 0 13.4 67.5 7.5 2.5 2 1 3 5 5
1396.2 6122.7 -7.3 338 0 22.0 11.1 5.0 2.5 2 0 2 1 1
1359.4 6070.0 -6.7 161 0 17.9 5.0 7.5 2.5 2 0 3 1 1
1386.9 6074.1 -6.8 68 0 5.7 13.5 7.5 2.5 2 1 3 5 5
1415.6 6073.7 -6.6 337 0 18.1 8.8 7.5 2.5 2 0 3 4 4
1647.2 6419.9 -9.5 336 0 8.7 8.6 7.5 2.5 2 0 3 0 0
1555.2 6322.7 -7.5 238 0 15.5 9.3 5.0 2.5 2 0 2 4 4
1537.5 6299.1 -6.9 308 0 7.5 14.1 7.5 2.5 2 1 3 3 3
1502.6 6320.7 -8.2 336 0 4.2 4.1 2.5 0.0 0 0 1 4 4
1501.0 6324.5 -8.3 336 0 4.0 5.7 7.5 2.5 2 0 3 5 5
1480.4 6320.3 -8.4 247 0 5.4 9.8 2.5 2.5 4 1 1 2 2
1524.4 6341.7 -8.7 340 0 7.9 5.0 5.0 2.5 2 0 2 0 0
1544.5 6372.4 -9.6 157 0 9.8 10.5 5.0 2.5 2 1 2 4 4
1561.4 6357.0 -9.0 158 0 19.9 5.0 5.0 2.5 2 0 2 0 0
1622.9 6415.3 -9.6 248 0 4.2 6.9 2.5 2.5 2 1 1 0 0
1684.5 6298.5 -4.7 68 0 9.7 7.4 5.0 2.5 2 0 2 4 4
1639.7 6310.3 -6.2 73 0 4.1 5.2 5.0 2.5 2 1 2 4 4
1670.9 6317.6 -5.6 338 0 11.5 5.8 7.5 2.5 2 0 3 1 1
1656.0 6324.3 -6.0 341 0 4.8 3.1 5.0 0.0 0 0 2 4 4
1651.4 6284.1 -5.2 66 0 9.9 7.6 5.0 0.0 0 0 2 4 4
1605.7 6286.1 -6.0 72 0 5.3 12.1 5.0 2.5 2 1 2 1 1
1590.6 6287.2 -6.0 159 0 12.7 6.1 7.5 2.5 4 0 3 1 1
1559.2 6288.5 -6.3 246 0 4.5 6.0 5.0 2.5 2 1 2 2 2
1562.4 6272.6 -5.6 247 0 4.9 5.5 5.0 2.5 4 1 2 4 4
1538.7 6268.9 -5.8 246 0 5.3 11.8 5.0 2.5 2 1 2 3 3
1532.9 6256.2 -5.6 65 0 5.0 3.2 5.0 2.5 2 0 2 0 0
1512.3 6244.9 -6.7 66 0 5.2 11.9 7.5 2.5 2 1 3 5 5
1505.7 6240.9 -6.9 69 0 3.9 9.7 7.5 0.0 0 1 3 1 1
1479.5 6238.1 -7.4 156 0 14.2 5.1 7.5 2.5 4 0 3 5 5
1499.6 6218.6 -6.9 66 0 11.3 7.4 7.5 0.0 0 0 3 4 4
1518.1 6154.9 -5.8 156 0 5.6 19.1 7.5 2.5 2 1 3 3 3
1549.6 6203.6 -5.6 246 0 6.8 14.9 7.5 2.5 2 1 3 0 0
1732.8 6252.2 -1.9 160 0 4.9 10.6 2.5 0.0 0 1 1 4 4
1724.9 6270.1 -2.7 157 0 11.4 10.4 7.5 2.5 2 0 3 3 3
1632.4 6236.6 -3.5 243 0 9.1 8.7 7.5 2.5 2 0 3 0 0
1604.4 6203.5 -2.9 248 0 9.6 14.0 7.5 2.5 2 1 3 3 3
1510.7 6182.9 -6.3 245 0 16.0 10.6 5.0 2.5 2 0 2 1 1
1531.0 6232.2 -6.2 67 0 10.3 9.8 5.0 2.5 2 0 2 4 4
1592.1 6257.8 -5.1 69 0 10.0 8.2 5.0 2.5 4 0 2 3 3
1623.1 6271.8 -5.1 68 0 10.6 7.8 5.0 2.5 2 0 2 3 3
1663.3 6289.0 -5.1 67 0 8.8 9.2 2.5 2.5 2 1 1 4 4
1691.0 6359.3 -6.1 158 0 6.0 10.5 7.5 2.5 2 1 3 0 0
1741.3 6385.7 -6.5 339 0 8.2 10.3 2.5 2.5 2 1 1 4 4
1979.3 6518.1 -5.0 245 0 9.0 18.4 7.5 2.5 2 1 3 3 3
1777.5 6276.3 -1.2 247 0 4.6 10.2 5.0 2.5 2 0 2 5 5
1782.3 6278.3 -1.1 247 0 5.7 10.2 7.5 2.5 2 0 3 2 2
1754.4 6261.6 -1.6 157 0 12.0 4.7 5.0 2.5 4 0 2 5 5
1510.2 6156.8 -6.1 157 0 13.0 5.1 5.0 2.5 2 0 2 0 0
1506.0 6155.0 -6.1 157 0 13.0 4.6 7.5 2.5 2 0 3 3 3
1540.4 6177.1 -5.5 247 0 7.2 13.8 7.5 2.5 4 1 3 2 2
1588.9 6198.0 -3.9 249 0 6.0 14.1 2.5 2.5 4 1 1 0 0
1604.1 6223.9 -3.4 245 0 10.6 11.6 7.5 2.5 2 1 3 5 5
1631.5 6217.4 -2.8 245 0 4.9 9.3 5.0 2.5 2 1 2 1 1
1663.9 6229.8 -2.9 248 0 5.2 12.2 7.5 2.5 2 1 3 4 4
1698.4 6236.9 -2.7 335 0 12.8 4.9 7.5 2.5 2 0 3 0 0
1850.9 6207.4 2.2 67 0 5.6 14.1 5.0 2.5 2 1 2 0 0
1818.7 6198.2 1.4 68 0 5.8 17.5 7.5 2.5 2 1 3 3 3
1791.1 6176.5 1.5 67 0 4.6 11.2 5.0 2.5 2 1 2 2 2
1762.4 6163.8 1.0 64 0 6.9 11.7 7.5 2.5 4 1 3 5 5
1704.5 6135.9 0.6 67 0 5.4 10.6 7.5 2.5 2 1 3 0 0
1672.4 6122.9 -1.2 64 0 4.5 10.9 5.0 2.5 2 1 2 4 4
1651.6 6125.3 -2.6 67 0 12.0 5.0 2.5 2.5 2 0 1 0 0
1609.3 6104.0 -3.4 69 0 4.3 5.7 5.0 2.5 2 1 2 0 0
1562.9 6090.5 -4.5 64 0 11.8 7.2 2.5 2.5 2 0 1 3 3
1542.0 6074.4 -4.8 67 0 5.2 10.0 5.0 2.5 2 1 2 0 0
1558.4 6059.5 -4.3 70 0 10.2 8.5 5.0 2.5 2 0 2 2 2
2144.1 6380.4 -1.5 161 0 6.5 6.8 5.0 2.5 2 0 2 3 3
1573.5 6068.1 -4.0 66 0 6.0 13.0 5.0 2.5 2 1 2 1 1
1597.1 6079.0 -3.6 69 0 11.2 9.3 2.5 2.5 2 0 1 1 1
1628.8 6094.4 -3.1 67 0 19.3 10.9 10.0 2.5 2 0 4 5 5
1695.5 6115.2 -0.3 66 0 10.3 13.1 5.0 2.5 2 1 2 5 5
1726.0 6127.9 1.0 69 0 10.0 13.5 7.5 2.5 2 1 3 5 5
1752.6 6139.2 1.3 67 0 10.0 11.9 2.5 2.5 2 1 1 3 3
1810.3 6163.6 2.5 68 0 5.3 7.4 5.0 2.5 2 1 2 2 2
1825.8 6185.4 2.5 67 0 5.0 4.2 7.5 2.5 2 0 3 3 3
1825.6 6181.9 2.6 67 0 3.1 3.1 7.5 0.0 0 0 3 3 3
1835.3 6173.5 2.7 67 0 9.3 11.5 2.5 2.5 2 0 1 3 3
1889.7 6220.1 3.1 336 0 9.2 11.8 5.0 2.5 2 1 2 3 3
1906.3 6230.0 2.7 155 0 13.7 27.9 7.5 2.5 2 1 3 0 0
1775.0 6350.9 -4.2 156 0 4.5 7.5 5.0 2.5 2 0 2 5 5
1810.2 6349.1 -3.8 66 0 10.7 13.7 7.5 2.5 2 0 3 5 5
1764.1 6404.1 -6.7 66 0 9.8 7.8 5.0 2.5 2 0 2 4 4
2209.5 6478.8 -3.8 154 0 6.6 26.9 5.0 2.5 4 0 2 1 1
2208.7 6475.8 -3.2 244 0 4.8 12.6 7.5 2.5 2 0 3 5 5
2167.3 6447.9 -2.3 245 0 28.9 6.2 2.5 2.5 2 0 1 2 2
2182.4 6454.1 -2.4 245 0 3.7 5.4 2.5 2.5 4 0 1 0 0
1984.2 6284.9 -0.1 65 0 16.0 30.9 12.5 2.5 2 1 5 1 1
2095.8 6373.4 -2.0 247 0 3.5 6.8 2.5 2.5 2 0 1 4 4
2109.1 6348.6 -1.8 68 0 24.0 14.2 10.0 2.5 4 0 4 3 3
2141.9 6386.4 -1.6 160 0 6.3 3.9 7.5 2.5 2 0 3 4 4
2172.0 6383.5 -1.2 153 0 6.4 3.8 5.0 0.0 0 0 2 1 1
2475.6 6314.7 -6.0 248 0 5.8 5.1 7.5 2.5 2 0 3 5 5
2579.0 6322.7 -8.0 121 0 17.7 10.6 2.5 2.5 2 0 1 1 1
2613.9 6312.6 -7.9 117 0 5.0 3.2 2.5 2.5 2 0 1 0 0
2600.8 6327.1 -8.1 110 0 5.8 7.6 5.0 2.5 2 1 2 0 0
2514.6 6272.5 -7.8 157 0 13.1 24.4 7.5 0.0 0 1 3 2 2
2502.8 6307.9 -7.0 250 0 6.0 21.2 5.0 2.5 2 1 2 3 3
2362.4 6674.2 -5.2 145 0 10.0 78.8 7.5 2.5 2 1 3 5 5
2335.5 6726.9 -3.0 152 0 35.1 12.9 10.0 2.5 2 0 4 5 5
2409.5 6628.4 -4.7 152 0 11.3 19.3 7.5 2.5 2 1 3 4 4
2483.7 6624.1 -6.3 336 0 4.2 4.4 5.0 2.5 2 1 2 3 3
2452.9 6712.5 -6.5 329 0 8.3 18.0 5.0 0.0 0 1 2 4 4
2449.0 6774.0 -7.4 69 0 10.0 79.1 7.5 2.5 2 1 3 3 3
1831.3 6301.1 -1.0 246 0 5.9 13.0 2.5 0.0 0 1 1 1 1
1929.7 6264.1 1.6 157 0 12.2 6.2 5.0 2.5 2 0 2 1 1
1948.2 6258.2 2.2 337 0 4.7 7.5 7.5 0.0 0 1 3 3 3
1961.6 6263.8 2.0 338 0 6.0 8.3 5.0 2.5 2 1 2 2 2
1910.0 6307.7 -0.2 338 0 6.4 25.2 5.0 2.5 4 1 2 1 1
1876.1 6332.0 -1.4 246 0 27.8 13.9 10.0 2.5 4 0 4 2 2
1901.0 6353.4 -2.2 240 0 9.5 27.4 7.5 2.5 2 1 3 1 1
1818.8 6429.7 -6.1 66 0 5.0 7.7 2.5 2.5 2 1 1 5 5
1796.9 6418.1 -6.3 66 0 9.8 9.1 5.0 2.5 2 0 2 0 0
1764.3 6426.7 -7.2 157 0 8.1 8.4 7.5 2.5 2 1 3 0 0
1772.5 6386.1 -5.5 244 0 5.4 13.6 7.5 2.5 2 1 3 5 5
1795.2 6397.2 -5.3 245 0 10.4 5.1 7.5 2.5 4 0 3 3 3
1828.6 6357.3 -3.7 69 0 11.2 15.0 7.5 2.5 2 1 3 4 4
1844.9 6388.4 -4.0 246 0 15.5 9.4 2.5 2.5 2 0 1 0 0
1838.5 6418.1 -5.2 248 0 4.7 17.8 2.5 2.5 2 1 1 1 1
1860.1 6427.5 -5.5 247 0 5.0 18.0 5.0 2.5 2 1 2 1 1
1876.8 6402.2 -4.4 247 0 15.4 9.4 5.0 2.5 2 0 2 0 0
1883.5 6439.5 -5.8 248 0 6.2 19.5 5.0 2.5 2 1 2 0 0
1908.7 6429.3 -5.7 65 0 4.7 17.4 7.5 2.5 2 1 3 4 4
1908.4 6415.8 -4.9 247 0 15.7 9.6 5.0 0.0 0 0 2 0 0
1939.7 6429.6 -5.0 246 0 15.3 9.7 5.0 2.5 2 0 2 3 3
1922.1 6458.0 -5.7 247 0 5.3 3.7 5.0 2.5 2 0 2 4 4
1930.5 6438.4 -5.7 67 0 5.3 17.6 5.0 2.5 2 0 2 5 5
1952.8 6494.1 -5.3 155 0 14.8 6.7 5.0 0.0 0 0 2 5 5
1961.9 6473.2 -5.2 157 0 3.8 4.9 5.0 0.0 0 0 2 0 0
1971.9 6456.3 -5.2 67 0 4.9 17.7 5.0 2.5 2 0 2 1 1
1971.9 6443.2 -4.9 247 0 15.8 9.5 5.0 2.5 2 0 2 5 5
1993.5 6465.7 -4.9 67 0 4.9 17.9 5.0 2.5 2 1 2 0 0
2003.1 6456.6 -4.6 245 0 15.6 9.3 2.5 2.5 2 0 1 3 3
2376.6 6493.0 -6.0 244 0 46.2 17.1 15.0 0.0 0 0 6 3 3
2408.4 6508.4 -5.4 244 0 11.6 12.5 7.5 2.5 2 0 3 1 1
2399.6 6505.8 -5.7 244 0 6.4 21.3 2.5 2.5 2 0 1 4 4
2403.7 6229.5 -5.7 69 0 9.1 24.3 7.5 2.5 2 0 3 1 1
2342.8 6220.2 -5.5 159 0 25.5 55.8 10.0 2.5 2 0 4 0 0
2449.0 6250.9 -6.4 339 0 13.5 36.3 7.5 2.5 2 1 3 1 1
2402.4 6301.6 -4.7 339 0 19.1 54.2 10.0 2.5 2 1 4 4 4
2376.7 6646.7 -5.2 152 0 7.6 65.3 7.5 2.5 2 1 3 2 2
2355.1 6816.9 -5.6 158 0 8.1 8.4 5.0 2.5 4 1 2 1 1
2428.6 6772.9 -5.8 333 0 12.9 25.2 10.0 2.5 2 1 4 5 5
2428.2 6725.1 -5.5 64 0 8.0 35.4 7.5 2.5 2 1 3 4 4
2406.0 6759.7 -4.8 333 0 10.9 35.9 15.0 0.0 0 1 6 2 2
2384.4 6719.5 -3.7 152 0 25.4 7.3 5.0 2.5 2 0 2 4 4
2145.5 6934.0 -7.1 156 0 11.8 42.5 10.0 2.5 2 1 4 4 4
2238.6 6975.0 -7.5 336 0 12.7 42.8 7.5 2.5 4 1 3 5 5
2303.6 6907.9 -6.5 340 0 15.3 10.4 5.0 2.5 2 0 2 2 2
2346.0 6841.0 -7.6 159 0 13.0 79.2 12.5 2.5 2 1 5 1 1
2174.8 6831.1 -3.1 181 0 10.7 18.5 7.5 0.0 0 1 3 2 2
2182.8 6858.8 -4.8 158 0 12.4 41.5 10.0 2.5 2 1 4 1 1
2260.0 6908.3 -6.1 246 0 6.2 7.9 5.0 2.5 2 1 2 5 5
2248.7 6891.9 -5.7 248 0 39.5 11.8 12.5 2.5 2 0 5 4 4
2267.3 6758.9 -2.7 153 0 11.7 28.1 10.0 2.5 4 1 4 1 1
1951.3 6335.9 -1.6 155 0 8.7 18.8 5.0 2.5 2 1 2 3 3
2027.8 6364.1 -2.1 247 0 9.1 22.6 7.5 2.5 2 1 3 2 2
2010.3 6356.8 -1.8 247 0 9.5 22.6 7.5 2.5 2 0 3 2 2
1993.4 6349.5 -1.6 247 0 10.3 22.4 5.0 2.5 2 1 2 0 0
1990.1 6360.6 -2.9 67 0 12.2 18.2 5.0 2.5 2 1 2 4 4
2004.2 6399.5 -3.6 245 0 18.0 12.7 7.5 2.5 2 0 3 4 4
2043.5 6388.0 -3.3 68 0 18.3 12.2 7.5 0.0 0 0 3 5 5
2082.5 6328.3 -1.5 67 0 5.7 15.4 7.5 2.5 2 1 3 1 1
2094.3 6367.2 -2.0 337 0 3.6 9.1 7.5 0.0 0 0 3 5 5
2080.7 6387.2 -2.4 247 0 9.1 21.9 7.5 2.5 4 0 3 5 5
2071.9 6359.1 -2.1 247 0 9.1 3.4 7.5 2.5 2 0 3 3 3
2063.1 6379.9 -2.6 247 0 9.1 22.5 7.5 2.5 2 0 3 4 4
2060.3 6344.2 -1.8 67 0 16.6 6.0 7.5 2.5 2 0 3 3 3
2045.2 6372.5 -2.5 248 0 8.9 22.9 7.5 0.0 0 1 3 0 0
2103.8 6398.1 -2.6 65 0 12.7 12.6 5.0 0.0 0 0 2 2 2
2100.5 6420.5 -2.9 335 0 18.4 12.6 5.0 2.5 4 0 2 5 5
2060.8 6426.0 -3.2 245 0 18.4 12.5 5.0 2.5 2 0 2 5 5
2121.7 6427.9 -2.5 155 0 4.0 5.1 5.0 0.0 0 1 2 3 3
2126.8 6466.0 -3.0 244 0 11.0 7.7 2.5 2.5 2 0 1 4 4
2130.2 6459.1 -2.9 244 0 11.0 31.8 10.0 2.5 2 0 4 2 2
2143.2 6401.4 -1.9 155 0 16.2 9.2 5.0 2.5 2 0 2 5 5
2153.6 6417.6 -2.1 151 0 19.5 6.0 5.0 2.5 2 0 2 3 3
2168.1 6421.3 -2.0 155 0 6.6 18.1 5.0 2.5 2 1 2 3 3
2167.3 6402.2 -1.9 154 0 9.2 27.5 7.5 2.5 4 1 3 1 1
2257.1 6445.8 -3.7 334 0 9.2 27.3 7.5 2.5 2 1 3 2 2
2177.0 6481.0 -2.7 244 0 10.9 13.9 7.5 2.5 2 1 3 3 3
2076.3 6561.9 -2.8 252 0 6.6 15.2 2.5 2.5 2 1 1 1 1
2098.5 6572.1 -2.2 342 0 6.7 17.8 7.5 2.5 2 1 3 4 4
2103.8 6565.0 -1.9 162 0 14.6 4.8 2.5 2.5 4 0 1 3 3
2112.4 6541.1 -2.6 73 0 17.5 6.2 5.0 2.5 4 0 2 1 1
2110.2 6532.4 -2.9 253 0 15.3 3.9 5.0 2.5 4 0 2 1 1
2116.7 6496.3 -3.2 71 0 11.7 24.1 7.5 2.5 2 1 3 2 2
2140.6 6535.4 -2.5 340 0 10.8 6.1 5.0 2.5 2 0 2 5 5
2130.0 6516.6 -3.0 341 0 26.5 4.4 7.5 2.5 2 0 3 1 1
