-2425.4 -7600.0 -8.6 120 0 9.0 22.4 2.5 2.5 2 1 1 0 0
-955.1 -3448.0 -5.9 351 0 13.7 14.1 5.0 2.5 2 1 2 2 2
-949.9 -3467.8 -6.0 351 0 9.3 4.8 2.5 2.5 2 0 1 1 1
-477.4 -3546.9 -2.1 82 0 9.8 19.2 5.0 0.0 0 1 2 3 3
-489.4 -3704.1 -2.6 81 0 17.1 10.4 7.5 2.5 2 0 3 5 5
-387.3 -3591.7 -2.6 355 0 41.1 10.0 7.5 2.5 2 0 3 3 3
-504.5 -3817.4 -2.6 81 0 32.4 11.2 10.0 2.5 2 0 4 1 1
-710.7 -3878.7 -6.2 354 0 15.4 15.2 5.0 2.5 2 0 2 3 3
-757.6 -3536.0 -5.8 353 0 21.4 12.2 7.5 2.5 2 0 3 3 3
-725.2 -3746.9 -4.9 352 0 18.5 13.7 2.5 2.5 2 0 1 4 4
-796.5 -3614.8 -6.3 254 0 14.3 33.3 10.0 2.5 4 1 4 0 0
-738.1 -3671.2 -5.7 352 0 38.1 13.4 10.0 2.5 2 0 4 2 2
-751.8 -3707.8 -5.3 352 0 12.3 10.7 7.5 2.5 2 0 3 1 1
-730.1 -3729.5 -4.9 352 0 9.3 15.4 7.5 0.0 0 1 3 4 4
-925.9 -3807.5 -8.1 78 0 13.2 30.8 7.5 2.5 2 1 3 1 1
-2373.6 -7660.6 -8.6 105 0 3.1 19.3 2.5 0.0 0 1 1 2 2
-4774.7 -4217.8 -13.1 337 0 21.9 19.8 10.0 2.5 2 0 4 5 5
-5495.7 -4484.9 -16.9 179 0 24.5 27.2 10.0 0.0 0 0 4 0 0
-427.7 -3528.6 -2.1 84 0 18.1 10.8 7.5 0.0 0 0 3 3 3
-371.6 -3523.1 -2.7 174 0 10.8 18.1 2.5 2.5 2 1 1 5 5
4239.0 -6885.1 2.1 137 0 6.2 13.1 2.5 2.5 2 1 1 2 2
4462.3 -6798.3 2.6 140 0 9.7 9.2 7.5 2.5 2 0 3 2 2
4446.2 -6824.2 2.5 319 0 9.1 9.8 5.0 2.5 2 1 2 1 1
4400.2 -6759.9 2.4 318 0 8.3 7.2 7.5 2.5 2 0 3 3 3
4228.4 -6871.1 2.0 141 0 12.1 10.7 7.5 0.0 0 0 3 3 3
4211.9 -6733.7 1.9 226 0 9.1 11.8 7.5 2.5 2 1 3 5 5
4259.9 -6688.1 2.2 227 0 11.8 10.6 5.0 2.5 2 0 2 3 3
4305.6 -6776.0 2.0 227 0 8.7 10.4 7.5 2.5 2 1 3 5 5
4326.2 -6717.3 2.3 47 0 11.3 11.2 7.5 2.5 4 0 3 4 4
4316.6 -6860.4 2.2 43 0 7.9 13.4 7.5 2.5 2 1 3 2 2
4407.7 -6725.6 2.5 138 0 10.7 10.6 5.0 2.5 2 0 2 2 2
4383.3 -6795.9 2.2 45 0 9.8 16.3 5.0 2.5 2 1 2 4 4
4458.4 -6837.6 2.6 314 0 11.5 10.6 5.0 2.5 2 0 2 0 0
4425.6 -6886.4 2.5 45 0 14.8 8.1 5.0 2.5 2 0 2 4 4
4255.6 -6823.6 1.8 229 0 11.8 12.7 5.0 0.0 0 1 2 0 0
4242.4 -6706.3 2.1 223 0 11.3 10.6 2.5 2.5 2 0 1 1 1
4292.0 -6751.9 2.1 50 0 15.7 14.5 7.5 2.5 2 0 3 1 1
4389.4 -6693.2 2.6 231 0 9.1 11.5 7.5 0.0 0 1 3 2 2
4433.2 -6758.3 2.5 136 0 9.3 9.5 7.5 2.5 2 1 3 4 4
4183.1 -6767.1 1.7 226 0 13.7 10.5 7.5 2.5 2 0 3 5 5
4377.1 -6936.3 2.4 48 0 15.5 15.4 7.5 2.5 2 0 3 4 4
4300.1 -6875.1 2.2 46 0 13.7 12.8 5.0 2.5 2 0 2 4 4
4241.3 -6801.9 1.7 45 0 8.7 10.5 5.0 2.5 2 1 2 4 4
4320.3 -6760.9 2.1 226 0 13.0 12.7 7.5 2.5 2 0 3 3 3
4359.8 -6770.7 2.2 231 0 11.8 6.5 7.5 0.0 0 0 3 3 3
4311.8 -6731.7 2.2 51 0 11.2 11.4 7.5 2.5 4 1 3 1 1
4444.3 -6869.0 2.5 48 0 9.6 12.8 5.0 2.5 2 1 2 3 3
4236.2 -6844.5 2.0 228 0 11.6 9.2 2.5 2.5 2 0 1 0 0
4258.8 -6908.2 2.2 139 0 11.0 13.0 7.5 2.5 4 1 3 4 4
4277.4 -6671.6 2.3 226 0 10.1 11.3 7.5 2.5 2 1 3 3 3
4447.9 -6777.6 2.5 151 0 9.5 8.3 2.5 2.5 2 0 1 1 1
4363.3 -6725.3 2.4 229 0 8.5 14.2 5.0 2.5 4 1 2 3 3
4194.1 -6751.1 1.8 228 0 8.6 11.2 2.5 2.5 2 1 1 0 0
4328.2 -6888.1 2.3 229 0 10.1 11.8 7.5 2.5 2 1 3 2 2
4410.1 -6902.9 2.4 47 0 16.6 10.0 2.5 2.5 4 0 1 4 4
4271.8 -6811.0 1.8 228 0 16.0 10.0 7.5 2.5 2 0 3 3 3
4273.9 -6768.2 2.0 46 0 10.9 12.7 7.5 2.5 2 1 3 5 5
4498.3 -6832.9 2.6 48 0 13.0 10.5 7.5 2.5 2 0 3 2 2
4230.1 -6717.8 2.0 226 0 13.6 10.1 5.0 2.5 2 0 2 0 0
4285.1 -6890.5 2.2 49 0 12.0 9.1 5.0 2.5 2 0 2 1 1
4417.8 -6740.2 2.5 144 0 9.9 10.5 7.5 2.5 2 1 3 0 0
4363.0 -6749.3 2.3 224 0 4.5 10.7 7.5 2.5 4 1 3 5 5
4202.8 -6829.3 1.6 138 0 9.2 11.4 5.0 2.5 2 1 2 4 4
4298.6 -6915.8 2.3 230 0 8.2 11.7 5.0 2.5 2 1 2 1 1
4392.6 -6917.8 2.4 47 0 10.4 10.6 7.5 2.5 2 1 3 0 0
4365.6 -6813.1 2.2 48 0 9.9 10.9 7.5 2.5 2 1 3 5 5
4259.7 -6781.5 1.9 47 0 13.9 10.8 7.5 2.5 4 0 3 4 4
4302.5 -6646.9 2.5 230 0 12.7 14.4 5.0 2.5 2 1 2 3 3
6798.3 -3446.8 7.4 317 0 10.9 12.1 2.5 2.5 4 1 1 0 0
6777.3 -3525.0 8.6 229 0 11.8 11.2 2.5 2.5 2 0 1 1 1
6892.0 -3403.2 7.2 230 0 14.6 7.2 5.0 2.5 2 0 2 1 1
6764.9 -3480.9 8.0 51 0 14.7 7.7 5.0 2.5 2 0 2 0 0
6951.6 -3467.8 8.5 43 0 10.0 12.2 5.0 0.0 0 1 2 3 3
6827.0 -3505.3 8.5 234 0 15.4 13.1 7.5 0.0 0 0 3 2 2
6787.5 -3473.9 7.8 47 0 15.6 20.5 7.5 2.5 2 1 3 1 1
6930.8 -3486.6 8.7 141 0 11.1 7.2 2.5 0.0 0 0 1 1 1
6772.8 -3501.2 8.2 48 0 10.9 12.4 5.0 0.0 0 1 2 2 2
6803.7 -3440.2 7.2 315 0 13.6 6.1 2.5 2.5 2 0 1 5 5
6832.5 -3442.1 7.2 136 0 12.6 24.6 7.5 2.5 2 1 3 4 4
6875.3 -3529.5 8.7 46 0 10.6 11.5 7.5 2.5 2 1 3 0 0
6925.5 -3428.8 7.4 50 0 5.2 22.4 7.5 2.5 2 1 3 3 3
6876.5 -3484.0 8.3 223 0 9.6 15.5 7.5 2.5 4 1 3 0 0
6810.9 -3450.6 7.5 314 0 10.6 4.9 7.5 2.5 2 0 3 2 2
6844.3 -3496.9 8.5 230 0 6.9 12.7 7.5 2.5 2 1 3 4 4
6903.3 -3441.9 7.7 50 0 9.9 12.6 7.5 2.5 2 1 3 0 0
6886.2 -3448.9 7.7 47 0 15.7 11.7 5.0 2.5 2 0 2 1 1
6739.6 -3515.4 8.3 47 0 7.6 17.4 7.5 2.5 2 1 3 2 2
6753.3 -3501.5 8.2 48 0 7.1 15.3 2.5 0.0 0 1 1 3 3
6934.7 -3414.6 7.6 319 0 9.5 6.4 7.5 2.5 2 0 3 3 3
6857.4 -3434.2 7.4 314 0 11.5 7.6 5.0 2.5 2 0 2 1 1
6833.8 -3537.2 8.7 44 0 6.5 16.0 2.5 2.5 2 1 1 0 0
6923.3 -3606.5 8.9 317 0 21.0 17.2 15.0 0.0 0 0 6 1 1
6833.5 -3466.7 7.9 316 0 12.7 11.4 5.0 2.5 2 0 2 4 4
6704.8 -3468.5 7.8 228 0 19.5 9.1 7.5 2.5 2 0 3 3 3
6950.6 -3445.4 8.3 325 0 6.0 10.9 2.5 2.5 2 1 1 3 3
6802.1 -3487.9 8.1 50 0 5.6 17.3 5.0 2.5 2 1 2 5 5
6919.9 -3464.7 8.4 226 0 11.2 12.7 5.0 2.5 2 1 2 0 0
6850.5 -3518.4 8.6 140 0 8.3 18.0 7.5 2.5 2 1 3 3 3
6865.1 -3457.6 7.7 51 0 9.2 10.6 5.0 2.5 4 1 2 1 1
6798.8 -3518.1 8.5 229 0 15.2 11.9 7.5 2.5 2 0 3 1 1
6908.1 -3489.0 8.4 44 0 21.8 15.7 10.0 2.5 2 0 4 1 1
6883.5 -3418.6 7.4 235 0 6.3 10.1 2.5 2.5 2 1 1 2 2
4883.8 -1034.4 5.3 232 0 12.5 8.0 7.5 2.5 2 0 3 3 3
5045.9 -1000.0 6.9 232 0 11.2 10.8 7.5 2.5 2 0 3 5 5
4892.2 -1184.6 6.3 320 0 10.7 17.7 7.5 2.5 2 1 3 5 5
4670.3 -1345.9 6.8 143 0 7.8 18.5 7.5 2.5 2 1 3 3 3
4977.9 -996.6 6.3 327 0 11.0 17.0 5.0 2.5 2 1 2 1 1
4846.3 -1170.3 6.2 230 0 6.9 31.1 2.5 2.5 2 1 1 4 4
5154.3 -846.6 8.6 148 0 24.1 9.3 7.5 2.5 2 0 3 4 4
5100.3 -977.6 7.1 229 0 5.2 10.0 7.5 0.0 0 1 3 2 2
4730.6 -1293.6 6.6 52 0 5.4 10.5 7.5 2.5 2 1 3 4 4
5057.3 -1039.0 6.6 45 0 4.0 6.1 5.0 2.5 2 1 2 1 1
4841.6 -1152.5 6.0 230 0 9.9 11.7 2.5 2.5 2 1 1 4 4
4951.6 -1063.4 5.3 235 0 6.9 14.3 7.5 2.5 2 1 3 5 5
5087.6 -1015.5 6.5 51 0 14.2 8.2 5.0 0.0 0 0 2 5 5
4776.8 -1271.3 6.4 50 0 6.8 18.0 5.0 2.5 2 1 2 3 3
4665.3 -1307.3 6.6 237 0 9.8 4.3 7.5 2.5 2 0 3 2 2
5180.0 -864.4 8.5 57 0 12.4 14.1 7.5 2.5 2 1 3 1 1
5107.9 -951.6 7.5 235 0 6.2 11.0 2.5 2.5 2 1 1 0 0
4660.0 -1299.9 6.5 238 0 10.9 8.9 5.0 2.5 2 0 2 1 1
5021.7 -1038.0 6.2 229 0 4.3 11.8 5.0 2.5 2 1 2 3 3
4812.5 -1256.2 6.4 48 0 6.3 13.6 2.5 2.5 2 1 1 0 0
5192.5 -846.4 8.7 58 0 9.2 20.1 5.0 2.5 2 1 2 3 3
5120.4 -974.5 7.3 25 0 6.1 7.5 5.0 2.5 2 1 2 4 4
4978.7 -1046.6 5.6 232 0 8.2 29.1 2.5 2.5 2 1 1 1 1
4722.0 -1202.4 6.3 324 0 5.7 4.3 5.0 2.5 2 0 2 4 4
4680.0 -1308.4 6.6 232 0 7.1 6.5 7.5 2.5 2 0 3 2 2
4851.0 -1159.9 6.1 230 0 7.6 4.1 2.5 2.5 2 0 1 4 4
5016.2 -1031.7 6.3 233 0 5.2 3.8 7.5 2.5 2 0 3 3 3
5163.5 -813.5 8.8 237 0 4.4 13.3 5.0 2.5 2 1 2 3 3
5173.0 -827.7 8.8 235 0 3.3 6.2 5.0 2.5 2 1 2 3 3
5092.7 -956.9 7.4 230 0 6.6 15.7 7.5 2.5 2 1 3 4 4
4783.1 -1215.3 6.3 232 0 6.8 16.4 5.0 2.5 2 1 2 0 0
4901.8 -1062.7 5.2 53 0 7.0 18.0 7.5 2.5 2 1 3 5 5
5066.6 -975.8 7.2 230 0 6.5 22.4 2.5 2.5 2 1 1 0 0
4676.5 -1292.2 6.5 231 0 7.8 27.0 2.5 2.5 2 1 1 2 2
5049.4 -1014.1 6.7 230 0 4.8 15.3 5.0 2.5 2 1 2 5 5
4740.3 -1253.1 6.4 235 0 12.8 7.3 7.5 2.5 2 0 3 3 3
5052.5 -1050.3 6.3 51 0 11.2 7.8 5.0 2.5 2 0 2 2 2
5173.3 -901.0 8.2 238 0 13.9 5.7 7.5 0.0 0 0 3 5 5
4715.4 -1265.7 6.4 235 0 11.9 6.1 7.5 2.5 2 0 3 5 5
5168.0 -922.5 8.0 235 0 7.4 16.2 2.5 2.5 2 1 1 2 2
5012.4 -1023.4 6.4 234 0 8.8 9.0 7.5 2.5 2 1 3 3 3
4820.6 -1234.2 6.2 54 0 6.9 19.6 7.5 2.5 2 1 3 4 4
5036.4 -1016.6 6.7 228 0 6.1 15.4 7.5 2.5 2 1 3 1 1
5169.3 -809.8 8.8 237 0 9.3 23.3 2.5 2.5 4 1 1 3 3
4713.7 -1324.0 6.7 52 0 18.9 10.8 10.0 2.5 2 0 4 1 1
280.4 2010.6 -5.6 166 0 14.4 4.7 2.5 2.5 4 0 1 1 1
294.2 1194.9 -6.3 79 0 6.3 12.3 5.0 2.5 2 1 2 4 4
312.7 2008.4 -5.4 79 0 5.4 18.4 7.5 2.5 2 1 3 5 5
656.4 1473.7 -4.9 257 0 9.9 11.7 5.0 2.5 2 1 2 3 3
376.5 1298.6 -5.4 349 0 13.0 5.9 5.0 2.5 2 0 2 3 3
688.2 1459.7 -4.6 347 0 11.8 5.6 7.5 2.5 2 0 3 3 3
288.2 1223.1 -6.2 259 0 6.3 15.1 7.5 2.5 4 1 3 5 5
392.8 2021.9 -5.0 253 0 11.0 9.9 5.0 2.5 2 0 2 1 1
505.0 2115.9 -3.8 341 0 10.6 5.1 7.5 2.5 2 0 3 5 5
-153.0 1716.4 -6.8 166 0 19.6 6.9 7.5 2.5 2 0 3 4 4
388.0 1971.6 -4.9 78 0 16.3 7.7 5.0 2.5 2 0 2 0 0
477.4 1441.5 -6.2 258 0 8.8 23.9 5.0 2.5 2 1 2 3 3
761.0 1557.5 -4.5 168 0 18.9 8.3 2.5 2.5 2 0 1 5 5
377.5 2080.7 -5.3 167 0 8.4 12.1 5.0 2.5 2 1 2 0 0
240.3 1108.8 -5.5 73 0 12.4 5.8 5.0 2.5 2 0 2 1 1
172.4 1810.0 -6.3 78 0 5.9 26.5 7.5 0.0 0 0 3 1 1
-188.2 1643.3 -6.7 76 0 7.0 27.7 2.5 2.5 2 1 1 2 2
293.5 1220.0 -6.0 256 0 3.4 6.2 5.0 2.5 2 1 2 5 5
791.5 1541.9 -4.0 348 0 10.2 19.5 5.0 2.5 2 1 2 4 4
-149.6 1702.9 -6.8 165 0 8.3 6.4 5.0 2.5 2 0 2 2 2
222.4 1139.9 -6.0 254 0 6.7 8.7 5.0 2.5 2 1 2 5 5
376.0 1984.2 -4.9 167 0 8.3 6.0 7.5 2.5 2 0 3 0 0
789.7 1551.4 -4.1 348 0 9.5 5.5 5.0 2.5 2 0 2 5 5
248.8 1137.0 -5.9 349 0 7.5 5.3 5.0 2.5 4 0 2 5 5
-122.9 1714.0 -6.8 348 0 5.9 8.0 7.5 2.5 2 1 3 5 5
-153.5 1538.0 -6.0 74 0 8.2 22.7 2.5 0.0 0 1 1 1 1
132.0 1891.5 -6.0 347 0 14.3 5.6 7.5 2.5 2 0 3 3 3
79.6 1840.2 -6.2 256 0 5.3 11.7 5.0 2.5 2 1 2 3 3
-136.1 1734.9 -6.7 255 0 4.6 6.4 5.0 2.5 2 1 2 4 4
419.9 2057.0 -5.1 74 0 11.3 9.9 2.5 2.5 2 0 1 0 0
123.2 1908.6 -6.1 350 0 6.7 12.2 2.5 2.5 4 1 1 2 2
-72.8 1805.6 -6.6 261 0 9.0 22.2 5.0 2.5 2 1 2 0 0
104.2 1826.6 -6.2 76 0 5.6 10.4 5.0 2.5 2 1 2 0 0
420.6 1996.2 -4.9 348 0 7.6 13.8 2.5 2.5 2 1 1 4 4
-142.7 1696.1 -6.9 164 0 8.3 16.1 5.0 2.5 2 1 2 2 2
479.2 1413.0 -6.2 166 0 8.8 8.6 7.5 2.5 2 0 3 3 3
438.9 2086.4 -4.8 345 0 10.2 7.8 5.0 0.0 0 0 2 3 3
82.8 1867.3 -6.2 165 0 12.6 5.6 2.5 0.0 0 0 1 1 1
346.6 1316.4 -5.7 259 0 7.5 15.3 5.0 2.5 2 1 2 2 2
770.4 1546.5 -4.1 167 0 7.8 6.8 7.5 2.5 4 0 3 1 1
480.3 2135.3 -4.1 255 0 25.2 8.4 5.0 2.5 2 0 2 4 4
168.8 1840.8 -6.2 348 0 8.7 5.9 5.0 2.5 4 0 2 0 0
400.6 2052.0 -5.2 77 0 5.5 12.3 5.0 2.5 2 1 2 3 3
83.0 1907.1 -6.3 257 0 12.1 7.1 5.0 2.5 2 0 2 0 0
-181.9 1645.0 -6.6 74 0 6.0 6.3 7.5 2.5 2 1 3 0 0
384.0 1280.4 -5.7 350 0 9.7 5.8 7.5 0.0 0 0 3 5 5
372.2 1998.4 -5.0 166 0 21.9 7.1 5.0 2.5 4 0 2 5 5
290.1 2031.7 -5.6 261 0 11.0 8.2 7.5 0.0 0 0 3 5 5
506.7 1434.6 -6.0 259 0 7.4 13.9 7.5 2.5 2 1 3 5 5
410.6 2108.2 -4.9 255 0 17.5 12.5 7.5 2.5 2 0 3 3 3
307.8 2000.7 -5.4 70 0 12.8 5.7 5.0 2.5 2 0 2 3 3
678.9 1435.0 -4.7 76 0 17.5 8.3 5.0 2.5 2 0 2 2 2
362.3 1273.0 -5.7 169 0 8.0 12.4 7.5 2.5 2 1 3 5 5
788.5 1582.2 -4.6 256 0 7.5 22.6 2.5 0.0 0 1 1 3 3
666.7 1448.1 -4.8 76 0 5.2 14.3 7.5 2.5 2 1 3 1 1
500.3 2114.8 -3.8 339 0 11.0 5.8 5.0 2.5 2 0 2 3 3
79.0 1882.0 -6.3 165 0 12.5 6.0 5.0 2.5 2 0 2 0 0
419.5 2012.1 -4.8 348 0 16.9 6.4 7.5 2.5 2 0 3 0 0
-176.0 1652.6 -6.6 75 0 5.6 5.0 7.5 2.5 2 0 3 2 2
473.8 2086.5 -4.4 166 0 12.9 6.0 2.5 2.5 2 0 1 0 0
511.5 1405.1 -6.1 345 0 10.9 18.7 5.0 2.5 2 1 2 5 5
-4897.6 1338.6 -14.6 64 0 6.4 9.8 2.5 2.5 2 1 1 1 1
-4870.4 1228.8 -14.5 62 0 6.4 3.1 5.0 2.5 4 0 2 2 2
-5079.0 1063.0 -14.4 67 0 20.4 10.4 5.0 2.5 2 0 2 5 5
-4788.1 1273.9 -14.1 66 0 4.5 9.2 2.5 2.5 2 1 1 5 5
-4662.3 1359.2 -14.8 336 0 17.1 6.7 7.5 2.5 2 0 3 3 3
-4976.3 1177.8 -14.5 65 0 6.2 3.5 7.5 2.5 2 0 3 3 3
-4820.8 1298.1 -14.3 245 0 11.0 13.0 2.5 2.5 2 1 1 3 3
-4651.9 1478.2 -14.0 243 0 10.4 10.1 7.5 2.5 2 0 3 0 0
-5077.8 1074.9 -14.7 67 0 7.6 30.8 5.0 2.5 2 1 2 0 0
-4813.2 1273.9 -14.4 63 0 6.4 4.2 7.5 2.5 2 0 3 4 4
-4836.5 1350.6 -14.3 246 0 6.5 10.3 5.0 2.5 4 1 2 5 5
-4667.8 1369.4 -14.9 336 0 4.7 5.8 5.0 2.5 2 1 2 1 1
-5119.0 1101.8 -14.9 244 0 13.4 14.8 10.0 2.5 2 1 4 5 5
-5010.4 1215.6 -15.0 247 0 7.1 14.4 7.5 2.5 4 1 3 3 3
-4834.2 1281.9 -14.8 248 0 10.4 13.3 2.5 2.5 4 1 1 1 1
-5032.8 1158.4 -14.6 62 0 8.3 4.1 7.5 2.5 2 0 3 3 3
-4789.3 1464.0 -15.0 251 0 13.3 17.6 5.0 2.5 2 1 2 2 2
-5076.0 1169.8 -14.9 248 0 7.5 17.5 7.5 2.5 2 0 3 1 1
-5045.8 1137.9 -14.7 65 0 17.9 10.4 10.0 2.5 2 0 4 1 1
-4683.9 1458.6 -14.4 157 0 10.0 11.3 7.5 2.5 2 1 3 0 0
-4780.3 1314.6 -13.9 244 0 8.4 17.2 5.0 2.5 2 1 2 4 4
-5067.1 1189.2 -15.0 246 0 11.1 10.2 7.5 2.5 2 0 3 0 0
-4957.4 1190.4 -14.5 67 0 11.5 11.6 5.0 2.5 2 1 2 1 1
-4686.7 1479.5 -14.2 68 0 15.8 9.8 7.5 2.5 4 0 3 2 2
-4900.6 1206.2 -14.3 156 0 10.3 18.1 7.5 2.5 2 1 3 0 0
-5066.1 1127.7 -14.7 65 0 5.2 13.8 5.0 2.5 2 1 2 4 4
-5162.7 1056.9 -14.5 157 0 10.5 5.8 2.5 2.5 2 0 1 5 5
-5045.6 1153.3 -14.8 64 0 5.5 23.3 5.0 2.5 2 1 2 3 3
-4957.0 1178.7 -14.4 66 0 5.5 9.6 2.5 2.5 2 1 1 1 1
-4892.1 1268.6 -14.9 246 0 9.1 13.1 5.0 2.5 2 1 2 0 0
-4757.4 1277.2 -14.0 65 0 17.7 9.3 5.0 2.5 2 0 2 5 5
-5005.0 1202.1 -14.9 248 0 6.7 4.6 5.0 2.5 2 0 2 0 0
-4695.3 1479.4 -14.5 337 0 6.3 24.0 5.0 2.5 2 1 2 5 5
-4871.4 1219.3 -14.4 66 0 14.2 8.4 2.5 2.5 2 0 1 2 2
-4793.6 1256.4 -14.6 66 0 27.1 13.6 7.5 2.5 2 0 3 1 1
-4669.2 1498.4 -13.9 339 0 22.0 10.1 5.0 2.5 2 0 2 3 3
-4914.0 1258.4 -14.8 248 0 13.1 11.5 7.5 2.5 2 0 3 2 2
-5088.0 1134.6 -14.8 247 0 6.8 25.4 2.5 2.5 2 1 1 1 1
-4755.4 1288.4 -13.9 66 0 6.1 3.9 7.5 2.5 2 0 3 1 1
-4994.5 1175.9 -14.8 68 0 6.7 23.7 5.0 2.5 2 0 2 5 5
-4752.0 1476.4 -14.7 249 0 21.7 14.1 10.0 2.5 2 0 4 0 0
-4772.2 1426.4 -15.2 248 0 13.9 10.1 2.5 2.5 2 0 1 5 5
-5012.7 1151.8 -14.6 67 0 18.5 9.9 5.0 2.5 2 0 2 4 4
-4768.5 1288.0 -13.9 66 0 7.5 6.0 7.5 2.5 2 0 3 1 1
-4814.4 1384.2 -15.0 66 0 5.6 7.3 5.0 2.5 2 1 2 3 3
-4885.6 1275.1 -14.9 244 0 8.8 16.2 7.5 2.5 2 1 3 5 5
-4818.9 1427.7 -15.4 67 0 38.0 19.1 7.5 0.0 0 0 3 0 0
-5022.2 1158.2 -14.7 67 0 6.7 3.8 7.5 2.5 4 0 3 5 5
-4980.2 1212.3 -14.7 247 0 5.5 20.2 5.0 2.5 2 1 2 4 4
-4808.8 1406.1 -15.3 248 0 10.6 11.7 2.5 2.5 4 1 1 5 5
-4659.2 1336.2 -14.3 338 0 3.4 4.9 7.5 2.5 2 1 3 5 5
-4883.6 1352.0 -14.3 336 0 9.8 5.6 7.5 2.5 2 0 3 5 5
-4753.0 1479.9 -14.6 249 0 11.9 3.3 5.0 2.5 2 0 2 5 5
-4940.1 1250.4 -14.7 247 0 7.1 10.6 5.0 2.5 2 1 2 0 0
-5011.0 1163.4 -14.7 67 0 8.0 4.4 2.5 2.5 4 0 1 3 3
-4979.9 1231.5 -14.9 247 0 4.9 30.0 7.5 0.0 0 1 3 5 5
-4741.5 1304.8 -13.8 67 0 11.7 10.8 5.0 2.5 4 0 2 2 2
-4866.8 1328.6 -14.4 249 0 13.3 6.8 7.5 2.5 2 0 3 3 3
-5069.1 1105.0 -14.6 65 0 17.2 8.9 2.5 2.5 2 0 1 0 0
-4623.9 1488.9 -13.5 246 0 12.7 6.0 2.5 2.5 4 0 1 4 4
-5152.3 1041.1 -14.5 66 0 6.3 13.5 5.0 2.5 2 1 2 0 0
-5034.6 1161.9 -14.7 64 0 8.7 18.7 5.0 2.5 2 0 2 0 0
-4961.6 1239.9 -14.8 247 0 12.0 8.9 7.5 2.5 2 0 3 3 3
-5071.5 1149.2 -14.8 157 0 6.5 7.5 7.5 2.5 2 0 3 1 1
-4760.3 1330.9 -14.1 245 0 16.2 9.6 5.0 2.5 2 0 2 1 1
-5055.9 1144.6 -14.7 64 0 5.3 3.2 2.5 2.5 2 0 1 2 2
-4684.8 1356.6 -14.6 245 0 7.5 30.3 7.5 2.5 4 1 3 1 1
-4906.1 1362.4 -14.4 247 0 7.8 15.2 7.5 2.5 2 1 3 1 1
-4600.1 1458.0 -13.7 67 0 8.1 16.7 5.0 0.0 0 1 2 0 0
-5069.7 1116.4 -14.6 154 0 3.5 4.8 5.0 0.0 0 1 2 0 0
-4618.3 1484.4 -13.5 247 0 6.2 6.4 7.5 0.0 0 1 3 3 3
-5043.7 1196.5 -14.8 247 0 3.7 6.6 5.0 2.5 2 1 2 0 0
-5085.0 1158.5 -15.0 337 0 13.6 12.9 5.0 2.5 2 0 2 0 0
-4751.8 1324.4 -14.0 247 0 6.4 8.9 5.0 2.5 4 1 2 2 2
-4871.7 1330.4 -14.3 248 0 5.2 3.3 7.5 2.5 2 0 3 1 1
-4662.8 1324.1 -14.3 67 0 16.0 8.1 7.5 2.5 2 0 3 5 5
-4888.1 1362.8 -14.5 336 0 13.7 5.8 2.5 2.5 2 0 1 5 5
-5045.7 1184.1 -14.8 244 0 8.7 6.1 2.5 2.5 2 0 1 0 0
-4936.2 1348.3 -15.1 158 0 9.7 15.3 2.5 2.5 2 1 1 1 1
-4830.6 1366.7 -14.8 66 0 20.1 13.8 5.0 2.5 4 0 2 0 0
-4881.4 1232.1 -14.6 69 0 7.3 10.2 5.0 2.5 2 1 2 5 5
-4748.6 1297.2 -13.8 69 0 7.1 8.5 7.5 2.5 4 1 3 1 1
-4863.0 1333.9 -14.2 248 0 4.3 3.6 7.5 2.5 2 0 3 5 5
-5048.5 1196.4 -14.9 246 0 5.4 12.1 5.0 2.5 2 1 2 1 1
-4789.3 1465.8 -14.9 71 0 13.1 6.8 7.5 2.5 2 0 3 0 0
-4978.3 1166.7 -14.5 66 0 19.2 9.4 7.5 2.5 2 0 3 3 3
-5044.8 1149.7 -14.6 61 0 5.9 3.4 7.5 2.5 2 0 3 4 4
-4690.5 1367.9 -14.8 245 0 6.8 12.6 7.5 2.5 2 1 3 0 0
-4672.4 -4425.9 -12.1 248 0 5.1 8.8 5.0 2.5 2 1 2 2 2
4403.9 -6110.9 2.6 68 0 4.7 12.5 5.0 2.5 2 1 2 2 2
3425.2 -6558.7 2.2 157 0 5.3 7.9 5.0 0.0 0 1 2 4 4
455.8 -7866.4 -8.7 69 0 7.2 9.7 2.5 2.5 2 1 1 5 5
4072.8 -6284.3 2.3 252 0 11.8 15.4 7.5 0.0 0 1 3 1 1
4179.7 -6730.9 1.8 48 0 13.8 9.9 5.0 2.5 2 0 2 4 4
4142.1 -6760.2 1.8 136 0 11.6 13.9 5.0 2.5 2 1 2 1 1
3906.7 -8172.7 -0.3 139 0 27.5 5.9 7.5 2.5 2 0 3 4 4
3750.8 -8492.7 -5.8 319 0 26.7 7.4 2.5 2.5 2 0 1 3 3
-4400.5 -7673.5 -17.1 88 0 12.9 11.3 5.0 0.0 0 0 2 3 3
-5808.2 -5176.7 -16.9 263 0 12.2 13.5 7.5 2.5 2 1 3 0 0
-6012.1 -4407.2 -19.1 87 0 18.6 13.5 10.0 2.5 2 0 4 1 1
-6050.6 -4361.8 -18.8 93 0 15.8 10.0 10.5 2.5 2 0 3 1 1
4531.5 -4779.3 1.0 99 0 5.1 9.6 7.5 2.5 2 1 3 0 0
-1892.2 -3900.8 -8.0 171 0 15.8 36.0 10.0 2.5 4 1 4 2 2
4550.9 -4733.3 -0.4 275 0 14.7 38.1 10.0 0.0 0 1 4 2 2
-1387.7 2701.8 -7.9 79 0 13.0 38.1 10.0 2.5 2 1 4 1 1
-2140.4 2986.7 -9.1 249 0 22.0 40.6 10.0 0.0 0 1 4 0 0
-1577.1 7440.2 -0.7 265 0 10.6 7.7 5.0 2.5 2 0 2 3 3
-1575.5 7401.7 -0.8 83 0 21.2 8.3 5.0 2.5 2 0 2 5 5
-1562.9 7417.2 -0.8 350 0 8.9 5.3 5.0 2.5 2 0 2 2 2
-1593.4 7418.5 -0.7 173 0 14.1 6.0 5.0 2.5 2 0 2 0 0
-1516.3 7617.6 -1.5 359 0 25.2 7.2 5.0 0.0 0 0 2 3 3
-1304.9 7772.4 -0.8 268 0 11.1 26.1 7.5 0.0 0 1 3 1 1
3372.1 -8138.0 -6.0 245 0 10.2 8.9 5.0 2.5 2 0 2 3 3
3384.5 -8125.2 -5.7 246 0 7.3 13.0 2.5 2.5 2 1 1 1 1
3378.2 -8111.3 -5.5 66 0 9.1 13.0 2.5 2.5 2 1 1 0 0
3409.7 -8093.4 -4.8 65 0 12.2 11.9 5.0 2.5 2 0 2 5 5
3454.1 -8095.2 -4.3 246 0 6.5 13.9 2.5 2.5 2 0 1 2 2
3497.2 -8080.0 -4.0 246 0 10.5 11.0 2.5 2.5 2 1 1 5 5
3724.8 -7977.3 -2.5 66 0 13.0 10.4 5.0 2.5 4 0 2 4 4
3697.0 -7990.3 -2.6 66 0 5.2 12.0 2.5 2.5 2 1 1 2 2
3465.7 -8066.5 -4.1 66 0 5.1 20.9 2.5 2.5 2 0 1 0 0
3681.5 -8014.8 -2.3 246 0 5.2 20.5 2.5 2.5 2 1 1 0 0
3728.4 -7994.9 -1.6 245 0 8.7 10.1 2.5 2.5 2 1 1 1 1
3748.7 -7986.9 -1.5 247 0 15.7 8.9 2.5 2.5 2 0 1 3 3
3809.9 -7954.3 -1.5 247 0 4.5 17.2 2.5 0.0 0 1 1 2 2
5030.4 -7377.1 2.5 331 0 11.1 14.8 5.0 2.5 2 1 2 4 4
5032.0 -7403.4 3.1 245 0 10.2 11.0 2.5 2.5 2 1 1 3 3
5068.6 -7384.0 3.2 246 0 6.1 15.1 2.5 2.5 2 1 1 0 0
5649.9 -7139.5 4.3 340 0 11.2 12.5 2.5 2.5 2 1 1 5 5
-98.7 -4147.1 -5.2 81 0 14.8 25.1 10.0 2.5 2 1 4 4 4
-526.2 -4221.6 -5.5 355 0 11.7 25.7 7.5 2.5 2 1 3 4 4
-1733.1 2751.7 -9.3 279 0 6.1 11.2 7.5 2.5 2 1 3 1 1
-1747.0 2740.0 -9.4 7 0 13.5 10.9 7.5 2.5 4 0 3 2 2
-1770.3 2736.3 -9.5 96 0 11.0 12.4 5.0 2.5 2 1 2 0 0
3837.9 -7950.0 -1.2 246 0 10.6 9.5 5.0 2.5 2 0 2 4 4
4764.1 -7490.8 2.1 336 0 10.8 10.0 7.5 2.5 2 0 3 2 2
1840.2 -6255.6 -8.5 159 0 9.6 20.0 7.5 0.0 0 1 3 5 5
2429.6 -5965.8 -3.4 248 0 12.8 8.9 5.0 2.5 2 0 2 5 5
2646.3 -5886.0 -1.1 238 0 11.7 11.2 5.0 0.0 0 0 2 3 3
2424.2 -5914.7 -2.9 158 0 13.1 5.6 7.5 2.5 2 0 3 5 5
2079.6 -6033.2 -5.7 160 0 10.1 13.5 5.0 2.5 2 1 2 5 5
2074.0 -6081.9 -5.9 159 0 19.5 6.0 5.0 2.5 2 0 2 1 1
2655.4 -5972.8 -3.3 58 0 8.3 5.0 7.5 2.5 2 0 3 2 2
1872.0 -6253.9 -8.4 159 0 5.4 8.3 7.5 0.0 0 1 3 1 1
2077.0 -6052.6 -5.8 157 0 13.6 5.7 7.5 2.5 2 0 3 5 5
2658.0 -5998.0 -3.5 70 0 5.3 7.1 7.5 0.0 0 1 3 5 5
2682.9 -5842.4 -0.6 66 0 5.1 14.4 5.0 2.5 4 1 2 2 2
2615.5 -5801.5 -1.1 338 0 6.2 12.4 7.5 2.5 2 1 3 5 5
1864.6 -6239.0 -8.3 160 0 8.2 4.4 7.5 2.5 2 0 3 3 3
2105.8 -6039.8 -5.6 158 0 14.7 6.0 7.5 2.5 2 0 3 0 0
2084.6 -6114.2 -5.9 160 0 8.8 9.8 5.0 0.0 0 1 2 2 2
2188.1 -6086.2 -6.1 158 0 3.9 8.3 5.0 0.0 0 0 2 0 0
2090.1 -6132.4 -5.9 159 0 12.8 3.9 5.0 2.5 4 0 2 4 4
2048.9 -6095.2 -6.2 158 0 9.7 12.7 2.5 2.5 2 1 1 4 4
2585.1 -5842.1 -1.0 250 0 5.0 10.5 7.5 2.5 2 1 3 3 3
1930.8 -6208.0 -6.7 159 0 7.8 4.3 7.5 2.5 2 0 3 3 3
1832.3 -6231.9 -8.3 158 0 12.1 5.1 2.5 2.5 2 0 1 4 4
1967.0 -6179.7 -6.1 159 0 15.8 4.5 2.5 2.5 2 0 1 5 5
1972.2 -6213.1 -6.0 159 0 10.9 12.3 10.0 2.5 2 1 4 5 5
2239.9 -6012.2 -5.0 159 0 11.0 10.8 5.0 2.5 2 0 2 1 1
2190.6 -6011.7 -5.4 158 0 12.1 5.3 7.5 2.5 2 0 3 4 4
2056.9 -6068.7 -6.0 159 0 20.0 6.1 2.5 2.5 4 0 1 4 4
2215.8 -6007.6 -5.2 160 0 20.8 5.7 5.0 2.5 2 0 2 5 5
2602.1 -5952.5 -3.1 157 0 5.8 10.5 7.5 2.5 2 1 3 0 0
2565.4 -5913.5 -2.9 249 0 15.7 11.8 2.5 2.5 2 0 1 1 1
2058.0 -6036.0 -5.9 159 0 10.1 15.6 7.5 2.5 2 1 3 0 0
1991.8 -6073.8 -6.7 157 0 10.8 20.2 5.0 2.5 2 1 2 4 4
2684.6 -5938.8 -1.8 67 0 9.7 4.1 2.5 0.0 0 0 1 0 0
2570.8 -5892.6 -2.3 69 0 4.9 14.9 5.0 2.5 2 0 2 2 2
2030.0 -6044.2 -6.2 158 0 8.0 15.5 7.5 2.5 2 1 3 1 1
2508.0 -5911.7 -2.8 68 0 10.3 8.9 5.0 2.5 2 0 2 5 5
2561.9 -5790.0 -1.4 160 0 7.8 10.0 2.5 2.5 2 1 1 3 3
2446.4 -5990.9 -3.5 159 0 9.6 4.4 7.5 2.5 2 0 3 1 1
2746.7 -5947.9 -1.1 68 0 15.8 7.0 7.5 2.5 2 0 3 4 4
2174.8 -6015.3 -5.6 159 0 8.7 7.2 7.5 2.5 2 0 3 0 0
1981.5 -6096.3 -6.8 158 0 10.0 5.2 7.5 2.5 2 0 3 0 0
2484.1 -5994.9 -3.7 339 0 14.1 5.4 5.0 2.5 2 0 2 1 1
2776.6 -5903.5 0.3 339 0 4.6 7.4 2.5 2.5 2 1 1 2 2
2788.9 -5780.3 0.4 67 0 4.2 9.5 7.5 2.5 2 0 3 3 3
2701.8 -5823.6 -0.3 70 0 5.4 9.6 5.0 2.5 2 1 2 2 2
2776.8 -5759.6 0.3 67 0 8.8 5.9 5.0 2.5 2 0 2 1 1
2152.9 -6029.5 -5.8 159 0 9.6 4.2 2.5 2.5 2 0 1 1 1
2754.9 -5740.3 0.0 249 0 5.1 11.5 2.5 2.5 2 0 1 3 3
2149.7 -6020.8 -5.7 159 0 9.0 4.2 2.5 2.5 4 0 1 1 1
2625.0 -5929.5 -2.8 248 0 9.1 8.5 7.5 2.5 2 0 3 5 5
2658.6 -5976.4 -3.3 59 0 9.8 3.9 5.0 2.5 2 0 2 0 0
2785.8 -5724.3 0.2 248 0 4.6 10.5 5.0 2.5 4 1 2 1 1
2126.2 -6026.9 -5.7 159 0 9.5 5.5 5.0 2.5 2 0 2 5 5
2463.9 -5873.4 -2.5 249 0 4.9 7.5 7.5 2.5 2 1 3 4 4
2783.0 -5786.8 0.5 68 0 8.6 6.8 5.0 0.0 0 0 2 3 3
2317.3 -6018.0 -4.5 160 0 9.1 10.3 5.0 2.5 2 0 2 5 5
2122.4 -6043.6 -5.7 159 0 19.0 5.2 7.5 2.5 2 0 3 2 2
2469.8 -5863.5 -2.4 249 0 11.4 7.1 5.0 2.5 2 0 2 1 1
2133.0 -6007.9 -5.6 159 0 7.8 4.8 2.5 0.0 0 0 1 2 2
1944.0 -6189.5 -6.1 157 0 15.6 4.4 5.0 2.5 4 0 2 2 2
1897.6 -6230.1 -7.8 159 0 10.0 6.1 2.5 2.5 2 0 1 5 5
2151.4 -6127.4 -6.1 159 0 8.0 11.4 7.5 2.5 2 1 3 0 0
2697.1 -5812.5 -0.2 69 0 6.4 18.0 5.0 2.5 2 1 2 4 4
2252.7 -5986.4 -4.5 158 0 20.5 4.9 7.5 2.5 2 0 3 3 3
2222.3 -5997.9 -5.0 158 0 21.0 5.3 5.0 2.5 2 0 2 5 5
2565.4 -5878.7 -2.0 69 0 4.9 12.8 2.5 2.5 2 0 1 2 2
2619.0 -5840.0 -0.9 68 0 4.6 14.9 7.5 2.5 2 0 3 0 0
2719.8 -5928.6 -0.9 68 0 10.6 9.1 2.5 2.5 2 0 1 1 1
1948.9 -6117.9 -6.8 159 0 22.9 6.2 5.0 2.5 2 0 2 5 5
2083.4 -6067.4 -5.8 157 0 18.8 5.7 5.0 2.5 2 0 2 2 2
2006.6 -6080.7 -6.6 158 0 5.9 6.1 7.5 2.5 2 0 3 2 2
1955.5 -6162.8 -6.2 158 0 8.4 9.5 5.0 2.5 2 1 2 1 1
1863.6 -6223.4 -8.1 159 0 7.5 4.5 5.0 2.5 2 0 2 1 1
2319.8 -6024.7 -4.6 160 0 5.3 10.3 7.5 2.5 2 0 3 4 4
2701.0 -5738.8 -0.4 246 0 5.8 15.2 5.0 2.5 2 1 2 0 0
2105.1 -6054.3 -5.6 160 0 12.2 4.4 7.5 2.5 2 0 3 5 5
2786.4 -5795.9 0.6 67 0 9.5 8.1 2.5 2.5 4 0 1 1 1
2342.2 -6022.2 -4.5 339 0 16.8 5.6 5.0 2.5 2 0 2 5 5
2470.3 -5964.5 -3.4 249 0 4.0 10.4 5.0 2.5 2 0 2 5 5
2172.2 -6074.7 -6.1 158 0 11.7 4.7 2.5 2.5 2 0 1 5 5
2596.1 -5870.9 -1.2 70 0 4.3 14.8 5.0 2.5 2 0 2 1 1
2704.1 -5944.4 -1.7 68 0 11.8 8.0 5.0 2.5 2 0 2 4 4
1824.3 -6234.1 -8.3 157 0 13.1 6.3 7.5 2.5 2 0 3 3 3
2732.3 -5925.2 -0.5 68 0 5.5 12.5 7.5 2.5 2 1 3 4 4
2717.7 -5728.8 -0.3 249 0 5.1 28.4 5.0 2.5 2 1 2 2 2
2478.4 -5979.9 -3.6 339 0 13.8 4.0 7.5 2.5 4 0 3 1 1
2757.5 -5919.0 0.1 68 0 4.7 16.2 5.0 2.5 2 1 2 3 3
2022.1 -6160.1 -6.0 159 0 10.6 4.0 7.5 2.5 2 0 3 5 5
2497.6 -5878.3 -2.5 68 0 4.3 7.9 2.5 2.5 2 0 1 0 0
2785.2 -5771.6 0.4 67 0 4.4 10.6 5.0 2.5 2 0 2 0 0
2144.4 -6109.8 -6.0 158 0 21.5 4.4 5.0 2.5 2 0 2 3 3
1863.1 -6116.1 -7.1 159 0 11.2 23.7 7.5 2.5 2 1 3 0 0
2635.3 -5898.8 -1.6 248 0 4.6 10.3 7.5 2.5 4 1 3 1 1
2148.8 -6035.5 -5.8 158 0 22.1 4.9 7.5 2.5 2 0 3 0 0
2451.8 -5925.2 -3.0 71 0 5.2 22.0 7.5 2.5 4 0 3 5 5
2638.9 -5971.8 -3.3 148 0 8.1 8.9 5.0 2.5 2 1 2 1 1
2598.1 -5925.2 -2.9 249 0 11.0 4.1 2.5 2.5 2 0 1 1 1
2674.1 -5887.1 -0.6 253 0 9.7 8.0 5.0 2.5 2 0 2 1 1
2180.8 -6068.0 -6.0 158 0 8.1 9.2 5.0 2.5 2 1 2 0 0
2747.7 -5785.8 -0.0 66 0 5.9 22.0 5.0 2.5 4 1 2 1 1
1971.0 -6103.9 -6.8 159 0 10.9 4.7 5.0 2.5 2 0 2 4 4
2477.1 -5907.7 -2.8 68 0 4.7 22.8 7.5 2.5 2 1 3 4 4
2670.3 -5840.2 -0.6 66 0 5.1 10.5 2.5 2.5 2 1 1 1 1
2731.0 -5744.4 -0.2 248 0 5.8 10.2 7.5 2.5 2 1 3 1 1
2041.2 -6177.2 -5.8 156 0 7.5 7.6 7.5 0.0 0 0 3 4 4
1820.0 -6252.7 -8.5 157 0 6.4 11.3 7.5 2.5 4 0 3 0 0
2046.0 -6149.1 -6.1 163 0 9.7 14.1 5.0 2.5 2 1 2 3 3
2116.2 -5984.8 -5.5 158 0 11.8 11.7 7.5 0.0 0 0 3 5 5
2185.0 -6091.7 -6.2 158 0 11.8 5.0 5.0 2.5 2 0 2 3 3
2137.8 -6093.2 -5.9 158 0 14.2 5.2 5.0 2.5 2 0 2 2 2
2505.2 -5898.4 -2.7 68 0 5.4 21.5 5.0 2.5 2 0 2 1 1
2026.7 -6171.7 -5.9 159 0 14.3 4.2 2.5 2.5 2 0 1 5 5
2642.3 -5993.3 -3.5 64 0 10.5 5.7 5.0 2.5 4 0 2 1 1
2444.9 -5904.3 -2.8 70 0 6.0 6.5 5.0 2.5 2 0 2 1 1
2325.0 -6050.5 -5.2 158 0 23.5 6.8 2.5 2.5 2 0 1 3 3
2031.7 -6181.4 -5.8 156 0 7.4 10.3 2.5 2.5 2 0 1 1 1
2744.6 -5731.3 -0.1 249 0 17.9 12.1 10.0 2.5 2 0 4 4 4
2602.1 -5878.6 -1.4 70 0 10.7 9.3 5.0 2.5 4 0 2 1 1
2451.8 -6010.3 -3.7 67 0 10.6 6.7 5.0 2.5 2 0 2 2 2
1817.9 -6247.7 -8.4 157 0 4.4 14.1 2.5 2.5 2 0 1 2 2
2624.0 -5998.9 -3.6 154 0 5.7 13.6 5.0 2.5 2 0 2 4 4
2631.1 -5988.8 -3.4 154 0 6.3 10.8 2.5 0.0 0 0 1 3 3
2759.3 -5738.7 0.1 249 0 4.2 11.9 7.5 2.5 2 0 3 5 5
2491.6 -5918.6 -2.9 68 0 10.7 9.2 5.0 2.5 2 0 2 1 1
1973.0 -6114.6 -6.7 159 0 10.6 6.7 5.0 2.5 2 0 2 2 2
1890.5 -6242.5 -8.2 159 0 8.2 17.0 5.0 2.5 2 0 2 3 3
2166.6 -5988.4 -5.1 158 0 7.0 13.4 7.5 2.5 2 1 3 0 0
2694.2 -5961.6 -2.4 69 0 10.1 6.1 2.5 2.5 2 0 1 2 2
1932.7 -6142.8 -6.5 158 0 6.7 8.0 5.0 2.5 2 1 2 3 3
2452.6 -6002.7 -3.6 67 0 3.0 8.4 7.5 2.5 2 0 3 3 3
1847.4 -6149.4 -6.9 159 0 7.8 12.6 5.0 2.5 2 1 2 1 1
2010.8 -6090.7 -6.6 157 0 15.9 6.1 5.0 0.0 0 0 2 3 3
1892.5 -6152.6 -6.6 159 0 10.1 11.1 5.0 2.5 2 1 2 3 3
2098.7 -6022.5 -5.5 158 0 10.7 14.8 2.5 2.5 4 1 1 3 3
1977.3 -6126.3 -6.5 158 0 8.9 10.2 5.0 2.5 2 1 2 4 4
2191.0 -6035.2 -5.9 159 0 9.2 10.8 5.0 2.5 2 1 2 4 4
2675.0 -5991.4 -3.4 68 0 15.9 4.9 2.5 2.5 2 0 1 5 5
2589.7 -5904.3 -2.6 248 0 11.0 8.9 7.5 2.5 2 0 3 3 3
2448.9 -5960.0 -3.4 248 0 10.0 8.4 5.0 2.5 2 0 2 1 1
1990.7 -6120.8 -6.5 160 0 8.8 9.1 2.5 2.5 2 1 1 3 3
1971.5 -6071.5 -6.9 158 0 7.9 9.0 5.0 2.5 2 1 2 0 0
2656.5 -5847.3 -0.7 68 0 11.8 9.0 5.0 2.5 4 0 2 3 3
2028.9 -6101.5 -6.4 157 0 9.1 12.8 5.0 2.5 2 1 2 3 3
2520.7 -5903.4 -2.7 69 0 10.8 9.9 2.5 2.5 2 0 1 0 0
1936.7 -6223.5 -6.9 158 0 10.3 15.1 2.5 2.5 2 1 1 2 2
2192.2 -5978.6 -4.7 156 0 8.8 13.8 2.5 2.5 2 1 1 4 4
2787.1 -5834.8 1.5 245 0 10.3 9.9 5.0 2.5 2 0 2 4 4
2116.9 -6062.8 -5.7 158 0 21.4 5.9 2.5 2.5 2 0 1 1 1
2410.9 -5884.2 -2.7 159 0 13.6 19.6 2.5 2.5 4 1 1 4 4
1953.3 -6033.9 -7.0 338 0 8.1 9.3 5.0 2.5 4 1 2 5 5
2197.6 -6109.1 -6.3 158 0 6.7 10.4 7.5 2.5 4 1 3 1 1
2143.0 -6003.3 -5.6 159 0 6.9 9.9 5.0 0.0 0 1 2 2 2
1958.4 -6138.8 -6.4 158 0 5.7 14.8 5.0 2.5 2 1 2 3 3
2120.9 -6013.2 -5.6 159 0 8.8 13.1 7.5 2.5 2 0 3 3 3
2690.7 -5945.6 -2.0 67 0 10.3 6.4 5.0 2.5 2 0 2 2 2
2016.8 -4843.3 -4.4 163 0 23.9 15.7 7.5 2.5 2 0 3 3 3
1998.6 -4787.2 -4.2 162 0 47.2 17.5 10.0 2.5 2 0 4 2 2
2032.5 -4743.4 -4.1 343 0 16.5 34.2 10.0 2.5 2 0 4 3 3
-714.5 2881.4 -6.0 246 0 10.7 9.4 5.0 2.5 2 0 2 4 4
-739.4 2993.4 -6.5 76 0 5.3 11.8 5.0 2.5 2 0 2 4 4
-896.3 2823.4 -6.9 247 0 12.2 10.0 2.5 2.5 2 0 1 3 3
-701.0 3023.8 -6.4 75 0 5.2 10.0 5.0 2.5 2 0 2 0 0
-749.7 2985.4 -6.4 75 0 5.0 9.1 5.0 2.5 2 0 2 2 2
-726.7 3001.4 -6.5 76 0 4.8 11.8 5.0 2.5 2 0 2 1 1
-628.0 2894.8 -5.1 333 0 10.7 14.4 5.0 2.5 2 1 2 5 5
-921.3 2922.1 -7.0 81 0 12.9 9.5 5.0 2.5 2 0 2 3 3
-784.6 2957.2 -6.8 74 0 5.4 27.9 5.0 2.5 2 1 2 1 1
-896.1 2896.9 -6.8 267 0 9.4 11.0 5.0 2.5 2 1 2 1 1
-959.8 2922.0 -7.5 166 0 9.2 4.7 2.5 2.5 2 0 1 1 1
-944.5 2917.1 -7.3 76 0 5.0 7.7 5.0 2.5 2 0 2 0 0
-1003.1 2809.4 -7.3 73 0 10.6 9.7 5.0 2.5 2 0 2 0 0
-851.7 2925.2 -6.5 75 0 5.1 10.5 5.0 0.0 0 0 2 4 4
-972.5 2937.6 -7.6 346 0 11.5 7.5 5.0 2.5 4 0 2 5 5
-986.3 2815.4 -7.2 70 0 10.3 8.4 5.0 0.0 0 0 2 5 5
-947.8 2799.4 -7.3 246 0 11.3 9.8 7.5 2.5 2 0 3 2 2
-865.4 2922.8 -6.5 77 0 5.1 8.7 5.0 2.5 4 0 2 3 3
-897.4 2922.2 -6.8 77 0 10.5 9.0 5.0 2.5 2 0 2 3 3
-772.2 2973.6 -6.6 75 0 9.3 11.1 5.0 2.5 2 0 2 3 3
-760.7 2977.0 -6.4 76 0 5.5 11.3 5.0 2.5 4 0 2 3 3
-976.0 2897.1 -7.7 254 0 9.6 9.6 5.0 2.5 4 0 2 5 5
-1043.0 2795.4 -7.4 77 0 7.7 9.3 5.0 2.5 4 1 2 2 2
-961.7 2904.3 -7.6 256 0 5.8 12.3 5.0 2.5 2 0 2 3 3
-839.5 2934.0 -6.7 76 0 5.6 10.3 2.5 2.5 2 0 1 3 3
-879.2 2924.5 -6.6 79 0 10.1 11.1 5.0 2.5 2 1 2 2 2
-800.9 2950.2 -6.7 78 0 5.5 12.8 2.5 2.5 2 0 1 5 5
-1150.0 2883.7 -8.2 264 0 11.0 4.9 5.0 2.5 2 0 2 4 4
-1152.0 2733.0 -6.6 249 0 5.1 4.8 2.5 2.5 2 0 1 0 0
-1194.1 2664.6 -7.4 68 0 5.6 7.2 5.0 2.5 2 1 2 3 3
-1071.1 2892.6 -8.1 258 0 4.7 8.1 5.0 2.5 2 1 2 0 0
-1189.1 2878.4 -7.9 265 0 10.5 9.1 5.0 2.5 2 0 2 0 0
-1030.8 2881.1 -7.8 254 0 6.2 8.5 5.0 2.5 4 1 2 3 3
-1099.7 2776.3 -7.7 73 0 11.6 5.7 5.0 2.5 2 0 2 4 4
-1217.5 2733.0 -6.8 253 0 16.2 9.7 5.0 2.5 4 0 2 1 1
-1172.9 2744.0 -6.4 256 0 11.6 9.0 5.0 2.5 2 0 2 1 1
-1081.1 2902.2 -8.3 85 0 9.7 7.6 5.0 2.5 2 0 2 3 3
-1192.5 2766.8 -7.0 76 0 10.8 10.5 5.0 2.5 2 0 2 2 2
-1173.4 2881.0 -8.0 259 0 5.6 11.4 5.0 2.5 2 0 2 5 5
-1116.8 2723.4 -7.0 68 0 5.2 8.6 5.0 2.5 4 1 2 2 2
-1220.8 2747.7 -6.4 77 0 9.1 10.0 2.5 2.5 2 1 1 4 4
-1197.7 2877.6 -7.8 265 0 6.8 12.6 2.5 2.5 2 0 1 5 5
-1156.3 2745.9 -6.6 250 0 6.2 13.6 5.0 2.5 2 0 2 3 3
-1108.0 2759.3 -7.3 250 0 5.6 11.8 2.5 2.5 2 0 1 5 5
-1165.8 2758.6 -6.9 78 0 5.1 7.9 2.5 2.5 2 0 1 5 5
-1015.4 2899.1 -7.8 263 0 10.5 8.6 5.0 2.5 2 0 2 2 2
-1203.3 2737.7 -6.3 248 0 6.0 12.0 2.5 2.5 4 0 1 5 5
-1179.5 2770.0 -7.2 76 0 8.2 14.8 5.0 2.5 2 1 2 0 0
-1125.0 2864.0 -8.1 258 0 10.2 12.9 5.0 2.5 2 1 2 5 5
-999.3 2897.0 -7.6 256 0 10.2 8.4 5.0 2.5 2 0 2 3 3
-1140.1 2766.0 -7.1 73 0 4.5 7.7 5.0 2.5 2 1 2 3 3
-1045.3 2879.4 -7.9 267 0 5.1 10.5 2.5 2.5 2 1 1 5 5
-1207.8 2756.8 -6.7 78 0 8.6 13.6 2.5 2.5 2 1 1 1 1
-1040.1 2920.5 -8.1 81 0 6.1 9.6 5.0 2.5 2 0 2 1 1
-1232.4 2872.9 -7.9 258 0 4.7 9.5 5.0 2.5 2 1 2 3 3
-1233.7 2728.7 -7.1 252 0 11.4 9.3 5.0 2.5 4 0 2 0 0
-1250.8 2750.6 -6.9 77 0 5.7 7.5 5.0 2.5 2 0 2 2 2
-1247.0 2724.0 -7.3 251 0 11.0 5.2 2.5 0.0 0 0 1 5 5
-1228.0 2889.9 -7.9 83 0 10.6 9.0 2.5 0.0 0 0 1 5 5
-1258.9 2867.4 -8.3 260 0 9.0 7.5 2.5 2.5 2 0 1 5 5
-1255.0 2884.9 -8.2 75 0 10.1 8.5 2.5 2.5 2 0 1 0 0
-1199.5 2894.3 -8.1 84 0 5.4 11.2 2.5 2.5 4 1 1 5 5
-1275.7 2728.2 -7.6 75 0 5.2 10.1 5.0 2.5 2 1 2 5 5
-1285.9 2723.3 -7.9 74 0 10.1 8.2 5.0 2.5 2 0 2 5 5
-1258.5 2715.4 -7.7 251 0 9.6 10.9 2.5 2.5 2 1 1 1 1
4503.0 -6217.1 3.1 146 0 17.0 10.3 7.5 2.5 2 0 3 2 2
4749.0 -7511.7 1.9 65 0 9.6 29.7 7.5 2.5 2 1 3 4 4
3957.4 -8232.9 0.3 139 0 34.8 15.7 10.0 2.5 2 0 4 3 3
3883.8 -7869.3 -2.5 336 0 15.5 4.6 7.5 2.5 2 0 3 5 5
3866.0 -7994.9 -0.1 64 0 13.8 11.3 2.5 2.5 2 0 1 1 1
3904.2 -7970.2 -0.8 66 0 10.5 6.1 7.5 2.5 4 0 3 2 2
3722.7 -8055.4 -1.1 158 0 5.0 11.4 5.0 2.5 4 1 2 1 1
3974.8 -7861.0 -1.7 67 0 4.8 11.6 5.0 2.5 2 0 2 4 4
3688.2 -7971.5 -3.1 65 0 5.1 7.8 5.0 2.5 4 1 2 4 4
4000.6 -7868.8 -0.7 248 0 9.2 11.5 5.0 2.5 2 0 2 5 5
4027.4 -7915.7 0.4 64 0 13.0 11.5 7.5 2.5 2 0 3 1 1
3798.3 -8016.7 -0.4 66 0 8.2 15.9 5.0 2.5 2 1 2 0 0
3774.5 -7975.0 -1.4 246 0 5.2 18.9 5.0 0.0 0 1 2 0 0
3771.5 -7996.2 -0.9 247 0 9.6 3.8 7.5 2.5 2 0 3 0 0
3989.1 -7932.0 0.1 66 0 11.5 6.9 5.0 0.0 0 0 2 5 5
3907.6 -7948.5 -1.1 66 0 5.0 18.0 5.0 2.5 2 1 2 5 5
4005.0 -7879.5 -0.4 248 0 9.2 11.7 5.0 2.5 2 0 2 3 3
3940.6 -7893.8 -1.5 245 0 5.2 20.2 5.0 2.5 2 1 2 3 3
3929.9 -7967.9 -0.4 66 0 10.9 6.1 5.0 0.0 0 0 2 5 5
3861.8 -7936.1 -1.2 244 0 5.6 12.1 5.0 2.5 2 1 2 4 4
3667.3 -8047.1 -2.3 156 0 11.2 5.0 5.0 0.0 0 0 2 0 0
3838.7 -7965.3 -0.7 246 0 4.2 9.6 2.5 2.5 2 1 1 4 4
3863.7 -7905.6 -2.2 154 0 9.8 9.9 5.0 2.5 2 1 2 1 1
3783.3 -8025.3 -0.4 337 0 11.1 15.2 5.0 0.0 0 1 2 3 3
3831.1 -7970.6 -0.7 247 0 9.4 5.1 2.5 2.5 2 0 1 1 1
3941.6 -7919.0 -1.1 337 0 5.1 10.4 7.5 2.5 2 1 3 3 3
3862.6 -7884.0 -2.6 155 0 18.0 6.1 2.5 2.5 2 0 1 2 2
3721.0 -8043.5 -1.5 69 0 5.0 13.4 5.0 2.5 2 1 2 5 5
3707.7 -8031.8 -1.9 65 0 4.0 10.4 5.0 0.0 0 1 2 2 2
3948.3 -7954.7 -0.4 63 0 17.1 9.0 2.5 2.5 2 0 1 4 4
3873.2 -7927.0 -1.3 244 0 4.9 19.9 5.0 2.5 2 1 2 4 4
3717.6 -7948.1 -3.0 336 0 22.0 5.6 2.5 2.5 2 0 1 5 5
3741.7 -8007.9 -1.1 246 0 5.1 12.2 7.5 2.5 2 1 3 3 3
3973.3 -7824.8 -1.8 156 0 10.0 4.0 7.5 2.5 2 0 3 4 4
3834.9 -8010.7 0.1 66 0 5.7 11.3 7.5 2.5 2 1 3 2 2
3896.4 -7893.1 -2.2 67 0 10.1 9.2 7.5 2.5 2 0 3 5 5
4027.7 -7889.1 -0.2 356 0 10.5 11.3 7.5 2.5 2 1 3 3 3
3921.6 -7908.9 -1.5 247 0 10.6 9.3 5.0 2.5 2 0 2 5 5
4031.0 -7853.5 -0.2 247 0 5.0 13.3 2.5 2.5 2 1 1 0 0
3919.5 -7925.1 -1.3 245 0 5.1 15.3 5.0 2.5 2 1 2 0 0
-20.6 1969.9 -6.3 347 0 10.0 11.8 5.0 2.5 4 1 2 5 5
958.8 -2182.2 -3.2 90 0 5.6 8.7 2.5 2.5 2 0 1 4 4
920.4 -2210.1 -3.7 270 0 5.0 12.9 5.0 2.5 2 1 2 2 2
990.8 -2179.0 -3.1 91 0 6.6 18.0 5.0 2.5 2 1 2 1 1
1095.9 -2191.5 -2.3 90 0 11.8 9.8 5.0 2.5 2 0 2 2 2
1146.9 -2191.9 -2.1 89 0 5.1 7.5 2.5 2.5 2 0 1 5 5
1293.4 -2189.7 -0.9 88 0 6.1 5.6 5.0 2.5 2 0 2 1 1
1338.7 -2191.8 -0.6 90 0 5.1 14.2 5.0 2.5 2 1 2 5 5
1371.6 -2193.1 -0.4 90 0 5.9 9.5 2.5 2.5 2 1 1 3 3
1203.8 -1475.0 -0.3 89 0 5.8 15.2 2.5 0.0 0 0 1 5 5
1113.0 -1504.9 -0.6 89 0 12.3 9.6 5.0 0.0 0 0 2 2 2
1087.0 -2157.9 -2.4 181 0 8.2 4.9 7.5 2.5 4 0 3 0 0
1203.3 -1459.7 -0.2 89 0 5.2 11.7 5.0 2.5 2 0 2 1 1
1108.5 -2174.0 -2.5 90 0 6.2 16.0 5.0 2.5 2 1 2 3 3
1132.7 -1494.6 -0.5 89 0 6.2 20.6 5.0 2.5 2 1 2 0 0
960.9 -2173.6 -3.2 90 0 8.3 5.1 2.5 2.5 2 0 1 0 0
1135.0 -1448.9 -0.2 271 0 6.2 10.7 7.5 2.5 2 1 3 0 0
1292.7 -2184.2 -1.0 88 0 5.1 8.6 5.0 2.5 2 0 2 5 5
939.6 -2211.2 -3.5 273 0 5.4 14.1 7.5 2.5 2 1 3 3 3
1109.5 -1487.1 -0.4 89 0 6.3 21.3 5.0 2.5 2 1 2 4 4
1320.4 -2153.1 -1.0 272 0 10.1 8.7 5.0 2.5 2 0 2 3 3
1146.8 -2184.4 -2.2 89 0 5.1 16.1 7.5 2.5 2 0 3 5 5
1171.1 -2176.2 -2.0 359 0 4.9 7.6 5.0 2.5 2 1 2 2 2
1088.4 -2182.2 -2.4 91 0 3.3 20.3 5.0 2.5 2 0 2 5 5
-231.5 3700.4 -7.7 246 0 6.6 12.4 5.0 2.5 4 1 2 3 3
-23.5 3855.4 -5.8 67 0 10.8 9.5 5.0 2.5 2 0 2 1 1
-580.6 3526.5 -9.6 155 0 18.0 6.9 5.0 2.5 4 0 2 1 1
385.0 2036.7 -5.2 76 0 10.6 7.6 5.0 2.5 4 0 2 2 2
494.8 3877.2 -5.2 67 0 6.1 14.1 5.0 2.5 2 1 2 1 1
-22.2 3924.6 -6.4 247 0 5.5 16.7 2.5 2.5 2 1 1 5 5
-412.0 3341.1 -7.0 246 0 5.0 7.2 2.5 2.5 2 1 1 1 1
779.5 4125.1 -5.5 247 0 4.9 12.2 5.0 2.5 2 1 2 1 1
84.3 3970.6 -6.1 246 0 8.0 10.7 2.5 2.5 2 1 1 3 3
739.0 4112.3 -5.5 248 0 4.9 7.6 5.0 2.5 2 1 2 1 1
-400.1 3318.1 -6.8 64 0 7.7 5.9 2.5 2.5 2 0 1 4 4
740.0 4043.2 -4.7 337 0 6.6 11.0 5.0 2.5 2 1 2 0 0
495.5 3906.5 -5.1 251 0 11.7 5.9 2.5 2.5 2 0 1 3 3
146.2 3956.9 -5.8 66 0 5.7 14.3 5.0 2.5 2 1 2 4 4
-225.1 3715.2 -7.4 248 0 5.0 21.1 2.5 2.5 2 1 1 1 1
806.3 4125.1 -5.4 337 0 19.5 6.4 5.0 2.5 2 0 2 1 1
504.9 2113.8 -3.9 342 0 15.3 9.7 5.0 2.5 2 0 2 1 1
719.1 4114.0 -5.7 64 0 3.1 13.0 7.5 2.5 2 1 3 0 0
-243.4 3678.4 -7.8 61 0 4.8 11.0 5.0 2.5 2 1 2 5 5
608.9 3998.9 -4.8 247 0 5.8 12.8 5.0 2.5 2 0 2 1 1
-61.8 2002.7 -6.6 168 0 6.3 6.5 7.5 2.5 2 1 3 1 1
609.9 4011.0 -4.9 247 0 5.4 10.8 7.5 2.5 4 0 3 2 2
23.1 3866.2 -6.0 326 0 8.7 11.4 2.5 2.5 2 1 1 3 3
-105.8 3784.9 -5.4 302 0 8.8 6.4 5.0 2.5 2 0 2 3 3
565.7 3942.6 -4.9 71 0 7.5 5.4 2.5 2.5 2 0 1 5 5
-29.1 2008.7 -6.5 348 0 9.0 17.7 5.0 2.5 2 1 2 4 4
603.5 4070.1 -5.2 246 0 9.1 8.0 7.5 2.5 2 0 3 0 0
-63.5 1920.5 -6.6 348 0 12.6 24.2 7.5 2.5 4 1 3 5 5
-45.3 3855.1 -5.7 155 0 9.6 5.4 7.5 0.0 0 0 3 1 1
-53.1 1982.5 -6.4 169 0 14.3 5.2 7.5 2.5 2 0 3 0 0
14.6 3834.4 -5.8 68 0 5.8 16.8 5.0 2.5 4 1 2 2 2
46.5 3942.9 -6.2 159 0 13.3 6.7 5.0 2.5 2 0 2 0 0
-10.2 3920.1 -6.2 248 0 6.7 8.7 7.5 2.5 2 1 3 3 3
399.2 1988.2 -4.9 78 0 5.7 17.8 2.5 2.5 2 1 1 0 0
478.0 3868.8 -5.2 70 0 5.2 18.4 7.5 2.5 2 1 3 2 2
-184.8 3703.5 -7.1 60 0 13.9 9.3 5.0 0.0 0 0 2 0 0
351.3 2035.2 -5.4 78 0 4.8 12.0 5.0 2.5 2 1 2 2 2
439.9 3881.1 -5.3 160 0 7.5 4.8 5.0 0.0 0 0 2 0 0
-441.7 3428.3 -8.3 66 0 30.0 108.1 10.0 0.0 0 1 4 4 4
-553.1 3415.2 -8.4 158 0 18.3 18.1 10.0 2.5 2 0 4 1 1
526.0 3897.5 -5.1 338 0 10.1 10.5 2.5 2.5 2 1 1 3 3
774.4 4132.9 -5.6 159 0 5.9 11.1 2.5 2.5 2 1 1 3 3
-182.8 3749.0 -6.5 246 0 7.9 7.1 5.0 2.5 2 0 2 5 5
504.1 3877.7 -5.2 249 0 10.8 8.7 2.5 2.5 2 0 1 0 0
-49.6 3864.3 -5.7 155 0 10.6 7.0 2.5 2.5 2 0 1 0 0
-164.3 3762.1 -6.3 248 0 10.0 13.0 5.0 2.5 2 1 2 0 0
744.7 4024.3 -4.7 337 0 8.6 6.0 5.0 2.5 2 0 2 2 2
-522.7 3378.3 -8.1 155 0 11.9 19.9 7.5 2.5 2 1 3 0 0
622.6 4046.7 -4.8 247 0 6.0 16.4 7.5 2.5 2 1 3 5 5
450.7 3892.9 -5.2 246 0 5.4 11.9 5.0 0.0 0 1 2 4 4
427.4 3874.5 -5.3 337 0 10.2 8.7 2.5 2.5 2 0 1 0 0
-2144.2 8308.1 -6.1 83 0 9.7 12.6 5.0 0.0 0 1 2 0 0
-2723.7 7134.7 -5.9 145 0 8.6 11.8 2.5 0.0 0 1 1 1 1
-2102.6 8036.7 -6.7 353 0 9.4 14.2 2.5 0.0 0 0 1 4 4
-2179.8 8491.8 -4.4 84 0 12.2 6.2 2.5 0.0 0 0 1 0 0
-2088.2 7931.8 -5.1 354 0 9.3 8.5 5.0 2.5 2 0 2 3 3
-2415.7 6957.2 -3.4 138 0 6.6 28.5 5.0 2.5 2 0 2 4 4
-2123.1 8509.5 -4.4 174 0 10.1 7.4 2.5 2.5 2 0 1 4 4
-2014.1 7668.6 -1.9 88 0 9.1 4.7 7.5 0.0 0 0 3 2 2
-2686.0 7484.4 -4.4 346 0 7.2 10.3 5.0 2.5 2 1 2 3 3
-1998.5 8329.6 -5.3 354 0 12.9 41.9 7.5 2.5 2 1 3 3 3
-2109.0 8493.9 -4.5 175 0 5.8 13.5 5.0 2.5 4 1 2 2 2
-2098.9 7922.1 -5.1 354 0 6.0 17.3 2.5 2.5 4 1 1 4 4
-2060.6 7827.0 -3.9 176 0 12.6 10.6 5.0 0.0 0 0 2 3 3
-2163.4 8060.5 -6.9 265 0 9.5 5.1 7.5 2.5 2 0 3 2 2
-2004.5 7540.8 -0.1 174 0 9.0 13.5 5.0 2.5 2 0 2 2 2
-2395.6 7003.0 -3.3 332 0 5.2 4.2 5.0 2.5 2 0 2 5 5
-2010.0 7714.1 -2.6 263 0 8.0 16.5 2.5 2.5 2 1 1 2 2
-2402.3 7001.1 -3.4 333 0 5.0 13.2 5.0 2.5 2 1 2 2 2
-2013.9 7627.6 -1.2 266 0 22.1 5.5 5.0 2.5 2 0 2 1 1
-2114.1 7889.8 -4.7 83 0 8.3 6.4 5.0 2.5 2 0 2 2 2
-2013.5 7696.0 -2.4 353 0 5.8 10.4 2.5 2.5 2 1 1 5 5
-2063.5 7868.2 -4.2 173 0 11.1 6.3 2.5 2.5 2 0 1 3 3
-2110.3 8466.5 -4.6 173 0 11.7 10.2 5.0 0.0 0 0 2 3 3
-2097.1 8232.9 -6.2 175 0 12.4 6.1 5.0 2.5 2 0 2 4 4
-2771.1 7666.4 -5.9 334 0 8.9 4.7 7.5 2.5 4 0 3 0 0
-2131.8 7906.4 -5.1 168 0 22.2 9.0 5.0 2.5 2 0 2 2 2
-2445.7 6959.0 -3.7 161 0 18.6 5.7 7.5 2.5 2 0 3 2 2
-1979.2 7517.4 0.2 82 0 9.8 17.8 2.5 2.5 2 1 1 0 0
-2344.4 6897.7 -2.7 168 0 10.9 5.1 5.0 2.5 2 0 2 0 0
-2028.1 7714.8 -2.8 354 0 5.2 13.7 5.0 0.0 0 1 2 3 3
-2388.1 6982.3 -3.1 318 0 6.6 8.9 5.0 2.5 2 0 2 5 5
-2100.8 7965.2 -5.6 265 0 16.8 6.4 5.0 2.5 2 0 2 3 3
-2098.2 8448.0 -4.7 174 0 7.4 20.0 5.0 2.5 2 1 2 5 5
-1993.3 7647.1 -1.3 266 0 5.0 8.3 7.5 2.5 4 1 3 1 1
-2057.6 8222.2 -6.1 353 0 7.3 15.5 7.5 2.5 2 1 3 0 0
-2099.8 7887.6 -4.6 82 0 15.8 4.6 7.5 2.5 2 0 3 4 4
-2770.5 7649.5 -5.8 60 0 14.1 6.0 7.5 0.0 0 0 3 0 0
-2132.9 8339.1 -5.9 355 0 16.3 7.5 7.5 2.5 2 0 3 4 4
-2164.6 7373.9 -3.0 88 0 4.8 17.0 7.5 2.5 4 1 3 2 2
-2123.8 7929.7 -5.3 173 0 9.8 5.5 2.5 2.5 2 0 1 5 5
-2151.7 8520.8 -4.5 354 0 6.0 25.1 7.5 2.5 2 0 3 1 1
-2060.9 8467.3 -4.7 354 0 24.3 11.4 7.5 0.0 0 0 3 2 2
-2138.2 7462.3 -2.9 263 0 20.9 6.1 5.0 0.0 0 0 2 3 3
-2138.3 8140.9 -6.6 174 0 7.1 23.3 5.0 2.5 2 1 2 4 4
-2027.1 7865.9 -4.1 352 0 13.9 7.3 7.5 2.5 2 0 3 5 5
-2088.0 8553.8 -4.8 263 0 10.7 5.1 2.5 2.5 2 0 1 5 5
-2085.5 7909.8 -4.8 353 0 10.8 9.6 5.0 2.5 2 0 2 3 3
-2451.2 7276.4 -4.6 262 0 7.0 8.6 5.0 2.5 2 1 2 4 4
-2017.7 7770.3 -3.3 354 0 6.1 9.3 7.5 2.5 2 1 3 3 3
-2138.9 7450.0 -2.7 262 0 8.0 18.1 5.0 2.5 2 1 2 5 5
-2127.4 8556.7 -4.9 173 0 10.4 9.2 5.0 2.5 2 0 2 1 1
-1961.9 7548.4 0.7 260 0 9.9 5.2 2.5 2.5 2 0 1 0 0
-2077.7 8369.0 -5.5 352 0 5.9 14.5 2.5 0.0 0 1 1 5 5
-2177.5 7445.2 -3.4 172 0 32.4 12.8 10.0 2.5 2 0 4 2 2
-2615.5 7551.6 -4.9 80 0 8.6 35.5 7.5 0.0 0 1 3 0 0
-1989.9 7507.6 -0.4 352 0 6.2 15.5 2.5 0.0 0 1 1 5 5
-2074.2 8475.9 -4.6 355 0 7.4 15.1 2.5 2.5 2 1 1 2 2
-2078.0 8575.2 -5.0 263 0 11.2 23.9 7.5 2.5 2 1 3 0 0
-2045.4 7821.3 -3.8 177 0 5.2 13.8 7.5 2.5 2 1 3 5 5
-2042.2 7656.4 -1.9 178 0 8.4 5.3 2.5 2.5 4 0 1 2 2
-2216.4 7288.1 -2.2 273 0 8.4 17.9 7.5 0.0 0 1 3 5 5
-2472.0 7251.7 -4.6 76 0 6.5 13.4 5.0 0.0 0 1 2 3 3
-2103.3 8306.8 -5.8 169 0 9.6 7.4 5.0 2.5 2 0 2 1 1
-2140.1 7389.3 -2.5 358 0 8.6 5.5 2.5 2.5 2 0 1 4 4
-2007.8 7599.7 -0.8 79 0 17.4 8.8 5.0 2.5 2 0 2 3 3
-2088.7 8299.4 -5.7 174 0 6.4 22.2 7.5 2.5 2 1 3 3 3
-2159.0 7409.0 -2.8 175 0 9.5 6.9 5.0 2.5 2 0 2 5 5
-2441.6 6981.3 -3.6 154 0 6.6 18.0 2.5 2.5 2 1 1 4 4
-2707.8 7462.3 -4.3 80 0 8.2 16.4 5.0 2.5 2 1 2 0 0
-2196.4 7261.7 -1.6 357 0 6.9 18.3 7.5 2.5 2 1 3 2 2
-2058.6 8124.7 -6.4 354 0 8.4 12.4 5.0 2.5 2 1 2 3 3
-2238.6 7113.6 0.0 171 0 5.9 11.4 5.0 2.5 4 1 2 3 3
-2003.9 7824.6 -3.8 85 0 9.2 18.2 5.0 2.5 2 1 2 5 5
-2015.7 7539.7 -0.4 174 0 9.0 11.3 5.0 2.5 2 0 2 5 5
-1997.2 7612.1 -1.0 85 0 6.9 15.5 7.5 2.5 2 1 3 0 0
-2189.5 8523.5 -4.6 174 0 16.1 7.9 7.5 2.5 2 0 3 5 5
-2151.2 8515.3 -4.4 354 0 5.0 25.1 7.5 2.5 2 0 3 3 3
-2125.4 8319.7 -6.0 355 0 8.6 7.3 7.5 2.5 2 0 3 2 2
-2314.9 6556.3 -0.0 350 0 18.3 12.4 7.5 2.5 4 0 3 4 4
-2088.3 8112.2 -6.5 174 0 10.4 8.2 5.0 2.5 2 0 2 1 1
-2184.2 7279.0 -1.7 6 0 10.3 9.0 5.0 2.5 2 0 2 5 5
-2322.4 6907.0 -2.5 345 0 5.2 8.7 5.0 2.5 2 1 2 1 1
-2080.5 8511.3 -4.5 354 0 15.3 7.1 7.5 2.5 4 0 3 4 4
-2020.3 7845.1 -4.0 356 0 6.6 24.7 5.0 2.5 2 1 2 4 4
-2102.9 7928.1 -5.2 353 0 4.1 14.0 5.0 2.5 2 1 2 5 5
-2050.8 7853.9 -4.1 174 0 5.2 10.5 7.5 0.0 0 1 3 4 4
-2114.5 8549.0 -4.8 173 0 7.4 21.6 2.5 2.5 2 0 1 0 0
-2118.5 7464.4 -2.5 263 0 17.1 6.1 5.0 0.0 0 0 2 1 1
-2153.0 8024.7 -6.9 84 0 34.7 11.6 10.0 2.5 2 0 4 3 3
-2130.8 7403.6 -2.3 86 0 8.6 13.4 5.0 2.5 2 1 2 0 0
-2114.0 7425.2 -2.4 353 0 7.3 22.3 7.5 2.5 4 0 3 2 2
-2125.9 8027.8 -6.8 83 0 20.0 11.6 5.0 2.5 2 0 2 5 5
-2092.8 8281.8 -5.9 173 0 9.5 9.4 5.0 2.5 2 0 2 4 4
-2419.8 6994.7 -3.4 243 0 9.1 20.3 5.0 2.5 2 1 2 3 3
-2808.0 7481.0 -4.8 45 0 25.2 12.7 7.5 2.5 2 0 3 1 1
-2175.4 8019.3 -6.9 83 0 9.7 28.3 7.5 2.5 2 0 3 3 3
-2387.3 6997.6 -3.2 332 0 12.0 9.0 5.0 2.5 2 0 2 0 0
-1801.0 6155.7 -2.6 137 0 8.1 12.2 5.0 0.0 0 1 2 3 3
-1805.6 6329.3 -0.0 41 0 6.6 7.7 5.0 2.5 2 1 2 5 5
-6492.5 8076.3 -12.2 183 0 7.1 10.3 5.0 2.5 2 1 2 4 4
-6140.8 8308.1 -14.7 7 0 3.8 11.8 7.5 2.5 2 1 3 1 1
-6347.9 6442.9 -10.1 12 0 11.1 5.5 5.0 2.5 2 0 2 1 1
-6955.5 4713.0 -14.4 286 0 22.0 5.8 7.5 0.0 0 0 3 1 1
-6347.4 6537.3 -10.2 193 0 4.6 3.1 2.5 2.5 2 0 1 1 1
-6947.6 4737.4 -14.0 199 0 7.8 9.7 5.0 2.5 2 1 2 5 5
-6287.4 8297.1 -14.8 92 0 6.9 12.3 5.0 2.5 2 1 2 5 5
-6499.9 8038.1 -12.2 93 0 6.5 31.8 5.0 0.0 0 1 2 0 0
-5737.1 5689.2 -12.4 141 0 14.8 6.3 7.5 2.5 2 0 3 0 0
-6925.2 4719.3 -13.7 17 0 11.9 9.3 2.5 0.0 0 0 1 3 3
-6281.2 6726.3 -9.4 282 0 12.9 6.5 2.5 2.5 2 0 1 5 5
-5655.5 5827.4 -10.4 141 0 6.2 13.3 7.5 2.5 2 1 3 0 0
-6268.1 6710.2 -9.0 14 0 4.5 3.6 2.5 2.5 2 0 1 1 1
-5747.7 8369.5 -14.5 324 0 4.2 6.4 2.5 2.5 2 1 1 2 2
-6372.4 6511.4 -10.6 194 0 7.1 7.0 7.5 2.5 2 0 3 3 3
-5724.5 5652.6 -11.9 51 0 6.3 13.1 7.5 2.5 2 1 3 2 2
-6334.3 6502.6 -10.3 13 0 7.0 22.1 5.0 2.5 2 0 2 1 1
-6332.9 8411.6 -16.1 279 0 5.3 3.7 2.5 2.5 2 0 1 5 5
-5602.1 5995.8 -8.6 143 0 10.8 6.5 5.0 2.5 2 0 2 2 2
-5571.0 5994.5 -8.3 322 0 7.2 17.5 5.0 2.5 2 1 2 5 5
-6303.5 6604.7 -9.1 195 0 4.7 10.1 7.5 2.5 2 0 3 3 3
-5656.5 8411.8 -14.4 61 0 12.6 6.1 5.0 2.5 2 0 2 5 5
-6308.5 8299.7 -14.8 98 0 5.0 9.1 2.5 2.5 4 0 1 0 0
-6350.3 6524.5 -10.2 193 0 4.6 3.2 2.5 2.5 4 0 1 5 5
-6340.1 6480.5 -10.1 10 0 15.0 6.4 5.0 2.5 2 0 2 1 1
-6304.3 6721.8 -10.1 284 0 7.2 13.3 7.5 2.5 2 0 3 4 4
-1855.4 6330.0 -0.4 126 0 11.0 4.4 7.5 2.5 2 0 3 5 5
-6472.0 8038.6 -10.8 11 0 4.9 11.2 5.0 0.0 0 0 2 5 5
-6485.8 8038.8 -10.7 101 0 4.6 4.9 5.0 2.5 2 0 2 3 3
-6311.6 6707.0 -10.1 193 0 5.5 7.2 7.5 2.5 2 0 3 0 0
-5624.1 5816.7 -10.0 320 0 8.2 8.8 2.5 2.5 2 1 1 5 5
-6315.4 8300.7 -14.8 98 0 9.0 9.1 7.5 2.5 2 0 3 2 2
-6365.7 6509.8 -10.5 192 0 7.0 10.1 2.5 2.5 2 0 1 1 1
-1828.6 6367.5 0.9 310 0 8.2 5.1 7.5 2.5 2 0 3 4 4
-6370.7 6427.1 -10.4 192 0 5.0 10.9 5.0 2.5 2 1 2 4 4
-5633.5 8439.1 -14.5 324 0 8.9 5.4 5.0 2.5 2 0 2 0 0
-6489.5 8102.6 -12.5 179 0 8.6 5.3 5.0 2.5 2 0 2 5 5
-6495.1 8112.3 -12.6 191 0 5.1 6.0 2.5 2.5 2 1 1 2 2
-1562.6 7434.0 -0.8 264 0 5.4 7.9 2.5 2.5 2 1 1 3 3
-1730.5 6123.8 -2.4 56 0 8.1 8.2 5.0 2.5 2 1 2 5 5
-5747.2 5695.7 -12.5 141 0 8.1 10.0 7.5 2.5 2 0 3 5 5
-6358.1 6533.1 -10.4 193 0 17.6 9.5 5.0 2.5 2 0 2 5 5
-6467.7 8107.5 -12.5 276 0 13.5 11.4 2.5 2.5 2 0 1 5 5
-6286.8 6601.0 -8.9 15 0 6.0 7.0 5.0 2.5 2 0 2 3 3
-6158.6 8322.0 -14.8 278 0 5.0 10.0 5.0 2.5 2 1 2 5 5
-6314.6 6522.3 -9.8 17 0 10.1 11.1 5.0 2.5 2 1 2 5 5
5627.4 5825.9 7.1 59 0 7.7 30.2 7.5 0.0 0 1 3 4 4
5566.0 5829.1 9.1 79 0 11.8 21.5 2.5 0.0 0 1 1 3 3
4154.7 5514.0 -1.9 347 0 5.5 8.1 5.0 2.5 2 1 2 1 1
870.2 7840.2 4.2 187 0 11.0 12.7 7.5 2.5 2 1 3 1 1
-1261.3 8440.9 -2.6 351 0 8.0 18.0 5.0 2.5 2 1 2 2 2
900.9 7852.7 3.8 4 0 12.9 8.3 2.5 2.5 2 0 1 0 0
-1272.5 8495.3 -3.1 263 0 12.2 11.1 5.0 2.5 4 0 2 2 2
-1058.8 8532.6 -3.6 259 0 8.6 9.8 5.0 2.5 2 1 2 0 0
-1178.0 8535.2 -3.8 80 0 11.1 8.9 5.0 2.5 2 0 2 0 0
-1199.2 8557.2 -3.4 265 0 5.5 11.2 5.0 2.5 2 1 2 0 0
4124.0 5490.4 -2.5 167 0 10.5 10.6 5.0 2.5 4 1 2 2 2
3894.0 5478.2 -2.2 75 0 14.9 8.8 5.0 2.5 2 0 2 5 5
-1196.1 8571.7 -3.2 352 0 20.7 11.2 5.0 2.5 2 0 2 4 4
5518.9 5815.1 9.1 249 0 6.2 8.7 5.0 0.0 0 1 2 1 1
4408.5 5637.0 -2.1 347 0 15.5 9.0 5.0 2.5 4 0 2 5 5
889.9 7779.4 3.3 286 0 9.2 9.6 5.0 2.5 2 0 2 0 0
-1283.1 8484.5 -3.0 260 0 5.9 11.3 7.5 2.5 2 1 3 4 4
3886.0 5520.9 -0.7 346 0 6.9 9.1 5.0 2.5 2 1 2 2 2
3909.8 5559.7 0.2 250 0 14.2 7.7 7.5 2.5 2 0 3 1 1
902.3 7770.9 3.0 16 0 9.6 9.7 5.0 2.5 2 0 2 2 2
-958.7 8544.5 -2.2 171 0 6.0 16.2 5.0 2.5 2 1 2 3 3
4008.7 5447.2 -3.7 74 0 12.0 6.2 5.0 2.5 2 0 2 4 4
849.4 7738.8 3.8 193 0 23.0 8.4 7.5 2.5 2 0 3 5 5
-938.8 8572.3 -3.0 81 0 5.6 10.2 5.0 2.5 2 1 2 0 0
4544.3 5767.2 -2.7 249 0 8.6 12.5 5.0 2.5 2 1 2 2 2
5468.3 5775.2 5.9 273 0 4.4 9.0 2.5 2.5 4 1 1 0 0
5540.7 5748.9 4.8 260 0 7.1 13.0 5.0 2.5 2 1 2 4 4
4155.9 5524.4 -1.7 346 0 8.0 11.2 5.0 2.5 2 1 2 4 4
4214.7 5734.9 0.8 155 0 9.4 14.1 5.0 2.5 4 1 2 1 1
901.1 7884.6 4.1 3 0 7.4 9.5 7.5 2.5 2 1 3 3 3
863.0 7914.9 5.1 278 0 8.6 36.0 7.5 2.5 2 1 3 3 3
3914.0 5519.2 -0.9 76 0 6.1 7.5 2.5 2.5 2 1 1 2 2
4412.3 5613.0 -2.4 76 0 11.9 8.4 2.5 2.5 2 0 1 2 2
3924.0 5523.2 -0.9 74 0 9.3 10.0 5.0 2.5 2 1 2 5 5
5630.4 5870.6 8.5 337 0 8.2 23.8 5.0 2.5 2 1 2 1 1
3862.9 5491.7 -1.7 165 0 13.7 6.7 2.5 2.5 2 0 1 4 4
4193.1 5759.8 1.6 164 0 11.6 8.9 2.5 2.5 2 0 1 5 5
-1165.9 8574.1 -3.2 262 0 7.4 23.0 7.5 2.5 2 1 3 4 4
-961.9 8561.9 -2.6 260 0 4.8 10.8 5.0 2.5 2 1 2 4 4
3979.7 5459.4 -3.6 165 0 13.8 6.0 5.0 2.5 2 0 2 1 1
4238.0 5776.3 1.1 337 0 25.9 9.8 7.5 2.5 2 0 3 0 0
5541.0 5699.4 1.1 73 0 6.9 19.4 5.0 2.5 2 1 2 3 3
5545.3 5692.4 0.4 352 0 7.1 25.8 7.5 2.5 2 1 3 0 0
-1033.3 8500.6 -4.3 348 0 6.0 16.6 2.5 2.5 2 1 1 4 4
5499.7 5697.6 0.6 164 0 13.0 5.4 5.0 2.5 2 0 2 3 3
-965.1 8572.4 -3.0 170 0 12.3 5.2 5.0 2.5 2 0 2 2 2
3910.4 5533.3 -0.4 74 0 4.4 10.7 7.5 2.5 2 1 3 1 1
-1032.8 8539.5 -3.6 261 0 4.7 21.3 7.5 0.0 0 1 3 2 2
4282.9 5809.3 0.6 256 0 10.9 8.2 2.5 2.5 2 0 1 1 1
5513.1 5736.1 3.3 260 0 5.3 12.5 7.5 2.5 2 1 3 3 3
4178.8 -7800.2 0.2 246 0 7.4 15.6 5.0 2.5 2 1 2 5 5
3715.8 -7466.4 -0.3 246 0 14.4 4.7 2.5 2.5 2 0 1 3 3
3710.8 -7660.4 -2.5 68 0 5.1 12.5 5.0 2.5 2 1 2 1 1
3533.4 -7763.0 -4.1 158 0 10.1 18.3 5.0 2.5 2 1 2 4 4
4194.3 -7799.2 0.5 246 0 5.1 14.6 2.5 2.5 2 1 1 2 2
3550.8 -7797.1 -4.1 68 0 5.6 17.2 7.5 2.5 4 1 3 1 1
3094.9 -7696.5 -3.5 68 0 14.4 7.1 2.5 2.5 2 0 1 5 5
4049.2 -7847.2 0.2 247 0 4.7 20.6 7.5 2.5 2 1 3 5 5
3386.9 -7571.6 -1.9 67 0 10.6 11.9 2.5 2.5 2 1 1 5 5
3691.0 -7618.6 -1.9 248 0 4.1 9.5 5.0 2.5 2 1 2 0 0
4165.3 -7720.3 -1.1 245 0 10.5 7.1 2.5 2.5 2 0 1 4 4
3389.1 -7557.7 -1.7 67 0 4.5 12.9 5.0 2.5 2 1 2 2 2
3673.3 -7651.6 -2.5 160 0 11.0 20.7 2.5 2.5 2 1 1 2 2
4069.5 -7832.4 0.4 246 0 5.9 15.8 7.5 2.5 2 1 3 4 4
4113.2 -7765.2 -1.0 337 0 5.1 8.6 5.0 2.5 2 1 2 5 5
3409.1 -7560.8 -1.7 68 0 6.2 13.3 2.5 2.5 2 1 1 0 0
4168.6 -7800.1 0.1 247 0 5.1 16.3 5.0 2.5 2 1 2 2 2
3896.6 -7592.6 -0.2 311 0 4.6 5.4 7.5 2.5 2 0 3 5 5
4051.9 -7803.4 -0.4 333 0 3.6 11.9 7.5 2.5 2 1 3 4 4
4174.6 -7733.6 -1.1 245 0 4.4 11.5 2.5 2.5 2 1 1 3 3
4210.4 -7795.4 0.7 246 0 4.8 16.6 5.0 2.5 2 1 2 5 5
3349.2 -7516.7 -1.9 250 0 8.5 5.4 2.5 2.5 2 0 1 1 1
3356.5 -7583.8 -2.2 71 0 11.0 10.1 5.0 2.5 2 0 2 3 3
3406.7 -7521.7 -1.7 338 0 8.0 9.2 2.5 2.5 4 0 1 2 2
3102.2 -7652.5 -3.5 252 0 6.9 12.7 5.0 2.5 2 0 2 5 5
3365.0 -7558.3 -1.9 69 0 5.8 16.2 2.5 2.5 2 1 1 3 3
3136.4 -7666.7 -3.5 339 0 11.8 5.4 5.0 2.5 2 0 2 0 0
3882.4 -7596.5 -0.2 144 0 13.5 6.9 7.5 2.5 2 0 3 2 2
3747.0 -7457.6 -0.4 247 0 6.5 14.3 2.5 2.5 2 1 1 1 1
3771.2 -7475.8 -0.4 68 0 4.9 9.3 5.0 2.5 2 1 2 5 5
4219.6 -7764.2 0.0 246 0 4.7 16.2 7.5 2.5 2 1 3 1 1
3557.2 -7783.5 -4.0 68 0 6.0 13.5 5.0 2.5 4 1 2 5 5
3370.6 -7510.4 -1.8 244 0 8.6 14.4 2.5 2.5 2 0 1 1 1
3647.2 -7567.4 -0.9 69 0 16.0 9.1 5.0 2.5 2 0 2 5 5
3348.7 -7586.6 -2.3 70 0 5.5 10.1 5.0 2.5 2 0 2 5 5
3410.8 -7532.0 -1.7 338 0 14.1 9.2 5.0 0.0 0 0 2 0 0
3088.6 -7663.5 -3.5 248 0 6.0 16.9 5.0 0.0 0 1 2 1 1
3692.5 -7482.6 -0.2 157 0 10.4 9.6 5.0 2.5 4 0 2 3 3
3106.2 -7664.6 -3.5 252 0 6.8 25.7 2.5 2.5 2 0 1 5 5
3126.3 -7647.9 -3.5 249 0 5.4 15.3 7.5 2.5 2 0 3 3 3
4099.1 -7827.3 0.3 334 0 9.3 12.3 5.0 2.5 2 1 2 2 2
3376.8 -7523.4 -1.8 244 0 8.6 9.2 2.5 2.5 2 0 1 5 5
4098.5 -7803.9 -0.4 66 0 9.6 10.6 5.0 2.5 2 1 2 1 1
3903.6 -7584.3 -0.2 311 0 4.6 10.8 5.0 2.5 2 0 2 0 0
4070.1 -7855.4 0.6 67 0 11.1 4.7 7.5 0.0 0 0 3 4 4
4055.7 -7837.9 0.2 244 0 5.1 11.9 5.0 2.5 2 1 2 3 3
4105.9 -7759.5 -1.1 337 0 5.3 7.6 5.0 2.5 2 1 2 2 2
3126.2 -7696.0 -3.4 70 0 21.5 8.8 5.0 2.5 2 0 2 3 3
3334.1 -7525.6 -2.0 249 0 9.0 13.1 5.0 2.5 2 0 2 5 5
4006.8 -7773.4 -1.9 336 0 6.5 17.6 2.5 2.5 2 1 1 3 3
3329.2 -7525.5 -2.0 159 0 3.6 9.0 7.5 2.5 2 0 3 2 2
4118.3 -7899.4 1.6 67 0 6.9 13.1 2.5 2.5 2 1 1 3 3
4082.7 -7784.6 -0.7 156 0 5.0 13.0 5.0 2.5 2 1 2 3 3
4059.2 -7784.3 -0.8 336 0 5.5 11.3 2.5 2.5 4 0 1 0 0
4017.8 -7800.8 -1.0 246 0 6.6 8.1 2.5 2.5 2 0 1 4 4
3997.3 -7809.7 -1.4 246 0 6.6 8.1 5.0 2.5 2 0 2 5 5
4037.5 -7782.9 -0.9 247 0 16.2 9.8 7.5 2.5 2 0 3 2 2
3708.1 -7626.9 -2.0 337 0 4.4 14.9 7.5 2.5 2 1 3 2 2
4053.8 -7824.9 -0.3 69 0 8.1 13.9 5.0 2.5 2 1 2 5 5
3898.4 -7565.1 -0.1 324 0 9.0 9.8 5.0 2.5 2 1 2 1 1
3714.3 -7613.2 -1.7 335 0 10.6 9.2 5.0 2.5 2 0 2 5 5
3566.5 -7754.3 -4.0 339 0 10.9 8.6 7.5 2.5 4 0 3 4 4
4150.5 -7799.4 0.0 244 0 10.9 9.9 5.0 2.5 2 0 2 3 3
3877.3 -7579.4 -0.1 143 0 8.8 10.4 2.5 2.5 2 1 1 0 0
3481.5 -7632.8 -2.8 157 0 9.8 17.8 2.5 2.5 2 1 1 1 1
3126.3 -3435.1 -0.4 25 0 8.8 9.1 2.5 2.5 2 1 1 2 2
2273.6 -4377.4 -1.1 75 0 8.9 11.9 5.0 2.5 2 1 2 4 4
2514.5 -3442.6 0.7 98 0 5.0 11.2 5.0 2.5 2 1 2 0 0
2328.6 -3380.1 0.9 286 0 5.7 7.5 7.5 2.5 2 1 3 5 5
2599.2 -3271.3 -0.6 287 0 4.6 8.1 5.0 2.5 2 0 2 2 2
2576.3 -4091.9 3.3 17 0 10.9 8.6 2.5 2.5 4 0 1 3 3
3246.0 -3693.1 6.1 18 0 5.2 10.0 7.5 2.5 2 1 3 5 5
3484.5 -6854.9 -0.6 338 0 4.8 14.4 7.5 2.5 4 1 3 1 1
3034.0 -3554.4 2.1 22 0 8.1 6.5 7.5 2.5 2 0 3 4 4
2585.2 -3470.4 0.6 102 0 10.5 5.2 7.5 2.5 2 0 3 1 1
2101.2 -3619.0 0.5 105 0 10.5 14.0 5.0 2.5 4 1 2 3 3
2538.8 -3446.7 0.6 284 0 6.8 14.8 5.0 0.0 0 1 2 5 5
2798.3 -3490.5 3.4 102 0 6.0 11.4 7.5 2.5 2 0 3 3 3
2287.9 -4354.9 -0.7 256 0 9.7 9.6 7.5 2.5 2 0 3 2 2
3649.5 -7286.2 -0.3 336 0 7.5 4.8 5.0 2.5 4 0 2 1 1
2055.3 -3364.4 -1.5 92 0 9.0 12.9 5.0 2.5 2 1 2 1 1
2288.9 -3290.3 -2.4 193 0 7.1 17.4 2.5 2.5 2 1 1 1 1
2594.9 -3444.0 0.8 278 0 12.0 4.8 2.5 2.5 2 0 1 5 5
2423.3 -3441.1 0.6 100 0 5.7 15.0 5.0 2.5 2 1 2 1 1
2607.5 -3917.9 0.9 193 0 7.9 8.4 5.0 2.5 2 1 2 5 5
2492.5 -3547.8 -0.2 98 0 9.7 9.2 2.5 2.5 2 0 1 5 5
3538.0 -6958.8 0.0 339 0 4.1 18.8 5.0 2.5 2 1 2 0 0
2088.2 -3358.5 -1.7 282 0 4.5 10.3 7.5 0.0 0 0 3 2 2
2867.6 -3727.7 4.5 291 0 8.3 11.4 7.5 2.5 4 1 3 5 5
2959.8 -3548.0 2.9 210 0 11.2 5.4 5.0 2.5 2 0 2 4 4
2274.1 -4155.2 3.1 342 0 9.9 14.8 5.0 2.5 2 1 2 0 0
3613.3 -7301.4 -0.5 156 0 8.6 9.3 5.0 2.5 4 1 2 5 5
3465.9 -6905.7 -0.4 156 0 7.9 17.6 5.0 2.5 2 1 2 1 1
3629.0 -7326.5 -0.7 159 0 13.0 15.8 2.5 2.5 2 1 1 3 3
2280.7 -3365.5 0.8 282 0 9.6 8.9 2.5 0.0 0 0 1 3 3
3452.8 -6804.3 -0.4 248 0 5.0 7.4 5.0 2.5 2 1 2 5 5
2251.5 -3394.0 0.8 104 0 11.3 16.3 5.0 2.5 2 1 2 1 1
2622.9 -3577.0 0.9 93 0 8.4 14.0 2.5 2.5 2 1 1 0 0
3083.8 -3444.5 0.3 204 0 10.0 12.2 5.0 2.5 2 1 2 0 0
2984.2 -3568.3 2.7 25 0 25.7 6.0 7.5 0.0 0 0 3 2 2
2247.9 -4198.2 2.2 85 0 5.1 16.2 5.0 2.5 4 1 2 3 3
3513.8 -7044.4 0.4 158 0 10.6 19.9 5.0 2.5 2 1 2 1 1
2695.7 -3313.4 0.2 103 0 6.1 7.0 2.5 2.5 2 1 1 0 0
2788.3 -3443.5 3.3 284 0 13.9 6.8 5.0 2.5 2 0 2 0 0
2250.3 -3409.7 0.4 9 0 7.6 12.0 5.0 2.5 2 1 2 4 4
3427.5 -6807.6 -0.1 156 0 5.0 16.9 2.5 2.5 2 1 1 5 5
2650.6 -3460.6 1.0 6 0 9.0 8.1 5.0 2.5 2 0 2 2 2
3686.6 -7093.3 1.2 74 0 12.3 9.7 2.5 2.5 2 0 1 4 4
3632.9 -7284.3 -0.4 246 0 5.0 11.7 7.5 2.5 2 1 3 3 3
2803.5 -3464.9 3.5 282 0 6.0 14.8 7.5 2.5 2 0 3 1 1
2331.0 -3410.2 0.7 102 0 7.2 19.5 7.5 2.5 2 1 3 5 5
3495.8 -7008.1 0.1 158 0 7.6 7.5 2.5 2.5 2 0 1 5 5
2086.9 -3375.4 -1.7 12 0 13.0 4.5 5.0 2.5 2 0 2 3 3
2219.5 -3379.4 0.5 189 0 17.5 8.4 7.5 2.5 2 0 3 1 1
2613.2 -3455.0 0.6 286 0 6.4 16.9 7.5 2.5 2 1 3 0 0
2433.5 -4267.1 2.4 168 0 9.0 6.0 2.5 2.5 2 0 1 0 0
2768.8 -3466.7 3.0 193 0 11.8 5.2 7.5 2.5 2 0 3 1 1
2594.1 -3269.8 -0.6 286 0 6.1 8.1 5.0 2.5 2 0 2 3 3
2140.8 -3446.8 -1.2 101 0 12.2 10.8 2.5 0.0 0 0 1 3 3
3731.1 -6933.9 0.6 246 0 12.9 12.5 5.0 2.5 2 0 2 2 2
3462.6 -6810.2 -0.5 337 0 3.8 11.1 2.5 2.5 2 1 1 5 5
3453.6 -6853.6 -0.5 156 0 4.9 16.9 5.0 2.5 2 0 2 4 4
3472.9 -6911.0 -0.4 158 0 4.0 8.2 7.5 2.5 2 1 3 1 1
2307.2 -3375.6 0.9 282 0 8.5 13.1 5.0 2.5 2 1 2 5 5
2586.6 -4001.4 2.1 193 0 8.6 8.0 5.0 2.5 2 0 2 5 5
3443.1 -6845.5 -0.4 156 0 7.4 11.0 5.0 2.5 2 0 2 3 3
3562.7 -7152.5 1.0 156 0 11.4 11.9 2.5 0.0 0 1 1 5 5
3437.2 -6829.9 -0.2 156 0 9.2 10.4 5.0 2.5 2 1 2 5 5
2286.6 -4180.5 2.6 358 0 18.1 7.6 5.0 2.5 2 0 2 5 5
3021.6 -3595.6 3.2 117 0 4.6 10.1 5.0 2.5 2 1 2 0 0
3453.7 -6884.8 -0.3 157 0 12.6 4.8 5.0 2.5 2 0 2 3 3
2882.4 -3750.2 4.6 25 0 12.7 14.7 5.0 2.5 2 1 2 5 5
-548.2 4907.6 1.2 148 0 8.9 18.0 5.0 0.0 0 1 2 3 3
-700.1 4863.9 -0.1 238 0 5.5 16.3 5.0 2.5 4 1 2 2 2
-539.3 4867.2 0.4 146 0 13.1 6.3 2.5 2.5 2 0 1 5 5
-438.7 4915.3 1.6 60 0 4.6 11.5 5.0 2.5 2 1 2 5 5
-138.9 5041.5 1.1 238 0 6.8 8.1 5.0 2.5 2 1 2 3 3
-729.8 4831.6 -0.5 62 0 5.0 19.6 7.5 2.5 2 1 3 2 2
-540.3 4874.4 0.6 56 0 6.3 25.1 7.5 2.5 2 0 3 0 0
-430.2 4897.1 1.2 59 0 8.1 11.1 7.5 2.5 2 1 3 0 0
-161.9 5043.2 1.2 238 0 14.1 7.1 7.5 2.5 2 0 3 0 0
-746.7 4866.0 -0.2 326 0 10.7 11.9 2.5 2.5 2 1 1 0 0
-453.3 4905.0 1.3 55 0 5.5 11.0 2.5 2.5 2 0 1 0 0
-768.8 4846.0 -0.4 146 0 11.1 5.4 2.5 2.5 2 0 1 3 3
-743.9 4827.3 -0.6 56 0 7.0 10.8 7.5 2.5 2 0 3 5 5
-521.1 4860.1 0.4 146 0 12.3 26.2 7.5 2.5 2 1 3 5 5
-519.0 4895.2 0.8 236 0 5.8 11.3 2.5 2.5 2 0 1 4 4
-105.4 4938.5 0.8 58 0 6.1 10.0 2.5 2.5 2 1 1 1 1
-80.6 5051.1 1.0 59 0 7.0 12.9 5.0 2.5 2 1 2 0 0
-685.3 4882.0 0.2 237 0 5.2 13.1 2.5 0.0 0 1 1 4 4
-99.7 5190.7 0.9 237 0 12.6 7.6 5.0 2.5 4 0 2 4 4
-756.6 4827.1 -0.7 147 0 13.3 7.2 5.0 2.5 4 0 2 4 4
-460.2 4944.0 1.8 241 0 10.3 12.7 5.0 2.5 2 1 2 3 3
-474.7 4710.7 -0.5 236 0 7.4 18.4 5.0 2.5 2 1 2 2 2
-394.6 4955.3 1.9 245 0 12.7 8.7 5.0 0.0 0 0 2 5 5
-466.6 4924.3 1.5 235 0 5.6 12.5 5.0 0.0 0 0 2 5 5
-525.9 4905.4 1.0 236 0 5.8 12.3 5.0 2.5 2 0 2 0 0
-139.3 5120.3 1.2 148 0 6.8 13.2 5.0 2.5 4 1 2 4 4
-654.2 5305.2 0.8 37 0 16.8 7.7 2.5 2.5 2 0 1 1 1
-1073.1 4635.2 -2.7 247 0 10.3 17.4 5.0 2.5 2 1 2 3 3
-685.8 5263.2 0.4 33 0 10.2 21.6 5.0 2.5 2 1 2 3 3
-1197.7 4362.5 -6.9 284 0 4.5 11.1 7.5 2.5 4 1 3 5 5
-837.5 5296.1 -1.0 234 0 8.8 30.9 7.5 2.5 2 1 3 5 5
-848.4 5150.5 1.8 27 0 10.1 5.6 5.0 2.5 2 0 2 3 3
-1047.2 4563.0 -4.2 148 0 24.9 6.0 7.5 2.5 2 0 3 2 2
-703.9 5466.1 -0.5 41 0 5.6 12.2 5.0 2.5 2 1 2 4 4
-1274.1 4674.0 -2.7 144 0 7.1 18.5 7.5 2.5 2 1 3 1 1
-1077.2 4594.2 -2.7 146 0 17.4 8.5 5.0 2.5 2 0 2 0 0
-671.1 5297.1 0.6 36 0 5.1 9.1 5.0 2.5 2 0 2 2 2
-858.9 5141.9 1.6 28 0 6.0 15.5 7.5 2.5 2 1 3 0 0
-1079.4 4713.0 -2.2 232 0 7.5 13.3 5.0 2.5 2 1 2 5 5
-1063.9 4719.9 -2.1 231 0 12.0 10.1 5.0 2.5 2 0 2 4 4
-697.2 5241.6 0.5 34 0 6.1 7.6 7.5 2.5 2 0 3 1 1
-1573.5 4160.0 -4.9 244 0 6.3 8.6 7.5 2.5 2 1 3 3 3
-1221.4 4670.6 -2.6 52 0 7.1 17.9 7.5 2.5 2 1 3 5 5
-1113.7 4643.8 -3.0 237 0 7.2 14.1 5.0 2.5 2 1 2 0 0
-1029.8 4706.3 -2.2 328 0 21.6 6.9 7.5 2.5 2 0 3 3 3
-1603.9 4134.1 -4.9 144 0 8.5 17.2 7.5 2.5 2 1 3 4 4
-817.2 5291.6 -1.0 325 0 30.9 9.5 7.5 2.5 2 0 3 4 4
-1196.2 4693.3 -2.5 323 0 9.5 11.2 5.0 2.5 2 1 2 4 4
-1231.8 4705.9 -2.4 234 0 6.9 16.7 7.5 2.5 2 1 3 3 3
-1427.8 4668.8 -4.2 51 0 6.5 10.9 2.5 2.5 2 1 1 0 0
-683.8 5386.6 -0.1 214 0 13.5 8.9 5.0 2.5 4 0 2 4 4
-1232.3 4728.2 -2.1 227 0 15.0 7.1 5.0 2.5 2 0 2 4 4
-1013.2 4667.0 -2.4 52 0 6.1 11.9 2.5 2.5 2 1 1 4 4
-1552.1 4144.4 -4.8 56 0 8.5 13.0 2.5 2.5 2 1 1 5 5
-800.3 5253.5 -0.7 44 0 8.8 11.6 5.0 0.0 0 1 2 5 5
-1477.6 4098.4 -6.4 141 0 6.7 15.1 5.0 0.0 0 1 2 0 0
-1067.1 4577.6 -3.3 147 0 16.3 10.8 5.0 2.5 2 0 2 1 1
-778.6 5382.9 -0.9 233 0 6.2 24.5 7.5 0.0 0 1 3 5 5
-654.7 5371.5 0.2 303 0 7.0 12.0 5.0 2.5 2 1 2 0 0
-1067.5 4609.0 -2.6 145 0 7.1 12.5 7.5 2.5 2 1 3 1 1
-1544.5 4167.8 -4.8 53 0 5.2 9.8 5.0 2.5 4 1 2 4 4
-809.0 5231.9 0.0 34 0 14.5 8.0 2.5 0.0 0 0 1 5 5
-1506.3 4200.5 -4.7 320 0 11.1 11.1 5.0 2.5 2 1 2 1 1
-703.5 5245.9 0.4 34 0 6.1 7.1 7.5 2.5 2 0 3 0 0
-687.9 5497.5 -0.3 32 0 6.3 14.1 5.0 2.5 2 1 2 4 4
-1055.8 4586.9 -3.1 147 0 14.4 18.3 7.5 2.5 2 0 3 3 3
-1572.4 4123.6 -4.9 55 0 5.4 17.7 7.5 2.5 2 1 3 2 2
-19.9 4929.4 0.5 146 0 16.0 8.3 2.5 2.5 2 0 1 0 0
-1031.5 4538.9 -5.1 146 0 17.7 33.9 12.5 2.5 2 0 5 0 0
-1038.5 4549.4 -4.5 147 0 7.6 24.5 2.5 2.5 2 0 1 1 1
-1023.6 4593.0 -3.8 326 0 39.7 12.1 10.0 2.5 2 0 4 4 4
-687.2 5474.7 -0.4 27 0 16.4 8.8 5.0 0.0 0 0 2 1 1
-1069.1 4697.6 -2.4 233 0 6.4 23.1 7.5 2.5 2 0 3 5 5
-744.4 5375.5 -0.7 52 0 8.4 8.9 5.0 2.5 4 1 2 1 1
-1009.8 4573.1 -4.2 323 0 11.5 12.6 5.0 2.5 2 0 2 0 0
-1042.2 4566.4 -4.1 146 0 29.8 18.2 12.5 2.5 4 0 5 4 4
-716.8 5251.2 0.3 124 0 13.8 6.1 5.0 2.5 2 0 2 2 2
-1189.0 4426.5 -5.7 146 0 19.3 8.2 5.0 2.5 2 0 2 0 0
-818.0 5257.3 -0.8 314 0 9.6 25.6 2.5 2.5 2 1 1 0 0
-655.0 5344.6 0.4 35 0 6.1 11.9 2.5 2.5 2 1 1 0 0
-1035.8 4692.1 -2.4 322 0 9.5 25.3 5.0 2.5 2 0 2 4 4
-1491.3 4127.7 -5.6 232 0 11.3 10.0 5.0 2.5 2 0 2 2 2
-1622.6 3579.7 -7.8 219 0 10.1 10.0 5.0 2.5 2 0 2 2 2
-1646.6 3528.9 -8.1 34 0 27.9 13.1 12.5 2.5 2 0 5 4 4
-1875.7 3412.2 -7.5 241 0 12.2 15.3 7.5 2.5 2 1 3 1 1
-1892.7 3315.7 -9.0 69 0 7.7 13.0 5.0 2.5 2 1 2 3 3
-1784.0 3528.3 -7.6 145 0 59.0 17.9 10.0 2.5 2 0 4 5 5
-1970.1 3288.1 -8.8 70 0 6.8 15.0 7.5 2.5 2 1 3 0 0
-1882.7 3370.0 -8.2 143 0 46.9 17.6 10.0 2.5 2 0 4 1 1
-1942.3 3300.5 -8.8 65 0 10.1 11.5 5.0 2.5 2 1 2 2 2
-1725.7 3495.8 -7.9 244 0 12.2 12.3 7.5 2.5 2 1 3 0 0
-1702.8 3503.9 -8.0 242 0 11.8 10.7 5.0 2.5 2 0 2 4 4
-1982.1 3286.3 -8.9 70 0 7.3 16.4 5.0 2.5 2 1 2 2 2
2802.7 -6670.6 -3.0 339 0 11.9 6.1 7.5 2.5 2 0 3 5 5
2863.1 -6538.9 -3.1 72 0 13.4 13.1 2.5 0.0 0 0 1 4 4
2843.0 -6550.8 -2.9 71 0 4.7 10.9 7.5 2.5 2 1 3 3 3
2919.4 -6502.0 -2.1 248 0 5.9 11.7 5.0 2.5 2 1 2 1 1
2778.5 -6610.1 -3.1 340 0 8.7 4.5 5.0 2.5 2 0 2 4 4
2919.0 -6539.0 -2.3 70 0 10.6 9.9 2.5 2.5 2 0 1 3 3
2969.3 -6551.6 -1.3 250 0 6.5 9.4 5.0 2.5 2 0 2 5 5
2859.2 -6575.5 -2.9 248 0 5.1 17.1 5.0 2.5 2 1 2 2 2
2822.2 -6566.1 -2.9 69 0 10.1 5.3 2.5 2.5 2 0 1 4 4
2839.5 -6581.3 -3.1 253 0 12.4 9.1 2.5 2.5 2 0 1 2 2
2909.1 -6644.3 -1.4 70 0 4.3 17.2 7.5 2.5 2 1 3 4 4
2947.8 -6558.9 -1.4 246 0 5.8 15.9 7.5 2.5 2 0 3 4 4
2798.8 -6563.3 -2.8 70 0 11.8 12.1 2.5 2.5 2 1 1 4 4
2824.0 -6549.5 -2.8 69 0 5.0 9.8 7.5 2.5 2 1 3 1 1
2986.0 -6550.3 -1.2 250 0 5.3 13.6 2.5 2.5 2 1 1 5 5
2902.7 -6510.4 -2.5 246 0 9.0 4.1 2.5 2.5 2 0 1 0 0
2877.2 -6644.2 -1.5 159 0 11.7 10.0 5.0 2.5 2 0 2 5 5
2971.8 -6584.3 -0.8 67 0 5.2 10.3 7.5 2.5 2 1 3 0 0
2809.8 -6532.5 -2.9 252 0 11.1 5.3 7.5 2.5 2 0 3 1 1
2849.5 -6771.4 -0.1 337 0 8.2 4.7 5.0 2.5 2 0 2 0 0
2943.2 -6561.0 -1.4 246 0 4.3 15.9 5.0 0.0 0 0 2 1 1
2967.9 -6542.1 -1.5 250 0 10.5 9.4 5.0 2.5 2 0 2 1 1
2888.9 -6580.0 -2.3 254 0 7.7 8.6 7.5 2.5 2 0 3 2 2
2854.5 -6778.3 0.4 337 0 8.3 6.6 5.0 2.5 2 0 2 1 1
2882.7 -6583.0 -2.3 254 0 5.9 9.9 5.0 2.5 2 0 2 1 1
2801.7 -6642.7 -3.3 339 0 8.6 11.9 5.0 2.5 2 1 2 4 4
2808.7 -6586.1 -3.1 251 0 4.5 14.8 5.0 2.5 2 1 2 4 4
2794.2 -6621.1 -3.2 339 0 6.6 10.7 5.0 2.5 4 1 2 1 1
2829.3 -6563.4 -2.9 69 0 5.0 12.1 2.5 2.5 2 0 1 4 4
3036.7 -7668.1 -3.6 249 0 14.3 12.2 2.5 2.5 2 0 1 2 2
1057.6 -1574.7 -1.5 270 0 3.7 16.7 5.0 2.5 2 1 2 2 2
905.6 -1635.9 -2.0 90 0 8.7 16.4 5.0 2.5 2 1 2 1 1
844.7 -1566.7 -1.7 180 0 13.0 6.3 5.0 2.5 2 0 2 5 5
2978.7 -7728.7 -3.5 70 0 8.4 5.4 2.5 2.5 2 0 1 4 4
882.8 -1619.3 -1.9 271 0 6.8 9.6 7.5 0.0 0 1 3 3 3
877.8 -1576.3 -1.7 359 0 10.6 10.2 5.0 2.5 2 0 2 0 0
1048.1 -1477.5 -0.5 265 0 9.9 3.8 2.5 0.0 0 0 1 4 4
877.6 -1564.9 -1.7 359 0 12.2 10.3 7.5 2.5 2 0 3 2 2
1042.0 -1562.7 -1.5 270 0 5.6 13.6 7.5 2.5 2 0 3 2 2
3043.3 -7701.4 -3.5 69 0 5.6 13.1 7.5 2.5 2 1 3 3 3
2904.6 -7654.4 -3.7 159 0 4.5 8.2 2.5 2.5 2 1 1 5 5
3024.9 -7724.5 -3.5 68 0 5.0 6.8 7.5 2.5 2 0 3 1 1
2905.7 -7732.5 -3.6 70 0 5.1 9.6 7.5 2.5 2 1 3 3 3
978.2 -1515.3 -1.4 180 0 23.7 7.0 5.0 2.5 2 0 2 3 3
2906.0 -7715.4 -3.6 160 0 4.6 10.5 7.5 2.5 2 1 3 0 0
2926.7 -7652.7 -3.7 339 0 8.5 4.6 5.0 2.5 2 0 2 2 2
3068.8 -7677.3 -3.5 248 0 5.1 17.5 7.5 2.5 4 1 3 5 5
2887.4 -7700.3 -3.6 248 0 7.2 9.3 5.0 2.5 2 0 2 3 3
2934.8 -7730.8 -3.6 69 0 6.0 25.3 5.0 2.5 2 1 2 5 5
2919.8 -7743.3 -3.5 68 0 11.0 6.4 2.5 2.5 2 0 1 1 1
1013.9 -1541.8 -1.4 89 0 5.5 12.7 5.0 2.5 2 1 2 4 4
879.0 -1550.3 -1.6 359 0 9.3 4.8 5.0 2.5 2 0 2 1 1
940.9 -1608.6 -2.0 357 0 18.4 6.8 2.5 0.0 0 0 1 0 0
1055.1 -1614.9 -1.7 90 0 7.7 8.1 2.5 2.5 2 0 1 5 5
2940.8 -7709.5 -3.5 248 0 3.7 13.8 2.5 2.5 2 1 1 5 5
847.7 -1553.4 -1.6 270 0 6.3 6.8 7.5 2.5 4 0 3 2 2
2965.0 -7726.4 -3.5 69 0 5.5 9.5 7.5 0.0 0 1 3 5 5
978.2 -1498.9 -1.2 179 0 9.2 7.0 2.5 2.5 2 0 1 5 5
849.5 -1545.9 -1.6 181 0 10.1 18.9 7.5 2.5 4 1 3 5 5
2954.1 -7701.9 -3.6 250 0 5.0 9.9 2.5 2.5 2 1 1 1 1
916.2 -1610.9 -2.0 270 0 4.8 12.1 5.0 2.5 2 0 2 5 5
3056.5 -7669.2 -3.5 247 0 6.2 21.9 5.0 2.5 2 1 2 2 2
1034.5 -1538.5 -1.2 76 0 6.7 22.3 5.0 2.5 2 1 2 4 4
845.9 -1638.6 -2.2 179 0 12.0 13.9 5.0 2.5 2 1 2 5 5
1041.5 -1595.7 -1.6 90 0 4.6 10.9 5.0 2.5 4 0 2 5 5
2919.8 -7643.3 -3.8 339 0 8.4 4.8 5.0 2.5 2 0 2 4 4
1044.8 -1553.6 -1.4 270 0 11.1 9.2 2.5 2.5 2 0 1 4 4
3022.4 -7718.2 -3.5 68 0 5.0 6.9 7.5 2.5 2 0 3 1 1
3035.0 -7720.5 -3.5 68 0 16.7 11.6 7.5 2.5 2 0 3 3 3
916.6 -1634.0 -2.0 90 0 6.0 10.9 7.5 2.5 2 0 3 1 1
977.1 -1491.2 -1.1 179 0 6.3 7.9 5.0 2.5 2 0 2 2 2
1042.5 -1584.8 -1.5 90 0 6.7 8.5 5.0 2.5 2 0 2 3 3
3023.8 -7710.3 -3.5 68 0 3.0 16.8 2.5 2.5 2 1 1 3 3
3073.7 -7660.8 -3.6 277 0 8.4 14.2 5.0 2.5 2 1 2 0 0
2960.5 -7687.5 -3.6 249 0 11.1 14.0 5.0 2.5 2 1 2 4 4
996.6 -1475.6 -0.9 268 0 10.2 12.4 7.5 2.5 2 0 3 1 1
3016.4 -7680.4 -3.6 248 0 11.2 12.8 5.0 2.5 2 1 2 0 0
2977.9 -7681.0 -3.6 249 0 5.3 18.0 7.5 2.5 2 1 3 2 2
3005.1 -7685.9 -3.5 248 0 5.4 20.3 7.5 2.5 2 1 3 0 0
2935.4 -7741.0 -3.5 159 0 11.6 16.4 7.5 0.0 0 1 3 4 4
2940.4 -7688.0 -3.6 248 0 4.9 12.0 5.0 2.5 2 1 2 0 0
2932.6 -7671.1 -3.7 69 0 9.2 8.9 2.5 2.5 4 0 1 5 5
932.5 -1644.2 -2.1 88 0 18.3 10.4 2.5 2.5 2 0 1 4 4
2991.4 -7680.1 -3.6 250 0 10.7 9.4 2.5 2.5 2 0 1 3 3
2896.7 -7696.6 -3.6 248 0 13.1 9.3 5.0 2.5 2 0 2 0 0
890.7 -1604.4 -1.9 269 0 11.4 9.7 2.5 2.5 2 0 1 2 2
919.4 -1593.3 -1.9 268 0 12.1 9.7 2.5 2.5 2 0 1 5 5
2927.2 -7630.4 -3.8 340 0 10.9 13.4 5.0 2.5 2 0 2 0 0
2384.3 -6522.3 -5.3 260 0 11.4 13.1 5.0 0.0 0 1 2 2 2
2342.4 -6598.3 -3.8 67 0 7.5 5.5 7.5 2.5 2 0 3 2 2
2357.5 -6527.6 -5.4 250 0 10.3 9.3 5.0 2.5 4 0 2 2 2
2409.9 -6489.2 -5.0 68 0 3.4 6.7 7.5 2.5 2 1 3 1 1
2415.1 -6486.7 -5.0 67 0 6.6 11.6 7.5 2.5 2 1 3 1 1
2611.7 -6559.6 -2.9 257 0 12.2 12.5 5.0 2.5 2 1 2 2 2
2338.9 -6580.3 -4.3 68 0 4.8 7.5 7.5 0.0 0 1 3 0 0
2404.3 -6540.5 -4.6 249 0 4.8 10.3 5.0 2.5 4 0 2 0 0
2495.2 -6508.1 -4.5 72 0 5.1 7.0 2.5 2.5 2 0 1 3 3
2359.5 -6541.9 -5.0 248 0 4.2 9.9 5.0 2.5 2 1 2 1 1
2525.2 -6494.7 -4.7 342 0 7.0 30.1 7.5 2.5 2 0 3 3 3
2387.7 -6540.8 -4.8 249 0 4.5 7.4 7.5 2.5 2 1 3 0 0
2339.4 -6522.1 -5.5 253 0 5.0 14.9 7.5 2.5 2 1 3 0 0
2390.2 -6560.2 -4.4 69 0 3.9 8.2 7.5 2.5 2 0 3 1 1
2365.9 -6587.0 -3.9 68 0 16.2 8.1 2.5 2.5 2 0 1 4 4
2459.6 -6460.2 -5.5 243 0 12.6 6.8 2.5 0.0 0 0 1 5 5
2325.7 -6515.2 -5.7 250 0 10.1 9.2 5.0 2.5 2 0 2 2 2
2292.5 -6557.0 -5.0 159 0 10.2 11.2 2.5 2.5 2 1 1 4 4
2503.0 -6467.9 -5.5 251 0 5.4 20.5 7.5 2.5 2 1 3 3 3
2309.2 -6568.3 -4.7 158 0 10.5 4.0 5.0 2.5 2 0 2 0 0
2558.3 -6620.4 -2.7 158 0 11.8 4.5 7.5 2.5 2 0 3 4 4
2394.0 -6558.7 -4.4 69 0 4.1 8.2 7.5 2.5 2 0 3 2 2
2384.8 -6579.0 -3.9 68 0 4.4 7.3 2.5 2.5 2 1 1 5 5
2497.4 -6464.3 -5.7 339 0 10.9 10.9 2.5 2.5 2 1 1 4 4
2310.1 -6592.3 -4.2 69 0 6.0 12.0 7.5 2.5 2 1 3 2 2
2412.8 -6561.9 -4.2 68 0 4.7 8.7 5.0 2.5 2 1 2 4 4
2392.1 -6571.0 -4.0 69 0 8.7 5.3 2.5 2.5 2 0 1 2 2
2581.8 -6628.1 -2.8 68 0 4.5 11.9 7.5 2.5 2 1 3 4 4
2327.1 -6572.4 -4.9 68 0 5.1 16.0 5.0 2.5 2 1 2 0 0
2365.0 -6568.4 -4.4 67 0 5.0 7.0 7.5 0.0 0 0 3 0 0
2408.5 -6533.8 -4.9 340 0 9.6 9.1 5.0 2.5 2 0 2 1 1
2461.7 -6502.8 -4.7 151 0 11.9 11.0 5.0 2.5 2 0 2 2 2
2443.7 -6465.4 -5.4 246 0 21.0 10.1 2.5 2.5 2 0 1 3 3
2374.7 -6538.1 -5.0 250 0 5.2 12.7 5.0 2.5 2 1 2 1 1
2565.5 -6632.8 -2.8 159 0 6.9 10.1 7.5 2.5 2 1 3 2 2
2551.4 -6600.8 -2.5 158 0 9.5 10.8 2.5 2.5 2 1 1 5 5
2478.8 -6559.4 -3.6 339 0 10.3 10.2 2.5 2.5 2 0 1 5 5
2371.9 -6567.5 -4.4 68 0 8.6 8.1 7.5 2.5 2 0 3 4 4
2471.1 -6447.5 -5.6 253 0 6.6 14.6 2.5 2.5 2 0 1 4 4
689.9 -1677.9 -2.2 0 0 6.0 8.2 5.0 0.0 0 0 2 4 4
323.0 -1710.1 -2.5 88 0 14.3 9.8 5.0 2.5 2 0 2 3 3
160.6 -1781.7 -2.4 357 0 22.7 6.3 7.5 2.5 2 0 3 3 3
717.2 -1629.7 -1.9 87 0 6.3 17.2 2.5 2.5 2 1 1 4 4
135.8 -1776.9 -1.9 269 0 6.6 16.8 5.0 2.5 2 0 2 1 1
242.2 -1656.0 -1.9 272 0 10.4 7.2 7.5 2.5 2 0 3 2 2
374.6 -1666.1 -2.5 266 0 4.8 15.3 7.5 2.5 2 1 3 0 0
477.3 -1625.8 -2.7 270 0 6.9 19.8 7.5 2.5 2 0 3 5 5
776.5 -1687.1 -2.9 273 0 6.9 8.0 7.5 0.0 0 1 3 4 4
368.1 -1649.0 -2.4 178 0 8.7 6.5 5.0 2.5 2 0 2 5 5
313.1 -1680.6 -2.3 178 0 27.8 7.5 5.0 2.5 4 0 2 1 1
454.4 -1630.0 -2.8 266 0 16.9 8.8 2.5 0.0 0 0 1 5 5
649.0 -1718.9 -2.9 0 0 6.6 5.5 7.5 0.0 0 0 3 1 1
246.9 -1669.9 -1.9 359 0 10.8 7.6 7.5 2.5 2 0 3 1 1
697.9 -1629.8 -1.8 91 0 10.1 13.8 5.0 2.5 2 0 2 3 3
761.8 -1624.5 -2.2 78 0 6.6 19.1 7.5 2.5 4 1 3 4 4
542.9 -1702.0 -3.3 359 0 12.0 7.0 5.0 2.5 2 0 2 5 5
341.3 -1703.4 -2.5 88 0 7.2 24.8 7.5 2.5 4 0 3 2 2
693.1 -1610.8 -1.7 181 0 10.1 10.1 5.0 2.5 2 0 2 0 0
627.7 -1714.9 -3.0 179 0 17.5 5.3 5.0 2.5 2 0 2 5 5
689.9 -1687.8 -2.3 0 0 13.8 5.6 7.5 2.5 2 0 3 5 5
480.7 -1648.6 -2.8 180 0 6.0 9.0 5.0 2.5 2 0 2 2 2
216.9 -1731.2 -2.1 88 0 5.8 16.2 5.0 2.5 2 0 2 5 5
242.0 -1692.9 -1.9 356 0 9.7 6.1 5.0 2.5 2 0 2 1 1
108.2 -1782.4 -1.5 181 0 12.0 14.6 5.0 2.5 2 1 2 5 5
399.3 -1673.1 -2.7 0 0 31.2 6.1 5.0 2.5 4 0 2 4 4
484.4 -1601.8 -2.2 181 0 12.0 15.9 5.0 2.5 2 1 2 3 3
159.8 -1834.6 -2.9 87 0 7.7 5.8 5.0 0.0 0 0 2 5 5
580.4 -1643.2 -2.2 354 0 14.0 8.9 7.5 2.5 2 0 3 3 3
725.8 -1553.7 -1.5 270 0 4.3 10.9 5.0 0.0 0 1 2 1 1
549.8 -1598.3 -2.0 358 0 21.2 8.2 7.5 2.5 2 0 3 3 3
628.9 -1693.4 -2.6 179 0 18.7 5.4 2.5 2.5 2 0 1 2 2
133.1 -1803.1 -2.1 179 0 7.3 8.8 7.5 2.5 2 0 3 3 3
671.9 -1612.9 -1.9 269 0 6.4 14.4 5.0 2.5 2 1 2 4 4
470.7 -1675.2 -3.2 89 0 5.7 24.2 5.0 2.5 2 1 2 2 2
540.9 -1647.8 -2.4 89 0 5.2 6.8 7.5 2.5 2 0 3 2 2
648.7 -1641.5 -2.0 91 0 5.1 12.3 2.5 2.5 2 1 1 3 3
736.3 -1673.8 -2.5 175 0 10.6 5.1 2.5 2.5 2 0 1 4 4
216.3 -1715.0 -2.0 88 0 5.8 15.4 7.5 2.5 2 0 3 5 5
138.9 -1761.8 -1.8 269 0 12.7 10.1 5.0 2.5 2 0 2 1 1
723.7 -1588.4 -1.6 267 0 8.4 5.6 7.5 0.0 0 0 3 2 2
808.0 -1580.9 -1.7 176 0 28.5 6.5 7.5 2.5 2 0 3 5 5
507.1 -1613.2 -2.2 179 0 14.8 8.6 2.5 2.5 2 0 1 0 0
714.1 -1606.3 -1.7 177 0 10.5 5.1 7.5 2.5 2 0 3 2 2
826.2 -1528.9 -1.5 267 0 4.9 8.4 7.5 2.5 2 1 3 3 3
510.1 -1658.9 -2.8 89 0 11.4 20.2 5.0 2.5 2 0 2 2 2
205.6 -1633.1 -1.9 271 0 4.9 16.7 5.0 2.5 2 1 2 0 0
269.5 -1765.8 -2.6 91 0 6.3 14.1 5.0 2.5 2 1 2 5 5
830.0 -1571.7 -1.6 357 0 20.0 5.2 5.0 2.5 2 0 2 0 0
240.9 -1721.9 -2.1 86 0 6.2 24.0 5.0 2.5 2 0 2 0 0
688.5 -1709.2 -2.5 1 0 9.3 12.7 7.5 2.5 2 1 3 5 5
541.0 -1659.1 -2.5 89 0 5.2 11.3 7.5 2.5 2 0 3 1 1
227.7 -1726.1 -2.1 86 0 11.6 9.4 5.0 2.5 2 0 2 0 0
340.0 -1670.6 -2.3 268 0 7.2 8.0 5.0 2.5 2 0 2 1 1
445.4 -1649.9 -3.0 178 0 10.0 6.8 5.0 2.5 2 0 2 4 4
813.5 -1605.6 -1.7 86 0 7.5 10.7 2.5 2.5 2 0 1 0 0
444.8 -1661.9 -3.0 178 0 13.9 5.6 7.5 2.5 2 0 3 0 0
342.4 -1660.4 -2.3 270 0 12.1 10.1 2.5 2.5 2 0 1 5 5
441.9 -1671.5 -3.1 269 0 6.4 11.6 5.0 2.5 2 0 2 2 2
480.7 -1630.6 -2.7 180 0 29.9 18.4 10.0 2.5 2 0 4 4 4
692.2 -1575.5 -1.5 179 0 9.9 19.9 2.5 2.5 2 1 1 3 3
133.0 -1796.6 -2.0 179 0 5.6 9.5 7.5 2.5 2 0 3 0 0
628.6 -1677.7 -2.3 179 0 12.7 5.4 5.0 2.5 2 0 2 3 3
379.7 -1697.1 -2.7 89 0 14.6 10.0 5.0 0.0 0 0 2 5 5
570.4 -1610.6 -2.1 265 0 16.1 8.6 5.0 2.5 2 0 2 4 4
554.7 -1662.2 -2.5 89 0 5.2 14.3 5.0 2.5 2 1 2 5 5
133.1 -1812.4 -2.5 179 0 8.0 21.9 2.5 2.5 2 1 1 1 1
662.7 -1593.9 -1.7 359 0 8.4 11.6 5.0 2.5 2 1 2 3 3
524.8 -1669.7 -2.8 89 0 5.1 12.8 2.5 0.0 0 1 1 3 3
812.6 -1548.2 -1.5 177 0 11.3 17.1 2.5 2.5 2 1 1 4 4
450.8 -1683.0 -3.2 90 0 11.3 9.0 5.0 2.5 2 0 2 5 5
161.0 4887.5 -0.1 60 0 6.7 14.0 5.0 2.5 2 1 2 5 5
-225.2 5372.0 3.4 214 0 9.4 19.5 5.0 0.0 0 1 2 4 4
70.1 4932.2 0.3 237 0 11.9 6.8 5.0 2.5 2 0 2 5 5
-7.7 5512.5 2.1 34 0 10.1 11.6 2.5 2.5 2 1 1 0 0
162.1 5139.0 0.3 240 0 10.1 9.0 5.0 2.5 2 0 2 3 3
229.0 5010.1 -1.3 64 0 6.0 11.0 2.5 2.5 2 1 1 0 0
289.8 5052.2 -1.0 148 0 5.8 9.2 5.0 0.0 0 1 2 4 4
112.8 4956.4 -0.3 239 0 7.9 9.8 5.0 2.5 4 1 2 1 1
-221.6 5395.9 3.2 211 0 10.2 5.3 7.5 2.5 4 0 3 5 5
-185.3 5358.8 3.5 30 0 17.7 8.0 5.0 2.5 2 0 2 0 0
187.9 4947.8 -0.4 328 0 6.7 8.2 5.0 2.5 4 1 2 5 5
78.3 4879.0 0.1 56 0 7.3 12.9 5.0 2.5 2 1 2 3 3
-48.0 5580.5 1.9 300 0 17.1 6.1 2.5 2.5 2 0 1 5 5
149.9 5119.6 0.2 242 0 6.3 22.6 7.5 2.5 2 1 3 4 4
-71.7 5587.9 2.0 300 0 7.8 25.8 7.5 0.0 0 1 3 5 5
159.6 4981.6 -0.9 237 0 8.6 6.4 5.0 2.5 2 0 2 2 2
197.6 5119.2 0.1 329 0 14.2 8.7 5.0 0.0 0 0 2 1 1
-65.4 5553.1 2.0 125 0 14.4 6.1 5.0 2.5 2 0 2 5 5
26.0 5616.2 2.2 34 0 8.5 15.9 5.0 2.5 2 1 2 5 5
-50.4 5549.0 2.0 125 0 12.1 4.7 5.0 2.5 4 0 2 4 4
60.2 4858.0 -0.0 58 0 7.2 15.3 5.0 2.5 2 1 2 5 5
5734.9 8568.1 5.2 293 0 4.2 10.9 5.0 2.5 2 1 2 4 4
5765.2 8559.1 5.1 24 0 7.0 9.0 2.5 2.5 4 1 1 0 0
5750.7 8527.2 5.3 111 0 8.0 6.3 7.5 2.5 2 0 3 4 4
5768.2 8549.3 5.2 292 0 7.5 17.2 5.0 0.0 0 1 2 3 3
5686.9 8571.7 5.1 23 0 12.3 9.5 2.5 0.0 0 0 1 1 1
5742.1 8540.4 5.3 110 0 16.7 6.4 5.0 2.5 4 0 2 5 5
5665.7 8528.6 5.4 289 0 11.3 6.8 5.0 2.5 2 0 2 4 4
5674.1 8501.4 5.4 16 0 12.4 4.7 5.0 2.5 2 0 2 1 1
5661.1 8571.5 5.2 291 0 15.4 6.2 5.0 2.5 2 0 2 1 1
-5592.6 -5282.9 -18.4 273 0 14.9 12.6 5.0 2.5 2 0 2 0 0
4196.2 -7730.7 -0.9 67 0 12.1 8.4 5.0 2.5 2 0 2 2 2
6726.2 -6476.0 6.6 255 0 11.1 15.8 5.0 2.5 2 1 2 1 1
-847.1 -3542.0 -7.1 357 0 11.4 15.3 10.0 2.5 2 1 4 4 4
-799.0 -3539.3 -6.2 172 0 12.4 11.4 5.0 2.5 2 0 2 2 2
-1006.8 -3360.5 -5.3 173 0 10.8 15.2 5.0 2.5 2 1 2 0 0
6184.2 -6868.5 6.1 344 0 11.6 12.6 2.5 2.5 2 1 1 3 3
5923.4 -3853.6 5.6 225 0 10.9 10.0 2.5 2.5 2 0 1 3 3
4993.2 -4739.0 -1.3 45 0 6.1 18.6 2.5 2.5 2 1 1 3 3
3413.6 -8078.2 -4.4 65 0 5.6 14.1 7.5 2.5 2 1 3 1 1
-4419.9 -8079.5 -21.3 358 0 74.4 45.5 10.0 0.0 0 0 4 2 2
3634.0 -8334.8 -5.2 5 0 17.1 26.4 7.5 2.5 2 1 3 0 0
3358.9 -8073.6 -5.3 246 0 4.7 20.9 5.0 2.5 2 1 2 2 2
3689.7 -8441.9 -5.1 139 0 36.1 15.0 2.5 2.5 2 0 1 5 5
3381.0 -8059.2 -4.7 246 0 21.3 11.8 7.5 2.5 2 0 3 1 1
3403.0 -8047.6 -4.4 245 0 7.5 18.0 5.0 2.5 2 1 2 4 4
3428.4 -8062.3 -4.3 66 0 6.5 11.1 7.5 2.5 2 1 3 0 0
3460.1 -8116.9 -4.4 67 0 6.0 8.4 2.5 2.5 2 0 1 2 2
3472.8 -8121.4 -4.4 66 0 5.4 14.0 2.5 2.5 1 1 1 2 2
3522.6 -8095.1 -3.9 66 0 6.0 19.0 5.0 2.5 2 1 2 3 3
3441.7 -8057.1 -4.3 65 0 5.1 14.2 7.5 2.5 2 0 3 2 2
4024.1 -8329.6 -0.1 185 0 18.5 25.7 7.5 0.0 0 1 3 2 2
3457.2 -8047.4 -4.2 65 0 5.5 4.2 5.0 2.5 2 0 2 1 1
3468.8 -8039.9 -4.2 66 0 9.6 8.9 7.5 2.5 2 0 3 0 0
3473.3 -8052.3 -4.1 66 0 5.3 8.0 7.5 2.5 4 0 3 5 5
-1247.4 -5091.9 -6.2 87 0 15.6 12.2 7.5 2.5 2 0 3 5 5
-1184.8 -5104.5 -6.2 267 0 11.1 5.2 5.0 2.5 2 0 2 4 4
-1178.3 -5062.6 -8.2 175 0 7.6 24.5 5.0 2.5 2 1 2 3 3
-1173.5 -5097.6 -7.1 174 0 10.6 12.2 5.0 2.5 4 1 2 1 1
-1185.5 -5082.4 -7.4 358 0 8.0 6.8 2.5 2.5 2 0 1 2 2
-1409.0 -5207.5 -6.5 88 0 9.1 13.6 5.0 2.5 2 1 2 5 5
-1685.4 -5067.5 -9.0 263 0 6.3 14.4 7.5 2.5 2 1 3 4 4
-1669.5 -5061.9 -9.0 261 0 8.0 10.7 7.5 2.5 2 1 3 0 0
-2783.7 -7685.7 -14.6 13 0 8.2 10.1 2.5 2.5 2 1 1 3 3
-2708.1 -8045.3 -15.6 268 0 14.4 18.5 10.0 2.5 2 1 4 4 4
2843.6 -5643.7 -0.3 249 0 11.7 6.5 2.5 2.5 2 0 1 3 3
2893.5 -5678.1 0.6 68 0 4.9 10.8 5.0 0.0 0 1 2 0 0
2876.9 -5688.6 0.4 66 0 4.6 7.9 5.0 2.5 2 1 2 2 2
2838.6 -5669.2 -0.3 246 0 14.8 10.1 5.0 2.5 2 0 2 0 0
2862.6 -5694.0 0.1 67 0 6.2 17.9 5.0 0.0 0 1 2 4 4
2892.6 -5701.5 0.7 66 0 13.3 10.1 5.0 2.5 2 0 2 3 3
2934.3 -5748.2 1.5 64 0 13.4 14.6 5.0 0.0 0 1 2 2 2
2912.0 -5775.0 0.9 67 0 6.2 14.2 2.5 0.0 0 1 1 2 2
2892.9 -5748.1 1.0 247 0 11.4 11.1 5.0 2.5 2 0 2 2 2
2873.2 -5821.5 1.7 339 0 11.8 7.0 2.5 2.5 2 0 1 0 0
2862.2 -5793.6 1.2 250 0 10.8 10.5 5.0 2.5 2 0 2 0 0
2877.4 -5767.6 1.1 248 0 15.9 12.5 2.5 2.5 2 0 1 2 2
2860.5 -5732.1 0.4 66 0 13.3 10.6 2.5 2.5 2 0 1 5 5
2843.6 -5712.0 0.0 68 0 4.4 13.3 7.5 2.5 2 1 3 1 1
2827.0 -5720.1 0.2 69 0 11.1 8.0 7.5 0.0 0 0 3 3 3
2825.9 -5759.6 0.6 69 0 10.1 12.2 5.0 0.0 0 1 2 2 2
2817.4 -5726.2 0.2 66 0 4.5 9.8 7.5 2.5 2 0 3 0 0
2824.7 -5743.0 0.4 66 0 4.5 18.3 5.0 2.5 2 0 2 0 0
2834.4 -5845.6 1.9 70 0 10.0 6.8 7.5 2.5 2 0 3 3 3
2827.9 -5820.9 1.5 248 0 3.9 10.2 7.5 2.5 2 1 3 3 3
2821.4 -5805.0 1.2 246 0 10.1 8.7 2.5 2.5 2 0 1 1 1
2798.6 -5826.9 1.4 246 0 4.2 14.1 5.0 0.0 0 1 2 0 0
3226.8 -4901.7 1.5 56 0 6.3 9.4 7.5 2.5 2 1 3 4 4
3126.3 -5089.5 1.2 247 0 13.0 5.0 5.0 2.5 2 0 2 4 4
3136.3 -5092.3 1.0 249 0 4.9 14.7 5.0 2.5 2 1 2 1 1
3127.0 -5114.0 1.6 162 0 12.7 5.1 5.0 0.0 0 0 2 3 3
3236.4 -5034.0 1.2 59 0 5.3 20.0 5.0 2.5 2 1 2 0 0
3186.5 -5095.9 0.9 250 0 10.4 4.4 7.5 2.5 2 0 3 3 3
3165.6 -5163.5 3.4 156 0 5.7 12.3 7.5 0.0 0 1 3 0 0
3166.2 -5144.7 2.6 159 0 10.7 5.1 5.0 2.5 2 0 2 1 1
3181.4 -5145.5 2.8 159 0 10.4 4.7 7.5 2.5 2 0 3 5 5
3199.0 -5100.2 1.1 245 0 10.1 6.2 7.5 2.5 2 0 3 2 2
3201.6 -5105.9 1.4 245 0 10.1 10.0 5.0 0.0 0 0 2 1 1
3217.3 -5098.7 1.3 245 0 10.5 9.9 5.0 2.5 2 0 2 3 3
3248.0 -5373.4 4.3 70 0 5.4 12.0 2.5 2.5 2 1 1 3 3
3253.7 -5337.9 4.7 339 0 10.6 11.5 5.0 2.5 2 1 2 2 2
3192.7 -5200.2 4.8 159 0 4.5 8.3 5.0 2.5 2 1 2 2 2
3193.9 -5214.1 5.2 159 0 12.5 8.0 2.5 2.5 2 0 1 2 2
3291.0 -5227.6 5.6 323 0 7.9 5.5 5.0 2.5 2 0 2 3 3
3285.0 -5219.2 5.3 317 0 8.1 5.7 7.5 2.5 2 0 3 1 1
3275.7 -5225.1 5.6 319 0 4.6 14.9 2.5 2.5 2 1 1 4 4
3272.7 -5252.7 6.0 49 0 9.9 9.8 5.0 2.5 2 0 2 2 2
3377.0 -5229.8 5.5 315 0 13.8 15.7 5.0 2.5 2 1 2 0 0
3449.1 -5495.8 1.8 230 0 6.5 21.8 5.0 2.5 4 1 2 3 3
3508.4 -5541.8 1.2 52 0 9.2 5.8 7.5 2.5 2 0 3 5 5
3496.3 -5540.9 1.3 49 0 4.4 9.5 5.0 2.5 2 1 2 3 3
3533.4 -5642.5 1.7 50 0 5.3 13.2 7.5 2.5 2 1 3 1 1
3538.9 -5612.4 2.2 227 0 9.9 10.2 5.0 2.5 2 1 2 1 1
3470.1 -5484.3 2.0 321 0 11.1 10.0 5.0 2.5 2 0 2 2 2
3451.1 -5587.6 2.5 46 0 19.5 10.4 5.0 2.5 2 0 2 5 5
3417.2 -5606.1 2.8 45 0 5.2 12.8 5.0 2.5 2 0 2 3 3
3400.6 -5604.8 2.8 139 0 9.7 8.6 5.0 2.5 2 0 2 0 0
3371.5 -5512.7 1.9 315 0 11.3 8.0 5.0 2.5 4 0 2 2 2
3311.1 -5480.8 2.4 340 0 14.3 21.3 10.0 2.5 4 1 4 5 5
3295.8 -5527.8 2.5 159 0 11.8 6.4 7.5 2.5 4 0 3 1 1
3306.4 -5554.1 2.8 73 0 3.1 20.5 7.5 2.5 4 0 3 0 0
2985.5 -5586.9 0.3 53 0 4.6 10.2 2.5 2.5 2 1 1 1 1
3321.7 -5579.2 3.1 72 0 4.4 10.1 5.0 2.5 2 1 2 2 2
3308.4 -5557.9 3.1 161 0 8.5 10.0 5.0 2.5 2 0 2 0 0
3272.4 -5546.7 3.0 163 0 11.5 12.3 7.5 2.5 2 1 3 1 1
3255.0 -5512.1 2.5 160 0 13.2 10.1 2.5 0.0 0 0 1 3 3
3197.9 -5490.9 2.7 318 0 18.0 21.4 10.0 2.5 2 1 4 3 3
3137.8 -5527.4 2.4 246 0 9.3 12.6 5.0 0.0 0 1 2 5 5
3115.3 -5547.4 2.2 155 0 9.1 15.2 5.0 2.5 4 1 2 2 2
3038.3 -5547.5 0.8 66 0 5.1 14.4 5.0 0.0 0 1 2 0 0
3023.9 -5621.1 1.4 237 0 5.3 10.0 7.5 2.5 2 1 3 1 1
3042.3 -5632.7 1.7 61 0 7.5 5.8 7.5 2.5 2 0 3 5 5
3042.0 -5614.7 1.6 240 0 9.4 7.7 2.5 2.5 4 0 1 1 1
2989.3 -5495.8 -0.3 248 0 8.8 6.0 7.5 2.5 4 0 3 3 3
3021.1 -5554.9 0.6 69 0 4.3 10.2 2.5 2.5 2 1 1 5 5
3008.2 -5557.0 0.4 67 0 3.8 13.2 7.5 2.5 2 1 3 2 2
2927.0 -5572.3 -0.3 158 0 6.1 11.9 2.5 2.5 2 1 1 0 0
2962.3 -5600.1 0.3 68 0 3.9 10.5 7.5 2.5 2 1 3 3 3
2975.9 -5534.4 -0.2 249 0 8.6 14.2 5.0 2.5 2 1 2 3 3
2988.7 -5563.4 0.1 67 0 10.1 8.8 2.5 0.0 0 0 1 4 4
2996.7 -5593.3 0.5 66 0 4.9 11.2 5.0 0.0 0 1 2 3 3
2994.8 -5654.8 1.7 235 0 5.9 12.3 5.0 2.5 4 0 2 5 5
3008.4 -5660.5 1.7 56 0 10.2 12.3 5.0 2.5 2 0 2 5 5
2948.1 -5634.0 0.8 63 0 3.6 9.5 5.0 2.5 2 0 2 1 1
2954.7 -5630.6 0.8 63 0 11.3 9.5 2.5 2.5 2 0 1 2 2
2931.4 -5604.7 0.4 247 0 4.2 13.5 7.5 2.5 2 1 3 3 3
2932.4 -5631.7 0.6 64 0 5.1 14.0 5.0 2.5 2 1 2 4 4
2966.7 -5716.5 2.0 336 0 14.8 11.0 5.0 2.5 2 0 2 5 5
4187.2 -7689.6 -0.8 246 0 8.3 7.6 5.0 2.5 2 0 2 5 5
4724.6 -5080.0 -1.0 48 0 11.9 10.4 5.0 2.5 2 0 2 3 3
-1095.7 -3799.8 -8.1 174 0 44.7 14.9 7.5 2.5 2 0 3 1 1
-2625.8 -7611.6 -10.1 156 0 15.3 11.7 5.0 0.0 0 0 2 0 0
-2758.4 -7686.7 -13.2 278 0 3.3 3.2 7.5 2.5 2 0 3 0 0
6790.8 -3163.9 5.6 71 0 12.4 34.0 7.5 0.0 0 1 3 0 0
6725.7 -3145.9 5.3 175 0 11.9 20.9 5.0 2.5 2 1 2 1 1
-4890.4 -6934.3 -17.8 260 0 11.9 11.1 10.0 2.5 2 0 4 1 1
5050.2 -3848.7 2.6 151 0 13.0 13.0 5.0 2.5 2 1 2 2 2
6858.9 -6449.6 7.7 74 0 11.7 27.6 7.5 0.0 0 1 3 4 4
6879.9 -6410.4 7.8 347 0 16.2 15.0 7.5 2.5 4 0 3 0 0
5210.7 -3675.2 3.3 149 0 16.8 9.6 5.0 2.5 4 0 2 5 5
6219.1 -2620.3 8.3 57 0 15.2 25.9 10.0 2.5 2 1 4 1 1
6349.7 -2616.5 8.8 139 0 15.2 10.4 5.0 2.5 2 0 2 0 0
4048.5 -8313.8 0.2 91 0 6.6 6.7 5.0 0.0 0 1 2 5 5
2597.9 -2476.2 2.4 130 0 11.3 9.0 7.5 2.5 2 0 3 2 2
2128.6 -1409.1 4.4 149 0 5.9 10.0 7.5 2.5 2 1 3 3 3
3099.4 -565.8 10.4 74 0 8.9 5.4 5.0 2.5 2 0 2 4 4
3077.4 -521.9 9.6 256 0 12.3 32.7 7.5 2.5 2 1 3 5 5
2242.7 1488.5 7.0 137 0 11.4 11.0 7.5 0.0 0 0 3 0 0
-1602.4 2635.3 -8.3 71 0 24.8 9.4 3.5 2.5 2 0 1 3 3
3955.0 -4713.0 -1.8 10 0 17.4 33.9 7.5 2.5 2 1 3 3 3
4196.5 -7683.1 -0.7 245 0 6.8 10.6 5.0 2.5 2 1 2 2 2
4222.0 -7706.1 -0.6 336 0 13.5 13.5 5.0 2.5 2 1 2 2 2
3651.6 -7958.6 -3.3 253 0 7.6 12.1 2.5 2.5 2 1 1 3 3
-3309.5 -7457.2 -15.9 167 0 7.2 8.2 5.0 2.5 2 1 2 0 0
-3232.3 -7428.2 -15.5 98 0 7.0 16.8 7.5 2.5 4 1 3 3 3
-3210.5 -7432.8 -15.5 97 0 17.4 12.8 10.0 2.5 2 0 4 1 1
-3186.1 -7441.9 -15.4 96 0 10.8 12.4 7.5 2.5 2 1 3 4 4
-3128.7 -7441.1 -15.2 6 0 10.0 11.1 2.5 2.5 2 1 1 1 1
-3109.2 -7469.9 -14.8 187 0 8.8 12.7 5.0 2.5 2 1 2 5 5
-3075.5 -7482.0 -14.5 95 0 12.4 11.4 7.5 2.5 2 0 3 4 4
-3054.3 -7488.5 -14.3 97 0 13.1 10.9 2.5 2.5 2 0 1 1 1
-3022.1 -7499.0 -14.3 97 0 10.6 11.4 2.5 2.5 2 1 1 1 1
-3001.0 -7496.1 -14.4 6 0 13.5 10.6 5.0 0.0 0 0 2 2 2
-2963.8 -7511.6 -14.8 185 0 11.8 11.7 7.5 2.5 2 0 3 0 0
-2918.5 -7535.2 -15.3 93 0 11.0 9.9 5.0 2.5 2 0 2 2 2
-2894.1 -7546.7 -15.5 95 0 11.3 13.0 7.5 2.5 2 1 3 5 5
-2874.0 -7539.5 -15.6 274 0 10.5 8.6 5.0 0.0 0 0 2 1 1
-2858.4 -7543.8 -15.6 274 0 9.1 9.2 7.5 2.5 2 1 3 5 5
-2833.6 -7552.0 -15.4 277 0 6.9 22.0 2.5 2.5 2 1 1 3 3
-2812.6 -7579.6 -15.1 312 0 11.0 9.4 5.0 2.5 2 0 2 1 1
-2790.9 -7610.2 -14.7 130 0 11.0 11.2 5.0 0.0 0 1 2 3 3
-2810.4 -7630.5 -14.7 283 0 9.9 9.5 5.0 2.5 2 0 2 5 5
-2827.9 -7607.3 -15.0 284 0 9.3 10.8 5.0 2.5 2 1 2 0 0
-2862.9 -7579.4 -15.5 292 0 11.6 14.5 7.5 2.5 2 1 3 5 5
-2882.8 -7575.8 -15.7 280 0 10.3 10.3 7.5 2.5 4 0 3 5 5
-2897.4 -7569.2 -15.7 280 0 10.8 9.7 5.0 2.5 2 0 2 4 4
-2937.5 -7563.5 -15.5 4 0 9.3 10.3 5.0 2.5 2 1 2 4 4
-3038.4 -7517.6 -14.7 281 0 12.6 12.7 5.0 2.5 2 1 2 1 1
-3080.9 -7506.8 -14.6 276 0 9.9 9.7 7.5 2.5 4 0 3 1 1
-3109.4 -7499.3 -14.8 6 0 13.1 9.5 5.0 0.0 0 0 2 4 4
-3169.9 -7476.9 -15.2 276 0 12.4 10.1 5.0 0.0 0 0 2 5 5
-3223.8 -7496.2 -15.8 185 0 14.4 6.7 5.0 2.5 2 0 2 5 5
-3212.8 -7456.1 -15.4 275 0 10.6 14.0 5.0 2.5 2 1 2 1 1
-3229.4 -7454.4 -15.5 275 0 11.8 9.9 5.0 2.5 2 0 2 1 1
-3252.4 -7471.2 -15.5 96 0 10.4 4.8 5.0 2.5 2 0 2 0 0
-3249.0 -7449.6 -15.5 276 0 12.2 11.0 7.5 2.5 2 0 3 1 1
2205.8 -4143.5 2.4 173 0 11.4 15.9 5.0 2.5 2 1 2 3 3
5211.8 -3644.7 3.5 148 0 7.8 7.7 5.0 2.5 2 0 2 0 0
3765.1 -2547.3 4.9 120 0 5.4 15.1 5.0 2.5 2 1 2 2 2
5958.7 5607.8 -3.0 168 0 5.9 10.7 5.0 2.5 2 1 2 1 1
6113.5 5753.9 0.3 344 0 4.5 11.7 7.5 2.5 4 1 3 1 1
-4398.3 -7945.0 -20.2 316 0 28.6 10.2 10.0 2.5 2 0 4 3 3
-5797.6 -5078.4 -17.7 88 0 17.7 12.0 7.5 2.5 2 0 3 0 0
-5757.5 -5056.0 -17.1 274 0 7.6 33.6 7.5 2.5 2 1 3 4 4
-4353.6 -8068.5 -20.6 355 0 14.3 11.6 5.0 2.5 2 0 2 1 1
-4383.7 -8069.7 -20.7 179 0 4.7 4.9 7.5 2.5 2 0 3 0 0
-4388.5 -8074.7 -20.7 176 0 4.5 9.9 2.5 2.5 2 0 1 0 0
-4226.8 6195.8 -6.5 61 0 9.4 14.0 5.0 2.5 2 1 2 3 3
-4214.2 6364.4 -7.4 241 0 31.3 8.3 7.5 2.5 2 0 3 3 3
-4194.1 6353.4 -7.2 60 0 16.7 9.2 5.0 2.5 2 0 2 4 4
-4171.3 6351.6 -7.0 58 0 10.9 11.1 5.0 2.5 2 1 2 2 2
-4156.2 6333.4 -6.7 57 0 8.5 10.5 5.0 2.5 2 1 2 5 5
-4109.8 6360.9 -6.4 150 0 13.5 12.8 2.5 2.5 2 0 1 5 5
-4124.9 6294.6 -6.6 327 0 16.7 7.8 7.0 2.5 2 0 2 1 1
-4093.7 6241.8 -6.1 233 0 11.7 11.8 7.5 2.5 2 1 3 1 1
-3990.1 6319.0 -6.0 141 0 16.6 10.6 5.0 2.5 2 0 2 2 2
-4026.6 6269.7 -6.2 50 0 13.5 31.5 7.5 2.5 2 1 3 3 3
