6782.6 -6467.0 -13.6 276 0 36.9 21.2 5.0 0.0 0 0 2 2 2
-622.0 -2153.7 -13.2 171 0 10.9 10.1 2.5 2.5 2 0 1 2 2
-626.7 -2196.7 -13.7 352 0 10.3 15.8 5.0 0.0 0 1 2 2 2
-557.3 -2192.4 -13.0 97 0 12.1 15.2 7.5 2.5 2 1 3 3 3
-955.7 -7259.5 -13.9 249 0 29.6 9.1 7.5 2.5 2 0 3 3 3
-919.1 -7271.2 -14.2 339 0 28.1 10.7 7.5 2.5 2 0 3 4 4
-939.5 -7299.6 -14.1 69 0 21.7 5.5 2.5 0.0 0 0 1 5 5
4522.5 -2572.0 1.7 336 0 15.0 10.4 7.5 2.5 2 0 3 0 0
4511.0 -2571.9 1.9 335 0 5.2 3.9 5.0 2.5 4 0 2 3 3
4520.0 -2515.4 1.1 347 0 13.9 11.0 7.5 2.5 2 0 3 5 5
4753.0 -2328.9 -0.2 261 0 16.6 40.1 7.5 2.5 2 1 3 4 4
311.7 -1861.1 -11.0 184 0 14.6 12.8 5.0 2.5 2 0 2 1 1
304.9 -1878.1 -11.0 184 0 14.1 6.5 7.5 2.5 2 0 3 3 3
352.3 -1940.8 -11.5 185 0 32.9 14.2 15.0 0.0 0 0 6 1 1
331.8 -1887.7 -11.2 185 0 92.2 19.3 10.0 0.0 0 0 4 1 1
364.8 -1831.9 -11.5 275 0 18.4 79.3 10.0 2.5 2 1 4 5 5
424.1 -1944.5 -12.6 6 0 97.2 14.7 10.0 2.5 2 0 4 5 5
433.1 -1848.9 -11.9 5 0 75.3 13.8 10.0 2.5 2 0 4 1 1
99.2 -2117.7 -11.9 107 0 19.0 32.8 10.0 0.0 0 1 4 3 3
28.7 -2094.2 -12.3 107 0 15.4 12.1 5.0 2.5 2 0 2 1 1
64.7 -1971.0 -12.8 248 0 11.3 27.0 10.0 2.5 2 1 4 4 4
33.9 -2011.3 -12.7 256 0 8.6 8.8 5.0 2.5 2 0 2 4 4
35.0 -1992.2 -12.8 238 0 9.7 14.2 2.5 2.5 2 1 1 4 4
18.0 -2003.7 -12.8 237 0 10.0 11.6 5.0 2.5 2 1 2 3 3
13.2 -2029.0 -12.7 255 0 16.8 7.5 7.5 2.5 2 0 3 5 5
646.2 -1543.5 -13.1 180 0 6.4 12.0 7.5 0.0 0 1 3 3 3
720.6 -1623.2 -12.1 90 0 71.0 18.1 7.5 2.5 2 0 3 2 2
830.1 -1536.3 -11.5 269 0 38.0 18.1 12.5 2.5 4 0 5 0 0
926.7 -1430.1 -10.7 90 0 119.1 15.8 10.0 0.0 0 0 4 2 2
985.8 -1399.9 -10.5 0 0 16.1 120.0 12.5 0.0 0 0 5 1 1
996.1 -1355.6 -10.4 0 0 15.8 129.7 7.5 0.0 0 0 3 3 3
876.2 -1308.2 -10.6 270 0 13.0 5.9 5.0 2.5 2 0 2 5 5
877.2 -1414.0 -10.4 90 0 3.6 6.0 7.5 2.5 2 0 3 3 3
877.2 -1363.6 -10.2 271 0 3.1 6.4 7.5 2.5 2 0 3 1 1
767.7 -1431.8 -12.3 91 0 94.9 16.1 10.0 0.0 0 0 4 3 3
746.0 -1415.5 -12.0 91 0 20.5 12.9 10.0 2.5 2 0 4 3 3
772.7 -1387.8 -11.9 91 0 84.5 15.6 10.0 2.5 4 0 4 4 4
723.8 -1387.4 -12.0 90 0 6.8 16.3 7.5 2.5 2 0 3 0 0
737.2 -1351.4 -11.9 270 0 30.2 13.6 7.5 2.5 2 0 3 2 2
678.5 -1204.2 -10.8 185 0 16.0 115.0 10.0 0.0 0 1 4 1 1
739.9 -1163.2 -9.5 275 0 114.7 15.7 10.0 0.0 0 0 4 4 4
927.3 -1226.7 -10.7 5 0 16.8 114.8 7.5 0.0 0 1 3 1 1
874.3 -1175.5 -9.5 275 0 114.6 15.9 5.0 0.0 0 0 2 2 2
4507.4 8346.4 -20.5 210 0 12.9 7.5 5.0 2.5 4 0 2 5 5
4550.6 8310.4 -20.2 17 0 7.1 27.3 7.5 2.5 2 1 3 0 0
4603.0 8215.8 -19.2 109 0 4.7 30.5 2.5 2.5 2 0 1 3 3
4495.1 8320.8 -20.5 203 0 11.2 8.2 5.0 2.5 4 0 2 5 5
4009.0 8361.4 -21.4 28 0 4.7 18.1 2.5 2.5 2 1 1 2 2
4638.3 8240.6 -19.1 289 0 19.1 9.6 7.5 2.5 2 0 3 2 2
4553.4 8363.1 -20.5 21 0 8.9 8.0 2.5 2.5 4 0 1 1 1
4546.0 8321.9 -20.3 16 0 4.4 21.9 7.5 2.5 2 1 3 3 3
4426.1 8233.5 -20.8 35 0 9.5 7.8 7.5 2.5 2 0 3 3 3
4552.4 8342.9 -20.3 15 0 6.0 21.8 7.5 2.5 2 1 3 5 5
4534.9 8355.5 -20.3 196 0 4.5 12.0 5.0 2.5 2 1 2 3 3
4599.1 8226.0 -19.3 109 0 9.9 10.5 7.5 2.5 2 0 3 5 5
4459.7 8245.3 -20.5 196 0 6.8 16.2 5.0 2.5 2 1 2 4 4
4475.1 8277.2 -20.5 200 0 11.1 9.6 5.0 2.5 2 0 2 2 2
4624.5 8242.9 -19.1 290 0 8.7 7.1 7.5 2.5 2 0 3 2 2
3974.9 8360.7 -21.3 118 0 8.8 11.3 7.5 2.5 4 1 3 4 4
4479.7 8294.1 -20.5 199 0 10.1 9.0 5.0 2.5 2 0 2 0 0
4503.0 8249.3 -20.3 20 0 5.4 14.3 2.5 2.5 4 1 1 4 4
4499.1 8295.4 -20.4 198 0 5.7 15.8 2.5 2.5 2 1 1 0 0
4446.9 8170.0 -20.1 122 0 10.8 10.6 5.0 2.5 2 0 2 1 1
4455.3 8214.1 -20.4 191 0 9.9 5.3 5.0 0.0 0 0 2 1 1
-5235.6 -2120.4 -12.4 284 0 7.7 9.1 5.0 0.0 0 1 2 2 2
-6355.1 2898.8 -1.3 357 0 17.1 107.2 7.5 0.0 0 1 3 4 4
-6138.6 3285.1 -4.0 210 0 5.6 7.7 7.5 2.5 2 0 3 5 5
-6303.6 7057.0 -7.9 114 0 9.7 25.1 2.5 2.5 2 0 1 4 4
-6495.9 6824.5 -6.9 35 0 21.3 8.4 5.0 2.5 2 0 2 4 4
-6242.2 981.9 -11.9 281 0 12.2 5.2 7.5 2.5 4 0 3 4 4
-4607.0 1601.8 -5.7 313 0 20.5 7.1 7.5 2.5 4 0 3 3 3
-4849.4 4531.8 -4.6 34 0 9.6 10.9 7.5 2.5 2 1 3 3 3
-5692.5 24.6 -8.0 328 0 11.5 6.0 5.0 2.5 2 0 2 1 1
-5181.7 -2107.9 -12.1 105 0 10.6 11.5 5.0 2.5 2 1 2 3 3
-4772.5 1479.3 -5.8 61 0 8.6 10.7 7.5 2.5 2 1 3 0 0
-6526.8 -502.6 -13.0 81 0 16.6 9.4 2.5 2.5 2 0 1 4 4
-5438.7 5294.0 -0.6 210 0 17.0 129.0 7.5 0.0 0 1 3 3 3
-5422.0 1105.4 -8.6 132 0 8.6 10.2 7.5 2.5 2 1 3 1 1
-5983.5 -164.5 -9.5 57 0 9.5 4.7 5.0 2.5 2 0 2 3 3
-5179.2 -2197.1 -12.5 103 0 23.4 8.2 7.5 2.5 2 0 3 0 0
-6225.9 2977.0 -3.4 323 0 8.5 22.1 2.5 2.5 2 1 1 2 2
-5262.9 -2659.5 -13.4 212 0 10.0 7.2 5.0 2.5 2 0 2 4 4
-6456.8 5672.8 -4.4 1 0 11.5 8.5 5.0 2.5 2 0 2 3 3
-4616.4 3083.3 -7.4 64 0 36.2 9.2 7.5 2.5 2 0 3 5 5
-5809.4 7547.8 -2.9 91 0 26.8 5.1 7.5 2.5 2 0 3 2 2
-5408.2 5031.6 0.2 19 0 13.0 128.9 7.5 0.0 0 1 3 0 0
-5179.7 -2159.9 -12.6 285 0 5.6 18.3 2.5 2.5 2 0 1 1 1
-5770.8 7771.0 -5.1 206 0 10.7 26.8 7.5 2.5 2 1 3 0 0
-5742.0 7845.0 -6.4 207 0 113.1 19.5 7.5 0.0 0 0 3 5 5
-5391.4 -2086.0 -13.1 294 0 11.2 12.3 7.5 2.5 2 1 3 4 4
-5036.3 -2230.0 -12.5 186 0 9.0 7.2 5.0 0.0 0 0 2 1 1
-5475.1 -1460.0 -12.6 49 0 17.0 7.0 7.5 0.0 0 0 3 0 0
-5534.4 7718.4 -1.7 25 0 8.0 6.5 5.0 2.5 2 0 2 5 5
-6017.0 -117.3 -9.8 242 0 16.7 6.5 7.5 2.5 2 0 3 4 4
-6136.5 7061.7 -6.7 25 0 5.4 21.1 5.0 2.5 2 1 2 3 3
-4525.8 2744.8 -6.1 151 0 10.0 7.9 2.5 2.5 2 0 1 0 0
-5813.1 -2283.7 -13.8 121 0 5.4 19.7 5.0 0.0 0 1 2 1 1
-6074.8 -146.7 -10.1 246 0 5.5 18.1 5.0 2.5 2 1 2 1 1
-6127.2 7399.7 -7.1 204 0 6.2 14.7 7.5 2.5 2 0 3 0 0
-5988.8 7825.2 -8.6 282 0 9.6 10.2 5.0 2.5 2 1 2 3 3
-5332.6 7324.6 5.6 115 0 16.7 72.3 12.5 2.5 2 1 5 2 2
-5760.4 7582.9 -2.6 270 0 15.4 11.4 5.0 2.5 2 0 2 1 1
-4530.9 2604.0 -6.9 330 0 5.9 23.4 2.5 2.5 2 1 1 1 1
-6220.3 7205.4 -7.8 113 0 12.1 6.9 5.0 2.5 2 0 2 2 2
-6540.5 6825.7 -6.7 214 0 12.8 5.8 5.0 2.5 2 0 2 5 5
-4623.2 2790.5 -7.1 169 0 6.6 7.0 2.5 2.5 2 0 1 4 4
-6081.1 7717.6 -8.5 203 0 15.9 8.6 5.0 2.5 4 0 2 0 0
-5186.6 -2185.7 -12.6 105 0 5.6 8.3 7.5 2.5 2 0 3 3 3
-6673.1 6865.6 -6.9 301 0 27.2 9.4 7.5 0.0 0 0 3 0 0
-6623.6 6746.1 -7.4 299 0 8.6 15.5 2.5 2.5 2 1 1 2 2
-5534.3 -2528.5 -13.5 116 0 5.1 12.3 7.5 2.5 2 0 3 4 4
-6549.1 6734.7 -6.8 118 0 11.6 5.5 5.0 2.5 2 0 2 0 0
-5231.6 7456.0 8.2 295 0 17.0 66.3 15.0 0.0 0 0 6 1 1
-6075.9 7498.3 -7.1 24 0 10.2 8.1 2.5 2.5 2 0 1 2 2
-6574.9 5575.8 -5.8 190 0 6.6 26.5 5.0 0.0 0 1 2 3 3
-5232.7 -2039.9 -11.7 302 0 17.0 8.3 7.5 2.5 2 0 3 3 3
-6371.7 6905.4 -7.8 215 0 7.9 15.6 5.0 0.0 0 1 2 1 1
-4550.0 2876.1 -7.2 61 0 6.9 14.2 7.5 2.5 2 0 3 0 0
-6556.1 6845.8 -6.7 35 0 10.6 9.1 2.5 2.5 2 0 1 1 1
-6565.8 5253.2 -5.4 174 0 11.7 29.6 7.5 2.5 4 0 3 4 4
-6538.9 5588.9 -5.4 273 0 8.3 10.3 2.5 2.5 2 1 1 3 3
-5937.1 7760.9 -7.0 298 0 4.9 17.9 7.5 2.5 2 1 3 3 3
-4570.5 2639.6 -6.8 158 0 6.2 10.6 2.5 2.5 2 0 1 5 5
-6583.8 6795.6 -6.9 30 0 6.9 9.3 7.5 2.5 2 0 3 0 0
-5270.4 -2088.5 -12.1 104 0 10.0 7.4 5.0 2.5 2 0 2 3 3
-5300.5 -2079.9 -12.3 113 0 13.0 9.5 5.0 2.5 2 0 2 1 1
-6514.4 5254.5 -4.9 278 0 15.9 8.4 2.5 2.5 2 0 1 1 1
-5637.5 -2330.8 -13.6 304 0 12.2 9.0 5.0 2.5 2 0 2 1 1
-6942.0 5375.0 -7.9 180 0 8.8 18.2 5.0 2.5 2 1 2 2 2
-6304.2 3060.3 -2.2 19 0 6.0 19.2 2.5 2.5 2 1 1 3 3
-6428.8 6974.3 -8.1 224 0 24.1 10.0 5.0 2.5 2 0 2 5 5
-5291.1 -2161.9 -12.8 118 0 5.8 11.6 7.5 2.5 2 0 3 5 5
-6091.5 7538.5 -7.6 24 0 5.2 11.7 7.5 2.5 2 1 3 3 3
-6472.6 -808.0 -13.2 77 0 9.0 13.3 5.0 2.5 2 1 2 1 1
-6620.8 5162.5 -5.2 266 0 10.1 10.0 2.5 2.5 2 0 1 4 4
-6176.3 -2269.1 -12.0 61 0 11.0 33.9 7.5 2.5 2 1 3 4 4
-4618.2 1488.4 -4.0 356 0 7.0 4.3 2.5 2.5 4 0 1 2 2
-4694.5 -195.1 -9.2 78 0 8.0 11.9 2.5 2.5 2 1 1 4 4
-4493.8 2753.7 -5.8 333 0 4.9 11.1 5.0 2.5 2 1 2 1 1
-6113.6 3295.1 -4.4 294 0 9.4 5.1 5.0 2.5 2 0 2 4 4
-5813.4 -305.4 -9.4 48 0 14.2 31.9 7.5 2.5 2 1 3 5 5
-4556.9 2809.3 -6.4 243 0 11.4 17.4 10.0 2.5 2 1 4 5 5
-6441.3 5433.8 -5.6 174 0 6.0 14.7 5.0 2.5 2 1 2 3 3
-6000.0 7635.5 -6.6 114 0 7.7 9.4 7.5 2.5 2 1 3 2 2
-6313.5 6899.1 -7.4 297 0 10.1 31.2 12.5 2.5 2 1 5 1 1
-6585.5 5812.7 -6.1 83 0 5.2 15.9 7.5 2.5 2 1 3 0 0
-6698.2 6812.1 -7.2 125 0 11.1 8.8 5.0 2.5 2 0 2 1 1
-5467.8 -1436.1 -12.3 324 0 21.3 8.3 7.5 2.5 4 0 3 3 3
-6021.5 7660.0 -7.2 106 0 8.0 9.6 5.0 2.5 2 1 2 0 0
-5365.9 1175.0 -7.8 228 0 24.0 9.0 2.5 2.5 2 0 1 3 3
-5610.8 4092.3 -2.3 40 0 8.4 8.5 7.5 2.5 2 1 3 4 4
-6422.7 6943.2 -7.6 225 0 6.0 12.9 2.5 2.5 2 0 1 1 1
-6283.6 3084.2 -2.0 13 0 6.0 10.5 5.0 2.5 2 1 2 4 4
-5739.3 7549.4 -2.2 1 0 5.1 26.7 5.0 2.5 4 1 2 2 2
-5121.1 -2083.1 -11.9 214 0 18.1 6.6 2.5 2.5 2 0 1 4 4
-6556.0 5046.3 -3.3 93 0 5.1 29.3 5.0 2.5 2 1 2 3 3
-6019.6 7674.6 -7.3 108 0 11.8 7.8 2.5 2.5 4 0 1 3 3
-5365.5 -2112.6 -13.3 303 0 6.3 27.0 7.5 2.5 2 1 3 3 3
-6368.1 6994.9 -8.2 308 0 5.5 6.1 5.0 2.5 2 0 2 4 4
-5879.2 1038.7 -10.9 276 0 8.0 10.0 5.0 2.5 4 1 2 0 0
-5436.4 -2495.6 -13.0 298 0 9.0 20.0 7.5 2.5 2 1 3 5 5
-5205.2 -2069.2 -11.9 298 0 4.9 16.6 7.5 2.5 2 1 3 0 0
-6460.2 5467.0 -5.6 176 0 9.8 7.8 2.5 2.5 2 0 1 2 2
-6130.1 7530.4 -7.9 118 0 12.2 5.9 5.0 2.5 2 0 2 5 5
-6255.3 3140.6 -1.7 19 0 4.1 8.8 7.5 2.5 2 0 3 3 3
-5958.9 -255.0 -9.9 240 0 5.6 6.7 7.5 2.5 2 0 3 2 2
-6547.4 6806.1 -6.7 203 0 5.1 25.7 5.0 2.5 2 1 2 5 5
-4543.6 2775.0 -6.3 152 0 9.6 8.2 2.5 2.5 2 0 1 5 5
-5908.0 7872.7 -8.1 195 0 6.9 10.9 7.5 2.5 2 0 3 2 2
-5909.0 -208.1 -9.2 264 0 27.3 7.0 5.0 2.5 2 0 2 3 3
-5794.4 7550.2 -2.5 181 0 5.0 26.7 5.0 0.0 0 1 2 4 4
-5299.0 7309.2 7.0 115 0 16.7 72.3 12.5 2.5 2 1 5 1 1
-6566.5 5420.7 -6.5 81 0 11.3 18.6 5.0 2.5 4 1 2 3 3
-5379.5 5397.8 -0.9 210 0 17.0 128.9 7.5 0.0 0 1 3 1 1
-5394.3 5371.8 -0.9 210 0 16.8 129.0 10.0 0.0 0 1 4 1 1
-5690.5 -2298.1 -13.7 313 0 11.0 26.1 10.0 2.5 2 1 4 4 4
-6228.2 7214.2 -7.8 113 0 9.2 17.6 2.5 2.5 2 0 1 5 5
-5716.5 41.2 -8.0 325 0 9.5 11.0 2.5 2.5 2 1 1 3 3
-6511.7 5381.6 -5.9 185 0 9.3 9.4 5.0 0.0 0 1 2 3 3
-6449.0 5385.6 -5.7 185 0 11.8 11.7 5.0 2.5 2 0 2 3 3
-6760.7 5900.0 -8.1 354 0 6.0 10.0 5.0 2.5 2 0 2 5 5
-6545.6 -476.0 -13.1 261 0 5.6 21.1 2.5 2.5 2 1 1 1 1
-4529.4 2507.4 -6.8 150 0 21.9 9.0 5.0 2.5 4 0 2 5 5
-6657.3 5864.2 -6.8 175 0 7.5 18.0 5.0 2.5 2 1 2 4 4
-4619.2 2722.9 -7.3 67 0 9.4 31.7 7.5 2.5 2 0 3 0 0
-6456.3 5418.3 -5.6 183 0 10.5 9.0 5.0 2.5 4 0 2 3 3
-4758.2 1502.6 -5.9 53 0 7.0 20.0 5.0 2.5 2 1 2 5 5
-6193.0 7319.1 -7.4 202 0 9.9 7.0 5.0 2.5 4 0 2 0 0
-5983.4 7785.2 -7.9 285 0 10.1 11.8 5.0 2.5 2 1 2 1 1
-5896.5 -310.6 -10.5 43 0 8.8 13.4 5.0 2.5 4 1 2 1 1
-4476.3 2608.1 -6.1 64 0 9.1 10.3 7.5 2.5 2 1 3 2 2
-5865.1 7709.3 -5.5 310 0 6.2 17.4 2.5 2.5 2 1 1 5 5
-5254.1 -2116.9 -12.4 287 0 12.1 9.1 5.0 2.5 2 0 2 4 4
-5843.3 7582.4 -3.7 270 0 15.3 11.4 5.0 2.5 2 0 2 2 2
-5511.9 -2356.6 -13.5 22 0 6.9 15.1 7.5 2.5 2 1 3 5 5
-6448.7 6955.4 -7.7 225 0 24.1 11.1 10.0 2.5 2 0 4 0 0
-6308.5 3128.5 -1.5 196 0 6.0 7.2 7.5 2.5 2 1 3 5 5
-4769.3 2792.3 -7.8 65 0 13.9 5.4 7.5 2.5 2 0 3 5 5
-5128.5 1311.1 -8.1 59 0 6.0 24.0 2.5 0.0 0 1 1 5 5
-6258.5 -256.2 -12.4 71 0 5.0 16.0 7.5 2.5 4 0 3 1 1
-4662.4 3061.2 -7.2 64 0 46.6 9.3 7.5 2.5 2 0 3 3 3
-5413.8 -2461.6 -12.7 136 0 12.0 9.1 2.5 2.5 2 0 1 3 3
-4514.5 2861.8 -7.0 60 0 11.9 9.0 2.5 2.5 2 0 1 4 4
-6420.5 5368.7 -5.5 91 0 23.3 5.4 5.0 2.5 2 0 2 0 0
-4729.6 3853.7 -7.7 327 0 15.3 125.5 10.0 0.0 0 1 4 2 2
-4811.4 3728.3 -8.0 147 0 15.0 12.3 5.0 2.5 2 0 2 0 0
-5400.5 -2141.3 -13.6 122 0 19.8 11.0 5.0 2.5 2 0 2 0 0
-6418.4 5612.6 -4.4 92 0 7.1 14.7 2.5 2.5 2 1 1 4 4
-5007.3 4589.8 -4.4 208 0 8.1 19.1 7.5 2.5 2 1 3 2 2
-6199.6 6984.4 -6.9 114 0 11.2 27.6 7.5 2.5 2 0 3 3 3
-5423.9 5320.0 -0.7 210 0 17.0 129.0 7.5 0.0 0 1 3 3 3
-5973.4 -224.0 -9.6 249 0 6.5 10.9 2.5 2.5 4 1 1 1 1
-6038.0 -177.9 -9.8 62 0 18.0 12.0 7.5 0.0 0 0 3 2 2
-5828.5 7530.9 -3.1 271 0 12.2 27.3 12.5 2.5 2 1 5 1 1
-5034.5 4542.7 -3.7 209 0 9.2 13.2 5.0 2.5 2 1 2 4 4
-4684.7 3047.1 -7.2 64 0 5.7 12.3 7.5 2.5 2 0 3 0 0
-6556.6 5195.2 -4.7 175 0 8.9 12.4 2.5 2.5 2 1 1 3 3
-5916.3 -359.4 -11.3 44 0 11.3 35.1 12.5 2.5 2 1 5 0 0
-5218.4 -2049.0 -11.7 303 0 17.0 8.3 5.0 2.5 2 0 2 0 0
-5507.4 -2444.3 -13.0 296 0 17.6 9.0 5.0 2.5 2 0 2 5 5
-5328.8 1128.2 -7.5 11 0 11.0 8.9 5.0 2.5 2 0 2 5 5
-5832.7 7649.8 -4.4 111 0 12.3 12.4 5.0 2.5 4 0 2 5 5
-5512.4 -2389.8 -13.1 296 0 6.9 12.2 5.0 2.5 2 1 2 5 5
-6662.8 5142.5 -5.6 92 0 4.9 4.6 5.0 2.5 2 0 2 3 3
-6538.3 -312.4 -13.3 173 0 5.1 19.4 5.0 2.5 2 1 2 3 3
-6000.4 7578.7 -6.2 271 0 15.3 11.3 5.0 2.5 2 0 2 2 2
-5358.3 -2613.8 -13.3 8 0 6.6 23.0 5.0 2.5 2 0 2 5 5
-6238.2 -225.0 -12.2 342 0 4.5 4.5 5.0 2.5 2 0 2 3 3
-6458.2 5456.2 -5.8 176 0 7.0 10.1 2.5 2.5 4 1 1 1 1
-6070.2 7537.3 -7.3 20 0 8.8 9.3 5.0 0.0 0 1 2 3 3
-6855.9 6798.5 -8.7 112 0 4.2 10.2 5.0 2.5 4 0 2 0 0
-6571.1 5074.7 -3.8 359 0 5.7 22.9 7.5 2.5 2 1 3 0 0
-4624.9 1603.2 -5.8 316 0 9.0 23.0 2.5 2.5 4 0 1 2 2
-4542.2 3322.4 -8.6 62 0 8.4 5.4 5.0 2.5 2 0 2 0 0
-5998.5 7613.7 -6.4 112 0 13.1 10.1 7.5 2.5 2 0 3 5 5
-6008.2 7475.9 -5.9 289 0 4.9 26.5 7.5 2.5 2 1 3 1 1
-4617.5 1611.7 -5.9 314 0 8.2 5.0 5.0 2.5 2 0 2 2 2
-4611.0 1563.7 -4.7 78 0 6.3 11.5 2.5 2.5 2 1 1 5 5
-6031.0 -252.4 -10.1 330 0 4.9 15.9 7.5 2.5 4 1 3 5 5
-6418.5 7013.3 -8.5 217 0 18.1 9.2 7.5 2.5 2 0 3 3 3
-4590.0 2710.8 -6.7 152 0 6.0 12.5 5.0 0.0 0 1 2 3 3
-5482.1 -2081.0 -13.5 302 0 5.6 17.0 5.0 0.0 0 1 2 3 3
-4617.8 1474.2 -4.2 358 0 8.5 28.3 7.5 0.0 0 1 3 0 0
-5862.0 915.1 -10.8 188 0 10.9 9.1 5.0 2.5 2 0 2 0 0
-6135.2 -2236.0 -12.0 328 0 8.5 12.2 5.0 2.5 2 1 2 4 4
-4857.5 3841.6 -7.1 147 0 15.2 125.5 10.0 0.0 0 1 4 5 5
-5431.0 -2623.8 -13.5 205 0 9.2 11.0 2.5 2.5 2 1 1 1 1
-4476.9 461.1 -7.6 63 0 8.1 13.3 5.0 2.5 2 1 2 5 5
-5560.5 -2438.4 -13.2 114 0 18.0 8.2 2.5 2.5 2 0 1 3 3
-6195.9 7227.9 -7.4 115 0 21.1 9.6 2.5 2.5 2 0 1 1 1
-5752.5 43.3 -8.1 236 0 8.6 11.0 2.5 2.5 2 1 1 3 3
-6019.9 7773.0 -8.1 201 0 6.1 21.0 2.5 2.5 4 1 1 2 2
-5999.3 7502.3 -6.0 109 0 4.9 26.5 7.5 2.5 2 1 3 1 1
-5429.3 1138.7 -8.6 223 0 5.4 15.4 5.0 2.5 2 1 2 1 1
-6213.9 3173.8 -2.2 210 0 10.5 8.4 5.0 2.5 2 0 2 0 0
-6220.7 -351.1 -13.3 352 0 20.9 5.9 2.5 2.5 2 0 1 4 4
-6114.4 -148.1 -10.7 154 0 9.2 29.0 7.5 2.5 2 0 3 0 0
-5624.3 7705.4 -2.6 115 0 6.0 14.4 5.0 2.5 2 0 2 1 1
-4621.0 2751.5 -7.2 157 0 4.9 21.8 7.5 2.5 2 1 3 2 2
-6916.3 -2856.8 -9.6 355 0 16.7 8.2 5.0 2.5 2 0 2 0 0
-5784.6 7582.1 -2.9 270 0 15.3 11.4 5.0 2.5 2 0 2 4 4
-6245.1 -154.7 -11.7 149 0 24.6 11.8 7.5 2.5 2 0 3 5 5
-6879.8 -2677.4 -9.9 171 0 15.5 5.3 5.0 2.5 2 0 2 3 3
-5329.3 -2513.4 -12.7 296 0 5.5 22.0 5.0 2.5 2 1 2 1 1
-6499.4 5190.0 -4.0 180 0 9.8 8.0 5.0 2.5 4 0 2 0 0
-4605.6 2728.9 -7.0 70 0 9.7 5.5 7.5 2.5 4 0 3 5 5
-6431.1 5660.6 -4.2 2 0 4.7 8.6 5.0 2.5 2 1 2 0 0
-4627.5 1621.2 -6.3 314 0 19.6 5.0 2.5 2.5 2 0 1 5 5
-5459.9 -2044.5 -12.7 125 0 13.5 12.6 2.5 2.5 2 0 1 2 2
-6055.4 7671.1 -7.7 190 0 6.0 16.0 7.5 2.5 2 1 3 1 1
-5118.3 -2181.8 -12.3 105 0 4.2 26.2 7.5 2.5 4 1 3 3 3
-5527.5 -2539.9 -13.5 116 0 6.7 8.9 5.0 2.5 2 1 2 2 2
-5230.7 -2140.7 -12.7 287 0 5.5 22.1 2.5 2.5 2 0 1 1 1
-5080.9 -2085.8 -11.9 306 0 14.7 7.0 2.5 2.5 2 0 1 1 1
-6008.2 3582.7 -4.2 20 0 6.0 9.2 5.0 2.5 2 1 2 5 5
-5375.6 -2481.6 -12.7 308 0 13.1 10.1 5.0 2.5 2 0 2 0 0
-5815.7 7582.2 -3.3 270 0 15.3 11.4 5.0 2.5 2 0 2 5 5
-4661.5 3051.9 -7.1 64 0 14.9 8.8 7.5 2.5 2 0 3 4 4
-6476.8 -577.7 -12.9 350 0 4.5 9.7 5.0 0.0 0 1 2 1 1
-4797.4 1503.6 -6.1 140 0 9.3 5.2 5.0 2.5 2 0 2 3 3
-5452.8 -2633.8 -13.6 213 0 16.4 5.5 5.0 2.5 2 0 2 5 5
-4447.9 7419.3 8.7 291 0 17.0 129.1 7.5 0.0 0 1 3 0 0
-5507.3 -1957.6 -12.6 326 0 13.5 8.1 5.0 0.0 0 0 2 5 5
-6693.7 6851.2 -7.2 300 0 6.1 19.2 5.0 0.0 0 1 2 4 4
-6510.4 5137.6 -3.8 90 0 18.8 7.5 5.0 2.5 2 0 2 5 5
-5653.5 4704.3 -0.1 278 0 11.1 9.5 5.0 2.5 2 0 2 5 5
-6424.8 5517.3 -4.6 272 0 16.9 5.9 5.0 2.5 2 0 2 5 5
-6006.7 7809.4 -8.6 290 0 17.6 6.2 2.5 2.5 2 0 1 5 5
-6018.7 -227.2 -9.7 253 0 11.1 9.0 5.0 2.5 2 0 2 0 0
-6580.5 6801.3 -6.9 30 0 6.2 9.4 5.0 2.5 2 0 2 3 3
-4505.2 2785.0 -5.9 329 0 5.9 10.2 5.0 2.5 2 0 2 5 5
-6539.6 5232.5 -5.0 173 0 18.5 5.5 2.5 2.5 2 0 1 2 2
-6478.6 5429.0 -5.9 0 0 15.2 8.0 5.0 2.5 2 0 2 3 3
-6447.4 5742.4 -4.5 271 0 10.1 5.5 7.5 2.5 2 0 3 0 0
-5528.2 -1937.0 -12.7 335 0 5.8 20.8 5.0 2.5 2 0 2 4 4
-6143.8 -260.2 -10.9 61 0 4.5 10.0 7.5 2.5 2 0 3 0 0
-5441.5 -2451.6 -12.8 320 0 10.1 8.6 5.0 2.5 4 0 2 0 0
-6159.4 3245.8 -3.5 198 0 15.0 7.0 5.0 2.5 2 0 2 3 3
-5379.5 7474.6 4.0 204 0 10.8 12.2 5.0 2.5 2 0 2 1 1
-6481.7 -269.2 -13.1 345 0 13.0 20.4 7.5 0.0 0 0 3 1 1
-4640.3 279.0 -8.2 153 0 7.0 15.4 5.0 2.5 2 1 2 2 2
-5999.9 -187.8 -9.5 67 0 11.3 13.4 5.0 0.0 0 0 2 1 1
-6177.4 3244.5 -3.1 197 0 5.9 4.3 7.5 2.5 4 0 3 1 1
-4586.4 2760.8 -6.9 340 0 12.5 9.6 5.0 2.5 4 0 2 0 0
-6783.9 5878.5 -8.3 83 0 9.2 22.4 5.0 2.5 2 1 2 0 0
-5306.4 -2526.5 -12.8 294 0 4.1 27.0 7.5 2.5 2 0 3 3 3
-4626.9 309.9 -8.1 243 0 5.1 19.3 7.5 0.0 0 1 3 0 0
-5185.0 -2090.6 -11.9 115 0 5.2 6.8 5.0 2.5 2 0 2 0 0
-5779.8 -2253.1 -13.9 297 0 18.1 9.1 5.0 2.5 2 0 2 2 2
-4633.4 1565.6 -5.8 47 0 5.8 37.5 7.5 2.5 2 0 3 1 1
-6141.4 -228.7 -10.6 241 0 17.9 6.0 7.5 0.0 0 0 3 5 5
-5866.7 7548.7 -3.9 91 0 26.7 5.1 7.5 2.5 2 0 3 5 5
-5556.3 -2389.8 -13.4 296 0 8.1 25.7 7.5 0.0 0 0 3 0 0
-5249.5 -2043.4 -11.9 304 0 6.1 23.1 7.5 2.5 2 1 3 1 1
-4496.4 2636.2 -6.0 148 0 10.1 8.5 7.5 2.5 2 0 3 0 0
-6140.0 7521.5 -8.0 117 0 6.3 17.8 7.5 2.5 2 0 3 5 5
-6448.5 -774.1 -13.2 346 0 6.3 21.1 7.5 2.5 2 1 3 1 1
-6547.1 6786.0 -6.7 203 0 3.6 24.7 2.5 2.5 2 1 1 5 5
-6385.0 -1977.0 -12.5 144 0 21.0 8.9 2.5 2.5 2 0 1 1 1
-5242.2 7391.2 9.3 25 0 4.4 9.0 7.5 2.5 2 0 3 0 0
-6296.9 3582.1 -2.6 255 0 10.5 6.0 7.5 2.5 2 0 3 3 3
-4475.3 2933.6 -7.0 349 0 35.3 12.0 12.5 2.5 2 0 5 4 4
-5310.4 -2512.7 -12.7 295 0 23.9 10.9 12.5 2.5 2 0 5 0 0
-5531.5 -2071.7 -13.5 222 0 7.0 15.1 7.5 2.5 2 1 3 2 2
-6414.3 5458.6 -5.5 355 0 23.9 8.0 2.5 2.5 2 0 1 2 2
-5347.0 -2115.8 -13.0 302 0 5.0 12.1 5.0 2.5 2 1 2 4 4
-5277.7 -2683.6 -13.8 213 0 11.1 26.0 7.5 2.5 2 1 3 5 5
-4966.5 3847.9 -6.6 242 0 30.4 12.4 7.5 2.5 2 0 3 1 1
-6940.6 5408.1 -8.2 178 0 5.1 9.9 2.5 2.5 2 1 1 4 4
-5820.5 868.3 -10.5 98 0 9.5 26.0 7.5 2.5 2 0 3 1 1
-5645.9 4112.8 -2.0 225 0 9.3 8.3 7.5 2.5 2 0 3 4 4
-6689.3 5152.4 -6.1 176 0 21.0 9.3 7.5 2.5 2 0 3 3 3
-5549.0 -1275.1 -12.6 310 0 16.0 8.1 5.0 2.5 2 0 2 3 3
-6098.1 7558.2 -7.8 20 0 13.6 7.1 2.5 2.5 2 0 1 0 0
-5827.2 3773.7 -3.8 207 0 9.0 10.0 5.0 2.5 2 1 2 1 1
-5089.3 -2089.1 -11.9 305 0 5.0 12.2 5.0 2.5 2 1 2 1 1
-4650.3 301.1 -8.1 244 0 7.2 14.3 2.5 2.5 2 1 1 0 0
-5385.1 -2460.7 -12.7 305 0 5.6 15.0 2.5 2.5 2 1 1 2 2
-6605.3 6729.7 -7.3 206 0 5.7 8.8 2.5 2.5 4 0 1 2 2
-6339.4 3048.4 -2.8 189 0 19.6 9.5 5.0 2.5 2 0 2 1 1
-6286.4 -373.8 -12.4 87 0 7.0 16.8 5.0 2.5 4 1 2 0 0
-6068.0 -220.7 -9.8 60 0 14.7 10.1 5.0 2.5 2 0 2 3 3
-5091.9 -2137.1 -12.3 281 0 6.9 9.1 5.0 2.5 2 1 2 5 5
-6357.7 6990.0 -8.1 308 0 6.9 8.6 5.0 2.5 2 0 2 2 2
-4595.8 2851.0 -7.2 145 0 6.5 6.6 7.5 2.5 2 1 3 0 0
-6233.4 -130.5 -11.5 242 0 20.2 5.5 2.5 2.5 2 0 1 3 3
-4521.2 2836.9 -6.7 241 0 10.1 27.3 12.5 2.5 2 0 5 1 1
-5790.6 3745.7 -4.1 15 0 19.4 6.0 7.5 2.5 2 0 3 3 3
-5674.1 -2378.8 -13.2 289 0 6.8 11.9 5.0 2.5 4 1 2 1 1
-5268.2 -2667.9 -13.5 213 0 9.9 7.2 2.5 2.5 2 0 1 0 0
-5885.8 -298.8 -10.3 39 0 10.3 13.7 5.0 2.5 2 1 2 5 5
-5104.6 1314.7 -7.7 53 0 13.0 9.0 2.5 2.5 2 0 1 2 2
-5798.7 -2301.6 -13.6 119 0 10.3 8.2 5.0 2.5 2 0 2 5 5
-5463.6 -2454.7 -13.0 294 0 5.7 22.1 5.0 2.5 4 1 2 4 4
-4570.0 2907.7 -7.2 242 0 17.0 8.1 2.5 2.5 2 0 1 2 2
-5353.0 -2114.8 -13.0 301 0 4.8 10.4 5.0 2.5 2 1 2 0 0
-5944.8 7714.8 -6.5 296 0 5.2 7.2 5.0 2.5 2 1 2 0 0
-6217.8 3334.8 -2.7 269 0 5.2 5.0 7.5 2.5 2 0 3 1 1
-5499.0 -2536.1 -13.4 115 0 8.3 25.4 7.5 0.0 0 0 3 3 3
-5434.7 -1998.5 -12.2 215 0 7.6 17.3 7.5 2.5 2 1 3 2 2
-5424.5 -2139.7 -13.8 122 0 22.9 11.0 7.5 2.5 2 0 3 4 4
-5213.1 6512.3 2.4 287 0 6.1 19.6 7.5 2.5 2 0 3 3 3
-5372.3 1143.2 -7.9 229 0 7.1 20.0 5.0 2.5 2 1 2 0 0
-4620.6 1491.8 -4.2 87 0 4.5 14.4 7.5 2.5 2 0 3 5 5
-5304.3 7489.3 6.5 295 0 12.8 30.3 5.0 2.5 4 1 2 4 4
-5665.5 7869.4 -5.7 297 0 18.1 113.8 10.0 0.0 0 1 4 4 4
-6144.4 3305.6 -3.9 288 0 8.6 10.1 5.0 2.5 2 1 2 1 1
-4553.5 2543.6 -7.0 152 0 24.3 11.4 7.5 2.5 2 0 3 2 2
-5472.4 -2117.5 -13.8 121 0 24.0 11.0 7.5 2.5 2 0 3 0 0
-5398.9 5059.7 0.1 19 0 12.6 129.0 10.0 0.0 0 1 4 4 4
-5091.8 6474.3 1.9 100 0 5.8 8.8 5.0 2.5 4 1 2 2 2
-6023.0 7407.3 -5.7 109 0 10.3 27.3 7.5 2.5 2 1 3 5 5
-6018.2 -171.8 -9.8 63 0 7.0 31.6 7.5 2.5 4 0 3 5 5
-5444.0 -2578.1 -13.3 115 0 6.0 21.7 5.0 2.5 2 0 2 3 3
-5746.2 -1523.1 -14.5 152 0 5.1 21.1 7.5 2.5 2 1 3 5 5
-5946.2 7583.0 -5.3 270 0 5.6 7.7 2.5 2.5 2 0 1 5 5
-6513.6 -618.6 -13.1 170 0 10.3 8.3 5.0 2.5 2 0 2 1 1
-6483.3 3002.0 -2.5 173 0 12.8 84.5 12.5 2.5 2 1 5 2 2
-5872.7 970.1 -10.9 184 0 9.8 8.0 5.0 2.5 2 0 2 1 1
-6523.0 5165.5 -4.0 295 0 5.7 16.8 5.0 2.5 2 1 2 5 5
-5172.8 -2066.2 -11.9 295 0 6.5 20.5 5.0 2.5 2 0 2 5 5
-4535.9 7304.1 9.6 201 0 16.1 11.3 5.0 2.5 2 0 2 2 2
-6048.1 7747.7 -8.2 202 0 6.6 21.6 7.5 2.5 2 1 3 5 5
-5709.0 -1512.1 -14.3 330 0 12.1 9.2 2.5 2.5 2 0 1 3 3
-5572.3 -1279.4 -12.9 220 0 19.4 4.9 7.5 2.5 2 0 3 0 0
-4808.0 4541.2 -4.6 36 0 7.6 13.1 7.5 0.0 0 1 3 2 2
-5283.4 -2141.4 -12.7 208 0 20.3 5.8 7.5 2.5 4 0 3 0 0
-6320.5 3121.6 -1.5 192 0 20.7 8.4 5.0 2.5 2 0 2 4 4
-6898.2 5422.3 -8.2 264 0 17.0 8.1 7.5 0.0 0 0 3 4 4
-4615.2 2725.4 -7.1 155 0 5.0 10.0 5.0 2.5 2 0 2 3 3
-5653.4 4658.5 -0.1 93 0 16.4 6.9 5.0 2.5 2 0 2 3 3
-6668.2 6807.4 -7.3 122 0 5.5 12.0 5.0 2.5 2 1 2 4 4
-5114.6 3744.5 -6.8 173 0 8.5 11.8 5.0 2.5 4 1 2 5 5
-6565.0 5237.3 -5.4 173 0 20.1 5.5 5.0 2.5 2 0 2 5 5
-5730.6 7638.5 -4.0 26 0 25.1 71.5 10.0 0.0 0 1 4 1 1
-6016.1 7698.5 -7.3 204 0 13.2 10.1 5.0 2.5 2 0 2 4 4
-5602.4 -2399.9 -13.4 206 0 7.6 16.7 7.5 2.5 2 0 3 4 4
-6479.8 2978.2 -3.0 174 0 13.5 70.3 10.0 2.5 2 0 4 5 5
-5539.8 -1998.6 -12.8 66 0 10.9 30.2 7.5 2.5 2 1 3 0 0
-5624.6 8051.3 -6.5 298 0 19.9 114.8 7.5 0.0 0 1 3 1 1
-6292.4 7051.3 -7.7 203 0 6.4 10.7 5.0 0.0 0 0 2 0 0
-4809.6 2812.0 -8.0 241 0 8.8 18.6 2.5 2.5 2 1 1 4 4
-4792.4 1544.7 -6.3 231 0 12.7 24.2 7.5 2.5 2 0 3 0 0
-5364.6 7492.5 4.5 204 0 18.2 13.5 7.5 2.5 2 0 3 2 2
-4537.3 3331.2 -8.6 242 0 8.4 5.5 5.0 2.5 2 0 2 1 1
-4547.4 2677.1 -6.4 340 0 9.0 5.5 5.0 2.5 2 0 2 5 5
-6448.1 5508.0 -4.9 269 0 11.3 9.8 2.5 2.5 2 0 1 3 3
-6409.2 5393.9 -5.6 1 0 5.6 18.0 7.5 2.5 2 1 3 1 1
-5922.7 7582.8 -4.9 271 0 11.3 7.4 2.5 2.5 2 0 1 4 4
-5510.3 -2417.6 -13.0 295 0 5.8 25.0 5.0 2.5 2 1 2 0 0
-5581.1 -2435.4 -13.3 116 0 12.1 15.6 5.0 2.5 2 0 2 0 0
-5529.0 -2517.5 -13.4 116 0 5.1 18.6 5.0 2.5 2 0 2 1 1
-6875.3 -2651.1 -10.1 255 0 15.3 7.2 5.0 2.5 2 0 2 2 2
-6245.6 3548.5 -3.1 78 0 10.4 20.9 7.5 2.5 2 1 3 3 3
-6646.0 6834.3 -7.1 302 0 15.1 7.1 5.0 2.5 4 0 2 2 2
-5174.2 5142.4 -1.1 29 0 17.5 128.5 12.5 0.0 0 1 5 1 1
-5830.6 868.2 -10.6 97 0 10.7 5.8 7.5 2.5 2 0 3 1 1
-6476.5 2952.5 -3.0 172 0 12.5 72.2 10.0 0.0 0 0 4 3 3
-6036.1 7633.5 -7.3 23 0 5.7 11.9 2.5 2.5 4 1 1 1 1
-5533.1 -2413.1 -13.0 295 0 4.0 20.1 2.5 2.5 2 0 1 5 5
-6702.8 6884.2 -8.2 298 0 30.0 9.6 7.5 2.5 2 0 3 0 0
-6104.1 -154.7 -10.4 235 0 6.0 26.1 7.5 2.5 2 1 3 1 1
-4790.4 1495.3 -6.0 140 0 12.8 5.4 7.5 2.5 2 0 3 5 5
-6766.3 5863.7 -8.1 85 0 11.6 9.0 7.5 2.5 2 0 3 4 4
-5699.7 7627.6 -2.5 81 0 17.5 5.1 5.0 2.5 2 0 2 3 3
-4560.7 2643.6 -6.7 157 0 6.2 3.6 7.5 2.5 2 0 3 5 5
-6155.4 3258.9 -3.6 197 0 4.3 7.0 7.5 2.5 2 0 3 2 2
-5581.6 8029.5 -6.7 298 0 19.3 115.3 10.0 0.0 0 1 4 1 1
-6152.9 7307.2 -7.1 25 0 6.0 15.0 5.0 2.5 2 1 2 2 2
-5931.8 7458.4 -5.0 271 0 43.2 11.5 7.5 2.5 2 0 3 2 2
-6333.2 6905.3 -7.7 295 0 9.1 4.5 5.0 2.5 2 0 2 5 5
-4724.5 -145.1 -9.6 256 0 11.7 10.2 2.5 2.5 2 0 1 0 0
-4525.0 2689.3 -6.0 152 0 10.6 9.1 5.0 2.5 2 0 2 4 4
-6533.8 6835.6 -6.7 214 0 11.1 8.5 2.5 2.5 2 0 1 3 3
-5330.3 -2097.1 -12.8 294 0 12.1 9.2 5.0 2.5 2 0 2 5 5
-6051.3 -302.0 -11.4 230 0 5.0 15.8 2.5 2.5 2 1 1 2 2
-4833.2 4578.8 -4.6 214 0 16.8 7.1 2.5 2.5 2 0 1 0 0
-6946.8 -2844.7 -10.2 170 0 5.5 15.5 7.5 2.5 4 1 3 1 1
-4509.5 3082.6 -7.4 64 0 6.0 10.1 7.5 2.5 2 1 3 5 5
-4491.7 7138.4 8.8 111 0 16.6 128.7 7.5 0.0 0 1 3 2 2
-6385.0 6926.2 -7.8 48 0 11.2 12.3 5.0 2.5 2 1 2 2 2
-5250.2 6510.6 2.6 195 0 18.3 5.4 7.5 2.5 2 0 3 1 1
-6112.5 7521.8 -7.7 113 0 12.0 6.2 2.5 2.5 2 0 1 1 1
-6203.6 3305.9 -2.8 5 0 5.3 24.0 5.0 0.0 0 1 2 4 4
-4642.8 320.7 -7.9 155 0 8.7 10.5 7.5 2.5 2 1 3 0 0
-6022.4 7833.2 -9.2 289 0 11.4 25.3 7.5 2.5 2 1 3 5 5
-5853.3 -2267.1 -13.9 123 0 5.8 18.3 5.0 2.5 2 1 2 1 1
-5574.9 -2409.3 -13.4 296 0 24.3 10.5 10.0 2.5 2 0 4 5 5
-6156.9 -2229.6 -12.0 327 0 6.1 17.0 7.5 2.5 2 1 3 5 5
-6497.0 -446.8 -12.9 349 0 11.1 11.9 7.5 2.5 2 0 3 5 5
-5803.1 3733.5 -4.1 14 0 7.9 23.3 5.0 2.5 4 1 2 1 1
-5909.3 7865.2 -8.0 204 0 9.0 10.5 5.0 2.5 2 0 2 4 4
-5208.7 -2105.0 -12.1 105 0 13.0 11.4 5.0 2.5 4 0 2 3 3
-5035.1 -2199.7 -11.9 93 0 4.1 10.2 7.5 0.0 0 1 3 4 4
-6096.7 3271.9 -4.6 22 0 19.7 8.6 2.5 0.0 0 0 1 2 2
-6440.5 5150.6 -2.9 348 0 10.0 9.0 5.0 2.5 2 0 2 1 1
-4931.3 -1992.7 -11.5 129 0 8.4 14.3 5.0 2.5 2 1 2 3 3
-4738.2 -212.1 -9.1 169 0 28.3 6.7 5.0 2.5 2 0 2 5 5
-4572.9 2646.1 -6.8 154 0 4.2 9.9 7.5 2.5 2 1 3 0 0
-6946.3 -2862.0 -10.2 167 0 6.0 8.4 7.5 2.5 2 1 3 0 0
-5138.7 -2132.5 -12.4 285 0 10.6 9.1 5.0 2.5 2 0 2 3 3
-5839.6 7734.6 -5.5 300 0 10.1 18.5 5.0 2.5 2 1 2 0 0
-5988.3 7762.0 -7.7 289 0 9.6 13.2 5.0 2.5 2 1 2 1 1
-5383.2 -2447.8 -12.5 305 0 17.0 8.1 2.5 2.5 4 0 1 0 0
-5155.0 -2129.7 -12.4 286 0 9.6 8.5 5.0 2.5 2 0 2 5 5
-5618.7 7885.1 -5.5 295 0 9.5 24.7 5.0 2.5 2 1 2 1 1
-5129.6 5220.8 -0.9 30 0 16.3 128.6 7.5 0.0 0 1 3 1 1
-4905.8 3657.8 -8.0 57 0 14.1 160.2 10.0 0.0 0 1 4 1 1
-5520.6 344.1 -10.9 108 0 20.2 6.0 2.5 2.5 2 0 1 0 0
-5884.1 7881.5 -8.0 285 0 16.4 5.9 5.0 2.5 2 0 2 1 1
-6094.0 7678.5 -8.4 199 0 16.9 9.0 7.5 2.5 2 0 3 4 4
-5117.6 1362.5 -8.4 327 0 4.7 10.7 7.5 2.5 2 0 3 4 4
-5231.7 -2050.3 -11.7 302 0 3.9 7.8 2.5 2.5 2 0 1 1 1
-5409.1 5345.9 -0.8 210 0 16.9 128.9 10.0 0.0 0 1 4 1 1
-5882.2 7496.0 -3.9 181 0 7.3 11.7 5.0 2.5 4 0 2 4 4
-5380.0 5116.5 -0.1 19 0 12.7 129.0 10.0 0.0 0 1 4 0 0
-6089.9 7554.6 -7.6 24 0 4.3 8.9 5.0 2.5 2 0 2 3 3
-4656.0 1504.0 -4.5 178 0 6.5 9.3 2.5 2.5 2 0 1 5 5
-6583.5 5580.7 -5.9 100 0 11.1 28.0 12.5 2.5 2 0 5 3 3
-6574.1 6714.4 -7.2 26 0 5.6 26.0 5.0 2.5 2 0 2 2 2
-5306.4 1273.9 -8.7 307 0 12.1 32.1 7.5 2.5 2 1 3 1 1
-5667.3 -2354.6 -13.4 31 0 5.4 15.0 7.5 2.5 4 1 3 5 5
-5255.2 5401.0 -0.9 209 0 12.5 30.6 7.5 2.5 2 1 3 1 1
-6126.2 7568.6 -8.1 200 0 16.3 6.7 2.5 2.5 2 0 1 1 1
-5372.6 -2111.9 -13.2 302 0 4.0 11.9 7.5 2.5 2 1 3 3 3
-6148.1 3212.0 -3.5 22 0 28.7 9.7 7.5 2.5 2 0 3 1 1
-6163.8 -271.0 -11.7 61 0 20.2 10.3 5.0 2.5 2 0 2 4 4
-6300.8 3556.0 -2.2 170 0 11.1 8.4 5.0 2.5 2 0 2 1 1
-6090.0 7573.3 -7.8 22 0 9.6 14.7 5.0 2.5 2 1 2 2 2
-5154.8 -2185.5 -12.4 13 0 12.3 5.4 5.0 2.5 2 0 2 2 2
-5443.8 -2471.8 -12.9 298 0 8.1 14.1 7.5 2.5 4 1 3 4 4
-6519.4 6897.1 -6.7 36 0 28.0 9.9 7.5 2.5 2 0 3 3 3
-4542.1 2965.4 -7.1 243 0 5.1 8.7 5.0 2.5 2 1 2 5 5
-5464.5 -2517.2 -13.2 24 0 8.5 18.0 5.0 2.5 2 1 2 1 1
-6448.0 5707.4 -4.6 2 0 10.1 24.1 5.0 2.5 2 1 2 2 2
-4896.2 -2147.5 -11.3 105 0 9.6 7.9 5.0 0.0 0 0 2 3 3
-6037.8 7615.3 -7.2 26 0 12.3 9.5 5.0 2.5 2 0 2 0 0
-5629.6 3817.5 -4.2 194 0 6.5 34.1 7.5 2.5 2 0 3 2 2
-6158.9 7282.9 -6.8 23 0 5.9 18.8 2.5 2.5 4 1 1 3 3
-4932.4 3640.2 -7.9 57 0 13.9 160.2 17.5 0.0 0 1 7 3 3
-6207.0 7201.2 -7.7 115 0 15.7 5.2 7.5 2.5 2 0 3 1 1
-5330.8 -2556.9 -12.9 117 0 12.1 9.1 5.0 2.5 2 0 2 3 3
-6122.9 3272.6 -4.1 30 0 5.1 12.2 7.5 2.5 2 0 3 3 3
-5866.6 7582.5 -4.0 270 0 15.4 11.4 2.5 2.5 2 0 1 3 3
-5427.9 -2034.0 -12.6 36 0 29.1 6.2 5.0 2.5 2 0 2 4 4
-4546.3 2869.2 -7.2 62 0 7.0 7.8 5.0 2.5 2 0 2 4 4
-6591.6 6989.0 -7.4 211 0 11.1 18.5 5.0 2.5 2 0 2 5 5
-6498.2 5142.1 -3.6 99 0 5.9 19.4 7.5 2.5 2 0 3 3 3
-6128.5 -259.0 -10.7 63 0 10.4 5.6 5.0 2.5 2 0 2 1 1
-5812.8 -239.4 -8.8 316 0 16.0 5.9 7.5 2.5 2 0 3 3 3
-4546.3 2530.3 -6.9 152 0 5.9 11.4 5.0 2.5 4 0 2 0 0
-6018.2 -252.3 -10.1 246 0 5.4 14.9 7.5 2.5 2 1 3 3 3
-5446.4 -2009.9 -12.4 219 0 21.1 5.5 2.5 0.0 0 0 1 3 3
-4485.2 492.9 -7.5 244 0 11.3 6.9 2.5 0.0 0 0 1 0 0
-5864.8 1051.3 -10.8 5 0 4.3 9.2 2.5 2.5 2 1 1 2 2
-5555.3 -2517.4 -13.5 118 0 10.0 9.0 2.5 2.5 2 0 1 4 4
-5852.8 7530.9 -3.5 271 0 12.3 27.8 10.0 2.5 2 1 4 4 4
-6284.1 3105.8 -1.8 14 0 6.5 21.3 7.5 2.5 2 1 3 1 1
-6290.4 806.4 -12.3 186 0 11.4 8.6 2.5 2.5 2 0 1 4 4
-6283.8 7084.5 -7.7 204 0 6.1 22.7 5.0 2.5 2 1 2 5 5
-5182.4 -2127.5 -12.4 282 0 13.1 9.0 5.0 2.5 2 0 2 1 1
-5185.4 -2059.8 -11.7 301 0 18.5 9.0 5.0 2.5 2 0 2 2 2
-4515.3 627.0 -7.5 239 0 5.2 17.1 7.5 2.5 4 1 3 3 3
-5238.4 -2681.8 -13.5 33 0 21.3 6.1 5.0 2.5 2 0 2 3 3
-6569.3 6712.6 -7.1 117 0 6.6 15.3 7.5 2.5 2 1 3 2 2
-6477.3 -633.4 -13.0 79 0 13.5 7.4 5.0 2.5 2 0 2 3 3
-6488.8 -312.4 -12.8 351 0 5.5 10.6 7.5 2.5 4 1 3 2 2
-6060.8 7694.1 -8.0 200 0 6.0 19.7 7.5 2.5 2 1 3 3 3
-6387.1 6949.7 -8.1 45 0 5.3 14.1 2.5 2.5 2 1 1 4 4
-5247.2 -2077.4 -11.9 129 0 5.9 25.8 7.5 2.5 4 0 3 4 4
-5768.7 49.1 -8.1 234 0 6.5 6.2 5.0 2.5 4 0 2 3 3
-6649.2 6716.9 -7.7 28 0 19.9 13.3 10.0 2.5 2 0 4 0 0
-4504.9 2577.5 -6.6 332 0 11.1 9.6 5.0 2.5 4 0 2 2 2
-6257.4 -341.4 -12.9 261 0 6.7 27.8 7.5 2.5 2 1 3 1 1
-6879.1 5396.7 -8.0 356 0 13.7 5.4 5.0 0.0 0 0 2 5 5
-5429.4 -2440.7 -12.7 134 0 10.3 5.3 5.0 2.5 2 0 2 3 3
-5340.8 -2164.9 -13.2 26 0 7.5 16.1 5.0 2.5 4 1 2 1 1
-6576.8 5846.5 -6.0 352 0 8.5 10.4 5.0 2.5 2 0 2 1 1
-6042.7 3594.9 -4.1 201 0 5.1 22.6 5.0 2.5 2 1 2 1 1
-5689.3 -2414.6 -13.5 128 0 25.6 7.1 2.5 2.5 2 0 1 0 0
-5473.0 -2547.4 -13.3 117 0 5.0 20.3 7.5 2.5 2 1 3 0 0
-6434.0 6954.4 -7.5 226 0 4.9 15.9 2.5 2.5 2 0 1 4 4
-5907.4 7730.9 -6.3 296 0 15.5 9.6 2.5 2.5 2 0 1 5 5
-6376.7 6848.1 -7.2 295 0 10.3 8.1 5.0 2.5 2 0 2 5 5
-4478.8 2507.9 -6.2 329 0 5.6 9.1 2.5 2.5 2 0 1 2 2
-6553.7 5608.2 -5.5 284 0 17.8 5.9 5.0 0.0 0 0 2 3 3
-4511.8 2592.8 -6.6 331 0 14.1 9.4 5.0 0.0 0 0 2 3 3
-6606.9 6827.0 -7.0 295 0 5.8 14.2 5.0 2.5 2 0 2 3 3
-6344.8 2932.1 -1.3 353 0 15.1 124.1 7.5 0.0 0 1 3 3 3
-6035.4 7759.3 -8.2 207 0 6.0 19.2 5.0 2.5 2 1 2 5 5
-5306.9 -2165.6 -12.9 115 0 14.1 6.9 5.0 2.5 2 0 2 2 2
-6189.4 7309.3 -7.3 202 0 25.2 10.1 10.0 2.5 2 0 4 3 3
-5228.9 6528.5 2.8 282 0 16.5 12.0 5.0 2.5 2 0 2 3 3
-6197.5 -130.9 -11.3 326 0 10.9 8.9 5.0 2.5 2 0 2 2 2
-6263.1 3541.4 -2.8 346 0 7.0 19.1 5.0 2.5 2 1 2 5 5
-5435.7 -2532.4 -13.1 22 0 7.9 18.0 2.5 2.5 4 1 1 4 4
-5572.6 -1314.2 -12.9 50 0 8.0 10.0 5.0 2.5 4 1 2 0 0
-4560.8 2709.9 -6.4 336 0 8.9 5.7 5.0 2.5 2 0 2 3 3
-4572.5 2738.8 -6.7 336 0 10.1 8.6 5.0 2.5 2 0 2 0 0
-5650.8 219.8 -8.1 213 0 6.4 23.0 7.5 2.5 2 1 3 0 0
-4562.8 2946.3 -7.1 241 0 12.4 13.4 2.5 2.5 4 0 1 3 3
-4673.0 5405.5 1.6 300 0 6.3 14.7 5.0 2.5 4 1 2 4 4
-6013.6 7716.8 -7.4 204 0 6.6 13.4 2.5 2.5 2 1 1 1 1
-6153.6 7445.8 -7.8 114 0 10.9 28.7 7.5 2.5 2 1 3 1 1
-6277.5 3126.5 -1.7 16 0 7.2 17.0 2.5 2.5 2 1 1 3 3
-5155.5 -2078.3 -11.9 303 0 19.4 8.9 7.5 0.0 0 0 3 2 2
-5557.1 -2360.3 -13.4 293 0 13.2 9.1 5.0 2.5 2 0 2 5 5
-5778.3 42.2 -8.1 234 0 17.2 6.2 2.5 2.5 2 0 1 2 2
-5449.4 -2134.6 -13.9 119 0 24.7 12.1 10.0 2.5 2 0 4 4 4
-6056.6 3582.2 -4.0 202 0 10.7 9.0 5.0 2.5 2 0 2 5 5
-4512.9 2894.8 -7.1 61 0 6.3 19.2 7.5 2.5 2 1 3 3 3
-5186.4 -1292.6 -8.5 132 0 6.0 22.1 5.0 2.5 4 1 2 5 5
-5271.2 1236.2 -8.1 122 0 6.4 15.8 5.0 2.5 2 1 2 5 5
-6562.4 6920.7 -6.5 212 0 7.3 11.2 5.0 2.5 2 0 2 2 2
-5265.2 7471.2 7.4 295 0 9.3 66.6 7.5 2.5 2 1 3 5 5
-4510.0 2509.1 -6.5 151 0 5.8 20.3 7.5 2.5 2 1 3 0 0
-5831.6 -2242.8 -13.9 208 0 11.0 27.2 10.0 2.5 2 1 4 5 5
-4956.0 3624.8 -7.9 57 0 14.0 160.2 10.0 0.0 0 1 4 3 3
-4475.1 3122.8 -7.6 241 0 15.0 5.1 2.5 0.0 0 0 1 3 3
-5677.7 4682.0 -0.0 189 0 15.1 6.0 7.5 2.5 4 0 3 5 5
-6695.2 6869.3 -7.4 298 0 4.9 23.5 5.0 2.5 2 0 2 1 1
-6230.9 -258.8 -12.5 69 0 11.5 8.7 5.0 2.5 2 0 2 1 1
-5554.3 -2378.6 -13.4 296 0 6.2 7.4 5.0 2.5 2 1 2 3 3
-6268.1 786.2 -12.3 98 0 21.0 5.0 2.5 2.5 2 0 1 0 0
-6257.0 3135.8 -1.7 19 0 6.0 8.8 7.5 2.5 2 0 3 2 2
-6490.2 5127.0 -3.3 92 0 16.2 8.1 7.5 2.5 2 0 3 5 5
-6034.1 7796.5 -8.7 202 0 18.1 8.0 7.5 2.5 2 0 3 5 5
-6181.4 7345.3 -7.7 205 0 7.0 20.5 5.0 2.5 2 1 2 5 5
-6449.9 5351.5 -5.6 98 0 8.6 10.8 5.0 2.5 2 1 2 0 0
-6402.5 6820.1 -6.9 114 0 6.0 14.3 7.5 2.5 2 1 3 5 5
-5413.0 -2078.0 -13.0 286 0 12.8 9.1 2.5 2.5 2 0 1 5 5
-5724.6 -1541.1 -14.5 61 0 12.3 4.3 2.5 0.0 0 0 1 5 5
-5635.1 4089.3 -2.3 132 0 13.2 6.0 5.0 2.5 2 0 2 1 1
-6613.0 6814.1 -7.1 295 0 5.8 18.6 5.0 2.5 2 0 2 2 2
-6617.5 6765.8 -7.1 113 0 11.5 9.1 5.0 2.5 2 0 2 4 4
-6058.0 7664.6 -7.7 191 0 6.0 18.1 7.5 2.5 2 1 3 3 3
-5932.5 -324.8 -10.9 129 0 6.0 23.8 2.5 2.5 2 1 1 5 5
-6266.6 3570.2 -2.8 350 0 7.1 18.1 5.0 2.5 2 1 2 1 1
-6942.0 -2884.4 -10.1 177 0 5.6 14.7 7.5 2.5 2 1 3 2 2
-6236.5 -330.0 -13.3 260 0 13.0 9.0 2.5 0.0 0 0 1 1 1
-4980.3 3608.9 -7.9 57 0 14.0 160.3 10.0 0.0 0 1 4 4 4
-5243.7 -2169.6 -12.8 107 0 4.8 9.3 5.0 2.5 2 0 2 4 4
-5279.2 -2023.9 -11.7 215 0 8.5 19.0 2.5 2.5 2 1 1 5 5
-4497.1 2497.1 -6.4 150 0 5.6 12.1 7.5 2.5 2 0 3 1 1
-5094.5 -2074.4 -11.8 303 0 17.2 7.5 2.5 2.5 2 0 1 0 0
-5353.0 -2580.9 -13.1 310 0 14.1 5.4 5.0 2.5 2 0 2 0 0
-6550.9 6769.7 -6.7 212 0 4.8 10.1 5.0 2.5 2 1 2 0 0
-6596.3 5612.3 -6.2 280 0 26.5 13.6 10.0 2.5 2 0 4 5 5
-5778.5 7512.9 -2.3 90 0 6.4 5.2 2.5 2.5 2 0 1 5 5
-5160.1 -2163.0 -12.6 286 0 5.3 19.0 5.0 2.5 2 1 2 3 3
-5099.9 5273.0 -0.8 30 0 16.3 128.7 7.5 0.0 0 1 3 3 3
-6952.7 5395.7 -8.2 178 0 11.5 5.8 7.5 2.5 2 0 3 5 5
-5417.6 5003.4 0.0 18 0 13.2 128.9 7.5 0.0 0 1 3 4 4
-4555.5 2685.2 -6.4 338 0 5.3 9.5 7.5 2.5 2 1 3 0 0
-5750.5 -1538.7 -14.6 149 0 18.2 9.0 7.5 2.5 2 0 3 4 4
-5838.6 3755.5 -3.8 195 0 6.0 9.3 7.5 2.5 4 1 3 1 1
-6520.2 -274.6 -13.2 259 0 4.5 5.5 5.0 2.5 2 0 2 3 3
-4478.7 2537.0 -6.4 333 0 16.1 8.1 2.5 2.5 2 0 1 1 1
-5499.9 -2054.6 -13.0 35 0 5.5 9.4 5.0 2.5 2 1 2 3 3
-4616.2 2891.8 -7.3 232 0 10.8 29.9 10.0 2.5 2 1 4 2 2
-6076.9 7727.4 -8.5 203 0 5.2 8.6 5.0 2.5 2 0 2 5 5
-5518.1 -1472.8 -13.1 141 0 13.4 9.0 5.0 2.5 2 0 2 2 2
-4740.2 -149.0 -9.6 256 0 20.5 10.2 7.5 2.5 4 0 3 4 4
-5396.2 -2010.0 -12.2 36 0 35.1 14.0 7.5 2.5 2 0 3 4 4
-5969.3 3647.2 -3.9 20 0 6.0 13.6 5.0 2.5 2 1 2 5 5
-6499.6 -302.9 -13.2 75 0 10.8 33.6 10.0 2.5 2 0 4 3 3
-6131.8 7446.0 -7.4 204 0 6.2 18.1 2.5 2.5 4 1 1 4 4
-5084.8 6510.0 2.3 190 0 5.5 18.6 5.0 2.5 4 1 2 2 2
-6090.3 -210.5 -9.8 58 0 13.0 6.1 5.0 2.5 2 0 2 5 5
-5954.6 -133.7 -9.4 330 0 11.0 9.4 5.0 0.0 0 0 2 3 3
-5507.2 -2502.5 -13.3 115 0 14.9 7.0 7.5 2.5 2 0 3 5 5
-4723.4 -189.6 -9.2 164 0 4.4 11.6 7.5 2.5 2 0 3 0 0
-4741.2 3882.1 -7.4 327 0 15.0 125.5 10.0 0.0 0 1 4 0 0
-5335.8 -2596.3 -13.1 299 0 9.1 12.9 2.5 2.5 2 1 1 5 5
-5464.0 -2065.0 -13.0 288 0 10.0 7.5 2.5 2.5 2 0 1 4 4
-6201.8 3333.4 -2.9 356 0 5.4 13.4 5.0 2.5 4 0 2 2 2
-6134.5 7280.9 -6.5 24 0 11.1 12.1 5.0 0.0 0 1 2 1 1
-6232.2 3003.2 -3.2 325 0 24.0 8.0 5.0 2.5 2 0 2 2 2
-5370.9 5144.0 -0.2 18 0 13.3 129.0 10.0 0.0 0 1 4 5 5
-6855.0 -2695.1 -9.9 345 0 8.6 11.0 5.0 2.5 2 1 2 1 1
-5396.2 -2172.4 -13.6 122 0 11.6 24.3 7.5 2.5 2 0 3 5 5
-6508.1 5177.7 -3.9 224 0 8.7 9.8 2.5 0.0 0 1 1 3 3
-6651.8 6778.6 -7.3 110 0 11.2 8.6 5.0 2.5 2 0 2 5 5
-5812.1 7759.3 -5.4 204 0 13.4 37.7 10.0 2.5 2 1 4 2 2
-6677.7 5126.2 -5.7 84 0 14.2 6.0 7.5 2.5 2 0 3 0 0
-5465.7 -2087.6 -13.6 301 0 4.8 18.2 7.5 0.0 0 0 3 1 1
-6633.1 6793.9 -7.2 110 0 5.4 16.7 5.0 2.5 2 1 2 3 3
-5354.7 -2617.4 -13.2 96 0 8.0 6.3 2.5 2.5 2 0 1 0 0
-4704.8 -168.4 -9.4 349 0 8.1 11.1 5.0 2.5 2 1 2 0 0
-4838.0 -2220.4 -11.4 101 0 6.2 16.7 7.5 0.0 0 1 3 0 0
-5516.3 -1987.6 -12.6 52 0 16.2 5.2 2.5 2.5 4 0 1 5 5
-6411.1 6992.1 -8.2 225 0 10.1 25.3 10.0 2.5 4 1 4 3 3
-5288.3 -2114.9 -12.4 195 0 8.9 11.3 2.5 0.0 0 1 1 4 4
-6295.7 7053.5 -7.8 114 0 7.7 5.0 5.0 2.5 4 0 2 3 3
-6363.8 -1979.7 -12.5 54 0 13.9 5.5 7.5 2.5 2 0 3 5 5
-5501.6 -1437.0 -12.6 230 0 23.4 7.1 2.5 2.5 2 0 1 2 2
-5555.2 4860.4 -0.3 1 0 11.1 8.9 7.5 2.5 4 0 3 5 5
-6636.4 6768.2 -7.2 116 0 5.5 23.2 5.0 2.5 2 1 2 3 3
-4564.4 2635.4 -6.8 158 0 6.2 8.1 2.5 2.5 2 0 1 1 1
-5837.6 7548.3 -3.4 91 0 26.9 5.1 5.0 2.5 4 0 2 1 1
-4548.9 2938.4 -7.1 242 0 29.5 12.2 7.5 2.5 4 0 3 2 2
-4628.3 1525.8 -4.4 262 0 10.2 8.2 7.5 2.5 2 0 3 1 1
-6808.1 5797.5 -8.4 178 0 8.0 17.9 2.5 0.0 0 1 1 5 5
-6344.8 6910.7 -7.8 295 0 16.5 6.2 5.0 2.5 2 0 2 1 1
-5707.7 -2273.8 -13.8 314 0 5.6 15.6 2.5 2.5 2 1 1 1 1
-6157.8 -2259.3 -12.0 62 0 10.9 4.1 5.0 2.5 2 0 2 3 3
-5452.6 -2417.0 -12.6 139 0 9.1 4.2 5.0 2.5 2 0 2 1 1
-5882.7 7470.6 -3.9 181 0 43.5 11.6 7.5 2.5 2 0 3 4 4
-6891.2 5368.4 -7.8 86 0 11.0 9.1 2.5 2.5 2 0 1 0 0
-5493.1 -2557.8 -13.4 116 0 10.9 12.7 5.0 2.5 2 1 2 3 3
-5389.1 5088.9 0.0 18 0 14.0 129.0 10.0 0.0 0 1 4 4 4
-5512.2 -1917.1 -12.8 334 0 15.5 43.9 7.5 2.5 2 0 3 1 1
-5355.9 7335.2 4.7 115 0 16.9 72.5 12.5 2.5 2 1 5 1 1
-6322.0 3026.9 -2.8 13 0 5.9 11.2 2.5 2.5 2 0 1 1 1
-6463.4 3114.2 -0.5 172 0 9.9 7.0 7.5 2.5 4 0 3 0 0
-5587.5 3828.4 -4.2 284 0 8.4 21.8 7.5 2.5 2 0 3 5 5
-5252.8 7327.8 7.9 25 0 72.4 16.7 10.0 0.0 0 0 4 1 1
-4494.9 2564.8 -6.6 331 0 10.6 8.5 7.5 2.5 2 0 3 1 1
-6431.5 5722.6 -4.3 0 0 21.1 10.1 10.0 2.5 2 0 4 2 2
-4861.4 -2216.1 -11.4 97 0 6.0 20.1 5.0 2.5 2 1 2 3 3
-5420.6 -2486.6 -12.9 301 0 9.9 8.0 5.0 2.5 2 0 2 3 3
-5455.6 -2498.1 -13.1 28 0 8.9 24.1 7.5 2.5 2 1 3 5 5
-6184.9 3249.2 -3.1 197 0 10.2 8.6 7.5 0.0 0 0 3 4 4
-6048.4 7419.6 -6.2 104 0 12.6 18.5 5.0 2.5 2 1 2 0 0
-6035.0 3562.7 -4.2 110 0 13.6 6.1 2.5 2.5 2 0 1 5 5
-6409.6 5426.0 -5.5 357 0 18.0 8.0 2.5 2.5 2 0 1 1 1
-5572.8 7704.9 -2.5 114 0 16.0 54.5 10.0 2.5 2 1 4 0 0
-5352.2 -2151.1 -13.2 33 0 7.0 16.0 2.5 0.0 0 1 1 2 2
-4555.8 7250.7 9.9 201 0 27.8 9.7 7.5 0.0 0 0 3 0 0
-4655.8 1494.8 -4.5 179 0 12.1 9.3 5.0 2.5 2 0 2 3 3
-5717.9 7827.4 -5.2 209 0 20.0 11.3 7.5 2.5 2 0 3 0 0
-6224.4 7235.2 -7.6 202 0 6.6 9.6 2.5 2.5 2 0 1 2 2
-6150.4 -263.6 -11.2 63 0 10.9 27.4 10.0 2.5 2 0 4 0 0
-5829.9 898.0 -10.7 9 0 4.8 22.5 5.0 2.5 2 1 2 2 2
-6058.0 7618.2 -7.7 25 0 6.6 18.3 7.5 2.5 2 1 3 0 0
-4775.6 2795.3 -7.9 64 0 13.9 4.6 5.0 2.5 2 0 2 4 4
-4520.5 7149.5 9.2 111 0 17.6 128.6 10.0 0.0 0 1 4 1 1
-4999.5 4553.7 -4.3 25 0 18.0 6.1 7.5 2.5 2 0 3 3 3
-5456.9 1139.4 -9.0 220 0 19.8 7.6 7.5 2.5 2 0 3 3 3
-4713.3 5388.5 1.5 121 0 8.4 9.5 5.0 0.0 0 1 2 5 5
-6078.1 -111.5 -10.4 244 0 13.5 37.1 7.5 0.0 0 0 3 0 0
-4728.8 -190.9 -9.2 169 0 4.3 5.5 2.5 0.0 0 0 1 0 0
-5200.2 -2051.0 -11.7 301 0 16.1 9.1 7.5 0.0 0 0 3 0 0
-5710.8 7549.0 -2.1 1 0 5.1 26.8 2.5 2.5 4 1 1 2 2
-4520.6 3187.7 -7.8 243 0 11.0 31.0 7.5 2.5 4 1 3 0 0
-5381.9 -2099.2 -13.4 303 0 6.4 23.5 5.0 2.5 4 0 2 5 5
-5267.0 -2044.1 -11.8 306 0 5.1 11.8 7.5 2.5 4 1 3 4 4
-5196.1 -2151.0 -12.7 288 0 3.5 33.9 5.0 0.0 0 0 2 0 0
-5359.1 5179.8 -0.2 19 0 9.1 17.1 5.0 2.5 2 1 2 0 0
-5286.4 1234.1 -8.3 25 0 9.3 11.0 2.5 2.5 2 1 1 1 1
-6269.1 -232.8 -12.4 162 0 9.1 27.3 7.5 0.0 0 0 3 4 4
-5122.0 1374.4 -8.5 237 0 5.4 14.8 7.5 2.5 2 0 3 0 0
-5489.7 -2426.6 -12.9 293 0 5.3 13.1 5.0 2.5 2 1 2 3 3
-6514.9 6766.9 -6.7 305 0 6.8 16.0 2.5 2.5 2 1 1 4 4
-6054.6 -288.1 -10.8 141 0 8.1 9.3 5.0 2.5 2 1 2 4 4
-5301.9 -2140.9 -12.7 209 0 16.7 5.8 7.5 2.5 2 0 3 2 2
-5397.1 -2117.4 -13.5 301 0 4.6 11.0 5.0 2.5 2 0 2 3 3
-5325.9 -2141.8 -12.9 32 0 21.1 3.3 7.5 2.5 2 0 3 3 3
-4580.9 2829.5 -7.0 66 0 6.1 8.7 7.5 2.5 2 1 3 2 2
-6394.9 5345.6 -5.2 92 0 9.0 18.9 7.5 2.5 2 1 3 4 4
-6390.8 5374.9 -5.4 91 0 9.5 18.1 7.5 2.5 2 1 3 3 3
-6463.8 5623.0 -4.5 177 0 10.7 8.6 7.5 2.5 2 0 3 2 2
-5381.1 -2611.2 -13.3 6 0 6.5 6.1 7.5 2.5 4 0 3 2 2
-4576.8 2597.2 -7.2 151 0 23.9 10.1 5.0 2.5 2 0 2 5 5
-5295.9 -2036.9 -11.9 216 0 22.3 6.3 5.0 2.5 2 0 2 2 2
-6293.9 3020.4 -3.0 13 0 6.2 28.8 5.0 2.5 2 0 2 2 2
-6003.5 7775.7 -8.1 21 0 3.5 11.5 5.0 2.5 2 0 2 1 1
-6047.1 7645.8 -7.7 24 0 7.0 15.5 5.0 0.0 0 0 2 2 2
-6379.2 6993.1 -8.2 310 0 15.2 6.0 7.5 2.5 2 0 3 5 5
-4530.3 2880.6 -7.1 61 0 6.2 32.2 7.5 2.5 2 1 3 3 3
-6074.7 7664.5 -8.0 199 0 16.4 8.5 2.5 2.5 2 0 1 3 3
-5182.2 -2072.8 -11.9 295 0 4.8 20.4 7.5 2.5 4 0 3 4 4
-6020.3 7740.2 -7.8 197 0 13.1 6.1 7.5 2.5 2 0 3 0 0
-6598.5 5167.2 -5.0 266 0 14.8 6.1 7.5 2.5 2 0 3 2 2
-6500.5 -486.3 -12.9 349 0 3.9 10.5 7.5 2.5 2 0 3 2 2
-6170.6 3263.7 -3.5 198 0 4.1 16.0 2.5 2.5 2 0 1 0 0
-6636.6 5848.9 -6.6 262 0 3.4 10.5 7.5 2.5 2 1 3 0 0
-6576.9 5114.1 -4.1 186 0 4.9 17.3 7.5 2.5 2 1 3 3 3
-6503.2 5142.9 -3.6 99 0 4.5 19.4 2.5 2.5 2 0 1 5 5
-5844.0 7654.1 -4.6 111 0 12.1 12.4 2.5 2.5 2 0 1 3 3
-5159.0 5169.1 -1.0 30 0 16.8 128.6 10.0 0.0 0 1 4 5 5
-6469.7 6887.1 -7.0 291 0 6.2 20.3 2.5 2.5 2 1 1 1 1
-5590.5 -2362.9 -13.3 293 0 6.7 11.8 5.0 0.0 0 1 2 0 0
-6299.9 3144.3 -1.4 198 0 15.7 6.0 2.5 2.5 2 0 1 4 4
-5350.1 -2509.4 -12.7 300 0 18.7 7.9 7.5 2.5 2 0 3 0 0
-6789.7 5810.5 -8.3 86 0 5.1 10.3 7.5 0.0 0 1 3 4 4
-4803.7 1511.0 -6.2 141 0 9.9 24.0 7.5 2.5 2 0 3 2 2
-6434.4 -793.9 -13.3 346 0 20.1 8.9 5.0 2.5 2 0 2 5 5
-6331.7 3080.7 -1.8 192 0 19.4 8.3 7.5 2.5 2 0 3 1 1
-6442.7 5414.3 -5.6 179 0 4.8 18.8 7.5 2.5 2 1 3 2 2
-6422.3 5346.8 -5.4 91 0 25.7 5.3 7.5 0.0 0 0 3 3 3
-4526.1 2620.9 -6.6 332 0 11.1 9.6 2.5 2.5 2 0 1 4 4
-5107.9 -2119.2 -12.1 109 0 7.0 8.0 2.5 2.5 2 1 1 5 5
-6276.9 3066.4 -2.2 20 0 10.1 8.5 5.0 0.0 0 0 2 5 5
-5370.5 -2087.2 -13.0 289 0 11.1 8.6 5.0 2.5 2 0 2 3 3
-5993.1 7788.8 -8.3 18 0 5.9 18.8 2.5 2.5 2 1 1 4 4
-6330.1 2996.8 -2.7 353 0 12.7 80.5 7.5 2.5 2 0 3 3 3
-6025.2 7785.1 -8.4 201 0 5.5 12.1 5.0 2.5 2 0 2 5 5
-5670.8 205.8 -8.0 211 0 21.8 8.4 5.0 0.0 0 0 2 1 1
-5736.2 7583.7 -2.3 270 0 15.4 11.4 5.0 2.5 2 0 2 0 0
-4489.9 2970.8 -7.0 350 0 7.7 22.4 5.0 2.5 2 1 2 5 5
-5205.0 -2193.3 -12.7 108 0 18.1 9.0 2.5 2.5 2 0 1 2 2
-5254.2 -2094.6 -12.1 108 0 9.5 9.1 5.0 2.5 2 0 2 0 0
-6083.2 7643.0 -8.0 199 0 18.0 8.0 2.5 2.5 2 0 1 5 5
-6260.6 3033.7 -3.2 235 0 13.0 11.6 5.0 2.5 2 0 2 2 2
-4718.1 3825.3 -7.9 327 0 15.1 125.5 7.5 0.0 0 1 3 0 0
-5855.4 7658.5 -4.8 111 0 12.3 12.4 7.5 2.5 2 0 3 5 5
-6837.9 6835.1 -8.7 291 0 6.3 30.7 5.0 2.5 2 0 2 2 2
-5451.4 -2657.9 -13.7 123 0 16.0 8.2 2.5 2.5 4 0 1 5 5
-5500.7 -2539.9 -13.4 115 0 8.2 4.2 2.5 2.5 4 0 1 3 3
-5804.3 -257.0 -8.7 318 0 11.1 28.1 10.0 2.5 2 1 4 1 1
-6212.5 3155.3 -2.1 222 0 6.2 16.0 7.5 2.5 2 1 3 4 4
-6117.3 7080.5 -6.2 298 0 8.6 30.1 7.5 0.0 0 1 3 3 3
-5625.3 7982.2 -6.1 28 0 20.4 9.7 5.0 2.5 2 0 2 3 3
-6530.8 -276.7 -13.3 259 0 16.9 5.5 7.5 2.5 2 0 3 5 5
-5144.4 5194.9 -0.9 30 0 16.9 128.6 7.5 0.0 0 1 3 4 4
-6429.5 5686.2 -4.2 360 0 4.4 16.1 5.0 2.5 4 1 2 0 0
-6370.2 -1952.6 -12.6 234 0 9.9 5.7 7.5 2.5 2 0 3 2 2
-5121.6 1368.7 -8.5 327 0 10.0 34.1 7.5 2.5 2 0 3 3 3
-6236.8 3305.2 -2.4 108 0 10.0 17.4 5.0 2.5 2 1 2 3 3
-5900.1 -333.4 -10.9 41 0 18.1 6.0 5.0 2.5 2 0 2 5 5
-5257.5 6452.6 1.7 109 0 12.8 20.2 5.0 2.5 2 0 2 5 5
-6087.5 7669.7 -8.2 198 0 4.6 7.9 7.5 2.5 2 0 3 0 0
-5544.9 352.7 -11.0 109 0 11.5 31.0 7.5 2.5 2 1 3 5 5
-5074.1 3796.1 -6.5 242 0 7.6 5.0 7.5 2.5 2 0 3 3 3
-5261.6 -2152.6 -12.7 303 0 4.6 6.2 5.0 2.5 2 1 2 2 2
-6030.4 -131.8 -9.9 242 0 37.3 9.5 7.5 2.5 2 0 3 4 4
-5208.1 7445.2 8.8 295 0 16.8 66.3 10.0 2.5 2 0 4 1 1
-4547.6 7159.9 9.5 111 0 16.6 128.7 7.5 0.0 0 1 3 5 5
-6008.5 7552.5 -6.1 181 0 5.1 26.9 7.5 2.5 4 1 3 1 1
-6629.2 5134.4 -5.0 170 0 7.1 8.5 5.0 2.5 2 1 2 4 4
-6049.1 7721.3 -8.0 204 0 5.6 32.2 5.0 2.5 2 1 2 4 4
-5525.8 -2461.2 -13.2 294 0 15.1 9.6 5.0 2.5 2 0 2 5 5
-6047.2 7642.0 -7.4 114 0 3.0 7.0 2.5 2.5 2 0 1 4 4
-6534.6 -465.2 -13.0 169 0 4.1 21.1 7.5 2.5 2 1 3 0 0
-4769.2 1542.3 -6.0 227 0 7.0 28.5 5.0 2.5 2 1 2 1 1
-6121.7 7322.0 -6.9 23 0 11.2 14.3 5.0 0.0 0 1 2 3 3
-4760.1 2823.8 -7.6 334 0 10.1 8.4 5.0 2.5 2 0 2 0 0
-6506.9 -342.3 -12.9 56 0 9.9 8.0 5.0 2.5 2 0 2 2 2
-4629.0 1569.7 -5.3 46 0 6.1 17.5 5.0 2.5 2 0 2 5 5
-6241.1 2998.8 -3.2 322 0 12.6 6.0 5.0 2.5 2 0 2 4 4
-6352.9 6871.8 -7.5 115 0 20.2 6.1 5.0 2.5 2 0 2 3 3
-6262.9 2984.1 -3.1 147 0 19.6 8.3 7.5 2.5 2 0 3 1 1
-5448.8 -2069.9 -13.0 288 0 13.1 9.0 5.0 2.5 2 0 2 3 3
-5305.0 -2049.6 -12.0 216 0 8.8 6.3 5.0 2.5 2 0 2 0 0
-5544.5 -2388.5 -13.3 299 0 5.9 5.4 5.0 0.0 0 0 2 3 3
-6571.0 5847.3 -5.9 352 0 8.4 5.8 5.0 2.5 4 0 2 5 5
-5886.6 7629.1 -5.1 104 0 48.7 15.5 7.5 2.5 2 0 3 4 4
-6926.0 5410.9 -8.2 270 0 4.1 19.4 7.5 2.5 2 1 3 1 1
-5195.2 -2064.6 -11.9 298 0 5.7 25.6 7.5 2.5 2 1 3 1 1
-4706.8 3797.1 -8.1 327 0 15.1 112.8 7.5 0.0 0 0 3 1 1
-5403.3 -2429.9 -12.6 308 0 4.7 17.9 7.5 2.5 4 1 3 1 1
-6908.6 5402.4 -8.0 269 0 5.5 15.4 7.5 2.5 2 1 3 5 5
-5759.9 15.7 -8.1 56 0 15.4 5.5 5.0 2.5 2 0 2 5 5
-5070.8 1341.0 -7.9 332 0 12.0 11.7 7.5 2.5 2 0 3 0 0
-5415.2 7382.5 2.3 205 0 33.8 9.3 7.5 2.5 2 0 3 0 0
-4604.8 2796.8 -7.0 348 0 11.7 12.3 2.5 2.5 2 0 1 3 3
-5185.8 -2159.0 -12.7 285 0 6.4 11.6 5.0 2.5 2 1 2 5 5
-4646.4 1583.6 -5.6 136 0 8.9 6.1 5.0 2.5 2 0 2 0 0
-6191.3 3173.7 -2.5 221 0 6.0 9.2 7.5 2.5 2 1 3 1 1
-5899.7 7582.5 -4.5 271 0 4.7 8.2 2.5 2.5 2 0 1 2 2
-5372.3 -2573.3 -13.2 296 0 5.6 30.1 7.5 2.5 2 1 3 3 3
-6058.5 -143.3 -10.0 243 0 4.0 5.4 2.5 2.5 2 0 1 2 2
-5121.2 -2136.1 -12.4 284 0 10.5 7.6 5.0 2.5 2 0 2 1 1
-4513.9 2779.7 -6.0 328 0 5.9 6.6 5.0 2.5 4 0 2 5 5
-6009.4 7618.1 -6.6 113 0 10.4 10.1 5.0 2.5 2 0 2 2 2
-5623.1 178.5 -8.1 30 0 12.2 9.0 5.0 2.5 2 0 2 5 5
-6213.9 6990.9 -7.1 115 0 20.4 5.6 7.5 0.0 0 0 3 3 3
-5968.8 7671.3 -6.4 112 0 15.3 20.2 7.5 2.5 2 1 3 5 5
-6817.5 5806.9 -8.6 87 0 5.8 21.0 2.5 2.5 2 1 1 0 0
-4479.6 3016.4 -7.2 154 0 14.0 11.0 5.0 2.5 2 0 2 5 5
-5628.1 3835.8 -3.9 196 0 12.0 6.9 2.5 2.5 2 0 1 1 1
-4480.9 619.2 -7.6 327 0 7.5 13.1 5.0 2.5 2 1 2 4 4
-5114.9 5246.6 -0.8 30 0 16.1 128.7 10.0 0.0 0 1 4 5 5
-6918.6 -2911.8 -9.5 358 0 3.5 5.4 5.0 2.5 2 1 2 5 5
-5385.8 -2564.9 -13.2 294 0 14.9 32.1 7.5 0.0 0 1 3 3 3
-4804.1 -2104.2 -11.5 279 0 41.3 16.3 10.0 2.5 2 0 4 0 0
-5085.5 -2160.4 -12.1 277 0 6.6 4.6 2.5 2.5 2 0 1 5 5
-5150.8 -2149.7 -12.5 286 0 4.0 7.3 7.5 2.5 2 1 3 2 2
-5090.4 -2109.9 -12.0 126 0 3.5 5.1 7.5 2.5 2 1 3 1 1
-5410.8 -2134.2 -13.6 122 0 4.4 9.8 5.0 2.5 2 1 2 4 4
-4703.1 -204.0 -9.1 349 0 3.2 13.1 7.5 2.5 2 1 3 4 4
-5941.0 -182.7 -9.3 72 0 40.5 15.2 5.0 2.5 2 0 2 0 0
-6010.8 -187.9 -9.6 68 0 3.7 8.2 2.5 2.5 2 0 1 5 5
-6266.9 -239.5 -12.4 162 0 5.1 5.0 2.5 2.5 2 0 1 2 2
-6550.5 -263.4 -13.5 261 0 20.0 13.1 15.0 0.0 0 0 6 3 3
-6524.1 -332.3 -13.2 53 0 5.9 12.0 2.5 2.5 2 1 1 5 5
-4388.5 591.8 -8.2 244 0 10.1 8.1 5.0 2.5 2 0 2 5 5
-4467.4 480.1 -7.6 62 0 7.0 16.6 2.5 2.5 2 1 1 5 5
-6015.9 7801.9 -8.5 201 0 3.6 6.9 7.5 2.5 2 1 3 5 5
-5951.8 7583.0 -5.4 271 0 5.7 7.7 5.0 2.5 2 0 2 3 3
-5910.1 7551.7 -4.5 0 0 5.1 7.7 2.5 2.5 2 0 1 5 5
-5901.9 7551.6 -4.4 1 0 5.1 8.2 5.0 2.5 2 0 2 5 5
-5894.1 7582.5 -4.4 269 0 6.6 8.2 5.0 2.5 2 0 2 4 4
-5803.6 7721.0 -4.9 204 0 7.1 5.1 7.5 2.5 2 0 3 3 3
-5558.9 7698.8 -2.2 115 0 9.0 54.2 7.5 2.5 2 1 3 1 1
-5600.3 7854.7 -4.8 293 0 5.1 5.1 2.5 2.5 4 0 1 1 1
-5369.9 7410.4 4.3 205 0 22.1 12.6 10.0 2.5 2 0 4 2 2
-6906.5 6840.9 -9.0 201 0 6.1 11.0 5.0 2.5 2 1 2 0 0
-6540.1 6729.9 -7.0 118 0 11.7 5.5 7.5 2.5 2 0 3 2 2
-6558.5 6926.9 -6.5 211 0 7.4 11.2 2.5 2.5 2 0 1 0 0
-6491.4 6877.2 -6.9 212 0 3.4 7.9 7.5 2.5 2 1 3 0 0
-6226.2 6995.8 -7.2 114 0 4.0 6.0 5.0 2.5 4 1 2 0 0
-6095.6 7561.7 -7.7 21 0 3.1 5.4 7.5 2.5 2 1 3 2 2
-6635.9 5582.2 -7.2 100 0 41.2 16.1 7.5 0.0 0 0 3 5 5
-6440.7 5488.0 -5.1 180 0 3.6 4.4 7.5 2.5 4 1 3 4 4
-6428.5 5557.1 -4.0 91 0 12.0 5.6 2.5 2.5 2 0 1 1 1
-6822.9 5842.7 -8.6 182 0 4.3 6.0 7.5 2.5 2 1 3 5 5
-6768.7 5904.0 -8.1 354 0 3.5 6.0 7.5 2.5 2 0 3 0 0
-2965.8 5973.3 -8.2 96 0 10.5 28.1 7.5 2.5 2 0 3 4 4
-2083.7 6790.2 -11.9 4 0 14.6 6.2 7.5 2.5 2 0 3 2 2
-2814.9 6280.1 -6.7 189 0 7.0 11.7 2.5 2.5 2 1 1 1 1
66.4 6158.7 -14.6 157 0 10.0 13.2 10.0 2.5 2 1 4 2 2
-502.5 6350.9 -15.2 39 0 3.9 19.5 7.5 2.5 2 1 3 3 3
-2160.7 6645.0 -10.7 96 0 9.9 12.7 5.0 2.5 2 1 2 4 4
-239.6 4616.5 -11.6 105 0 23.1 8.0 5.0 2.5 2 0 2 5 5
-2710.1 5960.3 -7.5 277 0 6.1 7.3 7.5 2.5 2 0 3 0 0
-2835.4 5917.3 -8.4 97 0 12.2 6.1 2.5 2.5 2 0 1 2 2
-2956.9 6438.8 -6.1 140 0 11.1 9.1 2.5 2.5 2 0 1 0 0
-4423.4 3039.0 -7.3 337 0 6.0 16.6 5.0 2.5 2 1 2 4 4
319.3 2585.3 -11.2 189 0 5.5 5.2 2.5 2.5 4 0 1 4 4
-4433.3 5866.7 2.9 211 0 12.1 8.5 2.5 2.5 2 0 1 1 1
-2495.9 4274.4 -7.5 306 0 8.1 17.4 5.0 2.5 2 1 2 3 3
927.3 3118.2 -15.2 19 0 7.4 6.1 7.5 2.5 2 0 3 3 3
-2854.7 6223.4 -6.9 9 0 10.5 9.0 5.0 2.5 2 0 2 2 2
391.4 4205.9 -5.1 199 0 17.1 11.1 5.0 2.5 2 0 2 2 2
-2109.5 6949.4 -12.1 279 0 9.1 12.1 5.0 2.5 2 1 2 5 5
-2898.6 6426.1 -6.9 140 0 4.1 9.6 2.5 2.5 2 1 1 1 1
335.9 2566.0 -11.1 7 0 6.2 14.3 7.5 2.5 2 1 3 4 4
-2704.6 4339.6 -7.4 124 0 5.2 13.8 7.5 2.5 2 1 3 5 5
-2819.8 4691.7 -7.3 209 0 8.2 25.0 7.5 2.5 2 0 3 4 4
-4434.6 2465.6 -6.9 328 0 10.0 9.1 7.5 2.5 2 0 3 4 4
417.8 3240.6 -9.2 272 0 27.5 12.0 7.5 2.5 2 0 3 1 1
-660.9 6282.7 -15.8 43 0 5.0 13.6 5.0 2.5 2 0 2 0 0
-3295.3 4457.5 -3.1 220 0 16.5 5.6 5.0 0.0 0 0 2 3 3
-2788.1 4498.6 -8.0 214 0 7.4 26.5 2.5 2.5 2 1 1 0 0
764.5 4118.4 -8.2 211 0 9.2 7.1 5.0 2.5 2 0 2 4 4
-2859.0 6054.5 -7.1 190 0 9.5 8.2 5.0 2.5 2 0 2 3 3
-2846.3 6274.9 -6.7 10 0 5.3 15.1 7.5 2.5 2 0 3 2 2
478.7 3171.4 -11.3 275 0 7.2 16.3 7.5 2.5 2 1 3 1 1
884.1 7711.8 -15.3 5 0 7.2 25.5 7.5 2.5 2 1 3 2 2
-2764.1 4522.2 -8.3 215 0 3.8 8.1 7.5 2.5 4 0 3 1 1
-4332.4 6005.6 -1.8 15 0 8.5 10.0 7.5 0.0 0 0 3 3 3
-4388.3 5957.6 0.3 117 0 7.5 10.4 7.5 2.5 2 1 3 5 5
870.0 3205.6 -14.8 5 0 11.7 8.7 7.5 2.5 2 0 3 3 3
-263.9 4331.1 -10.6 193 0 13.5 16.3 7.5 2.5 4 0 3 1 1
-2701.9 6018.4 -6.9 95 0 11.1 9.6 2.5 0.0 0 0 1 4 4
-2804.5 6186.8 -6.6 277 0 19.0 5.3 7.5 2.5 2 0 3 2 2
-2544.7 4658.0 -10.2 306 0 26.8 9.6 7.5 2.5 2 0 3 1 1
-2587.8 4561.9 -10.0 127 0 8.0 21.4 5.0 2.5 4 0 2 5 5
-3145.5 4493.4 -3.4 311 0 15.0 118.3 7.5 0.0 0 1 3 5 5
499.8 4002.6 -5.1 113 0 17.1 126.0 10.0 0.0 0 0 4 5 5
-2523.4 4386.3 -9.6 123 0 8.9 13.1 5.0 0.0 0 1 2 0 0
-31.4 6155.8 -13.7 160 0 4.5 10.1 7.5 2.5 2 0 3 4 4
-4324.0 3137.9 -7.8 336 0 4.9 15.2 7.5 0.0 0 1 3 2 2
-2756.7 4688.4 -8.4 35 0 13.0 10.0 7.5 2.5 4 0 3 2 2
827.0 2901.2 -14.7 297 0 10.4 7.5 5.0 2.5 2 0 2 4 4
668.7 7098.3 -13.4 318 0 6.9 23.6 2.5 2.5 2 1 1 5 5
887.1 4184.5 -12.7 122 0 6.8 5.4 2.5 0.0 0 0 1 0 0
595.6 4098.6 -4.8 23 0 7.8 13.0 5.0 2.5 2 0 2 2 2
-2117.2 6637.4 -11.5 96 0 10.5 4.5 2.5 2.5 2 0 1 5 5
-2820.7 4320.4 -6.4 216 0 9.5 7.8 5.0 2.5 2 0 2 4 4
-2699.1 4493.9 -8.7 213 0 13.5 10.1 7.5 0.0 0 0 3 3 3
-2791.4 5944.5 -8.0 102 0 5.7 17.0 7.5 2.5 2 0 3 5 5
834.9 3003.7 -14.7 185 0 13.0 9.5 7.5 0.0 0 0 3 1 1
-2842.1 6307.5 -6.5 9 0 10.1 9.1 5.0 2.5 2 0 2 3 3
642.6 7109.2 -14.1 315 0 15.2 6.2 7.5 2.5 2 0 3 2 2
-2706.6 4258.5 -6.1 216 0 14.2 32.4 7.5 2.5 4 1 3 5 5
899.2 4250.3 -13.1 248 0 7.0 9.3 7.5 0.0 0 1 3 3 3
-231.0 4254.5 -10.9 197 0 5.5 16.4 7.5 2.5 2 1 3 0 0
91.2 6200.5 -15.3 342 0 26.7 12.8 7.5 2.5 2 0 3 2 2
-4254.2 4087.8 -6.4 64 0 12.5 8.4 7.5 2.5 2 0 3 1 1
-638.8 6214.0 -16.1 135 0 12.0 5.9 7.5 2.5 2 0 3 5 5
-2607.0 4221.7 -6.2 328 0 6.4 10.8 2.5 2.5 2 1 1 1 1
365.7 3142.3 -9.1 3 0 11.1 9.6 7.5 2.5 2 0 3 5 5
810.2 3031.1 -15.3 6 0 6.2 13.1 7.5 2.5 2 0 3 1 1
-4447.4 2841.6 -6.4 243 0 5.4 9.9 2.5 2.5 2 1 1 5 5
365.8 4059.3 -5.8 113 0 15.3 125.1 12.5 0.0 0 1 5 5 5
-2903.1 6317.9 -6.5 95 0 8.6 10.6 2.5 2.5 2 1 1 0 0
-4407.5 2956.1 -6.9 336 0 5.0 17.2 7.5 0.0 0 1 3 1 1
-2449.7 7294.5 -12.9 12 0 8.0 16.1 2.5 2.5 2 1 1 3 3
-202.0 4677.4 -10.9 11 0 10.0 8.1 5.0 2.5 2 0 2 5 5
-2739.4 4404.1 -7.7 213 0 8.0 12.1 2.5 2.5 2 1 1 3 3
536.6 2995.7 -13.3 293 0 5.8 15.5 7.5 2.5 2 0 3 2 2
-2825.1 4386.1 -7.0 132 0 7.2 21.5 7.5 2.5 2 1 3 5 5
553.6 3979.8 -4.8 113 0 17.1 126.1 7.5 0.0 0 0 3 1 1
-2693.2 4047.1 -5.9 45 0 9.1 5.5 5.0 2.5 2 0 2 0 0
-64.5 6167.9 -13.7 162 0 20.0 12.3 2.5 2.5 2 0 1 4 4
-2824.5 5989.3 -7.8 282 0 4.6 11.7 7.5 2.5 2 0 3 3 3
-196.1 4903.8 -10.6 195 0 9.5 8.3 7.5 2.5 2 0 3 2 2
-2914.3 6263.3 -6.8 190 0 9.1 8.3 2.5 0.0 0 0 1 3 3
-2096.5 6661.7 -11.8 277 0 9.2 26.5 5.0 2.5 2 0 2 5 5
-4462.4 3053.6 -7.3 243 0 14.0 6.1 2.5 2.5 2 0 1 3 3
555.9 2593.7 -14.0 84 0 8.7 6.8 5.0 2.5 2 0 2 2 2
-2828.7 6248.1 -6.9 187 0 11.0 9.0 2.5 2.5 2 0 1 3 3
-2875.7 5974.7 -8.0 9 0 10.0 25.0 7.5 2.5 2 1 3 3 3
770.5 4114.8 -8.4 211 0 9.2 3.9 7.5 2.5 2 0 3 0 0
-3734.0 8325.8 -9.0 13 0 10.0 4.8 2.5 2.5 2 0 1 4 4
-651.1 6335.4 -15.1 218 0 4.0 11.3 7.5 2.5 2 0 3 5 5
-128.2 4840.2 -9.8 4 0 8.5 11.3 5.0 2.5 2 1 2 2 2
-161.1 4457.1 -11.1 100 0 10.2 12.6 5.0 2.5 2 1 2 2 2
-3552.2 2620.6 -4.0 247 0 14.9 126.2 15.0 0.0 0 1 6 5 5
-4405.8 2417.1 -7.7 330 0 11.1 9.7 5.0 2.5 4 0 2 1 1
-2729.1 6057.8 -6.8 278 0 21.3 9.0 5.0 2.5 2 0 2 5 5
-2761.5 4465.1 -7.9 37 0 14.0 9.3 5.0 2.5 2 0 2 4 4
-4438.3 6436.7 -1.1 191 0 11.1 19.6 5.0 2.5 2 0 2 3 3
-554.9 6283.1 -15.3 43 0 34.0 10.8 7.5 2.5 2 0 3 0 0
-2864.7 6196.8 -6.8 106 0 8.5 6.8 7.5 2.5 2 0 3 1 1
-2799.4 4504.1 -7.9 306 0 9.1 20.0 5.0 2.5 2 1 2 2 2
-2717.0 4050.5 -5.8 130 0 8.8 7.6 7.5 2.5 2 0 3 4 4
-2727.6 4583.1 -9.1 308 0 20.0 6.5 5.0 2.5 2 0 2 0 0
-2868.6 6136.1 -6.7 8 0 28.1 9.0 7.5 0.0 0 0 3 5 5
845.7 2970.9 -14.4 186 0 9.0 6.0 2.5 2.5 2 0 1 2 2
-219.8 4341.0 -9.7 280 0 27.0 8.2 5.0 0.0 0 0 2 3 3
-236.2 4142.9 -11.0 193 0 5.6 6.9 5.0 2.5 2 1 2 5 5
-4443.6 2462.9 -7.0 328 0 5.1 4.0 7.5 2.5 2 0 3 1 1
-2803.0 5973.7 -7.9 283 0 5.4 16.1 7.5 2.5 2 1 3 4 4
-170.5 4845.4 -10.3 188 0 8.2 9.8 7.5 2.5 2 1 3 1 1
-2723.1 4351.9 -7.4 129 0 11.5 8.1 5.0 2.5 2 0 2 3 3
749.8 7081.5 -12.9 323 0 11.3 8.1 2.5 2.5 2 0 1 5 5
-4294.5 4117.4 -6.2 155 0 9.7 7.5 7.5 2.5 2 0 3 3 3
-184.5 5003.2 -11.0 11 0 6.1 16.2 7.5 2.5 2 1 3 2 2
-2584.2 4654.0 -9.9 216 0 12.4 9.2 5.0 2.5 2 0 2 1 1
-2552.9 4266.4 -7.1 218 0 5.5 19.2 5.0 2.5 2 0 2 1 1
-2602.3 4733.1 -9.8 306 0 17.9 6.9 5.0 2.5 2 0 2 1 1
-679.8 6270.0 -16.2 36 0 4.9 12.4 2.5 2.5 4 1 1 5 5
-181.3 4921.5 -10.4 195 0 7.1 19.8 2.5 2.5 2 1 1 1 1
-2240.3 6444.4 -9.7 276 0 11.0 5.8 5.0 2.5 2 0 2 5 5
-2917.8 6108.1 -7.0 187 0 6.7 7.3 7.5 2.5 2 0 3 5 5
335.7 3140.5 -8.8 172 0 5.1 14.2 5.0 2.5 2 1 2 0 0
-3797.4 8282.2 -7.2 195 0 16.1 5.9 5.0 2.5 2 0 2 2 2
446.0 4025.5 -5.6 113 0 15.1 124.7 17.5 0.0 0 1 7 5 5
873.7 7746.2 -15.4 355 0 5.8 18.5 7.5 2.5 2 0 3 4 4
-3763.5 8389.3 -9.4 285 0 5.6 19.6 5.0 2.5 2 1 2 0 0
-2409.1 6837.0 -9.4 274 0 9.0 18.1 7.5 2.5 2 1 3 5 5
-2861.2 5978.4 -8.0 190 0 17.8 4.8 5.0 2.5 2 0 2 1 1
-648.0 6223.2 -16.3 136 0 16.9 5.9 7.5 2.5 2 0 3 3 3
-3706.1 8315.4 -9.5 281 0 20.5 9.1 5.0 2.5 2 0 2 3 3
-2740.3 4549.6 -8.8 217 0 5.0 14.5 5.0 0.0 0 0 2 5 5
844.3 3017.0 -14.8 190 0 4.9 8.9 7.5 2.5 2 1 3 1 1
-2106.1 6779.5 -11.7 96 0 24.3 5.3 5.0 2.5 2 0 2 0 0
788.1 3009.5 -15.1 183 0 18.0 9.0 7.5 2.5 4 0 3 0 0
-2662.3 4552.7 -9.5 215 0 12.9 9.1 7.5 0.0 0 0 3 2 2
-4256.4 4122.4 -6.2 336 0 9.0 5.0 7.5 2.5 2 0 3 3 3
-499.8 6330.7 -15.1 40 0 28.1 11.1 10.0 2.5 2 0 4 1 1
-3689.6 8183.8 -7.2 281 0 5.0 10.6 7.5 2.5 2 0 3 0 0
-2832.7 5971.9 -8.0 192 0 13.9 7.0 7.5 2.5 4 0 3 0 0
-2457.4 4752.6 -10.7 307 0 8.5 19.1 5.0 2.5 2 0 2 4 4
-2620.1 4608.0 -9.8 217 0 13.0 10.0 2.5 2.5 2 0 1 5 5
-2589.7 4339.6 -8.1 216 0 10.2 24.3 7.5 2.5 2 1 3 2 2
816.5 3033.7 -15.3 6 0 12.7 6.1 5.0 2.5 4 0 2 4 4
-2690.4 4085.7 -5.8 219 0 9.5 11.9 5.0 0.0 0 1 2 3 3
-3686.6 5472.0 -7.2 198 0 5.5 17.0 7.5 2.5 4 1 3 1 1
-650.1 6250.4 -16.2 221 0 10.3 8.0 5.0 2.5 2 0 2 5 5
-3597.6 8218.2 -9.8 10 0 10.0 9.0 7.5 2.5 2 0 3 5 5
-2633.7 4308.1 -7.1 304 0 8.5 12.0 5.0 2.5 2 1 2 3 3
-4344.9 2405.4 -6.7 65 0 6.6 7.4 2.5 2.5 2 0 1 1 1
-2932.3 6465.3 -6.0 47 0 6.1 7.1 7.5 2.5 2 1 3 0 0
-2872.0 6442.6 -6.9 324 0 10.0 9.1 2.5 2.5 2 0 1 0 0
-3698.9 8204.1 -7.4 293 0 11.1 9.6 5.0 2.5 2 0 2 1 1
-2711.2 4570.7 -9.2 307 0 21.3 8.0 7.5 0.0 0 0 3 3 3
-4430.3 2959.5 -6.9 159 0 10.8 8.8 7.5 2.5 4 0 3 3 3
-3766.9 8341.1 -8.7 113 0 10.4 6.5 2.5 2.5 2 0 1 2 2
-2776.2 4719.2 -7.9 307 0 30.1 7.6 5.0 2.5 2 0 2 5 5
383.1 3209.4 -8.5 91 0 4.2 16.2 7.5 2.5 2 1 3 4 4
-2513.0 4261.4 -7.3 306 0 17.5 12.2 7.5 2.5 2 0 3 1 1
796.1 4098.9 -10.0 29 0 14.0 8.0 7.5 2.5 4 0 3 5 5
-2650.4 6057.2 -6.8 9 0 9.1 8.2 7.5 2.5 2 0 3 5 5
-4441.6 5718.4 4.2 203 0 20.5 9.6 7.5 2.5 2 0 3 3 3
-3126.0 6127.9 -7.1 10 0 7.0 9.0 7.5 2.5 2 1 3 5 5
-2556.8 4604.5 -10.0 38 0 3.1 10.2 5.0 2.5 2 0 2 5 5
-2769.9 5952.3 -7.7 101 0 5.3 8.1 5.0 2.5 2 1 2 5 5
548.6 2774.1 -13.5 180 0 4.3 18.4 2.5 2.5 2 1 1 0 0
715.1 7057.3 -12.3 161 0 5.4 11.3 2.5 2.5 2 1 1 3 3
-2763.4 4379.9 -7.4 130 0 11.7 20.1 5.0 0.0 0 1 2 5 5
874.8 4256.1 -12.8 313 0 6.1 19.2 5.0 2.5 2 1 2 3 3
-3223.7 4543.0 -2.8 312 0 8.5 14.5 5.0 2.5 2 1 2 2 2
-3741.0 8389.5 -9.8 285 0 8.5 40.7 7.5 2.5 2 1 3 5 5
832.7 2960.6 -14.6 186 0 11.9 8.0 5.0 2.5 2 0 2 5 5
-2844.6 4284.8 -5.9 217 0 9.0 9.1 2.5 2.5 2 1 1 3 3
438.4 3203.2 -9.8 91 0 8.3 10.5 7.5 2.5 2 1 3 2 2
-549.4 6347.9 -15.0 220 0 7.4 17.0 7.5 2.5 2 0 3 0 0
554.5 2964.8 -13.3 95 0 11.1 8.2 7.5 2.5 2 0 3 0 0
-178.9 4075.5 -9.1 5 0 21.2 7.1 7.5 2.5 2 0 3 0 0
-4350.7 6010.3 -1.6 195 0 8.5 8.8 2.5 0.0 0 0 1 0 0
-30.6 6158.4 -13.7 70 0 3.3 14.7 7.5 2.5 2 0 3 0 0
-2761.0 6260.4 -6.7 95 0 9.3 21.1 5.0 2.5 2 1 2 3 3
576.0 2599.2 -14.1 354 0 6.8 16.2 5.0 2.5 4 0 2 5 5
-2417.1 7209.9 -12.1 187 0 9.1 10.6 5.0 2.5 2 1 2 5 5
503.0 3167.5 -11.8 270 0 6.2 7.7 7.5 2.5 2 0 3 4 4
-4382.7 2448.0 -7.0 241 0 8.1 9.6 5.0 2.5 4 1 2 1 1
463.9 3160.2 -11.0 274 0 10.0 5.1 7.5 2.5 2 0 3 0 0
882.0 7732.6 -15.1 357 0 22.1 10.2 5.0 2.5 2 0 2 4 4
-2934.7 6110.3 -7.0 187 0 6.8 17.0 5.0 2.5 2 0 2 4 4
-205.7 4654.3 -11.2 15 0 7.0 20.0 5.0 0.0 0 1 2 4 4
-2724.4 4056.7 -5.7 130 0 10.6 21.0 7.5 2.5 2 0 3 3 3
-2671.8 4481.3 -8.8 213 0 5.1 9.6 7.5 2.5 2 0 3 2 2
766.6 4102.0 -8.6 123 0 9.7 5.3 7.5 2.5 2 0 3 5 5
-2716.9 4464.9 -8.4 214 0 7.1 26.5 2.5 2.5 2 1 1 5 5
369.5 3180.8 -8.7 343 0 5.4 19.6 7.5 2.5 2 1 3 0 0
92.1 6179.7 -14.9 343 0 13.4 7.3 2.5 2.5 2 0 1 4 4
875.5 7769.2 -15.5 354 0 6.5 23.6 2.5 2.5 2 1 1 1 1
-3588.6 2605.1 -3.6 247 0 14.8 126.3 10.0 0.0 0 1 4 3 3
-2858.9 5990.8 -7.8 190 0 7.6 4.8 7.5 0.0 0 0 3 3 3
-3015.3 6548.0 -4.3 190 0 8.2 8.2 7.5 2.5 2 0 3 5 5
541.1 2626.9 -13.6 272 0 8.7 10.8 5.0 2.5 2 1 2 5 5
-2826.3 5952.1 -8.0 102 0 3.7 20.7 5.0 0.0 0 0 2 3 3
537.2 4127.6 -5.3 293 0 12.8 7.7 7.5 2.5 2 0 3 2 2
-4375.4 2535.2 -5.6 64 0 14.0 5.1 5.0 2.5 2 0 2 4 4
601.2 7149.3 -15.2 234 0 26.0 11.2 10.0 2.5 2 0 4 1 1
-3233.7 5270.2 -8.3 20 0 7.1 15.7 5.0 2.5 2 0 2 0 0
-251.1 4313.7 -10.2 193 0 20.1 11.5 7.5 0.0 0 0 3 2 2
-203.8 4090.5 -9.7 189 0 21.5 4.9 5.0 2.5 2 0 2 0 0
-2910.6 6107.8 -6.9 185 0 5.0 7.4 5.0 2.5 4 0 2 5 5
-152.5 4854.7 -10.0 97 0 5.0 9.1 5.0 2.5 2 1 2 4 4
344.6 2592.4 -11.4 9 0 9.4 8.2 2.5 2.5 2 0 1 1 1
-2501.6 4283.6 -7.9 38 0 9.1 26.0 2.5 2.5 2 0 1 3 3
-2881.7 6020.3 -7.6 280 0 12.0 8.5 2.5 2.5 2 0 1 5 5
-2800.0 4731.8 -7.8 297 0 8.9 20.0 7.5 2.5 2 0 3 0 0
-2560.4 4576.5 -9.9 36 0 13.0 27.5 7.5 2.5 2 0 3 3 3
274.0 2948.1 -12.0 3 0 9.4 6.4 7.5 2.5 2 0 3 4 4
-599.1 6265.1 -15.5 43 0 6.6 6.5 7.5 2.5 2 0 3 4 4
-180.7 4891.5 -10.4 193 0 6.5 28.0 7.5 2.5 2 0 3 4 4
-2678.6 5955.7 -7.6 273 0 20.8 8.1 5.0 2.5 4 0 2 3 3
-66.3 4358.6 -10.5 92 0 15.0 11.5 2.5 2.5 2 0 1 0 0
-3880.0 8373.0 -7.1 199 0 9.5 26.5 7.5 0.0 0 0 3 4 4
543.4 2785.6 -13.3 93 0 6.9 17.2 5.0 2.5 2 1 2 4 4
-4449.4 2489.1 -6.5 327 0 8.1 5.0 7.5 0.0 0 0 3 4 4
507.6 4172.2 -5.3 293 0 14.3 8.2 5.0 2.5 2 0 2 5 5
-2385.6 7210.0 -12.3 278 0 11.0 9.0 5.0 2.5 2 0 2 5 5
-3189.7 4532.9 -3.2 312 0 15.0 118.2 7.5 0.0 0 1 3 0 0
-3625.3 2589.4 -3.3 247 0 14.9 126.2 15.0 0.0 0 1 6 1 1
-2458.6 4370.5 -9.6 305 0 22.4 12.2 10.0 2.5 2 0 4 5 5
-2763.8 6028.4 -7.1 97 0 12.7 24.1 12.5 2.5 4 1 5 0 0
-2979.6 6033.1 -7.7 278 0 10.7 10.3 5.0 2.5 2 0 2 1 1
-3644.2 8232.9 -9.6 97 0 5.5 24.0 5.0 2.5 2 0 2 4 4
-2695.3 4553.8 -9.2 37 0 8.0 12.2 2.5 2.5 2 0 1 5 5
-2940.8 5975.4 -8.1 184 0 6.6 6.2 5.0 2.5 2 0 2 1 1
-3034.0 6070.6 -7.6 98 0 9.5 7.7 2.5 0.0 0 0 1 0 0
-4413.0 5961.5 1.2 29 0 6.7 9.7 2.5 2.5 2 1 1 4 4
707.5 7086.3 -13.0 150 0 9.1 11.1 7.5 0.0 0 1 3 3 3
-2799.5 6028.4 -7.2 100 0 9.7 5.3 5.0 0.0 0 0 2 2 2
400.3 3221.1 -8.7 89 0 6.8 3.8 2.5 2.5 2 0 1 0 0
-2536.3 4308.1 -7.9 216 0 4.7 16.4 7.5 2.5 4 0 3 0 0
-2964.7 6015.6 -7.9 276 0 4.3 14.2 2.5 2.5 2 0 1 1 1
-29.1 4389.5 -10.2 1 0 6.1 8.0 5.0 2.5 2 0 2 4 4
-295.7 6542.0 -14.5 52 0 8.3 19.1 5.0 2.5 2 1 2 1 1
-3611.7 8295.4 -11.2 282 0 40.2 22.1 12.5 0.0 0 0 5 5 5
-2594.6 4134.8 -6.1 129 0 11.5 11.3 5.0 2.5 2 0 2 1 1
-2633.3 4659.8 -9.5 218 0 12.3 7.6 5.0 2.5 4 0 2 0 0
-3790.3 8303.3 -7.7 197 0 9.7 13.3 2.5 2.5 2 1 1 4 4
-4462.9 3188.4 -7.8 339 0 10.1 8.5 2.5 2.5 2 0 1 2 2
-2875.0 6092.2 -7.0 8 0 27.0 10.5 7.5 2.5 2 0 3 0 0
-238.6 4332.3 -9.9 283 0 16.0 8.2 7.5 2.5 2 0 3 0 0
-3715.6 8176.4 -6.9 103 0 4.9 18.5 5.0 2.5 2 0 2 0 0
5.3 6129.1 -13.7 70 0 7.1 21.4 7.5 0.0 0 1 3 4 4
-4446.4 2866.5 -6.7 241 0 11.3 6.3 2.5 2.5 2 0 1 2 2
-2537.7 4235.5 -7.0 124 0 7.1 16.2 2.5 2.5 2 0 1 2 2
-2762.0 4599.4 -8.9 306 0 9.0 13.3 5.0 0.0 0 0 2 4 4
586.5 2787.6 -13.8 269 0 9.9 11.1 7.5 0.0 0 1 3 1 1
-4364.3 7387.0 7.8 291 0 17.0 129.1 10.0 0.0 0 1 4 3 3
-2998.7 5992.6 -8.1 188 0 7.1 4.8 7.5 2.5 2 0 3 5 5
-4458.8 2988.4 -7.0 149 0 11.4 5.1 2.5 2.5 2 0 1 0 0
-2998.7 6098.4 -7.3 195 0 6.4 11.5 7.5 2.5 2 0 3 1 1
-2781.9 4372.3 -7.1 306 0 18.5 9.9 7.5 2.5 4 0 3 2 2
790.3 3053.5 -15.8 190 0 6.6 7.0 5.0 2.5 2 0 2 0 0
-2785.4 6259.7 -6.7 97 0 17.0 5.5 5.0 2.5 2 0 2 4 4
-2649.4 4330.8 -7.4 303 0 19.3 6.7 5.0 2.5 2 0 2 2 2
-541.4 6350.8 -15.0 220 0 5.1 30.9 5.0 2.5 2 1 2 5 5
-331.8 6544.5 -14.6 125 0 5.0 19.1 5.0 2.5 2 1 2 4 4
-2584.7 4626.7 -10.1 216 0 6.4 11.4 5.0 2.5 2 0 2 3 3
-4432.7 5681.4 3.5 118 0 14.5 9.5 7.5 2.5 4 0 3 1 1
-3724.2 8168.1 -6.5 102 0 18.0 10.0 5.0 2.5 2 0 2 4 4
-3636.7 8232.0 -9.7 96 0 9.5 23.9 5.0 2.5 2 0 2 3 3
-4287.1 4098.0 -6.4 153 0 23.6 6.9 7.5 2.5 2 0 3 5 5
-194.8 4307.6 -10.0 4 0 13.1 10.1 2.5 0.0 0 0 1 2 2
-4435.5 2414.3 -7.8 152 0 14.3 9.6 7.5 2.5 2 0 3 4 4
814.1 2991.2 -14.9 3 0 6.4 18.0 5.0 2.5 2 1 2 2 2
-4439.5 2929.4 -6.9 159 0 20.5 10.5 7.5 0.0 0 0 3 4 4
-2866.7 6326.9 -6.5 276 0 9.0 6.0 5.0 0.0 0 0 2 4 4
909.6 4237.0 -13.2 322 0 6.5 15.9 7.5 2.5 2 1 3 4 4
-3644.8 8204.5 -8.7 187 0 6.0 13.2 5.0 2.5 2 1 2 1 1
-2605.5 5962.7 -7.7 277 0 11.0 25.0 7.5 2.5 2 1 3 5 5
-21.7 6207.1 -14.4 267 0 25.1 6.7 5.0 2.5 2 0 2 0 0
-2624.6 5921.0 -7.7 97 0 23.5 9.5 7.5 2.5 2 0 3 5 5
-4396.3 2400.5 -7.6 53 0 5.0 8.0 2.5 2.5 2 1 1 0 0
392.5 4047.9 -5.5 113 0 15.4 125.1 7.5 0.0 0 1 3 1 1
-2823.0 5916.5 -8.4 97 0 9.8 5.0 5.0 2.5 2 0 2 0 0
-584.8 6320.7 -15.0 220 0 10.6 11.9 5.0 2.5 2 1 2 1 1
-2478.0 4746.5 -10.7 216 0 4.1 8.7 5.0 2.5 2 0 2 1 1
-2637.6 5964.5 -7.5 276 0 6.7 10.9 7.5 2.5 2 0 3 2 2
-3708.7 8271.0 -8.8 103 0 6.1 14.5 5.0 2.5 2 0 2 1 1
-2860.1 6283.1 -6.7 8 0 5.0 7.5 7.5 2.5 2 0 3 1 1
-459.1 6437.6 -15.1 229 0 10.1 9.1 5.0 2.5 2 0 2 4 4
-2531.7 4340.4 -8.6 214 0 11.9 8.9 7.5 2.5 2 0 3 4 4
-4337.1 2409.0 -6.6 65 0 10.5 7.4 5.0 2.5 2 0 2 1 1
823.9 3102.6 -16.6 4 0 4.7 8.7 2.5 2.5 2 1 1 4 4
-3647.8 5474.2 -7.6 293 0 3.2 12.2 5.0 2.5 2 0 2 2 2
-684.9 6245.0 -16.6 39 0 5.5 16.9 7.5 2.5 2 1 3 2 2
473.5 4013.8 -5.4 113 0 17.0 126.0 12.5 0.0 0 0 5 1 1
-2461.8 4776.4 -10.6 305 0 25.0 7.5 7.5 2.5 2 0 3 5 5
-2080.7 6958.7 -12.4 273 0 17.2 6.9 2.5 2.5 2 0 1 4 4
-166.9 4479.1 -11.3 14 0 4.7 16.9 7.5 2.5 2 1 3 3 3
-4407.6 5728.5 2.7 293 0 10.3 7.6 2.5 2.5 2 0 1 0 0
-2471.9 7327.8 -13.0 277 0 11.1 25.8 7.5 0.0 0 1 3 4 4
-2472.2 4380.0 -9.6 305 0 11.0 28.9 10.0 2.5 2 0 4 2 2
-2845.3 6280.2 -6.7 10 0 5.1 15.1 7.5 2.5 2 0 3 2 2
-2585.0 4252.0 -6.7 217 0 6.6 9.9 5.0 2.5 2 1 2 3 3
-185.7 4215.3 -11.0 102 0 14.9 9.4 2.5 0.0 0 0 1 5 5
-3334.3 4326.3 -3.6 132 0 15.1 118.1 10.0 0.0 0 1 4 1 1
-43.0 4388.5 -10.4 1 0 7.0 15.1 2.5 2.5 2 1 1 3 3
-2879.8 6152.1 -6.6 9 0 5.6 12.9 7.5 2.5 2 0 3 3 3
-2768.2 4524.4 -8.3 305 0 9.2 24.5 7.5 0.0 0 0 3 0 0
788.1 3041.1 -15.7 190 0 18.6 7.0 5.0 2.5 4 0 2 2 2
-2782.4 6300.3 -6.6 278 0 28.1 10.3 7.5 2.5 4 0 3 5 5
-2848.7 4447.3 -5.7 305 0 9.9 7.2 2.5 2.5 4 0 1 3 3
-2974.4 6155.2 -7.0 198 0 10.0 14.0 5.0 2.5 2 0 2 5 5
-4349.1 2866.9 -6.2 339 0 6.6 9.3 7.5 0.0 0 1 3 1 1
-2956.9 5968.1 -8.2 183 0 9.2 19.9 7.5 2.5 2 0 3 4 4
-3230.5 5241.3 -8.4 111 0 7.9 10.9 7.5 2.5 4 1 3 1 1
848.4 3119.3 -16.1 194 0 8.1 15.6 5.0 2.5 2 0 2 0 0
-4434.7 5904.0 2.9 212 0 6.1 10.2 5.0 2.5 2 1 2 5 5
-546.3 6421.7 -15.1 41 0 4.9 21.0 5.0 2.5 2 1 2 5 5
-226.3 4697.3 -11.2 285 0 15.6 5.1 5.0 2.5 2 0 2 2 2
-2948.1 6029.8 -7.7 275 0 13.7 10.6 5.0 2.5 2 0 2 5 5
338.6 3168.6 -8.5 260 0 7.8 18.4 5.0 0.0 0 0 2 5 5
-617.6 6359.4 -15.1 39 0 6.0 9.2 7.5 2.5 2 0 3 5 5
-553.7 6419.6 -15.1 38 0 5.4 13.7 7.5 2.5 2 1 3 1 1
815.3 3079.4 -16.2 4 0 5.7 3.3 2.5 2.5 2 0 1 5 5
-480.1 6354.0 -15.3 40 0 32.9 11.1 10.0 2.5 2 0 4 2 2
-3690.0 8270.0 -9.2 99 0 5.5 15.0 5.0 2.5 2 1 2 4 4
-2896.0 6158.0 -6.7 279 0 8.0 6.1 5.0 2.5 2 0 2 5 5
822.0 3123.8 -16.5 3 0 6.3 11.0 7.5 2.5 2 1 3 5 5
-2869.2 6239.9 -6.9 10 0 6.4 16.6 2.5 2.5 2 1 1 4 4
-2491.7 4139.4 -7.2 125 0 5.2 9.8 5.0 2.5 2 1 2 4 4
-4426.7 5991.4 0.2 298 0 6.8 12.6 5.0 2.5 4 1 2 1 1
-2492.1 5993.5 -9.3 95 0 8.3 11.5 2.5 2.5 2 1 1 3 3
-484.7 6414.6 -15.3 227 0 13.6 10.1 5.0 2.5 2 0 2 1 1
-2865.3 5954.6 -8.2 191 0 9.6 3.9 7.5 2.5 2 0 3 2 2
-2442.5 7343.1 -13.3 277 0 12.2 9.5 5.0 2.5 2 0 2 3 3
800.5 2890.1 -15.0 85 0 6.0 6.4 5.0 2.5 2 1 2 3 3
-2605.4 4669.1 -9.6 38 0 13.1 9.0 5.0 2.5 2 0 2 0 0
-3694.3 5498.5 -7.4 202 0 9.5 9.5 5.0 2.5 2 1 2 4 4
-3711.9 8265.1 -8.7 113 0 12.8 8.1 2.5 2.5 4 0 1 1 1
-2708.2 4315.5 -6.8 321 0 12.6 27.6 12.5 2.5 2 1 5 0 0
-588.3 6431.0 -15.2 219 0 29.1 11.9 10.0 2.5 2 0 4 2 2
-2513.3 4154.9 -7.0 128 0 12.8 5.4 5.0 2.5 2 0 2 0 0
-2817.9 5989.2 -7.8 281 0 5.1 17.4 7.5 2.5 2 0 3 4 4
-2769.3 4572.9 -8.9 126 0 33.0 12.5 10.0 2.5 2 0 4 0 0
-2134.9 6637.4 -11.3 96 0 10.7 6.3 7.5 2.5 2 0 3 5 5
-2567.5 5979.2 -7.9 279 0 15.0 11.6 5.0 2.5 2 0 2 4 4
-2585.6 5951.8 -7.6 6 0 6.8 13.2 5.0 2.5 2 1 2 3 3
-4377.4 7163.3 7.6 21 0 128.7 16.8 7.5 0.0 0 0 3 0 0
-2741.4 4363.8 -7.6 129 0 5.9 19.4 2.5 2.5 2 1 1 2 2
-4354.4 6054.6 -2.3 195 0 9.0 28.0 7.5 2.5 2 0 3 5 5
-2223.3 6427.9 -9.9 6 0 10.1 8.0 5.0 2.5 2 0 2 0 0
-635.6 6324.4 -15.1 37 0 5.3 7.7 5.0 2.5 4 0 2 2 2
76.8 6175.9 -14.9 160 0 11.3 4.3 7.5 2.5 2 0 3 2 2
813.8 2918.7 -15.0 359 0 5.2 14.4 2.5 2.5 2 0 1 2 2
-540.1 6376.7 -15.2 221 0 12.1 10.1 10.0 2.5 2 0 4 1 1
-2847.8 5951.3 -8.1 190 0 9.4 19.0 7.5 2.5 2 0 3 1 1
-2789.2 6233.6 -6.8 277 0 16.5 5.4 5.0 2.5 2 0 2 2 2
-172.6 4438.6 -11.3 283 0 31.8 12.6 10.0 2.5 2 0 4 0 0
-9.4 6165.0 -13.7 334 0 5.5 9.2 5.0 2.5 2 1 2 0 0
-2901.8 6299.0 -6.6 185 0 7.0 18.0 5.0 2.5 2 1 2 3 3
-3714.9 8347.1 -9.9 13 0 24.1 12.8 10.0 2.5 2 0 4 1 1
-2803.6 6158.9 -6.5 7 0 13.0 6.0 2.5 0.0 0 0 1 3 3
-3697.3 5476.5 -7.0 112 0 5.1 7.9 2.5 2.5 2 1 1 0 0
-2899.9 6405.6 -7.0 149 0 16.9 8.3 7.5 2.5 2 0 3 0 0
-131.8 4878.8 -9.8 9 0 7.1 7.0 7.5 2.5 4 0 3 1 1
-2537.7 4254.7 -7.0 219 0 5.5 7.3 5.0 0.0 0 0 2 4 4
-4356.8 6042.3 -1.8 196 0 15.8 4.6 5.0 0.0 0 0 2 5 5
7.3 6166.0 -13.8 333 0 5.9 9.0 2.5 2.5 2 1 1 2 2
12.0 6185.3 -14.3 345 0 13.0 9.6 5.0 2.5 4 0 2 4 4
-4403.0 2854.0 -6.5 74 0 5.1 5.4 5.0 2.5 2 0 2 3 3
-203.0 4468.2 -11.5 104 0 11.1 28.1 7.5 2.5 4 0 3 0 0
-2575.9 4619.7 -10.1 218 0 5.9 14.2 5.0 2.5 2 0 2 4 4
-4355.4 2436.0 -7.1 334 0 4.9 13.2 7.5 2.5 2 1 3 2 2
-2850.0 5977.0 -7.9 191 0 17.7 6.5 7.5 0.0 0 0 3 5 5
-2868.9 6362.8 -6.7 176 0 21.5 7.0 7.5 2.5 2 0 3 4 4
-2923.2 6067.5 -7.2 98 0 9.4 12.0 2.5 0.0 0 1 1 2 2
-2770.6 5997.3 -7.5 279 0 12.0 9.0 5.0 2.5 2 0 2 4 4
-249.6 4675.3 -11.3 193 0 4.6 17.5 2.5 2.5 2 0 1 2 2
858.4 3034.1 -14.9 189 0 7.1 18.2 5.0 2.5 2 1 2 4 4
-205.1 4065.1 -9.3 98 0 7.9 12.4 7.5 2.5 2 1 3 0 0
-488.2 6441.4 -15.0 44 0 11.0 9.0 7.5 2.5 2 0 3 0 0
562.2 2985.8 -13.4 4 0 7.7 5.4 7.5 2.5 2 0 3 1 1
-2528.8 4172.2 -6.8 125 0 11.4 10.1 7.5 2.5 2 0 3 2 2
419.3 4036.9 -5.5 113 0 15.0 124.8 10.0 0.0 0 1 4 3 3
-4390.6 2528.1 -5.6 65 0 10.9 5.1 7.5 2.5 2 0 3 1 1
-614.6 6363.0 -15.1 39 0 18.1 9.3 5.0 2.5 4 0 2 2 2
338.2 3171.6 -8.2 262 0 8.1 3.1 7.5 2.5 4 0 3 5 5
-2430.2 4115.1 -7.9 39 0 8.3 9.0 2.5 2.5 2 1 1 5 5
-3846.3 8390.6 -7.4 289 0 6.0 23.0 5.0 2.5 2 0 2 4 4
-2586.5 5985.7 -7.7 277 0 10.0 8.3 7.5 2.5 2 0 3 4 4
-4436.1 7116.9 8.1 111 0 16.6 128.7 7.5 0.0 0 1 3 4 4
-80.3 4359.1 -10.5 92 0 13.1 11.5 5.0 2.5 4 0 2 3 3
844.5 3083.7 -16.0 188 0 9.6 11.0 2.5 2.5 4 1 1 3 3
-234.9 4298.8 -10.2 192 0 10.1 22.0 5.0 2.5 2 1 2 4 4
-2609.0 4575.8 -9.9 129 0 24.1 8.0 7.5 2.5 2 0 3 1 1
-577.1 6406.7 -15.2 38 0 5.0 12.1 5.0 2.5 4 0 2 2 2
-2837.5 6164.0 -6.6 185 0 9.0 8.0 5.0 2.5 2 0 2 0 0
-3744.3 8299.5 -8.8 104 0 7.0 23.0 2.5 2.5 2 0 1 5 5
-2949.9 6150.0 -6.9 17 0 19.7 10.9 5.0 2.5 2 0 2 4 4
-2765.6 4347.2 -6.8 258 0 4.7 35.6 7.5 2.5 2 1 3 5 5
-3439.6 2454.5 -3.5 337 0 16.9 125.9 12.5 0.0 0 1 5 1 1
527.4 3990.9 -4.8 113 0 17.0 126.0 7.5 0.0 0 0 3 5 5
-3911.7 8393.3 -6.1 114 0 5.4 26.4 7.5 2.5 2 1 3 1 1
-29.1 4396.1 -10.1 1 0 7.2 8.0 2.5 2.5 2 0 1 1 1
-148.5 4082.5 -8.7 1 0 20.8 6.2 5.0 2.5 2 0 2 3 3
-2935.4 6012.1 -8.1 273 0 6.0 33.7 7.5 2.5 2 0 3 4 4
-4446.3 2639.5 -5.6 332 0 6.3 11.9 2.5 2.5 2 0 1 5 5
-2792.8 4295.3 -6.2 31 0 21.1 7.1 2.5 2.5 2 0 1 2 2
-526.9 6329.2 -14.9 44 0 3.7 12.2 5.0 0.0 0 0 2 0 0
-2487.4 4179.3 -7.2 127 0 14.7 6.4 5.0 2.5 2 0 2 5 5
-2489.0 4397.3 -9.8 302 0 33.1 7.5 7.5 2.5 2 0 3 5 5
-2911.6 6025.8 -7.6 280 0 13.0 8.5 5.0 2.5 2 0 2 2 2
539.2 3001.3 -13.3 295 0 4.9 6.2 5.0 0.0 0 0 2 5 5
-2389.7 6809.0 -9.8 94 0 12.4 4.9 7.5 2.5 2 0 3 1 1
-2796.2 4467.7 -7.7 123 0 20.9 5.7 5.0 2.5 2 0 2 5 5
-2692.0 6078.5 -6.5 276 0 20.2 9.1 5.0 2.5 4 0 2 4 4
-98.7 4365.6 -10.5 182 0 11.5 12.0 2.5 2.5 2 0 1 3 3
-568.5 6348.9 -15.0 217 0 11.7 8.1 5.0 2.5 2 0 2 5 5
-2815.3 4699.8 -7.4 210 0 10.2 25.0 10.0 2.5 2 0 4 3 3
747.8 7054.6 -12.3 47 0 12.4 5.4 5.0 2.5 2 0 2 1 1
-2735.2 4482.3 -8.3 38 0 13.2 9.2 5.0 2.5 2 0 2 3 3
-2870.6 4437.6 -4.6 215 0 10.3 5.0 5.0 0.0 0 0 2 2 2
-4408.4 2528.7 -5.7 63 0 4.8 5.3 5.0 2.5 2 0 2 3 3
-2801.5 4371.9 -6.8 308 0 6.2 11.2 7.5 0.0 0 1 3 4 4
-2418.5 7237.2 -12.4 280 0 6.0 11.8 5.0 2.5 2 1 2 2 2
-2534.6 4125.3 -6.7 38 0 15.7 5.7 5.0 0.0 0 0 2 2 2
-3718.4 8331.4 -9.4 13 0 7.9 18.8 2.5 0.0 0 0 1 3 3
839.4 3049.8 -15.4 184 0 13.0 9.4 7.5 2.5 2 0 3 4 4
-2643.9 6053.3 -7.0 9 0 25.1 7.0 2.5 2.5 2 0 1 5 5
-4427.1 5876.8 2.7 212 0 11.8 8.5 7.5 2.5 2 0 3 1 1
-2498.1 4774.2 -10.0 213 0 12.2 6.9 5.0 2.5 2 0 2 2 2
838.8 7712.8 -15.8 88 0 9.6 13.4 7.5 2.5 2 1 3 5 5
-3261.3 5280.4 -8.4 201 0 7.3 13.7 7.5 2.5 2 0 3 0 0
-55.4 4411.1 -10.3 270 0 5.0 18.1 7.5 2.5 2 1 3 2 2
-4418.5 2882.6 -6.7 248 0 13.1 10.0 10.0 0.0 0 0 4 3 3
-2710.5 6067.3 -6.7 275 0 6.6 24.4 5.0 0.0 0 1 2 2 2
-2735.4 6889.4 -4.5 100 0 15.8 7.6 7.5 2.5 2 0 3 0 0
-3793.6 8382.1 -9.0 107 0 8.0 15.9 5.0 2.5 2 1 2 5 5
-2546.7 4350.3 -8.7 36 0 11.3 8.5 5.0 2.5 2 0 2 0 0
-2269.7 6431.5 -9.4 186 0 13.7 7.4 5.0 2.5 2 0 2 0 0
-4336.4 7376.3 7.6 291 0 17.0 129.0 12.5 0.0 0 1 5 5 5
-159.9 4263.6 -9.9 13 0 8.5 10.1 7.5 2.5 2 0 3 1 1
-3727.4 8240.0 -7.5 293 0 7.9 9.0 5.0 0.0 0 1 2 0 0
-2699.2 4535.8 -9.0 35 0 13.2 10.1 10.0 2.5 2 0 4 1 1
42.5 6187.6 -14.8 148 0 20.5 7.0 7.5 2.5 2 0 3 4 4
-637.5 6292.2 -15.5 38 0 10.1 11.2 5.0 2.5 2 1 2 0 0
522.4 3163.6 -12.1 0 0 7.7 16.3 5.0 2.5 2 0 2 0 0
-3730.9 8278.2 -8.6 104 0 5.7 21.4 2.5 2.5 2 1 1 5 5
-623.4 6277.9 -15.6 221 0 11.2 9.6 7.5 2.5 2 0 3 2 2
-2724.0 4498.8 -8.5 36 0 7.0 11.0 5.0 2.5 2 1 2 4 4
-2070.1 6628.9 -12.3 6 0 7.0 34.6 7.5 2.5 2 0 3 3 3
-2376.7 6807.8 -9.9 96 0 8.3 4.9 2.5 2.5 2 0 1 0 0
-4467.6 2518.0 -6.1 332 0 10.2 8.0 7.5 0.0 0 0 3 3 3
-2126.0 6787.7 -11.6 93 0 8.4 12.8 2.5 2.5 2 1 1 5 5
95.1 6169.8 -14.7 343 0 7.4 7.1 7.5 2.5 2 0 3 4 4
-258.9 4619.6 -11.7 105 0 8.9 38.9 7.5 2.5 2 0 3 5 5
-2943.9 6097.3 -7.2 188 0 7.8 13.6 5.0 0.0 0 1 2 1 1
-2804.9 6147.8 -6.5 7 0 9.3 6.0 5.0 2.5 2 0 2 3 3
-2779.7 5934.0 -8.0 100 0 18.0 9.0 7.5 2.5 2 0 3 3 3
-2492.6 4315.3 -8.4 35 0 8.3 20.5 5.0 2.5 2 1 2 4 4
-658.1 6264.8 -16.1 42 0 10.0 8.9 5.0 2.5 2 0 2 5 5
-2665.0 4659.9 -9.3 129 0 15.9 7.0 5.0 0.0 0 0 2 5 5
-2801.2 5938.6 -8.1 101 0 16.1 7.9 7.5 0.0 0 0 3 4 4
-3483.6 2581.3 -4.4 337 0 126.2 14.8 7.5 0.0 0 0 3 5 5
-4463.9 7127.6 8.4 111 0 16.5 128.6 10.0 0.0 0 1 4 0 0
-4429.3 6448.3 -0.9 282 0 13.0 12.1 7.5 2.5 2 0 3 3 3
-2837.3 4479.2 -6.8 214 0 24.1 9.3 7.5 2.5 2 0 3 0 0
-3765.9 8260.9 -7.4 108 0 16.9 6.0 7.5 2.5 2 0 3 4 4
-4414.4 2525.6 -5.7 63 0 8.8 9.8 7.5 2.5 2 0 3 1 1
-4381.9 2893.9 -6.6 249 0 4.6 18.5 5.0 2.5 2 1 2 5 5
-639.8 6317.1 -15.3 39 0 6.8 9.2 7.5 2.5 4 1 3 0 0
-2738.4 4342.2 -6.9 308 0 12.6 9.6 5.0 2.5 2 0 2 5 5
-194.2 4623.7 -11.2 12 0 12.0 13.0 5.0 2.5 2 1 2 3 3
-4420.0 7408.6 8.3 291 0 17.1 129.1 7.5 0.0 0 1 3 5 5
-3699.4 8162.2 -6.9 101 0 16.0 12.5 5.0 0.0 0 0 2 4 4
-508.0 6437.5 -15.0 44 0 4.5 15.6 7.5 2.5 2 1 3 5 5
-2529.8 4309.3 -8.0 218 0 5.1 12.1 7.5 2.5 2 0 3 2 2
-204.3 4462.9 -11.5 103 0 11.0 5.5 5.0 2.5 2 0 2 1 1
-2935.0 6457.6 -6.0 47 0 6.5 18.0 7.5 2.5 2 1 3 5 5
-3673.5 8288.1 -9.6 281 0 11.0 16.1 7.5 2.5 2 1 3 5 5
-256.8 4683.7 -11.4 195 0 17.3 9.1 5.0 2.5 2 0 2 4 4
-2969.0 6090.3 -7.3 15 0 6.4 19.3 7.5 2.5 2 0 3 5 5
863.6 3115.6 -16.0 195 0 8.1 4.4 7.5 0.0 0 0 3 4 4
-218.8 4667.5 -11.1 15 0 5.0 11.0 7.5 2.5 4 1 3 0 0
-448.8 6362.3 -15.4 45 0 5.1 15.7 2.5 2.5 2 1 1 4 4
-148.4 4408.6 -11.1 359 0 12.1 9.6 7.5 2.5 2 0 3 3 3
-2587.7 4708.9 -9.8 310 0 9.0 12.0 7.5 2.5 2 1 3 1 1
827.0 3060.6 -15.8 4 0 12.3 7.1 5.0 2.5 4 0 2 5 5
-2658.0 4188.4 -5.8 133 0 8.2 22.2 7.5 2.5 4 0 3 4 4
-2530.8 4367.6 -9.1 34 0 11.9 8.2 7.5 2.5 2 0 3 1 1
-2865.6 6294.4 -6.6 10 0 17.5 8.4 2.5 2.5 2 0 1 1 1
-2770.5 4306.1 -6.4 41 0 8.7 13.0 7.5 2.5 2 1 3 0 0
-2680.5 4467.0 -8.8 211 0 28.3 9.5 7.5 2.5 2 0 3 2 2
-4448.0 2612.1 -5.7 61 0 7.2 14.6 2.5 2.5 2 1 1 1 1
-3722.8 8276.5 -8.9 103 0 8.0 25.0 5.0 0.0 0 1 2 4 4
-4274.6 4137.7 -6.1 333 0 9.6 26.9 7.5 2.5 4 0 3 2 2
-2690.4 4280.3 -6.4 307 0 5.5 18.0 7.5 2.5 2 1 3 0 0
-528.7 6312.2 -15.0 39 0 31.4 9.3 7.5 2.5 2 0 3 3 3
531.4 3208.3 -11.9 341 0 14.2 11.9 7.5 2.5 2 0 3 3 3
-683.0 6305.0 -15.8 226 0 5.1 17.8 5.0 2.5 2 0 2 3 3
-668.6 6324.5 -15.5 215 0 28.5 11.0 7.5 2.5 2 0 3 1 1
-2681.3 4320.0 -7.3 125 0 8.4 19.8 7.5 2.5 2 1 3 2 2
-2748.0 4558.6 -9.0 127 0 8.5 18.4 5.0 2.5 2 1 2 0 0
-2270.6 6422.4 -9.4 186 0 4.7 11.7 7.5 2.5 2 0 3 2 2
-2562.0 6893.1 -6.5 10 0 18.8 141.8 10.0 0.0 0 1 4 5 5
-187.1 4405.6 -11.2 91 0 6.8 18.9 7.5 2.5 2 1 3 1 1
-4387.0 2835.6 -6.2 69 0 14.3 8.1 2.5 2.5 2 0 1 4 4
-3734.6 8185.9 -6.9 104 0 8.1 23.2 5.0 2.5 4 1 2 0 0
266.7 2828.4 -12.0 51 0 6.2 5.2 7.5 2.5 2 0 3 2 2
-4362.9 2906.4 -6.6 337 0 8.1 9.3 7.5 2.5 4 1 3 2 2
-2792.8 4437.7 -7.5 124 0 7.5 12.2 7.5 2.5 2 1 3 3 3
-4411.2 2861.8 -6.5 254 0 6.5 12.1 5.0 2.5 2 0 2 2 2
-2814.2 4713.9 -7.4 206 0 4.9 8.9 5.0 2.5 2 0 2 2 2
-158.1 4040.3 -8.6 3 0 11.8 34.2 10.0 2.5 4 1 4 1 1
441.7 3180.4 -10.3 276 0 5.4 10.1 2.5 2.5 2 1 1 0 0
-2664.3 4181.7 -5.5 133 0 8.2 9.1 2.5 2.5 2 0 1 5 5
-2661.0 5982.4 -7.5 276 0 5.1 21.1 2.5 2.5 2 1 1 5 5
-601.6 6232.6 -16.0 50 0 8.6 5.1 7.5 2.5 2 0 3 4 4
342.8 3149.8 -8.6 262 0 5.2 5.6 5.0 2.5 2 1 2 3 3
-478.8 6493.7 -14.7 315 0 19.0 4.6 5.0 2.5 2 0 2 1 1
-4392.5 7397.9 8.0 291 0 16.7 129.0 7.5 0.0 0 1 3 2 2
-2553.8 4312.2 -7.9 216 0 12.5 8.6 5.0 2.5 2 0 2 5 5
-2685.2 5976.4 -7.5 274 0 5.0 19.4 2.5 2.5 4 1 1 4 4
-2251.7 6417.8 -9.6 97 0 15.2 4.9 7.5 2.5 2 0 3 0 0
-2053.5 6951.4 -12.9 275 0 9.3 30.0 5.0 0.0 0 1 2 3 3
-2850.3 5962.4 -8.0 192 0 11.3 4.3 7.5 2.5 2 0 3 4 4
785.3 4129.2 -9.3 297 0 14.9 4.4 2.5 2.5 2 0 1 3 3
-2681.2 6061.9 -6.6 188 0 9.1 23.0 2.5 2.5 2 0 1 0 0
-607.2 6227.9 -16.1 49 0 6.0 13.7 5.0 2.5 2 0 2 2 2
-4461.7 6379.4 -1.3 98 0 7.5 10.1 7.5 2.5 4 0 3 0 0
-2627.4 4746.3 -9.4 307 0 9.7 28.1 7.5 0.0 0 1 3 4 4
-3590.2 8250.7 -10.6 2 0 16.1 5.0 7.5 2.5 2 0 3 3 3
-3657.1 8194.7 -8.2 99 0 5.9 7.5 2.5 0.0 0 1 1 2 2
-2359.5 6831.9 -10.1 277 0 10.1 14.1 2.5 2.5 2 1 1 2 2
-3835.0 8374.7 -7.6 311 0 9.5 7.7 5.0 2.5 2 0 2 2 2
-2604.7 4637.8 -9.9 215 0 11.8 9.1 7.5 2.5 2 0 3 0 0
787.5 2925.8 -15.2 167 0 25.1 10.0 2.5 2.5 2 0 1 0 0
-150.7 4911.4 -10.1 284 0 7.0 23.1 5.0 0.0 0 0 2 2 2
-2862.7 4513.9 -5.2 36 0 7.0 22.1 7.5 2.5 2 1 3 5 5
-2670.9 6014.6 -7.0 94 0 11.1 9.0 5.0 2.5 2 0 2 1 1
-3789.1 8358.5 -8.7 129 0 10.6 12.4 5.0 2.5 2 1 2 3 3
-4453.6 3058.2 -7.4 242 0 15.9 6.0 5.0 0.0 0 0 2 2 2
-4463.1 6395.4 -1.2 188 0 10.7 7.7 7.5 2.5 2 0 3 0 0
-4356.8 3138.9 -7.8 251 0 5.0 11.0 2.5 2.5 2 1 1 0 0
-23.5 5477.1 -10.5 182 0 12.3 9.5 5.0 2.5 2 0 2 3 3
-2681.3 4373.7 -8.0 36 0 10.1 31.5 10.0 0.0 0 1 4 3 3
-3788.3 8412.7 -9.2 290 0 7.4 13.7 5.0 2.5 2 1 2 1 1
-2560.8 5927.3 -7.8 8 0 9.0 21.9 5.0 2.5 2 1 2 0 0
-4308.3 7365.4 7.3 291 0 17.2 129.1 10.0 0.0 0 1 4 4 4
-2775.2 6208.3 -6.7 98 0 9.0 17.2 5.0 2.5 2 1 2 4 4
-2789.5 4264.2 -6.0 35 0 9.3 21.8 5.0 2.5 2 1 2 1 1
-4417.0 6408.1 -1.4 12 0 19.3 6.6 7.5 2.5 2 0 3 3 3
-2899.6 6280.8 -6.7 188 0 7.0 14.0 7.5 2.5 2 1 3 0 0
-2618.9 4210.6 -6.0 308 0 12.5 8.5 5.0 2.5 2 0 2 3 3
-2493.4 4757.8 -10.6 216 0 4.1 19.1 7.5 2.5 4 0 3 0 0
-4419.6 2985.8 -7.0 334 0 5.0 11.1 5.0 0.0 0 1 2 1 1
-2448.6 4767.1 -10.7 305 0 7.3 7.5 5.0 0.0 0 0 2 5 5
398.0 3203.7 -8.9 94 0 5.0 17.4 5.0 2.5 2 0 2 2 2
-3666.6 8162.4 -7.3 12 0 9.7 15.2 5.0 2.5 2 1 2 1 1
-616.7 6237.9 -16.0 49 0 4.9 18.2 5.0 2.5 2 0 2 3 3
-70.3 4376.4 -10.6 93 0 6.0 19.9 7.5 2.5 2 1 3 3 3
323.3 2535.5 -10.7 8 0 4.0 9.4 2.5 2.5 2 0 1 2 2
-2851.8 6243.2 -6.9 9 0 10.5 9.0 5.0 2.5 2 0 2 2 2
-205.4 4118.1 -10.2 288 0 8.6 9.2 7.5 2.5 2 1 3 2 2
-3677.8 8219.4 -8.2 98 0 4.2 4.9 5.0 2.5 2 1 2 3 3
-3772.3 8276.2 -7.3 289 0 5.0 4.3 5.0 2.5 2 0 2 1 1
-3753.4 8396.0 -9.6 12 0 6.4 10.1 5.0 2.5 2 1 2 4 4
-2838.4 6007.7 -7.6 278 0 5.5 11.1 5.0 2.5 2 0 2 2 2
-2478.2 6016.0 -9.7 187 0 5.5 10.2 7.5 2.5 2 1 3 0 0
-2682.5 6057.5 -6.7 275 0 10.3 12.2 5.0 2.5 2 0 2 3 3
-2677.2 6077.0 -7.0 189 0 22.1 21.4 7.5 2.5 2 0 3 5 5
-2559.6 5946.8 -7.7 7 0 9.9 6.5 5.0 2.5 2 0 2 3 3
-2720.2 6041.6 -6.8 277 0 3.1 5.4 5.0 2.5 2 1 2 1 1
