4051.5 -580.9 -1.2 350 0 14.3 19.3 5.0 2.5 2 1 2 1 1
4108.9 -931.9 0.4 170 0 11.9 10.1 2.5 2.5 2 0 1 5 5
3658.8 -768.4 -6.3 81 0 11.3 13.2 7.5 2.5 2 1 3 5 5
3345.1 -789.7 -8.1 178 0 5.9 16.1 5.0 2.5 2 1 2 2 2
3510.0 -643.2 -5.6 84 0 18.2 10.5 2.5 2.5 2 0 1 5 5
4046.4 -658.3 -1.7 174 0 12.8 9.0 5.0 2.5 2 0 2 3 3
3483.0 -626.3 -6.3 173 0 13.9 11.8 5.0 2.5 2 0 2 0 0
4019.7 -646.0 -2.0 350 0 7.3 5.8 7.5 2.5 2 0 3 2 2
3480.7 -731.6 -8.2 89 0 18.2 15.3 12.5 2.5 2 0 5 0 0
4144.1 -596.3 -0.3 360 0 11.7 19.0 10.0 0.0 0 1 4 4 4
3526.5 -620.7 -6.1 357 0 15.6 9.1 2.5 2.5 2 0 1 4 4
4064.9 -701.2 -1.8 169 0 13.0 12.6 7.5 2.5 4 0 3 3 3
3686.6 -749.6 -6.1 263 0 9.4 19.4 7.5 2.5 2 1 3 3 3
3355.2 -761.2 -7.7 270 0 19.7 12.2 5.0 2.5 2 0 2 4 4
3601.9 -557.9 -7.6 82 0 15.1 16.9 10.0 2.5 4 1 4 5 5
3374.6 -769.6 -8.3 270 0 7.3 21.6 7.5 2.5 2 1 3 5 5
3057.4 -1035.7 -11.1 0 0 20.4 8.4 7.5 2.5 2 0 3 1 1
3037.1 -1257.8 -10.9 4 0 14.5 7.9 7.5 2.5 2 0 3 4 4
3250.9 -1431.3 -11.0 98 0 7.3 6.5 7.5 2.5 2 0 3 4 4
3257.8 -1501.6 -11.3 6 0 10.6 9.8 7.5 0.0 0 0 3 5 5
3225.2 -1509.0 -11.5 92 0 6.7 12.7 2.5 2.5 2 1 1 0 0
3302.3 -1251.0 -9.5 0 0 6.6 11.0 5.0 2.5 2 1 2 1 1
3230.9 -1521.5 -11.5 182 0 6.1 16.7 7.5 2.5 2 1 3 0 0
3264.3 -1229.7 -9.6 180 0 17.8 6.1 7.5 2.5 2 0 3 4 4
3207.1 -1400.6 -11.3 272 0 13.0 27.3 5.0 2.5 2 1 2 0 0
3032.7 -1237.4 -11.0 360 0 11.3 26.9 7.5 2.5 2 1 3 2 2
3270.4 -1054.5 -9.4 91 0 5.4 11.7 5.0 2.5 4 1 2 1 1
3033.0 -1056.8 -11.3 180 0 6.8 12.9 2.5 2.5 2 1 1 5 5
3266.5 -1632.8 -12.0 360 0 11.7 6.2 5.0 2.5 2 0 2 3 3
3011.5 -1277.5 -11.0 94 0 19.9 9.8 2.5 2.5 2 0 1 1 1
3304.6 -1043.8 -9.2 271 0 8.0 10.5 5.0 2.5 2 1 2 4 4
2989.5 -1253.5 -11.1 182 0 11.5 13.7 2.5 2.5 2 1 1 0 0
3268.2 -1251.8 -9.6 179 0 7.4 17.1 5.0 2.5 2 1 2 0 0
3690.0 544.2 -5.2 357 0 4.6 10.7 7.5 2.5 2 1 3 1 1
3510.6 857.0 -7.1 262 0 11.5 5.4 7.5 0.0 0 0 3 2 2
3590.2 757.3 -10.1 351 0 17.6 13.3 7.5 2.5 2 0 3 3 3
3640.6 221.6 -9.1 264 0 8.9 12.5 5.0 2.5 2 1 2 2 2
3622.6 57.5 -7.3 170 0 10.6 17.0 7.5 2.5 4 1 3 1 1
3673.2 315.8 -5.3 177 0 13.2 15.5 10.0 2.5 2 1 4 1 1
3528.7 842.6 -7.7 353 0 13.1 7.3 5.0 2.5 2 0 2 3 3
3561.7 772.9 -10.6 258 0 12.6 12.3 5.0 2.5 2 0 2 1 1
3652.5 -2.0 -6.5 82 0 13.1 12.7 5.0 2.5 2 0 2 5 5
3665.8 326.6 -4.7 84 0 9.4 7.6 5.0 0.0 0 0 2 0 0
3644.8 529.3 -4.7 179 0 12.3 6.1 2.5 2.5 2 0 1 1 1
3654.6 512.7 -5.1 179 0 10.0 11.7 7.5 0.0 0 1 3 5 5
3490.5 835.6 -7.9 171 0 9.3 14.6 7.5 2.5 2 1 3 4 4
3570.7 733.3 -10.5 82 0 17.4 11.9 7.5 2.5 2 0 3 3 3
3670.2 60.2 -7.5 348 0 5.0 9.6 7.5 2.5 2 1 3 5 5
3655.5 325.2 -4.5 85 0 6.5 7.7 5.0 2.5 2 1 2 2 2
3647.3 228.7 -8.5 176 0 5.3 13.8 5.0 2.5 2 1 2 1 1
5015.2 -349.3 1.0 350 0 10.8 21.9 7.5 2.5 2 1 3 2 2
5020.2 -384.6 1.0 353 0 11.5 12.1 10.0 0.0 0 1 4 2 2
4941.1 -534.8 1.0 79 0 19.0 17.1 10.0 2.5 4 0 4 5 5
4876.7 -533.4 1.1 349 0 14.9 12.0 5.0 2.5 2 0 2 0 0
5032.1 -330.9 1.0 356 0 14.6 15.2 2.5 2.5 2 1 1 4 4
4118.8 -1362.4 -1.3 258 0 8.0 22.6 7.5 2.5 4 1 3 3 3
4186.7 -1490.6 -0.0 339 0 7.7 6.8 7.5 2.5 2 0 3 5 5
4191.4 -1095.0 -0.1 349 0 16.3 9.5 2.5 2.5 2 0 1 2 2
4145.0 -1359.2 -1.3 349 0 4.7 18.8 5.0 2.5 4 1 2 0 0
4141.8 -1103.0 -0.1 171 0 10.3 11.9 2.5 2.5 2 1 1 1 1
4157.1 -1363.8 -1.1 351 0 12.2 8.0 7.5 2.5 2 0 3 5 5
4091.8 -856.2 0.2 176 0 9.6 8.8 2.5 2.5 4 0 1 2 2
4201.0 -1352.2 -1.3 354 0 7.4 8.4 7.5 2.5 2 1 3 2 2
4253.7 -1489.3 0.2 253 0 9.5 11.9 5.0 2.5 2 1 2 1 1
4165.5 -1076.9 0.1 260 0 24.9 9.6 7.5 2.5 2 0 3 1 1
4101.4 -1193.1 -1.1 80 0 19.8 11.1 7.5 2.5 2 0 3 4 4
4171.8 -1112.4 -0.2 79 0 22.1 6.0 7.5 2.5 2 0 3 0 0
4138.2 -1464.6 -0.0 170 0 12.2 23.8 2.5 2.5 2 1 1 5 5
4497.3 -1588.1 0.5 258 0 12.0 16.3 5.0 0.0 0 1 2 1 1
4195.3 -1194.6 -0.9 77 0 7.3 8.6 7.5 2.5 4 1 3 5 5
4287.4 -1551.9 -0.2 353 0 13.8 12.1 5.0 2.5 2 0 2 5 5
5091.2 253.3 0.4 7 0 6.8 22.3 7.5 2.5 2 1 3 5 5
4982.0 -47.3 -0.3 86 0 12.6 11.5 7.5 2.5 2 0 3 1 1
5086.8 -144.9 -0.6 96 0 11.9 13.8 2.5 2.5 4 1 1 4 4
5039.4 -222.9 0.4 4 0 11.3 11.3 2.5 2.5 2 0 1 3 3
5078.9 64.0 -0.5 6 0 10.4 13.3 7.5 2.5 2 1 3 4 4
5034.3 149.6 -0.8 190 0 25.4 12.5 10.0 2.5 2 0 4 2 2
5048.7 274.9 0.4 190 0 22.0 11.5 10.0 2.5 2 0 4 1 1
5093.4 188.0 -0.2 10 0 12.7 11.3 2.5 2.5 2 0 1 3 3
4927.1 18.2 -0.6 260 0 11.1 12.7 2.5 0.0 0 1 1 5 5
5047.1 -126.3 -0.6 4 0 12.1 9.5 5.0 0.0 0 0 2 0 0
5086.0 139.3 -0.7 9 0 15.5 11.8 2.5 2.5 2 0 1 0 0
4972.5 -4.3 -0.6 267 0 10.6 10.4 5.0 2.5 2 0 2 3 3
5011.6 -131.5 -0.6 186 0 5.8 16.4 7.5 2.5 2 1 3 0 0
5103.3 264.7 0.8 11 0 12.8 9.2 7.5 2.5 2 0 3 1 1
5049.0 441.5 1.6 187 0 17.5 25.1 10.0 2.5 4 1 4 0 0
5042.3 -182.0 -0.1 6 0 10.3 10.7 10.0 2.5 2 1 4 5 5
4962.5 19.6 -0.6 262 0 10.5 16.2 7.5 2.5 2 1 3 1 1
5130.7 243.6 0.8 189 0 15.6 9.3 7.5 2.5 2 0 3 1 1
5034.8 -303.0 0.9 359 0 12.4 8.3 5.0 2.5 2 0 2 1 1
5125.4 443.2 2.4 357 0 13.4 12.7 2.5 0.0 0 0 1 0 0
4940.2 -60.5 -0.5 88 0 10.6 22.9 10.0 2.5 2 1 4 1 1
5108.9 478.3 2.5 339 0 13.2 7.6 5.0 2.5 2 0 2 4 4
5014.4 8.7 -0.6 277 0 8.8 17.5 7.5 2.5 2 1 3 4 4
5041.4 -48.8 0.1 10 0 10.2 25.2 7.5 2.5 2 1 3 1 1
5165.2 209.7 0.3 279 0 11.0 23.0 10.0 2.5 2 1 4 1 1
5037.8 -242.4 0.7 2 0 12.1 12.7 2.5 2.5 2 1 1 4 4
5040.3 68.5 -0.5 99 0 21.2 9.7 7.5 2.5 4 0 3 0 0
5080.2 82.0 -0.5 7 0 12.6 12.1 5.0 2.5 2 0 2 3 3
5090.1 167.7 -0.6 9 0 15.1 12.6 5.0 2.5 2 0 2 5 5
5096.0 211.4 0.0 7 0 11.7 13.2 5.0 2.5 2 1 2 3 3
5005.1 -159.3 -0.3 180 0 6.8 13.8 5.0 2.5 2 1 2 2 2
4919.6 -17.1 -0.6 172 0 10.9 7.9 5.0 2.5 2 0 2 1 1
5055.1 -93.3 0.0 6 0 11.9 12.2 5.0 2.5 2 1 2 5 5
5111.6 324.2 0.9 6 0 12.3 15.8 2.5 2.5 2 1 1 1 1
5091.6 280.2 0.8 11 0 9.1 22.7 5.0 2.5 2 1 2 1 1
5010.7 -212.0 0.3 360 0 9.1 16.6 5.0 2.5 2 1 2 3 3
5163.8 311.7 1.7 7 0 15.3 14.8 7.5 2.5 2 0 3 1 1
5109.4 457.8 2.4 9 0 6.4 13.9 5.0 2.5 2 1 2 4 4
5127.2 223.9 0.4 191 0 12.0 9.3 2.5 2.5 2 0 1 1 1
5037.6 -273.9 1.0 351 0 22.7 11.9 10.0 2.5 2 0 4 2 2
5061.1 -66.5 0.1 3 0 12.0 12.9 5.0 2.5 2 1 2 2 2
5082.4 409.5 1.8 95 0 13.0 12.6 7.5 2.5 2 0 3 4 4
5081.1 460.4 2.1 280 0 6.2 13.3 7.5 2.5 2 1 3 3 3
5042.4 -14.8 -0.5 5 0 8.4 19.2 2.5 2.5 2 1 1 5 5
5067.6 -8.5 -0.4 3 0 10.9 10.9 5.0 2.5 2 0 2 1 1
4946.7 -16.0 -0.6 173 0 8.6 11.8 5.0 2.5 2 1 2 2 2
5007.4 -70.9 -0.0 98 0 12.2 21.8 7.5 2.5 2 1 3 3 3
5177.1 -40.4 0.5 9 0 10.7 11.0 5.0 2.5 2 1 2 0 0
4978.9 -279.3 1.1 167 0 16.3 12.5 5.0 2.5 2 0 2 2 2
3433.5 -724.5 -7.5 84 0 6.6 9.1 2.5 2.5 2 1 1 3 3
4042.3 -557.9 -0.8 109 0 6.6 10.2 5.0 2.5 2 1 2 3 3
4105.2 -578.5 -0.5 250 0 23.6 8.0 7.5 2.5 2 0 3 1 1
5235.9 -407.1 0.8 352 0 8.3 18.2 2.5 2.5 2 1 1 3 3
4623.8 -1343.8 -2.8 79 0 12.0 15.1 7.5 2.5 2 1 3 3 3
5216.9 -375.3 0.6 354 0 8.7 11.8 5.0 2.5 2 1 2 3 3
5246.8 -376.8 1.3 167 0 12.4 10.9 5.0 2.5 2 0 2 4 4
5328.7 -648.1 1.2 169 0 10.9 33.4 10.0 2.5 2 1 4 4 4
4769.0 -987.0 3.1 349 0 8.5 26.5 7.5 2.5 2 1 3 5 5
4746.5 -1689.7 0.6 257 0 12.7 17.0 2.5 2.5 2 1 1 3 3
4732.1 -1718.5 0.7 75 0 19.9 6.5 2.5 2.5 2 0 1 1 1
5028.2 -1608.2 0.2 359 0 9.5 9.9 5.0 2.5 2 1 2 3 3
5334.7 -386.2 1.1 263 0 11.2 21.9 5.0 2.5 2 1 2 0 0
5319.6 -446.8 1.8 171 0 14.8 16.8 10.0 0.0 0 1 4 3 3
5735.8 -1235.6 -0.9 346 0 13.7 13.1 7.5 2.5 2 0 3 3 3
5236.7 -425.0 1.1 349 0 10.4 9.8 7.5 2.5 2 0 3 0 0
4986.1 -1568.7 0.2 271 0 9.7 14.4 7.5 2.5 2 1 3 2 2
5402.5 -490.3 1.1 343 0 8.9 26.6 7.5 2.5 2 1 3 4 4
4729.5 -1242.0 -1.1 167 0 10.9 11.0 2.5 2.5 4 1 1 4 4
4784.8 -966.0 3.5 350 0 14.9 12.7 10.0 2.5 2 0 4 1 1
5337.0 -669.9 1.2 168 0 21.4 17.2 7.5 2.5 4 0 3 4 4
4809.6 -1103.5 1.3 79 0 11.4 11.6 5.0 2.5 2 1 2 5 5
5722.6 -1123.1 -0.0 342 0 7.7 7.7 7.5 2.5 2 0 3 1 1
5188.6 -238.3 0.4 90 0 14.7 17.0 7.5 2.5 2 1 3 2 2
5321.9 -621.1 1.1 167 0 14.7 23.2 5.0 2.5 2 1 2 3 3
4745.5 -961.2 3.5 174 0 9.9 11.6 7.5 2.5 2 1 3 3 3
5140.6 -1522.8 -0.3 263 0 15.8 9.2 7.5 2.5 2 0 3 2 2
4578.3 -1329.7 -2.9 257 0 13.6 22.9 10.0 2.5 2 1 4 3 3
5200.7 -365.5 0.4 355 0 12.1 11.3 5.0 2.5 2 0 2 2 2
5221.8 -423.4 0.9 351 0 12.2 8.4 2.5 2.5 2 0 1 3 3
5005.8 -1573.1 0.2 269 0 10.7 9.2 5.0 2.5 2 0 2 4 4
4770.2 -1231.3 -1.0 348 0 14.6 7.8 5.0 2.5 2 0 2 4 4
4779.0 -934.8 3.9 344 0 11.7 10.9 7.5 0.0 0 0 3 3 3
5264.6 -463.9 1.7 264 0 9.7 11.3 7.5 2.5 2 1 3 0 0
4989.8 -1619.5 0.3 181 0 9.3 28.0 7.5 2.5 2 1 3 2 2
4266.2 -1855.4 -2.0 4 0 12.6 14.8 5.0 2.5 2 1 2 1 1
4771.6 -1262.0 -1.4 78 0 14.6 13.5 5.0 2.5 2 0 2 5 5
5673.5 -1131.9 -0.2 75 0 15.8 12.4 7.5 2.5 2 0 3 3 3
4800.3 -877.0 4.2 171 0 20.4 20.0 10.0 2.5 2 0 4 1 1
5356.4 -598.9 1.2 349 0 14.2 10.9 10.0 2.5 2 0 4 1 1
4822.3 -1104.6 1.2 166 0 9.7 26.3 7.5 2.5 2 1 3 1 1
5695.8 -1214.5 -0.7 168 0 20.7 8.1 2.5 2.5 2 0 1 0 0
5774.2 -1107.2 -1.0 260 0 17.8 11.9 5.0 2.5 2 0 2 0 0
5340.9 -586.4 1.3 348 0 8.1 17.9 7.5 2.5 2 1 3 4 4
5309.6 -387.7 1.1 173 0 14.7 14.5 2.5 2.5 2 0 1 5 5
4253.4 -1830.3 -2.0 275 0 7.8 9.0 5.0 2.5 2 1 2 5 5
5385.2 -396.1 1.0 350 0 16.3 29.0 7.5 2.5 4 1 3 2 2
5213.1 -459.3 1.5 172 0 14.1 17.6 7.5 2.5 2 1 3 3 3
4986.2 -1613.0 0.2 93 0 7.2 25.3 2.5 2.5 4 1 1 3 3
5206.2 -225.9 0.4 268 0 10.3 10.6 7.5 2.5 2 1 3 3 3
4727.3 -948.2 3.6 171 0 18.2 13.6 5.0 2.5 2 0 2 3 3
5635.8 -1052.8 -0.0 255 0 10.0 24.2 5.0 2.5 4 1 2 5 5
4844.7 -1075.7 1.5 254 0 9.5 13.9 7.5 2.5 2 1 3 2 2
5727.2 -1205.1 -0.6 346 0 11.5 12.9 7.5 2.5 2 1 3 3 3
5398.4 -658.4 1.1 347 0 14.2 18.2 7.5 2.5 2 1 3 3 3
5689.3 -977.4 -0.6 77 0 12.3 22.1 10.0 2.5 2 1 4 2 2
4708.7 -1714.0 0.7 81 0 11.8 17.3 7.5 2.5 2 1 3 5 5
5311.6 -636.0 1.2 168 0 22.8 8.9 7.5 2.5 2 0 3 4 4
5367.1 -622.5 1.3 345 0 10.7 13.8 7.5 2.5 2 1 3 0 0
4737.5 -1674.4 0.7 356 0 5.3 8.6 5.0 2.5 2 1 2 3 3
5701.7 -1102.9 -0.0 345 0 15.6 10.8 2.5 2.5 2 0 1 0 0
5162.9 -1518.6 -0.3 265 0 10.7 10.7 7.5 2.5 2 0 3 0 0
5249.2 -515.1 1.5 172 0 16.8 13.6 7.5 2.5 2 0 3 3 3
5186.8 -445.1 1.1 170 0 11.5 12.4 5.0 2.5 2 1 2 4 4
5012.4 -1590.9 0.2 270 0 7.4 12.1 5.0 0.0 0 1 2 1 1
5263.1 -449.2 1.7 348 0 12.1 17.7 5.0 0.0 0 1 2 1 1
5243.0 -575.1 1.1 169 0 18.8 16.4 10.0 2.5 4 0 4 3 3
4731.7 -1261.2 -1.5 167 0 15.6 14.3 2.5 2.5 4 0 1 2 2
2744.3 4611.6 -4.7 195 0 9.5 7.7 5.0 2.5 2 0 2 5 5
2777.5 4602.9 -6.1 360 0 4.6 6.2 5.0 2.5 2 1 2 2 2
2748.0 4562.1 -4.5 95 0 9.2 10.4 5.0 2.5 2 1 2 4 4
2251.8 4416.3 -5.4 196 0 12.2 13.4 10.0 2.5 2 1 4 5 5
2776.1 4566.2 -5.9 3 0 5.9 5.1 2.5 0.0 0 0 1 3 3
2773.1 4611.6 -6.0 10 0 15.9 5.3 7.5 2.5 2 0 3 5 5
2281.9 4422.3 -6.2 283 0 12.7 5.7 5.0 2.5 2 0 2 5 5
2756.9 4646.9 -5.2 287 0 4.2 5.7 5.0 2.5 2 1 2 2 2
4343.8 -600.2 -0.1 352 0 3.4 7.7 7.5 2.5 2 1 3 5 5
4402.3 -588.1 0.2 172 0 3.4 7.7 7.5 2.5 2 1 3 0 0
4263.8 -551.2 0.2 172 0 3.4 7.7 5.0 2.5 2 1 2 5 5
4337.8 -536.4 0.1 352 0 3.4 7.7 5.0 2.5 2 1 2 3 3
4132.3 -570.0 0.0 307 0 8.6 3.2 2.5 2.5 2 0 1 3 3
4394.0 -524.8 0.0 172 0 3.4 7.7 5.0 2.5 4 1 2 5 5
741.6 -3574.9 -12.3 203 0 11.0 18.7 5.0 2.5 2 1 2 1 1
1910.1 2018.5 -10.6 293 0 10.0 17.8 2.5 2.5 2 1 1 1 1
1935.2 1984.3 -10.3 22 0 6.7 13.7 2.5 2.5 2 1 1 3 3
679.5 -3555.0 -11.8 112 0 51.2 13.4 7.5 2.5 2 0 3 0 0
1945.6 2000.2 -10.5 22 0 9.5 10.5 2.5 2.5 2 1 1 2 2
713.4 -3571.9 -12.0 113 0 16.4 25.5 10.0 2.5 4 1 4 5 5
5600.1 1588.2 4.5 0 0 11.8 10.7 5.0 2.5 2 0 2 5 5
5364.1 625.6 1.2 6 0 11.6 18.7 5.0 2.5 4 1 2 5 5
5426.1 909.7 1.0 191 0 8.9 20.7 5.0 2.5 2 1 2 0 0
5418.0 2566.5 7.5 187 0 6.0 8.1 7.5 2.5 2 1 3 5 5
5444.3 839.0 1.3 14 0 16.4 14.9 5.0 2.5 4 0 2 5 5
5320.9 1513.7 5.8 358 0 12.0 12.1 5.0 2.5 2 1 2 5 5
5408.9 2523.8 7.5 183 0 5.2 7.9 7.5 2.5 2 1 3 1 1
5272.6 601.6 1.8 192 0 10.3 11.3 7.5 2.5 4 1 3 2 2
5424.6 951.2 0.8 187 0 9.2 22.7 2.5 2.5 4 1 1 4 4
5597.8 1506.1 3.9 0 0 13.8 13.0 7.5 2.5 2 0 3 3 3
5436.5 2440.2 6.3 92 0 8.0 6.4 5.0 2.5 2 0 2 5 5
5315.1 1477.4 5.5 90 0 13.7 16.9 7.5 2.5 2 1 3 1 1
5409.7 2498.2 7.3 185 0 8.7 5.7 7.5 2.5 2 0 3 2 2
5580.2 1854.0 4.4 359 0 10.3 13.7 7.5 2.5 2 1 3 1 1
5253.9 580.5 2.0 189 0 11.4 14.4 5.0 2.5 2 1 2 4 4
5388.4 727.9 1.1 189 0 12.1 18.3 7.5 2.5 2 1 3 4 4
5553.8 1498.7 4.1 179 0 26.8 9.3 5.0 2.5 2 0 2 5 5
5281.6 616.5 1.4 190 0 9.1 16.7 7.5 2.5 4 1 3 1 1
5612.4 2079.2 3.8 178 0 10.6 25.8 10.0 2.5 2 1 4 0 0
5545.0 1872.7 4.3 180 0 27.6 10.3 7.5 2.5 2 0 3 0 0
5175.6 532.4 2.6 31 0 5.8 14.2 2.5 2.5 2 1 1 0 0
5367.2 701.4 1.1 188 0 12.8 13.8 5.0 2.5 2 1 2 5 5
5611.0 1906.0 3.9 180 0 12.1 15.2 2.5 2.5 2 1 1 5 5
5487.1 2600.6 8.5 3 0 6.6 7.0 5.0 2.5 2 1 2 3 3
5599.8 2061.1 4.0 179 0 12.1 12.3 5.0 2.5 2 1 2 3 3
5447.6 2662.0 7.7 274 0 6.6 9.3 5.0 2.5 2 1 2 5 5
5588.2 1740.5 5.7 357 0 15.1 11.0 5.0 2.5 2 0 2 4 4
5389.4 661.3 1.2 9 0 17.8 11.2 2.5 2.5 2 0 1 0 0
5419.2 2546.1 7.4 186 0 7.4 6.8 7.5 2.5 2 0 3 4 4
5553.9 1037.6 0.6 277 0 12.0 27.7 7.5 2.5 2 1 3 1 1
5484.0 2641.9 7.9 274 0 9.3 7.7 5.0 2.5 2 0 2 3 3
5651.7 1963.7 3.7 0 0 16.0 17.8 10.0 2.5 2 1 4 1 1
5481.8 906.6 0.8 14 0 17.1 9.6 2.5 2.5 2 0 1 3 3
5400.9 679.2 1.1 6 0 8.6 24.9 7.5 2.5 2 1 3 2 2
5440.2 2538.2 6.6 183 0 6.0 7.3 5.0 2.5 2 1 2 5 5
5437.4 986.8 0.7 275 0 24.6 10.5 10.0 2.5 2 0 4 2 2
5490.2 2655.5 7.5 275 0 8.1 6.4 2.5 2.5 2 0 1 4 4
5574.1 1603.7 4.7 269 0 17.9 6.0 5.0 2.5 2 0 2 4 4
5584.5 1478.5 3.9 359 0 9.0 18.3 7.5 2.5 2 1 3 5 5
5289.3 594.2 1.6 189 0 7.3 29.2 5.0 2.5 2 1 2 3 3
5480.2 2564.5 7.4 3 0 6.6 7.0 7.5 2.5 2 1 3 4 4
5473.5 959.9 0.6 5 0 13.1 12.2 5.0 2.5 2 0 2 2 2
5588.3 1571.2 4.2 359 0 9.9 23.9 7.5 2.5 4 1 3 5 5
5343.4 613.7 1.2 8 0 15.3 10.9 5.0 2.5 2 0 2 3 3
5586.4 1873.0 4.1 359 0 10.6 11.6 2.5 2.5 4 1 1 5 5
5300.3 623.8 1.1 187 0 9.0 21.0 7.5 2.5 2 1 3 0 0
5365.0 782.6 1.0 192 0 17.4 17.9 10.0 2.5 2 1 4 0 0
5434.9 2585.7 7.6 183 0 6.1 8.4 5.0 2.5 2 1 2 5 5
5471.1 2468.2 7.7 3 0 6.0 7.0 5.0 2.5 2 1 2 4 4
5525.9 2587.3 8.5 3 0 12.9 10.6 2.5 2.5 4 0 1 2 2
5544.9 1583.8 4.5 176 0 22.8 12.8 10.0 0.0 0 0 4 1 1
5326.3 588.4 1.2 100 0 10.7 17.1 7.5 2.5 2 1 3 2 2
5438.2 2509.6 6.6 183 0 6.3 8.8 5.0 2.5 2 1 2 5 5
5449.0 722.6 1.2 7 0 15.9 10.1 5.0 2.5 4 0 2 1 1
5416.7 2603.4 7.9 185 0 6.8 6.2 7.5 0.0 0 0 3 5 5
6003.7 1060.5 2.0 100 0 7.3 16.9 7.5 2.5 2 1 3 3 3
5220.0 542.3 1.8 190 0 12.1 56.0 10.0 2.5 2 1 4 5 5
5417.6 807.5 1.0 4 0 13.8 13.4 5.0 0.0 0 0 2 2 2
5617.8 2053.2 3.8 179 0 8.5 17.7 5.0 0.0 0 1 2 0 0
5473.3 2490.6 7.7 3 0 6.0 7.0 7.5 2.5 4 1 3 1 1
5234.8 422.7 2.0 10 0 16.2 23.6 12.5 2.5 2 1 5 3 3
5410.0 732.9 1.1 187 0 6.0 18.1 5.0 0.0 0 1 2 0 0
5453.6 2435.2 7.2 92 0 6.0 10.5 5.0 0.0 0 1 2 0 0
5988.3 1085.7 1.9 281 0 13.2 6.6 5.0 0.0 0 0 2 0 0
5518.8 2659.2 7.1 273 0 10.6 7.4 7.5 0.0 0 0 3 5 5
5553.8 1763.3 5.7 268 0 20.6 10.3 5.0 2.5 2 0 2 3 3
5204.1 522.6 2.2 188 0 12.2 14.6 5.0 2.5 2 1 2 4 4
5651.3 2072.4 3.7 0 0 15.2 8.7 5.0 2.5 4 0 2 3 3
5477.2 2516.1 7.6 3 0 6.5 9.5 7.5 2.5 2 1 3 5 5
5967.3 1065.0 1.9 104 0 8.8 18.5 7.5 2.5 2 1 3 2 2
5480.2 2578.5 8.0 93 0 7.0 6.6 2.5 2.5 2 0 1 5 5
5537.5 1758.6 5.9 272 0 8.4 28.1 2.5 2.5 2 1 1 3 3
5201.8 404.5 2.2 193 0 12.2 16.5 2.5 2.5 2 1 1 1 1
5354.2 678.2 1.1 187 0 8.1 19.5 2.5 2.5 4 1 1 1 1
5544.1 1955.7 4.3 268 0 8.0 17.8 7.5 2.5 2 1 3 2 2
5564.2 1966.6 4.2 268 0 9.5 9.5 5.0 2.5 2 0 2 1 1
5320.2 645.2 1.1 190 0 11.3 16.0 5.0 2.5 2 1 2 5 5
5443.5 2554.6 6.8 183 0 9.0 4.9 2.5 2.5 2 0 1 1 1
5249.4 498.4 1.8 10 0 12.4 34.6 10.0 2.5 2 1 4 1 1
5581.0 995.6 0.5 11 0 10.8 24.2 10.0 2.5 4 1 4 3 3
5552.2 1716.7 6.1 89 0 37.4 9.6 7.5 2.5 2 0 3 1 1
5435.7 2483.0 6.5 183 0 6.3 8.8 7.5 2.5 2 1 3 4 4
5243.6 400.0 1.8 8 0 17.7 17.1 7.5 2.5 2 0 3 0 0
5332.1 665.2 1.1 196 0 11.3 21.7 7.5 2.5 2 1 3 3 3
5572.2 1932.3 4.2 359 0 9.0 21.1 5.0 2.5 2 1 2 4 4
5450.4 2643.4 8.1 273 0 11.2 6.8 2.5 2.5 4 0 1 1 1
5586.9 1945.7 4.1 359 0 13.7 12.1 7.5 2.5 2 0 3 1 1
5503.1 852.3 0.9 190 0 13.5 15.4 5.0 2.5 2 1 2 1 1
155.3 -1613.5 -10.3 358 0 8.3 11.8 5.0 2.5 2 1 2 0 0
129.7 -1731.4 -10.3 90 0 7.8 19.8 5.0 2.5 2 1 2 5 5
154.5 -1705.9 -10.3 1 0 6.2 17.1 5.0 2.5 2 1 2 1 1
162.9 -1928.7 -9.3 173 0 14.5 11.4 5.0 2.5 4 0 2 1 1
38.4 -2151.2 -11.1 270 0 11.5 7.5 5.0 2.5 2 0 2 2 2
156.3 -1868.2 -9.1 175 0 15.4 8.3 5.0 2.5 2 0 2 3 3
144.2 -1625.6 -10.4 359 0 7.4 13.6 5.0 2.5 2 1 2 3 3
193.3 -1863.3 -9.0 354 0 13.2 14.1 5.0 2.5 2 1 2 5 5
247.3 -2039.7 -9.6 180 0 8.6 13.3 5.0 2.5 2 1 2 4 4
102.2 -2346.9 -10.6 279 0 9.8 14.9 5.0 2.5 2 1 2 0 0
75.5 -2117.4 -11.0 87 0 8.1 15.9 5.0 2.5 4 1 2 5 5
119.7 -1600.7 -10.7 269 0 9.2 22.7 5.0 2.5 2 1 2 1 1
100.8 -2117.3 -11.0 83 0 21.3 6.3 5.0 0.0 0 0 2 0 0
180.2 -1805.5 -9.6 356 0 14.5 9.7 5.0 2.5 2 0 2 2 2
317.9 -2169.7 -8.1 88 0 14.6 15.9 5.0 2.5 4 1 2 0 0
158.3 -2325.8 -10.3 279 0 8.7 13.0 5.0 2.5 2 1 2 3 3
212.9 -1960.7 -9.0 355 0 20.9 15.1 5.0 2.5 2 0 2 0 0
158.3 -1679.7 -10.3 3 0 12.4 7.1 5.0 2.5 2 0 2 2 2
172.3 -1719.4 -10.3 358 0 16.2 11.4 5.0 2.5 2 0 2 0 0
280.9 -2007.5 -9.6 269 0 19.8 16.9 5.0 2.5 2 0 2 2 2
153.2 -1793.2 -9.5 267 0 7.9 6.7 5.0 2.5 2 0 2 0 0
170.9 -1964.6 -9.1 174 0 14.0 8.6 5.0 2.5 2 0 2 4 4
118.9 -1680.5 -10.5 182 0 10.6 6.3 5.0 2.5 2 0 2 1 1
189.6 -1946.9 -9.2 351 0 9.4 16.1 5.0 2.5 2 1 2 3 3
137.9 -1658.8 -10.4 358 0 8.5 10.6 5.0 2.5 2 1 2 3 3
154.0 -2206.6 -10.4 1 0 14.6 9.9 5.0 2.5 2 0 2 5 5
110.8 -2276.2 -10.8 91 0 8.6 19.0 5.0 2.5 2 1 2 0 0
-2841.6 -1435.4 -11.6 355 0 6.1 13.5 5.0 2.5 2 1 2 0 0
-3149.2 -3204.8 -12.5 205 0 5.0 12.1 5.0 2.5 2 1 2 0 0
-2821.1 -2570.3 -8.4 211 0 10.0 6.7 5.0 2.5 2 0 2 2 2
-3181.2 -3092.2 -13.8 26 0 6.2 14.3 5.0 2.5 2 1 2 0 0
-2882.1 -1805.7 -8.1 271 0 5.5 8.8 5.0 0.0 0 1 2 5 5
-3236.9 -3381.3 -13.4 202 0 15.0 7.5 5.0 2.5 2 0 2 4 4
-2522.1 1364.4 -7.4 77 0 7.0 10.0 2.5 2.5 2 1 1 0 0
-3163.1 -3210.0 -12.7 200 0 9.3 12.1 5.0 2.5 2 1 2 0 0
-3376.8 -3787.5 -12.2 113 0 9.6 20.0 5.0 2.5 2 1 2 1 1
-3136.2 -3288.7 -13.6 27 0 14.8 7.6 5.0 2.5 2 0 2 4 4
-2883.1 -1934.2 -7.8 357 0 6.9 14.1 5.0 0.0 0 1 2 0 0
-3282.8 -3534.4 -13.3 203 0 8.6 14.0 5.0 2.5 2 1 2 3 3
-3185.3 -3133.4 -14.0 27 0 5.9 13.3 5.0 2.5 2 1 2 4 4
-2497.6 1325.4 -8.6 253 0 7.2 9.0 7.5 2.5 2 1 3 4 4
-2647.1 -594.3 -7.8 356 0 6.4 9.3 5.0 2.5 2 1 2 2 2
-3221.3 -3276.5 -13.9 23 0 9.6 8.4 5.0 2.5 2 0 2 3 3
-3417.8 -3756.6 -12.2 208 0 17.0 8.7 5.0 2.5 2 0 2 3 3
-3123.5 -3178.7 -12.0 209 0 6.5 10.6 5.0 2.5 2 1 2 2 2
-2901.0 -1952.8 -7.7 175 0 9.2 11.4 5.0 2.5 2 1 2 4 4
-3168.3 -3294.6 -13.7 116 0 11.0 5.1 5.0 0.0 0 0 2 3 3
-543.7 -3414.0 -13.9 5 0 9.2 18.5 5.0 2.5 2 1 2 2 2
-634.8 -3691.6 -13.2 150 0 12.7 17.9 5.0 0.0 0 1 2 2 2
-3009.9 -2861.3 -9.8 195 0 14.6 10.2 5.0 2.5 2 0 2 5 5
-2789.0 -1208.6 -11.7 88 0 4.2 12.4 5.0 2.5 2 1 2 2 2
-3344.4 -3660.6 -13.5 199 0 9.3 12.1 5.0 2.5 2 1 2 2 2
-3107.8 -3182.8 -11.7 293 0 5.9 6.4 5.0 2.5 2 1 2 1 1
-561.8 -3538.4 -12.9 1 0 10.7 22.0 5.0 2.5 2 1 2 2 2
-3160.9 -3081.5 -13.2 27 0 12.9 6.4 5.0 0.0 0 0 2 5 5
-2911.6 -1541.7 -11.5 182 0 6.9 7.4 5.0 2.5 2 1 2 3 3
-3026.6 -2878.7 -10.1 183 0 10.3 8.3 5.0 2.5 2 0 2 3 3
-2991.7 -2670.9 -10.1 201 0 10.6 9.7 5.0 2.5 2 0 2 4 4
-3361.2 -3677.4 -13.6 201 0 10.0 11.8 5.0 2.5 2 1 2 0 0
-2885.3 -1823.1 -8.3 1 0 4.9 14.6 5.0 2.5 2 1 2 2 2
-455.5 -3205.8 -12.7 357 0 13.4 6.8 5.0 2.5 2 0 2 2 2
-3189.2 -3046.4 -13.7 208 0 5.5 14.7 5.0 2.5 2 1 2 0 0
-611.6 -3781.9 -12.9 116 0 10.7 29.0 7.5 0.0 0 1 3 0 0
-3066.6 -3003.6 -11.1 199 0 11.2 12.2 5.0 0.0 0 1 2 3 3
-2895.8 -1559.5 -11.9 92 0 17.9 5.3 5.0 0.0 0 0 2 5 5
-3000.8 -2711.3 -10.5 199 0 8.2 5.8 5.0 2.5 2 0 2 3 3
-3215.7 -3146.7 -14.2 117 0 7.7 14.0 5.0 2.5 2 1 2 5 5
-2857.0 -1413.0 -11.5 259 0 17.4 10.8 5.0 2.5 2 0 2 1 1
-2938.3 -1624.8 -11.5 95 0 12.2 14.5 5.0 2.5 2 1 2 0 0
-3258.4 -3279.2 -14.0 202 0 6.5 18.5 5.0 2.5 2 1 2 4 4
-3407.1 -3782.3 -12.0 206 0 6.4 14.5 5.0 2.5 4 1 2 0 0
-3036.7 -3011.7 -10.7 22 0 5.9 12.0 5.0 2.5 2 1 2 4 4
-2944.5 -1949.9 -4.6 89 0 12.6 47.7 5.0 2.5 2 1 2 2 2
-3331.1 -3618.5 -13.5 203 0 9.2 7.2 5.0 2.5 2 0 2 5 5
-535.5 -3379.1 -14.3 7 0 8.2 35.8 5.0 2.5 2 1 2 1 1
-3007.3 -1600.1 -8.5 273 0 10.2 15.1 5.0 2.5 2 1 2 2 2
-3190.6 -3356.1 -13.3 296 0 13.7 9.7 5.0 2.5 2 0 2 3 3
-2770.3 -1181.5 -11.7 265 0 10.3 5.8 5.0 2.5 2 0 2 4 4
-3100.6 -3187.4 -11.9 296 0 7.8 18.0 5.0 0.0 0 1 2 5 5
-3327.1 -3634.4 -13.4 206 0 8.6 12.2 5.0 2.5 2 1 2 5 5
-3323.3 -3696.6 -13.3 20 0 8.3 8.8 5.0 2.5 4 1 2 3 3
-573.8 -3391.3 -14.2 189 0 16.5 9.6 5.0 2.5 2 0 2 4 4
-3226.0 -3377.3 -13.3 201 0 9.8 7.2 5.0 2.5 2 0 2 3 3
-3036.7 -2932.0 -10.6 198 0 8.3 21.1 5.0 2.5 4 1 2 5 5
-2690.8 -502.5 -6.8 264 0 10.0 15.5 5.0 2.5 2 1 2 1 1
-3314.5 -3680.0 -13.3 22 0 14.8 6.7 5.0 2.5 4 0 2 0 0
-3375.4 -3744.1 -12.9 205 0 10.9 7.4 5.0 2.5 2 0 2 5 5
-3253.8 -3429.9 -14.0 202 0 12.4 9.1 5.0 2.5 2 0 2 2 2
-2527.6 1386.6 -7.8 344 0 9.6 8.8 7.5 2.5 2 0 3 0 0
-630.4 -3766.0 -12.9 116 0 8.9 13.8 5.0 2.5 2 1 2 5 5
-2873.5 -1559.9 -12.2 90 0 8.1 10.3 5.0 2.5 2 1 2 2 2
-3180.8 -3272.1 -13.8 203 0 12.3 10.1 5.0 2.5 2 0 2 0 0
-3048.9 -2953.8 -10.7 198 0 12.4 8.8 5.0 2.5 4 0 2 5 5
-2996.1 -2735.1 -10.2 198 0 3.7 9.8 5.0 2.5 2 1 2 2 2
-3178.4 -3161.1 -13.4 23 0 10.9 10.0 5.0 0.0 0 0 2 5 5
-594.7 -3581.5 -13.0 192 0 8.2 22.8 5.0 2.5 2 1 2 3 3
-3140.7 -3046.4 -12.8 295 0 9.2 12.2 5.0 2.5 2 1 2 1 1
-3260.7 -3269.8 -14.0 115 0 10.0 18.9 5.0 2.5 2 1 2 4 4
-2960.2 -1955.8 -3.5 91 0 9.7 5.1 5.0 2.5 2 0 2 3 3
-3148.1 -3177.2 -12.5 202 0 11.8 9.0 5.0 2.5 2 0 2 3 3
-3161.4 -3230.1 -13.0 202 0 6.6 16.9 5.0 2.5 2 1 2 5 5
-2949.1 -1662.9 -9.8 13 0 11.8 10.7 5.0 2.5 2 0 2 4 4
-3221.8 -3400.8 -13.3 203 0 6.5 15.9 5.0 2.5 2 1 2 0 0
-3086.4 -3198.6 -11.7 27 0 6.6 10.2 5.0 2.5 4 1 2 2 2
-2753.8 -1202.3 -11.8 82 0 9.2 15.3 5.0 2.5 2 1 2 3 3
-3141.4 -3221.9 -12.7 200 0 13.6 8.2 5.0 2.5 2 0 2 3 3
-527.8 -3395.6 -14.1 7 0 13.6 15.6 5.0 2.5 4 1 2 5 5
-2915.6 -1854.3 -6.9 176 0 10.3 9.4 5.0 2.5 4 0 2 5 5
-3182.1 -3059.8 -13.7 297 0 8.0 15.2 5.0 2.5 2 1 2 0 0
-3201.9 -3418.6 -13.4 24 0 19.0 7.1 5.0 2.5 2 0 2 5 5
-2521.6 1307.8 -10.0 169 0 18.9 7.8 5.0 2.5 2 0 2 3 3
-657.5 -3650.7 -13.4 22 0 25.3 61.6 5.0 2.5 2 1 2 2 2
-2707.0 -542.1 -7.1 175 0 12.2 10.6 5.0 0.0 0 0 2 4 4
-3370.8 -3693.2 -13.6 202 0 9.1 10.8 5.0 2.5 2 1 2 1 1
-3138.9 -3191.0 -12.1 209 0 5.9 15.9 5.0 2.5 2 1 2 5 5
-3345.4 -3759.7 -13.0 24 0 17.0 7.1 5.0 2.5 2 0 2 1 1
-497.6 -3207.1 -12.5 89 0 8.6 8.3 5.0 2.5 2 0 2 4 4
-2906.5 -1877.8 -7.1 178 0 7.0 13.0 5.0 2.5 2 1 2 4 4
-3237.2 -3448.2 -13.8 107 0 15.9 8.3 5.0 2.5 2 0 2 5 5
-2547.4 1416.0 -7.2 257 0 11.4 6.2 5.0 2.5 2 0 2 4 4
-591.9 -3681.5 -13.0 21 0 30.1 16.0 5.0 2.5 2 0 2 0 0
-2900.4 -1602.9 -12.2 264 0 11.1 16.1 5.0 2.5 2 1 2 1 1
-553.0 -3564.6 -12.7 1 0 14.6 11.0 5.0 2.5 2 0 2 3 3
-3038.3 -3033.4 -10.9 23 0 7.2 24.5 5.0 2.5 2 1 2 0 0
-2992.9 -2753.3 -10.0 198 0 12.8 8.0 5.0 2.5 2 0 2 2 2
-2668.3 -579.6 -7.6 354 0 9.1 5.9 5.0 2.5 2 0 2 5 5
-3351.9 -3693.7 -13.5 201 0 4.6 12.6 5.0 2.5 2 1 2 4 4
-3424.0 -3716.6 -13.0 41 0 10.3 11.2 5.0 2.5 4 1 2 3 3
-590.0 -3609.3 -12.9 199 0 9.9 10.9 5.0 2.5 2 1 2 1 1
-3115.9 -3047.7 -12.4 34 0 6.9 14.6 5.0 2.5 4 1 2 3 3
-2920.8 -1599.5 -11.8 268 0 17.1 6.9 5.0 2.5 2 0 2 0 0
-559.9 -3513.0 -12.8 358 0 7.2 14.6 5.0 2.5 2 1 2 3 3
-3007.5 -2773.5 -9.8 190 0 9.9 8.6 5.0 2.5 2 0 2 5 5
-3461.0 -3710.0 -13.0 118 0 6.8 16.4 5.0 2.5 2 1 2 4 4
-3004.5 -2798.8 -9.5 186 0 6.1 15.1 5.0 2.5 2 1 2 1 1
-2811.2 -2599.1 -6.9 22 0 6.9 14.7 5.0 2.5 2 1 2 1 1
-3302.9 -3629.2 -13.3 297 0 9.1 7.5 5.0 2.5 2 0 2 1 1
-603.0 -3581.4 -13.1 104 0 9.6 29.0 5.0 2.5 2 1 2 1 1
-2920.3 -1813.8 -7.3 174 0 14.2 10.8 5.0 2.5 2 0 2 5 5
-3142.0 -3071.3 -12.9 24 0 9.9 9.2 5.0 0.0 0 0 2 5 5
4965.9 5837.8 3.2 25 0 13.4 26.4 10.0 2.5 4 1 4 0 0
1992.1 -3745.2 -11.0 205 0 18.0 21.2 10.0 2.5 2 1 4 0 0
-6668.8 2948.3 -13.8 98 0 11.4 6.8 7.5 2.5 2 0 3 3 3
-6627.4 2790.1 -15.2 173 0 4.8 11.6 7.5 0.0 0 1 3 5 5
-6668.5 2972.6 -13.8 278 0 11.4 14.7 7.5 2.5 2 1 3 0 0
-6538.5 2788.8 -14.2 349 0 14.3 14.1 5.0 0.0 0 0 2 1 1
-6463.7 2732.5 -11.8 86 0 12.2 7.6 7.5 2.5 2 0 3 2 2
-6435.0 2763.1 -11.2 360 0 7.5 15.9 2.5 2.5 2 1 1 3 3
-6118.0 4199.1 -16.5 72 0 11.8 14.7 2.5 2.5 2 1 1 2 2
-6399.8 3549.8 -12.4 92 0 9.7 14.2 5.0 2.5 2 1 2 1 1
-6525.2 3633.2 -15.4 244 0 8.2 6.8 2.5 2.5 2 0 1 5 5
-6304.1 4525.2 -17.6 180 0 9.7 11.2 7.5 2.5 2 1 3 2 2
-6366.0 4034.6 -14.7 162 0 7.0 11.6 5.0 2.5 2 1 2 5 5
-6332.7 3332.9 -12.4 1 0 9.5 11.6 7.5 2.5 2 1 3 3 3
-5953.4 4332.2 -15.4 260 0 11.8 12.6 5.0 2.5 2 1 2 5 5
-6248.1 3143.8 -11.0 10 0 6.7 16.8 2.5 2.5 2 1 1 0 0
-5960.0 5136.0 -11.3 70 0 11.5 9.0 7.5 2.5 2 0 3 5 5
-6304.2 4634.8 -16.5 165 0 10.4 8.7 2.5 2.5 2 0 1 1 1
-6321.1 4155.0 -17.3 354 0 8.3 7.0 5.0 2.5 2 0 2 4 4
-6303.3 3446.3 -13.2 273 0 9.2 5.6 5.0 2.5 2 0 2 5 5
-6656.2 3562.5 -15.2 265 0 5.6 6.8 7.5 2.5 2 1 3 5 5
-6289.0 3294.9 -12.1 278 0 6.2 8.9 7.5 2.5 2 1 3 3 3
-6714.2 3565.6 -16.0 63 0 8.9 5.9 5.0 2.5 2 0 2 0 0
-6268.5 5175.7 -16.1 342 0 10.1 12.7 10.0 2.5 2 1 4 5 5
-6099.8 4030.7 -16.1 70 0 11.7 10.8 5.0 2.5 2 0 2 2 2
-5905.0 3836.9 -14.3 341 0 13.6 9.2 7.5 2.5 2 0 3 1 1
-6529.6 3555.4 -14.8 281 0 12.6 8.8 2.5 2.5 4 0 1 4 4
-5946.6 4410.7 -15.7 165 0 12.8 18.1 5.0 2.5 2 1 2 4 4
-6301.8 5299.7 -16.1 253 0 9.6 9.8 5.0 2.5 2 1 2 0 0
-6112.8 4178.0 -16.4 248 0 10.9 10.1 5.0 2.5 2 0 2 5 5
-6470.1 3518.3 -13.3 96 0 7.8 12.5 5.0 2.5 2 1 2 2 2
-6502.3 3609.0 -15.0 5 0 6.8 7.5 7.5 2.5 2 1 3 3 3
-6021.4 4495.4 -15.6 159 0 10.4 8.6 5.0 2.5 4 0 2 5 5
-6378.5 3987.6 -13.5 159 0 6.7 8.6 7.5 2.5 2 1 3 5 5
-6335.6 3304.1 -11.7 4 0 9.8 21.4 5.0 2.5 2 1 2 5 5
-5948.0 4305.8 -15.3 165 0 6.8 9.4 7.5 2.5 4 1 3 5 5
-6335.2 3121.2 -9.1 177 0 10.5 12.4 5.0 2.5 2 1 2 3 3
-5851.9 5006.8 -11.5 343 0 9.0 10.1 7.5 2.5 2 1 3 5 5
-6348.9 4555.0 -17.7 247 0 19.0 10.9 2.5 2.5 2 0 1 5 5
-6364.3 4143.0 -17.5 157 0 15.1 12.6 5.0 2.5 2 0 2 4 4
-6337.1 3427.2 -13.0 6 0 14.5 8.0 5.0 2.5 2 0 2 3 3
-6634.3 3571.8 -14.9 276 0 8.8 11.0 2.5 2.5 2 1 1 1 1
-6242.9 3243.2 -11.7 273 0 6.0 6.6 7.5 2.5 4 1 3 1 1
-6267.7 5118.9 -16.2 72 0 12.2 13.5 7.5 2.5 2 1 3 2 2
-6078.8 3963.7 -16.3 341 0 15.2 12.3 7.5 2.5 4 0 3 0 0
-6345.4 4345.2 -17.8 355 0 13.1 13.5 5.0 2.5 2 1 2 2 2
-6211.7 3543.0 -13.4 160 0 11.2 9.1 2.5 2.5 2 0 1 0 0
-6561.9 3550.8 -14.6 275 0 12.6 11.9 7.5 2.5 2 0 3 0 0
-6372.4 4415.0 -17.7 245 0 11.5 6.1 2.5 2.5 2 0 1 0 0
-6656.5 3592.8 -15.5 64 0 7.1 10.8 7.5 2.5 2 1 3 2 2
-6286.6 5280.0 -16.0 343 0 8.0 9.7 5.0 2.5 2 1 2 5 5
-6140.6 4114.5 -16.2 172 0 8.3 21.1 7.5 2.5 2 1 3 4 4
-6480.7 3652.0 -13.6 171 0 8.0 7.8 2.5 2.5 2 0 1 1 1
-5868.8 3937.8 -15.8 163 0 11.3 7.0 7.5 2.5 2 0 3 5 5
-6504.7 3576.6 -15.0 103 0 9.2 10.6 7.5 0.0 0 1 3 0 0
-5924.4 4581.2 -15.3 246 0 7.3 16.9 7.5 2.5 4 1 3 4 4
-6327.6 3928.9 -13.2 343 0 6.7 6.9 5.0 2.5 2 1 2 2 2
-6061.5 4199.1 -16.4 340 0 5.1 11.4 7.5 0.0 0 1 3 1 1
-6362.8 3554.5 -12.3 78 0 9.7 7.7 5.0 2.5 2 0 2 2 2
-5860.2 5047.4 -10.8 341 0 15.2 13.2 5.0 2.5 2 0 2 3 3
-6277.4 4555.8 -17.1 253 0 10.3 7.3 5.0 2.5 2 0 2 4 4
-6343.2 4096.3 -16.8 358 0 11.1 12.1 2.5 2.5 2 1 1 5 5
-6331.1 3379.7 -13.2 6 0 13.0 6.5 5.0 2.5 4 0 2 0 0
-6645.5 3615.9 -15.9 349 0 5.3 10.0 5.0 2.5 2 1 2 2 2
-6238.6 3216.1 -11.5 1 0 5.7 8.3 2.5 2.5 2 1 1 0 0
-5973.4 5192.3 -13.2 67 0 9.2 10.2 2.5 2.5 2 1 1 4 4
-5789.0 4901.7 -15.5 70 0 11.8 12.2 10.0 2.5 2 1 4 4 4
-5967.8 3985.8 -16.0 161 0 11.2 28.5 10.0 2.5 4 1 4 1 1
-6322.7 4193.9 -17.4 353 0 9.8 9.7 5.0 2.5 2 0 2 3 3
-6176.0 3561.9 -13.6 253 0 10.7 13.7 2.5 2.5 2 1 1 3 3
-6608.8 3595.6 -15.5 274 0 9.6 7.2 5.0 2.5 2 0 2 2 2
-6686.2 3600.7 -15.5 248 0 6.5 6.8 5.0 0.0 0 1 2 2 2
-6311.7 5265.5 -16.3 163 0 11.2 13.4 2.5 2.5 2 1 1 5 5
-6125.6 4092.1 -16.2 171 0 10.0 30.8 7.5 2.5 2 1 3 1 1
-6512.2 3663.3 -15.6 67 0 8.3 8.6 5.0 2.5 2 1 2 4 4
-5840.9 3945.3 -15.5 261 0 6.5 12.8 5.0 2.5 2 1 2 5 5
-6551.6 3604.5 -15.4 275 0 11.5 9.2 7.5 2.5 2 0 3 4 4
-5965.1 4510.8 -15.4 81 0 11.7 11.3 2.5 2.5 2 0 1 4 4
-6325.1 3854.8 -11.9 343 0 11.8 14.1 10.0 2.5 2 1 4 1 1
-6053.3 4179.1 -16.3 69 0 5.9 9.9 2.5 2.5 2 1 1 0 0
-6408.9 3621.6 -12.9 261 0 9.7 12.9 2.5 2.5 2 1 1 3 3
-5886.3 4934.5 -13.7 253 0 11.3 12.3 5.0 2.5 2 1 2 0 0
-6496.2 3642.2 -14.6 335 0 7.4 6.7 5.0 2.5 2 0 2 4 4
-6277.1 4518.4 -17.4 70 0 9.0 16.4 5.0 2.5 2 1 2 3 3
-6336.6 4065.4 -15.7 345 0 8.4 16.8 5.0 2.5 2 1 2 2 2
-6375.1 3388.6 -13.0 183 0 12.1 18.4 7.5 2.5 2 1 3 1 1
-5921.4 4327.9 -15.2 250 0 12.4 9.0 5.0 2.5 2 0 2 2 2
-6274.0 3201.5 -10.9 184 0 9.3 8.3 5.0 2.5 4 0 2 1 1
-5971.7 5161.2 -11.3 250 0 10.3 9.8 7.5 2.5 2 0 3 3 3
-6297.2 4656.9 -16.3 162 0 8.4 17.4 7.5 2.5 4 1 3 5 5
-6327.2 4181.8 -17.4 337 0 6.1 7.8 5.0 0.0 0 1 2 3 3
-6181.2 3517.1 -13.7 73 0 8.3 13.3 7.5 2.5 2 1 3 1 1
-6608.4 3564.5 -14.7 277 0 10.0 9.2 2.5 2.5 4 0 1 4 4
-6701.9 3596.7 -15.8 246 0 8.1 6.0 2.5 2.5 2 0 1 2 2
-6268.5 5270.3 -15.9 344 0 17.7 11.4 7.5 2.5 2 0 3 1 1
-6147.3 4011.0 -16.2 67 0 13.4 17.6 7.5 2.5 2 1 3 5 5
-6548.8 3618.7 -15.4 272 0 8.1 5.6 7.5 2.5 2 0 3 5 5
-5862.6 3889.7 -14.0 73 0 7.3 11.0 7.5 2.5 2 1 3 5 5
-6545.0 3574.7 -15.3 94 0 7.1 10.7 5.0 2.5 2 1 2 0 0
-5935.9 4439.1 -15.5 160 0 7.7 16.4 7.5 2.5 2 1 3 4 4
-5932.6 4368.1 -15.8 75 0 6.2 9.0 7.5 2.5 2 1 3 2 2
-6534.9 7916.7 -15.5 300 0 8.8 11.6 7.5 2.5 2 1 3 2 2
-6591.7 6985.9 -15.6 36 0 6.6 9.6 5.0 2.5 2 1 2 4 4
-6619.2 8064.3 -14.6 44 0 8.0 11.4 2.5 2.5 2 1 1 5 5
-6648.0 8111.2 -15.2 326 0 12.8 14.0 5.0 2.5 2 1 2 0 0
-6483.7 7731.1 -15.0 122 0 13.2 9.4 5.0 2.5 2 0 2 2 2
-6682.4 6476.7 -18.0 69 0 16.9 9.5 5.0 2.5 2 0 2 5 5
-6789.0 6919.2 -17.9 125 0 16.4 13.8 5.0 2.5 2 0 2 4 4
-6863.4 6766.5 -18.2 303 0 8.0 9.9 7.5 2.5 4 1 3 3 3
-6483.3 7863.8 -16.0 331 0 10.0 8.5 5.0 2.5 2 0 2 5 5
-6650.0 8068.3 -14.3 39 0 11.2 14.3 5.0 2.5 2 1 2 1 1
-6763.8 6959.0 -17.9 217 0 18.6 13.8 7.5 0.0 0 0 3 3 3
-6858.3 6605.3 -18.5 70 0 14.5 10.2 2.5 2.5 2 0 1 2 2
-6774.2 6549.2 -18.2 71 0 13.3 11.6 10.0 2.5 2 0 4 5 5
-6753.5 6909.1 -17.8 35 0 8.7 11.1 7.5 2.5 2 1 3 3 3
-6550.6 7929.2 -15.3 304 0 7.6 8.0 2.5 2.5 2 1 1 0 0
-6517.5 7898.6 -15.8 317 0 9.0 9.6 5.0 2.5 2 1 2 2 2
-6450.1 7785.1 -16.3 327 0 14.7 9.6 2.5 2.5 4 0 1 1 1
-6749.8 6452.9 -18.2 337 0 10.0 11.5 5.0 2.5 4 1 2 5 5
-6578.3 7838.8 -15.3 35 0 9.8 9.0 7.5 2.5 4 0 3 1 1
-6813.9 6672.7 -17.8 170 0 6.9 13.2 5.0 0.0 0 1 2 5 5
-6321.1 7299.2 -14.8 35 0 5.9 9.2 7.5 2.5 2 1 3 1 1
-6351.6 5734.3 -18.5 165 0 26.0 11.0 7.5 2.5 2 0 3 5 5
-6434.7 7311.1 -14.0 34 0 11.0 21.5 5.0 2.5 2 1 2 5 5
-6345.4 5788.8 -18.0 249 0 11.7 12.2 7.5 2.5 2 1 3 0 0
-6482.4 7402.2 -13.1 41 0 11.2 11.8 2.5 2.5 2 1 1 1 1
-6061.9 6706.6 -16.1 46 0 5.1 8.9 7.5 2.5 2 1 3 3 3
-6362.2 7257.9 -15.2 124 0 10.4 12.1 7.5 0.0 0 1 3 5 5
-6315.0 5718.4 -18.3 339 0 9.2 9.2 7.5 2.5 2 1 3 3 3
-6383.0 7653.7 -15.0 222 0 8.5 9.2 5.0 2.5 2 1 2 2 2
-6055.5 6926.5 -14.8 325 0 10.2 9.8 7.5 2.5 2 0 3 5 5
-6305.5 7208.8 -16.3 130 0 9.9 12.9 7.5 2.5 2 1 3 1 1
-6344.0 5664.0 -18.0 159 0 11.7 11.1 5.0 2.5 2 0 2 0 0
-6366.2 7642.1 -15.2 310 0 8.8 4.8 7.5 2.5 2 0 3 4 4
-6103.8 7004.1 -15.9 133 0 4.8 8.8 7.5 2.5 2 1 3 3 3
-5837.0 6119.7 -16.2 177 0 13.4 17.3 5.0 2.5 2 1 2 2 2
-5840.8 6206.5 -15.9 303 0 9.1 9.5 7.5 2.5 2 1 3 3 3
-6595.9 6039.7 -16.1 252 0 13.4 10.6 10.0 2.5 2 0 4 5 5
-6361.0 7446.6 -14.9 217 0 15.0 8.9 7.5 2.5 2 0 3 3 3
-6149.7 6943.9 -16.2 43 0 9.1 8.9 7.5 2.5 2 0 3 2 2
-6155.3 7013.3 -16.4 215 0 8.4 9.7 7.5 2.5 2 1 3 3 3
-5948.1 6392.3 -13.1 42 0 16.3 8.4 7.5 2.5 2 0 3 3 3
-6625.3 6022.8 -16.3 248 0 9.2 17.3 2.5 2.5 2 1 1 0 0
-6299.5 7417.8 -15.5 305 0 9.6 15.9 7.5 2.5 2 1 3 4 4
-6130.8 7040.6 -16.3 220 0 6.3 9.3 5.0 2.5 2 1 2 5 5
-5998.1 6405.7 -14.5 129 0 14.3 8.3 5.0 2.5 2 0 2 2 2
-6687.0 5972.7 -16.9 256 0 6.4 10.3 7.5 2.5 2 1 3 2 2
-6262.9 7404.7 -15.5 309 0 10.6 10.4 5.0 0.0 0 0 2 5 5
-6260.2 7323.1 -14.8 89 0 11.8 9.4 2.5 2.5 2 0 1 1 1
-6221.1 7189.4 -16.8 318 0 15.5 11.7 10.0 0.0 0 0 4 5 5
-6856.1 8152.3 -16.4 38 0 7.5 6.2 5.0 0.0 0 0 2 4 4
-5982.1 6505.8 -17.0 312 0 9.8 8.8 7.5 2.5 2 0 3 3 3
-6651.5 5946.1 -16.7 70 0 11.1 8.1 7.5 2.5 2 0 3 0 0
-6644.0 5966.6 -16.6 70 0 10.6 9.2 7.5 2.5 2 0 3 1 1
-6354.4 7328.1 -14.4 217 0 8.8 13.3 5.0 2.5 2 1 2 2 2
-6234.8 7166.8 -16.9 51 0 8.5 9.0 2.5 2.5 2 1 1 4 4
-6886.4 8231.7 -14.9 306 0 10.2 8.2 7.5 2.5 2 0 3 0 0
-6013.2 6495.7 -17.1 126 0 5.2 8.4 5.0 2.5 2 1 2 5 5
-6671.7 5976.3 -16.7 162 0 6.5 12.3 5.0 2.5 2 1 2 2 2
-6338.9 7356.7 -14.2 217 0 14.1 7.7 7.5 2.5 4 0 3 3 3
-6294.2 7133.2 -16.8 216 0 6.4 9.6 5.0 2.5 2 1 2 5 5
-6901.2 8205.6 -15.5 38 0 5.7 8.2 2.5 2.5 2 1 1 1 1
-6017.4 6572.3 -17.2 304 0 10.9 10.4 7.5 2.5 2 0 3 4 4
-6630.3 5878.3 -16.7 158 0 8.5 9.1 5.0 2.5 2 1 2 1 1
-5786.7 3328.0 -12.8 358 0 15.6 8.6 5.0 2.5 2 0 2 3 3
-5798.4 3436.7 -14.7 102 0 9.1 11.3 5.0 2.5 2 1 2 5 5
-5824.2 3323.4 -13.3 87 0 9.9 11.1 5.0 2.5 2 1 2 3 3
5447.3 2693.5 7.0 190 0 7.4 8.4 5.0 2.5 2 1 2 2 2
-1077.4 -7875.1 -17.5 78 0 18.3 12.6 5.0 2.5 2 0 2 1 1
-406.4 -7650.5 -12.3 231 0 12.7 35.4 2.5 0.0 0 1 1 1 1
-6692.6 -6893.7 -17.2 93 0 8.3 10.5 5.0 2.5 2 1 2 1 1
-6737.5 -6935.2 -15.7 2 0 8.7 12.3 5.0 2.5 2 1 2 5 5
-6826.3 -7333.9 -18.2 11 0 12.9 7.7 5.0 2.5 2 0 2 1 1
-6827.5 -7262.4 -17.8 182 0 12.7 5.4 5.0 2.5 2 0 2 5 5
-6798.4 -7598.7 -19.1 3 0 5.9 15.2 5.0 0.0 0 1 2 5 5
-6851.7 -7482.9 -17.8 5 0 8.4 10.9 7.5 2.5 2 1 3 0 0
-6715.1 -7167.8 -16.8 5 0 8.2 11.6 7.5 2.5 2 1 3 2 2
-6744.0 -7207.6 -17.9 195 0 12.1 10.9 7.5 2.5 2 0 3 5 5
-6707.0 -6797.6 -18.3 190 0 12.1 12.1 7.5 2.5 2 0 3 4 4
-6937.7 -7167.4 -20.6 188 0 16.4 8.1 2.5 2.5 4 0 1 0 0
-6088.7 -7226.3 -17.6 180 0 11.5 17.1 10.0 2.5 2 1 4 5 5
-6622.5 -6777.6 -19.8 3 0 11.3 8.6 7.5 2.5 2 0 3 1 1
-6142.3 -7396.4 -19.1 194 0 11.5 6.5 7.5 2.5 2 0 3 3 3
-6826.7 -7632.3 -19.5 95 0 10.8 12.8 5.0 2.5 2 1 2 3 3
-6848.3 -7608.5 -19.0 194 0 14.9 10.3 5.0 2.5 2 0 2 5 5
-6847.1 -7356.6 -17.7 96 0 7.4 8.6 7.5 2.5 2 1 3 1 1
-6863.6 -7758.1 -22.0 93 0 16.1 8.2 2.5 2.5 2 0 1 0 0
-6724.0 -6891.0 -16.5 184 0 8.5 9.4 5.0 2.5 2 1 2 0 0
-6835.0 -7403.1 -18.1 99 0 11.7 10.0 5.0 2.5 2 0 2 2 2
-6797.4 -7267.9 -18.6 1 0 13.6 8.6 5.0 2.5 2 0 2 3 3
-6803.1 -7311.0 -18.5 3 0 12.7 9.9 7.5 2.5 2 0 3 1 1
-6714.8 -7220.2 -18.6 12 0 10.4 7.3 5.0 2.5 2 0 2 0 0
-6954.4 -7783.6 -21.7 87 0 5.9 9.8 5.0 2.5 2 1 2 0 0
-6681.9 -6830.1 -18.2 8 0 13.5 8.8 7.5 2.5 2 0 3 4 4
-6769.1 -7278.2 -19.0 275 0 9.1 12.2 5.0 2.5 4 1 2 5 5
-6844.2 -7531.0 -18.3 9 0 6.0 9.4 7.5 2.5 2 1 3 2 2
-6138.2 -7116.3 -18.7 167 0 8.7 14.1 2.5 0.0 0 1 1 4 4
-6072.9 -7371.6 -18.5 349 0 7.5 7.7 2.5 0.0 0 1 1 3 3
-6801.1 -7235.5 -18.0 270 0 14.0 6.9 2.5 2.5 2 0 1 1 1
-6943.1 -7737.2 -20.8 188 0 5.7 9.5 2.5 2.5 2 1 1 5 5
-6825.1 -7600.7 -19.0 188 0 12.2 7.5 2.5 2.5 2 0 1 5 5
-6842.2 -7736.5 -21.8 276 0 11.0 13.4 2.5 2.5 4 1 1 3 3
-6920.2 -7129.9 -20.0 3 0 6.3 4.7 2.5 2.5 2 0 1 1 1
-6070.7 -7248.7 -17.1 173 0 7.4 16.2 5.0 2.5 2 1 2 0 0
-6673.8 -6895.0 -17.6 92 0 9.7 7.2 5.0 2.5 2 0 2 0 0
-6723.5 -7142.9 -16.5 274 0 9.8 12.7 5.0 2.5 2 1 2 1 1
-6951.8 -7137.9 -21.3 186 0 11.5 8.7 7.5 2.5 2 0 3 3 3
-6699.3 -6813.1 -18.1 192 0 7.6 6.6 7.5 2.5 4 0 3 3 3
-6036.3 -7221.5 -16.4 269 0 9.7 15.3 5.0 2.5 2 1 2 2 2
-6111.3 -7391.5 -18.7 13 0 5.8 12.8 7.5 2.5 2 1 3 5 5
-6808.5 -7338.0 -18.4 10 0 11.0 11.9 7.5 2.5 2 1 3 4 4
-6768.5 -6934.4 -15.0 179 0 13.7 8.6 7.5 2.5 4 0 3 1 1
-6116.0 -7424.9 -20.0 12 0 5.9 12.3 7.5 2.5 2 1 3 5 5
-6849.5 -7516.4 -18.1 8 0 11.2 7.1 2.5 2.5 2 0 1 5 5
-6813.6 -7358.6 -18.3 13 0 6.7 10.0 7.5 2.5 4 1 3 3 3
-6166.7 -7170.7 -20.7 84 0 10.2 18.0 5.0 2.5 4 1 2 5 5
-6874.4 -7345.2 -16.9 190 0 10.8 7.1 7.5 2.5 2 0 3 5 5
-6924.5 -7790.3 -21.9 359 0 9.5 19.9 5.0 2.5 2 1 2 5 5
-6826.9 -7311.3 -18.0 12 0 6.7 15.8 5.0 2.5 2 1 2 0 0
-6886.6 -7739.0 -21.4 184 0 11.8 15.7 10.0 2.5 2 1 4 3 3
-6944.1 -7123.7 -20.9 183 0 3.2 15.3 7.5 2.5 2 1 3 5 5
-6816.2 -7315.6 -18.3 14 0 5.6 9.8 7.5 2.5 2 1 3 3 3
-6708.3 -6835.8 -17.8 196 0 7.5 14.6 7.5 2.5 2 1 3 2 2
-6951.8 -7761.5 -21.4 180 0 12.5 6.5 5.0 0.0 0 0 2 5 5
-6780.0 -7250.6 -18.4 13 0 11.5 8.0 5.0 2.5 2 0 2 5 5
-2227.1 792.8 -11.2 75 0 10.0 13.4 5.0 2.5 2 1 2 3 3
6411.7 -6822.6 -5.1 339 0 12.1 19.5 7.5 2.5 2 1 3 2 2
6466.7 -6583.4 -2.9 349 0 40.9 24.5 5.0 0.0 0 0 2 0 0
6153.3 -4313.6 -2.9 199 0 11.6 23.6 7.5 2.5 2 1 3 0 0
6028.9 -4434.2 -5.1 19 0 17.4 7.9 5.0 2.5 2 0 2 0 0
6037.6 -4404.0 -4.8 19 0 15.4 5.9 2.5 2.5 2 0 1 0 0
6058.3 -4364.0 -4.7 19 0 57.0 10.3 7.5 2.5 2 0 3 0 0
6266.6 -3878.9 -7.1 8 0 14.4 13.6 7.5 2.5 2 0 3 3 3
5974.8 -4449.9 -5.8 11 0 13.8 8.6 5.0 2.5 2 0 2 5 5
6006.4 -4420.9 -5.1 18 0 3.9 17.6 5.0 0.0 0 1 2 5 5
5946.7 8492.5 3.8 190 0 9.1 8.5 2.5 2.5 2 0 1 4 4
5973.6 8464.3 5.4 107 0 26.5 13.2 7.5 2.5 2 0 3 1 1
5997.0 8473.9 5.6 288 0 6.7 17.7 5.0 2.5 2 1 2 0 0
-2872.2 2994.8 -9.7 351 0 7.2 16.2 5.0 2.5 2 1 2 4 4
-2895.1 2972.2 -8.3 83 0 5.7 20.7 5.0 2.5 2 1 2 4 4
-2464.4 1245.4 -11.6 248 0 6.3 9.7 2.5 2.5 4 1 1 4 4
-2486.3 1232.5 -12.3 161 0 14.4 6.5 5.0 2.5 4 0 2 3 3
-2699.1 -708.7 -9.1 81 0 15.1 6.2 7.5 2.5 4 0 3 2 2
-2862.1 2967.6 -9.3 354 0 10.5 10.5 5.0 2.5 2 1 2 5 5
-2261.5 802.7 -11.6 258 0 6.2 15.1 5.0 2.5 2 1 2 5 5
-2726.7 -705.7 -9.1 89 0 8.2 10.8 7.5 2.5 2 1 3 0 0
-2651.5 -393.0 -6.6 93 0 11.0 8.6 2.5 2.5 4 0 1 4 4
-2635.6 -254.3 -7.3 91 0 4.7 12.8 5.0 2.5 4 1 2 1 1
-2886.9 3085.6 -4.5 353 0 9.3 11.4 5.0 2.5 2 1 2 3 3
-2234.6 869.2 -10.7 254 0 4.4 9.6 7.5 2.5 2 1 3 3 3
-2449.2 1141.7 -13.1 165 0 11.0 5.0 7.5 2.5 2 0 3 5 5
-2436.9 1153.1 -13.0 255 0 9.4 4.8 7.5 2.5 2 0 3 5 5
-2419.7 1140.4 -12.7 73 0 9.6 8.3 5.0 2.5 2 0 2 3 3
2780.5 5057.0 -10.4 278 0 4.4 5.7 7.5 2.5 2 1 3 2 2
3002.5 5316.2 -9.0 277 0 5.9 8.2 2.5 2.5 2 1 1 4 4
2816.4 5324.6 -8.0 98 0 7.8 16.0 5.0 2.5 2 1 2 1 1
2849.3 5473.8 -6.2 8 0 13.8 10.6 5.0 2.5 2 0 2 0 0
2948.4 5326.0 -8.6 278 0 7.6 21.0 7.5 2.5 2 1 3 2 2
2989.9 5336.7 -9.1 278 0 11.3 7.2 5.0 2.5 4 0 2 0 0
2752.4 5359.9 -6.3 184 0 7.1 13.5 5.0 2.5 2 1 2 5 5
2894.6 4934.3 -9.3 23 0 18.9 19.7 7.5 2.5 2 1 3 4 4
2993.4 5303.6 -8.9 277 0 14.6 7.7 7.5 2.5 2 0 3 1 1
2790.4 5033.5 -10.6 10 0 8.7 5.5 5.0 2.5 2 0 2 3 3
2910.3 5324.8 -8.2 275 0 4.3 7.0 5.0 2.5 2 1 2 5 5
2929.4 5307.7 -8.4 277 0 15.0 6.0 5.0 2.5 2 0 2 0 0
2959.3 5715.8 -4.7 282 0 11.2 15.9 7.5 0.0 0 1 3 3 3
2983.1 5669.5 -5.1 13 0 10.6 7.0 7.5 2.5 2 0 3 4 4
2921.6 5337.7 -8.5 271 0 12.8 6.0 2.5 2.5 2 0 1 4 4
2940.0 5632.1 -4.5 103 0 17.1 7.7 7.5 2.5 2 0 3 4 4
2803.6 4922.3 -4.0 283 0 5.8 9.5 2.5 2.5 2 1 1 3 3
2471.1 7281.2 -11.9 172 0 9.6 6.7 7.5 0.0 0 0 3 0 0
2455.1 7262.3 -11.3 351 0 11.9 8.2 7.5 2.5 2 0 3 4 4
2117.5 7245.5 -10.4 107 0 14.2 6.0 7.5 2.5 2 0 3 4 4
2104.4 7271.3 -10.5 196 0 11.0 5.8 5.0 2.5 2 0 2 4 4
2831.7 6999.6 -7.4 115 0 9.7 12.8 7.5 2.5 2 1 3 5 5
2453.5 7345.6 -12.1 177 0 8.4 9.6 5.0 2.5 2 1 2 5 5
2424.4 7255.6 -11.0 90 0 5.5 16.7 2.5 0.0 0 1 1 0 0
801.5 4855.1 -11.2 97 0 9.0 11.2 2.5 2.5 2 1 1 1 1
702.9 4292.4 -10.7 197 0 5.9 11.4 5.0 2.5 2 1 2 5 5
3122.0 7183.1 -6.3 277 0 9.2 6.5 5.0 2.5 2 0 2 0 0
3118.5 7151.4 -6.2 98 0 9.3 6.5 7.5 2.5 4 0 3 1 1
1875.0 1700.1 -11.1 104 0 9.2 9.5 5.0 2.5 2 1 2 4 4
3095.6 7167.8 -5.5 192 0 9.8 6.4 7.5 2.5 2 0 3 5 5
2957.7 5346.2 -9.3 269 0 75.9 66.6 10.0 0.0 0 0 4 1 1
-556.5 7575.5 -16.0 94 0 11.3 5.6 5.0 2.5 2 0 2 0 0
-447.3 7712.4 -15.8 3 0 10.2 6.3 2.5 2.5 2 0 1 4 4
-489.8 7716.4 -15.8 284 0 6.3 9.7 5.0 2.5 2 1 2 3 3
-453.5 7692.6 -15.8 5 0 6.2 10.2 5.0 2.5 2 1 2 2 2
-517.0 7579.5 -16.0 358 0 8.5 6.8 2.5 2.5 2 0 1 0 0
-660.5 8521.9 -16.5 268 0 8.4 16.8 7.5 2.5 2 1 3 0 0
-601.6 8328.7 -16.5 92 0 13.4 5.9 2.5 2.5 2 0 1 1 1
-419.9 8108.7 -15.0 180 0 12.4 9.3 5.0 2.5 2 0 2 4 4
-388.4 8095.3 -15.4 360 0 13.0 5.6 5.0 2.5 2 0 2 1 1
-406.7 8087.1 -15.2 91 0 8.6 5.7 7.5 2.5 2 0 3 5 5
-383.6 8197.8 -15.3 1 0 6.5 16.6 2.5 2.5 2 1 1 1 1
-414.5 8303.3 -16.7 270 0 6.2 13.4 5.0 2.5 2 1 2 0 0
-394.4 8244.9 -16.2 3 0 4.8 6.1 7.5 2.5 2 1 3 4 4
-361.0 7893.7 -14.8 95 0 6.0 11.4 5.0 2.5 2 1 2 2 2
-372.5 7969.9 -16.2 197 0 6.1 5.5 7.5 2.5 2 0 3 0 0
-339.4 7952.8 -16.3 96 0 6.3 18.1 7.5 2.5 4 1 3 0 0
-340.9 7979.7 -16.6 4 0 6.4 12.2 2.5 2.5 2 1 1 0 0
-593.3 8360.5 -16.6 272 0 14.0 5.3 5.0 2.5 2 0 2 4 4
-418.4 8255.5 -16.3 182 0 10.5 9.0 2.5 2.5 2 0 1 2 2
-431.1 8040.7 -15.6 90 0 7.7 11.3 5.0 2.5 2 1 2 2 2
-413.0 8226.5 -15.9 183 0 7.0 13.0 7.5 2.5 2 1 3 4 4
-445.7 8064.0 -15.4 272 0 9.8 4.4 7.5 0.0 0 0 3 1 1
-687.8 8515.7 -16.3 277 0 6.2 4.2 7.5 2.5 2 0 3 3 3
-454.5 8045.5 -15.4 92 0 6.1 11.8 7.5 2.5 4 1 3 5 5
-612.1 8338.9 -16.6 186 0 7.5 4.3 5.0 2.5 2 0 2 0 0
-367.7 7955.4 -15.9 183 0 3.2 5.1 7.5 2.5 2 1 3 1 1
-696.7 8507.9 -16.3 92 0 9.2 4.5 2.5 2.5 2 0 1 2 2
-350.0 8016.9 -16.4 275 0 5.3 8.9 7.5 2.5 2 1 3 0 0
-433.5 8304.7 -16.6 270 0 4.2 4.6 7.5 0.0 0 1 3 4 4
-394.8 8259.8 -16.4 2 0 4.6 6.3 5.0 2.5 2 1 2 2 2
-323.1 8025.2 -16.7 272 0 10.0 6.3 5.0 0.0 0 0 2 5 5
-406.7 8271.4 -16.4 3 0 5.4 5.2 7.5 2.5 2 0 3 4 4
-315.4 8007.0 -16.7 2 0 11.1 5.0 7.5 2.5 2 0 3 3 3
-422.9 8177.1 -14.7 169 0 5.9 5.8 7.5 2.5 2 0 3 1 1
-308.7 8075.7 -16.5 270 0 5.8 7.2 2.5 2.5 2 1 1 4 4
-323.2 7977.3 -16.6 4 0 8.1 4.4 2.5 2.5 2 0 1 3 3
-539.6 7591.7 -16.0 273 0 3.5 7.1 5.0 2.5 4 1 2 5 5
-470.4 7719.3 -15.8 274 0 3.5 5.3 5.0 0.0 0 1 2 2 2
-2641.0 7608.9 -14.3 179 0 8.7 7.2 5.0 2.5 2 0 2 4 4
-2595.5 7914.8 -16.8 2 0 4.7 14.8 7.5 2.5 2 1 3 2 2
-2607.2 7941.3 -17.0 199 0 10.5 5.8 2.5 2.5 4 0 1 4 4
-2581.6 7919.5 -16.9 95 0 6.3 16.9 7.5 0.0 0 1 3 4 4
-2589.3 7911.5 -16.7 92 0 6.4 6.2 7.5 2.5 2 0 3 4 4
-2323.0 8228.9 -14.7 94 0 6.4 11.1 5.0 2.5 2 1 2 1 1
-2353.1 8251.9 -14.8 275 0 7.4 11.2 2.5 2.5 2 1 1 5 5
5985.5 -6993.1 -8.0 87 0 31.8 14.5 7.5 2.5 2 0 3 0 0
-2468.1 2357.4 -7.9 166 0 10.3 5.5 2.5 2.5 2 0 1 5 5
-837.6 -174.8 -13.6 92 0 19.2 7.9 5.0 0.0 0 0 2 0 0
198.5 -611.8 -9.5 283 0 5.0 11.7 7.5 2.5 2 1 3 1 1
197.3 -1410.1 -10.3 271 0 8.2 10.5 5.0 2.5 2 1 2 0 0
157.5 -1340.3 -11.2 271 0 15.8 7.0 2.5 2.5 2 0 1 1 1
233.9 -627.3 -8.1 4 0 12.0 9.1 5.0 2.5 2 0 2 1 1
141.4 -1368.2 -11.2 92 0 5.4 13.4 7.5 0.0 0 1 3 2 2
220.6 -1406.3 -9.8 275 0 14.6 7.2 2.5 2.5 4 0 1 1 1
-854.5 -149.9 -13.3 179 0 19.2 6.6 7.5 2.5 2 0 3 1 1
209.5 -992.6 -8.8 96 0 8.9 11.6 2.5 0.0 0 1 1 4 4
199.3 -966.2 -9.3 274 0 14.9 5.0 2.5 0.0 0 0 1 4 4
226.6 -297.0 -11.1 0 0 5.1 3.6 7.5 2.5 2 0 3 1 1
225.4 16.1 -11.1 277 0 5.2 17.7 5.0 2.5 2 1 2 4 4
207.0 -153.4 -11.8 93 0 5.5 11.6 2.5 2.5 2 1 1 2 2
224.7 -215.8 -11.8 270 0 10.6 12.1 10.0 0.0 0 1 4 2 2
247.6 3.3 -10.4 9 0 8.9 5.3 5.0 2.5 2 0 2 1 1
230.2 -155.0 -12.0 94 0 8.0 10.5 2.5 2.5 2 1 1 5 5
198.3 -214.6 -11.6 270 0 5.9 16.1 5.0 2.5 4 1 2 4 4
6177.8 -7052.4 -7.5 67 0 10.7 19.5 7.5 2.5 4 0 3 3 3
6169.3 -7027.8 -7.3 179 0 13.8 9.3 5.0 2.5 2 0 2 0 0
6175.0 -6966.0 -6.7 344 0 12.8 11.1 5.0 0.0 0 0 2 4 4
6137.5 -6967.2 -7.0 270 0 9.1 13.3 5.0 2.5 2 1 2 2 2
6895.4 -7668.9 -7.5 326 0 5.3 9.1 7.5 2.5 2 1 3 2 2
6919.4 -7654.8 -7.9 236 0 11.1 10.5 5.0 2.5 2 0 2 3 3
6937.3 -7642.7 -8.0 234 0 10.9 10.5 5.0 2.5 2 0 2 5 5
6855.4 -7655.6 -7.1 150 0 6.4 8.7 5.0 2.5 2 0 2 1 1
6886.9 -7641.2 -7.3 325 0 5.4 8.8 2.5 2.5 2 1 1 3 3
6956.9 -7638.8 -8.2 145 0 10.6 14.9 5.0 0.0 0 1 2 3 3
6955.9 -7694.8 -8.7 56 0 11.6 16.3 5.0 2.5 2 1 2 0 0
6925.2 -7701.3 -8.3 236 0 7.4 14.1 7.5 2.5 4 1 3 2 2
6897.8 -7720.6 -8.0 235 0 12.1 10.5 5.0 2.5 2 0 2 5 5
6900.5 -7741.0 -8.2 145 0 6.2 15.6 5.0 2.5 2 1 2 3 3
6921.3 -7725.3 -8.2 325 0 4.4 6.2 2.5 2.5 2 1 1 5 5
6911.0 -7755.2 -8.4 145 0 8.9 9.2 5.0 2.5 2 1 2 1 1
6919.5 -7767.6 -8.8 146 0 10.9 8.9 5.0 0.0 0 0 2 4 4
6954.7 -7763.3 -9.5 54 0 9.3 8.3 5.0 2.5 2 0 2 1 1
6949.8 -7790.8 -9.8 325 0 9.2 7.7 5.0 2.5 2 0 2 0 0
6126.4 -2915.2 -3.3 91 0 11.7 10.6 7.5 2.5 4 0 3 5 5
6099.0 -2535.0 -2.9 260 0 14.2 15.8 10.0 2.5 2 1 4 5 5
5953.1 -2594.0 -3.0 270 0 5.0 13.0 7.5 2.5 2 1 3 2 2
6098.9 -2517.0 -2.7 260 0 8.4 9.5 7.5 0.0 0 1 3 5 5
6166.5 -2918.1 -4.0 93 0 12.1 25.4 10.0 2.5 2 1 4 5 5
6128.3 -2868.3 -2.7 274 0 14.0 6.4 2.5 2.5 2 0 1 5 5
6212.0 -2742.9 -6.1 97 0 5.8 10.5 2.5 2.5 2 1 1 1 1
6191.6 -2726.5 -5.9 92 0 19.6 9.2 7.5 2.5 2 0 3 5 5
6137.0 -3577.1 -3.5 275 0 11.2 12.9 2.5 0.0 0 1 1 2 2
6159.4 -3625.8 -3.5 5 0 13.1 10.2 5.0 0.0 0 0 2 4 4
6156.1 -3703.3 -3.3 9 0 10.1 11.7 5.0 2.5 2 1 2 5 5
6143.5 -3720.3 -3.4 183 0 9.7 10.3 7.5 2.5 2 1 3 5 5
6072.1 -3089.5 -1.0 100 0 11.6 10.2 2.5 2.5 2 0 1 4 4
6079.2 -3049.1 -1.7 280 0 9.2 20.1 5.0 2.5 2 1 2 4 4
6140.5 -3840.9 -4.3 187 0 9.3 12.4 5.0 2.5 2 1 2 1 1
6185.1 -3382.3 -3.8 99 0 12.5 11.4 10.0 2.5 2 0 4 3 3
6144.3 -3813.4 -4.1 181 0 14.1 7.7 5.0 2.5 2 0 2 1 1
6165.6 -3279.4 -3.4 273 0 7.5 13.3 7.5 2.5 2 1 3 2 2
6070.9 -2608.4 -2.8 348 0 9.3 6.7 5.0 2.5 2 0 2 3 3
6116.0 -3425.3 -3.4 278 0 9.6 11.0 5.0 2.5 2 1 2 3 3
6078.2 -3389.8 -2.9 96 0 15.3 9.4 5.0 2.5 2 0 2 0 0
6108.0 -3346.9 -2.6 269 0 11.7 12.2 7.5 2.5 4 1 3 4 4
6168.8 -3872.5 -4.8 7 0 10.0 10.4 2.5 2.5 2 1 1 1 1
6118.6 -3403.3 -3.4 95 0 12.2 11.9 2.5 2.5 2 0 1 0 0
6240.1 -3424.4 -5.3 277 0 17.1 12.9 5.0 2.5 2 0 2 2 2
6191.6 -3940.6 -4.7 1 0 11.6 8.8 2.5 2.5 4 0 1 0 0
6167.2 -3968.8 -4.2 96 0 13.3 11.4 2.5 2.5 4 0 1 4 4
6169.1 -4070.2 -4.9 95 0 11.3 15.4 5.0 2.5 4 1 2 0 0
6147.1 -3609.8 -3.4 7 0 7.8 18.5 7.5 2.5 4 1 3 5 5
6142.0 -4034.6 -4.4 275 0 16.0 6.9 5.0 0.0 0 0 2 4 4
6248.9 -3452.4 -5.5 98 0 5.3 9.4 5.0 2.5 2 1 2 3 3
6145.7 -3742.9 -3.4 184 0 10.0 10.2 2.5 2.5 2 1 1 0 0
6039.6 -3073.4 -1.6 275 0 9.4 11.6 5.0 2.5 2 1 2 2 2
6053.6 -3091.9 -1.1 99 0 13.4 7.4 7.5 2.5 2 0 3 5 5
6136.6 -4073.6 -4.7 94 0 16.7 8.1 5.0 2.5 2 0 2 0 0
6083.8 -3344.3 -2.5 273 0 7.1 13.8 2.5 2.5 2 1 1 2 2
6122.7 -4038.4 -4.4 274 0 11.8 17.9 5.0 2.5 2 1 2 2 2
6179.6 -3315.2 -3.8 95 0 16.1 11.0 10.0 2.5 2 0 4 2 2
6129.0 -4281.7 -3.2 227 0 8.5 5.7 5.0 2.5 2 0 2 1 1
6208.6 -3300.4 -4.7 6 0 17.0 10.0 5.0 2.5 4 0 2 1 1
6222.4 -3455.1 -4.9 99 0 9.6 9.4 5.0 2.5 2 0 2 2 2
6206.5 -3282.0 -4.7 5 0 7.1 29.6 7.5 2.5 2 1 3 0 0
5783.6 -3330.6 -2.9 9 0 14.4 13.9 7.5 2.5 2 0 3 0 0
6153.3 -4188.7 -5.2 95 0 15.1 11.8 7.5 2.5 2 0 3 3 3
5767.7 -3391.1 -2.8 92 0 12.9 13.0 10.0 2.5 2 1 4 1 1
6044.3 -4540.4 -6.2 282 0 9.0 8.7 7.5 2.5 2 0 3 3 3
6037.3 -4484.3 -6.0 293 0 3.6 5.2 7.5 2.5 4 1 3 0 0
6424.4 -4488.2 -4.0 11 0 8.8 16.4 5.0 2.5 2 1 2 0 0
6443.6 -4415.4 -2.1 135 0 10.6 11.6 5.0 2.5 2 1 2 1 1
6433.7 -4433.8 -2.8 12 0 9.1 7.3 5.0 2.5 2 0 2 4 4
6494.1 -4275.3 1.4 1 0 13.8 10.4 7.5 2.5 4 0 3 5 5
6420.8 -4398.6 -2.2 285 0 7.1 12.9 5.0 2.5 2 1 2 2 2
6430.0 -4466.0 -3.6 12 0 6.0 10.7 5.0 2.5 2 1 2 4 4
6408.7 -4479.6 -4.0 103 0 5.1 17.6 7.5 0.0 0 1 3 3 3
6469.7 -4306.1 0.3 91 0 18.3 13.3 2.5 2.5 2 0 1 0 0
6446.1 -4286.3 0.1 179 0 35.1 10.1 10.0 0.0 0 0 4 4 4
6055.5 -4293.4 -4.4 190 0 6.8 3.4 7.5 2.5 2 0 3 2 2
6055.0 -4286.5 -4.8 190 0 3.3 5.3 7.5 2.5 2 1 3 5 5
5990.8 -4404.7 -5.1 20 0 12.9 6.4 2.5 2.5 2 0 1 4 4
5942.9 -4428.1 -5.5 188 0 7.1 20.1 7.5 2.5 4 1 3 2 2
5944.3 -4499.9 -5.7 197 0 13.2 12.0 7.5 2.5 2 0 3 4 4
6001.2 -4438.6 -5.3 20 0 5.5 5.1 7.5 2.5 2 0 3 2 2
5999.4 -4429.3 -5.2 19 0 6.6 8.1 7.5 2.5 2 1 3 4 4
6157.4 -3776.3 -3.6 5 0 11.2 6.2 5.0 2.5 2 0 2 0 0
6147.0 -3649.9 -3.2 6 0 7.0 21.6 7.5 0.0 0 1 3 0 0
6107.6 -3647.1 -3.0 98 0 10.4 27.2 7.5 2.5 2 1 3 1 1
5400.3 -7819.2 -12.5 108 0 12.0 14.1 10.0 2.5 2 1 4 2 2
4440.2 -7426.2 -13.6 1 0 6.7 6.1 7.5 2.5 2 0 3 3 3
6246.9 -6925.9 -5.5 250 0 24.9 18.2 10.0 2.5 2 0 4 1 1
6298.8 -6906.7 -4.6 247 0 12.0 13.0 7.5 2.5 2 1 3 2 2
6525.0 -6882.7 -8.5 179 0 7.5 11.2 5.0 2.5 2 0 2 5 5
6526.2 -6844.3 -8.5 185 0 7.9 13.4 7.5 2.5 2 1 3 5 5
6639.8 -7225.0 -7.5 148 0 8.9 9.1 7.5 0.0 0 1 3 4 4
4353.9 -7486.6 -13.8 357 0 12.5 11.0 7.5 2.5 2 0 3 4 4
4367.6 -7490.6 -13.8 175 0 8.8 9.5 5.0 2.5 2 1 2 4 4
4431.4 -7483.7 -13.9 1 0 11.7 10.2 5.0 2.5 2 0 2 3 3
4428.3 -7460.7 -13.8 359 0 12.2 12.1 5.0 2.5 2 0 2 3 3
4432.8 -7420.1 -13.6 358 0 13.0 13.1 2.5 2.5 2 1 1 4 4
4420.4 -7390.7 -13.5 268 0 12.7 9.9 5.0 2.5 2 0 2 1 1
4428.0 -7373.3 -14.1 88 0 14.9 11.9 2.5 2.5 2 0 1 2 2
4446.9 -7451.1 -14.0 181 0 7.8 12.4 5.0 0.0 0 1 2 0 0
4448.3 -7437.3 -13.8 180 0 4.1 9.8 5.0 2.5 2 1 2 5 5
4123.3 -7490.5 -14.1 88 0 17.1 13.6 2.5 2.5 2 0 1 4 4
4126.1 -7450.6 -14.1 267 0 11.4 14.8 2.5 2.5 2 1 1 5 5
4066.8 -7459.5 -13.9 86 0 13.8 7.3 5.0 2.5 2 0 2 1 1
4079.2 -7452.7 -13.9 178 0 5.1 9.2 5.0 0.0 0 1 2 5 5
4071.5 -7487.7 -14.0 176 0 9.0 11.6 5.0 2.5 2 1 2 1 1
4098.0 -7491.5 -14.1 89 0 16.4 13.5 7.5 2.5 2 0 3 1 1
4048.3 -7485.2 -13.9 358 0 12.5 10.0 2.5 2.5 2 0 1 3 3
4019.2 -7500.3 -13.8 87 0 10.6 11.2 5.0 2.5 2 1 2 4 4
4090.6 -7535.9 -14.0 292 0 4.7 12.6 2.5 2.5 2 1 1 5 5
4104.4 -7542.1 -14.0 290 0 13.4 10.7 5.0 2.5 2 0 2 2 2
4196.0 -7477.5 -14.1 177 0 11.0 16.9 2.5 2.5 2 1 1 0 0
4214.4 -7454.0 -14.0 268 0 5.0 6.7 7.5 2.5 2 1 3 5 5
4235.4 -7492.3 -14.0 87 0 17.3 12.3 5.0 2.5 2 0 2 5 5
4099.8 -7394.9 -13.6 87 0 8.4 12.3 2.5 2.5 4 1 1 2 2
3990.4 -7422.8 -13.5 267 0 11.9 12.3 2.5 2.5 4 1 1 5 5
3961.1 -7427.6 -13.4 268 0 11.4 10.5 5.0 2.5 2 0 2 1 1
3919.6 -7514.8 -13.6 88 0 8.9 8.6 5.0 2.5 2 0 2 5 5
3919.1 -7496.5 -13.5 268 0 8.9 9.6 5.0 0.0 0 0 2 4 4
3888.1 -7507.1 -13.5 88 0 7.7 16.3 7.5 2.5 2 1 3 3 3
4023.5 -7541.8 -13.8 286 0 10.7 13.2 2.5 2.5 2 1 1 5 5
4029.6 -7576.2 -13.8 108 0 6.3 19.0 7.5 2.5 2 1 3 3 3
4201.1 -7447.9 -14.2 267 0 9.0 11.8 2.5 2.5 2 1 1 1 1
4281.5 -7449.1 -13.8 171 0 13.4 11.4 5.0 2.5 2 0 2 3 3
3852.9 -7420.2 -12.8 266 0 12.8 10.6 5.0 2.5 2 0 2 2 2
4351.9 -7534.4 -13.8 199 0 7.8 3.7 2.5 2.5 2 0 1 3 3
4374.7 -7525.6 -14.1 289 0 9.8 12.1 2.5 2.5 2 1 1 4 4
4425.2 -7521.4 -14.1 289 0 11.0 11.2 5.0 2.5 2 1 2 2 2
4566.8 -7541.2 -15.3 107 0 10.4 11.8 5.0 0.0 0 1 2 2 2
4224.5 -7536.8 -14.2 286 0 13.4 8.2 5.0 2.5 4 0 2 3 3
4269.7 -7528.5 -14.0 291 0 5.9 19.7 5.0 2.5 2 1 2 4 4
4321.8 -7539.7 -13.7 199 0 10.4 18.3 2.5 2.5 2 1 1 5 5
4309.2 -7546.8 -13.8 289 0 7.3 25.8 5.0 2.5 2 1 2 1 1
4392.4 -7553.4 -14.3 113 0 17.4 6.3 2.5 2.5 2 0 1 2 2
4449.7 -7535.3 -14.3 20 0 10.4 14.6 2.5 2.5 2 1 1 5 5
4475.7 -7530.3 -14.5 19 0 10.5 10.1 2.5 0.0 0 0 1 0 0
4463.8 -7577.8 -14.7 199 0 9.4 12.0 5.0 2.5 2 1 2 2 2
4470.7 -7591.6 -14.8 199 0 10.8 5.3 7.5 2.5 2 0 3 3 3
4479.5 -7533.8 -14.7 201 0 13.2 12.3 5.0 2.5 2 0 2 2 2
4511.3 -7489.0 -14.5 93 0 8.9 16.9 5.0 2.5 4 1 2 0 0
4481.8 -7473.2 -14.3 186 0 9.4 9.6 5.0 2.5 2 1 2 5 5
4455.1 -7420.4 -13.8 182 0 12.5 10.7 2.5 2.5 2 0 1 0 0
4455.4 -7400.5 -13.6 183 0 15.5 12.7 5.0 0.0 0 0 2 0 0
4462.8 -7376.3 -13.8 183 0 11.1 10.3 5.0 2.5 2 0 2 5 5
4639.5 -7495.8 -15.5 108 0 7.4 11.8 5.0 2.5 2 1 2 1 1
4654.7 -7483.7 -15.5 115 0 17.2 9.1 5.0 0.0 0 0 2 0 0
4658.6 -7525.2 -15.6 289 0 10.5 9.6 2.5 2.5 2 0 1 1 1
4641.1 -7526.8 -15.6 289 0 5.9 15.7 5.0 2.5 2 1 2 4 4
4717.3 -7546.4 -15.4 288 0 9.2 9.7 5.0 2.5 2 1 2 0 0
4470.8 -7345.4 -14.3 272 0 13.9 11.7 5.0 2.5 2 0 2 0 0
4459.1 -7314.2 -14.7 182 0 7.7 15.4 7.5 0.0 0 1 3 5 5
4500.9 -7343.6 -14.3 217 0 9.9 18.5 5.0 2.5 2 1 2 2 2
4503.6 -7271.1 -14.0 183 0 12.1 13.5 2.5 2.5 2 1 1 4 4
4476.8 -6890.5 -15.0 183 0 13.8 14.1 5.0 2.5 2 1 2 3 3
4450.6 -6955.9 -14.4 3 0 12.5 15.3 5.0 0.0 0 1 2 0 0
4469.3 -7149.2 -14.1 181 0 15.0 9.4 5.0 2.5 4 0 2 3 3
4351.0 -7183.5 -13.6 87 0 11.2 21.3 15.0 0.0 0 1 6 5 5
4409.0 -7182.8 -13.8 86 0 12.1 10.6 5.0 2.5 2 0 2 4 4
4438.6 -7215.2 -13.9 357 0 13.7 12.0 5.0 2.5 2 0 2 5 5
4393.4 -7364.9 -14.2 359 0 13.7 9.1 5.0 2.5 2 0 2 1 1
4697.6 -7515.0 -15.3 110 0 9.0 18.3 5.0 2.5 4 1 2 3 3
4743.5 -7553.8 -15.4 286 0 8.9 9.0 2.5 2.5 2 1 1 3 3
4777.8 -7561.9 -15.5 289 0 6.8 11.2 5.0 2.5 2 1 2 4 4
4843.4 -7584.2 -15.5 290 0 9.8 12.2 5.0 2.5 2 1 2 5 5
4856.1 -7590.1 -15.5 288 0 11.3 11.7 2.5 2.5 2 1 1 5 5
4906.0 -7577.8 -15.5 108 0 11.6 10.4 2.5 2.5 2 0 1 4 4
4965.3 -7624.1 -14.5 290 0 10.5 14.1 7.5 2.5 2 1 3 5 5
4979.5 -7629.1 -14.4 289 0 10.3 10.7 2.5 2.5 2 1 1 0 0
5012.5 -7647.2 -14.0 287 0 11.6 11.6 7.5 2.5 2 0 3 3 3
5033.7 -7607.5 -14.3 18 0 12.3 13.1 5.0 0.0 0 1 2 0 0
5060.4 -7655.9 -13.5 288 0 5.6 12.0 2.5 2.5 2 1 1 4 4
5083.0 -7663.8 -13.3 289 0 11.0 9.5 5.0 2.5 2 0 2 1 1
5160.9 -7658.2 -13.7 113 0 10.7 15.6 5.0 2.5 2 1 2 5 5
5150.7 -7696.0 -13.7 199 0 10.7 11.8 5.0 2.5 2 1 2 0 0
5192.5 -7715.3 -14.0 21 0 15.4 11.2 5.0 0.0 0 0 2 5 5
5204.1 -7722.1 -14.3 202 0 9.0 13.4 2.5 2.5 2 1 1 3 3
5160.7 -7780.5 -14.3 19 0 16.9 13.3 5.0 2.5 4 0 2 5 5
5152.5 -7813.4 -13.4 20 0 9.5 18.4 7.5 2.5 2 1 3 4 4
5281.0 -7769.3 -14.2 296 0 11.3 11.4 5.0 2.5 4 1 2 5 5
5303.5 -7721.9 -14.2 18 0 10.5 11.7 5.0 2.5 2 1 2 2 2
5325.8 -7800.3 -13.4 291 0 9.6 8.6 5.0 2.5 2 0 2 1 1
5387.3 -7841.3 -12.9 294 0 9.9 9.5 5.0 2.5 2 0 2 5 5
5451.0 -7849.3 -12.4 109 0 12.9 10.1 2.5 2.5 2 0 1 5 5
5466.0 -7899.2 -12.4 30 0 9.1 10.8 7.5 0.0 0 1 3 4 4
5487.3 -7871.0 -12.4 109 0 9.8 12.8 2.5 2.5 2 1 1 5 5
5737.8 -8075.0 -11.9 295 0 11.6 12.0 2.5 2.5 2 1 1 4 4
5750.1 -8083.5 -11.8 297 0 8.6 9.6 5.0 2.5 2 1 2 0 0
5783.6 -8104.5 -11.6 302 0 13.0 13.6 5.0 0.0 0 1 2 4 4
5866.9 -8161.9 -11.0 301 0 11.5 10.5 5.0 2.5 2 0 2 3 3
5982.8 -8239.1 -10.6 296 0 10.9 13.4 2.5 2.5 2 1 1 1 1
6073.0 -8260.1 -10.4 108 0 11.0 10.8 5.0 2.5 2 0 2 5 5
6086.4 -8265.1 -10.4 108 0 10.9 13.1 5.0 2.5 2 1 2 4 4
6096.0 -8330.5 -9.7 207 0 9.8 7.9 5.0 2.5 4 0 2 1 1
6176.1 -8373.2 -10.6 300 0 10.7 11.6 5.0 2.5 2 1 2 1 1
5435.7 -7833.8 -12.4 110 0 10.8 16.2 5.0 2.5 4 1 2 0 0
5521.0 -7942.2 -12.2 292 0 10.1 13.9 5.0 2.5 2 1 2 2 2
5546.0 -7949.2 -12.1 295 0 9.0 8.3 2.5 2.5 2 0 1 1 1
5567.3 -7961.3 -12.0 294 0 9.8 11.6 5.0 0.0 0 1 2 4 4
5585.9 -7974.4 -11.9 290 0 10.0 10.1 7.5 2.5 2 1 3 2 2
5603.5 -7953.2 -11.9 107 0 8.8 10.5 5.0 0.0 0 1 2 0 0
5607.5 -7941.0 -11.9 108 0 5.9 11.2 7.5 2.5 2 1 3 3 3
5586.3 -7921.5 -12.0 200 0 9.0 16.8 5.0 2.5 2 1 2 3 3
5608.0 -7911.5 -11.9 289 0 6.7 8.0 7.5 2.5 2 1 3 3 3
5616.5 -7914.7 -11.9 288 0 9.1 4.7 5.0 2.5 2 0 2 1 1
5648.1 -7976.3 -12.2 117 0 12.4 13.3 2.5 2.5 2 1 1 2 2
5349.9 -7779.5 -13.7 31 0 11.4 20.7 7.5 2.5 2 1 3 0 0
5247.2 -7756.7 -14.6 21 0 14.7 14.7 5.0 2.5 2 1 2 2 2
5278.6 -7687.8 -14.4 291 0 11.7 13.7 5.0 2.5 2 1 2 5 5
5188.9 -7637.9 -13.8 23 0 8.2 6.0 2.5 2.5 2 0 1 1 1
5210.2 -7603.8 -13.8 21 0 9.5 10.8 5.0 2.5 2 1 2 4 4
5200.0 -7609.9 -13.7 19 0 4.9 7.0 2.5 2.5 4 1 1 0 0
5140.8 -7654.9 -13.5 113 0 10.3 7.2 5.0 2.5 2 0 2 2 2
5074.3 -7607.0 -13.8 201 0 10.4 14.0 2.5 2.5 2 1 1 2 2
5091.1 -7635.5 -13.5 111 0 5.4 10.4 5.0 2.5 2 1 2 3 3
5005.0 -7610.6 -14.4 109 0 9.2 5.0 5.0 2.5 2 0 2 2 2
4886.8 -7571.0 -15.5 110 0 9.8 10.3 5.0 2.5 2 1 2 2 2
4879.2 -7568.2 -15.5 109 0 6.5 13.1 7.5 2.5 2 1 3 1 1
4862.9 -7563.7 -15.5 109 0 9.5 9.0 5.0 2.5 2 0 2 0 0
4831.6 -7579.4 -15.5 291 0 4.9 8.8 5.0 2.5 4 1 2 5 5
4842.3 -7556.3 -15.5 109 0 8.5 9.1 2.5 2.5 2 1 1 5 5
4858.1 -7523.6 -15.4 290 0 11.3 11.8 7.5 2.5 2 1 3 4 4
4673.2 -7538.0 -15.4 289 0 13.2 15.0 5.0 2.5 2 1 2 3 3
4628.6 -7556.9 -15.5 197 0 8.5 17.4 5.0 0.0 0 1 2 1 1
4623.7 -7517.6 -15.5 289 0 5.5 13.4 5.0 0.0 0 1 2 2 2
4608.3 -7508.9 -15.4 289 0 8.9 16.5 5.0 2.5 4 1 2 5 5
4059.5 -7424.1 -13.7 268 0 9.5 12.1 5.0 2.5 2 1 2 4 4
5197.7 -7748.8 -14.4 201 0 10.0 9.7 5.0 2.5 2 0 2 0 0
5181.2 -7741.4 -14.2 22 0 10.7 14.8 10.0 2.5 2 1 4 3 3
5178.5 -7751.7 -14.2 22 0 3.9 13.2 7.5 2.5 2 1 3 4 4
5121.8 -7682.6 -13.5 290 0 5.8 12.2 5.0 2.5 2 1 2 3 3
5116.0 -7680.3 -13.4 291 0 5.2 14.3 5.0 2.5 2 1 2 0 0
4991.4 -7645.7 -14.2 291 0 13.4 10.1 5.0 2.5 2 0 2 2 2
4829.8 -7609.0 -15.6 111 0 14.0 7.9 2.5 2.5 2 0 1 0 0
4839.7 -7619.4 -15.6 110 0 8.3 15.2 7.5 2.5 2 1 3 4 4
5636.4 -8002.0 -12.1 315 0 7.3 12.7 2.5 2.5 2 1 1 3 3
5642.7 -8052.8 -12.2 116 0 13.8 11.5 2.5 2.5 4 0 1 2 2
5641.6 -8020.9 -12.1 296 0 5.8 28.3 2.5 2.5 2 1 1 2 2
5452.5 -7921.4 -12.5 200 0 13.1 16.0 5.0 2.5 2 0 2 2 2
5309.2 -7409.5 -15.8 199 0 15.2 11.0 5.0 2.5 2 0 2 0 0
5325.1 -7394.7 -16.0 202 0 5.7 11.8 5.0 2.5 2 1 2 0 0
4410.3 -7479.5 -13.8 88 0 10.5 6.2 5.0 2.5 2 0 2 2 2
4367.0 -7478.2 -13.7 177 0 4.4 9.5 2.5 2.5 2 1 1 5 5
4345.6 -7467.6 -13.6 358 0 5.7 6.9 7.5 2.5 2 1 3 1 1
5223.0 -7644.0 -13.9 203 0 10.7 13.8 2.5 2.5 2 1 1 3 3
5293.4 -7450.6 -15.3 201 0 8.7 11.5 5.0 2.5 4 1 2 2 2
5253.0 -7571.3 -14.0 201 0 13.7 14.1 5.0 2.5 2 1 2 0 0
5267.4 -7592.6 -13.9 21 0 6.3 4.0 5.0 2.5 2 0 2 0 0
5240.2 -7597.9 -13.9 200 0 10.3 10.4 5.0 2.5 4 0 2 3 3
5238.8 -7604.7 -13.9 200 0 3.3 8.7 5.0 2.5 2 0 2 3 3
6271.2 -6886.8 -3.3 159 0 8.7 12.3 3.5 2.5 2 1 1 1 1
6527.8 -6902.8 -8.7 179 0 9.9 6.5 2.5 2.5 2 0 1 0 0
-6267.3 1237.1 -6.7 344 0 9.3 9.0 5.0 2.5 2 0 2 4 4
-6225.7 1298.3 -7.9 91 0 11.3 13.9 5.0 2.5 2 1 2 4 4
-6225.9 1405.2 -8.5 358 0 15.3 17.1 10.0 2.5 2 1 4 1 1
-6344.3 1179.7 -8.0 167 0 13.6 16.7 7.5 2.5 2 1 3 3 3
-6264.1 1209.5 -7.4 348 0 10.6 6.6 7.5 2.5 2 0 3 0 0
-6234.2 1775.1 -10.3 90 0 17.1 21.4 12.5 0.0 0 1 5 3 3
-6198.4 1852.3 -10.8 89 0 9.2 12.2 7.5 2.5 2 1 3 0 0
-6272.3 1451.1 -7.8 177 0 13.4 8.5 7.5 2.5 2 0 3 1 1
-6686.8 995.4 -17.0 92 0 12.1 13.0 10.0 2.5 2 1 4 5 5
-6694.5 1257.4 -17.3 89 0 10.6 14.3 7.5 2.5 4 1 3 2 2
-6237.2 1576.7 -9.6 83 0 14.2 14.4 5.0 0.0 0 1 2 1 1
-6264.9 1855.6 -8.0 1 0 11.1 9.6 7.5 2.5 2 0 3 3 3
-6268.6 1894.0 -8.1 271 0 9.2 9.0 7.5 2.5 2 0 3 3 3
-6017.1 1599.3 -11.8 83 0 5.0 10.1 5.0 2.5 4 1 2 2 2
-5878.0 1104.0 -8.0 90 0 7.5 11.2 7.5 2.5 2 1 3 2 2
-6183.7 1974.3 -9.4 180 0 5.5 10.1 2.5 2.5 2 1 1 2 2
-6185.2 2081.2 -11.5 360 0 18.2 7.2 5.0 2.5 2 0 2 3 3
-6262.7 1106.8 -9.0 270 0 9.8 8.8 7.5 2.5 2 0 3 1 1
-6771.5 1003.9 -17.4 97 0 10.0 9.6 5.0 2.5 2 0 2 4 4
-6876.5 960.2 -17.2 273 0 10.3 12.4 7.5 0.0 0 1 3 2 2
-6884.3 928.2 -17.0 5 0 14.6 5.8 7.5 2.5 4 0 3 0 0
-6898.9 888.9 -16.5 1 0 10.4 6.2 5.0 2.5 2 0 2 3 3
-6862.4 1041.3 -17.4 98 0 6.5 12.4 5.0 2.5 2 1 2 5 5
-6501.0 1638.9 -13.8 101 0 7.2 11.3 7.5 2.5 4 1 3 3 3
-6490.8 1709.9 -13.3 181 0 11.9 11.0 5.0 2.5 2 0 2 1 1
-6496.5 1729.2 -13.9 180 0 9.3 8.5 2.5 2.5 2 0 1 1 1
-6490.0 1757.1 -13.7 273 0 11.3 9.3 2.5 2.5 4 0 1 2 2
-6498.4 1936.3 -13.9 358 0 9.6 7.1 2.5 0.0 0 0 1 5 5
-6467.2 1840.0 -11.9 358 0 15.3 10.7 5.0 2.5 2 0 2 3 3
-6510.8 1880.3 -14.3 178 0 6.3 9.3 7.5 2.5 2 1 3 0 0
-6511.6 2022.9 -14.1 84 0 5.4 5.4 2.5 2.5 2 1 1 2 2
-6548.0 2055.6 -14.5 92 0 6.8 9.5 5.0 2.5 2 1 2 5 5
-6509.9 2086.8 -14.3 269 0 8.6 10.8 7.5 0.0 0 1 3 1 1
-6545.6 2099.0 -14.9 177 0 10.1 6.7 5.0 2.5 2 0 2 0 0
-6542.2 2139.6 -14.3 175 0 7.7 7.5 7.5 2.5 2 0 3 1 1
-6510.8 2150.7 -13.5 86 0 8.0 9.3 7.5 0.0 0 1 3 2 2
-6514.2 2195.1 -13.2 269 0 5.1 7.6 2.5 2.5 2 1 1 0 0
-6539.1 2174.6 -14.1 267 0 5.6 9.6 5.0 2.5 2 1 2 1 1
6144.9 -8303.1 -9.8 111 0 6.6 13.7 5.0 2.5 2 1 2 3 3
6132.5 -8296.9 -10.0 115 0 13.2 17.9 2.5 2.5 2 1 1 3 3
6173.0 -8326.3 -9.9 122 0 9.1 12.6 7.5 2.5 2 1 3 5 5
6149.1 -8358.6 -10.2 301 0 14.5 14.1 2.5 2.5 2 0 1 2 2
6191.9 -8387.4 -10.5 301 0 10.9 9.4 7.5 2.5 2 0 3 0 0
6213.9 -8393.2 -10.5 302 0 12.1 12.7 10.0 2.5 2 1 4 1 1
6266.4 -8448.0 -10.5 214 0 8.7 11.6 2.5 2.5 2 1 1 5 5
6305.3 -8465.4 -10.7 302 0 8.8 13.2 5.0 2.5 2 1 2 1 1
6329.8 -8463.8 -10.9 304 0 8.6 10.0 7.5 2.5 2 1 3 3 3
6328.2 -8503.5 -10.7 125 0 11.0 12.2 7.5 2.5 2 1 3 5 5
6338.0 -8524.3 -10.2 125 0 9.9 18.8 5.0 2.5 2 1 2 2 2
6453.2 -8494.1 -11.3 33 0 8.1 12.9 2.5 2.5 2 1 1 0 0
2878.3 -6790.6 -15.4 88 0 6.2 8.0 2.5 2.5 2 1 1 3 3
2837.3 -6441.3 -15.0 355 0 17.7 6.0 7.5 0.0 0 0 3 3 3
1812.5 -6467.9 -11.9 184 0 26.7 12.1 10.0 2.5 2 0 4 4 4
1402.4 -6500.0 -11.8 271 0 18.4 16.6 7.5 2.5 2 0 3 3 3
1505.0 -6519.3 -12.8 269 0 14.4 14.6 5.0 2.5 2 1 2 5 5
1529.0 -6515.2 -12.9 270 0 10.7 10.2 2.5 2.5 2 0 1 5 5
1504.6 -6486.4 -12.5 93 0 10.8 11.6 10.0 2.5 2 0 4 1 1
3710.3 -7737.4 -13.4 290 0 10.7 12.3 5.0 2.5 2 1 2 2 2
3715.2 -7756.7 -13.6 199 0 6.2 16.4 5.0 2.5 2 1 2 3 3
3723.8 -7735.8 -13.4 197 0 7.6 13.0 5.0 2.5 2 1 2 4 4
3755.5 -7752.7 -13.6 25 0 25.4 12.6 10.0 2.5 2 0 4 5 5
3763.1 -7651.0 -13.2 289 0 6.2 12.7 2.5 2.5 2 1 1 5 5
3788.2 -7683.8 -13.4 17 0 7.8 24.3 7.5 2.5 2 1 3 3 3
3999.7 -7558.2 -13.7 195 0 10.6 7.4 5.0 2.5 2 0 2 1 1
3684.1 -7786.2 -13.7 201 0 10.6 14.0 5.0 2.5 2 1 2 0 0
3695.8 -7839.0 -14.3 20 0 4.4 13.1 5.0 2.5 2 1 2 0 0
3661.3 -7872.1 -14.9 110 0 12.0 10.9 5.0 2.5 2 0 2 0 0
6499.2 -6897.2 -7.0 351 0 8.9 11.5 2.5 2.5 2 1 1 1 1
6501.9 -6914.6 -7.4 347 0 10.7 6.3 7.5 2.5 2 0 3 1 1
5102.9 6009.2 0.9 19 0 10.5 15.7 5.0 2.5 2 1 2 2 2
5093.3 6440.2 1.5 111 0 9.4 13.0 7.5 0.0 0 1 3 4 4
5027.8 6412.0 0.3 17 0 16.2 12.5 2.5 2.5 2 0 1 0 0
4127.5 -7587.6 -13.8 113 0 18.7 7.3 7.5 2.5 2 0 3 5 5
3476.2 -8096.7 -16.9 250 0 9.3 19.2 2.5 2.5 2 1 1 1 1
3476.7 -8128.2 -16.8 68 0 15.0 7.3 7.5 2.5 2 0 3 0 0
3457.3 -8126.1 -16.4 69 0 10.1 15.4 10.0 2.5 2 1 4 5 5
3418.0 -8187.6 -15.6 340 0 9.4 10.9 7.5 2.5 2 1 3 2 2
3391.5 -8185.5 -15.2 160 0 15.6 6.4 7.5 2.5 2 0 3 3 3
3387.1 -8166.1 -15.2 156 0 8.3 14.5 5.0 2.5 2 1 2 4 4
3372.3 -8208.0 -14.8 249 0 5.8 11.3 5.0 2.5 2 1 2 5 5
3390.7 -8216.1 -15.1 62 0 5.4 4.0 7.5 2.5 2 0 3 0 0
3353.8 -8213.1 -14.6 254 0 6.5 19.8 7.5 2.5 2 1 3 3 3
3324.8 -8222.7 -14.2 251 0 8.9 11.4 5.0 2.5 2 1 2 3 3
3288.8 -8126.9 -13.0 336 0 6.0 6.3 5.0 2.5 2 1 2 2 2
3277.0 -8226.7 -13.7 249 0 8.1 22.2 5.0 2.5 2 1 2 2 2
3273.3 -8247.9 -13.8 249 0 6.0 5.9 7.5 2.5 2 0 3 3 3
3256.2 -8244.9 -13.9 249 0 5.8 11.7 7.5 2.5 2 1 3 0 0
3261.3 -8226.2 -13.3 161 0 7.3 11.2 5.0 2.5 2 1 2 3 3
3251.2 -8225.2 -13.4 342 0 6.9 10.2 7.5 2.5 2 1 3 1 1
3248.7 -8246.7 -13.8 342 0 8.8 11.6 7.5 2.5 2 1 3 4 4
5661.5 -7278.4 -16.6 10 0 7.1 13.9 5.0 0.0 0 1 2 1 1
5635.9 -7256.3 -16.5 280 0 10.0 10.3 5.0 2.5 2 1 2 5 5
5640.7 -7309.2 -16.6 17 0 10.3 5.8 7.5 2.5 2 0 3 4 4
5604.3 -7250.5 -15.9 281 0 7.1 7.0 5.0 0.0 0 0 2 1 1
5629.6 -7360.0 -16.8 15 0 16.1 12.6 5.0 2.5 2 0 2 1 1
5595.5 -7361.9 -16.8 197 0 6.1 3.9 7.5 2.5 2 0 3 2 2
5623.1 -7384.3 -16.9 15 0 14.8 12.1 5.0 2.5 2 0 2 0 0
5618.2 -7402.8 -16.9 15 0 9.5 13.8 5.0 0.0 0 1 2 2 2
5542.7 -7414.5 -16.8 110 0 11.3 10.5 5.0 2.5 2 0 2 5 5
5520.1 -7407.8 -16.6 196 0 15.8 6.7 5.0 2.5 2 0 2 1 1
5529.7 -7419.4 -16.7 110 0 7.9 4.1 5.0 2.5 2 0 2 5 5
5465.9 -7629.9 -13.9 303 0 10.7 14.8 5.0 2.5 4 1 2 3 3
5448.7 -7671.6 -13.2 35 0 15.7 11.5 2.5 2.5 2 0 1 1 1
5395.9 -7708.6 -13.1 200 0 9.3 9.9 5.0 2.5 2 1 2 3 3
5393.7 -7691.7 -13.1 199 0 6.8 7.8 5.0 2.5 2 1 2 5 5
5378.6 -7699.2 -13.4 20 0 16.0 9.9 2.5 2.5 2 0 1 0 0
5526.5 2611.9 8.1 3 0 14.7 8.2 7.5 2.5 2 0 3 5 5
4113.0 6328.8 -9.8 202 0 12.3 9.9 7.5 2.5 2 0 3 5 5
4825.2 3941.5 -0.3 285 0 6.7 15.2 7.5 2.5 2 1 3 4 4
5606.0 2651.3 6.5 274 0 11.9 9.5 7.5 2.5 2 0 3 4 4
5504.3 2685.0 6.5 101 0 8.2 5.3 5.0 2.5 2 0 2 1 1
5764.6 2741.0 4.0 197 0 7.1 9.6 7.5 2.5 2 1 3 1 1
5781.0 2742.2 3.7 287 0 11.4 11.1 7.5 2.5 2 0 3 4 4
5601.7 2856.8 4.8 7 0 10.4 8.0 5.0 2.5 2 0 2 5 5
5609.7 2778.8 3.7 191 0 5.1 10.4 7.5 2.5 2 1 3 5 5
5527.8 2633.2 7.6 2 0 12.8 9.2 5.0 2.5 2 0 2 1 1
6914.7 -1487.6 -0.3 18 0 10.9 20.4 2.5 0.0 0 1 1 1 1
5916.6 -1229.5 -1.3 116 0 14.2 12.0 7.5 2.5 2 0 3 0 0
2665.0 -6468.4 -15.3 353 0 9.9 17.2 5.0 2.5 2 1 2 1 1
1811.4 -6498.7 -12.5 184 0 10.6 9.8 7.5 0.0 0 0 3 3 3
1829.5 -6516.4 -12.8 183 0 10.0 11.9 2.5 2.5 2 1 1 0 0
1844.4 -6421.4 -10.9 91 0 14.1 10.2 5.0 2.5 2 0 2 2 2
1860.6 -6445.7 -11.1 273 0 10.7 11.0 5.0 0.0 0 1 2 1 1
1815.9 -6759.8 -15.5 352 0 12.0 10.8 5.0 2.5 2 0 2 1 1
1925.9 -6765.7 -15.5 89 0 9.1 8.0 7.5 0.0 0 0 3 3 3
1823.2 -6967.7 -15.3 77 0 12.8 11.0 7.5 2.5 2 0 3 0 0
1829.1 -6947.8 -15.3 72 0 4.9 10.1 5.0 2.5 2 1 2 4 4
1800.9 -6945.9 -15.3 163 0 17.4 8.3 5.0 2.5 2 0 2 1 1
1845.6 -6931.7 -15.3 1 0 7.5 15.0 5.0 2.5 2 1 2 0 0
1850.9 -6966.8 -15.3 79 0 11.8 10.6 7.5 2.5 4 0 3 0 0
1799.9 -6894.0 -15.3 258 0 8.2 11.1 5.0 2.5 2 1 2 3 3
1767.3 -6598.8 -14.1 83 0 17.3 13.7 10.0 2.5 2 0 4 3 3
1759.4 -6473.0 -11.7 275 0 10.9 10.7 5.0 2.5 2 0 2 4 4
1753.7 -6499.0 -12.0 95 0 11.0 7.6 2.5 2.5 2 0 1 2 2
1747.3 -6436.5 -11.7 92 0 10.8 13.4 7.5 2.5 2 1 3 5 5
1748.8 -6394.7 -11.9 274 0 10.7 20.3 2.5 2.5 2 1 1 5 5
1792.7 -6431.7 -11.2 85 0 9.6 9.0 5.0 2.5 2 0 2 1 1
1777.3 -6414.1 -11.5 92 0 7.7 11.5 7.5 0.0 0 1 3 1 1
1790.7 -6387.3 -11.5 276 0 10.4 6.4 7.5 2.5 2 0 3 2 2
1826.5 -6368.4 -12.2 185 0 11.0 24.5 10.0 2.5 4 1 4 3 3
1854.7 -6397.6 -11.5 93 0 8.7 9.8 5.0 2.5 2 1 2 3 3
2801.4 -6456.5 -15.0 85 0 11.0 12.0 5.0 2.5 2 1 2 0 0
2794.5 -6488.2 -15.3 174 0 37.0 24.3 10.0 0.0 0 0 4 4 4
2813.8 -6570.9 -15.2 174 0 25.6 19.2 10.0 2.5 2 0 4 3 3
2780.5 -6418.0 -14.6 266 0 12.2 12.1 5.0 2.5 2 0 2 5 5
2761.4 -6419.5 -14.6 271 0 8.6 12.3 5.0 2.5 2 1 2 0 0
2651.4 -6431.0 -15.4 266 0 16.2 12.1 7.5 2.5 2 0 3 2 2
2642.1 -6450.1 -15.5 173 0 14.5 4.6 5.0 2.5 2 0 2 0 0
2680.0 -6349.6 -14.0 100 0 14.2 9.4 5.0 2.5 2 0 2 2 2
2610.2 -6331.7 -13.2 102 0 14.0 11.4 2.5 2.5 2 0 1 2 2
2633.1 -6312.5 -13.1 282 0 9.3 18.9 2.5 2.5 2 1 1 2 2
2578.7 -6308.3 -11.8 98 0 14.8 10.9 5.0 2.5 2 0 2 2 2
2571.3 -6277.5 -10.6 279 0 7.7 7.6 5.0 2.5 2 0 2 5 5
2541.9 -6315.3 -11.9 98 0 10.5 12.4 5.0 2.5 4 1 2 3 3
2555.5 -6269.9 -10.2 274 0 12.2 15.7 5.0 2.5 2 1 2 1 1
2532.3 -6262.1 -8.2 184 0 7.5 14.7 5.0 2.5 2 1 2 2 2
2515.1 -6312.8 -11.4 99 0 11.6 14.2 10.0 2.5 2 1 4 0 0
2485.8 -6308.0 -11.1 97 0 10.9 10.5 7.5 2.5 2 0 3 1 1
2471.1 -6353.6 -13.2 271 0 7.6 13.0 7.5 2.5 2 1 3 0 0
2458.7 -6300.4 -10.6 93 0 8.8 11.0 7.5 2.5 2 1 3 0 0
2470.1 -6303.9 -10.7 95 0 8.1 10.9 5.0 2.5 2 1 2 0 0
2440.5 -6300.9 -10.6 93 0 11.4 11.0 2.5 2.5 2 0 1 5 5
2420.0 -6306.1 -10.5 94 0 11.5 11.3 2.5 2.5 2 0 1 5 5
2420.3 -6267.0 -10.2 274 0 13.7 11.4 5.0 2.5 2 0 2 2 2
2392.1 -6372.4 -12.5 89 0 6.8 11.7 2.5 2.5 4 1 1 1 1
2353.4 -6341.1 -11.5 269 0 12.0 13.7 2.5 2.5 2 1 1 2 2
2344.0 -6376.2 -12.1 90 0 5.3 15.5 5.0 2.5 2 1 2 3 3
2329.3 -6345.9 -11.4 268 0 11.7 11.8 2.5 2.5 2 1 1 2 2
2327.3 -6319.2 -10.5 93 0 10.2 10.6 10.0 2.5 2 1 4 4 4
2345.0 -6317.1 -10.6 98 0 6.0 12.8 7.5 2.5 2 1 3 0 0
2309.6 -6347.9 -11.5 271 0 5.1 10.7 5.0 2.5 2 1 2 3 3
2274.4 -6326.7 -11.2 88 0 10.4 11.3 5.0 2.5 2 1 2 1 1
2265.2 -6363.8 -11.8 273 0 13.5 13.5 5.0 2.5 2 1 2 2 2
2272.1 -6392.1 -12.3 6 0 5.4 13.1 5.0 2.5 2 1 2 3 3
2240.8 -6371.4 -11.6 275 0 11.8 12.9 7.5 2.5 2 1 3 2 2
2239.8 -6331.1 -11.7 93 0 16.1 12.8 5.0 2.5 2 0 2 2 2
2239.7 -6288.5 -11.9 272 0 11.8 11.9 10.0 0.0 0 1 4 2 2
2209.4 -6345.1 -11.2 95 0 11.4 10.3 7.5 0.0 0 0 3 0 0
2214.6 -6323.8 -11.7 92 0 16.9 6.7 7.5 2.5 2 0 3 0 0
2197.9 -6306.0 -12.1 275 0 10.9 7.2 5.0 2.5 4 0 2 5 5
2195.0 -6344.1 -11.2 94 0 10.6 9.7 5.0 2.5 2 0 2 0 0
2176.1 -6344.7 -11.3 92 0 10.4 9.9 2.5 2.5 2 0 1 5 5
2213.3 -6371.8 -11.3 272 0 13.4 13.9 10.0 2.5 2 1 4 4 4
2215.3 -6394.3 -11.9 272 0 14.2 7.0 7.5 2.5 2 0 3 1 1
2225.9 -6378.3 -11.6 274 0 6.7 13.4 7.5 2.5 2 1 3 2 2
2192.1 -6382.7 -11.3 276 0 13.5 11.0 5.0 2.5 2 0 2 2 2
2177.5 -6417.3 -12.1 93 0 6.2 9.1 5.0 2.5 2 1 2 5 5
2170.6 -6382.8 -11.2 273 0 10.9 10.6 7.5 2.5 2 0 3 2 2
2155.1 -6408.3 -12.0 272 0 7.6 6.8 7.5 0.0 0 0 3 5 5
2151.3 -6385.6 -11.1 269 0 10.2 9.3 5.0 2.5 2 0 2 4 4
2156.3 -6346.6 -11.2 91 0 10.6 10.3 5.0 2.5 4 0 2 4 4
2084.4 -6364.5 -11.9 93 0 10.3 17.3 2.5 2.5 2 1 1 4 4
2068.1 -6337.3 -12.3 183 0 8.7 18.5 2.5 2.5 2 1 1 2 2
2137.8 -6319.8 -11.9 275 0 13.1 12.1 10.0 2.5 2 0 4 1 1
2136.0 -6365.3 -10.7 90 0 13.1 8.1 5.0 2.5 2 0 2 5 5
2117.9 -6368.9 -10.9 86 0 10.6 8.7 5.0 2.5 2 0 2 2 2
2113.5 -6354.0 -12.2 93 0 7.9 28.8 7.5 2.5 2 1 3 1 1
2114.2 -6400.6 -11.7 271 0 10.6 13.6 5.0 2.5 2 1 2 4 4
2098.1 -6398.9 -11.5 273 0 9.5 12.2 5.0 2.5 2 1 2 3 3
2096.7 -6423.5 -11.8 274 0 13.3 11.5 2.5 0.0 0 0 1 0 0
2085.9 -6452.9 -12.1 94 0 6.8 9.6 7.5 2.5 2 1 3 0 0
2099.6 -6449.9 -12.0 98 0 5.6 6.0 7.5 2.5 2 1 3 1 1
2046.0 -6472.2 -12.4 93 0 13.6 14.5 10.0 2.5 2 1 4 5 5
2037.7 -6409.2 -11.4 271 0 12.2 13.0 2.5 2.5 2 1 1 5 5
2014.4 -6429.6 -12.2 273 0 7.1 14.9 7.5 2.5 2 1 3 4 4
2002.7 -6417.2 -11.9 274 0 10.5 9.6 5.0 2.5 2 0 2 0 0
2014.5 -6377.6 -11.8 92 0 10.8 11.4 7.5 2.5 2 1 3 0 0
1959.1 -6394.0 -12.2 76 0 7.9 7.5 7.5 2.5 2 0 3 4 4
1939.9 -6360.4 -12.7 270 0 10.5 14.5 5.0 2.5 2 1 2 5 5
1959.2 -6351.6 -12.5 276 0 13.8 13.2 2.5 2.5 2 0 1 1 1
1925.0 -6403.8 -12.2 91 0 10.9 14.6 5.0 2.5 2 1 2 1 1
1924.8 -6358.7 -12.5 273 0 5.1 22.8 5.0 2.5 2 1 2 5 5
1911.2 -6405.1 -11.8 92 0 6.0 12.4 2.5 0.0 0 1 1 3 3
1910.4 -6387.0 -12.0 96 0 5.3 11.0 2.5 2.5 2 1 1 0 0
1893.3 -6376.4 -12.0 95 0 15.3 7.4 7.5 0.0 0 0 3 0 0
1891.7 -6405.3 -11.4 92 0 10.3 11.2 7.5 0.0 0 1 3 4 4
1884.8 -6393.0 -11.6 92 0 5.4 8.5 2.5 2.5 2 1 1 4 4
1910.4 -6437.9 -12.3 273 0 10.4 9.7 7.5 2.5 4 0 3 2 2
1896.2 -6441.7 -12.2 270 0 12.0 10.2 2.5 2.5 2 0 1 2 2
1884.7 -6443.8 -11.6 270 0 9.3 6.3 5.0 2.5 2 0 2 5 5
1922.2 -6476.5 -12.7 3 0 7.6 14.1 5.0 2.5 2 1 2 3 3
1871.6 -6455.0 -12.7 273 0 11.2 44.2 12.5 2.5 2 1 5 1 1
1867.5 -6416.2 -11.0 92 0 11.0 9.8 5.0 2.5 2 0 2 4 4
1873.7 -6402.4 -11.6 96 0 9.1 17.4 5.0 2.5 4 1 2 5 5
1880.5 -6350.3 -12.5 274 0 6.4 9.7 5.0 2.5 2 1 2 1 1
1684.9 -6451.2 -12.4 93 0 11.3 11.6 2.5 2.5 2 1 1 0 0
1700.6 -6409.4 -12.4 273 0 7.7 15.6 7.5 2.5 2 1 3 1 1
1700.3 -6482.9 -12.2 274 0 12.1 10.7 7.5 2.5 2 0 3 1 1
1680.0 -6496.3 -12.6 273 0 11.8 12.0 7.5 2.5 2 1 3 3 3
1662.1 -6455.6 -12.6 91 0 12.9 9.1 5.0 2.5 2 0 2 4 4
1661.3 -6491.3 -12.7 277 0 11.3 14.7 5.0 2.5 2 1 2 5 5
1656.3 -6528.2 -13.0 96 0 10.5 6.6 2.5 2.5 2 0 1 2 2
1639.5 -6492.5 -12.8 272 0 10.2 10.4 2.5 2.5 2 1 1 4 4
1645.8 -6523.9 -13.1 4 0 7.6 17.9 5.0 2.5 2 1 2 2 2
1620.6 -6501.9 -13.0 275 0 11.6 9.8 5.0 2.5 2 0 2 2 2
1644.4 -6461.8 -12.7 90 0 12.6 11.5 7.5 2.5 2 0 3 3 3
1622.8 -6466.7 -12.9 89 0 10.1 12.9 10.0 2.5 2 1 4 5 5
1602.9 -6462.7 -13.1 94 0 6.7 15.2 7.5 2.5 2 1 3 5 5
1631.3 -6447.4 -12.9 95 0 5.3 10.7 7.5 2.5 2 1 3 0 0
1618.4 -6443.1 -13.1 91 0 6.0 7.7 7.5 0.0 0 1 3 3 3
1619.2 -6423.4 -13.2 181 0 6.1 13.7 7.5 2.5 2 1 3 0 0
1646.4 -6434.1 -12.9 94 0 13.7 6.5 2.5 2.5 4 0 1 3 3
1652.6 -6397.4 -13.0 273 0 8.6 20.4 2.5 2.5 2 1 1 3 3
1579.0 -6463.0 -13.3 89 0 4.4 11.8 2.5 2.5 2 1 1 4 4
1584.2 -6525.7 -13.4 272 0 5.2 13.9 7.5 2.5 2 1 3 4 4
1543.7 -6480.8 -13.0 85 0 12.4 16.3 7.5 2.5 2 1 3 0 0
1545.9 -6442.8 -13.1 272 0 13.4 8.2 5.0 2.5 2 0 2 1 1
1560.0 -6470.5 -13.2 94 0 5.9 16.7 5.0 2.5 2 1 2 4 4
1524.1 -6538.0 -13.2 277 0 7.2 8.4 7.5 2.5 4 1 3 2 2
1556.8 -6517.6 -13.1 274 0 11.3 12.2 5.0 2.5 2 1 2 5 5
1495.9 -6474.4 -12.6 93 0 11.3 14.4 5.0 2.5 2 0 2 1 1
1510.5 -6447.8 -12.8 272 0 17.9 9.7 7.5 2.5 2 0 3 2 2
1482.4 -6528.1 -12.7 273 0 10.6 11.1 10.0 2.5 2 1 4 0 0
1476.4 -6568.6 -13.4 94 0 13.5 11.1 5.0 2.5 2 0 2 4 4
1463.1 -6533.4 -12.6 273 0 11.4 10.6 7.5 0.0 0 0 3 0 0
1473.2 -6491.5 -12.1 90 0 9.1 14.1 5.0 2.5 4 1 2 5 5
1460.1 -6480.7 -12.1 95 0 6.8 21.5 5.0 2.5 2 1 2 1 1
1474.6 -6445.1 -12.4 271 0 10.3 8.1 7.5 2.5 2 0 3 5 5
1430.8 -6447.8 -12.0 95 0 11.6 12.6 10.0 2.5 2 1 4 3 3
1403.6 -6530.3 -12.4 355 0 8.6 17.5 7.5 2.5 2 1 3 3 3
1401.1 -6432.8 -12.3 184 0 10.5 14.7 7.5 2.5 2 1 3 5 5
1376.4 -6417.6 -13.0 96 0 9.5 11.4 7.5 2.5 2 1 3 4 4
1371.7 -6377.3 -13.3 184 0 6.9 13.0 5.0 2.5 2 1 2 4 4
1389.6 -6403.2 -13.2 94 0 6.1 20.7 5.0 2.5 2 1 2 0 0
1393.5 -6578.9 -13.9 256 0 13.6 12.8 7.5 2.5 4 0 3 1 1
1378.5 -6588.8 -14.0 258 0 7.9 9.0 2.5 2.5 2 1 1 3 3
1396.4 -6489.2 -11.4 351 0 9.3 14.1 7.5 0.0 0 1 3 4 4
1384.7 -6502.6 -11.7 356 0 7.7 11.7 5.0 2.5 2 1 2 3 3
1379.8 -6468.8 -11.6 278 0 11.4 15.4 10.0 2.5 2 1 4 4 4
1338.5 -6512.9 -12.1 175 0 10.8 18.6 5.0 2.5 2 1 2 3 3
1366.9 -6325.8 -13.9 273 0 5.3 11.9 5.0 2.5 2 1 2 3 3
1343.9 -6318.4 -13.5 183 0 11.3 16.6 7.5 2.5 2 1 3 4 4
1450.1 -6461.7 -12.1 95 0 8.6 11.9 5.0 2.5 2 1 2 2 2
2781.1 -4639.4 -9.8 129 0 14.4 10.8 7.5 2.5 2 0 3 1 1
2129.1 -4185.5 -10.8 291 0 10.5 14.0 5.0 2.5 2 1 2 1 1
2144.2 -4152.0 -10.8 112 0 12.4 10.9 5.0 2.5 2 0 2 0 0
2650.7 -4365.3 -11.0 111 0 11.0 6.5 5.0 2.5 2 0 2 1 1
2671.8 -4365.4 -11.1 109 0 5.4 12.7 7.5 2.5 2 1 3 4 4
2607.6 -4395.7 -10.9 204 0 6.7 12.1 7.5 2.5 4 1 3 1 1
2625.6 -4323.7 -10.5 294 0 7.5 9.8 2.5 2.5 2 1 1 4 4
2606.0 -4346.8 -10.6 111 0 10.2 6.7 2.5 2.5 2 0 1 5 5
2581.5 -4332.5 -10.3 112 0 11.4 10.8 5.0 2.5 2 0 2 0 0
2507.8 -4333.2 -10.0 293 0 7.5 16.2 7.5 2.5 2 1 3 4 4
2514.3 -4351.3 -10.1 292 0 6.3 15.8 2.5 2.5 2 1 1 3 3
2496.1 -4367.1 -10.1 112 0 10.7 6.1 5.0 0.0 0 0 2 4 4
1771.0 -3985.0 -10.9 23 0 4.8 10.0 5.0 2.5 2 0 2 5 5
1426.6 -6590.3 -13.8 95 0 6.1 10.6 7.5 2.5 2 1 3 5 5
1206.3 -6730.0 -13.9 79 0 13.1 12.7 2.5 2.5 2 0 1 4 4
1196.2 -6690.3 -14.0 260 0 7.4 15.0 5.0 2.5 2 1 2 2 2
1194.6 -6816.3 -13.5 168 0 15.6 11.9 7.5 2.5 2 0 3 2 2
1232.1 -6841.3 -13.5 349 0 10.9 23.0 12.5 2.5 2 0 5 1 1
1228.4 -6823.7 -13.4 348 0 24.9 8.2 7.5 2.5 2 0 3 2 2
1219.7 -6801.9 -13.5 259 0 8.3 9.4 7.5 0.0 0 1 3 5 5
1147.4 -6970.4 -12.9 168 0 10.9 9.3 5.0 2.5 2 0 2 2 2
1169.5 -6957.6 -12.9 263 0 12.3 6.6 5.0 2.5 4 0 2 4 4
1194.6 -6960.1 -12.9 257 0 11.1 11.0 2.5 0.0 0 0 1 0 0
1216.0 -6978.3 -13.2 348 0 11.7 11.3 2.5 2.5 4 0 1 1 1
1219.7 -6996.4 -13.4 349 0 8.1 25.5 5.0 2.5 2 1 2 1 1
1092.2 -6944.5 -13.2 349 0 10.3 11.3 7.5 0.0 0 1 3 0 0
1072.9 -7013.7 -13.0 353 0 10.5 5.3 7.5 2.5 2 0 3 4 4
983.4 -7019.2 -13.1 169 0 10.3 16.8 7.5 2.5 2 1 3 1 1
1000.4 -7042.3 -12.8 170 0 7.2 13.3 7.5 2.5 4 1 3 2 2
1015.4 -7013.9 -13.0 262 0 6.6 15.4 5.0 2.5 2 1 2 0 0
970.9 -6935.2 -13.6 81 0 15.1 14.0 5.0 2.5 2 0 2 5 5
946.2 -6916.0 -13.7 169 0 14.9 9.2 7.5 2.5 2 0 3 1 1
988.7 -6904.7 -13.6 349 0 16.9 6.5 5.0 2.5 2 0 2 2 2
965.2 -6889.5 -13.7 257 0 18.4 12.0 5.0 2.5 2 0 2 1 1
974.9 -7063.1 -13.1 349 0 11.6 27.0 10.0 2.5 2 1 4 2 2
938.9 -7046.9 -13.2 167 0 12.6 5.8 5.0 2.5 2 0 2 0 0
922.6 -7017.4 -13.3 260 0 11.1 11.5 5.0 2.5 4 1 2 5 5
961.6 -7029.3 -13.0 348 0 5.6 11.6 5.0 2.5 2 1 2 1 1
961.5 -7300.2 -15.5 240 0 8.8 10.9 7.5 2.5 2 1 3 1 1
945.6 -7320.9 -15.7 242 0 7.2 19.8 5.0 0.0 0 1 2 4 4
675.4 -7053.5 -14.9 263 0 12.4 9.9 7.5 2.5 2 0 3 0 0
539.7 -7078.8 -15.2 258 0 11.8 11.7 2.5 2.5 2 0 1 0 0
520.4 -7094.2 -15.3 258 0 14.3 10.2 7.5 2.5 2 0 3 5 5
489.5 -7087.1 -15.0 257 0 12.0 9.8 5.0 2.5 2 0 2 2 2
411.2 -7101.3 -15.0 263 0 10.8 8.4 5.0 2.5 2 0 2 5 5
442.7 -7126.1 -15.1 72 0 9.1 18.5 7.5 2.5 2 1 3 4 4
383.3 -7107.3 -15.0 261 0 11.7 14.5 2.5 2.5 2 1 1 2 2
344.2 -7136.7 -15.1 79 0 13.4 11.4 2.5 2.5 2 0 1 2 2
280.6 -7123.7 -14.8 260 0 11.1 10.6 10.0 2.5 2 0 4 0 0
246.1 -7130.2 -14.6 259 0 10.3 10.7 7.5 2.5 2 1 3 5 5
218.6 -7131.4 -14.3 256 0 6.5 19.9 7.5 0.0 0 1 3 4 4
206.8 -7146.7 -14.2 270 0 7.6 10.5 7.5 2.5 2 1 3 2 2
181.1 -7145.1 -13.9 258 0 6.4 13.0 2.5 2.5 2 1 1 5 5
174.6 -7182.0 -13.9 79 0 11.9 10.0 7.5 2.5 2 0 3 1 1
157.8 -7148.4 -13.7 260 0 9.5 21.6 7.5 2.5 2 1 3 3 3
131.5 -7149.5 -13.3 260 0 10.0 10.8 5.0 2.5 2 1 2 4 4
1100.1 -6187.5 -12.6 353 0 11.7 9.5 5.0 2.5 2 0 2 2 2
1088.6 -6158.2 -12.7 264 0 15.6 9.3 5.0 2.5 2 0 2 2 2
1064.7 -6304.0 -13.4 79 0 20.0 19.8 7.5 2.5 2 0 3 0 0
1020.7 -6409.8 -13.8 259 0 12.0 11.7 5.0 2.5 2 0 2 5 5
1055.0 -6397.2 -13.9 259 0 8.1 4.6 7.5 2.5 2 0 3 0 0
1062.9 -6414.2 -13.9 348 0 11.6 5.5 7.5 2.5 2 0 3 2 2
996.0 -6426.4 -13.6 169 0 11.2 11.4 5.0 2.5 2 1 2 1 1
1007.9 -6457.9 -13.5 79 0 9.3 12.1 5.0 2.5 2 1 2 5 5
989.3 -6364.8 -13.8 83 0 11.4 10.2 2.5 2.5 2 0 1 2 2
991.9 -6331.5 -13.9 351 0 10.6 19.9 7.5 2.5 2 1 3 1 1
949.9 -6453.3 -13.5 262 0 11.3 10.8 2.5 2.5 2 0 1 2 2
918.1 -6461.8 -13.5 232 0 9.7 8.7 5.0 2.5 2 0 2 0 0
928.6 -6492.9 -13.6 75 0 8.0 9.8 5.0 2.5 2 1 2 4 4
893.0 -6404.5 -13.3 169 0 34.4 13.6 5.0 2.5 2 0 2 5 5
889.5 -6487.9 -13.6 261 0 13.4 10.8 7.5 2.5 2 0 3 4 4
882.2 -6529.2 -13.8 80 0 6.7 23.3 2.5 2.5 2 1 1 0 0
706.5 -6546.6 -13.9 263 0 7.7 13.4 7.5 2.5 2 1 3 5 5
696.0 -6628.7 -14.3 258 0 12.2 11.8 2.5 2.5 2 0 1 5 5
682.7 -6655.8 -14.4 80 0 6.4 15.0 7.5 0.0 0 1 3 5 5
638.0 -6576.2 -14.1 258 0 14.5 11.6 5.0 2.5 2 0 2 3 3
599.1 -6637.6 -14.3 77 0 10.8 11.6 5.0 2.5 2 1 2 5 5
523.0 -6759.9 -14.9 258 0 9.5 9.7 5.0 2.5 2 1 2 2 2
476.6 -6768.9 -14.9 257 0 6.5 11.5 2.5 0.0 0 1 1 5 5
411.9 -6824.3 -15.0 260 0 10.2 23.0 5.0 2.5 2 1 2 5 5
405.8 -6779.9 -15.0 76 0 5.7 11.3 7.5 2.5 2 1 3 4 4
382.3 -6780.7 -15.0 78 0 10.4 12.9 2.5 2.5 2 1 1 4 4
374.4 -6800.2 -15.1 78 0 6.7 13.9 7.5 2.5 2 1 3 1 1
361.4 -6772.2 -15.0 253 0 14.6 7.4 7.5 2.5 4 0 3 3 3
338.6 -6818.6 -15.1 82 0 11.1 9.5 5.0 0.0 0 0 2 1 1
328.4 -6796.7 -15.1 169 0 7.6 5.9 7.5 2.5 2 0 3 2 2
331.0 -6773.2 -15.0 259 0 13.8 7.9 2.5 2.5 2 0 1 2 2
297.0 -6890.9 -14.7 258 0 7.0 14.7 5.0 2.5 2 1 2 1 1
253.8 -6922.7 -14.3 261 0 7.4 9.8 2.5 2.5 2 1 1 4 4
272.6 -6920.5 -14.4 259 0 5.6 9.9 7.5 2.5 2 1 3 5 5
221.7 -6976.0 -14.4 79 0 13.6 15.3 7.5 2.5 4 1 3 3 3
134.7 -6967.3 -14.4 83 0 13.2 11.6 2.5 2.5 2 0 1 1 1
140.9 -6943.7 -14.4 80 0 12.6 7.9 7.5 2.5 2 0 3 3 3
105.2 -6985.1 -14.4 80 0 12.3 10.7 10.0 2.5 2 0 4 1 1
142.3 -7031.5 -14.0 350 0 14.3 14.6 5.0 0.0 0 1 2 5 5
111.5 -7023.4 -13.8 261 0 11.9 8.5 5.0 2.5 2 0 2 5 5
124.4 -7063.6 -13.0 350 0 8.1 14.9 2.5 2.5 2 1 1 3 3
94.9 -7040.0 -13.3 261 0 7.9 13.2 5.0 2.5 2 1 2 2 2
72.3 -7018.4 -14.0 82 0 7.0 11.1 7.5 2.5 2 1 3 1 1
74.0 -6992.2 -14.4 81 0 12.1 6.2 7.5 2.5 2 0 3 3 3
46.8 -7000.8 -14.3 170 0 12.9 12.0 7.5 2.5 2 0 3 0 0
63.9 -7060.0 -13.7 261 0 12.2 12.2 5.0 2.5 2 0 2 3 3
56.3 -7082.6 -13.5 262 0 6.0 13.1 7.5 2.5 2 1 3 1 1
59.3 -7108.9 -13.6 81 0 5.7 8.2 5.0 2.5 4 1 2 3 3
20.5 -7049.9 -14.2 81 0 13.5 11.4 2.5 2.5 2 0 1 1 1
25.0 -7096.2 -13.8 259 0 5.7 11.4 5.0 2.5 2 1 2 1 1
8.2 -7100.6 -14.0 261 0 16.9 9.1 5.0 2.5 2 0 2 1 1
-1.9 -7070.2 -14.6 83 0 13.8 12.9 10.0 2.5 2 0 4 4 4
-16.2 -7084.7 -14.3 78 0 12.2 11.0 2.5 2.5 2 0 1 3 3
-36.1 -7061.3 -14.8 259 0 7.2 14.8 5.0 2.5 4 1 2 5 5
-11.7 -7111.1 -14.2 262 0 10.2 9.7 2.5 2.5 4 0 1 1 1
-2.8 -7151.1 -14.4 264 0 12.2 11.1 7.5 2.5 2 0 3 5 5
-2.4 -7184.2 -14.5 84 0 7.3 9.3 5.0 2.5 4 1 2 2 2
15.5 -7156.6 -14.2 261 0 9.1 11.3 7.5 2.5 2 1 3 0 0
-21.3 -7192.7 -14.8 82 0 9.9 10.5 2.5 2.5 2 1 1 2 2
12.4 -7199.1 -14.4 73 0 6.3 12.3 7.5 2.5 2 1 3 1 1
46.9 -7150.6 -14.0 262 0 11.7 13.2 7.5 2.5 2 1 3 1 1
65.0 -7153.5 -13.8 260 0 7.1 12.0 7.5 2.5 2 1 3 3 3
79.7 -7150.0 -13.7 263 0 12.9 10.3 5.0 2.5 2 0 2 5 5
-54.0 -7158.3 -14.9 261 0 12.5 10.7 7.5 2.5 2 0 3 4 4
-49.5 -7200.7 -15.2 84 0 8.4 8.4 2.5 2.5 2 0 1 1 1
-39.6 -7136.9 -14.6 86 0 8.6 11.4 5.0 2.5 2 1 2 0 0
-76.5 -7127.3 -14.8 59 0 10.9 10.2 2.5 2.5 2 0 1 1 1
-96.2 -7097.9 -14.8 169 0 7.0 15.0 2.5 2.5 2 1 1 0 0
-437.0 -7686.9 -13.2 355 0 12.6 16.0 2.5 2.5 2 1 1 3 3
-470.2 -7683.5 -13.6 265 0 12.3 7.0 2.5 0.0 0 0 1 1 1
-388.0 -7612.0 -12.6 74 0 10.2 10.0 3.5 2.5 2 0 1 3 3
1794.2 -5747.9 -12.5 95 0 10.8 22.9 7.5 2.5 2 1 3 5 5
-1880.1 -7605.6 -18.8 264 0 13.6 10.1 7.5 2.5 2 0 3 3 3
964.9 -5822.0 -13.7 81 0 7.1 15.3 2.5 2.5 2 1 1 0 0
1001.1 -5826.9 -13.7 79 0 22.9 7.7 7.5 2.5 2 0 3 5 5
986.2 -5786.8 -13.7 258 0 17.0 6.7 5.0 2.5 2 0 2 4 4
1018.6 -5793.2 -13.7 346 0 12.2 10.0 5.0 2.5 2 0 2 1 1
814.8 -5982.7 -13.7 83 0 12.0 8.3 5.0 2.5 4 0 2 5 5
664.0 -5990.3 -13.7 83 0 11.3 14.4 2.5 2.5 2 1 1 0 0
685.0 -5994.5 -13.7 84 0 6.5 12.0 5.0 2.5 2 1 2 4 4
732.1 -6184.4 -13.5 170 0 11.1 12.1 7.5 2.5 2 1 3 0 0
734.9 -6144.6 -13.7 262 0 16.1 8.2 7.5 2.5 2 0 3 3 3
742.8 -6309.2 -12.9 16 0 13.4 24.8 7.5 2.5 2 1 3 3 3
571.3 -6027.7 -13.6 82 0 10.7 11.0 5.0 2.5 2 1 2 0 0
380.8 -6270.0 -13.0 350 0 14.5 20.7 7.5 2.5 2 1 3 0 0
328.7 -6179.2 -12.9 170 0 6.1 12.2 5.0 0.0 0 1 2 0 0
345.3 -6167.7 -12.8 78 0 5.9 13.8 5.0 2.5 2 1 2 5 5
299.1 -6160.4 -13.2 80 0 13.5 11.5 5.0 2.5 2 0 2 0 0
246.2 -6144.6 -13.9 80 0 8.8 15.5 7.5 0.0 0 1 3 1 1
242.4 -6110.6 -13.8 354 0 7.4 14.3 5.0 2.5 2 1 2 1 1
208.4 -6176.7 -13.9 81 0 13.1 12.2 2.5 0.0 0 0 1 0 0
186.0 -6150.0 -13.9 172 0 14.4 5.8 7.5 2.5 2 0 3 2 2
247.3 -6244.7 -14.0 262 0 10.4 17.6 7.5 2.5 2 1 3 1 1
52.5 -6163.8 -14.5 351 0 8.9 13.1 5.0 2.5 2 1 2 5 5
16.7 -6164.9 -14.6 82 0 11.0 10.3 5.0 2.5 2 0 2 4 4
-6355.1 1096.2 -9.7 175 0 12.6 14.3 10.0 2.5 2 1 4 0 0
-6310.8 1108.5 -8.4 266 0 13.2 10.6 5.0 2.5 4 0 2 0 0
-6389.5 1164.0 -10.6 181 0 5.2 8.3 2.5 0.0 0 1 1 0 0
-5859.8 2159.5 -12.6 92 0 42.1 11.0 10.0 2.5 2 0 4 4 4
-5806.8 2170.9 -12.5 91 0 31.5 10.6 12.5 2.5 4 0 5 5 5
-5857.7 2212.0 -13.0 270 0 10.6 25.5 12.5 2.5 2 1 5 2 2
-5835.5 2212.1 -12.9 271 0 10.6 25.5 7.5 2.5 2 1 3 5 5
-5806.0 2227.7 -12.8 270 0 25.1 11.3 7.5 2.5 2 0 3 0 0
-5752.6 2227.5 -12.3 270 0 20.8 10.8 7.5 2.5 2 0 3 1 1
-5742.1 2174.9 -12.2 1 0 10.6 20.9 2.5 2.5 2 1 1 1 1
-6515.6 886.1 -14.5 271 0 7.2 22.2 5.0 2.5 2 1 2 3 3
-6531.3 896.3 -15.3 90 0 16.4 7.5 7.5 2.5 4 0 3 4 4
-6831.3 655.7 -16.7 271 0 11.2 24.0 5.0 0.0 0 1 2 3 3
-6860.1 325.2 -16.7 198 0 6.8 10.4 5.0 2.5 2 0 2 1 1
-6890.1 297.8 -16.8 181 0 8.0 23.1 7.5 2.5 2 1 3 2 2
-6850.3 225.3 -17.6 181 0 14.6 24.8 7.5 2.5 2 1 3 2 2
-6791.7 253.1 -16.9 267 0 8.0 8.0 2.5 2.5 2 1 1 3 3
-6729.8 276.4 -16.1 358 0 5.1 11.0 2.5 2.5 2 1 1 1 1
-6742.7 233.6 -17.0 2 0 4.3 8.3 5.0 2.5 2 1 2 1 1
-6661.1 1008.3 -16.9 274 0 8.9 16.9 2.5 2.5 2 1 1 0 0
-6242.8 1420.6 -7.9 358 0 7.0 10.5 7.5 0.0 0 1 3 4 4
-6243.7 1098.6 -9.1 272 0 5.8 12.1 2.5 2.5 2 1 1 5 5
-6274.0 1162.5 -7.9 4 0 7.5 12.1 7.5 2.5 2 1 3 2 2
-6335.6 1209.3 -7.3 182 0 8.4 11.1 7.5 2.5 2 1 3 5 5
-6450.0 1452.7 -12.0 360 0 8.0 11.8 5.0 2.5 2 1 2 4 4
-6446.4 1495.8 -11.5 2 0 13.7 10.2 5.0 2.5 2 0 2 0 0
-6893.4 1675.7 -15.2 104 0 7.0 12.2 2.5 2.5 2 1 1 0 0
-6924.0 1714.1 -15.4 181 0 7.4 15.8 7.5 2.5 2 1 3 0 0
-6862.6 1669.2 -15.6 96 0 11.1 17.6 5.0 2.5 2 1 2 0 0
-6887.7 1703.0 -15.2 276 0 8.7 9.8 5.0 2.5 2 1 2 4 4
-6882.6 1672.0 -15.3 96 0 10.1 8.1 5.0 0.0 0 0 2 2 2
-6918.7 1690.8 -15.3 186 0 6.3 4.8 7.5 0.0 0 0 3 0 0
2307.5 -6319.4 -10.7 92 0 10.3 6.6 5.0 2.5 2 0 2 4 4
2268.2 -6276.2 -11.3 274 0 7.3 29.1 7.5 2.5 2 1 3 3 3
2257.1 -6311.5 -11.5 90 0 4.3 21.9 7.5 2.5 2 1 3 1 1
6235.4 -4155.8 -5.8 95 0 30.3 7.2 2.5 2.5 4 0 1 0 0
3471.0 -5813.7 -3.7 99 0 4.4 7.7 4.0 2.5 2 0 1 1 1
3379.3 -5695.0 -3.2 279 0 5.3 13.4 4.0 2.5 2 1 1 0 0
3587.7 -5827.3 -3.4 100 0 22.0 12.2 2.5 2.5 2 0 1 1 1
3601.8 -5829.7 -3.2 100 0 6.7 14.4 8.0 2.5 2 0 2 3 3
3651.1 -5850.6 -2.7 104 0 15.6 5.9 4.0 2.5 2 0 1 3 3
3368.5 -5772.3 -3.8 189 0 19.1 8.4 4.0 2.5 2 0 1 1 1
3478.6 -5636.4 -2.5 277 0 10.6 24.8 2.5 2.5 2 1 1 2 2
3509.4 -5654.3 -2.5 278 0 30.9 11.3 2.5 0.0 0 0 1 5 5
3687.9 -5678.4 -2.2 277 0 11.8 34.2 2.5 2.5 2 0 1 2 2
3681.6 -5735.1 -2.3 99 0 12.5 15.1 4.0 2.5 4 0 1 1 1
6951.6 -1473.0 0.7 196 0 60.2 12.2 2.5 2.5 2 0 1 5 5
6153.3 -1274.7 -0.9 112 0 6.1 13.7 2.5 2.5 4 1 1 3 3
6091.2 -1238.6 0.4 293 0 13.6 40.7 2.5 2.5 2 1 1 5 5
2914.9 4943.6 -10.3 201 0 9.3 12.9 7.5 2.5 2 1 3 5 5
-345.1 -6309.0 -14.9 181 0 4.9 7.8 4.0 2.5 2 1 1 0 0
-270.8 -6313.3 -14.5 274 0 12.5 8.9 4.0 0.0 0 0 1 3 3
-294.5 -6274.9 -14.4 182 0 31.4 13.0 2.5 2.5 2 0 1 1 1
-274.5 -6221.3 -14.3 2 0 9.3 54.6 2.5 2.5 2 1 1 0 0
-358.7 -6264.5 -15.0 2 0 96.7 12.4 2.5 0.0 0 0 1 1 1
-151.6 -5505.1 -15.1 352 0 5.4 13.7 2.5 2.5 2 1 1 0 0
-176.4 -5504.7 -15.1 263 0 14.2 5.8 7.5 2.5 2 0 3 2 2
-149.0 -5528.4 -15.0 85 0 5.2 8.2 5.0 2.5 2 1 2 2 2
-169.8 -5541.6 -14.7 357 0 4.9 4.9 7.5 2.5 4 1 3 0 0
-152.5 -5546.9 -14.6 174 0 13.2 11.5 7.5 2.5 2 0 3 4 4
-246.5 -6004.5 -13.8 351 0 8.0 6.5 2.5 2.5 2 0 1 2 2
-269.8 -5975.2 -14.2 260 0 12.6 14.8 10.0 2.5 2 1 4 0 0
-345.6 -7348.9 -15.8 182 0 16.1 14.2 2.5 2.5 2 0 1 2 2
-332.1 -7313.9 -15.4 352 0 7.5 12.7 7.5 2.5 2 1 3 0 0
-361.5 -7289.3 -15.0 170 0 25.2 11.3 7.5 2.5 2 0 3 0 0
-321.9 -7241.1 -15.5 260 0 9.3 11.2 2.5 2.5 2 1 1 4 4
-260.5 -7299.0 -15.8 79 0 6.7 11.2 2.5 2.5 2 1 1 1 1
-292.0 -7301.3 -15.7 178 0 12.8 12.2 5.0 2.5 2 0 2 1 1
-284.2 -7285.0 -15.6 167 0 9.4 13.1 5.0 2.5 4 1 2 3 3
-258.0 -7267.7 -16.0 262 0 9.8 10.8 5.0 2.5 4 1 2 4 4
-263.7 -7150.4 -16.2 354 0 14.1 20.4 10.0 2.5 2 1 4 2 2
-274.7 -7227.2 -16.4 81 0 22.5 45.7 5.0 2.5 2 1 2 4 4
-183.6 -7183.9 -16.3 80 0 14.3 10.4 5.0 2.5 2 0 2 1 1
-174.5 -7138.6 -15.9 173 0 6.9 13.4 5.0 2.5 2 1 2 5 5
-174.8 -7150.0 -16.0 171 0 13.4 7.3 5.0 0.0 0 0 2 3 3
-165.3 -7173.2 -16.2 80 0 7.2 13.4 7.5 2.5 2 1 3 1 1
-121.7 -7119.2 -15.3 349 0 6.4 14.3 5.0 2.5 2 1 2 5 5
-108.5 -7130.5 -15.2 352 0 12.4 8.3 5.0 2.5 2 0 2 5 5
-111.6 -7144.6 -15.4 328 0 9.6 11.1 2.5 2.5 2 1 1 2 2
-98.0 -7173.6 -15.5 261 0 8.3 6.8 5.0 2.5 2 0 2 4 4
413.5 -6747.4 -14.9 350 0 10.5 11.0 5.0 0.0 0 1 2 2 2
395.3 -5665.9 -14.0 82 0 14.1 10.4 7.5 2.5 2 0 3 2 2
322.2 -5633.1 -14.2 172 0 7.5 15.7 2.5 0.0 0 1 1 0 0
343.4 -5638.9 -14.2 264 0 6.8 16.9 5.0 2.5 2 1 2 2 2
329.1 -5671.7 -14.3 169 0 9.5 11.0 7.5 2.5 2 1 3 3 3
218.3 -5705.6 -14.3 81 0 18.1 12.9 5.0 2.5 2 0 2 5 5
128.7 -5686.9 -14.4 258 0 11.6 8.9 5.0 2.5 2 0 2 2 2
149.3 -5696.4 -14.4 261 0 7.3 6.4 7.5 2.5 4 0 3 2 2
126.0 -5704.1 -14.3 171 0 5.7 8.8 2.5 2.5 2 1 1 5 5
135.3 -5724.8 -14.3 82 0 11.2 8.6 2.5 2.5 2 0 1 0 0
61.9 -5862.7 -14.2 81 0 6.2 10.7 2.5 2.5 2 1 1 0 0
89.6 -5857.7 -13.9 81 0 5.9 14.5 7.5 2.5 2 1 3 1 1
69.9 -5831.3 -14.1 265 0 14.4 8.2 5.0 2.5 2 0 2 5 5
-126.4 -5839.2 -14.2 171 0 7.0 21.2 5.0 2.5 2 1 2 1 1
-104.6 -5807.1 -14.2 263 0 5.5 16.0 5.0 2.5 2 1 2 2 2
-126.6 -5800.8 -14.1 259 0 11.9 12.4 5.0 2.5 2 1 2 1 1
-373.3 -5787.1 -14.1 170 0 11.5 7.2 2.5 2.5 2 0 1 3 3
-362.2 -5882.0 -14.3 80 0 9.1 6.1 5.0 2.5 2 0 2 3 3
-388.1 -5870.9 -14.1 168 0 14.2 7.7 2.5 2.5 4 0 1 5 5
-343.3 -5870.2 -14.3 348 0 8.8 10.3 7.5 2.5 2 1 3 3 3
-321.4 -5972.1 -14.6 351 0 10.9 12.8 2.5 0.0 0 1 1 0 0
-306.8 -6142.5 -14.5 261 0 10.8 12.2 7.5 2.5 2 1 3 0 0
-266.3 -6151.4 -13.7 172 0 17.1 10.7 2.5 2.5 2 0 1 4 4
-235.7 -6149.5 -13.6 74 0 6.4 11.6 5.0 2.5 2 1 2 3 3
-88.0 -6254.3 -14.0 171 0 8.2 15.7 5.0 2.5 2 1 2 5 5
-64.0 -6268.4 -14.1 84 0 5.4 9.1 2.5 2.5 2 1 1 2 2
-71.7 -6280.8 -14.0 84 0 14.2 6.6 5.0 2.5 2 0 2 1 1
-37.7 -6252.5 -14.3 349 0 9.5 9.6 7.5 2.5 4 1 3 0 0
-61.4 -6155.0 -14.2 80 0 15.1 9.6 7.5 2.5 2 0 3 2 2
-76.7 -6125.3 -14.0 261 0 8.0 8.7 7.5 2.5 2 1 3 1 1
5.2 -6125.9 -14.5 261 0 6.9 15.6 2.5 0.0 0 1 1 1 1
1.1 -6149.1 -14.6 170 0 4.7 9.2 2.5 2.5 2 1 1 3 3
115.6 -6334.8 -14.3 174 0 8.0 13.9 5.0 2.5 2 1 2 2 2
138.2 -6332.1 -14.2 80 0 7.2 14.0 7.5 2.5 2 1 3 2 2
974.6 -6216.0 -13.2 80 0 7.8 5.6 2.5 2.5 2 0 1 3 3
992.3 -6216.4 -13.0 77 0 6.6 5.9 2.5 2.5 2 0 1 3 3
701.0 -6312.1 -12.9 80 0 7.9 12.2 5.0 0.0 0 1 2 3 3
757.2 -6195.3 -13.5 354 0 9.1 5.3 7.5 2.5 2 0 3 5 5
724.9 -5520.3 -13.7 346 0 4.2 6.0 5.0 2.5 2 1 2 3 3
704.0 -5515.2 -13.7 264 0 14.0 6.5 7.5 2.5 2 0 3 4 4
701.9 -5551.8 -13.7 80 0 6.0 11.7 2.5 0.0 0 1 1 5 5
808.2 -5565.6 -13.7 350 0 7.5 6.2 2.5 2.5 2 0 1 2 2
796.9 -5563.8 -13.7 260 0 6.7 7.4 5.0 2.5 2 1 2 1 1
6214.5 -6265.3 -3.3 154 0 11.0 20.1 5.0 2.5 2 1 2 5 5
6275.4 -6241.5 -2.4 64 0 20.1 11.0 5.0 2.5 2 0 2 1 1
6207.3 -6203.8 -2.9 153 0 10.8 34.2 7.5 2.5 2 1 3 3 3
6259.6 -6166.5 -2.2 245 0 33.9 11.3 7.5 2.5 2 0 3 3 3
6297.1 -6148.6 -1.5 244 0 9.8 20.6 7.5 2.5 2 1 3 4 4
5859.5 -6675.0 -5.1 94 0 9.4 17.3 4.0 2.5 4 1 1 3 3
6325.0 -6217.5 -1.5 64 0 20.1 11.0 5.0 2.5 4 0 2 4 4
6158.1 -6340.7 -4.3 174 0 10.8 29.3 2.5 0.0 0 1 1 4 4
6160.4 -6363.5 -4.1 174 0 10.7 29.2 2.5 2.5 2 1 1 3 3
6239.3 -6292.5 -3.3 244 0 20.2 11.1 5.0 2.5 2 0 2 4 4
6288.7 -6268.5 -2.4 244 0 20.1 11.0 5.0 0.0 0 0 2 4 4
6294.0 -6341.4 -2.6 64 0 32.4 11.0 7.5 2.5 2 0 3 1 1
6320.7 -6276.2 -1.9 243 0 4.0 17.8 2.5 2.5 2 0 1 3 3
6324.2 -6274.4 -1.9 243 0 3.9 17.8 2.5 2.5 4 0 1 0 0
6338.1 -6244.5 -1.6 244 0 20.2 11.0 5.0 2.5 4 0 2 4 4
6362.9 -6266.9 -1.4 327 0 5.1 5.1 2.5 2.5 2 0 1 5 5
5953.5 -6325.5 -6.3 18 0 54.8 12.6 2.5 2.5 2 0 1 3 3
5907.4 -6364.4 -6.1 196 0 20.0 9.5 4.0 2.5 2 0 1 4 4
5867.7 -6476.0 -4.6 187 0 15.7 36.9 2.5 2.5 2 1 1 4 4
5917.9 -6419.1 -5.2 224 0 31.1 18.8 2.5 2.5 2 0 1 5 5
5982.5 -6396.8 -5.8 90 0 18.6 61.0 2.5 2.5 2 1 1 5 5
5973.6 -6432.1 -4.7 179 0 28.1 36.7 2.5 0.0 0 0 1 1 1
6010.5 -6455.6 -4.2 0 0 18.8 36.6 2.5 0.0 0 0 1 5 5
6007.4 -6479.7 -3.4 270 0 72.1 30.8 2.5 0.0 0 0 1 0 0
5974.5 -6550.0 -1.1 180 0 13.1 64.4 2.5 2.5 2 1 1 1 1
5947.6 -6570.8 -2.0 90 0 12.4 27.4 5.0 2.5 2 1 2 2 2
5916.3 -6569.1 -3.3 95 0 18.9 42.8 2.5 2.5 2 1 1 0 0
5988.1 -6628.7 -0.8 180 0 47.8 17.3 2.5 0.0 0 0 1 1 1
5971.1 -6604.9 -1.4 180 0 34.7 17.1 2.5 2.5 2 0 1 0 0
5971.2 -6628.8 -1.5 179 0 13.1 16.9 4.0 2.5 4 0 1 2 2
5915.1 -6585.6 -3.7 273 0 18.7 42.6 2.5 0.0 0 1 1 4 4
5889.3 -6625.4 -4.7 4 0 16.2 8.2 4.0 2.5 2 0 1 3 3
5885.9 -6671.3 -4.3 4 0 11.1 6.3 4.0 2.5 2 0 1 1 1
6196.4 -6885.2 -3.8 340 0 9.0 17.9 2.5 2.5 2 0 1 0 0
6179.8 -6895.9 -4.4 250 0 16.4 15.4 2.5 2.5 2 0 1 0 0
6184.3 -6916.7 -5.1 160 0 11.5 18.3 5.0 0.0 0 0 2 2 2
6177.9 -6896.6 -4.5 356 0 23.9 12.6 2.5 2.5 2 0 1 2 2
5798.0 -6878.9 -8.5 334 0 30.3 9.3 2.5 2.5 2 0 1 1 1
5854.1 -6795.5 -5.7 278 0 5.6 11.6 4.0 2.5 2 1 1 2 2
5856.2 -6915.3 -7.9 145 0 5.7 12.7 4.0 0.0 0 1 1 3 3
6074.1 -6622.5 1.7 180 0 27.5 41.9 2.5 0.0 0 0 1 1 1
5946.4 -6837.4 -3.9 268 0 14.0 9.7 4.0 2.5 2 0 1 4 4
5988.9 -6822.8 -3.1 270 0 37.6 21.1 2.5 0.0 0 0 1 3 3
5978.4 -6917.9 -6.9 270 0 46.1 11.5 5.0 2.5 2 0 2 1 1
6126.4 -6922.7 -6.0 360 0 13.2 32.0 2.5 2.5 2 1 1 1 1
6186.2 -6824.5 -2.3 270 0 23.9 36.0 2.5 0.0 0 0 1 1 1
6233.1 -6823.6 -2.7 270 0 18.3 30.8 7.5 2.5 2 0 3 0 0
6074.2 -6454.1 -3.6 180 0 30.7 126.6 2.5 0.0 0 0 1 5 5
6119.1 -6801.2 -2.1 90 0 45.6 10.0 5.0 2.5 2 0 2 1 1
6169.7 -6801.1 -2.4 90 0 35.0 10.0 5.0 2.5 2 0 2 0 0
6053.0 -6951.0 -6.9 90 0 11.7 9.5 5.0 2.5 2 0 2 5 5
6053.0 -6965.6 -7.5 90 0 11.7 14.5 5.0 2.5 2 0 2 5 5
6377.3 -6491.0 -2.9 13 0 6.1 3.0 2.5 2.5 4 0 1 1 1
6378.5 -6552.4 -3.0 217 0 5.5 5.7 2.5 2.5 2 1 1 3 3
6393.0 -6682.9 -3.5 86 0 4.7 7.7 2.5 2.5 4 1 1 5 5
6390.5 -6660.1 -3.1 169 0 5.4 8.9 2.5 2.5 2 1 1 0 0
6487.5 -6723.1 -5.2 360 0 18.7 9.8 3.5 2.5 2 0 1 5 5
6458.5 -6538.4 -2.5 350 0 50.6 8.3 5.0 2.5 2 0 2 3 3
-1394.9 -7415.7 -17.1 259 0 8.6 10.6 2.5 0.0 0 0 1 2 2
-1348.3 -7479.2 -17.3 80 0 11.7 8.3 2.5 2.5 2 0 1 0 0
-1360.1 -7420.4 -17.1 258 0 10.2 30.0 2.5 0.0 0 0 1 5 5
-1334.5 -7420.9 -16.9 260 0 33.9 13.9 5.0 2.5 2 0 2 0 0
-1307.6 -7441.7 -16.8 80 0 13.3 22.8 2.5 2.5 2 0 1 5 5
-1159.6 -7417.0 -15.8 350 0 10.9 10.5 7.0 2.5 2 0 2 4 4
-1169.3 -7384.5 -15.7 350 0 19.5 18.3 2.5 2.5 2 0 1 0 0
-1201.2 -7380.7 -15.9 260 0 10.7 30.8 2.5 0.0 0 1 1 3 3
-1264.6 -7453.0 -16.7 79 0 6.0 11.9 4.0 2.5 2 0 1 4 4
-1241.1 -7448.6 -16.6 80 0 36.0 11.9 5.0 0.0 0 0 2 1 1
-424.8 -7593.2 -13.3 261 0 12.4 15.0 2.5 0.0 0 1 1 0 0
3715.2 1033.0 -5.0 84 0 5.0 5.0 5.0 2.5 2 1 2 1 1
5928.8 -1189.6 -1.2 214 0 9.3 16.3 7.5 2.5 4 1 3 2 2
6012.8 -1122.5 -2.9 132 0 35.8 13.3 10.0 2.5 2 0 4 1 1
5988.5 -1212.4 -0.3 306 0 7.7 26.2 5.0 2.5 2 1 2 0 0
-5898.2 5665.9 -15.7 15 0 9.9 13.7 5.0 2.5 2 1 2 1 1
-6051.3 5615.7 -17.9 164 0 6.4 14.2 7.5 2.5 2 1 3 0 0
-6052.0 5627.1 -17.8 251 0 6.0 5.7 2.5 2.5 2 0 1 0 0
-6381.1 5661.7 -18.0 339 0 14.7 10.9 5.0 0.0 0 0 2 4 4
-5719.1 6274.8 -9.7 34 0 7.7 6.6 2.5 2.5 4 0 1 3 3
1723.8 -3979.8 -11.1 113 0 3.8 7.0 4.0 0.0 0 1 1 1 1
1778.2 -3979.6 -10.9 23 0 10.8 10.1 2.5 2.5 2 0 1 1 1
