-3937.0 3316.6 -1.2 190 0 105.0 362.4 5.0 0.0 0 1 2 0 0
1836.0 4318.4 2.0 9 0 18.0 10.3 7.5 2.5 2 0 3 5 5
-1889.7 3228.7 -3.7 10 0 10.1 20.0 2.5 2.5 2 1 1 2 2
-1905.4 3187.9 -3.3 10 0 15.3 25.7 5.0 2.5 2 0 2 1 1
-1924.7 3078.8 -2.7 10 0 37.0 9.0 5.0 2.5 2 0 2 3 3
-1905.6 2977.9 -3.0 100 0 50.0 12.4 7.5 2.5 2 0 3 2 2
-1750.3 3098.7 -2.5 190 0 15.0 39.6 5.0 2.5 2 1 2 1 1
-1581.8 2858.1 -1.9 9 0 16.5 19.0 5.0 0.0 0 1 2 1 1
6375.7 3980.8 -1.4 338 0 12.4 14.1 5.0 2.5 2 1 2 5 5
6316.6 4057.7 -1.4 340 0 12.8 12.2 5.0 2.5 2 0 2 0 0
6510.7 4093.4 -1.6 344 0 12.9 10.1 2.5 2.5 2 0 1 5 5
-6317.9 -8357.5 -21.0 103 0 39.6 12.6 5.0 2.5 2 0 2 4 4
-6308.7 -8215.9 -19.2 193 0 11.3 17.3 4.0 0.0 0 1 1 1 1
-6320.9 -8310.6 -20.9 103 0 19.1 67.0 2.5 2.5 2 1 1 3 3
-6236.4 -8247.9 -18.5 15 0 23.6 20.1 2.5 2.5 2 0 1 5 5
-2032.8 270.2 0.5 190 0 201.2 261.6 12.5 0.0 0 1 5 0 0
-1981.6 592.5 -1.3 190 0 101.2 241.3 2.5 0.0 0 0 1 5 5
-2549.7 2362.5 -2.2 98 0 12.8 11.5 2.5 2.5 2 0 1 4 4
-6262.5 -8388.0 -18.3 120 0 12.1 14.8 7.5 2.5 2 0 3 5 5
6194.1 -8507.9 -8.9 194 0 20.3 10.4 2.5 2.5 2 0 1 5 5
1204.8 -3706.1 -5.8 194 0 17.9 11.6 7.5 2.5 2 0 3 5 5
-6206.0 -8380.0 -17.2 210 0 10.2 18.7 5.0 2.5 2 0 2 5 5
6231.7 -8470.0 -9.2 282 0 17.7 12.6 7.5 2.5 2 0 3 0 0
-1557.0 2979.8 -2.2 10 0 74.2 13.1 5.0 0.0 0 0 2 3 3
-1434.8 2613.2 -0.2 239 0 16.7 12.0 10.5 2.5 2 0 3 5 5
-1598.1 3052.7 -1.9 11 0 7.2 6.7 5.0 2.5 2 0 2 2 2
-2469.1 -8435.5 -7.1 2 0 13.8 12.9 5.0 2.5 2 0 2 3 3
5948.5 -7048.0 -6.0 8 0 10.4 4.3 5.0 2.5 2 0 2 0 0
5922.3 -7044.8 -6.0 99 0 5.2 17.7 7.5 0.0 0 1 3 4 4
5951.5 -7020.0 -6.0 2 0 9.6 12.6 7.5 2.5 4 1 3 0 0
-4326.5 -8247.2 -9.1 278 0 8.1 8.4 3.5 3.5 2 1 1 0 0
-4409.9 -8123.9 -9.0 188 0 8.0 8.6 7.0 3.5 2 1 2 3 3
-4308.7 -8027.3 -8.4 8 0 13.1 10.2 3.5 3.5 2 0 1 1 1
-4241.0 -8223.3 -9.0 329 0 11.6 10.1 3.5 3.5 2 0 1 1 1
-4181.3 -8090.1 -8.1 98 0 9.2 7.9 3.5 3.5 2 0 1 2 2
-4349.6 -8132.6 -8.8 47 0 9.4 9.1 3.5 3.5 2 0 1 1 1
-4192.2 -8005.3 -9.1 98 0 9.5 10.7 3.5 3.5 2 1 1 1 1
-4306.0 -8250.2 -9.2 278 0 8.6 7.0 3.5 3.5 2 0 1 0 0
-4406.8 -8104.2 -9.3 188 0 7.7 9.3 3.5 3.5 2 0 1 0 0
-4347.2 -8005.8 -8.4 279 0 16.1 9.4 7.0 3.5 2 0 2 3 3
-4277.7 -8016.1 -8.1 279 0 9.6 10.0 3.5 3.5 2 1 1 0 0
-3951.4 -7607.1 -8.4 277 0 10.0 14.6 7.5 2.5 2 1 3 0 0
-3950.6 -7677.0 -8.7 102 0 9.2 10.1 2.5 2.5 2 1 1 2 2
-4265.1 -8213.0 -8.8 236 0 7.3 9.1 3.5 3.5 2 0 1 1 1
-4288.2 -8247.7 -9.1 187 0 8.2 8.1 3.5 3.5 2 0 1 5 5
-4677.2 -7348.4 -8.7 281 0 12.1 12.8 2.5 0.0 0 1 1 5 5
-4404.1 -8084.8 -9.3 189 0 9.0 10.1 3.5 3.5 2 1 1 0 0
-4282.5 -8234.7 -9.0 278 0 8.2 9.5 3.5 3.5 2 0 1 1 1
-4382.8 -8000.7 -8.5 278 0 14.8 9.9 3.5 3.5 4 0 1 0 0
-4025.1 -7461.2 -8.6 281 0 10.2 12.2 5.0 2.5 2 1 2 5 5
-4341.1 -7982.3 -8.8 98 0 11.8 10.3 7.0 3.5 2 0 2 1 1
-4316.5 -7988.5 -8.8 99 0 14.2 9.8 3.5 3.5 2 0 1 5 5
-4666.4 -7118.3 -8.8 189 0 6.3 6.5 5.0 2.5 2 1 2 1 1
-4200.3 -7438.3 -9.0 189 0 9.3 14.3 7.5 2.5 2 1 3 0 0
-4406.2 -8235.5 -9.0 278 0 9.1 8.5 3.5 3.5 2 0 1 3 3
-4266.2 -7925.4 -8.9 278 0 8.4 8.9 7.0 3.5 2 1 2 4 4
-4554.7 -8078.0 -10.1 279 0 60.0 12.1 7.0 3.5 2 0 2 0 0
-4418.7 -8214.6 -8.7 97 0 8.5 9.1 3.5 3.5 4 1 1 2 2
-4287.4 -8074.4 -8.5 98 0 8.2 8.9 3.5 3.5 2 1 1 2 2
-4147.0 -8089.9 -8.2 8 0 9.8 11.6 3.5 3.5 2 0 1 4 4
-4303.4 -7577.7 -8.9 280 0 18.1 8.3 2.5 2.5 2 0 1 5 5
-4140.7 -8047.6 -8.5 8 0 6.1 15.9 7.0 3.5 2 0 2 1 1
-4145.7 -8080.4 -8.3 8 0 9.4 11.7 3.5 3.5 2 0 1 4 4
-4375.5 -7909.7 -9.0 188 0 11.4 10.1 3.5 3.5 2 0 1 1 1
-4372.5 -7884.7 -9.1 189 0 8.8 9.2 7.0 3.5 2 0 2 4 4
-4315.5 -8090.2 -8.8 8 0 4.9 12.3 10.5 3.5 2 1 3 3 3
-4308.8 -8072.9 -8.7 7 0 7.7 14.7 7.0 3.5 2 1 2 3 3
-4268.0 -7901.0 -8.9 188 0 11.3 9.6 7.0 0.0 0 0 2 0 0
-4370.5 -7873.3 -9.2 187 1 13.8 12.5 14.0 3.5 2 0 4 1 1
-4372.5 -8215.1 -8.8 9 0 7.0 8.8 7.0 3.5 2 1 2 1 1
-4240.1 -7907.2 -8.9 99 0 11.4 9.7 7.0 3.5 4 0 2 0 0
-4258.9 -8078.9 -8.4 99 0 9.0 8.1 7.0 3.5 2 0 2 2 2
-4369.6 -8196.6 -8.6 9 0 9.1 8.5 3.5 0.0 0 0 1 2 2
-4282.9 -7988.1 -8.7 189 0 10.3 12.1 10.5 3.5 2 1 3 1 1
-4367.5 -7849.2 -9.3 187 0 10.5 10.6 7.0 3.5 2 1 2 0 0
-4310.2 -8037.4 -8.4 8 0 7.1 10.3 7.0 3.5 2 0 2 3 3
-4234.3 -7842.9 -9.0 100 0 9.0 11.1 3.5 3.5 2 1 1 5 5
-4835.6 -8004.2 -10.7 193 0 11.2 7.8 10.5 3.5 2 0 3 2 2
-4217.2 -8284.9 -9.6 300 0 4.0 11.1 3.5 3.5 2 0 1 0 0
-4360.1 -7824.5 -9.3 190 0 7.9 10.0 3.5 0.0 0 1 1 3 3
-4299.4 -7944.8 -8.8 7 0 7.8 11.0 7.0 3.5 2 1 2 1 1
-4220.4 -7758.3 -7.6 281 0 9.8 11.5 3.5 3.5 2 1 1 3 3
-4294.5 -7911.4 -8.9 8 0 9.9 11.4 3.5 3.5 4 0 1 1 1
-4291.4 -7881.1 -9.0 9 0 10.6 9.1 7.0 3.5 2 0 2 0 0
-4241.8 -7928.9 -8.9 281 0 9.3 10.1 3.5 0.0 0 1 1 5 5
-4342.6 -7754.5 -8.4 192 0 5.7 11.3 7.0 3.5 2 0 2 2 2
-4341.3 -7748.4 -8.4 192 0 6.7 11.3 7.0 3.5 2 0 2 5 5
-4742.3 -7653.2 -9.1 193 0 8.7 13.8 7.5 2.5 2 1 3 4 4
-4343.5 -7730.0 -8.3 190 0 10.1 16.7 3.5 3.5 2 1 1 2 2
-4270.9 -7762.8 -8.0 9 0 12.1 11.0 7.0 3.5 2 0 2 0 0
-4344.1 -7702.6 -8.4 99 0 8.1 8.9 7.0 3.5 4 1 2 0 0
-4268.4 -7745.9 -7.8 10 0 10.0 8.5 7.0 3.5 2 0 2 1 1
-4865.5 -7829.1 -11.5 189 0 9.6 10.1 5.0 2.5 2 0 2 3 3
-4851.6 -7744.8 -11.0 183 0 10.6 10.1 5.0 2.5 2 0 2 2 2
-4809.2 -7399.3 -9.6 283 0 5.6 6.7 5.0 2.5 2 0 2 4 4
-4844.6 -7544.8 -10.3 10 0 11.9 5.2 5.0 2.5 2 0 2 3 3
-4866.6 -7562.9 -10.5 100 0 9.5 9.5 5.0 2.5 2 0 2 0 0
-4270.1 -7720.1 -7.8 283 0 9.4 8.2 7.0 3.5 2 0 2 5 5
-4805.7 -7853.1 -11.1 9 0 8.8 8.5 7.5 2.5 2 0 3 4 4
-4262.8 -8227.1 -8.9 236 0 10.2 4.0 3.5 3.5 2 0 1 4 4
-4218.4 -8272.9 -9.4 327 0 8.5 8.5 3.5 3.5 2 0 1 1 1
-4241.0 -8081.4 -8.3 98 0 8.4 12.3 7.0 3.5 2 1 2 2 2
-4366.6 -8177.4 -8.5 9 0 11.5 10.1 3.5 3.5 2 0 1 0 0
-4722.3 -7470.2 -9.0 189 0 9.7 11.2 7.5 2.5 2 1 3 4 4
-4330.1 -7624.0 -8.9 281 0 9.8 9.5 7.0 3.5 2 0 2 2 2
-4315.9 -7564.7 -8.8 9 0 13.4 10.1 2.5 2.5 2 0 1 5 5
-4365.4 -8241.6 -9.1 280 0 8.9 12.7 3.5 3.5 2 1 1 5 5
-4416.4 -8169.3 -8.6 188 0 10.1 9.4 3.5 3.5 2 0 1 3 3
-4366.2 -8048.7 -8.8 238 0 8.3 10.2 3.5 3.5 2 1 1 5 5
-4636.7 -7144.4 -8.7 283 0 10.1 13.1 10.0 2.5 2 1 4 5 5
-4221.8 -8254.0 -9.3 326 0 9.3 14.6 3.5 3.5 2 1 1 1 1
-4219.6 -8084.2 -8.2 98 0 11.2 17.2 7.0 3.5 2 1 2 2 2
-4363.7 -8157.6 -8.6 7 0 9.3 9.1 3.5 3.5 2 0 1 1 1
-4236.5 -8000.7 -8.8 99 0 6.6 10.4 7.0 3.5 2 1 2 5 5
-4346.6 -8244.3 -9.1 279 0 10.2 11.7 3.5 3.5 2 1 1 5 5
-4205.5 -7935.5 -9.0 276 0 10.9 16.1 14.0 3.5 2 1 4 2 2
-4790.7 -8049.3 -10.7 99 0 9.6 10.8 7.0 3.5 2 1 2 5 5
-4400.5 -8164.5 -8.6 188 0 4.6 10.3 3.5 0.0 0 1 1 3 3
-4413.7 -8151.4 -8.7 189 0 9.0 8.5 3.5 3.5 2 0 1 0 0
-4346.5 -8072.3 -8.9 329 0 9.5 9.1 3.5 0.0 0 0 1 2 2
-4621.3 -8017.5 -10.4 11 0 12.2 12.2 4.0 3.5 2 1 1 0 0
-4632.1 -7922.7 -11.4 192 0 25.1 10.0 3.5 3.5 2 0 1 4 4
-4527.7 -8205.6 -8.9 0 0 13.5 11.5 7.0 3.5 2 0 2 4 4
-4232.3 -8237.7 -9.1 328 0 9.4 10.4 3.5 0.0 0 1 1 3 3
-4201.3 -8087.1 -8.1 98 0 9.6 9.7 3.5 3.5 2 1 1 3 3
-4356.6 -8139.1 -8.7 47 0 9.7 9.1 3.5 3.5 2 0 1 4 4
-4332.1 -8091.5 -8.9 9 0 4.4 9.6 3.5 3.5 2 1 1 5 5
-4213.0 -8002.8 -9.0 98 0 9.9 13.9 3.5 3.5 2 1 1 5 5
-4520.9 -8083.0 -9.9 278 0 8.3 12.5 3.5 3.5 2 1 1 1 1
-4515.8 -8038.3 -10.4 9 0 48.6 37.0 3.5 0.0 0 0 1 4 4
-4491.5 -7912.5 -10.0 9 0 10.7 10.0 7.0 3.5 2 0 2 4 4
-4485.0 -7872.8 -10.0 10 0 10.0 12.0 7.0 3.5 4 1 2 5 5
-4476.8 -7824.1 -9.8 10 0 7.6 11.1 3.5 3.5 4 1 1 0 0
-4359.5 -8023.6 -8.6 279 0 3.5 11.7 3.5 3.5 2 1 1 1 1
-4674.9 -7174.7 -8.8 189 0 10.7 23.4 5.0 0.0 0 0 2 0 0
-4172.3 -7434.5 -8.8 94 0 15.5 14.0 5.0 0.0 0 0 2 4 4
-4292.5 -7565.6 -8.9 191 0 20.6 6.4 2.5 0.0 0 0 1 0 0
-4824.7 -8037.7 -10.7 102 0 9.6 16.1 10.5 3.5 2 1 3 2 2
-4294.8 -7852.6 -9.2 8 0 3.8 12.3 3.5 3.5 2 1 1 1 1
-4724.5 -7444.1 -8.9 190 0 8.5 4.8 2.5 2.5 2 0 1 5 5
-4695.9 -7640.8 -9.1 280 0 17.0 9.0 7.5 2.5 2 0 3 3 3
-4202.8 -7454.1 -9.0 189 0 9.0 4.3 7.5 2.5 2 0 3 1 1
-4539.5 -7919.6 -10.6 189 0 7.7 30.4 3.5 3.5 4 1 1 4 4
-4308.3 -7642.5 -8.9 12 0 4.9 11.5 3.5 0.0 0 1 1 0 0
-4265.2 -8061.7 -8.3 97 0 4.5 9.1 3.5 3.5 2 0 1 0 0
-4543.5 -8191.3 -9.2 8 0 6.0 12.1 3.5 3.5 2 1 1 1 1
-4630.1 -7204.9 -8.8 10 0 10.1 30.0 7.5 2.5 2 1 3 2 2
-4581.7 -7806.2 -10.1 316 0 6.7 12.6 10.5 3.5 2 1 3 3 3
-4778.3 -7507.8 -9.5 189 0 5.8 7.2 5.0 2.5 2 1 2 2 2
-4700.6 -7682.9 -9.3 12 0 11.9 31.3 7.5 2.5 2 0 3 1 1
-4709.3 -7448.6 -8.8 192 0 10.0 5.0 7.5 2.5 2 0 3 1 1
-4630.8 -7178.9 -8.7 11 0 8.7 17.6 5.0 2.5 2 1 2 3 3
-4860.4 -7798.0 -11.2 186 0 6.8 13.5 7.5 2.5 2 1 3 1 1
-4538.7 -7990.2 -10.6 98 0 43.5 28.8 3.5 0.0 0 0 1 5 5
-4141.3 -7482.4 -8.8 101 0 23.4 12.1 7.5 2.5 2 0 3 0 0
-4415.2 -8247.7 -9.1 280 0 4.7 8.6 3.5 3.5 2 1 1 1 1
-4338.1 -7861.3 -9.2 188 0 6.1 10.1 3.5 0.0 0 1 1 5 5
-4310.8 -7545.2 -8.9 191 0 6.9 19.9 2.5 2.5 2 1 1 4 4
-4714.1 -7637.3 -9.1 281 0 20.0 9.0 7.5 2.5 2 0 3 3 3
-4668.6 -7377.7 -8.4 9 0 4.5 12.5 7.5 0.0 0 0 3 5 5
-4299.1 -8267.3 -9.4 188 0 9.7 4.8 3.5 3.5 2 0 1 2 2
-4390.9 -8094.2 -9.2 188 0 3.8 10.8 3.5 3.5 2 1 1 1 1
-4187.2 -7505.2 -8.8 190 0 4.5 11.1 5.0 2.5 2 1 2 2 2
-4696.0 -7683.8 -9.3 11 0 11.9 4.7 5.0 2.5 2 0 2 2 2
-4053.2 -7479.1 -8.6 192 0 10.5 10.5 5.0 2.5 2 0 2 5 5
-4377.2 -8255.1 -9.2 278 0 4.2 10.6 3.5 3.5 2 0 1 0 0
-4357.8 -7903.8 -9.0 187 0 4.1 11.7 3.5 3.5 2 0 1 4 4
-4717.8 -7408.3 -8.8 189 0 4.8 10.2 2.5 2.5 2 1 1 3 3
-4365.1 -7971.5 -8.7 99 0 10.9 4.5 3.5 3.5 2 0 1 5 5
-4250.9 -8245.2 -9.1 327 0 7.4 5.5 3.5 3.5 2 0 1 2 2
-4320.8 -8262.0 -9.3 279 0 4.2 12.1 3.5 3.5 2 1 1 0 0
-4806.5 -7695.3 -10.0 278 0 7.3 6.5 5.0 2.5 2 0 2 1 1
-4666.7 -7137.5 -8.8 281 0 6.0 32.7 7.5 2.5 2 0 3 5 5
-4391.9 -8210.5 -8.7 100 0 11.1 6.5 3.5 3.5 2 0 1 2 2
-4803.1 -7728.2 -10.5 10 0 4.1 10.7 5.0 2.5 2 0 2 2 2
-4376.8 -8142.9 -8.7 10 0 4.9 10.3 3.5 3.5 2 0 1 1 1
-4807.1 -7406.6 -9.7 283 0 5.5 10.8 2.5 2.5 2 0 1 1 1
-4236.6 -8038.4 -8.1 279 0 4.1 18.0 3.5 3.5 4 0 1 4 4
-4803.2 -7840.0 -11.3 10 0 9.1 8.9 5.0 2.5 2 0 2 0 0
-4356.2 -8256.3 -9.2 279 0 4.5 12.3 3.5 3.5 2 1 1 5 5
-4337.8 -8022.9 -8.5 279 0 4.3 10.3 3.5 3.5 2 1 1 1 1
-4359.7 -7899.3 -9.0 188 0 4.4 18.6 3.5 0.0 0 0 1 5 5
-4325.8 -8010.0 -8.3 279 0 7.4 11.6 3.5 0.0 0 0 1 5 5
-4775.8 -8025.5 -10.6 285 0 4.5 10.6 3.5 3.5 2 1 1 5 5
-4169.3 -8088.4 -8.2 100 0 4.4 6.7 3.5 3.5 2 1 1 1 1
-4245.7 -8066.5 -8.2 98 0 4.3 11.1 3.5 3.5 2 0 1 4 4
-4408.3 -8201.3 -8.6 189 0 9.0 12.1 7.0 3.5 2 0 2 3 3
-4374.0 -7882.3 -9.1 187 0 4.9 10.9 3.5 3.5 2 0 1 4 4
-4266.4 -8224.3 -8.9 237 0 13.8 4.4 3.5 3.5 2 0 1 2 2
-4866.8 -7813.2 -11.5 189 0 21.4 5.9 5.0 2.5 2 0 2 1 1
6565.5 -3181.1 1.9 157 0 14.7 24.5 7.5 2.5 4 1 3 3 3
-4351.6 -5171.1 -0.2 8 0 6.5 25.5 5.0 2.5 2 1 2 5 5
-4336.3 -5159.8 -1.3 277 0 6.6 25.4 5.0 2.5 2 1 2 0 0
-5506.0 -8449.3 -12.2 97 0 17.3 17.4 10.5 3.5 2 1 3 0 0
-5587.8 -8410.7 -13.0 187 0 15.7 25.2 10.5 3.5 2 0 3 3 3
1889.7 5247.9 -0.4 76 0 8.7 10.4 5.0 2.5 4 1 2 0 0
-5219.4 -8530.0 -7.9 7 0 12.1 35.1 14.0 3.5 2 1 4 1 1
-5217.1 -8462.9 -8.6 277 0 11.8 34.0 14.0 0.0 0 1 4 0 0
-5201.9 -8426.2 -9.5 7 0 11.8 35.1 14.0 3.5 4 1 4 5 5
-5883.1 -8487.2 -14.1 8 0 11.4 41.5 7.5 2.5 4 1 3 1 1
-5934.3 -8428.6 -14.5 279 0 13.0 44.6 15.0 0.0 0 1 6 1 1
-5916.0 -8426.2 -14.3 190 0 13.3 42.2 7.5 2.5 2 1 3 1 1
-5859.1 -8468.8 -14.0 189 0 42.2 13.0 12.5 2.5 2 0 5 0 0
-5728.6 -8420.3 -13.8 9 0 13.2 44.7 12.5 2.5 2 1 5 1 1
-5704.2 -8375.6 -13.7 278 0 13.1 42.0 12.5 2.5 2 1 5 4 4
-5764.3 -8355.7 -14.0 189 0 50.3 11.5 12.5 2.5 2 0 5 4 4
-5683.7 -8322.8 -14.0 10 0 13.3 54.8 12.5 2.5 4 1 5 1 1
-5689.8 -8358.4 -13.7 188 0 11.1 41.2 12.5 2.5 2 1 5 1 1
-5634.6 -8315.8 -13.7 189 0 42.1 12.8 12.5 2.5 2 0 5 4 4
-5667.8 -8250.5 -14.1 98 0 10.1 53.8 12.5 2.5 4 1 5 0 0
-5701.8 -8245.7 -14.1 282 0 41.0 11.4 12.5 2.5 2 0 5 3 3
-5651.2 -8503.5 -12.7 188 0 40.8 13.2 12.5 2.5 4 0 5 5 5
-5630.7 -8443.5 -13.1 277 0 13.1 41.9 12.5 2.5 4 0 5 3 3
-5645.9 -8548.8 -12.3 8 0 41.7 13.3 15.0 0.0 0 0 6 2 2
-5580.8 -8457.0 -12.9 187 0 54.5 10.4 17.5 3.5 2 0 5 1 1
-5562.0 -8541.0 -11.8 97 0 10.2 54.0 12.5 2.5 2 1 5 5 5
-5436.4 -8410.8 -12.7 98 0 11.5 68.8 10.5 3.5 2 1 3 1 1
-5424.6 -8427.0 -11.5 278 0 33.2 10.0 10.5 0.0 0 0 3 1 1
-3935.6 -8247.8 -8.9 196 0 204.2 151.1 3.5 0.0 0 0 1 3 3
-4984.3 -8450.9 -11.6 121 0 13.8 8.4 7.0 3.5 2 0 2 1 1
-4969.6 -8424.5 -11.5 14 0 11.6 16.2 3.5 0.0 0 1 1 4 4
-4965.9 -8409.6 -11.6 13 0 9.5 15.9 3.5 0.0 0 1 1 1 1
-4952.1 -8379.8 -11.6 13 0 13.1 10.6 7.0 3.5 2 0 2 2 2
-4969.0 -8329.7 -11.5 193 0 8.1 14.0 7.0 0.0 0 1 2 2 2
-4943.8 -8314.7 -11.4 14 0 11.7 9.4 3.5 3.5 2 0 1 4 4
-4932.2 -8258.1 -11.2 14 0 14.2 10.2 3.5 3.5 2 0 1 3 3
-4922.4 -8199.8 -11.0 284 0 8.3 16.1 7.0 3.5 2 1 2 5 5
-4922.3 -8324.5 -11.3 194 0 9.0 8.3 3.5 3.5 2 0 1 1 1
-4921.3 -8364.3 -11.4 14 0 10.2 10.0 3.5 3.5 2 0 1 2 2
-6896.1 -7612.8 -19.3 235 0 9.8 17.6 5.0 2.5 2 1 2 3 3
-6859.0 -7609.5 -20.5 56 0 14.1 11.7 5.0 2.5 2 0 2 0 0
-6882.6 -7664.3 -18.3 55 0 19.1 9.3 5.0 2.5 4 0 2 2 2
-6902.3 -7677.7 -17.4 54 0 14.4 9.2 5.0 2.5 2 0 2 3 3
-4973.9 -7958.9 -11.0 280 0 10.9 27.6 7.5 2.5 2 1 3 3 3
-4957.9 -8047.6 -11.3 279 0 10.2 17.2 5.0 2.5 2 1 2 1 1
-5340.6 -8529.4 -8.8 189 0 9.1 8.8 10.5 0.0 0 0 3 3 3
-5338.3 -8508.1 -9.1 188 0 11.6 13.1 10.5 3.5 2 1 3 3 3
-5331.1 -8480.7 -9.5 188 0 11.4 9.9 10.5 3.5 2 0 3 3 3
-5326.9 -8429.5 -10.3 189 0 11.0 11.8 10.5 3.5 2 1 3 4 4
-5322.9 -8409.4 -10.7 189 0 17.4 12.6 10.5 3.5 2 0 3 4 4
-5314.7 -8386.4 -10.9 278 0 11.0 11.6 10.5 0.0 0 1 3 5 5
-5248.1 -8404.2 -10.0 277 0 20.8 24.7 14.0 3.5 2 1 4 3 3
-5273.2 -8413.2 -10.2 21 0 13.7 11.5 10.5 3.5 2 0 3 1 1
-5384.9 -8548.4 -9.1 99 0 14.4 13.2 10.5 0.0 0 0 3 3 3
-5405.7 -8525.8 -9.7 100 0 11.0 11.3 10.5 3.5 2 1 3 0 0
-5359.4 -8525.6 -9.2 9 0 10.5 9.6 10.5 3.5 2 0 3 3 3
-5370.4 -8517.0 -9.3 8 0 5.2 3.6 10.5 3.5 2 0 3 3 3
-5356.3 -8502.7 -9.5 8 0 8.6 8.8 10.5 3.5 2 1 3 0 0
-5352.8 -8484.3 -9.9 7 0 9.9 17.7 10.5 3.5 4 1 3 2 2
-5355.4 -8468.5 -10.2 8 0 7.3 13.5 10.5 3.5 2 1 3 4 4
-5347.1 -8445.9 -10.4 7 0 10.3 9.6 10.5 3.5 2 0 3 4 4
-5346.4 -8424.7 -10.8 8 0 9.8 12.5 10.5 3.5 2 1 3 1 1
-5344.5 -8405.9 -11.1 9 0 12.3 9.6 10.5 3.5 2 0 3 4 4
-5319.7 -8352.8 -11.6 186 1 15.3 11.6 14.0 0.0 0 0 4 5 5
-5302.6 -8310.5 -12.1 278 0 10.1 8.2 10.5 3.5 2 0 3 1 1
-5277.7 -8326.6 -11.7 6 0 5.6 15.7 10.5 3.5 2 1 3 2 2
-5331.7 -8354.5 -11.8 15 0 9.6 7.6 5.0 2.5 2 0 2 3 3
-5340.3 -8340.7 -12.0 186 0 13.4 5.0 2.5 2.5 2 0 1 3 3
-5390.6 -8381.8 -11.9 7 0 12.0 4.3 10.5 3.5 2 0 3 2 2
-5384.9 -8368.4 -12.1 98 0 10.8 10.1 10.5 3.5 2 0 3 3 3
-5399.8 -8437.4 -11.0 189 0 12.0 14.6 10.5 3.5 4 1 3 2 2
-6942.4 -7801.9 -18.2 324 0 11.1 6.8 5.0 2.5 2 0 2 3 3
-5864.3 -8433.3 -14.1 189 0 16.8 25.6 12.5 2.5 2 0 5 4 4
-5930.8 -8421.1 -14.6 100 0 14.9 7.3 10.5 3.5 2 0 3 4 4
-5809.6 -8379.5 -14.0 278 0 8.9 8.6 5.0 2.5 2 0 2 3 3
-5843.6 -8373.0 -14.2 278 0 9.5 12.8 7.5 2.5 2 1 3 0 0
-5884.3 -8366.6 -14.5 279 0 10.2 15.6 5.0 2.5 4 0 2 2 2
-5895.3 -8399.6 -14.4 98 0 10.1 11.8 5.0 0.0 0 1 2 1 1
-5879.0 -8398.3 -14.3 99 0 10.0 11.3 5.0 0.0 0 0 2 5 5
-5874.7 -8369.2 -14.3 279 0 9.6 9.9 5.0 0.0 0 0 2 3 3
-5878.0 -8378.7 -14.3 279 0 5.7 8.2 7.5 0.0 0 0 3 1 1
-5886.1 -8394.0 -14.3 99 0 5.5 10.0 5.0 2.5 2 1 2 1 1
-5905.5 -8372.7 -14.6 279 0 10.6 8.7 5.0 2.5 2 0 2 1 1
-5921.7 -8360.5 -14.9 281 0 12.3 12.2 5.0 2.5 4 0 2 0 0
-5929.6 -8381.5 -14.8 190 0 9.1 12.4 5.0 2.5 2 1 2 0 0
-5858.2 -8402.5 -14.2 99 0 10.8 11.5 7.5 2.5 2 1 3 4 4
-6146.1 -8441.4 -16.5 110 0 18.6 10.0 10.0 2.5 2 0 4 5 5
-6168.5 -8430.9 -16.6 112 0 11.5 8.3 7.5 2.5 2 0 3 5 5
-6136.6 -8389.6 -16.8 290 0 36.6 11.2 10.0 2.5 2 0 4 2 2
-6129.2 -8369.9 -16.9 290 0 36.6 11.2 12.5 2.5 2 0 5 3 3
-6100.1 -8444.3 -16.2 110 0 36.8 12.8 10.0 2.5 2 0 4 3 3
-6058.1 -8459.2 -15.7 108 0 30.0 12.1 7.5 2.5 2 0 3 3 3
-6008.2 -8434.0 -15.4 108 0 39.6 10.0 7.5 2.5 2 0 3 3 3
-6015.6 -8421.2 -15.6 107 0 9.0 32.8 7.5 2.5 2 0 3 5 5
-5985.1 -8462.7 -14.7 204 0 18.0 14.4 10.0 2.5 2 0 4 2 2
-5517.0 -8150.4 -13.9 133 0 25.5 67.5 7.5 0.0 0 1 3 3 3
-5658.9 -8023.9 -14.8 131 0 20.4 7.5 2.5 2.5 2 0 1 3 3
-5644.1 -8012.4 -14.8 131 0 27.4 9.9 7.5 0.0 0 0 3 2 2
-5630.0 -8026.0 -14.5 131 0 11.6 6.4 5.0 2.5 2 0 2 5 5
-5681.4 -7949.0 -15.3 313 0 15.8 23.7 12.5 0.0 0 1 5 4 4
-5657.5 -7945.8 -15.6 131 0 8.4 17.0 5.0 2.5 2 1 2 0 0
-5666.5 -7937.1 -16.2 131 0 12.3 14.8 7.5 2.5 2 1 3 3 3
-5684.4 -7920.7 -17.0 130 0 8.4 20.5 5.0 2.5 2 1 2 0 0
-5700.5 -7907.1 -17.3 132 0 8.2 16.0 5.0 2.5 2 1 2 0 0
-5686.9 -7885.8 -17.4 312 0 3.2 4.2 5.0 2.5 2 1 2 3 3
-5734.2 -7894.8 -17.4 99 0 18.1 11.2 5.0 2.5 4 0 2 4 4
-5682.6 -8095.9 -15.1 132 0 103.2 12.7 10.0 2.5 2 0 4 1 1
-5690.3 -8021.4 -15.1 314 0 15.6 15.9 7.5 2.5 2 1 3 1 1
-5665.4 -8045.1 -14.8 313 0 13.6 15.2 2.5 2.5 2 1 1 3 3
-5638.7 -8155.7 -14.1 131 0 7.9 13.5 5.0 2.5 2 1 2 2 2
-5626.1 -8167.7 -14.1 130 0 6.5 15.4 5.0 2.5 2 1 2 5 5
-5590.9 -8203.1 -13.8 108 0 8.7 8.5 5.0 0.0 0 0 2 2 2
-5594.1 -8176.3 -13.9 196 0 6.5 12.9 5.0 2.5 2 1 2 4 4
-5561.0 -8206.5 -13.8 118 0 24.5 6.7 5.0 2.5 2 0 2 5 5
-5564.1 -8238.4 -13.7 117 0 19.0 8.5 5.0 2.5 2 0 2 3 3
-5535.5 -8253.2 -13.5 116 0 20.4 13.5 7.5 0.0 0 0 3 5 5
-5477.7 -8246.0 -13.4 28 0 5.8 23.3 5.0 2.5 2 0 2 5 5
-5498.0 -8234.4 -13.5 26 0 4.2 15.1 5.0 2.5 2 0 2 2 2
-5519.0 -8230.6 -13.5 116 0 3.8 3.8 5.0 2.5 2 1 2 5 5
-5502.7 -8245.5 -13.4 27 0 3.0 3.7 2.5 2.5 2 1 1 0 0
-5475.8 -8211.5 -13.5 303 0 14.6 17.7 12.5 0.0 0 1 5 5 5
-5589.9 -8103.8 -14.1 311 0 13.4 5.9 2.5 2.5 2 0 1 3 3
-5413.6 -8300.0 -12.6 9 0 12.8 12.6 5.0 2.5 2 0 2 3 3
-5441.9 -8280.2 -12.8 190 0 12.6 5.6 2.5 2.5 4 0 1 5 5
-5440.3 -8270.8 -12.9 190 0 6.4 6.8 5.0 2.5 2 0 2 1 1
-5427.4 -8268.6 -12.8 278 0 6.5 4.6 7.5 2.5 2 0 3 1 1
-5323.8 -8518.8 -8.7 188 0 4.3 10.5 10.5 3.5 2 0 3 3 3
-5324.3 -8522.7 -8.7 188 0 3.6 8.1 10.5 3.5 2 0 3 0 0
-5493.9 -8078.1 -13.9 313 0 13.2 8.0 7.5 2.5 2 0 3 2 2
-5486.7 -8064.1 -13.9 318 0 6.7 9.4 7.5 2.5 4 1 3 5 5
-5500.4 -8073.4 -13.9 330 0 3.8 5.9 5.0 2.5 2 0 2 5 5
-5636.4 -8239.3 -13.9 11 0 8.7 9.5 7.5 2.5 4 1 3 5 5
-5737.7 -8225.8 -14.2 280 0 15.9 24.7 10.0 2.5 2 0 4 0 0
-5727.0 -8240.4 -14.2 281 0 10.9 10.0 5.0 2.5 2 0 2 5 5
-5917.6 -8291.3 -15.3 189 0 6.7 12.2 2.5 2.5 2 1 1 5 5
-5898.8 -8279.5 -15.2 280 0 4.1 4.6 7.5 2.5 2 1 3 5 5
-5872.6 -8280.2 -15.0 278 0 10.7 15.1 5.0 2.5 2 1 2 1 1
-5853.0 -8282.9 -14.8 279 0 10.6 12.5 5.0 2.5 4 1 2 2 2
-5832.9 -8286.2 -14.6 279 0 9.4 14.6 5.0 2.5 4 1 2 4 4
-5817.1 -8289.8 -14.4 280 0 11.4 10.5 5.0 2.5 2 0 2 3 3
-5800.3 -8350.8 -14.1 9 0 16.2 9.9 5.0 0.0 0 0 2 5 5
-5908.1 -8343.2 -14.9 101 0 8.9 7.8 5.0 2.5 2 0 2 1 1
-5901.5 -8336.5 -14.9 100 0 8.4 5.4 7.5 2.5 2 0 3 2 2
-5888.6 -8291.8 -15.0 279 0 7.0 8.1 7.5 0.0 0 1 3 1 1
-5894.7 -8310.0 -15.0 190 0 3.2 7.9 7.5 2.5 4 1 3 4 4
-5891.5 -8329.8 -14.8 100 0 3.3 7.8 7.5 2.5 2 1 3 4 4
-5851.5 -8312.9 -14.5 280 0 4.7 5.0 7.5 2.5 2 1 3 5 5
-5807.7 -8329.8 -14.2 9 0 8.1 4.1 5.0 0.0 0 0 2 1 1
-5808.7 -8337.8 -14.2 10 0 3.4 3.3 5.0 2.5 4 0 2 0 0
-5831.1 -8315.8 -14.3 279 0 3.5 6.2 7.5 2.5 2 0 3 0 0
-5893.9 -8344.2 -14.7 98 0 3.7 6.3 2.5 2.5 2 0 1 0 0
-5868.4 -8331.4 -14.7 99 0 5.1 15.0 7.5 2.5 2 1 3 5 5
-5908.9 -8249.1 -15.6 188 0 12.5 10.3 5.0 2.5 2 0 2 5 5
-5906.8 -8233.4 -15.6 188 0 10.3 8.8 2.5 2.5 4 0 1 3 3
-5907.3 -8224.6 -15.7 189 0 3.8 6.1 5.0 2.5 2 1 2 3 3
-5841.5 -8198.1 -15.3 279 0 8.0 8.5 2.5 2.5 2 1 1 5 5
-5822.9 -8200.9 -15.1 279 0 8.7 8.2 5.0 2.5 2 0 2 4 4
-5803.3 -8201.7 -14.9 279 0 9.9 10.0 2.5 2.5 4 1 1 0 0
-5783.5 -8205.9 -14.7 278 0 8.8 9.1 2.5 2.5 4 1 1 4 4
-5783.9 -8275.1 -14.3 8 0 5.6 14.8 5.0 2.5 2 0 2 1 1
-5785.4 -8258.9 -14.4 9 0 13.4 11.4 5.0 2.5 2 0 2 3 3
-5815.7 -8268.9 -14.6 100 0 12.0 11.4 5.0 2.5 2 0 2 1 1
-5850.6 -8263.4 -15.0 99 0 9.2 8.6 5.0 2.5 2 0 2 3 3
-5870.0 -8260.4 -15.2 100 0 8.4 8.8 5.0 2.5 2 1 2 2 2
-5887.5 -8263.5 -15.4 98 0 16.5 15.5 2.5 2.5 4 0 1 5 5
-5872.6 -8245.5 -15.3 99 0 4.2 11.1 7.5 2.5 2 1 3 2 2
-5875.5 -8196.6 -15.6 279 0 6.3 10.5 5.0 2.5 2 0 2 4 4
-5883.6 -8199.9 -15.6 278 0 8.7 6.1 5.0 0.0 0 0 2 4 4
-5849.3 -8236.7 -15.1 99 0 11.0 6.9 5.0 2.5 2 0 2 5 5
-5852.7 -8234.7 -15.2 99 0 3.1 5.4 2.5 2.5 2 0 1 3 3
-5798.0 -8241.0 -14.7 9 0 7.4 19.3 2.5 2.5 2 0 1 4 4
-5786.6 -8241.4 -14.5 8 0 6.5 11.4 2.5 2.5 4 0 1 2 2
-5824.4 -8239.0 -14.9 98 0 14.3 5.6 7.5 2.5 2 0 3 5 5
-5821.3 -8226.7 -14.9 279 0 11.8 7.1 5.0 2.5 2 0 2 3 3
-5832.3 -8227.8 -15.0 279 0 4.7 4.5 5.0 2.5 4 0 2 5 5
-5803.5 -8232.0 -14.8 8 0 8.7 12.5 5.0 2.5 2 0 2 0 0
-5829.2 -8211.1 -15.1 279 0 6.9 10.5 7.5 2.5 2 1 3 0 0
-5801.0 -8274.5 -14.4 99 0 4.5 13.5 5.0 0.0 0 0 2 5 5
6565.6 4032.9 -1.5 320 0 17.6 11.7 7.5 2.5 2 0 3 4 4
6508.4 4009.1 -1.6 157 0 44.4 16.7 7.5 2.5 2 0 3 2 2
6539.1 4044.3 -1.6 334 0 7.8 22.2 7.5 2.5 2 1 3 1 1
6537.8 4008.3 -1.6 66 0 15.3 7.3 7.5 2.5 2 0 3 2 2
3181.8 -2132.1 4.2 205 0 57.9 22.2 12.5 2.5 4 0 5 5 5
-5944.5 -8099.3 -16.8 9 0 3.7 3.6 7.5 2.5 2 0 3 1 1
-5944.8 -8280.9 -15.8 11 0 14.6 14.6 5.0 2.5 2 1 2 5 5
-5969.3 -8270.1 -16.0 280 0 9.0 9.0 2.5 2.5 2 0 1 3 3
-5988.0 -8265.4 -16.1 281 0 10.4 15.1 5.0 2.5 2 1 2 5 5
-5942.4 -8238.7 -16.0 9 0 10.1 10.1 2.5 2.5 2 0 1 2 2
-5938.2 -8207.8 -16.1 9 0 9.0 9.0 5.0 2.5 2 1 2 0 0
-5935.4 -8189.0 -16.2 8 0 8.8 9.0 5.0 2.5 2 1 2 1 1
-5929.4 -8154.0 -16.4 9 0 11.3 13.8 5.0 2.5 2 1 2 3 3
-5920.5 -8100.6 -16.6 9 0 10.4 15.4 5.0 2.5 2 1 2 0 0
-5917.0 -8067.1 -16.9 9 0 11.4 11.6 5.0 2.5 2 1 2 0 0
-5959.2 -8071.1 -17.2 279 0 9.7 16.7 5.0 2.5 2 1 2 0 0
-5983.3 -8076.4 -17.4 188 0 8.9 9.1 2.5 2.5 4 1 1 5 5
-5986.8 -8100.0 -17.1 188 0 9.0 9.0 5.0 2.5 2 1 2 3 3
-5990.0 -8115.1 -17.0 189 0 6.9 14.9 5.0 2.5 2 1 2 4 4
-5992.1 -8134.9 -16.9 188 0 10.7 9.5 2.5 2.5 2 0 1 3 3
-5991.9 -8153.5 -16.8 189 0 10.6 8.8 5.0 2.5 2 0 2 5 5
-5997.3 -8170.6 -16.8 188 0 9.6 11.5 5.0 2.5 2 1 2 2 2
-6000.4 -8192.4 -16.7 190 0 13.1 11.8 5.0 2.5 2 0 2 5 5
-5992.6 -8240.1 -16.4 99 0 5.7 12.4 2.5 2.5 2 1 1 3 3
-5962.4 -8240.4 -16.2 98 0 11.3 16.2 5.0 2.5 2 1 2 1 1
-5956.9 -8162.1 -16.5 9 0 7.1 6.0 7.5 2.5 4 0 3 1 1
-5948.1 -8143.7 -16.6 9 0 5.2 12.4 5.0 2.5 2 1 2 2 2
-5939.6 -8109.4 -16.7 8 0 5.7 10.5 7.5 2.5 2 0 3 1 1
-5939.4 -8104.4 -16.7 8 0 4.0 9.9 2.5 2.5 2 0 1 5 5
-5938.9 -8091.0 -16.8 9 0 5.6 6.2 5.0 2.5 2 1 2 1 1
-5972.3 -8032.6 -17.3 99 0 7.9 9.0 5.0 2.5 2 1 2 1 1
-5973.4 -8011.5 -17.3 189 0 9.7 8.7 2.5 2.5 2 0 1 3 3
-5970.6 -7993.1 -17.2 189 0 8.6 8.9 5.0 2.5 4 1 2 1 1
-5968.0 -7976.9 -17.2 189 0 9.0 9.3 5.0 2.5 2 1 2 4 4
-5965.6 -7959.9 -17.1 189 0 9.9 9.8 5.0 2.5 4 0 2 0 0
-5963.4 -7942.6 -17.1 189 0 10.8 10.6 5.0 2.5 2 0 2 3 3
-5960.1 -7925.8 -16.7 188 0 9.5 9.0 2.5 2.5 2 0 1 4 4
-5939.1 -7905.0 -16.8 279 0 9.7 10.5 5.0 2.5 2 1 2 1 1
-5891.5 -7898.9 -17.0 8 0 9.3 8.2 5.0 2.5 2 0 2 1 1
-5894.4 -7917.8 -16.5 8 0 12.2 9.1 2.5 2.5 4 0 1 1 1
-5899.5 -7956.2 -16.7 9 0 9.8 9.6 5.0 2.5 2 0 2 0 0
-5905.2 -7993.7 -16.8 9 0 10.1 10.0 5.0 2.5 2 0 2 5 5
-5908.3 -8015.2 -16.9 8 0 11.7 10.5 5.0 2.5 2 0 2 1 1
-5933.5 -8025.2 -17.0 99 0 5.9 15.6 5.0 0.0 0 1 2 1 1
-5946.7 -7973.4 -17.0 189 0 4.8 9.0 7.5 2.5 2 1 3 2 2
-5886.5 -7865.1 -17.6 8 0 9.1 10.2 7.5 2.5 2 1 3 3 3
-5884.3 -7847.7 -17.8 8 0 8.6 8.5 5.0 2.5 2 0 2 3 3
-5926.3 -7869.2 -17.6 99 0 11.5 11.2 2.5 0.0 0 0 1 5 5
-5946.0 -7878.8 -17.4 99 0 11.1 10.6 2.5 2.5 2 0 1 4 4
-5963.7 -7886.5 -17.3 99 0 10.8 13.4 5.0 2.5 2 1 2 0 0
-5986.5 -7898.9 -17.0 98 0 10.8 9.3 2.5 2.5 4 0 1 5 5
-5762.6 -7889.1 -17.5 100 0 12.7 11.5 5.0 2.5 2 0 2 1 1
-6006.6 -7908.9 -16.8 98 0 10.8 10.8 2.5 2.5 2 0 1 0 0
-6024.2 -7920.5 -17.0 86 0 12.2 14.6 5.0 2.5 2 1 2 2 2
-6047.3 -7928.6 -17.3 100 0 11.5 10.7 5.0 2.5 2 0 2 0 0
-6067.6 -7938.9 -17.8 98 0 12.5 12.2 5.0 2.5 4 0 2 3 3
-6088.2 -7947.8 -18.0 98 0 12.4 11.6 5.0 2.5 2 0 2 0 0
-6127.0 -7967.2 -18.3 99 0 8.9 8.7 2.5 2.5 2 0 1 2 2
-6148.2 -7977.9 -18.4 99 0 11.9 11.0 2.5 0.0 0 0 1 0 0
-6171.1 -7982.9 -18.6 190 0 8.7 8.2 5.0 2.5 2 0 2 2 2
-6058.8 -7975.7 -17.8 188 0 10.0 8.2 5.0 2.5 2 0 2 0 0
-6060.8 -7991.6 -17.8 188 0 9.5 8.6 5.0 2.5 2 0 2 4 4
-6063.8 -8010.0 -17.9 189 0 9.8 8.1 5.0 2.5 2 0 2 1 1
-6067.2 -8027.7 -17.9 189 0 10.9 10.1 5.0 2.5 2 0 2 3 3
-6065.6 -8050.9 -18.0 98 0 8.3 9.3 2.5 2.5 2 1 1 3 3
-6026.5 -8038.7 -17.7 98 0 8.9 12.7 2.5 2.5 2 1 1 5 5
-6003.4 -8034.6 -17.6 8 0 9.0 8.7 2.5 2.5 2 0 1 0 0
-5999.1 -8012.7 -17.5 8 0 9.6 9.8 5.0 2.5 2 1 2 0 0
-5996.4 -7993.5 -17.5 9 0 10.3 11.6 5.0 2.5 2 1 2 0 0
-5994.2 -7976.9 -17.4 8 0 9.8 7.7 5.0 2.5 2 0 2 2 2
-5991.9 -7958.0 -17.4 8 0 9.8 11.1 5.0 2.5 2 1 2 0 0
-5996.2 -7933.7 -17.3 279 0 9.0 11.3 5.0 2.5 2 1 2 5 5
-6032.1 -7951.8 -17.6 279 0 8.7 9.4 5.0 2.5 2 1 2 4 4
-6096.7 -8055.8 -18.2 7 0 12.4 10.0 5.0 2.5 4 0 2 0 0
-6093.4 -8032.3 -18.2 8 0 8.8 9.5 5.0 2.5 2 1 2 0 0
-6088.6 -8011.5 -18.1 8 0 9.5 10.2 5.0 2.5 2 1 2 1 1
-6089.8 -7979.3 -18.0 279 0 8.3 8.4 5.0 2.5 2 1 2 4 4
-6117.7 -7993.3 -18.3 279 0 8.8 8.6 5.0 2.5 2 0 2 0 0
-6154.6 -8007.8 -18.5 190 0 7.6 12.3 5.0 2.5 2 1 2 3 3
-6160.2 -8027.7 -18.6 189 0 4.7 11.3 2.5 2.5 4 1 1 4 4
-6119.9 -8060.7 -18.4 98 0 8.5 8.6 5.0 2.5 2 1 2 4 4
-5850.2 -7894.5 -17.1 279 0 10.8 19.4 7.5 2.5 2 1 3 2 2
-5860.1 -7928.9 -16.1 190 0 14.8 15.9 7.5 2.5 2 1 3 3 3
-5863.9 -7953.1 -16.4 190 0 15.7 14.7 5.0 2.5 2 0 2 3 3
-5800.0 -7908.5 -16.7 280 0 11.5 12.6 5.0 2.5 2 1 2 2 2
-5794.2 -7942.8 -16.0 10 0 16.6 8.8 7.5 2.5 2 0 3 4 4
-5800.4 -7966.9 -16.1 8 0 16.2 10.1 5.0 2.5 2 0 2 3 3
-5814.3 -7991.6 -16.2 9 0 14.4 11.7 5.0 2.5 2 0 2 2 2
-5788.8 -7883.9 -17.5 100 0 17.0 9.5 2.5 2.5 2 0 1 2 2
-5815.4 -7880.6 -17.6 101 0 16.7 14.4 5.0 2.5 2 0 2 5 5
-5849.5 -7868.4 -17.6 191 0 11.1 16.7 2.5 2.5 2 1 1 2 2
-5755.6 -7913.1 -16.5 281 0 11.5 17.9 7.5 2.5 4 1 3 2 2
-5767.9 -7950.5 -15.8 190 0 14.9 11.2 5.0 2.5 2 0 2 1 1
-5772.4 -7978.9 -15.8 191 0 13.3 10.3 2.5 2.5 2 0 1 2 2
-5878.9 -8049.6 -16.6 189 0 10.2 8.8 2.5 2.5 2 0 1 5 5
-5882.2 -8073.5 -16.4 188 0 11.8 9.1 2.5 2.5 2 0 1 3 3
-5888.6 -8117.5 -16.2 189 0 9.1 8.6 5.0 2.5 2 0 2 3 3
-5892.1 -8139.5 -16.1 188 0 13.8 9.4 5.0 2.5 2 0 2 4 4
-5892.1 -8170.9 -15.9 99 0 9.2 9.6 2.5 2.5 2 1 1 0 0
-5877.9 -8147.0 -15.9 187 0 12.5 8.1 5.0 2.5 2 0 2 2 2
-5864.9 -8174.4 -15.7 97 0 9.3 11.1 2.5 2.5 4 1 1 2 2
-5840.5 -8175.5 -15.5 98 0 8.0 10.7 5.0 2.5 4 1 2 0 0
-5852.5 -8123.7 -15.8 188 0 9.2 13.7 7.5 2.5 4 1 3 0 0
-5845.9 -8081.7 -16.0 189 0 12.8 11.5 5.0 0.0 0 0 2 3 3
-5820.3 -8177.0 -15.3 98 0 11.6 10.5 7.5 2.5 2 0 3 5 5
-5779.9 -8186.5 -14.8 100 0 7.9 9.3 5.0 2.5 2 1 2 3 3
-5771.8 -8163.4 -15.0 9 0 9.5 8.6 2.5 2.5 2 0 1 5 5
-5763.8 -8146.8 -15.0 9 0 9.7 14.4 5.0 2.5 2 1 2 1 1
-5758.4 -8083.5 -15.4 8 0 8.9 11.5 5.0 2.5 2 1 2 0 0
-5771.6 -8107.4 -15.4 9 0 12.4 13.0 5.0 2.5 2 1 2 4 4
-5786.3 -8063.0 -15.6 277 0 10.7 12.6 2.5 2.5 2 1 1 0 0
-5804.6 -8069.6 -15.8 279 0 13.2 13.8 5.0 2.5 4 1 2 4 4
-5813.1 -8142.7 -15.5 100 0 11.2 9.3 2.5 2.5 2 0 1 2 2
-5864.0 -8047.7 -16.4 189 0 4.5 9.3 7.5 2.5 2 1 3 5 5
-5863.2 -8066.9 -16.2 188 0 5.7 10.4 7.5 2.5 2 1 3 1 1
-5845.2 -8155.0 -15.6 100 0 5.0 10.0 5.0 2.5 2 1 2 2 2
-6184.5 -8463.6 -17.9 281 0 12.6 11.0 5.0 2.5 2 0 2 3 3
-6190.8 -8476.0 -18.2 191 0 4.9 7.5 7.5 2.5 2 0 3 4 4
-6183.1 -8493.3 -18.8 101 0 6.5 10.7 5.0 2.5 2 1 2 5 5
-6040.1 -8256.3 -16.6 280 0 8.9 14.2 5.0 2.5 2 1 2 5 5
-6057.5 -8255.0 -16.8 280 0 8.9 8.1 5.0 2.5 2 0 2 3 3
-6078.3 -8250.0 -17.0 281 0 8.4 9.7 5.0 2.5 2 1 2 4 4
-6095.3 -8203.3 -17.4 190 0 11.3 11.0 2.5 2.5 2 0 1 3 3
-6097.0 -8191.0 -17.5 190 0 4.9 10.1 7.5 2.5 2 1 3 5 5
-6072.5 -8223.2 -17.2 100 0 11.4 12.6 5.0 2.5 2 1 2 1 1
-6052.2 -8226.9 -17.0 100 0 8.7 8.9 5.0 2.5 2 1 2 0 0
-6031.3 -8223.6 -16.8 9 0 8.6 8.2 5.0 2.5 2 0 2 5 5
-6026.6 -8191.9 -17.0 10 0 12.0 14.5 2.5 0.0 0 1 1 2 2
-6020.1 -8156.4 -17.2 10 0 10.4 12.2 7.5 0.0 0 1 3 0 0
-6018.5 -8137.9 -17.2 9 0 8.3 8.2 5.0 0.0 0 0 2 5 5
-6016.2 -8121.3 -17.3 9 0 13.6 9.1 7.5 2.5 2 0 3 2 2
-6012.8 -8101.6 -17.5 9 0 9.0 8.7 5.0 2.5 4 0 2 0 0
-6015.4 -8077.2 -17.7 280 0 13.7 10.0 5.0 2.5 2 0 2 5 5
-6054.5 -8100.5 -18.0 99 0 12.4 11.9 5.0 2.5 2 0 2 2 2
-6073.1 -8099.3 -18.1 98 0 8.7 9.0 5.0 2.5 4 1 2 5 5
-6073.3 -8114.7 -17.9 280 0 12.3 9.2 5.0 2.5 4 0 2 3 3
-6082.8 -8136.6 -17.7 189 0 8.9 8.6 5.0 2.5 4 0 2 1 1
-6085.3 -8153.8 -17.6 189 0 8.2 8.8 5.0 2.5 2 1 2 4 4
-6089.6 -8180.9 -17.5 188 0 8.7 8.9 2.5 2.5 2 0 1 3 3
-6088.3 -8172.0 -17.5 188 0 9.1 8.9 2.5 2.5 2 0 1 3 3
-6194.6 -8233.4 -18.1 190 0 8.8 12.0 5.0 2.5 2 1 2 5 5
-6164.8 -8234.4 -17.8 281 0 9.0 9.2 2.5 2.5 2 1 1 4 4
-6146.2 -8237.1 -17.7 281 0 9.5 9.5 5.0 2.5 2 0 2 0 0
-6129.7 -8239.2 -17.5 279 0 10.7 10.7 5.0 2.5 2 0 2 2 2
-6125.5 -8266.3 -17.4 11 0 8.5 10.4 7.5 2.5 2 0 3 3 3
-6135.0 -8261.0 -17.4 11 0 8.3 5.2 5.0 2.5 2 0 2 3 3
-6119.7 -8207.5 -17.7 9 0 8.8 8.0 5.0 2.5 2 0 2 5 5
-6142.0 -8206.4 -17.9 98 0 9.6 13.3 2.5 2.5 2 1 1 5 5
-6184.8 -8194.2 -18.2 191 0 5.9 12.9 5.0 2.5 2 1 2 0 0
-6181.5 -8174.5 -18.3 190 0 15.7 9.1 5.0 2.5 2 0 2 5 5
-6177.2 -8151.9 -18.5 190 0 13.7 9.5 5.0 2.5 2 0 2 3 3
-6147.9 -8116.4 -18.7 113 0 10.5 12.8 5.0 2.5 2 1 2 2 2
-6164.8 -8118.2 -18.8 100 0 8.8 11.8 5.0 2.5 2 1 2 4 4
-6107.8 -8098.7 -18.4 279 0 9.1 9.3 5.0 2.5 2 1 2 1 1
-6106.6 -8121.3 -18.3 9 0 8.8 8.8 5.0 2.5 2 1 2 5 5
-6108.6 -8138.6 -18.0 9 0 9.2 9.1 5.0 2.5 2 0 2 1 1
-6111.7 -8156.4 -17.9 8 0 9.2 9.2 2.5 2.5 2 0 1 4 4
-6114.4 -8180.0 -17.8 9 0 7.8 13.6 5.0 0.0 0 1 2 4 4
-6157.4 -8164.5 -18.2 189 0 4.4 12.2 7.5 2.5 2 0 3 5 5
-6156.7 -8160.0 -18.2 188 0 4.5 12.2 7.5 2.5 2 0 3 4 4
-6129.0 -8104.4 -18.5 279 0 13.5 5.0 7.5 2.5 2 0 3 0 0
-6237.5 -8189.6 -18.8 103 0 25.7 9.4 7.0 2.5 2 0 2 1 1
-6212.4 -8204.4 -18.5 104 0 11.1 10.0 3.5 2.5 4 0 1 3 3
-6202.1 -8177.1 -18.6 14 0 18.6 8.4 4.0 2.5 4 0 1 0 0
-2333.9 605.9 -1.6 190 0 107.3 241.0 7.5 0.0 0 1 3 2 2
-2149.6 379.6 -1.6 11 0 123.3 307.1 10.0 0.0 0 1 4 5 5
-1547.3 2075.0 1.8 111 0 37.2 12.8 5.0 2.5 4 0 2 4 4
-1392.7 2800.3 -0.9 123 0 12.6 11.9 5.0 2.5 2 0 2 3 3
-1386.2 2776.1 -0.4 303 0 10.5 9.4 5.0 2.5 2 0 2 1 1
-1265.5 2695.1 0.1 304 0 9.2 11.1 5.0 2.5 2 1 2 3 3
-1243.9 2711.9 0.6 125 0 11.5 11.7 10.0 2.5 2 1 4 0 0
-1160.0 2623.8 2.2 302 0 8.1 9.2 5.0 2.5 2 1 2 3 3
-1116.6 2618.7 2.4 123 0 10.8 9.7 5.0 2.5 2 0 2 5 5
-1079.3 2720.1 0.6 302 0 10.9 10.3 7.5 2.5 2 0 3 4 4
-1132.5 2754.2 -0.0 303 0 10.4 8.3 5.0 2.5 4 0 2 1 1
-1138.6 2805.6 -1.5 119 0 9.5 12.0 7.5 2.5 2 1 3 1 1
-1231.6 2816.7 -1.3 301 0 8.5 8.3 2.5 0.0 0 0 1 1 1
-1211.5 2849.9 -2.3 121 0 15.2 11.2 2.5 0.0 0 0 1 1 1
-1288.1 2845.3 -2.2 31 0 12.9 27.0 7.5 2.5 2 1 3 5 5
-1383.7 2959.8 -2.3 122 0 9.7 10.0 2.5 2.5 2 1 1 5 5
-1430.9 2986.6 -2.2 121 0 9.1 10.1 5.0 0.0 0 1 2 0 0
-1408.9 3076.0 -2.9 121 0 11.0 11.5 2.5 2.5 4 1 1 0 0
-1367.7 3021.0 -2.3 301 0 9.8 10.2 2.5 2.5 2 1 1 3 3
-1321.5 3015.0 -2.6 122 0 8.6 9.2 5.0 2.5 2 1 2 5 5
-1225.0 2955.3 -2.3 121 0 7.8 8.2 5.0 2.5 2 1 2 0 0
-1216.1 3045.9 -1.6 118 0 9.1 10.3 5.0 2.5 2 1 2 1 1
-1283.6 3068.1 -2.0 302 0 10.9 10.5 7.5 2.5 2 0 3 2 2
-1417.7 3178.9 -1.3 107 0 11.0 10.8 7.5 2.5 4 0 3 3 3
-1432.5 3144.9 -1.5 286 0 8.9 8.6 5.0 2.5 2 0 2 2 2
-1387.0 3313.6 -1.9 103 0 12.0 13.7 7.5 2.5 2 1 3 1 1
-1365.9 3286.9 -1.0 284 0 9.1 8.4 7.5 2.5 2 0 3 5 5
-532.7 3448.0 1.5 105 0 12.5 11.6 2.5 2.5 2 0 1 2 2
-714.5 3499.9 0.5 108 0 11.6 10.8 7.5 2.5 4 0 3 5 5
-556.4 3528.2 0.1 104 0 9.7 11.7 5.0 2.5 4 1 2 3 3
-464.0 3651.7 -0.8 283 0 12.0 11.2 7.5 2.5 2 0 3 5 5
-5865.8 4213.9 -9.6 250 0 12.8 16.9 5.0 2.5 2 1 2 0 0
-5745.1 4220.8 -10.7 87 0 21.2 17.5 12.5 2.5 2 0 5 5 5
-5828.5 4075.4 -9.2 166 0 9.4 10.9 7.5 2.5 2 1 3 1 1
-6142.6 3945.7 -7.1 174 0 16.3 10.9 2.5 2.5 2 0 1 4 4
6608.9 3979.6 -1.8 336 0 9.3 7.5 7.5 2.5 4 0 3 5 5
-6890.8 -1560.9 -6.7 193 0 7.2 27.3 5.0 2.5 2 1 2 5 5
-4222.9 -8484.0 -8.8 9 0 12.6 37.5 7.0 3.5 2 0 2 3 3
-5507.2 -4054.3 -2.3 276 0 11.0 8.2 3.5 2.5 2 0 1 0 0
314.0 -6147.4 0.5 6 0 25.6 14.0 12.5 0.0 0 0 5 5 5
-0.0 -5804.7 0.1 6 0 14.4 29.3 7.5 2.5 2 1 3 2 2
-115.8 -5785.8 1.2 277 0 10.7 39.8 10.0 2.5 2 1 4 1 1
-204.6 -5797.0 1.9 5 0 20.1 11.2 2.5 2.5 2 0 1 4 4
-344.9 -5067.7 1.0 284 0 13.4 14.4 7.5 2.5 2 0 3 4 4
-353.9 -5105.7 1.0 104 0 18.6 24.6 7.5 2.5 2 0 3 0 0
-411.9 -5114.2 1.2 12 0 19.2 9.0 7.5 2.5 4 0 3 5 5
-424.0 -5097.7 1.3 192 0 8.1 21.2 7.5 2.5 2 0 3 2 2
-484.5 -7006.1 -3.8 135 0 6.0 22.8 2.5 2.5 2 1 1 3 3
-472.1 -6933.6 -2.6 316 0 43.8 9.2 2.5 2.5 2 0 1 5 5
-579.0 -6916.0 -2.8 138 0 14.9 61.2 2.5 2.5 2 1 1 5 5
-231.2 -5129.3 0.8 184 0 11.6 36.7 7.5 2.5 2 1 3 5 5
-571.1 -5777.2 1.8 95 0 41.8 19.1 12.5 2.5 2 0 5 5 5
-597.7 -5823.2 2.8 184 0 19.2 20.9 7.5 2.5 2 1 3 3 3
-659.9 -5800.4 1.2 276 0 14.0 25.3 7.5 2.5 2 1 3 5 5
-369.9 -5778.7 1.9 191 0 12.5 21.6 10.0 2.5 2 1 4 5 5
-141.3 -5583.9 1.7 189 0 10.4 9.2 2.5 2.5 4 0 1 4 4
-158.5 -5605.6 2.2 8 0 11.6 17.1 5.0 2.5 4 1 2 3 3
-533.8 -5511.1 1.3 198 0 26.9 13.6 12.5 2.5 4 0 5 1 1
192.2 -6588.5 -0.9 147 0 7.0 22.2 5.0 2.5 2 1 2 1 1
23.1 -6177.0 2.8 186 0 15.6 51.2 7.5 2.5 2 0 3 2 2
16.4 -5955.9 0.9 185 0 28.1 22.8 7.5 0.0 0 0 3 0 0
116.1 -5815.5 -0.3 277 0 4.0 29.2 7.5 0.0 0 1 3 2 2
58.8 -5802.7 -0.3 276 0 46.7 8.7 7.5 2.5 2 0 3 0 0
31.3 -5837.8 0.0 187 0 9.3 46.5 7.5 2.5 2 1 3 0 0
-78.6 -6051.2 2.3 275 0 34.8 17.5 10.0 0.0 0 0 4 0 0
-38.0 -5980.4 1.5 185 0 29.1 12.0 7.5 2.5 2 0 3 2 2
-15.0 -5939.0 1.3 5 0 14.3 18.4 5.0 2.5 2 1 2 5 5
-18.2 -5886.4 1.2 4 0 49.7 17.3 12.5 2.5 2 0 5 4 4
-78.7 -5906.1 1.9 95 0 47.0 17.4 7.5 2.5 2 0 3 1 1
-78.1 -5818.3 0.8 276 0 50.7 18.1 10.0 2.5 2 0 4 5 5
-134.5 -5871.4 1.7 186 0 62.8 16.3 10.0 2.5 2 0 4 0 0
-141.0 -6010.6 3.4 96 0 13.6 27.9 10.0 2.5 2 0 4 4 4
-129.3 -5973.0 3.3 6 0 21.4 16.5 7.5 2.5 2 0 3 2 2
-228.2 -5961.3 4.5 278 0 10.9 44.6 10.0 2.5 2 1 4 1 1
-220.0 -5927.9 4.5 5 0 36.1 12.1 10.0 2.5 2 0 4 2 2
-214.9 -5882.5 2.8 7 0 35.4 12.3 10.0 2.5 2 0 4 3 3
-210.0 -5834.2 1.6 7 0 29.8 11.0 7.5 2.5 2 0 3 4 4
-185.4 -5820.6 1.7 186 0 63.1 17.5 10.0 2.5 2 0 4 5 5
-178.3 -5907.8 3.3 6 0 53.7 13.1 10.0 2.5 2 0 4 0 0
-185.8 -5988.3 4.3 7 0 45.4 13.0 10.0 2.5 2 0 4 2 2
3711.9 3308.4 -1.9 3 0 16.8 13.9 7.5 2.5 2 0 3 0 0
-1609.0 3063.2 -1.9 284 0 6.0 6.7 7.5 2.5 2 1 3 4 4
-1874.8 2800.0 -2.5 280 0 48.0 12.7 2.5 2.5 2 0 1 4 4
-1900.7 2776.0 -3.0 190 0 10.7 54.2 2.5 2.5 2 1 1 1 1
-1826.3 2791.1 -3.4 280 0 13.1 22.3 2.5 2.5 2 1 1 3 3
-1878.1 2732.7 -2.9 190 0 11.1 23.9 5.0 2.5 2 1 2 3 3
-1847.8 2680.3 -3.3 99 0 9.1 43.1 2.5 2.5 2 1 1 2 2
-1854.2 2666.8 -3.2 9 0 11.1 45.1 5.0 2.5 2 1 2 2 2
-1923.8 2663.7 -2.7 190 0 43.6 9.1 5.0 2.5 2 0 2 5 5
-1436.1 2830.1 -1.5 123 0 9.9 9.5 2.5 2.5 2 0 1 1 1
-1476.8 2855.7 -2.0 123 0 4.3 13.7 2.5 2.5 2 1 1 4 4
-1496.1 2871.0 -2.1 123 0 9.1 8.8 5.0 2.5 2 0 2 5 5
-1510.7 2881.2 -2.1 124 0 8.8 8.1 7.5 2.5 2 0 3 4 4
-1522.3 2889.4 -2.1 122 0 8.5 7.2 5.0 2.5 2 0 2 4 4
-1617.1 3108.7 -2.6 31 0 8.8 9.2 5.0 2.5 2 1 2 1 1
3343.7 -2162.5 2.2 175 0 65.8 17.8 12.5 2.5 2 0 5 0 0
3437.6 -2198.0 0.5 356 0 22.6 10.2 5.0 2.5 2 0 2 3 3
3435.5 -2171.7 0.1 355 0 30.0 10.0 12.5 2.5 4 0 5 0 0
3432.7 -2137.4 -0.9 356 0 38.6 9.9 7.5 2.5 2 0 3 4 4
3402.2 -2220.2 1.9 85 0 11.1 24.0 10.0 2.5 2 1 4 3 3
3438.7 -2238.4 1.1 354 0 28.1 13.4 7.5 2.5 4 0 3 2 2
3437.2 -2297.9 1.3 85 0 21.9 45.1 10.0 0.0 0 0 4 1 1
3430.5 -2106.5 -1.6 356 0 23.5 50.9 10.0 2.5 2 0 4 2 2
-2985.3 2317.0 0.6 98 0 11.4 20.4 2.5 2.5 2 1 1 1 1
-2698.8 3714.8 0.0 187 0 13.0 12.2 5.0 2.5 2 0 2 3 3
-2697.4 3742.3 0.0 276 0 5.5 15.6 7.5 2.5 2 1 3 5 5
-2621.8 3659.2 -0.4 120 0 10.7 9.7 2.5 2.5 2 0 1 3 3
-2560.0 3618.6 -1.1 124 0 11.9 5.4 5.0 2.5 2 0 2 1 1
-2557.1 3630.5 -1.1 123 0 6.9 12.8 5.0 2.5 2 1 2 4 4
-2571.9 3636.9 -0.9 122 0 16.0 14.4 5.0 2.5 2 0 2 2 2
-2949.8 2735.7 -1.0 98 0 7.6 7.7 7.5 2.5 2 1 3 1 1
-2923.5 2796.5 -0.7 278 0 7.7 9.8 7.5 2.5 2 1 3 5 5
-2983.9 2753.3 -1.5 9 0 25.3 129.3 7.5 0.0 0 1 3 5 5
-3186.3 1449.1 0.4 95 0 16.5 7.0 7.5 2.5 2 0 3 5 5
-3161.1 1431.2 0.3 271 0 6.4 5.5 5.0 2.5 2 0 2 0 0
-3148.0 1435.6 0.1 98 0 11.1 9.7 5.0 2.5 2 0 2 4 4
-3132.5 1475.1 -0.1 273 0 9.4 10.1 2.5 2.5 2 1 1 2 2
-3138.3 1484.3 0.1 90 0 8.2 6.6 7.5 2.5 4 0 3 2 2
-3058.8 1627.8 1.4 14 0 3.8 7.5 7.5 2.5 4 1 3 4 4
-3054.7 1662.7 1.4 8 0 11.8 6.4 2.5 2.5 2 0 1 5 5
-3084.2 1657.8 1.3 193 0 5.1 10.7 5.0 2.5 2 1 2 0 0
-3035.4 1900.2 1.0 99 0 5.7 8.2 2.5 2.5 2 1 1 2 2
-2831.9 2373.3 0.7 191 0 5.5 15.0 5.0 2.5 2 1 2 5 5
-2830.5 2350.3 0.5 99 0 18.7 7.1 7.5 2.5 2 0 3 4 4
-2841.7 2368.0 0.8 10 0 12.5 8.9 5.0 2.5 4 0 2 3 3
-2823.9 2315.1 0.1 8 0 4.8 21.7 7.5 0.0 0 1 3 5 5
-2852.9 2310.5 0.3 98 0 9.0 5.6 5.0 2.5 2 0 2 1 1
-2817.1 2337.2 0.0 282 0 9.2 15.8 5.0 2.5 2 1 2 3 3
-2988.6 2512.0 -0.1 10 0 10.4 7.0 2.5 2.5 2 0 1 2 2
-3102.6 1719.6 0.7 109 0 9.3 14.3 7.5 2.5 2 1 3 5 5
-3067.5 1619.4 1.4 18 0 8.1 8.0 7.5 2.5 2 0 3 3 3
-2631.5 2299.1 -1.1 277 0 5.2 6.7 2.5 2.5 4 1 1 0 0
-2646.8 2306.0 -1.0 281 0 10.0 8.4 5.0 2.5 4 0 2 2 2
-2621.1 2350.5 -1.1 280 0 6.6 7.9 5.0 2.5 2 1 2 1 1
-2612.9 2333.1 -1.3 279 0 10.2 12.4 5.0 0.0 0 1 2 5 5
-2473.8 2303.3 -3.2 9 0 8.9 4.6 7.5 0.0 0 0 3 1 1
-2464.9 2327.3 -3.4 279 0 10.4 8.8 7.5 0.0 0 0 3 5 5
-2487.7 2331.7 -3.1 281 0 10.7 10.9 2.5 2.5 2 1 1 1 1
-2538.6 2310.3 -2.4 101 0 5.7 5.6 2.5 2.5 2 0 1 5 5
-2528.6 2337.5 -2.5 279 0 14.4 11.1 5.0 2.5 2 0 2 5 5
-2573.8 2396.7 -1.8 280 0 15.8 9.2 2.5 2.5 2 0 1 0 0
-2585.1 2333.9 -1.7 280 0 6.0 18.0 2.5 2.5 2 1 1 1 1
-3065.7 1796.2 0.8 105 0 7.9 8.6 7.5 2.5 2 1 3 3 3
-3168.0 1790.8 0.2 107 0 8.2 10.3 7.5 2.5 2 1 3 5 5
-3105.8 1773.9 0.5 286 0 15.6 8.6 2.5 2.5 2 0 1 3 3
-3063.7 1768.4 0.7 284 0 27.0 13.6 10.0 2.5 2 0 4 2 2
-2976.9 1748.7 1.1 190 0 6.4 4.8 7.5 2.5 2 0 3 5 5
-2976.5 1757.0 1.2 183 0 13.2 5.9 2.5 2.5 2 0 1 1 1
-3039.9 2277.4 1.1 189 0 9.1 6.1 5.0 2.5 4 0 2 0 0
-3007.8 2263.4 1.4 99 0 3.7 6.6 2.5 2.5 2 0 1 4 4
-3006.2 2269.8 1.3 99 0 5.0 8.9 7.5 2.5 2 0 3 3 3
-3012.3 2260.2 1.3 9 0 5.0 8.3 5.0 2.5 2 1 2 2 2
-2997.4 2247.4 1.5 278 0 17.2 6.9 7.5 2.5 2 0 3 3 3
-3037.9 2225.7 1.1 9 0 8.5 4.9 7.5 0.0 0 0 3 5 5
-2987.5 2221.9 1.5 99 0 19.6 8.3 2.5 2.5 4 0 1 3 3
-3055.7 2161.5 1.1 189 0 21.1 7.3 7.5 2.5 2 0 3 2 2
-3057.8 2148.5 1.2 189 0 5.3 11.1 2.5 0.0 0 0 1 3 3
-3053.5 2115.3 1.2 191 0 5.6 13.1 2.5 0.0 0 1 1 3 3
-3038.6 2123.2 1.4 191 0 11.4 5.6 7.5 2.5 2 0 3 0 0
-3015.6 2144.0 1.6 8 0 10.9 8.7 2.5 2.5 2 0 1 4 4
-3024.3 2193.0 1.3 279 0 11.9 14.0 5.0 2.5 2 1 2 5 5
-3040.6 2094.8 1.3 187 0 5.5 11.7 5.0 2.5 2 1 2 2 2
-3006.2 2087.2 1.6 8 0 9.9 9.2 5.0 2.5 2 0 2 2 2
-3030.8 2067.0 1.3 97 0 6.9 7.2 2.5 2.5 2 1 1 5 5
-2991.0 2310.9 1.1 280 0 28.2 16.5 7.5 2.5 2 0 3 1 1
-2894.1 2313.3 0.6 189 0 5.4 22.2 2.5 0.0 0 1 1 5 5
-2880.7 2358.8 0.8 101 0 7.0 10.5 5.0 2.5 2 1 2 4 4
-2859.8 2330.2 0.3 278 0 9.6 10.9 2.5 2.5 2 1 1 3 3
-2876.8 2793.1 0.1 9 0 14.2 9.3 5.0 2.5 2 0 2 0 0
-2812.6 2489.3 0.2 100 0 17.7 10.3 5.0 2.5 2 0 2 1 1
-2750.3 2483.6 -0.2 9 0 12.0 50.8 7.5 2.5 2 1 3 2 2
-2827.1 2411.6 1.0 98 0 6.5 6.1 2.5 2.5 2 0 1 4 4
-2815.3 2409.6 0.9 99 0 12.4 5.7 7.5 0.0 0 0 3 0 0
-2785.1 2408.2 0.7 97 0 12.1 12.6 5.0 2.5 2 1 2 5 5
-2755.5 2450.1 0.2 9 0 13.1 27.9 10.0 2.5 4 1 4 2 2
-2801.4 2445.2 0.4 190 0 8.2 44.8 7.5 2.5 2 0 3 3 3
-2860.8 2465.0 0.9 280 0 44.5 17.0 7.5 2.5 2 0 3 5 5
-2815.6 2463.9 0.6 191 0 9.0 10.2 5.0 2.5 2 1 2 1 1
-2855.5 2483.4 0.5 100 0 9.6 21.9 7.5 0.0 0 1 3 4 4
-2765.3 2741.8 0.1 11 0 10.2 17.0 5.0 2.5 2 1 2 1 1
-2746.9 2796.9 0.2 97 0 8.8 4.8 7.5 2.5 4 0 3 3 3
-2762.0 2806.4 0.3 96 0 10.6 11.5 10.0 2.5 2 1 4 5 5
-2708.5 2831.3 0.1 280 0 6.2 7.7 7.5 2.5 2 1 3 3 3
-2855.0 3299.4 0.0 97 0 7.3 21.0 5.0 2.5 2 1 2 2 2
-2677.8 2799.3 -0.2 99 0 11.1 10.7 2.5 2.5 2 0 1 1 1
-2662.6 2790.8 -0.3 100 0 4.6 12.1 2.5 2.5 2 1 1 1 1
-2626.6 2778.8 -0.6 187 0 11.8 14.1 7.5 2.5 4 1 3 1 1
-2918.4 3045.6 -0.0 281 0 12.8 14.4 5.0 2.5 2 1 2 5 5
-2906.6 3083.8 0.0 279 0 9.7 6.5 5.0 2.5 2 0 2 1 1
-2920.0 3060.0 -0.0 101 0 6.3 16.5 5.0 0.0 0 1 2 5 5
-2889.1 3056.2 0.3 101 0 9.1 12.4 5.0 2.5 2 1 2 5 5
-2843.3 3227.3 0.3 159 0 14.2 7.7 7.5 2.5 2 0 3 0 0
-2791.4 3139.2 0.6 189 0 13.9 8.6 5.0 2.5 2 0 2 2 2
-2824.4 3388.9 0.1 279 0 11.0 40.2 12.5 2.5 2 1 5 5 5
-2821.4 3399.8 0.1 99 0 10.1 13.3 5.0 2.5 2 1 2 4 4
-2826.2 3295.2 0.2 7 0 6.9 19.7 7.5 2.5 2 1 3 0 0
-2804.1 3310.6 0.5 9 0 12.6 9.3 5.0 2.5 2 0 2 5 5
-2883.8 2903.6 0.5 10 0 11.0 14.4 5.0 2.5 2 1 2 1 1
-2916.8 2902.7 -0.0 101 0 9.3 14.2 5.0 2.5 2 1 2 3 3
-2910.4 2945.9 0.1 277 0 8.8 13.1 7.5 2.5 4 1 3 3 3
-2875.3 2963.5 0.7 9 0 11.5 9.3 2.5 2.5 2 0 1 5 5
-2914.5 2998.2 0.1 191 0 15.1 9.6 2.5 2.5 4 0 1 1 1
-2872.0 2985.3 0.6 8 0 5.5 18.3 2.5 2.5 4 1 1 0 0
-2880.4 3013.2 0.7 279 0 11.6 12.5 5.0 2.5 4 1 2 0 0
-2900.9 3108.3 0.0 98 0 14.8 12.9 7.5 2.5 4 0 3 2 2
-2920.6 3135.8 -0.1 102 0 12.7 9.8 5.0 0.0 0 0 2 3 3
-2928.4 3110.6 -0.1 102 0 5.0 9.8 5.0 2.5 2 1 2 1 1
-2932.6 3158.2 -0.2 279 0 4.6 11.6 2.5 2.5 2 1 1 0 0
-2982.1 3118.8 -0.9 100 0 9.3 17.9 5.0 2.5 2 1 2 0 0
-2980.5 3151.6 -0.8 189 0 16.2 12.5 7.5 2.5 2 0 3 4 4
-2857.9 3122.4 0.4 99 0 19.9 11.6 5.0 2.5 2 0 2 5 5
-2852.4 3104.2 0.5 278 0 9.8 8.4 2.5 2.5 2 0 1 2 2
-2591.0 2964.5 -1.0 185 0 8.2 17.5 5.0 2.5 2 1 2 4 4
-2637.2 2956.4 -0.7 100 0 4.9 6.0 7.5 2.5 2 1 3 3 3
-2652.3 2966.8 -0.6 188 0 10.0 8.1 5.0 2.5 2 0 2 1 1
-2645.6 3010.4 -0.8 280 0 10.9 10.3 5.0 2.5 4 0 2 5 5
-2765.9 3020.4 0.3 189 0 5.6 10.8 5.0 2.5 2 1 2 5 5
-2766.7 2980.7 0.6 101 0 6.1 9.6 7.5 2.5 2 1 3 3 3
-2766.8 2962.5 0.6 189 0 12.6 8.2 7.5 2.5 2 0 3 1 1
-2787.7 2970.1 1.0 277 0 10.7 10.3 7.5 2.5 2 0 3 0 0
-2789.7 2990.1 1.0 9 0 15.5 6.9 7.5 2.5 2 0 3 0 0
-2779.6 3055.5 0.6 9 0 4.8 12.9 7.5 2.5 2 1 3 1 1
-2783.5 3040.3 0.7 8 0 11.2 10.7 10.0 2.5 4 0 4 3 3
-2776.1 3071.7 0.5 7 0 10.0 9.2 5.0 2.5 2 0 2 3 3
-2782.4 3095.4 0.5 279 0 14.0 11.8 5.0 2.5 2 0 2 2 2
-2763.6 3099.4 0.1 193 0 12.0 9.9 5.0 2.5 2 0 2 5 5
-2764.1 3090.4 0.2 193 0 5.7 6.2 7.5 2.5 4 0 3 4 4
-2756.6 3136.2 -0.2 199 0 10.7 11.6 5.0 2.5 2 1 2 1 1
-2727.4 3188.5 -0.7 188 0 9.7 11.7 7.5 0.0 0 1 3 5 5
-2759.6 3156.9 -0.0 107 0 6.9 12.6 2.5 2.5 2 1 1 5 5
-2750.2 3196.1 -0.1 277 0 13.6 14.8 5.0 0.0 0 1 2 3 3
-2997.5 2484.6 0.0 190 0 8.4 5.1 7.5 2.5 2 0 3 5 5
-2745.6 3242.0 0.4 100 0 19.9 19.8 10.0 2.5 2 0 4 5 5
-2734.0 3353.3 0.8 280 0 7.0 7.6 7.5 2.5 4 0 3 5 5
-2732.9 3338.0 0.8 98 0 6.3 5.7 7.5 2.5 2 0 3 0 0
-2751.6 3335.8 0.8 277 0 9.0 11.7 7.5 2.5 2 1 3 3 3
-2719.5 3325.8 0.4 187 0 25.6 15.6 10.0 2.5 2 0 4 5 5
-2733.8 3321.5 0.8 278 0 13.9 6.9 5.0 2.5 2 0 2 3 3
-2720.1 3298.6 0.4 186 0 15.2 6.1 7.5 0.0 0 0 3 2 2
-2725.3 3289.5 0.4 278 0 13.7 8.7 7.5 2.5 2 0 3 5 5
-2739.0 3307.7 0.8 277 0 10.0 15.7 7.5 2.5 2 1 3 5 5
-2813.4 2835.6 0.5 191 0 9.6 8.1 2.5 2.5 2 0 1 3 3
-2818.6 2823.4 0.5 192 0 12.9 11.3 2.5 2.5 2 0 1 2 2
-2815.9 2774.0 0.3 283 0 5.1 6.5 7.5 2.5 2 1 3 0 0
-2820.9 2793.8 0.5 280 0 9.2 10.8 5.0 0.0 0 1 2 0 0
-2804.2 2743.6 0.1 99 0 13.2 12.5 7.5 2.5 2 0 3 0 0
-2844.5 2676.7 0.7 197 0 11.7 10.9 7.5 2.5 2 0 3 0 0
-2818.0 2679.1 0.8 287 0 10.0 6.0 5.0 2.5 2 0 2 0 0
-2813.4 2649.6 0.5 102 0 9.8 10.9 5.0 2.5 2 1 2 3 3
-2787.6 2630.3 -0.1 192 0 15.2 12.6 7.5 2.5 2 0 3 5 5
-2830.8 2631.3 0.5 99 0 17.6 8.6 7.5 0.0 0 0 3 5 5
-2787.8 2598.3 -0.2 276 0 7.8 11.8 7.5 2.5 2 1 3 4 4
-2939.3 2700.7 -0.5 277 0 6.0 4.7 5.0 2.5 2 0 2 1 1
-2948.3 2717.5 -0.7 274 0 6.8 15.5 7.5 2.5 2 1 3 0 0
-2944.0 2678.1 -0.4 99 0 8.9 10.9 7.5 2.5 2 1 3 4 4
-2960.3 2678.7 -0.5 293 0 14.0 11.1 10.0 0.0 0 0 4 4 4
-2955.7 2667.0 -0.4 9 0 6.1 18.0 2.5 2.5 2 0 1 4 4
-2969.4 2636.2 0.1 98 0 12.4 4.9 5.0 2.5 2 0 2 3 3
-2985.2 2653.4 -0.4 185 0 11.5 5.3 5.0 2.5 2 0 2 2 2
-2947.2 2653.6 0.2 279 0 10.0 10.1 5.0 0.0 0 1 2 5 5
-2957.1 2604.6 0.3 185 0 11.4 6.3 7.5 2.5 2 0 3 5 5
-2980.7 2349.4 0.7 278 0 4.9 10.5 5.0 0.0 0 0 2 0 0
-2987.8 2350.4 0.5 278 0 9.4 10.5 5.0 2.5 4 0 2 4 4
-2983.4 2355.5 0.5 100 0 8.3 14.4 5.0 2.5 2 1 2 1 1
-3013.3 2366.5 -0.1 99 0 15.9 6.2 5.0 0.0 0 0 2 3 3
-3022.5 2397.3 -0.2 189 0 19.9 9.7 5.0 2.5 2 0 2 3 3
-2995.1 2398.4 0.2 190 0 11.3 10.7 5.0 2.5 2 0 2 5 5
-2971.4 2451.5 0.5 281 0 12.4 11.4 2.5 2.5 2 0 1 5 5
-2989.8 2456.7 0.2 98 0 11.5 4.3 7.5 2.5 2 0 3 3 3
-2992.3 2442.6 0.3 280 0 11.8 5.5 2.5 2.5 2 0 1 2 2
-2970.8 2472.5 0.4 99 0 8.1 9.7 5.0 2.5 2 1 2 4 4
-2964.2 2515.8 0.2 280 0 9.9 12.7 5.0 2.5 2 1 2 1 1
-2945.4 2547.8 0.4 278 0 7.6 8.9 7.5 2.5 2 1 3 0 0
-2956.0 2558.4 0.2 277 0 9.7 6.0 5.0 2.5 2 0 2 2 2
-2968.9 2553.9 0.1 279 0 6.2 11.2 2.5 2.5 4 1 1 0 0
-3022.0 2581.5 -0.5 7 0 11.2 14.8 2.5 2.5 4 1 1 5 5
-1881.0 4473.9 -4.0 16 0 7.2 14.0 7.5 2.5 2 1 3 4 4
-1890.6 4367.7 -3.9 285 0 10.6 15.3 5.0 2.5 2 1 2 1 1
-1938.8 4303.0 -4.3 193 0 11.8 13.1 5.0 0.0 0 1 2 3 3
-1893.1 4324.1 -4.0 16 0 10.2 18.3 5.0 2.5 2 1 2 5 5
-1889.5 4300.8 -4.3 15 0 23.0 10.9 10.0 2.5 2 0 4 0 0
-1826.5 3233.8 -3.7 208 0 8.0 12.8 2.5 2.5 2 1 1 3 3
-1771.9 3204.7 -3.4 121 0 11.2 10.2 2.5 2.5 2 0 1 4 4
-1755.7 3186.6 -3.2 121 0 11.2 9.6 7.5 2.5 2 0 3 4 4
-1819.3 3312.5 -2.9 18 0 9.6 10.3 5.0 2.5 2 0 2 4 4
-1733.9 3183.1 -3.1 124 0 7.9 6.8 5.0 2.5 2 0 2 3 3
-1708.4 3175.2 -3.1 122 0 9.3 7.6 5.0 2.5 2 0 2 0 0
-1677.6 3137.3 -3.0 118 0 10.3 17.4 2.5 2.5 2 1 1 4 4
-1524.1 3050.8 -2.0 16 0 14.8 10.8 5.0 2.5 2 0 2 4 4
-1880.1 3302.7 -3.0 123 0 6.8 10.3 7.5 2.5 2 0 3 4 4
-1904.3 3288.2 -3.3 134 0 7.9 12.2 7.5 2.5 2 1 3 5 5
-1936.1 3300.1 -2.9 109 0 9.2 15.3 5.0 2.5 2 1 2 5 5
-1975.5 3260.9 -3.5 101 0 12.9 12.1 2.5 2.5 2 0 1 0 0
-1812.6 3263.9 -3.5 208 0 5.8 13.4 2.5 2.5 2 1 1 1 1
-1816.6 3366.0 -3.1 110 0 9.8 9.3 2.5 2.5 2 0 1 5 5
-1702.1 3150.8 -3.0 122 0 13.3 9.3 2.5 0.0 0 0 1 0 0
-1604.7 3151.9 -3.0 9 0 35.8 6.0 5.0 2.5 2 0 2 1 1
-1626.2 3162.6 -3.0 15 0 40.5 6.0 5.0 2.5 2 0 2 4 4
-3942.9 -3231.8 -0.6 282 0 12.4 12.4 4.0 2.5 2 1 1 5 5
-3996.4 -3176.3 -0.6 193 0 25.2 72.8 5.0 0.0 0 0 2 1 1
-3757.6 -3009.8 1.5 192 0 16.6 9.6 3.5 2.5 2 0 1 0 0
-3916.1 -2965.4 2.2 283 0 17.9 5.4 4.0 0.0 0 0 1 4 4
-3944.2 -2978.7 2.7 283 0 6.1 13.2 4.0 2.5 2 1 1 3 3
-3993.8 -2899.5 2.8 103 0 50.1 17.1 2.5 2.5 2 0 1 2 2
-4572.8 -2983.6 0.8 177 0 12.3 24.0 2.5 0.0 0 1 1 0 0
-4393.0 -3039.7 1.9 177 0 24.5 18.9 7.5 2.5 2 0 3 0 0
-4357.9 -2950.6 2.2 268 0 6.0 25.0 8.0 2.5 2 0 2 1 1
-4321.6 -2949.0 2.2 267 0 17.2 24.9 2.5 2.5 4 0 1 4 4
-4265.4 -2941.9 3.0 268 0 3.4 4.9 4.0 2.5 2 0 1 1 1
-4260.4 -2939.1 3.0 268 0 6.8 10.6 4.0 2.5 2 0 1 5 5
-4165.2 -2936.5 3.6 268 0 7.7 5.6 4.0 2.5 2 0 1 1 1
-4150.6 -2915.7 3.6 267 0 12.2 3.8 4.0 0.0 0 0 1 0 0
-4160.5 -3033.4 2.1 87 0 8.0 4.0 8.0 2.5 2 0 2 4 4
-4185.1 -3025.6 2.2 88 0 3.5 7.7 8.0 2.5 2 0 2 2 2
-4078.2 -2916.3 3.8 268 0 23.4 24.9 2.5 2.5 2 0 1 0 0
-3927.5 -3020.4 2.0 283 0 9.3 31.3 2.5 2.5 2 1 1 0 0
-3990.8 -3151.7 -0.4 193 0 25.2 72.7 5.0 0.0 0 0 2 0 0
-4440.0 -3028.8 2.0 358 0 16.0 5.5 4.0 2.5 2 0 1 4 4
-4300.7 -2948.0 2.3 267 0 24.5 25.0 2.5 0.0 0 0 1 2 2
-4204.5 -2943.7 2.4 268 0 85.0 50.1 2.5 0.0 0 0 1 2 2
-2835.1 3439.4 -0.2 279 0 22.1 7.1 5.0 2.5 2 0 2 4 4
-2707.5 3948.2 1.8 8 0 12.3 8.5 7.5 2.5 2 0 3 1 1
-2807.6 3819.9 0.5 276 0 9.1 14.1 5.0 2.5 2 1 2 3 3
-2792.5 3810.0 0.5 277 0 6.7 6.6 7.5 0.0 0 0 3 5 5
-2728.7 3820.6 0.8 97 0 6.3 4.6 2.5 2.5 2 0 1 0 0
-2748.8 3869.9 1.5 97 0 10.9 11.1 5.0 2.5 2 1 2 1 1
-2776.8 3830.9 0.9 96 0 8.2 4.8 7.5 2.5 2 0 3 2 2
-2743.1 3725.4 0.2 277 0 8.6 12.9 2.5 2.5 2 1 1 0 0
-2802.2 3690.5 -0.0 277 0 9.6 10.3 7.5 2.5 2 1 3 4 4
-2797.2 3702.6 -0.1 98 0 8.9 11.5 5.0 0.0 0 1 2 2 2
-2772.5 3692.0 0.1 279 0 3.6 12.2 2.5 2.5 2 1 1 5 5
-2745.1 3679.0 0.3 8 0 13.2 9.2 7.5 2.5 2 0 3 4 4
-2771.3 3663.3 0.2 96 0 8.3 9.6 5.0 2.5 4 1 2 3 3
-2676.4 3852.5 0.5 188 0 13.2 11.7 5.0 2.5 2 0 2 1 1
-2674.7 3864.1 0.7 188 0 10.1 11.7 5.0 2.5 2 0 2 4 4
-2662.1 3869.6 0.8 8 0 4.6 7.4 7.5 0.0 0 0 3 3 3
-2673.4 3873.2 1.0 188 0 8.3 4.4 2.5 2.5 2 0 1 5 5
-2648.3 3875.9 0.6 8 0 11.8 20.0 2.5 2.5 2 0 1 2 2
-2617.7 3796.9 -0.4 280 0 11.3 41.2 7.5 0.0 0 0 3 4 4
-2578.1 3770.9 -0.5 280 0 9.3 10.3 7.5 2.5 2 0 3 2 2
-2601.3 3720.1 -0.5 120 0 51.3 32.7 5.0 0.0 0 0 2 4 4
-2636.1 3796.9 -0.3 281 0 6.4 11.3 7.5 2.5 2 0 3 4 4
-2641.4 3800.0 -0.3 281 0 14.4 33.0 7.5 0.0 0 0 3 4 4
-2789.6 3783.9 0.3 98 0 9.7 10.9 2.5 2.5 2 1 1 1 1
-2815.2 3445.1 0.1 99 0 9.0 9.1 2.5 2.5 2 1 1 5 5
-2820.6 3478.6 -0.0 278 0 11.5 5.1 5.0 2.5 2 0 2 0 0
-2831.7 3459.1 -0.1 99 0 14.1 5.3 5.0 0.0 0 0 2 5 5
-2815.9 3507.5 -0.0 280 0 10.4 4.9 7.5 2.5 2 0 3 0 0
-2805.0 3486.1 0.1 96 0 13.5 9.5 2.5 2.5 2 0 1 1 1
-2890.7 3535.1 -0.7 278 0 9.9 13.5 7.5 2.5 2 1 3 0 0
-2875.4 3545.2 -0.6 99 0 17.9 42.6 7.5 2.5 4 0 3 1 1
-2790.4 3613.5 0.1 97 0 11.7 11.3 7.5 2.5 4 0 3 1 1
-2793.8 3590.1 0.1 188 0 10.3 9.4 2.5 2.5 2 0 1 2 2
-2793.8 3555.9 0.1 100 0 9.4 12.9 7.5 2.5 2 1 3 1 1
-1880.4 3291.5 -3.2 123 0 9.4 10.0 2.5 2.5 2 0 1 1 1
-1827.1 3248.7 -3.6 200 0 6.3 3.2 5.0 2.5 2 0 2 4 4
-1813.2 3247.1 -3.7 208 0 3.6 11.6 2.5 2.5 2 1 1 4 4
-1828.5 3317.8 -2.9 18 0 9.3 10.2 5.0 2.5 2 0 2 1 1
-1514.7 2912.0 -2.2 124 0 4.0 5.4 7.5 2.5 2 0 3 4 4
-1519.0 2905.7 -2.2 124 0 4.0 7.6 5.0 2.5 2 0 2 2 2
-1537.9 2922.2 -2.2 190 0 12.5 12.0 2.5 2.5 2 0 1 2 2
-1532.7 3009.3 -2.1 209 0 4.2 7.2 5.0 2.5 2 1 2 1 1
-1484.3 2974.0 -2.2 302 0 5.9 31.1 7.5 2.5 2 0 3 5 5
-1919.9 3319.0 -2.9 106 0 12.7 17.3 7.5 0.0 0 1 3 4 4
-1927.8 3289.7 -3.1 108 0 5.2 5.2 2.5 2.5 2 0 1 3 3
-1954.1 3280.4 -3.4 292 0 8.0 6.9 5.0 2.5 2 0 2 0 0
-2034.0 3302.4 -2.8 285 0 11.8 11.8 2.5 2.5 2 0 1 4 4
-2064.2 2769.4 -1.5 280 0 10.1 12.1 5.0 0.0 0 1 2 2 2
-2126.3 2769.0 -1.9 98 0 8.1 12.5 5.0 0.0 0 1 2 2 2
-2129.1 2749.4 -2.7 278 0 14.7 13.1 5.0 2.5 4 0 2 3 3
-1461.9 2734.0 -1.4 122 0 14.4 10.6 7.5 2.5 2 0 3 5 5
-1402.4 2627.9 -0.1 227 0 10.2 8.0 5.0 2.5 2 0 2 1 1
-1468.5 2643.4 -1.1 152 0 5.1 5.9 7.5 2.5 2 1 3 3 3
-1440.5 2655.0 -1.3 60 0 3.4 6.4 5.0 2.5 4 0 2 3 3
-1450.3 2653.0 -1.3 150 0 6.4 7.8 2.5 2.5 2 0 1 0 0
-1460.1 2648.9 -1.1 150 0 3.5 10.6 7.5 2.5 2 0 3 2 2
-1444.2 2638.8 -0.9 56 0 4.4 7.7 7.5 2.5 2 1 3 5 5
-1472.5 2587.0 -0.1 238 0 10.6 10.8 5.0 0.0 0 1 2 3 3
-1398.4 2675.1 -1.3 303 0 10.0 10.7 7.5 2.5 4 1 3 5 5
1192.3 -375.8 0.3 99 0 9.8 25.8 2.5 2.5 4 1 1 1 1
1235.4 -118.5 1.4 282 0 4.2 5.8 4.0 2.5 2 0 1 4 4
1267.8 -120.7 1.3 282 0 12.4 11.7 7.0 2.5 2 0 2 1 1
1243.9 -253.7 1.0 10 0 5.8 8.5 4.0 2.5 2 0 1 0 0
1068.9 -101.4 2.3 281 0 10.7 31.0 2.5 2.5 2 0 1 5 5
1131.4 -290.7 0.3 99 0 13.2 11.1 4.0 0.0 0 0 1 5 5
1009.4 -159.2 2.0 187 0 4.6 6.7 4.0 2.5 2 1 1 2 2
1052.8 -195.0 1.8 194 0 3.8 5.7 4.0 2.5 2 1 1 5 5
1101.7 -175.1 1.5 282 0 26.8 9.5 2.5 2.5 2 0 1 5 5
1124.7 -207.2 1.1 279 0 13.2 20.3 2.5 2.5 2 0 1 5 5
1142.6 -224.4 1.1 9 0 12.1 13.8 2.5 2.5 2 0 1 1 1
1143.9 -170.8 1.2 283 0 19.1 16.6 2.5 2.5 4 0 1 5 5
1168.7 -114.0 1.5 283 0 19.3 30.1 2.5 2.5 2 0 1 2 2
1040.8 -219.3 0.8 189 0 24.4 58.5 2.5 0.0 0 0 1 4 4
1055.7 -261.0 0.8 99 0 41.9 9.7 2.5 2.5 4 0 1 5 5
1094.3 -263.7 0.6 99 0 35.1 6.3 4.0 2.5 2 0 1 5 5
1182.8 -299.3 0.3 9 0 9.5 25.5 4.0 2.5 2 1 1 4 4
1203.5 -329.9 0.7 9 0 12.2 11.9 3.5 2.5 2 0 1 4 4
1230.2 -165.1 1.1 13 0 25.9 9.0 4.0 2.5 2 0 1 1 1
1205.3 -117.9 1.1 282 0 18.7 72.6 2.5 2.5 2 0 1 3 3
1162.1 -143.4 1.3 283 0 19.3 30.8 2.5 2.5 4 0 1 1 1
995.2 -229.5 1.2 189 0 24.1 43.5 2.5 0.0 0 0 1 2 2
863.8 -113.7 2.1 9 0 11.5 6.7 4.0 2.5 2 0 1 3 3
866.7 -86.7 1.9 9 0 12.4 6.4 4.0 2.5 2 0 1 3 3
967.7 -72.2 1.7 9 0 8.5 12.6 4.0 2.5 2 1 1 0 0
1053.5 -78.4 2.6 280 0 14.3 9.7 4.0 2.5 2 0 1 4 4
1047.3 -110.2 2.2 283 0 18.8 32.3 2.5 0.0 0 1 1 1 1
-2195.5 7978.0 -8.7 93 0 8.2 9.8 5.0 2.5 2 1 2 0 0
-2226.6 7987.6 -8.9 187 0 13.1 6.7 7.5 2.5 2 0 3 2 2
-2285.8 8548.6 -9.1 92 0 16.7 6.7 7.5 2.5 2 0 3 0 0
-1755.7 8093.4 -7.2 180 0 31.2 8.6 7.5 2.5 2 0 3 4 4
-2199.4 8281.5 -8.1 3 0 29.6 9.2 7.5 2.5 2 0 3 0 0
-2354.5 8259.5 -9.1 92 0 10.3 4.0 2.5 2.5 2 0 1 5 5
-2336.0 8276.4 -9.0 91 0 7.1 8.6 7.5 2.5 2 1 3 4 4
-2363.7 8263.8 -9.2 92 0 8.4 16.0 7.5 2.5 2 1 3 3 3
-2349.2 8295.8 -9.1 273 0 20.4 8.1 5.0 2.5 2 0 2 0 0
-1804.2 8173.5 -7.1 191 0 4.0 4.1 7.5 2.5 2 1 3 2 2
-2067.2 8432.8 -7.4 272 0 9.2 11.4 7.5 2.5 4 1 3 5 5
-2067.1 8398.8 -7.1 92 0 6.2 7.2 7.5 0.0 0 1 3 0 0
-2100.9 8412.8 -7.5 181 0 5.9 23.1 7.5 2.5 2 1 3 2 2
-1948.1 8454.8 -7.3 99 0 6.6 15.2 7.5 2.5 2 1 3 2 2
-1978.2 8473.3 -7.3 183 0 5.8 22.9 7.5 2.5 2 1 3 2 2
-1838.1 8373.6 -6.8 273 0 7.8 8.3 7.5 2.5 4 1 3 1 1
-1825.1 8383.0 -6.9 187 0 18.5 5.8 5.0 0.0 0 0 2 1 1
-1857.0 8379.9 -6.9 5 0 15.1 6.9 7.5 2.5 2 0 3 2 2
-1835.8 8399.5 -7.0 64 0 8.5 13.4 7.5 2.5 2 1 3 0 0
-1735.2 8241.3 -6.9 90 0 8.5 8.2 5.0 2.5 4 0 2 0 0
-1806.3 8037.8 -7.2 182 0 12.1 51.7 7.5 2.5 2 1 3 3 3
-1868.3 7985.6 -8.0 359 0 8.7 3.7 5.0 2.5 2 0 2 1 1
-1883.0 8029.8 -7.6 208 0 10.6 16.1 5.0 2.5 2 1 2 3 3
-1973.1 8119.7 -6.6 7 0 12.3 10.2 10.0 2.5 2 0 4 0 0
-1973.6 8070.6 -6.9 9 0 22.3 17.1 10.0 0.0 0 0 4 0 0
-2096.2 8157.0 -7.0 1 0 8.2 15.5 7.5 2.5 4 1 3 1 1
-2109.9 8126.7 -7.2 94 0 16.9 6.2 5.0 2.5 2 0 2 4 4
-2134.2 8147.9 -7.4 182 0 18.8 8.5 5.0 2.5 2 0 2 5 5
-2186.6 8304.8 -7.8 184 0 45.1 30.1 7.5 0.0 0 0 3 2 2
-2556.5 1981.2 -1.7 291 0 7.0 10.3 2.5 2.5 2 1 1 4 4
-2360.4 2001.3 -2.7 5 0 10.6 8.6 2.5 0.0 0 0 1 3 3
-2407.0 1996.4 -2.6 95 0 11.8 10.3 5.0 2.5 2 0 2 0 0
-2431.6 2000.1 -2.5 93 0 4.4 6.2 7.5 2.5 2 1 3 4 4
-2453.0 1995.6 -2.4 90 0 5.1 6.0 2.5 2.5 2 1 1 2 2
-2514.1 2000.1 -2.3 95 0 13.4 8.6 5.0 2.5 2 0 2 5 5
-2519.0 1980.5 -1.9 274 0 7.1 7.5 7.5 0.0 0 1 3 4 4
-2331.1 2240.4 -3.4 278 0 6.0 3.3 5.0 2.5 2 0 2 2 2
-2439.8 2137.4 -3.0 281 0 10.6 4.0 7.5 2.5 2 0 3 4 4
-2340.2 2111.6 -2.9 277 0 8.8 11.6 2.5 0.0 0 1 1 2 2
-2352.6 2122.5 -2.9 279 0 6.5 7.3 7.5 2.5 2 1 3 4 4
-2292.4 2093.0 -3.0 281 0 7.0 5.8 2.5 2.5 4 0 1 0 0
-2302.4 2029.0 -3.0 95 0 7.7 12.0 5.0 2.5 2 1 2 0 0
-2312.9 2016.6 -3.1 96 0 4.5 8.1 5.0 0.0 0 1 2 1 1
-2561.5 2055.0 -2.3 272 0 7.1 12.6 5.0 2.5 4 1 2 2 2
-2591.6 2129.9 -1.3 97 0 8.3 4.0 5.0 2.5 4 0 2 3 3
-2599.0 2125.7 -1.2 97 0 5.6 5.0 2.5 2.5 2 0 1 1 1
-2616.4 2057.0 -1.8 273 0 9.6 15.8 7.5 2.5 2 1 3 2 2
-2300.5 2094.9 -3.0 284 0 9.9 9.1 5.0 2.5 2 0 2 5 5
-2313.0 2103.9 -3.0 278 0 7.6 10.9 2.5 0.0 0 1 1 5 5
-2295.7 2080.9 -3.0 3 0 4.9 9.9 7.5 2.5 2 1 3 4 4
-2282.9 2067.5 -3.0 3 0 10.8 9.7 2.5 2.5 2 0 1 4 4
-2308.7 2070.1 -3.0 184 0 10.6 6.4 5.0 2.5 2 0 2 4 4
-2294.3 2055.7 -3.0 4 0 4.0 9.1 2.5 2.5 2 1 1 3 3
-2281.4 2126.0 -2.9 132 0 12.3 11.5 7.5 2.5 2 0 3 3 3
-2383.0 2216.5 -3.2 98 0 9.0 5.1 7.5 2.5 2 0 3 4 4
-2453.7 2199.5 -2.9 189 0 9.3 11.0 2.5 2.5 2 1 1 1 1
-2373.9 2207.5 -3.2 101 0 4.4 11.9 5.0 2.5 2 1 2 2 2
-2381.8 2193.6 -3.0 279 0 10.7 9.7 2.5 2.5 2 0 1 0 0
-2355.6 2179.4 -2.9 280 0 11.3 3.7 7.5 2.5 2 0 3 5 5
-2375.4 2167.8 -2.9 102 0 10.1 4.9 7.5 2.5 2 0 3 4 4
-2373.5 2151.4 -2.9 100 0 17.7 4.6 2.5 0.0 0 0 1 5 5
-2339.7 2187.7 -3.0 282 0 7.9 8.1 5.0 2.5 2 1 2 1 1
-2351.5 2156.3 -2.9 100 0 8.4 11.1 2.5 2.5 2 1 1 5 5
-2007.8 3271.2 -3.3 86 0 6.3 12.8 5.0 2.5 2 1 2 1 1
-2059.5 3038.9 -2.7 188 0 6.8 8.1 5.0 2.5 2 1 2 1 1
-2077.7 3107.2 -3.0 187 0 14.0 8.9 5.0 2.5 2 0 2 3 3
-1987.3 3121.8 -3.0 281 0 11.4 11.0 5.0 2.5 2 0 2 4 4
-1983.4 3088.4 -2.8 8 0 10.4 9.5 2.5 2.5 2 0 1 5 5
-2038.3 3164.1 -3.3 185 0 8.1 16.1 2.5 2.5 2 1 1 2 2
-2082.9 3413.5 -3.5 30 0 6.7 11.7 7.5 2.5 4 0 3 0 0
-2088.1 3311.7 -2.9 213 0 12.5 12.0 10.0 2.5 2 0 4 5 5
-2082.3 3328.0 -2.9 210 0 4.9 8.7 5.0 2.5 2 1 2 5 5
-2076.2 3342.2 -2.9 213 0 10.6 10.5 7.5 2.5 2 0 3 2 2
-2011.4 3247.7 -3.6 8 0 10.4 12.4 2.5 0.0 0 1 1 5 5
-2013.1 3224.6 -3.7 102 0 6.5 9.1 7.5 0.0 0 1 3 1 1
-2001.6 3247.1 -3.8 281 0 6.2 11.0 5.0 2.5 2 1 2 5 5
-1996.3 3215.0 -3.5 192 0 4.5 9.2 5.0 2.5 2 1 2 4 4
-1959.4 3237.5 -3.8 280 0 9.6 10.7 2.5 2.5 2 1 1 3 3
-1964.0 3217.5 -3.5 281 0 9.9 10.0 5.0 2.5 2 1 2 5 5
-1962.9 3191.0 -3.4 10 0 10.9 9.6 2.5 2.5 2 0 1 3 3
-2142.6 3388.7 -3.2 302 0 8.9 11.6 5.0 2.5 2 1 2 1 1
-2143.2 3367.2 -2.9 301 0 4.2 8.1 5.0 2.5 2 1 2 3 3
-2116.8 3347.4 -2.9 31 0 8.3 4.2 5.0 2.5 2 0 2 2 2
-2028.4 3425.6 -3.5 302 0 7.3 8.5 7.5 2.5 2 1 3 3 3
-2042.5 3458.1 -3.6 302 0 8.5 8.3 2.5 2.5 2 0 1 4 4
-2047.9 3363.3 -3.0 121 0 4.9 6.9 5.0 2.5 2 1 2 2 2
-2048.3 3388.1 -3.0 211 0 9.1 10.4 5.0 0.0 0 1 2 2 2
-2053.2 3397.8 -3.2 213 0 4.9 6.2 5.0 2.5 4 1 2 3 3
-2071.9 3420.0 -3.6 31 0 11.9 9.1 7.5 0.0 0 0 3 4 4
-2062.9 3427.6 -3.6 28 0 3.8 6.0 5.0 2.5 4 1 2 5 5
-2080.4 3431.8 -3.7 30 0 6.4 7.4 2.5 2.5 2 1 1 1 1
-2115.5 3434.3 -3.7 113 0 4.0 12.1 5.0 2.5 2 1 2 2 2
-2112.9 3418.3 -3.6 119 0 12.2 10.3 5.0 2.5 2 0 2 5 5
-2095.4 3405.6 -3.4 119 0 9.3 8.9 7.5 2.5 2 0 3 0 0
-2075.1 3398.0 -3.3 31 0 8.8 9.0 5.0 0.0 0 1 2 2 2
-2065.4 3393.4 -3.2 211 0 11.5 9.0 5.0 0.0 0 0 2 3 3
-2157.0 2641.2 -3.4 97 0 9.4 15.5 7.5 2.5 2 1 3 2 2
-2140.7 2754.0 -2.5 280 0 5.2 7.4 5.0 2.5 4 1 2 0 0
-2144.7 2800.6 -1.9 98 0 6.2 5.3 2.5 2.5 2 0 1 5 5
-2161.1 2575.5 -3.9 288 0 10.8 10.3 7.5 2.5 2 0 3 0 0
-2013.5 2979.3 -3.3 97 0 9.7 10.1 5.0 2.5 2 1 2 0 0
-2016.6 3005.0 -3.1 271 0 13.2 9.2 7.5 2.5 2 0 3 5 5
-2016.3 2975.1 -3.5 276 0 10.2 9.7 5.0 2.5 2 0 2 1 1
-2147.2 2780.8 -2.1 21 0 7.4 9.8 5.0 2.5 2 1 2 0 0
-2167.4 2650.0 -3.4 99 0 9.7 3.4 7.5 2.5 4 0 3 1 1
-2127.2 2657.1 -3.2 280 0 11.4 6.7 5.0 2.5 2 0 2 4 4
-2128.3 2650.5 -3.3 280 0 11.4 6.1 5.0 2.5 4 0 2 0 0
-2192.8 2612.5 -3.5 190 0 9.5 19.4 5.0 2.5 2 1 2 0 0
-2252.1 2789.1 -2.7 99 0 5.6 13.8 7.5 0.0 0 1 3 5 5
-2179.7 2755.0 -2.9 280 0 13.4 8.1 2.5 2.5 2 0 1 2 2
-2110.8 2781.5 -1.6 9 0 9.7 5.1 5.0 2.5 2 0 2 4 4
-2100.6 2778.8 -1.6 9 0 13.0 10.5 5.0 2.5 2 0 2 3 3
-2058.8 2776.4 -1.0 98 0 12.3 13.1 5.0 2.5 2 1 2 0 0
-2032.3 2835.6 -0.5 10 0 5.6 10.6 5.0 2.5 2 1 2 3 3
-2025.9 2870.7 -1.5 14 0 5.0 12.8 2.5 2.5 2 1 1 5 5
-2025.3 2890.6 -2.0 10 0 9.6 7.1 5.0 2.5 2 0 2 4 4
-2025.9 2912.8 -2.6 8 0 4.7 11.1 7.5 2.5 2 1 3 5 5
-2016.7 2935.3 -3.5 10 0 5.8 14.6 2.5 2.5 2 1 1 1 1
-2004.9 3159.5 -3.3 97 0 11.4 10.9 2.5 0.0 0 0 1 3 3
-1684.4 3173.6 -3.1 112 0 7.0 10.7 2.5 2.5 2 0 1 3 3
-1689.9 3146.9 -3.0 121 0 11.9 13.2 7.5 2.5 2 0 3 4 4
-1828.5 2864.0 -2.8 9 0 4.3 7.5 2.5 2.5 2 1 1 5 5
-1902.5 2705.6 -2.6 189 0 31.6 9.0 5.0 2.5 2 0 2 5 5
-1796.6 2803.9 -3.2 198 0 5.9 6.1 2.5 2.5 2 1 1 4 4
-1693.3 3040.1 -2.3 293 0 4.6 19.7 2.5 2.5 2 1 1 5 5
-1938.8 3204.0 -3.5 190 0 35.1 11.6 5.0 2.5 2 0 2 0 0
-1825.1 2682.5 -4.0 109 0 9.5 70.9 5.0 2.5 2 1 2 3 3
-1991.6 3031.8 -2.6 6 0 9.2 8.1 2.5 2.5 2 0 1 0 0
-2015.1 3049.2 -2.7 8 0 8.3 5.1 5.0 2.5 2 0 2 4 4
-2010.4 3048.6 -2.7 8 0 8.3 4.7 5.0 2.5 2 0 2 1 1
-2012.3 3079.5 -2.8 7 0 7.3 28.2 5.0 2.5 2 1 2 5 5
-2005.1 3077.6 -2.8 7 0 7.0 5.6 5.0 2.5 4 0 2 0 0
-1989.6 3047.3 -2.6 8 0 10.8 8.8 5.0 2.5 2 0 2 5 5
-1986.4 3067.6 -2.7 8 0 10.0 8.1 2.5 2.5 2 0 1 3 3
-1792.0 3292.5 -3.3 214 0 5.4 6.7 7.5 2.5 2 0 3 5 5
-1800.7 3298.4 -3.3 215 0 5.4 10.5 7.5 2.5 2 0 3 4 4
-1795.9 3272.6 -3.3 210 0 10.2 5.3 2.5 2.5 2 0 1 5 5
-1801.2 3281.5 -3.3 210 0 7.4 8.9 2.5 0.0 0 0 1 2 2
-1779.5 3315.1 -3.1 302 0 8.7 7.7 7.5 2.5 2 0 3 1 1
-1878.8 3364.2 -3.0 287 0 4.2 6.1 5.0 2.5 2 0 2 5 5
-1871.1 3376.1 -3.1 287 0 8.9 13.6 5.0 2.5 2 0 2 5 5
-1843.6 3398.5 -3.1 114 0 5.2 4.4 2.5 2.5 2 0 1 4 4
-1849.5 3386.5 -3.1 114 0 8.8 13.3 7.5 2.5 2 0 3 5 5
-1877.4 3403.8 -3.2 128 0 8.3 16.1 5.0 2.5 2 1 2 4 4
-1850.7 3428.1 -3.3 301 0 6.3 6.8 7.5 0.0 0 0 3 0 0
-1841.8 3442.1 -3.6 108 0 4.5 11.2 7.5 2.5 2 0 3 4 4
-1842.0 3429.9 -3.3 301 0 6.9 4.2 7.5 2.5 4 0 3 3 3
-1850.3 3435.0 -3.4 301 0 12.7 6.0 5.0 2.5 2 0 2 1 1
-1847.9 3444.1 -3.6 108 0 8.4 12.5 5.0 2.5 2 0 2 5 5
-1838.0 3472.0 -3.6 289 0 8.9 12.0 7.5 2.5 2 1 3 4 4
-1864.6 3478.5 -3.5 290 0 11.6 12.9 7.5 2.5 2 1 3 1 1
-1868.6 3450.2 -3.6 18 0 10.8 10.1 7.5 2.5 4 0 3 1 1
-1738.9 3584.2 -2.8 113 0 4.5 7.6 7.5 2.5 2 1 3 0 0
-1680.1 3516.0 -3.0 297 0 12.2 10.1 5.0 2.5 2 0 2 2 2
-1817.7 3429.3 -3.3 39 0 5.0 6.7 5.0 2.5 2 1 2 1 1
-1808.4 3436.8 -3.4 126 0 17.4 5.5 2.5 2.5 2 0 1 4 4
-1807.5 3443.0 -3.5 126 0 11.5 5.1 2.5 2.5 2 0 1 2 2
-1795.0 3443.6 -3.4 304 0 4.6 4.8 5.0 2.5 2 0 2 0 0
-1783.9 3446.6 -3.4 304 0 10.4 13.5 5.0 2.5 2 0 2 3 3
-1802.4 3422.2 -3.2 144 0 6.6 11.8 5.0 2.5 4 1 2 3 3
-1801.1 3408.5 -3.2 305 0 8.3 10.3 5.0 2.5 2 1 2 3 3
-1752.2 3362.9 -3.1 299 0 7.0 6.9 7.5 2.5 2 0 3 1 1
-1740.3 3342.1 -3.0 299 0 3.8 4.6 7.5 2.5 2 0 3 2 2
-1742.2 3349.5 -3.0 299 0 6.7 10.2 5.0 2.5 2 0 2 0 0
-1749.5 3378.1 -3.1 120 0 13.7 5.2 7.5 2.5 2 0 3 2 2
-1713.5 3349.3 -3.0 211 0 9.8 4.7 7.5 2.5 2 0 3 5 5
-1718.0 3352.5 -3.0 211 0 10.7 5.5 7.5 2.5 2 0 3 1 1
-1687.5 3426.4 -3.3 121 0 5.0 5.7 7.5 2.5 2 0 3 4 4
-1697.1 3428.1 -3.3 121 0 4.6 9.2 2.5 0.0 0 0 1 0 0
-1691.1 3406.6 -3.2 118 0 6.8 8.2 7.5 2.5 2 0 3 2 2
-1698.9 3410.8 -3.2 118 0 11.0 9.7 5.0 2.5 2 0 2 2 2
-1701.1 3476.4 -3.6 298 0 5.0 7.4 7.5 2.5 2 0 3 3 3
-1703.7 3469.4 -3.6 298 0 7.1 13.7 7.5 2.5 2 0 3 2 2
-1714.5 3475.3 -3.6 298 0 8.9 13.7 7.5 2.5 2 0 3 2 2
-1748.5 3441.7 -3.4 119 0 11.1 11.5 2.5 2.5 2 1 1 1 1
-1746.4 3463.1 -3.6 211 0 8.7 10.8 7.5 2.5 2 1 3 0 0
-1744.2 3483.9 -3.5 208 0 14.3 9.5 7.5 2.5 2 0 3 5 5
-1769.6 3507.8 -3.1 289 0 13.6 14.6 5.0 2.5 2 1 2 5 5
-1701.2 3554.8 -2.8 51 0 10.8 13.9 5.0 0.0 0 1 2 4 4
-1650.0 3562.5 -2.8 293 0 6.3 11.7 7.5 2.5 2 1 3 3 3
-1653.4 3572.5 -2.7 115 0 8.2 14.4 7.5 2.5 2 1 3 1 1
-1613.9 3567.4 -2.8 296 0 12.2 11.7 2.5 2.5 2 0 1 2 2
-1624.9 3653.5 -2.4 114 0 13.2 19.7 2.5 2.5 2 1 1 5 5
-1601.3 3647.9 -2.3 97 0 9.1 11.2 5.0 2.5 2 1 2 4 4
-1567.8 3633.2 -2.3 99 0 6.6 14.1 3.8 0.0 0 1 2 0 0
-1616.3 3589.3 -2.6 115 0 8.5 10.7 2.5 2.5 2 1 1 3 3
-1592.6 3577.7 -2.7 115 0 6.9 10.0 2.5 2.5 2 1 1 4 4
-1588.9 3505.0 -3.3 204 0 12.1 11.7 7.5 2.5 2 0 3 3 3
-1598.7 3470.5 -3.5 297 0 9.5 12.5 5.0 2.5 2 1 2 0 0
-1605.1 3447.1 -3.4 119 0 6.5 4.5 5.0 0.0 0 0 2 2 2
-1651.8 3462.3 -3.5 121 0 8.8 11.8 7.5 2.5 2 0 3 0 0
-1623.2 3443.6 -3.4 120 0 13.6 9.5 5.0 2.5 2 0 2 4 4
-1670.0 3472.3 -3.5 120 0 11.0 9.9 5.0 2.5 2 0 2 3 3
-1598.9 3429.9 -3.3 117 0 8.1 15.4 5.0 2.5 2 1 2 2 2
-1690.0 3368.8 -3.1 302 0 11.3 10.3 7.5 2.5 2 0 3 2 2
-1609.7 3349.2 -3.0 121 0 4.8 8.2 5.0 2.5 2 0 2 2 2
-1614.2 3351.9 -3.0 121 0 7.4 9.4 7.5 0.0 0 0 3 0 0
-1626.9 3342.1 -3.0 120 0 8.4 10.5 5.0 2.5 2 1 2 0 0
-1609.7 3331.0 -3.0 118 0 9.6 10.7 5.0 2.5 4 1 2 2 2
-1588.2 3321.8 -3.1 121 0 9.4 10.9 5.0 2.5 2 0 2 5 5
-1595.5 3326.2 -3.1 121 0 7.7 12.6 2.5 2.5 2 0 1 1 1
-1738.2 3406.9 -3.2 302 0 12.4 6.1 2.5 2.5 2 0 1 3 3
-1746.0 3394.2 -3.2 122 0 12.4 8.8 2.5 2.5 2 0 1 2 2
-1764.4 3381.8 -3.1 300 0 10.8 10.9 10.0 2.5 2 1 4 0 0
-1782.9 3339.0 -3.0 120 0 10.8 15.3 5.0 2.5 2 1 2 0 0
-1723.4 3300.3 -3.2 126 0 7.2 12.2 5.0 2.5 2 1 2 3 3
-1730.3 3333.4 -3.0 303 0 4.9 9.7 5.0 2.5 2 0 2 3 3
-1733.6 3337.8 -3.0 303 0 5.5 11.5 2.5 2.5 2 0 1 1 1
-1738.7 3307.7 -3.2 121 0 8.5 10.4 7.5 0.0 0 1 3 0 0
-1755.0 3317.9 -2.9 121 0 8.8 10.4 5.0 2.5 2 1 2 4 4
-1774.5 3280.1 -3.2 297 0 5.1 6.1 2.5 0.0 0 0 1 4 4
-1778.3 3282.1 -3.2 297 0 3.6 6.1 7.5 2.5 2 0 3 1 1
-1785.6 3282.4 -3.3 207 0 6.1 4.9 7.5 2.5 2 0 3 3 3
-1749.1 3281.6 -3.2 300 0 9.1 12.7 7.5 2.5 2 1 3 0 0
-1761.3 3303.7 -3.3 300 0 9.1 10.1 2.5 2.5 2 1 1 3 3
-1728.0 3266.4 -3.4 299 0 5.9 8.8 7.5 2.5 2 1 3 0 0
-1688.6 3169.5 -3.0 112 0 4.6 5.3 7.5 2.5 2 0 3 1 1
-1667.4 3243.2 -3.8 300 0 9.8 8.6 5.0 2.5 2 0 2 5 5
-1605.2 3310.8 -3.1 302 0 12.9 11.2 5.0 2.5 2 0 2 2 2
-1621.9 3319.9 -3.1 301 0 10.7 8.6 7.5 2.5 4 0 3 1 1
-1602.5 3273.3 -3.2 31 0 14.8 5.8 7.5 2.5 2 0 3 3 3
-1618.9 3293.6 -3.0 301 0 7.4 10.6 2.5 2.5 2 0 1 3 3
-1593.4 3233.1 -3.7 33 0 20.7 8.6 5.0 2.5 2 0 2 2 2
-1611.8 3229.1 -3.7 122 0 6.1 24.6 5.0 2.5 2 0 2 2 2
-1617.9 3233.0 -3.8 122 0 8.4 24.6 2.5 0.0 0 0 1 2 2
-1624.6 3237.2 -3.8 122 0 7.3 24.6 2.5 2.5 2 0 1 3 3
-1634.8 3265.8 -3.3 119 0 3.8 5.6 2.5 2.5 2 1 1 1 1
-1644.0 3265.1 -3.3 120 0 4.3 12.3 7.5 2.5 4 1 3 4 4
-1694.0 3250.4 -3.8 303 0 13.6 10.1 7.5 0.0 0 0 3 2 2
-1706.0 3267.0 -3.4 303 0 10.3 10.1 2.5 2.5 2 0 1 0 0
-1701.2 3285.1 -3.2 119 0 10.6 10.6 7.5 2.5 4 0 3 3 3
-1684.4 3273.6 -3.1 122 0 10.7 10.7 2.5 2.5 2 0 1 5 5
-1670.7 3266.2 -3.3 122 0 5.9 10.5 5.0 2.5 2 0 2 3 3
-1664.6 3262.4 -3.3 122 0 8.4 10.5 5.0 2.5 2 0 2 1 1
-1638.2 3246.4 -3.7 122 0 9.2 10.5 5.0 2.5 2 1 2 1 1
-1645.4 3205.5 -3.3 299 0 6.7 7.2 2.5 2.5 2 1 1 2 2
-1622.3 3213.8 -3.5 302 0 12.0 21.2 2.5 2.5 2 0 1 5 5
-1645.9 3114.9 -2.8 119 0 11.7 10.5 7.5 2.5 2 0 3 3 3
-1834.2 6379.5 -4.5 273 0 13.8 7.9 2.5 2.5 2 0 1 0 0
-1856.5 6357.2 -4.3 99 0 6.4 9.8 5.0 2.5 2 1 2 2 2
-1828.5 6411.7 -4.9 263 0 10.0 11.4 7.5 2.5 2 1 3 5 5
-1841.0 6393.9 -4.8 3 0 9.1 11.6 7.5 2.5 4 1 3 1 1
-1773.1 6423.2 -5.0 260 0 7.4 9.3 5.0 2.5 2 1 2 0 0
-1769.2 6378.3 -4.4 168 0 9.7 9.2 7.5 2.5 2 0 3 1 1
-1766.2 6360.0 -4.1 170 0 10.7 10.2 5.0 2.5 2 0 2 2 2
-1764.3 6343.8 -3.8 171 0 10.3 10.5 7.5 0.0 0 1 3 0 0
-1567.7 6332.5 -3.2 351 0 7.5 11.1 5.0 0.0 0 1 2 1 1
-1597.7 6334.1 -3.2 261 0 11.1 8.7 5.0 2.5 2 0 2 3 3
-1619.6 6331.9 -3.2 262 0 11.1 8.7 5.0 2.5 2 0 2 3 3
-1641.5 6329.8 -3.3 262 0 11.1 8.7 5.0 2.5 2 0 2 5 5
-1685.3 6325.4 -3.3 262 0 11.1 8.7 5.0 2.5 2 0 2 2 2
-1704.5 6323.5 -3.3 262 0 11.1 8.7 5.0 2.5 2 0 2 0 0
-1706.0 6355.2 -3.9 174 0 9.0 15.3 5.0 2.5 2 1 2 1 1
-1670.3 6353.5 -3.8 84 0 11.1 8.7 5.0 0.0 0 0 2 5 5
-1651.3 6364.1 -3.8 264 0 11.1 8.7 5.0 2.5 4 0 2 1 1
-1629.4 6366.2 -3.8 264 0 11.1 8.7 5.0 2.5 2 0 2 3 3
-1600.5 6369.1 -3.8 264 0 11.2 8.7 5.0 2.5 2 0 2 5 5
-1580.7 6371.1 -3.8 264 0 11.1 8.7 5.0 2.5 2 0 2 2 2
-1560.8 6373.1 -3.7 264 0 11.1 8.7 5.0 0.0 0 0 2 0 0
-1540.8 6375.0 -3.7 264 0 11.1 8.7 5.0 2.5 2 0 2 3 3
-1521.8 6439.3 -4.7 265 0 11.3 9.0 5.0 2.5 2 0 2 3 3
2976.6 617.3 0.0 185 0 12.3 9.1 2.5 2.5 2 0 1 4 4
6205.3 4940.9 -2.2 136 0 26.1 12.1 7.5 2.5 2 0 3 3 3
6153.0 4987.0 -2.7 45 0 10.4 25.1 10.0 2.5 2 1 4 5 5
6171.8 4994.4 -2.5 44 0 17.5 15.2 7.5 2.5 2 0 3 5 5
6178.3 5026.3 -2.7 323 0 14.4 14.2 5.0 2.5 2 0 2 1 1
6153.2 5202.5 -1.7 332 0 24.6 12.6 15.0 0.0 0 0 6 2 2
6100.5 5179.6 -1.8 157 0 9.5 14.1 7.5 2.5 2 1 3 3 3
5990.5 5250.2 -2.0 318 0 13.9 23.5 7.5 2.5 4 1 3 4 4
6046.1 5337.5 -2.2 335 0 24.2 10.2 2.5 2.5 4 0 1 5 5
6028.0 5306.6 -2.0 63 0 15.8 7.5 5.0 2.5 2 0 2 5 5
5997.6 5313.6 -2.1 157 0 13.2 13.1 5.0 2.5 2 0 2 3 3
5970.0 5269.3 -2.2 318 0 25.7 11.8 10.0 0.0 0 0 4 1 1
5941.5 5253.1 -2.2 139 0 12.2 20.1 5.0 0.0 0 0 2 0 0
5956.4 5244.3 -2.1 137 0 7.7 15.0 7.5 2.5 2 0 3 0 0
5953.3 5301.6 -2.3 317 0 11.3 10.3 5.0 2.5 2 0 2 0 0
-1998.8 492.4 -0.9 190 0 102.4 265.4 2.5 0.0 0 0 1 1 1
-1184.7 1499.0 15.6 221 0 8.0 17.4 7.5 2.5 2 1 3 1 1
-4453.7 6418.2 -6.2 1 0 28.7 13.0 10.0 0.0 0 0 4 2 2
-5933.7 -4195.8 -3.9 276 0 265.7 75.6 2.5 0.0 0 0 1 4 4
-3845.8 -2899.7 1.9 283 0 21.9 9.6 8.0 2.5 4 0 2 0 0
-3829.3 -3006.8 1.9 283 0 5.5 22.6 4.0 2.5 2 1 1 5 5
-3782.9 -3001.9 1.9 13 0 12.2 30.5 2.5 2.5 2 1 1 1 1
-6305.3 -8364.8 -19.9 186 0 8.4 5.6 5.0 2.5 2 0 2 0 0
-6283.9 -8351.9 -19.6 13 0 20.3 12.1 2.5 2.5 2 0 1 5 5
-6341.6 -8315.8 -21.4 283 0 4.0 3.4 4.0 0.0 0 0 1 2 2
-6249.3 -8327.4 -18.0 194 0 29.3 8.7 2.5 2.5 2 0 1 3 3
-6242.2 -8069.5 -19.3 14 0 12.7 5.3 5.0 2.5 2 0 2 4 4
-6263.7 -8186.0 -19.1 13 0 7.5 12.0 3.5 0.0 0 1 1 5 5
-6265.9 -8195.6 -19.0 13 0 6.0 10.0 3.5 2.5 2 1 1 0 0
-4267.6 -8145.2 -8.4 150 0 13.5 8.7 3.5 3.5 2 0 1 3 3
-4287.6 -8095.4 -8.7 279 0 9.0 9.1 3.5 3.5 2 1 1 3 3
-4270.9 -8104.0 -8.7 279 0 4.4 9.8 3.5 3.5 2 1 1 2 2
-4266.9 -8121.8 -8.6 149 0 6.0 9.0 3.5 3.5 2 0 1 2 2
-4259.2 -8129.0 -8.5 146 0 5.4 11.3 3.5 3.5 2 0 1 3 3
-4257.6 -8161.5 -8.3 148 0 9.0 8.4 3.5 3.5 2 0 1 0 0
-4225.5 -8151.4 -8.3 102 0 12.1 8.7 7.0 3.5 2 0 2 3 3
-4200.6 -8131.1 -8.2 277 0 5.6 3.1 3.5 3.5 4 0 1 1 1
-4183.9 -8108.9 -8.3 279 0 9.4 9.1 3.5 3.5 2 0 1 4 4
-4250.2 -8174.0 -8.4 149 0 4.7 12.3 7.0 3.5 2 0 2 1 1
-4242.3 -8184.4 -8.5 58 0 6.0 10.6 7.0 3.5 2 0 2 5 5
-4314.7 -8148.4 -8.4 238 0 6.4 6.3 10.5 3.5 2 0 3 4 4
-4292.9 -8143.7 -8.4 327 0 8.3 7.3 7.0 3.5 4 0 2 1 1
-4282.9 -8159.4 -8.3 328 0 9.2 8.5 3.5 3.5 2 0 1 1 1
-4272.6 -8174.9 -8.5 327 0 9.6 8.0 3.5 3.5 2 0 1 2 2
-4264.2 -8196.8 -8.6 58 0 9.2 9.6 3.5 3.5 2 1 1 0 0
-4350.2 -8225.2 -8.8 99 0 9.0 7.2 3.5 3.5 2 0 1 2 2
-4350.7 -8198.2 -8.6 189 0 9.0 8.0 3.5 3.5 2 0 1 5 5
-4333.8 -8169.0 -8.4 190 0 3.4 6.6 3.5 3.5 2 1 1 1 1
-4200.8 -8158.9 -8.3 191 0 9.3 9.2 3.5 3.5 4 0 1 5 5
-4233.7 -8189.3 -8.7 239 0 7.0 13.0 3.5 3.5 2 1 1 3 3
-4201.9 -8199.1 -8.7 238 0 4.0 6.0 3.5 3.5 4 1 1 1 1
-4204.3 -8211.8 -8.8 147 0 4.8 6.7 3.5 3.5 2 1 1 3 3
-4224.3 -8215.4 -8.8 148 0 8.0 8.2 3.5 3.5 2 1 1 5 5
-4156.7 -8138.2 -8.1 12 0 10.1 9.2 3.5 3.5 2 0 1 0 0
-4177.9 -8147.9 -8.2 11 0 7.1 5.2 3.5 3.5 2 0 1 5 5
-4181.0 -8126.6 -8.3 281 0 4.0 7.0 3.5 3.5 4 0 1 5 5
-4175.3 -8123.9 -8.3 281 0 5.9 12.3 3.5 3.5 2 0 1 4 4
-4173.0 -8112.8 -8.3 282 0 5.9 11.4 3.5 3.5 2 0 1 4 4
-4154.9 -8119.2 -8.2 11 0 10.1 9.1 3.5 3.5 4 0 1 1 1
-4160.8 -8158.9 -8.3 11 0 8.8 8.4 3.5 3.5 2 0 1 1 1
-4178.4 -8174.0 -8.5 15 0 11.0 8.5 3.5 3.5 4 0 1 4 4
-4168.2 -8195.5 -8.7 11 0 8.3 9.5 3.5 3.5 2 1 1 5 5
-4213.6 -8232.1 -9.0 147 0 8.4 8.3 3.5 3.5 4 0 1 5 5
-4200.7 -8223.7 -8.9 101 0 4.7 7.9 3.5 3.5 4 0 1 1 1
-4172.4 -8216.6 -8.9 11 0 9.1 8.1 3.5 0.0 0 0 1 1 1
-4191.2 -8221.0 -8.9 11 0 7.2 6.3 3.5 3.5 2 0 1 0 0
-4176.4 -8236.9 -9.1 12 0 10.0 8.5 3.5 0.0 0 0 1 1 1
-4206.1 -8245.8 -9.1 118 0 3.9 5.8 3.5 3.5 4 0 1 3 3
-4180.2 -8255.3 -9.3 12 0 12.4 8.6 3.5 3.5 2 0 1 0 0
-4274.4 -7951.5 -8.8 188 0 9.1 8.7 7.0 3.5 2 0 2 2 2
-4126.2 -7946.4 -9.0 278 0 8.5 18.0 7.0 3.5 2 1 2 1 1
-4198.5 -7901.1 -9.0 190 0 8.2 20.9 7.0 0.0 0 1 2 1 1
-4219.9 -8033.9 -8.3 279 0 7.0 7.0 10.5 3.5 2 0 3 3 3
-4221.4 -8024.5 -8.4 279 0 12.6 9.1 7.0 3.5 2 0 2 0 0
-4328.3 -8021.3 -8.4 278 0 6.1 5.9 3.5 3.5 2 0 1 4 4
-4321.3 -8042.2 -8.5 9 0 3.7 5.9 3.5 0.0 0 1 1 1 1
-4327.0 -8045.2 -8.5 9 0 3.5 8.1 3.5 3.5 4 1 1 0 0
-4401.3 -8099.3 -9.3 188 0 3.7 7.9 10.5 3.5 2 0 3 0 0
-4371.0 -8118.8 -9.0 49 0 3.6 7.7 3.5 0.0 0 0 1 3 3
-4368.4 -8116.5 -9.1 47 0 3.4 7.7 3.5 3.5 2 0 1 3 3
-4381.3 -8163.2 -8.6 8 0 3.6 7.6 3.5 3.5 2 1 1 4 4
-4171.8 -8076.8 -8.3 100 0 4.5 7.1 3.5 3.5 2 1 1 2 2
-4269.4 -8061.1 -8.3 98 0 4.0 9.1 3.5 3.5 2 0 1 5 5
-4399.6 -8206.1 -8.6 98 0 5.6 3.4 3.5 3.5 2 0 1 5 5
-4385.0 -8202.6 -8.6 9 0 5.1 11.1 3.5 3.5 2 0 1 1 1
-4286.9 -7731.9 -7.9 285 0 12.5 3.1 3.5 3.5 2 0 1 1 1
-4217.8 -8293.6 -9.6 300 0 3.7 7.1 3.5 3.5 2 0 1 2 2
-4204.5 -8281.9 -9.6 281 0 9.3 9.1 3.5 3.5 2 0 1 3 3
-4246.4 -8255.2 -9.2 327 0 7.2 4.1 3.5 3.5 2 0 1 3 3
-4286.1 -8221.6 -8.9 237 0 6.2 7.3 3.5 3.5 2 1 1 0 0
-4301.1 -8267.3 -9.3 276 0 3.9 8.9 3.5 3.5 4 0 1 4 4
-4382.4 -8260.4 -9.2 279 0 4.1 4.5 3.5 3.5 2 0 1 3 3
-4400.5 -8252.3 -9.2 279 0 4.3 9.3 3.5 3.5 2 0 1 5 5
-4377.6 -7980.7 -8.7 98 0 3.0 8.7 3.5 3.5 2 0 1 0 0
-4383.2 -7979.9 -8.7 98 0 8.3 8.7 7.0 3.5 2 0 2 2 2
-4377.3 -7927.5 -8.9 188 0 8.0 11.1 7.0 3.5 2 1 2 0 0
-4341.9 -7665.5 -8.9 192 0 6.3 11.8 7.0 0.0 0 1 2 2 2
-4439.2 -8206.9 -8.6 8 0 9.7 18.1 3.5 3.5 2 1 1 2 2
-4155.6 -7777.0 -8.0 283 0 9.0 8.0 5.0 0.0 0 0 2 2 2
-4271.4 -8482.9 -8.2 99 0 21.0 12.6 7.0 3.5 2 0 2 2 2
-4230.3 -8458.0 -8.7 8 0 11.9 55.1 3.5 3.5 4 1 1 5 5
-4216.5 -8449.4 -9.0 8 0 21.9 6.8 4.0 3.5 2 0 1 3 3
-4210.0 -8425.8 -9.1 8 0 26.6 11.5 7.0 3.5 2 0 2 1 1
-4213.3 -8390.7 -9.1 8 0 18.5 52.1 7.0 3.5 2 1 2 2 2
-4241.1 -8357.7 -9.1 9 0 12.0 61.1 7.0 0.0 0 1 2 0 0
-4310.6 -8451.8 -7.7 188 0 29.3 10.0 3.5 3.5 2 0 1 1 1
-4325.3 -8470.5 -7.2 8 0 11.5 11.6 7.0 3.5 2 1 2 0 0
-4344.9 -8456.6 -7.0 8 0 32.4 8.4 3.5 3.5 2 0 1 0 0
-4339.7 -8426.2 -7.2 9 0 12.1 19.1 7.0 3.5 2 0 2 0 0
-4339.7 -8360.8 -8.5 278 0 19.3 58.6 3.5 3.5 2 0 1 5 5
-4400.3 -8378.7 -8.0 189 0 13.3 32.1 3.5 3.5 2 1 1 5 5
-4426.3 -8390.4 -8.3 188 0 77.0 9.2 3.5 3.5 2 0 1 2 2
-4436.7 -8465.7 -6.1 98 0 8.5 12.1 3.5 3.5 2 1 1 1 1
-4428.5 -8350.8 -8.3 8 0 6.3 53.7 3.5 3.5 2 1 1 2 2
-4480.8 -8373.1 -8.0 98 0 10.0 18.5 3.5 3.5 2 1 1 3 3
-4487.8 -8421.9 -6.7 279 0 18.6 7.7 3.5 3.5 2 0 1 2 2
-4321.7 -7572.2 -8.8 9 0 3.2 5.5 3.5 2.5 4 0 1 4 4
-3987.0 -7956.6 -8.6 286 0 101.2 108.2 3.5 0.0 0 0 1 0 0
-3756.7 -8325.2 -8.1 196 0 6.8 5.0 4.0 3.5 2 0 1 3 3
-3777.4 -7973.9 -7.8 286 0 151.1 205.1 3.5 0.0 0 0 1 1 1
-2652.5 5025.1 -5.6 104 0 8.0 12.0 2.5 0.0 0 1 1 2 2
-2639.0 5004.4 -5.7 283 0 21.6 14.2 7.5 2.5 2 0 3 3 3
-1579.5 3551.4 -2.8 295 0 8.0 14.1 5.0 2.5 2 1 2 2 2
-1675.5 3676.9 -2.4 99 0 7.7 14.4 7.5 2.5 2 1 3 2 2
-394.5 -6853.0 -3.8 42 0 4.4 14.2 2.5 2.5 2 1 1 2 2
-3557.6 -8489.7 -8.6 202 0 10.1 4.7 4.0 3.5 2 0 1 0 0
-3548.7 -8474.6 -8.6 202 0 4.8 4.7 4.0 3.5 2 0 1 0 0
-3545.8 -8463.5 -8.6 203 0 18.0 9.0 3.5 3.5 2 0 1 5 5
-3535.8 -8446.5 -8.6 201 0 10.2 6.4 4.0 3.5 2 0 1 0 0
-3524.8 -8485.4 -8.6 107 0 10.0 21.7 4.0 3.5 2 1 1 5 5
-3394.4 -8507.2 -7.6 164 0 27.2 11.2 2.5 2.5 2 0 1 4 4
-3399.9 -8488.4 -7.3 164 0 12.0 11.2 4.0 2.5 2 0 1 1 1
-3408.3 -8460.2 -7.7 164 0 27.3 11.2 12.5 2.5 2 0 5 2 2
-3385.1 -8543.5 -7.3 165 0 6.4 12.5 4.0 2.5 2 0 1 2 2
-3499.6 -8458.5 -8.6 292 0 6.5 22.6 4.0 3.5 2 0 1 5 5
-1342.9 2242.3 4.5 200 0 6.2 9.4 2.5 2.5 2 0 1 2 2
-1345.5 2236.5 4.4 199 0 6.3 9.4 2.5 2.5 4 0 1 5 5
-1305.1 2193.1 5.1 110 0 6.5 9.3 2.5 2.5 2 1 1 4 4
-1396.0 2978.2 -2.2 122 0 11.7 9.3 5.0 2.5 2 0 2 4 4
-2567.5 5247.4 -5.1 103 0 5.2 9.8 5.0 2.5 2 1 2 4 4
-2516.8 5344.7 -4.9 12 0 10.9 12.1 5.0 2.5 2 1 2 2 2
-2555.7 5282.4 -5.1 193 0 11.9 9.8 5.0 2.5 2 0 2 1 1
-2582.5 346.6 -0.5 10 0 8.8 9.1 7.5 2.5 2 1 3 5 5
-1533.8 1316.5 2.8 5 0 16.8 30.3 7.5 2.5 4 1 3 2 2
-2542.9 5128.1 -5.4 13 0 10.7 7.3 7.5 2.5 4 0 3 1 1
-2780.0 5187.1 -5.3 104 0 11.0 8.3 2.5 2.5 2 0 1 4 4
-2889.5 5219.1 -5.3 105 0 14.9 12.3 5.0 2.5 2 0 2 3 3
-2373.7 5669.4 -4.4 86 0 16.2 32.3 7.5 2.5 2 1 3 0 0
-1299.6 3000.6 -2.6 121 0 6.4 14.3 7.5 2.5 2 1 3 0 0
-1316.4 2917.6 -2.4 121 0 10.2 8.7 2.5 2.5 2 0 1 1 1
-1252.5 2830.0 -1.6 303 0 9.8 8.9 5.0 2.5 4 0 2 5 5
-1273.4 2986.2 -2.5 124 0 9.9 8.8 2.5 2.5 4 0 1 5 5
-1298.4 2905.3 -2.4 121 0 10.0 8.3 5.0 2.5 2 0 2 4 4
-1252.4 2975.4 -2.4 123 0 9.4 9.3 7.5 2.5 2 0 3 0 0
-1614.1 1835.6 3.1 100 0 32.4 14.4 7.5 2.5 4 0 3 0 0
-1557.2 1815.7 4.9 195 0 11.2 18.5 7.5 2.5 2 1 3 4 4
-2476.1 6891.7 -9.6 284 0 8.2 8.7 2.5 2.5 2 1 1 5 5
-1565.1 1782.3 4.7 194 0 16.8 11.4 7.5 2.5 2 0 3 1 1
-1572.1 1755.3 4.5 194 0 16.9 11.8 7.5 2.5 2 0 3 1 1
-1573.2 1717.9 4.6 194 0 16.8 11.2 7.5 2.5 2 0 3 5 5
-1579.8 1689.7 4.2 193 0 17.1 11.6 5.0 2.5 2 0 2 3 3
-1596.7 1656.1 3.2 194 0 16.9 11.5 7.5 2.5 2 0 3 0 0
-1392.4 3043.2 -2.5 302 0 11.0 9.7 2.5 2.5 2 0 1 0 0
-1603.6 1627.8 2.5 193 0 17.4 11.6 5.0 2.5 2 0 2 4 4
-1610.0 1600.0 1.9 194 0 17.0 11.5 2.5 2.5 2 0 1 4 4
-1648.5 1469.9 1.3 131 0 12.9 53.4 7.5 2.5 2 1 3 2 2
-1177.7 2975.9 -2.8 211 0 11.7 10.8 2.5 2.5 2 0 1 2 2
-1423.5 2938.3 -2.3 301 0 10.1 10.9 5.0 0.0 0 1 2 5 5
-2771.0 5193.5 -5.3 284 0 3.2 8.3 7.5 2.5 2 0 3 3 3
-1586.4 1290.6 2.3 186 0 17.4 39.5 7.5 2.5 2 1 3 1 1
-2590.9 766.7 -0.7 94 0 30.0 26.5 10.0 0.0 0 0 4 4 4
-2547.0 5650.5 -4.4 103 0 15.5 28.9 7.5 2.5 2 1 3 5 5
-2517.0 6900.5 -9.6 193 0 15.9 8.2 7.5 2.5 2 0 3 1 1
-2491.1 5657.6 -4.4 284 0 9.3 11.1 5.0 2.5 2 1 2 0 0
-2916.2 5249.6 -5.3 194 0 8.9 18.7 5.0 2.5 2 1 2 1 1
-2542.5 5369.5 -4.9 286 0 24.0 7.1 5.0 2.5 4 0 2 1 1
-2485.4 6905.4 -9.4 13 0 7.4 19.6 2.5 2.5 2 1 1 3 3
-1614.5 1881.8 3.2 280 0 9.7 31.0 7.5 2.5 2 0 3 4 4
-2505.5 6870.4 -10.0 104 0 18.4 9.0 7.5 2.5 2 0 3 5 5
-2429.5 714.0 -1.3 5 0 4.2 8.5 7.5 2.5 2 1 3 2 2
-2560.8 5328.3 -5.0 195 0 9.8 16.4 2.5 2.5 2 0 1 4 4
-2563.3 5345.4 -5.0 195 0 21.8 8.0 5.0 2.5 2 0 2 2 2
6592.6 6580.4 -2.4 250 0 25.6 12.9 7.5 2.5 2 0 3 2 2
6533.1 6553.9 -2.2 249 0 34.3 13.0 7.5 0.0 0 0 3 3 3
6588.5 6505.7 -1.8 340 0 11.0 16.9 5.0 2.5 2 1 2 5 5
6583.5 6545.0 -2.2 70 0 8.2 13.7 5.0 2.5 2 1 2 5 5
-5801.5 -7765.8 -19.0 11 0 12.7 22.1 12.5 0.0 0 1 5 0 0
-5684.6 -7325.2 -12.8 10 0 24.8 18.1 10.0 2.5 2 0 4 3 3
-5707.9 -7421.1 -15.0 280 0 9.1 9.4 7.5 2.5 2 1 3 0 0
-5705.9 -7370.1 -14.3 191 0 30.4 12.5 7.5 2.5 2 0 3 3 3
-5753.5 -7300.4 -12.0 280 0 11.5 24.9 7.5 2.5 2 0 3 3 3
-5756.1 -7357.1 -13.3 9 0 24.6 12.8 7.5 2.5 2 0 3 4 4
-5761.2 -7387.7 -14.2 9 0 37.3 12.8 7.5 2.5 2 0 3 4 4
2692.6 79.0 -3.5 288 0 8.9 19.5 2.5 2.5 2 1 1 0 0
2753.9 388.2 -3.0 281 0 8.2 3.5 2.5 2.5 2 0 1 1 1
2730.2 344.9 -3.0 99 0 6.6 6.5 2.5 0.0 0 0 1 4 4
2716.7 354.3 -3.1 187 0 13.4 6.8 2.5 2.5 2 0 1 2 2
2813.9 764.4 -2.1 185 0 9.2 30.2 2.5 2.5 2 1 1 5 5
2713.1 53.4 -3.5 10 0 6.5 13.7 2.5 2.5 2 1 1 1 1
2703.5 448.7 -3.5 115 0 12.5 13.0 5.0 2.5 2 1 2 2 2
2814.8 590.5 -2.8 94 0 11.5 14.0 5.0 2.5 2 1 2 0 0
2560.6 143.4 -3.8 280 0 10.7 15.3 2.5 2.5 2 0 1 4 4
2563.1 123.7 -3.9 2 0 10.0 12.4 5.0 2.5 4 0 2 0 0
2548.0 80.6 -4.5 100 0 13.7 9.0 2.5 2.5 2 0 1 5 5
2584.5 96.3 -4.0 175 0 13.9 88.8 2.5 2.5 2 1 1 1 1
2768.5 91.7 -2.9 99 0 5.3 17.7 2.5 2.5 2 0 1 5 5
2506.1 109.9 -4.5 191 0 6.0 35.0 2.5 2.5 2 1 1 3 3
2775.1 122.0 -2.7 280 0 8.1 13.2 2.5 2.5 2 0 1 3 3
2658.6 62.4 -3.7 176 0 6.3 15.4 2.5 2.5 2 1 1 5 5
2704.5 106.7 -3.1 287 0 4.6 12.0 3.5 2.5 2 0 1 4 4
2796.4 39.3 -3.4 72 0 8.2 14.9 5.0 2.5 2 1 2 4 4
-6471.3 -8330.2 -24.2 41 0 9.1 12.7 2.5 2.5 2 1 1 0 0
-6449.2 -8303.0 -24.2 37 0 10.2 10.0 2.5 2.5 2 0 1 1 1
-6444.6 -8287.6 -24.1 306 0 9.1 6.3 2.5 2.5 2 0 1 3 3
-6470.8 -8275.1 -24.3 42 0 10.3 10.6 5.0 2.5 2 1 2 4 4
-6496.6 -8241.4 -24.4 223 0 10.4 3.9 5.0 2.5 2 0 2 3 3
-6497.7 -8216.3 -23.7 221 0 3.9 10.9 5.0 2.5 2 1 2 4 4
-6506.4 -8200.9 -23.2 224 0 8.7 9.3 2.5 2.5 2 1 1 3 3
-6489.9 -8182.5 -23.0 224 0 8.5 9.3 2.5 2.5 4 0 1 3 3
-6484.1 -8176.5 -23.0 224 0 8.2 9.3 2.5 2.5 2 0 1 4 4
-6480.4 -8197.1 -22.7 222 0 4.3 10.2 5.0 2.5 2 1 2 2 2
-6464.7 -8187.9 -22.3 223 0 4.4 7.8 5.0 2.5 2 1 2 1 1
-6439.1 -8194.0 -21.9 41 0 4.3 8.1 5.0 0.0 0 0 2 1 1
-6435.9 -8215.1 -23.0 44 0 11.5 10.1 2.5 0.0 0 0 1 0 0
-6421.8 -8199.2 -22.1 41 0 10.5 9.1 2.5 2.5 2 0 1 1 1
-6450.3 -8163.8 -22.7 223 0 4.4 12.1 2.5 2.5 2 1 1 4 4
-6468.5 -8160.8 -23.2 223 0 15.4 9.0 2.5 2.5 2 0 1 1 1
-6438.6 -8133.9 -23.3 222 0 4.1 9.9 5.0 2.5 2 1 2 4 4
-6399.9 -8124.8 -22.8 313 0 8.8 3.9 7.5 2.5 2 0 3 5 5
-6410.4 -8134.8 -22.8 311 0 10.8 3.7 7.5 2.5 2 0 3 0 0
-6428.4 -8155.3 -22.5 220 0 4.3 5.9 5.0 2.5 4 1 2 4 4
-6433.2 -8144.9 -22.8 221 0 3.0 15.0 7.5 2.5 2 1 3 3 3
-6427.0 -8144.9 -22.7 222 0 3.4 4.5 5.0 2.5 2 1 2 4 4
-6425.9 -8115.6 -23.3 224 0 14.0 13.4 5.0 2.5 2 0 2 5 5
-6536.2 -8232.1 -24.5 222 0 6.2 14.9 7.5 2.5 2 1 3 5 5
-6518.3 -8250.7 -24.5 223 0 4.8 9.4 5.0 2.5 2 0 2 4 4
-6521.2 -8258.5 -24.5 223 0 10.4 6.1 7.5 2.5 2 0 3 2 2
-6524.9 -8275.4 -24.5 134 0 4.7 11.7 5.0 2.5 2 1 2 2 2
-6540.7 -8273.6 -24.6 132 0 11.3 10.1 5.0 2.5 4 0 2 1 1
-6555.9 -8252.9 -24.6 222 0 9.8 9.3 5.0 2.5 4 0 2 2 2
-6518.0 -8294.1 -24.3 133 0 9.7 10.2 5.0 2.5 4 0 2 5 5
-6505.5 -8298.4 -24.3 42 0 9.9 9.7 5.0 2.5 2 0 2 2 2
-6494.4 -8292.8 -24.3 41 0 7.7 5.4 5.0 2.5 2 0 2 4 4
-6461.9 -8253.8 -24.3 41 0 9.8 15.6 7.5 2.5 2 1 3 0 0
-6389.7 -8221.2 -22.7 121 0 6.2 8.5 2.5 2.5 2 1 1 1 1
-6377.2 -8207.1 -22.0 127 0 7.9 9.5 7.5 2.5 2 1 3 1 1
-6441.8 -8197.1 -22.1 41 0 3.9 8.1 5.0 2.5 2 0 2 0 0
-6441.6 -8183.5 -22.0 220 0 5.5 6.2 7.5 2.5 2 1 3 4 4
-6415.1 -8168.2 -22.1 44 0 3.8 5.4 7.5 0.0 0 1 3 1 1
-6431.5 -8289.9 -24.1 130 0 8.5 6.6 7.5 2.5 4 0 3 2 2
-4152.4 -6240.3 -6.9 8 0 12.8 12.8 3.5 2.5 2 0 1 0 0
6570.1 -6044.0 -4.1 343 0 15.0 10.9 10.5 2.5 2 0 3 5 5
1791.0 4237.0 2.8 286 0 11.8 19.2 7.5 2.5 2 1 3 1 1
1750.2 4202.9 3.0 2 0 18.6 12.4 14.0 2.5 2 0 4 2 2
-4605.5 -8464.7 -7.5 282 0 11.1 10.1 3.5 3.5 2 0 1 1 1
-4569.3 -8404.4 -7.7 192 0 4.5 7.6 3.5 3.5 2 1 1 2 2
-4560.3 -8304.3 -8.9 188 0 5.1 15.2 3.5 3.5 2 1 1 0 0
-4720.9 -8493.1 -7.9 12 0 10.3 31.6 3.5 3.5 2 1 1 5 5
-4704.0 -8497.8 -6.9 192 0 9.2 9.2 7.0 3.5 4 0 2 1 1
-4702.2 -8404.0 -10.3 12 0 10.5 31.1 3.5 3.5 2 1 1 1 1
-4693.8 -8363.1 -10.3 12 0 13.4 31.5 3.5 3.5 2 1 1 4 4
-4711.6 -8448.5 -9.5 12 0 10.4 31.2 3.5 3.5 2 1 1 0 0
-4803.2 -8391.3 -10.8 102 0 10.7 14.7 3.5 3.5 2 1 1 0 0
-4507.3 -7994.8 -10.2 98 0 20.0 53.7 3.5 0.0 0 0 1 5 5
-5105.7 -8323.6 -12.3 347 0 12.0 13.6 7.0 0.0 0 1 2 2 2
-4798.3 -8430.1 -11.0 12 0 8.6 19.1 7.0 0.0 0 1 2 5 5
-4568.6 -8523.1 -7.1 188 0 11.5 10.1 3.5 3.5 2 0 1 4 4
-5070.1 -8339.2 -12.1 12 0 9.4 15.6 3.5 3.5 2 1 1 2 2
-4596.5 -8329.5 -9.3 12 0 8.2 9.1 3.5 3.5 2 1 1 2 2
-4692.6 -8476.0 -8.0 189 0 6.9 13.8 3.5 3.5 2 1 1 0 0
-5176.3 -7591.0 -13.4 94 0 4.7 9.2 2.5 2.5 2 1 1 5 5
-4621.4 -8345.7 -9.5 12 0 11.1 12.0 3.5 3.5 2 0 1 4 4
-5088.9 -8252.9 -11.8 25 0 6.7 17.6 3.5 3.5 2 1 1 2 2
-4582.4 -8380.7 -8.3 193 0 6.5 11.5 7.0 3.5 2 1 2 5 5
-4810.7 -8101.4 -10.9 11 0 10.0 4.6 3.5 3.5 2 0 1 1 1
-4588.4 -8291.8 -9.6 12 0 6.7 8.9 7.0 3.5 2 1 2 3 3
-4627.5 -8375.2 -8.9 11 0 4.1 11.9 3.5 3.5 2 1 1 4 4
-5092.4 -8268.8 -11.9 11 0 12.5 11.3 10.5 3.5 2 0 3 2 2
-5020.8 -8392.4 -11.9 283 0 8.3 10.5 3.5 0.0 0 1 1 2 2
-4707.8 -8541.3 -7.5 102 0 8.5 9.3 7.0 3.5 2 1 2 0 0
-4677.6 -8372.1 -9.4 191 0 8.7 7.6 7.0 3.5 2 0 2 5 5
-4580.8 -8373.6 -8.4 192 0 8.1 11.4 10.5 3.5 4 1 3 0 0
-4649.8 -8507.7 -6.4 102 0 6.1 11.5 7.0 0.0 0 0 2 2 2
-5069.5 -8191.1 -11.8 12 0 10.1 10.0 7.0 3.5 2 0 2 1 1
-4607.3 -8290.2 -10.0 9 0 11.6 20.4 3.5 3.5 2 0 1 5 5
-4608.4 -8391.4 -8.5 11 0 10.2 12.0 7.0 3.5 2 1 2 2 2
-4560.4 -8358.7 -8.3 190 0 4.9 7.9 3.5 0.0 0 1 1 1 1
-4586.6 -8399.8 -8.0 192 0 6.4 11.4 7.0 3.5 2 0 2 2 2
-4592.9 -8313.8 -9.4 13 0 10.1 10.1 7.0 0.0 0 0 2 0 0
-4602.0 -8362.3 -8.9 12 0 9.7 10.0 7.0 0.0 0 0 2 4 4
-4530.5 -8350.4 -8.2 12 0 11.1 9.8 3.5 3.5 4 0 1 5 5
-4655.7 -8024.8 -10.4 190 0 36.3 12.1 3.5 3.5 2 0 1 4 4
-4657.5 -8147.4 -9.7 12 0 8.6 9.1 7.0 3.5 2 1 2 0 0
-4572.4 -8439.9 -7.5 102 0 9.1 8.5 3.5 3.5 2 0 1 5 5
-4628.4 -8510.0 -6.2 103 0 5.7 14.4 7.0 3.5 2 0 2 5 5
-4591.0 -8304.9 -9.5 12 0 8.2 10.2 3.5 3.5 2 0 1 5 5
-5008.3 -8413.2 -11.7 102 0 7.1 13.5 3.5 3.5 2 1 1 3 3
-4664.5 -8103.5 -10.2 278 0 9.1 11.9 3.5 0.0 0 1 1 5 5
-4826.7 -8334.9 -10.8 193 0 7.5 18.5 3.5 0.0 0 1 1 2 2
-5259.8 -7946.2 -11.5 184 0 16.4 6.4 2.5 2.5 2 0 1 5 5
-4824.9 -8079.6 -11.0 280 0 7.4 13.9 3.5 3.5 2 1 1 5 5
-4730.1 -8537.6 -7.5 12 0 10.3 31.0 3.5 3.5 2 1 1 4 4
-4640.6 -8509.6 -6.3 103 0 5.5 14.0 7.0 3.5 2 0 2 4 4
-4833.0 -8268.8 -10.7 12 0 10.0 9.5 3.5 3.5 2 0 1 1 1
-4638.2 -8425.6 -8.8 100 0 9.2 12.7 7.0 3.5 2 1 2 3 3
-4828.8 -8506.3 -7.8 104 0 11.1 14.1 7.0 3.5 2 1 2 1 1
-4535.7 -8356.7 -8.0 11 0 3.2 5.6 10.5 3.5 2 0 3 2 2
-4605.3 -8517.0 -6.3 100 0 5.7 14.3 7.0 3.5 2 0 2 2 2
-4624.7 -8460.8 -7.8 282 0 9.7 12.1 7.0 3.5 2 1 2 1 1
-4665.0 -8295.9 -10.3 190 0 10.6 10.5 3.5 3.5 2 0 1 4 4
-4696.4 -8449.1 -8.9 192 0 9.2 9.3 7.0 3.5 2 1 2 5 5
-4646.5 -8456.2 -8.2 282 0 10.0 14.1 3.5 3.5 2 1 1 3 3
-4603.6 -8369.4 -8.7 12 0 9.9 10.0 7.0 3.5 2 0 2 1 1
-4669.5 -8451.4 -8.5 282 0 4.9 10.8 7.0 3.5 2 1 2 3 3
-4652.4 -8350.3 -9.4 191 0 6.5 8.0 3.5 0.0 0 1 1 1 1
-5028.1 -8376.4 -12.0 281 0 8.7 5.0 3.5 3.5 2 0 1 5 5
-4971.6 -8520.7 -7.2 196 0 4.5 9.0 3.5 0.0 0 0 1 5 5
-5215.2 -7942.9 -11.1 4 0 11.7 8.9 2.5 0.0 0 0 1 3 3
-4549.6 -8434.7 -7.2 98 0 8.3 9.9 3.5 3.5 2 0 1 2 2
-4843.9 -8319.1 -10.9 12 0 9.2 9.1 3.5 3.5 2 0 1 1 1
-5080.7 -8224.9 -12.0 13 0 3.9 20.1 7.0 3.5 2 0 2 3 3
-4605.8 -8296.4 -9.8 10 0 3.5 11.2 3.5 3.5 2 0 1 0 0
-4773.4 -8433.3 -10.1 191 0 13.4 9.7 7.0 3.5 2 0 2 3 3
-4574.2 -8343.4 -8.7 191 0 6.9 11.0 7.0 3.5 2 0 2 1 1
-4658.4 -8545.4 -7.8 102 0 6.0 12.0 7.0 3.5 4 0 2 3 3
-4812.8 -8282.3 -10.6 192 0 11.0 9.4 10.5 3.5 4 0 3 1 1
-4472.6 -7718.9 -9.3 278 0 10.6 11.7 7.0 3.5 2 1 2 1 1
-4972.7 -8524.4 -6.9 196 0 3.3 16.3 3.5 3.5 2 0 1 1 1
-4614.6 -8426.2 -8.4 12 0 8.8 9.2 7.0 3.5 2 1 2 4 4
-4572.9 -8337.0 -8.7 191 0 6.2 11.0 7.0 3.5 4 0 2 3 3
-4591.9 -8513.6 -6.5 11 0 11.8 6.1 7.0 3.5 2 0 2 5 5
-4687.6 -8404.8 -9.6 191 0 6.4 10.1 7.0 3.5 2 1 2 1 1
-4858.8 -8491.5 -8.2 194 0 8.7 15.3 7.0 0.0 0 1 2 5 5
-5142.2 -8222.4 -12.1 185 0 8.1 8.9 3.5 3.5 2 1 1 2 2
-4623.9 -8329.9 -9.5 14 0 3.9 6.3 3.5 3.5 2 0 1 0 0
-5235.9 -7960.8 -11.0 94 0 13.1 4.7 2.5 2.5 2 0 1 2 2
-4587.9 -8405.9 -7.9 192 0 6.2 11.4 7.0 3.5 2 0 2 1 1
-4861.2 -8288.6 -10.9 282 0 4.7 30.6 3.5 3.5 2 1 1 1 1
-4824.9 -8414.9 -11.1 282 0 14.3 11.7 3.5 0.0 0 0 1 3 3
-5076.7 -8320.0 -12.1 10 0 9.2 5.6 3.5 3.5 2 0 1 5 5
-4794.3 -8087.3 -10.8 11 0 8.8 9.6 3.5 0.0 0 1 1 4 4
-4618.2 -8372.8 -8.8 12 0 4.1 4.8 10.5 3.5 2 1 3 1 1
-4634.7 -8365.1 -9.1 12 0 9.3 3.2 10.5 3.5 2 0 3 0 0
-4521.7 -8355.3 -7.9 12 0 4.8 8.5 10.5 0.0 0 1 3 1 1
-4646.9 -8482.8 -7.4 102 0 3.9 3.6 10.5 3.5 2 0 3 0 0
-4637.2 -8475.0 -7.5 279 0 3.8 4.5 10.5 3.5 2 1 3 3 3
-4685.6 -8119.5 -10.1 102 0 5.2 5.3 10.5 3.5 2 1 3 1 1
-1730.0 3065.6 -2.4 281 0 50.1 49.2 5.0 0.0 0 0 2 3 3
-1857.7 2805.8 -2.8 100 0 80.1 46.8 5.0 0.0 0 0 2 5 5
