6171.3 8431.2 -30.4 271 0 7.8 21.6 2.5 2.5 2 1 1 1 1
6088.9 8404.9 -30.0 90 0 23.3 6.9 7.5 2.5 2 0 3 5 5
6925.0 7964.4 -30.5 4 0 21.1 9.8 2.5 2.5 2 0 1 0 0
6939.5 8033.7 -30.4 4 0 20.5 5.5 7.5 2.5 2 0 3 4 4
6242.9 8418.3 -30.6 6 0 14.6 6.9 7.5 2.5 2 0 3 5 5
6193.2 7938.1 -27.8 21 0 6.0 12.0 5.0 2.5 2 1 2 5 5
6100.5 8436.4 -31.0 3 0 6.9 19.0 2.5 2.5 2 1 1 2 2
6921.8 8118.1 -30.2 275 0 9.0 12.9 2.5 2.5 2 1 1 4 4
6042.1 8152.1 -29.1 3 0 20.8 8.9 2.5 0.0 0 0 1 5 5
6217.9 7944.9 -27.8 17 0 9.7 7.1 7.5 2.5 2 0 3 0 0
6050.5 8417.6 -30.7 93 0 9.8 14.2 5.0 2.5 4 1 2 5 5
6546.6 8101.8 -28.6 185 0 13.3 9.0 5.0 2.5 2 0 2 4 4
6022.8 8206.3 -29.2 3 0 19.2 8.0 7.5 2.5 2 0 3 0 0
6576.5 8119.1 -28.7 270 0 22.5 7.3 5.0 2.5 2 0 2 1 1
6900.5 8055.3 -30.2 181 0 10.9 14.1 5.0 2.5 2 1 2 4 4
6208.2 8409.1 -30.5 102 0 6.5 18.0 2.5 2.5 2 1 1 4 4
6188.2 8394.6 -30.4 90 0 19.9 11.1 5.0 2.5 2 0 2 4 4
6924.1 7951.5 -30.5 4 0 4.8 38.8 5.0 2.5 2 0 2 0 0
6004.4 8153.7 -29.2 181 0 6.1 9.4 2.5 2.5 2 1 1 4 4
6574.2 8084.8 -28.8 86 0 17.1 4.7 5.0 2.5 2 0 2 4 4
6951.7 8090.4 -30.3 3 0 7.6 21.9 7.5 2.5 2 1 3 1 1
6190.0 7972.7 -28.1 197 0 8.6 24.2 5.0 2.5 2 1 2 3 3
6901.6 7987.7 -30.4 273 0 30.4 6.6 5.0 2.5 2 0 2 4 4
6599.2 8121.3 -29.0 270 0 12.9 32.3 7.5 2.5 2 1 3 0 0
217.6 -2391.6 0.4 284 0 25.3 12.7 7.5 0.0 0 0 3 0 0
236.9 -2396.5 0.4 285 0 14.3 13.2 7.5 2.5 4 0 3 5 5
-658.3 1039.5 -9.2 265 0 9.3 22.1 2.5 2.5 2 1 1 4 4
-448.9 2655.5 -20.2 168 0 15.6 11.8 7.5 2.5 2 0 3 1 1
-3990.7 -8197.2 -1.5 200 0 19.0 15.2 10.0 2.5 2 0 4 0 0
6011.1 8191.9 -29.2 357 0 3.7 3.7 7.5 0.0 0 0 3 2 2
6010.7 8164.9 -29.2 176 0 3.3 5.2 7.5 2.5 2 1 3 1 1
4490.2 6011.9 -24.8 89 0 11.9 48.9 7.5 2.5 2 1 3 1 1
4468.9 5991.4 -26.2 262 0 42.5 9.4 7.5 2.5 2 0 3 5 5
3272.1 -7851.7 -1.1 197 0 10.9 9.5 7.5 2.5 4 0 3 4 4
3410.8 -7934.5 -2.2 90 0 10.2 10.2 10.0 2.5 2 1 4 3 3
3437.7 -7933.4 -2.0 95 0 6.5 13.3 5.0 2.5 2 1 2 0 0
3512.4 -7478.1 4.2 359 0 11.2 9.1 5.0 2.5 2 0 2 4 4
3455.8 -7466.6 4.6 358 0 30.1 12.1 7.5 2.5 2 0 3 4 4
3464.1 -7458.9 4.3 178 0 7.7 33.9 7.5 2.5 2 1 3 2 2
3649.9 -7749.4 3.4 263 0 17.3 13.8 5.0 0.0 0 0 2 3 3
3619.9 -7739.8 3.7 82 0 8.7 10.8 2.5 2.5 2 1 1 4 4
3672.2 -7692.0 2.5 269 0 7.3 21.5 7.5 2.5 2 1 3 0 0
3679.7 -7737.6 2.5 357 0 36.5 9.3 7.5 0.0 0 0 3 3 3
3645.6 -7711.4 3.1 266 0 25.1 10.2 10.0 2.5 2 0 4 0 0
3489.4 -8179.3 -7.8 163 0 12.3 7.6 5.0 2.5 2 0 2 2 2
3504.7 -8224.6 -8.8 73 0 8.3 11.5 5.0 2.5 2 1 2 3 3
3545.1 -8223.0 -8.6 349 0 6.3 11.4 7.5 2.5 2 1 3 1 1
3538.1 -8127.4 -6.4 175 0 20.9 9.3 7.5 0.0 0 0 3 3 3
3562.1 -8214.1 -8.2 76 0 10.7 22.8 7.5 2.5 4 1 3 0 0
3522.6 -8143.6 -6.9 255 0 18.3 8.2 5.0 2.5 2 0 2 4 4
3528.6 -8195.2 -8.0 75 0 20.3 8.2 2.5 2.5 2 0 1 2 2
3523.9 -8232.9 -9.1 255 0 20.3 8.2 7.5 2.5 4 0 3 3 3
4112.1 -8288.5 -3.3 180 0 11.5 9.1 7.5 2.5 2 0 3 2 2
4148.9 -8302.6 -4.1 86 0 13.3 9.7 2.5 2.5 2 0 1 0 0
4173.7 -8280.7 -4.7 352 0 24.9 9.7 5.0 2.5 4 0 2 0 0
4182.8 -5769.3 5.7 345 0 17.4 5.8 2.5 2.5 2 0 1 0 0
4149.9 -5763.4 5.8 174 0 4.8 18.8 7.5 2.5 2 1 3 4 4
4135.6 -5787.2 6.3 166 0 10.4 7.6 2.5 2.5 4 0 1 1 1
6884.8 7988.7 -30.3 274 0 3.4 6.6 7.5 2.5 2 0 3 2 2
6041.3 8139.1 -29.1 3 0 5.1 8.9 7.5 2.5 2 0 3 1 1
-2328.7 8088.8 -31.4 350 0 63.5 45.1 12.5 0.0 0 0 5 1 1
-2152.7 -7662.7 -6.0 14 0 14.3 10.1 5.0 2.5 2 0 2 2 2
-2198.2 -7674.9 -6.4 16 0 7.5 17.4 7.5 2.5 2 1 3 0 0
-2230.7 -7648.4 -6.9 197 0 27.3 9.8 7.5 2.5 4 0 3 1 1
3953.2 5093.0 -22.8 264 0 15.1 6.8 5.0 2.5 2 0 2 2 2
3942.0 5070.4 -22.7 172 0 16.8 7.1 5.0 2.5 2 0 2 3 3
3958.2 5045.9 -22.5 82 0 7.0 6.7 7.5 2.5 2 0 3 5 5
4409.1 5031.6 -26.1 352 0 5.3 12.2 7.5 2.5 2 1 3 1 1
4378.3 5024.6 -25.6 83 0 9.1 11.3 7.5 2.5 4 1 3 0 0
4452.2 4829.5 -23.9 166 0 9.3 8.6 5.0 2.5 2 0 2 4 4
4450.3 4862.6 -24.3 166 0 4.3 14.5 2.5 2.5 4 1 1 2 2
4437.7 4849.6 -23.8 77 0 8.0 9.4 2.5 2.5 2 1 1 1 1
4456.0 4845.3 -23.9 255 0 15.7 4.2 5.0 2.5 2 0 2 0 0
4453.7 4797.7 -23.7 164 0 9.6 11.4 5.0 2.5 2 1 2 5 5
4514.1 4670.8 -24.2 159 0 4.7 4.6 5.0 0.0 0 0 2 0 0
4506.7 4670.9 -24.0 341 0 6.8 13.3 7.5 0.0 0 0 3 2 2
4373.2 4841.9 -22.9 82 0 10.3 5.9 5.0 2.5 2 0 2 3 3
4369.5 4837.9 -22.8 352 0 6.7 5.1 2.5 2.5 2 0 1 0 0
4344.7 4670.9 -22.3 166 0 10.7 22.1 5.0 0.0 0 1 2 2 2
4466.3 4643.1 -23.5 76 0 13.2 14.1 2.5 2.5 2 1 1 1 1
4444.9 4656.4 -23.0 75 0 6.7 5.9 5.0 2.5 2 0 2 3 3
4440.1 4657.4 -22.9 342 0 6.4 15.7 7.5 2.5 2 1 3 2 2
4386.9 4764.3 -22.9 165 0 3.6 8.5 7.5 2.5 2 1 3 2 2
4412.7 4749.9 -23.1 348 0 5.3 20.9 7.5 2.5 2 0 3 3 3
4426.4 4795.0 -23.4 346 0 6.0 6.4 7.5 2.5 2 1 3 0 0
4430.0 4779.3 -23.4 347 0 11.3 12.2 5.0 2.5 2 1 2 0 0
4417.6 4813.9 -23.4 77 0 10.6 10.9 7.5 2.5 2 1 3 1 1
4398.0 4821.6 -23.0 352 0 5.5 19.1 7.5 2.5 2 1 3 1 1
4396.9 4885.2 -23.8 341 0 10.8 9.4 2.5 2.5 2 0 1 4 4
4484.3 4506.4 -24.5 248 0 9.6 16.1 7.5 2.5 2 0 3 4 4
4507.4 4515.6 -24.7 249 0 5.2 6.9 7.5 2.5 2 0 3 1 1
4459.1 4777.5 -23.7 163 0 8.4 10.6 7.5 2.5 2 1 3 3 3
4425.9 4926.3 -25.6 76 0 5.2 6.6 5.0 2.5 4 1 2 4 4
4420.1 4912.3 -24.7 254 0 8.2 8.7 7.5 2.5 2 1 3 4 4
4341.9 4874.7 -23.0 172 0 14.7 6.6 7.5 2.5 2 0 3 3 3
4389.0 4839.0 -23.1 82 0 7.1 5.1 2.5 2.5 2 0 1 0 0
4377.6 4837.4 -23.0 82 0 15.9 5.1 7.5 2.5 2 0 3 2 2
4366.8 4864.7 -23.2 80 0 16.2 6.0 7.5 2.5 2 0 3 0 0
4390.5 4862.2 -23.3 351 0 6.3 24.8 7.5 2.5 2 1 3 2 2
4346.1 4846.5 -22.8 172 0 17.3 10.2 10.0 2.5 2 0 4 3 3
4347.5 4806.6 -22.5 168 0 17.7 9.9 5.0 2.5 2 0 2 4 4
4372.8 4818.4 -22.7 352 0 5.3 8.3 2.5 2.5 2 1 1 3 3
4397.5 4801.7 -23.0 348 0 5.4 15.8 7.5 2.5 2 1 3 0 0
4395.0 4783.4 -23.1 259 0 12.3 5.7 7.5 0.0 0 0 3 3 3
4415.0 4766.0 -23.2 347 0 3.7 20.0 7.5 2.5 2 1 3 0 0
4443.1 4735.0 -23.3 347 0 11.8 9.3 5.0 2.5 2 0 2 3 3
4424.5 4743.1 -23.1 348 0 5.7 7.0 2.5 2.5 2 0 1 5 5
4417.0 4745.0 -23.1 348 0 6.8 15.5 7.5 2.5 2 0 3 1 1
4399.7 4708.5 -22.9 74 0 8.6 26.7 5.0 0.0 0 1 2 0 0
4401.1 4685.4 -22.7 348 0 25.5 11.2 7.5 2.5 2 0 3 2 2
4429.9 4706.6 -23.0 348 0 7.4 23.9 7.5 2.5 2 1 3 4 4
4435.7 4676.5 -22.9 256 0 3.3 3.5 7.5 2.5 2 0 3 4 4
4433.4 4678.7 -22.9 347 0 8.8 22.1 2.5 2.5 2 0 1 5 5
4448.0 4707.8 -23.2 254 0 9.1 12.9 5.0 2.5 2 1 2 0 0
4515.8 4662.8 -24.4 252 0 12.8 5.1 5.0 2.5 2 0 2 1 1
4505.6 4661.8 -24.1 341 0 9.8 9.4 2.5 2.5 2 0 1 4 4
4496.8 4511.4 -24.6 248 0 17.4 6.9 5.0 2.5 2 0 2 5 5
4465.0 4529.1 -24.1 249 0 8.2 29.1 5.0 2.5 2 1 2 1 1
4488.9 4538.3 -24.4 156 0 5.0 9.3 2.5 2.5 2 0 1 2 2
4474.8 4533.2 -24.2 156 0 7.0 15.0 5.0 2.5 2 0 2 4 4
4472.4 4620.5 -24.0 253 0 10.0 11.1 7.5 2.5 2 1 3 3 3
4461.3 4566.0 -23.7 338 0 4.8 6.6 2.5 2.5 2 1 1 3 3
4442.1 4591.3 -23.6 253 0 24.9 7.4 7.5 2.5 2 0 3 0 0
4425.9 4600.4 -23.0 343 0 25.3 11.4 10.0 2.5 2 0 4 5 5
4407.8 4636.2 -22.7 164 0 15.9 12.1 5.0 2.5 2 0 2 4 4
4449.4 4637.1 -23.2 344 0 5.1 20.0 7.5 2.5 2 1 3 1 1
4441.5 4619.0 -23.3 72 0 18.0 7.4 5.0 2.5 2 0 2 1 1
4555.4 4721.4 -25.3 255 0 6.6 13.0 7.5 2.5 2 1 3 2 2
4873.6 4532.6 -19.3 162 0 10.3 10.6 2.5 2.5 2 1 1 4 4
4904.2 4638.0 -19.0 154 0 13.1 9.5 2.5 2.5 2 0 1 1 1
4940.0 4556.1 -18.3 156 0 5.1 6.8 5.0 2.5 2 0 2 1 1
4946.9 4551.2 -18.2 66 0 7.4 4.8 7.5 2.5 2 0 3 4 4
5071.0 4605.3 -19.5 153 0 5.6 5.9 5.0 2.5 2 1 2 3 3
4529.8 5365.8 -28.8 70 0 10.2 14.4 10.0 0.0 0 1 4 4 4
4584.4 5370.7 -26.5 342 0 9.2 5.9 7.5 2.5 2 0 3 3 3
4591.0 5339.9 -26.3 71 0 8.0 8.5 2.5 2.5 2 1 1 0 0
4561.2 5288.8 -27.7 65 0 7.8 13.4 7.5 2.5 2 1 3 0 0
4518.1 5336.9 -28.6 165 0 9.4 7.2 7.5 2.5 2 0 3 3 3
4541.9 5338.1 -28.6 346 0 18.0 8.7 7.5 2.5 2 0 3 4 4
5190.4 4508.3 -19.8 243 0 10.1 10.3 2.5 2.5 4 1 1 2 2
5196.6 4603.0 -19.9 337 0 50.3 21.0 12.5 2.5 2 0 5 5 5
5156.5 4609.3 -19.7 337 0 19.7 20.9 7.5 2.5 4 0 3 1 1
5167.8 4583.4 -19.9 337 0 36.8 20.9 7.5 0.0 0 0 3 0 0
4820.9 5166.9 -20.4 246 0 5.8 16.2 5.0 2.5 2 1 2 0 0
4905.0 5114.3 -19.3 244 0 34.6 8.3 7.5 2.5 2 0 3 3 3
4828.8 5106.8 -20.0 63 0 8.4 5.9 7.5 2.5 2 0 3 2 2
4753.6 5045.5 -20.9 157 0 8.5 4.8 5.0 2.5 2 0 2 4 4
4767.8 5022.1 -21.1 160 0 9.5 13.4 5.0 2.5 4 1 2 2 2
4827.1 5001.0 -21.0 67 0 17.6 11.6 5.0 2.5 2 0 2 5 5
4793.1 5006.1 -21.1 69 0 20.9 9.1 5.0 2.5 2 0 2 3 3
4792.8 4984.6 -21.3 69 0 10.1 20.0 7.5 2.5 2 0 3 2 2
4827.5 4668.3 -20.9 249 0 22.1 11.3 5.0 2.5 2 0 2 5 5
4829.0 4704.9 -20.6 70 0 8.0 6.2 5.0 2.5 2 0 2 1 1
4874.2 4617.3 -20.1 335 0 14.1 12.0 5.0 2.5 2 0 2 4 4
4882.1 4606.1 -20.0 335 0 5.7 14.4 2.5 2.5 4 0 1 4 4
4891.8 4555.4 -19.1 246 0 11.9 6.3 5.0 2.5 2 0 2 2 2
4908.9 4559.5 -18.8 336 0 6.3 11.3 5.0 2.5 2 0 2 0 0
4989.9 4534.6 -18.0 334 0 10.1 18.9 5.0 2.5 2 1 2 1 1
4889.8 4584.0 -19.8 65 0 30.2 11.0 15.0 0.0 0 0 6 5 5
4863.5 4578.2 -20.3 66 0 19.9 12.2 5.0 2.5 2 0 2 4 4
4936.4 4599.1 -19.0 335 0 18.3 10.1 10.0 2.5 2 0 4 4 4
4842.8 4948.1 -21.1 64 0 6.6 7.1 7.5 2.5 2 1 3 0 0
4812.4 4960.0 -21.3 152 0 6.6 11.4 7.5 2.5 2 1 3 2 2
4799.0 4947.9 -21.5 64 0 18.6 7.5 7.5 2.5 2 0 3 0 0
4839.7 4989.4 -21.0 245 0 8.0 11.2 2.5 0.0 0 1 1 3 3
4851.5 4960.7 -21.0 63 0 10.4 8.1 5.0 2.5 2 0 2 5 5
4897.2 5004.2 -20.5 63 0 9.2 11.2 5.0 2.5 2 1 2 0 0
4950.3 5004.7 -20.1 63 0 8.9 12.3 2.5 2.5 2 1 1 1 1
4884.1 5051.9 -19.8 65 0 12.3 31.7 7.5 2.5 4 1 3 5 5
4765.8 5056.3 -20.8 154 0 5.3 10.6 5.0 2.5 2 1 2 4 4
4854.5 5048.7 -20.5 245 0 9.4 33.1 7.5 2.5 2 0 3 2 2
4843.5 5055.4 -20.1 244 0 12.6 12.0 5.0 2.5 2 0 2 3 3
4960.8 4823.5 -19.9 64 0 12.5 13.8 2.5 2.5 2 1 1 1 1
4878.2 4736.0 -19.9 66 0 9.1 10.5 5.0 2.5 2 1 2 4 4
4885.1 4752.3 -20.0 67 0 10.1 4.4 5.0 2.5 2 0 2 4 4
4961.5 4805.6 -19.8 334 0 8.2 10.4 7.5 2.5 2 1 3 2 2
5022.9 4767.2 -19.6 63 0 14.2 9.9 5.0 0.0 0 0 2 5 5
5009.3 4793.8 -19.6 244 0 19.0 6.3 5.0 2.5 2 0 2 2 2
5057.1 4809.5 -19.3 243 0 17.3 10.2 7.5 2.5 4 0 3 5 5
5048.1 4793.4 -19.4 63 0 13.3 10.2 5.0 2.5 2 0 2 2 2
4980.8 4752.5 -19.6 243 0 4.6 12.1 5.0 2.5 4 1 2 5 5
5008.1 4719.3 -19.1 334 0 13.4 36.6 7.5 2.5 2 1 3 3 3
4832.5 4450.2 -19.4 59 0 4.7 6.9 7.5 2.5 2 0 3 2 2
4821.7 4443.5 -19.6 58 0 20.8 6.8 7.5 0.0 0 0 3 1 1
4917.6 4621.0 -19.1 155 0 10.1 9.2 7.5 0.0 0 0 3 5 5
4936.7 4713.8 -19.4 64 0 14.9 10.0 10.0 2.5 2 0 4 2 2
4782.9 4696.8 -22.4 341 0 9.4 9.7 5.0 2.5 2 1 2 2 2
4759.1 4682.4 -23.0 71 0 10.8 11.5 5.0 2.5 2 1 2 1 1
4774.0 4493.7 -21.9 165 0 11.5 10.7 10.0 2.5 2 0 4 3 3
4893.4 4569.2 -19.1 243 0 3.5 3.3 5.0 2.5 2 0 2 4 4
4877.9 4514.8 -18.9 161 0 4.9 15.2 7.5 2.5 2 1 3 2 2
4744.4 4280.9 -22.9 159 0 6.3 3.3 2.5 2.5 2 0 1 0 0
4770.2 4301.6 -22.2 350 0 4.2 7.6 5.0 2.5 2 1 2 5 5
4812.0 4277.2 -21.9 62 0 7.6 10.2 2.5 2.5 2 1 1 1 1
4913.1 4304.1 -21.3 156 0 3.9 7.4 5.0 2.5 4 0 2 5 5
4913.0 4301.9 -21.4 246 0 9.4 11.2 5.0 2.5 2 0 2 0 0
4912.9 4317.1 -21.0 157 0 5.0 6.1 2.5 2.5 2 0 1 4 4
4908.5 4323.4 -21.0 156 0 10.0 9.2 7.5 2.5 2 0 3 3 3
4915.1 4347.3 -20.6 337 0 9.6 14.5 7.5 2.5 2 1 3 0 0
4872.5 4321.2 -21.0 66 0 9.0 11.0 2.5 2.5 2 1 1 0 0
4796.2 4316.0 -21.1 70 0 11.2 4.2 7.5 2.5 2 0 3 5 5
4884.3 4419.6 -18.2 344 0 21.0 11.9 5.0 2.5 2 0 2 1 1
4818.3 4384.2 -18.8 161 0 4.5 11.6 7.5 2.5 2 0 3 3 3
4832.9 4376.2 -19.2 351 0 6.2 11.0 5.0 2.5 4 0 2 4 4
4799.9 4369.9 -20.1 251 0 9.8 14.1 5.0 2.5 2 1 2 5 5
4862.9 4495.6 -19.6 348 0 7.6 17.1 7.5 2.5 4 1 3 5 5
4846.7 4559.4 -20.4 347 0 10.0 7.4 7.5 2.5 2 0 3 3 3
4794.3 4663.0 -22.1 253 0 6.0 11.1 7.5 2.5 2 1 3 3 3
4776.4 4652.8 -22.5 250 0 4.1 3.9 7.5 2.5 2 0 3 4 4
4753.0 4648.0 -23.0 251 0 10.0 10.5 7.5 2.5 2 1 3 0 0
4733.3 4637.1 -23.6 252 0 13.1 9.1 5.0 2.5 2 0 2 5 5
4706.7 4639.6 -24.2 254 0 6.3 11.2 7.5 2.5 2 0 3 5 5
4700.7 4637.8 -24.4 254 0 6.3 11.2 5.0 2.5 2 0 2 0 0
4687.2 4630.1 -25.1 255 0 13.8 10.7 7.5 2.5 4 0 3 4 4
4668.1 4629.5 -25.6 257 0 5.1 14.2 7.5 2.5 2 1 3 0 0
4833.6 4294.7 -21.7 334 0 17.8 6.7 5.0 2.5 2 0 2 5 5
4839.8 4404.3 -18.8 247 0 7.8 26.0 2.5 2.5 2 1 1 3 3
4868.8 4378.2 -19.0 66 0 20.5 7.0 5.0 2.5 2 0 2 5 5
4889.5 4527.2 -18.7 159 0 9.9 4.3 2.5 2.5 2 0 1 0 0
4906.7 4514.5 -18.3 72 0 6.0 12.9 5.0 2.5 2 1 2 2 2
4915.5 4566.8 -18.7 336 0 14.5 9.1 5.0 2.5 2 0 2 3 3
4939.9 4640.7 -19.0 334 0 5.1 7.7 7.5 2.5 2 0 3 4 4
4942.8 4634.7 -19.1 334 0 8.3 7.7 5.0 2.5 2 0 2 2 2
4890.5 4687.3 -19.2 65 0 9.8 13.8 5.0 2.5 2 1 2 3 3
4928.1 4729.5 -19.5 243 0 11.0 4.6 7.5 2.5 2 0 3 1 1
4914.7 4723.2 -19.5 244 0 4.5 16.0 2.5 2.5 2 0 1 5 5
4910.1 4721.0 -19.4 244 0 5.7 16.0 7.5 2.5 2 0 3 0 0
4921.3 4682.8 -18.9 244 0 6.4 8.8 5.0 2.5 2 0 2 0 0
4927.1 4685.5 -18.9 244 0 6.4 8.8 7.5 2.5 2 0 3 3 3
4959.6 4676.3 -18.9 62 0 35.2 6.2 7.5 0.0 0 0 3 2 2
4781.3 4715.6 -22.2 71 0 9.8 5.2 2.5 2.5 2 0 1 1 1
4740.2 4705.8 -23.2 250 0 5.4 5.7 7.5 2.5 2 1 3 3 3
4654.1 4622.0 -26.0 252 0 8.0 3.6 5.0 2.5 2 0 2 0 0
4682.9 4607.6 -25.4 79 0 4.4 5.8 5.0 2.5 2 1 2 1 1
4720.0 4603.5 -24.8 77 0 19.8 6.8 5.0 2.5 2 0 2 5 5
4748.1 4613.4 -23.6 71 0 5.9 9.8 5.0 2.5 4 0 2 0 0
4754.2 4614.2 -23.4 71 0 6.0 12.2 5.0 2.5 2 0 2 2 2
4827.1 4529.0 -20.6 344 0 4.6 7.6 5.0 2.5 2 0 2 5 5
4793.9 4432.5 -20.9 75 0 12.6 30.3 10.0 2.5 2 1 4 5 5
4830.1 4474.8 -20.0 76 0 20.6 6.3 7.5 2.5 2 0 3 2 2
4804.3 4466.8 -21.0 74 0 11.1 23.7 7.5 2.5 2 1 3 1 1
4829.8 4506.5 -20.8 345 0 5.9 22.7 7.5 2.5 2 0 3 0 0
4804.1 4544.0 -21.2 167 0 6.7 14.0 5.0 2.5 2 1 2 4 4
4842.5 4576.3 -20.6 69 0 7.1 5.3 7.5 2.5 2 0 3 5 5
4788.0 4597.9 -22.3 166 0 20.4 9.5 7.5 2.5 2 0 3 2 2
4804.9 4638.6 -21.8 252 0 10.2 6.2 2.5 2.5 2 0 1 5 5
4820.3 4644.5 -21.2 247 0 7.3 6.3 2.5 2.5 4 0 1 1 1
4806.8 4628.3 -21.8 250 0 12.2 7.0 5.0 2.5 2 0 2 1 1
4841.1 4624.5 -21.0 341 0 13.6 10.0 5.0 2.5 2 0 2 3 3
5003.0 4514.0 -17.2 247 0 5.6 4.8 7.5 2.5 2 0 3 2 2
5191.2 4300.4 -19.6 330 0 5.7 10.2 7.5 2.5 2 1 3 0 0
5177.5 4272.4 -19.6 63 0 9.6 11.7 5.0 2.5 2 1 2 2 2
5181.9 4186.3 -19.7 64 0 7.4 14.2 2.5 0.0 0 1 1 3 3
5290.8 4223.7 -19.6 242 0 3.3 7.7 5.0 0.0 0 0 2 5 5
5286.8 4221.5 -19.6 242 0 5.7 7.7 5.0 0.0 0 0 2 5 5
5099.2 4408.8 -19.6 333 0 6.8 5.6 7.5 0.0 0 0 3 4 4
5137.2 4467.5 -19.0 152 0 8.2 9.6 5.0 2.5 2 1 2 1 1
5122.1 4459.8 -18.8 332 0 9.1 10.2 5.0 2.5 2 1 2 0 0
5122.3 4413.0 -19.7 243 0 9.9 11.5 5.0 2.5 4 1 2 1 1
5196.4 4449.8 -19.6 244 0 8.8 8.9 7.5 2.5 2 1 3 5 5
5180.2 4444.7 -19.5 246 0 8.3 8.2 7.5 2.5 2 0 3 3 3
5178.9 4491.7 -19.7 243 0 10.2 7.8 2.5 2.5 2 0 1 0 0
5262.4 4462.7 -19.8 333 0 8.1 10.2 5.0 2.5 2 1 2 2 2
5209.1 4618.6 -19.8 157 0 72.5 26.3 12.5 0.0 0 0 5 4 4
5255.2 4612.1 -19.6 337 0 15.0 7.1 7.5 2.5 2 0 3 4 4
5266.7 4628.4 -19.4 336 0 9.3 8.6 5.0 2.5 2 0 2 3 3
5247.4 4662.3 -19.3 334 0 48.3 17.9 7.5 2.5 2 0 3 1 1
5273.1 4593.7 -20.0 337 0 12.6 6.1 5.0 2.5 2 0 2 4 4
5255.7 4487.7 -19.8 152 0 7.9 12.6 5.0 2.5 4 1 2 1 1
5283.0 4463.1 -19.8 64 0 7.5 9.2 2.5 2.5 2 1 1 5 5
5233.3 4442.3 -19.7 334 0 3.7 3.5 7.5 2.5 2 0 3 5 5
5222.1 4461.5 -19.6 336 0 8.2 9.0 5.0 2.5 2 1 2 4 4
5105.3 4404.2 -19.8 244 0 10.1 10.3 7.5 2.5 2 1 3 5 5
5161.5 4433.5 -19.5 246 0 10.2 8.3 5.0 2.5 2 0 2 5 5
5170.3 4402.4 -19.4 61 0 5.9 7.1 2.5 2.5 4 1 1 4 4
5189.5 4411.9 -19.5 64 0 7.7 7.0 7.5 2.5 2 0 3 4 4
5172.6 4466.5 -19.5 61 0 3.9 3.7 5.0 2.5 2 0 2 1 1
5164.8 4457.4 -19.5 65 0 6.7 4.8 2.5 2.5 2 0 1 0 0
5158.9 4482.2 -19.4 244 0 9.9 7.3 5.0 2.5 4 0 2 4 4
5143.1 4461.9 -19.1 150 0 4.1 6.9 7.5 2.5 4 1 3 1 1
5129.0 4444.5 -19.2 333 0 8.4 7.4 5.0 2.5 2 0 2 5 5
4848.7 4837.5 -21.0 65 0 8.4 4.3 2.5 2.5 2 0 1 0 0
4901.1 3950.2 -21.3 149 0 5.1 15.0 5.0 2.5 2 1 2 1 1
4895.9 4765.5 -20.1 335 0 4.9 11.9 7.5 2.5 2 1 3 2 2
4828.6 4904.6 -21.6 244 0 14.5 3.6 7.5 2.5 4 0 3 4 4
4863.1 4835.5 -20.8 245 0 5.1 12.4 7.5 2.5 2 1 3 1 1
4868.7 4821.8 -20.6 245 0 20.0 5.4 2.5 2.5 2 0 1 4 4
4846.3 4791.0 -20.5 154 0 8.1 7.8 2.5 2.5 2 0 1 5 5
4841.9 4803.8 -20.7 153 0 8.4 8.1 5.0 2.5 2 0 2 2 2
4828.9 4867.2 -21.5 159 0 9.1 8.9 5.0 2.5 2 0 2 1 1
4837.2 4831.9 -21.2 64 0 8.7 10.1 5.0 2.5 2 1 2 5 5
4905.5 4855.8 -20.6 241 0 10.4 10.2 7.5 2.5 2 0 3 0 0
4983.0 4923.9 -19.9 245 0 4.2 3.6 5.0 0.0 0 0 2 5 5
4947.8 4944.9 -20.2 61 0 7.3 3.4 5.0 2.5 2 0 2 5 5
4880.6 4945.7 -20.8 247 0 4.3 7.2 5.0 2.5 2 1 2 4 4
4850.0 4936.4 -21.0 244 0 9.3 9.7 5.0 2.5 2 1 2 4 4
4684.0 4995.0 -23.2 155 0 6.7 21.2 5.0 0.0 0 0 2 2 2
4700.4 4965.1 -23.0 156 0 6.9 14.7 5.0 0.0 0 1 2 5 5
4682.8 4974.6 -23.5 155 0 15.9 7.3 5.0 2.5 2 0 2 4 4
4757.0 4793.5 -22.8 63 0 15.8 4.4 5.0 2.5 2 0 2 3 3
4763.7 4809.5 -22.5 66 0 7.7 6.9 5.0 2.5 2 0 2 0 0
4750.9 4803.8 -23.0 66 0 20.2 6.9 2.5 2.5 2 0 1 3 3
4804.9 4808.0 -21.5 336 0 4.3 8.8 7.5 0.0 0 1 3 5 5
4810.4 4768.4 -21.8 337 0 7.1 21.8 7.5 2.5 2 1 3 5 5
4825.6 4757.4 -21.0 340 0 11.9 9.9 2.5 2.5 2 0 1 5 5
4703.8 4826.0 -24.0 245 0 4.9 9.6 7.5 2.5 2 0 3 0 0
4691.9 4829.2 -24.3 245 0 14.1 21.9 7.5 2.5 2 0 3 2 2
4720.1 4861.3 -23.5 157 0 16.6 9.8 2.5 2.5 2 0 1 3 3
4766.8 4859.8 -22.7 244 0 9.4 13.6 5.0 2.5 2 1 2 3 3
4767.9 4878.2 -22.7 66 0 8.3 8.1 2.5 2.5 2 0 1 2 2
4734.4 4883.4 -23.0 156 0 8.5 16.0 5.0 2.5 4 1 2 0 0
4750.1 4860.3 -23.2 65 0 18.2 6.3 5.0 2.5 2 0 2 5 5
4755.6 4834.3 -22.8 244 0 13.2 5.3 7.5 2.5 2 0 3 4 4
4679.0 5451.3 -23.4 244 0 5.6 6.0 7.5 2.5 4 1 3 3 3
4675.6 5418.3 -23.4 166 0 27.2 16.1 7.5 2.5 2 0 3 3 3
4874.6 4225.2 -21.8 342 0 14.2 7.1 7.5 2.5 2 0 3 2 2
4857.6 4202.4 -21.6 163 0 6.1 13.3 5.0 2.5 2 1 2 4 4
4841.1 4205.5 -21.8 158 0 11.6 9.2 7.5 0.0 0 0 3 0 0
4982.7 4472.2 -16.9 153 0 6.8 4.4 5.0 2.5 2 0 2 5 5
5024.0 4501.3 -17.4 245 0 17.8 5.4 7.5 2.5 2 0 3 1 1
5012.5 4478.3 -17.2 245 0 8.5 5.3 5.0 2.5 4 0 2 0 0
4998.3 4486.2 -17.1 242 0 7.8 8.9 5.0 2.5 2 1 2 2 2
4995.0 4463.6 -17.2 153 0 10.0 9.6 7.5 2.5 2 0 3 3 3
5048.6 4351.2 -20.2 151 0 8.7 7.3 7.5 0.0 0 0 3 4 4
5065.2 4372.2 -20.0 152 0 5.0 18.2 7.5 2.5 2 1 3 3 3
5048.0 4392.4 -18.9 155 0 3.3 10.0 5.0 2.5 2 1 2 2 2
5029.6 4378.3 -19.1 153 0 11.1 7.8 5.0 2.5 2 0 2 0 0
5027.8 4391.0 -18.5 152 0 7.9 11.6 7.5 2.5 2 1 3 3 3
5023.6 4421.2 -17.9 244 0 8.4 9.9 7.5 0.0 0 1 3 1 1
5052.7 4438.2 -18.2 244 0 19.2 9.9 7.5 2.5 2 0 3 2 2
5109.1 4326.9 -19.8 154 0 9.7 7.9 7.5 0.0 0 0 3 0 0
5156.1 4354.6 -19.5 333 0 15.0 6.9 7.5 2.5 4 0 3 4 4
5153.2 4327.2 -19.6 334 0 6.5 9.6 7.5 2.5 2 1 3 0 0
5129.3 4307.9 -19.6 153 0 9.8 10.7 7.5 2.5 2 1 3 5 5
5055.0 4251.4 -20.3 246 0 11.1 14.0 10.0 2.5 2 1 4 1 1
4965.2 4266.0 -21.0 153 0 9.8 19.6 7.5 0.0 0 1 3 5 5
4910.4 4167.4 -21.0 336 0 20.0 7.9 5.0 0.0 0 0 2 3 3
4887.1 4141.5 -21.8 67 0 29.7 5.9 5.0 2.5 4 0 2 0 0
4837.4 4161.5 -21.9 335 0 3.9 12.2 5.0 2.5 2 1 2 1 1
4813.6 4155.6 -22.1 153 0 5.0 11.9 5.0 2.5 2 1 2 1 1
4821.3 4146.5 -22.2 154 0 13.1 5.9 5.0 0.0 0 0 2 1 1
4856.8 4162.3 -21.5 157 0 13.1 9.3 2.5 2.5 2 0 1 2 2
4854.1 4134.5 -22.3 336 0 11.7 9.1 7.5 2.5 2 0 3 2 2
4839.8 4068.7 -23.2 155 0 4.7 15.0 5.0 2.5 2 1 2 0 0
4832.5 4061.3 -23.5 64 0 6.5 3.6 5.0 2.5 2 0 2 5 5
4927.2 4111.2 -21.5 334 0 4.9 14.4 7.5 2.5 4 1 3 5 5
4903.1 4088.0 -21.9 152 0 5.8 10.0 5.0 2.5 2 1 2 0 0
4905.2 4061.4 -21.9 157 0 9.7 5.1 7.5 2.5 2 0 3 0 0
4993.1 4079.1 -20.4 332 0 12.0 14.3 2.5 2.5 2 1 1 3 3
4984.4 4030.4 -20.3 332 0 6.2 10.9 5.0 2.5 2 0 2 3 3
4975.9 4046.2 -20.8 332 0 29.7 10.9 10.0 2.5 2 0 4 0 0
4928.2 4000.5 -21.0 152 0 5.7 8.6 7.5 2.5 2 0 3 4 4
4935.8 4004.5 -20.9 152 0 5.7 24.2 5.0 2.5 2 0 2 5 5
4963.9 3949.7 -20.7 152 0 6.0 26.7 2.5 2.5 2 0 1 2 2
5005.6 3914.0 -20.8 61 0 6.1 11.0 7.5 2.5 2 1 3 2 2
4892.4 3977.2 -21.5 153 0 6.2 4.0 5.0 2.5 2 0 2 1 1
4897.5 3991.5 -21.6 244 0 9.2 4.9 2.5 2.5 2 0 1 0 0
4902.9 3960.9 -21.1 150 0 4.3 5.8 7.5 2.5 2 1 3 3 3
4930.4 3888.8 -22.8 148 0 6.1 5.0 7.5 2.5 2 0 3 1 1
4930.2 3907.5 -22.1 152 0 5.3 16.2 7.5 2.5 2 0 3 2 2
4919.1 3906.9 -22.5 152 0 14.7 10.1 7.5 2.5 2 0 3 0 0
4990.6 3980.9 -20.2 332 0 25.4 11.6 7.5 2.5 2 0 3 2 2
5040.4 3873.5 -21.4 245 0 21.6 5.5 2.5 2.5 2 0 1 4 4
5019.2 3838.1 -22.7 150 0 10.2 7.2 5.0 2.5 2 0 2 1 1
5057.7 3990.6 -19.6 244 0 7.5 9.2 2.5 2.5 2 1 1 0 0
4962.9 4877.2 -20.4 63 0 5.2 10.6 2.5 2.5 2 1 1 4 4
5136.5 4763.2 -19.0 157 0 10.7 3.8 5.0 2.5 2 0 2 4 4
5119.3 4771.3 -19.2 337 0 15.9 7.2 2.5 2.5 2 0 1 3 3
5000.1 4967.4 -19.8 333 0 5.0 6.1 5.0 2.5 4 1 2 0 0
5009.7 4941.3 -19.7 64 0 6.0 8.9 5.0 2.5 2 1 2 5 5
5055.1 4967.1 -19.4 336 0 9.1 17.3 7.5 2.5 2 1 3 3 3
5093.7 4927.7 -19.1 336 0 4.4 5.8 7.5 0.0 0 1 3 4 4
5068.6 4915.2 -19.4 338 0 16.1 8.8 7.5 2.5 2 0 3 0 0
5193.2 5028.0 -18.8 301 0 10.5 16.9 5.0 2.5 4 1 2 0 0
5256.0 5089.9 -18.4 123 0 18.0 6.8 2.5 2.5 2 0 1 0 0
5236.2 5133.0 -18.0 303 0 6.1 25.7 7.5 2.5 2 1 3 0 0
5132.8 5073.2 -17.8 66 0 9.3 4.9 5.0 2.5 2 0 2 3 3
5124.8 5106.6 -17.6 244 0 18.7 8.4 7.5 2.5 2 0 3 2 2
5116.1 5065.9 -17.9 68 0 8.5 19.1 5.0 2.5 2 1 2 5 5
5106.1 5042.2 -19.3 248 0 48.9 18.5 7.5 2.5 2 0 3 0 0
5228.1 4877.0 -18.6 244 0 5.1 6.5 2.5 2.5 2 0 1 1 1
5142.9 4850.6 -18.7 249 0 7.7 6.4 5.0 2.5 2 0 2 0 0
5146.2 4830.8 -18.8 155 0 3.4 14.6 7.5 2.5 2 1 3 3 3
5188.0 4894.8 -18.4 244 0 12.7 6.8 7.5 2.5 2 0 3 0 0
5241.7 4941.8 -19.1 153 0 7.8 9.8 7.5 2.5 2 1 3 2 2
5252.1 4902.2 -18.8 154 0 11.6 10.0 2.5 2.5 4 0 1 4 4
5296.2 4851.4 -19.0 63 0 8.4 4.8 5.0 2.5 2 0 2 5 5
5263.6 4837.1 -18.8 62 0 8.6 7.7 5.0 2.5 2 0 2 3 3
5290.6 5043.2 -19.0 310 0 9.4 17.2 5.0 2.5 2 1 2 0 0
5298.9 4894.2 -19.0 333 0 11.7 10.0 5.0 2.5 2 0 2 0 0
5192.2 4889.3 -18.5 244 0 12.7 13.8 7.5 2.5 2 0 3 5 5
5198.4 4801.5 -18.7 63 0 25.7 12.6 7.5 2.5 4 0 3 0 0
5136.0 4928.5 -18.9 339 0 35.7 24.4 10.0 0.0 0 0 4 4 4
5084.5 4958.2 -19.3 339 0 12.7 24.7 7.5 2.5 2 1 3 0 0
5017.3 4295.7 -20.6 65 0 8.4 8.5 5.0 2.5 2 1 2 2 2
5009.6 4344.7 -20.6 329 0 9.1 8.7 7.5 2.5 2 0 3 3 3
4981.8 4342.0 -20.5 152 0 4.6 9.8 2.5 2.5 2 1 1 3 3
4955.7 4390.9 -18.2 157 0 10.5 21.2 7.5 2.5 2 1 3 0 0
5017.1 4452.1 -17.4 62 0 10.1 9.2 2.5 2.5 2 0 1 4 4
4808.4 4736.9 -21.4 63 0 8.9 6.6 7.5 2.5 2 0 3 3 3
4881.7 4848.7 -20.7 244 0 4.8 4.9 7.5 2.5 4 1 3 1 1
4881.7 4795.5 -20.2 64 0 5.9 6.7 5.0 2.5 2 0 2 4 4
4886.4 4797.8 -20.2 64 0 4.6 6.7 2.5 2.5 2 0 1 5 5
4861.2 4795.7 -20.4 154 0 3.5 9.8 7.5 2.5 2 0 3 4 4
4862.9 4792.3 -20.3 154 0 4.2 11.7 2.5 2.5 2 0 1 0 0
4856.6 4776.9 -20.3 156 0 6.7 10.3 7.5 2.5 2 1 3 3 3
4672.9 4796.9 -24.7 71 0 18.5 21.0 10.0 2.5 2 0 4 3 3
4615.8 4929.2 -26.4 346 0 4.2 5.5 7.5 0.0 0 1 3 3 3
4624.2 5287.6 -24.0 248 0 8.9 12.0 7.5 0.0 0 1 3 3 3
4632.6 5269.9 -24.0 335 0 4.0 9.4 7.5 2.5 4 1 3 4 4
4608.6 5248.7 -24.7 154 0 4.8 15.6 5.0 2.5 2 1 2 4 4
4639.3 5253.7 -24.2 338 0 8.7 8.6 7.5 0.0 0 0 3 0 0
4669.7 5122.9 -23.4 64 0 9.9 12.1 5.0 2.5 2 1 2 2 2
4677.1 5152.4 -23.4 336 0 11.6 10.4 5.0 2.5 2 0 2 5 5
4661.5 5202.2 -24.2 336 0 9.1 16.2 5.0 0.0 0 1 2 5 5
4632.9 5174.7 -24.6 157 0 4.9 9.4 2.5 2.5 2 1 1 0 0
4602.1 5278.4 -25.2 245 0 6.5 12.3 5.0 2.5 4 1 2 3 3
4613.1 5262.2 -24.5 158 0 4.9 9.2 5.0 2.5 2 1 2 4 4
4616.8 5202.4 -25.2 244 0 4.8 6.4 2.5 2.5 2 0 1 2 2
4633.8 5207.1 -24.6 154 0 6.4 8.0 2.5 2.5 2 0 1 4 4
4620.3 5200.6 -25.1 154 0 6.4 15.0 7.5 2.5 2 0 3 1 1
4608.4 5177.1 -25.6 155 0 24.8 11.4 10.0 2.5 4 0 4 0 0
4825.3 4921.2 -21.3 244 0 14.3 6.4 5.0 2.5 2 0 2 0 0
4814.1 4881.6 -21.8 153 0 12.1 8.9 2.5 2.5 2 0 1 0 0
4695.2 5020.1 -22.6 247 0 10.3 6.9 5.0 2.5 2 0 2 4 4
4681.2 5001.0 -23.2 155 0 6.6 21.2 5.0 0.0 0 0 2 5 5
4702.3 5023.1 -22.2 247 0 6.9 10.8 5.0 2.5 2 0 2 0 0
4713.4 5013.3 -22.1 337 0 5.0 9.1 5.0 2.5 2 0 2 4 4
4724.9 4939.1 -22.7 156 0 5.7 7.3 2.5 2.5 2 0 1 1 1
4712.4 4933.6 -23.0 156 0 5.7 13.7 7.5 2.5 2 0 3 4 4
4728.6 4903.2 -23.0 154 0 9.2 6.9 5.0 2.5 2 0 2 1 1
4723.0 4916.6 -23.0 156 0 3.7 9.8 5.0 2.5 2 1 2 5 5
4761.9 4912.5 -22.5 335 0 5.3 14.4 5.0 2.5 2 1 2 4 4
4784.5 4833.7 -22.2 336 0 10.1 9.0 5.0 2.5 2 0 2 2 2
4790.9 4820.0 -22.0 334 0 8.9 11.3 7.5 2.5 2 1 3 2 2
5496.3 5347.8 -19.5 245 0 6.3 15.9 5.0 2.5 2 1 2 3 3
5538.3 5367.6 -19.7 334 0 12.5 9.6 7.5 2.5 2 0 3 3 3
5512.9 5382.3 -20.1 63 0 9.1 10.7 5.0 2.5 2 1 2 5 5
5523.2 5411.8 -20.4 243 0 12.8 5.9 2.5 2.5 2 0 1 4 4
5504.6 5323.4 -19.2 62 0 10.4 5.1 7.5 2.5 2 0 3 3 3
5543.2 5348.0 -19.4 334 0 6.9 6.1 7.5 2.5 2 0 3 1 1
5672.5 4944.8 -20.5 245 0 9.2 14.5 7.5 2.5 2 1 3 1 1
5538.8 5285.0 -19.5 152 0 12.0 9.1 7.5 2.5 2 0 3 1 1
5542.4 5317.2 -19.5 153 0 5.0 24.6 7.5 2.5 2 1 3 0 0
4955.1 4533.4 -18.0 156 0 5.2 9.9 7.5 2.5 2 1 3 0 0
4971.2 4551.0 -18.2 245 0 5.5 4.3 7.5 2.5 2 0 3 1 1
4582.8 4158.8 -22.6 39 0 8.1 11.7 7.5 2.5 2 1 3 2 2
4560.9 4187.4 -22.7 217 0 13.8 9.1 5.0 2.5 2 0 2 4 4
4636.6 4105.3 -22.3 57 0 10.6 25.8 7.5 2.5 2 1 3 3 3
4583.7 4114.2 -22.1 231 0 9.4 11.1 5.0 2.5 2 1 2 4 4
4607.2 4136.8 -22.4 218 0 7.8 9.2 5.0 2.5 2 1 2 5 5
4647.2 4185.6 -23.0 222 0 12.6 10.7 7.5 2.5 4 0 3 2 2
4634.6 4168.8 -22.8 221 0 8.3 7.5 5.0 2.5 2 0 2 2 2
4611.3 4193.1 -22.9 41 0 12.0 9.6 5.0 2.5 2 0 2 4 4
4679.1 4181.3 -23.0 313 0 5.7 12.6 5.0 0.0 0 1 2 4 4
4617.9 4155.2 -22.6 232 0 11.0 9.6 7.5 2.5 2 0 3 1 1
4577.4 4206.5 -22.9 218 0 5.8 17.5 2.5 2.5 4 1 1 1 1
4531.3 4168.9 -22.5 217 0 31.9 10.0 7.5 2.5 2 0 3 3 3
4559.2 4126.3 -22.2 38 0 6.6 20.9 2.5 2.5 2 1 1 2 2
5427.2 5243.8 -18.9 333 0 14.2 6.5 5.0 2.5 2 0 2 4 4
5578.8 3819.5 -21.7 62 0 22.3 6.0 2.5 2.5 4 0 1 2 2
5545.2 3837.6 -21.7 244 0 10.1 22.9 5.0 2.5 4 1 2 2 2
5595.6 3851.2 -21.4 330 0 11.6 8.6 7.5 2.5 4 0 3 2 2
5555.7 3944.2 -19.5 319 0 10.1 6.9 5.0 0.0 0 0 2 0 0
5542.8 3921.9 -19.9 52 0 7.8 4.1 7.5 2.5 2 0 3 4 4
4980.3 4903.8 -20.2 64 0 4.4 5.2 7.5 2.5 2 1 3 4 4
4977.2 4905.2 -20.3 334 0 5.2 8.3 2.5 2.5 2 0 1 5 5
4969.7 4901.6 -20.4 334 0 5.2 13.1 5.0 2.5 2 0 2 5 5
4935.6 4884.9 -20.6 154 0 5.2 24.9 7.5 2.5 2 0 3 1 1
4894.9 4892.6 -21.1 333 0 10.3 10.7 2.5 0.0 0 1 1 0 0
4977.7 4939.8 -19.9 153 0 11.6 11.8 5.0 2.5 2 1 2 1 1
4924.7 4934.5 -20.4 67 0 8.2 11.8 7.5 2.5 2 1 3 4 4
4834.3 5287.7 -20.9 154 0 8.0 11.1 5.0 2.5 2 1 2 4 4
4825.3 5295.5 -21.1 63 0 3.1 4.8 7.5 2.5 2 1 3 0 0
5452.7 4102.4 -19.8 242 0 26.5 15.8 10.0 2.5 2 0 4 3 3
5324.3 4179.1 -19.4 332 0 4.5 8.9 7.5 2.5 2 1 3 2 2
5079.2 4444.6 -18.6 242 0 11.8 11.1 7.5 2.5 2 0 3 1 1
5078.9 4406.5 -19.1 334 0 4.6 5.2 7.5 2.5 2 1 3 1 1
5067.5 4408.2 -18.8 330 0 4.6 8.0 7.5 2.5 2 1 3 5 5
5077.4 4390.0 -19.7 333 0 3.7 12.8 7.5 2.5 2 0 3 1 1
5130.5 4361.3 -19.9 335 0 5.0 22.6 5.0 2.5 2 1 2 0 0
5084.1 4338.7 -20.0 154 0 14.3 10.5 5.0 2.5 2 0 2 2 2
5107.2 4227.8 -20.0 151 0 6.6 10.1 7.5 2.5 2 0 3 1 1
5098.5 4223.0 -20.1 151 0 6.6 9.9 5.0 0.0 0 0 2 5 5
5108.9 4246.9 -19.9 335 0 10.9 7.3 2.5 2.5 2 0 1 3 3
5077.2 4226.1 -20.3 65 0 60.5 10.9 15.0 0.0 0 0 6 5 5
5007.5 4197.1 -20.5 155 0 12.3 45.2 7.5 0.0 0 0 3 5 5
4999.7 4199.8 -20.8 65 0 11.9 30.7 12.5 2.5 2 0 5 3 3
4979.5 4195.5 -20.6 155 0 9.2 14.1 7.5 2.5 2 0 3 4 4
4995.4 4192.3 -20.5 65 0 26.0 5.0 7.5 2.5 2 0 3 5 5
5136.4 4217.2 -20.0 63 0 8.7 10.7 5.0 2.5 2 1 2 2 2
4650.8 4299.6 -22.6 325 0 8.9 14.8 2.5 2.5 2 1 1 4 4
4633.1 4275.3 -22.7 231 0 5.8 12.7 7.5 2.5 2 1 3 4 4
4665.5 4256.0 -23.1 48 0 4.9 7.0 5.0 2.5 2 1 2 2 2
5001.3 3937.5 -20.7 61 0 8.6 16.5 5.0 2.5 2 1 2 4 4
4969.8 3920.8 -21.3 150 0 20.1 9.9 2.5 2.5 2 0 1 2 2
4958.5 3893.0 -22.1 59 0 8.5 7.0 7.5 2.5 2 0 3 3 3
4956.6 3904.2 -22.0 329 0 7.1 8.5 5.0 2.5 2 0 2 2 2
4921.8 3982.0 -21.1 337 0 9.1 7.9 5.0 2.5 2 0 2 1 1
4888.5 4105.8 -22.1 243 0 7.1 12.5 5.0 2.5 2 1 2 0 0
4875.5 4059.8 -22.7 64 0 8.2 10.0 5.0 2.5 2 1 2 3 3
4793.3 4244.2 -22.5 64 0 8.5 8.9 5.0 2.5 2 0 2 0 0
4768.5 4255.5 -22.6 152 0 3.1 5.8 5.0 2.5 2 1 2 3 3
4768.9 4246.9 -22.8 156 0 8.0 4.3 5.0 0.0 0 0 2 1 1
4791.5 4257.7 -22.4 334 0 8.0 8.5 7.5 2.5 2 0 3 0 0
4786.3 4268.4 -22.3 336 0 9.3 10.1 7.5 2.5 2 1 3 5 5
-150.6 425.9 -5.9 181 0 14.2 9.7 7.5 2.5 2 0 3 1 1
-126.0 401.3 -6.3 91 0 18.8 7.0 7.5 2.5 2 0 3 5 5
-106.3 403.1 -6.0 91 0 17.1 6.2 2.5 2.5 4 0 1 1 1
-91.7 424.7 -5.6 360 0 22.7 7.1 7.5 2.5 2 0 3 3 3
-103.0 441.9 -4.9 1 0 6.3 18.4 7.5 2.5 2 1 3 4 4
-92.1 456.0 -4.9 0 0 12.8 29.8 10.0 2.5 2 1 4 1 1
-14.5 510.4 -6.3 88 0 4.4 5.9 5.0 2.5 2 1 2 1 1
1.1 509.1 -6.5 88 0 14.0 8.3 5.0 2.5 2 0 2 3 3
16.6 539.6 -6.9 355 0 17.3 6.6 7.5 2.5 2 0 3 5 5
-39.3 523.2 -6.6 175 0 11.9 9.3 2.5 2.5 2 0 1 2 2
-22.0 544.2 -6.9 265 0 8.8 11.9 5.0 2.5 2 1 2 5 5
-127.5 268.4 -5.7 270 0 8.3 11.2 5.0 2.5 2 1 2 3 3
-112.2 284.4 -6.0 180 0 9.3 19.3 7.5 2.5 2 1 3 1 1
-96.3 183.5 -4.3 178 0 12.9 18.4 5.0 2.5 2 1 2 3 3
-66.9 213.6 -5.0 269 0 7.7 19.3 5.0 2.5 2 1 2 1 1
-75.7 216.7 -5.1 354 0 6.2 28.0 7.5 2.5 2 1 3 0 0
-125.0 192.3 -4.7 90 0 8.6 12.1 5.0 2.5 4 1 2 2 2
-117.6 172.7 -3.7 89 0 37.8 8.5 7.5 2.5 2 0 3 0 0
-76.1 76.6 -1.4 3 0 7.0 13.2 2.5 0.0 0 1 1 0 0
-74.0 59.8 -1.7 9 0 6.8 4.5 2.5 0.0 0 0 1 2 2
-77.2 42.7 -2.2 3 0 7.6 14.9 2.5 2.5 2 1 1 0 0
-117.8 59.5 -2.0 179 0 10.0 8.0 2.5 2.5 2 0 1 4 4
-172.2 -126.5 -1.3 90 0 4.1 6.9 2.5 2.5 2 1 1 0 0
-187.2 -109.4 -1.4 182 0 3.5 3.5 2.5 2.5 4 0 1 1 1
-191.7 -103.8 -1.4 272 0 9.5 11.2 2.5 2.5 2 0 1 2 2
-140.5 -107.7 -1.4 0 0 17.3 7.6 5.0 2.5 2 0 2 3 3
-174.5 -90.4 -1.6 272 0 19.2 5.4 5.0 2.5 2 0 2 1 1
-174.7 -221.2 1.3 274 0 8.9 3.9 5.0 2.5 2 0 2 5 5
-189.2 -229.6 1.0 93 0 12.4 7.2 7.5 2.5 2 0 3 4 4
-168.8 -191.8 1.0 272 0 13.3 4.8 7.5 2.5 4 0 3 2 2
-149.9 -211.1 1.6 2 0 18.2 6.2 5.0 2.5 2 0 2 0 0
1319.2 1150.4 -1.1 164 0 7.6 10.0 7.5 2.5 2 0 3 0 0
1341.5 1113.6 -1.0 70 0 14.8 8.8 7.5 2.5 4 0 3 1 1
1404.9 1131.9 -1.7 245 0 22.0 7.2 7.5 2.5 2 0 3 1 1
1388.6 1106.1 -1.3 253 0 11.4 12.9 2.5 2.5 2 1 1 2 2
1450.4 1128.8 -2.0 344 0 33.5 11.0 10.0 2.5 4 0 4 1 1
1442.8 1094.1 -1.8 343 0 7.9 29.0 7.5 0.0 0 1 3 1 1
1250.7 1293.2 -1.4 173 0 4.2 17.0 7.5 2.5 2 1 3 2 2
1244.0 1289.5 -1.7 353 0 10.2 26.0 10.0 2.5 2 1 4 5 5
1266.9 1248.4 -1.1 327 0 7.9 20.3 5.0 2.5 2 1 2 1 1
1344.8 1510.5 -1.6 245 0 4.9 8.8 7.5 2.5 2 1 3 2 2
1408.9 1482.5 -2.3 331 0 3.4 6.0 7.5 2.5 2 1 3 4 4
1535.5 1672.8 -2.8 330 0 13.4 9.0 7.5 2.5 2 0 3 1 1
1495.8 1675.4 -2.5 245 0 19.9 7.6 7.5 2.5 2 0 3 1 1
-986.5 -213.0 -4.5 6 0 5.6 12.8 5.0 0.0 0 1 2 1 1
-637.9 -209.7 -3.0 20 0 20.8 7.3 5.0 2.5 2 0 2 0 0
-615.7 -221.1 -2.3 199 0 5.4 6.5 5.0 2.5 2 0 2 1 1
-612.6 -212.1 -2.6 199 0 13.8 6.5 5.0 2.5 2 0 2 2 2
-630.3 -235.9 -2.5 22 0 9.4 14.2 5.0 0.0 0 1 2 0 0
-492.2 1.8 -3.3 280 0 3.8 3.0 5.0 2.5 2 0 2 0 0
-480.7 26.0 -4.0 5 0 8.7 5.7 5.0 0.0 0 0 2 5 5
-607.7 50.6 -5.3 194 0 4.0 5.1 2.5 2.5 2 1 1 1 1
-607.6 24.5 -5.1 98 0 5.8 19.0 5.0 2.5 2 1 2 3 3
-587.3 59.4 -5.3 275 0 9.8 7.1 5.0 0.0 0 0 2 5 5
-570.3 41.9 -4.8 284 0 3.2 10.3 2.5 2.5 2 1 1 0 0
-927.3 295.6 -10.0 279 0 5.9 21.1 7.5 2.5 2 0 3 2 2
-934.4 269.3 -10.1 189 0 12.0 5.9 2.5 2.5 2 0 1 1 1
-897.2 263.4 -10.0 9 0 12.0 31.8 7.5 2.5 2 0 3 2 2
-1147.4 360.3 -10.2 9 0 6.4 5.1 2.5 2.5 2 0 1 3 3
-1152.4 361.1 -10.2 9 0 6.4 5.0 5.0 2.5 2 0 2 1 1
-1161.7 389.8 -10.4 277 0 8.7 7.1 2.5 2.5 2 0 1 2 2
-1155.4 342.2 -10.3 9 0 7.2 16.1 7.5 2.5 2 1 3 2 2
-1657.1 1434.0 -11.9 166 0 31.8 6.8 7.5 2.5 2 0 3 5 5
-1642.9 1469.2 -11.6 71 0 31.3 10.5 12.5 2.5 2 0 5 1 1
-767.8 2409.9 -21.3 237 0 6.7 4.7 7.5 2.5 2 0 3 4 4
-759.1 2410.0 -21.2 237 0 4.5 7.0 7.5 2.5 2 0 3 4 4
-772.6 2397.1 -21.2 147 0 7.1 16.0 5.0 2.5 2 0 2 3 3
-776.1 2375.3 -21.1 143 0 21.3 7.9 7.5 2.5 2 0 3 5 5
-728.2 2410.9 -21.2 321 0 11.5 7.9 7.5 2.5 2 0 3 0 0
-746.5 2372.9 -20.8 56 0 11.9 6.6 2.5 2.5 2 0 1 0 0
-736.5 2437.4 -21.5 333 0 9.1 10.4 7.5 2.5 2 1 3 1 1
-308.3 2408.1 -18.2 76 0 6.7 3.8 7.5 2.5 2 0 3 1 1
-295.2 2418.3 -18.3 76 0 17.9 6.2 7.5 2.5 2 0 3 1 1
-307.6 2415.2 -18.3 76 0 7.6 6.2 2.5 2.5 2 0 1 1 1
-315.6 2453.9 -18.7 256 0 3.4 5.1 5.0 2.5 2 1 2 4 4
-332.6 2448.8 -18.8 169 0 6.3 14.0 7.5 2.5 2 1 3 3 3
-302.0 2460.9 -18.7 256 0 17.1 9.4 5.0 2.5 4 0 2 5 5
-259.6 2444.1 -18.3 346 0 34.4 11.5 10.0 2.5 2 0 4 2 2
-496.0 2027.0 -16.3 267 0 10.7 12.2 5.0 2.5 2 0 2 2 2
-495.1 2011.2 -16.3 87 0 10.5 3.6 7.5 2.5 2 0 3 4 4
-559.3 1997.0 -16.2 94 0 16.3 7.4 2.5 2.5 2 0 1 3 3
-553.6 2043.9 -16.3 273 0 16.8 5.5 7.5 2.5 2 0 3 5 5
-322.7 1872.3 -16.7 190 0 12.9 7.9 5.0 2.5 2 0 2 1 1
-294.0 1890.0 -16.8 271 0 9.8 5.9 5.0 2.5 2 0 2 0 0
-288.6 1850.7 -16.6 88 0 22.9 6.9 5.0 2.5 2 0 2 4 4
-1182.9 874.6 -12.5 90 0 6.7 3.9 7.5 0.0 0 0 3 4 4
-1171.4 874.9 -12.6 92 0 8.7 20.0 7.5 2.5 2 1 3 1 1
-1191.3 902.4 -12.8 272 0 16.2 5.8 2.5 2.5 2 0 1 4 4
-1217.5 890.0 -12.9 183 0 10.7 6.4 2.5 2.5 2 0 1 2 2
-1236.6 534.1 -11.4 184 0 11.9 7.6 5.0 2.5 2 0 2 1 1
-1202.2 546.4 -11.3 0 0 6.2 16.9 7.5 2.5 2 1 3 2 2
-1319.4 545.0 -12.1 357 0 8.8 4.4 7.5 2.5 2 0 3 1 1
-1331.0 530.8 -12.1 91 0 5.0 6.3 5.0 2.5 2 0 2 0 0
-1311.4 568.1 -12.3 2 0 9.0 34.5 7.5 2.5 2 1 3 5 5
-1629.5 627.8 -14.8 272 0 9.1 5.9 7.5 2.5 2 0 3 2 2
-1634.6 611.7 -14.8 182 0 20.7 9.1 5.0 2.5 2 0 2 1 1
-1618.1 591.7 -14.7 90 0 14.9 6.7 2.5 0.0 0 0 1 4 4
-2250.7 348.3 -15.7 354 0 5.2 17.5 5.0 2.5 2 1 2 4 4
-2310.6 329.4 -15.8 171 0 8.4 24.0 5.0 2.5 2 1 2 3 3
-2287.0 294.8 -15.6 77 0 13.0 10.3 10.0 2.5 4 0 4 1 1
-1847.8 282.4 -13.5 357 0 8.1 10.7 5.0 2.5 2 1 2 5 5
-1840.0 294.9 -13.5 85 0 3.4 5.4 2.5 2.5 2 0 1 0 0
-1837.4 324.2 -13.6 267 0 4.2 7.8 5.0 2.5 2 0 2 3 3
-1850.1 323.6 -13.7 267 0 21.2 7.8 7.5 2.5 2 0 3 5 5
-1869.0 322.7 -13.8 265 0 6.1 34.0 2.5 0.0 0 1 1 4 4
-1921.2 274.0 -13.6 172 0 3.7 6.1 5.0 2.5 2 0 2 0 0
-1922.7 284.8 -13.9 172 0 18.1 6.1 2.5 2.5 2 0 1 1 1
-1899.3 311.1 -13.9 351 0 7.8 18.1 7.5 2.5 2 1 3 4 4
-2062.9 96.6 -14.5 257 0 4.9 6.2 2.5 2.5 2 0 1 3 3
-2057.1 81.5 -14.4 78 0 5.3 9.8 5.0 2.5 2 0 2 5 5
-2020.9 140.9 -14.0 172 0 19.8 10.0 5.0 2.5 2 0 2 4 4
-1977.2 126.6 -14.1 79 0 3.8 8.2 7.5 2.5 2 0 3 2 2
-2000.2 122.0 -14.2 79 0 3.7 8.2 2.5 2.5 2 0 1 3 3
-1988.7 124.3 -14.2 79 0 19.7 8.2 5.0 2.5 2 0 2 4 4
-1970.6 128.8 -14.1 78 0 4.0 10.1 5.0 2.5 2 1 2 3 3
-1975.5 175.6 -13.5 258 0 5.3 12.9 7.5 2.5 2 1 3 1 1
-1948.0 160.6 -13.6 351 0 10.1 10.9 5.0 2.5 2 1 2 2 2
-2064.0 -251.5 -11.9 173 0 8.7 4.8 7.5 2.5 2 0 3 5 5
-2062.9 -234.4 -12.0 262 0 5.7 11.6 7.5 2.5 2 1 3 2 2
-2040.1 -264.5 -11.7 85 0 10.4 5.8 7.5 2.5 4 0 3 4 4
-2023.2 -247.5 -11.9 355 0 19.2 7.1 2.5 2.5 2 0 1 5 5
-1679.6 -179.2 -11.4 266 0 15.3 5.8 5.0 2.5 2 0 2 3 3
-1658.5 -199.1 -11.1 85 0 5.5 10.5 2.5 2.5 2 1 1 5 5
-977.5 -235.6 -4.6 7 0 16.0 8.8 5.0 2.5 2 0 2 3 3
-1017.6 -242.0 -4.8 96 0 5.0 5.3 7.5 2.5 2 0 3 3 3
-1000.3 -244.7 -4.7 96 0 19.7 6.2 5.0 2.5 4 0 2 2 2
-1036.0 -234.7 -4.9 92 0 8.1 23.8 7.5 0.0 0 1 3 4 4
-1005.2 -204.6 -4.4 273 0 4.4 6.6 5.0 2.5 2 0 2 3 3
-1023.3 -213.5 -4.6 183 0 6.5 19.9 5.0 2.5 2 0 2 5 5
-788.3 189.2 -8.3 10 0 4.7 12.3 2.5 2.5 2 1 1 4 4
-766.0 165.9 -7.8 104 0 7.7 12.4 7.5 2.5 2 1 3 5 5
-769.0 145.7 -7.3 9 0 13.1 7.0 7.5 2.5 2 0 3 0 0
-778.7 140.6 -7.2 99 0 3.7 5.3 2.5 2.5 4 0 1 1 1
-804.1 150.5 -7.9 100 0 26.5 8.5 5.0 2.5 4 0 2 1 1
-814.5 169.5 -8.4 100 0 12.1 24.0 7.5 2.5 2 1 3 1 1
-831.3 178.6 -8.5 100 0 5.4 14.5 5.0 2.5 2 0 2 3 3
-833.1 168.9 -8.5 100 0 5.4 9.9 2.5 2.5 4 0 1 1 1
-846.1 171.3 -8.7 100 0 21.0 7.1 7.5 2.5 2 0 3 3 3
-832.2 197.5 -8.6 106 0 4.0 3.6 7.5 2.5 2 0 3 1 1
-841.5 220.6 -8.8 280 0 12.3 8.2 2.5 2.5 2 0 1 2 2
-850.2 226.6 -8.8 280 0 7.0 10.1 2.5 2.5 2 0 1 3 3
-864.4 197.9 -8.8 190 0 16.4 6.5 5.0 2.5 4 0 2 3 3
-699.0 632.7 -8.3 357 0 14.7 10.3 5.0 0.0 0 0 2 4 4
-712.8 663.0 -8.2 267 0 13.7 8.0 5.0 2.5 2 0 2 1 1
-720.1 749.6 -8.5 177 0 32.5 11.7 10.0 0.0 0 0 4 2 2
-549.1 958.9 -9.5 80 0 3.4 6.8 7.5 2.5 2 1 3 2 2
-456.2 965.0 -10.0 277 0 11.2 7.3 5.0 2.5 2 0 2 4 4
-285.0 866.7 -10.2 90 0 12.3 9.8 5.0 2.5 2 0 2 0 0
-300.4 847.0 -11.2 270 0 7.1 18.2 5.0 2.5 2 1 2 1 1
-326.2 1118.7 -11.9 84 0 5.2 4.4 7.5 2.5 2 0 3 0 0
-347.7 1146.6 -11.8 256 0 15.0 12.9 7.5 0.0 0 0 3 2 2
-443.9 1085.0 -10.9 89 0 4.3 7.2 7.5 2.5 2 1 3 3 3
-506.9 1072.9 -10.4 83 0 7.8 5.0 2.5 0.0 0 0 1 4 4
-504.4 1081.7 -10.4 350 0 3.7 8.6 2.5 0.0 0 1 1 2 2
-510.0 1114.2 -10.4 356 0 10.3 9.6 7.5 2.5 2 0 3 1 1
-508.4 1094.6 -10.4 358 0 7.2 6.1 2.5 2.5 2 0 1 4 4
-573.6 1070.0 -10.0 270 0 3.8 4.5 5.0 2.5 2 1 2 0 0
-575.1 1036.3 -9.8 183 0 11.5 5.2 5.0 2.5 2 0 2 3 3
-549.4 1012.2 -9.9 5 0 7.6 12.1 5.0 2.5 2 1 2 4 4
-547.9 986.4 -9.7 259 0 6.0 10.1 2.5 2.5 2 1 1 4 4
-663.8 931.4 -10.1 82 0 10.2 7.6 5.0 2.5 4 0 2 2 2
-727.9 989.7 -9.0 189 0 8.8 20.1 7.5 0.0 0 0 3 3 3
-694.8 962.0 -9.5 186 0 6.5 11.2 2.5 0.0 0 1 1 3 3
-728.3 963.6 -9.9 272 0 4.3 10.0 5.0 2.5 2 0 2 3 3
-745.4 1023.4 -8.8 25 0 7.1 10.8 5.0 2.5 2 1 2 3 3
-773.7 1028.8 -9.2 181 0 11.0 9.8 5.0 2.5 2 0 2 3 3
-728.6 1102.7 -8.6 359 0 24.6 10.5 7.5 2.5 2 0 3 2 2
-746.1 1136.9 -8.9 270 0 34.7 10.7 7.5 2.5 2 0 3 3 3
-766.9 1136.8 -9.0 270 0 6.9 35.8 5.0 2.5 2 0 2 2 2
-774.4 1123.0 -9.0 273 0 4.9 9.9 5.0 2.5 2 0 2 2 2
-786.2 1138.0 -9.3 269 0 12.1 6.6 2.5 2.5 2 0 1 3 3
-789.3 1094.4 -9.2 90 0 13.8 10.2 5.0 2.5 2 0 2 0 0
-815.1 1063.0 -10.0 357 0 12.5 13.2 5.0 2.5 2 1 2 1 1
-857.2 1045.6 -11.2 180 0 17.1 9.0 5.0 2.5 2 0 2 3 3
-860.9 1204.5 -10.1 357 0 10.3 4.6 7.5 2.5 4 0 3 1 1
-866.1 1215.1 -10.4 357 0 21.9 5.2 7.5 2.5 2 0 3 2 2
-1032.2 1300.1 -12.4 90 0 6.6 20.7 7.5 2.5 2 1 3 5 5
-1014.7 1333.2 -12.6 270 0 18.0 7.4 7.5 2.5 4 0 3 0 0
-988.5 1309.5 -12.6 1 0 32.3 12.2 10.0 2.5 2 0 4 2 2
-1207.3 1316.0 -11.0 11 0 17.4 4.5 5.0 0.0 0 0 2 0 0
-1256.1 1333.0 -10.7 182 0 21.4 11.8 7.5 2.5 2 0 3 2 2
-1236.3 1299.9 -10.9 93 0 30.0 11.0 10.0 2.5 2 0 4 4 4
-901.6 1218.1 -11.3 268 0 3.8 5.0 2.5 2.5 2 0 1 4 4
-903.7 1187.6 -11.4 88 0 10.3 25.4 10.0 2.5 2 0 4 4 4
-868.4 1227.2 -10.7 358 0 9.4 3.1 5.0 2.5 2 0 2 5 5
-887.9 1231.4 -11.6 268 0 32.6 9.4 7.5 0.0 0 0 3 0 0
-870.9 1029.1 -11.9 177 0 20.9 5.3 5.0 2.5 2 0 2 2 2
-870.2 1010.2 -12.1 177 0 9.8 21.8 7.5 2.5 2 1 3 1 1
-819.0 997.0 -11.1 267 0 8.5 10.9 5.0 2.5 2 1 2 0 0
-798.5 964.0 -11.1 357 0 4.5 9.1 5.0 2.5 2 1 2 0 0
1996.3 -7729.9 11.8 188 0 12.3 9.3 5.0 2.5 2 0 2 0 0
1603.7 -7174.6 17.7 341 0 6.4 29.8 7.5 2.5 4 1 3 2 2
1575.7 -7215.0 17.5 74 0 6.2 19.9 2.5 2.5 2 1 1 0 0
1601.1 -7216.9 17.5 71 0 11.3 9.7 2.5 2.5 2 0 1 4 4
1598.0 -7302.8 15.8 6 0 9.6 12.3 5.0 2.5 2 1 2 1 1
1966.1 -7621.4 12.9 358 0 9.1 13.6 2.5 2.5 4 1 1 2 2
1971.0 -7650.7 12.0 7 0 5.9 24.3 2.5 2.5 4 1 1 1 1
1918.7 -7849.1 11.3 192 0 11.2 9.5 5.0 2.5 4 0 2 5 5
1984.6 -7691.1 11.2 5 0 8.4 11.4 7.5 2.5 4 1 3 2 2
1865.2 -7653.5 12.5 263 0 5.5 5.0 5.0 0.0 0 0 2 2 2
1888.3 -7653.2 12.5 353 0 5.0 20.2 5.0 2.5 2 0 2 2 2
1868.1 -7683.0 12.5 94 0 14.2 12.7 5.0 2.5 2 0 2 5 5
1897.7 -7522.3 14.6 4 0 6.0 7.6 7.5 2.5 2 1 3 5 5
1860.0 -7564.3 13.4 155 0 7.2 10.1 5.0 2.5 2 1 2 2 2
1859.3 -7521.9 14.3 272 0 4.2 9.6 2.5 2.5 2 1 1 1 1
1883.0 -7540.7 13.9 2 0 7.1 19.8 5.0 2.5 2 1 2 5 5
1751.1 -7062.8 18.5 151 0 12.5 8.1 7.5 2.5 2 0 3 4 4
1781.0 -7103.1 21.0 63 0 46.3 12.4 12.5 2.5 2 0 5 1 1
2029.5 -7687.4 10.7 278 0 7.1 10.1 5.0 2.5 4 1 2 5 5
2000.3 -7697.0 10.9 187 0 25.5 10.5 5.0 2.5 2 0 2 5 5
1976.0 -7619.1 12.7 190 0 5.8 10.1 7.5 2.5 2 1 3 4 4
1924.8 -7563.9 13.6 64 0 4.7 9.2 7.5 2.5 2 1 3 2 2
1944.4 -7574.2 13.5 246 0 11.6 3.0 7.5 2.5 2 0 3 0 0
1977.3 -7645.8 11.8 188 0 18.1 9.4 5.0 2.5 2 0 2 2 2
1919.2 -7650.5 12.5 95 0 13.9 7.4 5.0 2.5 2 0 2 2 2
1936.5 -7650.2 12.3 95 0 9.9 9.3 5.0 2.5 2 0 2 2 2
1941.6 -7620.1 12.9 275 0 5.1 16.1 7.5 2.5 4 1 3 3 3
1976.7 -7735.4 12.6 6 0 10.4 10.5 5.0 2.5 2 1 2 3 3
1959.0 -7734.2 13.1 96 0 6.2 10.2 5.0 2.5 2 1 2 4 4
1966.2 -7684.1 11.5 276 0 6.0 12.4 7.5 0.0 0 1 3 5 5
1948.0 -7712.4 12.3 98 0 12.2 12.8 2.5 2.5 2 1 1 0 0
1921.4 -7716.3 13.1 95 0 26.0 8.2 5.0 0.0 0 0 2 3 3
1925.2 -7667.5 12.1 272 0 9.9 18.9 7.5 2.5 2 0 3 5 5
1931.2 -7692.6 12.5 2 0 12.0 20.2 7.5 2.5 2 0 3 4 4
1721.2 -7529.9 13.9 69 0 10.3 10.1 2.5 2.5 2 0 1 1 1
1736.5 -7523.1 14.2 68 0 9.0 7.2 7.5 2.5 4 0 3 3 3
1724.9 -7464.3 14.3 342 0 8.0 8.2 7.5 2.5 2 1 3 1 1
1735.8 -7494.7 14.3 334 0 6.9 8.8 7.5 2.5 2 1 3 1 1
1749.6 -7479.2 14.5 161 0 12.4 12.6 7.5 2.5 2 1 3 5 5
1713.3 -7170.0 19.4 152 0 9.6 7.7 5.0 2.5 2 0 2 5 5
1746.0 -7165.5 19.4 331 0 6.0 13.2 7.5 0.0 0 1 3 1 1
1741.2 -7292.8 16.6 174 0 10.9 6.6 7.5 2.5 2 0 3 3 3
1822.1 -7377.7 15.5 180 0 9.1 11.7 7.5 2.5 2 1 3 1 1
1931.1 -7485.6 15.6 90 0 8.9 7.5 2.5 2.5 2 0 1 4 4
1895.7 -7425.9 15.7 357 0 9.6 7.6 2.5 2.5 2 0 1 4 4
1897.4 -7458.4 15.6 3 0 9.6 8.5 7.5 2.5 2 0 3 4 4
1894.4 -7471.5 15.5 0 0 12.6 7.5 7.5 2.5 2 0 3 3 3
1845.4 -7457.8 15.3 91 0 7.3 14.4 5.0 0.0 0 1 2 5 5
1822.9 -7463.6 15.1 91 0 15.0 36.0 10.0 2.5 2 1 4 3 3
2015.1 -7653.9 11.5 98 0 8.5 25.2 5.0 2.5 2 1 2 2 2
1846.9 -7646.1 12.6 255 0 3.3 10.2 7.5 2.5 2 0 3 0 0
1844.9 -7640.2 12.6 246 0 9.1 6.4 7.5 0.0 0 0 3 2 2
1850.9 -7643.9 12.6 255 0 5.6 5.0 2.5 2.5 2 0 1 1 1
1852.2 -7648.7 12.6 255 0 5.6 8.8 5.0 2.5 2 0 2 3 3
1887.6 -7633.3 12.7 354 0 4.9 19.2 5.0 0.0 0 0 2 5 5
1888.1 -7638.1 12.6 354 0 4.8 19.2 7.5 2.5 2 0 3 3 3
2126.9 -7614.0 11.3 9 0 6.5 8.1 5.0 0.0 0 1 2 1 1
2115.6 -7701.8 9.8 276 0 8.8 12.1 5.0 2.5 2 1 2 3 3
2100.2 -7696.5 9.8 278 0 9.1 12.7 5.0 0.0 0 1 2 3 3
2082.6 -7694.6 10.0 277 0 8.9 9.4 5.0 2.5 2 1 2 4 4
2062.9 -7692.0 10.2 278 0 10.2 9.9 5.0 2.5 2 0 2 0 0
2049.0 -7690.0 10.4 278 0 5.4 13.6 2.5 2.5 2 0 1 2 2
2046.2 -7689.5 10.5 278 0 4.9 13.6 7.5 2.5 2 0 3 1 1
2017.8 -7782.4 10.8 184 0 10.9 13.1 5.0 2.5 2 1 2 4 4
2174.4 -7768.7 8.7 191 0 10.9 6.5 5.0 2.5 2 0 2 1 1
2191.1 -7680.4 10.9 100 0 3.1 9.2 2.5 2.5 4 0 1 2 2
2188.2 -7678.0 10.9 100 0 9.2 7.4 5.0 2.5 2 0 2 5 5
2176.5 -7579.3 11.9 190 0 8.7 8.9 7.5 2.5 2 1 3 0 0
2178.1 -7602.7 11.7 100 0 10.1 10.4 10.0 2.5 2 1 4 3 3
2081.9 -7550.8 13.8 2 0 9.2 13.0 5.0 2.5 2 1 2 5 5
2042.5 -7653.9 11.3 98 0 6.1 22.0 7.5 2.5 2 0 3 2 2
1959.3 -7469.7 15.5 94 0 4.1 8.9 2.5 2.5 2 1 1 2 2
1976.4 -7474.1 15.4 95 0 9.9 10.6 7.5 2.5 2 1 3 1 1
1973.3 -7597.9 13.5 7 0 3.0 4.2 5.0 2.5 2 1 2 3 3
1996.7 -7570.9 13.8 269 0 6.3 12.0 5.0 2.5 2 1 2 3 3
2022.3 -7589.4 13.1 280 0 10.1 9.3 5.0 2.5 2 0 2 5 5
2035.3 -7588.4 13.1 276 0 4.6 6.8 2.5 2.5 2 1 1 3 3
2045.5 -7564.7 13.8 274 0 10.4 9.8 5.0 2.5 2 0 2 5 5
2204.7 -7713.8 10.2 12 0 9.1 13.1 7.5 0.0 0 1 3 4 4
2185.9 -7747.7 9.3 95 0 5.9 18.7 5.0 2.5 4 1 2 2 2
2047.1 -7771.1 10.5 277 0 10.1 12.5 5.0 2.5 2 1 2 2 2
2024.2 -7713.2 10.4 187 0 6.3 9.9 5.0 2.5 2 0 2 4 4
2011.3 -7678.6 11.1 277 0 4.0 5.5 7.5 2.5 2 1 3 0 0
2049.9 -7713.5 10.1 277 0 5.2 6.4 2.5 2.5 2 1 1 4 4
2135.5 -7710.4 9.9 8 0 10.3 8.2 2.5 2.5 2 0 1 0 0
2131.5 -7634.2 10.8 10 0 10.7 6.7 2.5 0.0 0 0 1 1 1
2148.2 -7633.6 10.9 8 0 6.1 9.3 5.0 2.5 2 0 2 1 1
2153.3 -7610.0 11.2 10 0 12.0 9.8 7.5 2.5 2 0 3 2 2
2150.5 -7591.7 11.5 9 0 5.1 9.0 5.0 2.5 2 1 2 4 4
2145.6 -7507.5 12.7 278 0 8.1 6.4 5.0 2.5 4 0 2 5 5
2144.7 -7513.8 12.6 278 0 8.1 10.2 7.5 2.5 2 0 3 4 4
2148.0 -7535.3 12.3 12 0 6.3 3.6 2.5 2.5 2 0 1 4 4
2124.4 -7554.1 12.5 189 0 18.0 4.0 7.5 0.0 0 0 3 4 4
2118.9 -7526.5 12.8 279 0 12.9 9.3 2.5 2.5 2 0 1 3 3
2098.4 -7537.7 13.3 189 0 6.9 10.3 7.5 2.5 4 1 3 3 3
2097.5 -7560.2 13.2 189 0 3.5 4.7 7.5 2.5 2 0 3 1 1
2093.5 -7565.9 13.0 189 0 9.2 10.0 7.5 2.5 4 0 3 3 3
2094.6 -7618.1 11.4 183 0 3.1 4.9 5.0 2.5 2 1 2 0 0
2083.7 -7660.8 10.7 189 0 7.3 8.1 5.0 2.5 2 1 2 4 4
2083.2 -7624.8 11.3 188 0 8.2 7.1 7.5 2.5 2 0 3 3 3
2092.7 -7631.9 11.2 189 0 3.1 4.9 2.5 2.5 2 1 1 1 1
2091.1 -7649.0 10.9 188 0 6.3 3.3 5.0 2.5 2 0 2 3 3
2077.6 -7642.4 11.0 189 0 16.0 4.9 7.5 2.5 4 0 3 0 0
1815.0 -7519.2 14.4 182 0 12.9 9.8 5.0 2.5 2 0 2 2 2
1544.9 -7895.5 14.4 67 0 6.2 3.8 5.0 2.5 2 0 2 4 4
1538.8 -7880.9 14.4 247 0 6.2 12.1 5.0 0.0 0 0 2 3 3
1545.0 -7876.3 14.4 169 0 4.5 16.7 5.0 2.5 4 1 2 5 5
1573.5 -7884.6 14.2 340 0 16.8 11.0 10.0 2.5 2 0 4 2 2
1636.6 -7789.7 14.3 344 0 8.7 5.5 7.5 2.5 2 0 3 0 0
1633.1 -7774.8 14.4 343 0 19.7 7.9 7.5 2.5 2 0 3 1 1
1616.3 -7779.0 14.4 343 0 22.3 14.5 10.0 2.5 2 0 4 0 0
1479.2 -7813.4 14.5 157 0 24.6 78.6 7.5 0.0 0 1 3 5 5
1655.7 -7740.2 14.2 250 0 3.1 3.8 5.0 2.5 2 1 2 4 4
1645.0 -7771.8 14.3 163 0 11.1 8.9 2.5 2.5 2 0 1 1 1
1668.6 -7726.8 14.1 260 0 12.2 20.2 5.0 0.0 0 1 2 0 0
1726.9 -7734.8 13.6 65 0 25.1 13.2 7.5 2.5 2 0 3 5 5
1882.8 -7582.1 13.2 67 0 5.0 8.5 7.5 2.5 2 1 3 4 4
1795.7 -7483.5 14.8 90 0 7.9 11.9 2.5 2.5 2 1 1 3 3
2446.9 -7734.4 7.0 277 0 5.6 16.0 5.0 2.5 2 1 2 0 0
1833.5 -7568.0 13.3 272 0 3.8 8.5 2.5 2.5 2 1 1 1 1
1841.9 -7517.0 14.6 180 0 10.5 10.0 10.0 2.5 2 0 4 1 1
2056.8 -7557.1 14.0 276 0 5.1 10.3 5.0 0.0 0 1 2 0 0
2240.9 -7504.6 11.8 101 0 3.7 5.9 2.5 2.5 2 1 1 3 3
2244.6 -7473.6 11.7 278 0 13.5 9.0 5.0 2.5 4 0 2 2 2
2255.3 -7496.0 11.7 10 0 10.9 4.1 5.0 2.5 2 0 2 1 1
2216.3 -7510.0 12.2 10 0 9.5 9.4 5.0 2.5 2 0 2 1 1
2284.3 -7644.5 10.6 280 0 29.4 9.0 7.5 2.5 2 0 3 2 2
2298.3 -7693.1 10.1 100 0 9.0 17.3 5.0 2.5 4 1 2 5 5
2274.2 -7696.9 10.4 90 0 19.9 8.4 5.0 2.5 2 0 2 4 4
2354.2 -7654.5 9.6 282 0 4.8 11.0 7.5 2.5 2 1 3 0 0
2363.6 -7688.0 9.1 101 0 11.9 9.7 5.0 0.0 0 0 2 3 3
2426.4 -7667.1 8.2 101 0 8.2 9.5 5.0 2.5 2 1 2 0 0
2428.2 -7691.0 7.7 185 0 4.5 13.9 7.5 2.5 2 0 3 2 2
2453.6 -7670.5 7.6 194 0 13.3 5.3 2.5 0.0 0 0 1 4 4
2461.2 -7661.8 7.7 14 0 7.2 5.3 5.0 2.5 2 0 2 0 0
2458.3 -7695.9 7.4 94 0 4.8 15.2 7.5 2.5 2 1 3 1 1
2396.7 -7781.8 7.0 97 0 25.9 6.9 7.5 2.5 2 0 3 2 2
2379.0 -7798.5 7.1 13 0 11.0 28.1 10.0 2.5 2 1 4 3 3
2610.5 -7538.4 6.3 272 0 15.7 5.7 7.5 2.5 2 0 3 3 3
2608.3 -7576.7 6.0 91 0 11.6 9.8 5.0 2.5 2 0 2 1 1
2593.5 -7560.9 6.5 92 0 6.2 11.7 5.0 2.5 2 1 2 0 0
2630.2 -7556.1 5.9 1 0 16.1 7.7 2.5 2.5 2 0 1 1 1
2540.1 -7677.9 6.0 182 0 8.7 8.8 7.5 2.5 2 1 3 4 4
2527.8 -7666.6 6.4 175 0 10.2 4.1 2.5 2.5 2 0 1 3 3
2507.5 -7719.9 6.2 4 0 10.7 11.5 5.0 2.5 2 1 2 3 3
2428.6 -7720.9 7.5 272 0 11.3 7.8 5.0 2.5 2 0 2 5 5
2444.5 -7726.9 7.3 8 0 6.2 6.3 2.5 2.5 2 1 1 0 0
2458.6 -7719.6 6.9 183 0 9.5 11.2 7.5 2.5 2 1 3 3 3
2475.6 -7749.3 6.4 276 0 4.5 5.0 5.0 2.5 2 0 2 1 1
2477.8 -7741.6 6.4 276 0 7.1 7.9 2.5 2.5 2 0 1 1 1
2460.3 -7752.3 6.4 278 0 29.7 8.6 7.5 2.5 2 0 3 1 1
2433.0 -7745.3 7.2 279 0 5.3 10.8 7.5 2.5 2 1 3 2 2
2416.8 -7756.4 7.4 98 0 5.2 7.3 7.5 2.5 2 1 3 3 3
2399.2 -7714.3 8.0 270 0 10.7 10.2 2.5 2.5 2 0 1 5 5
2375.2 -7724.3 8.5 271 0 5.9 3.1 5.0 2.5 2 0 2 5 5
2377.9 -7714.0 8.4 271 0 11.1 10.4 2.5 2.5 2 0 1 3 3
2365.3 -7734.3 8.5 191 0 3.5 6.0 7.5 2.5 2 1 3 1 1
2361.5 -7757.5 8.0 191 0 21.0 5.4 2.5 2.5 4 0 1 4 4
2346.3 -7720.5 9.0 275 0 5.8 9.4 5.0 0.0 0 0 2 4 4
2337.2 -7719.7 9.1 275 0 12.5 9.4 7.5 2.5 2 0 3 2 2
2308.0 -7748.5 9.2 102 0 8.0 18.0 5.0 2.5 2 1 2 4 4
2259.5 -7762.2 9.0 101 0 4.4 17.8 5.0 2.5 2 0 2 1 1
2255.5 -7761.4 9.0 101 0 3.8 17.8 7.5 2.5 2 0 3 4 4
2280.7 -7718.1 9.9 277 0 11.4 11.3 5.0 2.5 2 0 2 5 5
2287.9 -7794.6 8.4 11 0 12.1 11.4 10.0 0.0 0 0 4 5 5
2269.6 -7797.3 8.4 101 0 12.2 12.1 7.5 2.5 2 0 3 3 3
2254.9 -7784.7 8.4 193 0 4.4 3.0 5.0 2.5 2 0 2 2 2
2231.2 -7780.0 8.5 101 0 36.2 9.1 7.5 2.5 2 0 3 1 1
2227.6 -7721.0 9.4 281 0 8.8 29.4 7.5 2.5 2 1 3 0 0
2211.1 -7727.4 9.8 192 0 11.0 7.1 7.5 2.5 2 0 3 1 1
2222.4 -7658.2 11.4 7 0 6.3 3.2 5.0 2.5 2 0 2 3 3
2204.9 -7652.5 11.3 279 0 4.6 11.3 5.0 2.5 2 1 2 0 0
2218.0 -7676.7 11.1 10 0 8.7 11.9 7.5 2.5 2 0 3 3 3
1668.9 -7420.5 14.5 182 0 6.7 9.3 2.5 2.5 2 1 1 4 4
1649.7 -7424.1 14.4 185 0 9.1 8.0 7.5 2.5 2 0 3 1 1
1642.6 -7478.3 13.8 182 0 9.5 14.4 7.5 2.5 2 1 3 4 4
1663.1 -7449.1 14.2 183 0 4.2 10.2 7.5 2.5 2 0 3 2 2
1662.9 -7454.3 14.1 184 0 5.0 11.8 7.5 2.5 2 1 3 4 4
1659.9 -7472.4 13.9 185 0 4.2 7.8 2.5 2.5 2 1 1 3 3
1644.6 -7460.2 14.0 184 0 8.4 8.4 7.5 2.5 2 0 3 3 3
1646.4 -7441.7 14.2 183 0 8.4 8.1 7.5 2.5 2 0 3 3 3
1701.6 -7459.9 14.2 347 0 5.4 7.6 5.0 2.5 2 1 2 4 4
1696.4 -7449.9 14.3 345 0 3.7 5.4 5.0 2.5 2 0 2 0 0
1697.6 -7445.0 14.4 345 0 5.1 7.9 2.5 2.5 4 0 1 5 5
1709.0 -7467.7 14.2 341 0 5.7 12.1 7.5 2.5 4 0 3 0 0
1710.8 -7473.2 14.2 341 0 5.8 12.1 7.5 2.5 2 0 3 2 2
1708.8 -7447.8 14.4 345 0 7.0 3.4 7.5 2.5 2 0 3 5 5
1718.2 -7447.2 14.4 345 0 10.7 9.3 7.5 2.5 2 0 3 3 3
1731.2 -7483.5 14.3 342 0 9.1 8.1 5.0 2.5 2 0 2 2 2
1880.6 -7400.9 15.7 357 0 10.7 7.7 5.0 2.5 2 0 2 5 5
1880.4 -7411.3 15.6 357 0 8.8 8.1 7.5 2.5 4 0 3 5 5
1871.2 -7423.2 15.5 0 0 3.7 5.8 7.5 2.5 2 1 3 2 2
1869.4 -7417.9 15.5 360 0 5.5 4.1 5.0 2.5 2 0 2 3 3
1883.7 -7466.4 15.4 0 0 4.8 17.9 7.5 2.5 2 1 3 4 4
1860.2 -7481.7 15.3 92 0 5.1 12.5 5.0 2.5 2 0 2 1 1
1860.6 -7469.2 15.4 92 0 5.1 8.2 5.0 2.5 2 0 2 3 3
1857.2 -7420.6 15.4 312 0 10.0 20.7 5.0 0.0 0 1 2 1 1
2140.2 -7325.4 15.7 282 0 11.0 9.2 7.5 0.0 0 0 3 1 1
2140.1 -7302.8 15.8 99 0 4.3 6.2 7.5 2.5 2 0 3 4 4
2144.1 -7291.3 15.9 9 0 11.6 6.1 7.5 2.5 2 0 3 5 5
2154.4 -7283.8 15.6 98 0 19.8 9.1 7.5 2.5 2 0 3 3 3
2166.5 -7290.8 15.5 279 0 11.3 20.1 10.0 2.5 4 1 4 3 3
1610.1 -7642.9 14.3 93 0 3.6 8.8 7.5 2.5 2 1 3 3 3
1570.5 -7552.7 14.3 276 0 8.7 5.7 7.5 2.5 2 0 3 5 5
1583.8 -7523.7 13.6 273 0 9.5 13.5 7.5 2.5 4 1 3 1 1
1791.6 -7545.0 13.5 1 0 12.1 5.3 7.5 2.5 2 0 3 5 5
1781.1 -7544.8 13.5 2 0 4.7 3.3 2.5 2.5 2 0 1 4 4
1786.2 -7546.7 13.5 2 0 12.1 5.2 5.0 2.5 2 0 2 0 0
1658.8 -7614.5 13.7 84 0 5.1 12.1 7.5 2.5 2 1 3 3 3
1449.4 -7751.3 14.7 156 0 4.8 29.4 7.5 2.5 2 1 3 5 5
1338.5 -7746.1 13.9 66 0 4.0 7.0 7.5 2.5 4 1 3 0 0
1370.5 -7743.3 14.2 64 0 4.9 5.1 5.0 2.5 2 0 2 1 1
1363.8 -7735.1 14.1 154 0 10.6 4.9 5.0 2.5 2 0 2 1 1
1382.4 -7731.9 14.2 65 0 3.9 10.4 7.5 2.5 4 0 3 2 2
1389.0 -7728.8 14.2 65 0 10.7 10.4 5.0 2.5 2 0 2 5 5
1362.5 -7709.7 14.0 246 0 10.3 7.4 2.5 2.5 2 0 1 4 4
1506.5 -7621.7 14.7 94 0 11.2 9.8 2.5 2.5 4 0 1 2 2
1501.1 -7599.4 14.7 184 0 20.0 8.8 2.5 0.0 0 0 1 5 5
1531.7 -7575.2 14.8 249 0 5.3 8.0 5.0 2.5 2 1 2 0 0
1554.8 -7604.4 14.7 70 0 9.4 7.7 7.5 2.5 2 0 3 5 5
1537.2 -7612.3 14.9 66 0 10.4 9.4 2.5 2.5 2 0 1 5 5
1608.4 -7578.1 13.8 85 0 10.8 9.0 5.0 2.5 2 0 2 5 5
1617.0 -7546.5 13.5 354 0 5.9 3.9 7.5 0.0 0 0 3 1 1
1610.0 -7546.0 13.5 353 0 4.4 8.7 5.0 2.5 2 1 2 3 3
1595.3 -7539.0 13.6 264 0 5.4 4.1 7.5 2.5 2 0 3 3 3
1709.9 -7500.5 14.1 336 0 3.1 4.9 7.5 0.0 0 0 3 4 4
1718.9 -7495.4 14.1 336 0 5.0 10.3 7.5 2.5 2 0 3 0 0
1655.8 -7508.6 13.8 167 0 3.4 4.9 5.0 2.5 2 0 2 2 2
1654.7 -7505.0 13.7 167 0 4.0 9.1 7.5 2.5 2 0 3 0 0
1641.7 -7495.1 13.7 186 0 9.2 8.5 5.0 2.5 2 0 2 0 0
1644.8 -7520.6 13.9 165 0 10.2 9.3 2.5 0.0 0 0 1 4 4
1648.5 -7548.5 13.5 160 0 5.9 4.4 7.5 2.5 2 0 3 2 2
1663.6 -7555.5 13.4 66 0 9.7 8.4 2.5 2.5 4 0 1 3 3
1659.6 -7534.5 13.6 161 0 15.0 5.1 5.0 2.5 2 0 2 3 3
1687.1 -7526.8 13.9 70 0 4.0 11.8 5.0 0.0 0 1 2 1 1
1682.8 -7547.9 13.5 65 0 9.9 10.7 5.0 2.5 4 1 2 2 2
1700.8 -7539.7 13.5 60 0 8.5 8.2 5.0 2.5 4 0 2 1 1
1747.7 -7568.9 13.3 71 0 4.0 9.6 2.5 2.5 2 0 1 4 4
1744.0 -7556.2 13.4 251 0 5.2 3.6 5.0 2.5 2 0 2 0 0
1743.4 -7570.7 13.3 71 0 4.7 9.8 5.0 2.5 2 1 2 3 3
1746.8 -7541.6 13.5 252 0 10.3 8.8 2.5 0.0 0 0 1 0 0
1729.3 -7550.5 13.4 253 0 10.4 8.4 5.0 2.5 2 0 2 0 0
1708.7 -7594.3 13.1 72 0 3.6 5.9 2.5 2.5 2 1 1 5 5
1691.7 -7574.9 13.2 252 0 4.0 9.6 2.5 2.5 2 0 1 5 5
1679.3 -7573.4 13.2 249 0 8.8 8.7 2.5 2.5 2 0 1 5 5
1695.1 -7564.3 13.3 246 0 9.0 10.7 7.5 2.5 2 1 3 5 5
1653.8 -7622.6 14.0 85 0 4.9 7.9 5.0 2.5 2 0 2 3 3
1673.9 -7609.8 13.4 78 0 3.8 6.4 2.5 2.5 2 1 1 3 3
1643.9 -7591.3 13.6 264 0 10.4 9.2 5.0 2.5 2 0 2 2 2
1641.5 -7623.9 14.1 83 0 8.0 3.5 5.0 2.5 2 0 2 5 5
1633.6 -7630.1 14.2 85 0 3.4 5.6 5.0 2.5 2 1 2 3 3
1619.4 -7631.6 14.3 95 0 4.7 12.5 5.0 2.5 2 1 2 1 1
1626.4 -7601.8 14.2 268 0 9.9 9.8 7.5 2.5 2 0 3 3 3
1608.4 -7609.4 14.3 271 0 10.0 11.9 2.5 2.5 2 1 1 0 0
1594.2 -7625.9 14.5 273 0 5.4 12.7 7.5 2.5 2 1 3 0 0
1594.0 -7646.4 14.5 4 0 10.3 11.9 5.0 2.5 2 1 2 2 2
1588.4 -7617.8 14.5 273 0 11.3 6.1 5.0 2.5 2 0 2 0 0
1574.5 -7623.3 14.6 272 0 5.0 12.9 5.0 2.5 2 1 2 5 5
1548.2 -7648.2 14.7 174 0 8.5 11.1 7.5 2.5 2 1 3 1 1
1459.6 -7696.4 14.6 81 0 3.3 4.8 5.0 2.5 4 1 2 2 2
1494.3 -7663.4 14.7 353 0 8.7 7.6 5.0 2.5 2 0 2 5 5
1476.5 -7686.7 14.7 71 0 8.9 8.7 5.0 2.5 2 0 2 5 5
1468.2 -7689.6 14.6 71 0 8.7 8.7 5.0 2.5 2 0 2 3 3
1430.2 -7671.7 14.3 70 0 8.5 8.5 7.5 2.5 2 0 3 3 3
1424.8 -7647.0 14.3 181 0 5.3 11.1 7.5 2.5 2 1 3 3 3
1421.4 -7268.6 15.5 250 0 33.9 26.7 7.5 2.5 2 0 3 0 0
1387.4 -7362.1 14.0 278 0 12.7 15.3 5.0 2.5 2 1 2 0 0
1393.2 -7349.1 14.5 99 0 8.4 34.9 7.5 2.5 2 1 3 4 4
1436.0 -7323.8 14.9 189 0 23.4 9.3 5.0 2.5 2 0 2 5 5
1405.5 -7359.4 14.3 185 0 9.2 11.8 7.5 2.5 2 1 3 1 1
1935.1 -7417.9 15.5 156 0 7.8 4.8 7.5 2.5 2 0 3 5 5
1898.7 -7281.9 17.0 340 0 6.1 4.9 2.5 2.5 2 0 1 3 3
1892.3 -7306.8 16.6 72 0 9.5 8.8 5.0 2.5 2 0 2 1 1
1903.5 -7329.9 16.2 165 0 3.8 4.6 5.0 0.0 0 1 2 3 3
1963.2 -7455.2 15.4 5 0 6.6 5.7 7.5 0.0 0 0 3 2 2
1957.9 -7450.9 15.5 5 0 5.5 11.0 5.0 2.5 4 0 2 1 1
1941.8 -7418.3 15.5 161 0 3.8 6.6 5.0 2.5 2 0 2 1 1
1944.9 -7357.7 15.8 335 0 8.3 10.6 5.0 2.5 2 1 2 0 0
1919.3 -7344.4 16.0 341 0 4.4 7.3 5.0 0.0 0 0 2 4 4
1879.7 -7311.7 16.6 90 0 5.6 11.5 5.0 0.0 0 1 2 0 0
1824.7 -7228.7 17.8 155 0 5.3 10.0 5.0 2.5 4 0 2 1 1
1673.9 -7280.2 16.5 183 0 5.1 12.4 2.5 2.5 2 1 1 2 2
1708.3 -7288.6 16.5 3 0 11.9 10.0 7.5 2.5 2 0 3 0 0
1694.7 -7295.3 16.3 3 0 4.6 8.8 5.0 2.5 2 1 2 4 4
1692.6 -7314.5 15.9 4 0 4.5 7.8 5.0 2.5 2 1 2 5 5
1691.5 -7332.4 15.6 3 0 4.9 7.8 5.0 2.5 2 0 2 3 3
1685.6 -7350.7 15.3 4 0 5.3 3.0 7.5 2.5 2 0 3 1 1
1689.0 -7355.3 15.3 4 0 3.4 6.7 5.0 2.5 2 0 2 0 0
1677.2 -7351.1 15.3 184 0 3.4 5.3 7.5 2.5 2 0 3 5 5
1672.3 -7355.0 15.2 184 0 4.9 9.9 5.0 2.5 2 0 2 0 0
1674.6 -7375.1 14.9 184 0 8.8 3.9 5.0 2.5 2 0 2 5 5
1681.6 -7374.0 15.0 4 0 5.6 3.1 7.5 2.5 2 0 3 2 2
1687.3 -7365.7 15.0 4 0 11.7 5.7 5.0 2.5 2 0 2 1 1
1705.9 -7362.3 15.2 4 0 10.5 12.1 7.5 2.5 2 1 3 3 3
1704.3 -7383.0 15.0 5 0 9.4 15.8 7.5 2.5 2 0 3 2 2
1709.2 -7404.8 14.8 1 0 9.6 11.2 7.5 2.5 2 1 3 1 1
1649.4 -7408.7 14.6 185 0 9.9 9.9 7.5 2.5 2 1 3 1 1
1915.7 -7450.4 15.7 180 0 8.6 11.6 7.5 0.0 0 0 3 5 5
1885.0 -7263.3 17.1 342 0 20.9 9.0 7.5 2.5 2 0 3 0 0
1922.5 -7308.2 16.4 336 0 10.8 9.1 7.5 2.5 4 0 3 5 5
1932.2 -7328.5 16.1 337 0 12.0 9.2 5.0 2.5 2 0 2 4 4
1940.6 -7409.7 15.7 156 0 4.7 5.5 2.5 2.5 2 0 1 1 1
1942.4 -7413.8 15.6 156 0 4.3 9.5 7.5 2.5 2 0 3 3 3
1926.3 -7429.6 15.6 282 0 6.5 5.2 5.0 2.5 4 0 2 5 5
1977.7 -7432.1 15.3 343 0 11.1 9.1 5.0 2.5 2 0 2 0 0
1971.3 -7412.7 15.4 340 0 9.4 8.1 5.0 2.5 2 0 2 5 5
1962.1 -7395.3 15.7 335 0 9.7 10.4 7.5 2.5 4 1 3 4 4
1935.7 -7413.4 15.7 66 0 4.8 12.7 5.0 2.5 2 0 2 5 5
1905.7 -7394.8 15.8 157 0 14.3 10.6 5.0 2.5 2 0 2 5 5
1881.4 -7359.2 15.9 154 0 6.6 8.7 2.5 2.5 2 0 1 5 5
1884.2 -7364.9 15.9 154 0 6.2 8.6 7.5 2.5 2 0 3 5 5
1883.9 -7332.6 16.3 89 0 4.5 4.0 2.5 2.5 2 0 1 0 0
1888.9 -7332.5 16.3 89 0 5.7 4.0 5.0 2.5 2 0 2 3 3
1885.9 -7339.0 16.1 185 0 7.3 9.8 7.5 0.0 0 1 3 5 5
1865.7 -7316.2 16.5 180 0 8.9 8.1 7.5 2.5 2 0 3 2 2
1854.5 -7303.4 16.7 182 0 9.1 9.2 7.5 2.5 4 1 3 3 3
1849.0 -7279.2 17.1 182 0 10.6 10.3 5.0 2.5 2 0 2 0 0
1828.0 -7235.7 17.8 154 0 10.1 8.5 7.5 2.5 2 0 3 4 4
1832.3 -7257.0 17.5 154 0 7.7 6.7 7.5 2.5 4 0 3 0 0
1850.2 -7251.2 17.4 163 0 6.0 14.0 7.5 2.5 2 1 3 0 0
1849.0 -7229.9 17.6 154 0 17.1 6.0 7.5 2.5 2 0 3 3 3
1852.4 -7178.0 18.5 334 0 3.8 5.4 7.5 2.5 2 1 3 1 1
1829.0 -7192.8 18.1 242 0 11.6 4.2 5.0 2.5 2 0 2 1 1
1826.7 -7188.0 18.3 242 0 14.1 5.3 2.5 2.5 2 0 1 2 2
1837.1 -7214.4 17.7 155 0 4.9 7.7 2.5 2.5 2 1 1 1 1
1818.8 -7216.8 17.7 154 0 8.6 8.6 5.0 2.5 2 0 2 1 1
1815.0 -7209.0 17.7 154 0 8.7 10.2 5.0 2.5 2 0 2 0 0
1808.8 -7187.4 18.5 246 0 8.4 9.1 5.0 2.5 4 1 2 0 0
1839.0 -7117.6 21.4 335 0 5.1 10.3 5.0 2.5 2 0 2 3 3
1814.5 -7125.5 21.4 245 0 9.2 5.0 5.0 2.5 2 0 2 0 0
1821.7 -7122.2 21.2 245 0 6.7 10.2 7.5 2.5 2 0 3 0 0
1715.7 -7125.5 20.7 330 0 3.2 7.0 7.5 2.5 2 0 3 2 2
1798.2 -7167.6 20.1 60 0 8.6 8.7 7.5 2.5 2 0 3 1 1
1788.4 -7159.3 20.5 150 0 6.7 11.6 7.5 2.5 2 0 3 5 5
1779.8 -7132.6 21.6 245 0 9.4 9.3 2.5 0.0 0 0 1 5 5
1781.6 -7147.6 21.1 155 0 10.3 9.4 7.5 2.5 2 0 3 0 0
1802.8 -7127.3 21.6 245 0 5.1 3.7 5.0 2.5 2 0 2 1 1
1804.3 -7130.7 21.0 245 0 5.1 12.1 5.0 2.5 4 0 2 0 0
1818.3 -7159.2 20.1 66 0 4.1 10.2 7.5 2.5 2 0 3 5 5
1826.5 -7153.0 20.2 64 0 11.2 9.2 7.5 2.5 2 0 3 1 1
1845.9 -7143.5 20.3 64 0 10.3 9.3 7.5 2.5 2 0 3 5 5
1852.8 -7156.6 19.1 245 0 9.3 10.7 7.5 2.5 2 1 3 1 1
1651.5 -7380.4 14.8 185 0 9.3 11.0 5.0 2.5 2 0 2 0 0
1655.5 -7341.9 15.3 186 0 11.3 10.6 5.0 2.5 2 0 2 3 3
1657.3 -7322.2 15.7 183 0 9.6 10.6 5.0 2.5 2 1 2 4 4
1667.7 -7259.8 16.7 276 0 9.1 9.3 5.0 2.5 2 1 2 0 0
1661.1 -7284.7 16.3 186 0 9.7 11.0 7.5 2.5 2 1 3 2 2
1659.2 -7302.7 16.0 186 0 9.9 10.0 5.0 2.5 2 1 2 2 2
1707.1 -7305.8 16.1 5 0 10.3 10.7 5.0 2.5 2 1 2 4 4
1708.3 -7325.0 15.8 2 0 10.1 8.6 7.5 0.0 0 0 3 5 5
1708.0 -7343.2 15.5 2 0 9.7 10.3 7.5 2.5 2 1 3 1 1
2261.3 -6850.2 11.9 355 0 8.0 9.9 5.0 2.5 2 0 2 4 4
2255.1 -6811.9 11.8 273 0 15.4 8.8 2.5 2.5 2 0 1 1 1
2235.8 -6832.9 12.0 183 0 15.1 5.4 7.5 2.5 2 0 3 4 4
2168.7 -6943.4 12.7 341 0 10.7 11.4 10.0 2.5 2 1 4 3 3
1990.6 -7000.7 16.6 168 0 9.5 10.4 5.0 2.5 2 1 2 3 3
2042.9 -6959.9 15.0 254 0 7.0 12.9 5.0 2.5 2 1 2 0 0
2010.3 -7059.0 17.3 167 0 6.2 13.2 7.5 2.5 2 1 3 1 1
2018.0 -7084.2 17.4 77 0 10.3 11.1 5.0 2.5 2 1 2 1 1
2031.2 -7130.8 17.0 254 0 7.9 9.1 7.5 0.0 0 1 3 0 0
2068.1 -7167.9 16.7 339 0 6.0 5.6 5.0 2.5 2 0 2 2 2
2061.8 -7226.4 16.4 159 0 10.2 10.1 5.0 2.5 4 0 2 2 2
2073.1 -7258.0 16.3 159 0 11.3 10.9 2.5 2.5 2 0 1 1 1
1756.3 -7195.6 18.3 340 0 8.2 8.5 2.5 2.5 2 1 1 0 0
1568.4 -7042.9 18.6 161 0 5.3 15.0 7.5 2.5 2 1 3 3 3
1592.9 -7015.4 18.8 339 0 9.8 8.8 5.0 2.5 2 0 2 5 5
1643.5 -7081.6 19.4 255 0 10.8 3.1 5.0 2.5 2 0 2 2 2
1641.4 -7094.3 19.2 346 0 10.2 8.9 2.5 2.5 2 0 1 0 0
1682.1 -7136.6 20.0 151 0 9.6 9.5 7.5 2.5 2 0 3 3 3
1717.1 -7176.6 19.2 151 0 3.7 6.1 7.5 2.5 2 1 3 1 1
1727.5 -7200.3 18.3 161 0 14.3 4.7 7.5 2.5 2 0 3 3 3
1769.8 -7210.0 18.2 89 0 7.2 4.2 7.5 2.5 2 0 3 1 1
2019.5 -7245.4 16.6 76 0 9.5 10.7 5.0 2.5 2 0 2 0 0
2018.4 -7216.3 16.7 346 0 6.9 4.1 7.5 2.5 2 0 3 5 5
2022.9 -7214.3 16.7 346 0 8.5 4.8 5.0 2.5 2 0 2 2 2
2032.5 -7218.3 16.6 346 0 3.9 8.3 7.5 2.5 4 1 3 5 5
2003.8 -7198.7 16.8 255 0 9.8 10.3 7.5 2.5 2 1 3 4 4
1967.3 -7208.6 16.9 257 0 10.3 9.7 2.5 2.5 2 0 1 2 2
1948.9 -7213.0 17.0 255 0 10.1 10.0 5.0 2.5 2 0 2 0 0
1933.9 -7222.9 17.0 246 0 5.7 9.3 2.5 0.0 0 0 1 0 0
1937.0 -7218.5 17.0 246 0 3.6 12.1 2.5 2.5 2 0 1 1 1
1914.6 -7232.1 17.1 158 0 9.3 10.4 7.5 0.0 0 1 3 3 3
1922.0 -7248.4 17.0 159 0 10.8 10.3 7.5 0.0 0 0 3 2 2
1964.9 -7259.3 16.8 75 0 10.0 10.0 2.5 2.5 2 0 1 4 4
1982.5 -7254.7 16.7 77 0 8.9 8.9 7.5 2.5 4 1 3 3 3
2000.4 -7250.3 16.7 77 0 11.0 9.5 5.0 2.5 2 0 2 0 0
2037.1 -7240.8 16.5 74 0 10.3 9.5 5.0 2.5 2 0 2 5 5
2049.3 -7282.0 16.3 348 0 4.1 6.4 5.0 2.5 2 1 2 4 4
2041.5 -7283.5 16.4 343 0 5.0 8.1 5.0 2.5 4 1 2 4 4
2005.3 -7301.8 16.4 76 0 9.0 6.1 2.5 2.5 2 0 1 1 1
2011.5 -7303.7 16.3 78 0 3.4 5.8 7.5 2.5 2 1 3 2 2
1992.0 -7290.0 16.5 257 0 3.9 6.2 7.5 2.5 2 1 3 0 0
2008.1 -7286.8 16.5 256 0 4.1 7.5 7.5 2.5 2 1 3 4 4
2066.0 -7374.1 15.5 267 0 5.7 14.6 5.0 2.5 2 0 2 2 2
2089.8 -7374.5 15.5 339 0 10.1 9.4 2.5 2.5 2 0 1 5 5
2099.1 -7389.5 15.5 342 0 9.8 9.5 2.5 2.5 2 0 1 5 5
2043.1 -7440.1 14.8 59 0 10.1 12.3 5.0 2.5 2 0 2 3 3
2058.7 -7408.1 15.3 3 0 9.3 13.0 7.5 2.5 2 1 3 5 5
1996.8 -7403.7 15.5 247 0 10.6 10.0 7.5 2.5 2 0 3 5 5
1980.2 -7377.9 15.7 158 0 7.4 11.1 7.5 2.5 2 0 3 1 1
1989.2 -7385.4 15.7 68 0 11.1 6.6 7.5 2.5 2 0 3 2 2
2040.6 -7370.6 15.6 70 0 10.7 9.3 7.5 2.5 2 0 3 1 1
2026.2 -7336.8 15.8 245 0 10.1 10.7 2.5 2.5 4 0 1 5 5
2016.8 -7341.2 15.8 245 0 10.6 10.7 2.5 2.5 2 0 1 5 5
2041.9 -7312.6 16.0 76 0 9.8 10.6 7.5 2.5 2 0 3 2 2
2044.5 -7257.7 16.4 252 0 10.2 10.8 5.0 2.5 2 1 2 5 5
2021.8 -7317.9 16.0 76 0 9.1 8.7 5.0 2.5 2 0 2 3 3
1994.8 -7273.7 16.6 256 0 9.0 9.0 5.0 2.5 2 0 2 0 0
2010.7 -7269.0 16.5 253 0 9.1 8.8 5.0 2.5 2 0 2 2 2
1975.3 -7294.1 16.4 257 0 9.3 8.3 5.0 2.5 2 0 2 0 0
1992.7 -7324.6 16.0 77 0 9.1 9.1 7.5 2.5 2 0 3 4 4
1966.2 -7334.6 16.0 66 0 10.4 10.3 2.5 0.0 0 0 1 4 4
1945.4 -7288.0 16.6 246 0 10.4 11.0 10.0 2.5 2 1 4 3 3
1950.6 -7312.9 16.3 157 0 10.3 10.6 5.0 2.5 2 1 2 3 3
2004.8 -7127.2 17.7 345 0 11.2 10.4 5.0 2.5 2 0 2 4 4
1977.2 -7126.9 18.0 255 0 10.4 10.3 7.5 2.5 2 0 3 5 5
1943.1 -7136.6 18.4 247 0 9.0 8.0 5.0 2.5 2 0 2 5 5
1905.6 -7055.1 19.7 165 0 4.2 9.9 7.5 2.5 2 1 3 1 1
1960.8 -7131.5 18.2 256 0 8.1 9.4 2.5 2.5 2 0 1 4 4
1961.7 -7163.4 17.2 76 0 6.0 4.5 2.5 0.0 0 0 1 4 4
2013.4 -7172.8 16.9 71 0 11.0 9.1 5.0 2.5 2 0 2 5 5
1995.3 -7179.9 16.9 75 0 10.4 10.5 7.5 2.5 4 0 3 0 0
1957.5 -7190.2 17.1 75 0 8.2 8.9 5.0 2.5 2 0 2 1 1
1936.0 -7195.9 17.3 76 0 9.5 9.1 7.5 0.0 0 0 3 0 0
1918.7 -7174.9 17.4 65 0 4.4 7.1 5.0 2.5 2 1 2 4 4
1895.5 -7187.3 17.5 157 0 9.4 11.0 5.0 2.5 2 0 2 0 0
1886.8 -7166.7 18.2 158 0 8.8 9.7 7.5 2.5 2 0 3 2 2
1901.6 -7149.3 18.7 244 0 5.3 6.9 5.0 2.5 2 1 2 1 1
1866.3 -7118.7 20.7 166 0 9.3 10.7 5.0 2.5 2 0 2 5 5
1903.0 -7103.3 20.3 253 0 9.0 9.1 5.0 2.5 2 0 2 3 3
1916.8 -7122.2 19.8 75 0 5.1 9.6 7.5 2.5 2 1 3 1 1
1923.2 -7097.8 19.8 255 0 9.9 10.1 2.5 2.5 2 0 1 4 4
1942.3 -7092.6 19.3 254 0 10.3 9.3 2.5 2.5 2 0 1 0 0
1958.3 -7088.0 18.9 256 0 7.2 11.9 5.0 2.5 2 0 2 0 0
1965.0 -7086.3 18.7 256 0 6.6 11.9 7.5 2.5 2 0 3 1 1
1981.4 -7081.6 18.3 253 0 9.6 11.0 2.5 2.5 2 1 1 2 2
1971.0 -7043.8 18.3 345 0 11.0 4.1 5.0 0.0 0 0 2 3 3
1965.3 -7038.0 18.4 345 0 10.8 4.7 5.0 2.5 2 0 2 2 2
1949.1 -7052.8 18.9 75 0 4.2 11.6 7.5 2.5 2 1 3 1 1
1947.5 -7070.3 19.0 74 0 10.6 9.4 5.0 2.5 2 0 2 1 1
1963.3 -7066.0 18.6 75 0 10.0 10.6 7.5 2.5 2 0 3 3 3
1985.0 -7055.0 18.1 343 0 10.1 10.4 7.5 2.5 2 1 3 1 1
1864.7 -7063.6 21.0 254 0 3.4 6.9 5.0 2.5 2 1 2 5 5
1865.4 -7092.4 21.1 76 0 10.0 9.9 2.5 0.0 0 0 1 0 0
1882.2 -7088.1 20.6 75 0 9.3 10.7 5.0 2.5 2 0 2 1 1
1898.0 -7083.9 20.2 76 0 10.8 9.3 7.5 2.5 2 0 3 5 5
1914.9 -7078.9 19.8 74 0 9.5 10.2 7.5 2.5 2 1 3 4 4
1897.9 -7054.7 20.1 252 0 3.4 5.3 7.5 2.5 4 1 3 3 3
1923.1 -7051.8 19.5 75 0 6.1 3.8 5.0 2.5 2 0 2 5 5
1903.1 -7019.9 18.2 164 0 8.3 18.9 5.0 2.5 2 1 2 2 2
1884.1 -7010.0 17.6 255 0 12.7 9.3 7.5 2.5 2 0 3 1 1
1888.0 -7045.9 19.5 76 0 11.3 10.1 5.0 2.5 2 0 2 2 2
1852.0 -7033.7 18.9 167 0 5.6 8.1 5.0 2.5 2 1 2 2 2
1835.3 -6970.9 15.8 74 0 7.7 3.2 5.0 2.5 2 0 2 5 5
1848.5 -6976.8 16.0 74 0 11.9 7.5 5.0 2.5 4 0 2 0 0
1904.7 -6932.9 16.5 335 0 5.9 4.3 5.0 2.5 2 0 2 4 4
1857.8 -6914.0 15.3 242 0 8.3 6.3 5.0 0.0 0 0 2 3 3
1836.8 -6913.9 14.8 256 0 12.3 9.2 7.5 2.5 2 0 3 5 5
1843.9 -6955.0 15.6 73 0 15.6 5.4 5.0 0.0 0 0 2 2 2
1809.6 -6954.4 15.0 164 0 9.8 10.4 7.5 2.5 2 1 3 0 0
2584.8 -6970.3 9.6 185 0 3.1 3.9 2.5 2.5 2 1 1 1 1
2603.5 -6973.4 9.5 105 0 4.8 3.5 5.0 2.5 2 0 2 5 5
2620.3 -6965.4 9.4 2 0 8.2 5.8 5.0 2.5 2 0 2 2 2
2589.3 -6840.6 9.4 357 0 8.8 13.0 7.5 2.5 2 1 3 2 2
2558.1 -6821.9 9.6 265 0 13.3 13.6 2.5 2.5 2 1 1 1 1
2677.3 -7077.7 9.1 258 0 12.1 9.6 2.5 2.5 2 0 1 1 1
2660.7 -7081.9 9.2 258 0 4.0 13.3 7.5 2.5 2 1 3 4 4
2640.4 -7105.6 9.4 78 0 3.5 8.9 7.5 2.5 2 0 3 0 0
2634.3 -7076.6 9.4 258 0 3.5 20.7 7.5 0.0 0 0 3 5 5
1607.4 -6629.6 13.1 67 0 5.9 6.5 7.5 2.5 2 0 3 1 1
2621.1 -7082.6 9.5 262 0 11.7 8.2 2.5 2.5 2 0 1 5 5
2582.3 -7091.5 9.8 254 0 3.7 9.3 7.5 2.5 2 0 3 5 5
2583.9 -7112.9 9.8 74 0 11.9 5.1 5.0 2.5 2 0 2 5 5
2565.6 -7082.4 9.9 261 0 13.1 9.2 5.0 2.5 2 0 2 1 1
2466.6 -7025.5 10.6 334 0 5.9 14.0 5.0 2.5 2 1 2 4 4
2453.9 -7043.5 10.7 159 0 11.1 4.8 5.0 2.5 2 0 2 3 3
2480.3 -7053.8 10.5 339 0 9.1 11.6 5.0 2.5 2 1 2 4 4
2292.0 -7178.3 13.7 339 0 15.4 9.0 7.5 2.5 2 0 3 2 2
2260.7 -7188.7 13.7 159 0 11.6 6.1 7.5 2.5 2 0 3 1 1
2282.5 -7193.5 13.5 339 0 9.3 12.6 7.5 2.5 2 1 3 3 3
2338.6 -7177.4 13.3 158 0 9.3 11.0 2.5 2.5 2 0 1 5 5
2334.5 -7180.6 13.4 158 0 12.3 5.0 7.5 2.5 2 0 3 0 0
2365.2 -7107.7 12.1 244 0 7.6 5.8 2.5 2.5 2 0 1 0 0
2346.0 -7117.1 12.6 244 0 6.3 5.8 5.0 2.5 2 0 2 3 3
2355.3 -7112.5 12.3 244 0 14.4 5.8 5.0 2.5 2 0 2 0 0
2392.2 -7125.4 12.0 337 0 22.0 8.6 2.5 2.5 2 0 1 1 1
2379.8 -7130.4 12.2 338 0 23.0 6.1 7.5 2.5 2 0 3 0 0
2349.0 -7143.4 13.1 252 0 8.9 10.8 2.5 2.5 2 1 1 5 5
2309.7 -7072.5 12.5 339 0 6.2 9.3 7.5 2.5 2 1 3 1 1
2319.0 -7095.9 12.7 338 0 9.1 12.0 2.5 2.5 2 1 1 1 1
1599.2 -6633.1 12.9 67 0 11.9 10.9 5.0 2.5 2 0 2 1 1
1605.9 -6665.7 12.9 339 0 4.2 7.6 5.0 2.5 2 1 2 0 0
1616.6 -6657.0 13.1 67 0 10.5 6.0 2.5 2.5 2 0 1 1 1
1626.9 -6710.2 13.3 337 0 4.7 7.8 2.5 0.0 0 0 1 4 4
1620.5 -6698.8 13.2 338 0 4.8 10.8 2.5 2.5 2 1 1 4 4
1598.9 -6715.4 13.9 158 0 9.4 8.3 7.5 2.5 2 0 3 1 1
1614.2 -6764.4 14.8 158 0 9.6 10.8 7.5 2.5 4 1 3 1 1
1644.5 -6805.1 15.5 337 0 10.4 10.6 5.0 0.0 0 1 2 4 4
1673.6 -6714.3 13.8 243 0 12.6 10.6 2.5 2.5 2 0 1 0 0
1723.7 -6929.4 15.6 346 0 3.9 14.4 2.5 2.5 2 1 1 3 3
1719.5 -6797.6 14.0 65 0 8.7 11.8 5.0 0.0 0 0 2 5 5
1762.6 -6824.6 13.5 66 0 6.0 11.9 5.0 2.5 2 1 2 3 3
1770.8 -6847.0 13.6 157 0 14.0 9.6 5.0 2.5 2 0 2 2 2
1707.9 -6890.1 15.2 345 0 4.3 10.9 7.5 2.5 2 0 3 1 1
1667.3 -6889.4 15.7 160 0 10.6 9.9 7.5 2.5 2 0 3 5 5
1675.3 -6916.6 16.1 164 0 3.4 7.4 5.0 2.5 2 1 2 1 1
1690.4 -6902.8 15.7 344 0 10.5 9.6 7.5 2.5 2 0 3 1 1
1716.1 -6915.8 15.5 254 0 5.6 6.5 7.5 2.5 4 1 3 3 3
1686.8 -6919.1 15.9 164 0 8.9 9.0 5.0 2.5 2 0 2 1 1
1690.7 -6933.9 15.8 162 0 11.7 9.2 2.5 2.5 2 0 1 4 4
1738.7 -6960.2 15.4 73 0 6.7 4.3 2.5 2.5 4 0 1 1 1
1733.2 -6977.9 15.4 64 0 6.8 9.0 5.0 2.5 2 0 2 2 2
1761.7 -6967.9 15.2 67 0 6.6 14.3 7.5 2.5 2 1 3 2 2
1551.9 -7062.3 18.3 235 0 8.3 15.4 5.0 2.5 4 1 2 4 4
1318.8 -6974.0 15.6 159 0 13.7 7.3 2.5 2.5 2 0 1 3 3
1350.4 -6991.7 16.1 245 0 8.4 4.2 7.5 2.5 2 0 3 5 5
1358.9 -6987.7 16.2 157 0 9.2 12.3 7.5 2.5 2 1 3 1 1
972.3 -7041.0 11.6 247 0 10.0 8.6 5.0 2.5 2 0 2 2 2
959.0 -7142.5 12.0 160 0 24.9 11.2 7.5 2.5 2 0 3 3 3
1008.4 -7128.8 12.5 345 0 6.0 13.9 5.0 2.5 2 1 2 0 0
1012.3 -7101.8 12.4 339 0 10.5 8.7 7.5 2.5 2 0 3 2 2
992.4 -7056.2 12.0 249 0 6.2 11.3 2.5 2.5 2 1 1 3 3
1014.4 -7059.7 12.1 342 0 20.8 9.4 5.0 2.5 2 0 2 3 3
1920.6 -7915.4 11.4 274 0 9.7 21.7 7.5 0.0 0 1 3 1 1
1957.8 -7873.2 11.0 93 0 3.1 5.6 2.5 2.5 2 1 1 3 3
1931.5 -7869.6 11.2 98 0 4.9 6.2 7.5 2.5 2 1 3 3 3
1940.5 -7842.9 11.2 276 0 3.7 3.4 5.0 2.5 2 0 2 3 3
1951.7 -7834.5 11.0 276 0 24.1 9.6 7.5 2.5 2 0 3 4 4
1963.9 -7168.5 17.2 74 0 6.1 4.3 5.0 0.0 0 0 2 4 4
1894.2 -6925.0 16.1 329 0 7.6 4.8 5.0 2.5 2 0 2 5 5
1860.1 -6932.4 15.7 242 0 3.0 4.5 5.0 2.5 2 1 2 3 3
1866.5 -6936.9 15.8 256 0 14.9 5.6 7.5 2.5 2 0 3 1 1
1878.8 -6905.1 15.5 263 0 7.3 13.9 5.0 2.5 4 1 2 3 3
1881.5 -6957.6 16.3 62 0 9.9 9.4 5.0 2.5 2 0 2 0 0
1886.2 -6965.4 16.5 62 0 10.9 9.1 5.0 2.5 2 0 2 3 3
1922.7 -6948.3 16.9 334 0 11.1 9.3 7.5 2.5 2 0 3 3 3
1901.4 -6961.8 16.7 61 0 6.5 11.4 5.0 2.5 2 1 2 0 0
1958.8 -7025.3 18.4 345 0 3.5 5.8 2.5 2.5 2 1 1 2 2
2016.3 -7412.8 15.3 247 0 5.0 4.3 7.5 2.5 2 0 3 4 4
1854.7 -7054.9 19.9 74 0 8.8 14.0 5.0 2.5 2 1 2 4 4
1892.4 -7108.9 20.5 254 0 4.3 7.4 7.5 2.5 2 0 3 1 1
1889.2 -7124.7 20.2 74 0 7.6 6.9 5.0 2.5 4 0 2 4 4
1915.8 -7202.4 17.4 67 0 3.8 7.2 7.5 0.0 0 0 3 5 5
1909.8 -7205.0 17.4 67 0 10.5 9.9 2.5 2.5 2 0 1 1 1
1912.8 -7148.6 18.1 247 0 9.4 13.4 5.0 0.0 0 0 2 2 2
1924.7 -7146.7 18.2 247 0 8.2 10.4 7.5 2.5 2 0 3 3 3
1944.1 -7176.2 17.3 76 0 4.2 7.8 5.0 2.5 2 1 2 3 3
2002.3 -7156.6 17.1 344 0 8.9 3.5 5.0 2.5 2 0 2 2 2
1985.4 -7203.1 16.9 257 0 11.4 13.2 10.0 2.5 2 1 4 3 3
1977.9 -7222.2 16.9 256 0 4.3 8.0 2.5 2.5 2 1 1 2 2
1946.4 -7249.7 16.9 66 0 3.7 8.5 5.0 2.5 2 1 2 3 3
1936.0 -7270.5 16.9 69 0 8.4 9.8 7.5 0.0 0 1 3 4 4
1956.8 -7281.7 16.7 246 0 4.4 5.2 7.5 2.5 2 1 3 4 4
1978.0 -7312.3 16.3 67 0 4.1 8.6 5.0 2.5 2 0 2 3 3
2026.8 -7263.0 16.5 252 0 9.8 10.7 5.0 0.0 0 1 2 0 0
2029.4 -7297.4 16.4 75 0 3.6 8.0 5.0 2.5 2 0 2 2 2
2030.5 -7301.6 16.3 75 0 3.6 4.3 7.5 2.5 2 0 3 1 1
2025.8 -7298.3 16.3 75 0 3.7 8.1 2.5 2.5 2 0 1 5 5
2047.7 -7296.1 16.3 71 0 3.2 4.6 7.5 0.0 0 1 3 3 3
2060.5 -7307.7 16.1 75 0 9.0 10.7 2.5 2.5 2 1 1 1 1
2060.3 -7350.2 15.7 71 0 4.5 4.6 7.5 2.5 2 1 3 1 1
2051.7 -7330.3 15.8 246 0 3.4 6.1 7.5 2.5 2 0 3 1 1
2023.7 -7370.2 15.7 66 0 5.1 6.6 5.0 0.0 0 1 2 0 0
2000.3 -7343.9 15.8 261 0 7.9 11.2 5.0 2.5 2 1 2 0 0
2012.2 -7381.0 15.6 68 0 5.8 9.9 2.5 2.5 2 1 1 4 4
2044.7 -7331.9 15.8 246 0 10.7 10.5 7.5 2.5 2 0 3 5 5
2055.8 -7365.6 15.6 70 0 6.4 9.8 5.0 2.5 2 1 2 5 5
2073.1 -7382.6 15.5 266 0 7.9 3.7 5.0 0.0 0 0 2 2 2
2072.1 -7386.3 15.5 266 0 5.4 3.5 7.5 0.0 0 0 3 3 3
2084.3 -7387.6 15.5 334 0 6.3 3.7 5.0 2.5 2 0 2 3 3
2081.8 -7411.6 15.2 55 0 5.8 10.1 7.5 2.5 2 1 3 3 3
2003.3 -7430.3 15.0 155 0 13.8 9.6 7.5 2.5 2 0 3 3 3
2022.6 -7453.0 14.9 66 0 9.8 12.0 2.5 2.5 2 1 1 5 5
2013.5 -7405.6 15.5 246 0 4.2 6.2 2.5 2.5 2 1 1 2 2
2858.3 -7083.7 7.7 80 0 10.4 10.9 5.0 2.5 2 1 2 3 3
2833.5 -7063.2 7.9 265 0 9.9 8.4 5.0 2.5 2 0 2 3 3
2943.8 -7031.3 7.1 85 0 3.9 5.3 5.0 0.0 0 0 2 2 2
2935.2 -7026.8 7.1 265 0 12.3 5.3 5.0 0.0 0 0 2 5 5
2925.5 -7027.7 7.2 265 0 7.2 5.3 7.5 2.5 2 0 3 4 4
2995.7 -7236.2 7.0 95 0 6.7 19.1 7.5 2.5 2 1 3 0 0
2975.0 -7180.8 7.1 270 0 4.8 10.4 5.0 2.5 4 1 2 3 3
2974.8 -7206.7 7.1 189 0 6.7 6.8 7.5 2.5 4 0 3 0 0
2970.7 -7200.2 7.1 189 0 4.7 11.9 7.5 2.5 4 0 3 0 0
2997.5 -7180.3 6.9 268 0 7.5 11.6 7.5 2.5 4 1 3 3 3
2926.3 -6964.2 7.0 171 0 5.3 11.0 2.5 2.5 2 0 1 4 4
2938.7 -6972.4 7.0 351 0 14.6 11.0 7.5 2.5 2 0 3 1 1
2833.8 -6977.8 7.8 272 0 8.9 3.9 7.5 2.5 2 0 3 1 1
2827.4 -7000.7 7.9 85 0 7.8 4.0 7.5 2.5 2 0 3 3 3
2834.0 -7044.1 7.8 87 0 9.1 13.3 2.5 0.0 0 1 1 2 2
2854.7 -6982.4 7.7 354 0 10.1 8.9 5.0 2.5 2 0 2 5 5
2879.5 -6956.9 7.4 268 0 14.1 5.1 7.5 2.5 2 0 3 2 2
2901.8 -6991.2 7.3 75 0 22.4 5.4 7.5 2.5 4 0 3 4 4
2898.1 -6957.3 7.3 353 0 4.2 7.5 2.5 2.5 2 0 1 5 5
2910.3 -6957.2 7.2 353 0 7.1 12.1 7.5 2.5 2 0 3 3 3
