2657.2 -2607.7 7.3 99 0 8.3 24.2 2.5 2.5 2 1 1 5 5
2640.4 -2545.4 7.1 294 0 11.9 13.5 5.0 2.5 2 1 2 0 0
1666.1 5010.6 -6.7 20 0 23.4 20.3 2.5 0.0 0 0 1 3 3
3052.7 3642.6 -3.8 199 0 13.1 16.4 3.5 2.5 2 1 1 2 2
6846.6 8261.8 -7.4 299 0 8.6 10.1 7.5 2.5 2 1 3 2 2
6862.9 8195.0 -7.2 34 0 58.0 14.2 10.0 2.5 2 0 4 5 5
6818.7 8208.9 -7.8 124 0 45.9 16.4 7.5 2.5 2 0 3 3 3
6776.6 8430.6 -5.3 313 0 10.5 17.8 2.5 2.5 2 1 1 2 2
4051.4 8333.5 -11.8 9 0 10.5 13.1 7.5 2.5 2 1 3 5 5
4027.1 8313.3 -11.7 185 0 11.0 17.1 5.0 2.5 2 1 2 1 1
3965.6 8242.8 -11.2 100 0 6.1 10.6 5.0 2.5 2 1 2 0 0
4065.6 8461.4 -12.0 212 0 8.5 16.7 7.5 2.5 2 1 3 1 1
1128.4 5235.4 -5.8 103 0 10.3 10.1 5.0 2.5 2 0 2 1 1
1065.0 5070.4 -4.4 16 0 33.1 12.5 5.0 2.5 2 0 2 0 0
1051.9 5038.7 -4.0 285 0 12.7 36.5 5.0 2.5 4 1 2 4 4
1003.2 4869.4 -0.8 13 0 12.4 8.9 5.0 2.5 2 0 2 2 2
992.5 4825.3 -2.8 18 0 12.2 9.2 5.0 2.5 2 0 2 0 0
987.2 4925.8 -1.7 15 0 18.6 24.6 2.5 2.5 2 0 1 3 3
992.0 4943.4 -2.3 15 0 17.8 24.6 2.5 2.5 2 0 1 3 3
981.6 4913.3 -0.9 288 0 4.9 10.9 2.5 2.5 2 1 1 3 3
6158.4 -6133.0 10.2 176 0 13.3 5.5 2.5 2.5 2 0 1 4 4
6161.6 -6227.4 10.3 273 0 7.9 11.9 2.5 2.5 2 1 1 0 0
6176.9 -6419.6 9.9 6 0 7.9 20.4 5.0 2.5 4 0 2 4 4
6196.1 -5973.1 10.1 358 0 6.6 7.3 2.5 2.5 2 0 1 3 3
6298.7 -5662.4 10.1 96 0 12.9 9.0 5.0 2.5 2 0 2 1 1
6164.0 -6018.4 10.0 178 0 6.9 7.7 2.5 2.5 2 0 1 1 1
6147.4 -6317.5 10.1 94 0 11.6 24.7 10.0 2.5 2 1 4 4 4
6193.7 -6221.5 10.5 1 0 9.6 16.5 7.5 2.5 2 1 3 5 5
6189.8 -6421.1 10.1 7 0 8.2 13.0 2.5 2.5 2 0 1 3 3
6171.8 -6018.2 10.1 178 0 6.9 15.0 5.0 2.5 2 0 2 3 3
6164.1 -5952.0 9.7 268 0 21.0 6.4 7.5 0.0 0 0 3 3 3
6198.8 -6123.9 10.5 2 0 9.7 12.4 5.0 2.5 2 0 2 3 3
6172.0 -6453.3 9.7 1 0 8.6 10.3 2.5 2.5 2 0 1 0 0
6188.9 -5973.3 10.1 358 0 6.6 6.2 5.0 2.5 2 0 2 4 4
6159.4 -5993.2 9.9 269 0 5.0 9.0 7.5 2.5 4 1 3 4 4
6190.9 -6307.3 10.6 2 0 14.5 7.9 5.0 2.5 2 0 2 0 0
6186.0 -5760.9 9.5 267 0 10.0 5.0 5.0 2.5 2 0 2 1 1
6184.4 -6453.5 9.8 1 0 8.6 12.4 2.5 2.5 2 0 1 4 4
6168.4 -6393.2 10.1 274 0 14.5 6.5 5.0 2.5 2 0 2 2 2
6186.4 -6123.4 10.4 3 0 9.8 10.9 7.5 0.0 0 0 3 4 4
6194.5 -5760.4 9.7 267 0 7.1 9.1 5.0 2.5 4 0 2 5 5
6184.9 -5951.1 10.0 267 0 20.6 6.4 7.5 2.5 2 0 3 4 4
6183.1 -6249.5 10.5 0 0 10.1 8.8 7.5 2.5 2 0 3 1 1
6308.4 -5654.4 10.1 276 0 4.5 11.3 5.0 0.0 0 0 2 0 0
6137.1 -6395.7 9.7 274 0 15.4 25.4 10.0 2.5 2 1 4 1 1
4991.1 2935.2 -0.8 116 0 25.5 20.6 10.0 2.5 2 0 4 1 1
-3031.5 -6862.9 -7.0 27 0 16.1 14.2 5.0 2.5 2 0 2 0 0
-6806.1 -5654.2 -20.7 7 0 4.6 6.6 5.0 2.5 2 1 2 5 5
-6744.4 -5540.1 -20.6 8 0 11.0 6.4 2.5 2.5 4 0 1 2 2
-6764.0 -5533.5 -20.9 279 0 9.4 9.1 7.5 2.5 2 0 3 0 0
-6825.7 -5548.3 -21.6 190 0 16.7 6.8 7.5 2.5 2 0 3 1 1
-6800.5 -5564.5 -21.0 7 0 3.9 10.5 5.0 2.5 2 1 2 0 0
-6794.0 -5552.7 -21.1 8 0 13.1 8.5 2.5 2.5 2 0 1 5 5
-6780.5 -5581.9 -21.0 187 0 16.0 9.1 2.5 2.5 2 0 1 4 4
-6864.0 -5866.2 -21.0 96 0 6.4 9.7 7.5 2.5 2 1 3 4 4
-6806.7 -5598.6 -21.1 5 0 5.8 11.6 2.5 2.5 4 1 1 2 2
-6759.7 -5624.9 -20.7 6 0 6.6 9.5 5.0 2.5 2 1 2 2 2
-6758.9 -5638.4 -20.6 8 0 5.0 9.1 5.0 2.5 2 0 2 0 0
-6764.7 -5654.0 -20.6 98 0 7.2 13.8 5.0 2.5 2 0 2 0 0
-6843.4 -5658.7 -21.2 187 0 19.1 8.0 7.5 2.5 2 0 3 0 0
-6816.6 -5671.6 -21.3 9 0 10.9 11.3 10.0 2.5 4 0 4 3 3
-6805.0 -5673.6 -21.2 10 0 10.9 11.8 5.0 2.5 2 0 2 1 1
-6808.6 -5702.1 -21.5 9 0 9.9 5.5 5.0 2.5 2 0 2 1 1
-6811.5 -5725.0 -21.3 9 0 12.0 8.4 5.0 2.5 2 0 2 5 5
-6846.2 -5716.2 -21.2 188 0 17.9 7.8 7.5 2.5 2 0 3 2 2
-6828.0 -5737.4 -21.1 6 0 8.7 4.7 7.5 2.5 4 0 3 4 4
-6828.8 -5746.6 -21.1 5 0 9.8 4.7 5.0 2.5 2 0 2 5 5
-6789.5 -5743.5 -21.5 278 0 8.7 4.1 2.5 2.5 4 0 1 5 5
-6774.4 -5762.4 -21.5 9 0 7.9 5.9 2.5 2.5 2 0 1 5 5
-6789.5 -5790.9 -21.3 7 0 11.6 5.2 5.0 2.5 2 0 2 4 4
-6816.4 -5772.9 -21.1 6 0 11.0 5.1 5.0 2.5 2 0 2 4 4
-6827.3 -5784.8 -21.0 6 0 9.6 4.8 5.0 0.0 0 0 2 4 4
-6830.5 -5804.4 -20.9 6 0 10.8 4.7 7.5 0.0 0 0 3 1 1
-6831.4 -5837.1 -20.7 6 0 13.9 8.2 5.0 2.5 2 0 2 3 3
-6859.9 -5833.1 -20.6 186 0 14.6 6.3 2.5 2.5 2 0 1 5 5
-6839.0 -5869.6 -21.2 97 0 7.3 14.4 5.0 0.0 0 1 2 4 4
-6819.5 -5859.4 -21.1 193 0 8.0 8.0 2.5 2.5 2 0 1 2 2
-6789.6 -5870.1 -21.5 7 0 14.6 7.1 5.0 2.5 2 0 2 0 0
-6816.6 -5878.9 -21.6 189 0 5.8 8.2 7.5 2.5 2 1 3 0 0
-6760.8 -6702.3 -21.4 359 0 9.2 9.7 5.0 2.5 2 0 2 2 2
-6794.3 -6691.9 -22.9 268 0 12.3 6.4 7.5 2.5 4 0 3 2 2
-6770.5 -6702.4 -21.9 359 0 9.3 10.3 7.5 2.5 2 0 3 2 2
-6785.4 -6735.9 -22.8 89 0 10.4 24.0 7.5 2.5 2 1 3 3 3
-6811.7 -6481.5 -19.4 168 0 11.8 6.1 7.5 2.5 2 0 3 0 0
-6754.1 -6328.4 -22.0 4 0 10.0 6.6 5.0 2.5 2 0 2 3 3
-6752.9 -6299.1 -22.0 278 0 5.9 7.7 7.5 2.5 2 1 3 4 4
-6867.9 -5905.5 -22.0 94 0 6.3 18.5 2.5 0.0 0 1 1 0 0
-6847.9 -5906.1 -22.1 95 0 5.5 7.8 7.5 2.5 2 1 3 2 2
-6856.1 -5989.9 -23.2 189 0 7.4 8.2 7.5 2.5 2 1 3 3 3
-6826.6 -6064.4 -23.1 88 0 7.9 16.5 5.0 2.5 2 1 2 1 1
-6819.5 -6149.9 -22.6 267 0 3.9 13.0 7.5 2.5 2 1 3 0 0
-6811.0 -6182.8 -22.6 356 0 18.7 8.9 2.5 2.5 2 0 1 5 5
-6819.0 -6194.9 -22.7 176 0 4.3 8.9 5.0 2.5 2 0 2 2 2
-6775.7 -6320.2 -22.1 183 0 7.4 9.1 5.0 2.5 2 0 2 2 2
-6783.8 -6326.6 -21.8 183 0 6.1 7.8 7.5 2.5 2 0 3 4 4
-6777.8 -6329.9 -21.6 273 0 8.3 10.8 5.0 2.5 4 0 2 3 3
841.7 6008.4 -12.3 26 0 9.8 9.0 2.5 2.5 2 0 1 4 4
850.5 6033.2 -12.3 21 0 8.0 7.4 2.5 2.5 2 0 1 1 1
765.8 5801.6 -8.3 10 0 18.8 7.2 2.5 2.5 2 0 1 5 5
858.7 6061.5 -12.4 2 0 8.1 6.5 2.5 2.5 2 0 1 1 1
908.8 5989.1 -12.8 100 0 8.0 4.4 2.5 2.5 2 0 1 4 4
880.4 5998.3 -12.6 100 0 9.4 12.0 5.0 2.5 2 1 2 0 0
915.2 5932.2 -12.5 12 0 30.7 5.5 2.5 2.5 2 0 1 0 0
900.1 5940.3 -12.5 12 0 21.0 5.8 5.0 0.0 0 0 2 4 4
884.8 5974.6 -12.6 281 0 14.0 8.1 5.0 0.0 0 0 2 5 5
864.9 5948.5 -12.4 191 0 18.8 7.5 5.0 2.5 2 0 2 5 5
897.0 5915.4 -12.2 12 0 9.5 29.9 5.0 2.5 2 1 2 4 4
812.6 5921.0 -11.7 13 0 6.2 18.1 2.5 2.5 2 1 1 0 0
831.3 5919.7 -12.0 12 0 5.7 13.7 7.5 0.0 0 1 3 3 3
863.4 5886.0 -11.6 13 0 7.0 11.2 5.0 2.5 2 1 2 5 5
817.9 5878.2 -10.7 14 0 9.4 11.9 5.0 2.5 2 0 2 5 5
823.2 5886.9 -11.0 14 0 10.0 9.3 2.5 2.5 2 0 1 4 4
1020.3 4202.1 -0.6 6 0 18.2 8.1 2.5 2.5 2 0 1 5 5
998.6 4171.7 -0.5 95 0 21.0 10.0 2.5 0.0 0 0 1 2 2
982.0 4204.5 -0.3 185 0 21.2 10.8 5.0 2.5 2 0 2 3 3
1009.0 4232.4 -0.5 275 0 12.0 12.2 5.0 2.5 2 1 2 4 4
1817.5 3914.2 -2.9 6 0 11.3 8.6 5.0 2.5 2 0 2 2 2
1867.6 4170.6 -2.5 282 0 24.1 10.0 2.5 2.5 2 0 1 2 2
1849.8 4150.0 -2.6 193 0 27.7 6.0 2.5 2.5 2 0 1 4 4
1864.9 4124.8 -2.7 103 0 11.0 12.2 5.0 2.5 2 1 2 4 4
1812.1 4034.4 -2.9 197 0 5.3 10.1 2.5 2.5 2 0 1 4 4
791.0 5789.3 -8.3 11 0 11.1 4.7 2.5 0.0 0 0 1 2 2
737.7 5688.2 -5.5 104 0 15.0 7.0 2.5 2.5 2 0 1 1 1
754.4 5686.0 -5.6 102 0 5.1 7.5 2.5 0.0 0 0 1 4 4
759.5 5678.9 -5.5 106 0 7.9 3.9 2.5 0.0 0 0 1 4 4
778.4 5680.2 -5.7 193 0 8.8 8.5 5.0 0.0 0 0 2 3 3
775.1 5663.0 -5.3 191 0 10.8 9.1 5.0 2.5 2 0 2 4 4
772.6 5650.0 -4.9 189 0 4.2 8.2 2.5 2.5 2 1 1 5 5
754.3 5656.1 -5.1 11 0 4.3 11.4 2.5 2.5 2 1 1 5 5
709.1 5597.8 -3.7 102 0 13.4 6.4 2.5 2.5 2 0 1 3 3
742.2 5624.8 -4.3 8 0 10.4 8.9 5.0 2.5 2 0 2 3 3
765.1 5614.7 -4.2 191 0 11.0 4.8 2.5 2.5 2 0 1 1 1
739.9 5604.8 -3.9 8 0 12.1 12.4 5.0 2.5 4 1 2 4 4
774.5 5564.9 -3.8 12 0 10.6 9.7 2.5 0.0 0 0 1 1 1
746.5 5534.2 -3.4 195 0 4.6 7.1 2.5 2.5 2 1 1 5 5
963.6 5274.8 -2.9 104 0 4.2 5.0 3.5 2.5 2 1 1 2 2
670.9 5675.7 -4.9 283 0 6.6 14.4 2.5 2.5 2 1 1 1 1
624.1 5719.5 -6.0 103 0 10.5 9.8 7.5 2.5 2 0 3 0 0
597.5 5720.5 -6.1 102 0 10.0 6.8 2.5 2.5 2 0 1 0 0
594.6 5660.6 -4.9 190 0 12.7 24.0 2.5 2.5 2 0 1 0 0
578.6 5611.2 -4.8 324 0 18.7 32.0 2.5 0.0 0 0 1 3 3
585.1 5627.7 -4.5 190 0 30.6 12.5 5.0 0.0 0 0 2 5 5
732.9 5552.7 -3.5 10 0 10.3 8.9 5.0 2.5 2 0 2 0 0
748.0 5511.5 -3.3 190 0 11.1 15.6 5.0 2.5 2 1 2 5 5
737.8 5469.2 -3.3 191 0 10.6 15.6 5.0 2.5 4 1 2 1 1
729.4 5439.3 -3.1 192 0 9.2 10.6 5.0 2.5 2 1 2 4 4
712.8 5478.2 -2.7 15 0 7.5 10.7 2.5 2.5 2 1 1 3 3
1441.2 3139.5 -1.4 9 0 20.1 10.3 2.5 2.5 2 0 1 3 3
737.5 5485.3 -3.1 191 0 10.4 7.8 2.5 2.5 2 0 1 0 0
56.4 5336.6 -3.9 93 0 6.4 7.1 5.0 2.5 2 1 2 2 2
1498.2 3710.8 -2.4 182 0 6.1 14.2 2.5 2.5 4 1 1 2 2
1529.6 3739.4 -2.6 272 0 11.0 20.1 2.5 2.5 2 1 1 4 4
1411.1 3659.2 -1.9 183 0 5.6 21.7 2.5 2.5 2 1 1 5 5
1391.8 3683.3 -2.1 184 0 32.0 11.3 2.5 2.5 2 0 1 1 1
1470.0 3612.4 -1.8 92 0 14.4 6.1 2.5 2.5 2 0 1 0 0
1385.2 3536.5 -1.2 189 0 6.1 13.0 2.5 2.5 2 1 1 5 5
1390.5 3567.3 -1.3 188 0 8.6 14.8 5.0 2.5 2 1 2 1 1
1463.5 3503.5 -1.1 98 0 18.9 5.6 2.5 2.5 2 0 1 5 5
1383.6 3508.1 -1.3 187 0 5.7 11.7 2.5 2.5 2 1 1 2 2
1441.8 3446.3 -1.4 99 0 13.9 4.9 2.5 2.5 2 0 1 2 2
1423.1 3125.9 -1.4 13 0 6.7 17.3 2.5 2.5 2 1 1 0 0
1416.7 3168.4 -1.4 279 0 22.1 8.1 2.5 2.5 2 0 1 2 2
1324.9 3197.3 -1.5 277 0 22.2 9.3 5.0 2.5 2 0 2 2 2
1297.1 3175.0 -1.6 188 0 23.9 11.0 5.0 2.5 2 0 2 4 4
1298.9 3088.3 -1.5 99 0 23.7 7.9 5.0 2.5 2 0 2 4 4
1275.1 3110.6 -1.6 189 0 20.8 9.8 2.5 2.5 2 0 1 2 2
1332.0 3098.4 -1.5 9 0 8.2 18.1 5.0 2.5 2 1 2 0 0
1388.2 3150.2 -1.4 191 0 7.1 15.3 5.0 0.0 0 1 2 0 0
1398.5 3488.8 -1.3 96 0 10.2 10.7 5.0 2.5 2 1 2 5 5
1451.1 3515.8 -1.1 101 0 8.4 12.2 2.5 2.5 2 1 1 2 2
1408.4 3547.2 -1.2 9 0 12.2 6.0 2.5 2.5 2 0 1 2 2
1484.1 3720.6 -2.5 93 0 9.7 13.7 5.0 2.5 2 1 2 3 3
1445.6 3761.8 -2.6 6 0 6.9 13.3 2.5 2.5 2 1 1 5 5
1435.3 3818.5 -2.9 181 0 4.6 12.4 5.0 2.5 2 1 2 4 4
1461.2 3807.4 -2.8 3 0 11.2 12.3 5.0 2.5 2 1 2 4 4
1495.1 3813.0 -2.9 178 0 8.4 11.0 7.5 2.5 2 1 3 0 0
1436.4 3876.1 -2.8 188 0 9.6 11.3 2.5 2.5 2 1 1 1 1
1451.5 3885.0 -2.9 188 0 5.2 14.7 2.5 2.5 4 1 1 1 1
1438.6 3886.6 -2.8 187 0 5.1 12.0 2.5 2.5 2 0 1 2 2
1457.5 3909.9 -2.9 280 0 8.6 4.6 2.5 2.5 2 0 1 2 2
1474.1 3899.3 -3.0 278 0 10.3 11.3 5.0 2.5 2 1 2 5 5
1499.1 3781.7 -2.8 90 0 8.6 9.9 2.5 2.5 2 1 1 3 3
1537.7 3835.7 -3.1 4 0 6.0 13.2 2.5 2.5 4 1 1 3 3
1513.1 3886.8 -3.3 195 0 7.5 14.7 5.0 2.5 2 1 2 0 0
1513.0 3915.4 -3.2 280 0 9.2 11.0 2.5 2.5 2 1 1 5 5
-50.1 5333.2 -2.4 271 0 8.8 13.8 5.0 2.5 2 1 2 1 1
3.4 5503.3 -5.5 272 0 13.9 11.2 5.0 2.5 4 0 2 3 3
0.1 5476.0 -5.4 272 0 12.0 8.1 2.5 2.5 2 0 1 1 1
-60.3 5456.2 -2.9 181 0 9.9 9.6 2.5 0.0 0 0 1 5 5
-58.8 5483.8 -2.6 180 0 9.2 8.8 2.5 2.5 2 0 1 3 3
60.4 5502.0 -5.9 282 0 6.0 7.0 2.5 2.5 2 1 1 4 4
85.7 5515.0 -6.2 10 0 8.7 25.3 2.5 2.5 2 0 1 2 2
95.8 5497.8 -5.3 282 0 9.9 11.0 7.5 2.5 2 1 3 3 3
67.8 5478.3 -5.3 236 0 7.5 14.3 7.5 2.5 2 1 3 3 3
85.7 5442.1 -4.6 83 0 9.2 14.9 5.0 2.5 2 1 2 5 5
109.6 5380.8 -2.9 2 0 11.2 11.3 5.0 2.5 2 1 2 0 0
144.8 5231.4 -2.3 3 0 9.5 9.1 5.0 2.5 2 0 2 4 4
168.6 5186.7 0.6 273 0 12.1 10.1 5.0 2.5 4 0 2 2 2
169.9 5242.9 -1.3 183 0 16.4 10.5 5.0 2.5 2 0 2 4 4
196.9 5216.8 -0.6 92 0 10.0 15.1 5.0 0.0 0 1 2 5 5
203.9 5292.1 -0.5 273 0 6.5 10.9 5.0 2.5 2 1 2 5 5
129.4 5325.0 -2.6 183 0 11.0 10.5 7.5 2.5 2 0 3 2 2
155.4 5320.0 -2.2 92 0 10.3 8.5 7.5 0.0 0 0 3 4 4
203.7 5315.6 -1.2 93 0 13.1 11.4 7.5 2.5 2 0 3 4 4
218.6 5315.9 -0.7 93 0 9.0 10.7 5.0 2.5 2 1 2 0 0
132.2 5371.8 -2.2 186 0 9.8 8.9 7.5 2.5 2 0 3 1 1
204.5 5389.9 -1.4 273 0 12.8 11.0 7.5 2.5 2 0 3 4 4
222.0 5388.9 -1.0 273 0 12.7 10.9 7.5 2.5 2 0 3 5 5
254.8 5383.7 -0.6 3 0 8.7 11.0 7.5 2.5 4 1 3 2 2
276.6 5349.1 0.3 183 0 10.1 11.2 7.5 2.5 2 1 3 2 2
276.5 5324.1 0.8 183 0 5.2 10.4 7.5 2.5 2 1 3 0 0
274.3 5276.9 1.8 184 0 9.4 8.9 5.0 2.5 2 0 2 1 1
273.0 5256.2 1.8 183 0 11.0 9.9 7.5 2.5 2 0 3 2 2
289.9 5216.1 2.4 183 0 5.7 11.2 2.5 0.0 0 1 1 0 0
270.4 5205.2 1.8 183 0 11.5 11.2 5.0 2.5 2 0 2 2 2
275.5 5181.3 2.4 93 0 10.2 11.1 7.5 2.5 2 1 3 3 3
324.4 5177.8 3.7 4 0 10.7 9.9 7.5 2.5 4 0 3 5 5
315.8 5240.8 3.0 3 0 8.9 10.9 2.5 2.5 2 0 1 4 4
305.1 5246.9 2.6 3 0 11.7 8.0 2.5 2.5 2 0 1 1 1
330.7 5247.5 4.3 4 0 10.0 9.9 7.5 2.5 4 0 3 4 4
333.7 5273.1 4.5 3 0 14.1 9.7 5.0 2.5 4 0 2 4 4
341.0 5297.7 4.0 3 0 10.5 10.3 5.0 2.5 2 0 2 3 3
345.4 5315.2 3.4 4 0 7.5 11.0 5.0 2.5 2 1 2 1 1
350.5 5340.2 3.0 4 0 12.1 9.8 7.5 2.5 2 0 3 4 4
338.2 5361.2 1.1 3 0 10.1 18.0 5.0 2.5 2 1 2 0 0
164.9 5504.5 -4.3 281 0 14.7 6.9 2.5 2.5 2 0 1 2 2
145.4 5503.0 -4.6 282 0 7.1 18.2 5.0 2.5 2 1 2 5 5
173.2 5462.8 -3.3 281 0 9.2 16.3 5.0 2.5 2 1 2 2 2
200.7 5458.7 -2.9 285 0 10.7 12.8 7.5 0.0 0 1 3 5 5
232.8 5458.0 -2.2 193 0 8.3 10.9 5.0 2.5 2 1 2 0 0
265.8 5446.8 -1.5 103 0 6.1 13.1 2.5 2.5 2 1 1 2 2
307.7 5459.6 -1.7 14 0 10.0 26.0 2.5 2.5 2 1 1 3 3
298.4 5430.9 -0.7 101 0 13.1 10.0 7.5 2.5 4 0 3 0 0
332.1 5433.6 -0.5 104 0 11.4 14.8 2.5 2.5 2 1 1 3 3
357.6 5466.6 -1.0 282 0 9.2 6.5 5.0 2.5 2 0 2 1 1
358.7 5427.0 0.2 103 0 12.3 9.3 5.0 2.5 2 0 2 2 2
379.9 5419.0 0.3 73 0 5.7 17.7 7.5 0.0 0 1 3 3 3
420.6 5424.4 0.8 104 0 12.6 10.4 5.0 2.5 2 0 2 2 2
453.8 5459.4 0.1 282 0 5.0 10.6 2.5 2.5 2 1 1 1 1
485.2 5405.8 1.7 102 0 14.6 14.6 7.0 2.5 2 0 2 4 4
517.4 5400.3 1.4 101 0 3.8 10.9 2.5 2.5 2 1 1 2 2
534.4 5403.0 1.1 100 0 12.9 9.1 5.0 2.5 2 0 2 1 1
561.9 5385.0 1.0 99 0 10.2 13.5 5.0 2.5 2 1 2 0 0
591.4 5392.8 0.6 100 0 7.9 3.5 2.5 0.0 0 0 1 2 2
1384.8 4152.9 -2.9 16 0 5.0 8.5 2.5 2.5 2 0 1 0 0
1383.9 4164.8 -2.9 286 0 8.5 8.7 5.0 2.5 2 0 2 1 1
608.5 5375.3 0.6 100 0 5.5 10.0 3.5 2.5 2 1 1 0 0
695.3 5351.5 -0.5 13 0 7.9 12.1 2.5 0.0 0 1 1 3 3
647.3 5376.3 -0.0 103 0 14.4 7.6 2.5 2.5 2 0 1 4 4
698.3 5424.4 -2.0 282 0 11.8 20.1 5.0 2.5 2 1 2 0 0
747.1 5409.3 -2.7 11 0 9.4 5.3 2.5 2.5 2 0 1 3 3
720.3 5405.8 -2.2 190 0 5.0 12.6 5.0 2.5 2 1 2 4 4
725.1 5364.5 -1.8 191 0 4.1 11.6 2.5 2.5 2 0 1 1 1
713.3 5370.9 -1.2 192 0 4.5 5.3 2.5 2.5 4 1 1 1 1
723.6 5342.8 -1.4 104 0 13.5 10.9 5.0 0.0 0 0 2 2 2
756.2 5339.2 -2.3 103 0 9.2 13.1 5.0 2.5 2 1 2 3 3
793.0 5328.6 -3.2 101 0 10.3 9.1 5.0 2.5 2 0 2 5 5
829.4 5135.3 -3.7 15 0 9.6 9.6 5.0 2.5 2 0 2 4 4
891.4 5200.4 -4.4 195 0 6.0 12.1 2.5 2.5 2 1 1 2 2
873.7 5192.8 -4.3 196 0 10.1 9.0 5.0 2.5 2 0 2 2 2
840.2 5176.3 -4.1 15 0 5.8 13.6 5.0 2.5 2 1 2 1 1
859.5 5252.2 -3.0 15 0 10.5 12.7 5.0 2.5 2 1 2 0 0
885.4 5238.2 -3.2 194 0 10.5 9.5 5.0 2.5 2 0 2 4 4
918.5 5259.3 -3.1 286 0 10.0 8.4 5.0 2.5 2 0 2 5 5
783.7 5224.5 -2.3 15 0 8.1 12.3 7.5 2.5 2 1 3 1 1
813.0 5241.2 -2.3 13 0 6.3 16.0 2.5 2.5 2 1 1 1 1
790.2 5291.4 -1.7 285 0 8.5 8.0 5.0 0.0 0 0 2 5 5
751.2 5300.5 -2.1 284 0 16.5 10.5 7.5 2.5 2 0 3 0 0
961.9 5247.3 -3.7 286 0 10.3 7.9 5.0 2.5 2 0 2 3 3
685.2 5283.6 1.1 137 0 8.8 14.4 5.0 0.0 0 1 2 3 3
677.8 5275.8 1.6 194 0 6.2 15.4 5.0 2.5 2 1 2 5 5
683.0 5250.4 1.5 191 0 9.8 8.7 7.5 2.5 2 0 3 4 4
697.1 5150.5 1.8 196 0 12.1 10.3 2.5 2.5 2 0 1 0 0
701.7 5118.8 2.3 191 0 10.1 9.6 2.5 2.5 2 0 1 0 0
710.1 5086.9 1.8 193 0 11.4 9.8 7.5 2.5 2 0 3 2 2
724.8 5001.7 2.5 195 0 10.5 11.5 7.5 2.5 2 1 3 0 0
732.2 4979.5 2.2 196 0 10.5 9.1 2.5 2.5 2 0 1 5 5
783.0 4965.7 0.1 15 0 10.3 10.2 5.0 2.5 2 0 2 4 4
770.0 4954.0 0.9 17 0 5.3 11.3 2.5 2.5 2 0 1 0 0
760.2 4960.6 1.4 17 0 6.9 3.5 2.5 2.5 2 0 1 2 2
741.2 4962.2 1.9 197 0 4.4 7.9 2.5 2.5 2 1 1 3 3
745.8 4874.8 1.8 193 0 10.8 10.7 5.0 2.5 4 0 2 0 0
824.1 5022.1 -2.9 195 0 8.6 10.5 7.5 2.5 4 1 3 0 0
816.0 4997.2 -2.7 194 0 11.2 10.1 5.0 2.5 2 0 2 4 4
810.1 4972.8 -2.5 194 0 10.1 11.2 5.0 2.5 4 1 2 5 5
837.4 4986.6 -2.7 193 0 13.3 4.9 2.5 2.5 2 0 1 5 5
803.4 4944.9 -1.3 194 0 11.0 10.0 7.5 2.5 2 0 3 2 2
856.5 4859.9 -2.3 14 0 6.2 10.3 7.5 2.5 2 1 3 0 0
822.3 4852.7 -2.1 105 0 10.4 10.2 7.5 2.5 2 0 3 4 4
879.8 4955.9 -2.7 15 0 11.4 9.6 5.0 0.0 0 0 2 2 2
886.3 4972.0 -2.9 15 0 8.8 13.4 5.0 2.5 2 1 2 5 5
911.3 4971.5 -2.9 196 0 10.2 11.4 7.5 0.0 0 1 3 1 1
1087.5 4854.6 1.2 17 0 10.4 5.0 2.5 2.5 2 0 1 2 2
1083.0 4870.2 0.7 16 0 8.2 6.3 2.5 0.0 0 0 1 1 1
1074.3 4932.7 -1.1 287 0 18.8 5.0 2.5 2.5 4 0 1 1 1
1155.7 4721.7 -2.9 285 0 6.4 14.9 2.5 0.0 0 0 1 2 2
1750.0 5053.6 -8.2 193 0 5.4 10.8 2.5 2.5 2 1 1 2 2
1776.1 5046.8 -8.0 102 0 8.0 8.8 5.0 0.0 0 1 2 4 4
1793.5 5075.2 -8.6 282 0 6.1 13.0 2.5 2.5 4 1 1 2 2
1796.7 4978.5 -6.9 14 0 6.7 14.7 5.0 2.5 2 1 2 3 3
1809.5 5041.8 -8.0 13 0 8.2 8.6 2.5 2.5 2 1 1 5 5
1802.0 4998.9 -7.0 16 0 6.9 11.0 2.5 2.5 2 1 1 0 0
1868.8 5083.6 -9.8 282 0 8.4 8.7 5.0 2.5 2 1 2 2 2
1855.0 5047.5 -8.6 186 0 7.4 4.4 2.5 2.5 2 0 1 1 1
1944.5 4938.3 -6.0 109 0 6.6 15.1 2.5 2.5 2 1 1 1 1
1988.3 5002.2 -7.8 101 0 9.5 7.4 2.5 2.5 2 0 1 2 2
2002.7 4995.0 -7.7 101 0 10.3 8.8 5.0 2.5 4 0 2 0 0
2036.9 4993.9 -7.8 102 0 5.1 10.7 2.5 2.5 2 1 1 0 0
2053.2 4944.8 -7.2 17 0 10.4 9.7 2.5 2.5 2 0 1 4 4
2076.9 4970.3 -8.0 104 0 9.3 12.8 5.0 2.5 2 1 2 4 4
2095.8 4996.3 -8.4 283 0 4.4 3.4 2.5 2.5 4 0 1 4 4
2091.9 4977.7 -8.3 101 0 3.9 10.6 2.5 2.5 2 0 1 0 0
2123.0 4992.8 -8.8 10 0 3.0 8.4 2.5 2.5 2 0 1 1 1
2120.2 4977.9 -8.6 16 0 16.7 9.1 5.0 2.5 2 0 2 4 4
2109.0 4912.4 -7.4 19 0 15.3 11.3 5.0 2.5 2 0 2 2 2
2186.0 4888.2 -7.3 108 0 8.4 13.4 5.0 2.5 4 1 2 4 4
2208.1 4881.6 -7.2 107 0 7.5 12.2 5.0 0.0 0 1 2 2 2
2224.5 4870.4 -6.9 110 0 4.7 10.0 2.5 2.5 2 0 1 2 2
2149.2 4960.2 -8.9 194 0 10.0 10.9 2.5 2.5 2 1 1 1 1
2151.4 4977.1 -9.1 190 0 7.7 4.8 2.5 2.5 2 0 1 5 5
2180.9 4965.7 -9.3 282 0 6.2 3.4 2.5 0.0 0 0 1 2 2
2176.9 4947.4 -9.1 101 0 4.6 12.6 2.5 2.5 2 0 1 4 4
2188.7 4937.0 -8.8 102 0 5.1 13.0 2.5 2.5 2 1 1 1 1
2228.1 4934.6 -9.0 101 0 10.0 12.0 5.0 2.5 2 1 2 1 1
2287.7 4948.2 -9.4 282 0 11.1 7.1 2.5 2.5 2 0 1 0 0
2282.1 4920.2 -8.9 101 0 10.2 12.1 5.0 2.5 2 1 2 2 2
2258.9 4853.8 -6.9 109 0 5.7 17.6 2.5 2.5 2 1 1 4 4
2262.3 4888.5 -7.4 288 0 10.0 8.8 5.0 2.5 2 0 2 2 2
2299.0 4908.0 -8.7 98 0 10.5 12.8 5.0 2.5 2 0 2 4 4
2315.5 4912.3 -9.2 100 0 5.9 17.3 2.5 2.5 2 1 1 3 3
2387.4 4929.0 -9.9 278 0 9.1 15.5 7.5 2.5 2 1 3 0 0
2375.2 4888.3 -9.0 101 0 5.2 11.2 2.5 2.5 2 1 1 1 1
2413.0 4795.3 -7.1 106 0 7.4 3.6 2.5 2.5 2 0 1 0 0
2429.3 4794.9 -7.3 109 0 6.8 17.1 2.5 2.5 2 1 1 3 3
2433.7 4831.4 -7.8 289 0 10.7 13.8 5.0 2.5 2 1 2 5 5
2434.5 4883.3 -9.6 105 0 6.9 18.2 5.0 0.0 0 1 2 0 0
2475.0 4878.9 -9.5 15 0 8.9 10.3 5.0 0.0 0 1 2 0 0
1109.7 5078.5 -4.6 106 0 7.1 6.2 5.0 2.5 2 0 2 3 3
1545.7 4629.3 -2.9 182 0 6.9 8.3 2.5 2.5 2 1 1 0 0
1555.7 4685.4 -2.8 182 0 24.3 15.6 2.5 2.5 2 0 1 0 0
1557.0 4840.8 -2.4 179 0 11.8 9.6 5.0 2.5 2 0 2 3 3
1688.8 4062.8 -3.0 102 0 5.2 16.2 2.5 0.0 0 1 1 3 3
1705.2 4206.2 -2.4 280 0 14.8 6.2 2.5 2.5 2 0 1 1 1
1696.5 4177.3 -2.6 7 0 12.5 11.0 2.5 2.5 2 0 1 5 5
1302.9 4914.9 0.2 218 0 18.2 10.1 3.5 2.5 4 0 1 4 4
928.0 4847.5 -2.7 106 0 6.7 4.4 2.5 2.5 2 0 1 4 4
894.8 4853.2 -2.5 194 0 5.0 12.1 5.0 2.5 2 1 2 5 5
944.8 4820.7 -2.8 107 0 12.2 12.1 5.0 0.0 0 0 2 5 5
994.0 4844.5 -1.9 17 0 9.2 11.8 5.0 2.5 2 1 2 5 5
932.3 5133.6 -4.2 15 0 12.1 9.7 5.0 2.5 2 0 2 3 3
923.1 5111.6 -4.0 15 0 9.9 13.3 5.0 0.0 0 1 2 4 4
903.7 5050.0 -3.5 13 0 9.1 9.4 5.0 2.5 2 1 2 2 2
908.8 5068.9 -3.6 13 0 6.5 11.3 5.0 2.5 2 1 2 2 2
941.7 5025.3 -3.5 15 0 8.3 12.5 5.0 0.0 0 1 2 2 2
947.4 5038.5 -3.6 103 0 8.1 6.7 2.5 2.5 2 0 1 1 1
942.9 5061.5 -3.7 284 0 10.4 10.4 5.0 2.5 2 0 2 5 5
1145.0 4912.6 -0.3 197 0 9.9 9.4 5.0 2.5 2 0 2 5 5
1130.0 4922.2 -0.7 16 0 8.1 8.0 5.0 2.5 2 0 2 4 4
1110.2 4925.1 -0.7 286 0 8.8 5.6 7.5 2.5 2 0 3 0 0
1108.6 4901.9 -0.2 18 0 4.8 11.8 2.5 2.5 2 1 1 3 3
1119.4 4885.7 0.3 17 0 13.5 10.3 5.0 2.5 2 0 2 4 4
1096.5 4771.0 -1.5 105 0 7.0 40.1 5.0 0.0 0 0 2 1 1
1100.5 4799.9 -0.8 15 0 22.2 5.0 2.5 0.0 0 0 1 0 0
1031.6 4846.3 -0.7 195 0 14.4 12.8 5.0 0.0 0 0 2 5 5
1112.9 4866.0 0.7 16 0 10.7 19.6 7.5 2.5 2 1 3 3 3
1094.5 4880.0 0.5 15 0 7.1 6.5 2.5 2.5 2 0 1 0 0
1100.2 4885.0 0.2 15 0 5.4 19.6 2.5 2.5 4 0 1 3 3
1045.3 4901.3 -0.4 195 0 12.3 9.0 5.0 2.5 4 0 2 2 2
1051.2 4924.2 -1.1 194 0 11.3 9.6 5.0 2.5 2 0 2 5 5
1063.5 4945.9 -1.6 286 0 11.4 9.3 7.5 2.5 2 0 3 5 5
1162.1 5036.7 -4.2 18 0 9.4 9.3 3.8 2.5 2 0 2 5 5
1158.3 5073.5 -4.8 108 0 10.0 14.7 5.0 2.5 2 1 2 3 3
1174.8 5065.5 -4.8 107 0 10.0 9.6 7.5 2.5 2 0 3 3 3
1221.2 5026.1 -3.4 287 0 9.1 12.7 5.0 2.5 2 1 2 1 1
1175.4 5011.9 -3.2 198 0 4.9 11.0 2.5 2.5 2 1 1 1 1
1171.9 4996.2 -2.7 197 0 9.8 9.8 7.5 2.5 2 0 3 1 1
1165.6 4977.6 -2.2 199 0 10.0 9.2 5.0 0.0 0 0 2 4 4
1138.7 4954.8 -1.8 16 0 12.2 9.8 5.0 2.5 2 0 2 2 2
1070.1 4967.7 -2.5 106 0 13.0 10.4 5.0 2.5 2 0 2 2 2
1094.7 5061.1 -4.4 287 0 9.6 10.3 5.0 2.5 4 1 2 3 3
1082.2 5035.5 -4.2 196 0 9.0 10.9 5.0 2.5 2 1 2 1 1
1076.2 5014.3 -3.7 196 0 11.1 10.0 5.0 0.0 0 0 2 5 5
975.1 5052.2 -3.8 283 0 16.4 5.3 2.5 2.5 4 0 1 5 5
998.5 5051.1 -3.9 286 0 7.1 8.3 5.0 2.5 2 0 2 2 2
996.3 5043.1 -3.8 285 0 6.9 7.9 5.0 0.0 0 0 2 2 2
994.2 5035.4 -3.7 284 0 6.9 7.2 5.0 2.5 2 0 2 3 3
989.9 5016.5 -3.7 105 0 8.1 12.2 5.0 2.5 2 0 2 3 3
1000.4 5068.2 -4.1 105 0 6.4 11.2 5.0 2.5 2 1 2 0 0
977.5 5075.9 -4.1 105 0 12.1 11.7 7.0 2.5 2 0 2 0 0
947.4 5093.6 -4.0 194 0 11.0 7.0 5.0 2.5 2 0 2 3 3
948.7 5112.1 -4.2 192 0 9.2 13.0 2.5 2.5 2 1 1 0 0
995.3 5128.9 -4.5 195 0 9.7 10.3 2.5 2.5 2 1 1 2 2
958.9 5139.2 -4.4 194 0 10.5 9.2 2.5 2.5 2 0 1 3 3
986.6 5178.7 -4.8 194 0 6.7 11.6 2.5 2.5 2 1 1 3 3
973.3 5193.3 -4.8 194 0 6.4 11.2 7.5 2.5 4 1 3 1 1
976.2 5205.3 -4.9 194 0 10.2 11.1 5.0 2.5 2 1 2 2 2
1164.5 5182.1 -5.6 282 0 12.4 16.4 3.5 2.5 4 0 1 2 2
1132.0 5179.0 -5.4 194 0 6.3 13.4 3.5 0.0 0 0 1 4 4
1123.4 5182.8 -5.4 194 0 9.5 9.3 3.5 2.5 2 0 1 4 4
1143.7 5203.6 -5.6 283 0 5.7 10.4 7.0 0.0 0 0 2 1 1
1128.6 5202.2 -5.6 195 0 10.2 11.2 7.0 2.5 2 0 2 4 4
1160.3 5199.2 -5.7 285 0 28.6 10.6 2.5 0.0 0 0 1 0 0
1245.7 5050.4 -4.3 16 0 10.0 11.3 5.0 2.5 2 1 2 3 3
925.9 5314.2 -2.5 193 0 10.5 11.0 7.5 2.5 2 1 3 5 5
945.6 5291.0 -2.7 104 0 10.2 9.5 5.0 2.5 2 0 2 0 0
954.1 5321.2 -2.5 282 0 14.5 6.5 2.5 2.5 2 0 1 2 2
974.4 5283.8 -2.8 105 0 9.5 10.5 7.5 2.5 2 1 3 4 4
962.3 5304.8 -2.7 194 0 7.0 21.7 2.5 2.5 2 1 1 5 5
1010.6 5292.2 -2.8 101 0 6.9 20.2 2.5 2.5 2 0 1 0 0
1020.5 5325.1 -2.6 7 0 16.9 28.0 2.5 2.5 2 0 1 2 2
999.8 5277.0 -2.9 102 0 15.3 10.6 7.5 2.5 4 0 3 4 4
1041.2 5301.6 -2.8 12 0 7.3 18.1 2.5 2.5 2 1 1 3 3
1044.1 5288.3 -3.3 281 0 4.3 13.9 2.5 2.5 2 1 1 3 3
1063.9 5285.3 -3.7 282 0 5.1 17.2 2.5 0.0 0 1 1 4 4
1070.7 5282.5 -3.7 283 0 5.8 11.7 2.5 2.5 2 1 1 3 3
1093.4 5244.7 -4.9 104 0 9.9 13.9 5.0 0.0 0 1 2 1 1
1122.9 5266.0 -5.1 283 0 6.8 17.1 2.5 2.5 2 0 1 4 4
1115.8 5236.6 -5.5 104 0 7.1 13.1 3.5 2.5 2 0 1 1 1
1169.0 5253.2 -5.9 282 0 5.7 12.1 2.5 2.5 2 0 1 4 4
1168.0 5262.5 -5.5 191 0 17.8 6.2 2.5 2.5 2 0 1 1 1
1170.7 5275.9 -5.2 191 0 9.4 22.2 2.5 2.5 2 0 1 3 3
1176.4 5304.2 -4.0 191 0 6.5 5.9 2.5 0.0 0 0 1 3 3
1181.0 5327.0 -4.3 191 0 9.8 21.4 2.5 2.5 2 1 1 0 0
1218.7 5297.0 -5.0 12 0 33.7 6.0 2.5 2.5 2 0 1 2 2
1185.2 5252.0 -6.1 281 0 9.3 16.5 5.0 2.5 2 0 2 1 1
1203.4 5222.8 -6.1 13 0 11.1 9.5 5.0 2.5 2 0 2 5 5
1183.3 5184.0 -5.7 285 0 12.1 12.2 2.5 2.5 2 1 1 4 4
1253.3 5213.9 -6.3 104 0 5.6 14.5 2.5 2.5 2 0 1 3 3
1275.9 5145.8 -5.8 18 0 9.6 9.5 5.0 2.5 2 0 2 3 3
1306.4 5115.5 -5.7 199 0 11.1 5.0 2.5 2.5 2 0 1 4 4
1330.0 5128.0 -5.9 20 0 10.9 10.4 2.5 2.5 4 0 1 2 2
1339.8 5223.6 -6.8 192 0 7.5 28.7 5.0 2.5 2 1 2 4 4
1315.2 5186.2 -6.3 105 0 13.2 7.7 5.0 2.5 2 0 2 5 5
1379.1 5178.7 -6.5 11 0 12.3 10.7 7.5 2.5 2 0 3 1 1
1403.4 5165.1 -6.5 185 0 8.0 11.4 7.5 2.5 2 1 3 1 1
1412.9 5190.0 -6.7 282 0 6.0 6.7 2.5 2.5 2 1 1 5 5
1442.9 4905.4 -0.8 1 0 7.8 9.6 5.0 2.5 2 1 2 5 5
1441.9 4882.0 -0.3 0 0 7.2 15.6 2.5 0.0 0 1 1 0 0
1347.7 4445.9 -2.1 191 0 26.8 8.9 2.5 2.5 2 0 1 5 5
1388.0 4423.5 -2.1 9 0 7.6 20.3 2.5 2.5 2 0 1 5 5
1337.0 4328.2 -2.1 191 0 21.3 9.2 2.5 2.5 2 0 1 4 4
1368.6 4340.5 -2.1 284 0 20.3 9.3 2.5 2.5 2 0 1 3 3
1385.8 4283.7 -2.1 15 0 7.1 10.5 5.0 0.0 0 1 2 0 0
1399.0 4245.4 -2.8 7 0 14.1 23.7 2.5 2.5 2 0 1 4 4
1471.3 4219.1 -2.8 280 0 9.7 14.4 3.5 2.5 2 1 1 4 4
1482.5 5150.3 -6.8 102 0 3.5 9.1 2.5 2.5 2 1 1 3 3
1451.7 5169.1 -6.8 285 0 6.2 12.0 2.5 2.5 2 1 1 2 2
1451.1 5144.6 -6.5 103 0 8.2 8.4 5.0 2.5 2 1 2 4 4
1521.0 4944.2 -3.3 103 0 11.9 8.9 5.0 2.5 4 0 2 0 0
1512.1 5175.0 -7.3 281 0 9.0 15.0 3.5 2.5 4 1 1 3 3
1503.9 5138.7 -6.8 104 0 11.1 12.5 5.0 2.5 2 1 2 1 1
1459.3 5056.7 -4.3 197 0 11.4 9.6 2.5 2.5 2 0 1 2 2
1458.9 5093.3 -5.3 193 0 13.0 24.1 5.0 2.5 2 1 2 3 3
1516.6 5096.9 -5.8 289 0 13.9 9.2 2.5 2.5 2 0 1 0 0
1572.5 5103.7 -6.5 107 0 10.1 4.8 2.5 2.5 2 0 1 4 4
1611.4 5096.6 -6.4 194 0 12.5 11.1 5.0 2.5 2 0 2 0 0
1615.0 5130.0 -7.6 191 0 12.5 6.5 2.5 2.5 2 0 1 5 5
1614.3 5120.7 -7.2 192 0 6.0 14.3 2.5 2.5 2 0 1 4 4
1682.2 5078.2 -6.7 16 0 13.0 21.6 7.5 2.5 2 1 3 3 3
1653.9 4851.8 -4.8 185 0 20.4 6.2 2.5 2.5 2 0 1 2 2
1660.6 4901.3 -5.5 183 0 12.3 9.2 5.0 2.5 2 0 2 3 3
1527.3 4978.6 -4.1 111 0 6.5 13.7 5.0 0.0 0 1 2 5 5
1559.4 5069.4 -6.1 288 0 9.5 11.6 5.0 2.5 2 1 2 5 5
1572.5 5017.9 -5.6 98 0 9.5 9.5 7.5 2.5 2 1 3 0 0
1605.2 4969.0 -5.3 0 0 10.7 10.9 5.0 2.5 2 0 2 0 0
1590.2 4976.4 -5.1 270 0 8.2 4.5 2.5 2.5 2 0 1 1 1
1605.2 4974.2 -5.4 360 0 5.3 10.9 7.5 0.0 0 0 3 1 1
1557.7 4888.2 -3.1 181 0 9.9 10.3 5.0 2.5 2 1 2 4 4
1558.5 4916.3 -3.6 182 0 10.4 10.3 7.5 2.5 2 0 3 5 5
1608.5 4888.8 -4.0 359 0 10.9 11.1 7.5 2.5 2 1 3 0 0
1606.8 4859.5 -3.5 2 0 9.6 11.1 7.5 2.5 2 1 3 1 1
1605.9 4838.5 -3.3 1 0 11.3 9.9 7.5 2.5 4 0 3 5 5
1554.7 4815.8 -2.1 180 0 11.2 9.3 5.0 2.5 2 0 2 1 1
1481.2 4563.0 -2.4 183 0 6.9 6.9 2.5 2.5 2 1 1 3 3
1524.2 4716.4 0.0 3 0 9.7 13.1 7.0 0.0 0 0 2 4 4
1512.5 4653.8 -3.2 92 0 43.0 16.0 2.5 2.5 2 0 1 2 2
1716.6 4665.2 -3.6 100 0 13.7 9.6 5.0 2.5 2 0 2 3 3
1748.6 4685.7 -3.7 282 0 4.4 13.8 2.5 2.5 2 1 1 4 4
1745.7 4658.2 -3.6 193 0 20.4 8.8 2.5 2.5 2 0 1 4 4
1726.8 4655.3 -3.5 194 0 5.1 17.8 2.5 2.5 2 0 1 3 3
1743.8 4584.5 -3.4 105 0 10.4 7.8 5.0 2.5 2 0 2 1 1
1690.0 4583.0 -3.3 94 0 6.4 16.0 5.0 0.0 0 1 2 1 1
1709.2 4607.6 -3.4 4 0 7.4 15.0 5.0 2.5 4 1 2 5 5
1716.8 4602.3 -3.3 4 0 17.3 5.8 2.5 2.5 2 0 1 2 2
1715.8 4582.2 -3.3 1 0 6.2 6.6 2.5 2.5 2 1 1 2 2
1699.5 4538.4 -3.5 95 0 15.1 6.6 2.5 0.0 0 0 1 4 4
1657.9 4556.0 -3.3 270 0 3.4 8.4 2.5 2.5 2 0 1 5 5
1649.8 4560.1 -3.3 269 0 12.6 12.6 5.0 2.5 4 0 2 2 2
1643.8 4529.5 -3.6 181 0 8.0 16.5 5.0 2.5 2 1 2 3 3
-1053.4 7476.3 -9.2 104 0 5.5 11.4 5.0 2.5 2 1 2 5 5
-2457.7 2097.6 -4.8 115 0 6.5 16.4 7.5 2.5 2 1 3 2 2
-5809.9 5379.0 -17.6 73 0 31.5 16.2 2.5 2.5 2 0 1 0 0
2285.2 -2832.1 2.2 119 0 8.3 11.1 3.5 2.5 2 1 1 4 4
718.1 5543.8 -3.3 10 0 3.9 3.2 2.5 2.5 2 0 1 0 0
714.9 5544.4 -3.3 10 0 3.9 5.9 2.5 2.5 2 0 1 4 4
1920.9 5017.7 -8.2 13 0 4.3 9.4 2.5 2.5 2 1 1 4 4
2123.6 4996.0 -8.9 10 0 3.4 5.2 2.5 2.5 2 0 1 3 3
2172.5 4983.9 -9.5 283 0 15.0 7.2 2.5 2.5 4 0 1 1 1
693.5 5653.9 -4.5 280 0 7.3 12.5 5.0 0.0 0 1 2 2 2
721.2 5365.8 -1.4 191 0 5.2 4.3 2.5 2.5 2 0 1 0 0
1044.0 4822.5 -1.1 197 0 6.8 19.2 2.5 2.5 2 1 1 2 2
2197.4 4969.1 -9.5 283 0 6.3 4.3 2.5 2.5 2 0 1 4 4
2191.8 4966.0 -9.4 284 0 9.5 5.3 2.5 2.5 2 0 1 0 0
1095.6 4839.1 0.8 17 0 6.1 16.9 2.5 2.5 2 0 1 0 0
1055.2 4851.1 0.4 197 0 6.0 25.2 2.5 2.5 2 0 1 5 5
2105.0 4903.6 -7.0 19 0 3.9 9.3 2.5 2.5 2 0 1 4 4
1593.7 4603.0 -3.0 89 0 6.3 4.3 4.0 2.5 2 0 1 2 2
605.3 5718.8 -6.0 102 0 5.9 6.8 2.5 2.5 2 0 1 0 0
909.6 5993.5 -12.8 100 0 8.0 21.1 5.0 2.5 2 0 2 2 2
837.1 6057.9 -12.4 12 0 5.7 5.6 2.5 2.5 2 0 1 0 0
837.4 6073.2 -12.4 282 0 5.5 12.2 2.5 2.5 2 0 1 1 1
88.6 5514.2 -5.7 284 0 6.1 9.1 7.5 2.5 2 0 3 3 3
1592.9 4809.3 -2.8 95 0 6.1 4.8 2.5 2.5 2 0 1 5 5
2491.2 4812.3 -8.0 198 0 13.5 10.2 5.0 2.5 2 0 2 4 4
2508.5 4767.3 -7.3 109 0 4.3 5.8 2.5 2.5 2 1 1 3 3
2584.2 4776.2 -7.9 107 0 7.2 4.2 2.5 2.5 2 0 1 5 5
2632.6 4776.4 -8.3 17 0 9.4 11.2 2.5 2.5 2 1 1 2 2
2630.3 4735.7 -7.7 20 0 4.3 8.4 3.5 2.5 2 0 1 5 5
2633.1 4743.4 -7.8 20 0 12.2 8.4 3.5 2.5 2 0 1 3 3
2619.1 4737.8 -7.7 110 0 5.6 16.1 3.5 2.5 2 0 1 3 3
2733.7 4711.6 -8.3 107 0 6.0 13.0 2.5 0.0 0 1 1 3 3
1439.3 3892.6 -2.8 187 0 7.0 5.0 2.5 2.5 4 0 1 3 3
1537.8 3910.9 -3.4 279 0 6.1 6.5 2.5 2.5 2 0 1 4 4
1532.6 3912.3 -3.4 279 0 4.7 8.1 2.5 2.5 2 0 1 1 1
1394.3 3713.6 -2.2 184 0 5.7 27.2 2.5 2.5 2 0 1 5 5
1512.5 3621.1 -1.9 4 0 4.0 3.0 2.5 0.0 0 0 1 1 1
1510.0 3628.3 -2.0 4 0 18.0 10.0 2.5 0.0 0 0 1 3 3
1499.9 3626.3 -2.0 4 0 11.5 4.2 2.5 2.5 2 0 1 1 1
1312.4 3202.4 -1.6 276 0 4.0 12.8 2.5 2.5 4 0 1 1 1
1278.2 3132.5 -1.6 189 0 5.0 34.7 2.5 2.5 2 0 1 4 4
1272.6 3119.0 -1.6 189 0 4.8 3.7 2.5 2.5 2 0 1 3 3
1738.7 4554.0 -3.3 278 0 16.7 10.0 2.5 2.5 2 0 1 2 2
2189.9 4502.2 -4.9 14 0 9.1 11.6 2.5 2.5 2 0 1 3 3
2170.9 4506.9 -4.8 194 0 9.2 8.0 2.5 2.5 2 0 1 1 1
2196.6 4533.4 -5.0 14 0 5.2 10.6 2.5 2.5 2 0 1 2 2
2364.1 4489.9 -5.6 104 0 10.0 13.0 5.0 2.5 4 1 2 5 5
682.7 3638.7 1.9 187 0 4.7 7.7 2.5 2.5 2 1 1 1 1
3611.9 4094.6 -4.0 117 0 3.1 5.3 2.5 2.5 2 1 1 1 1
3643.9 4086.6 -3.9 21 0 6.6 3.1 2.5 2.5 2 0 1 0 0
3619.4 4084.8 -4.0 141 0 13.2 28.0 5.0 2.5 2 0 2 0 0
3664.5 4095.8 -3.9 17 0 26.6 13.2 2.5 2.5 2 0 1 5 5
3621.1 3987.1 -3.7 15 0 17.1 7.0 2.5 2.5 2 0 1 0 0
3580.0 4003.9 -3.8 197 0 4.5 8.1 2.5 2.5 2 0 1 1 1
3578.4 3988.1 -3.8 107 0 6.2 13.4 2.5 2.5 2 0 1 5 5
3582.3 4291.7 -4.5 196 0 4.7 11.5 2.5 2.5 2 1 1 3 3
3309.0 3789.5 -3.2 198 0 7.3 4.8 2.5 2.5 2 0 1 5 5
3552.8 3801.2 -3.4 14 0 23.9 9.5 2.5 2.5 2 0 1 3 3
3533.6 3798.0 -3.4 14 0 8.0 9.4 2.5 2.5 2 0 1 1 1
3532.8 3794.1 -3.3 285 0 9.3 6.2 2.5 2.5 2 0 1 0 0
3517.6 3794.5 -3.3 194 0 6.1 5.3 2.5 2.5 2 0 1 1 1
3523.5 3830.3 -3.4 284 0 4.0 3.5 2.5 2.5 2 0 1 5 5
3538.7 3832.9 -3.4 285 0 24.1 9.9 2.5 2.5 2 0 1 3 3
3538.5 3792.8 -3.4 9 0 4.2 4.8 2.5 2.5 2 1 1 3 3
3492.9 3754.7 -3.3 196 0 9.3 9.6 5.0 2.5 2 1 2 5 5
3392.9 3843.5 -3.4 198 0 15.1 6.9 2.5 2.5 2 0 1 4 4
1554.9 4658.5 -3.1 182 0 29.5 15.6 2.5 2.5 2 0 1 3 3
1561.7 4625.3 -3.0 92 0 15.6 11.9 2.5 2.5 2 0 1 4 4
1554.3 4640.6 -3.0 182 0 6.4 15.6 2.5 2.5 4 0 1 1 1
1364.8 4247.3 -2.8 96 0 20.9 22.1 2.5 2.5 2 0 1 3 3
2009.2 4131.8 -2.8 196 0 10.5 25.2 2.5 2.5 2 1 1 4 4
1959.1 4090.2 -3.0 194 0 7.0 4.0 3.5 2.5 2 0 1 3 3
1961.6 4099.6 -3.0 195 0 12.5 21.8 2.5 2.5 2 0 1 4 4
2225.0 4054.6 -2.9 285 0 6.9 18.1 2.5 2.5 2 0 1 3 3
2342.3 4005.5 -3.0 194 0 8.3 5.7 2.5 2.5 2 0 1 3 3
2340.4 3997.7 -3.0 194 0 7.8 9.4 2.5 2.5 2 0 1 2 2
2280.7 3834.7 -1.8 107 0 7.0 8.4 2.5 2.5 2 0 1 1 1
2284.1 3842.4 -1.8 107 0 5.0 4.6 2.5 2.5 2 0 1 1 1
2137.2 4061.2 -2.9 196 0 10.0 5.0 2.5 2.5 2 0 1 3 3
2218.2 4026.9 -2.9 105 0 5.4 10.4 2.5 2.5 2 0 1 4 4
2233.7 3895.9 -1.7 288 0 6.1 15.0 2.5 2.5 2 0 1 0 0
2218.3 3875.6 -1.6 108 0 22.6 9.1 5.0 0.0 0 0 2 4 4
2425.1 3993.1 -3.1 286 0 6.4 12.7 2.5 2.5 2 0 1 3 3
2421.6 3980.9 -3.0 286 0 6.4 9.9 2.5 2.5 4 0 1 5 5
2426.5 3950.8 -3.0 108 0 6.7 12.2 5.0 2.5 2 1 2 1 1
2547.5 3982.5 -3.4 285 0 3.9 10.1 2.5 2.5 2 1 1 5 5
2554.1 3960.5 -3.3 18 0 8.7 9.0 5.0 2.5 4 1 2 4 4
2618.3 3923.0 -3.6 105 0 9.0 8.9 2.5 2.5 2 0 1 2 2
2725.4 3904.2 -3.6 188 0 5.0 5.1 2.5 0.0 0 1 1 3 3
3107.2 3785.3 -3.2 288 0 8.7 13.1 5.0 2.5 2 1 2 4 4
3138.4 3743.7 -3.4 197 0 7.0 6.7 2.5 2.5 2 0 1 4 4
3179.9 3733.8 -3.0 289 0 5.9 7.4 2.5 2.5 2 0 1 2 2
3195.6 3732.1 -3.0 19 0 7.0 17.3 5.0 2.5 2 0 2 0 0
764.4 4901.8 1.3 16 0 11.1 15.8 2.5 2.5 2 1 1 0 0
2010.1 5069.2 -9.3 192 0 8.4 8.7 2.5 2.5 2 1 1 4 4
2726.7 4745.9 -8.6 287 0 5.1 12.1 2.5 2.5 2 0 1 3 3
3591.1 4268.5 -4.5 15 0 7.9 12.0 5.0 2.5 2 1 2 5 5
2473.0 3847.8 -2.9 286 0 11.9 10.0 7.5 2.5 2 0 3 2 2
2142.3 4070.2 -2.9 287 0 4.9 5.1 2.5 0.0 0 0 1 0 0
2141.4 4082.2 -2.9 312 0 16.4 17.4 2.5 2.5 2 0 1 4 4
1810.9 4030.3 -2.9 197 0 3.2 12.7 2.5 2.5 2 0 1 3 3
1970.5 3342.3 -1.4 187 0 16.1 6.6 2.5 2.5 2 0 1 5 5
1971.7 3351.8 -1.4 188 0 3.0 6.6 2.5 2.5 2 0 1 0 0
1997.9 3304.9 -1.0 97 0 11.8 11.6 2.5 2.5 2 0 1 1 1
2055.1 3322.9 -1.6 115 0 10.4 13.7 5.0 2.5 2 1 2 5 5
2116.4 3188.9 -0.8 295 0 12.2 12.4 5.0 2.5 2 1 2 5 5
2039.6 3192.9 -0.9 187 0 9.0 12.0 7.5 2.5 2 1 3 4 4
2098.5 3031.9 -0.7 95 0 3.7 7.1 5.0 2.5 4 0 2 2 2
2085.2 3036.7 -0.7 185 0 7.1 3.3 2.5 2.5 2 0 1 3 3
2088.5 3036.4 -0.7 185 0 7.1 8.6 5.0 2.5 2 0 2 4 4
-663.7 5340.3 -7.1 201 0 11.1 12.8 5.0 2.5 2 1 2 0 0
3627.9 4059.6 -3.9 196 0 6.5 15.5 2.5 2.5 2 1 1 4 4
3657.0 4072.0 -3.9 18 0 23.1 8.4 2.5 2.5 4 0 1 4 4
3452.0 3653.7 -3.1 210 0 4.1 3.7 2.5 2.5 4 0 1 0 0
3450.9 3579.0 -3.1 124 0 9.2 10.4 5.0 2.5 2 0 2 1 1
3086.5 3643.9 -3.5 15 0 4.8 10.3 3.5 2.5 2 0 1 3 3
3145.0 3622.8 -3.0 295 0 10.6 5.0 2.5 2.5 2 0 1 5 5
3152.5 3619.4 -3.0 295 0 6.0 5.0 2.5 2.5 2 0 1 5 5
3155.5 3600.0 -2.9 28 0 13.7 7.0 2.5 2.5 2 0 1 5 5
3151.6 3592.6 -2.8 28 0 3.2 7.0 2.5 0.0 0 0 1 5 5
3125.2 3576.1 -2.7 210 0 4.6 6.3 2.5 2.5 2 0 1 0 0
3117.5 3584.3 -2.8 210 0 5.0 11.0 2.5 2.5 2 0 1 5 5
3140.2 3590.3 -2.8 28 0 3.3 4.1 2.5 2.5 4 0 1 5 5
3132.6 3593.6 -2.9 208 0 4.4 4.3 2.5 2.5 4 0 1 4 4
3125.0 3596.8 -2.9 206 0 5.5 8.3 2.5 2.5 4 0 1 4 4
3141.7 3575.2 -2.7 29 0 16.9 5.5 2.5 2.5 2 0 1 2 2
3133.6 3534.5 -2.4 121 0 12.9 9.6 5.0 2.5 4 0 2 4 4
3124.5 3539.9 -2.4 121 0 8.1 9.6 5.0 2.5 2 0 2 0 0
3105.3 3527.4 -2.4 123 0 5.9 14.9 2.5 2.5 2 1 1 2 2
3048.2 3498.3 -2.6 19 0 11.7 11.3 5.0 2.5 2 0 2 4 4
3071.3 3467.0 -1.7 199 0 7.4 10.8 5.0 0.0 0 1 2 0 0
3107.3 3433.1 -1.4 28 0 4.8 17.6 2.5 2.5 2 1 1 3 3
3023.0 3435.6 -2.5 19 0 6.7 13.2 2.5 2.5 2 0 1 3 3
3005.5 3441.6 -2.6 199 0 6.7 5.3 2.5 2.5 2 0 1 4 4
3053.1 3306.5 -1.1 30 0 9.6 10.5 5.0 2.5 4 0 2 3 3
3038.2 3309.7 -1.2 120 0 8.1 9.6 5.0 2.5 2 0 2 4 4
2945.9 3285.1 -2.8 201 0 7.2 12.5 2.5 2.5 2 0 1 5 5
2966.0 3277.6 -2.6 21 0 7.2 9.0 2.5 2.5 2 0 1 2 2
3012.6 3224.2 -1.2 116 0 13.8 13.4 5.0 2.5 2 0 2 3 3
2886.0 3123.2 -0.2 19 0 4.0 16.6 2.5 2.5 2 1 1 2 2
1636.9 4582.0 -3.3 89 0 11.1 8.3 2.5 2.5 2 0 1 2 2
776.4 5972.6 -12.3 193 0 9.1 13.9 5.0 2.5 2 1 2 2 2
827.6 6067.1 -12.4 192 0 8.4 5.6 2.5 2.5 2 0 1 1 1
698.9 5731.0 -6.0 193 0 10.4 10.4 7.5 2.5 2 0 3 0 0
709.0 3839.4 2.1 275 0 7.4 10.3 2.5 2.5 4 1 1 5 5
719.2 3803.3 1.9 186 0 12.4 22.1 2.5 2.5 2 1 1 4 4
637.7 3683.2 2.5 99 0 5.3 11.6 2.5 0.0 0 1 1 5 5
1168.6 4693.5 -2.7 15 0 6.8 16.2 2.5 2.5 2 0 1 2 2
1145.8 4702.6 -2.8 197 0 12.6 8.2 2.5 2.5 2 0 1 5 5
1360.6 4423.7 -2.1 98 0 13.6 7.6 2.5 2.5 2 0 1 4 4
2497.1 4779.3 -7.4 200 0 6.1 8.5 2.5 2.5 2 1 1 2 2
2514.7 4806.9 -7.9 289 0 9.6 9.6 5.0 2.5 2 1 2 0 0
2549.6 4806.0 -8.2 288 0 10.4 9.5 5.0 2.5 2 0 2 5 5
2164.6 4547.2 -5.0 185 0 7.1 15.7 2.5 0.0 0 1 1 3 3
2154.5 4519.8 -4.9 103 0 6.2 15.5 2.5 2.5 2 1 1 4 4
2190.8 4532.2 -5.0 284 0 10.6 24.7 2.5 2.5 2 0 1 1 1
2383.9 4505.8 -5.7 284 0 14.5 5.5 2.5 2.5 2 0 1 4 4
2394.7 4503.1 -5.7 284 0 7.7 5.5 2.5 2.5 2 0 1 0 0
2731.6 4744.4 -8.6 287 0 5.2 12.1 2.5 2.5 2 0 1 5 5
1311.7 3121.5 -1.5 7 0 6.9 16.1 5.0 2.5 2 0 2 2 2
1277.3 3125.5 -1.6 187 0 9.1 18.5 2.5 2.5 4 0 1 5 5
1427.2 3451.0 -1.4 188 0 4.9 8.2 2.5 2.5 2 0 1 4 4
1393.7 3705.0 -2.2 184 0 11.6 38.6 5.0 2.5 2 0 2 0 0
1491.9 3600.8 -1.8 93 0 5.0 16.1 2.5 2.5 2 0 1 2 2
1490.5 3611.4 -1.8 87 0 13.6 6.9 2.5 2.5 2 0 1 3 3
2030.7 4094.3 -3.0 105 0 6.4 11.2 2.5 2.5 2 1 1 0 0
2001.8 4100.4 -2.9 106 0 5.0 17.9 2.5 2.5 2 1 1 1 1
2136.2 3930.2 -2.2 289 0 4.7 11.8 2.5 2.5 4 1 1 4 4
2124.1 3912.3 -2.0 198 0 8.8 28.3 5.0 2.5 4 1 2 0 0
2154.6 3907.2 -2.0 109 0 4.4 13.3 2.5 2.5 2 1 1 2 2
2251.1 4048.4 -3.0 16 0 7.0 14.1 2.5 2.5 2 1 1 2 2
2250.8 4035.5 -2.9 287 0 6.3 16.9 2.5 2.5 2 1 1 1 1
2203.4 3892.7 -1.9 102 0 5.3 17.3 2.5 2.5 4 1 1 4 4
3462.6 3606.5 -3.0 213 0 6.6 3.9 2.5 2.5 4 0 1 2 2
2289.9 3859.2 -2.0 195 0 9.3 14.1 2.5 2.5 2 1 1 2 2
2362.3 3989.0 -2.8 288 0 8.6 13.0 5.0 2.5 2 1 2 2 2
2349.4 3811.5 -2.4 106 0 5.4 12.0 2.5 2.5 2 1 1 0 0
2450.4 3979.2 -3.1 19 0 6.7 7.4 2.5 2.5 2 1 1 5 5
2466.5 3801.8 -3.1 16 0 8.0 15.5 2.5 2.5 4 1 1 0 0
2447.4 3830.1 -2.9 197 0 12.6 5.5 2.5 2.5 2 0 1 4 4
3180.3 3702.9 -2.9 105 0 11.8 10.4 5.0 2.5 2 0 2 1 1
3140.6 3721.3 -3.2 196 0 9.0 12.2 5.0 2.5 2 1 2 4 4
3112.4 3808.2 -3.2 109 0 22.8 9.3 5.0 0.0 0 0 2 5 5
3308.8 3763.3 -3.2 200 0 10.6 13.2 5.0 2.5 2 1 2 1 1
3345.6 3789.8 -3.3 17 0 21.3 6.5 2.5 2.5 4 0 1 5 5
3456.7 3587.6 -3.0 124 0 9.2 4.7 2.5 0.0 0 0 1 3 3
3466.3 3612.5 -3.0 211 0 7.5 12.3 2.5 2.5 2 0 1 2 2
3492.7 3593.3 -3.0 27 0 5.6 9.7 2.5 2.5 2 0 1 1 1
3478.9 3577.1 -3.1 117 0 9.7 17.9 5.0 2.5 2 0 2 2 2
3498.9 3625.4 -3.0 296 0 7.0 17.2 2.5 0.0 0 1 1 5 5
3416.9 3862.4 -3.3 288 0 26.0 8.7 2.5 2.5 2 0 1 1 1
3497.0 3822.5 -3.4 196 0 10.9 10.8 2.5 2.5 2 0 1 3 3
3608.7 3996.1 -3.8 14 0 6.3 14.8 2.5 2.5 2 1 1 1 1
3098.0 3642.8 -3.3 15 0 10.4 11.4 2.5 2.5 2 0 1 4 4
3103.0 3598.2 -2.9 208 0 12.8 9.8 5.0 0.0 0 0 2 0 0
3050.5 3344.6 -1.1 204 0 17.6 6.7 2.5 2.5 2 0 1 2 2
2958.2 3246.6 -2.0 22 0 6.2 8.7 2.5 2.5 2 1 1 0 0
3038.1 3203.3 -0.6 29 0 8.1 21.2 5.0 0.0 0 1 2 1 1
3049.2 3229.8 -1.1 30 0 5.2 24.1 2.5 2.5 2 1 1 4 4
2852.0 3151.8 -0.8 200 0 27.3 8.6 2.5 2.5 2 0 1 1 1
2887.3 3162.8 -0.7 290 0 24.2 9.2 5.0 2.5 2 0 2 3 3
2898.2 3129.3 -0.0 20 0 13.7 5.9 2.5 2.5 2 0 1 3 3
2857.1 3014.8 1.6 29 0 4.6 26.8 2.5 2.5 2 1 1 3 3
2886.7 2973.7 4.1 214 0 3.7 7.3 2.5 2.5 2 1 1 1 1
2863.7 2950.2 4.6 206 0 4.5 15.6 2.5 2.5 4 1 1 5 5
2884.8 2931.6 5.3 27 0 10.4 6.5 2.5 2.5 2 0 1 3 3
2855.7 2997.5 2.5 33 0 6.7 14.3 5.0 2.5 2 1 2 5 5
2905.9 2963.1 4.7 304 0 5.8 17.8 2.5 2.5 2 1 1 5 5
2848.2 2933.0 4.9 218 0 17.6 10.3 5.0 2.5 2 0 2 1 1
2662.5 2796.8 7.0 18 0 5.5 27.5 2.5 2.5 2 1 1 1 1
2641.8 2767.1 8.1 110 0 18.4 8.6 5.0 2.5 2 0 2 4 4
2620.8 2774.7 7.1 110 0 9.1 25.8 2.5 2.5 2 1 1 5 5
2671.3 2773.0 8.3 18 0 13.4 10.4 7.5 2.5 2 0 3 2 2
2704.2 2628.4 3.5 25 0 7.5 7.0 5.0 2.5 4 0 2 0 0
2659.9 2685.3 6.7 24 0 5.1 12.0 2.5 2.5 2 1 1 5 5
2687.5 2530.4 0.8 27 0 4.8 7.9 2.5 0.0 0 1 1 2 2
2679.0 2502.8 1.1 20 0 3.8 12.4 2.5 2.5 2 1 1 0 0
2663.5 2525.0 1.1 201 0 10.4 8.2 2.5 2.5 2 0 1 0 0
2445.8 2443.5 2.4 107 0 3.5 5.1 2.5 2.5 2 0 1 1 1
2393.4 2355.7 0.7 286 0 8.0 20.0 2.5 2.5 2 1 1 3 3
2371.1 2260.8 0.4 109 0 6.9 7.0 2.5 2.5 2 0 1 3 3
2162.8 4047.1 -2.9 15 0 6.0 11.9 2.5 0.0 0 1 1 3 3
2163.4 4068.9 -2.9 286 0 11.3 5.0 2.5 2.5 2 0 1 2 2
2114.3 4064.9 -3.0 196 0 13.8 6.3 5.0 2.5 2 0 2 3 3
2119.1 4042.0 -3.0 196 0 13.6 11.1 7.5 2.5 2 0 3 5 5
2037.0 3962.5 -2.7 16 0 5.6 9.2 2.5 2.5 4 1 1 4 4
1956.9 3965.7 -2.7 198 0 9.9 24.9 5.0 2.5 4 1 2 1 1
1985.9 3925.3 -2.5 107 0 8.7 15.3 2.5 2.5 2 1 1 3 3
1992.7 3354.2 -1.5 276 0 9.8 4.8 2.5 2.5 2 0 1 5 5
1980.9 3290.2 -0.8 95 0 15.3 6.2 2.5 2.5 2 0 1 5 5
1999.2 3330.3 -1.2 7 0 5.3 13.0 2.5 2.5 2 1 1 3 3
2083.5 3334.2 -1.7 294 0 22.1 8.4 5.0 2.5 2 0 2 3 3
2065.0 3201.2 -0.9 1 0 12.5 7.4 5.0 2.5 4 0 2 2 2
2045.6 3146.9 -0.9 178 0 5.3 11.4 2.5 2.5 2 1 1 1 1
2029.1 3138.5 -0.9 177 0 20.3 9.2 2.5 2.5 2 0 1 4 4
2041.9 3122.8 -0.8 178 0 5.5 16.8 2.5 2.5 2 1 1 3 3
2067.7 3133.1 -0.9 87 0 5.5 11.6 2.5 0.0 0 1 1 0 0
2019.2 2953.3 -0.6 187 0 5.5 24.5 2.5 0.0 0 0 1 2 2
2049.5 2963.5 -0.6 276 0 9.4 15.6 3.8 0.0 0 0 2 3 3
2257.2 2775.6 -0.3 204 0 17.4 10.6 5.0 2.5 2 0 2 3 3
2256.4 2753.0 -0.3 204 0 5.7 17.8 2.5 2.5 2 1 1 5 5
2285.8 2790.1 -0.3 293 0 21.9 7.1 2.5 2.5 2 0 1 2 2
2286.6 2751.7 -0.3 114 0 10.3 34.9 5.0 2.5 4 0 2 4 4
2443.2 2465.6 2.8 199 0 13.1 8.2 5.0 2.5 2 0 2 5 5
2454.8 2437.6 2.2 107 0 17.0 8.0 5.0 2.5 2 0 2 0 0
2473.2 2475.0 3.1 288 0 26.6 6.4 2.5 2.5 2 0 1 0 0
2490.3 2469.5 2.6 288 0 9.3 21.4 2.5 2.5 2 0 1 4 4
2362.2 2349.2 0.6 195 0 10.3 10.9 7.5 2.5 2 1 3 5 5
2350.7 2287.1 0.5 195 0 10.5 9.0 5.0 2.5 2 0 2 2 2
2383.8 2290.4 0.5 15 0 5.1 19.0 2.5 2.5 2 0 1 3 3
2390.3 2280.3 0.5 15 0 21.3 8.9 2.5 2.5 2 0 1 4 4
2358.6 2115.5 0.3 15 0 6.2 6.2 2.5 2.5 2 1 1 5 5
2328.7 2035.7 0.9 193 0 8.1 12.0 2.5 2.5 4 0 1 2 2
2340.0 2031.7 0.9 193 0 5.6 6.7 2.5 2.5 2 0 1 2 2
2346.6 2030.2 0.9 193 0 5.6 10.9 2.5 2.5 2 0 1 2 2
2344.3 1928.4 1.5 106 0 7.0 17.7 2.5 2.5 2 1 1 2 2
2328.0 2051.9 0.8 192 0 9.4 12.8 2.5 2.5 2 1 1 0 0
2367.0 2048.7 0.8 283 0 9.4 25.4 2.5 2.5 2 0 1 2 2
2331.1 1961.5 1.4 194 0 8.9 12.5 2.5 2.5 2 1 1 5 5
2357.8 1986.7 1.2 11 0 5.7 12.2 2.5 2.5 2 1 1 4 4
2365.1 1970.6 1.2 14 0 20.0 7.6 2.5 2.5 2 0 1 3 3
2320.6 1834.0 2.2 285 0 8.8 12.1 5.0 2.5 4 1 2 3 3
2318.7 1792.7 2.5 13 0 6.5 8.2 2.5 2.5 2 1 1 5 5
2316.9 1726.0 2.9 284 0 17.4 7.7 2.5 2.5 2 0 1 5 5
2326.3 1701.9 3.0 14 0 26.7 10.0 2.5 0.0 0 0 1 1 1
2311.6 1691.9 3.1 105 0 3.5 9.9 2.5 2.5 2 0 1 5 5
2290.3 1699.3 3.1 105 0 10.0 5.4 2.5 2.5 2 0 1 5 5
2275.0 1714.2 3.0 192 0 10.2 8.5 5.0 2.5 2 0 2 4 4
2275.5 1556.9 4.4 105 0 19.0 7.9 5.0 2.5 2 0 2 1 1
2299.4 1571.9 4.3 14 0 13.1 8.5 2.5 0.0 0 0 1 4 4
2279.9 1601.9 4.2 284 0 13.2 8.1 5.0 2.5 2 0 2 2 2
2256.3 1273.9 3.8 179 0 13.0 9.5 5.0 2.5 2 0 2 5 5
-3012.2 -6816.7 -7.3 5 0 9.1 9.2 5.0 2.5 2 0 2 5 5
-3016.9 -6835.9 -7.1 22 0 12.5 15.4 7.0 2.5 2 0 2 1 1
-2258.7 -2499.4 -10.2 109 0 18.5 8.0 3.5 2.5 2 0 1 2 2
1584.1 4349.1 -3.1 180 0 48.0 16.0 2.5 2.5 2 0 1 4 4
4845.9 2713.8 -2.3 118 0 30.6 17.4 2.5 2.5 2 0 1 0 0
846.1 5201.5 -3.9 15 0 14.0 9.2 5.0 2.5 2 0 2 5 5
-6471.5 -4867.4 -18.2 190 0 4.0 3.1 5.0 2.5 2 0 2 0 0
-6456.9 -4885.8 -18.2 97 0 6.4 15.3 7.5 2.5 2 1 3 0 0
-6471.2 -4847.2 -17.7 188 0 3.2 8.9 5.0 2.5 2 0 2 0 0
-6470.1 -4838.8 -17.6 188 0 13.7 8.9 7.5 2.5 2 0 3 3 3
-6462.9 -4891.1 -18.7 11 0 4.2 10.2 7.5 2.5 2 1 3 0 0
-6486.9 -4874.5 -18.8 195 0 12.4 5.0 7.5 2.5 4 0 3 4 4
-6432.8 -4837.9 -16.8 278 0 6.8 12.9 2.5 2.5 2 1 1 0 0
-3073.0 2656.3 -9.2 298 0 6.0 16.8 2.5 2.5 2 1 1 5 5
-2992.7 2785.0 -11.3 23 0 9.2 5.0 2.5 2.5 2 0 1 3 3
-3000.1 2808.1 -11.0 295 0 12.2 7.1 2.5 2.5 2 0 1 2 2
-3020.2 2774.2 -11.1 114 0 5.9 12.3 2.5 2.5 2 1 1 1 1
-3080.1 2628.9 -8.9 123 0 8.5 5.8 2.5 2.5 2 0 1 5 5
-3059.5 -6901.3 -5.4 28 0 9.8 6.6 3.5 2.5 2 0 1 2 2
-2955.2 -6813.4 -8.5 180 0 12.2 13.7 5.0 2.5 4 0 2 2 2
-3020.7 -6595.3 -4.8 34 0 9.2 17.7 2.5 2.5 4 1 1 1 1
-2834.4 -6287.1 -11.2 164 0 4.0 10.0 2.5 0.0 0 0 1 0 0
-2940.5 -5699.2 -11.9 263 0 4.6 3.6 2.5 2.5 2 0 1 0 0
-3207.9 -7122.7 -6.4 207 0 6.4 3.3 2.5 2.5 2 0 1 4 4
-3467.4 -6327.0 -11.8 144 0 3.3 4.9 2.5 2.5 4 1 1 0 0
-3451.8 -6301.0 -11.6 320 0 10.0 5.7 2.5 2.5 2 0 1 0 0
-3437.0 -6318.5 -11.2 320 0 10.1 6.2 2.5 2.5 2 0 1 4 4
-2294.0 -6577.1 -7.0 96 0 4.6 4.5 2.5 2.5 2 0 1 5 5
-2841.2 -6173.0 -11.0 345 0 15.6 14.0 2.5 2.5 4 0 1 1 1
-2797.4 -6269.0 -10.4 341 0 11.2 9.7 2.5 2.5 2 0 1 4 4
-2741.3 -5905.4 -9.3 300 0 4.0 5.1 2.5 2.5 2 0 1 5 5
-2918.9 -5961.2 -9.0 346 0 6.3 10.3 5.0 2.5 2 1 2 0 0
-2610.5 -6576.5 -8.1 278 0 15.1 36.1 2.5 0.0 0 1 1 5 5
-3457.7 -6081.1 -10.8 235 0 8.0 8.9 5.0 2.5 4 1 2 0 0
-3431.2 -6365.8 -11.1 230 0 7.8 14.2 2.5 2.5 2 1 1 0 0
-3318.6 -6239.9 -10.8 55 0 10.2 8.7 5.0 2.5 2 0 2 4 4
-2365.2 -7763.8 -10.7 43 0 9.9 10.2 5.0 2.5 2 1 2 1 1
-2928.7 -6559.4 -9.1 269 0 8.1 20.1 12.0 2.5 4 1 3 3 3
-2882.3 -6164.4 -11.4 174 0 26.3 9.1 2.5 2.5 2 0 1 5 5
-3821.4 -6316.8 -12.5 238 0 10.7 16.9 5.0 2.5 2 1 2 5 5
-3215.5 -6515.5 -6.4 51 0 5.9 11.5 5.0 2.5 2 0 2 4 4
-2745.4 -6734.3 -8.8 185 0 6.7 12.3 2.5 2.5 2 1 1 1 1
-3698.0 -6080.8 -11.3 238 0 11.8 12.4 5.0 2.5 2 1 2 0 0
-2732.2 -6681.8 -8.8 7 0 6.7 16.8 5.0 2.5 4 0 2 5 5
-2794.7 -6197.4 -9.7 162 0 8.6 9.9 5.0 2.5 2 1 2 1 1
-3531.7 -6292.4 -12.6 328 0 14.1 8.1 2.5 2.5 2 0 1 2 2
-3543.1 -6309.1 -12.8 330 0 12.4 6.6 2.5 2.5 2 0 1 2 2
-3055.6 -6893.9 -5.5 29 0 7.2 15.0 3.5 2.5 2 0 1 3 3
-2965.8 -7110.3 -7.8 78 0 9.3 9.9 2.5 2.5 2 1 1 5 5
-2665.4 -6525.4 -8.1 227 0 5.9 6.1 5.0 2.5 2 1 2 0 0
-3449.3 -6101.8 -11.2 145 0 5.8 9.5 2.5 2.5 2 1 1 5 5
-2838.2 -5776.1 -9.5 279 0 12.8 6.2 2.5 2.5 2 0 1 3 3
-2992.1 -6970.1 -6.7 348 0 8.3 9.3 2.5 2.5 2 1 1 2 2
-2955.1 -6775.9 -8.2 179 0 6.3 15.5 5.0 2.5 2 1 2 3 3
-3204.7 -7246.6 -7.8 208 0 8.9 8.9 2.5 2.5 2 1 1 5 5
-3102.8 -7068.2 -6.6 117 0 16.7 21.4 2.5 0.0 0 1 1 5 5
-2467.6 -7751.7 -11.7 311 0 5.1 9.0 2.5 2.5 2 1 1 2 2
-2827.1 -6205.6 -10.8 341 0 7.4 14.9 2.5 2.5 2 1 1 2 2
-2754.6 -6710.7 -8.7 97 0 8.2 21.3 2.5 2.5 2 0 1 1 1
-2718.5 -6695.4 -8.8 7 0 19.0 9.5 5.0 0.0 0 0 2 0 0
-2755.1 -6715.4 -8.7 96 0 7.9 4.8 2.5 2.5 2 0 1 2 2
-3121.4 -6475.0 -6.1 131 0 8.6 19.9 2.5 2.5 2 1 1 0 0
-2997.9 -6607.0 -6.4 184 0 9.9 7.1 2.5 2.5 2 0 1 3 3
-2926.8 -7006.6 -8.2 349 0 5.6 10.6 2.5 2.5 2 1 1 3 3
-2788.0 -6601.0 -8.6 250 0 10.7 7.5 5.0 0.0 0 0 2 2 2
-2787.5 -6831.3 -9.6 190 0 14.3 10.0 2.5 2.5 2 0 1 0 0
-3462.9 -6401.4 -11.4 324 0 12.1 10.2 5.0 2.5 2 0 2 2 2
-2913.4 -6983.8 -8.7 345 0 11.8 8.5 5.0 2.5 2 0 2 2 2
-3178.5 -7110.2 -6.2 296 0 9.4 10.4 5.0 2.5 2 0 2 1 1
-2773.4 -6558.3 -8.4 69 0 11.4 7.2 2.5 2.5 2 0 1 3 3
-2941.5 -7059.3 -7.6 166 0 14.0 11.7 5.0 2.5 2 0 2 0 0
-3221.1 -7310.3 -8.3 115 0 6.4 11.4 5.0 2.5 4 1 2 3 3
-3221.3 -7176.2 -7.1 27 0 6.3 12.5 2.5 2.5 2 0 1 1 1
-2979.3 -7010.0 -6.6 347 0 9.0 9.6 4.0 0.0 0 0 1 4 4
-2696.2 -6500.5 -8.1 161 0 11.1 11.2 2.5 2.5 2 1 1 3 3
-3447.9 -6420.8 -11.3 325 0 11.6 10.1 2.5 2.5 2 0 1 1 1
-2745.3 -6594.1 -8.5 254 0 5.3 10.4 2.5 2.5 2 1 1 5 5
-2916.9 -6851.4 -9.6 276 0 9.5 15.5 3.5 0.0 0 1 1 3 3
-3226.5 -6483.5 -6.6 224 0 4.8 7.6 2.5 2.5 2 0 1 0 0
-2940.1 -6810.2 -8.7 182 0 5.4 8.9 2.5 2.5 2 1 1 1 1
-3080.4 -6483.5 -6.1 328 0 12.1 6.1 2.5 2.5 2 0 1 4 4
-2984.7 -6691.0 -7.3 181 0 14.1 12.8 3.5 2.5 2 0 1 3 3
-3243.3 -6492.7 -6.9 141 0 8.6 7.4 2.5 0.0 0 0 1 1 1
-2722.7 -6570.7 -8.3 262 0 7.9 7.9 2.5 2.5 2 0 1 4 4
-2712.4 -6451.4 -8.3 160 0 9.0 10.7 5.0 0.0 0 1 2 5 5
-2883.1 -6118.1 -11.3 166 0 20.4 7.2 2.5 2.5 2 0 1 0 0
-2760.9 -5915.0 -9.4 210 0 33.3 10.1 2.5 2.5 2 0 1 3 3
-2748.8 -6847.6 -9.6 97 0 16.3 5.0 2.5 2.5 4 0 1 5 5
-2910.5 -7384.2 -9.9 171 0 7.3 8.7 2.5 2.5 4 1 1 2 2
-3918.5 -6426.6 -12.9 278 0 7.7 17.0 2.5 0.0 0 0 1 0 0
-3437.2 -6119.0 -11.3 145 0 6.4 9.9 5.0 2.5 2 1 2 0 0
-3907.4 -6220.7 -9.8 237 0 6.3 6.7 5.0 2.5 2 1 2 0 0
-2729.1 -6621.1 -8.4 7 0 20.1 8.0 2.5 2.5 4 0 1 0 0
-3524.1 -6134.0 -12.0 148 0 10.0 10.2 5.0 2.5 2 0 2 4 4
-2965.7 -7165.2 -9.0 258 0 12.5 14.0 5.0 2.5 4 1 2 5 5
-2916.3 -7022.4 -8.3 349 0 9.1 5.5 2.5 0.0 0 0 1 2 2
-2758.7 -6856.6 -9.8 100 0 6.3 10.4 5.0 0.0 0 0 2 3 3
-2956.7 -7214.7 -9.3 168 0 5.6 10.0 2.5 2.5 2 1 1 0 0
-3427.6 -6137.6 -11.5 148 0 6.4 12.8 5.0 2.5 4 1 2 3 3
-3631.0 -6158.6 -13.6 329 0 10.4 14.4 5.0 2.5 2 1 2 1 1
-3063.2 -6679.8 -5.3 113 0 20.9 12.1 5.0 2.5 2 0 2 5 5
-2724.5 -6413.8 -8.7 162 0 6.4 11.4 5.0 2.5 2 0 2 5 5
-2960.4 -6962.2 -8.0 256 0 8.4 13.4 2.5 2.5 2 1 1 0 0
-2433.9 -6429.0 -7.4 46 0 27.8 18.8 2.5 2.5 2 0 1 0 0
-2703.3 -6478.8 -8.0 162 0 9.8 9.4 5.0 2.5 2 0 2 5 5
-2939.2 -6839.4 -8.8 97 0 8.0 4.9 2.5 2.5 2 0 1 3 3
-3092.3 -7027.4 -5.9 210 0 24.7 12.7 2.5 0.0 0 0 1 2 2
-3862.2 -6228.4 -11.2 330 0 9.7 9.4 5.0 2.5 2 0 2 1 1
-3046.3 -6822.1 -6.8 116 0 10.4 8.7 5.0 2.5 2 0 2 5 5
-3562.8 -6131.7 -12.3 327 0 8.8 11.6 5.0 0.0 0 1 2 2 2
-3218.7 -6485.6 -6.4 232 0 4.3 10.1 2.5 2.5 2 0 1 3 3
-2954.9 -6762.3 -8.0 180 0 14.5 13.0 5.0 2.5 2 0 2 4 4
-3007.2 -6750.2 -7.3 6 0 6.3 9.5 5.0 2.5 2 0 2 0 0
-3211.3 -7106.9 -6.3 207 0 14.6 6.9 2.5 2.5 4 0 1 4 4
-3570.8 -6358.1 -13.1 149 0 9.5 3.9 2.5 2.5 2 0 1 5 5
-2895.8 -7275.4 -9.9 168 0 14.2 9.7 2.5 0.0 0 0 1 3 3
-3598.1 -6194.8 -13.6 329 0 5.1 26.9 2.5 2.5 2 1 1 3 3
-2282.3 -6576.3 -7.0 8 0 4.5 9.1 2.5 0.0 0 0 1 3 3
-2449.1 -7793.8 -11.3 130 0 20.5 5.3 2.5 2.5 2 0 1 3 3
-2837.7 -6585.5 -8.9 69 0 7.0 10.2 2.5 2.5 2 0 1 5 5
-2874.7 -7384.6 -10.2 168 0 7.2 13.2 2.5 2.5 2 1 1 0 0
-2919.0 -6608.9 -8.5 5 0 14.7 19.5 2.5 0.0 0 1 1 4 4
-2782.5 -6607.0 -8.5 250 0 4.5 6.1 2.5 2.5 2 0 1 1 1
-3439.8 -6028.3 -8.8 144 0 17.9 8.9 5.0 2.5 2 0 2 0 0
-3530.2 -6341.3 -12.6 329 0 9.0 6.2 3.5 2.5 2 0 1 3 3
-3847.1 -6193.1 -10.4 58 0 3.5 9.5 2.5 2.5 2 0 1 5 5
-3878.5 -6427.9 -13.1 281 0 17.0 7.9 5.0 2.5 2 0 2 3 3
-2754.7 -6665.7 -8.6 8 0 20.5 10.2 2.5 0.0 0 0 1 0 0
-2949.1 -5715.6 -11.7 90 0 4.6 9.5 2.5 2.5 2 0 1 4 4
-3211.2 -6511.8 -6.3 48 0 5.3 11.5 5.0 2.5 2 0 2 4 4
-2982.8 -6991.6 -6.7 348 0 14.5 7.0 4.0 2.5 2 0 1 2 2
-3534.7 -6107.8 -11.9 236 0 7.2 10.3 5.0 2.5 4 1 2 2 2
-2748.1 -6344.7 -8.9 162 0 9.3 9.1 5.0 2.5 2 0 2 5 5
-2899.0 -7065.6 -8.0 347 0 5.8 8.2 2.5 2.5 2 0 1 2 2
-3457.5 -6141.4 -11.9 323 0 6.3 10.7 5.0 0.0 0 1 2 3 3
-3193.2 -7289.2 -8.0 25 0 12.7 12.0 2.5 2.5 4 0 1 0 0
-3216.2 -7328.6 -8.5 116 0 15.1 7.6 2.5 2.5 2 0 1 5 5
-3945.4 -6236.5 -10.1 219 0 9.2 9.3 5.0 2.5 2 1 2 5 5
-2908.4 -7354.0 -9.8 354 0 6.8 13.4 5.0 0.0 0 0 2 0 0
-2422.6 -7689.6 -11.3 312 0 12.9 6.0 2.5 2.5 2 0 1 2 2
-2872.6 -7331.7 -10.1 71 0 5.0 12.5 4.0 2.5 2 1 1 4 4
-2721.5 -6517.8 -8.2 343 0 8.1 8.8 5.0 2.5 2 1 2 2 2
-3894.0 -6449.1 -12.9 3 0 4.4 29.5 2.5 2.5 2 0 1 0 0
-2954.8 -6783.6 -8.3 181 0 5.2 17.0 2.5 2.5 2 0 1 3 3
-3178.7 -7197.7 -7.2 208 0 8.5 15.3 5.0 2.5 2 1 2 2 2
-2829.1 -6611.5 -8.3 252 0 11.9 10.4 2.5 2.5 2 0 1 5 5
-3393.0 -6185.9 -11.6 146 0 6.9 10.2 5.0 2.5 4 1 2 1 1
-3040.0 -6880.4 -6.1 29 0 14.1 10.0 5.0 2.5 2 0 2 1 1
-2919.2 -7322.4 -9.7 258 0 9.0 10.6 2.5 2.5 2 1 1 4 4
-2753.8 -6734.4 -8.8 186 0 11.7 7.7 2.5 2.5 2 0 1 0 0
-3236.8 -7127.8 -6.8 296 0 32.1 12.4 2.5 2.5 2 0 1 3 3
-3601.5 -6408.6 -13.8 328 0 8.0 15.9 2.5 2.5 2 1 1 5 5
-3462.5 -6453.8 -11.7 147 0 11.5 7.0 2.5 2.5 4 0 1 1 1
-2716.8 -6438.0 -8.6 162 0 12.7 9.0 5.0 2.5 2 0 2 2 2
-2718.9 -6583.9 -8.4 351 0 11.3 5.6 2.5 2.5 2 0 1 5 5
-2927.1 -6745.2 -8.1 1 0 3.5 14.7 2.5 2.5 2 0 1 3 3
-2833.2 -6564.3 -8.6 69 0 12.0 6.4 2.5 0.0 0 0 1 0 0
-3058.9 -6825.8 -6.4 114 0 16.8 4.6 2.5 2.5 2 0 1 5 5
-3491.2 -6356.2 -12.3 325 0 8.3 8.9 5.0 2.5 2 1 2 5 5
-3188.0 -7102.8 -6.2 296 0 13.1 7.1 2.5 2.5 2 0 1 2 2
-3488.0 -6264.8 -11.8 54 0 6.7 13.4 5.0 2.5 2 1 2 3 3
-2181.3 -6605.9 -6.7 97 0 7.6 7.4 2.5 2.5 2 0 1 0 0
-3247.6 -7173.1 -7.3 118 0 24.5 12.5 2.5 2.5 2 0 1 5 5
-2943.4 -5721.7 -11.7 88 0 6.6 8.5 2.5 0.0 0 0 1 3 3
-2766.3 -6803.1 -8.9 184 0 16.0 8.0 2.5 2.5 2 0 1 5 5
-3005.4 -6732.7 -7.4 6 0 14.9 11.1 5.0 0.0 0 0 2 1 1
-2478.2 -6393.5 -7.6 160 0 11.4 30.9 5.0 0.0 0 1 2 1 1
-2855.4 -6145.1 -11.2 347 0 4.3 10.5 2.5 2.5 4 1 1 0 0
-3515.3 -6322.6 -12.5 324 0 11.3 10.0 5.0 2.5 2 0 2 1 1
-2809.8 -6624.6 -8.0 251 0 7.4 12.0 2.5 2.5 2 1 1 0 0
-3521.2 -6206.5 -12.6 326 0 6.5 9.8 5.0 2.5 2 1 2 5 5
-3235.2 -7151.2 -7.0 298 0 8.0 12.7 2.5 2.5 2 0 1 4 4
-2758.9 -6583.3 -8.5 250 0 10.8 8.8 5.0 2.5 2 0 2 1 1
-2925.4 -5716.0 -11.7 359 0 10.5 14.8 2.5 0.0 0 0 1 3 3
-2879.4 -5788.5 -10.1 188 0 15.6 9.6 5.0 2.5 2 0 2 3 3
-3480.6 -6199.0 -12.4 146 0 10.0 9.8 5.0 2.5 2 0 2 0 0
-2762.6 -6855.9 -9.8 101 0 5.1 10.3 2.5 2.5 2 0 1 4 4
-3758.3 -6158.6 -12.0 331 0 9.1 9.0 2.5 2.5 2 0 1 5 5
-2779.0 -6597.2 -8.6 250 0 8.7 13.7 5.0 2.5 2 1 2 2 2
-3448.1 -6152.6 -12.0 324 0 9.9 10.8 2.5 2.5 2 1 1 3 3
-2980.6 -7002.1 -6.7 349 0 7.0 10.0 4.0 2.5 2 0 1 4 4
-2834.8 -6155.9 -10.9 343 0 11.6 14.7 5.0 0.0 0 1 2 3 3
-2674.2 -6477.6 -8.0 71 0 9.1 10.3 2.5 2.5 2 1 1 0 0
-2697.4 -6358.7 -8.2 252 0 12.9 9.3 4.0 2.5 2 0 1 0 0
-2855.3 -6248.0 -11.5 162 0 24.6 10.2 2.5 0.0 0 0 1 2 2
-2916.7 -7367.9 -9.8 78 0 9.7 8.8 5.0 2.5 2 0 2 0 0
-2952.4 -7019.3 -7.7 168 0 11.4 8.2 2.5 2.5 4 0 1 2 2
-3490.7 -6184.0 -12.3 146 0 9.9 9.8 2.5 0.0 0 0 1 5 5
-2771.9 -6130.1 -9.7 65 0 7.5 14.9 2.5 2.5 2 1 1 0 0
-2778.1 -6856.7 -9.9 99 0 6.7 13.1 2.5 2.5 2 1 1 3 3
-2698.7 -6435.8 -8.4 161 0 4.8 10.1 2.5 2.5 2 1 1 0 0
-3458.4 -6231.7 -11.9 145 0 9.8 10.7 5.0 2.5 2 1 2 1 1
-2751.8 -6318.3 -9.1 252 0 8.8 9.7 2.5 2.5 2 1 1 5 5
-2804.2 -6145.7 -10.2 68 0 5.6 10.9 2.5 2.5 2 1 1 5 5
-3273.9 -6562.1 -7.5 235 0 7.5 33.2 2.5 2.5 2 1 1 4 4
-2625.4 -6539.6 -8.1 8 0 10.3 19.0 5.0 2.5 2 1 2 3 3
-2792.1 -6563.7 -8.4 70 0 9.4 15.1 5.0 2.5 2 1 2 5 5
-2173.6 -6583.8 -6.6 96 0 12.4 7.5 2.5 2.5 2 0 1 4 4
-2707.1 -6595.9 -8.4 2 0 6.2 12.6 2.5 2.5 2 1 1 1 1
-3803.7 -6148.8 -10.7 238 0 9.2 8.4 2.5 2.5 2 0 1 5 5
-3462.0 -6160.6 -12.0 325 0 7.4 5.5 5.0 2.5 2 0 2 4 4
-3437.8 -6351.9 -11.2 141 0 4.6 7.5 2.5 2.5 4 1 1 1 1
-2777.3 -6418.4 -9.2 344 0 4.6 14.6 2.5 2.5 2 1 1 0 0
-2764.8 -6830.5 -9.4 188 0 5.2 13.2 2.5 2.5 2 1 1 0 0
-3119.5 -6504.9 -5.0 145 0 11.8 9.8 2.5 2.5 2 0 1 5 5
-2450.3 -7714.0 -11.5 135 0 11.1 10.2 2.5 2.5 2 0 1 1 1
-3607.9 -6173.8 -13.3 327 0 15.6 9.4 7.5 2.5 2 0 3 3 3
-2893.4 -7296.0 -10.0 167 0 6.9 23.5 2.5 2.5 2 1 1 5 5
-3485.5 -6102.0 -11.6 325 0 9.9 9.7 5.0 2.5 2 0 2 0 0
-2833.5 -6445.6 -9.0 162 0 10.2 10.3 5.0 2.5 2 1 2 3 3
-2312.5 -6547.0 -7.0 279 0 9.5 10.5 2.5 0.0 0 0 1 4 4
-2739.6 -5948.1 -9.5 344 0 10.9 21.6 5.0 2.5 2 1 2 0 0
-3471.2 -6216.9 -12.3 146 0 6.5 12.0 5.0 2.5 2 1 2 1 1
-2616.6 -6511.7 -8.0 43 0 13.7 21.4 2.5 0.0 0 1 1 5 5
-3373.8 -6494.6 -10.4 38 0 6.3 5.8 2.5 2.5 2 0 1 5 5
-2879.1 -6650.4 -7.7 71 0 4.4 15.3 4.0 2.5 2 1 1 1 1
-2154.8 -6663.1 -6.9 97 0 7.9 12.2 5.0 0.0 0 1 2 0 0
-3162.9 -7054.1 -5.5 208 0 3.7 17.4 3.5 2.5 2 1 1 1 1
-2953.4 -6732.9 -8.2 180 0 8.3 11.4 5.0 2.5 2 0 2 5 5
-3246.2 -7154.1 -7.1 299 0 8.6 5.0 2.5 2.5 2 0 1 0 0
-3865.5 -6182.7 -10.0 238 0 9.4 9.2 5.0 2.5 2 0 2 2 2
-2706.1 -6470.4 -8.0 161 0 8.0 9.4 5.0 0.0 0 0 2 0 0
-3388.6 -6480.3 -10.7 310 0 9.5 9.9 5.0 2.5 2 1 2 3 3
-3204.0 -7162.9 -6.8 26 0 17.3 9.3 5.0 2.5 2 0 2 4 4
-2954.4 -7370.1 -9.5 79 0 10.7 7.1 4.0 2.5 2 0 1 1 1
-2790.8 -6380.9 -9.4 252 0 9.0 6.7 2.5 2.5 2 0 1 4 4
-2739.6 -6451.8 -8.6 343 0 7.9 15.0 5.0 0.0 0 1 2 0 0
-2919.7 -7073.5 -7.8 76 0 13.1 5.9 2.5 2.5 2 0 1 0 0
-2809.8 -6560.3 -8.4 73 0 11.5 5.5 2.5 2.5 2 0 1 0 0
-3124.9 -6636.2 -4.4 200 0 11.0 19.4 5.0 2.5 2 1 2 3 3
-3148.5 -6463.9 -5.6 235 0 11.2 9.3 5.0 2.5 2 0 2 4 4
-3161.2 -7171.8 -7.0 295 0 8.7 9.7 2.5 2.5 2 1 1 4 4
-2955.1 -6802.5 -8.4 181 0 9.4 10.6 2.5 2.5 2 0 1 1 1
-3403.9 -6170.1 -11.7 146 0 6.2 10.1 5.0 2.5 2 1 2 0 0
-2867.5 -6192.1 -11.2 84 0 4.6 9.1 2.5 2.5 2 1 1 1 1
-2733.7 -6844.3 -9.5 9 0 10.9 7.6 2.5 2.5 2 0 1 3 3
-3852.2 -6171.9 -10.1 241 0 8.4 12.1 5.0 0.0 0 0 2 2 2
-3505.4 -6135.1 -11.9 146 0 4.5 10.7 2.5 2.5 2 1 1 5 5
-2736.7 -6780.7 -8.9 11 0 11.3 10.1 5.0 2.5 2 0 2 5 5
-2213.2 -6498.5 -6.7 97 0 20.7 14.0 5.0 2.5 2 0 2 3 3
-3173.9 -7250.5 -7.5 26 0 5.0 10.2 2.5 2.5 2 1 1 2 2
-2765.6 -6386.0 -8.9 341 0 10.3 9.4 5.0 0.0 0 0 2 0 0
-3249.4 -6509.4 -6.9 231 0 3.3 10.1 2.5 2.5 2 1 1 5 5
-2916.4 -5695.7 -11.8 354 0 4.0 16.2 2.5 2.5 2 0 1 4 4
-2972.7 -6637.3 -6.8 91 0 9.5 9.2 5.0 2.5 2 0 2 4 4
-2953.3 -6741.2 -8.1 180 0 8.2 11.5 5.0 2.5 2 0 2 1 1
-3229.8 -6526.0 -6.6 53 0 10.4 8.5 2.5 2.5 2 0 1 2 2
-3179.2 -6490.2 -5.9 51 0 13.6 9.2 2.5 2.5 2 0 1 1 1
-3442.8 -6311.6 -11.5 321 0 8.0 17.9 2.5 0.0 0 0 1 0 0
-2311.6 -6543.6 -7.0 189 0 7.0 8.9 2.5 2.5 2 0 1 4 4
-2950.8 -5691.1 -11.9 268 0 6.3 8.6 2.5 2.5 4 1 1 1 1
-2773.5 -7379.3 -10.9 261 0 4.6 10.1 2.5 0.0 0 1 1 2 2
-2868.7 -7266.0 -10.1 257 0 8.1 16.9 2.5 2.5 2 1 1 0 0
-2807.0 -6339.8 -10.4 72 0 6.0 10.5 2.5 2.5 2 1 1 0 0
-3777.2 -6259.2 -12.9 329 0 11.1 11.0 5.0 2.5 2 0 2 2 2
-2818.9 -5797.1 -9.1 97 0 9.2 11.1 2.5 2.5 2 1 1 1 1
-3096.7 -6683.3 -5.1 112 0 20.2 6.6 2.5 2.5 4 0 1 3 3
-3569.6 -6378.0 -13.1 58 0 7.8 9.8 2.5 2.5 2 1 1 1 1
-3834.9 -6158.1 -10.1 238 0 6.0 10.4 5.0 2.5 2 1 2 5 5
-2726.5 -6407.6 -8.7 162 0 6.6 11.4 5.0 2.5 2 0 2 2 2
-3771.6 -6135.7 -10.9 329 0 5.1 12.8 2.5 2.5 2 1 1 4 4
-3292.1 -7113.9 -7.6 297 0 22.3 28.5 2.5 0.0 0 1 1 1 1
-3871.2 -6215.1 -10.5 329 0 7.7 11.5 5.0 2.5 2 1 2 3 3
-2892.3 -6051.4 -11.3 252 0 12.7 8.4 2.5 2.5 2 0 1 1 1
-3587.0 -6207.6 -13.4 330 0 9.1 20.3 3.5 2.5 2 1 1 4 4
-2776.3 -6365.6 -9.3 252 0 9.1 9.2 5.0 2.5 2 1 2 0 0
-2731.2 -6378.3 -8.5 161 0 14.1 17.0 3.5 2.5 2 1 1 1 1
-2907.5 -6653.0 -7.6 79 0 13.3 5.3 2.5 2.5 2 0 1 0 0
-2776.7 -6215.0 -9.7 72 0 10.8 9.7 5.0 2.5 2 0 2 5 5
-2310.3 -6568.3 -7.0 99 0 9.5 10.1 5.0 2.5 2 0 2 4 4
-2811.3 -6065.0 -10.2 122 0 11.0 9.3 2.5 2.5 2 0 1 3 3
-2896.2 -6630.1 -7.7 251 0 8.4 9.2 2.5 2.5 2 1 1 1 1
-2922.3 -6689.5 -8.1 0 0 4.0 8.8 2.5 2.5 2 1 1 0 0
-3139.5 -6429.5 -6.9 237 0 18.8 8.9 2.5 2.5 2 0 1 3 3
-3634.1 -6402.5 -13.7 149 0 18.8 8.8 2.5 2.5 2 0 1 0 0
-3295.2 -6619.9 -8.9 50 0 6.7 13.0 2.5 2.5 2 1 1 0 0
-2926.8 -6963.1 -8.8 258 0 6.4 10.6 2.5 2.5 2 1 1 0 0
-2141.9 -6584.9 -6.5 2 0 6.3 11.4 2.5 0.0 0 1 1 1 1
-2955.0 -6656.5 -7.5 179 0 10.3 11.2 2.5 2.5 2 0 1 0 0
-2811.1 -6037.4 -10.2 300 0 7.6 16.2 2.5 2.5 2 1 1 5 5
-3262.0 -7287.5 -8.5 26 0 8.2 9.5 5.0 2.5 2 1 2 5 5
-3973.6 -6262.3 -10.7 133 0 6.4 13.3 5.0 2.5 2 1 2 4 4
-3432.4 -6465.5 -11.2 149 0 13.1 19.8 5.0 0.0 0 1 2 2 2
-2799.8 -6574.9 -8.5 71 0 9.7 7.8 2.5 2.5 2 0 1 3 3
-2788.3 -6057.9 -9.9 30 0 11.8 5.1 2.5 2.5 2 0 1 5 5
-3137.8 -6598.0 -4.1 49 0 12.2 12.3 5.0 2.5 2 1 2 3 3
-3175.4 -7303.3 -8.0 116 0 9.2 12.9 2.5 2.5 2 1 1 5 5
-3615.2 -6259.0 -13.7 148 0 18.8 18.0 2.5 2.5 2 0 1 1 1
-2954.8 -6790.8 -8.3 179 0 9.3 10.4 2.5 2.5 2 0 1 1 1
-2730.8 -6800.3 -9.0 7 0 11.0 9.6 5.0 2.5 2 0 2 1 1
-2731.4 -6675.9 -8.8 7 0 5.3 16.8 2.5 2.5 2 0 1 5 5
-3285.1 -6596.0 -8.8 55 0 6.0 26.2 2.5 2.5 2 1 1 2 2
-2799.1 -6037.5 -9.9 298 0 7.7 6.2 2.5 2.5 2 0 1 4 4
-2821.4 -6293.8 -10.9 163 0 7.5 17.3 5.0 2.5 2 1 2 3 3
-3411.0 -6509.8 -11.3 127 0 21.2 9.4 2.5 0.0 0 0 1 3 3
-2968.1 -7382.0 -9.4 78 0 20.7 16.0 2.5 2.5 2 0 1 1 1
-2183.7 -6554.3 -6.6 279 0 4.7 13.9 2.5 0.0 0 0 1 1 1
-3858.1 -6265.1 -11.8 59 0 8.8 14.8 5.0 2.5 2 1 2 4 4
-2847.1 -6277.9 -11.6 164 0 24.0 9.6 2.5 2.5 2 0 1 5 5
-3600.5 -6261.0 -13.3 238 0 13.1 12.4 5.0 2.5 2 0 2 0 0
-2535.7 -6552.1 -7.8 99 0 13.9 9.9 2.5 2.5 2 0 1 4 4
-3212.6 -7283.1 -8.1 205 0 7.0 8.1 2.5 2.5 2 0 1 1 1
-3005.9 -6982.1 -6.1 354 0 5.9 13.0 2.5 2.5 2 1 1 5 5
-3226.7 -6921.7 -6.0 210 0 11.1 21.6 5.0 2.5 2 1 2 3 3
-3188.8 -7279.6 -7.9 25 0 8.4 11.9 5.0 2.5 2 0 2 4 4
-3890.7 -6425.5 -13.0 281 0 7.7 6.9 2.5 2.5 2 0 1 0 0
-3204.7 -7123.7 -6.3 207 0 7.7 12.0 2.5 2.5 2 0 1 5 5
-3664.9 -6134.9 -13.3 148 0 13.1 9.2 5.0 2.5 2 0 2 2 2
-3449.8 -6347.4 -11.6 57 0 10.6 10.1 2.5 2.5 4 0 1 2 2
-2934.5 -6643.5 -7.5 250 0 12.2 7.9 5.0 2.5 2 0 2 3 3
-2645.7 -6372.8 -8.0 322 0 12.2 6.2 4.0 2.5 2 0 1 0 0
-3042.4 -6695.7 -6.6 204 0 5.3 22.2 2.5 2.5 2 1 1 4 4
-2464.2 -7653.7 -11.6 314 0 7.1 18.2 2.5 2.5 2 1 1 1 1
-2954.1 -6749.7 -8.1 180 0 7.2 12.3 2.5 2.5 2 0 1 1 1
-2502.6 -6282.6 -8.0 225 0 12.4 9.0 5.0 0.0 0 0 2 0 0
-2909.8 -7071.1 -7.9 76 0 7.3 5.9 2.5 2.5 2 0 1 4 4
-3161.8 -7228.5 -7.3 117 0 8.0 8.8 2.5 2.5 2 1 1 0 0
-3466.8 -6157.1 -12.0 325 0 4.1 9.5 2.5 2.5 2 0 1 4 4
-3251.3 -6534.1 -6.7 142 0 6.9 11.4 5.0 0.0 0 1 2 2 2
-2954.9 -6666.9 -7.7 179 0 10.4 11.2 2.5 2.5 2 0 1 4 4
-2850.2 -5774.4 -9.7 278 0 11.3 6.3 2.5 2.5 2 0 1 4 4
-3191.3 -6615.6 -5.9 19 0 8.7 14.1 2.5 2.5 2 1 1 1 1
-3024.2 -6775.7 -7.2 25 0 27.9 12.8 5.0 0.0 0 0 2 3 3
-2736.7 -6543.5 -8.3 70 0 11.3 10.1 5.0 2.5 2 0 2 5 5
