2844.4 1947.5 -1.3 136 0 27.0 14.7 5.0 2.5 2 0 2 1 1
3202.4 1679.0 -4.2 190 0 13.9 12.8 5.0 2.5 2 0 2 0 0
3219.1 1651.2 -4.4 9 0 6.8 17.7 2.5 2.5 2 1 1 2 2
3233.9 1677.2 -4.5 285 0 10.2 22.4 5.0 0.0 0 1 2 1 1
3339.7 1720.2 -5.0 43 0 11.5 10.7 5.0 2.5 2 0 2 5 5
3318.6 1701.2 -5.0 125 0 11.4 12.2 5.0 2.5 2 1 2 3 3
5535.1 -8146.4 2.9 26 0 15.6 30.6 5.0 2.5 2 1 2 5 5
5496.6 -8209.0 1.6 203 0 12.3 11.2 2.5 2.5 2 0 1 5 5
5453.0 -8244.9 1.6 27 0 13.1 5.8 2.5 2.5 2 0 1 3 3
3380.7 -1993.7 -7.3 28 0 6.7 8.6 7.5 2.5 2 1 3 4 4
3778.7 -1260.7 -7.4 222 0 10.3 6.6 7.5 2.5 2 0 3 5 5
3793.3 591.7 -11.1 118 0 8.0 19.9 10.5 3.5 2 1 3 2 2
3843.4 564.2 -10.9 29 0 9.7 9.4 10.5 3.5 2 0 3 4 4
3836.6 545.7 -11.0 35 0 8.8 12.3 10.5 3.5 4 1 3 4 4
3822.1 524.2 -11.1 126 0 10.3 10.0 10.5 3.5 2 0 3 2 2
3759.2 418.0 -10.4 202 0 23.1 16.7 10.5 3.5 2 0 3 4 4
3739.7 430.9 -10.8 19 0 15.2 9.5 10.5 3.5 2 0 3 2 2
3700.9 419.9 -10.9 199 0 8.3 8.2 10.5 3.5 2 0 3 3 3
3687.4 378.1 -10.6 116 0 6.6 12.4 10.5 3.5 2 1 3 2 2
3719.2 377.1 -10.4 19 0 10.7 9.1 10.5 3.5 2 0 3 1 1
3691.8 356.4 -10.2 291 0 4.8 8.1 10.5 3.5 4 1 3 0 0
3710.0 349.1 -9.9 292 0 8.0 12.9 10.5 3.5 2 1 3 3 3
3688.9 308.4 -10.3 112 0 10.2 13.0 10.5 3.5 2 1 3 0 0
3748.9 335.0 -9.6 294 0 10.8 12.0 10.5 3.5 2 1 3 3 3
3726.8 265.3 -10.0 22 0 7.3 12.7 10.5 3.5 4 1 3 1 1
3718.3 235.2 -9.7 21 0 12.9 9.6 10.5 3.5 2 0 3 0 0
3703.0 195.7 -9.7 21 0 29.9 13.3 10.5 3.5 2 0 3 5 5
3687.1 245.5 -10.3 201 0 16.2 8.2 10.5 3.5 2 0 3 1 1
3687.7 177.8 -9.7 21 0 6.9 12.3 10.5 3.5 2 1 3 5 5
3679.5 135.9 -9.3 21 0 8.9 8.1 10.5 3.5 2 0 3 1 1
3672.5 118.2 -9.4 21 0 13.4 11.9 10.5 3.5 2 0 3 3 3
3637.7 110.5 -9.7 201 0 8.6 6.6 10.5 3.5 2 0 3 4 4
3614.4 63.4 -9.7 201 0 6.1 14.6 10.5 3.5 2 1 3 1 1
3601.0 -71.7 -8.3 25 0 8.9 9.0 10.5 3.5 2 1 3 1 1
3869.6 145.9 -8.3 19 0 25.3 43.7 14.0 0.0 0 0 4 3 3
3849.8 66.7 -7.6 106 0 36.4 15.9 14.0 0.0 0 0 4 5 5
3788.1 -15.4 -7.8 17 0 43.7 10.5 14.0 3.5 4 0 4 2 2
3742.9 16.2 -8.2 288 0 11.4 42.5 14.0 3.5 2 1 4 5 5
3714.5 29.7 -8.5 289 0 11.5 30.0 14.0 3.5 2 1 4 3 3
3672.8 29.7 -8.8 198 0 22.3 12.8 14.0 3.5 4 0 4 1 1
3778.9 -48.9 -7.5 23 0 7.0 18.8 10.5 3.5 2 1 3 3 3
4139.6 150.7 -8.3 12 0 24.0 8.0 10.5 3.5 2 0 3 1 1
4131.9 125.0 -8.0 14 0 5.1 10.2 10.5 3.5 2 1 3 0 0
4111.2 60.3 -7.1 15 0 10.1 11.0 14.0 3.5 2 1 4 2 2
4067.0 71.3 -6.7 194 0 10.1 11.1 14.0 3.5 2 1 4 0 0
4082.0 -5.9 -8.3 14 0 6.2 11.1 10.5 3.5 2 1 3 0 0
4046.1 89.9 -7.4 12 0 10.1 9.0 10.5 3.5 2 0 3 2 2
4039.6 -9.2 -9.0 13 0 8.9 14.5 10.5 3.5 2 1 3 0 0
4115.9 195.1 -8.4 187 0 6.2 9.9 10.5 3.5 2 1 3 4 4
4134.9 43.9 -7.0 285 0 9.5 10.9 5.0 2.5 2 1 2 0 0
4113.8 12.5 -7.4 196 0 10.4 11.3 5.0 2.5 4 1 2 1 1
4092.5 -42.7 -8.4 195 0 11.1 8.0 5.0 0.0 0 0 2 2 2
4247.1 -26.0 -9.0 16 0 12.6 87.8 10.0 2.5 2 1 4 3 3
4181.0 102.1 -8.2 285 0 13.9 4.6 2.5 2.5 2 0 1 1 1
4098.7 -8.4 -8.0 198 0 9.2 5.4 5.0 2.5 2 0 2 5 5
4144.4 10.4 -7.1 15 0 4.0 11.9 7.5 2.5 2 1 3 4 4
4182.8 -118.7 -8.9 5 0 9.8 12.8 10.5 0.0 0 1 3 2 2
4166.0 -154.5 -9.2 100 0 13.1 5.9 10.5 3.5 4 0 3 0 0
4058.9 -130.5 -8.3 71 0 6.9 24.0 10.5 3.5 2 1 3 0 0
3961.3 -111.7 -7.9 70 0 10.4 12.1 14.0 3.5 4 1 4 1 1
3932.4 -101.4 -7.8 289 0 10.3 10.3 14.0 3.5 2 1 4 1 1
3847.3 -144.4 -8.0 90 0 5.2 22.0 10.5 3.5 2 1 3 2 2
4028.8 -64.7 -7.9 199 0 11.5 5.6 10.5 3.5 2 0 3 1 1
4041.8 -55.4 -8.2 200 0 9.0 7.0 10.5 0.0 0 0 3 1 1
4032.2 -191.1 -8.7 254 0 9.9 10.4 10.5 0.0 0 1 3 2 2
3998.2 -200.9 -8.7 254 1 13.0 10.9 14.0 3.5 2 0 4 5 5
3979.6 -208.4 -8.7 253 0 12.3 10.9 14.0 0.0 0 0 4 1 1
4013.5 -255.4 -9.1 74 0 8.9 12.4 10.5 3.5 2 1 3 2 2
4007.8 -230.6 -8.9 344 0 10.2 25.8 14.0 3.5 2 1 4 4 4
3966.7 -236.3 -8.8 106 0 4.9 10.4 10.5 3.5 2 0 3 1 1
3961.5 -218.5 -8.7 289 0 8.1 5.4 10.5 3.5 4 0 3 1 1
3934.6 -220.6 -8.7 198 0 9.7 9.7 10.5 0.0 0 0 3 1 1
3930.3 -233.3 -8.8 197 0 10.4 9.8 10.5 3.5 2 0 3 0 0
3923.4 -251.1 -8.9 210 0 10.0 10.4 10.5 3.5 2 1 3 1 1
3914.5 -266.2 -8.9 210 0 10.8 10.2 14.0 3.5 2 0 4 2 2
3905.5 -281.2 -9.0 211 0 10.0 10.5 10.5 3.5 2 1 3 0 0
3887.9 -311.3 -9.1 210 0 10.1 14.6 14.0 3.5 2 1 4 0 0
4012.9 -173.1 -8.5 74 0 9.5 8.6 10.5 3.5 2 0 3 5 5
3996.1 -177.9 -8.5 74 0 9.4 8.4 10.5 3.5 2 0 3 1 1
3974.4 -184.1 -8.5 75 0 9.1 8.1 10.5 3.5 2 0 3 3 3
3950.0 -179.0 -8.4 107 0 11.0 10.2 14.0 3.5 2 0 4 5 5
3980.2 -729.5 -8.6 113 0 33.9 12.8 14.0 3.5 2 0 4 0 0
4009.7 -799.8 -7.9 295 0 40.1 11.4 14.0 0.0 0 0 4 2 2
4065.2 -900.0 -7.7 112 0 9.9 13.7 10.5 3.5 2 1 3 1 1
4060.0 -906.4 -7.6 111 0 6.8 5.9 10.5 3.5 2 0 3 2 2
3949.5 -949.4 -7.0 115 0 5.4 12.0 10.5 3.5 2 1 3 3 3
3831.3 -1022.0 -8.2 100 0 8.1 13.0 10.5 3.5 2 1 3 1 1
3845.5 -1027.0 -8.1 105 0 5.0 14.0 10.5 3.5 4 1 3 2 2
3939.9 -555.3 -9.4 205 0 10.9 9.7 10.5 3.5 2 0 3 2 2
3911.3 -598.1 -9.6 294 0 8.5 10.7 10.5 3.5 2 1 3 5 5
3900.6 -653.2 -9.1 112 0 13.2 9.1 10.5 3.5 2 0 3 1 1
3856.9 -619.5 -9.2 208 0 9.7 8.8 10.5 3.5 2 0 3 4 4
3810.3 -617.3 -8.8 119 0 10.9 8.9 10.5 0.0 0 0 3 4 4
3789.3 -603.6 -9.2 120 0 18.6 8.7 10.5 3.5 2 0 3 3 3
3819.4 -561.4 -9.6 29 0 18.0 5.6 10.5 3.5 2 0 3 5 5
3795.0 -544.7 -9.5 208 0 9.2 9.1 10.5 3.5 2 0 3 0 0
3779.8 -538.9 -9.5 298 0 9.7 13.9 10.5 3.5 4 1 3 0 0
3758.2 -587.8 -9.4 119 0 13.5 9.6 10.5 3.5 2 0 3 1 1
3768.2 -532.6 -9.4 299 0 8.6 8.4 10.5 3.5 2 0 3 1 1
3750.6 -523.3 -9.4 299 0 9.2 8.4 10.5 3.5 2 0 3 1 1
3722.0 -508.3 -9.3 298 0 10.6 11.0 14.0 3.5 2 1 4 1 1
3704.5 -498.8 -9.3 300 0 8.2 13.1 10.5 3.5 2 1 3 4 4
3680.4 -542.4 -9.4 119 0 9.8 10.1 10.5 3.5 2 1 3 3 3
3769.0 -466.8 -9.2 31 0 10.1 10.4 14.0 3.5 2 1 4 5 5
3777.1 -451.8 -9.0 32 0 8.6 8.6 10.5 3.5 2 1 3 2 2
3787.3 -435.2 -9.0 25 0 9.6 10.5 10.5 3.5 2 0 3 2 2
3797.2 -522.0 -9.4 27 0 10.1 12.1 14.0 3.5 4 1 4 4 4
3815.1 -523.4 -9.4 209 0 9.9 10.2 10.5 3.5 2 1 3 3 3
3771.6 -518.5 -9.4 116 0 8.4 13.2 10.5 3.5 2 1 3 5 5
3812.6 -499.2 -9.3 29 0 4.5 16.1 10.5 3.5 2 1 3 1 1
3798.2 -464.2 -9.2 210 0 12.1 10.8 14.0 3.5 2 0 4 0 0
3736.2 -483.8 -9.2 120 0 13.1 4.2 10.5 3.5 2 0 3 4 4
3809.1 -446.0 -9.1 211 0 5.3 11.4 10.5 3.5 2 1 3 4 4
3816.8 -432.5 -9.2 210 0 10.4 10.1 14.0 3.5 2 0 4 1 1
3836.7 -404.1 -9.3 210 0 10.2 10.1 14.0 0.0 0 0 4 4 4
3845.3 -388.3 -9.3 211 0 11.0 10.0 10.5 0.0 0 0 3 2 2
3853.2 -372.5 -9.4 210 0 10.0 10.2 10.5 3.5 2 1 3 1 1
3861.7 -356.4 -9.3 210 0 9.6 9.1 10.5 0.0 0 0 3 2 2
3879.0 -326.8 -9.2 210 0 10.2 10.7 14.0 3.5 2 1 4 1 1
3894.8 -356.3 -9.4 30 0 17.7 5.0 10.5 3.5 2 0 3 0 0
3774.3 -373.5 -8.8 293 0 10.1 12.3 14.0 3.5 2 1 4 5 5
3756.1 -392.9 -9.0 207 0 11.8 9.8 10.5 3.5 2 0 3 2 2
3741.0 -378.2 -8.5 27 0 9.2 9.8 10.5 0.0 0 1 3 1 1
3695.5 -348.4 -7.9 210 0 5.3 18.2 10.5 3.5 2 1 3 4 4
3710.4 -331.3 -8.8 299 0 8.4 9.3 10.5 3.5 2 1 3 4 4
3778.4 -358.9 -9.2 115 0 12.1 10.5 7.5 2.5 2 0 3 3 3
3787.0 -340.1 -9.2 203 0 9.0 9.1 5.0 2.5 2 0 2 1 1
3830.7 -365.0 -9.3 24 0 9.2 8.6 2.5 2.5 2 0 1 5 5
3812.3 -353.5 -9.2 115 0 5.1 18.6 5.0 2.5 2 1 2 0 0
3840.7 -348.3 -9.3 23 0 9.8 11.0 5.0 2.5 2 0 2 3 3
3856.8 -321.0 -9.1 20 0 9.5 10.2 2.5 2.5 2 0 1 5 5
3797.6 -319.3 -9.2 203 0 9.9 9.9 5.0 2.5 2 0 2 4 4
3897.2 -295.4 -9.1 211 0 9.9 10.4 10.5 3.5 2 1 3 0 0
3875.6 -287.9 -8.9 17 0 4.8 12.2 5.0 2.5 2 1 2 1 1
3846.4 -276.1 -8.8 198 0 9.8 9.3 5.0 2.5 2 0 2 4 4
3857.4 -265.0 -8.8 197 0 9.9 9.0 2.5 2.5 4 0 1 3 3
3878.2 -235.8 -8.7 207 0 6.8 11.5 7.5 2.5 2 1 3 5 5
3883.6 -221.3 -8.6 200 0 10.5 8.6 5.0 2.5 2 0 2 4 4
3915.0 -226.9 -8.7 20 0 7.8 9.5 5.0 2.5 2 1 2 2 2
3893.4 -197.9 -8.5 198 0 9.0 8.9 5.0 2.5 2 0 2 3 3
3903.0 -182.2 -8.4 288 0 9.4 8.2 7.5 2.5 2 0 3 4 4
3969.2 -164.9 -8.4 164 0 7.3 14.0 10.5 3.5 2 0 3 3 3
3905.6 -167.3 -8.3 108 0 8.5 7.3 10.5 3.5 2 0 3 1 1
3917.1 -154.6 -8.3 197 0 4.9 16.4 10.5 0.0 0 1 3 2 2
3943.2 -267.0 -9.0 300 0 7.0 9.5 10.5 3.5 2 1 3 5 5
3966.2 -81.1 -7.8 290 0 6.2 20.0 10.5 3.5 2 1 3 2 2
3888.1 -277.9 -8.9 19 0 4.9 18.0 2.5 2.5 4 1 1 4 4
3857.6 -156.1 -8.1 72 0 9.8 9.5 10.5 3.5 2 0 3 5 5
3839.4 -165.1 -8.1 67 0 16.3 10.4 14.0 3.5 2 0 4 3 3
3815.2 -163.3 -8.1 181 0 8.9 8.0 10.5 3.5 2 0 3 5 5
3768.7 -325.3 -9.1 31 0 9.5 7.7 10.5 3.5 2 0 3 3 3
3777.0 -311.9 -9.1 29 0 7.9 10.2 10.5 3.5 2 1 3 3 3
3651.5 -476.2 -9.1 298 0 7.0 12.2 10.5 3.5 2 1 3 2 2
3780.3 -220.0 -8.7 269 0 5.0 12.7 10.5 3.5 2 1 3 4 4
3662.0 -521.5 -9.3 27 0 9.1 9.5 10.5 3.5 2 1 3 3 3
3652.8 -533.8 -9.3 25 0 4.1 11.9 10.5 3.5 2 0 3 5 5
3641.6 -548.3 -9.3 120 0 7.1 9.5 10.5 3.5 2 1 3 4 4
3603.2 -514.8 -9.2 208 0 10.9 8.1 10.5 3.5 2 0 3 5 5
3664.3 -489.9 -9.2 299 0 9.4 6.1 10.5 3.5 2 0 3 0 0
3780.3 -199.8 -8.5 254 0 8.2 9.7 10.5 3.5 2 1 3 1 1
3783.8 -257.1 -8.8 93 0 10.1 10.0 10.5 3.5 2 0 3 1 1
3758.8 -206.1 -8.6 258 0 10.2 8.1 10.5 3.5 2 0 3 1 1
3752.5 -230.2 -8.8 181 0 11.2 4.6 10.5 3.5 2 0 3 3 3
3745.4 -253.7 -9.0 190 0 5.3 7.8 10.5 3.5 2 1 3 1 1
3735.8 -283.8 -9.0 208 0 12.9 11.4 14.0 3.5 2 0 4 3 3
3724.0 -301.3 -8.9 210 0 9.3 9.2 10.5 3.5 2 0 3 1 1
3750.4 -342.9 -9.1 120 0 8.7 12.8 10.5 3.5 2 1 3 2 2
3716.9 -320.0 -9.0 120 0 9.2 8.4 10.5 3.5 2 0 3 3 3
3822.9 -195.7 -8.4 264 0 11.9 12.0 14.0 3.5 2 1 4 3 3
3811.3 -269.1 -8.8 84 0 4.7 13.9 10.5 3.5 2 0 3 4 4
3872.4 -209.2 -8.5 17 0 10.0 5.1 10.5 0.0 0 0 3 1 1
3833.0 -293.1 -8.9 201 0 5.0 10.7 5.0 2.5 2 1 2 2 2
3828.2 -279.1 -8.8 199 0 5.2 10.3 5.0 0.0 0 1 2 2 2
3809.2 -309.2 -9.1 201 0 10.2 9.0 5.0 2.5 2 0 2 4 4
3816.6 -295.1 -9.0 200 0 9.8 9.7 5.0 2.5 2 0 2 0 0
3647.5 -34.6 -8.4 197 0 18.5 15.2 14.0 3.5 2 0 4 1 1
3724.6 -35.0 -7.7 18 0 3.8 7.3 10.5 3.5 2 1 3 0 0
3628.6 -66.1 -8.1 198 0 8.3 11.6 10.5 3.5 2 0 3 2 2
3629.0 -90.3 -8.2 201 0 5.0 15.8 10.5 3.5 2 0 3 3 3
3608.2 -102.2 -8.4 203 0 13.3 9.2 10.5 3.5 2 0 3 4 4
3601.4 -129.7 -8.5 199 0 8.3 17.8 10.5 3.5 2 0 3 2 2
3631.1 -147.4 -8.6 200 0 4.9 18.6 10.5 3.5 2 1 3 1 1
3586.5 -159.2 -8.5 199 0 6.4 10.1 10.5 3.5 2 0 3 4 4
3580.1 -172.6 -8.4 200 0 9.2 8.6 10.5 3.5 2 0 3 0 0
3573.0 -182.9 -8.4 201 0 8.1 13.9 10.5 3.5 2 1 3 3 3
3568.8 -193.3 -8.4 203 0 8.8 14.0 10.5 3.5 2 1 3 4 4
3569.5 -210.1 -8.4 111 0 12.7 8.2 10.5 3.5 2 0 3 4 4
3611.9 -227.1 -8.5 114 0 11.0 5.3 10.5 3.5 2 0 3 2 2
3571.8 -218.1 -8.4 292 0 21.4 10.1 14.0 3.5 4 0 4 3 3
3609.5 -240.3 -8.5 293 0 14.0 5.8 10.5 3.5 2 0 3 3 3
3558.0 -241.7 -8.5 205 0 8.6 8.5 10.5 0.0 0 0 3 3 3
3712.8 -210.1 -8.8 267 0 14.7 9.4 10.5 3.5 2 0 3 3 3
3658.5 -231.7 -8.7 28 0 6.8 10.4 10.5 3.5 2 0 3 3 3
3697.8 -1217.3 -8.6 207 0 10.4 6.0 10.5 3.5 2 0 3 2 2
3738.3 -1202.6 -8.6 25 0 13.6 10.3 14.0 3.5 4 0 4 3 3
3731.0 -1186.7 -8.6 114 0 5.2 13.6 10.5 3.5 4 1 3 2 2
3751.7 -1156.6 -8.6 294 0 8.5 9.5 10.5 3.5 2 1 3 2 2
3772.0 -1122.0 -8.6 24 0 11.8 11.8 14.0 3.5 2 1 4 3 3
3737.9 -1123.8 -8.7 115 0 10.4 7.0 10.5 3.5 2 0 3 0 0
3777.1 -1110.5 -8.7 24 0 10.5 26.2 14.0 0.0 0 1 4 1 1
3747.2 -1070.3 -8.7 194 0 11.3 21.4 14.0 3.5 2 1 4 3 3
3792.4 -1047.2 -8.6 17 0 10.5 9.9 10.5 3.5 2 0 3 1 1
3798.3 -991.4 -8.3 3 0 18.6 9.3 10.5 3.5 2 0 3 2 2
3794.0 -967.7 -8.0 1 0 7.0 8.6 10.5 3.5 2 0 3 5 5
3742.3 -927.1 -8.3 294 0 11.2 8.5 10.5 3.5 2 0 3 0 0
3783.6 -934.9 -7.7 104 0 8.5 8.6 10.5 0.0 0 1 3 2 2
3760.6 -926.3 -8.0 115 0 18.6 5.1 10.5 3.5 2 0 3 0 0
3703.1 -925.0 -8.9 281 0 12.5 30.4 14.0 3.5 2 1 4 2 2
3679.4 -960.3 -8.9 108 0 8.3 7.9 10.5 3.5 2 0 3 4 4
3667.1 -847.0 -9.1 205 0 14.1 12.1 14.0 3.5 2 0 4 4 4
3698.0 -800.1 -8.9 204 0 16.2 10.9 14.0 0.0 0 0 4 4 4
3721.9 -805.4 -8.8 295 0 10.0 11.1 14.0 3.5 2 1 4 5 5
3747.6 -839.7 -8.1 326 0 8.9 9.0 10.5 0.0 0 1 3 0 0
3760.3 -857.0 -7.8 324 0 9.5 9.0 10.5 3.5 4 0 3 2 2
3736.3 -891.3 -8.1 121 0 5.3 11.0 10.5 0.0 0 1 3 1 1
3693.1 -774.9 -8.6 36 0 12.3 9.6 10.5 3.5 2 0 3 0 0
3654.9 -786.1 -9.3 111 0 16.5 7.9 10.5 3.5 2 0 3 0 0
3669.7 -724.8 -9.3 296 0 9.6 9.6 10.5 3.5 2 0 3 0 0
3658.1 -711.2 -9.4 301 0 9.6 12.7 10.5 3.5 2 1 3 2 2
3652.1 -694.7 -9.1 299 0 9.5 8.4 10.5 0.0 0 0 3 0 0
3643.0 -748.2 -9.5 113 0 5.6 17.5 10.5 3.5 2 1 3 4 4
3633.2 -693.5 -9.1 207 0 10.5 7.9 10.5 3.5 2 0 3 1 1
3628.1 -663.7 -8.6 34 0 9.8 12.3 10.5 3.5 2 0 3 2 2
3611.9 -685.6 -9.3 27 0 38.6 7.4 10.5 0.0 0 0 3 1 1
3589.5 -725.9 -10.0 27 0 44.6 5.7 10.5 3.5 2 0 3 5 5
3599.4 -637.5 -8.4 301 0 7.5 12.3 10.5 3.5 2 1 3 2 2
3564.3 -671.8 -8.9 116 0 5.5 11.3 10.5 3.5 2 1 3 2 2
3582.4 -640.3 -8.6 298 0 8.5 17.8 10.5 0.0 0 1 3 2 2
3577.2 -623.5 -8.3 299 0 7.9 13.2 10.5 3.5 2 1 3 5 5
3567.8 -618.0 -8.2 297 0 5.5 15.2 10.5 3.5 2 1 3 5 5
3547.0 -604.0 -8.1 302 0 10.3 9.2 10.5 3.5 2 0 3 2 2
3522.3 -596.5 -8.2 298 0 8.9 12.4 10.5 3.5 2 1 3 1 1
3516.5 -585.3 -8.4 302 0 12.4 13.1 14.0 3.5 2 1 4 5 5
3469.0 -579.5 -8.5 212 0 13.5 9.6 10.5 3.5 2 0 3 4 4
3503.6 -655.4 -8.8 116 0 3.9 29.8 10.5 3.5 2 1 3 1 1
3511.4 -613.6 -8.4 295 0 4.9 16.1 10.5 3.5 2 0 3 5 5
3492.3 -652.7 -8.8 116 0 5.1 10.3 10.5 3.5 4 1 3 5 5
3452.9 -603.7 -8.3 214 1 15.0 11.5 14.0 3.5 2 0 4 4 4
3440.4 -620.5 -8.7 210 0 4.3 40.7 10.5 3.5 4 0 3 2 2
3434.5 -492.0 -9.0 294 0 12.3 23.4 14.0 3.5 2 1 4 0 0
3413.3 -482.9 -8.4 295 0 24.8 18.5 14.0 3.5 2 0 4 2 2
3413.2 -542.7 -9.0 28 0 5.9 33.3 10.5 3.5 4 1 3 2 2
3394.3 -547.0 -8.9 27 0 4.8 11.2 10.5 3.5 2 1 3 2 2
3411.9 -565.6 -8.7 28 0 11.7 10.0 14.0 3.5 2 0 4 3 3
3399.3 -593.8 -8.3 27 0 17.3 9.1 10.5 3.5 4 0 3 3 3
3362.5 -581.1 -8.3 207 0 6.6 17.2 10.5 3.5 4 1 3 4 4
3348.7 -577.4 -8.6 118 0 12.3 17.5 14.0 3.5 4 1 4 5 5
3379.7 -475.8 -7.7 297 0 29.8 11.6 14.0 3.5 4 0 4 0 0
3352.3 -490.0 -7.4 115 0 5.8 16.9 10.5 3.5 2 1 3 3 3
3460.3 -442.5 -7.5 22 0 6.7 11.5 10.5 3.5 2 0 3 5 5
3392.9 -449.7 -7.1 114 0 8.5 9.0 10.5 3.5 2 1 3 4 4
3368.2 -445.9 -6.9 117 0 14.9 9.2 10.5 3.5 4 0 3 1 1
3356.5 -437.8 -6.6 118 0 8.1 9.9 10.5 3.5 2 0 3 3 3
3358.9 -403.4 -6.0 202 0 7.6 8.1 10.5 3.5 2 1 3 1 1
3443.8 -415.3 -7.3 296 0 51.3 10.0 14.0 3.5 4 0 4 1 1
3464.2 -415.0 -7.0 116 0 12.9 9.3 10.5 0.0 0 0 3 5 5
3475.6 -404.4 -6.9 26 0 10.0 11.2 10.5 3.5 2 1 3 5 5
3603.6 -488.0 -9.0 29 0 8.9 10.2 10.5 3.5 2 1 3 1 1
3642.6 -413.7 -8.4 28 0 8.8 7.8 10.5 3.5 2 0 3 3 3
3653.7 -377.3 -7.7 27 0 5.4 7.0 10.5 0.0 0 1 3 1 1
3633.3 -304.0 -8.8 207 0 11.4 10.5 14.0 3.5 2 0 4 4 4
3655.7 -266.4 -8.7 205 0 9.0 10.0 10.5 3.5 2 1 3 4 4
3616.3 -333.6 -7.3 207 0 8.6 13.7 10.5 3.5 2 1 3 4 4
3610.4 -344.0 -6.9 204 0 7.6 12.6 10.5 3.5 2 1 3 3 3
3604.6 -360.5 -7.2 209 0 12.5 10.3 14.0 3.5 2 0 4 5 5
3536.4 -313.6 -6.8 201 0 9.0 27.2 10.5 3.5 2 1 3 3 3
3607.8 -328.1 -7.5 29 0 9.3 15.0 10.5 3.5 2 1 3 2 2
3562.5 -264.1 -8.6 200 0 5.3 15.8 10.5 3.5 2 1 3 0 0
3668.6 -368.1 -7.7 23 0 8.3 10.4 10.5 3.5 2 0 3 2 2
3689.9 -332.0 -8.6 24 0 7.9 13.4 10.5 3.5 2 1 3 1 1
3707.7 -290.2 -8.8 25 0 9.0 15.7 10.5 3.5 4 1 3 3 3
3709.3 -194.3 -8.7 105 0 8.6 10.9 10.5 3.5 2 1 3 5 5
3685.5 -168.4 -8.6 18 0 8.5 17.8 10.5 3.5 4 1 3 3 3
3734.0 -166.0 -8.4 102 0 5.0 10.9 10.5 0.0 0 0 3 1 1
3536.1 -249.2 -8.5 23 0 14.5 9.2 10.5 3.5 2 0 3 3 3
3527.0 -272.5 -8.3 25 0 7.6 15.7 10.5 3.5 2 1 3 3 3
3492.2 -204.2 -8.3 207 0 13.0 13.3 14.0 3.5 2 1 4 4 4
3465.1 -209.6 -8.2 27 0 8.6 10.6 10.5 0.0 0 0 3 0 0
3453.1 -229.4 -8.4 29 0 6.8 11.3 10.5 3.5 2 0 3 2 2
3441.9 -251.6 -7.8 27 0 8.4 11.2 10.5 3.5 2 0 3 1 1
3431.0 -273.0 -6.8 27 0 8.1 11.2 10.5 0.0 0 0 3 4 4
3420.1 -294.2 -5.7 27 0 7.9 13.9 10.5 3.5 2 0 3 1 1
3451.7 -173.0 -8.0 301 0 11.9 6.4 10.5 3.5 2 0 3 2 2
3441.0 -154.8 -7.9 298 0 10.3 9.1 10.5 3.5 2 0 3 5 5
3423.0 -178.5 -8.1 207 0 8.4 11.2 10.5 3.5 2 1 3 0 0
3408.3 -207.5 -8.3 207 0 8.3 11.3 10.5 3.5 4 1 3 3 3
3397.4 -228.9 -8.0 207 0 8.2 11.3 10.5 3.5 2 1 3 5 5
3406.4 -167.2 -8.0 27 0 9.6 8.4 10.5 3.5 2 0 3 2 2
3393.6 -192.1 -8.1 27 0 9.9 11.0 10.5 3.5 2 1 3 2 2
3385.4 -208.1 -8.2 29 0 8.4 11.0 10.5 3.5 2 1 3 1 1
3381.6 -215.8 -8.2 27 0 11.6 10.9 14.0 3.5 2 0 4 3 3
3371.5 -235.5 -7.3 26 0 9.9 10.4 10.5 3.5 2 1 3 3 3
3355.0 -265.6 -5.8 27 0 7.4 13.8 10.5 3.5 2 1 3 5 5
3352.3 -110.9 -7.8 24 0 17.8 17.3 10.5 3.5 4 0 3 3 3
3320.3 -96.3 -7.6 24 0 18.0 17.5 17.5 3.5 2 0 5 5 5
3287.7 -81.7 -7.5 25 0 17.8 17.3 10.5 3.5 2 0 3 4 4
3237.7 -58.6 -7.3 19 0 8.6 9.3 7.0 3.5 2 0 2 2 2
3117.6 -17.8 -7.0 19 0 8.7 9.7 7.0 0.0 0 0 2 2 2
3227.5 179.6 -8.8 288 0 11.3 14.2 5.0 0.0 0 1 2 4 4
3316.8 187.5 -9.6 108 0 35.9 15.7 10.0 0.0 0 0 4 0 0
3259.8 288.9 -10.2 109 0 12.6 24.5 7.5 2.5 2 1 3 4 4
3577.4 -144.6 -8.4 24 0 6.9 12.7 10.5 0.0 0 1 3 0 0
3068.8 -114.7 -7.0 7 0 9.6 9.3 10.5 3.5 2 0 3 1 1
3122.3 -170.0 -7.0 17 0 15.3 7.8 7.0 0.0 0 0 2 1 1
3062.6 -150.5 -6.7 15 0 12.0 9.0 10.5 3.5 2 0 3 2 2
3064.6 -186.2 -6.4 9 0 6.9 12.3 7.0 3.5 2 1 2 4 4
3095.7 -179.6 -6.7 17 0 14.4 7.0 10.5 3.5 2 0 3 5 5
3094.9 -157.0 -6.9 17 0 6.2 22.9 10.5 3.5 2 1 3 4 4
3089.3 -237.9 -3.7 14 0 5.0 17.2 10.5 3.5 2 1 3 4 4
3073.9 -283.3 -3.8 15 0 14.7 32.0 10.5 3.5 2 1 3 4 4
2989.8 -108.0 -6.5 20 0 10.1 10.0 7.0 3.5 2 0 2 3 3
2979.9 -135.7 -6.3 20 0 9.9 9.7 3.5 3.5 2 0 1 3 3
2974.1 -152.9 -6.1 19 0 9.9 9.8 7.0 3.5 2 0 2 1 1
2970.0 -168.7 -6.0 20 0 12.2 10.7 7.0 3.5 4 0 2 3 3
3024.5 -163.4 -6.4 29 0 7.3 13.6 3.5 3.5 2 1 1 0 0
2974.9 -204.3 -4.7 20 0 11.9 5.1 10.5 3.5 2 0 3 4 4
2962.4 -188.0 -5.5 19 0 9.6 9.7 7.0 3.5 2 1 2 3 3
2959.3 -199.0 -4.8 19 0 12.0 10.8 10.5 3.5 2 0 3 1 1
2951.8 -216.9 -4.3 19 0 9.5 9.5 7.0 3.5 2 0 2 3 3
2947.7 -231.2 -4.1 19 0 9.8 9.7 3.5 0.0 0 0 1 0 0
3017.5 -224.9 -4.0 15 0 11.3 9.7 7.0 3.5 2 0 2 2 2
3015.5 -247.9 -3.7 16 0 11.0 16.7 3.5 3.5 2 1 1 4 4
3012.6 -266.3 -3.7 18 0 9.2 8.6 7.0 3.5 4 0 2 3 3
2941.4 -265.8 -4.1 17 0 6.5 14.0 7.0 3.5 2 1 2 5 5
3013.5 -286.1 -4.3 16 0 11.1 7.7 7.0 3.5 2 0 2 2 2
3014.2 -304.3 -4.7 17 0 9.2 8.3 7.0 3.5 2 0 2 0 0
3005.9 -341.7 -5.7 18 0 9.5 15.6 7.0 3.5 2 1 2 1 1
2978.8 -362.3 -6.4 7 0 10.3 17.4 10.5 3.5 2 1 3 0 0
2931.3 -282.2 -4.7 27 0 6.0 9.9 10.5 3.5 4 1 3 5 5
2930.8 -297.3 -5.1 7 0 6.2 9.2 10.5 3.5 2 1 3 4 4
2928.9 -317.9 -5.6 6 0 6.3 9.6 3.5 3.5 2 1 1 1 1
2928.8 -359.0 -6.6 15 0 14.0 11.6 7.0 3.5 2 0 2 0 0
2958.1 -247.1 -3.8 17 0 12.9 9.6 7.0 3.5 2 0 2 5 5
2958.7 -99.3 -6.4 24 0 6.7 11.0 10.5 3.5 2 1 3 4 4
2953.2 -115.0 -6.3 19 0 6.2 10.6 3.5 3.5 2 1 1 3 3
2948.0 -130.6 -6.1 16 0 6.4 10.6 7.0 3.5 2 1 2 0 0
2944.2 -141.9 -6.0 17 0 10.1 11.3 10.5 3.5 2 1 3 1 1
2930.8 -88.2 -6.2 18 0 5.2 12.9 7.0 3.5 2 1 2 1 1
2921.9 -102.1 -6.1 18 0 10.1 10.0 3.5 3.5 2 0 1 0 0
2917.9 -116.4 -6.0 18 0 9.4 10.6 7.0 0.0 0 1 2 3 3
2924.4 -131.4 -5.9 17 0 9.7 7.1 7.0 3.5 2 0 2 2 2
2960.0 -53.0 -6.7 19 0 13.7 7.5 10.5 3.5 2 0 3 1 1
3030.1 -62.5 -7.0 17 0 8.3 9.3 10.5 0.0 0 1 3 1 1
3041.0 11.1 -6.8 13 0 11.8 8.5 10.5 3.5 2 0 3 2 2
3008.4 -6.5 -6.9 20 0 12.0 5.3 10.5 3.5 2 0 3 5 5
2992.2 -171.1 -6.1 16 0 8.9 7.7 3.5 3.5 4 0 1 4 4
2925.1 -198.3 -4.7 19 0 12.6 8.7 7.0 3.5 2 0 2 0 0
2918.4 -219.9 -4.3 16 0 8.6 8.4 10.5 3.5 2 0 3 3 3
2913.9 -234.8 -4.1 18 0 8.7 8.5 3.5 3.5 2 0 1 0 0
2907.8 -252.4 -4.1 24 0 6.4 10.4 10.5 3.5 2 1 3 2 2
2903.1 -267.3 -4.6 20 0 10.0 11.7 10.5 3.5 2 1 3 4 4
2880.8 -225.0 -4.4 19 0 10.0 9.8 10.5 3.5 2 0 3 0 0
2876.2 -243.0 -4.1 18 0 9.2 10.5 10.5 3.5 2 1 3 1 1
2870.6 -259.7 -4.6 18 0 10.9 10.1 10.5 3.5 2 0 3 2 2
2889.9 -103.3 -5.7 19 0 11.0 9.9 10.5 3.5 4 0 3 3 3
2891.6 -67.4 -5.6 18 0 8.3 20.7 10.5 3.5 2 1 3 3 3
2820.9 -139.4 -5.0 17 0 10.7 10.3 7.0 3.5 2 0 2 1 1
2800.6 -128.0 -5.0 18 0 8.2 13.5 3.5 3.5 2 1 1 0 0
2858.3 -191.3 -4.9 17 0 10.5 10.3 10.5 0.0 0 0 3 1 1
2793.6 -174.7 -4.7 16 0 10.4 8.2 7.0 3.5 4 0 2 4 4
2837.4 -217.4 -4.6 18 0 4.6 24.5 7.0 3.5 2 1 2 3 3
2838.3 -258.0 -4.8 18 0 10.7 10.0 10.5 3.5 2 0 3 3 3
2820.3 -249.6 -4.7 18 0 15.1 24.1 14.0 0.0 0 1 4 5 5
2804.7 -212.8 -4.6 17 0 16.6 5.4 10.5 3.5 2 0 3 0 0
2763.6 -132.4 -4.6 19 0 10.3 10.2 7.0 3.5 2 0 2 3 3
2764.1 -159.2 -4.8 19 0 12.8 8.8 7.0 3.5 2 0 2 1 1
3030.5 -408.8 -7.4 286 0 6.1 10.7 3.5 3.5 2 1 1 1 1
3005.2 -439.4 -8.1 15 0 11.6 22.3 14.0 0.0 0 1 4 1 1
2984.0 -403.2 -7.4 10 0 9.3 13.2 10.5 3.5 2 1 3 2 2
2929.4 -398.8 -7.4 17 0 9.9 12.7 10.5 3.5 2 1 3 3 3
2948.9 -477.0 -8.7 108 0 5.2 10.7 10.5 3.5 2 1 3 5 5
2927.1 -495.7 -8.9 111 0 10.2 20.1 7.0 3.5 2 1 2 5 5
2917.2 -513.8 -9.1 23 0 13.3 15.8 10.5 3.5 2 1 3 3 3
2881.6 -477.6 -8.5 113 0 7.0 24.6 3.5 3.5 4 1 1 1 1
2891.3 -421.9 -7.7 24 0 8.2 11.8 7.0 3.5 2 1 2 4 4
2865.9 -406.2 -7.3 68 0 10.9 9.4 10.5 3.5 2 0 3 4 4
2876.5 -462.7 -8.1 21 0 6.0 13.4 3.5 3.5 2 1 1 2 2
2835.9 -535.0 -8.9 20 0 12.6 11.2 7.0 3.5 2 0 2 4 4
2899.6 -297.7 -5.4 7 0 11.8 8.6 10.5 3.5 2 0 3 1 1
2897.4 -315.8 -5.8 7 0 12.8 9.0 7.0 3.5 2 0 2 4 4
3104.3 -441.0 -8.2 26 0 22.5 5.6 10.5 3.5 2 0 3 5 5
2893.2 -350.4 -6.4 7 0 17.2 13.3 3.5 3.5 2 0 1 5 5
2798.2 -295.4 -5.2 17 0 8.6 9.9 3.5 0.0 0 1 1 3 3
2779.5 -295.8 -5.1 17 0 9.8 9.9 7.0 3.5 2 1 2 2 2
2798.2 -317.8 -5.6 16 0 16.5 5.7 10.5 3.5 2 0 3 1 1
2765.0 -260.8 -4.5 359 0 10.1 10.5 7.0 3.5 2 1 2 0 0
2746.7 -261.6 -4.5 358 0 9.8 9.7 3.5 3.5 2 0 1 1 1
2770.1 -376.2 -6.3 20 0 11.6 13.9 10.5 3.5 2 1 3 3 3
2771.2 -395.1 -6.4 20 0 9.0 8.1 7.0 3.5 2 0 2 0 0
2747.0 -303.5 -5.0 16 0 8.6 9.4 7.0 0.0 0 1 2 3 3
2713.6 -305.9 -4.9 18 0 8.5 11.0 10.5 3.5 4 1 3 4 4
2696.2 -312.7 -4.9 19 0 9.0 9.8 7.0 3.5 2 1 2 1 1
2682.7 -332.5 -5.1 40 0 8.5 11.0 10.5 3.5 2 1 3 4 4
2672.7 -349.8 -5.3 16 0 11.1 11.7 10.5 0.0 0 1 3 2 2
2664.0 -364.2 -5.2 14 0 8.7 10.0 7.0 0.0 0 1 2 4 4
2660.5 -373.2 -5.0 16 0 7.3 8.6 3.5 3.5 2 1 1 3 3
2651.0 -383.8 -4.6 23 0 10.6 10.5 3.5 3.5 2 0 1 3 3
2644.6 -394.4 -4.3 14 0 10.0 9.3 3.5 3.5 4 0 1 3 3
2669.2 -400.4 -4.8 17 0 13.3 16.5 7.0 3.5 2 1 2 4 4
2678.7 -437.3 -5.2 19 0 12.5 11.5 7.0 3.5 2 0 2 0 0
2666.1 -427.8 -4.9 17 0 11.7 10.5 10.5 3.5 2 0 3 5 5
2638.5 -416.9 -4.3 11 0 10.7 11.6 10.5 3.5 2 1 3 0 0
2684.8 -479.2 -6.2 18 0 8.9 12.5 3.5 3.5 2 1 1 2 2
2617.6 -465.9 -5.0 24 0 8.2 10.6 7.0 3.5 2 1 2 5 5
2621.3 -448.6 -4.7 20 0 9.2 8.5 3.5 3.5 2 0 1 3 3
2671.1 -491.3 -6.3 15 0 10.5 9.1 10.5 3.5 2 0 3 2 2
2645.3 -499.9 -6.1 17 0 11.4 8.7 3.5 3.5 2 0 1 5 5
2623.8 -508.7 -6.0 20 0 9.1 7.9 10.5 3.5 2 0 3 5 5
2602.8 -489.8 -5.4 18 0 9.1 8.5 7.0 3.5 4 0 2 2 2
2603.5 -504.3 -5.7 352 0 9.3 9.3 7.0 3.5 4 0 2 3 3
2602.2 -420.2 -3.9 17 0 7.5 12.8 7.0 3.5 2 1 2 4 4
2595.2 -388.1 -3.8 17 0 7.2 20.3 3.5 3.5 2 1 1 1 1
2625.4 -358.9 -4.7 20 0 11.7 7.5 7.0 3.5 2 0 2 3 3
2775.8 -475.2 -7.2 21 0 4.9 16.2 7.0 3.5 2 1 2 1 1
2803.6 -463.0 -7.3 22 0 6.0 20.2 7.0 3.5 2 1 2 1 1
2747.2 -482.4 -7.0 21 0 5.5 8.5 10.5 3.5 2 1 3 4 4
2733.6 -502.3 -7.2 23 0 9.1 11.5 7.0 3.5 2 1 2 5 5
2719.2 -505.8 -7.1 20 0 9.7 13.6 10.5 3.5 2 1 3 3 3
2692.9 -468.8 -6.0 17 0 9.0 9.0 7.0 3.5 2 0 2 3 3
2717.6 -450.3 -6.0 18 0 8.8 8.3 10.5 3.5 2 0 3 3 3
2757.8 -415.9 -5.8 45 0 8.9 5.5 3.5 3.5 4 0 1 5 5
2814.8 -559.7 -9.0 20 0 12.4 39.1 10.5 3.5 2 1 3 1 1
2808.6 -577.4 -9.2 19 0 7.7 24.1 7.0 3.5 2 1 2 5 5
2745.9 -563.2 -8.2 20 0 12.8 24.7 10.5 3.5 2 1 3 4 4
2735.3 -587.7 -8.5 19 0 12.4 24.8 14.0 3.5 2 1 4 0 0
2763.0 -675.4 -9.9 17 0 9.7 9.9 10.5 3.5 2 1 3 3 3
2737.9 -666.5 -9.3 16 0 9.1 14.0 7.0 3.5 2 1 2 5 5
2701.5 -787.4 -10.5 17 0 8.9 15.2 10.5 3.5 4 1 3 0 0
2703.9 -717.8 -9.4 18 0 19.8 8.1 7.0 0.0 0 0 2 1 1
2642.4 -596.5 -7.5 17 0 12.5 5.7 10.5 3.5 2 0 3 1 1
2645.6 -561.1 -7.0 44 0 8.2 16.7 3.5 3.5 2 1 1 2 2
3093.9 -340.6 -5.1 15 0 12.3 8.1 7.0 3.5 2 0 2 5 5
3121.3 -336.3 -4.7 14 0 6.9 14.0 7.0 3.5 2 1 2 4 4
2833.5 -364.4 -6.5 19 0 13.1 51.1 10.5 3.5 2 1 3 2 2
2815.9 -376.8 -6.6 19 0 12.6 44.1 14.0 3.5 4 1 4 5 5
3189.1 -462.8 -7.2 25 0 6.6 28.9 10.5 3.5 2 1 3 0 0
3159.6 -440.3 -6.9 25 0 8.3 11.1 10.5 3.5 4 1 3 5 5
3075.9 -413.5 -7.4 12 0 11.8 8.6 10.5 3.5 2 0 3 5 5
3097.6 -415.6 -7.1 22 0 9.0 9.5 10.5 3.5 2 1 3 5 5
3108.7 -421.7 -7.1 20 0 13.1 8.4 7.0 3.5 2 0 2 1 1
3070.2 -349.5 -5.4 15 0 4.9 10.9 7.0 3.5 4 1 2 3 3
3056.8 -231.6 -3.8 10 0 8.1 12.8 3.5 3.5 2 1 1 3 3
3169.7 -175.8 -7.3 19 0 27.6 10.4 14.0 3.5 2 0 4 4 4
3188.6 -217.2 -6.0 19 0 10.4 41.5 14.0 0.0 0 1 4 0 0
3234.8 -201.4 -7.3 19 0 10.5 42.0 17.5 3.5 2 1 5 2 2
2576.6 -606.4 -7.0 18 0 7.0 14.1 5.0 0.0 0 1 2 0 0
2571.3 -634.0 -7.5 19 0 21.9 7.2 7.5 2.5 2 0 3 0 0
2535.6 -646.8 -7.6 198 0 8.2 20.9 7.5 2.5 2 1 3 4 4
2623.1 -628.1 -7.7 19 0 56.3 12.4 10.5 0.0 0 0 3 2 2
2736.6 -688.5 -9.5 19 0 5.7 12.4 7.0 3.5 2 1 2 3 3
2756.7 -696.4 -10.0 23 0 7.0 13.0 7.0 3.5 2 0 2 3 3
2755.0 -722.7 -10.2 22 0 7.6 9.3 7.0 3.5 2 1 2 1 1
2701.1 -688.8 -8.9 18 0 9.1 8.6 7.0 3.5 2 0 2 2 2
2716.8 -553.8 -7.8 20 0 14.6 11.6 7.0 3.5 2 0 2 1 1
2782.4 -514.3 -8.1 20 0 21.2 8.9 10.5 3.5 4 0 3 4 4
2869.3 -303.2 -5.6 20 0 5.3 16.8 7.0 3.5 2 1 2 0 0
2680.7 -267.2 -4.4 18 0 6.2 13.6 3.5 3.5 2 1 1 3 3
3048.9 599.8 -6.8 275 0 8.6 43.6 7.5 0.0 0 1 3 0 0
4306.3 -6025.5 -5.0 109 0 13.3 11.5 5.0 2.5 2 0 2 0 0
2537.1 -4817.8 -5.7 13 0 5.5 10.3 7.5 2.5 2 1 3 5 5
2518.4 -4797.8 -5.7 282 0 6.9 12.3 2.5 0.0 0 1 1 5 5
2420.7 -4495.0 -6.2 1 0 10.5 9.8 2.5 2.5 2 0 1 5 5
2402.0 -4571.0 -6.2 193 0 10.7 9.8 5.0 2.5 2 0 2 5 5
4152.6 1195.1 -10.0 304 0 13.8 11.7 2.5 2.5 2 0 1 3 3
4133.7 1134.3 -9.9 37 0 16.7 12.5 10.0 2.5 2 0 4 3 3
4147.4 1351.6 -10.8 34 0 12.3 12.6 2.5 2.5 2 1 1 2 2
4143.3 1330.0 -10.8 34 0 13.7 10.0 2.5 2.5 2 0 1 5 5
4137.9 1310.6 -10.6 34 0 12.1 13.9 5.0 2.5 2 1 2 3 3
4128.3 1283.7 -10.4 33 0 13.2 12.8 5.0 2.5 2 0 2 1 1
4119.9 1258.6 -10.2 37 0 12.8 10.7 5.0 2.5 2 0 2 3 3
4635.8 -1497.4 -8.3 203 0 12.0 11.4 5.0 2.5 2 0 2 0 0
3763.7 -1742.0 -5.6 204 0 91.8 18.5 10.0 0.0 0 0 4 0 0
3802.8 -1654.5 -6.4 203 0 42.7 19.7 7.5 2.5 2 0 3 2 2
3833.0 -1574.3 -7.9 204 0 55.2 16.4 10.0 2.5 2 0 4 0 0
3935.5 -1432.4 -6.9 25 0 9.2 9.7 5.0 2.5 2 1 2 5 5
3952.8 -1233.4 -7.9 297 0 5.6 10.3 7.5 2.5 2 1 3 1 1
3939.4 -1255.3 -7.9 209 0 16.4 6.4 5.0 0.0 0 0 2 2 2
3977.6 -1305.7 -7.5 26 0 9.3 22.6 7.5 2.5 2 1 3 5 5
4003.3 -1297.9 -7.5 293 0 7.5 15.7 2.5 2.5 4 1 1 5 5
3998.7 -1341.2 -7.2 114 0 11.1 11.6 2.5 2.5 2 1 1 3 3
3983.6 -1268.1 -7.8 25 0 10.3 8.0 7.5 2.5 2 0 3 3 3
4001.3 -1224.1 -7.7 297 0 5.1 8.2 7.5 2.5 2 1 3 3 3
4003.7 -1211.1 -7.7 297 0 10.0 8.2 7.5 2.5 2 0 3 0 0
3976.4 -1208.0 -7.8 294 0 11.0 10.1 10.0 2.5 2 0 4 0 0
3942.3 -1273.6 -7.6 210 0 9.0 9.9 5.0 2.5 2 1 2 4 4
3935.0 -1295.6 -7.4 214 0 5.4 13.1 5.0 2.5 2 1 2 5 5
3909.5 -1357.7 -7.0 207 0 10.5 11.0 7.5 2.5 2 1 3 1 1
3884.3 -1277.2 -7.5 248 0 9.0 11.0 7.5 2.5 2 1 3 5 5
3876.0 -1412.8 -7.2 346 0 9.5 12.9 5.0 2.5 2 1 2 3 3
3845.8 -1408.2 -7.2 253 0 9.0 21.7 5.0 2.5 2 1 2 1 1
3808.5 -1413.2 -7.4 117 0 12.2 22.3 7.5 2.5 2 1 3 3 3
3796.5 -1383.8 -7.4 216 0 10.0 10.7 5.0 2.5 2 1 2 2 2
3839.5 -1380.3 -7.4 296 0 30.0 9.0 7.5 2.5 2 0 3 1 1
3269.6 -800.9 -8.7 22 0 12.7 42.6 14.0 3.5 4 1 4 1 1
3925.0 -532.1 -9.3 114 0 9.8 8.0 10.5 3.5 2 0 3 0 0
3930.6 -583.6 -9.5 117 0 9.0 11.8 10.5 3.5 2 1 3 4 4
3953.8 -889.0 -6.8 296 0 7.7 9.7 10.5 0.0 0 1 3 0 0
3903.8 -903.8 -6.6 201 0 11.3 20.5 14.0 3.5 2 1 4 1 1
3852.9 -941.6 -7.3 16 0 12.1 6.4 10.5 3.5 2 0 3 2 2
-649.6 -5552.5 -3.3 86 0 19.7 61.4 12.5 2.5 4 1 5 0 0
-619.6 -5550.6 -3.9 86 0 20.4 61.2 10.0 2.5 2 1 4 4 4
-593.5 -5487.8 -4.4 267 0 20.6 60.1 12.5 2.5 2 1 5 5 5
-590.7 -5472.0 -4.7 24 0 21.0 79.2 10.0 0.0 0 1 4 3 3
1857.7 4974.5 1.8 26 0 20.1 14.5 7.5 2.5 4 0 3 1 1
2654.2 -479.6 -5.8 17 0 3.9 18.6 3.5 3.5 2 1 1 0 0
2659.4 -490.8 -6.1 17 0 4.1 11.8 10.5 3.5 2 1 3 5 5
4140.8 -9.6 -7.3 15 0 4.0 6.5 7.5 2.5 2 0 3 0 0
3465.7 -244.5 -8.3 208 0 3.7 14.8 10.5 0.0 0 0 3 5 5
3651.4 -604.3 -8.4 214 0 8.5 16.0 10.5 3.5 2 0 3 2 2
3920.3 -309.9 -9.2 301 0 5.2 8.9 10.5 3.5 2 1 3 1 1
3908.1 -1907.2 -6.6 24 0 13.4 12.2 10.0 2.5 2 0 4 3 3
2726.0 -375.4 -5.9 20 0 5.7 13.2 3.5 3.5 2 0 1 2 2
3683.5 -306.4 -8.9 24 0 4.8 5.3 10.5 3.5 2 0 3 1 1
3260.8 1462.6 -6.2 114 0 20.5 6.5 5.0 2.5 2 0 2 1 1
3522.9 -282.9 -7.8 25 0 7.9 12.0 10.5 3.5 2 1 3 5 5
2908.1 -382.4 -7.4 295 0 6.5 19.7 7.0 3.5 4 1 2 0 0
3438.0 -353.0 -5.8 295 0 5.8 15.7 10.5 3.5 4 0 3 5 5
3546.2 -335.3 -6.1 203 0 5.1 5.2 10.5 3.5 2 1 3 4 4
3056.9 -350.9 -5.5 15 0 4.0 6.8 10.5 3.5 2 1 3 1 1
4078.4 -2160.8 -5.4 75 0 8.2 13.6 7.5 2.5 2 1 3 3 3
3967.5 -1327.1 -7.3 112 0 4.5 9.4 7.5 2.5 2 0 3 5 5
3766.5 -569.1 -9.5 119 0 6.2 4.9 10.5 3.5 2 0 3 0 0
4620.9 -2096.3 -5.9 172 0 17.3 8.8 5.0 2.5 2 0 2 5 5
3699.2 -531.8 -9.3 119 0 7.5 5.4 10.5 3.5 2 0 3 4 4
3692.3 -238.0 -8.8 201 0 3.7 12.0 10.5 0.0 0 1 3 5 5
3539.3 -668.1 -8.9 117 0 5.3 16.3 10.5 3.5 2 1 3 5 5
3525.8 -308.5 -6.8 200 0 6.5 8.4 10.5 3.5 2 0 3 5 5
3655.7 -1667.5 -6.1 297 0 6.2 10.3 5.0 0.0 0 0 2 5 5
3669.7 -217.2 -8.7 34 0 12.5 8.2 10.5 3.5 2 0 3 0 0
3413.2 -650.5 -8.8 299 1 12.3 10.5 14.0 3.5 2 0 4 3 3
4105.1 -68.4 -8.0 86 0 10.5 10.0 5.0 0.0 0 0 2 5 5
4119.5 868.9 -9.9 309 0 20.8 11.0 2.5 2.5 2 0 1 2 2
3872.0 -1706.8 -5.7 294 0 12.5 20.1 7.5 0.0 0 1 3 3 3
4644.9 -2105.7 -5.8 171 0 7.0 18.5 7.5 2.5 2 1 3 0 0
3679.9 -378.4 -8.1 206 0 9.2 9.2 10.5 3.5 2 1 3 4 4
2752.9 -394.4 -6.1 18 0 5.1 17.2 7.0 3.5 2 0 2 0 0
2741.7 -651.2 -9.0 13 0 5.9 6.9 7.0 3.5 2 1 2 0 0
3437.8 269.5 -11.1 18 0 6.5 17.4 5.0 2.5 2 1 2 3 3
3662.7 -117.7 -8.3 20 0 5.2 11.6 10.5 3.5 4 0 3 1 1
3629.7 -288.9 -8.8 28 0 9.9 8.7 10.5 3.5 2 0 3 1 1
3707.2 -729.1 -8.4 237 0 6.2 7.4 10.5 3.5 2 1 3 2 2
3664.0 -1609.2 -7.2 207 0 13.1 13.1 2.5 2.5 2 1 1 1 1
3334.6 894.8 -9.1 20 0 20.5 8.0 7.5 2.5 2 0 3 1 1
4064.9 847.6 -10.0 36 0 10.5 7.4 5.0 2.5 2 0 2 0 0
3333.6 -566.5 -8.5 28 0 5.6 17.0 7.5 2.5 2 1 3 0 0
3550.7 -446.7 -8.1 210 1 11.2 13.2 14.0 3.5 2 0 4 3 3
4094.6 -25.0 -8.3 198 0 10.1 5.0 5.0 2.5 2 0 2 0 0
3623.7 -24.5 -8.9 23 0 9.4 8.5 10.5 3.5 2 0 3 0 0
3626.5 -1415.1 -8.3 25 0 12.4 18.6 14.0 3.5 2 1 4 2 2
3448.1 -298.6 -5.8 207 0 3.6 6.0 10.5 3.5 2 0 3 1 1
3916.5 -1820.5 -6.3 25 0 32.6 6.0 7.5 2.5 2 0 3 5 5
3589.2 -575.0 -8.9 207 0 5.3 7.5 10.5 3.5 2 1 3 5 5
3817.4 -802.9 -8.5 23 0 6.3 31.6 10.5 0.0 0 0 3 0 0
3210.6 -814.6 -8.2 103 0 8.3 5.4 10.5 3.5 2 0 3 1 1
2903.3 1270.1 -6.5 302 0 8.3 26.0 5.0 2.5 4 1 2 0 0
4037.8 883.7 -10.2 306 0 5.5 16.0 5.0 2.5 2 1 2 5 5
4235.0 -2593.7 -6.1 346 0 10.1 10.5 2.5 2.5 2 1 1 1 1
3411.0 -661.3 -8.6 298 0 9.5 5.0 10.5 3.5 2 0 3 5 5
3760.9 -1832.6 -4.7 205 0 42.8 18.8 10.0 2.5 2 0 4 1 1
3766.8 -1491.7 -7.8 296 0 5.5 22.3 2.5 2.5 4 1 1 0 0
3307.3 1512.9 -6.8 202 0 6.1 25.2 7.5 2.5 2 0 3 3 3
3336.2 -257.5 -6.1 117 0 6.5 10.3 10.5 3.5 2 1 3 4 4
3389.1 -655.6 -8.4 210 0 11.7 8.9 10.5 3.5 2 0 3 0 0
3042.4 -349.9 -5.6 16 0 10.4 9.3 10.5 3.5 2 0 3 2 2
4083.1 -1890.3 -5.1 170 0 8.5 14.3 5.0 2.5 4 0 2 2 2
3794.3 -416.8 -9.1 25 0 5.1 15.0 10.5 3.5 2 1 3 4 4
3719.8 -268.6 -8.9 25 0 8.9 22.6 10.5 3.5 2 1 3 5 5
3687.1 97.7 -8.6 200 0 12.9 9.1 10.5 3.5 4 0 3 1 1
3715.9 -697.7 -8.7 128 0 7.3 42.0 10.5 3.5 2 0 3 4 4
3460.5 424.3 -11.1 108 0 12.1 10.2 5.0 2.5 2 0 2 1 1
3774.3 -147.1 -8.3 274 0 4.6 22.6 10.5 3.5 2 1 3 4 4
3750.7 -424.4 -8.9 205 0 4.0 14.0 10.5 3.5 2 0 3 3 3
3838.8 -451.8 -9.2 30 0 8.7 5.0 10.5 3.5 2 0 3 3 3
3888.3 -2730.5 -6.9 80 0 15.5 5.5 7.5 2.5 2 0 3 0 0
2541.8 1418.9 -4.1 207 0 11.1 7.8 7.5 0.0 0 0 3 1 1
3366.1 -522.3 -9.0 116 0 27.4 3.9 10.5 3.5 2 0 3 1 1
3407.0 -313.2 -4.7 115 0 5.7 5.6 10.5 3.5 2 0 3 0 0
3180.4 430.9 -9.8 195 0 48.4 13.7 7.5 2.5 2 0 3 2 2
3481.8 -1357.3 -9.1 122 0 8.2 15.9 10.5 3.5 2 1 3 2 2
3342.5 -756.7 -6.7 32 0 5.5 4.6 10.5 3.5 2 0 3 1 1
3747.8 -1454.6 -7.7 214 0 6.0 12.8 5.0 2.5 2 1 2 0 0
3524.1 -133.6 -8.2 204 0 4.3 16.2 10.5 3.5 2 1 3 3 3
3323.3 -771.1 -7.0 18 0 8.0 9.2 10.5 3.5 2 0 3 5 5
4032.4 -1183.8 -7.9 112 0 7.4 9.0 7.5 2.5 2 1 3 2 2
3871.2 -2690.7 -7.1 171 0 10.0 23.0 12.5 0.0 0 0 5 0 0
2725.8 -440.5 -5.9 20 0 7.5 5.4 10.5 3.5 2 0 3 3 3
3497.0 -332.0 -5.6 22 0 8.7 11.5 10.5 3.5 2 1 3 1 1
2701.6 -445.9 -5.7 23 0 9.0 5.7 7.0 3.5 2 0 2 3 3
3184.0 -766.1 -9.0 299 0 6.0 42.1 10.5 3.5 4 0 3 1 1
3874.5 -391.2 -9.4 31 0 7.9 5.3 10.5 3.5 4 0 3 0 0
4112.5 -1853.0 -5.5 349 0 20.0 8.0 7.5 2.5 2 0 3 5 5
3635.8 -352.9 -7.2 208 0 7.9 4.7 10.5 3.5 2 0 3 2 2
3783.0 -896.8 -7.6 321 0 11.0 7.0 10.5 0.0 0 0 3 5 5
4128.1 1550.3 -10.6 216 0 8.7 34.1 7.5 2.5 4 0 3 4 4
3994.8 -159.4 -8.3 75 0 10.6 5.1 10.5 3.5 2 0 3 2 2
3371.4 271.8 -10.8 109 0 4.7 12.6 5.0 2.5 2 1 2 0 0
4674.4 -2057.3 -6.2 352 0 9.6 4.6 5.0 2.5 2 0 2 0 0
3284.5 -764.9 -7.8 15 0 8.3 10.1 10.5 3.5 2 1 3 1 1
3870.0 -2696.0 -7.1 260 0 8.9 25.9 7.5 2.5 2 0 3 3 3
3707.1 -680.4 -8.6 39 0 15.1 4.6 10.5 0.0 0 0 3 2 2
3379.6 -705.8 -8.0 118 0 15.6 7.0 10.5 3.5 2 0 3 4 4
4371.3 -2712.4 -4.9 266 0 11.2 12.2 7.5 2.5 2 1 3 3 3
3426.7 -524.2 -9.0 22 0 4.3 6.7 10.5 3.5 2 0 3 0 0
3484.5 -1331.5 -9.4 123 0 20.4 5.4 10.5 3.5 2 0 3 5 5
3625.1 -1300.3 -8.6 296 0 13.1 41.0 14.0 3.5 4 1 4 4 4
3133.8 430.4 -9.5 186 0 10.1 7.0 5.0 0.0 0 0 2 4 4
3219.2 241.1 -9.0 106 0 5.1 5.1 2.5 2.5 2 1 1 1 1
4566.2 937.4 -8.0 305 0 12.4 4.8 5.0 2.5 2 0 2 2 2
3813.5 263.6 -9.0 289 0 15.8 5.4 10.5 3.5 2 0 3 0 0
4675.2 -2104.7 -5.8 81 0 12.6 4.2 7.5 2.5 2 0 3 4 4
3628.2 -119.6 -8.4 197 0 4.4 19.2 10.5 3.5 2 0 3 2 2
4408.8 -121.1 -8.5 179 0 6.3 8.8 5.0 2.5 2 1 2 5 5
2576.6 -477.4 -4.8 18 0 9.6 13.7 10.5 3.5 2 1 3 5 5
3267.2 -633.4 -8.6 120 0 9.9 15.7 10.5 3.5 2 0 3 3 3
4013.8 895.7 -10.2 216 0 8.4 7.8 2.5 2.5 2 0 1 5 5
3457.2 -343.1 -5.5 118 0 7.0 4.7 10.5 3.5 2 0 3 5 5
2720.0 -399.0 -5.4 18 0 3.3 10.9 7.0 3.5 2 1 2 1 1
3519.6 -144.2 -8.2 296 0 32.4 6.0 10.5 3.5 2 0 3 2 2
3506.2 -538.8 -9.2 212 0 4.3 29.2 10.5 3.5 2 0 3 1 1
3288.6 249.9 -9.5 289 0 10.1 16.1 5.0 2.5 4 0 2 5 5
2648.1 -464.9 -5.4 18 0 4.3 9.7 7.0 3.5 2 0 2 5 5
3329.7 905.0 -8.8 20 0 4.5 8.8 5.0 2.5 2 0 2 2 2
3608.6 -1744.4 -5.5 143 0 23.7 8.7 2.5 2.5 2 0 1 5 5
2751.3 -399.2 -6.0 18 0 5.1 15.0 3.5 3.5 2 0 1 3 3
3709.0 -1695.2 -5.8 49 0 4.0 12.3 7.5 0.0 0 1 3 0 0
3406.0 -577.1 -8.5 27 0 9.6 12.9 10.5 3.5 2 0 3 2 2
2723.7 -693.0 -9.3 19 0 8.6 5.1 10.5 0.0 0 0 3 0 0
3878.4 -609.0 -9.5 203 0 9.3 6.4 10.5 3.5 2 0 3 4 4
3739.6 -1555.9 -8.2 22 0 11.0 7.0 2.5 2.5 2 0 1 4 4
3141.3 -122.5 -7.4 17 0 6.0 57.1 10.5 3.5 4 1 3 3 3
4679.0 -63.3 -8.5 360 0 22.4 8.3 2.5 2.5 2 0 1 3 3
2625.4 1285.7 -3.8 35 0 9.5 4.8 5.0 2.5 2 0 2 4 4
3186.6 525.4 -8.8 109 0 53.4 18.8 10.0 2.5 2 0 4 5 5
3599.3 -495.8 -9.1 29 0 5.7 5.6 10.5 3.5 2 0 3 5 5
4111.4 -1671.0 -6.6 115 0 6.2 10.6 2.5 2.5 2 0 1 1 1
3750.8 -560.6 -9.5 119 0 11.2 4.6 10.5 3.5 2 0 3 4 4
3922.2 -2712.8 -6.9 351 0 12.3 11.5 5.0 2.5 2 0 2 4 4
3391.4 -577.5 -8.4 28 0 4.7 10.7 10.5 3.5 2 0 3 5 5
4736.9 -203.3 -8.2 358 0 5.2 17.7 7.5 2.5 2 1 3 0 0
3923.3 -507.9 -9.3 208 0 3.4 10.4 10.5 3.5 2 1 3 1 1
3429.8 -372.0 -5.9 115 0 11.6 5.0 10.5 3.5 2 0 3 0 0
2667.0 -472.0 -5.8 18 0 6.1 6.1 7.0 3.5 2 0 2 4 4
3269.4 -760.7 -8.0 13 0 5.8 13.7 10.5 3.5 2 1 3 0 0
3766.2 73.5 -8.0 105 0 23.5 7.1 10.5 3.5 2 0 3 2 2
3116.1 -162.7 -6.9 14 0 4.9 7.1 7.0 3.5 2 1 2 1 1
3500.6 -273.8 -7.8 27 0 4.8 14.6 10.5 3.5 2 0 3 5 5
3650.8 -191.5 -8.7 113 0 8.2 20.1 10.5 3.5 2 0 3 3 3
4627.6 -2045.8 -6.2 178 0 5.6 28.9 5.0 2.5 2 1 2 1 1
2533.7 -464.1 -4.5 17 0 9.6 13.6 3.5 3.5 2 1 1 4 4
3567.2 -58.0 -8.7 205 0 6.0 12.6 10.5 3.5 2 1 3 0 0
3514.8 -304.4 -6.8 24 0 7.0 15.2 10.5 3.5 2 1 3 0 0
3931.7 -992.4 -7.7 22 0 7.0 23.5 10.5 3.5 2 1 3 1 1
3134.7 -458.1 -7.8 27 0 5.3 14.0 3.5 3.5 2 1 1 2 2
3643.3 -228.9 -8.6 117 0 3.8 12.2 10.5 3.5 2 1 3 3 3
3469.6 -336.2 -5.5 115 0 11.5 5.0 10.5 3.5 2 0 3 2 2
3604.5 -616.4 -8.1 122 0 9.1 8.8 10.5 3.5 2 0 3 1 1
3775.8 -940.1 -7.9 293 0 12.3 4.6 10.5 3.5 2 0 3 1 1
4307.8 1278.1 -9.7 306 0 11.0 23.9 10.0 2.5 2 0 4 3 3
4288.4 -2480.6 -5.5 349 0 7.5 20.2 5.0 2.5 2 0 2 1 1
3598.0 50.8 -9.7 201 0 4.4 12.3 10.5 3.5 4 1 3 5 5
2782.6 -689.5 -10.3 23 0 6.1 6.5 7.0 3.5 2 0 2 0 0
3454.4 -275.8 -6.9 209 0 4.9 15.5 10.5 3.5 2 0 3 1 1
3670.6 -11.6 -8.5 199 0 5.4 5.7 10.5 3.5 2 1 3 5 5
3911.4 -1867.2 -6.4 25 0 26.2 14.6 10.0 2.5 2 0 4 4 4
3103.5 -130.5 -7.1 22 0 6.3 6.6 7.0 3.5 2 1 2 3 3
3557.0 -610.9 -8.2 298 0 8.8 15.0 10.5 3.5 2 1 3 5 5
3379.7 -116.8 -7.9 29 0 8.5 14.7 7.0 3.5 2 1 2 2 2
3092.7 -13.0 -6.9 14 0 7.8 11.0 10.5 3.5 2 1 3 1 1
2706.1 -460.8 -6.0 19 0 11.0 5.2 10.5 3.5 2 0 3 2 2
3560.9 -290.2 -8.6 203 0 25.5 11.8 14.0 3.5 2 0 4 2 2
3422.8 -221.4 -8.3 207 0 9.7 5.9 10.5 3.5 2 0 3 5 5
3270.4 -740.9 -8.3 13 0 4.3 4.6 10.5 3.5 2 1 3 0 0
3410.6 -269.3 -6.4 27 0 3.7 5.5 10.5 3.5 2 0 3 4 4
4596.2 1024.3 -8.8 121 0 9.0 10.1 5.0 2.5 2 1 2 3 3
3614.6 -1384.8 -8.2 26 0 6.0 7.0 10.5 3.5 2 1 3 5 5
2980.6 310.0 -7.5 16 0 4.5 8.6 5.0 2.5 2 1 2 2 2
3742.4 80.0 -8.2 105 0 19.4 4.7 10.5 3.5 2 0 3 0 0
3588.5 -387.6 -7.6 207 0 8.0 10.0 10.5 3.5 2 0 3 1 1
3186.6 -48.6 -7.2 20 0 8.2 6.0 10.5 3.5 2 0 3 5 5
3509.5 -347.8 -6.3 201 0 11.8 20.7 14.0 3.5 2 0 4 2 2
3335.6 -682.3 -8.3 48 0 13.4 9.5 10.5 3.5 4 0 3 2 2
4314.4 -2530.2 -5.8 77 0 10.8 11.2 5.0 2.5 2 1 2 1 1
3254.4 334.5 -10.4 199 0 10.5 12.5 7.5 2.5 2 1 3 1 1
3805.7 -1293.7 -7.2 225 0 5.5 10.3 7.5 2.5 2 1 3 4 4
4149.3 -2352.1 -5.5 255 0 9.4 6.5 7.5 2.5 2 0 3 0 0
4256.2 -2459.1 -5.4 170 0 6.7 9.0 5.0 2.5 4 1 2 5 5
3482.3 -593.9 -8.2 209 0 3.4 12.8 10.5 3.5 2 0 3 1 1
2978.2 -311.4 -5.0 19 0 3.5 16.2 7.0 3.5 2 0 2 5 5
2931.7 339.1 -7.1 286 0 9.6 27.6 7.5 2.5 2 1 3 5 5
4656.5 -41.0 -8.5 273 0 21.4 8.1 5.0 2.5 2 0 2 5 5
3228.6 315.9 -10.0 200 0 12.3 17.0 7.5 2.5 2 1 3 1 1
3641.2 3.0 -9.1 21 0 14.1 9.7 10.5 3.5 2 0 3 4 4
3723.8 -338.5 -8.7 299 0 3.3 9.3 10.5 0.0 0 0 3 3 3
3636.2 -195.4 -8.6 111 0 6.0 8.9 10.5 3.5 2 0 3 4 4
3220.9 468.3 -9.7 289 0 4.7 10.4 7.5 2.5 4 1 3 2 2
3960.6 -1341.7 -7.2 114 0 5.4 16.2 5.0 2.5 2 0 2 1 1
3869.7 -145.6 -8.1 90 0 5.0 21.8 10.5 3.5 4 0 3 3 3
3786.8 -823.3 -8.1 130 0 4.9 27.8 10.5 3.5 2 0 3 5 5
4784.9 -1555.3 -8.1 2 0 10.5 6.5 5.0 2.5 2 0 2 0 0
3056.8 -320.2 -4.7 15 0 6.0 20.4 3.5 3.5 2 0 1 0 0
3462.4 -1307.6 -9.6 213 0 4.4 16.8 10.5 3.5 2 1 3 3 3
4245.3 1538.9 -10.1 212 0 7.5 11.4 2.5 2.5 2 1 1 0 0
3318.2 -686.4 -8.4 29 0 10.7 9.1 10.5 3.5 4 0 3 1 1
3810.1 -736.3 -8.8 116 0 6.4 14.4 10.5 3.5 2 1 3 0 0
3526.7 -765.4 -9.5 116 0 5.7 72.7 10.5 3.5 2 1 3 5 5
4071.9 1212.2 -9.9 125 0 4.5 8.6 7.5 2.5 2 1 3 1 1
3513.4 -218.9 -8.3 296 0 13.2 6.9 10.5 3.5 2 0 3 1 1
3844.4 -248.8 -8.6 83 1 10.6 12.3 14.0 3.5 2 0 4 1 1
3149.5 614.9 -7.4 197 0 4.7 10.2 2.5 0.0 0 1 1 0 0
3079.5 -425.9 -8.2 296 0 6.0 27.1 7.0 3.5 2 1 2 1 1
3411.4 -468.4 -7.6 114 0 10.6 8.2 10.5 0.0 0 0 3 4 4
3092.5 -383.5 -6.2 17 0 6.7 12.8 7.0 3.5 2 1 2 4 4
3550.0 -1370.6 -8.6 206 0 29.8 23.3 14.0 0.0 0 0 4 1 1
3950.0 -508.5 -9.2 295 0 12.2 8.3 10.5 3.5 2 0 3 1 1
3790.6 -855.8 -7.3 130 0 6.3 12.3 10.5 3.5 2 1 3 4 4
3894.8 -1237.0 -8.0 45 0 19.0 3.3 2.5 2.5 2 0 1 0 0
2955.2 1241.1 -7.0 316 0 9.4 9.3 5.0 2.5 2 0 2 3 3
4102.7 -1269.4 -7.4 294 0 5.9 8.3 7.5 2.5 2 1 3 5 5
3254.9 1435.2 -5.9 114 0 16.4 4.5 2.5 0.0 0 0 1 3 3
3762.6 -950.0 -8.1 293 0 13.8 3.1 10.5 0.0 0 0 3 2 2
3765.5 -609.2 -8.7 300 0 17.3 7.5 10.5 0.0 0 0 3 1 1
3652.6 -509.4 -9.2 25 0 4.5 6.4 10.5 3.5 4 1 3 5 5
3630.2 -585.9 -8.7 303 0 4.2 16.3 10.5 3.5 2 0 3 1 1
3565.2 -1237.5 -9.2 296 0 5.9 20.9 10.5 3.5 2 1 3 1 1
3547.7 -248.8 -8.5 204 0 7.8 12.4 10.5 3.5 2 1 3 3 3
3315.6 -471.7 -7.0 117 0 14.0 8.0 10.5 0.0 0 0 3 1 1
3200.0 496.2 -9.0 109 0 45.1 9.3 7.5 2.5 2 0 3 4 4
3700.8 -829.6 -8.7 206 0 18.4 6.7 10.5 3.5 2 0 3 1 1
3103.6 -841.7 -10.4 117 0 9.0 15.5 10.5 3.5 2 1 3 2 2
3125.0 -782.1 -10.1 297 1 10.0 14.1 14.0 3.5 2 1 4 2 2
4666.3 -83.2 -8.5 4 0 5.3 14.4 5.0 2.5 2 1 2 4 4
3579.3 -473.8 -8.3 27 0 11.4 4.8 10.5 3.5 2 0 3 3 3
3420.4 -521.8 -9.0 27 0 4.4 14.3 10.5 0.0 0 0 3 5 5
2694.3 -360.5 -5.6 17 0 6.0 9.0 3.5 3.5 2 1 1 1 1
3740.0 -919.1 -8.2 112 0 10.0 6.5 10.5 3.5 2 0 3 2 2
3964.3 1110.6 -10.1 119 0 10.4 5.3 2.5 2.5 2 0 1 3 3
3387.9 -342.2 -5.1 204 0 11.8 11.0 10.5 0.0 0 0 3 0 0
4158.1 -2378.0 -5.8 345 0 5.3 16.0 2.5 2.5 4 1 1 2 2
3888.9 -1259.4 -7.7 223 0 18.2 4.1 7.5 2.5 2 0 3 3 3
4058.9 17.2 -8.2 195 0 4.8 15.3 10.5 3.5 2 1 3 3 3
3426.0 -239.5 -7.9 27 0 11.9 5.5 10.5 3.5 2 0 3 1 1
3470.7 -266.8 -7.6 206 0 9.1 7.8 10.5 3.5 2 0 3 3 3
4660.4 -127.5 -8.4 88 0 26.2 7.4 2.5 2.5 4 0 1 3 3
3906.7 -397.6 -9.4 200 0 9.5 11.5 5.0 2.5 2 1 2 3 3
4578.0 929.8 -8.0 301 0 15.7 4.8 5.0 2.5 2 0 2 4 4
3140.2 -444.4 -7.2 27 0 4.8 10.0 10.5 3.5 2 1 3 4 4
2934.1 1234.0 -7.1 310 0 6.8 14.8 7.5 2.5 2 1 3 5 5
3753.3 77.0 -8.0 106 0 3.3 6.2 10.5 3.5 2 0 3 3 3
3760.1 -778.1 -8.5 205 0 6.3 30.8 10.5 3.5 2 0 3 1 1
4117.8 -55.1 -8.1 93 0 4.8 9.6 7.5 0.0 0 1 3 3 3
3057.9 486.1 -7.4 5 0 8.0 18.4 5.0 2.5 2 0 2 0 0
3458.6 -578.4 -8.5 36 0 5.7 5.1 10.5 3.5 2 0 3 3 3
3352.4 -232.6 -7.3 27 0 7.1 6.1 10.5 3.5 2 0 3 3 3
3679.3 -248.7 -8.8 208 0 5.1 7.1 10.5 3.5 4 1 3 0 0
3624.3 -393.3 -7.9 28 0 8.3 7.7 10.5 3.5 2 0 3 2 2
3496.1 -1311.5 -9.4 213 0 8.3 11.3 10.5 0.0 0 1 3 4 4
3334.8 946.3 -8.3 24 0 6.0 14.2 7.5 2.5 2 1 3 4 4
3715.9 326.5 -9.9 292 0 12.0 6.0 10.5 3.5 2 0 3 1 1
3829.2 -371.5 -9.2 24 0 3.5 20.5 5.0 2.5 2 1 2 4 4
3656.7 -636.8 -8.0 123 0 4.8 18.0 10.5 3.5 2 0 3 5 5
4112.5 831.3 -9.8 125 0 7.9 17.8 2.5 2.5 2 0 1 1 1
2957.3 1424.5 -5.3 239 0 9.3 10.2 5.0 2.5 2 1 2 2 2
3512.1 -681.0 -9.2 116 0 4.9 20.1 10.5 3.5 2 1 3 3 3
3422.1 -391.0 -6.2 116 0 10.1 9.1 10.5 3.5 2 0 3 3 3
3740.2 -603.4 -8.8 300 0 31.4 11.9 14.0 3.5 2 0 4 2 2
3834.7 -1071.6 -8.2 116 0 12.4 8.8 5.0 2.5 2 0 2 3 3
3488.7 -354.3 -6.0 111 0 11.2 8.0 10.5 3.5 2 0 3 2 2
3612.2 39.3 -9.4 200 0 5.6 9.1 10.5 0.0 0 1 3 3 3
3158.0 535.3 -7.7 109 0 7.1 18.8 5.0 2.5 2 0 2 4 4
3594.8 -371.7 -7.4 211 0 7.6 14.2 10.5 3.5 2 1 3 4 4
3592.1 -380.4 -7.5 206 0 8.3 10.0 10.5 0.0 0 0 3 3 3
3588.2 -10.7 -9.3 204 0 5.4 17.6 10.5 3.5 2 1 3 0 0
2746.2 -422.4 -5.7 18 0 9.4 8.5 10.5 3.5 2 0 3 2 2
3797.5 -370.8 -8.8 114 0 16.3 4.7 5.0 2.5 2 0 2 1 1
4068.3 846.3 -10.0 124 0 6.8 10.5 2.5 2.5 4 0 1 5 5
3697.8 -274.9 -8.8 28 0 4.2 11.8 10.5 0.0 0 1 3 3 3
3253.2 457.0 -9.9 289 0 24.9 9.9 5.0 0.0 0 0 2 1 1
4096.6 29.9 -7.4 15 0 3.6 18.9 10.5 3.5 2 1 3 1 1
3631.6 -542.6 -9.3 118 0 5.0 7.9 10.5 0.0 0 1 3 1 1
3125.8 260.4 -8.5 109 0 9.2 14.8 5.0 2.5 2 1 2 0 0
4681.1 -2070.0 -6.1 260 0 8.2 12.7 7.5 2.5 2 1 3 0 0
3648.3 -674.8 -8.8 303 0 6.6 11.7 10.5 3.5 2 1 3 4 4
3362.9 -211.6 -8.2 26 0 17.0 6.0 10.5 3.5 2 0 3 5 5
3669.0 -274.8 -8.7 204 0 5.5 17.9 10.5 3.5 2 1 3 5 5
3807.3 577.6 -11.1 126 0 8.3 6.0 10.5 3.5 2 0 3 2 2
4468.1 42.5 -8.8 357 0 8.9 10.0 5.0 2.5 2 1 2 3 3
3899.9 -2669.4 -7.1 263 0 5.5 13.0 5.0 2.5 4 1 2 3 3
3376.1 -551.3 -8.7 208 0 3.9 15.6 10.5 3.5 2 1 3 3 3
3597.9 -168.7 -8.5 200 0 5.0 16.2 10.5 3.5 2 1 3 3 3
3200.4 1134.8 -7.9 207 0 8.8 9.9 5.0 2.5 2 1 2 5 5
4221.1 -2524.8 -6.0 344 0 12.1 9.1 7.5 2.5 4 0 3 2 2
3973.5 -137.6 -8.2 259 0 5.4 10.5 10.5 3.5 2 1 3 3 3
3768.5 -824.5 -8.1 143 0 11.1 9.0 10.5 3.5 2 0 3 3 3
3542.4 -567.4 -9.0 117 0 3.8 6.1 10.5 3.5 4 0 3 2 2
4100.5 -1833.0 -5.2 349 0 6.6 23.2 5.0 2.5 2 1 2 5 5
3544.6 -257.1 -8.6 205 0 8.7 14.1 10.5 3.5 2 1 3 4 4
3656.7 -341.7 -7.6 25 0 7.7 8.8 10.5 3.5 2 0 3 0 0
3556.0 -566.9 -9.1 26 0 13.1 10.0 10.5 3.5 2 0 3 3 3
3855.6 -1108.6 -8.0 294 0 11.7 16.9 5.0 2.5 2 0 2 0 0
4570.9 900.5 -8.1 35 0 7.2 27.2 5.0 2.5 2 0 2 0 0
3237.5 -718.2 -9.0 283 0 8.7 21.3 10.5 0.0 0 0 3 3 3
3061.3 479.8 -7.6 95 0 8.0 10.0 2.5 0.0 0 0 1 4 4
2995.3 -356.1 -6.0 25 0 4.4 12.6 10.5 3.5 2 1 3 1 1
3594.5 -444.7 -8.3 26 0 11.1 4.3 10.5 3.5 2 0 3 1 1
2703.2 -638.8 -8.6 18 0 5.1 12.1 7.0 3.5 2 0 2 3 3
3775.9 -417.4 -9.0 29 0 11.9 4.5 10.5 3.5 2 0 3 2 2
3002.4 -204.5 -4.8 19 0 4.5 17.6 10.5 3.5 4 1 3 5 5
4778.1 -1533.0 -7.8 272 0 9.4 8.9 7.5 2.5 4 0 3 2 2
3364.2 -413.1 -6.3 205 0 5.4 10.9 10.5 3.5 2 1 3 4 4
3448.0 -591.6 -8.3 47 0 3.5 6.3 10.5 3.5 2 0 3 5 5
3635.4 -634.2 -8.0 123 0 5.8 11.2 10.5 3.5 2 1 3 3 3
4588.5 923.6 -8.0 300 0 8.9 17.9 5.0 2.5 4 0 2 5 5
3692.4 -317.7 -8.9 25 0 8.3 12.3 10.5 0.0 0 0 3 5 5
4212.7 1431.4 -10.2 216 0 13.1 10.7 10.0 2.5 4 0 4 2 2
2952.5 -274.4 -4.3 17 0 4.5 9.5 3.5 3.5 4 0 1 5 5
3207.4 592.0 -8.3 16 0 15.9 9.0 5.0 2.5 2 0 2 0 0
3731.8 -1295.2 -7.5 109 0 3.5 10.3 7.5 2.5 2 1 3 5 5
3533.4 -557.1 -9.2 121 0 5.1 4.9 10.5 3.5 2 0 3 3 3
4091.9 128.5 -7.9 193 0 7.0 16.8 10.5 3.5 2 1 3 3 3
4057.4 -2164.9 -5.1 81 0 15.2 3.3 5.0 2.5 2 0 2 5 5
3648.9 -401.3 -8.2 27 0 5.1 24.5 10.5 3.5 2 1 3 1 1
3743.4 -596.6 -9.0 300 0 33.5 7.5 10.5 3.5 2 0 3 1 1
3658.4 151.2 -9.7 201 0 5.7 9.3 10.5 3.5 2 1 3 3 3
4534.1 941.1 -8.1 219 0 12.6 9.4 2.5 2.5 4 0 1 0 0
3730.3 -1083.9 -8.7 196 0 9.7 6.1 10.5 3.5 2 0 3 2 2
3175.8 710.7 -9.5 289 0 11.1 14.0 7.5 2.5 4 1 3 5 5
3421.3 -696.2 -8.4 119 0 17.1 4.8 10.5 3.5 4 0 3 5 5
3121.5 -751.7 -10.0 300 0 13.9 6.1 10.5 0.0 0 0 3 5 5
3572.9 -409.2 -8.0 210 1 11.2 12.9 14.0 3.5 2 0 4 0 0
3446.7 -182.1 -8.1 297 0 4.5 7.7 10.5 3.5 2 0 3 5 5
3436.3 -436.5 -7.3 291 0 14.8 3.3 10.5 0.0 0 0 3 5 5
3828.7 -469.1 -9.2 30 0 4.1 11.4 10.5 3.5 2 1 3 5 5
4249.0 1513.1 -9.9 128 0 5.6 3.1 5.0 2.5 2 0 2 1 1
2949.2 -348.5 -6.3 5 0 10.0 6.1 7.0 3.5 2 0 2 2 2
3567.7 -418.4 -8.1 209 0 9.9 12.0 10.5 3.5 2 0 3 4 4
3663.6 168.2 -9.8 200 0 5.6 9.6 10.5 3.5 2 1 3 3 3
3615.7 -380.7 -7.6 208 0 11.6 3.9 10.5 3.5 2 0 3 5 5
4682.3 -105.2 -8.4 1 0 16.8 7.1 5.0 2.5 2 0 2 1 1
4057.1 1203.1 -9.9 125 0 9.0 5.1 5.0 2.5 2 0 2 2 2
2936.5 1441.4 -5.4 326 0 8.7 22.5 2.5 2.5 2 1 1 1 1
2747.7 -408.1 -5.7 18 0 3.3 17.2 10.5 3.5 2 1 3 4 4
3755.8 -571.3 -9.5 119 0 8.5 6.9 10.5 3.5 2 0 3 4 4
3395.8 -354.4 -5.3 205 0 5.6 4.7 10.5 3.5 2 0 3 5 5
3555.7 -437.8 -8.2 208 0 8.6 16.4 10.5 3.5 2 1 3 1 1
3434.2 -597.2 -8.2 139 0 6.5 4.6 10.5 3.5 2 0 3 0 0
4151.4 205.3 -8.6 10 0 8.9 5.6 10.5 3.5 2 0 3 0 0
3711.8 -707.8 -8.7 39 0 16.6 6.1 10.5 3.5 2 0 3 0 0
3761.6 -770.4 -8.5 204 0 11.9 13.1 14.0 0.0 0 0 4 5 5
3478.8 -357.0 -6.2 196 0 6.9 14.2 10.5 3.5 2 1 3 5 5
3470.1 -1349.8 -9.2 122 0 13.0 4.1 10.5 3.5 2 0 3 3 3
2794.4 -537.3 -8.4 21 0 7.8 8.0 10.5 3.5 2 1 3 3 3
2944.2 -95.6 -6.3 19 0 5.4 7.0 7.0 3.5 2 0 2 5 5
3643.4 -620.2 -8.2 124 0 4.2 13.8 10.5 3.5 2 0 3 4 4
3061.3 -299.8 -4.3 15 0 11.8 19.9 7.0 3.5 2 0 2 0 0
4169.8 1536.5 -10.4 123 0 4.7 4.8 2.5 2.5 2 1 1 4 4
3076.2 -267.4 -3.4 13 0 11.4 7.5 10.5 3.5 2 0 3 1 1
3786.9 -1068.0 -8.6 4 0 8.4 10.2 10.5 3.5 2 0 3 3 3
3462.1 -300.1 -6.1 208 0 8.3 6.4 10.5 3.5 2 0 3 1 1
2661.2 -470.1 -5.7 18 0 6.1 14.1 7.0 3.5 2 0 2 3 3
3482.6 -1418.7 -9.6 205 0 11.6 9.4 10.5 3.5 2 0 3 2 2
3400.4 -355.7 -5.4 205 0 4.3 11.0 10.5 3.5 2 0 3 5 5
3647.7 -1661.1 -6.3 229 0 9.5 12.2 7.5 2.5 2 0 3 2 2
3739.1 -415.6 -8.9 205 0 10.0 8.1 10.5 0.0 0 0 3 4 4
3725.5 -1479.5 -7.7 207 0 18.9 9.4 5.0 2.5 2 0 2 4 4
4246.4 -2425.0 -5.2 169 0 5.6 12.4 7.5 0.0 0 1 3 5 5
3499.1 -530.3 -9.2 212 0 10.8 10.5 10.5 3.5 4 0 3 3 3
3307.5 -671.7 -8.5 29 0 4.9 16.9 10.5 3.5 2 0 3 4 4
3155.9 -120.3 -7.5 19 0 5.1 5.0 3.5 3.5 2 0 1 2 2
3852.3 -1101.5 -7.9 204 0 10.3 11.7 7.5 2.5 2 0 3 5 5
4657.8 -2124.7 -5.7 81 0 26.0 11.3 7.5 2.5 2 0 3 3 3
2973.6 -290.6 -4.6 18 0 7.0 11.0 3.5 3.5 2 1 1 5 5
4095.4 -1257.5 -7.5 294 0 11.0 8.8 7.5 2.5 2 0 3 0 0
3495.8 -1886.1 -6.7 211 0 10.0 10.4 2.5 0.0 0 1 1 0 0
3060.6 -368.1 -5.9 16 0 9.3 4.5 10.5 3.5 2 0 3 5 5
4270.4 -2426.4 -5.3 259 0 11.1 30.8 7.5 2.5 2 1 3 4 4
3570.4 -314.4 -7.5 22 0 6.2 4.9 10.5 3.5 2 0 3 2 2
4400.9 -94.2 -8.5 181 0 4.7 13.7 5.0 2.5 2 1 2 1 1
4282.4 -2517.1 -5.7 85 0 11.5 5.3 7.5 2.5 2 0 3 2 2
2701.9 -326.8 -5.1 107 0 6.0 11.3 3.5 3.5 2 0 1 5 5
3525.5 -577.3 -8.9 121 0 7.9 15.8 10.5 3.5 2 0 3 1 1
3140.3 326.3 -9.3 185 0 23.0 6.2 7.5 2.5 4 0 3 5 5
3170.6 -37.2 -7.2 19 0 8.6 9.0 10.5 3.5 2 1 3 3 3
3791.1 -196.0 -8.5 260 0 7.0 12.2 10.5 3.5 4 1 3 5 5
2992.5 -302.2 -4.7 18 0 4.0 13.2 7.0 3.5 2 1 2 2 2
3629.3 -1371.0 -8.5 26 0 6.1 40.1 10.5 3.5 2 1 3 0 0
3517.9 -51.7 -9.2 205 0 17.8 59.9 10.5 3.5 2 1 3 1 1
3317.7 979.8 -7.8 199 0 9.0 6.0 7.5 2.5 2 0 3 3 3
3073.0 -103.2 -7.0 15 0 4.6 15.8 7.0 3.5 2 1 2 0 0
4377.2 613.0 -7.2 139 0 6.5 20.7 7.5 2.5 2 1 3 0 0
3640.6 -910.7 -9.3 204 0 38.6 8.6 10.5 3.5 2 0 3 0 0
3296.7 -691.5 -8.5 24 0 4.7 9.0 10.5 3.5 2 0 3 5 5
2970.5 -218.1 -4.2 18 0 11.1 4.9 7.0 3.5 4 0 2 3 3
3283.7 -663.9 -8.5 209 0 4.2 12.4 10.5 3.5 2 0 3 4 4
3195.6 801.6 -9.7 284 0 6.0 13.1 7.5 2.5 2 0 3 3 3
3017.9 530.6 -5.9 185 0 5.8 8.3 7.5 2.5 2 1 3 5 5
4553.1 898.7 -8.1 125 0 27.2 8.0 7.5 2.5 2 0 3 2 2
3667.2 -116.5 -8.4 289 0 7.7 13.2 10.5 3.5 2 0 3 5 5
3473.3 -205.4 -8.2 27 0 6.6 5.0 10.5 3.5 2 0 3 3 3
3754.2 -1521.2 -8.0 24 0 8.2 17.0 2.5 2.5 2 1 1 1 1
4201.9 1539.0 -10.4 34 0 14.0 12.5 5.0 2.5 2 0 2 1 1
3452.4 -349.0 -5.8 295 0 10.3 9.9 10.5 3.5 2 0 3 2 2
3598.4 -255.0 -8.6 299 0 4.7 10.1 10.5 0.0 0 1 3 1 1
3524.8 -1595.5 -7.8 295 0 5.1 12.7 5.0 2.5 2 0 2 5 5
2682.2 -629.0 -8.3 20 0 5.9 8.3 10.5 3.5 2 1 3 1 1
3990.2 -1874.3 -5.7 343 0 7.0 25.0 7.5 2.5 2 0 3 1 1
3828.5 599.9 -10.8 129 0 14.2 13.2 10.5 3.5 2 0 3 3 3
4144.2 -2458.7 -6.0 168 0 5.0 11.2 2.5 2.5 2 1 1 1 1
3534.6 -585.9 -8.7 122 0 10.5 12.3 10.5 3.5 2 1 3 4 4
4310.3 -2655.5 -5.2 171 0 4.0 10.0 2.5 2.5 2 1 1 0 0
3110.7 -817.5 -10.3 207 1 12.4 10.4 14.0 3.5 2 0 4 3 3
4676.4 -2035.9 -6.3 0 0 10.6 8.6 5.0 2.5 2 0 2 4 4
3194.9 613.3 -7.9 18 0 12.4 13.1 7.5 2.5 2 1 3 1 1
3707.6 -907.6 -8.8 20 0 8.3 15.3 10.5 3.5 2 0 3 1 1
3431.8 -395.4 -6.4 118 0 8.7 16.8 10.5 0.0 0 1 3 1 1
3605.4 -532.4 -9.2 117 0 5.2 5.5 10.5 3.5 2 1 3 0 0
3624.3 82.7 -9.7 200 0 4.5 8.1 10.5 3.5 2 1 3 5 5
3541.1 -1388.5 -8.9 206 0 19.9 23.4 14.0 3.5 2 0 4 1 1
3898.3 -1580.1 -7.9 25 0 10.3 25.0 10.0 2.5 2 0 4 1 1
3444.0 -324.0 -5.1 114 0 12.3 5.4 10.5 3.5 2 0 3 2 2
3690.5 71.1 -8.6 108 0 8.1 7.9 10.5 3.5 4 0 3 3 3
3395.4 -679.6 -8.2 208 0 4.7 22.1 10.5 3.5 2 0 3 3 3
3367.0 -565.1 -8.5 212 0 6.3 16.5 10.5 0.0 0 0 3 5 5
4740.5 -175.2 -8.3 359 0 5.0 11.9 2.5 2.5 2 1 1 4 4
3747.8 -790.5 -8.7 147 1 10.4 10.0 14.0 3.5 2 0 4 0 0
3649.0 -442.7 -8.5 206 0 9.1 9.7 10.5 3.5 2 1 3 5 5
3616.7 -712.6 -9.4 205 0 9.9 6.2 10.5 3.5 2 0 3 1 1
3322.1 -661.7 -8.4 30 0 6.0 18.9 10.5 3.5 2 0 3 0 0
3754.9 -181.3 -8.4 97 0 4.4 11.0 10.5 3.5 2 1 3 2 2
3766.3 -440.9 -8.9 30 0 11.9 4.5 10.5 3.5 2 0 3 0 0
3721.2 -585.5 -9.1 299 0 8.2 6.0 10.5 3.5 2 0 3 3 3
2683.2 -371.6 -5.4 17 0 6.0 10.8 3.5 3.5 2 0 1 0 0
3148.0 -304.6 -3.7 15 0 4.0 10.2 3.5 3.5 2 1 1 2 2
3163.7 -809.1 -9.3 29 0 10.7 14.1 14.0 3.5 2 0 4 0 0
3035.9 482.1 -7.3 95 0 6.4 9.8 7.5 2.5 2 0 3 2 2
4255.1 -2509.6 -5.7 171 0 13.1 9.1 5.0 2.5 2 0 2 0 0
4491.0 740.8 -8.4 308 0 8.4 12.9 5.0 2.5 4 1 2 4 4
2672.9 -368.5 -5.3 17 0 6.0 4.7 10.5 3.5 2 0 3 1 1
3678.2 -1330.8 -8.1 25 0 6.1 7.7 10.5 0.0 0 1 3 3 3
3130.9 296.5 -8.8 276 0 10.8 12.8 5.0 2.5 2 1 2 3 3
2967.0 295.5 -7.3 17 0 7.5 33.6 7.5 2.5 2 1 3 5 5
4260.0 1292.6 -9.6 216 0 10.3 9.0 7.5 2.5 2 0 3 0 0
2971.1 -332.3 -5.6 20 0 4.0 10.0 10.5 3.5 2 1 3 0 0
3673.0 -453.4 -8.6 119 0 5.1 8.1 10.5 3.5 2 1 3 0 0
3452.5 -388.7 -6.3 114 0 4.4 10.3 10.5 3.5 2 0 3 2 2
2589.9 1256.9 -3.5 47 0 8.1 13.3 7.5 2.5 2 1 3 0 0
3767.9 -633.7 -8.4 300 0 35.3 7.2 10.5 3.5 2 0 3 5 5
3837.8 -1138.1 -8.3 115 0 7.9 17.4 7.5 2.5 2 0 3 4 4
3192.5 282.9 -9.1 286 0 6.3 21.2 5.0 2.5 2 1 2 0 0
4121.8 212.7 -8.6 190 0 4.8 24.8 10.5 3.5 2 0 3 0 0
3710.7 -1172.8 -8.7 114 0 6.0 15.3 10.5 3.5 2 1 3 1 1
3935.2 -1851.7 -6.3 25 0 26.3 15.2 7.5 2.5 4 0 3 4 4
3119.0 193.8 -8.1 199 0 6.9 18.5 5.0 0.0 0 1 2 0 0
3436.3 -726.8 -8.5 116 0 5.3 20.0 10.5 3.5 4 1 3 3 3
3120.4 1141.4 -8.0 315 0 5.7 12.8 5.0 2.5 2 1 2 4 4
3562.5 -425.6 -8.2 211 0 8.2 15.4 10.5 3.5 2 0 3 4 4
3866.1 -405.5 -9.3 30 0 10.1 6.0 10.5 3.5 2 0 3 2 2
3779.1 -506.7 -9.3 117 0 8.7 4.7 10.5 0.0 0 0 3 3 3
2789.8 -680.8 -10.2 19 0 9.2 10.3 10.5 3.5 2 0 3 3 3
3682.7 -519.4 -9.3 209 0 5.5 4.0 10.5 3.5 2 0 3 2 2
3183.8 321.1 -9.7 8 0 25.2 14.2 10.0 0.0 0 0 4 4 4
3686.3 -194.6 -8.8 79 0 9.0 13.2 10.5 3.5 2 1 3 3 3
3648.3 -660.3 -8.4 127 0 8.8 13.9 10.5 3.5 2 1 3 2 2
3684.3 -1568.1 -7.8 207 0 6.5 11.3 7.5 2.5 2 1 3 2 2
3357.8 -411.3 -6.1 203 0 7.3 6.4 10.5 3.5 2 0 3 5 5
3035.0 -360.9 -5.9 13 0 9.2 4.8 10.5 3.5 2 0 3 2 2
2661.2 -229.0 -4.0 18 0 8.9 6.7 3.5 3.5 2 0 1 2 2
3424.9 347.1 -11.2 290 0 6.1 16.5 7.5 2.5 2 1 3 1 1
3637.0 -108.5 -8.3 200 0 5.2 15.7 10.5 3.5 2 0 3 2 2
3618.0 -634.6 -8.1 124 1 10.8 10.7 14.0 0.0 0 0 4 5 5
3970.1 -1845.0 -5.7 254 0 15.7 30.3 10.0 2.5 2 0 4 3 3
2937.5 1402.3 -5.3 146 0 20.4 6.0 5.0 2.5 2 0 2 3 3
3703.3 -376.7 -8.3 208 0 4.8 11.1 10.5 3.5 2 1 3 4 4
3675.3 -232.3 -8.8 211 0 7.6 14.3 10.5 3.5 2 1 3 0 0
3548.0 -1291.5 -9.2 295 0 9.4 25.4 10.5 3.5 2 0 3 2 2
3610.7 -1449.2 -8.5 25 0 7.6 6.3 10.5 3.5 2 0 3 2 2
3585.0 -431.7 -8.3 205 0 3.0 18.1 10.5 3.5 4 0 3 0 0
3422.5 -337.0 -5.2 296 0 8.7 11.8 10.5 3.5 2 1 3 0 0
3613.9 -469.8 -8.3 28 0 5.1 17.6 10.5 3.5 2 0 3 3 3
4085.7 874.7 -10.0 303 0 9.4 11.6 5.0 2.5 2 1 2 5 5
3731.4 -401.0 -8.8 29 0 4.5 9.1 10.5 3.5 2 0 3 3 3
3366.1 -500.7 -8.1 207 0 5.5 5.9 10.5 3.5 2 1 3 5 5
2709.1 -369.8 -5.8 110 0 9.3 21.1 7.0 3.5 2 0 2 1 1
3309.3 884.1 -9.0 112 0 23.7 5.6 7.5 2.5 2 0 3 0 0
3019.4 521.6 -6.2 188 0 13.2 6.3 5.0 2.5 2 0 2 4 4
3383.7 -669.3 -8.2 209 1 12.1 11.2 14.0 3.5 4 0 4 0 0
4265.9 1282.0 -9.5 126 0 4.0 10.3 7.5 2.5 2 0 3 4 4
4060.0 1207.3 -9.9 124 0 9.0 10.9 5.0 2.5 2 0 2 2 2
3854.9 629.6 -10.6 31 0 17.4 9.9 10.5 3.5 2 0 3 5 5
3639.9 -1386.2 -8.1 25 0 15.6 9.6 10.5 3.5 2 0 3 1 1
3735.0 -424.5 -8.9 204 0 9.6 5.5 10.5 3.5 2 0 3 2 2
3343.3 -675.4 -8.2 48 0 7.4 9.5 10.5 3.5 2 0 3 3 3
3746.6 -34.4 -7.5 17 0 3.5 7.1 10.5 3.5 2 1 3 4 4
3783.1 -279.5 -9.0 25 0 5.8 7.4 10.5 3.5 2 1 3 5 5
3381.7 -369.8 -5.5 116 0 12.2 10.7 10.5 3.5 2 0 3 5 5
3647.2 -357.4 -7.3 27 0 5.3 7.5 10.5 3.5 2 0 3 3 3
3508.2 -1222.0 -9.4 213 0 8.7 4.9 10.5 3.5 2 0 3 4 4
3081.0 1127.6 -8.1 224 0 14.6 13.4 7.5 2.5 2 0 3 3 3
3909.6 -1107.3 -7.7 31 0 15.2 8.1 7.5 2.5 2 0 3 5 5
3146.3 590.0 -7.0 108 0 11.0 10.0 5.0 2.5 2 0 2 1 1
3674.7 -1587.0 -7.5 207 0 10.0 10.4 7.5 2.5 4 1 3 0 0
3062.0 502.1 -6.7 96 0 10.5 8.2 7.5 0.0 0 0 3 5 5
3529.4 -297.5 -7.3 202 0 7.8 13.9 10.5 3.5 2 1 3 2 2
3986.3 1141.5 -10.1 28 0 11.1 22.5 7.5 2.5 2 1 3 0 0
4130.5 -1293.4 -7.5 25 0 8.7 20.2 7.5 0.0 0 1 3 5 5
3484.6 -381.6 -6.6 21 0 17.2 22.4 10.5 3.5 4 0 3 2 2
3589.5 -554.0 -9.3 207 0 14.6 14.7 14.0 3.5 2 1 4 0 0
4607.9 -71.2 -8.5 180 0 13.0 9.4 5.0 2.5 2 0 2 5 5
4699.7 -190.9 -8.3 177 0 7.8 7.8 2.5 2.5 2 1 1 2 2
3981.7 -286.5 -9.3 290 0 12.2 10.5 14.0 3.5 4 0 4 5 5
2702.5 -455.5 -5.8 19 0 3.5 13.0 10.5 3.5 2 0 3 3 3
4283.9 1292.6 -9.5 219 0 5.7 22.3 7.5 2.5 2 0 3 1 1
4353.8 639.4 -7.5 129 0 10.1 10.1 5.0 2.5 4 1 2 4 4
4139.3 -2361.2 -5.6 257 0 8.6 4.8 5.0 2.5 2 0 2 3 3
4091.1 1255.9 -10.2 303 0 5.5 12.0 7.5 2.5 2 1 3 3 3
4174.4 -2408.3 -5.7 346 0 12.2 10.1 5.0 2.5 2 0 2 5 5
2829.2 -328.8 -5.9 15 0 6.1 14.9 10.5 3.5 2 1 3 4 4
3545.1 -456.1 -8.1 211 1 11.2 10.2 14.0 3.5 2 0 4 0 0
3629.1 -440.9 -8.4 26 0 5.0 8.2 10.5 3.5 4 1 3 2 2
3663.2 -658.8 -8.3 126 0 10.0 15.9 14.0 3.5 2 1 4 3 3
4010.0 6.4 -9.2 193 0 4.9 13.9 10.5 3.5 4 1 3 3 3
3757.5 -741.5 -8.6 107 0 6.5 6.3 10.5 0.0 0 0 3 5 5
3943.4 -505.5 -9.2 294 0 6.8 8.2 10.5 3.5 2 0 3 5 5
2676.5 -461.1 -5.6 18 0 5.1 15.6 10.5 3.5 4 0 3 0 0
4003.5 -5.7 -9.1 191 0 11.5 6.8 10.5 3.5 2 0 3 5 5
4413.3 -2716.7 -5.1 354 0 13.0 8.2 5.0 2.5 2 0 2 3 3
3758.4 -734.9 -8.6 131 0 12.0 20.8 14.0 3.5 2 1 4 2 2
3444.5 -1423.5 -9.7 298 0 8.0 10.0 10.5 3.5 2 1 3 4 4
3517.8 -150.3 -8.2 295 0 12.1 4.0 10.5 3.5 2 0 3 1 1
3330.7 1469.7 -7.4 115 0 8.2 22.2 2.5 2.5 2 1 1 5 5
3442.6 -365.6 -6.0 294 0 12.9 6.1 10.5 3.5 2 0 3 1 1
2949.4 -296.7 -5.0 7 0 12.5 5.2 10.5 3.5 2 0 3 4 4
3834.6 56.2 -7.5 106 0 9.9 5.6 10.5 3.5 2 0 3 4 4
3485.4 -1314.4 -9.4 214 0 4.2 12.5 10.5 3.5 2 1 3 5 5
2563.5 1411.5 -4.3 302 0 16.8 4.4 2.5 2.5 4 0 1 4 4
2993.3 -136.3 -6.3 19 0 7.1 5.7 10.5 0.0 0 0 3 0 0
3817.0 -1276.6 -7.3 225 0 10.6 18.4 5.0 2.5 2 1 2 1 1
3674.1 -645.5 -8.1 125 0 5.5 12.8 10.5 3.5 2 0 3 3 3
4124.3 -2463.3 -6.2 80 0 10.0 27.1 7.5 2.5 4 1 3 0 0
3546.6 -590.6 -8.7 117 0 3.6 19.4 10.5 3.5 2 1 3 2 2
3618.3 -116.9 -8.4 198 0 5.6 10.2 10.5 3.5 2 0 3 5 5
3385.8 -256.4 -6.5 206 0 4.1 11.8 10.5 3.5 2 1 3 4 4
3616.4 -586.5 -8.6 300 0 3.1 12.6 10.5 3.5 4 0 3 3 3
3096.8 -286.1 -3.6 16 0 3.9 12.0 10.5 3.5 2 1 3 1 1
3257.5 -138.9 -7.8 108 0 12.1 36.5 14.0 0.0 0 1 4 3 3
3611.9 -473.6 -8.4 27 0 3.6 17.6 10.5 3.5 2 0 3 0 0
3341.5 1499.1 -7.0 22 0 6.0 11.7 2.5 2.5 2 0 1 3 3
3761.7 -225.8 -8.7 179 0 7.2 4.5 10.5 3.5 2 0 3 5 5
4087.7 116.0 -7.7 193 0 4.4 11.8 10.5 3.5 2 1 3 4 4
3699.6 -1540.5 -8.3 209 0 8.0 11.5 2.5 2.5 2 1 1 1 1
3560.6 -257.2 -8.6 205 0 4.5 8.1 10.5 3.5 2 1 3 1 1
3639.4 -570.3 -9.4 26 0 7.5 23.3 10.5 3.5 2 1 3 1 1
3622.6 -356.5 -7.3 206 0 4.8 12.6 10.5 3.5 2 0 3 1 1
3415.7 -666.7 -8.6 208 0 5.0 8.5 10.5 3.5 2 0 3 5 5
3961.3 -1842.6 -5.7 164 0 9.6 15.7 5.0 2.5 2 0 2 5 5
2744.7 -378.0 -6.1 17 0 5.4 18.5 7.0 3.5 2 1 2 0 0
3685.0 -26.7 -8.1 198 0 3.7 6.6 10.5 3.5 2 1 3 0 0
3578.6 -610.6 -8.2 120 0 9.2 12.4 10.5 3.5 2 1 3 3 3
4161.3 -2400.2 -5.8 349 0 4.2 19.8 7.5 2.5 2 0 3 5 5
4065.1 1265.3 -10.4 214 0 10.8 10.3 7.5 2.5 2 0 3 0 0
3402.4 -323.5 -4.9 294 0 10.4 13.5 10.5 3.5 2 0 3 1 1
3470.1 -258.9 -7.8 206 0 4.5 19.3 10.5 0.0 0 0 3 2 2
3762.1 -1289.2 -7.6 41 0 12.2 27.4 10.0 2.5 2 1 4 3 3
3051.2 -260.7 -3.4 14 0 10.5 10.0 10.5 3.5 2 0 3 2 2
3515.3 -335.4 -6.0 201 0 15.6 11.3 14.0 3.5 2 0 4 1 1
4199.1 -2499.3 -6.0 351 0 7.7 12.1 7.5 2.5 2 1 3 5 5
3733.7 -459.4 -9.0 206 0 3.9 19.3 10.5 3.5 2 1 3 2 2
3692.6 -362.5 -7.9 208 0 9.8 8.4 10.5 3.5 2 0 3 5 5
4398.5 582.2 -6.9 38 0 12.0 9.5 2.5 2.5 2 0 1 3 3
3294.9 -695.6 -8.5 24 0 4.4 16.2 10.5 0.0 0 0 3 5 5
4639.3 999.1 -8.3 118 0 7.3 17.3 2.5 2.5 2 1 1 0 0
4066.0 -38.1 -8.4 291 0 5.2 19.5 10.5 0.0 0 0 3 5 5
3667.8 -244.6 -8.7 208 0 5.1 4.1 10.5 0.0 0 0 3 1 1
3422.1 -355.4 -5.5 295 0 6.1 7.1 10.5 0.0 0 0 3 4 4
4408.2 -2701.7 -5.2 266 0 5.8 8.9 5.0 2.5 4 1 2 5 5
3704.8 -1175.7 -8.7 114 0 14.6 5.1 10.5 3.5 2 0 3 5 5
3738.6 -517.1 -9.4 299 0 6.3 12.6 10.5 3.5 2 1 3 3 3
4614.2 1035.2 -8.8 215 0 6.0 24.7 7.5 2.5 2 1 3 0 0
3947.3 1135.7 -10.2 208 0 24.0 9.1 2.5 2.5 2 0 1 5 5
3689.4 -828.8 -8.8 205 0 10.2 10.7 14.0 3.5 2 0 4 2 2
3322.6 909.4 -8.6 25 0 6.3 18.8 7.5 2.5 2 0 3 1 1
3417.4 -680.9 -8.5 207 0 4.0 7.6 10.5 3.5 2 1 3 4 4
4309.8 -2491.5 -5.8 351 0 24.2 8.9 7.5 2.5 2 0 3 4 4
3729.1 -405.1 -8.8 28 0 4.9 9.1 10.5 3.5 2 0 3 0 0
3434.7 433.7 -10.9 108 0 9.2 16.8 5.0 2.5 2 1 2 5 5
3492.1 -295.1 -6.8 27 0 4.4 7.8 10.5 3.5 2 1 3 2 2
3695.2 -44.3 -7.9 108 0 5.5 12.1 10.5 3.5 2 0 3 3 3
3717.0 466.0 -10.8 200 0 7.5 11.7 10.5 3.5 2 1 3 5 5
3188.6 968.3 -7.9 203 0 10.6 8.8 5.0 2.5 2 0 2 5 5
3702.0 -537.5 -9.4 120 0 7.1 3.6 10.5 3.5 2 0 3 5 5
2914.3 -31.1 -6.0 19 0 25.0 10.2 10.5 3.5 2 0 3 5 5
3456.3 -329.9 -5.3 116 0 11.4 5.4 10.5 3.5 2 0 3 3 3
3291.1 905.3 -8.6 201 0 12.2 8.0 5.0 2.5 2 0 2 5 5
2781.0 -697.9 -10.3 21 0 4.2 7.9 7.0 3.5 2 0 2 5 5
2734.8 -355.3 -5.8 106 0 4.0 17.9 10.5 3.5 2 1 3 4 4
3724.0 -389.6 -8.6 27 0 8.9 13.2 10.5 3.5 2 1 3 3 3
3660.1 -639.1 -8.0 127 0 3.4 14.7 10.5 3.5 2 0 3 1 1
2775.6 -450.1 -6.7 22 0 10.0 8.0 10.5 3.5 2 0 3 1 1
3763.0 -157.5 -8.3 278 0 5.4 13.7 10.5 3.5 2 1 3 2 2
3597.3 -450.2 -8.3 25 0 7.7 4.8 10.5 0.0 0 0 3 0 0
4110.6 835.4 -9.9 35 0 4.5 14.6 5.0 2.5 2 0 2 2 2
3469.2 -233.7 -8.4 207 0 3.7 14.5 10.5 0.0 0 0 3 0 0
3315.0 -758.8 -7.2 198 0 10.1 9.1 10.5 3.5 2 0 3 0 0
3433.1 -223.2 -8.3 27 0 10.1 4.0 10.5 3.5 2 0 3 0 0
4502.3 745.6 -8.3 215 0 6.2 19.4 5.0 2.5 2 1 2 2 2
3242.1 -127.1 -7.7 19 0 5.8 27.3 10.5 3.5 4 1 3 5 5
2574.0 1239.9 -3.5 21 0 6.7 20.6 5.0 2.5 2 1 2 4 4
4061.1 -1839.9 -4.7 183 0 6.8 10.3 2.5 2.5 4 1 1 1 1
3867.2 -145.9 -8.1 1 0 13.2 5.4 10.5 3.5 2 0 3 5 5
2782.3 -441.3 -6.5 21 0 7.1 5.3 3.5 3.5 2 0 1 0 0
2954.0 331.4 -7.4 288 0 27.1 9.0 5.0 2.5 2 0 2 4 4
4415.2 617.7 -7.2 40 0 10.9 24.8 10.0 2.5 2 1 4 2 2
3581.8 -1486.4 -8.3 112 0 14.6 5.4 10.5 3.5 2 0 3 1 1
2978.5 -331.9 -5.6 21 0 10.0 6.6 10.5 3.5 2 0 3 2 2
3473.6 -252.7 -8.1 208 0 3.5 15.2 10.5 3.5 2 0 3 3 3
3302.8 -466.9 -6.7 11 0 8.6 9.2 10.5 3.5 2 1 3 4 4
3828.9 -310.4 -9.1 210 0 10.5 4.9 7.5 2.5 2 0 3 5 5
3730.2 -853.2 -8.2 294 0 5.7 12.1 10.5 3.5 2 1 3 0 0
3297.9 -489.2 -7.2 32 0 11.8 6.5 10.5 3.5 2 0 3 2 2
3380.4 -262.0 -6.2 208 0 5.0 11.0 10.5 3.5 2 0 3 0 0
4196.4 -2585.0 -6.3 83 0 6.5 12.5 7.5 2.5 2 1 3 4 4
3480.6 -1617.5 -8.1 115 0 10.7 18.9 7.5 2.5 2 0 3 4 4
4001.4 852.4 -10.3 203 0 8.0 6.8 5.0 2.5 2 0 2 1 1
2685.4 -235.2 -4.2 20 0 6.7 8.9 10.5 3.5 2 1 3 3 3
3953.8 1115.2 -10.2 118 0 12.6 6.3 5.0 2.5 2 0 2 3 3
3090.7 -814.5 -10.3 116 0 8.1 6.0 10.5 3.5 4 0 3 2 2
3771.1 -1093.5 -8.7 17 0 4.6 26.8 10.5 3.5 2 1 3 2 2
3688.6 -639.5 -7.9 122 0 22.5 5.6 10.5 3.5 2 0 3 5 5
4618.5 -2078.4 -6.1 172 0 18.9 7.1 5.0 2.5 2 0 2 1 1
4648.3 -1517.9 -8.3 116 0 9.5 5.0 2.5 2.5 4 0 1 4 4
2936.8 1248.3 -6.9 309 0 8.6 9.6 5.0 2.5 2 1 2 5 5
3108.5 -745.1 -10.4 297 0 9.0 6.0 10.5 3.5 2 0 3 4 4
3584.0 -322.8 -7.1 25 0 3.2 9.7 10.5 3.5 2 1 3 4 4
3541.3 -1237.8 -9.3 305 0 10.8 9.5 10.5 3.5 2 0 3 1 1
2772.6 -675.7 -10.1 20 0 10.8 4.2 10.5 3.5 2 0 3 0 0
3620.9 -30.9 -8.9 25 0 4.4 12.7 10.5 3.5 2 0 3 3 3
2550.5 1372.8 -4.1 118 0 9.6 8.4 5.0 2.5 2 0 2 0 0
3624.6 -275.1 -8.7 27 0 7.4 13.9 10.5 3.5 2 1 3 4 4
3262.0 -680.2 -8.6 204 0 3.3 14.1 10.5 3.5 4 0 3 3 3
3390.0 -281.2 -5.8 117 0 11.9 6.1 10.5 3.5 2 0 3 2 2
4074.8 -1286.4 -7.5 204 0 5.3 12.0 5.0 2.5 2 1 2 1 1
3313.7 -694.6 -8.4 29 0 7.9 9.1 10.5 3.5 2 0 3 2 2
3305.3 -719.3 -7.8 19 0 7.1 16.9 10.5 3.5 2 1 3 1 1
3673.2 -629.9 -8.0 122 0 13.2 5.6 10.5 3.5 2 0 3 3 3
2734.0 -647.3 -8.9 17 0 5.2 8.9 10.5 0.0 0 1 3 5 5
3606.2 -680.4 -8.9 27 0 10.6 5.0 10.5 3.5 2 0 3 3 3
3732.2 -396.6 -8.7 29 0 5.5 10.4 10.5 3.5 2 0 3 1 1
3909.9 -1132.2 -7.6 48 0 34.1 6.2 7.5 2.5 2 0 3 4 4
3356.5 -663.6 -8.2 37 0 14.3 9.7 10.5 3.5 2 0 3 2 2
4030.1 -168.3 -8.5 74 0 9.4 8.9 10.5 3.5 2 0 3 1 1
3718.3 -1186.6 -8.6 114 0 12.8 4.6 10.5 3.5 2 0 3 5 5
4100.0 -1891.5 -5.1 80 0 4.1 8.5 7.5 2.5 2 0 3 5 5
3357.6 -1535.5 -9.2 207 0 6.9 35.0 5.0 2.5 2 1 2 5 5
3567.6 -346.4 -6.4 25 0 4.0 14.0 10.5 3.5 2 0 3 0 0
3632.7 -728.4 -9.5 116 0 5.8 22.5 10.5 3.5 2 1 3 4 4
3617.1 -738.6 -9.8 119 0 12.1 7.0 10.5 3.5 2 0 3 2 2
3518.6 -294.5 -7.3 24 0 6.9 12.6 10.5 3.5 2 1 3 2 2
3429.1 -314.5 -4.9 205 0 5.1 11.3 10.5 3.5 2 0 3 4 4
4293.7 1249.5 -9.7 37 0 7.1 30.4 2.5 2.5 2 1 1 5 5
4093.7 16.6 -7.7 16 0 3.3 6.1 10.5 3.5 2 1 3 0 0
3204.5 -726.7 -9.5 191 0 12.4 6.0 10.5 3.5 2 0 3 2 2
2904.6 1229.3 -7.0 131 0 18.5 9.7 5.0 2.5 2 0 2 5 5
2947.5 -310.3 -5.3 7 0 5.2 8.0 3.5 3.5 2 1 1 4 4
4026.1 -2137.0 -5.3 255 0 8.6 34.8 7.5 2.5 2 1 3 3 3
3273.5 -681.0 -8.6 204 0 4.7 16.5 10.5 3.5 2 0 3 5 5
3758.9 -807.7 -8.5 148 0 8.0 7.1 10.5 3.5 2 0 3 1 1
3737.3 -552.8 -9.5 116 0 11.2 5.2 10.5 3.5 2 0 3 3 3
3490.4 -1402.4 -9.6 205 0 24.5 9.4 10.5 3.5 2 0 3 2 2
4614.2 -112.6 -8.4 178 0 10.7 10.3 10.0 2.5 2 0 4 5 5
3640.4 -119.0 -8.4 198 0 4.6 15.6 10.5 3.5 2 0 3 3 3
3200.8 -769.0 -8.8 211 0 4.5 12.1 10.5 3.5 2 1 3 0 0
3656.0 -3.7 -8.9 200 0 9.4 10.3 10.5 3.5 2 1 3 2 2
3783.0 -844.0 -7.6 144 0 15.7 4.7 10.5 3.5 2 0 3 1 1
3268.8 1472.4 -6.4 114 0 5.2 8.4 5.0 2.5 2 1 2 5 5
3272.9 -633.7 -8.6 211 0 5.6 37.7 10.5 3.5 2 0 3 1 1
3214.1 971.4 -7.9 282 0 6.2 8.8 2.5 0.0 0 1 1 5 5
4613.1 1004.9 -8.5 124 0 11.9 6.4 7.5 2.5 2 0 3 1 1
4335.4 -2652.8 -5.4 79 0 8.9 20.6 5.0 2.5 2 1 2 5 5
3687.6 -1248.8 -8.2 205 0 6.4 16.5 10.5 3.5 2 1 3 5 5
3600.5 -290.4 -8.7 28 0 3.9 13.3 10.5 3.5 2 1 3 0 0
3502.4 -1585.1 -8.0 295 0 24.8 12.7 7.5 2.5 2 0 3 1 1
3647.8 -288.2 -8.8 206 0 7.7 6.4 10.5 3.5 2 0 3 3 3
4214.6 -2562.6 -6.2 348 0 6.9 14.1 5.0 0.0 0 1 2 5 5
3668.6 -86.0 -8.1 21 0 6.7 3.7 10.5 3.5 2 0 3 3 3
3155.6 250.9 -8.7 109 0 36.5 9.0 7.5 2.5 2 0 3 2 2
3749.6 29.8 -8.3 288 0 40.8 6.0 10.5 3.5 2 0 3 5 5
3889.3 -1581.6 -7.6 295 0 13.0 36.8 7.5 2.5 2 0 3 1 1
3289.6 257.2 -9.9 109 0 104.2 12.7 7.5 2.5 2 0 3 0 0
3068.5 513.5 -6.4 6 0 7.7 10.5 7.5 0.0 0 0 3 4 4
3770.6 -203.9 -8.6 260 0 5.2 8.0 10.5 3.5 2 1 3 3 3
3619.0 -722.3 -9.6 209 0 12.2 4.8 10.5 0.0 0 0 3 2 2
3077.3 -326.0 -4.7 14 0 6.3 21.3 10.5 3.5 2 0 3 3 3
3593.9 -264.4 -8.6 301 0 4.1 22.0 10.5 3.5 2 1 3 5 5
3678.1 -747.3 -8.8 299 0 9.6 8.5 10.5 0.0 0 0 3 3 3
3179.9 583.2 -7.7 197 0 11.5 6.4 5.0 2.5 2 0 2 2 2
3394.0 -572.4 -8.6 26 0 6.7 23.5 10.5 3.5 2 0 3 3 3
3448.5 -397.8 -6.5 114 0 4.3 10.0 10.5 3.5 2 0 3 3 3
2789.4 -330.6 -5.7 17 0 5.1 14.0 7.0 3.5 2 1 2 0 0
3128.6 -421.6 -6.7 20 0 7.0 9.6 10.5 3.5 2 1 3 4 4
3368.1 -619.0 -8.5 28 0 14.4 13.8 14.0 3.5 4 0 4 5 5
3708.0 149.8 -8.7 201 1 17.1 10.4 14.0 0.0 0 0 4 2 2
3442.7 -344.2 -5.5 295 0 7.7 10.8 10.5 3.5 2 0 3 2 2
3369.1 -199.6 -8.2 27 0 10.2 5.8 10.5 3.5 2 0 3 5 5
3185.5 788.7 -9.7 195 0 3.8 9.5 5.0 2.5 2 0 2 1 1
4066.2 -1862.4 -4.8 166 0 10.0 9.1 7.5 2.5 2 0 3 5 5
4091.2 -75.1 -7.9 79 0 11.6 4.6 5.0 2.5 2 0 2 4 4
3057.3 -165.8 -6.6 6 0 10.6 6.6 10.5 3.5 2 0 3 3 3
3984.5 811.2 -10.7 201 0 30.8 12.5 10.0 2.5 2 0 4 0 0
3579.4 -50.0 -8.7 206 0 4.6 14.2 10.5 3.5 2 1 3 1 1
3597.5 -1297.4 -8.8 296 0 15.7 42.7 14.0 3.5 2 1 4 2 2
3267.7 -662.6 -8.6 206 0 17.2 7.0 10.5 3.5 2 0 3 4 4
3484.9 -1595.4 -8.1 205 0 5.9 10.7 5.0 2.5 2 0 2 0 0
3195.0 603.4 -7.9 19 0 4.9 16.2 2.5 2.5 2 1 1 5 5
3722.7 -172.1 -8.5 105 0 5.3 15.9 10.5 3.5 2 1 3 2 2
3191.7 233.7 -8.9 106 0 15.8 10.2 2.5 0.0 0 0 1 3 3
3743.8 -197.5 -8.6 87 0 11.9 8.9 10.5 3.5 2 0 3 5 5
3109.5 -199.7 -6.0 15 0 12.2 12.0 10.5 3.5 2 0 3 1 1
3607.7 -193.2 -8.5 112 0 10.3 4.6 10.5 3.5 2 0 3 4 4
2826.6 -191.5 -4.9 19 0 7.2 5.7 3.5 3.5 2 0 1 1 1
3862.0 -954.0 -7.5 293 0 7.4 5.8 10.5 3.5 2 0 3 3 3
3487.0 -229.9 -8.4 207 0 4.4 12.9 10.5 3.5 2 0 3 5 5
4415.0 -72.7 -8.6 183 0 10.1 9.7 2.5 2.5 2 0 1 3 3
3723.7 -450.1 -8.8 209 0 10.3 8.8 10.5 3.5 2 0 3 2 2
2721.5 -436.9 -5.7 18 0 3.7 13.4 7.0 3.5 4 0 2 1 1
3049.7 -788.6 -10.4 208 0 6.2 16.6 10.5 3.5 2 1 3 1 1
3787.7 -479.3 -9.2 207 0 9.7 8.7 10.5 3.5 4 0 3 1 1
3726.5 84.4 -8.3 106 0 13.6 4.5 10.5 3.5 2 0 3 5 5
4207.0 -2584.7 -6.2 172 0 6.3 12.2 2.5 2.5 2 1 1 1 1
3068.5 -262.0 -3.2 15 0 4.0 5.6 7.0 3.5 2 1 2 5 5
3399.4 -263.3 -6.8 208 0 12.1 7.2 10.5 3.5 2 0 3 5 5
3816.9 -822.4 -7.6 310 0 4.6 14.1 10.5 3.5 2 1 3 0 0
4512.3 704.6 -8.0 124 0 7.3 20.3 5.0 2.5 4 1 2 2 2
4077.0 -1263.1 -7.5 296 0 6.1 19.8 5.0 2.5 2 1 2 5 5
3708.5 -1521.6 -8.2 204 0 10.4 11.9 5.0 2.5 2 1 2 4 4
4288.5 1536.1 -9.9 304 0 14.9 8.8 5.0 0.0 0 0 2 0 0
3248.1 1498.3 -6.2 206 0 9.4 8.7 7.5 2.5 4 0 3 5 5
3789.5 -387.5 -9.1 296 0 5.4 8.7 10.5 3.5 2 1 3 1 1
2721.8 -645.8 -8.8 18 0 7.2 19.8 10.5 3.5 2 0 3 3 3
3631.3 -208.1 -8.6 111 0 5.9 13.7 10.5 3.5 2 0 3 3 3
3723.4 -258.4 -8.9 25 0 9.1 9.0 10.5 3.5 2 0 3 5 5
3231.8 1460.8 -6.0 114 0 9.8 13.8 5.0 2.5 2 1 2 1 1
3607.1 -629.7 -8.0 124 0 4.8 8.9 10.5 3.5 2 1 3 0 0
3454.1 -584.5 -8.4 36 0 9.3 9.0 10.5 3.5 2 0 3 0 0
3624.8 -578.4 -8.9 299 0 5.4 21.9 10.5 3.5 2 0 3 2 2
3413.8 -387.1 -6.0 116 0 13.7 9.4 10.5 3.5 2 0 3 3 3
4299.0 -2480.2 -5.5 349 0 6.6 10.7 7.5 2.5 2 0 3 1 1
3650.0 -601.5 -8.4 306 0 5.9 14.2 10.5 3.5 2 0 3 0 0
2795.0 -447.8 -6.8 21 0 4.1 14.2 3.5 3.5 2 0 1 0 0
3393.0 321.5 -11.2 288 0 6.4 3.3 2.5 2.5 2 0 1 4 4
4121.0 -65.3 -8.0 84 0 11.7 5.2 2.5 2.5 2 0 1 5 5
3684.6 -222.7 -8.8 228 0 15.3 8.9 10.5 3.5 2 0 3 2 2
4133.5 -2386.9 -5.9 257 0 8.2 19.6 7.5 0.0 0 0 3 4 4
3487.8 -183.9 -8.1 34 0 7.6 12.3 10.5 3.5 2 1 3 3 3
3685.8 -13.4 -8.4 200 0 6.2 18.3 10.5 3.5 2 1 3 1 1
3080.5 -169.8 -6.7 18 0 5.2 14.0 7.0 0.0 0 0 2 5 5
3613.8 -155.8 -8.6 199 0 4.6 10.2 10.5 0.0 0 1 3 5 5
3883.0 -375.9 -9.4 31 0 7.3 5.6 10.5 3.5 2 0 3 3 3
3937.6 -176.9 -8.4 109 0 5.0 5.2 10.5 3.5 2 1 3 1 1
2956.3 -298.2 -5.0 6 0 12.1 7.0 10.5 3.5 2 0 3 0 0
3396.0 -378.2 -5.7 116 0 10.0 9.1 10.5 3.5 2 0 3 0 0
3760.8 -997.3 -8.5 107 0 15.1 4.1 10.5 3.5 2 0 3 1 1
3090.6 -172.4 -6.7 18 0 4.6 10.3 10.5 3.5 4 0 3 3 3
4411.1 1074.7 -9.2 215 0 9.4 8.9 7.5 2.5 2 0 3 3 3
4717.3 -2086.3 -6.0 0 0 10.4 4.5 5.0 2.5 2 0 2 2 2
4124.1 -26.3 -7.9 15 0 4.5 12.1 7.5 2.5 2 1 3 5 5
3804.3 -635.8 -8.1 300 0 8.0 6.3 10.5 0.0 0 0 3 4 4
3592.1 -707.7 -9.5 27 0 17.0 6.5 10.5 3.5 2 0 3 1 1
3774.2 -1032.9 -8.7 293 0 17.5 7.9 10.5 3.5 4 0 3 5 5
3614.7 -648.6 -8.5 304 0 14.5 9.8 10.5 3.5 2 0 3 5 5
3533.3 -602.6 -8.1 299 0 8.8 11.0 10.5 3.5 2 1 3 3 3
3537.6 -567.1 -9.0 122 0 4.3 6.5 10.5 0.0 0 0 3 5 5
3400.1 -462.8 -7.4 114 0 8.0 24.7 10.5 3.5 2 0 3 5 5
3293.4 -411.9 -5.6 265 0 13.6 3.0 10.5 3.5 2 0 3 5 5
2764.4 -409.5 -6.0 46 0 9.5 6.4 10.5 3.5 2 0 3 0 0
2727.2 -310.9 -5.0 17 0 4.0 5.0 7.0 0.0 0 1 2 3 3
2741.3 -315.3 -5.2 18 0 4.3 11.7 10.5 3.5 2 1 3 5 5
2620.8 -382.5 -4.2 18 0 7.7 17.8 10.5 3.5 2 1 3 3 3
3180.7 170.1 -8.4 109 0 8.7 11.2 5.0 2.5 4 1 2 2 2
3365.2 -248.1 -6.8 26 1 12.1 10.2 14.0 3.5 2 0 4 5 5
3401.2 -221.4 -8.3 207 0 8.4 11.2 10.5 3.5 2 1 3 5 5
3412.1 -200.0 -8.2 207 0 8.1 11.3 10.5 0.0 0 1 3 3 3
3419.0 -186.5 -8.1 204 0 8.5 12.7 10.5 3.5 2 1 3 2 2
3354.1 -459.2 -7.1 299 0 10.2 8.0 10.5 3.5 2 0 3 0 0
3342.5 -454.1 -6.9 293 0 9.6 9.0 10.5 0.0 0 0 3 0 0
3111.2 -433.5 -7.7 298 0 5.5 12.6 7.0 3.5 2 0 2 0 0
2763.4 -458.6 -6.7 28 0 8.3 6.4 10.5 3.5 2 0 3 0 0
2733.5 -782.0 -10.6 17 0 11.2 9.1 10.5 3.5 2 0 3 0 0
2671.1 -569.9 -7.6 18 0 39.6 14.8 10.5 3.5 2 0 3 3 3
3674.3 -198.2 -8.7 23 0 6.2 20.5 10.5 3.5 2 0 3 5 5
3672.1 -205.0 -8.7 23 0 8.0 10.9 10.5 3.5 2 0 3 5 5
3649.1 -238.1 -8.7 118 0 10.5 6.7 10.5 3.5 2 0 3 4 4
3659.3 -255.4 -8.7 208 0 7.0 11.6 10.5 3.5 2 1 3 1 1
3648.0 -297.1 -8.9 204 0 10.0 9.3 10.5 3.5 2 0 3 0 0
3468.8 -203.1 -8.2 27 0 6.6 12.6 10.5 3.5 2 0 3 4 4
3456.1 -223.6 -8.3 27 0 6.3 11.3 10.5 3.5 2 0 3 4 4
3449.2 -246.8 -8.2 26 0 6.6 15.4 10.5 3.5 2 0 3 4 4
3434.8 -265.4 -7.1 27 0 8.8 11.2 10.5 3.5 4 0 3 3 3
3423.9 -287.1 -6.1 28 0 8.3 18.7 10.5 3.5 2 0 3 2 2
3573.2 -466.6 -8.2 208 0 4.2 4.0 10.5 0.0 0 0 3 5 5
3606.5 -440.8 -8.3 42 0 4.0 4.0 10.5 3.5 2 1 3 5 5
3583.3 -522.9 -9.2 120 0 5.1 4.0 10.5 3.5 2 0 3 0 0
3578.1 -520.0 -9.2 123 0 6.1 4.3 10.5 3.5 2 0 3 4 4
3602.3 -476.4 -8.5 29 0 4.7 15.8 10.5 3.5 2 1 3 1 1
3581.8 -434.7 -8.3 205 0 4.2 8.6 10.5 3.5 2 1 3 3 3
3619.8 -455.8 -8.4 28 0 7.9 6.9 10.5 0.0 0 0 3 3 3
3624.8 -450.0 -8.4 27 0 7.2 15.4 10.5 3.5 2 0 3 5 5
3556.1 -134.8 -8.3 295 0 5.2 3.1 10.5 3.5 2 0 3 5 5
3594.8 -150.4 -8.5 200 0 7.5 9.6 10.5 3.5 2 0 3 3 3
3656.6 -172.3 -8.7 111 0 5.0 16.9 10.5 3.5 4 0 3 2 2
3651.3 -166.6 -8.6 111 0 9.0 13.3 10.5 0.0 0 0 3 4 4
3870.8 -1038.9 -7.8 110 0 7.4 3.5 10.5 3.5 2 0 3 1 1
3874.2 -1009.0 -8.1 112 0 7.4 9.1 10.5 3.5 2 1 3 0 0
3828.2 -991.4 -8.2 191 0 7.7 10.5 10.5 3.5 2 0 3 2 2
3826.7 -998.8 -8.3 192 0 7.4 10.5 10.5 3.5 2 0 3 0 0
3763.8 -787.8 -8.6 218 0 5.0 6.2 10.5 3.5 4 1 3 5 5
3694.6 -815.0 -8.9 204 0 18.9 12.0 14.0 3.5 2 0 4 4 4
3605.4 -716.2 -9.5 206 0 6.6 3.5 10.5 3.5 4 0 3 1 1
3623.2 -688.5 -9.0 207 1 10.5 11.2 14.0 3.5 2 0 4 3 3
3606.8 -607.5 -8.2 122 0 3.5 6.0 10.5 3.5 2 0 3 5 5
3616.9 -575.8 -9.0 33 0 3.4 6.8 10.5 3.5 4 1 3 0 0
3598.9 -588.5 -8.5 299 0 3.8 3.1 10.5 3.5 2 0 3 3 3
3570.6 -580.1 -8.7 206 0 5.7 4.3 10.5 3.5 2 0 3 4 4
3566.9 -587.4 -8.5 207 0 5.7 4.7 10.5 3.5 4 0 3 4 4
3563.6 -600.1 -8.3 118 0 4.4 7.8 10.5 3.5 2 1 3 4 4
3488.0 -651.0 -8.8 115 0 3.8 39.1 10.5 3.5 2 0 3 3 3
3429.0 -668.8 -8.8 207 0 3.7 6.4 10.5 3.5 2 1 3 0 0
3439.7 -613.4 -8.5 211 0 7.1 15.1 10.5 3.5 2 0 3 4 4
3486.7 -606.5 -8.2 209 0 14.2 9.6 10.5 0.0 0 0 3 4 4
3462.7 -591.2 -8.2 230 0 9.0 9.7 10.5 0.0 0 0 3 4 4
3470.0 -563.3 -8.9 33 1 13.0 11.5 14.0 3.5 2 0 4 5 5
3461.3 -550.3 -9.0 302 0 5.7 12.6 10.5 3.5 2 0 3 5 5
3456.3 -547.3 -9.0 301 0 5.7 17.9 10.5 3.5 2 0 3 0 0
3450.5 -543.6 -9.1 304 0 8.2 13.1 10.5 3.5 2 0 3 1 1
3435.8 -542.6 -9.1 211 0 13.3 8.9 10.5 3.5 2 0 3 5 5
3424.5 -564.2 -8.9 205 0 20.1 10.0 14.0 3.5 2 0 4 0 0
3396.4 -507.6 -8.6 298 0 4.7 3.2 10.5 3.5 2 0 3 1 1
3417.2 -450.4 -7.4 115 0 7.3 19.6 10.5 0.0 0 0 3 4 4
3428.3 -425.3 -6.9 294 0 5.8 3.9 10.5 3.5 2 0 3 5 5
3479.4 -393.7 -6.7 22 0 9.2 10.5 10.5 0.0 0 0 3 1 1
3420.5 -231.6 -8.2 208 0 7.8 3.1 10.5 3.5 2 0 3 0 0
3444.6 -168.9 -8.0 299 0 4.5 6.4 10.5 0.0 0 0 3 4 4
3467.7 -179.0 -8.1 303 0 4.2 12.2 10.5 3.5 2 0 3 3 3
3459.3 -177.4 -8.0 298 0 5.6 6.6 10.5 3.5 2 0 3 2 2
3316.5 433.3 -10.2 287 0 3.0 8.1 5.0 2.5 2 1 2 0 0
3304.1 418.1 -10.4 288 0 14.2 40.4 7.5 2.5 2 0 3 0 0
3282.0 430.7 -10.1 289 0 17.1 4.8 7.5 2.5 2 0 3 1 1
3219.9 499.1 -9.0 109 0 9.2 3.7 5.0 2.5 2 0 2 4 4
3168.7 507.1 -8.6 109 0 21.1 9.3 5.0 2.5 2 0 2 1 1
3255.1 484.0 -9.6 110 0 24.6 52.6 12.5 2.5 2 1 5 5 5
3426.0 305.5 -11.4 22 0 4.9 4.0 7.5 2.5 2 0 3 1 1
3426.0 362.9 -11.1 289 0 4.0 8.8 5.0 2.5 2 1 2 0 0
3390.7 314.1 -11.2 107 0 6.0 3.9 5.0 2.5 2 0 2 4 4
3382.2 226.7 -11.2 110 0 20.2 69.9 10.0 2.5 2 1 4 2 2
3116.1 -10.4 -7.0 18 0 5.5 8.0 10.5 3.5 2 0 3 0 0
3119.6 -15.0 -7.0 106 0 5.1 6.3 3.5 3.5 2 0 1 0 0
3068.3 -342.0 -5.2 16 0 3.5 7.6 7.0 3.5 2 1 2 0 0
3050.4 -364.2 -5.9 15 0 7.3 3.1 10.5 3.5 2 0 3 4 4
3056.9 -266.9 -3.4 15 0 3.0 4.2 3.5 3.5 2 1 1 2 2
3090.9 -279.2 -3.5 16 0 5.8 4.2 10.5 3.5 2 0 3 2 2
3111.2 -309.4 -4.1 17 0 10.1 35.0 10.5 3.5 2 1 3 4 4
2937.8 -92.7 -6.2 19 0 5.0 3.0 10.5 0.0 0 0 3 1 1
2931.4 -131.9 -6.0 18 0 5.8 6.2 7.0 3.5 2 1 2 3 3
2990.5 -126.9 -6.4 18 0 5.0 12.6 3.5 3.5 2 1 1 5 5
3018.8 -138.1 -6.5 19 0 3.1 6.3 7.0 3.5 2 1 2 0 0
3011.4 -170.9 -6.2 17 0 5.6 13.2 3.5 0.0 0 0 1 1 1
3003.1 -193.3 -5.3 18 0 3.9 8.1 10.5 3.5 2 1 3 2 2
2998.3 -227.2 -4.0 17 0 4.2 14.9 7.0 3.5 2 0 2 0 0
3003.2 -233.5 -4.0 17 0 4.4 22.7 7.0 0.0 0 0 2 4 4
2987.8 -265.6 -3.8 13 0 4.1 9.4 7.0 0.0 0 0 2 2 2
2976.2 -271.4 -4.2 17 0 13.6 8.6 7.0 3.5 2 0 2 5 5
2997.1 -292.0 -4.4 19 0 4.1 24.3 3.5 3.5 2 1 1 4 4
2974.9 -313.8 -5.1 19 0 3.1 8.6 10.5 3.5 2 0 3 3 3
3010.4 -317.3 -5.1 19 0 9.2 11.1 10.5 3.5 2 1 3 1 1
3005.6 -327.5 -5.3 19 0 9.8 12.4 10.5 3.5 2 1 3 4 4
2776.1 -465.3 -7.0 22 0 3.8 12.0 10.5 3.5 2 1 3 3 3
2776.8 -503.6 -7.8 20 0 5.1 10.0 3.5 3.5 2 0 1 5 5
2772.1 -496.5 -7.6 22 0 6.2 8.5 10.5 3.5 2 0 3 2 2
2764.5 -494.0 -7.5 21 0 5.2 10.2 10.5 3.5 2 0 3 4 4
2772.6 -515.1 -7.9 20 0 6.9 7.7 10.5 3.5 2 0 3 2 2
2649.1 -533.2 -6.6 18 0 4.6 3.5 7.0 3.5 2 0 2 4 4
2698.4 -579.0 -7.9 21 0 5.0 3.3 7.0 3.5 2 0 2 4 4
2755.2 -701.6 -10.0 22 0 3.9 9.6 10.5 3.5 2 0 3 4 4
2637.2 -749.0 -9.4 18 0 8.6 15.8 10.5 3.5 2 1 3 1 1
2611.9 -747.5 -9.2 18 0 6.0 11.6 10.5 3.5 2 1 3 5 5
2670.9 -454.5 -5.4 18 0 4.0 5.5 10.5 3.5 2 0 3 0 0
2659.4 -448.8 -5.2 18 0 7.0 4.1 7.0 3.5 2 0 2 5 5
2724.7 -425.0 -5.4 17 0 3.1 6.2 3.5 0.0 0 1 1 0 0
2760.1 -112.8 -4.5 21 0 6.7 14.1 10.5 3.5 2 1 3 1 1
2814.1 -233.4 -4.4 17 0 6.2 17.1 10.5 3.5 2 1 3 0 0
2832.2 -209.7 -4.7 19 0 6.5 17.3 7.0 3.5 2 1 2 1 1
2880.7 -265.5 -4.7 18 0 10.7 8.1 7.0 3.5 2 0 2 1 1
2885.9 -264.9 -4.6 17 0 6.1 4.1 3.5 3.5 2 0 1 2 2
2888.2 -242.7 -4.0 17 0 8.0 4.0 10.5 3.5 2 0 3 1 1
2896.6 -236.7 -4.1 18 0 4.6 6.1 10.5 3.5 2 1 3 1 1
2898.9 -209.5 -4.5 19 0 7.6 4.0 3.5 3.5 2 0 1 4 4
2891.9 -186.8 -5.1 18 0 9.1 8.7 10.5 3.5 2 0 3 4 4
2917.6 -193.5 -4.8 19 0 8.3 8.4 10.5 0.0 0 0 3 1 1
2928.5 -162.1 -5.8 16 0 10.0 10.5 10.5 3.5 2 0 3 4 4
2902.1 -156.1 -5.6 21 0 10.2 8.1 10.5 3.5 2 0 3 2 2
2910.9 -160.9 -5.7 21 0 9.0 10.0 10.5 3.5 2 0 3 2 2
2893.8 -92.2 -5.7 17 0 6.4 9.9 10.5 3.5 2 1 3 1 1
2964.3 -40.3 -6.8 19 0 13.2 7.5 10.5 3.5 4 0 3 5 5
3014.5 -34.4 -7.0 18 0 5.0 11.8 7.0 3.5 2 1 2 4 4
3032.3 -17.3 -6.9 19 0 6.1 13.6 10.5 3.5 2 0 3 3 3
3030.3 -23.1 -6.9 19 0 6.1 11.5 10.5 0.0 0 0 3 0 0
3156.5 -40.3 -7.1 20 0 4.2 9.4 10.5 3.5 4 0 3 4 4
3151.0 -22.9 -7.0 20 0 4.5 8.6 10.5 3.5 2 0 3 2 2
3148.7 -29.0 -7.1 21 0 8.6 8.5 10.5 0.0 0 0 3 2 2
3151.1 -36.4 -7.1 108 0 7.4 14.9 10.5 3.5 2 0 3 3 3
3167.3 -62.3 -7.3 19 0 11.9 12.6 7.0 3.5 2 0 2 5 5
3422.1 -146.2 -7.8 28 0 6.8 3.9 10.5 3.5 2 0 3 1 1
3418.4 -153.5 -7.9 26 0 9.5 4.0 10.5 3.5 2 0 3 3 3
3415.7 -135.6 -7.8 298 0 13.2 9.8 10.5 3.5 2 0 3 3 3
3414.9 -151.6 -7.8 28 0 9.7 13.2 10.5 3.5 2 0 3 0 0
3429.9 -164.8 -8.0 207 0 10.0 10.2 10.5 3.5 2 0 3 2 2
3482.1 -240.4 -8.5 207 0 5.3 23.2 10.5 0.0 0 0 3 5 5
3518.8 -257.0 -8.5 21 0 8.1 11.9 10.5 3.5 2 0 3 3 3
3531.0 -262.4 -8.6 26 0 7.6 13.4 10.5 3.5 2 0 3 5 5
3643.8 -95.7 -8.2 200 0 4.7 7.1 10.5 3.5 2 0 3 1 1
3742.3 -491.1 -9.2 117 0 3.5 7.4 10.5 3.5 2 1 3 4 4
3704.5 -477.4 -9.2 208 0 5.2 19.3 10.5 3.5 2 1 3 1 1
3750.1 -353.8 -8.5 289 0 8.0 18.3 10.5 0.0 0 1 3 0 0
3698.7 -342.4 -8.2 210 0 6.8 13.9 10.5 3.5 2 1 3 5 5
3713.1 -283.0 -8.9 29 0 3.3 4.5 10.5 3.5 2 1 3 5 5
3701.9 -253.3 -8.8 24 0 4.2 5.9 10.5 3.5 2 1 3 2 2
3627.4 -115.1 -8.4 199 0 3.4 6.5 10.5 0.0 0 0 3 5 5
3639.8 -69.2 -8.1 198 0 7.3 10.3 10.5 3.5 2 0 3 5 5
3612.8 -65.1 -8.3 29 0 7.2 12.4 10.5 3.5 2 1 3 5 5
3648.1 46.2 -9.1 20 0 8.9 13.2 10.5 3.5 2 0 3 1 1
3645.1 37.9 -9.1 20 0 8.8 13.2 10.5 3.5 2 0 3 5 5
3642.3 24.4 -9.1 22 0 5.4 15.3 10.5 3.5 2 1 3 2 2
3700.3 -51.6 -7.8 107 0 18.2 5.5 10.5 3.5 2 0 3 4 4
3986.7 -538.3 -9.3 21 0 6.0 4.3 10.5 3.5 4 0 3 5 5
3951.3 -528.6 -9.3 205 0 8.8 8.8 10.5 3.5 2 0 3 5 5
4059.1 -63.5 -8.0 21 0 13.4 5.2 10.5 3.5 2 0 3 4 4
4033.2 -132.1 -8.2 10 0 4.0 8.9 10.5 3.5 2 0 3 4 4
3918.9 -215.7 -8.6 19 0 4.4 4.1 2.5 2.5 2 0 1 1 1
3926.0 -193.4 -8.5 16 0 13.1 4.9 7.5 2.5 2 0 3 3 3
3892.8 -269.8 -8.8 31 0 5.9 9.2 2.5 2.5 2 1 1 1 1
3834.4 -189.9 -8.3 264 0 4.5 12.2 10.5 3.5 2 1 3 2 2
3839.6 -213.6 -8.4 354 0 5.0 4.7 10.5 3.5 2 0 3 3 3
3815.8 -268.7 -8.8 86 0 4.7 13.9 10.5 3.5 2 0 3 3 3
3848.9 -299.2 -8.9 19 0 5.7 6.1 5.0 0.0 0 1 2 0 0
3835.7 -321.0 -9.1 30 0 8.1 6.3 5.0 2.5 2 0 2 4 4
3818.0 -325.9 -9.2 210 0 13.3 6.6 2.5 2.5 2 0 1 1 1
3808.6 -360.3 -9.2 116 0 5.1 4.6 7.5 2.5 2 0 3 0 0
3790.6 -331.8 -9.2 203 0 9.0 9.1 5.0 2.5 2 0 2 2 2
3860.1 -311.9 -9.0 20 0 10.0 10.1 2.5 2.5 2 0 1 0 0
3844.6 -338.9 -9.2 22 0 10.5 11.0 2.5 2.5 2 0 1 4 4
3749.8 -406.7 -9.0 205 1 10.2 10.2 14.0 3.5 2 1 4 0 0
3791.4 -426.7 -9.0 26 0 9.3 10.5 10.5 3.5 2 0 3 5 5
3738.7 369.4 -9.9 198 0 6.0 15.0 10.5 0.0 0 1 3 4 4
3865.3 512.9 -10.5 216 0 20.4 12.1 5.0 2.5 2 0 2 3 3
3838.2 678.3 -10.3 296 0 11.4 10.2 10.5 3.5 2 0 3 0 0
3692.6 397.8 -10.7 200 0 4.1 6.1 10.5 3.5 2 1 3 2 2
4069.2 99.2 -7.2 193 0 8.1 8.1 10.5 3.5 2 0 3 5 5
3643.8 -520.7 -9.2 26 0 5.6 3.6 10.5 3.5 2 0 3 0 0
3610.4 -507.3 -9.2 209 0 7.0 10.6 10.5 3.5 2 1 3 2 2
3603.2 -113.5 -8.5 203 0 7.6 10.3 10.5 3.5 2 1 3 2 2
3599.2 -200.7 -8.5 112 0 6.1 3.0 10.5 3.5 2 0 3 2 2
3591.6 -216.9 -8.4 23 0 5.6 3.8 10.5 3.5 4 0 3 1 1
3596.0 -208.9 -8.5 111 0 12.5 4.3 10.5 3.5 2 0 3 1 1
3601.3 -220.2 -8.5 24 0 7.5 3.7 10.5 3.5 4 0 3 2 2
3601.4 -230.1 -8.5 293 0 6.3 3.4 10.5 3.5 2 0 3 0 0
3631.4 -217.6 -8.6 114 0 3.6 6.7 10.5 3.5 2 0 3 0 0
3499.6 -299.7 -6.7 28 0 3.0 4.7 10.5 3.5 2 1 3 3 3
3507.2 -277.1 -7.8 28 0 5.7 7.0 10.5 3.5 2 1 3 1 1
3984.1 -93.2 -7.8 15 0 5.9 6.0 10.5 0.0 0 1 3 3 3
3947.3 -83.6 -7.7 199 0 9.0 3.3 10.5 3.5 2 0 3 0 0
3827.3 -142.8 -8.0 180 0 9.9 3.2 10.5 3.5 2 0 3 0 0
3815.7 -143.9 -8.0 181 0 5.6 3.6 10.5 3.5 2 0 3 1 1
2609.8 1264.8 -3.9 16 0 3.0 6.6 7.5 0.0 0 1 3 4 4
3143.1 474.7 -8.6 97 0 5.4 5.2 7.5 2.5 4 0 3 5 5
2762.1 -211.2 -4.7 10 0 11.3 8.5 10.5 3.5 2 0 3 2 2
3738.3 -271.0 -9.0 208 0 4.9 13.3 10.5 3.5 2 0 3 4 4
3750.0 -277.4 -9.0 206 0 13.4 4.7 10.5 3.5 2 0 3 3 3
3645.7 -461.0 -8.5 117 0 8.2 3.2 10.5 3.5 2 0 3 0 0
3662.7 -380.4 -7.9 30 0 8.0 8.7 10.5 3.5 2 0 3 4 4
3658.5 -387.8 -8.0 29 0 9.0 8.7 10.5 3.5 4 0 3 2 2
3672.7 -363.1 -7.6 24 0 4.0 15.6 10.5 3.5 2 0 3 5 5
3986.3 -168.0 -8.4 75 0 3.5 11.3 10.5 3.5 2 0 3 4 4
3966.9 -161.7 -8.3 77 0 7.4 6.4 10.5 3.5 2 0 3 2 2
3856.4 -421.8 -9.3 30 0 7.3 4.4 10.5 3.5 2 0 3 4 4
3739.9 -332.8 -9.1 118 0 4.2 6.0 10.5 0.0 0 0 3 2 2
