2302.2 -482.4 7.7 25 0 17.6 25.6 7.5 2.5 2 1 3 4 4
2144.9 -672.6 5.9 24 0 13.4 11.8 5.0 2.5 2 0 2 0 0
2341.5 -574.7 7.8 206 0 16.5 11.7 2.5 2.5 2 0 1 5 5
2100.2 -709.1 6.1 117 0 9.9 11.4 10.5 2.5 2 1 3 3 3
2124.8 -693.8 5.9 40 0 15.3 18.4 7.5 2.5 2 1 3 5 5
1974.9 -775.8 6.9 141 0 10.1 33.9 2.5 2.5 2 1 1 1 1
2193.5 -779.1 7.2 293 0 12.7 18.0 10.0 0.0 0 0 4 3 3
2200.0 -749.6 7.3 114 0 12.9 11.4 5.0 2.5 4 0 2 2 2
2201.2 -724.7 7.2 203 0 9.8 12.8 5.0 2.5 2 1 2 5 5
2208.3 -707.4 7.2 202 0 10.6 17.0 5.0 2.5 2 1 2 0 0
2231.0 -676.5 7.3 205 0 10.9 12.5 5.0 2.5 2 1 2 3 3
2285.6 -642.7 7.6 202 0 8.7 10.1 2.5 2.5 2 1 1 5 5
2314.8 -642.9 7.7 23 0 7.7 15.0 5.0 2.5 2 1 2 3 3
2280.2 -699.5 7.5 24 0 10.6 11.2 5.0 0.0 0 1 2 1 1
2277.3 -717.8 7.5 23 0 10.9 10.7 5.0 2.5 2 0 2 5 5
2270.7 -733.9 7.5 22 0 10.9 9.5 5.0 2.5 2 0 2 2 2
2245.1 -769.7 7.5 114 0 11.7 10.9 2.5 2.5 2 0 1 1 1
2280.6 -756.9 7.6 204 0 7.8 13.3 5.0 2.5 2 1 2 2 2
2286.3 -742.8 7.6 203 0 10.5 15.9 2.5 2.5 2 1 1 5 5
2295.7 -726.6 7.6 203 0 10.6 11.5 2.5 2.5 2 1 1 1 1
2307.2 -711.6 7.6 203 0 11.0 11.5 5.0 2.5 2 1 2 5 5
2314.5 -695.0 7.6 203 0 9.4 10.9 2.5 2.5 2 1 1 3 3
2318.6 -676.0 7.6 204 0 10.3 12.2 2.5 2.5 2 1 1 3 3
2324.3 -660.5 7.6 202 0 9.5 9.5 5.0 0.0 0 1 2 0 0
2331.5 -643.9 7.7 203 0 11.5 11.4 5.0 2.5 2 0 2 3 3
2323.1 -802.0 7.7 113 0 12.1 10.3 5.0 2.5 2 0 2 4 4
2348.2 -767.5 7.7 22 0 10.6 10.5 2.5 2.5 2 0 1 3 3
2354.7 -750.8 7.7 22 0 10.5 9.4 5.0 2.5 2 0 2 4 4
2344.1 -728.5 7.7 23 0 11.0 12.9 5.0 2.5 2 0 2 3 3
2347.2 -712.9 7.7 23 0 11.4 9.8 5.0 2.5 2 0 2 4 4
2357.0 -692.8 7.7 23 0 6.5 11.3 5.0 2.5 4 0 2 4 4
2369.7 -650.1 7.7 293 0 11.5 10.2 2.5 2.5 2 0 1 5 5
2393.4 -643.8 7.8 292 0 9.5 11.8 5.0 0.0 0 1 2 3 3
2361.8 -819.1 7.8 112 0 12.3 10.3 2.5 2.5 2 0 1 4 4
2360.7 -793.8 7.7 203 0 10.6 12.5 5.0 2.5 2 1 2 0 0
2368.7 -776.9 7.7 204 0 11.1 12.0 5.0 2.5 4 1 2 2 2
2395.5 -767.8 7.7 203 0 6.8 9.7 5.0 2.5 2 1 2 5 5
2394.5 -728.8 7.7 203 0 10.5 9.3 2.5 2.5 2 0 1 4 4
2395.9 -711.1 7.7 202 0 11.4 14.6 2.5 2.5 2 1 1 4 4
2404.2 -694.2 7.7 204 0 11.2 12.3 5.0 0.0 0 1 2 5 5
2412.5 -678.0 7.7 204 0 11.3 11.0 5.0 2.5 4 0 2 0 0
2428.4 -659.9 7.7 294 0 11.1 11.2 5.0 2.5 2 1 2 0 0
2403.4 -836.6 7.8 113 0 9.2 10.1 5.0 2.5 2 1 2 1 1
2416.0 -817.5 7.8 25 0 12.7 10.2 5.0 2.5 2 0 2 5 5
2434.2 -785.8 7.8 23 0 10.2 12.7 2.5 2.5 2 1 1 5 5
2445.3 -749.6 7.7 21 0 10.6 11.3 5.0 2.5 2 1 2 2 2
2455.1 -735.5 7.7 24 0 9.7 11.4 5.0 2.5 2 1 2 1 1
2462.4 -719.6 7.7 23 0 10.5 14.7 5.0 2.5 2 1 2 5 5
2469.0 -701.8 7.7 25 0 9.1 10.3 2.5 2.5 2 1 1 4 4
2469.5 -677.8 7.7 293 0 11.1 10.4 2.5 2.5 2 0 1 0 0
2440.1 -852.7 7.7 113 0 16.5 12.4 5.0 2.5 2 0 2 4 4
2446.9 -809.0 7.8 204 0 9.6 11.7 5.0 0.0 0 1 2 5 5
2454.6 -793.2 7.8 204 0 10.0 10.2 5.0 2.5 4 1 2 5 5
2466.0 -778.8 7.7 203 0 9.7 9.7 5.0 2.5 2 1 2 5 5
2473.3 -762.2 7.7 202 0 8.7 9.2 2.5 2.5 4 1 1 3 3
2475.3 -744.2 7.7 204 0 10.4 10.1 5.0 2.5 2 0 2 2 2
2482.9 -728.2 7.7 203 0 11.4 10.6 5.0 2.5 2 0 2 3 3
2515.8 -712.9 7.7 295 0 9.2 14.8 5.0 2.5 2 1 2 0 0
2506.9 -694.2 7.7 292 0 10.9 9.6 2.5 2.5 2 0 1 0 0
2481.7 -869.1 7.5 114 0 9.1 9.5 2.5 2.5 2 1 1 0 0
2496.1 -850.4 7.7 24 0 11.2 9.9 5.0 2.5 2 0 2 2 2
2505.5 -834.0 7.9 25 0 9.8 9.6 2.5 2.5 4 0 1 1 1
2511.8 -820.5 7.8 22 0 5.7 10.3 5.0 2.5 2 1 2 4 4
2516.1 -800.2 7.8 24 0 10.3 10.6 5.0 2.5 2 1 2 5 5
2532.9 -767.4 7.7 22 0 9.0 9.1 5.0 2.5 2 1 2 4 4
2539.0 -751.5 7.6 24 0 10.1 10.3 5.0 2.5 2 1 2 4 4
2544.8 -735.5 7.6 21 0 9.3 10.0 5.0 2.5 2 1 2 4 4
2548.0 -711.9 7.6 294 0 10.9 10.0 5.0 2.5 2 0 2 5 5
2299.1 -676.2 7.6 23 0 12.2 15.6 14.0 2.5 4 1 4 4 4
2246.1 -799.7 7.4 293 0 10.3 13.5 5.0 2.5 2 1 2 1 1
2262.7 -806.6 7.4 294 0 11.5 11.3 5.0 2.5 2 0 2 3 3
2284.0 -822.3 7.5 23 0 10.5 12.7 5.0 2.5 2 1 2 2 2
2374.2 -603.7 7.8 112 0 14.2 11.5 5.0 2.5 2 0 2 3 3
2410.9 -613.3 7.8 22 0 11.0 11.4 5.0 2.5 2 1 2 3 3
2469.8 -404.8 7.1 206 0 10.9 9.7 5.0 0.0 0 0 2 5 5
2492.6 -409.1 7.1 294 0 9.0 10.8 2.5 2.5 4 1 1 4 4
2526.3 -421.7 7.0 293 0 10.5 12.8 2.5 2.5 2 1 1 5 5
2541.4 -429.7 7.0 292 0 10.7 10.6 5.0 2.5 2 0 2 4 4
2575.1 -510.6 6.7 114 0 9.8 12.0 5.0 2.5 2 1 2 1 1
2624.9 -532.6 6.7 113 0 9.7 9.7 5.0 0.0 0 1 2 2 2
2640.4 -539.2 6.7 114 0 10.2 9.4 5.0 0.0 0 0 2 0 0
2657.4 -546.7 6.7 112 0 10.1 12.9 5.0 2.5 2 1 2 3 3
2683.2 -548.5 6.7 24 0 18.6 10.5 2.5 2.5 2 0 1 0 0
2703.1 -492.0 6.4 294 0 9.0 9.7 5.0 0.0 0 1 2 2 2
2670.1 -477.3 6.5 294 0 9.2 9.8 2.5 2.5 2 1 1 3 3
2638.5 -463.0 6.5 294 0 7.5 11.9 2.5 2.5 2 1 1 0 0
1782.9 -1133.0 5.1 110 0 27.5 61.8 10.0 0.0 0 1 4 0 0
2424.1 -757.5 7.7 24 0 6.6 12.4 2.5 2.5 4 0 1 5 5
2304.4 -7086.7 -9.0 55 0 6.5 13.0 2.5 2.5 2 1 1 1 1
2507.6 -7776.3 -5.1 52 0 19.4 7.3 7.5 2.5 2 0 3 2 2
2440.7 -7806.5 -5.0 225 0 18.4 7.9 7.5 2.5 2 0 3 2 2
3101.9 -7286.6 -8.2 138 0 8.5 31.7 7.5 2.5 2 1 3 2 2
2302.9 -7924.9 -3.1 313 0 11.1 6.2 7.5 2.5 2 0 3 3 3
2265.1 -8026.3 -3.5 226 0 10.3 9.6 2.5 0.0 0 0 1 1 1
3324.8 -7106.6 -8.4 315 0 10.6 31.4 12.5 2.5 2 1 5 4 4
2342.0 -7028.6 -9.4 234 0 7.3 8.0 5.0 2.5 2 1 2 3 3
2493.3 -6890.4 -9.5 230 0 11.1 11.9 2.5 2.5 2 1 1 2 2
3155.6 -7280.2 -8.1 50 0 12.7 21.6 15.0 0.0 0 1 6 3 3
2376.6 -7864.1 -4.2 232 0 18.1 8.7 5.0 2.5 2 0 2 0 0
2468.0 -8010.5 -0.6 219 0 12.5 33.2 15.0 0.0 0 1 6 3 3
2579.2 -8000.4 -0.8 130 0 30.6 11.7 7.5 2.5 2 0 3 5 5
3333.4 -7156.4 -8.3 48 0 6.9 26.8 5.0 2.5 2 1 2 5 5
2403.6 -7020.8 -10.1 56 0 21.4 9.1 7.5 2.5 2 0 3 3 3
2884.0 -7461.3 -7.0 222 0 47.9 7.9 7.5 2.5 2 0 3 2 2
2366.8 -7003.1 -9.9 233 0 10.4 23.1 7.5 2.5 2 1 3 0 0
2929.0 -7479.4 -6.7 44 0 7.8 21.5 5.0 2.5 2 1 2 2 2
3387.1 -7069.6 -8.0 222 0 10.5 5.7 2.5 2.5 2 0 1 0 0
3468.2 -7022.0 -7.6 320 0 6.3 21.3 7.5 2.5 4 1 3 5 5
2017.2 -7055.6 -8.0 98 0 8.8 13.0 5.0 2.5 2 1 2 0 0
2880.2 -7507.4 -6.5 50 0 13.6 10.0 5.0 2.5 2 0 2 0 0
3420.0 -7041.0 -7.8 217 0 20.0 6.8 5.0 2.5 2 0 2 2 2
2520.4 -7949.8 -2.1 131 0 27.5 9.5 7.5 2.5 2 0 3 5 5
3408.9 -7143.4 -7.4 219 0 5.9 16.5 2.5 2.5 2 1 1 0 0
2740.5 -7731.3 -4.6 315 0 13.7 23.5 7.5 2.5 2 1 3 5 5
2110.0 -7064.3 -8.5 3 0 20.3 8.4 7.5 2.5 2 0 3 1 1
2092.9 -7041.6 -8.0 272 0 17.4 7.8 7.5 0.0 0 0 3 5 5
2475.6 -7911.4 -3.0 130 0 13.2 10.0 7.5 2.5 2 0 3 1 1
3397.0 -7108.5 -7.8 45 0 10.4 10.3 5.0 2.5 2 0 2 4 4
3444.3 -7046.5 -7.7 32 0 5.3 9.1 2.5 2.5 2 1 1 1 1
2051.4 -7054.9 -8.1 8 0 10.5 8.3 7.5 2.5 2 0 3 4 4
2411.8 -7906.9 -3.1 225 0 11.4 31.6 7.5 0.0 0 1 3 1 1
2453.9 -7901.5 -3.2 137 0 7.6 9.3 7.5 2.5 2 1 3 2 2
3479.4 -7047.1 -7.4 50 0 11.0 10.0 7.5 2.5 2 0 3 4 4
3502.8 -7031.9 -7.2 46 0 12.4 8.7 7.5 2.5 2 0 3 3 3
2692.1 -7734.4 -4.9 132 0 24.1 9.7 2.5 2.5 2 0 1 3 3
2478.3 -7819.2 -5.0 44 0 11.2 26.9 7.5 2.5 2 1 3 1 1
2706.8 -7648.2 -5.9 48 0 7.6 25.6 5.0 2.5 2 1 2 3 3
2383.1 -7899.6 -3.9 48 0 8.3 24.9 5.0 2.5 2 1 2 5 5
2411.1 -7883.3 -3.9 47 0 11.2 13.2 2.5 2.5 2 1 1 1 1
2728.1 -7636.8 -5.7 55 0 13.8 8.2 2.5 2.5 2 0 1 1 1
2778.4 -7593.7 -6.0 47 0 10.3 11.0 5.0 2.5 2 1 2 5 5
3341.4 -7120.1 -8.2 308 0 8.9 7.1 7.5 0.0 0 0 3 5 5
2290.6 -7921.0 -3.3 318 0 8.9 29.5 7.5 2.5 2 1 3 3 3
3387.9 -7142.6 -7.6 222 0 11.4 10.4 5.0 0.0 0 0 2 3 3
2290.8 -7965.5 -2.7 44 0 6.9 23.0 7.5 2.5 2 1 3 0 0
2546.9 -7752.1 -5.3 39 0 6.3 14.2 5.0 2.5 2 1 2 5 5
2071.4 -7064.4 -8.4 181 0 11.2 9.2 5.0 2.5 2 0 2 4 4
3350.0 -7145.7 -8.0 45 0 13.1 10.7 7.5 2.5 2 0 3 1 1
3454.3 -7065.4 -7.5 46 0 12.7 9.5 5.0 2.5 2 0 2 3 3
2791.9 -7576.6 -6.2 47 0 7.3 17.6 7.5 2.5 2 1 3 4 4
3419.5 -7084.8 -7.9 48 0 6.9 23.4 2.5 2.5 2 1 1 3 3
2385.5 -6975.1 -10.1 327 0 8.4 12.0 2.5 2.5 2 1 1 3 3
3440.3 -7070.5 -7.7 36 0 7.6 14.9 5.0 2.5 2 1 2 0 0
2553.1 -7770.0 -5.0 39 0 12.5 8.9 7.5 2.5 2 0 3 5 5
2394.2 -6986.6 -10.2 327 0 5.9 3.4 5.0 2.5 2 0 2 1 1
2510.1 -7692.0 -5.9 219 0 6.1 24.4 7.5 0.0 0 1 3 1 1
3147.0 -7307.7 -7.7 54 0 15.1 12.2 7.5 2.5 2 0 3 2 2
2023.7 -8147.9 -4.0 219 0 7.5 19.6 2.5 2.5 2 1 1 5 5
2714.5 -7601.6 -6.1 233 0 16.7 13.2 7.5 2.5 2 0 3 0 0
2066.4 -7194.9 -10.1 201 0 6.0 14.2 7.5 2.5 2 1 3 4 4
2461.8 -7844.3 -4.6 47 0 14.1 11.4 7.5 2.5 2 0 3 0 0
2052.9 -7222.2 -10.3 199 0 5.8 12.7 2.5 2.5 4 1 1 4 4
2426.6 -7818.2 -4.9 229 0 10.4 9.4 7.5 2.5 2 0 3 1 1
2509.7 -7738.7 -5.4 223 0 18.3 9.4 2.5 2.5 4 0 1 2 2
2062.6 -8151.1 -3.7 49 0 14.2 10.3 5.0 2.5 2 0 2 2 2
2467.8 -6953.3 -10.2 52 0 16.2 6.7 7.5 2.5 2 0 3 1 1
2088.4 -7217.4 -10.4 19 0 13.3 9.3 5.0 2.5 2 0 2 3 3
2280.9 -7068.9 -8.8 236 0 11.1 9.9 5.0 2.5 2 0 2 0 0
2509.8 -7805.8 -4.8 50 0 10.3 12.5 7.5 2.5 2 1 3 2 2
2317.5 -7943.3 -3.0 43 0 9.8 17.7 7.5 2.5 4 0 3 5 5
1725.9 -8377.1 -1.7 226 0 6.6 16.5 7.5 2.5 2 1 3 3 3
1755.1 -8394.1 -1.3 49 0 14.9 9.6 7.5 2.5 2 0 3 4 4
3620.5 -7897.8 1.1 42 0 9.3 7.6 7.5 2.5 2 0 3 5 5
3406.1 -8232.0 6.8 313 0 12.0 30.9 7.5 2.5 2 1 3 2 2
3543.5 -8008.8 3.4 221 0 9.9 24.5 5.0 2.5 2 1 2 4 4
3414.4 -8148.9 5.9 133 0 10.2 11.0 2.5 2.5 2 1 1 3 3
4129.3 -7598.6 1.2 315 0 5.6 9.3 5.0 2.5 2 1 2 4 4
3723.3 -7837.2 0.8 218 0 10.4 8.5 5.0 2.5 2 0 2 3 3
3667.8 -7878.6 1.0 222 0 11.9 9.3 7.5 0.0 0 0 3 4 4
3354.9 -8227.5 6.8 132 0 7.6 12.8 7.5 2.5 2 1 3 0 0
3447.1 -8158.5 6.3 311 0 11.2 15.3 2.5 2.5 2 1 1 2 2
3960.7 -7655.4 -0.0 311 0 8.9 11.4 5.0 2.5 2 1 2 2 2
3711.0 -7823.6 0.6 223 0 16.6 10.0 5.0 2.5 2 0 2 3 3
3581.0 -8023.5 3.7 41 0 16.3 8.6 5.0 2.5 2 0 2 4 4
3750.8 -7839.6 0.8 42 0 19.4 9.1 5.0 2.5 2 0 2 1 1
3783.0 -7753.2 0.2 221 0 7.8 23.5 7.5 2.5 2 1 3 5 5
3140.5 -8466.8 7.8 129 0 11.5 12.7 5.0 2.5 2 1 2 5 5
3734.1 -7802.2 0.5 225 0 9.6 18.9 5.0 2.5 4 1 2 2 2
3366.4 -8244.2 6.9 130 0 16.3 6.4 5.0 2.5 2 0 2 4 4
3570.0 -7981.7 2.9 220 0 10.9 13.8 7.5 2.5 2 1 3 4 4
3500.9 -8053.8 4.3 223 0 10.9 8.4 2.5 0.0 0 0 1 0 0
3768.7 -7776.6 0.4 221 0 11.5 9.9 7.5 2.5 2 0 3 5 5
2788.4 -6395.5 -10.3 88 0 12.8 6.2 2.5 2.5 2 0 1 1 1
356.6 -8304.8 2.8 49 0 11.3 14.6 5.0 2.5 2 1 2 2 2
1504.5 -7305.1 -6.0 236 0 5.7 11.3 2.5 2.5 2 1 1 0 0
2129.4 -6619.8 -5.8 7 0 11.1 8.5 2.5 2.5 4 0 1 1 1
2102.1 -6804.7 -6.3 7 0 12.0 9.2 5.0 2.5 2 0 2 2 2
2503.5 -6069.3 -2.9 13 0 11.3 3.8 5.0 2.5 2 0 2 0 0
1573.6 -7370.5 -7.2 226 0 6.6 14.5 5.0 2.5 2 1 2 1 1
2076.9 -6793.8 -6.0 99 0 6.0 11.5 2.5 2.5 2 1 1 2 2
1389.3 -7458.7 -5.5 142 0 11.8 14.4 5.0 2.5 2 1 2 5 5
523.2 -8123.7 1.6 227 0 14.5 11.6 5.0 2.5 2 0 2 1 1
2804.9 -6375.2 -10.2 359 0 11.7 5.7 7.5 2.5 2 0 3 4 4
2488.2 -6086.7 -3.0 101 0 10.1 7.8 5.0 0.0 0 0 2 3 3
1620.4 -5898.0 6.9 91 0 10.2 11.9 5.0 0.0 0 1 2 3 3
2619.8 -6184.6 -5.9 81 0 10.4 18.3 5.0 2.5 2 1 2 4 4
660.7 -7950.3 1.4 315 0 9.8 7.8 7.5 2.5 4 0 3 1 1
602.9 -8119.0 0.7 51 0 9.0 15.4 5.0 2.5 2 1 2 4 4
1984.5 -5996.4 3.5 94 0 10.2 7.5 5.0 2.5 4 0 2 3 3
1053.0 -7731.5 -2.9 137 0 13.3 8.8 5.0 2.5 2 0 2 3 3
394.3 -8381.5 0.7 296 0 11.2 8.6 5.0 2.5 2 0 2 1 1
381.0 -8158.1 3.5 138 0 15.3 9.1 7.5 2.5 2 0 3 3 3
2360.5 -6071.7 -1.5 101 0 10.1 12.2 10.0 0.0 0 1 4 5 5
1137.6 -7652.1 -3.5 140 0 9.7 11.3 7.5 2.5 4 1 3 4 4
448.5 -8450.2 -1.4 113 0 10.7 15.5 7.5 0.0 0 1 3 5 5
1183.3 -7607.1 -3.8 229 0 12.2 9.7 7.5 2.5 2 0 3 5 5
1180.2 -7480.7 -3.1 138 0 10.6 7.2 7.5 2.5 2 0 3 1 1
2786.3 -6364.0 -10.0 265 0 13.2 5.8 5.0 2.5 2 0 2 4 4
563.5 -8159.8 1.2 47 0 25.6 11.3 7.5 2.5 2 0 3 1 1
927.6 -7860.5 -1.5 45 0 15.5 6.6 5.0 2.5 2 0 2 3 3
501.9 -8476.7 -2.4 115 0 11.5 12.9 2.5 0.0 0 1 1 2 2
646.3 -7967.2 1.4 46 0 6.6 10.0 7.5 2.5 2 1 3 1 1
1983.8 -5944.2 4.1 280 0 22.8 11.2 10.0 2.5 2 0 4 1 1
483.8 -8468.0 -2.2 116 0 11.3 11.3 5.0 2.5 2 0 2 2 2
546.3 -8127.0 1.3 223 0 7.4 12.2 7.5 2.5 2 1 3 3 3
365.8 -8404.3 0.5 112 0 11.6 10.4 10.0 2.5 2 0 4 4 4
1473.4 -7425.8 -6.1 51 0 7.6 17.9 2.5 2.5 2 1 1 0 0
2129.1 -6240.9 -2.1 190 0 17.9 8.7 5.0 2.5 2 0 2 2 2
1461.4 -7389.7 -6.0 231 0 13.1 11.4 5.0 2.5 2 0 2 0 0
322.1 -8332.1 2.2 7 0 14.0 12.5 2.5 2.5 2 0 1 3 3
2933.0 -6576.3 -11.1 223 0 8.6 17.6 5.0 2.5 4 1 2 1 1
286.2 -8315.3 2.1 186 0 19.0 14.0 7.5 2.5 2 0 3 1 1
889.4 -7841.4 -1.2 229 0 13.5 12.0 2.5 2.5 2 0 1 3 3
415.9 -8433.2 -0.6 109 0 13.8 9.8 7.5 2.5 2 0 3 4 4
2113.3 -6305.1 -3.2 190 0 9.3 36.2 7.5 2.5 2 1 3 4 4
409.0 -8394.6 0.1 293 0 12.7 17.9 2.5 2.5 2 1 1 5 5
1358.6 -7377.6 -4.7 239 0 6.4 13.2 7.5 2.5 2 1 3 3 3
1756.3 -7383.3 -8.3 54 0 3.6 16.6 5.0 2.5 2 1 2 3 3
386.8 -8274.9 3.0 317 0 20.0 9.5 7.5 2.5 2 0 3 5 5
825.2 -7792.0 -0.6 133 0 11.8 13.4 5.0 2.5 4 1 2 3 3
515.1 -8148.2 1.7 228 0 13.4 30.2 7.5 2.5 2 1 3 3 3
683.1 -6045.9 7.9 108 0 10.3 15.8 10.0 2.5 2 1 4 5 5
1583.8 -5878.6 7.0 272 0 9.9 21.3 7.5 2.5 4 1 3 3 3
2122.0 -6375.7 -4.2 186 0 7.7 17.0 2.5 2.5 4 1 1 3 3
1082.7 -7718.7 -3.0 45 0 6.9 15.6 7.5 2.5 2 1 3 1 1
2635.8 -6188.7 -6.1 82 0 9.9 5.8 5.0 2.5 2 0 2 0 0
2116.9 -6281.5 -2.6 192 0 12.8 9.0 7.5 2.5 2 0 3 4 4
1071.5 -7606.1 -2.4 43 0 7.9 4.8 7.5 2.5 2 0 3 0 0
457.8 -8422.3 -0.9 294 0 12.5 8.4 7.5 2.5 2 0 3 1 1
379.8 -8409.6 0.3 115 0 12.5 10.4 5.0 2.5 2 0 2 2 2
481.0 -8198.3 2.4 137 0 15.1 10.7 7.5 2.5 2 0 3 0 0
799.6 -7930.9 0.1 232 0 10.1 13.3 5.0 2.5 2 1 2 2 2
2092.4 -6592.3 -5.6 187 0 11.0 21.8 7.5 2.5 4 1 3 1 1
849.8 -7769.2 -0.7 318 0 16.8 7.6 7.5 2.5 2 0 3 4 4
430.9 -8441.7 -1.0 113 0 10.6 12.2 5.0 2.5 2 1 2 2 2
1216.5 -7598.9 -4.1 319 0 24.4 8.3 2.5 2.5 2 0 1 1 1
2138.6 -6489.5 -5.6 281 0 9.3 11.9 5.0 2.5 2 1 2 3 3
919.6 -7832.7 -1.5 317 0 13.8 5.9 2.5 2.5 2 0 1 4 4
489.3 -8450.6 -1.8 114 0 13.0 9.6 5.0 2.5 2 0 2 5 5
1593.7 -5780.0 8.1 266 0 13.9 6.4 5.0 2.5 2 0 2 3 3
620.8 -8067.2 0.4 321 0 25.2 13.5 7.5 2.5 2 0 3 4 4
466.6 -8461.7 -1.9 115 0 15.4 16.6 10.0 2.5 4 1 4 4 4
1581.2 -5796.0 7.9 177 0 10.8 7.0 5.0 2.5 2 0 2 0 0
1427.1 -7482.9 -6.0 137 0 7.7 17.1 5.0 2.5 2 1 2 4 4
2148.2 -6403.1 -4.7 97 0 9.9 14.6 2.5 2.5 2 1 1 0 0
328.5 -8413.2 0.6 97 0 12.3 24.1 7.5 2.5 2 1 3 2 2
2009.2 -5984.3 3.5 98 0 6.6 16.8 7.5 2.5 2 1 3 4 4
1457.2 -7443.0 -6.0 49 0 12.6 6.6 2.5 2.5 2 0 1 2 2
426.7 -8393.7 0.0 295 0 9.1 18.3 7.5 2.5 2 1 3 4 4
744.2 -7857.1 0.6 135 0 7.6 6.8 5.0 2.5 2 0 2 0 0
2162.2 -6295.4 -3.2 9 0 19.1 11.7 7.5 2.5 2 0 3 5 5
1042.6 -7579.7 -2.1 232 0 16.3 8.1 7.5 0.0 0 0 3 3 3
2105.0 -6751.5 -5.7 7 0 9.5 8.9 2.5 2.5 2 0 1 4 4
378.2 -8123.3 3.5 319 0 10.6 18.2 10.0 2.5 2 1 4 1 1
1059.0 -7611.6 -2.3 48 0 9.5 15.0 5.0 2.5 2 1 2 3 3
2102.5 -6540.6 -5.5 188 0 6.2 18.5 5.0 2.5 2 1 2 0 0
832.0 -7932.2 -0.1 318 0 6.1 15.9 5.0 2.5 2 1 2 5 5
2081.0 -6622.0 -5.4 99 0 9.7 19.0 5.0 2.5 4 1 2 5 5
510.6 -8460.2 -2.2 114 0 11.5 15.6 5.0 2.5 2 1 2 1 1
1553.5 -7380.9 -7.0 228 0 8.5 11.0 5.0 2.5 2 1 2 2 2
2076.4 -6746.6 -5.6 278 0 5.7 11.6 5.0 2.5 2 1 2 0 0
738.8 -7839.6 0.5 138 0 5.2 13.3 7.5 2.5 2 1 3 3 3
1154.6 -7662.8 -3.6 51 0 11.7 5.2 5.0 2.5 2 0 2 2 2
2164.9 -6244.9 -2.5 280 0 10.2 10.9 5.0 2.5 2 1 2 2 2
2476.7 -6041.7 -2.5 195 0 11.0 23.9 7.5 2.5 4 1 3 0 0
1634.1 -7308.2 -7.5 65 0 6.1 11.5 7.5 0.0 0 1 3 3 3
2651.3 -6165.9 -6.1 262 0 9.4 11.1 5.0 2.5 4 1 2 0 0
310.9 -8202.5 3.6 230 0 21.6 24.1 12.5 2.5 2 1 5 1 1
578.9 -8077.7 0.7 229 0 15.0 11.0 2.5 2.5 2 0 1 1 1
1199.2 -7462.0 -3.2 321 0 13.6 6.9 2.5 2.5 4 0 1 5 5
1612.1 -7307.6 -7.2 67 0 6.4 9.2 5.0 2.5 2 1 2 4 4
1742.4 -7345.9 -8.0 230 0 13.2 9.4 5.0 2.5 2 0 2 5 5
1316.2 -7523.6 -4.9 137 0 13.1 9.4 7.5 2.5 2 0 3 2 2
766.3 -7846.3 0.3 46 0 5.5 10.5 7.5 2.5 2 1 3 5 5
1494.8 -7342.8 -6.0 60 0 14.3 10.7 5.0 2.5 2 0 2 4 4
2158.8 -6229.9 -2.0 12 0 7.3 19.4 2.5 2.5 2 1 1 5 5
1069.8 -7587.3 -2.4 320 0 14.5 5.9 7.5 2.5 4 0 3 3 3
1441.9 -7411.0 -5.8 228 0 14.3 10.9 10.0 2.5 2 0 4 1 1
2124.7 -6558.5 -5.6 7 0 6.6 6.1 5.0 0.0 0 0 2 4 4
2393.2 -6077.7 -1.9 99 0 5.6 26.6 5.0 0.0 0 1 2 1 1
1349.4 -7407.5 -4.8 145 0 9.6 12.2 7.5 0.0 0 1 3 1 1
1579.1 -5808.1 7.8 178 0 13.2 9.5 5.0 2.5 2 0 2 1 1
961.8 1601.6 -0.8 269 0 8.6 19.9 5.0 0.0 0 1 2 0 0
1949.2 -1127.7 4.9 20 0 11.3 5.2 7.5 2.5 2 0 3 4 4
1966.3 -1119.9 5.0 202 0 11.7 11.5 5.0 2.5 2 0 2 2 2
1845.1 -1142.1 4.9 110 0 9.0 44.8 7.5 2.5 2 1 3 4 4
1851.7 -1297.2 5.2 109 0 9.5 17.1 7.5 2.5 2 1 3 2 2
1839.0 -1282.8 5.2 199 0 19.5 6.3 7.5 2.5 2 0 3 4 4
2851.5 1170.1 6.0 204 0 7.3 16.2 5.0 2.5 2 1 2 4 4
2954.8 1547.2 7.3 113 0 9.9 8.7 5.0 2.5 2 0 2 1 1
3148.8 1745.4 6.7 113 0 11.0 35.0 7.5 2.5 2 0 3 2 2
3120.0 1760.6 7.1 203 0 5.2 27.0 5.0 2.5 2 0 2 5 5
3104.8 1808.5 7.0 23 0 6.9 23.1 5.0 2.5 4 1 2 2 2
3124.7 1797.9 6.7 202 0 9.0 31.1 7.5 2.5 2 1 3 2 2
3031.9 1623.9 8.0 204 0 8.1 35.4 7.5 2.5 2 1 3 4 4
2988.5 1609.3 7.4 22 0 11.8 27.4 7.5 2.5 2 1 3 2 2
2927.1 1382.7 6.9 203 0 7.8 25.0 7.5 2.5 2 1 3 4 4
2891.8 1192.2 6.1 293 0 11.3 40.0 7.5 2.5 2 1 3 5 5
2890.2 1200.6 6.2 24 0 7.2 21.0 2.5 0.0 0 1 1 0 0
2878.7 1277.9 6.6 201 0 9.0 54.1 7.5 2.5 2 1 3 1 1
2854.8 1224.4 6.3 205 0 9.6 17.9 7.5 2.5 2 1 3 3 3
2811.8 1209.4 5.7 25 0 11.0 25.0 12.5 2.5 2 1 5 0 0
2812.4 1005.2 6.7 23 0 20.5 8.8 5.0 0.0 0 0 2 2 2
2767.1 917.1 7.0 112 0 9.7 20.6 5.0 2.5 2 1 2 5 5
2709.4 892.8 6.7 203 0 14.5 9.8 7.5 2.5 2 0 3 1 1
2790.5 1156.1 5.5 22 0 11.9 6.1 7.5 2.5 2 0 3 5 5
2851.4 1097.1 6.3 24 0 31.8 9.8 7.5 2.5 2 0 3 1 1
2813.6 1090.1 6.1 203 0 11.2 31.7 10.0 2.5 2 0 4 1 1
2774.1 1045.9 6.1 203 0 7.4 21.1 5.0 2.5 2 1 2 1 1
2693.1 862.7 6.6 202 0 7.2 28.4 7.5 0.0 0 1 3 5 5
2723.9 931.0 6.6 205 0 7.8 18.3 7.5 0.0 0 1 3 2 2
2651.3 849.1 6.2 24 0 11.4 24.2 7.5 2.5 2 1 3 1 1
2664.1 834.5 6.3 24 0 17.9 9.2 5.0 2.5 2 0 2 5 5
2705.5 940.0 5.9 23 0 8.1 11.0 7.5 2.5 2 1 3 3 3
2736.6 1021.2 5.8 24 0 13.2 13.7 5.0 0.0 0 1 2 3 3
2763.3 1014.3 6.2 204 0 12.9 8.2 5.0 2.5 2 0 2 1 1
2829.5 1135.1 5.9 205 0 10.4 10.6 5.0 2.5 2 1 2 4 4
2814.4 1187.3 5.7 23 0 16.2 10.1 5.0 2.5 2 0 2 5 5
2910.3 1319.0 6.8 204 0 15.1 10.1 5.0 0.0 0 0 2 2 2
2959.1 1434.1 7.4 202 0 14.8 11.9 5.0 2.5 2 0 2 5 5
2974.1 1551.2 7.4 23 0 10.4 5.3 5.0 2.5 2 0 2 3 3
3018.4 1629.5 7.9 23 0 10.8 6.3 7.5 2.5 2 0 3 3 3
3106.5 1760.7 7.2 204 0 10.1 10.3 2.5 2.5 2 1 1 3 3
3098.2 1849.2 6.6 204 0 13.0 10.9 5.0 2.5 2 0 2 0 0
2302.5 377.3 4.2 111 0 10.4 7.5 5.0 2.5 2 0 2 5 5
2296.6 397.6 4.2 112 0 19.5 4.7 7.5 2.5 2 0 3 0 0
2269.3 428.2 3.9 206 0 32.9 11.7 7.5 2.5 2 0 3 3 3
2314.6 421.1 4.4 22 0 6.2 19.7 2.5 2.5 2 1 1 4 4
2357.1 167.6 3.2 201 0 15.1 4.8 5.0 2.5 4 0 2 5 5
2354.6 144.9 3.1 112 0 12.0 7.0 5.0 2.5 2 0 2 2 2
2315.6 66.0 2.2 291 0 10.7 14.4 7.5 2.5 2 1 3 5 5
2633.8 686.8 5.6 202 0 4.5 17.4 5.0 2.5 2 1 2 2 2
2647.0 655.6 5.4 111 0 9.5 14.2 7.5 2.5 2 1 3 3 3
2645.3 741.5 6.4 205 0 10.1 24.4 5.0 2.5 2 1 2 3 3
2628.7 700.6 5.8 204 0 13.8 12.2 5.0 2.5 2 0 2 2 2
2592.4 530.2 6.6 112 0 8.8 22.9 5.0 0.0 0 1 2 4 4
2568.8 515.7 6.9 25 0 6.3 8.9 5.0 2.5 2 0 2 0 0
2540.8 502.4 6.8 205 0 19.4 9.1 7.5 2.5 2 0 3 5 5
2491.6 526.0 6.5 17 0 5.3 14.5 5.0 2.5 4 1 2 0 0
2491.7 476.5 6.4 24 0 11.0 44.1 10.0 2.5 2 1 4 5 5
2526.4 556.7 6.5 20 0 10.9 32.3 10.0 0.0 0 0 4 3 3
2611.1 571.2 6.3 291 0 28.7 14.8 15.0 0.0 0 0 6 5 5
2558.0 554.8 6.8 205 0 13.4 8.9 7.5 2.5 2 0 3 5 5
2440.6 275.4 4.6 198 0 9.5 6.5 2.5 2.5 2 0 1 5 5
2469.9 353.4 5.5 202 0 11.3 9.5 5.0 2.5 2 0 2 2 2
2486.3 395.1 6.3 201 0 10.1 6.7 7.5 2.5 4 0 3 0 0
2507.7 511.5 6.5 23 0 9.5 11.9 7.5 0.0 0 1 3 4 4
2459.0 393.7 5.8 24 0 19.7 9.0 7.5 2.5 4 0 3 3 3
2426.2 305.6 4.6 23 0 11.2 7.6 7.5 2.5 2 0 3 1 1
2323.1 397.9 4.4 20 0 13.2 9.1 7.5 2.5 2 0 3 3 3
2314.2 366.9 4.3 112 0 7.2 11.5 7.5 2.5 2 1 3 1 1
2366.7 339.6 4.4 120 0 8.9 14.6 7.5 0.0 0 1 3 3 3
2373.0 317.2 4.2 163 0 22.9 9.2 5.0 0.0 0 0 2 2 2
2380.9 184.2 3.5 19 0 8.5 11.0 5.0 2.5 4 1 2 2 2
2392.2 152.6 3.3 6 0 10.8 6.6 5.0 2.5 2 0 2 2 2
2433.3 199.2 3.9 292 0 12.5 6.8 5.0 2.5 2 0 2 2 2
2826.1 15.5 6.4 201 0 8.8 14.1 7.5 2.5 2 1 3 4 4
2846.7 9.5 6.4 291 0 10.1 7.1 5.0 2.5 2 0 2 4 4
2810.5 -19.1 5.9 207 0 9.9 7.4 5.0 2.5 2 0 2 1 1
2842.7 -36.6 5.7 23 0 15.1 6.4 5.0 2.5 2 0 2 4 4
2865.0 15.8 6.4 291 0 12.0 13.9 7.5 2.5 4 1 3 3 3
3648.1 31.4 7.1 294 0 5.1 19.1 7.5 2.5 2 1 3 2 2
3315.0 7.5 6.7 205 0 7.0 19.2 2.5 2.5 2 1 1 5 5
3293.2 -5.1 6.6 203 0 10.9 8.9 5.0 2.5 2 0 2 0 0
2992.8 326.3 6.6 293 0 18.7 6.1 5.0 2.5 2 0 2 0 0
3154.9 274.5 9.5 112 0 10.5 5.3 2.5 2.5 2 0 1 0 0
3085.5 258.9 8.6 206 0 10.9 9.5 7.5 2.5 2 0 3 5 5
3124.9 305.8 8.9 206 0 10.4 8.0 5.0 2.5 2 0 2 3 3
3139.0 317.9 10.0 207 0 5.1 15.3 2.5 2.5 2 1 1 0 0
3177.2 300.4 9.5 292 0 11.3 32.3 10.0 2.5 2 0 4 0 0
2517.0 -164.3 4.6 206 0 13.5 15.0 7.5 2.5 2 1 3 1 1
2547.1 -114.3 4.1 296 0 31.7 9.0 7.5 2.5 2 0 3 3 3
2561.5 -144.2 4.6 26 0 41.3 10.2 7.5 2.5 2 0 3 3 3
2559.4 -216.6 5.4 209 0 12.3 33.1 5.0 2.5 2 0 2 0 0
2579.8 -247.8 5.7 29 0 22.4 12.8 7.5 2.5 2 0 3 3 3
2544.0 -256.4 5.9 210 0 7.8 18.3 2.5 2.5 2 1 1 1 1
2524.9 -251.1 5.8 207 0 10.0 9.5 2.5 2.5 2 0 1 5 5
2531.0 -307.5 6.5 112 0 22.1 8.8 5.0 2.5 2 0 2 1 1
2502.9 -289.9 6.7 207 0 11.1 12.2 2.5 2.5 2 1 1 5 5
2439.1 -317.5 7.1 25 0 11.5 9.6 5.0 2.5 2 0 2 2 2
2392.7 -344.9 7.3 204 0 5.0 9.5 7.5 2.5 2 1 3 1 1
2423.0 -344.8 7.2 26 0 9.4 8.9 7.5 0.0 0 0 3 2 2
2412.4 -366.4 7.3 26 0 10.3 9.5 7.5 2.5 2 0 3 0 0
2032.4 -626.8 4.9 205 0 6.0 16.4 5.0 0.0 0 1 2 5 5
2059.6 -649.2 5.3 294 0 11.3 9.5 7.5 2.5 2 0 3 2 2
1820.3 -931.4 5.6 36 0 12.4 7.0 2.5 2.5 2 0 1 2 2
1813.3 -904.3 5.7 299 0 7.5 22.7 2.5 2.5 2 0 1 0 0
1795.3 -939.6 5.7 118 0 6.1 16.9 5.0 2.5 2 0 2 2 2
1933.5 -832.5 7.1 47 0 12.6 9.2 2.5 2.5 2 0 1 5 5
1978.5 -808.4 6.9 51 0 14.9 7.7 7.5 2.5 2 0 3 5 5
2013.2 -652.6 5.3 204 0 13.9 9.5 5.0 2.5 2 0 2 1 1
2001.0 -780.8 7.0 52 0 4.4 5.6 7.5 2.5 2 0 3 0 0
2014.2 -779.2 6.9 51 0 18.2 7.7 5.0 2.5 2 0 2 3 3
2069.2 -694.2 5.9 115 0 10.5 7.7 2.5 2.5 2 0 1 5 5
2090.9 -634.6 5.3 294 0 7.6 17.0 7.5 2.5 2 1 3 2 2
2145.6 -754.0 7.0 295 0 12.1 5.8 5.0 2.5 2 0 2 5 5
2130.1 -781.5 7.2 27 0 6.2 15.5 5.0 2.5 2 1 2 5 5
2127.9 -752.1 7.0 298 0 7.9 10.6 7.5 2.5 2 1 3 1 1
2282.5 -368.9 6.8 293 0 7.0 12.8 7.5 2.5 2 1 3 3 3
2316.4 -357.9 6.8 292 0 25.2 12.1 7.5 2.5 2 0 3 5 5
2265.7 -652.5 7.6 203 0 6.1 7.2 7.5 2.5 2 1 3 0 0
2210.8 -527.2 6.0 293 0 6.2 13.1 5.0 2.5 2 1 2 5 5
2226.5 -549.1 6.2 21 0 5.9 13.9 7.5 2.5 2 1 3 0 0
2219.7 -586.1 6.5 115 0 5.1 12.3 2.5 2.5 4 1 1 0 0
2221.5 -607.9 6.6 115 0 19.0 8.0 5.0 2.5 2 0 2 1 1
2250.2 -592.3 6.9 23 0 12.3 9.9 5.0 2.5 2 0 2 3 3
2266.3 -519.4 8.3 29 0 8.2 19.3 5.0 0.0 0 1 2 0 0
2231.0 -411.8 6.9 117 0 8.0 13.0 7.5 2.5 2 1 3 1 1
2305.0 -407.7 7.4 118 0 15.8 6.0 5.0 2.5 4 0 2 4 4
1676.9 -1181.0 5.8 110 0 15.8 7.1 5.0 2.5 2 0 2 1 1
1700.3 -1162.9 5.9 20 0 17.7 6.8 7.5 2.5 4 0 3 4 4
1670.2 -1150.8 5.8 197 0 10.1 4.7 5.0 2.5 2 0 2 5 5
1424.4 -836.6 3.2 203 0 6.0 19.5 7.5 2.5 2 1 3 3 3
1458.6 -824.2 3.2 23 0 6.6 10.7 2.5 2.5 2 1 1 0 0
1310.9 -976.7 3.5 293 0 8.8 7.8 5.0 2.5 2 0 2 0 0
1369.3 -981.6 3.7 87 0 11.7 10.0 5.0 2.5 2 0 2 5 5
1478.8 -1078.9 4.7 178 0 9.8 22.7 2.5 2.5 2 1 1 2 2
1308.2 -1275.0 4.9 196 0 4.5 11.3 7.5 2.5 4 1 3 0 0
1314.1 -1252.0 4.7 199 0 6.2 14.5 7.5 2.5 2 1 3 3 3
1339.8 -1267.9 5.0 289 0 8.8 12.2 7.5 2.5 4 1 3 5 5
1448.9 -1234.9 5.0 110 0 12.1 52.3 7.5 2.5 2 1 3 1 1
1506.2 -1194.2 5.2 20 0 12.5 12.8 7.5 2.5 2 1 3 3 3
1683.2 -1627.2 5.3 51 0 9.1 13.9 7.5 2.5 2 1 3 0 0
218.8 121.9 1.9 105 0 16.4 6.1 2.5 2.5 2 0 1 1 1
217.4 32.3 2.7 194 0 4.7 12.3 7.5 2.5 2 1 3 3 3
714.9 -868.4 4.4 188 0 9.0 7.0 7.5 2.5 2 0 3 0 0
735.4 -885.2 4.2 99 0 6.0 12.9 2.5 2.5 2 1 1 5 5
734.9 -853.3 4.3 274 0 15.4 5.9 7.5 2.5 2 0 3 0 0
421.7 470.0 3.6 96 0 5.3 9.2 7.5 0.0 0 1 3 0 0
396.2 250.4 2.2 184 0 4.3 9.6 7.5 2.5 4 1 3 2 2
395.8 275.4 2.3 186 0 5.2 13.1 5.0 2.5 2 1 2 2 2
418.8 256.8 2.2 4 0 11.5 8.5 7.5 0.0 0 0 3 2 2
389.6 -37.4 3.1 103 0 4.0 9.0 5.0 2.5 2 1 2 1 1
371.0 -44.8 3.2 107 0 21.1 10.0 5.0 2.5 2 0 2 3 3
201.9 146.9 2.0 193 0 21.0 6.5 5.0 2.5 4 0 2 1 1
310.2 -1025.9 6.5 19 0 15.3 4.8 5.0 2.5 2 0 2 5 5
296.3 -1001.3 6.7 287 0 15.4 10.4 2.5 2.5 2 0 1 5 5
509.3 -1010.5 5.1 195 0 9.1 12.0 2.5 2.5 2 1 1 1 1
785.2 -880.3 3.9 108 0 3.7 7.6 7.5 2.5 4 1 3 0 0
689.3 -1018.4 4.1 281 0 8.4 8.0 5.0 2.5 2 0 2 4 4
735.2 -968.3 3.8 16 0 9.7 11.2 2.5 2.5 2 1 1 4 4
746.8 -941.3 3.8 278 0 3.5 11.4 5.0 2.5 2 1 2 0 0
717.1 -931.5 4.0 189 0 16.8 7.6 5.0 0.0 0 0 2 4 4
746.4 -930.8 3.9 8 0 6.4 18.6 2.5 2.5 2 1 1 5 5
178.2 -82.4 3.5 103 0 6.0 15.3 5.0 2.5 2 1 2 1 1
200.7 -68.6 3.5 284 0 15.9 5.0 5.0 2.5 2 0 2 3 3
289.2 -312.8 5.5 283 0 5.8 14.4 7.5 2.5 2 1 3 2 2
313.8 -315.5 5.4 17 0 5.0 17.5 2.5 2.5 2 1 1 5 5
321.1 -334.7 5.6 17 0 10.0 8.5 7.5 2.5 2 0 3 1 1
296.9 -335.0 5.6 196 0 4.6 11.9 2.5 2.5 2 1 1 5 5
180.0 -388.4 6.1 102 0 7.8 4.8 2.5 2.5 2 0 1 5 5
202.1 -364.3 5.9 12 0 5.1 22.7 5.0 2.5 2 1 2 1 1
204.6 -375.0 6.0 17 0 9.3 4.6 5.0 2.5 2 0 2 3 3
204.0 -391.9 6.1 20 0 11.5 9.5 5.0 2.5 2 0 2 4 4
465.9 -665.5 7.3 289 0 5.6 17.7 5.0 2.5 2 1 2 5 5
435.3 -683.0 7.3 192 0 6.1 16.1 7.5 2.5 2 1 3 3 3
431.6 -662.1 7.4 190 0 12.0 9.0 5.0 2.5 2 0 2 1 1
452.8 -656.9 7.3 289 0 10.0 4.1 5.0 2.5 4 0 2 0 0
176.9 -726.1 8.8 6 0 5.1 22.2 7.5 2.5 2 1 3 0 0
144.9 -746.9 8.8 90 0 11.0 25.0 10.0 2.5 4 1 4 1 1
276.4 -671.4 8.3 202 0 6.1 8.7 7.5 2.5 2 0 3 0 0
267.4 -708.5 8.4 112 0 6.7 28.1 5.0 2.5 2 1 2 4 4
295.6 -675.9 8.2 292 0 21.6 6.1 2.5 2.5 2 0 1 5 5
314.5 -690.3 8.1 292 0 6.9 10.8 7.5 2.5 2 1 3 3 3
509.3 -371.4 5.7 101 0 11.5 21.7 7.5 2.5 2 1 3 2 2
2090.6 -794.0 7.0 319 0 27.1 16.5 15.0 0.0 0 0 6 3 3
6784.1 -6444.8 -21.0 251 0 11.9 31.0 12.5 0.0 0 1 5 2 2
