5441.5 -6383.6 4.4 274 0 15.9 12.0 5.0 2.5 2 0 2 2 2
5532.3 -6451.8 4.7 9 0 11.7 19.1 7.5 2.5 2 1 3 0 0
5727.4 -6337.4 4.4 92 0 11.3 14.4 5.0 2.5 2 1 2 4 4
5543.8 -6396.4 4.3 26 0 10.0 13.4 2.5 0.0 0 1 1 3 3
4891.3 -5833.9 15.3 353 0 11.9 12.4 5.0 2.5 2 1 2 1 1
5617.3 -6248.3 6.1 1 0 15.4 31.1 12.5 2.5 2 1 5 3 3
5569.4 -6271.1 5.6 182 0 12.0 17.1 7.5 2.5 2 1 3 1 1
5489.2 -6442.7 4.9 185 0 7.4 9.7 2.5 2.5 2 1 1 3 3
5841.9 -6301.3 5.3 185 0 9.2 36.1 7.5 2.5 4 1 3 2 2
5927.4 -6260.0 7.4 183 0 11.3 6.7 5.0 2.5 2 0 2 2 2
5903.1 -6306.9 4.8 184 0 10.4 16.3 5.0 2.5 2 1 2 2 2
5474.0 -6456.2 5.0 358 0 6.8 7.8 7.5 2.5 2 1 3 2 2
5517.5 -6493.1 5.0 87 0 5.1 11.7 5.0 2.5 2 1 2 4 4
5360.0 -6394.1 5.1 3 0 11.1 10.7 5.0 2.5 2 0 2 4 4
5420.9 -6612.8 5.2 199 0 20.9 4.5 7.5 2.5 2 0 3 1 1
5455.9 -6614.1 4.7 287 0 9.7 18.7 7.5 0.0 0 1 3 4 4
5430.2 -6594.6 5.6 197 0 7.6 18.4 5.0 2.5 2 1 2 3 3
5429.5 -6644.6 4.4 109 0 22.6 9.0 2.5 2.5 2 0 1 2 2
5831.0 -6297.7 5.6 359 0 15.6 9.3 5.0 2.5 2 0 2 5 5
5812.2 -6328.8 4.2 359 0 13.1 24.8 15.0 0.0 0 1 6 0 0
5283.8 -6376.9 6.2 280 0 10.9 6.8 7.5 2.5 2 0 3 0 0
5302.8 -6380.3 5.9 280 0 11.0 7.1 5.0 0.0 0 0 2 0 0
5133.2 -6406.5 9.1 354 0 17.7 11.7 5.0 2.5 2 0 2 5 5
4757.3 -5662.3 16.2 193 0 10.8 9.5 5.0 2.5 2 0 2 3 3
6457.3 -6207.4 -2.7 323 0 12.3 9.3 5.0 2.5 2 0 2 0 0
5501.3 -6400.3 4.3 96 0 11.0 6.5 7.5 2.5 4 0 3 0 0
5363.8 -6356.7 4.7 13 0 12.6 12.9 2.5 2.5 2 1 1 1 1
5799.9 -6290.5 5.6 269 0 4.7 17.8 7.5 2.5 2 1 3 3 3
6116.5 -6281.0 4.0 92 0 13.5 13.4 7.5 0.0 0 0 3 3 3
5948.5 -6323.1 4.1 2 0 6.2 18.4 5.0 2.5 2 1 2 0 0
6318.3 -6108.8 1.5 2 0 9.9 11.9 7.5 2.5 2 1 3 3 3
4499.4 -6439.2 16.3 85 0 10.2 10.2 7.5 2.5 4 1 3 1 1
4524.0 -6411.2 16.2 263 0 6.7 13.1 7.5 2.5 2 1 3 5 5
4520.6 -6448.5 16.0 83 0 20.5 7.4 5.0 2.5 2 0 2 1 1
4954.5 -6398.9 7.9 267 0 10.3 44.4 7.5 0.0 0 1 3 5 5
5052.0 -6393.3 8.6 262 0 5.5 15.3 2.5 2.5 2 1 1 2 2
5025.9 -6436.5 8.6 85 0 23.8 8.5 2.5 0.0 0 0 1 1 1
4497.3 -6382.7 16.8 353 0 11.1 13.3 5.0 2.5 2 1 2 2 2
5097.8 -6438.7 9.1 85 0 23.4 10.8 10.0 2.5 2 0 4 0 0
5087.3 -6391.9 8.8 267 0 15.8 13.5 7.5 2.5 2 0 3 5 5
4984.6 -6432.0 8.2 83 0 9.4 19.7 7.5 0.0 0 1 3 2 2
4679.0 -6385.7 13.5 83 0 10.5 11.1 7.5 2.5 2 1 3 2 2
4472.8 -6412.8 16.5 262 0 5.7 18.9 7.5 2.5 2 1 3 0 0
4733.5 -5776.7 22.5 194 0 5.5 6.9 7.5 2.5 2 1 3 2 2
5689.4 -6084.7 9.9 272 0 6.7 12.9 5.0 2.5 2 1 2 5 5
4472.2 -6452.3 16.3 83 0 17.5 8.2 7.5 2.5 2 0 3 5 5
4351.7 -6438.5 16.9 175 0 21.8 7.7 5.0 2.5 2 0 2 1 1
4811.0 -5810.6 18.5 93 0 11.8 15.4 7.5 2.5 4 1 3 0 0
4838.8 -5743.1 14.7 11 0 13.9 15.9 5.0 2.5 2 1 2 3 3
5799.5 -6380.2 2.3 89 0 22.7 9.2 7.5 2.5 2 0 3 5 5
5679.7 -6068.2 10.5 264 0 6.0 16.3 2.5 2.5 2 1 1 2 2
4445.1 -6416.0 16.7 264 0 8.1 11.2 7.5 2.5 2 1 3 5 5
4746.5 -5761.9 20.9 194 0 10.4 7.2 2.5 2.5 4 0 1 5 5
5562.5 -6740.2 2.2 299 0 4.8 18.7 7.5 2.5 2 1 3 1 1
4609.0 -6531.1 12.9 355 0 18.7 13.3 7.5 2.5 2 0 3 3 3
5539.4 -6736.1 2.4 208 0 9.5 7.2 7.5 2.5 2 0 3 5 5
4139.6 -5793.5 9.8 103 0 7.3 8.4 5.0 2.5 2 1 2 0 0
5526.9 -6758.9 2.3 209 0 7.9 21.2 5.0 2.5 2 1 2 5 5
4087.8 -5925.0 10.2 288 0 14.6 16.2 7.5 2.5 2 1 3 0 0
4736.4 -6542.8 9.9 83 0 9.8 9.2 7.5 2.5 4 0 3 0 0
4560.1 -6515.6 13.9 174 0 11.6 20.6 5.0 2.5 2 1 2 1 1
4716.3 -6528.5 10.1 355 0 14.8 5.2 5.0 2.5 2 0 2 3 3
4742.0 -6525.8 9.8 354 0 8.4 5.5 7.5 2.5 2 0 3 0 0
5758.6 -6083.3 9.4 94 0 11.5 8.1 7.5 2.5 2 0 3 1 1
5377.0 -5879.8 11.1 285 0 10.6 8.5 7.5 2.5 4 0 3 4 4
5819.4 -6084.5 8.9 92 0 14.4 18.7 5.0 2.5 2 1 2 1 1
5774.2 -6061.5 9.3 273 0 21.2 11.9 2.5 2.5 4 0 1 4 4
5434.6 -5898.2 11.0 15 0 19.9 7.7 2.5 2.5 2 0 1 5 5
6230.0 -6086.3 3.1 271 0 9.2 9.4 5.0 2.5 2 1 2 3 3
6593.5 -6144.6 0.3 337 0 4.5 9.8 5.0 0.0 0 1 2 0 0
6570.3 -6173.4 -0.7 63 0 5.9 9.9 7.5 0.0 0 1 3 0 0
5923.1 -6325.0 4.2 92 0 11.6 6.6 5.0 2.5 2 0 2 5 5
5946.0 -6301.8 5.2 2 0 5.4 20.2 2.5 2.5 2 1 1 2 2
5894.7 -6329.8 3.8 3 0 18.1 9.4 5.0 0.0 0 0 2 0 0
5890.1 -6282.9 6.6 269 0 3.4 3.2 2.5 2.5 2 0 1 3 3
6429.9 -6216.7 -3.0 236 0 5.7 10.6 5.0 2.5 2 1 2 5 5
4906.5 -6440.2 7.8 82 0 19.8 9.4 7.5 2.5 2 0 3 1 1
5732.0 -6154.3 10.0 183 0 13.6 6.4 7.5 2.5 2 0 3 3 3
4930.6 -6399.7 7.7 266 0 10.8 11.5 7.5 2.5 4 1 3 0 0
4341.8 -6608.4 17.5 144 0 15.6 6.9 7.5 2.5 2 0 3 1 1
4911.1 -6405.1 7.6 267 0 5.6 20.4 7.5 2.5 2 1 3 3 3
4674.1 -6404.7 13.2 269 0 9.0 12.1 5.0 2.5 2 1 2 0 0
5820.7 -5813.4 10.9 273 0 6.4 12.1 7.5 2.5 2 1 3 5 5
5065.7 -6432.4 8.8 87 0 5.6 19.4 2.5 2.5 2 1 1 0 0
5077.8 -6407.3 8.9 266 0 6.5 10.5 5.0 2.5 2 1 2 0 0
5779.0 -5791.9 12.6 272 0 11.6 7.3 2.5 2.5 2 0 1 2 2
5788.2 -5852.8 11.0 183 0 8.7 7.4 7.5 2.5 2 0 3 2 2
5845.0 -5924.4 9.7 91 0 16.3 15.7 5.0 2.5 2 0 2 2 2
5764.4 -5819.3 11.4 184 0 11.4 15.9 10.0 2.5 2 1 4 1 1
5795.6 -5813.4 11.2 274 0 13.0 8.7 2.5 2.5 2 0 1 3 3
5905.8 -5856.7 9.5 269 0 19.6 12.4 5.0 2.5 2 0 2 1 1
5890.6 -5812.8 10.1 271 0 13.0 13.8 10.0 2.5 2 1 4 5 5
5768.7 -5912.4 10.6 180 0 8.6 12.0 7.5 2.5 2 1 3 5 5
5790.9 -5881.4 10.7 183 0 12.5 6.5 5.0 2.5 4 0 2 1 1
4827.8 -6400.8 8.3 268 0 11.2 12.8 7.5 2.5 2 1 3 0 0
4842.0 -6428.3 8.3 357 0 5.2 7.4 7.5 2.5 2 1 3 4 4
4847.5 -6403.4 8.1 266 0 5.3 16.7 2.5 2.5 2 1 1 4 4
4898.5 -7112.3 5.1 35 0 6.9 12.0 7.5 2.5 2 1 3 0 0
5708.6 -5911.4 11.3 6 0 3.1 5.0 7.5 2.5 2 1 3 4 4
6318.1 -6468.3 -1.7 321 0 25.3 8.7 7.5 2.5 2 0 3 5 5
5668.5 -5454.5 20.2 95 0 11.4 18.0 5.0 2.5 2 1 2 1 1
6207.6 -6409.7 -0.4 130 0 9.0 9.9 2.5 2.5 2 1 1 3 3
6271.4 -6484.8 -2.3 139 0 16.1 19.6 10.0 2.5 2 1 4 2 2
5734.4 -6169.6 10.2 178 0 5.6 6.9 7.5 0.0 0 1 3 5 5
5694.4 -5428.6 20.2 6 0 10.0 12.7 5.0 2.5 2 1 2 1 1
5950.6 -6660.8 -4.1 320 0 12.3 6.9 7.5 2.5 2 0 3 5 5
5928.3 -6702.1 -3.3 50 0 11.3 11.2 10.0 2.5 2 0 4 5 5
6028.0 -6966.3 -4.0 149 0 18.8 7.1 7.5 2.5 2 0 3 1 1
6023.5 -6948.6 -3.9 149 0 10.0 13.3 7.5 2.5 2 1 3 3 3
6047.8 -6961.1 -4.1 331 0 8.4 12.7 2.5 2.5 2 0 1 4 4
4116.0 -6011.7 12.5 284 0 22.0 6.5 5.0 2.5 2 0 2 5 5
4091.1 -6007.8 12.2 195 0 13.4 7.4 5.0 2.5 2 0 2 3 3
4122.3 -6041.1 12.5 13 0 7.5 12.8 2.5 2.5 2 1 1 1 1
6099.7 -6532.6 -3.7 318 0 10.9 20.4 5.0 2.5 2 1 2 0 0
6075.0 -6502.4 -3.1 315 0 12.3 13.2 2.5 2.5 2 1 1 0 0
6067.4 -6532.8 -3.4 133 0 16.0 5.5 5.0 2.5 2 0 2 1 1
5666.9 -6093.1 10.3 80 0 17.3 5.4 7.5 2.5 2 0 3 0 0
5657.9 -6061.9 10.6 266 0 8.0 19.7 2.5 0.0 0 1 1 4 4
6589.4 -5931.2 0.6 73 0 13.9 10.5 7.5 2.5 2 0 3 5 5
5774.5 -6592.1 -0.6 143 0 10.3 7.5 5.0 2.5 2 0 2 3 3
5781.5 -6566.0 -0.4 325 0 9.0 8.4 5.0 2.5 2 0 2 2 2
5669.5 -5398.9 20.9 188 0 8.9 4.6 7.5 2.5 2 0 3 3 3
6528.6 -5980.0 1.1 74 0 10.5 7.5 5.0 2.5 2 0 2 2 2
6296.7 -6095.4 1.8 174 0 3.3 5.7 7.5 2.5 2 1 3 1 1
5720.1 -5381.6 20.2 275 0 13.1 11.2 2.5 2.5 2 0 1 1 1
6503.9 -5962.6 1.2 167 0 18.7 8.8 2.5 2.5 2 0 1 2 2
6517.9 -5936.3 1.3 257 0 23.1 9.5 5.0 2.5 2 0 2 5 5
6538.4 -5953.3 1.3 343 0 12.3 6.5 7.5 2.5 2 0 3 0 0
5673.6 -5383.6 20.6 185 0 14.8 29.2 7.5 2.5 2 1 3 1 1
4569.2 -6554.9 13.9 83 0 7.1 34.4 5.0 2.5 4 1 2 4 4
5063.3 -5979.8 15.1 185 0 11.2 16.1 7.5 2.5 2 1 3 4 4
5707.1 -5450.9 19.7 5 0 4.7 8.6 2.5 2.5 2 1 1 4 4
5007.4 -5615.4 15.3 265 0 7.0 20.1 7.5 2.5 2 1 3 5 5
4598.0 -6551.8 13.0 82 0 8.0 6.2 7.5 2.5 2 0 3 4 4
5059.9 -5578.9 15.7 173 0 5.9 23.8 2.5 2.5 4 1 1 2 2
4622.6 -5509.9 17.3 104 0 18.9 4.9 7.5 2.5 2 0 3 5 5
4501.6 -5450.8 15.5 11 0 12.2 14.2 5.0 2.5 2 1 2 0 0
5724.1 -5847.6 11.6 273 0 4.5 9.3 7.5 2.5 2 1 3 5 5
4252.7 -5656.8 11.4 17 0 9.4 21.2 5.0 2.5 2 1 2 2 2
5701.9 -5847.6 11.6 273 0 5.3 9.3 5.0 2.5 2 1 2 1 1
4773.3 -5384.3 17.1 183 0 11.6 13.3 7.5 2.5 4 1 3 4 4
4649.1 -5492.2 17.5 10 0 21.5 10.1 2.5 2.5 2 0 1 4 4
4707.3 -5429.4 17.8 283 0 14.6 16.5 7.5 2.5 2 1 3 4 4
4243.6 -5626.1 11.4 106 0 13.1 14.8 7.5 2.5 2 1 3 1 1
6432.9 -5946.6 1.1 74 0 10.0 11.2 7.5 2.5 2 1 3 5 5
6396.6 -5921.6 1.3 259 0 17.5 7.1 5.0 2.5 2 0 2 3 3
6408.1 -5951.9 1.1 85 0 14.8 4.1 5.0 2.5 2 0 2 2 2
6462.1 -5683.3 -0.4 356 0 7.3 5.2 2.5 2.5 2 0 1 5 5
6393.4 -5714.2 0.6 171 0 6.6 7.6 5.0 2.5 2 1 2 0 0
6327.7 -5568.1 4.0 357 0 5.3 16.6 5.0 2.5 2 1 2 1 1
6346.2 -5584.3 2.9 358 0 11.9 10.6 7.5 0.0 0 0 3 3 3
6439.9 -5682.7 -0.2 253 0 11.1 10.4 7.5 2.5 2 0 3 3 3
6311.7 -5596.8 4.2 86 0 11.8 6.5 2.5 2.5 2 0 1 0 0
6392.7 -5702.5 0.6 173 0 6.8 5.1 5.0 2.5 2 0 2 1 1
5098.3 -5580.9 15.8 350 0 5.1 8.0 5.0 2.5 2 1 2 3 3
5083.3 -5595.2 15.6 175 0 9.4 6.2 5.0 2.5 2 0 2 5 5
5745.9 -7198.0 -2.5 116 0 15.2 5.2 5.0 2.5 2 0 2 4 4
5079.2 -5618.2 15.4 85 0 18.2 12.9 5.0 2.5 4 0 2 0 0
5710.6 -7047.2 -1.1 288 0 23.5 12.9 7.5 2.5 2 0 3 4 4
5769.1 -7183.4 -2.6 22 0 9.8 6.7 7.5 2.5 2 0 3 0 0
5722.6 -6980.2 -0.7 107 0 8.1 4.3 2.5 0.0 0 0 1 2 2
5276.7 -6316.8 6.5 279 0 5.4 10.4 7.5 2.5 2 1 3 2 2
5707.7 -6965.6 -0.5 198 0 11.2 5.0 5.0 2.5 2 0 2 1 1
5741.5 -6960.9 -0.8 284 0 5.5 13.3 2.5 2.5 2 1 1 3 3
5725.0 -6944.4 -0.5 289 0 6.9 4.5 5.0 2.5 2 0 2 4 4
5904.4 -6937.9 -2.7 131 0 11.2 8.6 2.5 2.5 2 0 1 3 3
5917.6 -6947.7 -2.9 134 0 12.8 6.5 2.5 2.5 4 0 1 2 2
5928.2 -6922.0 -2.9 261 0 11.7 8.9 5.0 2.5 2 0 2 4 4
5885.2 -6987.6 -2.6 206 0 12.6 16.0 5.0 0.0 0 1 2 5 5
4963.8 -5792.7 13.3 270 0 11.7 7.8 5.0 2.5 2 0 2 1 1
5895.6 -7019.5 -2.7 33 0 17.2 6.2 2.5 2.5 2 0 1 3 3
5875.5 -7022.8 -2.5 125 0 7.2 4.3 5.0 2.5 2 0 2 0 0
5107.2 -5340.4 15.7 88 0 10.9 10.7 7.5 2.5 2 0 3 0 0
5414.0 -6996.3 2.1 293 0 11.6 9.8 5.0 0.0 0 0 2 4 4
5706.9 -5713.1 11.5 184 0 6.4 24.5 7.5 2.5 4 1 3 0 0
5701.9 -5691.1 11.3 95 0 10.1 8.5 5.0 2.5 2 0 2 0 0
5726.5 -5631.4 13.7 274 0 21.6 4.8 5.0 2.5 4 0 2 2 2
5712.5 -5693.2 12.2 184 0 13.2 16.0 5.0 2.5 2 1 2 1 1
4386.8 -5716.5 13.9 99 0 6.5 11.2 5.0 2.5 2 1 2 0 0
4379.9 -5724.1 13.5 13 0 7.1 26.3 7.5 2.5 2 1 3 0 0
4339.7 -5701.3 13.2 192 0 12.5 11.4 10.0 0.0 0 0 4 3 3
4951.1 -5685.2 14.9 86 0 45.0 16.4 10.0 2.5 4 0 4 4 4
5048.4 -5628.2 15.2 357 0 31.1 10.9 10.0 0.0 0 0 4 2 2
4938.5 -5627.8 15.4 267 0 10.9 18.5 2.5 2.5 4 1 1 5 5
4690.2 -6352.2 13.5 266 0 14.7 5.7 5.0 2.5 2 0 2 5 5
4674.3 -6435.6 12.9 86 0 6.7 13.2 5.0 2.5 2 1 2 4 4
4689.8 -6411.9 12.6 271 0 6.0 14.2 7.5 2.5 2 1 3 3 3
4642.7 -6416.8 13.9 267 0 9.7 11.9 2.5 0.0 0 1 1 3 3
4104.4 -5980.6 11.7 103 0 8.8 7.3 5.0 2.5 2 0 2 5 5
5027.7 -5168.0 16.1 0 0 18.8 7.5 5.0 2.5 2 0 2 3 3
5008.9 -6396.1 8.2 263 0 11.0 12.2 7.5 2.5 2 1 3 0 0
4382.9 -6706.7 13.9 133 0 5.5 9.2 2.5 2.5 2 1 1 5 5
4431.5 -6742.6 13.1 132 0 11.6 10.7 5.0 2.5 2 0 2 4 4
4472.0 -6774.5 12.4 128 0 18.4 9.5 5.0 2.5 2 0 2 4 4
4393.4 -6717.1 13.7 173 0 6.8 13.3 2.5 2.5 2 1 1 4 4
6003.1 -5792.6 9.2 270 0 7.0 9.4 2.5 2.5 2 1 1 1 1
5891.8 -5793.0 11.2 271 0 13.1 12.0 7.5 2.5 2 0 3 2 2
6018.3 -5932.9 6.9 89 0 3.9 5.9 7.5 2.5 2 1 3 0 0
6128.7 -5799.2 6.8 268 0 5.9 9.0 2.5 2.5 2 1 1 2 2
5938.1 -5813.4 9.5 271 0 15.9 12.2 7.5 2.5 2 0 3 0 0
6056.7 -5928.9 6.3 89 0 10.5 14.4 5.0 2.5 2 1 2 4 4
6115.4 -5932.9 5.5 90 0 13.2 22.2 12.5 0.0 0 1 5 1 1
4617.6 -5315.9 17.2 334 0 10.7 7.7 5.0 2.5 2 0 2 1 1
4585.1 -5325.9 17.2 244 0 5.1 16.1 7.5 0.0 0 1 3 4 4
4857.5 -5471.5 17.7 240 0 7.3 7.9 7.5 2.5 4 1 3 2 2
5726.6 -5746.7 12.0 91 0 10.8 6.0 2.5 2.5 4 0 1 3 3
1456.8 -7192.9 -4.4 75 0 24.5 10.1 7.5 2.5 2 0 3 4 4
1473.6 -7138.4 -4.4 253 0 24.1 30.2 7.5 0.0 0 1 3 5 5
120.5 -8204.9 -11.8 97 0 12.0 27.3 10.0 2.5 2 1 4 5 5
4250.3 -5675.6 11.7 17 0 10.0 8.4 7.5 2.5 2 0 3 5 5
4433.5 -5776.8 15.4 195 0 5.0 5.0 7.5 2.5 2 1 3 5 5
4436.9 -5763.3 15.3 194 0 7.0 8.0 5.0 2.5 2 1 2 0 0
5475.5 -6429.7 4.8 4 0 15.8 15.5 10.0 0.0 0 0 4 2 2
5413.5 -6441.8 5.1 184 0 10.9 41.3 7.5 2.5 2 1 3 5 5
5782.2 -6606.6 -0.9 144 0 7.7 7.3 5.0 2.5 2 0 2 3 3
6118.4 -6231.5 4.2 270 0 16.5 14.9 2.5 2.5 2 0 1 5 5
5401.1 -7070.1 1.6 113 0 12.2 5.8 2.5 2.5 2 0 1 1 1
5470.0 -6942.6 2.0 27 0 7.0 16.1 5.0 2.5 2 1 2 0 0
5474.4 -6917.0 2.2 297 0 6.6 4.4 5.0 2.5 2 0 2 1 1
4996.8 -7171.0 4.2 36 0 6.1 19.6 5.0 2.5 2 1 2 0 0
3055.4 -5353.2 6.0 247 0 10.1 25.6 10.0 2.5 2 1 4 3 3
4310.9 -6548.8 17.2 59 0 4.7 9.6 7.5 2.5 2 1 3 0 0
-6394.4 184.1 -20.0 188 0 13.7 35.4 10.0 2.5 2 1 4 3 3
-6743.1 27.3 -22.0 104 0 8.6 17.6 5.0 2.5 4 1 2 4 4
-6859.6 30.1 -23.0 178 0 8.6 9.7 7.5 2.5 2 1 3 4 4
-6725.2 33.4 -21.8 107 0 8.8 5.3 2.5 2.5 2 0 1 0 0
-6686.6 33.4 -21.7 30 0 6.3 9.5 5.0 2.5 2 1 2 2 2
-6490.9 -24.7 -20.9 282 0 11.7 9.8 7.5 0.0 0 0 3 5 5
-6935.0 143.4 -20.9 194 0 13.2 7.6 7.5 0.0 0 0 3 5 5
-6908.2 157.9 -20.6 5 0 7.0 11.8 7.5 2.5 2 1 3 5 5
-6910.7 321.4 -17.2 6 0 4.2 9.6 5.0 2.5 2 1 2 5 5
-6899.6 344.8 -16.7 8 0 4.2 6.0 7.5 2.5 2 1 3 1 1
-6945.6 288.2 -17.8 190 0 6.4 7.1 7.5 0.0 0 1 3 0 0
-6916.7 259.0 -18.5 6 0 7.0 7.5 2.5 2.5 2 1 1 0 0
-6937.1 252.0 -18.6 187 0 6.7 6.9 7.5 2.5 2 1 3 5 5
-6887.7 210.2 -19.6 295 0 4.0 5.8 5.0 2.5 2 1 2 1 1
-1070.0 2805.7 -20.5 266 0 17.0 18.3 7.5 2.5 2 0 3 5 5
3308.2 2152.8 -15.1 300 0 15.9 35.3 7.5 2.5 4 1 3 0 0
-942.4 2717.0 -20.2 195 0 21.5 11.3 10.0 2.5 2 0 4 1 1
-999.3 2876.9 -18.6 356 0 9.4 9.5 5.0 2.5 2 1 2 3 3
3057.7 -7516.0 -0.5 330 0 10.0 18.7 5.0 2.5 2 1 2 2 2
3026.3 -7514.1 -0.6 328 0 10.5 8.1 2.5 2.5 4 0 1 4 4
3060.2 -7574.5 -0.4 243 0 34.5 13.5 10.0 0.0 0 0 4 4 4
3072.1 -7562.7 -0.6 62 0 12.0 31.9 7.5 2.5 4 1 3 5 5
3027.6 -7561.9 -0.9 332 0 19.1 10.7 10.0 2.5 2 0 4 2 2
5852.8 -6688.3 -2.5 235 0 12.0 11.0 2.5 2.5 4 0 1 1 1
269.6 -2623.2 -11.4 80 0 7.1 10.3 7.5 2.5 2 1 3 2 2
-6160.6 -3722.0 -24.8 107 0 5.3 9.6 5.0 2.5 2 1 2 1 1
-6298.1 -3734.7 -23.7 197 0 3.9 5.2 2.5 2.5 2 1 1 5 5
-5948.6 -3908.3 -23.1 104 0 8.6 10.9 7.5 2.5 4 1 3 2 2
-6026.2 -3912.1 -23.8 199 0 7.4 10.3 7.5 2.5 2 1 3 5 5
-6142.0 -3673.2 -24.9 195 0 7.8 5.7 5.0 0.0 0 0 2 0 0
-6100.2 -3686.1 -24.6 287 0 10.4 4.0 5.0 0.0 0 0 2 0 0
-6282.2 -3670.5 -23.8 191 0 5.9 3.5 7.5 0.0 0 0 3 2 2
-6272.9 -3660.5 -23.8 12 0 3.7 5.8 5.0 2.5 2 1 2 3 3
-6295.3 -3705.4 -23.7 193 0 6.0 3.7 5.0 2.5 2 0 2 2 2
-6064.1 -3750.8 -23.6 167 0 5.7 9.1 5.0 2.5 4 1 2 4 4
-6184.4 -3052.1 -22.3 176 0 10.5 9.1 7.5 2.5 2 0 3 0 0
-6003.4 -3600.9 -25.0 108 0 11.2 10.7 7.5 2.5 2 0 3 2 2
-6166.8 -3109.9 -21.0 126 0 10.5 5.0 2.5 2.5 2 0 1 5 5
-6182.3 -3087.1 -21.6 173 0 9.6 8.9 2.5 2.5 2 0 1 4 4
-6230.1 -3123.4 -21.2 111 0 9.0 12.6 2.5 2.5 2 1 1 5 5
-6213.1 -3187.0 -21.5 209 0 6.8 4.0 2.5 2.5 4 0 1 0 0
-6333.7 -2928.4 -22.7 195 0 16.8 19.3 12.5 2.5 2 1 5 3 3
-6205.8 -3219.4 -22.5 107 0 13.2 8.6 5.0 2.5 2 0 2 3 3
-5802.7 2385.2 -7.1 151 0 8.3 19.0 7.5 2.5 2 1 3 4 4
-4297.2 -2999.7 -20.5 252 0 28.2 9.7 7.5 2.5 2 0 3 2 2
-4402.9 -3204.6 -19.5 70 0 14.2 29.1 10.0 2.5 2 1 4 0 0
4709.1 -5670.8 18.6 193 0 28.3 17.5 10.0 2.5 2 0 4 3 3
4473.8 -5687.6 15.2 195 0 11.0 9.7 5.0 2.5 2 0 2 4 4
4675.3 -5811.1 22.1 193 0 7.0 16.8 5.0 2.5 2 1 2 1 1
4688.7 -5758.9 21.8 194 0 12.7 12.6 5.0 2.5 2 0 2 2 2
5702.9 -5975.7 11.1 1 0 8.6 12.1 2.5 0.0 0 1 1 1 1
4872.5 -8155.9 1.3 128 0 7.6 9.8 5.0 2.5 2 0 2 2 2
4947.9 -8081.7 0.6 215 0 23.8 10.6 12.5 0.0 0 0 5 0 0
4986.0 -8085.8 0.3 64 0 15.8 16.5 10.0 2.5 2 1 4 4 4
4860.6 -8146.6 1.5 128 0 7.6 9.8 7.5 2.5 2 0 3 5 5
5422.4 -7318.4 -0.5 306 0 11.3 10.7 2.5 2.5 2 0 1 5 5
4928.9 -8287.2 1.3 202 0 10.9 10.3 5.0 2.5 2 0 2 0 0
4939.9 -7796.7 -0.9 212 0 7.0 11.7 5.0 2.5 2 1 2 1 1
4960.5 -8329.3 1.8 31 0 10.7 18.4 7.5 2.5 2 1 3 5 5
4960.9 -8173.1 0.0 303 0 10.1 12.0 7.5 2.5 2 1 3 4 4
4980.6 -8136.4 1.1 121 0 10.2 6.4 7.5 2.5 4 0 3 0 0
4925.7 -8327.2 1.8 209 0 10.7 6.9 7.5 2.5 2 0 3 0 0
5233.2 -7535.9 -0.4 308 0 9.8 9.1 2.5 2.5 2 0 1 0 0
5438.9 -7358.0 -0.9 34 0 3.8 13.8 2.5 2.5 2 1 1 1 1
5242.0 -7569.2 -0.7 39 0 4.9 22.9 5.0 2.5 2 1 2 0 0
5236.3 -7575.5 -0.7 38 0 5.1 6.4 5.0 2.5 2 1 2 3 3
5459.9 -7351.1 -1.1 311 0 9.1 16.8 5.0 2.5 2 1 2 2 2
4894.2 -8258.3 0.7 310 0 15.4 9.5 7.5 2.5 2 0 3 3 3
5085.7 -7636.8 0.0 35 0 5.7 18.5 5.0 0.0 0 1 2 1 1
5012.7 -8078.0 0.2 199 0 12.8 10.2 5.0 2.5 2 0 2 1 1
4931.5 -8070.2 0.6 215 0 23.8 20.0 7.5 2.5 2 0 3 0 0
4928.1 -8304.8 1.6 196 0 10.3 10.5 5.0 2.5 2 1 2 4 4
4999.8 -7677.5 0.6 211 0 12.8 10.9 5.0 0.0 0 0 2 5 5
5047.5 -7626.6 0.2 215 0 12.4 10.2 5.0 0.0 0 0 2 5 5
4866.5 -8151.2 1.4 128 0 7.6 9.8 5.0 2.5 2 0 2 5 5
5066.6 -7652.6 -0.0 33 0 6.0 11.1 5.0 2.5 2 1 2 3 3
5340.2 -7427.2 -0.6 127 0 14.8 7.2 5.0 2.5 2 0 2 1 1
5368.7 -7433.1 -0.9 127 0 17.5 13.2 2.5 2.5 2 0 1 2 2
5016.1 -8149.3 0.7 31 0 8.0 15.0 7.5 0.0 0 1 3 1 1
4926.5 -7830.0 -0.0 126 0 12.0 8.9 7.5 2.5 2 0 3 3 3
4962.4 -8234.2 0.6 16 0 12.7 9.1 2.5 2.5 2 0 1 5 5
4951.0 -8266.6 1.5 204 0 11.7 7.8 7.5 2.5 2 0 3 2 2
5021.4 -8098.4 0.1 110 0 24.0 7.9 2.5 2.5 2 0 1 2 2
4963.8 -8201.0 -0.1 302 0 18.1 6.7 2.5 2.5 2 0 1 0 0
4974.2 -8156.9 0.8 29 0 11.3 10.0 5.0 2.5 2 0 2 4 4
5325.1 -7481.9 -0.9 215 0 10.9 10.1 2.5 2.5 2 0 1 2 2
5523.4 -7277.6 -1.1 335 0 13.8 20.1 7.5 2.5 4 1 3 0 0
-959.6 965.0 -17.4 115 0 7.9 15.9 7.5 2.5 2 1 3 4 4
-994.6 1005.7 -18.9 217 0 9.1 9.4 5.0 2.5 4 1 2 5 5
-875.8 1171.6 -19.2 193 0 11.5 9.5 5.0 2.5 2 0 2 0 0
-862.5 1194.4 -19.4 193 0 10.3 12.7 5.0 2.5 2 1 2 1 1
-842.5 1116.7 -20.3 109 0 11.5 12.0 5.0 2.5 2 1 2 1 1
-925.5 1007.3 -19.8 26 0 13.0 8.5 5.0 2.5 2 0 2 4 4
-1360.4 2937.0 -16.0 269 0 15.0 33.6 7.5 0.0 0 1 3 0 0
-791.5 1195.4 -20.8 16 0 6.9 12.6 7.5 2.5 2 1 3 3 3
-902.0 2856.3 -18.2 267 0 11.2 9.5 7.5 2.5 4 0 3 0 0
-866.3 2860.2 -18.5 266 0 9.4 5.7 5.0 2.5 4 0 2 3 3
-826.4 2863.4 -19.0 266 0 10.0 8.5 5.0 2.5 2 0 2 2 2
-942.3 2850.8 -18.5 266 0 8.6 10.7 7.5 2.5 2 1 3 2 2
-792.3 2865.7 -19.4 267 0 11.4 8.9 7.5 0.0 0 0 3 2 2
-717.8 2872.0 -20.3 266 0 11.1 13.1 10.0 2.5 2 1 4 0 0
-750.7 2865.0 -19.9 268 0 10.4 11.8 5.0 2.5 2 1 2 4 4
-1040.1 2869.5 -18.6 86 0 14.3 10.8 5.0 2.5 2 0 2 3 3
-1066.3 2865.5 -18.7 85 0 14.4 6.1 7.5 2.5 2 0 3 0 0
-1369.6 2854.1 -17.0 294 0 10.4 7.5 7.5 0.0 0 0 3 2 2
-1284.9 2938.1 -16.6 75 0 11.6 17.9 7.5 0.0 0 1 3 1 1
-759.8 1394.1 -22.2 262 0 10.6 14.2 5.0 2.5 2 1 2 2 2
-967.9 1189.5 -18.7 35 0 11.4 8.7 7.5 2.5 2 0 3 4 4
-937.6 1205.0 -18.4 28 0 9.8 16.9 7.5 2.5 2 1 3 2 2
-1000.7 1059.7 -19.7 133 0 10.2 6.5 7.5 2.5 2 0 3 5 5
-836.7 1284.9 -19.1 5 0 8.4 9.6 7.5 0.0 0 1 3 4 4
-854.0 1259.1 -19.0 97 0 9.9 10.3 5.0 0.0 0 1 2 1 1
-893.4 1363.9 -18.9 221 0 10.1 14.0 5.0 2.5 4 1 2 3 3
-783.2 1380.4 -22.0 262 0 11.3 9.5 5.0 2.5 2 0 2 2 2
-717.5 1411.1 -22.1 269 0 10.2 9.9 5.0 2.5 2 0 2 4 4
-886.7 1383.1 -19.0 168 0 7.5 11.1 5.0 0.0 0 1 2 3 3
-1013.1 1260.8 -16.2 303 0 8.1 11.9 2.5 2.5 2 1 1 1 1
-990.1 1173.7 -18.9 31 0 11.9 9.8 7.5 2.5 2 0 3 5 5
-1115.6 1205.6 -17.3 102 0 14.6 9.5 5.0 2.5 2 0 2 4 4
-1119.7 1249.7 -16.5 15 0 8.1 10.5 5.0 2.5 2 1 2 1 1
-1068.8 1244.1 -16.2 284 0 9.5 13.1 7.5 2.5 4 1 3 1 1
-1073.0 1201.0 -17.0 102 0 13.6 7.8 5.0 2.5 2 0 2 0 0
-829.7 1343.1 -20.5 7 0 10.8 6.9 7.5 2.5 2 0 3 3 3
-801.8 1371.2 -21.9 265 0 6.9 7.9 2.5 2.5 2 1 1 0 0
-784.7 1340.2 -22.0 83 0 10.5 9.1 5.0 2.5 2 0 2 1 1
-884.7 1284.1 -18.0 108 0 6.3 9.1 5.0 2.5 2 1 2 4 4
-823.7 1266.1 -19.6 3 0 8.4 8.7 7.5 2.5 2 1 3 2 2
-873.2 1337.5 -19.1 198 0 8.9 6.2 5.0 2.5 2 0 2 5 5
-666.0 1398.8 -22.8 74 0 7.5 10.5 2.5 2.5 2 1 1 5 5
-667.3 1299.1 -24.3 7 0 6.2 9.5 7.5 2.5 2 1 3 0 0
-673.5 1324.5 -24.5 10 0 10.5 7.8 5.0 2.5 2 0 2 2 2
-684.4 1346.4 -25.0 188 0 6.2 10.2 2.5 2.5 2 1 1 0 0
-687.3 1263.7 -23.5 90 0 9.4 5.9 7.5 2.5 2 0 3 5 5
-890.3 1144.1 -18.9 197 0 9.7 4.5 7.5 2.5 2 0 3 3 3
-863.0 1223.1 -19.1 195 0 8.9 7.3 7.5 2.5 2 0 3 5 5
-796.8 1161.7 -20.9 16 0 4.3 7.0 7.5 2.5 2 1 3 5 5
3069.2 8112.5 -5.0 169 0 14.4 14.0 5.0 2.5 2 0 2 2 2
3063.7 8147.2 -5.0 174 0 12.6 12.8 2.5 2.5 2 1 1 0 0
3074.9 8074.0 -4.9 167 0 11.6 14.1 5.0 2.5 2 1 2 1 1
3071.6 8091.0 -5.0 168 0 11.7 14.2 5.0 2.5 2 1 2 4 4
-4167.8 -3179.5 -18.2 83 0 15.5 43.1 5.0 2.5 2 1 2 1 1
-1468.7 195.4 -25.8 113 0 6.5 7.0 5.0 2.5 2 1 2 3 3
-6518.9 3998.8 -4.6 345 0 5.5 10.2 5.0 2.5 2 1 2 3 3
-6440.5 3959.1 -4.1 239 0 14.6 10.6 5.0 2.5 4 0 2 0 0
-6449.6 3862.9 -4.5 328 0 9.6 11.2 5.0 2.5 2 1 2 1 1
-6521.5 4059.5 -4.3 61 0 15.5 7.7 7.5 2.5 2 0 3 5 5
-6536.6 4089.1 -4.0 239 0 23.1 10.1 7.5 0.0 0 0 3 2 2
-6506.0 4084.6 -4.0 331 0 24.7 8.6 7.5 2.5 2 0 3 0 0
-6485.3 4011.1 -4.5 331 0 7.0 16.1 5.0 0.0 0 1 2 0 0
-6497.8 4038.0 -4.6 335 0 8.8 18.2 7.5 2.5 2 1 3 1 1
-6563.8 4063.9 -4.4 231 0 7.4 11.2 2.5 2.5 2 1 1 4 4
-6564.4 3959.5 -4.8 78 0 9.4 14.3 2.5 2.5 2 1 1 3 3
-6569.9 3888.5 -5.0 346 0 10.9 10.8 5.0 2.5 2 0 2 5 5
-6511.1 3973.8 -4.5 335 0 6.0 9.5 2.5 2.5 2 1 1 2 2
-6522.9 3927.8 -4.5 153 0 8.3 30.2 7.5 2.5 2 1 3 3 3
-6487.0 3964.3 -4.4 335 0 22.9 7.6 7.5 2.5 2 0 3 5 5
-6525.1 3882.5 -4.7 152 0 18.1 10.0 5.0 2.5 4 0 2 0 0
-6484.9 3905.7 -4.5 332 0 5.2 15.3 5.0 2.5 4 1 2 4 4
-6473.0 3884.6 -4.5 59 0 22.5 7.1 2.5 2.5 2 0 1 0 0
-6479.7 3850.4 -4.7 162 0 7.3 9.9 5.0 2.5 2 1 2 4 4
-6473.1 3870.2 -4.6 240 0 4.3 8.5 5.0 2.5 2 1 2 1 1
-6575.6 3809.4 -5.1 256 0 8.2 4.3 7.5 2.5 2 0 3 5 5
-6571.6 3793.1 -5.1 91 0 9.5 9.8 7.5 0.0 0 1 3 3 3
-6674.9 3820.4 -5.1 269 0 9.8 8.1 7.5 2.5 2 0 3 0 0
-6651.5 3798.5 -5.0 357 0 13.7 10.7 5.0 2.5 2 0 2 4 4
-6684.1 3776.9 -4.8 353 0 11.8 15.3 10.0 2.5 2 1 4 4 4
-6708.0 3796.5 -5.0 177 0 22.9 8.4 5.0 2.5 2 0 2 0 0
-6646.0 3709.3 -4.4 37 0 10.1 8.9 7.5 2.5 2 0 3 3 3
-6704.1 3633.9 -4.6 9 0 6.2 13.0 2.5 2.5 4 1 1 5 5
-6734.7 3621.7 -4.9 190 0 10.8 11.9 5.0 2.5 2 1 2 1 1
-1718.1 -5585.1 -7.2 171 0 9.4 13.0 5.0 2.5 2 1 2 1 1
-1670.8 -5628.0 -7.2 345 0 13.3 10.4 5.0 2.5 2 0 2 2 2
-1719.7 -5683.0 -7.0 166 0 7.5 18.4 5.0 2.5 2 1 2 2 2
-1688.5 -5714.9 -7.0 78 0 8.9 16.9 7.5 2.5 2 1 3 2 2
-1836.4 -6153.8 -5.6 297 0 26.8 10.0 7.5 2.5 4 0 3 3 3
-1834.5 -6196.9 -5.0 111 0 9.5 24.5 7.5 2.5 2 1 3 5 5
-1874.0 -6250.4 -3.2 67 0 15.2 8.3 5.0 2.5 2 0 2 5 5
-1848.9 -6242.7 -3.4 58 0 15.5 14.4 10.0 2.5 4 0 4 2 2
-1857.1 -6194.5 -4.2 27 0 11.0 20.4 5.0 2.5 2 1 2 2 2
-1871.9 -6167.6 -4.9 199 0 16.9 9.4 7.5 2.5 2 0 3 3 3
4537.0 -5613.3 15.7 195 0 8.4 13.5 2.5 2.5 2 1 1 2 2
4507.1 -5694.9 15.9 194 0 9.8 7.1 5.0 2.5 2 0 2 1 1
5575.5 -6138.8 9.3 178 0 8.2 15.4 2.5 2.5 2 1 1 0 0
4649.6 -5818.1 20.2 11 0 10.3 18.3 5.0 2.5 4 1 2 1 1
4682.1 -5787.7 22.0 194 0 8.2 8.7 5.0 2.5 2 1 2 1 1
4730.6 -5487.6 18.6 13 0 8.8 12.8 5.0 2.5 4 1 2 4 4
4701.2 -5609.1 17.7 14 0 11.1 13.2 7.5 2.5 2 1 3 0 0
4696.1 -5630.3 18.9 14 0 18.1 10.2 5.0 2.5 2 0 2 1 1
2863.3 -7469.7 -2.1 62 0 11.6 8.2 5.0 2.5 2 0 2 0 0
4543.8 -5796.1 16.7 104 0 17.5 10.8 5.0 2.5 2 0 2 1 1
5665.9 -5945.6 11.1 94 0 12.6 15.7 5.0 2.5 2 1 2 3 3
5668.5 -5976.1 10.9 182 0 9.8 12.9 5.0 0.0 0 1 2 3 3
4170.2 3878.1 -29.4 101 0 9.4 8.4 7.5 2.5 2 0 3 2 2
-1358.3 2832.3 -17.5 198 0 9.2 11.0 7.5 2.5 2 1 3 3 3
-1033.0 2890.3 -18.9 86 0 6.2 7.3 7.5 2.5 2 1 3 0 0
-983.9 2787.5 -19.2 346 0 15.1 10.9 7.5 2.5 2 0 3 4 4
-1016.0 2752.8 -20.0 287 0 15.2 8.4 5.0 2.5 4 0 2 2 2
-984.5 2759.0 -19.3 9 0 9.7 8.2 5.0 2.5 2 0 2 1 1
-1001.6 2713.9 -19.7 15 0 3.7 10.9 2.5 2.5 2 1 1 3 3
-1065.8 2740.9 -21.5 15 0 4.6 17.4 2.5 2.5 2 1 1 2 2
-1170.1 2856.7 -19.1 85 0 8.2 9.6 7.5 2.5 2 1 3 3 3
-1146.4 2855.0 -19.1 87 0 3.7 10.3 7.5 2.5 4 1 3 2 2
-1208.8 2893.7 -18.5 274 0 12.5 10.2 5.0 2.5 2 0 2 0 0
-1168.5 2920.4 -18.4 246 0 11.5 6.7 5.0 0.0 0 0 2 0 0
-1270.2 2987.2 -17.7 266 0 17.5 7.8 5.0 2.5 2 0 2 1 1
-1246.3 2971.3 -17.6 4 0 14.5 8.2 5.0 2.5 2 0 2 5 5
-1436.2 2880.4 -16.3 140 0 8.0 4.4 7.5 2.5 2 0 3 2 2
-1420.5 2893.8 -16.2 224 0 7.1 10.4 2.5 2.5 2 1 1 5 5
5630.6 -6159.9 8.4 181 0 76.9 46.5 17.5 0.0 0 0 7 5 5
5959.8 -3426.0 3.1 202 0 10.7 8.3 2.5 2.5 2 0 1 4 4
5965.5 -3400.2 3.2 208 0 8.1 24.8 2.5 2.5 2 1 1 0 0
5959.1 -3452.6 2.8 214 0 7.9 22.9 5.0 2.5 2 1 2 1 1
5978.8 -3497.4 2.6 32 0 14.2 14.9 5.0 2.5 2 1 2 2 2
6009.8 -3471.4 2.5 30 0 50.7 11.9 7.5 2.5 2 0 3 1 1
5920.1 -3321.2 2.2 31 0 13.4 7.8 7.5 2.5 2 0 3 0 0
6446.0 -3768.3 -1.3 208 0 9.8 29.4 7.5 2.5 2 0 3 5 5
6442.0 -3759.9 -1.1 299 0 15.3 10.3 5.0 2.5 2 0 2 1 1
6439.7 -3715.2 -0.8 295 0 9.8 11.8 7.5 2.5 2 1 3 2 2
6421.9 -3731.8 -0.8 209 0 10.0 11.6 5.0 0.0 0 0 2 3 3
6384.9 -3730.0 -0.7 204 0 20.5 12.8 10.0 2.5 2 0 4 4 4
2961.6 7656.0 -4.3 167 0 6.6 14.3 7.5 2.5 2 1 3 0 0
3013.2 7686.7 -5.0 346 0 8.9 15.0 5.0 0.0 0 1 2 5 5
3014.9 7666.9 -5.2 350 0 6.2 4.5 5.0 2.5 4 0 2 2 2
2027.1 7773.6 -4.2 236 0 6.9 16.2 7.5 2.5 2 1 3 2 2
1974.4 7768.5 -5.5 234 0 24.7 12.5 12.5 2.5 2 0 5 1 1
2002.3 7756.7 -4.8 54 0 8.5 5.3 10.5 2.5 2 0 3 0 0
2001.6 7737.3 -5.2 54 0 35.1 15.4 10.0 0.0 0 0 4 3 3
2019.1 7724.0 -4.6 145 0 42.2 9.5 7.5 2.5 2 0 3 3 3
2037.5 7726.8 -4.0 144 0 8.3 13.7 7.5 2.5 2 1 3 4 4
1283.2 6797.1 -3.2 70 0 9.8 9.8 5.0 2.5 2 1 2 5 5
1228.0 6802.9 -3.5 340 0 9.0 11.2 5.0 2.5 2 1 2 4 4
1197.2 6794.5 -3.7 225 0 8.1 13.1 5.0 2.5 2 1 2 1 1
1210.1 6817.3 -4.0 344 0 5.8 5.3 7.5 2.5 4 0 3 0 0
1206.5 6829.6 -4.5 344 0 19.9 5.3 5.0 2.5 2 0 2 3 3
1168.5 6843.5 -5.5 251 0 15.6 6.8 5.0 2.5 2 0 2 0 0
1194.3 6811.6 -4.5 69 0 5.7 12.0 5.0 0.0 0 1 2 1 1
-331.9 791.5 -18.2 13 0 12.4 12.0 7.5 2.5 2 0 3 0 0
-241.0 853.1 -13.6 103 0 10.8 13.1 2.5 2.5 4 1 1 0 0
-254.1 890.1 -14.5 193 0 16.0 9.2 7.5 2.5 2 0 3 0 0
-290.2 950.5 -18.0 13 0 10.9 12.7 2.5 2.5 2 1 1 1 1
-271.3 1003.9 -17.4 283 0 14.4 13.3 5.0 2.5 2 0 2 1 1
-302.7 1125.0 -19.3 193 0 9.8 28.1 7.5 2.5 4 1 3 1 1
-267.3 1162.4 -18.8 13 0 7.5 23.7 2.5 2.5 4 1 1 3 3
-286.3 1023.4 -19.7 13 0 12.8 20.8 12.5 2.5 2 1 5 2 2
-272.2 1056.3 -18.5 283 0 12.8 18.5 5.0 0.0 0 1 2 5 5
-267.2 1067.8 -17.9 104 0 9.9 13.2 7.5 2.5 2 1 3 5 5
-148.2 1216.6 -12.7 284 0 15.4 13.9 10.0 2.5 2 0 4 5 5
-271.8 1225.9 -19.0 14 0 11.4 12.0 2.5 2.5 2 1 1 0 0
-250.5 1128.1 -17.1 104 0 17.0 14.0 5.0 2.5 2 0 2 4 4
3883.3 1447.0 -4.1 74 0 5.8 5.7 7.5 2.5 2 0 3 4 4
-6515.1 -8418.1 -5.1 193 0 7.5 14.7 2.5 2.5 2 1 1 2 2
-6309.5 -8431.7 -5.4 102 0 7.0 9.2 7.5 2.5 2 1 3 0 0
-6280.5 -8393.2 -6.1 283 0 23.0 8.7 7.5 0.0 0 0 3 0 0
-6245.7 -8400.9 -6.3 283 0 5.7 9.3 7.5 2.5 2 1 3 0 0
-6211.0 -8407.0 -6.5 282 0 7.6 19.2 5.0 2.5 2 1 2 1 1
-6237.2 -8447.3 -6.0 105 0 5.5 10.3 7.5 2.5 2 1 3 5 5
-6917.6 -8445.5 -10.8 103 0 10.2 7.7 7.5 2.5 2 0 3 3 3
-6914.2 -8475.7 -10.5 272 0 8.2 8.2 5.0 2.5 2 1 2 1 1
-6304.2 -8392.6 -5.3 284 0 9.2 13.0 7.5 2.5 2 1 3 0 0
-6328.3 -8442.3 -5.2 104 0 6.4 16.5 7.5 2.5 2 1 3 2 2
-6900.5 -8419.7 -10.7 11 0 6.0 7.6 5.0 2.5 2 1 2 0 0
-6930.4 -8415.7 -11.2 194 0 12.2 5.3 7.5 2.5 2 0 3 0 0
-6278.1 -8438.3 -5.6 100 0 6.4 15.8 7.5 2.5 2 1 3 3 3
-6366.0 -8398.4 -4.4 287 0 7.1 16.1 7.5 2.5 2 1 3 0 0
-6953.5 -8452.4 -11.5 193 0 8.5 9.8 7.5 2.5 2 1 3 1 1
-6556.7 -8431.1 -5.1 285 0 5.3 10.5 7.5 2.5 2 1 3 4 4
-6203.6 -8451.0 -6.2 8 0 9.0 13.0 7.5 2.5 2 1 3 3 3
-6480.9 -8387.5 -5.1 283 0 7.0 11.5 2.5 2.5 2 1 1 5 5
-6434.6 -8428.7 -4.6 103 0 10.3 24.0 7.5 2.5 2 1 3 3 3
-6507.7 -8447.8 -4.8 104 0 9.3 6.2 5.0 2.5 2 0 2 3 3
-6356.6 -8443.6 -5.0 105 0 7.6 11.5 5.0 2.5 2 1 2 0 0
-6391.9 -8385.9 -4.4 285 0 5.9 17.2 7.5 2.5 2 1 3 3 3
-6406.6 -8384.5 -4.6 282 0 6.5 10.6 5.0 0.0 0 1 2 5 5
-6551.6 -8460.9 -4.3 99 0 9.3 7.2 2.5 2.5 2 0 1 3 3
-6263.1 -8434.9 -5.7 101 0 11.4 6.4 7.5 0.0 0 0 3 1 1
4008.4 1187.5 -9.3 74 0 5.6 5.7 5.0 0.0 0 1 2 2 2
