-4820.5 5922.8 -5.4 265 0 9.4 12.8 2.5 2.5 2 1 1 0 0
-4849.5 5579.6 -2.9 93 0 13.2 13.6 7.5 2.5 2 1 3 1 1
-4886.3 5900.0 -4.9 268 0 19.2 20.5 5.0 2.5 2 1 2 1 1
-4829.1 5895.0 -5.1 90 0 5.0 9.7 7.5 2.5 2 1 3 0 0
-4826.8 5622.5 -2.9 270 0 9.8 9.4 7.5 2.5 2 0 3 2 2
-4866.9 5569.9 -2.9 92 0 7.1 10.6 5.0 2.5 2 1 2 1 1
-4866.5 5607.6 -2.5 269 0 12.3 13.2 2.5 2.5 2 1 1 5 5
-4804.2 5902.9 -5.2 0 0 5.8 5.8 5.0 2.5 2 0 2 4 4
-4901.3 5584.7 -2.5 181 0 10.1 6.8 5.0 2.5 2 0 2 0 0
-5648.1 5792.1 0.4 91 0 11.9 11.2 7.5 2.5 2 0 3 0 0
-5625.1 5985.6 -1.9 223 0 13.2 12.1 10.0 2.5 2 0 4 0 0
-5558.0 5701.3 0.0 91 0 13.1 15.7 7.5 2.5 2 1 3 4 4
-5618.0 5906.1 -0.7 89 0 8.9 14.8 2.5 2.5 2 1 1 5 5
-5431.4 5891.8 -2.3 111 0 13.5 14.2 7.5 2.5 4 1 3 2 2
-5687.5 5846.3 -0.0 2 0 13.5 9.5 7.5 2.5 2 0 3 5 5
-5636.2 5708.7 -0.5 179 0 13.3 9.3 5.0 2.5 2 0 2 0 0
-5675.9 5986.6 -1.9 41 0 29.5 16.8 10.0 2.5 4 0 4 1 1
-5164.6 5925.9 -2.6 243 0 23.1 12.2 10.0 2.5 2 0 4 1 1
-5608.3 5766.6 0.2 270 0 10.9 15.5 10.0 2.5 2 1 4 3 3
-5564.6 6040.1 -2.3 224 0 8.8 9.7 7.5 2.5 2 1 3 4 4
-5140.4 5861.5 -2.3 267 0 9.8 8.4 7.5 2.5 2 0 3 3 3
-5527.4 5516.5 -1.0 1 0 12.1 12.9 10.0 0.0 0 1 4 1 1
-5627.9 5610.6 -1.4 89 0 12.3 12.4 5.0 2.5 2 1 2 2 2
-5260.4 5877.3 -1.2 84 0 5.6 11.2 2.5 2.5 2 1 1 2 2
-5591.7 5888.8 -0.5 90 0 11.9 11.6 5.0 2.5 2 0 2 3 3
-5626.8 5863.2 -0.0 271 0 9.0 11.7 7.5 2.5 2 1 3 1 1
-5586.8 5861.6 0.0 270 0 9.2 10.9 7.5 2.5 2 1 3 1 1
-5636.7 5971.7 -1.5 224 0 10.4 10.2 7.5 2.5 2 0 3 0 0
-5556.0 5743.9 0.3 270 0 16.6 11.7 5.0 0.0 0 0 2 4 4
-5413.7 5998.1 -2.7 359 0 7.1 11.3 7.5 2.5 4 1 3 5 5
-5689.8 5758.0 -0.3 2 0 14.3 10.8 7.5 2.5 2 0 3 2 2
-5206.4 5880.2 -1.6 90 0 12.9 10.2 5.0 2.5 2 0 2 5 5
-5612.7 5701.7 -0.3 90 0 12.3 14.5 2.5 2.5 2 1 1 4 4
-5033.2 5623.1 -1.7 178 0 9.6 13.5 5.0 2.5 2 1 2 0 0
-5661.6 5943.2 -1.1 223 0 10.6 13.1 7.5 2.5 2 1 3 0 0
-5669.1 5958.9 -1.4 45 0 28.5 8.6 2.5 2.5 2 0 1 0 0
-5166.2 5885.0 -2.2 83 0 9.9 9.8 5.0 2.5 2 0 2 0 0
-5628.4 5768.6 0.1 271 0 13.8 13.9 7.5 2.5 2 1 3 4 4
-5687.7 5797.3 0.1 359 0 12.5 12.0 7.5 0.0 0 0 3 2 2
-5567.3 6014.2 -2.4 221 0 10.3 15.1 7.5 2.5 2 1 3 0 0
-5136.2 5892.3 -2.7 74 0 14.3 19.3 7.5 2.5 2 1 3 4 4
-5530.9 5534.8 -1.1 1 0 15.2 13.8 7.5 2.5 2 0 3 3 3
-5359.2 5883.6 -0.9 90 0 9.2 9.9 7.5 2.5 4 1 3 1 1
-5247.4 5887.4 -1.2 60 0 9.6 7.9 7.5 2.5 2 0 3 0 0
-5540.2 5933.6 -2.0 43 0 6.3 10.0 5.0 2.5 2 1 2 1 1
-5569.3 5789.7 0.8 91 0 9.8 12.2 5.0 2.5 2 1 2 0 0
-5524.1 5696.3 0.2 93 0 16.4 12.3 5.0 2.5 2 0 2 1 1
-5457.5 5958.0 -2.9 179 0 9.8 9.7 5.0 2.5 2 0 2 3 3
-5191.8 5887.7 -1.9 144 0 7.4 13.4 5.0 0.0 0 1 2 3 3
-5655.1 5675.4 -1.0 270 0 11.0 10.7 2.5 2.5 2 0 1 1 1
-5389.0 5855.2 -0.7 270 0 12.6 11.4 7.5 2.5 2 0 3 2 2
-5586.3 5585.5 -1.3 89 0 13.3 12.1 7.5 0.0 0 0 3 5 5
-5668.1 5895.6 -0.6 181 0 12.1 12.3 7.5 2.5 2 1 3 2 2
-5686.4 5943.4 -1.2 47 0 12.4 12.6 7.5 2.5 2 1 3 1 1
-5083.1 5916.7 -3.7 171 0 6.1 10.0 7.5 2.5 2 1 3 5 5
-5668.4 5857.5 -0.1 181 0 10.5 8.6 5.0 2.5 2 0 2 3 3
-5608.1 5862.5 -0.0 271 0 10.7 11.2 5.0 2.5 2 1 2 5 5
-5594.3 6019.3 -2.1 220 0 12.7 11.5 7.5 2.5 2 0 3 5 5
-5531.5 5566.4 -1.0 272 0 12.6 17.0 10.0 0.0 0 1 4 0 0
-5551.9 5556.9 -1.2 272 0 7.1 10.0 7.5 2.5 4 1 3 3 3
-5356.2 5932.7 -1.9 326 0 10.5 8.1 5.0 2.5 2 0 2 1 1
-5266.6 5855.7 -1.2 269 0 11.4 11.8 2.5 2.5 2 1 1 0 0
-5519.0 5912.6 -2.0 42 0 7.9 5.5 7.5 2.5 4 0 3 1 1
-5547.5 5789.6 0.6 89 0 15.5 11.7 7.5 2.5 2 0 3 0 0
-5512.1 5722.3 0.4 1 0 13.0 12.9 2.5 2.5 2 0 1 2 2
-5646.7 5768.6 -0.0 271 0 12.1 14.0 5.0 2.5 4 1 2 2 2
-5457.1 5983.7 -2.9 179 0 15.5 13.8 2.5 2.5 2 0 1 0 0
-5109.3 5809.7 -2.3 358 0 13.7 12.0 7.5 2.5 2 0 3 4 4
-5574.8 5447.1 -1.5 0 0 17.5 12.7 2.5 2.5 4 0 1 2 2
-5141.8 5937.6 -3.1 243 0 28.1 12.3 10.0 2.5 2 0 4 0 0
-5388.5 6024.3 -1.9 144 0 13.2 10.9 7.5 2.5 2 0 3 2 2
-5347.5 5854.0 -0.8 271 0 11.8 13.1 7.5 2.5 2 1 3 0 0
-5416.2 5852.3 -0.9 270 0 11.7 9.3 5.0 2.5 2 0 2 0 0
-5643.3 5888.2 -0.5 90 0 11.7 13.9 5.0 2.5 2 1 2 4 4
-5061.1 5906.6 -3.9 82 0 10.1 11.4 7.5 2.5 2 1 3 1 1
-5627.3 5790.9 0.5 91 0 10.9 12.2 10.0 2.5 4 1 4 1 1
-5519.0 5649.0 -0.4 3 0 13.2 12.1 5.0 2.5 2 0 2 3 3
-5375.4 5959.9 -2.8 323 0 12.4 8.5 5.0 2.5 2 0 2 4 4
-5226.8 5802.9 -1.4 79 0 9.2 11.0 7.5 2.5 2 1 3 2 2
-5177.2 5858.5 -1.8 264 0 8.9 7.6 7.5 2.5 2 0 3 4 4
-5636.2 5675.7 -0.9 271 0 13.8 14.5 7.5 2.5 4 1 3 1 1
-5671.7 5762.6 -0.1 181 0 12.1 11.8 5.0 2.5 2 0 2 5 5
-5645.9 5863.4 -0.1 270 0 8.8 11.6 2.5 2.5 4 1 1 3 3
-5519.2 6047.6 -2.6 222 0 10.9 11.0 2.5 2.5 2 1 1 1 1
-5585.1 5998.9 -2.2 220 0 13.9 14.3 5.0 2.5 2 1 2 5 5
-5592.4 5497.1 -1.8 269 0 16.2 10.9 5.0 2.5 2 0 2 5 5
-5551.0 5567.8 -1.2 273 0 7.1 8.4 5.0 0.0 0 1 2 2 2
-5371.9 6001.4 -1.7 143 0 13.4 10.7 7.5 0.0 0 0 3 4 4
-5290.6 5854.1 -1.1 270 0 12.9 15.1 5.0 2.5 2 1 2 2 2
-5627.8 5889.3 -0.5 90 0 11.4 13.2 2.5 2.5 2 1 1 2 2
-5522.5 5898.4 -1.6 36 0 7.6 9.2 5.0 0.0 0 1 2 0 0
-5608.5 5790.8 0.6 91 0 9.5 12.9 2.5 2.5 2 1 1 2 2
-5522.8 5677.4 -0.2 272 0 12.4 14.8 5.0 2.5 2 1 2 3 3
-5554.2 5766.7 0.6 271 0 14.5 12.9 7.5 2.5 2 0 3 5 5
-5131.9 5802.2 -2.2 0 0 9.1 13.3 7.5 2.5 2 1 3 2 2
-5615.8 5674.3 -0.8 271 0 17.6 15.2 10.0 2.5 4 0 4 2 2
-4943.2 5834.7 -3.9 1 0 11.9 13.0 10.0 2.5 2 1 4 5 5
-5066.8 5850.8 -3.2 1 0 14.6 6.5 7.5 2.5 2 0 3 0 0
-5664.4 5791.7 0.3 90 0 9.1 10.9 7.5 2.5 2 1 3 0 0
-5606.0 6005.5 -2.1 220 0 15.0 11.7 5.0 2.5 2 0 2 1 1
-5648.5 5959.9 -1.3 221 0 14.1 12.7 7.5 2.5 2 0 3 5 5
-5379.0 5886.9 -1.3 89 0 11.3 10.3 2.5 0.0 0 0 1 1 1
-5234.9 5856.6 -1.4 266 0 12.1 10.9 10.0 2.5 2 0 4 2 2
-5224.7 5884.8 -1.4 56 0 10.6 11.6 5.0 2.5 2 1 2 1 1
-5506.2 5903.4 -2.2 58 0 13.2 13.7 2.5 2.5 2 1 1 3 3
-5651.7 5740.7 -0.2 179 0 6.6 11.2 7.5 2.5 2 1 3 3 3
-5590.5 5790.3 0.7 90 0 10.4 11.8 5.0 2.5 2 1 2 5 5
-5570.8 5765.4 0.5 271 0 12.2 12.0 10.0 2.5 2 0 4 3 3
-5396.8 5991.7 -2.8 329 0 13.9 9.7 2.5 2.5 2 0 1 0 0
-5488.0 6033.6 -2.7 43 0 11.9 13.8 5.0 2.5 2 1 2 0 0
-5135.9 5822.2 -2.0 0 0 12.4 15.9 10.0 2.5 2 1 4 4 4
-5615.1 5467.2 -2.0 181 0 19.9 14.1 7.5 2.5 2 0 3 3 3
-5602.2 5657.9 -0.9 269 0 8.3 16.4 7.5 2.5 2 1 3 5 5
-4975.2 5877.2 -4.3 183 0 9.0 14.6 5.0 2.5 2 1 2 2 2
-5607.9 5889.1 -0.5 90 0 10.7 12.1 2.5 2.5 2 1 1 1 1
-5546.2 5853.9 -0.1 272 0 10.2 17.0 5.0 2.5 2 1 2 0 0
2482.4 7935.9 24.6 180 0 30.8 15.6 7.5 2.5 2 0 3 2 2
6867.1 -99.5 -28.1 191 0 8.6 13.8 7.5 2.5 2 1 3 1 1
6860.7 162.4 -28.4 261 0 10.8 16.1 10.0 2.5 2 1 4 1 1
6932.3 121.5 -28.8 2 0 6.3 12.0 5.0 2.5 2 1 2 3 3
6915.9 99.1 -29.4 91 0 3.3 5.9 7.5 2.5 2 1 3 2 2
6888.5 148.8 -28.5 264 0 10.7 11.4 10.0 0.0 0 1 4 2 2
6907.6 209.1 -26.5 102 0 6.9 7.1 7.5 2.5 2 1 3 3 3
6869.5 224.1 -26.2 196 0 7.3 6.0 5.0 2.5 2 0 2 3 3
6956.2 206.2 -27.3 97 0 5.6 3.8 7.5 2.5 2 0 3 3 3
6895.2 282.7 -24.9 273 0 3.5 6.6 5.0 0.0 0 1 2 5 5
6887.7 226.6 -25.8 100 0 3.8 5.0 7.5 2.5 2 1 3 3 3
6801.0 215.9 -28.3 105 0 6.4 9.6 7.5 2.5 2 1 3 4 4
6814.2 212.4 -27.9 106 0 5.9 7.7 2.5 2.5 2 1 1 5 5
6823.4 127.7 -29.0 121 0 6.5 3.9 5.0 2.5 2 0 2 2 2
6849.3 121.2 -29.2 132 0 4.5 3.3 5.0 2.5 2 0 2 1 1
6819.7 6.5 -31.4 25 0 6.8 11.2 2.5 2.5 2 1 1 5 5
6804.9 43.7 -30.7 298 0 18.7 10.2 5.0 2.5 2 0 2 1 1
6781.7 43.7 -30.6 283 0 6.2 16.3 5.0 2.5 2 1 2 3 3
6169.2 329.2 -26.8 281 0 7.4 24.0 2.5 2.5 2 1 1 3 3
6252.8 78.5 -27.8 91 0 6.4 8.2 5.0 2.5 2 1 2 4 4
6262.0 113.4 -28.0 271 0 7.4 18.4 7.5 2.5 2 1 3 3 3
6310.4 76.8 -27.8 1 0 10.3 15.2 2.5 2.5 2 1 1 4 4
6167.4 155.4 -28.3 281 0 5.2 5.5 7.5 2.5 2 1 3 4 4
6212.0 88.7 -27.8 181 0 7.8 5.9 5.0 2.5 2 0 2 3 3
6315.7 238.3 -27.1 188 0 9.3 6.6 7.5 2.5 2 0 3 4 4
6240.6 390.5 -25.0 283 0 7.3 10.5 5.0 2.5 2 1 2 4 4
6129.8 308.8 -26.9 287 0 4.4 7.0 7.5 2.5 2 1 3 1 1
6247.7 362.7 -24.8 190 0 9.7 19.4 2.5 2.5 2 1 1 3 3
6148.3 335.2 -25.9 285 0 6.9 8.1 5.0 2.5 2 1 2 0 0
6131.8 326.3 -26.8 282 0 10.1 12.6 10.0 2.5 2 1 4 4 4
6135.8 296.1 -27.0 99 0 12.3 5.1 5.0 2.5 2 0 2 5 5
6276.6 396.3 -24.8 198 0 26.2 16.4 12.5 0.0 0 0 5 3 3
6274.7 322.8 -24.7 98 0 9.0 8.5 7.5 2.5 2 0 3 4 4
6149.8 291.1 -27.0 98 0 14.6 8.0 2.5 2.5 2 0 1 4 4
6415.1 444.2 -24.0 200 0 11.4 9.9 7.5 2.5 2 0 3 5 5
6293.9 466.7 -24.0 201 0 7.0 9.0 7.5 2.5 2 1 3 5 5
6457.1 487.5 -23.1 200 0 7.2 8.9 7.5 2.5 2 1 3 1 1
6446.2 425.1 -23.9 18 0 11.6 8.8 2.5 2.5 4 0 1 5 5
6535.7 502.5 -22.8 17 0 7.4 14.5 7.5 2.5 2 1 3 0 0
6470.3 399.3 -23.9 18 0 11.3 8.2 2.5 2.5 4 0 1 1 1
6510.4 508.0 -22.6 205 0 4.7 7.8 7.5 2.5 2 1 3 2 2
6429.1 390.8 -23.8 200 0 9.1 9.8 5.0 2.5 2 1 2 0 0
6476.0 537.6 -22.5 110 0 5.4 10.7 7.5 2.5 2 1 3 1 1
6455.8 587.6 -22.5 112 0 5.0 10.4 7.5 2.5 4 1 3 0 0
6523.6 546.8 -22.6 20 0 7.8 18.0 2.5 2.5 2 1 1 2 2
6498.0 552.1 -22.6 109 0 4.4 9.3 7.5 2.5 2 1 3 4 4
6537.2 559.8 -22.7 18 0 17.7 6.7 7.5 2.5 2 0 3 3 3
6529.2 586.3 -22.7 20 0 7.5 10.5 7.5 2.5 2 1 3 1 1
6491.6 597.2 -22.6 199 0 4.8 8.2 5.0 2.5 2 1 2 0 0
6504.8 604.0 -22.6 292 0 7.5 3.6 5.0 2.5 2 0 2 0 0
6488.9 588.2 -22.6 199 0 7.5 12.3 2.5 2.5 2 1 1 2 2
6186.7 402.1 -25.5 23 0 5.8 9.5 5.0 2.5 2 1 2 2 2
6183.2 431.6 -25.1 202 0 18.2 5.6 5.0 2.5 2 0 2 1 1
5661.6 778.5 -22.0 189 0 8.6 16.5 7.5 0.0 0 1 3 2 2
5558.2 600.0 -24.0 192 0 14.3 26.6 10.0 2.5 2 1 4 3 3
5681.7 746.5 -22.3 100 0 11.7 17.9 2.5 2.5 2 1 1 1 1
5574.1 685.2 -23.7 12 0 16.7 5.7 5.0 2.5 2 0 2 4 4
5830.2 726.1 -21.4 191 0 29.5 11.9 10.0 2.5 2 0 4 3 3
5812.0 690.0 -22.3 202 0 11.5 11.0 5.0 2.5 2 0 2 1 1
5822.3 754.4 -21.6 189 0 10.5 15.9 5.0 2.5 2 1 2 1 1
5923.2 618.2 -21.6 282 0 4.2 6.4 7.5 2.5 2 1 3 1 1
5887.0 616.1 -22.1 123 0 8.5 10.6 5.0 2.5 2 1 2 0 0
5910.8 584.2 -22.8 135 0 6.9 13.8 5.0 2.5 2 1 2 5 5
5947.5 528.9 -23.8 114 0 9.7 7.4 7.5 2.5 2 0 3 1 1
5974.4 559.5 -23.3 17 0 10.5 14.6 2.5 0.0 0 1 1 0 0
5918.0 560.6 -23.5 142 0 13.8 6.0 7.5 2.5 2 0 3 5 5
5866.3 639.2 -22.0 107 0 7.3 13.2 5.0 2.5 2 1 2 5 5
5940.6 576.5 -23.1 141 0 15.0 7.9 2.5 2.5 2 0 1 1 1
6017.0 437.2 -25.2 103 0 6.2 12.3 5.0 2.5 2 1 2 3 3
6042.0 374.2 -26.4 325 0 6.8 13.5 2.5 2.5 2 1 1 5 5
6081.5 254.1 -27.9 68 0 8.6 7.8 2.5 2.5 4 0 1 0 0
6065.2 359.5 -26.4 328 0 10.8 8.3 5.0 2.5 2 0 2 5 5
6343.5 305.0 -24.3 101 0 7.7 7.2 5.0 2.5 2 0 2 3 3
6057.4 306.8 -27.2 153 0 7.9 7.2 5.0 2.5 2 0 2 2 2
6052.2 317.2 -27.1 147 0 8.3 8.6 2.5 2.5 2 1 1 0 0
6044.0 323.8 -27.0 151 0 7.1 11.2 5.0 2.5 2 1 2 5 5
4837.8 -152.7 -19.6 78 0 102.9 16.1 10.0 0.0 0 0 4 0 0
-5914.4 5671.6 -2.9 91 0 11.2 14.6 7.5 2.5 2 1 3 5 5
-5769.6 5773.1 -0.8 273 0 6.1 14.4 5.0 0.0 0 1 2 4 4
-5916.7 5762.9 -2.1 180 0 13.8 13.0 5.0 0.0 0 0 2 0 0
-5724.1 5792.6 -0.0 89 0 11.5 9.8 5.0 2.5 2 0 2 3 3
-5790.7 5799.9 -0.6 179 0 12.5 10.7 7.5 2.5 4 0 3 4 4
-5704.4 5868.7 -0.2 270 0 9.8 7.1 5.0 2.5 2 0 2 1 1
-5730.6 5772.4 -0.4 269 0 10.8 12.8 5.0 2.5 4 1 2 0 0
-5809.0 5769.2 -1.1 359 0 10.0 10.9 5.0 2.5 2 1 2 1 1
-6070.4 5800.8 -2.3 269 0 10.5 11.3 5.0 2.5 2 1 2 2 2
-5938.7 5737.3 -2.6 0 0 14.1 11.2 7.5 2.5 2 0 3 1 1
-5916.1 5802.3 -2.4 182 0 13.2 13.4 10.0 0.0 0 1 4 0 0
-5802.4 5858.5 -1.1 0 0 12.9 12.8 7.5 2.5 4 0 3 1 1
-6028.6 5783.2 -2.6 358 0 10.0 28.0 7.5 0.0 0 1 3 0 0
-5943.3 5816.7 -3.4 360 0 10.9 27.6 7.5 2.5 4 1 3 0 0
-5878.4 5863.4 -2.4 270 0 17.5 11.7 10.0 2.5 2 0 4 4 4
-5720.7 5867.5 -0.2 270 0 11.0 9.0 5.0 2.5 2 0 2 3 3
-5834.4 5871.2 -1.7 271 0 9.8 10.1 7.5 2.5 2 1 3 1 1
-5820.9 5677.2 -2.1 0 0 10.9 12.1 7.5 2.5 4 1 3 1 1
-5835.3 5774.0 -1.3 270 0 11.9 12.3 5.0 2.5 2 1 2 3 3
-5852.5 5796.1 -1.4 91 0 11.5 14.3 5.0 2.5 4 1 2 5 5
-5854.9 5774.0 -1.5 270 0 8.7 11.7 5.0 2.5 2 1 2 1 1
-5803.4 5801.7 -0.9 357 0 11.2 14.0 5.0 2.5 2 1 2 5 5
-5950.8 5680.3 -2.7 14 0 12.1 9.9 7.5 2.5 2 0 3 4 4
-6019.8 5792.2 -2.9 93 0 10.2 31.0 12.5 2.5 2 1 5 5 5
-5918.4 5858.5 -3.0 180 0 11.3 9.0 2.5 2.5 2 0 1 2 2
-5747.0 5793.7 -0.2 90 0 10.4 9.4 5.0 2.5 2 0 2 3 3
-5852.7 5865.7 -2.0 270 0 14.5 12.4 5.0 2.5 2 0 2 3 3
-5747.5 5866.4 -0.3 271 0 11.1 10.2 2.5 2.5 2 0 1 5 5
-5830.8 5795.6 -1.1 90 0 13.8 12.2 5.0 2.5 4 0 2 2 2
-5891.0 5772.3 -1.8 270 0 10.4 12.6 5.0 2.5 2 1 2 3 3
-5823.5 5725.9 -1.7 0 0 7.4 15.1 7.5 2.5 2 1 3 5 5
-6042.7 5911.8 -3.3 52 0 6.8 9.8 7.5 2.5 2 1 3 5 5
-5960.5 5889.0 -3.7 89 0 7.9 21.9 7.5 0.0 0 1 3 0 0
-6086.0 6117.6 -4.0 324 0 14.2 11.3 5.0 2.5 2 0 2 2 2
-6151.8 5971.8 -3.7 142 0 7.1 13.0 7.5 2.5 2 1 3 0 0
-6108.6 6044.8 -3.8 51 0 13.5 12.5 5.0 2.5 4 0 2 1 1
-6036.4 5982.7 -3.1 237 0 9.2 10.0 5.0 2.5 2 1 2 0 0
-6213.8 6028.4 -4.8 231 0 10.6 5.2 7.5 2.5 2 0 3 5 5
-6008.0 6006.3 -2.9 234 0 9.8 11.6 7.5 2.5 4 1 3 0 0
-5997.2 5894.0 -3.6 89 0 13.7 13.2 2.5 2.5 4 0 1 4 4
-6111.4 5971.4 -3.5 53 0 18.1 12.0 7.5 2.5 2 0 3 1 1
-6109.1 5908.5 -3.6 141 0 11.4 10.0 5.0 2.5 2 0 2 4 4
-6074.8 5970.5 -3.3 52 0 9.1 9.4 7.5 2.5 2 1 3 1 1
-6269.4 5992.1 -4.8 241 0 13.0 10.5 10.0 2.5 2 0 4 0 0
-6286.8 5975.9 -4.6 153 0 15.2 7.5 7.5 2.5 2 0 3 3 3
-6063.0 6090.3 -3.6 323 0 16.3 11.6 5.0 2.5 2 0 2 3 3
-6110.5 6017.2 -3.6 234 0 9.8 10.8 7.5 2.5 2 1 3 5 5
-6097.6 5936.6 -3.5 234 0 11.0 11.4 5.0 2.5 2 1 2 3 3
-6098.5 5952.1 -3.4 51 0 9.3 10.2 7.5 2.5 4 1 3 4 4
-6059.4 5982.2 -3.1 52 0 8.9 10.8 7.5 2.5 2 1 3 5 5
-6067.0 5959.9 -3.3 236 0 12.3 11.3 5.0 2.5 2 0 2 2 2
-5971.4 5969.2 -3.0 323 0 13.5 11.2 2.5 2.5 2 0 1 4 4
-6080.3 5945.2 -3.4 236 0 10.9 10.4 5.0 2.5 2 0 2 4 4
-6068.4 6051.8 -3.4 234 0 15.7 12.2 2.5 2.5 2 0 1 2 2
-6228.4 5982.6 -4.6 59 0 5.8 12.1 5.0 2.5 2 1 2 5 5
-6015.5 6017.0 -2.9 52 0 10.0 10.8 5.0 2.5 2 1 2 1 1
-6266.4 5971.6 -4.6 153 0 5.4 12.7 5.0 2.5 2 1 2 3 3
-6045.6 5992.4 -3.1 52 0 10.6 11.0 5.0 2.5 2 1 2 1 1
-6233.7 6013.0 -4.8 236 0 11.5 9.4 2.5 2.5 2 0 1 2 2
-6018.2 5918.0 -3.3 52 0 8.9 11.4 7.5 2.5 2 1 3 0 0
-6122.2 5935.6 -3.6 54 0 9.5 11.1 5.0 2.5 2 1 2 4 4
-6049.8 5968.4 -3.2 227 0 10.1 10.3 5.0 2.5 2 1 2 3 3
-6020.1 5992.3 -3.0 231 0 11.3 12.0 7.5 2.5 2 1 3 1 1
-5987.2 5991.0 -2.8 332 0 9.3 8.6 2.5 2.5 2 0 1 5 5
-5978.2 5892.5 -3.6 86 0 18.9 12.9 7.5 2.5 2 0 3 1 1
-6049.8 5901.2 -3.5 0 0 12.8 11.1 5.0 2.5 2 0 2 3 3
-6053.3 6063.5 -3.3 234 0 10.3 13.1 7.5 2.5 2 1 3 4 4
-6094.5 6011.9 -3.4 229 0 7.9 13.3 7.5 0.0 0 0 3 0 0
-5934.1 5892.9 -3.7 89 0 8.3 9.3 2.5 2.5 2 1 1 1 1
-6031.3 6006.9 -2.9 51 0 9.9 8.6 7.5 2.5 2 0 3 3 3
-5966.1 5937.3 -3.3 230 0 9.8 11.1 5.0 2.5 2 1 2 1 1
-6142.6 5952.5 -3.6 143 0 15.8 12.8 5.0 2.5 2 0 2 5 5
-5984.0 5951.0 -3.1 50 0 10.3 14.2 5.0 2.5 2 1 2 4 4
-5998.1 5939.0 -3.1 51 0 10.1 13.1 5.0 2.5 2 1 2 4 4
-5900.8 5945.2 -3.3 47 0 11.2 11.4 7.5 2.5 2 1 3 0 0
-5861.8 5985.6 -3.1 51 0 11.1 13.6 5.0 2.5 2 1 2 5 5
-5798.1 5891.0 -1.3 86 0 8.5 11.2 5.0 2.5 2 1 2 3 3
-6031.2 6150.1 -4.1 236 0 10.8 10.9 2.5 2.5 4 1 1 3 3
-5862.1 6044.0 -2.5 53 0 9.5 12.6 7.5 0.0 0 1 3 2 2
-5839.4 5936.8 -2.6 37 0 11.2 11.1 5.0 2.5 4 0 2 5 5
-5923.5 6024.3 -2.5 50 0 12.5 8.2 7.5 2.5 2 0 3 5 5
-5894.6 5921.5 -3.2 211 0 16.2 10.8 2.5 2.5 2 0 1 3 3
-5887.8 6002.1 -3.0 230 0 11.7 13.1 2.5 2.5 4 1 1 3 3
-5919.8 6076.6 -2.3 234 0 9.8 12.2 5.0 2.5 2 1 2 1 1
-5779.4 5890.2 -1.0 89 0 11.2 13.0 5.0 2.5 2 1 2 0 0
-6011.8 6117.8 -3.6 52 0 10.9 12.9 7.5 2.5 2 1 3 2 2
-5947.8 5975.2 -2.9 53 0 7.2 11.4 7.5 2.5 2 1 3 5 5
-5871.0 6017.4 -2.9 231 0 8.2 13.2 5.0 2.5 2 1 2 3 3
-5844.6 5904.1 -2.2 221 0 14.0 12.0 2.5 2.5 2 0 1 1 1
-5929.6 5988.9 -2.8 55 0 10.2 12.4 7.5 2.5 4 1 3 2 2
-5979.2 6048.6 -2.7 50 0 10.9 13.9 10.0 2.5 2 1 4 0 0
-5916.1 6055.3 -2.3 225 0 4.3 8.4 5.0 0.0 0 1 2 0 0
-5900.1 6092.5 -2.2 234 0 8.7 11.9 5.0 0.0 0 1 2 0 0
-5906.5 5921.6 -3.5 56 0 7.9 11.7 7.5 0.0 0 1 3 2 2
-5995.6 6129.6 -3.7 56 0 10.6 10.8 5.0 2.5 2 1 2 4 4
-5965.9 6039.0 -2.6 232 0 11.8 13.1 5.0 2.5 2 1 2 2 2
-5747.4 5891.1 -0.7 91 0 10.6 10.8 5.0 2.5 4 1 2 0 0
-6002.0 6104.2 -3.1 233 0 11.2 13.8 7.5 2.5 2 1 3 1 1
-6048.9 6098.0 -3.5 146 0 11.5 10.7 7.5 2.5 2 0 3 2 2
-6072.2 6123.4 -4.0 145 0 13.8 12.8 2.5 2.5 2 0 1 1 1
-5976.7 6108.7 -2.9 235 0 7.6 8.7 2.5 2.5 2 1 1 4 4
-6061.8 6149.2 -4.3 234 0 13.9 13.5 2.5 2.5 2 0 1 0 0
-5915.4 5969.9 -3.2 230 0 10.7 12.4 2.5 2.5 4 1 1 0 0
-5866.6 5900.0 -2.8 39 0 11.8 14.5 10.0 2.5 2 1 4 1 1
-5993.6 6037.2 -2.8 52 0 10.9 13.5 5.0 2.5 2 1 2 4 4
-5882.3 5955.9 -3.3 46 0 12.4 13.0 5.0 2.5 2 1 2 0 0
-5764.9 5891.6 -0.7 89 0 9.5 9.8 2.5 2.5 2 1 1 2 2
-5891.7 6068.5 -2.2 326 0 9.9 9.6 5.0 2.5 2 0 2 1 1
-5847.3 6003.6 -2.9 53 0 7.7 13.1 5.0 2.5 4 1 2 4 4
-6029.5 6173.0 -4.1 229 0 9.0 12.6 2.5 2.5 2 1 1 1 1
-5912.5 6002.3 -2.7 55 0 10.2 12.7 7.5 2.5 2 1 3 5 5
-5982.8 6014.9 -2.7 143 0 12.7 9.1 5.0 2.5 2 0 2 0 0
-5937.4 5954.7 -3.2 143 0 11.9 10.6 7.5 2.5 2 0 3 1 1
-6029.9 6083.2 -3.2 236 0 10.0 12.8 5.0 2.5 2 1 2 2 2
-5950.4 6050.5 -2.5 234 0 7.5 11.2 2.5 2.5 4 1 1 0 0
-5813.6 5891.1 -1.6 91 0 7.1 10.9 7.5 2.5 2 1 3 4 4
-5894.6 6016.2 -2.6 53 0 10.2 13.1 5.0 2.5 2 1 2 4 4
-5940.4 6013.8 -2.6 51 0 10.4 6.0 2.5 2.5 2 0 1 0 0
-6015.5 6092.1 -3.1 231 0 10.6 11.0 5.0 2.5 4 1 2 4 4
-5934.6 6064.6 -2.3 230 0 8.7 11.0 7.5 2.5 4 1 3 3 3
-6026.3 6106.8 -3.5 58 0 10.1 12.1 5.0 2.5 2 1 2 0 0
-5966.7 6058.8 -2.7 54 0 12.8 11.8 2.5 2.5 2 0 1 0 0
-5907.8 6039.4 -2.4 57 0 10.2 5.6 5.0 2.5 2 0 2 2 2
-5953.7 6073.6 -2.6 51 0 10.3 13.6 10.0 2.5 2 1 4 0 0
-5867.1 6162.2 -3.2 141 0 21.3 26.4 10.0 0.0 0 0 4 2 2
-5818.3 6020.9 -2.9 132 0 7.3 11.8 2.5 2.5 2 1 1 0 0
-5768.1 6044.6 -2.6 42 0 11.7 12.3 2.5 2.5 2 1 1 2 2
-5783.8 5993.0 -2.3 43 0 11.8 11.8 5.0 2.5 2 0 2 2 2
-5812.8 5963.6 -2.4 43 0 10.4 6.2 5.0 2.5 2 0 2 3 3
-5757.1 6020.5 -2.2 44 0 11.8 11.4 5.0 2.5 2 0 2 4 4
-5779.9 6246.1 -3.5 322 0 12.4 11.8 7.5 2.5 2 0 3 1 1
-5850.6 5972.4 -3.0 221 0 12.6 11.9 5.0 0.0 0 0 2 2 2
-5743.7 6035.8 -2.4 42 0 14.4 10.6 5.0 2.5 2 0 2 3 3
-5716.0 6264.5 -3.4 321 0 15.1 14.5 5.0 2.5 2 0 2 5 5
-5824.3 6086.7 -2.3 233 0 11.9 12.3 5.0 2.5 2 1 2 2 2
-5779.3 6054.1 -2.7 41 0 9.7 10.7 5.0 0.0 0 1 2 1 1
-5774.5 6003.1 -2.2 43 0 11.3 10.3 5.0 0.0 0 0 2 5 5
-5725.9 6107.1 -3.4 45 0 15.0 8.9 5.0 2.5 2 0 2 5 5
-5834.7 6077.9 -2.4 227 0 5.5 13.8 5.0 2.5 2 1 2 0 0
-5882.4 6107.6 -2.6 143 0 13.3 13.3 5.0 2.5 2 1 2 2 2
-5732.7 6070.8 -2.9 42 0 9.3 14.7 2.5 2.5 2 1 1 3 3
-5835.4 5995.7 -3.0 220 0 10.2 12.9 10.0 0.0 0 1 4 5 5
-5830.1 6043.4 -2.7 141 0 11.5 9.8 7.5 2.5 2 0 3 4 4
-5826.2 5948.6 -2.5 43 0 10.2 9.6 2.5 2.5 2 0 1 0 0
-5714.3 6068.0 -2.8 44 0 11.8 11.1 7.5 2.5 2 0 3 4 4
-5810.5 6211.2 -3.2 51 0 9.3 9.0 2.5 2.5 2 0 1 1 1
-5855.6 6083.1 -2.1 53 0 9.8 10.1 2.5 2.5 2 1 1 0 0
-5846.4 6070.5 -2.4 229 0 8.5 11.5 5.0 2.5 2 1 2 4 4
-5797.2 5976.2 -2.3 42 0 13.2 11.7 2.5 2.5 2 0 1 3 3
-5869.1 6098.4 -2.2 144 0 5.2 10.0 5.0 2.5 4 1 2 3 3
-5823.2 6059.2 -2.5 143 0 10.7 5.8 5.0 2.5 2 0 2 4 4
-5882.1 6149.6 -3.2 142 0 30.4 19.5 10.0 2.5 2 0 4 0 0
-5502.7 6088.7 -2.1 268 0 10.4 11.4 5.0 2.5 2 1 2 2 2
-5662.7 6047.7 -2.4 220 0 14.6 11.5 7.5 2.5 2 0 3 1 1
-5585.5 6054.9 -2.5 43 0 12.2 11.6 5.0 2.5 2 0 2 1 1
-5549.3 6032.8 -2.5 220 0 8.2 14.3 7.5 2.5 2 1 3 5 5
-5517.9 6072.1 -2.2 224 0 12.2 11.1 5.0 2.5 2 0 2 3 3
-5604.2 6046.2 -2.4 43 0 12.6 10.9 7.5 0.0 0 0 3 0 0
-5549.8 6052.0 -2.3 219 0 8.6 9.4 5.0 2.5 2 1 2 5 5
-5536.6 6119.1 -2.3 45 0 8.7 13.4 7.5 2.5 2 1 3 0 0
-5610.2 6028.4 -2.2 41 0 9.0 9.8 5.0 2.5 4 1 2 5 5
-5496.6 6060.4 -2.4 316 0 5.3 8.8 5.0 2.5 2 1 2 1 1
-5624.1 6014.3 -2.2 43 0 12.2 11.7 7.5 2.5 2 0 3 1 1
-5618.4 6045.2 -2.4 42 0 5.3 13.0 7.5 0.0 0 1 3 5 5
-5540.1 6042.0 -2.6 224 0 16.5 15.7 15.0 0.0 0 0 6 5 5
-4949.9 6178.6 -1.3 239 0 11.9 11.4 5.0 2.5 2 0 2 1 1
-5989.0 6456.9 -4.7 278 0 12.3 8.0 7.5 2.5 2 0 3 5 5
-5424.1 6521.2 -3.8 189 0 8.1 15.7 7.5 0.0 0 1 3 1 1
-5249.3 6277.9 -2.8 148 0 13.8 9.4 7.5 2.5 4 0 3 4 4
-5612.2 6344.3 -2.9 147 0 9.7 10.7 7.5 2.5 2 1 3 4 4
-6186.0 6029.0 -4.2 226 0 6.0 9.4 7.5 2.5 2 1 3 5 5
-5492.8 6291.6 -2.6 235 0 9.3 9.2 7.5 2.5 2 0 3 4 4
-5962.7 6432.1 -4.7 90 0 10.5 9.7 7.5 0.0 0 0 3 5 5
-5173.0 6118.7 -2.2 327 0 12.0 9.6 5.0 0.0 0 0 2 4 4
-5648.8 6366.3 -3.0 328 0 12.2 9.4 5.0 2.5 4 0 2 2 2
-5532.8 6229.5 -2.4 149 0 16.3 9.5 5.0 2.5 2 0 2 3 3
-5312.0 6752.1 -4.8 64 0 12.3 12.9 5.0 2.5 2 1 2 1 1
-5526.0 6445.2 -3.7 191 0 13.1 22.0 7.5 0.0 0 1 3 2 2
-5592.0 6414.5 -3.3 326 0 10.5 18.0 2.5 2.5 2 1 1 2 2
-5184.8 6137.5 -2.3 328 0 12.8 9.6 2.5 2.5 2 0 1 2 2
-5685.9 6436.0 -3.2 236 0 17.8 13.8 10.0 2.5 2 0 4 4 4
-5592.7 6236.9 -3.0 46 0 14.2 7.6 7.5 2.5 2 0 3 3 3
-5451.9 6519.9 -3.7 236 0 9.8 10.4 7.5 2.5 2 1 3 0 0
-5165.6 6059.3 -2.0 57 0 9.6 15.9 2.5 2.5 4 1 1 5 5
-5473.8 6328.3 -2.5 55 0 11.4 10.1 5.0 2.5 2 0 2 5 5
-5760.9 6557.4 -4.5 299 0 10.3 17.0 10.0 2.5 2 1 4 3 3
-5128.9 6095.0 -2.3 150 0 10.3 9.4 2.5 2.5 2 0 1 1 1
-5633.3 6343.2 -3.0 329 0 13.3 10.9 7.5 2.5 2 0 3 1 1
-5374.7 6572.9 -4.1 223 0 14.6 13.1 5.0 2.5 2 0 2 4 4
-5311.3 5907.9 -1.1 147 0 12.0 10.7 2.5 0.0 0 0 1 4 4
-5008.2 6140.5 -2.4 237 0 8.0 10.0 5.0 2.5 2 1 2 0 0
-5617.1 6322.7 -3.1 326 0 19.8 10.1 10.0 2.5 2 0 4 1 1
-5650.7 6114.4 -3.2 226 0 9.8 8.6 5.0 2.5 2 0 2 4 4
-5565.5 6274.2 -2.8 148 0 13.9 10.5 2.5 2.5 2 0 1 5 5
-4886.0 6261.8 -0.2 148 0 9.6 13.8 7.5 2.5 2 1 3 3 3
-5020.5 6130.9 -2.6 234 0 8.3 6.4 7.5 2.5 2 0 3 0 0
-5157.6 6026.4 -2.8 322 0 13.5 15.2 7.5 2.5 2 1 3 0 0
-5642.8 6148.2 -3.3 46 0 9.0 11.8 7.5 2.5 2 1 3 1 1
-5603.8 6328.2 -3.0 148 0 17.0 11.6 5.0 2.5 2 0 2 2 2
-5558.8 6218.5 -2.5 230 0 15.1 18.4 7.5 2.5 2 1 3 4 4
-5184.5 6177.2 -2.0 145 0 14.3 9.3 7.5 2.5 2 0 3 0 0
-5621.6 6147.7 -3.0 219 0 9.4 11.0 5.0 2.5 2 1 2 3 3
-5191.8 6120.5 -2.2 326 0 12.5 12.5 5.0 2.5 2 0 2 0 0
-5373.6 6377.5 -2.7 237 0 11.5 8.1 2.5 2.5 2 0 1 3 3
-5099.2 6070.6 -3.2 149 0 8.1 9.8 2.5 2.5 2 1 1 2 2
-5578.0 6227.0 -2.9 47 0 12.0 13.3 2.5 2.5 4 1 1 1 1
-5576.8 6430.6 -3.3 235 0 26.9 10.8 2.5 2.5 2 0 1 2 2
-5519.5 6305.3 -2.8 57 0 11.2 18.2 7.5 0.0 0 1 3 1 1
-5461.3 6315.7 -2.5 235 0 13.7 15.0 5.0 2.5 4 1 2 0 0
-5590.4 6183.7 -2.8 218 0 11.2 11.5 5.0 2.5 2 1 2 2 2
-5071.8 6085.5 -3.5 327 0 11.5 12.6 7.5 2.5 2 1 3 4 4
-5145.1 6081.4 -2.1 330 0 9.8 6.3 5.0 0.0 0 0 2 2 2
-5684.8 6138.9 -3.7 47 0 9.0 15.2 7.5 2.5 2 1 3 2 2
-5565.8 6236.4 -2.8 49 0 7.8 12.1 2.5 2.5 2 1 1 0 0
-5475.9 6284.9 -2.6 233 0 11.2 15.8 2.5 2.5 2 1 1 0 0
-5523.7 6265.0 -2.5 239 0 9.7 15.2 5.0 2.5 2 1 2 1 1
-5260.5 5965.5 -1.8 239 0 13.1 15.2 2.5 2.5 2 1 1 5 5
-5474.8 6309.0 -2.6 237 0 12.0 9.7 7.5 2.5 2 0 3 3 3
-5389.0 6444.4 -3.7 327 0 17.0 10.7 5.0 2.5 2 0 2 2 2
-5660.3 6293.8 -3.2 97 0 9.9 11.5 7.5 2.5 2 1 3 3 3
-5820.8 6303.5 -3.6 281 0 6.5 13.9 5.0 2.5 2 1 2 2 2
-5665.8 6121.3 -3.5 45 0 12.3 14.8 2.5 2.5 2 1 1 3 3
-5196.4 5967.0 -2.4 58 0 8.5 11.7 7.5 2.5 2 1 3 5 5
-5689.0 6097.9 -3.3 46 0 13.1 11.1 2.5 2.5 2 0 1 1 1
-5634.2 6375.3 -3.0 145 0 12.6 13.3 5.0 2.5 2 1 2 0 0
-5177.6 5984.3 -2.7 57 0 11.5 9.9 5.0 2.5 2 0 2 4 4
-5442.4 6100.3 -2.1 145 0 12.7 9.0 7.5 2.5 2 0 3 3 3
-5418.3 6346.3 -2.5 235 0 12.0 13.0 10.0 2.5 2 1 4 0 0
-5521.9 6179.1 -2.3 325 0 18.4 17.0 7.5 2.5 2 0 3 2 2
-5187.1 6054.0 -1.9 58 0 11.9 13.0 10.0 2.5 2 1 4 2 2
-5564.3 6170.8 -2.5 223 0 6.5 10.7 5.0 2.5 2 1 2 3 3
-5182.4 6017.5 -2.6 234 0 11.4 10.5 7.5 2.5 2 0 3 3 3
-5278.8 5952.7 -1.5 238 0 15.3 11.3 2.5 2.5 4 0 1 4 4
-5442.4 6329.1 -2.4 235 0 12.0 8.9 5.0 2.5 2 0 2 5 5
-5288.9 5882.1 -1.0 55 0 9.3 16.3 5.0 2.5 2 1 2 1 1
-5507.5 6193.7 -2.0 146 0 14.1 9.1 5.0 2.5 2 0 2 3 3
-5544.6 6193.3 -2.4 313 0 20.2 7.7 5.0 2.5 2 0 2 2 2
-5311.7 6327.6 -2.8 327 0 13.4 12.3 7.5 2.5 2 0 3 4 4
-5601.7 6298.1 -3.1 324 0 13.8 11.5 5.0 2.5 4 0 2 4 4
-5905.3 6193.9 -2.9 235 0 12.3 12.5 7.5 2.5 2 1 3 2 2
-5637.3 6131.8 -3.2 220 0 16.7 14.2 5.0 2.5 2 0 2 2 2
-5662.9 6100.8 -3.2 226 0 9.1 9.4 7.5 2.5 4 1 3 0 0
-6168.1 6178.6 -4.4 6 0 12.5 30.1 10.0 2.5 2 1 4 5 5
-5272.0 6308.4 -2.9 145 0 11.8 10.4 7.5 2.5 2 0 3 3 3
-5417.1 6064.9 -2.2 148 0 11.5 9.5 2.5 2.5 2 0 1 4 4
-5504.8 6309.4 -2.7 55 0 10.0 18.0 5.0 2.5 2 1 2 3 3
-5712.0 6344.8 -3.0 273 0 13.3 15.6 5.0 2.5 2 1 2 2 2
-5322.5 6343.2 -2.8 325 0 13.1 14.2 2.5 2.5 2 1 1 5 5
-5546.7 6259.7 -2.7 238 0 10.5 19.4 7.5 2.5 4 1 3 0 0
-5361.5 6387.9 -2.8 236 0 14.8 21.8 10.0 2.5 2 1 4 4 4
-5170.9 6161.9 -2.1 147 0 10.9 11.1 7.5 2.5 4 1 3 5 5
-5240.4 5978.4 -2.1 234 0 16.6 12.2 5.0 2.5 2 0 2 0 0
-5408.2 6375.0 -2.6 52 0 12.7 14.2 2.5 2.5 2 1 1 5 5
-5665.6 6347.1 -3.0 243 0 11.7 6.2 7.5 2.5 2 0 3 1 1
-5374.7 6401.3 -3.1 48 0 11.1 11.7 2.5 2.5 2 1 1 5 5
-5988.0 6430.3 -4.6 98 0 13.9 8.8 7.5 2.5 2 0 3 4 4
-5237.4 6262.7 -2.7 147 0 15.4 13.1 5.0 2.5 2 0 2 0 0
-5232.4 6209.6 -2.0 326 0 12.5 12.5 7.5 2.5 2 1 3 1 1
-5471.0 6135.6 -1.6 146 0 13.6 17.4 2.5 2.5 2 1 1 0 0
-5330.6 6770.1 -5.0 156 0 11.0 6.5 7.5 2.5 2 0 3 2 2
-5574.5 6200.7 -2.6 222 0 15.1 11.5 7.5 0.0 0 0 3 3 3
-5677.4 6085.7 -3.0 221 0 10.6 8.9 7.5 2.5 4 0 3 1 1
-5348.5 6699.2 -5.0 55 0 18.1 10.5 5.0 2.5 2 0 2 4 4
-5959.1 6217.2 -3.0 232 0 15.5 13.2 7.5 0.0 0 0 3 3 3
-5246.9 6232.3 -2.3 327 0 12.0 9.0 5.0 2.5 2 0 2 0 0
-5252.3 5930.1 -1.4 60 0 10.7 12.9 5.0 2.5 2 1 2 1 1
-5306.8 6813.2 -5.4 326 0 14.8 9.4 5.0 2.5 2 0 2 3 3
-5317.7 5917.5 -1.1 146 0 11.1 10.2 2.5 2.5 2 0 1 3 3
-4924.5 6160.8 -1.8 327 0 12.6 9.2 5.0 2.5 4 0 2 5 5
-5840.6 6302.6 -3.7 188 0 9.6 15.0 5.0 2.5 2 1 2 0 0
-5310.1 6134.0 -1.9 328 0 12.8 9.0 2.5 2.5 2 0 1 2 2
-5627.4 6060.6 -2.6 39 0 6.0 12.8 2.5 2.5 2 1 1 3 3
-5295.0 6342.2 -2.9 148 0 15.3 11.1 10.0 2.5 2 0 4 3 3
-5727.4 6544.5 -4.4 318 0 15.8 8.2 7.5 2.5 4 0 3 5 5
-5941.9 6207.3 -2.9 232 0 8.5 13.6 5.0 2.5 2 1 2 4 4
-5209.1 6173.6 -2.3 326 0 13.1 9.7 2.5 2.5 2 0 1 3 3
-5297.6 5933.4 -1.2 235 0 14.5 11.2 5.0 2.5 2 0 2 0 0
-5196.5 6154.4 -2.4 329 0 11.9 9.1 5.0 0.0 0 0 2 0 0
-5752.3 6335.4 -3.2 272 0 16.3 7.9 2.5 2.5 2 0 1 1 1
-5196.3 6199.9 -2.0 146 0 13.5 12.3 5.0 2.5 2 0 2 5 5
-5376.3 6063.8 -2.2 147 0 17.2 8.7 5.0 2.5 2 0 2 0 0
-5409.8 6540.8 -3.9 225 0 15.9 10.9 5.0 2.5 2 0 2 3 3
-5400.7 6496.7 -3.8 19 0 28.8 8.8 7.5 2.5 2 0 3 3 3
-5813.1 6310.7 -3.4 186 0 9.2 18.5 2.5 2.5 2 1 1 1 1
-5878.2 6436.0 -5.0 277 0 12.9 12.6 10.0 2.5 2 0 4 3 3
-6195.5 6050.0 -4.5 234 0 6.1 13.5 2.5 2.5 2 1 1 2 2
-5220.0 6189.9 -2.1 328 0 14.5 11.0 2.5 2.5 2 0 1 0 0
-5941.4 6427.4 -4.8 102 0 4.9 10.8 5.0 2.5 2 1 2 2 2
-5569.5 6160.9 -2.6 218 0 13.1 9.9 5.0 2.5 2 0 2 2 2
-5157.0 6140.3 -2.3 146 0 14.1 9.4 5.0 2.5 2 0 2 4 4
-5664.0 6068.3 -2.7 224 0 8.2 15.7 5.0 2.5 2 1 2 3 3
-5691.5 6069.6 -2.7 222 0 16.7 11.3 7.5 2.5 2 0 3 1 1
-5224.6 5988.7 -2.2 236 0 5.0 8.9 7.5 2.5 2 0 3 5 5
-5632.4 6168.5 -3.2 42 0 5.9 11.3 7.5 2.5 4 0 3 5 5
-5220.3 5991.6 -2.3 236 0 5.6 8.9 5.0 0.0 0 0 2 3 3
-5636.5 6163.8 -3.2 42 0 6.6 13.3 7.5 2.5 2 0 3 0 0
-5519.8 5815.8 0.3 360 0 6.9 16.2 2.5 2.5 4 0 1 2 2
-5519.8 5822.8 0.2 360 0 6.9 16.2 2.5 2.5 2 0 1 3 3
-5459.3 6064.3 -2.3 149 0 8.6 11.0 7.5 2.5 2 0 3 0 0
-5445.5 6062.6 -2.4 329 0 8.6 11.0 7.5 2.5 2 0 3 4 4
-5620.1 6191.9 -3.1 312 0 10.7 6.6 7.5 2.5 2 0 3 1 1
-5622.8 6180.9 -3.1 42 0 6.6 10.7 7.5 2.5 2 0 3 3 3
2490.3 55.9 -12.9 9 0 11.0 12.3 5.0 2.5 2 1 2 1 1
2493.6 73.1 -13.2 8 0 12.3 12.9 5.0 2.5 2 1 2 5 5
2496.1 90.0 -13.4 10 0 10.9 12.1 7.5 2.5 2 1 3 1 1
2498.6 107.2 -13.6 8 0 9.9 12.5 5.0 2.5 2 1 2 2 2
2500.4 123.8 -13.9 6 0 10.7 12.0 5.0 2.5 2 1 2 4 4
2508.4 139.9 -14.2 7 0 10.7 12.8 5.0 2.5 2 1 2 0 0
2519.6 83.1 -13.3 185 0 10.1 10.6 2.5 2.5 2 1 1 4 4
2521.5 100.8 -13.6 187 0 13.5 10.5 5.0 2.5 2 0 2 3 3
3400.3 192.2 -19.3 277 0 10.8 10.1 2.5 2.5 2 0 1 0 0
3436.9 229.6 -19.9 276 0 8.1 8.0 5.0 2.5 4 0 2 2 2
3423.3 238.8 -19.8 91 0 7.2 10.7 5.0 2.5 2 1 2 3 3
3437.3 238.3 -20.0 90 0 10.0 7.7 2.5 2.5 2 0 1 3 3
3421.5 229.7 -19.8 274 0 11.2 8.2 2.5 2.5 2 0 1 1 1
3383.4 230.1 -19.5 274 0 8.8 8.2 2.5 2.5 2 0 1 0 0
3382.4 252.3 -19.3 84 0 8.9 9.2 2.5 2.5 2 1 1 1 1
3352.0 243.5 -19.1 92 0 12.0 8.2 5.0 2.5 2 0 2 0 0
3333.3 245.7 -19.1 91 0 11.4 10.0 2.5 2.5 2 0 1 5 5
3319.2 248.6 -19.0 91 0 6.7 7.1 5.0 2.5 2 1 2 3 3
3361.1 224.2 -19.3 278 0 8.7 8.5 2.5 2.5 4 0 1 2 2
3247.7 307.6 -19.1 242 0 12.7 25.8 12.5 0.0 0 1 5 2 2
3258.6 85.9 -17.5 187 0 39.9 17.6 15.0 0.0 0 0 6 5 5
2103.7 -131.3 -13.6 3 0 10.4 10.5 2.5 2.5 2 1 1 1 1
2125.7 -135.7 -13.4 185 0 11.6 12.3 5.0 2.5 2 1 2 0 0
3504.9 -7221.7 -25.2 53 0 11.6 8.3 7.5 2.5 2 0 3 1 1
3400.4 -7200.0 -25.2 142 0 11.2 11.0 7.5 2.5 2 0 3 0 0
5790.5 -4238.5 -25.0 346 0 9.7 17.1 7.5 2.5 2 0 3 2 2
-6076.9 5990.7 -3.3 51 0 7.8 14.3 5.0 2.5 4 0 2 3 3
-5515.2 6142.8 -2.2 314 0 22.4 21.2 7.5 2.5 2 0 3 0 0
-5504.5 6132.3 -2.0 315 0 7.4 22.5 7.5 2.5 2 0 3 2 2
-6104.8 2454.5 -18.3 82 0 14.7 14.4 5.0 2.5 2 0 2 5 5
-6178.5 2497.2 -18.4 263 0 12.9 27.6 7.5 2.5 2 1 3 3 3
-6130.2 2139.9 -17.3 174 0 26.9 10.6 10.0 2.5 2 0 4 3 3
-6085.1 2146.8 -17.2 355 0 21.1 7.7 7.5 2.5 2 0 3 4 4
-6111.8 2176.4 -17.8 264 0 10.0 17.0 2.5 0.0 0 1 1 1 1
-6101.5 2119.0 -17.0 86 0 22.4 8.2 7.5 2.5 2 0 3 5 5
3761.6 228.5 -23.2 99 0 35.2 16.5 10.0 2.5 2 0 4 2 2
3463.8 411.3 -20.9 259 0 12.7 18.6 7.5 2.5 2 1 3 1 1
3703.8 495.5 -24.0 83 0 6.3 23.1 7.5 2.5 2 0 3 0 0
3696.4 498.9 -23.9 83 0 7.5 6.3 2.5 2.5 2 0 1 0 0
3705.2 465.5 -23.7 262 0 8.9 7.1 7.5 2.5 2 0 3 3 3
3695.0 477.2 -23.7 80 0 9.0 9.4 5.0 2.5 2 1 2 2 2
3664.2 531.0 -24.2 261 0 5.2 6.6 5.0 2.5 2 0 2 2 2
3671.7 502.2 -24.1 81 0 11.0 23.0 10.0 2.5 2 0 4 1 1
3652.0 493.6 -23.5 81 0 12.0 6.1 5.0 0.0 0 0 2 1 1
3628.5 470.9 -23.3 82 0 10.5 12.9 2.5 2.5 2 1 1 2 2
3645.0 465.2 -23.3 81 0 10.8 7.2 7.5 0.0 0 0 3 3 3
3668.6 470.3 -23.6 82 0 9.9 11.5 5.0 0.0 0 1 2 3 3
3661.4 458.7 -23.3 262 0 7.8 7.6 7.5 2.5 2 0 3 3 3
3674.6 461.1 -23.4 261 0 6.5 7.3 7.5 2.5 2 1 3 4 4
3683.1 445.3 -23.2 268 0 7.2 10.2 7.5 2.5 2 1 3 5 5
3605.7 449.0 -22.9 259 0 11.1 5.7 2.5 2.5 2 0 1 1 1
3626.3 451.7 -23.1 262 0 7.5 6.9 7.5 2.5 2 0 3 5 5
3636.9 443.2 -23.0 261 0 8.5 13.4 5.0 2.5 2 1 2 3 3
3646.9 400.3 -21.9 82 0 19.9 6.0 5.0 2.5 2 0 2 2 2
3661.7 385.8 -21.8 85 0 3.5 8.8 7.5 2.5 4 1 3 5 5
3671.2 369.7 -21.9 91 0 18.5 10.8 5.0 2.5 2 0 2 4 4
3672.2 361.9 -21.9 269 0 9.2 8.3 2.5 2.5 2 0 1 3 3
3660.2 359.4 -21.7 264 0 9.1 8.5 7.5 2.5 2 0 3 0 0
3649.0 356.3 -21.6 263 0 8.1 10.0 5.0 2.5 2 1 2 4 4
3645.5 377.6 -21.6 82 0 14.4 12.2 7.5 2.5 2 0 3 4 4
3628.4 389.1 -21.5 78 0 6.6 12.9 5.0 2.5 2 1 2 1 1
3615.9 427.3 -22.4 255 0 12.4 5.1 5.0 2.5 2 0 2 0 0
3602.0 400.2 -21.6 82 0 14.6 5.9 5.0 2.5 2 0 2 5 5
3600.4 383.0 -21.1 76 0 7.6 11.0 5.0 2.5 2 1 2 5 5
3616.5 372.7 -21.3 77 0 5.2 25.3 5.0 2.5 2 1 2 4 4
3626.3 367.3 -21.3 81 0 9.9 10.1 5.0 2.5 2 1 2 4 4
3631.2 359.5 -21.4 262 0 17.5 12.6 10.0 2.5 4 0 4 1 1
3594.3 353.3 -20.8 260 0 6.9 9.6 5.0 2.5 2 1 2 2 2
3608.8 349.0 -21.1 260 0 11.6 9.4 5.0 2.5 2 0 2 5 5
3619.2 357.7 -21.2 261 0 6.6 35.6 7.5 2.5 2 0 3 5 5
3606.6 322.9 -21.3 260 0 5.5 20.3 5.0 2.5 2 1 2 5 5
3591.3 272.7 -21.5 89 0 4.0 9.0 5.0 2.5 2 0 2 5 5
3595.4 272.8 -21.6 89 0 4.0 9.0 5.0 2.5 2 0 2 5 5
3625.6 261.3 -22.0 90 0 12.8 8.3 7.5 2.5 2 0 3 2 2
3615.5 250.3 -21.8 305 0 8.7 4.8 7.5 2.5 2 0 3 0 0
3603.5 188.1 -20.9 276 0 6.0 14.1 7.5 2.5 2 1 3 1 1
3615.1 227.6 -21.5 276 0 8.3 7.7 7.5 2.5 2 0 3 3 3
3617.1 207.7 -21.2 277 0 8.6 14.2 2.5 2.5 4 1 1 1 1
3600.3 214.7 -21.2 277 0 10.6 11.6 10.0 2.5 2 1 4 3 3
3601.7 252.1 -21.8 268 0 9.6 10.2 7.5 2.5 2 1 3 2 2
3594.0 261.7 -21.6 269 0 5.5 9.7 7.5 2.5 2 1 3 0 0
3580.8 261.8 -21.5 271 0 4.2 12.6 5.0 2.5 2 1 2 5 5
3565.2 198.9 -20.6 277 0 7.9 6.3 5.0 2.5 2 0 2 3 3
3548.3 200.6 -20.5 278 0 6.3 14.1 7.5 2.5 2 1 3 2 2
3561.6 223.9 -21.0 278 0 9.2 12.9 2.5 2.5 2 1 1 4 4
3575.5 217.2 -21.0 278 0 9.1 10.8 5.0 2.5 2 1 2 5 5
3583.8 237.3 -21.4 90 0 8.2 5.1 5.0 2.5 2 0 2 0 0
3567.9 238.0 -21.4 87 0 13.2 11.0 5.0 2.5 2 0 2 3 3
3548.9 234.2 -21.1 88 0 9.5 8.4 7.5 2.5 2 0 3 1 1
3534.2 235.1 -21.0 92 0 10.5 8.2 5.0 2.5 2 0 2 5 5
3519.2 234.3 -20.8 92 0 10.8 8.6 5.0 2.5 2 0 2 3 3
3542.5 223.7 -20.8 276 0 10.0 8.3 7.5 2.5 2 0 3 5 5
3529.8 223.9 -20.7 277 0 9.5 7.6 5.0 2.5 4 0 2 4 4
3525.0 206.0 -20.3 281 0 4.8 8.1 7.5 2.5 2 1 3 0 0
3500.6 153.9 -19.8 100 0 5.6 15.9 2.5 0.0 0 1 1 0 0
3466.7 165.4 -19.4 187 0 8.6 8.6 2.5 0.0 0 1 1 1 1
3494.0 210.3 -20.1 273 0 4.0 10.3 2.5 2.5 2 1 1 5 5
3484.7 226.3 -20.3 275 0 11.5 7.3 2.5 2.5 2 0 1 1 1
3471.2 227.1 -20.2 274 0 11.2 7.7 2.5 2.5 4 0 1 3 3
3470.3 212.0 -20.0 187 0 7.6 5.7 2.5 2.5 2 0 1 5 5
3464.8 204.5 -19.9 187 0 8.5 10.3 5.0 2.5 2 0 2 4 4
3422.9 253.1 -19.8 85 0 12.2 6.1 5.0 2.5 2 0 2 1 1
3389.4 203.6 -19.4 276 0 6.4 20.4 5.0 2.5 2 1 2 4 4
3358.8 187.9 -19.0 276 0 4.8 5.4 7.5 2.5 2 0 3 3 3
3364.3 192.1 -19.1 276 0 5.0 10.3 7.5 2.5 4 0 3 1 1
3360.3 204.5 -19.3 275 0 4.5 15.6 5.0 2.5 2 1 2 2 2
3252.8 399.7 -20.6 81 0 5.3 9.8 7.5 2.5 2 1 3 1 1
3282.8 417.1 -21.1 180 0 7.0 3.9 7.5 2.5 2 0 3 1 1
3305.2 404.4 -20.8 85 0 9.1 7.2 7.5 2.5 4 0 3 5 5
3375.4 322.9 -19.2 80 0 7.6 17.7 7.5 2.5 2 0 3 4 4
3398.0 317.2 -19.5 260 0 6.8 13.2 2.5 2.5 2 1 1 0 0
3416.2 316.1 -19.4 261 0 8.0 10.9 7.5 2.5 4 0 3 2 2
3448.0 314.7 -19.5 352 0 21.9 9.2 5.0 2.5 4 0 2 2 2
3583.1 281.2 -21.3 88 0 8.1 6.5 7.5 2.5 2 0 3 0 0
3576.9 273.0 -21.4 271 0 5.1 9.0 5.0 2.5 2 1 2 2 2
3558.2 277.3 -21.2 266 0 10.0 7.1 5.0 2.5 2 0 2 2 2
3555.0 264.2 -21.2 264 0 5.6 8.5 7.5 2.5 2 1 3 4 4
3534.7 264.2 -21.0 267 0 13.0 5.4 7.5 2.5 2 0 3 0 0
3512.0 285.8 -20.5 266 0 8.8 4.8 7.5 2.5 2 0 3 5 5
3523.8 285.8 -20.7 265 0 9.6 8.9 7.5 2.5 2 0 3 3 3
3520.2 293.3 -20.4 84 0 7.0 5.7 5.0 0.0 0 0 2 5 5
3544.2 290.5 -20.7 84 0 4.8 13.8 5.0 2.5 2 1 2 3 3
3561.6 295.5 -20.9 356 0 8.9 12.3 5.0 2.5 2 1 2 3 3
3460.4 321.9 -19.3 171 0 15.5 9.1 5.0 0.0 0 0 2 3 3
3513.1 338.5 -19.8 261 0 11.3 13.4 5.0 2.5 2 0 2 2 2
3529.1 327.4 -20.2 261 0 4.8 14.9 5.0 0.0 0 0 2 2 2
3523.4 340.1 -19.9 261 0 9.7 13.4 2.5 2.5 2 0 1 4 4
3532.0 341.4 -20.0 261 0 7.8 13.4 5.0 2.5 2 0 2 3 3
3539.6 342.5 -20.1 262 0 7.4 15.3 5.0 0.0 0 0 2 4 4
3555.2 323.1 -20.4 352 0 11.5 6.9 2.5 2.5 2 0 1 2 2
3553.6 339.5 -20.1 350 0 10.1 8.6 7.5 2.5 2 0 3 0 0
3576.4 338.9 -20.4 260 0 8.0 4.1 2.5 2.5 2 0 1 1 1
3531.4 350.4 -20.0 79 0 6.2 18.1 5.0 0.0 0 0 2 3 3
3541.9 352.5 -20.1 80 0 11.0 6.1 2.5 2.5 2 0 1 3 3
3553.4 354.6 -20.3 80 0 12.3 6.0 5.0 2.5 2 0 2 2 2
3570.3 357.8 -20.5 79 0 12.6 15.7 2.5 2.5 2 1 1 1 1
3540.9 399.0 -21.2 166 0 4.0 10.7 7.5 2.5 2 1 3 4 4
3547.5 393.1 -21.0 167 0 4.0 11.1 7.5 2.5 2 1 3 4 4
3524.2 372.0 -20.3 170 0 8.8 17.1 7.5 2.5 2 0 3 1 1
3522.7 380.3 -20.5 169 0 8.2 9.1 7.5 2.5 2 0 3 4 4
3528.4 399.7 -21.2 168 0 8.1 7.9 7.5 2.5 2 0 3 3 3
3519.5 396.9 -21.1 168 0 9.9 9.2 7.5 2.5 2 0 3 3 3
3517.5 406.5 -21.5 168 0 9.5 12.9 2.5 2.5 2 0 1 2 2
3515.6 415.7 -21.8 168 0 9.4 9.3 7.5 2.5 2 0 3 5 5
3542.9 437.7 -22.4 258 0 8.1 9.1 5.0 2.5 2 0 2 5 5
3554.6 413.1 -21.6 249 0 9.4 8.3 7.5 2.5 2 0 3 5 5
3562.5 432.4 -22.3 254 0 8.5 11.3 2.5 2.5 2 1 1 3 3
3571.2 442.6 -22.6 257 0 10.0 12.3 5.0 2.5 2 1 2 5 5
3584.1 445.4 -22.7 257 0 6.7 11.1 5.0 2.5 2 1 2 2 2
3593.9 447.2 -22.8 261 0 7.5 7.9 7.5 2.5 2 1 3 5 5
3593.0 454.9 -22.9 77 0 6.4 6.2 5.0 2.5 4 0 2 4 4
3586.5 468.3 -23.0 80 0 4.2 8.1 5.0 2.5 2 0 2 0 0
3582.8 475.8 -23.3 80 0 7.5 11.9 5.0 2.5 2 0 2 0 0
3574.2 492.7 -23.4 261 0 9.5 6.1 7.5 2.5 2 0 3 0 0
3562.6 491.8 -23.4 261 0 4.7 9.0 2.5 2.5 2 0 1 0 0
3567.3 465.7 -23.2 79 0 4.5 17.5 7.5 2.5 2 0 3 5 5
3575.2 451.0 -22.8 79 0 14.5 9.0 5.0 2.5 2 0 2 0 0
3559.4 447.8 -22.6 77 0 7.7 7.6 5.0 2.5 2 0 2 4 4
3547.6 456.0 -22.8 75 0 8.6 10.4 5.0 2.5 2 0 2 3 3
3538.4 464.4 -23.1 77 0 5.0 10.9 7.5 0.0 0 0 3 0 0
3529.4 442.2 -22.5 77 0 11.6 8.9 7.5 2.5 2 0 3 3 3
3512.2 454.5 -22.8 169 0 7.9 14.1 2.5 2.5 2 1 1 5 5
3363.0 409.8 -21.1 81 0 13.1 9.6 2.5 2.5 2 0 1 4 4
3365.0 435.9 -21.5 350 0 4.7 9.1 7.5 0.0 0 1 3 4 4
3368.1 470.4 -23.3 254 0 8.9 6.4 5.0 2.5 2 0 2 0 0
3386.3 475.8 -23.6 258 0 9.6 8.4 7.5 2.5 2 0 3 5 5
3501.5 458.8 -23.1 351 0 9.8 10.1 5.0 2.5 2 1 2 3 3
3502.9 443.7 -22.5 349 0 10.5 9.3 5.0 2.5 2 0 2 4 4
3489.1 460.6 -23.4 351 0 26.9 5.6 7.5 2.5 2 0 3 4 4
3464.4 474.8 -23.4 258 0 4.4 8.7 5.0 2.5 2 0 2 0 0
3468.6 454.3 -23.1 79 0 4.4 12.2 5.0 2.5 2 0 2 5 5
3485.5 432.6 -22.4 79 0 13.0 11.7 2.5 0.0 0 0 1 2 2
3474.0 429.8 -22.0 79 0 6.9 8.0 2.5 2.5 2 0 1 3 3
3472.4 437.6 -22.3 78 0 6.8 6.4 5.0 2.5 2 0 2 1 1
3466.3 429.1 -22.1 78 0 8.4 12.1 5.0 2.5 2 0 2 1 1
3479.9 414.5 -21.2 258 0 12.6 18.6 10.0 2.5 4 1 4 3 3
3456.2 426.0 -22.8 79 0 8.6 32.9 7.5 2.5 2 0 3 4 4
3419.7 450.6 -22.4 169 0 6.3 5.5 2.5 2.5 2 0 1 3 3
3425.9 444.1 -22.2 168 0 8.8 4.6 5.0 2.5 2 0 2 0 0
3443.2 423.5 -21.7 79 0 18.0 11.4 7.5 2.5 2 0 3 1 1
3423.8 426.4 -21.4 169 0 9.5 9.4 5.0 0.0 0 0 2 3 3
3405.1 429.8 -21.4 348 0 11.9 4.7 5.0 2.5 2 0 2 0 0
3398.8 439.2 -21.9 351 0 13.8 8.7 2.5 2.5 2 0 1 2 2
3377.3 422.6 -21.3 170 0 11.7 23.9 10.0 2.5 2 0 4 3 3
3407.1 404.9 -20.4 259 0 11.3 9.2 2.5 2.5 2 0 1 3 3
3424.4 411.1 -20.5 261 0 9.6 6.8 5.0 2.5 2 0 2 5 5
3433.0 391.9 -20.0 352 0 8.0 8.2 7.5 2.5 2 0 3 5 5
3433.8 381.6 -19.8 351 0 8.7 8.4 2.5 2.5 2 0 1 5 5
3425.5 380.2 -19.9 351 0 8.7 13.4 5.0 2.5 2 0 2 3 3
3377.8 397.0 -20.4 260 0 16.5 15.8 7.5 2.5 2 0 3 0 0
3503.0 267.8 -20.6 268 0 8.4 9.8 5.0 2.5 2 0 2 2 2
3501.4 240.4 -20.6 91 0 9.0 8.9 5.0 2.5 2 0 2 1 1
3479.1 242.4 -20.4 90 0 8.4 8.6 7.5 2.5 4 1 3 4 4
3469.2 264.1 -20.3 180 0 11.2 9.9 7.5 2.5 4 0 3 2 2
3498.8 274.1 -20.6 268 0 16.4 6.5 2.5 2.5 2 0 1 2 2
3486.9 284.0 -20.4 268 0 6.6 16.7 5.0 2.5 2 0 2 5 5
3507.6 296.4 -20.2 81 0 5.5 20.9 2.5 2.5 2 0 1 2 2
3490.6 296.3 -19.9 82 0 4.0 16.1 5.0 2.5 2 1 2 2 2
3499.7 307.7 -19.9 81 0 6.7 15.0 7.5 2.5 2 0 3 3 3
3502.5 336.9 -19.7 261 0 10.2 13.4 5.0 2.5 4 0 2 5 5
3493.3 335.5 -19.6 261 0 8.4 13.4 7.5 0.0 0 0 3 1 1
3485.2 334.2 -19.4 261 0 7.9 13.4 7.5 2.5 2 0 3 0 0
3474.7 332.3 -19.4 258 0 13.2 13.1 7.5 2.5 4 0 3 3 3
3471.0 311.4 -19.6 172 0 13.7 4.4 5.0 2.5 2 0 2 0 0
3475.4 290.5 -19.8 83 0 5.2 14.5 7.5 2.5 2 0 3 0 0
3452.5 282.7 -19.8 353 0 8.3 9.2 7.5 2.5 2 0 3 0 0
3454.9 270.9 -20.0 354 0 11.2 11.6 10.0 0.0 0 1 4 1 1
3454.6 258.9 -20.1 354 0 8.0 8.4 5.0 2.5 2 0 2 2 2
3455.4 251.6 -20.1 353 0 6.6 8.4 5.0 0.0 0 0 2 4 4
3348.7 258.8 -19.2 84 0 5.0 10.9 7.5 2.5 2 1 3 5 5
3399.7 288.0 -19.6 258 0 7.4 8.9 7.5 2.5 2 1 3 4 4
3372.1 288.1 -19.5 260 0 5.0 10.8 7.5 2.5 2 1 3 2 2
3455.7 321.0 -19.3 170 0 15.5 4.7 2.5 2.5 2 0 1 2 2
3450.8 295.3 -19.7 352 0 17.2 9.2 2.5 2.5 2 0 1 1 1
3435.3 296.8 -19.6 350 0 4.2 11.8 5.0 2.5 4 1 2 4 4
3437.4 365.7 -19.5 352 0 11.5 16.7 5.0 0.0 0 1 2 3 3
3439.5 352.6 -19.1 352 0 6.6 14.2 7.5 2.5 2 0 3 1 1
3440.9 343.6 -19.1 351 0 11.6 15.9 2.5 2.5 4 0 1 4 4
3411.0 337.4 -19.0 80 0 6.9 10.1 7.5 0.0 0 0 3 3 3
3415.4 330.1 -19.0 80 0 12.8 8.0 7.5 2.5 2 0 3 1 1
3424.7 317.5 -19.4 261 0 9.2 8.8 5.0 2.5 2 0 2 4 4
3389.0 315.5 -19.4 260 0 7.8 8.4 2.5 2.5 2 1 1 5 5
3394.8 326.3 -19.1 79 0 9.5 9.8 5.0 2.5 2 1 2 3 3
3399.3 348.1 -19.5 78 0 6.5 20.1 5.0 2.5 2 1 2 0 0
3376.6 361.2 -19.3 171 0 5.5 12.9 7.5 2.5 2 1 3 4 4
3363.4 366.8 -19.6 167 0 10.3 6.8 7.5 0.0 0 0 3 3 3
3348.9 380.2 -20.1 170 0 12.1 11.1 5.0 2.5 2 0 2 1 1
3291.1 388.7 -20.0 262 0 13.5 6.4 5.0 2.5 2 0 2 5 5
3331.7 382.3 -20.1 358 0 16.3 9.1 7.5 0.0 0 0 3 3 3
3257.7 323.2 -19.2 72 0 19.5 7.1 2.5 2.5 4 0 1 5 5
3379.3 313.6 -19.5 258 0 7.3 10.1 7.5 2.5 2 1 3 1 1
3367.0 321.4 -19.2 80 0 9.5 9.5 2.5 0.0 0 0 1 3 3
3348.9 330.7 -19.1 172 0 8.2 8.8 2.5 0.0 0 0 1 2 2
3350.1 322.1 -19.3 172 0 9.0 8.8 7.5 2.5 2 0 3 4 4
3329.4 273.7 -19.3 175 0 11.0 15.2 2.5 2.5 2 0 1 1 1
3323.4 278.5 -19.3 175 0 21.6 5.6 5.0 2.5 2 0 2 3 3
3333.4 304.9 -19.4 263 0 13.6 11.0 7.5 2.5 2 0 3 1 1
5888.4 7067.8 -9.8 95 0 6.7 11.5 7.5 2.5 2 1 3 0 0
5843.6 7323.8 -10.4 281 0 5.7 12.0 7.5 2.5 2 1 3 5 5
5826.6 7864.0 -3.8 181 0 12.6 6.3 2.5 2.5 2 0 1 1 1
5848.2 7881.6 -4.6 274 0 14.3 6.2 2.5 0.0 0 0 1 4 4
5875.2 7856.2 -5.4 95 0 10.0 11.7 5.0 2.5 2 1 2 0 0
5939.1 7894.6 -5.6 0 0 13.2 5.7 5.0 2.5 2 0 2 5 5
6151.2 7136.4 -9.4 181 0 10.9 14.4 2.5 2.5 2 1 1 4 4
6208.8 7151.8 -9.6 269 0 10.9 8.9 5.0 2.5 2 0 2 3 3
6198.7 7138.1 -9.5 271 0 5.9 11.1 5.0 2.5 2 1 2 5 5
6220.8 7116.2 -9.4 359 0 8.2 22.1 5.0 2.5 2 1 2 2 2
6116.4 7165.0 -9.4 2 0 10.1 5.2 2.5 2.5 2 0 1 4 4
6105.9 7186.2 -9.5 274 0 10.1 8.3 2.5 2.5 2 0 1 1 1
6085.9 7154.4 -9.2 92 0 6.9 16.4 7.5 0.0 0 1 3 2 2
3193.6 8275.3 14.1 341 0 6.1 4.7 5.0 2.5 2 0 2 1 1
3201.4 8266.5 13.9 340 0 4.1 5.4 7.5 2.5 4 1 3 0 0
3171.9 8282.6 14.3 246 0 12.1 10.6 5.0 2.5 2 0 2 0 0
3172.3 8233.3 13.6 154 0 16.5 5.0 7.5 2.5 2 0 3 0 0
3199.0 8214.4 13.2 69 0 17.3 9.6 2.5 2.5 2 0 1 3 3
3208.4 8244.7 13.4 337 0 15.9 6.0 5.0 2.5 2 0 2 0 0
3642.8 8223.1 9.2 37 0 8.8 4.3 5.0 0.0 0 0 2 5 5
3656.7 8256.8 9.6 285 0 10.4 14.0 5.0 2.5 2 1 2 4 4
3622.5 8270.1 10.3 271 0 24.6 7.0 5.0 2.5 2 0 2 1 1
3616.2 8215.2 8.9 128 0 28.1 9.9 7.5 2.5 2 0 3 0 0
3589.3 8262.0 10.2 217 0 21.3 11.3 5.0 2.5 2 0 2 4 4
4319.3 8119.6 2.3 37 0 3.0 7.9 7.5 2.5 2 1 3 5 5
4295.7 8142.5 2.9 213 0 9.3 3.7 7.5 2.5 2 0 3 4 4
4322.5 8129.9 2.4 28 0 10.6 4.8 7.5 0.0 0 0 3 0 0
4291.9 8132.1 2.5 217 0 7.6 13.8 5.0 2.5 2 1 2 4 4
4313.1 8166.7 3.3 300 0 11.9 10.1 2.5 2.5 2 0 1 3 3
4207.7 8237.3 5.9 119 0 19.9 9.4 7.5 2.5 2 0 3 0 0
4194.2 8269.7 6.7 211 0 9.6 11.0 2.5 0.0 0 1 1 5 5
4112.1 8411.1 10.8 278 0 9.7 11.0 5.0 0.0 0 1 2 5 5
4078.1 8422.0 11.6 352 0 5.0 14.8 5.0 2.5 2 1 2 1 1
4085.6 8389.8 10.7 360 0 8.4 21.1 7.5 2.5 2 1 3 3 3
4045.4 8444.8 11.6 298 0 37.3 26.1 7.5 0.0 0 0 3 5 5
4044.3 8366.4 10.0 118 0 50.8 12.8 12.5 2.5 2 0 5 5 5
5877.8 -4829.0 -34.2 269 0 12.7 21.1 7.5 2.5 2 1 3 2 2
3535.4 -7783.7 -34.3 309 0 13.8 6.7 7.5 2.5 2 0 3 1 1
3552.8 -7821.8 -32.1 59 0 9.3 15.6 4.0 2.5 2 1 1 1 1
5848.3 -5150.5 -34.7 155 0 9.2 10.2 7.5 2.5 2 1 3 5 5
2207.8 -7807.4 -29.6 29 0 11.6 10.6 5.0 2.5 2 0 2 1 1
5438.5 -6471.6 -27.9 130 0 7.2 26.7 5.0 2.5 2 1 2 2 2
1943.6 -7567.9 -16.8 137 0 11.6 4.4 7.5 2.5 4 0 3 1 1
2150.9 -7757.9 -27.1 225 0 10.4 6.6 2.5 2.5 2 0 1 4 4
3442.3 -7600.1 -27.8 204 0 6.0 8.5 2.5 2.5 2 1 1 1 1
-1044.0 -7567.9 -14.4 177 0 5.1 13.0 5.0 2.5 2 1 2 5 5
-484.4 -4522.6 -15.4 89 0 11.2 29.8 7.5 2.5 4 1 3 3 3
-989.1 -4054.0 -10.8 88 0 6.6 22.5 2.5 0.0 0 1 1 2 2
-894.8 -3541.1 -8.1 176 0 13.0 7.1 2.5 2.5 2 0 1 5 5
4742.8 -5506.1 -26.4 321 0 11.3 7.8 5.0 0.0 0 0 2 0 0
4652.2 -5475.5 -23.7 232 0 7.8 7.7 2.5 2.5 2 0 1 2 2
4032.7 -5928.8 -29.4 228 0 7.4 23.1 5.0 2.5 2 1 2 0 0
2026.8 -7615.9 -18.9 126 0 4.4 16.5 7.5 2.5 2 1 3 1 1
1983.8 -7438.7 -18.6 225 0 16.4 12.7 5.0 2.5 2 0 2 5 5
-777.0 -3733.5 -9.4 354 0 11.0 23.4 7.5 2.5 2 1 3 0 0
-512.0 -4712.8 -16.5 360 0 7.4 13.4 5.0 2.5 2 1 2 5 5
3970.7 -7845.7 -28.1 77 0 14.4 11.0 10.0 2.5 2 0 4 4 4
-1041.9 -7289.9 -12.6 182 0 20.4 9.7 5.0 2.5 2 0 2 0 0
4811.6 -5341.7 -25.3 228 0 9.0 11.7 5.0 2.5 4 1 2 0 0
3587.9 -6638.0 -19.4 231 0 7.9 8.9 5.0 2.5 2 1 2 3 3
4537.6 -5571.2 -25.5 233 0 5.5 10.6 7.5 2.5 2 1 3 4 4
2616.1 -5676.5 -10.6 85 0 5.9 15.5 7.5 2.5 2 1 3 0 0
3474.9 -7663.0 -30.7 51 0 6.6 5.3 7.5 2.5 2 0 3 0 0
1742.5 -7428.1 -17.2 123 0 9.4 9.5 7.5 2.5 2 1 3 1 1
-974.4 -7200.9 -12.8 3 0 11.7 9.1 7.5 2.5 2 0 3 2 2
-809.9 -3756.8 -9.9 173 0 12.3 6.9 7.5 2.5 4 0 3 2 2
-852.5 -3547.8 -7.9 358 0 11.7 30.8 7.5 2.5 2 1 3 1 1
3606.1 -7059.5 -23.8 222 0 9.2 9.1 7.5 0.0 0 0 3 0 0
-1034.8 -8043.1 -16.4 179 0 6.9 14.7 2.5 2.5 2 1 1 0 0
4121.1 -7167.3 -32.2 316 0 11.4 9.6 5.0 2.5 2 0 2 3 3
2479.6 -4824.5 -11.0 90 0 7.9 21.7 5.0 2.5 2 1 2 2 2
5275.2 -6552.6 -28.3 218 0 9.5 8.0 7.5 0.0 0 0 3 1 1
2056.4 -7501.8 -19.3 220 0 5.3 9.7 2.5 2.5 2 1 1 3 3
3455.1 -7650.0 -29.6 113 0 6.4 5.2 5.0 0.0 0 0 2 0 0
3669.8 -8227.4 -32.5 166 0 5.9 10.1 7.5 2.5 2 1 3 3 3
3508.5 -4754.2 -13.5 145 0 7.3 11.5 7.5 2.5 2 1 3 0 0
2122.9 -7819.5 -26.4 40 0 13.8 10.4 2.5 2.5 2 0 1 3 3
4080.6 -5935.4 -29.8 48 0 35.8 6.4 7.5 2.5 4 0 3 0 0
-1106.4 -7300.9 -12.4 93 0 13.8 8.5 7.5 2.5 2 0 3 3 3
4485.6 -7198.3 -32.0 23 0 12.8 6.4 7.5 2.5 2 0 3 5 5
4771.5 -5383.7 -24.6 231 0 12.5 6.9 7.5 2.5 2 0 3 0 0
-3220.1 -8291.3 -17.3 127 0 15.2 9.1 5.0 2.5 2 0 2 1 1
4798.7 -5509.6 -27.3 318 0 6.2 10.1 7.5 0.0 0 1 3 5 5
1636.2 -6133.4 -10.9 330 0 7.9 8.2 7.5 2.5 2 1 3 3 3
2520.7 -4618.4 -11.0 265 0 8.0 13.1 7.5 2.5 2 1 3 3 3
2774.3 -5949.3 -13.0 262 0 6.8 8.4 2.5 2.5 2 1 1 2 2
-978.1 -6947.6 -11.7 262 0 14.4 6.2 7.5 2.5 2 0 3 5 5
5549.9 -8097.0 -16.0 24 0 35.8 7.7 7.5 2.5 2 0 3 3 3
2893.9 -6045.9 -15.3 262 0 9.6 7.6 5.0 0.0 0 0 2 1 1
-863.8 -3517.4 -7.5 356 0 8.3 17.3 7.5 2.5 2 1 3 1 1
-1067.2 -7794.0 -14.7 2 0 11.4 5.9 7.5 2.5 2 0 3 2 2
4153.2 -5705.8 -25.4 319 0 8.2 11.0 5.0 2.5 2 1 2 0 0
-899.1 -7364.7 -13.9 180 0 6.7 15.6 5.0 2.5 2 1 2 1 1
4298.2 -6220.4 -32.7 234 0 7.6 11.0 7.5 2.5 2 1 3 5 5
1144.5 -7086.4 -20.0 207 0 7.8 19.9 7.5 0.0 0 1 3 4 4
4344.5 -5676.7 -25.5 52 0 9.0 8.1 7.5 2.5 2 0 3 5 5
4243.8 -5682.9 -25.3 140 0 12.6 6.1 5.0 2.5 2 0 2 4 4
2116.7 -7608.0 -20.1 305 0 5.2 7.9 7.5 2.5 2 1 3 0 0
94.4 -5179.0 -14.8 78 0 10.2 16.7 10.0 0.0 0 1 4 0 0
3800.1 -8327.0 -33.4 77 0 10.6 12.5 2.5 2.5 2 1 1 2 2
-56.2 -6524.3 -16.2 193 0 7.1 19.0 5.0 2.5 2 1 2 2 2
-709.7 -5752.9 -16.2 87 0 19.1 6.9 5.0 2.5 2 0 2 3 3
-1161.9 -7432.4 -13.9 196 0 13.6 5.5 5.0 0.0 0 0 2 4 4
5337.7 -6499.0 -28.3 222 0 7.7 8.1 5.0 2.5 2 1 2 4 4
727.3 -7042.8 -19.3 120 0 12.9 8.5 7.5 2.5 2 0 3 4 4
4893.4 -7856.4 -16.3 257 0 19.1 6.7 5.0 0.0 0 0 2 0 0
4802.1 -5420.5 -25.3 56 0 10.6 10.7 5.0 2.5 4 1 2 1 1
2701.4 -7670.2 -23.9 271 0 17.7 16.0 7.5 2.5 2 0 3 4 4
2069.0 -7516.9 -19.4 216 0 9.0 6.7 5.0 2.5 2 0 2 5 5
195.6 -6738.7 -14.7 122 0 7.2 10.8 5.0 2.5 2 1 2 2 2
4674.2 -7131.5 -30.0 37 0 6.6 18.3 5.0 2.5 2 1 2 0 0
-544.4 -4005.0 -10.9 181 0 4.8 10.1 7.5 0.0 0 1 3 1 1
3667.9 -7479.6 -30.8 308 0 9.3 5.5 5.0 0.0 0 0 2 4 4
2044.3 -6133.5 -13.4 339 0 5.1 11.6 5.0 2.5 4 1 2 0 0
3331.4 -7701.3 -26.2 220 0 13.3 33.2 12.5 2.5 2 1 5 4 4
3593.4 -7495.9 -29.5 293 0 6.7 9.9 7.5 2.5 2 1 3 0 0
2068.1 -7455.5 -19.4 307 0 10.3 8.1 2.5 2.5 2 0 1 4 4
-1012.3 -7728.2 -14.0 4 0 15.6 6.0 5.0 2.5 2 0 2 4 4
-721.5 -5174.4 -16.7 178 0 11.1 28.3 7.5 2.5 4 1 3 1 1
116.1 -5001.4 -16.0 9 0 15.4 8.7 2.5 2.5 4 0 1 1 1
-997.2 -7828.6 -14.6 0 0 8.6 23.8 5.0 2.5 2 1 2 2 2
-281.6 -7435.2 -12.7 93 0 4.3 10.4 7.5 2.5 2 1 3 0 0
3797.6 -6009.3 -24.5 252 0 14.5 11.2 10.0 2.5 2 0 4 1 1
4434.1 -5654.6 -26.1 238 0 10.3 8.1 5.0 0.0 0 0 2 0 0
3074.5 -6445.0 -15.7 352 0 4.5 10.6 5.0 2.5 2 1 2 2 2
3471.9 -7630.3 -29.8 107 0 5.6 7.7 7.5 2.5 2 1 3 1 1
1985.0 -7609.8 -18.4 226 0 7.3 7.8 2.5 2.5 2 1 1 1 1
-1018.1 -7237.9 -12.2 180 0 7.1 19.1 7.5 2.5 2 1 3 0 0
2122.7 -7615.8 -20.7 303 0 6.2 10.8 2.5 2.5 2 1 1 5 5
-601.5 -4887.0 -15.4 89 0 12.3 7.3 7.5 2.5 2 0 3 5 5
-566.8 -7002.2 -15.5 261 0 7.2 12.1 5.0 2.5 2 0 2 1 1
4638.5 -5304.1 -21.2 326 0 7.2 7.0 5.0 2.5 2 0 2 2 2
988.9 -8179.1 -20.0 213 0 6.5 17.5 5.0 2.5 2 1 2 2 2
-936.1 -6919.3 -11.6 3 0 6.8 10.7 2.5 2.5 2 1 1 3 3
4315.9 -5697.7 -25.9 63 0 10.9 7.1 2.5 2.5 2 0 1 1 1
2165.3 -7765.0 -27.6 225 0 10.7 6.6 5.0 2.5 2 0 2 0 0
2045.1 -7452.2 -19.5 135 0 9.4 8.4 7.5 0.0 0 0 3 2 2
-737.5 -3897.3 -10.8 267 0 22.4 9.6 5.0 2.5 2 0 2 5 5
-566.1 -4176.5 -14.3 182 0 12.9 7.1 5.0 2.5 2 0 2 4 4
4467.6 -5551.7 -26.0 315 0 5.5 17.1 7.5 2.5 2 1 3 5 5
5181.7 -6926.0 -25.4 217 0 10.1 7.3 2.5 2.5 2 0 1 2 2
1141.9 -7123.9 -19.4 116 0 13.6 10.4 2.5 2.5 2 0 1 3 3
6050.6 -8012.7 -18.0 207 0 4.5 15.6 2.5 0.0 0 1 1 5 5
4173.1 -5588.1 -24.9 50 0 11.7 6.1 5.0 2.5 2 0 2 3 3
3668.1 -8019.4 -30.3 357 0 6.4 8.0 7.5 2.5 4 0 3 3 3
3029.7 -7716.9 -23.6 94 0 10.0 11.7 5.0 2.5 2 1 2 4 4
2813.9 -5800.5 -15.2 173 0 33.1 6.7 5.0 2.5 2 0 2 3 3
2176.3 -7694.6 -24.0 39 0 12.5 9.2 7.5 2.5 2 0 3 1 1
44.4 -5157.8 -16.5 168 0 8.4 31.7 7.5 2.5 2 1 3 2 2
-539.4 -4650.6 -16.0 2 0 10.4 22.5 7.5 2.5 2 1 3 1 1
4706.6 -7097.3 -30.0 36 0 7.6 28.1 2.5 2.5 2 1 1 1 1
6247.7 -8213.1 -17.7 28 0 4.8 13.0 7.5 2.5 2 1 3 5 5
-1106.7 -7427.8 -13.8 359 0 10.8 13.8 5.0 2.5 2 1 2 5 5
4726.4 -7095.3 -29.5 36 0 9.9 6.3 7.5 0.0 0 0 3 2 2
6511.3 -8346.9 -19.5 296 0 5.8 14.0 2.5 2.5 2 1 1 3 3
4623.5 -5549.9 -24.9 52 0 13.7 7.6 5.0 2.5 2 0 2 0 0
3381.7 -7822.0 -28.5 42 0 12.2 5.7 7.5 2.5 2 0 3 4 4
2901.9 -7698.0 -22.5 95 0 5.4 8.6 5.0 2.5 2 1 2 4 4
2561.0 -4712.6 -12.0 355 0 6.9 8.7 5.0 2.5 2 1 2 2 2
-1044.5 -8025.3 -16.2 179 0 10.7 6.6 7.5 2.5 2 0 3 1 1
-502.7 -4381.8 -15.1 357 0 7.1 18.0 7.5 2.5 2 1 3 1 1
-540.8 -4514.7 -15.4 180 0 12.7 9.3 2.5 2.5 2 0 1 5 5
4719.6 -5220.2 -22.0 319 0 7.3 12.3 5.0 2.5 2 1 2 3 3
-1126.4 -7459.6 -14.3 14 0 9.1 6.1 7.5 2.5 4 0 3 3 3
4437.5 -5621.0 -26.1 141 0 10.0 11.3 5.0 2.5 2 1 2 3 3
4422.9 -5672.1 -26.2 235 0 5.8 12.0 5.0 2.5 2 0 2 3 3
4347.1 -5747.0 -27.1 52 0 5.5 15.1 5.0 0.0 0 1 2 4 4
3456.6 -7553.7 -26.7 195 0 6.9 5.6 5.0 2.5 4 0 2 5 5
3714.4 -8243.5 -32.7 349 0 12.2 7.9 7.5 2.5 2 0 3 2 2
-966.5 -6977.4 -12.4 353 0 6.3 11.3 7.5 2.5 2 1 3 2 2
2862.5 -5947.2 -16.0 262 0 12.1 7.2 7.5 2.5 2 0 3 4 4
81.8 -5191.3 -16.1 351 0 9.6 23.9 7.5 2.5 2 0 3 0 0
-1068.3 -8070.1 -16.4 345 0 14.8 11.0 5.0 2.5 2 0 2 4 4
5226.4 -8036.6 -14.4 118 0 15.8 7.1 5.0 2.5 2 0 2 3 3
4082.1 -6508.2 -31.4 226 0 9.8 8.2 7.5 2.5 2 0 3 3 3
2540.7 -7494.7 -23.5 279 0 8.7 10.0 7.5 2.5 2 1 3 1 1
3884.0 -7823.6 -27.2 254 0 8.1 8.8 5.0 2.5 2 0 2 4 4
2404.0 -7511.8 -22.4 307 0 11.1 24.0 10.0 2.5 2 1 4 2 2
2306.7 -7337.0 -22.2 31 0 12.5 47.0 7.5 2.5 4 0 3 2 2
-512.5 -4789.3 -16.8 356 0 7.2 17.7 7.5 2.5 2 1 3 5 5
-282.9 -3909.6 -11.5 178 0 12.0 6.6 7.5 2.5 2 0 3 0 0
-962.3 -4022.4 -10.7 356 0 6.1 13.1 5.0 2.5 4 1 2 3 3
4342.5 -5764.1 -27.6 52 0 14.4 6.2 7.5 2.5 2 0 3 1 1
-1002.0 -7818.3 -14.5 90 0 5.9 18.0 7.5 2.5 2 1 3 0 0
4267.2 -5706.6 -26.0 142 0 12.4 8.8 2.5 2.5 2 0 1 4 4
4298.6 -6157.4 -32.3 105 0 4.9 13.6 2.5 2.5 2 1 1 2 2
3350.4 -4843.4 -14.1 146 0 7.4 11.0 5.0 2.5 2 1 2 4 4
2645.9 -5652.1 -11.2 357 0 6.7 11.9 2.5 2.5 2 1 1 3 3
258.4 -6721.4 -16.1 29 0 9.2 43.9 5.0 2.5 2 1 2 2 2
112.0 -5861.8 -12.6 77 0 14.6 5.3 7.5 2.5 2 0 3 4 4
-986.5 -6960.4 -12.1 258 0 6.0 11.1 5.0 2.5 2 1 2 5 5
5259.0 -8033.8 -16.1 33 0 12.7 10.7 5.0 2.5 2 0 2 4 4
1451.3 -7164.8 -21.0 213 0 10.2 35.0 7.5 2.5 2 1 3 2 2
4096.0 -5736.6 -25.2 141 0 6.3 6.6 5.0 2.5 2 1 2 3 3
2911.7 -6161.6 -14.2 173 0 6.2 25.3 7.5 2.5 2 1 3 0 0
2452.2 -7639.5 -25.2 205 0 7.4 5.9 2.5 2.5 2 0 1 0 0
2021.1 -6145.1 -13.5 250 0 4.2 11.1 7.5 2.5 2 1 3 1 1
-839.7 -3608.1 -7.6 0 0 6.2 10.2 7.5 2.5 2 1 3 2 2
4638.9 -5439.7 -22.0 49 0 10.9 9.3 5.0 2.5 2 0 2 3 3
-1034.4 -7636.1 -13.9 179 0 5.6 13.2 7.5 0.0 0 1 3 1 1
4557.4 -7006.9 -31.8 38 0 8.7 9.1 2.5 2.5 2 1 1 2 2
5308.0 -6580.7 -27.9 126 0 7.7 15.4 2.5 2.5 2 1 1 1 1
4019.4 -5897.4 -27.7 49 0 11.0 7.7 5.0 2.5 2 0 2 0 0
1780.1 -6064.1 -9.8 248 0 6.7 11.5 5.0 0.0 0 1 2 1 1
2447.5 -7726.4 -27.6 268 0 11.7 7.5 7.5 2.5 2 0 3 5 5
-1080.2 -7873.3 -15.1 3 0 5.3 11.0 2.5 2.5 2 1 1 2 2
6062.1 -8043.5 -17.9 119 0 5.5 12.4 7.5 2.5 2 1 3 2 2
239.4 -6738.3 -15.2 33 0 6.0 21.9 7.5 2.5 2 1 3 1 1
4090.8 -5768.9 -26.4 228 0 16.8 8.3 7.5 2.5 2 0 3 2 2
4618.0 -5340.1 -20.5 143 0 10.8 7.6 2.5 2.5 2 0 1 0 0
2249.1 -7261.3 -22.7 212 0 12.0 22.7 10.0 2.5 2 1 4 0 0
1771.0 -7430.7 -17.3 32 0 5.3 4.6 2.5 2.5 2 0 1 2 2
2985.0 -4479.0 -8.0 57 0 17.3 9.0 5.0 2.5 2 0 2 5 5
-922.5 -6878.9 -12.0 360 0 7.8 10.6 2.5 2.5 2 1 1 0 0
-556.4 -4225.3 -14.7 179 0 10.4 6.1 5.0 2.5 2 0 2 5 5
5212.9 -6940.9 -25.3 37 0 5.6 22.6 2.5 2.5 2 1 1 2 2
-1069.7 -7349.6 -12.6 183 0 5.2 8.6 7.5 2.5 2 1 3 1 1
4388.1 -7538.9 -32.3 120 0 21.8 6.5 5.0 2.5 2 0 2 3 3
5407.4 -6413.1 -28.6 47 0 15.3 6.6 2.5 2.5 2 0 1 4 4
2929.2 -7701.4 -22.6 91 0 12.1 5.7 5.0 2.5 2 0 2 2 2
2176.4 -7670.7 -23.3 34 0 6.1 11.4 7.5 2.5 2 1 3 1 1
-572.7 -4322.4 -15.0 89 0 8.3 25.6 7.5 2.5 2 1 3 4 4
-900.3 -3413.1 -7.2 355 0 5.1 11.2 2.5 2.5 2 1 1 0 0
4245.1 -5666.0 -25.0 233 0 14.2 6.4 5.0 2.5 2 0 2 3 3
-1080.0 -7675.7 -14.0 359 0 7.0 12.0 2.5 2.5 2 1 1 2 2
4546.3 -7677.1 -27.3 107 0 5.9 10.1 7.5 2.5 2 1 3 4 4
3295.1 -7546.7 -21.7 278 0 11.3 10.8 5.0 0.0 0 0 2 1 1
4884.1 -5266.2 -23.0 321 0 7.8 11.3 7.5 2.5 2 1 3 4 4
2064.5 -7479.9 -19.4 128 0 8.6 9.7 5.0 2.5 2 1 2 1 1
2208.9 -7825.9 -30.0 348 0 5.0 20.0 5.0 2.5 2 1 2 0 0
2189.7 -7660.6 -23.2 38 0 11.1 7.5 7.5 2.5 2 0 3 4 4
-869.7 -3618.0 -8.2 180 0 12.0 6.5 5.0 2.5 2 0 2 2 2
-689.3 -5216.8 -17.1 359 0 11.6 24.1 12.5 0.0 0 1 5 5 5
4454.7 -7208.6 -32.4 115 0 7.9 5.3 7.5 2.5 2 0 3 4 4
-2623.0 -5957.7 -4.1 268 0 8.9 19.2 5.0 2.5 2 1 2 5 5
3604.2 -7490.8 -29.8 202 0 6.1 8.0 2.5 2.5 2 1 1 0 0
4210.6 -5709.9 -26.0 324 0 11.7 33.0 10.0 2.5 2 1 4 4 4
2150.8 -7684.2 -23.5 41 0 6.8 4.7 5.0 2.5 2 0 2 5 5
5933.9 -8185.0 -16.2 211 0 5.1 8.1 5.0 2.5 2 1 2 3 3
3687.3 -8074.4 -31.1 351 0 7.5 12.8 2.5 0.0 0 1 1 5 5
-1103.7 -7738.3 -14.3 179 0 19.0 6.3 2.5 2.5 2 0 1 3 3
1440.8 -7169.0 -21.1 304 0 7.5 11.4 7.5 2.5 2 1 3 2 2
35.2 -4209.8 -14.3 347 0 6.8 6.0 7.5 2.5 2 0 3 2 2
4001.7 -6643.1 -26.7 48 0 6.6 7.1 5.0 2.5 2 0 2 1 1
6877.1 -8195.9 -20.6 281 0 20.6 6.2 7.5 2.5 2 0 3 1 1
5200.6 -7284.4 -23.2 34 0 7.8 20.6 7.5 2.5 2 1 3 0 0
3624.3 -7506.1 -30.2 113 0 7.1 7.4 7.5 2.5 2 1 3 3 3
-3180.5 -8282.6 -17.5 38 0 31.5 11.8 7.5 2.5 2 0 3 3 3
3620.5 -7087.6 -24.1 129 0 5.1 15.5 7.5 2.5 2 0 3 0 0
2686.0 -5578.6 -12.2 356 0 6.5 13.6 7.5 2.5 2 1 3 2 2
2504.1 -4699.8 -11.1 355 0 5.7 14.4 5.0 2.5 2 1 2 3 3
3495.9 -7649.2 -31.3 53 0 8.3 6.1 5.0 2.5 2 0 2 0 0
-968.5 -7108.7 -13.4 274 0 9.2 5.0 2.5 2.5 4 0 1 0 0
72.3 -3889.3 -15.8 352 0 8.0 11.1 7.5 2.5 4 1 3 3 3
-1308.0 -7234.0 -12.3 84 0 4.8 15.9 7.5 2.5 2 1 3 1 1
7.1 -5612.0 -15.1 344 0 9.2 19.0 7.5 2.5 2 1 3 4 4
-1048.0 -7808.1 -14.6 180 0 11.4 6.3 7.5 2.5 2 0 3 2 2
-962.4 -7978.2 -15.9 357 0 9.9 8.4 5.0 2.5 2 0 2 4 4
4851.8 -6975.6 -28.6 35 0 13.4 7.9 5.0 2.5 2 0 2 3 3
4864.1 -5336.5 -25.9 52 0 8.1 5.0 2.5 2.5 2 0 1 1 1
3634.4 -7070.5 -24.2 309 0 5.1 6.5 7.5 2.5 2 0 3 4 4
4119.1 -5891.9 -29.6 47 0 10.7 4.5 5.0 2.5 2 0 2 0 0
2338.9 -6643.8 -19.1 133 0 10.5 25.5 10.0 2.5 2 0 4 2 2
3485.1 -7554.9 -27.9 65 0 13.3 12.9 5.0 2.5 2 0 2 0 0
291.0 -6314.0 -15.4 79 0 7.3 12.5 7.5 2.5 4 1 3 5 5
43.8 -4241.4 -14.4 85 0 12.8 18.7 7.5 2.5 2 1 3 4 4
3874.5 -6865.5 -31.9 134 0 5.9 11.5 7.5 2.5 2 1 3 0 0
-1070.4 -7997.0 -15.8 357 0 14.8 8.6 5.0 2.5 2 0 2 3 3
4108.1 -5884.3 -29.4 227 0 4.8 8.5 5.0 2.5 2 0 2 2 2
4703.8 -5491.6 -25.3 233 0 6.5 8.8 5.0 0.0 0 1 2 1 1
4996.0 -7927.2 -12.3 256 0 8.3 18.2 7.5 2.5 4 1 3 3 3
2345.9 -7718.2 -26.8 279 0 11.5 9.1 5.0 2.5 2 0 2 0 0
2052.5 -6154.3 -13.6 339 0 7.4 10.1 7.5 0.0 0 1 3 4 4
1221.8 -6649.7 -19.8 333 0 8.8 21.8 7.5 2.5 2 1 3 4 4
-47.6 -3375.1 -11.2 270 0 5.5 7.5 7.5 2.5 2 1 3 0 0
4141.0 -7051.8 -33.0 50 0 13.5 13.0 10.0 2.5 4 0 4 2 2
4220.6 -5843.8 -29.5 137 0 12.3 15.8 7.5 0.0 0 1 3 5 5
2240.8 -7624.3 -22.8 305 0 11.0 8.7 7.5 2.5 2 0 3 0 0
3198.1 -4439.0 -8.7 243 0 14.9 5.8 7.5 2.5 2 0 3 0 0
-1306.0 -7200.5 -12.4 263 0 5.1 14.1 7.5 2.5 2 1 3 3 3
-778.5 -3610.0 -6.7 263 0 5.5 10.8 7.5 2.5 2 1 3 0 0
4274.6 -5798.5 -28.4 319 0 9.5 28.5 7.5 0.0 0 1 3 3 3
-987.3 -7136.6 -13.3 183 0 7.1 17.5 7.5 2.5 2 1 3 5 5
4553.6 -7585.2 -30.4 38 0 5.0 10.4 7.5 2.5 2 1 3 2 2
5842.4 -8013.9 -17.8 29 0 21.3 5.5 5.0 2.5 4 0 2 2 2
5813.1 -7974.3 -18.0 299 0 5.8 19.6 7.5 2.5 2 1 3 2 2
3544.2 -7525.2 -28.7 154 0 7.0 4.8 2.5 2.5 2 0 1 2 2
3680.4 -8268.1 -32.9 165 0 5.5 16.8 5.0 2.5 2 1 2 3 3
2600.7 -5454.8 -11.9 355 0 8.8 5.3 7.5 2.5 2 0 3 0 0
3600.7 -4674.4 -12.6 56 0 8.5 14.2 7.5 2.5 2 1 3 4 4
-916.7 -6862.8 -12.3 353 0 7.3 8.1 7.5 0.0 0 1 3 2 2
-1527.9 -7769.2 -13.0 5 0 13.3 8.9 7.5 2.5 4 0 3 3 3
4692.8 -5491.3 -25.0 230 0 7.8 6.1 5.0 2.5 2 0 2 4 4
-1010.5 -7008.3 -12.9 350 0 11.4 4.6 5.0 2.5 2 0 2 0 0
5262.6 -7906.9 -13.4 207 0 11.3 4.6 7.5 2.5 4 0 3 3 3
2081.0 -7594.9 -19.4 34 0 9.3 7.8 5.0 2.5 2 0 2 2 2
3757.8 -6303.9 -27.4 233 0 7.6 21.2 2.5 2.5 2 1 1 5 5
2303.1 -7742.3 -28.8 191 0 7.9 26.4 2.5 2.5 4 1 1 3 3
2860.7 -6458.7 -11.5 173 0 7.4 6.0 2.5 0.0 0 0 1 3 3
-1480.6 -6767.0 -10.4 262 0 6.2 20.1 5.0 2.5 2 1 2 5 5
6451.6 -7326.4 -17.9 206 0 10.2 7.4 7.5 2.5 2 0 3 0 0
3858.7 -6039.7 -25.5 36 0 11.2 15.7 5.0 2.5 2 1 2 2 2
6916.9 -8235.8 -20.4 102 0 7.7 22.9 7.5 0.0 0 1 3 4 4
-1100.7 -7869.5 -15.1 91 0 5.9 15.9 5.0 2.5 4 1 2 0 0
3888.0 -7003.4 -27.7 141 0 6.2 11.0 5.0 2.5 2 1 2 0 0
4058.0 -6744.1 -27.4 316 0 5.3 11.5 2.5 2.5 2 1 1 1 1
4749.6 -5385.0 -24.2 232 0 6.6 22.4 5.0 2.5 2 1 2 0 0
3030.1 -6272.3 -16.3 83 0 6.2 10.5 5.0 2.5 2 1 2 0 0
3214.6 -4475.2 -9.0 61 0 11.2 6.5 7.5 2.5 2 0 3 1 1
-681.4 -5186.9 -17.0 0 0 26.9 8.0 2.5 2.5 2 0 1 0 0
-238.7 -3882.5 -11.3 353 0 10.5 27.9 10.0 2.5 2 1 4 2 2
4295.6 -6245.1 -32.8 143 0 6.0 8.5 7.5 2.5 2 1 3 5 5
156.1 -7857.8 -15.5 93 0 13.9 6.0 7.5 2.5 2 0 3 5 5
2552.5 -4780.8 -12.0 269 0 7.4 15.7 2.5 2.5 2 1 1 3 3
2123.0 -7679.5 -23.1 37 0 6.9 9.4 5.0 2.5 2 1 2 1 1
2221.6 -7614.5 -22.1 297 0 4.5 10.9 7.5 2.5 2 1 3 1 1
2497.6 -7592.2 -24.3 186 0 6.4 6.6 7.5 2.5 2 1 3 0 0
-556.2 -7037.3 -15.0 84 0 9.3 15.4 5.0 2.5 2 1 2 1 1
-649.4 -4984.6 -14.9 268 0 12.7 9.1 2.5 2.5 2 0 1 5 5
4575.0 -5677.2 -27.5 146 0 16.9 6.9 7.5 2.5 2 0 3 2 2
4487.8 -5615.1 -26.4 234 0 8.8 5.3 2.5 2.5 2 0 1 4 4
5158.6 -6638.3 -29.0 41 0 7.9 32.4 7.5 0.0 0 1 3 0 0
3471.8 -7615.3 -29.7 183 0 6.2 8.3 7.5 2.5 2 1 3 5 5
2220.9 -7680.1 -24.0 124 0 8.2 22.4 2.5 2.5 2 1 1 0 0
-1634.3 -7762.7 -10.8 188 0 42.2 21.9 10.0 0.0 0 0 4 2 2
72.7 -3863.7 -15.8 355 0 22.6 7.5 2.5 2.5 2 0 1 0 0
-1094.1 -7797.7 -14.9 358 0 18.5 7.5 7.5 2.5 2 0 3 0 0
3893.9 -7858.1 -27.9 74 0 8.0 17.6 7.5 2.5 2 1 3 0 0
5319.3 -6431.8 -28.9 215 0 6.0 19.7 2.5 2.5 2 1 1 2 2
3450.0 -7615.9 -28.7 201 0 5.3 8.3 2.5 2.5 2 1 1 0 0
2587.0 -5201.4 -11.9 89 0 4.5 10.5 7.5 2.5 2 1 3 2 2
-974.6 -7820.3 -14.9 93 0 8.4 27.1 7.5 2.5 2 1 3 2 2
-23.5 -6561.1 -16.7 103 0 7.3 13.2 2.5 0.0 0 1 1 5 5
-1511.5 -6772.2 -9.9 262 0 11.8 7.1 5.0 2.5 2 0 2 4 4
-551.2 -4608.9 -15.6 270 0 18.9 8.7 7.5 2.5 2 0 3 3 3
5386.4 -6372.8 -29.0 303 0 6.6 24.5 2.5 2.5 2 1 1 2 2
-1513.0 -7642.3 -11.7 98 0 7.5 11.2 5.0 2.5 2 1 2 5 5
5266.7 -7909.0 -13.5 207 0 11.3 4.6 5.0 2.5 2 0 2 1 1
3977.8 -7130.2 -29.4 49 0 6.7 9.0 2.5 2.5 2 1 1 1 1
2953.0 -6352.3 -15.8 81 0 9.3 15.0 7.5 2.5 2 1 3 4 4
2547.5 -5299.1 -12.5 266 0 8.7 12.2 5.0 2.5 2 1 2 3 3
2557.9 -5405.8 -11.6 262 0 4.9 8.8 2.5 2.5 2 1 1 0 0
-25.6 -5590.7 -15.6 258 0 6.4 18.3 7.5 0.0 0 1 3 1 1
89.3 -4936.5 -16.0 262 0 7.9 28.2 5.0 2.5 2 1 2 2 2
4604.7 -5252.5 -22.1 231 0 9.8 9.7 7.5 2.5 2 0 3 1 1
3930.8 -7099.2 -27.9 135 0 5.9 10.7 7.5 2.5 4 1 3 4 4
2037.6 -7579.8 -19.0 217 0 11.3 10.1 7.5 2.5 2 0 3 3 3
2741.3 -5955.1 -11.8 264 0 6.5 10.9 7.5 2.5 2 1 3 5 5
3483.4 -7601.5 -29.4 359 0 6.7 6.6 2.5 2.5 2 0 1 3 3
3535.2 -4903.9 -15.3 56 0 8.8 5.3 7.5 2.5 2 0 3 5 5
-1033.0 -7796.6 -14.4 181 0 6.7 19.8 7.5 2.5 2 1 3 0 0
443.9 -6583.3 -17.7 249 0 16.0 7.3 7.5 2.5 2 0 3 4 4
40.2 -5168.5 -16.5 263 0 13.0 22.6 10.0 2.5 2 1 4 4 4
-1727.9 -8205.1 -16.3 275 0 5.3 12.6 5.0 2.5 2 1 2 1 1
4641.5 -5400.6 -21.4 229 0 10.9 9.3 5.0 2.5 2 0 2 4 4
2213.8 -7684.6 -24.1 39 0 6.6 18.6 7.5 2.5 2 1 3 3 3
3503.2 -7596.9 -30.1 5 0 6.2 8.1 7.5 2.5 2 1 3 5 5
3159.2 -5560.6 -19.8 86 0 14.6 7.1 5.0 2.5 2 0 2 3 3
3525.3 -4709.6 -13.1 233 0 15.5 6.3 5.0 2.5 2 0 2 2 2
-790.1 -5504.6 -13.8 180 0 9.9 7.2 5.0 2.5 2 0 2 2 2
6918.3 -8202.0 -20.5 4 0 8.1 14.2 7.5 2.5 2 1 3 5 5
-1044.4 -7997.2 -15.9 181 0 11.6 9.0 7.5 2.5 2 0 3 3 3
6050.3 -8139.0 -16.7 119 0 7.0 8.9 5.0 2.5 2 1 2 1 1
5218.1 -8010.1 -14.3 214 0 12.8 6.1 7.5 2.5 2 0 3 0 0
4603.3 -5425.7 -21.3 228 0 21.4 7.3 7.5 2.5 2 0 3 2 2
1192.8 -6670.0 -20.4 246 0 7.7 17.3 7.5 2.5 2 1 3 2 2
2163.6 -7653.5 -22.8 31 0 5.5 9.0 2.5 2.5 2 1 1 5 5
2575.7 -5054.7 -12.9 84 0 6.6 15.4 7.5 2.5 2 1 3 0 0
-1175.5 -7308.8 -12.1 285 0 10.1 6.6 5.0 2.5 2 0 2 2 2
87.5 -5030.4 -16.4 171 0 7.1 24.5 5.0 2.5 2 1 2 4 4
31.8 -5596.2 -15.2 79 0 10.2 23.3 7.5 2.5 2 1 3 1 1
463.1 -6586.6 -17.5 239 0 5.7 14.1 7.5 2.5 2 1 3 5 5
5294.8 -6530.5 -28.3 225 0 8.4 6.5 2.5 2.5 2 0 1 5 5
4477.1 -5436.9 -22.1 138 0 5.4 7.9 5.0 2.5 2 1 2 5 5
2539.2 -7632.4 -25.0 359 0 8.9 15.7 5.0 2.5 2 1 2 1 1
-851.8 -3531.2 -7.2 357 0 17.2 7.9 5.0 2.5 2 0 2 5 5
3683.7 -8148.8 -32.3 259 0 9.4 12.2 7.5 2.5 4 1 3 0 0
-811.9 -3331.7 -5.5 266 0 5.9 15.9 5.0 2.5 2 1 2 0 0
-659.7 -4016.1 -12.0 357 0 6.7 10.8 7.5 2.5 2 1 3 3 3
5114.9 -6634.6 -29.3 218 0 26.9 7.9 7.5 2.5 2 0 3 0 0
5306.1 -6539.2 -28.2 216 0 5.4 18.3 5.0 2.5 2 1 2 1 1
6777.7 -8245.7 -19.4 182 0 6.5 10.0 7.5 2.5 2 1 3 0 0
2090.2 -7340.7 -21.3 212 0 12.8 71.7 7.5 2.5 2 1 3 5 5
3426.8 -7595.5 -26.9 192 0 6.5 8.0 5.0 2.5 2 1 2 1 1
1306.4 -6682.0 -19.6 158 0 18.5 7.0 7.5 2.5 2 0 3 3 3
-556.6 -4693.8 -16.3 179 0 10.5 7.2 5.0 2.5 2 0 2 3 3
-669.6 -4560.9 -15.2 360 0 5.5 9.6 5.0 2.5 2 1 2 1 1
5270.9 -6468.5 -29.0 126 0 5.6 15.9 7.5 2.5 2 1 3 3 3
6224.7 -8240.1 -17.0 113 0 11.3 5.4 5.0 2.5 2 0 2 0 0
-929.8 -6962.9 -12.1 195 0 12.8 7.0 2.5 2.5 4 0 1 2 2
4368.8 -5601.6 -25.4 325 0 15.0 7.1 7.5 2.5 2 0 3 1 1
3490.0 -7588.5 -29.3 330 0 6.4 6.1 7.5 2.5 2 0 3 4 4
2537.5 -4794.9 -11.7 90 0 10.3 5.6 7.5 2.5 2 0 3 4 4
2027.0 -6654.0 -22.7 149 0 5.2 15.0 7.5 2.5 2 1 3 4 4
-834.3 -5497.4 -12.3 268 0 15.1 10.0 5.0 2.5 2 0 2 2 2
-363.3 -6521.6 -17.7 16 0 10.8 14.4 7.5 2.5 4 0 3 2 2
4434.7 -5598.9 -26.0 142 0 14.1 6.1 7.5 0.0 0 0 3 5 5
-1016.3 -7260.6 -12.3 186 0 5.2 7.9 7.5 2.5 2 1 3 3 3
4111.0 -5776.8 -26.6 230 0 6.4 8.4 7.5 2.5 2 1 3 5 5
3988.4 -5928.6 -27.9 50 0 10.3 7.8 2.5 2.5 2 0 1 1 1
1934.8 -7534.2 -16.3 202 0 5.7 9.7 7.5 2.5 4 1 3 4 4
3784.5 -8262.4 -32.6 255 0 9.2 9.2 5.0 2.5 2 0 2 0 0
2505.5 -4604.0 -10.4 357 0 6.1 19.0 2.5 2.5 2 1 1 1 1
2099.7 -7548.6 -19.6 40 0 4.7 8.9 7.5 2.5 2 1 3 1 1
-1060.9 -7564.4 -14.4 175 0 17.0 11.9 5.0 2.5 4 0 2 2 2
-791.9 -3821.3 -10.5 268 0 10.0 5.3 5.0 2.5 2 0 2 3 3
-1541.1 -3735.1 6.4 185 0 12.8 11.7 5.0 2.5 2 0 2 3 3
-1017.0 -7594.9 -14.2 360 0 11.0 6.3 5.0 2.5 2 0 2 4 4
4141.9 -5784.5 -26.7 50 0 7.4 8.2 7.5 2.5 4 1 3 4 4
5164.2 -6648.6 -29.0 40 0 5.0 8.4 5.0 2.5 2 1 2 1 1
4574.2 -5283.3 -21.6 140 0 7.5 7.2 7.5 2.5 2 0 3 3 3
2995.7 -4418.2 -7.9 236 0 9.9 23.4 5.0 2.5 2 1 2 1 1
495.8 -6882.9 -16.9 30 0 6.9 9.8 2.5 2.5 2 0 1 0 0
-814.8 -3849.4 -10.4 89 0 6.3 17.7 7.5 2.5 2 1 3 2 2
561.4 -6425.7 -17.7 248 0 6.4 22.2 2.5 2.5 2 1 1 3 3
4458.4 -5640.2 -26.3 235 0 10.7 9.0 5.0 2.5 2 0 2 1 1
6287.2 -7519.4 -18.7 207 0 7.7 5.5 7.5 0.0 0 0 3 5 5
-1033.2 -7336.0 -12.7 358 0 17.0 8.1 7.5 2.5 2 0 3 2 2
6854.4 -8227.8 -20.4 191 0 8.6 11.8 7.5 2.5 4 1 3 4 4
2728.8 -5483.5 -14.7 267 0 6.6 12.3 5.0 2.5 2 1 2 5 5
5435.9 -6818.8 -24.5 127 0 12.4 7.1 5.0 2.5 2 0 2 0 0
2657.1 -4886.3 -16.0 261 0 6.0 12.3 7.5 2.5 2 1 3 1 1
-682.6 -6069.0 -17.7 92 0 6.7 19.7 7.5 2.5 2 1 3 3 3
-826.7 -3656.6 -8.1 356 0 10.0 5.1 7.5 2.5 4 0 3 0 0
-1053.1 -7021.2 -12.9 167 0 23.7 9.7 7.5 2.5 2 0 3 5 5
1134.1 -7090.2 -19.8 298 0 5.8 16.8 7.5 2.5 2 1 3 0 0
4695.7 -5614.8 -28.7 147 0 8.7 6.4 5.0 2.5 2 0 2 1 1
2171.5 -7753.9 -27.8 225 0 6.7 12.8 5.0 2.5 2 1 2 0 0
2094.3 -7710.3 -24.7 129 0 12.0 9.9 2.5 2.5 2 0 1 3 3
-31.7 -5569.3 -16.0 166 0 16.0 22.0 5.0 2.5 2 1 2 1 1
56.4 -4352.3 -13.0 87 0 10.0 13.3 2.5 2.5 2 1 1 2 2
6683.3 -7161.4 -19.2 105 0 13.5 5.8 2.5 2.5 2 0 1 0 0
-1128.3 -7370.4 -12.5 1 0 6.4 14.2 7.5 2.5 2 1 3 3 3
4197.4 -5833.6 -28.9 140 0 5.4 7.5 5.0 2.5 2 0 2 5 5
2560.0 -7511.8 -23.7 2 0 5.9 13.0 5.0 2.5 2 1 2 4 4
2465.8 -7739.5 -27.7 267 0 9.3 8.7 5.0 2.5 2 0 2 3 3
1260.4 -7216.7 -19.7 120 0 6.2 21.8 2.5 2.5 2 1 1 2 2
-1176.1 -7273.2 -12.1 82 0 5.3 10.5 7.5 2.5 2 1 3 2 2
2329.2 -6598.2 -17.7 316 0 5.9 13.2 7.5 2.5 2 1 3 0 0
-897.7 -6705.4 -14.7 172 0 17.5 7.0 7.5 2.5 2 0 3 4 4
-3087.9 -8337.9 -17.6 221 0 5.5 9.3 7.5 2.5 2 1 3 0 0
3676.9 -8041.1 -30.6 352 0 9.0 14.7 2.5 0.0 0 1 1 2 2
6895.4 -8216.8 -20.4 10 0 10.4 5.8 7.5 2.5 2 0 3 3 3
-1054.1 -7538.1 -14.5 175 0 8.2 20.0 5.0 2.5 2 1 2 1 1
3639.8 -7498.8 -30.4 20 0 5.9 7.4 5.0 2.5 4 1 2 1 1
5203.6 -7241.3 -23.2 217 0 7.1 19.4 7.5 2.5 2 1 3 3 3
3431.4 -7584.5 -26.6 175 0 4.7 6.5 7.5 2.5 2 1 3 4 4
3650.1 -7494.5 -30.5 35 0 5.9 9.0 7.5 2.5 2 1 3 3 3
2225.0 -7287.1 -22.3 211 0 12.5 48.8 7.5 2.5 2 0 3 4 4
3016.3 -6948.6 -19.9 77 0 5.9 10.7 2.5 2.5 2 1 1 2 2
155.7 -5689.6 -12.6 357 0 8.8 5.2 5.0 2.5 2 0 2 0 0
517.0 -6668.1 -17.3 49 0 6.9 21.4 7.5 2.5 2 1 3 3 3
138.2 -6728.7 -15.5 215 0 8.5 4.9 5.0 2.5 2 0 2 2 2
4844.8 -5406.5 -26.5 49 0 8.4 6.0 5.0 2.5 2 0 2 2 2
-1071.9 -7812.1 -14.8 0 0 5.9 17.0 5.0 2.5 2 1 2 0 0
4632.1 -7154.2 -29.8 126 0 23.0 6.6 5.0 2.5 2 0 2 0 0
3581.6 -7499.7 -29.3 293 0 7.2 9.3 7.5 2.5 2 1 3 5 5
2863.8 -6414.4 -12.9 175 0 8.8 6.3 5.0 2.5 2 0 2 3 3
3507.1 -4910.5 -15.3 143 0 10.4 8.3 5.0 2.5 2 0 2 5 5
93.3 -5336.5 -15.2 345 0 8.3 27.4 7.5 0.0 0 1 3 3 3
-633.6 -4077.1 -12.8 354 0 10.7 6.5 5.0 0.0 0 0 2 1 1
4456.9 -5656.9 -26.3 234 0 5.3 14.2 7.5 2.5 2 1 3 2 2
-1080.5 -7850.7 -15.1 1 0 6.7 12.3 5.0 2.5 4 1 2 1 1
5830.7 -7990.0 -17.9 300 0 13.9 5.4 5.0 2.5 2 0 2 3 3
2712.7 -5511.7 -14.2 83 0 9.1 13.3 2.5 2.5 2 1 1 1 1
2512.4 -5341.6 -11.8 177 0 10.5 6.6 7.5 2.5 2 0 3 4 4
1213.6 -7097.9 -19.7 297 0 7.6 16.4 7.5 2.5 2 1 3 2 2
-553.1 -7009.0 -15.3 351 0 6.7 9.0 5.0 2.5 2 0 2 4 4
-553.4 -3991.7 -10.7 186 0 9.1 5.3 5.0 2.5 2 0 2 4 4
-635.9 -4061.1 -12.7 354 0 11.5 8.5 5.0 2.5 2 0 2 3 3
4018.6 -5865.5 -27.4 322 0 18.2 5.8 7.5 2.5 2 0 3 4 4
-1086.1 -7561.2 -14.2 353 0 11.7 11.7 5.0 2.5 2 1 2 3 3
3981.5 -6796.4 -29.1 139 0 15.2 4.4 7.5 0.0 0 0 3 0 0
738.9 -6987.6 -20.1 209 0 9.5 20.5 5.0 2.5 2 1 2 5 5
4765.1 -5583.8 -29.5 52 0 8.5 11.4 5.0 2.5 4 1 2 0 0
4492.9 -5587.1 -26.3 50 0 10.7 8.5 5.0 2.5 2 0 2 5 5
2137.6 -7628.5 -21.7 300 0 6.2 16.7 2.5 2.5 2 1 1 1 1
2084.3 -7686.6 -23.0 131 0 7.9 5.1 2.5 2.5 2 0 1 0 0
-889.1 -8305.5 -18.0 262 0 11.6 5.6 2.5 2.5 2 0 1 1 1
2205.8 -7609.5 -21.6 297 0 10.4 8.1 7.5 2.5 2 0 3 0 0
-790.4 -3849.9 -10.4 88 0 14.2 7.3 5.0 2.5 2 0 2 0 0
6282.5 -7528.9 -18.9 207 0 13.5 5.5 5.0 2.5 2 0 2 0 0
-1047.3 -7671.7 -13.9 179 0 8.5 15.1 5.0 2.5 2 1 2 4 4
4573.7 -5584.1 -25.7 319 0 7.6 17.3 5.0 2.5 2 1 2 2 2
4249.7 -5833.0 -29.0 47 0 7.1 30.3 2.5 2.5 2 1 1 1 1
3619.8 -6621.1 -20.7 49 0 5.5 14.4 7.5 0.0 0 1 3 0 0
3490.7 -7623.4 -30.4 7 0 5.9 6.9 5.0 2.5 2 1 2 4 4
2543.0 -5420.1 -11.4 173 0 4.8 10.2 2.5 0.0 0 1 1 0 0
2100.9 -7728.2 -25.3 213 0 9.8 5.5 7.5 2.5 2 0 3 2 2
-1078.0 -8118.0 -16.6 80 0 10.2 8.1 7.5 2.5 2 0 3 1 1
-897.1 -6684.9 -14.7 262 0 7.0 11.4 7.5 2.5 2 0 3 4 4
404.2 -4528.7 0.5 25 0 15.2 8.4 2.5 2.5 2 0 1 5 5
-507.8 -4285.9 -15.3 268 0 10.0 26.1 7.5 2.5 2 1 3 5 5
-893.9 -7330.3 -13.3 271 0 11.1 8.5 2.5 2.5 2 0 1 3 3
4456.6 -5414.0 -22.0 145 0 9.3 6.9 5.0 2.5 2 0 2 3 3
5986.3 -8089.8 -16.6 115 0 4.5 10.7 7.5 2.5 2 1 3 3 3
5311.2 -6431.6 -29.0 312 0 6.3 16.6 5.0 2.5 2 1 2 0 0
4513.9 -5615.3 -26.7 231 0 8.9 13.2 7.5 2.5 4 1 3 1 1
2220.9 -7651.9 -23.3 34 0 6.6 21.0 7.5 2.5 2 1 3 5 5
3536.6 -4885.8 -15.1 324 0 14.9 6.9 5.0 2.5 2 0 2 5 5
-528.0 -4356.5 -15.0 179 0 8.1 18.2 2.5 2.5 2 1 1 2 2
-940.5 -6844.7 -12.4 169 0 13.0 6.0 5.0 2.5 2 0 2 3 3
44.6 -4320.1 -14.3 350 0 7.7 5.5 5.0 2.5 2 0 2 1 1
-2893.6 -6282.8 -10.3 125 0 8.7 23.4 2.5 0.0 0 1 1 1 1
4574.9 -5555.1 -24.7 236 0 6.5 20.3 2.5 2.5 2 1 1 1 1
2994.1 -6947.1 -19.5 78 0 10.6 6.2 7.5 2.5 4 0 3 2 2
2590.4 -4931.7 -16.5 263 0 7.1 8.6 7.5 0.0 0 1 3 5 5
3049.7 -7687.7 -23.7 272 0 5.1 14.4 2.5 2.5 2 1 1 2 2
-853.2 -3470.2 -6.7 359 0 19.4 11.7 7.5 2.5 4 0 3 5 5
5506.4 -8100.4 -15.6 211 0 7.4 24.2 2.5 2.5 2 1 1 4 4
39.8 -5334.5 -15.7 257 0 7.9 12.9 5.0 2.5 2 1 2 2 2
4759.5 -5370.0 -24.3 229 0 4.6 11.8 5.0 2.5 2 1 2 5 5
4835.6 -5392.6 -26.2 320 0 5.6 8.0 5.0 2.5 2 1 2 0 0
4288.3 -6423.6 -34.1 230 0 8.5 7.1 5.0 2.5 2 0 2 0 0
3564.9 -7514.6 -29.0 215 0 7.3 7.5 5.0 2.5 4 1 2 1 1
2956.0 -4455.2 -7.8 146 0 10.3 6.3 5.0 2.5 2 0 2 4 4
2400.8 -7727.3 -27.6 278 0 8.5 7.0 2.5 2.5 2 0 1 5 5
-980.2 -7259.2 -12.4 3 0 7.5 18.1 7.5 2.5 2 1 3 4 4
3669.0 -8248.0 -32.8 167 0 20.9 6.7 7.5 2.5 2 0 3 3 3
3382.7 -7795.1 -28.2 54 0 6.7 6.8 7.5 2.5 2 1 3 5 5
6707.1 -7144.0 -19.4 14 0 22.1 7.5 5.0 2.5 2 0 2 2 2
504.7 -6894.7 -17.1 31 0 14.2 5.4 5.0 2.5 2 0 2 5 5
4463.0 -7171.8 -32.0 303 0 17.3 6.0 2.5 2.5 2 0 1 1 1
4487.9 -5678.4 -26.5 54 0 14.6 6.2 5.0 2.5 2 0 2 1 1
3772.9 -7868.5 -28.6 253 0 8.5 4.8 5.0 2.5 2 0 2 2 2
3110.3 -6751.2 -16.6 228 0 12.3 8.0 7.5 2.5 2 0 3 5 5
2557.2 -4963.0 -16.3 170 0 5.7 17.4 7.5 2.5 2 1 3 0 0
3267.0 -7571.1 -21.8 280 0 8.3 25.2 7.5 2.5 2 1 3 1 1
2042.4 -7692.1 -22.9 37 0 5.1 8.1 7.5 2.5 2 1 3 1 1
-998.5 -7931.7 -15.4 271 0 6.8 18.8 7.5 0.0 0 1 3 2 2
-763.3 -3824.4 -10.4 357 0 13.6 7.1 7.5 2.5 2 0 3 3 3
-519.8 -3939.0 -9.2 253 0 4.4 12.1 2.5 2.5 4 1 1 1 1
3834.5 -7848.9 -27.7 163 0 18.3 7.5 2.5 2.5 2 0 1 0 0
4719.2 -5194.8 -22.2 320 0 16.2 5.6 2.5 2.5 2 0 1 5 5
5825.4 -8026.3 -17.7 116 0 9.6 5.8 7.5 2.5 2 0 3 3 3
4131.9 -5841.6 -29.3 227 0 9.6 9.9 7.5 2.5 2 1 3 3 3
1446.1 -7211.8 -21.5 121 0 22.5 10.1 5.0 2.5 2 0 2 2 2
3435.6 -7635.6 -28.5 207 0 5.2 6.1 5.0 2.5 2 1 2 0 0
-878.7 -6767.3 -14.4 0 0 6.8 11.0 7.5 2.5 4 1 3 1 1
-764.3 -5491.2 -14.5 267 0 9.6 8.6 5.0 2.5 2 0 2 2 2
6477.2 -8366.0 -19.3 117 0 13.3 10.0 5.0 2.5 2 0 2 0 0
499.6 -6687.1 -17.7 46 0 5.7 8.2 5.0 2.5 2 1 2 1 1
4326.2 -6146.6 -32.5 284 0 15.2 5.0 7.5 2.5 2 0 3 5 5
-1327.4 -7226.3 -12.4 84 0 5.1 15.7 2.5 0.0 0 1 1 0 0
4378.7 -7491.8 -31.9 294 0 7.7 29.5 7.5 2.5 2 1 3 4 4
5194.8 -6961.1 -25.1 37 0 5.3 14.4 5.0 2.5 2 1 2 2 2
3757.6 -7901.2 -29.3 68 0 4.5 9.9 7.5 0.0 0 1 3 3 3
1937.9 -7558.6 -16.4 125 0 4.0 10.1 5.0 2.5 4 1 2 4 4
-547.8 -3948.7 -9.5 185 0 10.4 6.7 5.0 2.5 2 0 2 0 0
-73.5 -3192.3 -11.1 88 0 4.8 9.4 7.5 2.5 2 1 3 3 3
4449.8 -5707.7 -26.8 324 0 6.8 15.9 7.5 2.5 2 1 3 1 1
442.4 -6615.4 -17.6 65 0 9.7 10.8 7.5 2.5 2 1 3 3 3
4314.7 -5668.8 -25.3 322 0 10.6 5.1 7.5 2.5 2 0 3 0 0
2504.8 -5291.8 -11.6 267 0 6.1 9.0 2.5 2.5 2 1 1 0 0
2298.4 -7435.8 -21.8 122 0 68.3 12.8 7.5 0.0 0 0 3 0 0
-1080.4 -7430.3 -13.8 177 0 4.8 21.9 5.0 2.5 2 1 2 4 4
-507.3 -4496.2 -15.3 269 0 14.8 6.3 5.0 2.5 2 0 2 5 5
505.2 -3682.3 -8.8 77 0 6.5 23.2 7.5 2.5 4 1 3 2 2
4781.1 -5434.2 -24.7 54 0 7.3 16.9 2.5 2.5 2 1 1 1 1
3644.3 -8012.7 -30.1 177 0 9.4 8.2 5.0 2.5 2 0 2 4 4
1098.5 -7096.4 -19.4 298 0 4.5 14.9 7.5 0.0 0 1 3 4 4
3905.5 -6934.1 -30.5 230 0 6.8 8.5 5.0 2.5 2 1 2 1 1
4414.7 -5663.7 -26.1 235 0 9.4 9.0 7.5 2.5 2 0 3 1 1
3144.9 -7739.9 -21.7 89 0 11.4 8.3 5.0 2.5 2 0 2 0 0
-1044.7 -7450.7 -14.2 82 0 9.4 9.5 5.0 2.5 2 1 2 0 0
3585.4 -4629.1 -12.0 236 0 17.5 6.9 7.5 2.5 2 0 3 2 2
-740.7 -5649.6 -17.1 178 0 8.8 21.7 5.0 2.5 2 1 2 5 5
-3229.5 -8247.6 -17.6 217 0 27.0 10.6 10.0 2.5 2 0 4 2 2
6890.7 -8249.5 -20.3 100 0 13.3 8.7 2.5 2.5 2 0 1 3 3
4027.3 -6735.3 -26.7 227 0 5.9 14.9 5.0 2.5 2 1 2 3 3
4257.4 -5593.8 -25.1 321 0 5.4 10.8 5.0 2.5 2 1 2 5 5
2947.0 -7704.4 -22.7 93 0 8.6 9.9 7.5 2.5 2 1 3 2 2
4252.0 -5693.0 -25.6 142 0 13.2 6.2 7.5 2.5 4 0 3 4 4
2217.4 -7318.8 -22.0 212 0 12.3 61.0 5.0 2.5 2 1 2 2 2
3463.2 -7641.4 -29.7 100 0 5.7 7.4 5.0 2.5 2 1 2 5 5
-518.7 -4187.6 -14.7 1 0 6.7 29.5 2.5 2.5 2 1 1 3 3
732.5 -6638.3 -18.3 231 0 11.1 6.5 7.5 2.5 2 0 3 2 2
4736.6 -7059.3 -29.4 311 0 4.7 9.9 5.0 2.5 2 1 2 2 2
4336.1 -5651.1 -25.8 234 0 12.1 4.3 7.5 2.5 2 0 3 3 3
3438.8 -7542.0 -25.5 195 0 8.8 6.0 2.5 2.5 2 0 1 0 0
2597.7 -5101.6 -12.8 175 0 4.5 10.9 5.0 2.5 2 1 2 2 2
76.9 -6153.2 -17.1 256 0 7.5 27.5 7.5 2.5 2 1 3 2 2
-1537.6 -6774.0 -9.6 261 0 8.0 18.7 7.5 2.5 2 1 3 5 5
3855.8 -7823.9 -27.3 256 0 37.3 7.5 7.5 2.5 2 0 3 2 2
3992.2 -6990.9 -29.4 320 0 9.3 18.2 2.5 2.5 2 1 1 4 4
3015.0 -6645.9 -16.8 262 0 6.7 9.0 5.0 2.5 4 1 2 5 5
4127.2 -7061.1 -32.9 51 0 5.9 9.8 5.0 2.5 4 1 2 4 4
2045.9 -7525.1 -19.1 218 0 8.2 6.7 2.5 0.0 0 0 1 3 3
2908.3 -7673.9 -22.4 278 0 5.5 7.7 2.5 2.5 4 1 1 0 0
-998.1 -7675.6 -13.9 1 0 16.7 5.8 7.5 0.0 0 0 3 2 2
-244.7 -3930.5 -12.9 86 0 22.0 9.2 7.5 2.5 2 0 3 5 5
-65.3 -3159.3 -10.8 269 0 5.0 12.9 7.5 2.5 2 1 3 4 4
4238.5 -5773.3 -27.1 320 0 12.7 12.8 10.0 2.5 4 1 4 5 5
-3126.0 -5704.0 -9.5 88 0 4.7 9.8 5.0 2.5 2 1 2 5 5
5672.5 -7041.2 -15.1 41 0 9.0 9.3 5.0 2.5 2 1 2 0 0
2627.7 -5084.6 -13.4 79 0 6.8 10.0 7.5 2.5 2 1 3 1 1
2597.6 -5018.9 -14.4 350 0 6.1 15.2 5.0 2.5 2 1 2 3 3
3559.1 -4742.2 -13.4 327 0 6.2 11.1 5.0 2.5 2 1 2 1 1
-551.8 -4344.5 -15.0 178 0 9.8 15.0 5.0 2.5 2 1 2 5 5
-2845.3 -6256.5 -8.2 34 0 9.5 12.0 5.0 2.5 2 1 2 1 1
-908.4 -7346.1 -13.7 271 0 4.4 10.2 5.0 2.5 4 1 2 2 2
5587.9 -7124.0 -18.0 38 0 7.1 19.0 5.0 2.5 2 1 2 3 3
4688.3 -7060.3 -30.0 220 0 29.0 7.8 5.0 0.0 0 0 2 0 0
2486.2 -4719.3 -11.0 86 0 6.2 12.8 7.5 2.5 2 1 3 1 1
4496.8 -5442.4 -21.9 325 0 6.6 9.2 5.0 2.5 2 1 2 4 4
2842.1 -5825.5 -15.9 169 0 5.3 16.8 7.5 2.5 2 1 3 5 5
3660.7 -8210.7 -32.5 169 0 18.5 5.1 7.5 2.5 2 0 3 5 5
2584.5 -5058.0 -12.9 175 0 4.8 11.8 7.5 2.5 2 1 3 3 3
-114.9 -3233.2 -10.7 271 0 5.1 15.9 5.0 2.5 2 1 2 2 2
-777.2 -3668.2 -7.7 174 0 6.9 9.9 5.0 2.5 2 1 2 1 1
237.6 -6768.4 -15.3 121 0 11.8 34.4 12.5 2.5 2 1 5 5 5
5200.7 -6605.4 -28.5 42 0 6.7 8.7 2.5 2.5 2 1 1 0 0
-1071.4 -7727.3 -14.1 1 0 12.4 8.2 2.5 2.5 2 0 1 1 1
3959.5 -5898.1 -26.8 231 0 21.0 8.2 7.5 2.5 2 0 3 3 3
4975.6 -7927.5 -13.3 346 0 7.0 14.1 7.5 2.5 2 1 3 5 5
4682.9 -5541.2 -26.0 144 0 10.2 8.1 7.5 0.0 0 0 3 0 0
2709.1 -5474.1 -14.1 353 0 5.1 23.9 7.5 2.5 2 1 3 2 2
3121.6 -7733.2 -22.5 94 0 13.4 6.9 2.5 2.5 2 0 1 5 5
3345.6 -7526.9 -21.5 332 0 10.1 33.5 10.0 2.5 2 1 4 5 5
190.3 -6717.4 -15.1 301 0 7.8 15.0 5.0 2.5 2 1 2 4 4
477.6 -6837.0 -16.4 304 0 6.3 11.4 5.0 2.5 2 1 2 3 3
4347.9 -6165.7 -32.7 107 0 7.1 7.8 5.0 2.5 2 1 2 4 4
-1048.4 -6988.3 -12.7 170 0 12.6 32.0 5.0 2.5 4 1 2 1 1
4947.8 -7953.2 -13.8 169 0 12.5 7.4 7.5 2.5 2 0 3 2 2
2916.5 -6028.1 -16.3 263 0 8.5 11.7 7.5 2.5 2 1 3 5 5
2334.2 -6641.1 -19.1 43 0 7.8 19.5 5.0 2.5 2 0 2 2 2
2039.1 -7418.3 -19.8 306 0 5.7 11.6 2.5 2.5 2 1 1 2 2
1538.7 -6620.4 -20.5 64 0 15.0 6.1 5.0 2.5 2 0 2 3 3
-1048.7 -7725.1 -14.0 178 0 5.5 10.0 5.0 0.0 0 1 2 4 4
52.1 -3893.7 -15.9 85 0 14.5 5.8 2.5 2.5 2 0 1 3 3
8.0 -5644.4 -14.7 78 0 6.2 10.5 7.5 2.5 2 1 3 2 2
4374.8 -5306.3 -23.5 141 0 10.4 12.1 2.5 2.5 2 1 1 2 2
-986.2 -7030.6 -13.1 354 0 11.5 8.6 5.0 2.5 2 0 2 1 1
3645.1 -8028.0 -30.2 177 0 21.2 8.2 5.0 2.5 2 0 2 0 0
1007.9 -8450.7 -21.5 302 0 11.6 6.3 2.5 2.5 2 0 1 4 4
4122.9 -5805.4 -27.6 46 0 10.2 6.7 7.5 2.5 2 0 3 4 4
5467.2 -6783.7 -24.6 308 0 17.4 8.5 2.5 2.5 2 0 1 5 5
2874.4 -6052.6 -15.0 172 0 7.6 15.3 7.5 2.5 2 0 3 2 2
3164.3 -5517.4 -19.0 354 0 7.6 24.0 2.5 2.5 2 1 1 4 4
2462.2 -7691.1 -26.5 89 0 9.8 6.4 7.5 0.0 0 0 3 0 0
-893.9 -6938.9 -11.7 5 0 6.9 16.8 5.0 2.5 2 1 2 3 3
366.7 -4533.4 -0.5 116 0 13.2 5.5 5.0 2.5 2 0 2 3 3
4487.8 -5657.8 -26.5 58 0 5.4 13.6 7.5 0.0 0 1 3 4 4
4585.4 -7668.3 -26.1 287 0 4.5 18.3 5.0 0.0 0 1 2 2 2
4638.6 -5485.5 -23.7 233 0 5.7 7.7 7.5 2.5 2 1 3 2 2
4474.1 -5602.7 -26.3 49 0 11.6 7.2 2.5 2.5 4 0 1 0 0
2991.5 -6903.6 -18.5 164 0 11.4 6.7 5.0 2.5 2 0 2 0 0
3114.5 -5548.3 -19.5 177 0 11.1 8.4 5.0 2.5 2 0 2 3 3
3009.5 -7682.0 -23.2 275 0 8.0 8.0 7.5 2.5 4 0 3 5 5
-1071.2 -7466.7 -14.5 180 0 11.7 8.7 5.0 0.0 0 0 2 1 1
-524.6 -4138.7 -14.3 357 0 22.2 7.3 7.5 2.5 2 0 3 3 3
132.3 -4947.1 -15.5 355 0 13.7 10.0 2.5 2.5 2 0 1 5 5
-748.0 -5200.2 -16.4 178 0 12.5 13.5 5.0 2.5 2 1 2 1 1
4307.8 -5763.6 -27.4 139 0 8.8 5.0 2.5 2.5 2 0 1 4 4
-1039.6 -7943.9 -15.3 180 0 12.4 7.9 7.5 2.5 2 0 3 2 2
3743.9 -6358.8 -26.5 57 0 10.2 9.2 5.0 2.5 2 0 2 4 4
166.1 -7827.9 -15.6 1 0 7.6 12.9 5.0 2.5 4 1 2 4 4
4196.3 -5783.7 -27.1 230 0 10.5 7.2 5.0 2.5 2 0 2 5 5
5666.1 -7013.5 -14.8 306 0 11.7 5.5 2.5 2.5 2 0 1 1 1
1947.6 -6185.2 -15.1 247 0 8.7 6.4 7.5 2.5 2 0 3 2 2
1979.5 -7670.2 -21.1 216 0 4.5 15.1 7.5 0.0 0 1 3 3 3
-39.2 -5633.9 -15.4 161 0 9.9 6.2 7.5 2.5 2 0 3 2 2
579.2 -6449.1 -17.5 67 0 8.1 5.1 5.0 2.5 2 0 2 0 0
441.8 -6830.3 -16.0 213 0 12.4 6.2 5.0 0.0 0 0 2 2 2
4131.4 -5574.7 -24.7 231 0 11.2 9.4 5.0 2.5 2 0 2 0 0
-1291.6 -7276.8 -12.1 282 0 12.9 5.7 2.5 2.5 2 0 1 3 3
4355.6 -7702.1 -33.8 37 0 11.6 11.4 5.0 2.5 2 0 2 0 0
2469.3 -4628.4 -10.5 176 0 18.8 7.0 7.5 2.5 2 0 3 1 1
3993.1 -5868.0 -27.0 231 0 20.4 7.0 7.5 2.5 2 0 3 2 2
2525.7 -5410.9 -11.3 175 0 11.1 7.7 7.5 2.5 2 0 3 4 4
2673.8 -5277.4 -13.4 264 0 8.1 14.7 7.5 2.5 2 0 3 0 0
2108.0 -7593.4 -19.6 303 0 5.4 13.0 7.5 2.5 2 1 3 0 0
-708.4 -4830.8 -15.0 0 0 5.0 13.0 5.0 2.5 2 1 2 3 3
-910.9 -6828.7 -12.8 359 0 7.2 23.8 7.5 2.5 2 1 3 2 2
3847.3 -7878.5 -28.2 73 0 7.6 18.3 5.0 2.5 4 1 2 0 0
-875.0 -7345.1 -13.9 273 0 7.8 23.5 7.5 2.5 4 1 3 3 3
6009.8 -7910.3 -18.7 118 0 17.6 4.9 2.5 2.5 2 0 1 2 2
3448.6 -7546.9 -26.1 196 0 9.3 5.9 5.0 2.5 2 0 2 5 5
5467.1 -6440.6 -28.1 40 0 8.0 23.5 5.0 2.5 2 1 2 0 0
2562.8 -4999.5 -15.1 173 0 5.8 11.2 7.5 2.5 2 1 3 0 0
4964.3 -8084.0 -16.9 345 0 7.7 16.6 5.0 2.5 4 1 2 2 2
2086.8 -7552.7 -19.5 37 0 14.4 4.1 2.5 2.5 4 0 1 1 1
-1261.0 -7307.2 -12.0 13 0 13.2 8.2 5.0 2.5 2 0 2 2 2
1517.5 -6599.6 -20.4 244 0 16.2 5.8 7.5 2.5 2 0 3 2 2
-1515.7 -6823.3 -9.2 173 0 8.4 11.7 5.0 2.5 4 1 2 4 4
4874.5 -5380.8 -27.4 323 0 6.1 8.9 7.5 2.5 2 1 3 5 5
6362.3 -8261.9 -17.7 293 0 6.1 18.1 2.5 2.5 2 1 1 4 4
-1192.0 -7316.8 -12.0 280 0 5.8 16.5 7.5 2.5 2 1 3 1 1
4816.0 -6977.9 -29.1 125 0 26.2 7.1 7.5 2.5 2 0 3 0 0
4601.8 -5515.9 -23.8 233 0 11.4 8.7 7.5 2.5 2 0 3 5 5
3408.3 -7763.7 -29.4 309 0 13.7 8.9 5.0 2.5 2 0 2 2 2
2713.7 -7229.1 -18.7 109 0 10.8 21.8 7.5 2.5 2 1 3 1 1
-3160.9 -8352.7 -17.5 133 0 8.6 8.8 2.5 2.5 2 1 1 5 5
3767.7 -8284.5 -33.3 166 0 15.5 7.2 5.0 2.5 2 0 2 1 1
3180.6 -5532.4 -19.8 263 0 6.3 28.7 2.5 2.5 2 1 1 3 3
-370.4 -6490.4 -17.7 288 0 21.7 6.1 2.5 2.5 2 0 1 4 4
-955.3 -7123.9 -13.4 4 0 14.9 7.5 2.5 2.5 2 0 1 0 0
754.9 -7031.3 -19.9 28 0 12.1 4.7 5.0 0.0 0 0 2 2 2
4976.7 -6813.4 -28.8 129 0 9.4 9.4 5.0 2.5 2 0 2 1 1
3613.4 -7509.8 -29.9 107 0 5.9 7.5 7.5 2.5 2 1 3 0 0
3886.4 -7832.0 -27.4 253 0 8.0 4.9 7.5 2.5 2 0 3 3 3
2049.3 -7649.3 -20.9 40 0 7.8 8.8 7.5 2.5 2 1 3 2 2
136.1 -6153.0 -16.8 350 0 15.1 8.1 5.0 2.5 2 0 2 1 1
101.8 -6180.5 -17.2 79 0 11.1 6.9 5.0 2.5 2 0 2 5 5
4.6 -5566.9 -15.5 265 0 12.9 6.1 5.0 2.5 4 0 2 5 5
4550.3 -6976.3 -31.9 304 0 18.3 6.9 2.5 2.5 2 0 1 3 3
-2968.4 -8451.9 -18.1 288 0 11.4 10.1 5.0 2.5 2 0 2 3 3
1023.4 -8200.8 -20.2 300 0 8.5 5.1 7.5 2.5 2 0 3 3 3
4618.1 -7117.4 -30.3 215 0 29.0 8.7 7.5 2.5 2 0 3 0 0
2616.4 -5644.5 -10.8 177 0 6.1 10.6 7.5 2.5 2 1 3 2 2
2539.2 -7560.8 -23.8 95 0 6.2 15.4 5.0 2.5 2 1 2 2 2
2873.0 -5928.6 -15.8 85 0 6.8 9.4 2.5 2.5 2 1 1 4 4
-509.6 -4536.0 -15.4 88 0 18.8 8.3 5.0 0.0 0 0 2 2 2
4712.9 -5409.2 -23.0 226 0 8.2 12.1 5.0 2.5 2 1 2 1 1
-568.7 -7042.4 -14.9 83 0 5.6 13.1 5.0 2.5 2 1 2 4 4
2508.6 -7557.7 -23.6 185 0 6.6 11.4 7.5 0.0 0 1 3 3 3
2473.9 -4674.6 -10.9 177 0 10.1 7.1 5.0 2.5 2 0 2 5 5
-1128.5 -7441.5 -14.0 6 0 6.2 15.9 5.0 0.0 0 1 2 2 2
91.8 -6136.8 -16.7 255 0 17.9 8.7 7.5 2.5 2 0 3 4 4
6357.7 -7610.8 -20.3 199 0 9.9 5.9 7.5 2.5 2 0 3 1 1
-1033.5 -7246.8 -12.2 187 0 12.9 7.7 5.0 2.5 2 0 2 5 5
3669.2 -7975.0 -29.8 353 0 5.5 13.5 7.5 2.5 2 1 3 1 1
4695.3 -5434.6 -23.0 231 0 6.5 6.7 7.5 2.5 2 1 3 2 2
2834.1 -5810.5 -15.9 173 0 7.1 23.7 7.5 2.5 2 1 3 1 1
3638.1 -4641.6 -12.2 328 0 16.4 6.7 7.5 0.0 0 0 3 3 3
5515.1 -8081.5 -15.9 211 0 27.5 6.2 2.5 2.5 2 0 1 4 4
1495.2 -6588.1 -20.5 250 0 11.8 11.5 5.0 0.0 0 0 2 1 1
-1166.2 -7248.6 -12.2 260 0 9.6 6.6 7.5 2.5 2 0 3 2 2
2903.8 -6078.9 -14.6 349 0 11.6 8.7 5.0 2.5 2 0 2 2 2
-1169.0 -7282.5 -12.2 88 0 7.5 5.8 5.0 2.5 2 0 2 0 0
4228.6 -6221.1 -32.2 143 0 8.6 11.7 5.0 2.5 2 1 2 2 2
-1133.5 -7274.2 -12.3 81 0 8.3 19.1 7.5 2.5 2 1 3 4 4
4065.2 -7092.4 -31.4 230 0 13.6 14.9 10.0 2.5 2 1 4 5 5
992.1 -8433.4 -21.9 126 0 4.7 10.1 2.5 2.5 2 1 1 3 3
5283.2 -6477.5 -28.9 126 0 10.4 5.2 5.0 2.5 2 0 2 4 4
2900.1 -5791.8 -16.6 352 0 8.3 5.7 7.5 0.0 0 0 3 1 1
3144.5 -5569.2 -19.9 86 0 6.9 12.3 7.5 2.5 2 1 3 3 3
321.7 -6824.1 -14.5 123 0 12.4 22.7 10.0 2.5 2 1 4 3 3
-582.4 -4622.7 -15.7 180 0 14.0 7.9 5.0 2.5 2 0 2 0 0
-539.0 -4374.8 -15.1 86 0 7.4 14.7 5.0 0.0 0 1 2 1 1
-1211.3 -7274.3 -12.0 82 0 11.8 8.4 5.0 2.5 2 0 2 4 4
4288.5 -5767.8 -27.5 138 0 15.1 7.7 7.5 2.5 2 0 3 3 3
6328.4 -8276.8 -17.5 203 0 8.6 9.8 2.5 2.5 2 1 1 5 5
4036.8 -6798.5 -29.6 50 0 8.8 23.4 7.5 0.0 0 1 3 2 2
4879.7 -5228.9 -22.6 226 0 9.3 6.1 2.5 2.5 2 0 1 4 4
3462.5 -7613.8 -29.1 179 0 5.0 7.1 7.5 2.5 2 1 3 5 5
3485.2 -7568.7 -28.3 11 0 5.5 4.4 7.5 2.5 2 0 3 5 5
1813.9 -6169.5 -14.6 248 0 4.2 10.0 5.0 0.0 0 1 2 2 2
-905.6 -6842.5 -12.8 360 0 10.3 5.5 5.0 2.5 2 0 2 3 3
-728.1 -4833.7 -14.8 271 0 6.3 18.6 5.0 2.5 2 1 2 2 2
4729.1 -5541.4 -27.0 143 0 8.8 6.5 2.5 2.5 2 0 1 3 3
-1100.6 -8069.0 -16.3 255 0 7.8 11.8 7.5 2.5 2 1 3 3 3
4097.0 -5644.5 -23.8 144 0 10.5 9.0 5.0 2.5 2 0 2 3 3
1617.4 -6145.6 -11.2 149 0 6.8 7.7 5.0 2.5 2 1 2 3 3
4429.9 -5681.8 -26.3 235 0 5.8 17.7 5.0 0.0 0 0 2 3 3
2511.5 -4722.6 -11.4 87 0 7.1 10.1 7.5 2.5 2 1 3 0 0
2873.4 -5833.2 -15.8 349 0 13.6 6.9 2.5 2.5 2 0 1 4 4
-999.0 -7292.6 -12.6 4 0 9.4 12.1 5.0 2.5 2 1 2 0 0
483.1 -6659.8 -17.3 130 0 5.8 15.6 7.5 2.5 2 1 3 3 3
788.6 -6588.0 -17.9 49 0 23.2 9.9 7.5 2.5 2 0 3 0 0
4591.7 -5543.6 -24.2 229 0 13.3 5.4 5.0 2.5 4 0 2 1 1
-1012.2 -7771.0 -14.2 270 0 6.2 13.3 7.5 2.5 2 1 3 4 4
4419.0 -5721.2 -26.8 58 0 8.6 23.5 5.0 2.5 2 1 2 2 2
4597.7 -5628.9 -26.6 319 0 10.0 7.6 7.5 2.5 2 0 3 1 1
4675.0 -5347.8 -21.6 321 0 8.6 10.3 7.5 2.5 2 1 3 4 4
2010.1 -7697.2 -22.4 125 0 8.5 12.3 5.0 2.5 2 1 2 4 4
3529.5 -4774.8 -13.6 55 0 10.6 8.0 7.5 2.5 2 0 3 2 2
-1590.1 -7746.8 -11.5 278 0 10.7 34.1 10.0 2.5 2 1 4 1 1
3012.4 -7670.4 -23.3 185 0 6.2 9.2 7.5 2.5 2 1 3 4 4
-286.6 -3866.2 -10.1 264 0 15.2 14.6 5.0 2.5 4 0 2 4 4
-1553.6 -7743.3 -12.2 279 0 29.0 8.7 7.5 2.5 4 0 3 4 4
5414.7 -6432.4 -28.3 224 0 11.3 6.3 7.5 2.5 4 0 3 2 2
6261.6 -8324.2 -17.5 212 0 8.4 12.3 7.5 2.5 4 1 3 0 0
4130.9 -6359.0 -32.4 143 0 8.0 32.0 7.5 2.5 2 1 3 3 3
1888.1 -6118.9 -12.6 346 0 9.1 4.8 7.5 2.5 2 0 3 1 1
4000.5 -5914.2 -27.7 49 0 5.8 21.2 7.5 2.5 2 1 3 3 3
3482.8 -7654.9 -30.9 62 0 5.7 6.3 7.5 2.5 2 1 3 5 5
3610.4 -4612.2 -11.9 235 0 8.7 25.4 5.0 2.5 2 1 2 0 0
-1076.2 -7653.1 -13.9 1 0 12.7 8.6 7.5 2.5 2 0 3 3 3
-793.3 -3629.1 -7.1 170 0 9.7 6.2 7.5 0.0 0 0 3 4 4
-632.5 -4984.1 -15.0 268 0 21.1 9.1 7.5 2.5 4 0 3 3 3
328.5 -6277.1 -11.5 345 0 10.3 10.4 2.5 2.5 2 0 1 0 0
3991.0 -6631.5 -26.5 228 0 6.6 8.7 7.5 2.5 2 0 3 0 0
-988.7 -7116.4 -13.3 200 0 13.4 5.4 7.5 2.5 2 0 3 0 0
3730.1 -7950.3 -30.5 257 0 8.3 9.0 5.0 2.5 4 1 2 2 2
4877.3 -7774.3 -17.6 131 0 9.6 5.8 7.5 2.5 4 0 3 5 5
3467.3 -7596.3 -28.7 178 0 8.3 6.1 2.5 2.5 2 0 1 0 0
2589.4 -5082.9 -12.7 81 0 5.7 7.5 7.5 2.5 2 1 3 2 2
2023.6 -7524.8 -18.9 214 0 11.8 8.0 2.5 2.5 2 0 1 4 4
-716.3 -3930.4 -11.1 87 0 6.8 21.7 7.5 2.5 2 1 3 0 0
-567.6 -4155.1 -14.1 180 0 13.8 8.4 5.0 2.5 2 0 2 2 2
4902.0 -7903.2 -15.4 170 0 5.1 15.5 5.0 2.5 2 1 2 4 4
-3109.8 -5683.5 -9.1 271 0 14.8 4.8 2.5 0.0 0 0 1 3 3
4160.4 -5689.4 -25.3 322 0 15.9 6.1 2.5 2.5 2 0 1 5 5
720.0 -7021.4 -19.1 209 0 12.8 5.1 2.5 2.5 2 0 1 2 2
6880.0 -8210.5 -20.5 278 0 6.5 11.6 2.5 2.5 2 1 1 0 0
2609.5 -5190.1 -12.2 357 0 5.1 7.9 5.0 2.5 2 1 2 0 0
2069.1 -7652.7 -21.4 126 0 8.6 12.7 5.0 2.5 2 1 2 5 5
2208.6 -7710.9 -25.7 230 0 11.3 7.8 2.5 2.5 2 0 1 4 4
2233.0 -7701.8 -24.8 312 0 4.8 8.4 7.5 2.5 2 1 3 5 5
-755.2 -5511.2 -14.9 87 0 6.9 16.5 5.0 2.5 2 0 2 4 4
3651.4 -7981.5 -29.9 271 0 6.1 22.4 5.0 0.0 0 1 2 5 5
5219.1 -6953.3 -24.8 305 0 5.4 16.2 5.0 2.5 2 1 2 5 5
5428.7 -6792.7 -24.7 217 0 12.1 7.8 7.5 2.5 2 0 3 0 0
3229.3 -4463.4 -9.0 331 0 6.5 13.0 5.0 2.5 2 0 2 5 5
2057.7 -7675.4 -22.3 42 0 6.8 11.7 2.5 2.5 2 1 1 1 1
1247.0 -7227.3 -18.9 29 0 8.0 21.5 5.0 2.5 2 1 2 4 4
-1148.1 -7360.8 -12.2 90 0 4.9 9.7 5.0 0.0 0 1 2 1 1
2108.2 -7694.1 -23.4 127 0 8.0 7.5 7.5 2.5 2 0 3 4 4
-545.6 -4287.3 -15.3 268 0 28.5 11.9 7.5 0.0 0 0 3 5 5
4731.4 -5419.6 -23.4 235 0 6.3 6.7 5.0 2.5 2 1 2 3 3
-1008.3 -7550.1 -14.6 357 0 35.3 10.8 12.5 2.5 2 0 5 1 1
4739.6 -5412.3 -23.7 231 0 4.4 10.2 5.0 2.5 2 1 2 1 1
3660.1 -8021.1 -30.2 357 0 9.1 7.2 5.0 2.5 2 0 2 5 5
3544.2 -7434.8 -28.6 300 0 5.6 13.6 2.5 2.5 2 1 1 5 5
2438.9 -7758.2 -28.7 183 0 7.1 16.8 2.5 2.5 2 1 1 1 1
2034.2 -7711.5 -22.7 38 0 8.8 6.8 2.5 2.5 2 0 1 2 2
-1080.7 -7789.3 -14.7 359 0 7.1 11.7 7.5 2.5 2 1 3 5 5
3689.2 -8339.4 -34.5 79 0 6.5 18.0 5.0 2.5 2 1 2 2 2
595.3 -6425.5 -16.4 338 0 10.7 5.7 5.0 2.5 2 0 2 5 5
111.0 -4924.2 -15.7 352 0 8.7 19.0 5.0 2.5 2 1 2 0 0
-1537.7 -6760.6 -10.0 174 0 5.2 18.2 5.0 2.5 2 1 2 3 3
4350.6 -5713.4 -26.5 237 0 8.9 8.2 2.5 2.5 2 0 1 4 4
-1552.2 -7633.5 -10.9 187 0 13.4 5.6 5.0 2.5 2 0 2 5 5
4527.3 -5511.7 -23.5 141 0 19.2 8.0 2.5 2.5 4 0 1 1 1
2765.5 -7702.4 -23.6 90 0 14.3 8.0 2.5 0.0 0 0 1 0 0
-393.4 -6550.4 -17.9 103 0 8.4 12.8 5.0 2.5 2 1 2 0 0
457.6 -6817.5 -16.3 211 0 7.2 18.2 7.5 2.5 2 1 3 0 0
-1057.0 -7643.8 -13.8 178 0 13.8 9.4 2.5 2.5 2 0 1 1 1
4527.4 -7011.4 -32.0 125 0 10.7 5.3 5.0 2.5 2 0 2 4 4
1966.2 -7545.5 -17.4 292 0 9.2 9.5 5.0 2.5 2 1 2 0 0
4615.7 -5407.1 -21.0 228 0 10.2 6.4 2.5 2.5 2 0 1 4 4
2363.3 -7423.5 -22.3 302 0 12.7 33.3 10.0 2.5 2 1 4 0 0
3336.6 -4844.0 -14.1 55 0 9.1 26.3 7.5 2.5 4 1 3 1 1
3428.8 -7650.9 -28.6 195 0 6.3 6.1 7.5 2.5 2 0 3 1 1
-785.0 -5495.1 -14.1 177 0 5.9 16.1 7.5 2.5 2 0 3 0 0
-366.4 -6532.3 -17.7 16 0 11.5 10.0 2.5 0.0 0 0 1 3 3
4914.4 -5237.2 -22.6 54 0 4.8 13.6 2.5 2.5 2 1 1 0 0
6001.2 -8103.7 -16.2 115 0 16.6 5.0 5.0 2.5 2 0 2 4 4
6295.5 -7522.8 -18.7 197 0 5.3 15.9 2.5 2.5 2 1 1 3 3
2167.8 -7684.8 -23.7 40 0 8.2 13.8 2.5 2.5 2 1 1 3 3
2902.4 -6152.9 -13.4 84 0 5.9 29.4 5.0 0.0 0 0 2 0 0
-1017.5 -7046.9 -13.1 80 0 13.0 9.0 7.5 2.5 2 0 3 0 0
2187.7 -7358.9 -21.6 212 0 12.8 63.1 7.5 2.5 2 1 3 2 2
-852.5 -3509.5 -7.0 356 0 7.0 10.4 7.5 2.5 2 1 3 3 3
5099.3 -6660.4 -29.4 126 0 6.1 13.0 5.0 0.0 0 1 2 3 3
4403.3 -5675.1 -26.1 234 0 4.9 12.3 7.5 2.5 2 1 3 1 1
3858.8 -6330.1 -29.1 134 0 7.9 18.3 2.5 2.5 2 1 1 1 1
2030.4 -7674.1 -21.9 126 0 7.4 10.7 5.0 2.5 2 1 2 4 4
2134.0 -7716.0 -25.4 40 0 6.7 17.9 5.0 0.0 0 1 2 2 2
3482.2 -7199.2 -23.8 226 0 11.2 4.7 5.0 2.5 2 0 2 4 4
-757.0 -3921.4 -10.9 181 0 12.5 6.6 5.0 2.5 2 0 2 5 5
-2660.4 -5948.7 -5.1 178 0 8.2 18.1 7.5 2.5 2 1 3 3 3
-1025.3 -8064.6 -16.6 169 0 6.5 12.7 7.5 2.5 2 1 3 5 5
4055.5 -5901.9 -28.8 228 0 7.2 12.1 5.0 2.5 2 1 2 4 4
4570.9 -5474.1 -21.9 139 0 7.5 9.0 7.5 2.5 4 1 3 0 0
5337.3 -6468.7 -28.6 50 0 10.7 6.4 5.0 0.0 0 0 2 3 3
4715.6 -7205.8 -29.2 315 0 6.9 5.5 5.0 0.0 0 0 2 1 1
3582.0 -7523.8 -29.4 119 0 7.7 9.3 5.0 2.5 2 1 2 5 5
1982.5 -7658.3 -19.9 126 0 4.5 9.9 5.0 2.5 2 1 2 0 0
-685.6 -5708.7 -16.2 356 0 13.0 28.8 7.5 2.5 2 0 3 1 1
159.6 -6751.3 -14.8 120 0 5.0 8.1 5.0 2.5 2 1 2 1 1
-526.3 -3993.9 -10.6 5 0 10.8 4.8 7.5 2.5 2 0 3 5 5
4959.1 -5961.5 -34.3 47 0 10.7 15.6 2.5 2.5 2 1 1 5 5
-1553.6 -7821.7 -13.3 94 0 11.9 6.9 5.0 2.5 2 0 2 1 1
1239.1 -7187.5 -19.4 209 0 9.4 4.9 7.5 2.5 2 0 3 1 1
4579.5 -5529.3 -23.7 230 0 10.1 9.1 5.0 2.5 2 0 2 4 4
2011.7 -7640.9 -19.9 128 0 5.4 9.9 5.0 2.5 2 1 2 5 5
3447.1 -7585.7 -27.5 197 0 5.7 8.6 5.0 2.5 2 1 2 5 5
-912.1 -3507.9 -8.1 268 0 8.7 6.3 7.5 2.5 4 0 3 4 4
-953.5 -4028.6 -10.9 268 0 7.6 14.2 5.0 2.5 2 1 2 1 1
-1044.9 -7615.1 -14.0 180 0 11.9 6.1 7.5 2.5 2 0 3 3 3
4106.2 -5867.3 -29.1 228 0 11.5 7.1 5.0 2.5 2 0 2 3 3
2714.1 -4917.5 -16.1 352 0 15.8 25.5 10.0 2.5 2 1 4 2 2
3621.5 -4688.1 -12.8 324 0 10.5 12.6 7.5 2.5 2 1 3 2 2
3519.4 -7606.8 -31.3 310 0 4.5 8.3 5.0 2.5 2 1 2 5 5
1992.7 -7637.8 -19.5 130 0 5.4 7.9 2.5 2.5 2 1 1 0 0
-3102.8 -8366.6 -17.6 128 0 9.2 6.7 5.0 2.5 2 0 2 4 4
-433.3 -3898.6 -8.5 264 0 6.8 11.3 7.5 2.5 2 1 3 3 3
-652.5 -4092.2 -12.8 85 0 9.3 6.2 5.0 2.5 2 0 2 2 2
4215.0 -7536.3 -32.2 210 0 9.4 23.5 7.5 2.5 2 1 3 5 5
-1045.4 -7748.1 -14.2 184 0 8.2 6.6 5.0 2.5 2 0 2 2 2
4463.7 -5682.3 -26.4 332 0 5.8 16.8 5.0 2.5 2 1 2 3 3
5487.1 -6809.8 -23.5 306 0 8.3 23.4 5.0 2.5 2 1 2 3 3
1345.0 -6692.8 -19.5 64 0 11.5 8.4 7.5 2.5 2 0 3 5 5
3431.3 -7574.7 -26.3 178 0 5.9 8.1 5.0 2.5 2 1 2 0 0
-997.8 -7645.8 -13.9 2 0 24.2 7.4 2.5 0.0 0 0 1 3 3
168.5 -6764.7 -14.4 32 0 5.4 7.7 5.0 2.5 2 1 2 3 3
-1062.8 -7062.2 -13.0 171 0 10.5 29.8 10.0 2.5 2 1 4 3 3
5416.5 -6467.1 -28.2 128 0 31.6 6.9 7.5 2.5 2 0 3 1 1
4189.6 -5824.4 -28.8 140 0 18.8 7.5 5.0 2.5 2 0 2 0 0
4693.6 -5192.3 -22.1 318 0 4.6 16.6 7.5 2.5 4 1 3 2 2
1219.1 -6698.0 -20.2 151 0 6.8 11.5 5.0 2.5 2 1 2 3 3
52.0 -5200.8 -16.1 81 0 14.1 9.6 7.5 2.5 4 0 3 0 0
-642.9 -5026.2 -15.1 90 0 19.9 6.5 7.5 2.5 4 0 3 4 4
-669.3 -4003.2 -11.7 1 0 5.8 7.1 2.5 2.5 2 1 1 3 3
6254.3 -8240.4 -17.4 25 0 5.8 10.1 5.0 2.5 2 1 2 0 0
-868.0 -8319.7 -18.1 356 0 8.7 5.0 2.5 2.5 2 0 1 4 4
4489.3 -5564.2 -26.1 317 0 16.3 9.6 5.0 2.5 2 0 2 2 2
5381.2 -6427.7 -28.7 48 0 7.0 12.0 7.5 2.5 2 1 3 0 0
2749.0 -5270.0 -14.5 263 0 9.8 12.2 7.5 0.0 0 1 3 5 5
2918.3 -7694.8 -22.4 95 0 6.4 8.6 5.0 2.5 2 1 2 5 5
1703.7 -7717.8 -19.3 213 0 7.5 10.3 7.5 2.5 2 1 3 5 5
-534.9 -4298.9 -15.1 268 0 7.8 19.5 7.5 2.5 2 0 3 4 4
25.0 -4337.8 -14.7 85 0 5.0 15.3 2.5 2.5 2 1 1 3 3
4807.4 -6941.9 -29.1 216 0 27.1 9.6 7.5 2.5 2 0 3 0 0
-1071.9 -7334.6 -12.6 182 0 9.5 7.6 7.5 2.5 2 0 3 2 2
3965.9 -6964.4 -30.2 321 0 8.2 7.5 7.5 2.5 2 0 3 1 1
2681.6 -5276.5 -13.5 264 0 7.4 14.7 5.0 0.0 0 0 2 3 3
141.7 -7773.5 -15.5 255 0 5.7 24.8 5.0 2.5 4 1 2 5 5
2040.9 -7700.8 -23.0 41 0 5.4 7.4 5.0 2.5 2 1 2 3 3
3054.2 -6259.5 -16.5 264 0 4.9 9.5 2.5 2.5 2 1 1 2 2
2262.7 -7413.3 -21.6 122 0 16.1 12.8 2.5 2.5 2 0 1 0 0
-1293.9 -7235.9 -12.3 82 0 9.4 15.8 5.0 2.5 2 1 2 1 1
-736.6 -5736.1 -15.9 172 0 8.7 13.9 7.5 2.5 2 1 3 2 2
5287.5 -7907.5 -14.0 297 0 11.2 5.0 2.5 2.5 2 0 1 4 4
-1047.3 -7777.2 -14.4 180 0 10.9 7.1 5.0 0.0 0 0 2 4 4
4093.3 -7149.9 -31.9 139 0 12.0 8.0 2.5 2.5 4 0 1 1 1
6051.1 -8037.5 -17.6 25 0 4.9 8.5 5.0 0.0 0 1 2 2 2
5274.5 -7938.3 -14.6 115 0 12.6 6.7 5.0 2.5 2 0 2 5 5
2997.3 -7713.5 -23.3 93 0 12.4 8.0 7.5 2.5 2 0 3 4 4
2899.4 -5884.1 -16.1 353 0 15.0 10.7 5.0 2.5 2 0 2 3 3
-1084.6 -7299.0 -12.5 88 0 6.1 12.3 2.5 0.0 0 1 1 4 4
3467.4 -7559.8 -27.4 196 0 6.6 4.6 7.5 2.5 4 0 3 0 0
-909.8 -3565.5 -8.6 88 0 9.1 43.2 7.5 2.5 2 1 3 1 1
-1042.2 -7882.3 -14.9 179 0 12.6 16.0 7.5 2.5 2 1 3 5 5
5222.3 -7256.0 -22.9 304 0 5.7 22.1 5.0 2.5 2 1 2 1 1
4085.2 -5604.9 -23.8 231 0 7.5 7.8 5.0 2.5 2 1 2 2 2
2160.3 -7725.5 -26.3 40 0 10.0 5.3 7.5 2.5 2 0 3 5 5
3694.6 -8227.2 -32.6 344 0 6.6 13.9 2.5 2.5 2 1 1 5 5
2994.7 -6669.3 -17.1 80 0 4.2 15.8 2.5 2.5 2 1 1 4 4
-1039.0 -7859.1 -14.8 180 0 11.7 14.6 5.0 2.5 2 1 2 2 2
-925.3 -3433.7 -7.3 90 0 8.8 14.6 5.0 2.5 2 1 2 3 3
90.1 -5843.0 -12.6 168 0 21.8 7.3 7.5 2.5 2 0 3 5 5
6472.5 -7363.8 -18.4 23 0 7.4 17.7 5.0 2.5 2 1 2 1 1
51.5 -3834.3 -16.0 262 0 23.8 11.0 10.0 2.5 2 0 4 2 2
4150.2 -5869.3 -29.7 44 0 8.0 6.0 7.5 2.5 2 0 3 5 5
-3195.4 -8260.9 -17.5 305 0 18.5 6.6 7.5 2.5 2 0 3 2 2
6480.8 -8330.5 -19.2 292 0 5.2 14.0 5.0 2.5 2 1 2 3 3
-1021.1 -8023.9 -16.3 178 0 18.3 6.0 7.5 2.5 2 0 3 0 0
4332.2 -5762.8 -27.4 50 0 4.0 12.8 5.0 2.5 2 1 2 5 5
5289.6 -6453.4 -29.0 223 0 6.0 10.0 7.5 2.5 2 1 3 3 3
4088.6 -6544.0 -31.1 144 0 13.9 6.0 7.5 2.5 2 0 3 3 3
3852.6 -8251.7 -33.6 258 0 14.9 11.0 2.5 2.5 2 0 1 3 3
2297.2 -7736.4 -27.5 115 0 5.9 18.3 5.0 2.5 2 1 2 4 4
3360.7 -7765.6 -27.1 309 0 16.5 14.3 10.0 2.5 2 0 4 5 5
-511.4 -4159.4 -14.7 272 0 6.8 20.8 7.5 2.5 2 1 3 1 1
19.8 -5211.3 -16.0 77 0 23.9 8.5 2.5 2.5 2 0 1 4 4
4407.1 -5737.3 -27.2 63 0 21.9 6.1 7.5 2.5 2 0 3 5 5
-2651.3 -5983.9 -3.9 89 0 13.2 11.3 5.0 0.0 0 0 2 4 4
1748.0 -6086.0 -9.4 67 0 8.1 7.3 2.5 0.0 0 0 1 5 5
2200.9 -7727.5 -27.5 225 0 6.6 15.3 7.5 0.0 0 1 3 4 4
2553.6 -4981.2 -14.9 264 0 6.5 22.4 5.0 2.5 4 1 2 2 2
3663.0 -8191.4 -32.4 167 0 5.4 22.7 2.5 2.5 2 1 1 1 1
306.2 -6277.7 -13.4 255 0 22.6 10.3 10.0 2.5 4 0 4 5 5
-558.1 -4217.4 -14.6 179 0 5.6 7.7 5.0 2.5 2 0 2 2 2
4215.0 -7585.7 -31.2 28 0 8.5 9.3 5.0 2.5 2 1 2 4 4
4661.1 -5389.5 -21.4 231 0 6.5 6.7 5.0 2.5 2 1 2 4 4
2969.2 -6323.4 -15.7 353 0 5.8 12.0 2.5 2.5 4 1 1 2 2
3492.7 -7509.0 -26.2 333 0 16.9 9.3 2.5 2.5 4 0 1 4 4
1344.3 -6663.1 -19.7 333 0 9.7 5.9 5.0 2.5 2 0 2 4 4
-1276.6 -7310.3 -12.1 103 0 12.4 7.7 7.5 2.5 2 0 3 3 3
2106.2 -7766.8 -25.3 38 0 13.1 9.1 7.5 2.5 2 0 3 0 0
30.6 -3867.9 -16.1 177 0 12.9 7.9 5.0 2.5 2 0 2 0 0
3937.5 -7046.5 -28.2 232 0 10.0 7.7 2.5 2.5 2 0 1 0 0
4894.9 -5300.5 -25.7 321 0 9.8 12.4 7.5 2.5 2 1 3 5 5
4126.0 -5702.5 -25.0 142 0 6.0 20.1 5.0 0.0 0 1 2 1 1
2999.4 -6637.3 -15.7 350 0 6.1 12.2 7.5 2.5 2 1 3 1 1
3832.6 -8423.9 -34.6 255 0 18.5 11.0 5.0 2.5 4 0 2 0 0
1546.1 -6596.9 -20.5 337 0 23.2 7.4 7.5 2.5 2 0 3 5 5
1600.2 -6111.6 -9.2 245 0 7.9 5.2 7.5 2.5 2 0 3 0 0
-1536.4 -7649.3 -11.5 97 0 15.4 5.6 7.5 0.0 0 0 3 3 3
-576.9 -4114.0 -13.7 268 0 6.6 25.5 7.5 2.5 2 1 3 5 5
-722.8 -3936.5 -11.1 358 0 6.9 14.4 7.5 2.5 2 1 3 3 3
442.8 -6852.6 -16.3 217 0 8.3 13.0 2.5 2.5 2 1 1 2 2
5341.4 -6539.4 -28.1 36 0 5.9 12.8 5.0 2.5 2 1 2 1 1
5994.1 -7889.4 -18.7 207 0 10.7 5.0 5.0 2.5 2 0 2 5 5
5301.9 -6483.1 -28.7 42 0 9.2 6.1 7.5 2.5 2 0 3 1 1
4298.4 -5627.8 -25.5 319 0 8.0 9.8 7.5 2.5 2 1 3 0 0
4446.6 -5584.5 -26.1 230 0 5.2 12.1 2.5 2.5 2 1 1 1 1
3379.7 -7683.6 -27.8 221 0 51.2 14.0 10.0 2.5 2 0 4 5 5
113.5 -5816.6 -12.4 257 0 26.9 6.5 2.5 2.5 2 0 1 3 3
6892.2 -7512.8 -18.8 358 0 5.2 7.9 5.0 2.5 2 1 2 3 3
71.2 -5000.5 -16.6 258 0 7.4 21.7 7.5 2.5 2 1 3 0 0
4790.2 -5376.4 -25.1 240 0 12.5 8.9 5.0 2.5 2 0 2 0 0
-1313.4 -7200.8 -12.5 356 0 6.4 15.7 5.0 2.5 2 1 2 4 4
3960.5 -5916.0 -27.2 141 0 12.8 6.8 7.5 2.5 2 0 3 2 2
4831.5 -6923.9 -28.8 217 0 11.1 33.1 7.5 2.5 2 1 3 0 0
3500.2 -4880.1 -15.1 234 0 7.0 15.7 7.5 2.5 2 1 3 0 0
2805.4 -5772.1 -15.4 171 0 12.0 29.0 7.5 2.5 2 1 3 5 5
-668.1 -4082.0 -12.7 176 0 12.2 7.1 7.5 2.5 2 0 3 0 0
-1124.7 -7323.1 -12.3 271 0 5.4 12.8 2.5 2.5 2 1 1 3 3
4903.6 -5248.0 -22.7 47 0 13.4 5.7 5.0 2.5 2 0 2 2 2
6021.5 -7881.5 -19.3 294 0 14.5 5.7 7.5 2.5 2 0 3 4 4
2305.3 -7493.6 -21.7 215 0 9.1 27.8 7.5 0.0 0 1 3 5 5
2688.0 -5497.8 -13.7 86 0 5.5 12.2 7.5 2.5 2 1 3 0 0
2520.7 -4772.6 -11.4 268 0 7.3 15.7 2.5 2.5 2 1 1 1 1
-3025.0 -5878.8 -8.2 39 0 12.7 15.2 2.5 2.5 2 1 1 2 2
-762.7 -5634.4 -17.2 176 0 11.5 6.8 5.0 2.5 2 0 2 0 0
-606.5 -5013.6 -15.2 359 0 15.7 8.3 5.0 0.0 0 0 2 5 5
4825.4 -5323.9 -24.6 229 0 7.1 9.9 5.0 0.0 0 1 2 3 3
4980.4 -6773.6 -29.5 36 0 6.6 26.4 7.5 2.5 2 1 3 3 3
5543.0 -8058.5 -16.2 297 0 10.0 7.6 5.0 2.5 2 0 2 1 1
4666.8 -5452.1 -23.1 230 0 8.0 5.2 5.0 2.5 2 0 2 5 5
1860.2 -6132.5 -12.8 70 0 6.3 9.1 7.5 2.5 2 1 3 4 4
2990.7 -6927.6 -19.3 169 0 6.7 13.0 7.5 2.5 2 1 3 4 4
2014.4 -6621.0 -22.3 240 0 11.4 8.2 5.0 2.5 2 0 2 1 1
-1117.0 -7687.3 -14.0 179 0 21.1 7.8 7.5 2.5 2 0 3 1 1
-826.4 -3615.5 -7.3 355 0 12.1 6.5 5.0 2.5 2 0 2 2 2
-1068.9 -7690.9 -13.9 356 0 10.4 6.6 5.0 2.5 2 0 2 3 3
-747.5 -5616.2 -18.0 173 0 6.5 19.9 5.0 2.5 2 1 2 3 3
204.5 -7841.7 -14.9 91 0 6.6 17.7 5.0 2.5 2 1 2 5 5
6660.5 -7132.8 -19.2 191 0 10.6 6.6 5.0 2.5 2 0 2 2 2
-1069.2 -7857.4 -15.0 1 0 9.7 4.8 5.0 2.5 2 0 2 1 1
4892.7 -5215.4 -22.5 226 0 9.9 7.6 5.0 2.5 2 0 2 1 1
229.8 -7844.4 -14.9 92 0 18.7 9.6 5.0 2.5 2 0 2 5 5
4932.0 -6784.6 -29.6 129 0 8.9 28.8 5.0 2.5 2 1 2 1 1
2007.7 -7592.7 -18.7 133 0 9.6 7.5 5.0 2.5 2 0 2 3 3
5155.0 -6967.1 -25.4 126 0 10.2 14.4 7.5 2.5 4 1 3 4 4
1322.8 -6657.2 -19.9 246 0 19.3 8.4 5.0 2.5 4 0 2 1 1
3435.4 -7563.6 -26.0 186 0 5.5 5.7 7.5 2.5 4 1 3 0 0
-138.4 -3257.5 -9.8 84 0 9.8 10.0 5.0 2.5 2 1 2 4 4
-525.9 -4117.3 -14.1 357 0 12.8 22.6 10.0 2.5 2 1 4 0 0
3984.8 -6793.5 -28.5 139 0 7.0 21.5 7.5 2.5 2 0 3 5 5
-1108.3 -7661.9 -13.9 177 0 13.9 6.9 5.0 2.5 2 0 2 5 5
4712.7 -5288.6 -22.0 143 0 11.4 11.1 5.0 2.5 2 0 2 0 0
6389.8 -7623.6 -20.3 23 0 14.7 4.0 2.5 2.5 2 0 1 1 1
2528.9 -5064.4 -11.9 175 0 11.6 8.3 2.5 2.5 2 0 1 0 0
4927.9 -8089.9 -17.2 164 0 12.1 5.6 2.5 2.5 2 0 1 1 1
2162.5 -7620.4 -21.6 300 0 8.6 12.6 2.5 2.5 2 1 1 0 0
2090.8 -7677.9 -22.8 131 0 5.1 10.2 7.5 2.5 2 1 3 2 2
-834.7 -3633.3 -8.0 358 0 7.6 20.8 7.5 2.5 2 1 3 3 3
131.0 -6749.5 -15.1 214 0 4.8 16.8 5.0 2.5 2 1 2 4 4
4588.0 -5448.0 -21.9 233 0 6.0 13.7 2.5 2.5 2 1 1 4 4
3510.2 -4869.4 -14.9 237 0 16.5 5.3 7.5 2.5 2 0 3 0 0
3863.8 -5949.2 -25.4 160 0 7.1 17.3 7.5 2.5 2 1 3 2 2
3039.4 -6444.0 -16.2 175 0 10.6 7.5 7.5 2.5 2 0 3 1 1
2343.8 -7752.7 -29.2 101 0 17.3 7.0 2.5 2.5 2 0 1 5 5
-3082.5 -5712.9 -8.5 88 0 7.0 20.3 7.5 2.5 2 1 3 5 5
736.7 -6398.8 -14.2 231 0 4.9 8.2 5.0 2.5 2 1 2 5 5
207.2 -6728.8 -15.1 123 0 4.6 8.9 7.5 2.5 2 1 3 5 5
6020.4 -8087.3 -16.6 29 0 7.5 21.1 7.5 2.5 2 1 3 4 4
-1009.4 -7657.5 -13.8 2 0 5.8 13.3 7.5 2.5 4 1 3 3 3
4149.7 -6375.2 -32.5 52 0 7.1 11.6 7.5 2.5 4 1 3 1 1
5607.9 -7085.5 -16.9 215 0 8.2 11.4 7.5 2.5 2 1 3 1 1
4239.1 -6188.1 -32.1 320 0 16.6 5.1 7.5 2.5 2 0 3 4 4
3079.3 -7701.4 -23.9 274 0 7.3 10.7 7.5 0.0 0 1 3 3 3
3594.8 -7520.0 -29.6 110 0 7.5 10.2 7.5 0.0 0 1 3 4 4
1995.9 -7619.6 -19.1 222 0 5.6 12.0 7.5 2.5 2 1 3 2 2
-1019.8 -7363.5 -12.9 0 0 16.6 8.3 7.5 2.5 2 0 3 2 2
2218.3 -7364.7 -21.9 122 0 16.0 13.2 2.5 2.5 2 0 1 4 4
-453.0 -3917.8 -8.8 174 0 12.9 7.2 7.5 2.5 2 0 3 4 4
6033.1 -8014.4 -17.8 300 0 8.1 14.2 7.5 2.5 2 1 3 1 1
-279.6 -7416.3 -12.8 2 0 5.4 10.5 5.0 2.5 2 1 2 0 0
-2876.1 -6307.4 -10.0 125 0 26.8 9.0 7.5 2.5 2 0 3 3 3
248.2 -7841.9 -14.9 108 0 5.6 15.3 7.5 2.5 2 1 3 3 3
5172.7 -7245.9 -23.7 216 0 12.5 9.5 7.5 2.5 2 0 3 5 5
2103.7 -7559.0 -19.6 33 0 7.8 5.3 5.0 2.5 2 0 2 3 3
4535.1 -7548.8 -31.2 216 0 11.1 8.4 5.0 2.5 2 0 2 0 0
2874.2 -5780.3 -16.3 263 0 7.4 8.8 7.5 2.5 2 1 3 4 4
2126.2 -7524.1 -19.9 308 0 9.1 8.1 7.5 2.5 2 0 3 0 0
595.2 -3699.2 -5.1 170 0 6.2 9.8 5.0 2.5 2 1 2 1 1
-698.7 -4842.7 -14.8 1 0 12.0 10.4 5.0 2.5 2 0 2 4 4
54.7 -5318.2 -15.5 164 0 7.0 16.2 7.5 2.5 2 1 3 2 2
4379.0 -5689.3 -26.1 242 0 11.9 7.5 2.5 0.0 0 0 1 0 0
-1090.5 -7601.7 -14.1 357 0 11.7 11.7 2.5 2.5 4 1 1 0 0
4317.0 -5734.7 -26.9 230 0 9.7 7.5 5.0 2.5 2 0 2 3 3
4081.8 -5887.0 -28.9 230 0 10.5 7.0 5.0 0.0 0 0 2 1 1
3010.7 -6239.8 -16.2 263 0 6.5 11.4 5.0 0.0 0 1 2 0 0
2150.2 -7733.6 -26.4 43 0 7.3 9.7 5.0 2.5 2 1 2 4 4
-719.6 -6052.0 -16.9 182 0 11.1 7.9 7.5 2.5 2 0 3 4 4
457.8 -6902.5 -16.5 121 0 9.4 22.5 5.0 2.5 2 1 2 2 2
4091.8 -7218.7 -31.1 52 0 8.9 11.7 7.5 2.5 2 1 3 0 0
-1032.7 -7765.6 -14.2 182 0 4.9 17.2 5.0 2.5 2 1 2 1 1
4566.2 -7571.3 -30.5 35 0 13.2 5.4 7.5 0.0 0 0 3 2 2
6043.2 -7905.2 -19.4 26 0 12.3 9.6 5.0 2.5 4 0 2 2 2
1509.6 -6631.3 -20.3 68 0 7.5 10.4 2.5 2.5 2 1 1 3 3
4436.0 -7182.0 -32.4 218 0 21.6 6.2 5.0 2.5 4 0 2 5 5
2895.9 -6120.7 -13.9 174 0 6.7 27.2 5.0 2.5 2 0 2 2 2
4927.2 -8060.8 -16.5 252 0 7.0 12.1 5.0 0.0 0 1 2 0 0
3450.2 -7573.2 -27.1 158 0 8.0 5.7 5.0 2.5 4 0 2 1 1
3586.2 -4649.3 -12.2 145 0 10.1 5.7 7.5 2.5 4 0 3 2 2
-1096.3 -7500.7 -14.4 11 0 14.1 10.3 2.5 2.5 2 0 1 0 0
3857.4 -8451.9 -34.5 75 0 6.5 14.7 5.0 2.5 2 1 2 4 4
-529.3 -4536.5 -15.4 88 0 20.6 8.3 7.5 2.5 2 0 3 4 4
-851.0 -3681.7 -8.7 86 0 6.0 13.9 5.0 2.5 2 1 2 1 1
4781.2 -5526.4 -27.8 322 0 11.4 8.5 7.5 2.5 4 0 3 4 4
-985.9 -8075.5 -16.9 356 0 15.2 7.3 5.0 2.5 2 0 2 4 4
4965.5 -8060.8 -16.0 344 0 15.9 4.5 2.5 2.5 2 0 1 4 4
4881.3 -7885.8 -16.3 163 0 10.5 7.0 7.5 2.5 2 0 3 2 2
4546.3 -5562.6 -25.1 228 0 10.7 6.6 7.5 2.5 2 0 3 3 3
3010.0 -6672.8 -17.5 83 0 4.2 10.5 7.5 2.5 2 1 3 4 4
2621.1 -5037.1 -14.0 352 0 11.7 7.7 7.5 2.5 4 0 3 0 0
-905.7 -8328.0 -18.1 170 0 10.7 8.2 7.5 2.5 2 0 3 4 4
2944.4 -6133.9 -14.5 356 0 13.1 7.7 2.5 2.5 2 0 1 5 5
495.0 -6865.7 -16.8 300 0 13.0 11.0 2.5 2.5 2 0 1 0 0
4042.9 -7234.9 -31.1 140 0 9.5 11.1 7.5 2.5 2 1 3 4 4
-1299.4 -7283.9 -12.1 280 0 5.8 18.5 7.5 2.5 2 1 3 3 3
3620.7 -7484.5 -30.0 286 0 6.4 5.8 2.5 2.5 2 0 1 2 2
1343.3 -8385.9 -22.6 38 0 6.3 12.4 5.0 2.5 2 1 2 5 5
2351.0 -8192.1 -31.7 108 0 10.4 20.5 7.5 2.5 2 1 3 0 0
2373.1 -7996.7 -31.1 182 0 9.1 6.1 5.0 2.5 2 0 2 0 0
1388.1 -8166.2 -20.2 210 0 8.5 17.7 5.0 2.5 2 1 2 2 2
2635.9 -8080.3 -30.0 191 0 9.1 6.4 5.0 2.5 2 0 2 3 3
2323.0 -8172.3 -31.6 111 0 11.5 5.7 7.5 0.0 0 0 3 2 2
2455.1 -8133.0 -31.6 181 0 11.9 6.8 5.0 2.5 2 0 2 1 1
2358.8 -8151.7 -31.6 290 0 21.5 10.0 2.5 2.5 2 0 1 2 2
2453.0 -8075.8 -31.3 272 0 7.9 8.5 5.0 2.5 2 1 2 0 0
2385.0 -8161.1 -31.7 284 0 11.5 12.2 2.5 2.5 2 0 1 1 1
2272.1 -8136.7 -31.5 273 0 6.2 10.2 7.5 2.5 2 1 3 1 1
2390.1 -8085.9 -31.4 2 0 10.9 7.5 7.5 2.5 2 0 3 4 4
2152.6 -8102.3 -31.7 183 0 6.1 14.4 7.5 2.5 2 1 3 5 5
2431.6 -8066.5 -31.2 181 0 8.4 5.0 5.0 2.5 2 0 2 2 2
2333.4 -8145.7 -31.5 290 0 10.3 9.3 7.5 2.5 4 0 3 5 5
2319.3 -8145.1 -31.4 292 0 5.7 10.9 2.5 2.5 2 1 1 0 0
1312.4 -8402.6 -22.6 134 0 6.4 21.7 7.5 2.5 2 1 3 1 1
2489.8 -8166.9 -32.2 4 0 8.9 6.1 7.5 2.5 2 0 3 3 3
2380.9 -7936.4 -31.0 180 0 10.3 6.1 5.0 2.5 2 0 2 0 0
1303.3 -8360.9 -22.2 218 0 10.1 18.8 5.0 2.5 2 1 2 4 4
2439.0 -8165.8 -31.8 97 0 10.4 6.3 7.5 2.5 2 0 3 4 4
2491.7 -8127.1 -31.6 0 0 6.7 7.1 7.5 2.5 2 1 3 5 5
2208.8 -8120.6 -31.6 276 0 11.6 9.5 2.5 2.5 2 0 1 0 0
2500.5 -8097.4 -31.3 290 0 6.5 9.5 7.5 2.5 2 1 3 2 2
2666.9 -8041.0 -29.4 7 0 8.7 5.4 2.5 2.5 2 0 1 0 0
2300.5 -8109.3 -31.5 91 0 8.0 10.0 2.5 2.5 2 1 1 3 3
2390.2 -8153.3 -31.6 284 0 5.3 8.9 5.0 2.5 2 0 2 4 4
2375.0 -7966.9 -31.1 183 0 9.3 6.8 2.5 0.0 0 0 1 5 5
2216.3 -8049.9 -31.4 97 0 7.0 10.4 2.5 2.5 2 1 1 4 4
2188.6 -8014.5 -31.3 93 0 4.9 11.1 5.0 2.5 2 1 2 0 0
2169.4 -8126.8 -31.9 97 0 13.9 12.4 7.5 0.0 0 0 3 4 4
2328.7 -8111.6 -31.5 91 0 8.0 10.0 7.5 2.5 2 1 3 3 3
1276.1 -8323.2 -21.7 46 0 3.5 10.0 7.5 2.5 2 0 3 1 1
2686.3 -8118.7 -29.2 101 0 8.5 5.6 7.5 2.5 2 0 3 2 2
2267.2 -8022.3 -31.3 282 0 10.6 14.0 5.0 2.5 2 1 2 5 5
2235.8 -8125.9 -31.6 275 0 9.2 12.4 2.5 2.5 2 1 1 0 0
2296.4 -8131.6 -31.5 286 0 13.0 10.3 7.5 2.5 2 0 3 0 0
2649.1 -8072.5 -29.8 264 0 4.8 9.9 7.5 2.5 2 1 3 0 0
2211.0 -8088.7 -31.6 97 0 9.7 12.7 7.5 2.5 2 1 3 3 3
2265.4 -8062.7 -31.5 11 0 15.2 11.7 2.5 0.0 0 0 1 4 4
2458.7 -8155.6 -31.9 95 0 11.7 7.2 7.5 2.5 2 0 3 1 1
2407.6 -8118.8 -31.4 188 0 5.8 9.8 7.5 2.5 2 1 3 5 5
2230.8 -8014.6 -31.2 179 0 7.7 10.0 7.5 0.0 0 1 3 2 2
2488.6 -8193.7 -31.9 1 0 7.3 6.5 2.5 2.5 2 0 1 3 3
2638.4 -8101.9 -30.1 183 0 9.0 6.7 7.5 2.5 2 0 3 3 3
2412.8 -8076.7 -31.3 182 0 9.2 12.4 5.0 2.5 2 1 2 2 2
2396.3 -8192.5 -31.8 98 0 8.2 13.4 7.5 2.5 2 1 3 1 1
