5435.0 1344.9 3.3 194 0 7.0 29.3 7.5 2.5 2 1 3 1 1
5462.2 1316.1 3.8 8 0 11.5 7.6 2.5 2.5 2 0 1 1 1
5439.1 1292.4 4.5 188 0 12.1 13.2 7.5 2.5 2 1 3 0 0
5434.0 1319.7 3.6 187 0 19.2 6.4 7.5 2.5 2 0 3 1 1
6638.4 7289.0 -12.2 182 0 15.0 22.7 7.5 2.5 2 1 3 2 2
6532.6 5253.8 -6.4 185 0 13.0 12.4 5.0 0.0 0 0 2 1 1
6520.5 5231.0 -6.2 189 0 7.4 17.8 7.5 2.5 2 1 3 1 1
6545.9 5316.5 -6.9 272 0 14.4 21.2 10.0 2.5 2 1 4 4 4
6318.2 4031.3 -4.0 99 0 11.6 12.0 5.0 2.5 2 1 2 1 1
6516.9 6454.1 -11.2 272 0 17.2 22.1 7.5 0.0 0 1 3 5 5
6568.2 7198.8 -12.9 6 0 13.7 12.0 5.0 2.5 2 0 2 0 0
6541.1 6687.4 -13.0 98 0 11.1 14.9 2.5 2.5 2 1 1 1 1
6414.8 5830.6 -8.7 7 0 8.9 17.5 7.5 2.5 2 1 3 5 5
6665.5 7200.9 -11.2 182 0 27.8 12.5 10.0 2.5 2 0 4 3 3
6525.2 6804.9 -12.7 96 0 8.8 16.9 5.0 2.5 2 1 2 3 3
6557.7 6778.1 -12.7 7 0 13.4 10.7 7.5 2.5 2 0 3 4 4
6430.6 5803.0 -8.7 278 0 10.6 19.6 7.5 2.5 2 1 3 4 4
6665.0 6927.5 -11.6 277 0 6.4 10.5 7.5 0.0 0 1 3 3 3
6548.9 6958.4 -13.0 9 0 9.0 23.1 5.0 2.5 2 1 2 5 5
6453.8 5680.5 -7.9 186 0 11.6 9.1 2.5 2.5 2 0 1 4 4
6547.8 6741.2 -13.0 94 0 7.3 19.1 5.0 2.5 2 1 2 5 5
6568.6 7007.7 -12.8 278 0 11.7 14.9 10.0 2.5 2 1 4 5 5
6423.6 5606.1 -7.2 100 0 19.7 8.2 7.5 2.5 2 0 3 4 4
6444.8 6166.9 -9.0 8 0 8.6 10.2 7.5 2.5 2 1 3 2 2
6474.0 6395.3 -10.6 190 0 17.3 7.7 5.0 0.0 0 0 2 5 5
6502.1 7071.2 -13.8 98 0 11.2 20.2 7.5 2.5 4 1 3 2 2
6542.3 6541.6 -12.2 6 0 11.3 8.9 7.5 2.5 2 0 3 1 1
6463.5 6128.4 -9.2 191 0 10.4 12.1 5.0 2.5 2 1 2 3 3
6526.4 6311.0 -10.9 6 0 22.1 15.8 5.0 2.5 2 0 2 0 0
6572.3 7092.5 -12.2 98 0 17.2 6.6 5.0 2.5 2 0 2 3 3
6504.2 6538.6 -11.7 94 0 7.4 14.8 7.5 2.5 4 1 3 3 3
6468.4 6023.4 -8.3 8 0 10.8 24.5 7.5 2.5 2 1 3 5 5
6525.2 6269.6 -10.7 5 0 14.5 8.4 7.5 2.5 2 0 3 2 2
6494.1 5942.0 -8.9 275 0 11.2 16.9 5.0 2.5 2 1 2 2 2
6804.1 7161.1 -11.4 276 0 14.1 59.3 10.0 2.5 2 1 4 4 4
6601.5 7144.5 -11.2 9 0 12.3 15.8 7.5 0.0 0 1 3 0 0
6476.1 6614.6 -11.6 187 0 29.5 13.8 10.0 2.5 2 0 4 2 2
6459.0 5948.0 -8.6 278 0 20.5 6.9 2.5 2.5 2 0 1 4 4
6508.3 6213.4 -9.8 98 0 12.1 10.5 5.0 2.5 2 0 2 0 0
6471.3 5870.7 -9.1 90 0 13.0 11.3 10.0 2.5 4 0 4 2 2
6877.7 7248.7 -14.2 278 0 28.1 10.5 10.0 2.5 2 0 4 3 3
6538.1 7161.4 -12.7 192 0 13.9 8.2 5.0 2.5 2 0 2 3 3
6498.4 6645.4 -12.2 189 0 17.6 12.3 5.0 2.5 2 0 2 0 0
6404.1 5917.2 -8.0 187 0 12.5 10.8 5.0 2.5 2 0 2 0 0
6710.1 7197.8 -11.6 97 0 9.9 20.7 7.5 0.0 0 1 3 2 2
6514.7 6873.0 -12.3 191 0 25.1 10.6 10.0 2.5 4 0 4 2 2
6553.8 6829.2 -12.5 277 0 11.3 11.4 7.5 2.5 2 1 3 0 0
6386.4 5781.7 -8.2 97 0 8.3 31.5 7.5 2.5 2 1 3 5 5
6683.2 7326.1 -12.6 277 0 10.5 14.6 7.5 2.5 2 1 3 0 0
6502.8 6838.1 -12.7 187 0 8.6 23.3 7.5 0.0 0 1 3 4 4
6521.0 6931.7 -12.8 184 0 16.0 7.8 7.5 2.5 2 0 3 4 4
6466.8 5754.6 -8.6 10 0 10.0 23.5 7.5 2.5 2 1 3 4 4
6593.9 6838.2 -12.1 5 0 7.8 12.7 7.5 2.5 2 1 3 3 3
6566.4 6918.3 -12.0 3 0 9.9 9.0 5.0 2.5 2 0 2 3 3
6449.6 5634.6 -7.6 7 0 11.7 12.5 5.0 2.5 2 1 2 4 4
6441.6 6146.3 -8.9 9 0 11.7 12.3 7.5 2.5 2 1 3 4 4
6561.5 6719.3 -13.1 5 0 7.3 18.1 7.5 0.0 0 1 3 5 5
6504.4 6999.2 -13.7 191 0 21.2 10.7 7.5 2.5 4 0 3 0 0
6587.9 5595.5 -9.6 272 0 12.9 11.0 5.0 2.5 2 0 2 3 3
6466.2 6166.7 -9.3 191 0 12.1 11.8 2.5 2.5 2 0 1 4 4
6520.2 6352.0 -10.7 278 0 10.7 12.3 7.5 2.5 4 1 3 5 5
6518.0 7114.2 -13.1 193 0 26.2 12.8 10.0 2.5 2 0 4 1 1
6503.8 6526.5 -11.9 188 0 8.6 18.1 5.0 2.5 2 1 2 2 2
6468.9 6102.4 -9.1 97 0 12.5 10.5 2.5 2.5 2 0 1 4 4
6464.9 6282.4 -9.9 98 0 12.7 21.3 7.5 2.5 2 1 3 3 3
6549.9 7101.3 -12.5 99 0 10.0 10.6 5.0 2.5 4 1 2 4 4
6484.9 6587.3 -11.7 188 0 11.3 26.0 7.5 0.0 0 1 3 1 1
6435.6 5947.8 -8.3 275 0 9.3 18.3 7.5 2.5 2 1 3 0 0
6496.6 6184.6 -9.6 272 0 10.4 10.7 2.5 2.5 2 1 1 3 3
6479.8 5949.0 -8.8 278 0 10.5 6.5 5.0 2.5 2 0 2 0 0
6893.6 7173.8 -14.3 100 0 61.1 25.2 12.5 2.5 2 0 5 2 2
6567.1 7163.1 -11.9 276 0 11.3 13.4 7.5 2.5 2 1 3 5 5
6527.3 6610.8 -12.0 6 0 25.9 11.0 10.0 2.5 2 0 4 0 0
6471.9 6204.3 -9.4 98 0 17.8 7.7 7.5 2.5 2 0 3 4 4
6412.3 5874.2 -8.3 96 0 12.0 25.0 10.0 2.5 2 1 4 5 5
6455.7 6367.2 -10.3 188 0 20.2 28.3 10.0 2.5 2 1 4 1 1
-341.6 4307.0 -8.2 351 0 14.4 9.7 7.5 2.5 2 0 3 0 0
-139.9 5055.5 -4.2 181 0 8.0 21.9 7.5 2.5 4 1 3 1 1
-315.7 4190.7 -7.6 359 0 9.9 27.7 7.5 2.5 2 1 3 5 5
-258.2 4731.4 -6.4 1 0 11.1 9.3 2.5 2.5 4 0 1 3 3
-625.5 3886.3 -7.8 11 0 6.8 13.3 2.5 2.5 2 1 1 3 3
-430.4 4552.5 -8.0 170 0 17.5 9.1 5.0 2.5 2 0 2 4 4
-155.0 5083.2 -4.2 89 0 9.4 12.0 5.0 2.5 2 1 2 4 4
-299.0 4708.3 -6.6 182 0 9.5 18.5 5.0 0.0 0 1 2 4 4
-414.8 4280.3 -8.4 173 0 8.4 30.4 7.5 0.0 0 1 3 1 1
-258.4 4789.6 -6.1 4 0 5.7 22.0 5.0 2.5 2 1 2 2 2
-605.2 3892.5 -7.7 10 0 12.5 8.7 2.5 2.5 2 0 1 2 2
-285.3 4860.6 -5.8 183 0 7.0 12.1 5.0 0.0 0 1 2 2 2
-452.4 4647.1 -7.7 0 0 11.9 9.5 2.5 2.5 2 0 1 3 3
-634.2 3925.3 -8.0 281 0 18.8 9.1 5.0 2.5 2 0 2 3 3
-122.8 4942.2 -4.7 273 0 9.4 13.0 7.5 2.5 2 1 3 2 2
-664.4 3902.3 -8.0 190 0 28.4 9.0 7.5 2.5 2 0 3 5 5
-260.2 4875.5 -5.7 280 0 5.3 8.8 7.5 2.5 4 1 3 4 4
-872.5 3416.9 -8.2 358 0 5.0 12.1 7.5 2.5 2 1 3 0 0
-856.7 3387.3 -8.2 87 0 8.0 32.4 7.5 2.5 2 1 3 5 5
-426.4 4297.9 -8.6 178 0 22.6 9.8 7.5 2.5 2 0 3 5 5
-1229.3 4981.1 -13.2 170 0 9.6 18.9 7.5 2.5 2 1 3 2 2
-373.9 4546.4 -7.8 347 0 5.7 9.0 5.0 2.5 2 1 2 0 0
-632.6 3836.3 -7.6 8 0 9.9 8.1 7.5 2.5 2 0 3 2 2
-1066.1 5101.5 -13.4 76 0 5.8 11.7 2.5 2.5 2 1 1 0 0
-912.0 3452.4 -8.2 180 0 8.4 23.7 5.0 2.5 2 1 2 4 4
-220.8 4244.0 -7.3 88 0 12.4 10.6 2.5 2.5 2 0 1 5 5
-378.0 4287.1 -8.2 173 0 5.8 12.2 7.5 2.5 2 1 3 3 3
-420.2 4318.7 -8.6 173 0 5.8 40.6 5.0 2.5 2 1 2 2 2
-737.0 3714.7 -7.6 270 0 28.5 9.0 7.5 0.0 0 0 3 2 2
-1053.9 5097.8 -13.0 165 0 5.4 7.5 2.5 2.5 2 1 1 5 5
-354.9 4569.8 -7.6 350 0 14.0 10.1 5.0 2.5 2 0 2 5 5
-661.1 4785.3 -8.0 74 0 12.3 5.3 7.5 2.5 2 0 3 4 4
-1082.9 5206.9 -13.7 166 0 8.0 22.9 5.0 2.5 2 1 2 1 1
-866.3 3468.0 -8.1 356 0 14.1 8.8 7.5 2.5 2 0 3 2 2
-478.7 4659.2 -7.8 358 0 7.0 13.9 5.0 2.5 4 1 2 0 0
-1094.4 3207.1 -8.7 263 0 18.6 7.8 7.5 2.5 2 0 3 4 4
-1061.8 5250.3 -13.4 256 0 9.0 27.1 7.5 2.5 2 1 3 5 5
-1086.1 5170.0 -13.8 163 0 7.0 21.3 2.5 2.5 2 1 1 1 1
-1046.8 5151.8 -13.8 344 0 9.4 32.2 7.5 2.5 2 1 3 2 2
-457.9 4624.0 -7.9 358 0 7.3 15.5 7.5 2.5 2 1 3 2 2
-245.4 4820.5 -5.9 7 0 6.0 15.7 7.5 2.5 2 1 3 5 5
-700.2 3598.8 -7.1 3 0 18.1 8.1 7.5 2.5 2 0 3 5 5
-652.9 3798.5 -7.5 94 0 5.5 3.6 5.0 2.5 2 0 2 5 5
-668.6 4816.1 -8.0 256 0 14.1 5.0 2.5 2.5 2 0 1 3 3
-1126.3 3188.4 -8.8 181 0 12.5 9.8 7.5 2.5 2 0 3 1 1
-720.2 3619.1 -7.2 0 0 8.0 21.1 7.5 0.0 0 1 3 4 4
-662.1 3808.0 -7.6 99 0 5.4 10.6 7.5 2.5 2 1 3 5 5
-1067.8 3204.7 -8.6 265 0 9.2 27.4 7.5 2.5 2 1 3 0 0
-1107.2 3165.2 -8.7 177 0 18.5 9.6 2.5 2.5 2 0 1 2 2
-164.8 4259.2 -7.0 273 0 15.5 30.5 10.0 2.5 2 1 4 4 4
-397.1 4538.1 -7.9 78 0 17.1 6.0 5.0 2.5 2 0 2 3 3
-1090.7 3116.8 -8.6 360 0 12.0 24.8 10.0 2.5 2 1 4 5 5
-309.7 4201.2 -7.6 88 0 9.3 36.1 7.5 2.5 4 1 3 2 2
-295.9 4802.8 -6.2 184 0 29.9 10.1 10.0 2.5 2 0 4 1 1
-1114.5 5146.6 -14.1 164 0 11.0 12.2 5.0 2.5 2 1 2 5 5
-394.8 4578.9 -7.8 348 0 6.9 27.0 5.0 2.5 2 1 2 5 5
-702.6 3695.3 -7.3 10 0 12.1 9.5 5.0 2.5 2 0 2 5 5
-1105.0 5219.7 -13.9 164 0 15.7 10.9 5.0 2.5 2 0 2 5 5
-306.0 4724.3 -6.6 92 0 7.2 17.2 2.5 2.5 2 1 1 4 4
-1044.6 5126.4 -13.4 343 0 5.5 13.8 7.5 2.5 2 1 3 0 0
-474.2 4631.3 -7.9 355 0 6.0 21.9 5.0 2.5 2 1 2 5 5
-878.4 3379.7 -8.4 88 0 29.6 9.0 7.5 2.5 2 0 3 5 5
-237.2 4804.5 -5.9 2 0 12.2 9.3 2.5 2.5 2 0 1 3 3
-758.1 3606.3 -7.3 180 0 8.8 9.4 2.5 2.5 2 1 1 4 4
-352.3 4241.7 -7.9 177 0 8.6 17.3 5.0 2.5 2 1 2 2 2
-5502.8 -8451.4 0.0 112 0 18.3 11.9 10.0 2.5 2 0 4 0 0
-5022.5 -8424.4 1.1 143 0 12.4 24.5 7.5 2.5 2 1 3 2 2
-5144.6 -7482.7 -3.7 27 0 9.8 7.4 5.0 2.5 4 0 2 2 2
-5262.7 -7760.2 -2.0 24 0 11.9 5.2 7.5 2.5 2 0 3 1 1
-5460.4 -8315.8 0.0 204 0 12.7 74.8 5.0 2.5 2 1 2 1 1
-5579.4 -8354.5 0.2 6 0 12.5 10.2 7.5 2.5 2 0 3 2 2
-5238.8 -7706.4 -2.6 22 0 12.4 8.0 7.5 2.5 2 0 3 3 3
-5429.3 -8242.7 0.2 200 0 16.9 8.3 7.5 2.5 2 0 3 1 1
-5361.1 -8264.9 -0.6 23 0 9.4 9.5 2.5 2.5 4 1 1 1 1
-5414.0 -8205.8 0.0 201 0 9.8 8.5 7.5 2.5 2 0 3 1 1
-5217.4 -7658.2 -2.6 22 0 13.5 9.6 2.5 2.5 4 0 1 1 1
-5405.8 -8233.4 -0.3 203 0 8.5 25.2 5.0 2.5 2 1 2 0 0
-5161.3 -7515.4 -3.6 21 0 12.5 8.7 7.5 2.5 2 0 3 2 2
-5189.4 -7564.0 -3.0 24 0 13.6 10.2 5.0 2.5 2 0 2 0 0
-5507.7 -8125.3 0.2 281 0 6.7 14.9 5.0 2.5 2 1 2 4 4
-5382.3 -8198.0 -0.4 292 0 32.9 5.7 7.5 2.5 2 0 3 4 4
-5343.3 -8312.0 -1.0 22 0 12.1 73.8 12.5 2.5 4 1 5 5 5
-5216.0 -7490.7 -3.6 202 0 24.3 9.6 2.5 2.5 2 0 1 4 4
-5331.4 -8373.2 0.6 314 0 18.7 59.9 10.0 2.5 2 1 4 0 0
-5285.0 -7753.3 -1.9 204 0 4.9 5.2 7.5 2.5 2 1 3 5 5
-5603.2 -8288.2 0.1 275 0 18.7 6.9 7.5 2.5 2 0 3 2 2
-5472.3 -8158.8 0.1 99 0 8.0 14.0 5.0 2.5 2 1 2 4 4
-5212.9 -7620.5 -2.6 23 0 11.9 26.5 7.5 2.5 2 1 3 1 1
-5318.5 -8449.6 0.6 51 0 12.6 36.7 7.5 2.5 2 1 3 4 4
-5442.5 -8289.8 0.0 202 0 20.3 12.6 7.5 2.5 2 0 3 3 3
-5255.8 -7644.1 -2.5 202 0 17.9 7.1 7.5 0.0 0 0 3 1 1
-5600.2 -8329.3 0.1 109 0 7.0 14.0 5.0 2.5 2 1 2 1 1
-5164.8 -7464.1 -3.7 293 0 6.4 14.6 7.5 2.5 2 1 3 1 1
-5166.4 -7496.9 -3.6 22 0 6.3 18.5 2.5 2.5 2 1 1 5 5
-4942.0 -8447.1 1.5 53 0 16.3 62.2 7.5 2.5 2 1 3 4 4
-5223.6 -7549.9 -3.2 204 0 15.5 8.3 5.0 2.5 2 0 2 1 1
-5337.1 -8229.9 -0.9 23 0 10.6 16.6 7.5 2.5 2 1 3 5 5
-5361.0 -8244.4 -0.6 21 0 6.6 17.2 2.5 2.5 2 1 1 3 3
-5616.2 -8345.8 0.1 96 0 5.4 32.3 5.0 2.5 2 1 2 0 0
-5258.8 -7735.5 -2.2 22 0 4.5 19.6 5.0 2.5 2 1 2 3 3
-5481.8 -8122.1 -0.0 275 0 18.3 6.4 7.5 2.5 2 0 3 2 2
-5216.2 -7638.6 -2.6 23 0 6.3 25.3 2.5 2.5 2 1 1 5 5
-5415.9 -8436.6 0.1 23 0 23.0 87.1 7.5 0.0 0 1 3 5 5
-5277.7 -7709.5 -2.4 204 0 5.3 23.2 7.5 2.5 2 1 3 1 1
-1726.8 -6077.4 8.8 146 0 12.7 18.0 2.5 2.5 2 1 1 3 3
-2614.9 115.7 4.6 115 0 7.7 10.8 2.5 2.5 2 1 1 4 4
-2497.4 455.8 3.2 201 0 7.0 7.8 5.0 2.5 2 1 2 2 2
-2498.9 417.9 3.3 112 0 9.0 12.7 7.5 2.5 2 1 3 5 5
-2501.9 400.2 3.4 200 0 9.4 26.8 7.5 2.5 4 1 3 3 3
-2619.7 417.3 3.5 202 0 8.9 18.6 7.5 2.5 2 1 3 1 1
-2594.0 385.2 3.5 18 0 12.3 10.0 5.0 2.5 2 0 2 4 4
-2627.9 621.2 2.8 94 0 8.6 15.5 5.0 2.5 4 1 2 1 1
-2592.1 629.6 2.8 278 0 10.9 20.2 7.5 2.5 2 1 3 2 2
-2510.6 525.7 3.0 18 0 8.6 11.8 7.5 2.5 2 1 3 3 3
-2554.9 530.7 3.0 195 0 21.8 8.9 2.5 2.5 2 0 1 1 1
-2526.6 509.4 3.1 11 0 6.6 16.7 5.0 2.5 2 1 2 2 2
-2561.5 504.9 3.2 194 0 15.5 7.4 7.5 2.5 2 0 3 5 5
-2529.2 484.8 3.2 18 0 11.5 10.8 10.0 2.5 2 0 4 4 4
-2546.2 461.4 3.2 25 0 33.5 9.7 7.5 2.5 2 0 3 3 3
-2373.7 509.7 2.9 18 0 8.1 24.5 2.5 2.5 2 1 1 3 3
-2453.4 495.5 3.0 109 0 11.4 13.7 7.5 2.5 2 1 3 2 2
-2410.8 551.1 2.8 285 0 11.8 15.3 7.5 2.5 2 1 3 3 3
-2401.7 685.7 2.7 191 0 9.8 6.0 5.0 2.5 2 0 2 4 4
-2410.6 649.9 2.8 192 0 10.9 6.0 5.0 0.0 0 0 2 4 4
-2433.5 640.4 2.8 6 0 9.9 11.1 5.0 0.0 0 1 2 3 3
-2458.9 689.8 2.8 190 0 12.0 10.7 7.5 2.5 4 0 3 1 1
-2801.2 208.9 4.1 209 0 16.2 26.4 7.5 2.5 4 1 3 1 1
-2774.8 104.9 5.3 117 0 12.5 28.1 12.5 2.5 2 1 5 4 4
-2795.2 87.7 4.8 298 0 28.8 8.7 7.5 2.5 2 0 3 1 1
-2699.2 -673.1 3.8 201 0 11.6 27.5 10.0 2.5 2 1 4 2 2
-2654.2 -698.0 4.2 110 0 16.6 11.7 7.5 2.5 4 0 3 0 0
-2918.4 -611.8 2.4 287 0 9.3 8.0 5.0 2.5 2 0 2 5 5
-3060.8 -380.8 2.3 2 0 9.2 13.3 5.0 2.5 4 1 2 3 3
-2997.4 -598.8 1.7 280 0 11.5 10.2 5.0 2.5 2 0 2 2 2
-3078.4 -616.5 0.8 100 0 17.5 7.4 7.5 2.5 2 0 3 4 4
-3059.2 -619.6 1.0 103 0 16.6 7.7 7.5 2.5 2 0 3 0 0
-3068.0 -602.3 1.0 103 0 5.8 12.1 2.5 2.5 2 1 1 5 5
-3106.4 -598.7 0.6 104 0 6.0 12.8 5.0 2.5 2 1 2 4 4
-3092.2 -606.3 0.7 103 0 8.4 19.3 5.0 2.5 2 1 2 0 0
-3255.0 -499.5 -0.6 6 0 6.7 18.0 2.5 2.5 2 1 1 2 2
-3282.3 -520.6 -0.9 98 0 7.0 17.1 5.0 2.5 4 1 2 0 0
-2938.7 -722.5 1.3 110 0 9.0 13.5 5.0 2.5 2 1 2 1 1
-3140.9 -553.0 0.0 284 0 8.7 11.9 2.5 2.5 2 1 1 2 2
-3124.2 -563.7 0.2 281 0 7.2 14.2 7.5 2.5 2 1 3 3 3
-3035.4 -597.4 1.3 13 0 20.8 6.4 7.5 2.5 2 0 3 4 4
-3049.3 -572.9 1.0 281 0 10.6 8.6 2.5 2.5 2 0 1 1 1
-3096.7 -568.1 0.5 286 0 10.7 10.9 7.5 2.5 2 1 3 3 3
-3076.2 -570.1 0.7 281 0 12.6 9.0 5.0 2.5 2 0 2 0 0
-2969.0 -518.1 1.9 355 0 11.9 17.6 5.0 2.5 2 1 2 1 1
-2701.3 102.1 6.3 111 0 9.5 12.7 7.5 0.0 0 1 3 3 3
-2689.7 3.8 4.8 200 0 7.7 22.3 7.5 2.5 2 1 3 2 2
-2661.1 30.5 4.9 293 0 8.1 8.0 2.5 2.5 4 0 1 0 0
-2651.0 22.6 4.6 293 0 8.9 23.1 7.5 2.5 2 1 3 3 3
-2712.2 22.5 5.3 113 0 10.2 15.4 5.0 2.5 2 1 2 0 0
-2793.9 -105.5 4.9 204 0 9.9 75.3 7.5 2.5 2 1 3 3 3
-3008.1 -200.6 4.3 110 0 10.6 12.3 10.0 2.5 2 1 4 4 4
-3069.1 -231.4 2.7 287 0 17.4 35.4 7.5 2.5 2 1 3 2 2
-3138.6 -284.9 1.8 287 0 5.9 13.8 7.5 2.5 2 1 3 1 1
-3165.2 -312.9 1.2 195 0 7.2 12.5 5.0 2.5 2 1 2 3 3
-3175.8 -275.3 1.5 194 0 10.4 9.4 7.5 2.5 4 0 3 0 0
-3124.1 -288.5 2.1 284 0 11.5 10.8 7.5 2.5 2 0 3 2 2
-3105.5 -342.5 1.7 12 0 21.9 10.0 5.0 2.5 2 0 2 1 1
-3107.4 -359.4 1.7 278 0 21.2 12.5 7.5 2.5 2 0 3 0 0
-3100.2 -298.2 2.4 286 0 11.8 10.2 5.0 2.5 2 0 2 2 2
-3069.5 -315.3 2.7 14 0 10.5 8.9 2.5 2.5 2 0 1 0 0
-3084.4 -333.1 2.3 104 0 29.8 8.8 7.5 2.5 2 0 3 5 5
-3068.3 -343.8 2.4 262 0 11.9 12.1 2.5 2.5 4 1 1 5 5
-3056.1 -429.1 2.4 6 0 12.2 9.9 5.0 2.5 2 0 2 2 2
-3058.2 -393.3 2.5 274 0 6.3 14.1 7.5 2.5 4 1 3 1 1
-3076.8 -499.9 1.3 15 0 10.7 11.3 5.0 2.5 2 1 2 1 1
-3071.5 -482.7 1.6 16 0 15.1 8.9 5.0 2.5 2 0 2 0 0
-3059.2 -457.3 2.0 14 0 13.1 14.3 2.5 2.5 2 1 1 2 2
-3023.0 -500.3 1.8 87 0 14.3 9.3 5.0 2.5 2 0 2 3 3
-3015.0 -448.5 2.6 179 0 8.9 9.2 7.5 2.5 2 1 3 5 5
-2979.9 -446.1 2.8 357 0 10.2 17.2 2.5 2.5 2 1 1 1 1
-3013.8 -407.2 3.2 182 0 6.7 15.1 7.5 2.5 2 1 3 5 5
-3014.6 -428.7 2.9 178 0 7.2 26.5 5.0 2.5 2 1 2 3 3
-3032.2 -439.1 2.6 179 0 10.5 11.1 7.5 2.5 2 1 3 3 3
-3024.4 -393.3 3.0 189 0 12.3 9.3 7.5 0.0 0 0 3 4 4
-3029.7 -409.9 2.9 185 0 13.8 11.2 2.5 2.5 2 0 1 0 0
-2986.3 -375.0 3.4 278 0 8.8 29.5 7.5 2.5 2 1 3 0 0
-3002.0 -354.2 3.4 204 0 12.5 11.9 5.0 2.5 2 0 2 0 0
-2971.5 -325.3 3.2 284 0 13.8 11.4 5.0 2.5 2 0 2 2 2
