-5080.9 8237.2 -0.7 233 0 8.9 4.1 2.5 2.5 2 0 1 3 3
-5398.9 7948.8 -0.0 47 0 7.6 5.5 2.5 2.5 2 0 1 5 5
-5371.8 7925.0 3.4 44 0 6.1 5.1 7.5 2.5 2 0 3 3 3
-5460.6 7889.4 4.0 127 0 7.4 4.5 2.5 2.5 2 0 1 2 2
-5256.7 8188.7 -2.9 133 0 11.5 11.2 5.0 2.5 2 0 2 5 5
-5175.9 8099.3 -0.0 230 0 11.2 8.7 7.5 2.5 2 0 3 3 3
-5412.0 7905.4 3.9 225 0 7.0 6.5 7.5 2.5 2 0 3 0 0
-5380.1 7915.8 3.6 45 0 6.2 10.4 7.5 2.5 2 1 3 1 1
-5189.4 8087.7 0.2 230 0 13.7 11.0 2.5 2.5 2 0 1 5 5
-5415.0 7970.3 -1.5 313 0 10.8 11.2 7.5 2.5 4 1 3 2 2
-5213.6 8068.6 0.5 242 0 5.5 12.7 5.0 2.5 2 1 2 4 4
-5197.0 7816.8 8.9 47 0 11.4 11.4 7.5 2.5 4 0 3 0 0
-5133.1 7953.9 4.6 316 0 8.4 8.9 7.5 2.5 2 1 3 2 2
-5422.1 7896.0 4.0 229 0 7.2 6.5 5.0 2.5 2 0 2 3 3
-5436.9 7866.9 5.6 134 0 5.4 8.0 2.5 2.5 2 1 1 4 4
-5295.5 7973.5 1.0 224 0 10.0 8.8 7.5 2.5 2 0 3 5 5
-5321.6 7945.6 3.1 226 0 4.5 10.9 7.5 2.5 2 1 3 4 4
-5413.0 7998.9 -3.5 130 0 7.4 6.4 7.5 2.5 2 0 3 5 5
-4878.4 8384.2 -0.9 234 0 9.7 9.0 5.0 0.0 0 0 2 2 2
-5317.1 7877.9 8.2 53 0 10.2 13.7 5.0 2.5 2 1 2 3 3
-5328.7 7964.4 0.8 48 0 4.4 5.4 7.5 2.5 2 1 3 5 5
-5254.9 8048.6 -1.5 39 0 13.1 7.5 5.0 2.5 2 0 2 0 0
-5422.9 8034.2 -5.0 220 0 8.1 11.2 2.5 2.5 2 1 1 0 0
-5335.8 8125.9 -4.8 230 0 13.7 16.2 7.5 2.5 2 1 3 5 5
-5300.5 8014.4 -3.0 48 0 14.1 20.2 10.0 2.5 2 1 4 5 5
-5323.3 7993.5 -1.7 39 0 4.2 6.2 5.0 2.5 4 1 2 1 1
-5236.8 8105.4 -1.6 308 0 9.5 15.6 5.0 2.5 2 1 2 5 5
-5312.7 8140.0 -4.6 225 0 10.7 8.9 5.0 2.5 2 0 2 3 3
-5328.5 8161.5 -5.0 47 0 8.2 9.2 5.0 0.0 0 1 2 5 5
-5251.1 8077.1 -2.0 38 0 8.7 27.9 2.5 2.5 2 1 1 1 1
-5242.5 8115.3 -2.8 135 0 27.3 8.4 5.0 2.5 2 0 2 0 0
-5214.4 8132.9 -2.2 312 0 9.7 16.7 7.5 2.5 4 1 3 3 3
-5235.7 8168.3 -2.4 136 0 10.8 11.1 7.5 2.5 2 1 3 1 1
-5256.9 8147.9 -3.1 133 0 8.4 4.8 5.0 2.5 2 0 2 5 5
-5164.8 7908.5 4.0 317 0 11.6 15.7 5.0 0.0 0 1 2 2 2
-5137.9 7875.4 4.7 317 0 10.4 10.1 7.5 0.0 0 0 3 2 2
-5189.0 7929.7 3.9 316 0 9.8 17.4 7.5 0.0 0 1 3 4 4
-5196.6 7614.1 15.3 28 0 11.4 8.9 7.5 2.5 2 0 3 0 0
-5119.7 8224.9 -0.9 52 0 15.9 12.5 7.5 2.5 2 0 3 0 0
-5072.0 8275.2 -2.1 49 0 9.6 5.9 7.5 0.0 0 0 3 1 1
-5099.2 8326.7 -4.0 321 0 8.3 17.1 7.5 2.5 2 1 3 1 1
-5118.7 8291.3 -2.9 321 0 12.3 9.3 7.5 2.5 2 0 3 4 4
-5192.7 7580.4 15.1 207 0 4.6 9.1 7.5 2.5 2 0 3 5 5
-5203.4 7552.4 15.1 205 0 6.1 13.6 5.0 2.5 2 1 2 5 5
-4990.3 8331.0 -2.7 64 0 15.8 10.3 5.0 2.5 2 0 2 1 1
-4945.0 8360.8 -2.7 53 0 12.9 8.7 7.5 2.5 2 0 3 4 4
-4924.4 8345.5 -2.1 232 0 10.5 17.5 7.5 2.5 4 1 3 5 5
-4927.5 8354.9 -2.3 233 0 9.1 9.2 5.0 2.5 2 1 2 3 3
-5338.5 7980.4 -0.8 44 0 3.6 5.0 7.5 2.5 4 1 3 2 2
-4972.0 8440.2 -3.4 79 0 13.8 17.7 7.5 2.5 2 1 3 3 3
-4819.9 8450.2 1.2 319 0 12.7 20.3 7.5 2.5 2 1 3 3 3
-4856.0 8403.0 0.3 139 0 10.4 13.3 5.0 2.5 4 0 2 5 5
-5339.6 7845.2 11.2 28 0 7.0 11.4 2.5 2.5 4 1 1 1 1
-5343.6 7829.7 12.4 28 0 9.6 9.3 7.5 2.5 2 0 3 2 2
-5423.7 7925.5 1.2 43 0 6.4 6.2 7.5 2.5 2 0 3 1 1
-5070.8 8216.0 -0.2 47 0 16.0 8.3 5.0 2.5 2 0 2 5 5
-5407.1 8038.6 -5.6 220 0 5.8 9.4 7.5 2.5 2 1 3 4 4
-5409.0 7940.9 0.0 43 0 7.2 5.0 7.5 2.5 4 0 3 2 2
-5321.5 7833.6 11.8 209 0 8.2 14.7 5.0 2.5 2 1 2 2 2
-5352.2 7944.4 2.0 45 0 6.7 5.2 5.0 2.5 2 0 2 1 1
-5443.5 7999.1 -2.4 310 0 7.2 5.4 7.5 2.5 4 0 3 0 0
-5110.6 8157.6 0.3 231 0 8.4 13.9 2.5 2.5 4 1 1 3 3
-5442.6 7900.6 3.3 35 0 3.9 7.2 2.5 2.5 2 1 1 2 2
-5127.7 8142.5 -0.1 229 0 12.9 9.5 5.0 2.5 2 0 2 1 1
-5122.2 8169.4 -0.1 47 0 10.0 9.2 5.0 2.5 2 0 2 3 3
-5084.6 8202.1 0.1 46 0 5.0 13.5 7.5 0.0 0 1 3 3 3
-5260.3 8331.0 -4.8 325 0 15.8 34.6 10.0 0.0 0 1 4 4 4
-4883.1 8349.0 -1.9 53 0 16.3 7.7 5.0 2.5 2 0 2 1 1
-5153.0 8080.6 1.3 231 0 10.7 4.7 5.0 2.5 2 0 2 0 0
-4884.9 8376.9 -1.3 234 0 6.2 10.1 5.0 2.5 2 1 2 0 0
-5192.6 8074.5 0.9 234 0 4.5 16.0 7.5 2.5 2 1 3 4 4
-5129.0 8164.1 -0.2 47 0 5.2 11.1 7.5 2.5 2 1 3 5 5
-5183.8 8053.7 1.7 233 0 12.9 8.1 7.5 2.5 4 0 3 4 4
-5353.9 7982.0 -1.4 44 0 8.4 4.8 7.5 2.5 2 0 3 5 5
-5110.4 8210.4 0.1 223 0 11.6 6.5 7.5 2.5 2 0 3 1 1
-5223.0 8147.3 -2.2 138 0 11.8 5.9 7.5 2.5 2 0 3 0 0
-4951.5 8262.6 -0.5 75 0 10.4 11.7 5.0 2.5 2 1 2 3 3
-5206.8 8218.2 -0.9 137 0 11.1 17.7 7.5 2.5 2 1 3 1 1
-5164.4 8103.1 0.1 232 0 4.1 15.3 2.5 0.0 0 1 1 2 2
-5183.3 8073.5 1.1 235 0 6.6 23.1 7.5 2.5 2 1 3 5 5
-5106.9 8142.7 0.4 230 0 4.0 10.5 5.0 2.5 2 1 2 1 1
-5097.7 8223.9 -0.5 227 0 16.3 6.1 2.5 2.5 2 0 1 0 0
-5342.9 7999.0 -2.8 51 0 5.9 7.3 7.5 2.5 2 1 3 3 3
-5106.4 8110.2 0.5 46 0 13.6 7.4 5.0 2.5 2 0 2 4 4
-5143.2 8048.0 2.6 324 0 10.9 18.6 10.0 2.5 2 1 4 3 3
-5396.7 8015.4 -4.8 130 0 8.6 4.5 2.5 2.5 2 0 1 4 4
-5278.5 8114.8 -2.9 317 0 10.3 20.3 5.0 2.5 2 1 2 2 2
-5126.6 8100.6 0.8 317 0 8.2 8.1 7.5 2.5 2 0 3 1 1
-5256.1 8118.9 -2.6 318 0 4.9 10.0 5.0 2.5 2 1 2 0 0
-5361.4 7972.7 -0.9 45 0 8.7 7.5 7.5 2.5 2 0 3 2 2
-5094.9 8156.0 0.7 230 0 5.1 9.4 5.0 2.5 4 1 2 1 1
-5111.1 8119.0 0.2 48 0 5.8 9.5 7.5 2.5 2 1 3 4 4
-5406.3 7884.7 5.2 46 0 4.6 9.0 7.5 2.5 2 1 3 0 0
-5042.3 8196.7 1.0 227 0 10.6 10.6 2.5 2.5 2 0 1 0 0
-5366.1 8009.8 -4.4 40 0 5.1 9.9 7.5 2.5 2 1 3 5 5
-4991.7 8366.8 -3.3 330 0 20.4 8.0 7.5 2.5 2 0 3 4 4
-4937.4 8378.0 -3.0 52 0 7.2 12.4 7.5 2.5 2 1 3 3 3
-5016.2 8350.3 -3.2 239 0 5.9 16.5 7.5 2.5 2 1 3 3 3
-5144.8 8231.5 -0.9 49 0 3.5 8.4 5.0 2.5 2 1 2 5 5
-5031.2 8429.0 -4.6 149 0 14.1 7.9 2.5 2.5 2 0 1 3 3
-4932.7 8350.9 -2.2 232 0 3.9 9.3 7.5 2.5 2 1 3 0 0
-5232.0 8016.3 1.0 146 0 11.8 7.2 7.5 0.0 0 0 3 1 1
-5160.2 8241.8 -1.2 232 0 12.8 8.2 7.5 2.5 2 0 3 5 5
-5362.5 7934.4 2.8 47 0 6.7 4.6 5.0 2.5 2 0 2 1 1
-4986.5 8494.7 0.0 273 0 13.6 10.0 2.5 2.5 2 0 1 1 1
-5040.2 8492.4 -0.8 241 0 9.4 17.9 7.5 2.5 2 1 3 2 2
-4963.7 8488.7 0.2 3 0 9.7 9.9 5.0 0.0 0 1 2 2 2
-5261.8 7898.7 7.0 227 0 11.3 17.0 7.5 2.5 2 1 3 5 5
-5006.3 8486.3 -0.4 151 0 11.0 8.6 7.5 2.5 2 0 3 3 3
-5136.0 8219.8 -0.7 49 0 6.8 14.3 7.5 2.5 2 1 3 3 3
-5282.5 7986.6 0.5 221 0 6.4 15.4 2.5 2.5 2 1 1 1 1
-5138.2 8244.3 -1.5 49 0 17.8 5.9 5.0 2.5 2 0 2 3 3
-5290.3 8072.5 -3.2 45 0 10.3 15.4 5.0 2.5 2 1 2 1 1
-4998.0 8471.7 -1.7 153 0 14.9 8.4 2.5 2.5 2 0 1 4 4
-5173.1 8203.3 -0.2 47 0 10.6 10.9 5.0 2.5 2 1 2 1 1
-4983.1 8437.4 -4.4 327 0 12.1 42.6 7.5 0.0 0 1 3 2 2
-5188.4 7588.7 14.9 207 0 14.1 13.6 10.0 2.5 2 0 4 5 5
-5207.1 7613.2 15.4 28 0 9.3 18.5 5.0 2.5 2 0 2 5 5
-5117.0 7667.6 14.1 298 0 14.3 11.5 5.0 2.5 2 0 2 1 1
-6767.6 6059.6 3.4 154 0 7.8 9.5 7.5 2.5 2 1 3 3 3
-6796.4 6124.0 2.1 154 0 12.7 8.7 5.0 2.5 2 0 2 1 1
-6848.1 6050.2 -2.0 68 0 11.5 17.4 2.5 2.5 2 1 1 3 3
-5568.5 8022.9 -0.6 73 0 13.4 11.8 5.0 2.5 2 0 2 1 1
-6742.8 6071.8 4.1 334 0 7.3 6.8 7.5 2.5 2 0 3 0 0
-6739.6 6065.5 4.3 334 0 6.9 6.8 5.0 2.5 2 0 2 2 2
-6740.6 6051.2 3.8 347 0 8.6 20.6 7.5 0.0 0 1 3 2 2
-6752.1 5751.9 0.5 23 0 8.9 19.1 7.5 2.5 2 1 3 1 1
-6745.2 5767.7 1.0 19 0 17.3 5.0 2.5 2.5 2 0 1 4 4
-6746.1 6078.5 3.9 334 0 7.7 6.8 7.5 2.5 2 0 3 3 3
-4118.9 872.9 1.7 72 0 13.6 9.1 7.5 2.5 2 0 3 1 1
-4151.5 887.7 1.0 249 0 7.0 16.1 7.5 2.5 2 1 3 2 2
-4134.6 895.0 0.2 157 0 5.7 14.5 2.5 2.5 4 1 1 4 4
-6690.7 3390.4 -7.5 286 0 19.3 9.2 2.5 2.5 4 0 1 5 5
-6693.7 3352.7 -9.7 64 0 14.9 8.1 5.0 2.5 2 0 2 5 5
4200.1 3223.0 -13.8 177 0 8.3 15.1 2.5 2.5 2 1 1 3 3
4160.1 3201.6 -15.7 231 0 12.0 18.0 5.0 2.5 2 1 2 0 0
4208.7 3141.4 -18.4 318 0 12.8 17.9 5.0 2.5 2 1 2 0 0
4229.1 3117.3 -19.5 319 0 14.3 18.0 5.0 2.5 2 1 2 3 3
4249.7 3092.9 -20.5 319 0 9.9 15.5 5.0 2.5 2 1 2 1 1
4289.2 3041.9 -22.4 29 0 17.4 9.4 2.5 2.5 2 0 1 2 2
4271.2 3015.2 -22.1 32 0 15.0 6.4 5.0 2.5 4 0 2 5 5
4086.2 3355.9 -17.0 267 0 10.9 42.4 7.5 2.5 2 1 3 3 3
4206.0 3388.2 -15.3 356 0 15.3 86.5 12.5 2.5 2 0 5 5 5
4132.7 3335.9 -15.8 87 0 9.0 28.5 7.5 2.5 2 1 3 1 1
4203.7 3335.5 -13.9 176 0 10.0 17.4 5.0 2.5 2 1 2 5 5
4216.4 3373.4 -12.7 355 0 18.9 8.7 5.0 2.5 2 0 2 3 3
4212.0 3288.0 -14.7 176 0 57.8 11.4 10.0 2.5 2 0 4 5 5
4173.6 3232.2 -12.9 356 0 10.6 28.7 10.0 2.5 2 0 4 3 3
4106.9 3191.0 -14.7 86 0 36.2 19.4 12.5 0.0 0 0 5 5 5
4041.7 3267.5 -14.6 176 0 11.8 36.1 2.5 2.5 2 1 1 4 4
4022.1 3261.5 -13.6 176 0 9.0 19.4 2.5 2.5 2 0 1 2 2
4028.1 3346.1 -13.7 32 0 22.0 11.4 5.0 2.5 2 0 2 0 0
4059.2 3393.0 -14.9 32 0 10.3 12.6 2.5 2.5 2 1 1 0 0
4341.4 3151.9 -19.8 47 0 10.7 11.0 2.5 2.5 2 1 1 4 4
4294.2 3074.8 -22.0 137 0 10.9 10.7 2.5 2.5 2 0 1 0 0
4309.9 3096.2 -21.4 47 0 10.7 11.0 5.0 2.5 2 1 2 0 0
4320.7 3114.1 -21.1 47 0 10.7 11.0 2.5 2.5 2 1 1 2 2
4331.3 3133.3 -20.6 47 0 10.7 11.0 2.5 2.5 2 1 1 1 1
4213.3 3078.3 -20.4 142 0 14.1 13.9 7.5 2.5 2 0 3 3 3
4122.1 3023.8 -18.5 21 0 9.1 11.7 5.0 2.5 2 1 2 2 2
4248.6 3014.8 -21.5 32 0 4.9 5.6 5.0 2.5 2 1 2 4 4
3938.8 3094.7 -12.9 165 0 15.6 7.7 2.5 2.5 2 0 1 5 5
3952.0 3155.7 -12.1 212 0 16.3 9.6 5.0 2.5 2 0 2 4 4
3980.5 3161.7 -12.9 274 0 5.7 27.0 5.0 2.5 2 1 2 5 5
3945.2 3115.3 -12.7 178 0 6.6 11.8 5.0 2.5 2 1 2 5 5
3965.3 3095.0 -13.3 91 0 5.5 13.5 2.5 2.5 2 1 1 0 0
3979.0 3064.3 -14.8 210 0 6.0 20.6 5.0 2.5 2 1 2 0 0
3983.9 3033.3 -15.1 127 0 16.0 9.4 5.0 2.5 2 0 2 2 2
4007.6 3022.8 -15.8 94 0 14.5 8.6 5.0 2.5 4 0 2 4 4
4004.5 3031.7 -15.5 94 0 7.1 17.0 5.0 2.5 2 0 2 4 4
4005.7 3048.6 -15.6 94 0 16.7 7.5 5.0 2.5 2 0 2 3 3
4120.1 3043.8 -18.1 26 0 5.1 7.9 2.5 2.5 2 1 1 2 2
4086.1 3047.0 -17.3 97 0 11.4 5.1 5.0 2.5 2 0 2 3 3
4127.6 2991.3 -18.8 27 0 10.2 24.2 5.0 2.5 2 1 2 5 5
4148.3 2977.2 -18.9 340 0 6.2 7.1 7.5 2.5 2 1 3 2 2
6031.2 1945.4 -13.4 216 0 12.4 16.5 5.0 2.5 2 1 2 1 1
6150.5 1339.9 -18.0 214 0 25.1 14.8 7.5 2.5 2 0 3 4 4
-6464.8 -4899.2 -6.5 353 0 6.6 4.4 2.5 2.5 2 0 1 0 0
-6468.8 -4908.6 -7.6 255 0 15.5 7.6 7.5 2.5 2 0 3 4 4
-6475.9 -4903.8 -6.1 83 0 9.0 6.6 7.5 2.5 2 0 3 1 1
-6480.6 -4941.4 -8.4 235 0 4.2 5.7 5.0 0.0 0 1 2 2 2
-6484.0 -4954.6 -8.8 239 0 6.5 6.2 5.0 0.0 0 0 2 1 1
-6315.6 -4980.7 -13.1 179 0 5.7 9.0 7.5 0.0 0 1 3 4 4
-6322.6 -5061.5 -11.5 92 0 21.2 8.9 7.5 2.5 2 0 3 3 3
-6393.5 -4861.0 -8.5 268 0 11.1 7.5 7.5 2.5 2 0 3 2 2
-6430.4 -4867.6 -6.8 178 0 11.1 6.9 5.0 2.5 2 0 2 3 3
-6276.4 -5118.6 -11.4 179 0 5.9 10.2 5.0 2.5 2 1 2 1 1
-6266.8 -4997.4 -12.5 187 0 25.2 12.7 12.5 2.5 2 0 5 0 0
-6263.5 -4960.5 -12.7 4 0 14.3 8.6 5.0 2.5 2 0 2 2 2
-6404.8 -4892.4 -9.5 83 0 13.0 9.6 5.0 2.5 4 0 2 5 5
-6287.4 -4874.0 -10.5 317 0 12.8 8.9 5.0 2.5 2 0 2 4 4
-6276.2 -4963.2 -13.0 1 0 8.3 13.0 5.0 2.5 2 1 2 3 3
-6333.2 -5094.3 -10.7 272 0 6.7 3.7 7.5 2.5 2 0 3 1 1
-6284.7 -4890.0 -11.1 344 0 7.4 15.4 5.0 2.5 2 0 2 2 2
-6342.2 -5100.6 -10.7 2 0 7.0 9.9 2.5 2.5 2 1 1 0 0
-6296.6 -5089.5 -11.9 270 0 10.2 21.3 5.0 0.0 0 1 2 2 2
-6265.2 -5033.9 -12.5 186 0 15.4 6.4 7.5 2.5 4 0 3 0 0
-6328.0 -5077.4 -10.5 5 0 12.7 21.3 7.5 2.5 2 1 3 1 1
-6192.3 -5049.7 -12.4 282 0 17.2 33.6 10.0 2.5 2 1 4 3 3
-6308.2 -4954.5 -13.0 182 0 23.1 10.0 7.5 2.5 2 0 3 2 2
-6256.1 -5400.7 -4.3 35 0 35.0 8.3 7.5 2.5 2 0 3 5 5
-6364.4 -4868.4 -9.3 264 0 7.6 3.9 2.5 2.5 2 0 1 2 2
-6324.1 -5099.9 -11.3 179 0 3.5 12.9 7.5 2.5 2 1 3 3 3
-6274.1 -4941.1 -12.5 2 0 4.1 10.1 5.0 2.5 2 1 2 2 2
-6344.9 -4862.0 -9.4 269 0 13.2 5.3 7.5 2.5 2 0 3 2 2
-6413.3 -4862.2 -7.5 268 0 13.0 7.4 5.0 2.5 4 0 2 4 4
-6368.8 -4861.1 -9.0 264 0 15.0 7.7 5.0 2.5 2 0 2 2 2
-6334.7 -5097.9 -10.9 272 0 9.4 5.6 7.5 2.5 2 0 3 4 4
-6408.5 -4869.5 -7.8 268 0 3.7 4.6 5.0 2.5 4 0 2 2 2
-6291.6 -4983.1 -12.9 2 0 14.8 11.2 2.5 2.5 2 0 1 3 3
-6269.7 -4917.5 -12.0 344 0 5.7 20.2 2.5 2.5 2 1 1 1 1
4267.8 2855.0 -22.0 277 0 4.2 18.3 2.5 2.5 2 1 1 2 2
4261.5 2834.7 -22.1 190 0 5.9 6.1 2.5 2.5 2 1 1 5 5
4277.2 2809.1 -22.4 87 0 4.8 14.1 2.5 0.0 0 1 1 3 3
4371.0 2811.9 -22.9 288 0 13.0 7.1 2.5 2.5 2 0 1 1 1
4327.4 2798.9 -22.9 101 0 11.9 8.8 2.5 2.5 2 0 1 4 4
4331.7 2825.0 -22.7 287 0 11.4 6.0 2.5 0.0 0 0 1 5 5
4372.6 2830.6 -22.7 16 0 7.9 11.4 2.5 2.5 2 1 1 5 5
4349.3 2835.4 -22.6 107 0 13.9 9.1 5.0 2.5 2 0 2 3 3
4341.3 2843.3 -22.5 107 0 6.1 7.2 7.5 2.5 2 0 3 0 0
4440.4 2789.8 -23.0 287 0 13.8 7.2 2.5 2.5 2 0 1 1 1
4473.7 2777.9 -23.1 283 0 8.0 6.6 2.5 0.0 0 0 1 1 1
4489.4 2743.8 -22.8 8 0 12.2 10.0 2.5 2.5 2 0 1 0 0
4494.7 2756.4 -23.0 7 0 10.5 34.1 5.0 2.5 2 0 2 1 1
4496.6 2770.8 -23.1 8 0 6.7 10.1 5.0 2.5 2 0 2 1 1
4505.3 2784.4 -23.2 109 0 12.2 8.4 5.0 2.5 2 0 2 0 0
4508.2 2803.8 -23.4 107 0 10.5 6.2 5.0 2.5 2 0 2 3 3
4494.5 2827.1 -23.4 195 0 10.0 14.8 7.5 2.5 2 1 3 2 2
4484.0 2806.1 -23.4 108 0 11.9 10.1 2.5 2.5 2 0 1 1 1
4479.6 2792.7 -23.2 111 0 7.1 14.1 2.5 2.5 2 0 1 5 5
4465.0 2797.6 -23.2 108 0 13.4 8.9 2.5 2.5 2 0 1 3 3
4479.9 2817.5 -23.2 196 0 9.7 4.2 2.5 2.5 2 0 1 3 3
4442.3 2806.3 -23.0 109 0 12.2 8.4 2.5 2.5 2 0 1 0 0
4663.3 2057.7 -17.3 305 0 6.1 12.1 7.5 2.5 4 1 3 3 3
4524.3 2787.1 -23.3 99 0 7.0 17.0 5.0 2.5 2 1 2 0 0
4524.8 2777.6 -23.1 179 0 5.5 11.9 7.5 2.5 2 1 3 3 3
4506.3 2748.9 -22.7 186 0 14.2 9.2 2.5 2.5 2 0 1 2 2
4510.3 2767.8 -23.1 190 0 13.2 7.4 5.0 2.5 2 0 2 5 5
4534.8 2760.9 -22.8 7 0 5.2 14.5 7.5 2.5 2 1 3 4 4
4537.1 2752.2 -22.5 7 0 9.7 5.9 5.0 2.5 2 0 2 3 3
4506.6 2727.3 -22.2 185 0 13.1 8.8 2.5 2.5 2 0 1 3 3
4538.0 2699.6 -21.5 98 0 12.8 9.9 5.0 0.0 0 0 2 3 3
4551.6 2725.7 -21.6 278 0 5.8 15.0 2.5 2.5 2 1 1 0 0
4581.5 2724.2 -21.4 287 0 16.6 35.4 10.0 2.5 2 1 4 5 5
4558.7 2682.0 -20.8 196 0 21.4 8.9 2.5 2.5 2 0 1 1 1
4524.2 2700.1 -21.6 100 0 12.3 10.1 5.0 2.5 2 0 2 0 0
4504.7 2710.8 -21.9 182 0 12.3 8.8 5.0 2.5 2 0 2 2 2
4493.0 2678.7 -21.3 191 0 9.5 17.2 5.0 2.5 2 1 2 0 0
4519.3 2678.3 -21.1 283 0 13.9 10.6 5.0 2.5 2 0 2 1 1
4532.7 2675.3 -20.9 282 0 13.6 23.4 5.0 2.5 4 0 2 2 2
4488.7 2648.6 -21.0 189 0 13.3 7.5 2.5 2.5 2 0 1 1 1
4502.5 2646.5 -20.8 197 0 13.0 4.6 2.5 2.5 4 0 1 1 1
4525.0 2649.3 -20.6 279 0 8.0 15.4 2.5 2.5 2 1 1 5 5
4531.4 2528.9 -20.7 122 0 15.3 12.1 2.5 2.5 2 0 1 4 4
4407.4 2434.9 -23.0 227 0 7.3 14.2 5.0 2.5 2 1 2 2 2
4481.4 2571.1 -20.8 342 0 16.2 8.9 2.5 2.5 2 0 1 4 4
4474.0 2552.7 -21.5 340 0 4.7 10.2 2.5 2.5 2 1 1 5 5
4450.0 2564.1 -21.7 163 0 12.6 8.4 2.5 2.5 2 0 1 4 4
4477.3 2583.7 -20.6 342 0 10.3 8.9 5.0 2.5 4 0 2 1 1
4466.4 2577.6 -21.3 343 0 4.7 12.7 2.5 0.0 0 1 1 4 4
4438.6 2585.5 -21.7 176 0 10.5 7.4 2.5 2.5 2 0 1 0 0
4471.2 2744.7 -22.9 1 0 9.8 6.1 2.5 2.5 2 0 1 4 4
4439.5 2712.0 -22.6 194 0 14.3 9.2 2.5 0.0 0 0 1 4 4
4488.8 2725.9 -22.4 8 0 12.7 7.6 2.5 2.5 2 0 1 1 1
4482.3 2686.9 -21.7 8 0 11.6 7.4 2.5 2.5 4 0 1 3 3
4470.3 2685.3 -22.0 6 0 5.2 19.3 2.5 2.5 2 1 1 0 0
4480.7 2670.2 -21.5 10 0 12.3 8.6 5.0 0.0 0 0 2 1 1
4467.7 2668.8 -21.6 1 0 4.4 12.4 2.5 0.0 0 1 1 3 3
4455.0 2662.1 -21.6 14 0 10.6 5.3 2.5 2.5 2 0 1 5 5
4462.3 2638.5 -21.3 14 0 6.7 14.3 7.5 0.0 0 0 3 0 0
4452.0 2649.6 -21.5 15 0 9.5 5.2 5.0 0.0 0 0 2 2 2
4477.6 2655.6 -21.3 10 0 10.7 7.2 2.5 0.0 0 0 1 0 0
4475.9 2638.8 -21.2 9 0 13.5 7.2 2.5 0.0 0 0 1 2 2
4473.3 2612.7 -20.8 0 0 11.7 8.1 2.5 2.5 4 0 1 5 5
4474.5 2598.0 -20.7 358 0 11.7 9.5 2.5 0.0 0 0 1 5 5
4581.3 2399.8 -23.3 322 0 13.0 7.2 2.5 2.5 2 0 1 0 0
4564.8 2406.9 -23.3 146 0 4.0 7.1 7.5 0.0 0 1 3 3 3
4595.1 2383.5 -23.2 319 0 19.0 10.6 5.0 2.5 2 0 2 2 2
4590.5 2351.6 -23.2 140 0 5.9 24.1 2.5 2.5 2 1 1 4 4
4598.1 2302.0 -23.5 177 0 21.8 8.5 7.5 0.0 0 0 3 0 0
4676.7 2317.1 -22.9 304 0 11.5 7.8 2.5 0.0 0 0 1 2 2
4677.3 2288.5 -23.0 42 0 12.4 7.3 2.5 2.5 2 0 1 1 1
4665.2 2294.8 -23.1 35 0 17.9 9.0 2.5 2.5 2 0 1 0 0
4659.7 2329.0 -22.9 306 0 12.3 8.5 2.5 2.5 2 0 1 0 0
4654.2 2314.3 -23.0 302 0 8.8 4.6 2.5 2.5 2 0 1 3 3
4652.9 2210.9 -22.7 301 0 8.7 17.2 2.5 2.5 2 1 1 5 5
4620.5 2162.1 -22.0 117 0 31.2 13.2 12.5 2.5 2 0 5 5 5
4622.7 2244.3 -23.3 302 0 31.4 12.1 10.0 2.5 2 0 4 3 3
4577.2 2204.9 -22.9 213 0 43.9 8.8 7.5 2.5 4 0 3 3 3
4594.4 2160.0 -21.6 160 0 8.0 6.6 2.5 2.5 2 0 1 5 5
4608.4 2213.4 -22.8 207 0 6.5 5.0 5.0 2.5 2 0 2 2 2
4741.4 2316.3 -22.2 222 0 5.3 9.3 7.5 2.5 2 1 3 4 4
4720.2 2304.8 -22.8 148 0 5.1 7.4 5.0 2.5 2 1 2 5 5
4752.6 2250.4 -22.5 310 0 15.5 9.0 2.5 0.0 0 0 1 0 0
4771.7 2233.6 -21.9 310 0 11.9 9.5 2.5 2.5 2 0 1 2 2
4773.6 2220.1 -22.0 306 0 4.2 12.7 2.5 2.5 2 1 1 0 0
4734.7 2242.5 -23.0 305 0 8.4 6.1 5.0 2.5 2 0 2 5 5
4887.3 2301.2 -18.5 303 0 21.2 34.6 2.5 0.0 0 1 1 4 4
4919.8 2278.6 -17.1 302 0 12.7 20.4 2.5 2.5 2 1 1 3 3
4856.6 2226.2 -19.0 125 0 14.4 9.6 5.0 2.5 4 0 2 2 2
4876.4 2198.0 -18.6 125 0 4.9 10.8 2.5 0.0 0 1 1 5 5
4886.4 2182.6 -18.5 123 0 11.7 7.2 2.5 2.5 2 0 1 5 5
4898.6 2190.2 -18.0 116 0 4.4 16.2 5.0 2.5 2 1 2 4 4
4902.1 2188.2 -17.9 121 0 3.8 23.4 2.5 2.5 2 1 1 1 1
4910.7 2170.6 -17.8 123 0 6.7 14.3 2.5 2.5 2 1 1 1 1
4915.6 2190.1 -17.5 123 0 8.1 7.5 5.0 0.0 0 0 2 0 0
4932.5 2150.4 -17.3 124 0 11.2 10.5 7.5 2.5 2 0 3 5 5
4951.2 2158.5 -16.6 119 0 6.5 6.4 2.5 2.5 2 0 1 2 2
5148.5 2038.5 -11.5 33 0 10.0 7.3 2.5 2.5 2 0 1 2 2
5080.8 2048.4 -13.3 126 0 13.6 9.9 2.5 2.5 2 0 1 0 0
5058.3 2051.2 -14.0 123 0 10.3 16.0 2.5 2.5 2 1 1 5 5
5077.2 2099.9 -13.5 303 0 8.9 17.1 2.5 2.5 2 1 1 0 0
5086.4 2119.0 -13.1 301 0 5.6 18.1 7.5 2.5 2 1 3 4 4
5092.7 2124.7 -12.7 31 0 10.5 7.2 7.5 2.5 2 0 3 4 4
5030.0 2080.4 -14.7 126 0 11.4 9.5 5.0 2.5 2 0 2 3 3
5052.6 2100.5 -13.9 121 0 4.8 14.6 5.0 2.5 2 1 2 0 0
5013.8 2089.7 -15.1 124 0 8.4 12.0 5.0 2.5 2 0 2 3 3
4973.1 2123.5 -16.2 130 0 11.9 8.6 5.0 2.5 2 0 2 2 2
4995.7 2126.9 -15.5 123 0 6.1 9.9 5.0 2.5 2 1 2 1 1
4820.1 2331.5 -19.7 266 0 9.9 7.4 2.5 2.5 2 0 1 1 1
4842.2 2311.4 -19.2 307 0 4.2 12.9 2.5 0.0 0 1 1 3 3
4794.5 2353.5 -20.4 109 0 14.4 9.8 5.0 2.5 2 0 2 0 0
4786.4 2250.2 -21.1 130 0 12.4 8.1 2.5 2.5 2 0 1 0 0
4801.1 2271.9 -20.6 128 0 15.8 5.3 2.5 2.5 2 0 1 1 1
4797.4 2253.8 -20.7 131 0 6.4 10.2 2.5 2.5 2 1 1 1 1
4771.4 2199.5 -22.1 302 0 12.8 5.9 5.0 2.5 2 0 2 3 3
4808.8 2205.8 -21.0 306 0 8.6 12.1 2.5 2.5 4 1 1 3 3
4809.7 2192.8 -21.0 306 0 5.3 8.3 2.5 2.5 2 1 1 2 2
4835.8 2154.7 -20.4 301 0 13.9 6.2 2.5 2.5 2 0 1 5 5
4836.0 2104.4 -19.7 303 0 12.2 19.9 2.5 2.5 2 1 1 5 5
4776.3 1964.7 -14.5 121 0 4.3 17.1 7.5 2.5 2 1 3 1 1
5031.5 2039.3 -15.1 307 0 9.7 7.3 2.5 2.5 2 0 1 0 0
4997.1 2006.0 -16.0 121 0 4.5 10.4 2.5 0.0 0 1 1 2 2
4985.2 2077.5 -16.2 304 0 7.1 5.8 2.5 2.5 2 0 1 3 3
4965.1 2087.1 -16.8 304 0 9.2 6.6 2.5 2.5 2 0 1 3 3
4960.6 2072.4 -17.1 304 0 5.5 9.7 2.5 2.5 2 1 1 5 5
4949.7 2085.1 -17.3 305 0 6.3 9.7 7.5 2.5 2 1 3 2 2
4927.2 2116.9 -17.9 309 0 7.8 12.0 5.0 2.5 2 1 2 5 5
4903.3 2121.3 -18.6 301 0 10.8 12.0 5.0 2.5 2 1 2 4 4
4868.6 2165.2 -19.4 305 0 12.3 10.3 2.5 2.5 2 0 1 1 1
4859.8 2149.1 -19.7 304 0 8.3 6.1 7.5 0.0 0 0 3 2 2
4729.2 2204.8 -22.5 302 0 12.5 7.1 7.5 2.5 2 0 3 5 5
4754.1 2235.2 -22.5 306 0 4.1 13.7 7.5 2.5 4 1 3 0 0
5461.5 1814.2 -10.7 213 0 48.9 11.9 7.5 2.5 2 0 3 2 2
5933.8 2281.8 -11.1 296 0 40.5 13.4 7.5 2.5 2 0 3 4 4
5922.7 2301.2 -12.5 115 0 9.3 26.2 5.0 2.5 2 1 2 1 1
5727.9 2362.2 -13.9 113 0 18.9 19.8 10.0 2.5 2 1 4 3 3
5433.8 1833.8 -11.1 213 0 49.3 11.7 10.0 2.5 4 0 4 3 3
4906.3 2411.1 -16.3 36 0 8.3 22.6 2.5 2.5 2 1 1 3 3
4826.0 2470.2 -20.5 217 0 9.1 7.8 2.5 0.0 0 0 1 3 3
4794.4 2424.9 -19.7 218 0 9.8 7.2 2.5 0.0 0 0 1 2 2
4813.7 2427.3 -18.9 208 0 5.2 11.1 2.5 2.5 2 1 1 4 4
4814.8 2414.0 -19.1 207 0 11.1 5.1 2.5 2.5 2 0 1 4 4
4793.1 2391.9 -20.1 217 0 4.8 12.5 4.0 2.5 2 1 1 3 3
4816.0 2490.4 -22.0 36 0 11.2 13.2 5.0 2.5 4 1 2 0 0
4801.3 2477.9 -21.8 35 0 9.6 7.7 2.5 2.5 2 0 1 3 3
4796.8 2459.1 -21.4 38 0 12.6 7.8 2.5 2.5 4 0 1 2 2
4776.2 2459.8 -22.1 34 0 12.9 9.2 2.5 2.5 2 0 1 4 4
4735.2 2410.3 -22.1 36 0 15.4 7.0 2.5 0.0 0 0 1 1 1
4723.8 2390.7 -22.5 36 0 10.1 10.8 5.0 2.5 4 0 2 3 3
4715.1 2397.1 -22.5 36 0 12.7 15.4 2.5 2.5 2 0 1 5 5
4688.2 2359.3 -22.5 135 0 6.6 7.5 7.5 2.5 2 1 3 3 3
4676.0 2358.8 -22.5 143 0 4.3 13.6 2.5 2.5 2 1 1 0 0
4664.3 2369.3 -22.6 141 0 8.4 5.7 2.5 2.5 2 0 1 0 0
4653.6 2366.5 -22.7 131 0 14.8 7.1 2.5 2.5 2 0 1 4 4
4630.8 2385.8 -22.8 131 0 14.7 9.2 2.5 2.5 2 0 1 2 2
4639.8 2392.3 -22.7 130 0 12.6 5.5 5.0 2.5 2 0 2 3 3
4615.4 2398.6 -22.9 129 0 11.9 7.9 2.5 2.5 2 0 1 5 5
4631.3 2403.7 -22.7 142 0 6.4 6.5 2.5 2.5 2 1 1 1 1
4656.6 2388.2 -22.5 128 0 4.1 11.4 2.5 2.5 2 1 1 5 5
4639.4 2426.3 -22.7 332 0 5.4 20.9 7.5 2.5 2 1 3 5 5
4604.0 2411.0 -22.9 129 0 13.1 7.4 2.5 2.5 2 0 1 5 5
4585.2 2432.5 -22.8 155 0 9.9 6.2 5.0 2.5 2 0 2 1 1
4613.1 2437.8 -22.7 335 0 14.1 6.8 5.0 2.5 2 0 2 3 3
4607.6 2452.3 -22.5 231 0 5.1 8.1 2.5 2.5 4 1 1 4 4
4592.0 2433.5 -22.8 152 0 3.2 7.5 2.5 2.5 2 1 1 5 5
4560.1 2442.5 -22.5 150 0 6.1 8.8 2.5 2.5 2 1 1 5 5
4564.6 2487.5 -21.3 48 0 9.0 7.0 2.5 2.5 2 0 1 4 4
4604.3 2501.1 -21.4 328 0 8.0 7.9 7.5 2.5 2 0 3 0 0
4596.6 2477.4 -21.7 66 0 14.8 5.0 2.5 2.5 2 0 1 2 2
4564.6 2384.4 -23.5 335 0 7.7 7.4 2.5 2.5 2 0 1 3 3
4575.9 2340.7 -23.5 348 0 14.7 7.1 2.5 2.5 2 0 1 3 3
4563.7 2337.9 -23.6 351 0 13.9 4.8 2.5 2.5 2 0 1 0 0
4551.3 2342.6 -23.7 18 0 8.1 6.6 2.5 2.5 2 0 1 3 3
4556.1 2349.0 -23.7 12 0 6.5 13.3 2.5 2.5 2 0 1 2 2
4582.7 2312.4 -23.6 357 0 13.0 9.2 2.5 2.5 4 0 1 1 1
4566.1 2314.3 -23.7 352 0 8.1 4.9 2.5 2.5 2 0 1 1 1
4582.9 2282.6 -23.7 11 0 9.5 8.9 2.5 2.5 2 0 1 5 5
4527.2 2212.5 -22.9 121 0 5.6 11.9 2.5 2.5 2 1 1 2 2
4545.4 2205.2 -22.7 34 0 12.2 8.2 2.5 2.5 2 0 1 1 1
4534.5 2178.6 -22.2 24 0 15.2 7.7 2.5 2.5 2 0 1 4 4
4528.2 2164.9 -21.9 24 0 15.1 7.7 2.5 2.5 2 0 1 3 3
4507.1 2165.3 -21.9 202 0 5.9 7.4 7.5 2.5 4 1 3 2 2
4518.1 2202.4 -22.7 203 0 5.3 13.7 2.5 2.5 2 1 1 4 4
4507.7 2121.4 -21.1 29 0 17.4 9.9 2.5 2.5 2 0 1 0 0
4007.1 2855.6 -16.8 205 0 6.6 41.7 2.5 2.5 2 1 1 4 4
3989.0 2845.9 -15.1 210 0 15.5 10.9 2.5 2.5 2 0 1 0 0
4054.7 2982.9 -17.2 28 0 11.6 8.2 2.5 2.5 2 0 1 0 0
4046.2 2984.1 -17.0 26 0 6.1 19.0 2.5 2.5 2 0 1 4 4
4034.2 3003.5 -17.1 201 0 3.9 13.5 2.5 2.5 4 1 1 0 0
4011.6 2994.3 -16.7 205 0 5.8 16.6 2.5 2.5 2 1 1 4 4
4014.1 2982.2 -16.3 303 0 8.7 8.5 2.5 2.5 2 0 1 3 3
4023.4 2937.2 -15.6 34 0 14.4 9.5 2.5 2.5 2 0 1 3 3
4011.0 2918.1 -14.9 33 0 15.3 10.1 2.5 2.5 4 0 1 0 0
3985.6 2928.8 -14.6 211 0 6.1 11.8 2.5 2.5 2 1 1 3 3
4016.4 2954.2 -15.7 35 0 3.2 12.8 2.5 2.5 2 1 1 5 5
3963.9 2922.4 -14.1 9 0 11.5 14.5 2.5 2.5 2 1 1 5 5
3905.3 3017.5 -14.6 194 0 8.7 9.4 2.5 0.0 0 1 1 4 4
3900.1 2997.2 -14.3 198 0 4.8 8.7 2.5 0.0 0 1 1 2 2
3946.9 2994.1 -14.7 28 0 10.4 17.9 2.5 2.5 2 1 1 2 2
3928.2 2959.2 -14.4 207 0 10.6 17.2 2.5 0.0 0 1 1 2 2
3937.1 3040.0 -14.0 301 0 7.3 10.3 2.5 2.5 2 1 1 4 4
3939.7 3046.0 -13.7 301 0 9.0 6.4 2.5 0.0 0 0 1 0 0
3900.8 3070.7 -14.6 298 0 9.7 7.6 5.0 2.5 2 0 2 4 4
3904.2 3050.1 -14.6 25 0 6.1 7.2 2.5 2.5 2 1 1 0 0
3869.7 3045.5 -14.2 108 0 11.1 8.8 2.5 2.5 2 0 1 0 0
3853.8 3049.7 -14.0 104 0 9.3 7.8 2.5 2.5 2 0 1 5 5
3863.6 3077.6 -14.2 302 0 6.6 8.6 2.5 0.0 0 1 1 5 5
3870.8 3058.2 -14.3 118 0 5.1 9.4 2.5 2.5 2 1 1 3 3
3851.4 3063.0 -13.9 20 0 4.9 13.7 2.5 2.5 2 1 1 1 1
3834.0 3048.1 -13.7 87 0 10.1 9.7 2.5 0.0 0 0 1 1 1
3857.7 3109.3 -14.3 309 0 7.6 6.6 2.5 2.5 2 0 1 3 3
3848.0 3094.0 -14.1 299 0 9.0 4.6 2.5 2.5 2 0 1 0 0
3810.9 3109.3 -14.2 306 0 9.8 9.5 2.5 2.5 2 0 1 0 0
3798.7 3100.9 -14.1 216 0 9.2 9.8 2.5 2.5 2 0 1 3 3
3793.0 3093.2 -14.0 216 0 9.6 9.8 2.5 2.5 2 0 1 5 5
3787.1 3085.1 -13.9 216 0 10.1 9.8 2.5 2.5 2 0 1 2 2
3781.0 3076.8 -13.4 216 0 10.3 9.8 2.5 2.5 2 0 1 2 2
3775.6 3069.5 -13.0 216 0 8.0 9.8 2.5 2.5 2 0 1 4 4
3761.7 3035.3 -12.9 202 0 9.4 9.7 2.5 2.5 4 1 1 5 5
3760.7 3010.6 -12.7 129 0 7.0 16.3 7.5 2.5 2 1 3 3 3
3741.3 3039.8 -12.8 199 0 8.3 6.6 7.5 2.5 2 0 3 5 5
3750.4 3041.9 -12.8 193 0 5.0 9.3 7.5 2.5 2 1 3 3 3
3785.6 2994.6 -12.0 178 0 9.3 44.8 2.5 2.5 2 1 1 4 4
3942.2 2800.3 -14.1 38 0 7.1 19.3 2.5 2.5 2 1 1 2 2
3947.3 2808.4 -14.0 34 0 7.8 7.2 2.5 2.5 2 0 1 2 2
3953.3 2786.2 -15.3 210 0 12.1 11.3 2.5 2.5 2 0 1 1 1
3964.7 2774.3 -15.9 208 0 4.2 9.8 2.5 2.5 2 1 1 1 1
3999.1 2733.8 -17.6 30 0 11.7 11.1 2.5 2.5 2 0 1 1 1
3972.6 2819.3 -15.2 210 0 15.5 10.9 2.5 2.5 2 0 1 0 0
3982.0 2808.7 -16.2 209 0 6.6 21.3 2.5 2.5 2 1 1 5 5
3984.4 2790.9 -16.1 208 0 18.8 6.3 2.5 2.5 2 0 1 4 4
3972.9 2790.8 -15.7 214 0 5.1 7.8 7.5 0.0 0 1 3 2 2
4024.3 2803.3 -16.9 29 0 16.9 10.8 2.5 2.5 2 0 1 5 5
3998.1 2833.3 -16.3 208 0 8.0 25.2 2.5 2.5 2 0 1 0 0
4032.5 2814.1 -16.9 28 0 8.5 12.3 2.5 2.5 2 1 1 3 3
3995.7 2826.2 -16.2 207 0 6.6 20.2 2.5 2.5 2 0 1 4 4
4013.7 2888.3 -15.6 210 0 9.8 15.2 2.5 2.5 2 0 1 0 0
4077.3 2900.7 -16.9 31 0 12.5 9.2 2.5 2.5 2 0 1 0 0
4084.3 2912.4 -16.9 31 0 14.6 9.3 2.5 2.5 4 0 1 3 3
4090.2 2925.8 -16.7 31 0 14.5 8.7 2.5 2.5 2 0 1 0 0
4096.5 2945.1 -17.1 298 0 8.3 12.6 2.5 2.5 4 0 1 0 0
4105.5 2956.0 -17.6 300 0 13.6 14.0 2.5 2.5 4 0 1 1 1
4093.0 3009.4 -18.2 297 0 12.6 21.4 5.0 2.5 2 1 2 5 5
4071.0 2983.6 -17.6 212 0 6.4 15.1 2.5 2.5 2 1 1 3 3
4096.2 2969.8 -17.7 300 0 10.6 6.3 7.5 2.5 2 0 3 3 3
4064.8 2973.1 -17.4 211 0 9.0 15.0 2.5 2.5 2 1 1 5 5
4058.6 2961.3 -16.9 211 0 9.0 15.0 2.5 2.5 2 0 1 3 3
4051.6 2949.4 -16.5 211 0 9.0 15.0 2.5 2.5 2 1 1 5 5
4044.5 2938.7 -16.1 211 0 9.0 15.0 2.5 2.5 2 1 1 5 5
4079.4 2958.3 -17.2 211 0 5.3 17.2 2.5 0.0 0 0 1 4 4
4113.2 2976.1 -18.2 29 0 6.8 9.8 3.5 2.5 2 1 1 5 5
-4841.5 8396.5 0.4 49 0 13.3 9.3 2.5 2.5 2 0 1 3 3
-5473.5 8001.4 -1.9 228 0 6.1 7.4 5.0 2.5 2 1 2 2 2
-5018.3 7616.7 12.6 295 0 8.1 11.1 2.5 2.5 2 1 1 4 4
3980.9 2831.7 -15.3 209 0 4.2 14.7 2.5 0.0 0 1 1 4 4
-4889.5 8326.5 -1.5 317 0 10.3 7.1 7.5 2.5 2 0 3 2 2
-6813.7 3289.9 -7.3 38 0 14.9 12.1 7.5 2.5 2 0 3 5 5
-6823.6 3341.2 -8.7 329 0 8.7 16.0 7.5 2.5 2 1 3 5 5
-6816.2 3532.3 -8.2 40 0 11.7 12.2 2.5 2.5 2 1 1 5 5
-6760.7 3561.6 -5.2 40 0 8.1 15.3 7.5 2.5 2 1 3 5 5
-6912.4 3638.5 -11.4 308 0 9.2 12.9 5.0 2.5 2 1 2 3 3
-6618.3 3588.6 5.1 208 0 13.7 14.0 7.5 2.5 2 1 3 2 2
-6852.7 3353.4 -8.7 234 0 12.8 6.4 2.5 2.5 2 0 1 0 0
-6627.6 3578.0 3.3 208 0 10.0 5.6 7.5 2.5 2 0 3 1 1
-6843.2 3541.9 -9.4 130 0 20.4 8.1 7.5 0.0 0 0 3 1 1
-6781.8 3581.8 -5.6 220 0 5.0 8.0 7.5 2.5 4 1 3 0 0
-4961.8 228.2 -13.9 242 0 8.3 11.7 7.5 0.0 0 1 3 1 1
-5004.8 146.6 -16.8 55 0 13.1 8.9 5.0 2.5 2 0 2 0 0
-5192.4 107.1 -13.0 47 0 7.8 6.8 5.0 2.5 2 0 2 0 0
-4987.6 164.9 -15.5 61 0 5.3 13.1 5.0 2.5 2 1 2 5 5
-4979.3 149.7 -16.3 60 0 8.3 13.4 2.5 2.5 2 1 1 1 1
-4890.0 383.5 -9.3 60 0 4.8 7.1 5.0 2.5 4 1 2 0 0
-4871.2 411.2 -9.5 240 0 5.1 7.1 5.0 2.5 2 1 2 1 1
6502.4 1966.8 -16.0 34 0 8.7 6.1 2.5 2.5 2 0 1 3 3
1258.4 5701.5 0.4 86 0 8.6 22.6 7.5 2.5 4 1 3 5 5
1334.1 5716.3 -3.7 161 0 10.0 21.4 7.5 2.5 4 1 3 1 1
1186.8 5719.1 3.6 173 0 9.4 23.4 5.0 2.5 2 1 2 5 5
1678.1 5579.1 -6.7 3 0 7.1 19.2 2.5 2.5 2 1 1 1 1
1632.3 5600.4 -6.6 5 0 37.9 10.6 10.0 0.0 0 0 4 3 3
3256.6 -2715.4 -1.4 153 0 18.7 116.4 2.5 0.0 0 0 1 5 5
3336.1 -2635.6 -0.8 242 0 17.5 11.9 7.5 2.5 2 0 3 4 4
3282.9 -2656.6 -0.8 242 0 24.4 12.6 2.5 2.5 2 0 1 1 1
3259.8 -2676.0 -0.7 243 0 11.7 12.2 2.5 2.5 2 1 1 0 0
3312.8 -2697.3 -1.5 241 0 16.8 20.1 2.5 0.0 0 0 1 2 2
3434.5 -2662.9 -2.3 64 0 48.5 9.1 7.5 2.5 2 0 3 3 3
3441.2 -2676.8 -2.6 63 0 49.3 7.7 7.5 2.5 4 0 3 1 1
3469.1 -2665.0 -2.6 63 0 10.9 27.4 10.0 2.5 4 0 4 3 3
3515.7 -2636.5 -2.6 335 0 7.0 49.0 7.5 2.5 2 0 3 3 3
3509.5 -2622.2 -2.4 334 0 8.3 49.9 7.5 2.5 2 0 3 0 0
3433.9 -2591.8 -1.7 243 0 10.6 31.8 10.0 2.5 2 0 4 0 0
3491.8 -2586.7 -1.6 333 0 9.1 49.1 2.5 2.5 2 0 1 1 1
3460.5 -2578.7 -1.2 244 0 48.7 8.1 7.5 0.0 0 0 3 1 1
3413.9 -2621.0 -1.5 242 0 51.1 7.8 7.5 2.5 2 0 3 5 5
3406.3 -2605.4 -1.2 244 0 50.9 7.9 2.5 2.5 2 0 1 5 5
3358.5 -2623.4 -0.8 241 0 4.6 4.5 7.5 2.5 2 0 3 3 3
3418.3 -2734.0 -2.7 337 0 25.1 7.3 7.5 2.5 2 0 3 3 3
6599.4 4147.1 -25.4 265 0 8.4 22.1 5.0 0.0 0 1 2 3 3
6319.9 4127.2 -22.8 150 0 17.3 8.8 2.5 2.5 2 0 1 0 0
6638.6 4176.0 -25.7 102 0 14.9 9.2 2.5 2.5 2 0 1 3 3
6640.9 4212.9 -25.7 282 0 18.0 13.1 5.0 0.0 0 0 2 4 4
6611.9 4177.1 -25.7 86 0 13.8 9.4 5.0 2.5 2 0 2 1 1
6566.0 4174.6 -25.6 84 0 14.1 9.4 5.0 2.5 2 0 2 1 1
6585.9 4184.6 -25.6 89 0 9.7 14.7 2.5 2.5 2 1 1 2 2
6568.7 4191.6 -25.6 83 0 6.5 13.7 5.0 2.5 2 1 2 4 4
6445.4 4092.8 -18.9 72 0 9.1 8.5 5.0 2.5 2 0 2 3 3
6350.3 4119.9 -21.9 68 0 10.4 10.6 7.5 2.5 4 1 3 0 0
6401.1 4127.0 -22.9 71 0 11.9 9.1 7.5 2.5 2 0 3 2 2
6412.7 4131.6 -23.4 71 0 8.2 8.8 7.5 2.5 2 1 3 0 0
6446.5 4143.1 -25.4 70 0 16.6 10.0 7.5 2.5 2 0 3 0 0
6447.2 4157.0 -25.5 67 0 6.5 18.0 7.5 2.5 2 1 3 5 5
6523.2 4153.4 -25.6 248 0 11.5 10.7 2.5 2.5 2 0 1 5 5
6598.5 4160.9 -25.6 267 0 7.9 6.0 2.5 2.5 2 0 1 3 3
6573.5 4151.9 -25.6 173 0 8.0 7.2 5.0 2.5 2 0 2 3 3
6577.4 4107.4 -20.9 171 0 5.8 10.2 5.0 2.5 4 1 2 3 3
6526.7 4097.3 -18.9 253 0 8.6 10.2 2.5 2.5 2 1 1 5 5
6540.8 4172.2 -25.6 75 0 12.4 9.1 2.5 2.5 4 0 1 4 4
6532.9 4187.2 -25.6 73 0 7.9 16.5 5.0 2.5 2 1 2 4 4
6587.8 4201.5 -25.7 90 0 5.6 9.3 7.5 2.5 4 1 3 5 5
6615.0 4186.7 -25.7 86 0 5.7 18.3 5.0 2.5 2 0 2 4 4
6623.8 4186.0 -25.7 98 0 6.4 12.4 5.0 2.5 2 1 2 2 2
6659.9 4171.9 -25.7 90 0 16.0 8.2 2.5 0.0 0 0 1 0 0
6665.9 4192.5 -25.7 91 0 9.9 4.7 2.5 2.5 2 0 1 3 3
6557.6 4108.7 -20.4 261 0 4.6 3.7 5.0 2.5 2 0 2 3 3
6434.7 4187.9 -25.5 245 0 8.8 3.4 2.5 2.5 2 0 1 3 3
4280.9 2953.0 -21.3 31 0 12.6 5.4 5.0 2.5 2 0 2 4 4
4293.8 2977.0 -21.9 32 0 10.5 5.9 2.5 2.5 4 0 1 4 4
4261.9 2970.4 -21.3 210 0 15.6 11.3 5.0 2.5 4 0 2 5 5
3537.1 -3237.2 -10.8 227 0 6.1 8.6 7.5 2.5 4 1 3 4 4
6239.6 1592.0 -16.4 34 0 7.4 3.5 5.0 0.0 0 0 2 5 5
6233.0 1589.8 -16.2 34 0 16.3 9.6 7.5 2.5 2 0 3 3 3
3840.7 -2952.8 -9.9 51 0 7.7 3.0 7.5 2.5 2 0 3 1 1
3833.5 -2941.3 -10.0 230 0 35.6 10.2 7.5 2.5 2 0 3 5 5
3038.5 -345.1 -17.6 354 0 17.7 8.9 5.0 2.5 2 0 2 0 0
3033.3 -308.8 -17.3 273 0 10.9 15.9 7.5 2.5 2 0 3 4 4
2993.6 -348.4 -17.5 180 0 8.8 28.6 5.0 2.5 4 1 2 0 0
3016.1 -277.6 -17.2 89 0 34.8 17.8 7.5 2.5 2 0 3 3 3
3035.7 -328.7 -17.4 3 0 7.7 19.4 7.5 2.5 2 0 3 4 4
2985.2 -331.5 -17.1 182 0 19.8 9.6 7.5 2.5 2 0 3 2 2
3012.7 -318.1 -17.1 271 0 4.4 4.8 5.0 2.5 2 0 2 4 4
3007.0 -317.9 -17.1 272 0 7.0 4.8 7.5 2.5 2 0 3 0 0
3041.0 -254.0 -16.9 356 0 7.3 9.7 5.0 2.5 2 0 2 2 2
3041.3 -261.6 -17.1 358 0 7.9 9.7 2.5 2.5 2 0 1 5 5
3034.0 -235.0 -16.4 360 0 7.8 11.7 7.5 2.5 2 1 3 3 3
3037.6 -206.7 -15.4 358 0 9.7 7.1 5.0 2.5 2 0 2 3 3
3013.9 -212.8 -15.6 177 0 9.9 5.7 5.0 2.5 2 0 2 0 0
2974.5 -241.5 -16.6 182 0 9.3 13.1 5.0 2.5 2 1 2 3 3
2969.7 -255.5 -16.9 180 0 14.0 6.2 2.5 2.5 4 0 1 4 4
3053.8 -221.3 -16.1 178 0 15.6 9.9 5.0 2.5 2 0 2 5 5
3095.5 -236.5 -17.0 86 0 14.5 17.7 7.5 2.5 2 1 3 2 2
3077.1 -197.1 -15.9 266 0 5.6 15.9 2.5 2.5 2 1 1 3 3
3090.4 -317.6 -17.7 86 0 7.6 14.9 5.0 2.5 2 1 2 5 5
3073.5 -290.0 -17.4 269 0 14.3 7.9 2.5 2.5 2 0 1 3 3
3058.2 -299.6 -17.3 178 0 13.1 7.2 5.0 2.5 2 0 2 0 0
3096.6 -364.5 -18.2 266 0 15.5 5.6 7.5 2.5 2 0 3 1 1
3121.9 -387.9 -18.1 263 0 12.8 21.0 10.0 2.5 2 0 4 2 2
3104.0 -382.2 -18.1 352 0 8.1 20.9 2.5 2.5 4 0 1 5 5
3101.6 -390.6 -18.0 352 0 7.9 17.4 2.5 2.5 2 0 1 1 1
3083.8 -410.1 -18.0 172 0 7.2 34.3 7.5 2.5 4 0 3 3 3
3073.9 -406.5 -17.9 173 0 17.0 9.3 5.0 2.5 4 0 2 2 2
3074.1 -372.1 -18.0 263 0 9.5 17.4 5.0 2.5 2 1 2 3 3
3117.4 -430.2 -17.9 84 0 12.5 8.4 7.5 2.5 2 0 3 1 1
3128.4 -428.1 -17.9 177 0 7.3 8.5 5.0 2.5 4 1 2 4 4
3117.4 -445.0 -17.8 262 0 10.5 7.1 7.5 2.5 4 0 3 1 1
3086.0 -462.1 -17.7 175 0 7.6 18.7 5.0 2.5 2 1 2 4 4
3108.7 -512.8 -17.4 353 0 8.7 11.1 2.5 2.5 2 1 1 5 5
3097.6 -541.8 -17.1 84 0 9.5 16.5 5.0 2.5 2 1 2 2 2
3115.4 -530.4 -17.3 355 0 10.1 4.5 2.5 2.5 2 0 1 4 4
3134.2 -628.0 -14.0 148 0 14.4 13.1 5.0 2.5 2 0 2 5 5
3155.0 -578.7 -15.5 265 0 8.7 22.2 2.5 2.5 2 1 1 5 5
3143.3 -650.2 -13.4 137 0 9.6 14.5 2.5 2.5 2 1 1 3 3
3321.7 -889.0 -11.0 328 0 8.5 8.3 5.0 2.5 2 0 2 1 1
3297.5 -851.2 -12.5 326 0 9.7 9.1 5.0 2.5 2 0 2 2 2
3274.1 -868.5 -12.9 150 0 10.2 5.3 5.0 2.5 2 0 2 5 5
3274.6 -860.2 -12.8 130 0 3.8 7.4 7.5 2.5 4 1 3 5 5
3267.2 -846.1 -12.8 51 0 8.9 12.3 5.0 2.5 2 1 2 3 3
3253.6 -861.1 -12.9 54 0 9.1 17.2 7.5 2.5 4 1 3 3 3
3245.1 -767.4 -12.5 326 0 14.8 10.6 5.0 2.5 2 0 2 5 5
3235.3 -752.7 -12.5 340 0 6.7 21.6 5.0 2.5 2 1 2 5 5
3177.6 -859.9 -12.0 177 0 7.3 8.3 5.0 2.5 2 1 2 5 5
3167.5 -850.1 -12.0 177 0 6.1 7.0 5.0 2.5 4 1 2 2 2
3173.5 -867.9 -11.7 47 0 4.6 11.2 5.0 2.5 2 1 2 3 3
3187.3 -974.9 -10.3 11 0 13.1 7.6 2.5 2.5 2 0 1 1 1
3154.0 -956.3 -10.1 181 0 5.8 7.2 7.5 0.0 0 1 3 4 4
3166.9 -972.1 -10.2 188 0 12.1 5.9 7.5 2.5 2 0 3 1 1
3197.0 -910.4 -11.1 276 0 7.3 11.2 5.0 2.5 2 0 2 2 2
3175.2 -913.8 -10.8 184 0 10.0 4.2 5.0 2.5 2 0 2 5 5
3101.2 -896.8 -10.0 14 0 18.4 6.7 5.0 2.5 2 0 2 5 5
3104.7 -914.9 -9.6 10 0 14.9 5.8 2.5 2.5 4 0 1 0 0
3085.6 -854.5 -10.6 184 0 5.8 9.9 7.5 2.5 2 1 3 5 5
3077.1 -874.9 -9.9 283 0 6.7 22.4 7.5 2.5 2 1 3 3 3
3051.2 -911.4 -9.2 187 0 33.8 10.2 7.5 2.5 2 0 3 1 1
2973.3 -971.0 -6.2 7 0 15.6 8.6 5.0 2.5 2 0 2 1 1
2932.7 -976.1 -5.6 184 0 8.7 14.2 7.5 2.5 2 1 3 1 1
3063.0 -502.0 -17.1 355 0 7.6 19.4 5.0 2.5 2 0 2 1 1
3071.2 -536.0 -16.7 354 0 15.0 6.3 2.5 2.5 2 0 1 4 4
3133.2 -705.4 -12.7 342 0 5.6 8.5 5.0 2.5 2 1 2 3 3
3133.7 -675.2 -13.2 54 0 7.6 12.9 5.0 2.5 2 1 2 0 0
3104.5 -670.5 -13.3 187 0 4.7 10.5 5.0 2.5 2 0 2 3 3
3078.9 -659.0 -13.8 149 0 6.6 23.3 5.0 2.5 2 1 2 3 3
3119.9 -650.5 -13.6 324 0 12.9 7.6 5.0 2.5 2 0 2 2 2
3108.2 -634.7 -14.1 324 0 12.9 7.6 5.0 2.5 4 0 2 1 1
3068.7 -639.0 -14.9 178 0 25.9 6.5 7.5 2.5 2 0 3 1 1
3091.3 -599.3 -15.9 336 0 22.9 9.0 2.5 0.0 0 0 1 4 4
3048.7 -577.8 -16.1 92 0 6.3 26.8 2.5 2.5 2 1 1 0 0
3080.1 -573.2 -16.1 353 0 8.0 11.1 2.5 2.5 2 1 1 0 0
3008.1 -437.7 -17.5 266 0 10.8 19.3 5.0 2.5 4 1 2 2 2
3041.0 -458.7 -17.5 352 0 6.1 27.6 7.5 2.5 2 1 3 2 2
3018.1 -410.9 -17.7 177 0 7.2 11.4 5.0 2.5 4 1 2 2 2
3182.6 -681.2 -12.6 135 0 15.8 9.6 2.5 2.5 2 0 1 5 5
3161.9 -665.7 -13.1 132 0 23.7 5.2 2.5 2.5 2 0 1 1 1
-1789.7 -7273.2 -16.9 157 0 15.7 9.1 7.5 2.5 2 0 3 1 1
-5761.4 -972.6 -14.5 169 0 12.6 7.9 7.5 2.5 2 0 3 4 4
-5623.0 -1354.2 -20.5 17 0 7.0 5.2 5.0 2.5 2 0 2 0 0
-4022.6 -5127.0 -25.1 328 0 8.3 9.7 7.5 2.5 2 1 3 0 0
-5617.0 -1270.8 -19.8 326 0 16.1 7.1 7.5 2.5 2 0 3 2 2
-5606.0 -1314.3 -21.2 340 0 5.1 13.3 7.5 2.5 4 1 3 3 3
-5852.8 -1258.0 -21.2 313 0 7.5 11.2 7.5 2.5 2 1 3 0 0
-5637.9 -1349.6 -20.5 197 0 7.0 10.5 2.5 2.5 2 0 1 4 4
-4078.3 -5131.2 -26.0 244 0 6.1 9.3 7.5 2.5 4 1 3 1 1
-5779.9 -1275.0 -21.4 100 0 16.5 7.3 5.0 2.5 4 0 2 0 0
-4039.2 -5140.3 -25.9 58 0 9.7 8.3 7.5 2.5 2 0 3 4 4
-5743.3 -983.2 -14.1 80 0 6.0 10.1 5.0 2.5 2 1 2 1 1
-5582.5 -1330.5 -21.0 349 0 4.5 11.6 5.0 2.5 2 1 2 3 3
-5623.1 -1286.7 -20.3 320 0 18.0 6.4 7.5 2.5 2 0 3 2 2
-5705.1 -1335.1 -20.3 308 0 7.2 6.9 7.5 2.5 2 0 3 2 2
-5866.2 -1273.4 -21.0 47 0 12.1 5.6 7.5 2.5 2 0 3 2 2
-5703.3 -1373.1 -19.9 52 0 3.7 11.4 7.5 2.5 2 1 3 0 0
-5593.0 -482.1 -9.0 63 0 19.3 10.0 5.0 0.0 0 0 2 4 4
-5864.3 -1254.3 -21.1 317 0 11.1 7.1 5.0 2.5 2 0 2 2 2
-4094.5 -5139.4 -27.4 331 0 18.1 8.7 5.0 2.5 2 0 2 1 1
-5626.2 -467.9 -9.9 154 0 20.0 5.3 5.0 2.5 2 0 2 5 5
-5601.5 -1342.4 -20.9 69 0 8.3 11.3 2.5 0.0 0 1 1 4 4
-5612.0 -445.2 -9.3 251 0 18.3 7.6 2.5 2.5 2 0 1 4 4
-5746.0 -1328.8 -19.9 125 0 12.3 6.2 7.5 2.5 2 0 3 5 5
-5600.1 -1297.6 -20.8 339 0 12.1 8.0 5.0 2.5 2 0 2 0 0
-5621.5 -1416.3 -16.9 197 0 12.1 7.1 7.5 2.5 2 0 3 5 5
4122.4 -2196.4 -18.8 54 0 10.0 9.7 5.0 0.0 0 0 2 0 0
4122.5 -2258.8 -18.2 232 0 5.2 11.3 2.5 2.5 2 1 1 3 3
4057.3 -2143.2 -18.2 158 0 14.5 7.0 5.0 2.5 2 0 2 3 3
4263.5 -2173.3 -21.0 237 0 5.7 10.8 2.5 2.5 2 1 1 0 0
4084.7 -2205.5 -18.1 52 0 10.9 6.2 5.0 2.5 2 0 2 0 0
4275.1 -2146.5 -21.5 232 0 10.3 9.3 5.0 2.5 2 0 2 4 4
4093.9 -2226.9 -18.0 55 0 11.9 8.5 2.5 2.5 4 0 1 4 4
4241.1 -2165.2 -20.8 236 0 13.5 9.2 2.5 2.5 4 0 1 0 0
4014.1 -2159.0 -16.4 151 0 23.9 5.5 7.5 2.5 4 0 3 4 4
4289.2 -2136.5 -21.6 234 0 5.4 10.6 5.0 2.5 2 1 2 0 0
4049.0 -2163.1 -17.9 142 0 12.3 8.1 2.5 2.5 2 0 1 4 4
4106.7 -2252.7 -18.1 234 0 14.0 7.0 5.0 2.5 2 0 2 0 0
4287.3 -2161.0 -21.4 231 0 4.7 12.7 7.5 2.5 2 1 3 1 1
4170.4 -2164.9 -19.7 48 0 6.9 9.9 7.5 2.5 2 1 3 5 5
4077.2 -2292.2 -16.9 235 0 4.9 14.7 2.5 2.5 2 1 1 0 0
4165.3 -2213.9 -19.5 233 0 6.1 7.3 7.5 2.5 2 1 3 1 1
4051.3 -2307.9 -15.7 144 0 7.0 7.2 7.5 2.5 2 1 3 2 2
4202.6 -2191.0 -20.2 231 0 6.1 11.0 5.0 2.5 2 1 2 1 1
4090.1 -2262.4 -17.6 234 0 9.5 8.3 5.0 2.5 2 0 2 5 5
4110.7 -2215.3 -18.5 54 0 16.0 9.1 2.5 2.5 2 0 1 2 2
4113.3 -2300.2 -17.6 235 0 11.9 6.6 5.0 2.5 2 0 2 5 5
4069.9 -2276.0 -16.6 236 0 11.9 8.4 5.0 2.5 2 0 2 3 3
4145.8 -2247.9 -18.7 235 0 4.1 11.1 7.5 2.5 2 1 3 4 4
4086.9 -2231.4 -17.7 325 0 8.4 5.9 5.0 2.5 4 0 2 3 3
4177.4 -2206.9 -19.8 239 0 10.9 7.4 5.0 2.5 2 0 2 5 5
4036.1 -2127.2 -18.0 163 0 7.2 11.3 5.0 2.5 2 1 2 0 0
4098.4 -2196.4 -18.4 56 0 11.0 6.5 7.5 2.5 2 0 3 1 1
4056.3 -2285.6 -16.1 238 0 14.3 6.8 5.0 2.5 2 0 2 5 5
4140.8 -2230.5 -18.9 236 0 14.9 7.8 7.5 2.5 2 0 3 2 2
4219.1 -2185.8 -20.4 229 0 6.2 10.8 5.0 2.5 2 1 2 2 2
4137.7 -2285.0 -18.2 226 0 16.5 8.0 5.0 2.5 2 0 2 1 1
4150.8 -2177.2 -19.4 50 0 9.5 7.6 5.0 2.5 2 0 2 0 0
4022.8 -2185.3 -16.6 145 0 7.3 13.8 5.0 0.0 0 0 2 1 1
4099.6 -2459.2 -11.6 346 0 9.9 7.8 5.0 2.5 2 0 2 3 3
4080.4 -2436.2 -12.2 63 1 17.3 10.1 10.0 2.5 2 0 4 3 3
4011.5 -2347.2 -13.2 326 0 11.9 7.2 5.0 2.5 2 0 2 0 0
3880.3 -2251.2 -8.5 64 0 7.1 19.0 5.0 2.5 2 0 2 1 1
3924.4 -2260.8 -10.5 53 0 13.8 8.9 5.0 2.5 2 0 2 3 3
3937.9 -2250.7 -11.1 52 0 10.5 6.8 5.0 2.5 2 0 2 2 2
3949.8 -2234.6 -12.4 147 0 7.5 14.9 5.0 2.5 2 1 2 2 2
3968.5 -2226.4 -13.1 143 0 6.3 9.5 5.0 2.5 2 1 2 4 4
3999.2 -2203.7 -14.5 325 0 10.5 16.3 5.0 2.5 2 1 2 1 1
3997.6 -2423.8 -7.9 59 0 9.9 15.4 7.5 2.5 2 0 3 0 0
4144.8 -2119.4 -19.9 70 0 10.9 10.0 5.0 2.5 2 0 2 2 2
3979.5 -2191.9 -13.8 332 0 17.0 6.4 5.0 2.5 2 0 2 2 2
4061.5 -2440.8 -10.0 61 0 5.9 10.4 2.5 0.0 0 1 1 5 5
3980.3 -2406.8 -8.1 53 0 12.3 6.0 2.5 2.5 2 0 1 3 3
4167.1 -2091.7 -20.9 69 0 6.6 20.1 5.0 2.5 2 1 2 2 2
4238.5 -2073.0 -22.0 65 0 16.4 6.2 5.0 2.5 2 0 2 5 5
4200.3 -2109.0 -21.2 71 0 6.2 22.3 7.5 2.5 4 1 3 5 5
4034.7 -2340.3 -14.6 325 0 19.7 5.1 5.0 2.5 2 0 2 1 1
3968.7 -2190.1 -13.4 333 0 12.4 4.3 7.5 2.5 2 0 3 1 1
4175.0 -2108.0 -20.6 72 0 8.1 6.9 2.5 2.5 2 0 1 4 4
4110.3 -2130.8 -19.0 63 0 5.8 7.3 5.0 2.5 2 1 2 3 3
4002.6 -2432.0 -7.3 59 0 9.9 9.6 7.5 2.5 2 0 3 1 1
4253.1 -2092.6 -21.9 70 0 13.8 9.3 2.5 0.0 0 0 1 1 1
3906.1 -2261.0 -9.7 63 0 8.4 7.3 5.0 0.0 0 0 2 3 3
4159.2 -2114.1 -20.2 73 0 7.7 9.4 5.0 2.5 2 1 2 3 3
3961.6 -2130.9 -14.2 333 0 13.1 8.0 2.5 2.5 2 0 1 3 3
4140.8 -2105.9 -20.0 70 0 6.1 9.3 7.5 2.5 2 1 3 3 3
3880.7 -2197.3 -9.3 246 0 5.7 13.4 2.5 2.5 2 1 1 4 4
4247.0 -2129.0 -21.4 237 0 8.5 12.3 5.0 2.5 2 1 2 5 5
-6222.1 -4850.3 -10.3 34 0 15.6 6.1 5.0 2.5 2 0 2 2 2
-6211.9 -4875.6 -11.3 184 0 7.2 5.5 7.5 2.5 2 0 3 0 0
-6253.7 -4886.9 -10.9 75 0 5.2 11.3 5.0 2.5 2 1 2 3 3
-6272.3 -4820.1 -7.1 280 0 12.1 7.9 7.5 2.5 2 0 3 1 1
-6298.6 -4842.7 -8.0 95 0 6.0 19.0 7.5 2.5 2 1 3 0 0
-6517.9 -4967.6 -7.4 235 0 12.8 7.7 5.0 2.5 4 0 2 5 5
-6280.9 -4818.6 -6.7 280 0 5.3 7.9 2.5 2.5 2 0 1 4 4
-6223.0 -4900.8 -11.8 275 0 9.5 4.8 5.0 2.5 2 0 2 0 0
-6204.2 -4919.5 -12.3 271 0 4.2 5.9 2.5 2.5 2 0 1 0 0
-6486.3 -4817.5 -3.0 182 0 6.2 19.1 5.0 2.5 2 1 2 2 2
-6324.6 -4816.4 -6.4 190 0 8.9 21.1 7.5 2.5 2 1 3 2 2
-6296.5 -4934.6 -12.5 347 0 6.8 7.6 5.0 2.5 4 1 2 3 3
-6206.2 -4904.6 -12.1 181 0 5.0 9.5 7.5 0.0 0 1 3 1 1
-6278.1 -5010.0 -12.7 6 0 12.0 5.0 7.5 2.5 2 0 3 3 3
-6199.8 -4919.6 -12.3 271 0 4.7 5.9 7.5 2.5 4 0 3 0 0
-6000.5 -5898.7 -15.4 123 0 6.7 7.7 5.0 2.5 2 1 2 3 3
-6323.5 -4875.9 -10.9 268 0 8.0 15.6 7.5 2.5 2 1 3 0 0
-5982.0 -5369.9 -12.3 120 0 3.9 9.8 2.5 2.5 2 1 1 5 5
-6186.0 -4910.3 -12.3 3 0 17.4 8.5 7.5 2.5 2 0 3 5 5
-6460.7 -4807.6 -3.3 267 0 8.6 19.5 7.5 0.0 0 1 3 1 1
-6208.6 -4895.1 -11.8 182 0 6.6 5.9 5.0 2.5 2 0 2 4 4
-6232.5 -4927.7 -12.2 180 0 7.9 4.9 5.0 0.0 0 0 2 0 0
-6247.4 -4956.4 -12.9 181 0 10.7 46.7 10.0 2.5 2 1 4 5 5
-6252.5 -4901.0 -11.5 264 0 4.8 8.0 7.5 2.5 2 1 3 5 5
-6306.9 -4898.0 -11.5 345 0 9.5 9.1 7.5 2.5 2 0 3 5 5
-6289.2 -4817.1 -6.4 279 0 10.6 6.6 2.5 2.5 2 0 1 4 4
-6551.4 -4977.5 -5.1 82 0 6.0 8.3 2.5 2.5 2 1 1 2 2
-6216.0 -4891.1 -11.8 182 0 14.2 7.5 5.0 2.5 4 0 2 3 3
-6018.1 -5852.0 -16.1 173 0 10.6 22.7 7.5 0.0 0 1 3 3 3
-6275.9 -4993.9 -12.7 6 0 12.3 5.2 7.5 2.5 2 0 3 5 5
-6325.5 -4834.9 -7.5 100 0 4.8 12.4 7.5 2.5 2 1 3 5 5
-6483.5 -4837.8 -2.9 182 0 11.5 8.8 5.0 2.5 2 0 2 4 4
-6496.5 -4953.1 -8.1 238 0 8.7 8.4 5.0 2.5 2 0 2 2 2
3788.1 -2231.1 -5.3 209 0 6.7 11.8 5.0 2.5 2 1 2 5 5
3734.4 -2030.6 -7.5 345 0 16.4 7.1 5.0 2.5 2 0 2 5 5
3713.1 -2289.6 -2.2 13 0 11.2 7.1 7.5 2.5 2 0 3 2 2
3965.3 -2310.9 -12.1 341 0 7.7 20.1 7.5 0.0 0 1 3 2 2
3706.6 -2139.7 -3.4 153 0 4.8 8.7 5.0 2.5 2 1 2 0 0
3741.4 -2063.3 -7.8 81 0 5.7 15.9 2.5 2.5 2 1 1 2 2
3954.1 -2133.8 -13.8 333 0 6.6 5.0 5.0 2.5 2 0 2 4 4
4224.4 -2380.8 -18.6 54 0 5.9 7.8 7.5 0.0 0 1 3 4 4
3921.0 -2228.3 -10.5 64 0 4.7 6.6 2.5 2.5 4 1 1 1 1
4251.8 -2422.1 -18.8 261 0 10.2 7.1 5.0 2.5 2 0 2 5 5
3729.1 -2277.7 -2.8 14 0 15.8 9.0 5.0 2.5 4 0 2 3 3
4203.1 -2398.4 -18.2 52 0 10.3 8.6 2.5 0.0 0 0 1 3 3
3698.4 -2215.6 -1.5 95 0 9.2 4.5 5.0 2.5 4 0 2 5 5
3707.2 -2281.1 -2.0 14 0 4.9 4.3 7.5 2.5 2 0 3 1 1
3876.5 -2289.0 -8.7 55 0 15.2 8.7 5.0 2.5 2 0 2 4 4
3856.6 -2257.5 -7.7 64 0 5.2 6.3 2.5 2.5 2 1 1 4 4
3734.6 -2119.4 -4.9 336 0 9.0 9.3 7.5 2.5 4 1 3 4 4
3729.4 -2257.5 -2.9 283 0 9.0 11.8 5.0 2.5 2 0 2 5 5
3930.9 -2241.1 -10.7 55 0 4.9 8.8 2.5 2.5 2 1 1 3 3
3874.2 -2276.8 -8.4 65 0 4.8 18.4 5.0 2.5 4 1 2 5 5
3695.3 -2232.3 -1.7 98 0 22.7 8.3 5.0 2.5 4 0 2 2 2
3943.7 -2216.7 -11.8 64 0 5.7 14.8 7.5 0.0 0 1 3 5 5
4235.9 -2391.6 -18.8 142 0 5.1 12.6 7.5 2.5 2 1 3 3 3
4199.0 -2431.2 -17.6 263 0 13.2 6.7 5.0 2.5 2 0 2 1 1
3708.9 -2296.4 -2.1 11 0 3.4 4.6 5.0 2.5 2 1 2 2 2
3869.1 -2235.6 -8.2 63 0 6.9 3.9 2.5 2.5 2 0 1 0 0
3844.2 -2116.5 -10.5 81 0 5.2 8.0 5.0 2.5 2 1 2 0 0
3912.5 -2247.5 -10.0 60 0 6.7 8.2 5.0 2.5 2 1 2 4 4
3704.1 -2204.1 -2.0 180 0 7.7 13.1 5.0 2.5 2 1 2 2 2
3791.4 -2145.0 -7.2 151 0 13.1 8.0 5.0 2.5 2 0 2 3 3
3914.3 -2268.8 -10.0 56 0 6.2 4.5 7.5 2.5 2 0 3 5 5
3844.8 -2096.5 -11.2 69 0 7.6 8.1 2.5 2.5 2 1 1 5 5
3681.9 -2271.6 -1.3 187 0 6.3 10.2 5.0 0.0 0 1 2 5 5
3879.2 -2255.7 -8.6 64 0 4.7 3.5 7.5 2.5 4 0 3 1 1
3833.9 -2121.1 -9.9 75 0 4.3 12.8 5.0 2.5 2 1 2 4 4
3766.3 -2088.2 -8.0 159 0 10.2 7.4 5.0 2.5 2 0 2 4 4
4194.2 -2384.1 -18.1 48 0 5.2 8.6 2.5 2.5 2 1 1 2 2
3731.2 -2152.5 -4.0 67 0 6.2 15.3 5.0 2.5 2 1 2 1 1
3910.4 -2264.9 -9.8 60 0 4.7 5.2 5.0 0.0 0 1 2 0 0
3707.8 -2253.0 -2.0 277 0 6.6 11.9 5.0 2.5 2 1 2 4 4
3692.1 -2888.6 -7.9 86 0 46.3 10.2 10.0 2.5 4 0 4 4 4
3731.4 -2478.8 -0.8 152 0 7.9 11.1 2.5 2.5 2 0 1 2 2
3698.7 -2654.9 3.2 355 0 15.4 11.6 5.0 0.0 0 0 2 4 4
3704.7 -2690.0 1.8 353 0 16.9 13.1 5.0 2.5 4 0 2 2 2
3708.0 -2724.1 1.4 352 0 16.0 11.7 5.0 2.5 2 0 2 5 5
3712.4 -2758.6 -2.7 353 0 15.2 10.4 5.0 2.5 2 0 2 1 1
3599.6 -2328.5 3.0 117 0 12.7 4.8 2.5 0.0 0 0 1 0 0
3706.9 -2377.3 1.5 13 0 18.5 7.9 7.5 2.5 2 0 3 0 0
3811.7 -2186.8 -6.7 230 0 15.0 8.3 5.0 2.5 2 0 2 4 4
3780.7 -2387.3 -0.7 245 0 14.7 7.6 7.5 2.5 2 0 3 4 4
3777.1 -2450.8 0.2 237 0 10.0 8.8 5.0 2.5 2 0 2 2 2
3654.9 -2736.4 -0.2 172 0 7.1 27.8 7.5 2.5 2 1 3 1 1
3612.3 -2604.4 1.8 353 0 11.9 7.7 2.5 2.5 2 0 1 2 2
3558.8 -2547.4 0.7 170 0 8.3 9.5 5.0 2.5 2 1 2 5 5
3783.1 -2248.7 -5.0 178 0 8.3 5.4 5.0 2.5 2 0 2 3 3
3652.1 -2715.0 -0.1 172 0 7.3 26.0 7.5 2.5 2 1 3 4 4
3617.6 -2536.7 1.6 358 0 5.4 7.6 5.0 2.5 2 1 2 0 0
3634.7 -2839.5 -6.7 357 0 13.3 19.7 10.0 2.5 2 1 4 5 5
3583.0 -2625.9 0.7 175 0 5.3 9.0 2.5 2.5 2 1 1 0 0
3741.5 -2474.2 -0.5 152 0 6.4 30.2 5.0 0.0 0 0 2 2 2
3639.0 -2894.7 -7.8 357 0 13.4 19.1 10.0 2.5 2 1 4 2 2
3596.2 -2338.4 3.7 116 0 8.5 6.9 5.0 0.0 0 0 2 5 5
3818.5 -2205.5 -6.9 140 0 5.4 13.8 5.0 2.5 2 1 2 4 4
3691.3 -2343.7 0.4 9 0 14.5 10.7 2.5 2.5 2 0 1 2 2
3639.0 -2695.5 -0.2 356 0 12.3 4.2 7.5 2.5 2 0 3 0 0
3580.8 -2330.4 4.0 118 0 11.0 4.6 5.0 2.5 2 0 2 0 0
3601.5 -2544.0 1.5 261 0 4.7 8.8 5.0 0.0 0 1 2 5 5
3824.9 -2175.8 -7.4 225 0 5.0 12.4 2.5 0.0 0 1 1 0 0
3648.8 -2890.4 -7.9 178 0 18.6 7.8 7.5 0.0 0 0 3 3 3
3563.3 -2896.7 -7.1 86 0 4.9 8.5 5.0 0.0 0 1 2 2 2
3802.3 -2391.7 -1.0 267 0 5.6 10.3 5.0 2.5 2 1 2 4 4
3624.0 -2708.4 -1.4 352 0 6.1 8.8 2.5 2.5 2 1 1 5 5
3613.2 -2574.0 1.8 353 0 8.4 26.3 5.0 2.5 2 1 2 0 0
3734.4 -2421.5 0.0 241 0 12.7 44.6 12.5 2.5 2 1 5 3 3
3638.1 -2866.8 -7.3 356 0 13.1 21.1 10.0 2.5 2 1 4 2 2
3708.3 -2353.9 0.5 284 0 7.6 13.7 5.0 0.0 0 0 2 1 1
3712.8 -2855.7 -7.3 356 0 11.1 46.3 10.0 2.5 2 1 4 5 5
3635.5 -2668.5 0.9 357 0 19.5 6.4 5.0 2.5 4 0 2 4 4
3668.4 -2650.0 2.4 261 0 4.5 20.7 5.0 2.5 2 1 2 4 4
3698.6 -2461.2 -0.2 251 0 10.8 53.3 10.0 2.5 2 1 4 5 5
3863.7 -1786.9 -12.3 160 0 7.5 18.6 2.5 2.5 2 1 1 5 5
3647.6 -2771.6 -3.3 173 0 6.1 41.5 7.5 0.0 0 1 3 5 5
-111.4 -224.0 -2.6 310 0 12.2 7.6 7.5 2.5 4 0 3 4 4
-47.0 -382.1 -1.4 266 0 4.6 7.1 5.0 2.5 2 1 2 4 4
-92.5 -339.0 -1.1 87 0 4.9 8.8 7.5 0.0 0 1 3 1 1
-271.8 347.9 -4.9 48 0 8.1 14.5 7.5 2.5 2 1 3 2 2
-148.0 -58.6 -3.3 228 0 8.7 9.7 5.0 2.5 2 1 2 2 2
-43.2 -365.3 -1.3 266 0 7.7 12.1 5.0 2.5 2 1 2 2 2
-387.3 153.2 -4.3 265 0 7.7 5.4 5.0 2.5 2 0 2 5 5
-31.8 -315.0 -0.8 357 0 4.1 10.0 7.5 2.5 4 0 3 5 5
-71.9 -381.9 -1.4 260 0 5.7 10.4 5.0 2.5 2 1 2 4 4
-139.8 -326.9 -1.6 259 0 7.3 3.5 5.0 2.5 2 0 2 5 5
-253.7 219.7 -4.9 318 0 12.8 6.3 7.5 0.0 0 0 3 1 1
-420.3 236.0 -5.3 272 0 17.5 8.2 2.5 2.5 2 0 1 5 5
-207.1 123.1 -4.6 142 0 9.4 7.7 5.0 0.0 0 0 2 3 3
-115.0 -356.1 -1.4 85 0 8.7 9.6 5.0 2.5 2 1 2 4 4
-394.1 123.8 -4.2 360 0 4.9 20.9 7.5 2.5 2 1 3 5 5
-163.8 71.5 -3.9 315 0 13.4 7.6 2.5 2.5 2 0 1 1 1
-119.6 -11.0 -3.9 54 0 9.4 10.1 5.0 2.5 4 1 2 0 0
-45.5 -304.1 -1.0 266 0 4.0 13.6 7.5 2.5 2 1 3 2 2
-194.2 152.1 -4.7 315 0 8.6 5.6 7.5 2.5 2 0 3 4 4
-59.3 -406.7 -1.3 83 0 5.3 12.2 7.5 2.5 2 1 3 4 4
-124.0 -326.5 -1.5 175 0 8.4 3.4 5.0 2.5 2 0 2 1 1
-68.0 -307.5 -1.3 356 0 5.7 13.9 7.5 0.0 0 1 3 2 2
-147.6 22.9 -4.2 141 0 7.6 11.2 5.0 2.5 2 1 2 3 3
-249.7 186.4 -4.6 139 0 19.4 7.9 5.0 2.5 2 0 2 0 0
-395.0 219.7 -5.1 1 0 17.6 8.8 5.0 2.5 2 0 2 1 1
-293.1 362.3 -4.9 145 0 7.5 12.1 2.5 2.5 2 1 1 5 5
-2.7 -386.0 -1.2 355 0 5.8 6.7 7.5 2.5 2 1 3 3 3
-296.5 314.6 -5.5 184 0 13.9 7.6 5.0 2.5 2 0 2 3 3
-314.7 413.4 -4.9 4 0 10.0 7.5 5.0 0.0 0 0 2 0 0
-206.9 -109.6 -3.9 228 0 9.6 9.1 5.0 2.5 2 0 2 0 0
-86.0 -323.2 -1.3 84 0 4.0 11.4 5.0 0.0 0 0 2 0 0
-236.4 210.0 -4.7 316 0 12.7 9.0 5.0 2.5 2 0 2 3 3
-48.8 -334.0 -0.9 86 0 5.4 10.0 2.5 2.5 2 0 1 1 1
-21.9 -294.3 -0.9 309 0 9.4 9.2 5.0 2.5 2 0 2 3 3
-334.6 419.7 -4.9 138 0 9.3 6.5 7.5 0.0 0 0 3 1 1
-424.0 94.7 -4.2 88 0 9.5 10.8 7.5 2.5 2 1 3 3 3
-87.6 -9.3 -2.7 231 0 17.2 10.4 5.0 2.5 2 0 2 0 0
-305.2 255.1 -5.9 234 0 8.6 13.0 5.0 2.5 2 1 2 2 2
-43.7 -421.4 -1.2 82 0 6.1 16.2 7.5 2.5 2 1 3 5 5
-139.3 42.1 -4.1 319 0 5.5 8.7 7.5 0.0 0 1 3 4 4
-263.7 242.2 -5.5 45 0 6.5 13.0 2.5 2.5 2 1 1 3 3
-331.5 503.8 -5.0 188 0 15.9 7.6 5.0 2.5 2 0 2 4 4
-84.4 -353.0 -1.3 87 0 9.1 9.6 2.5 2.5 2 1 1 4 4
-400.3 143.1 -4.2 277 0 7.1 13.1 5.0 0.0 0 1 2 4 4
-273.0 203.2 -4.8 139 0 13.3 9.0 5.0 2.5 2 0 2 3 3
-185.6 102.2 -4.3 323 0 13.5 7.0 5.0 2.5 2 0 2 2 2
-104.4 -325.2 -1.3 177 0 10.3 4.8 2.5 2.5 2 0 1 4 4
-101.5 -45.0 -2.3 213 0 12.0 9.8 2.5 2.5 2 0 1 3 3
-374.6 128.6 -4.3 24 0 13.9 10.6 5.0 2.5 2 0 2 5 5
-39.2 -347.5 -1.1 85 0 8.8 9.4 5.0 0.0 0 1 2 3 3
-10.9 -364.4 -1.1 265 0 8.5 6.8 5.0 2.5 2 0 2 3 3
-220.4 122.0 -4.5 132 0 8.0 5.0 5.0 2.5 2 0 2 5 5
-69.0 -368.7 -1.4 265 0 9.0 9.5 2.5 2.5 2 1 1 3 3
-404.9 86.5 -4.3 88 0 9.1 17.8 5.0 2.5 2 1 2 5 5
-184.0 66.3 -3.9 143 0 10.5 5.5 2.5 2.5 2 0 1 3 3
-216.9 182.5 -4.7 312 0 6.5 9.1 5.0 2.5 2 1 2 1 1
-64.8 -69.1 -1.8 33 0 12.0 34.1 10.0 2.5 2 0 4 1 1
-305.3 498.0 -4.8 5 0 9.3 8.2 5.0 2.5 2 0 2 4 4
-414.6 201.1 -4.9 95 0 6.7 7.4 5.0 2.5 2 0 2 1 1
-49.6 -324.1 -0.9 86 0 5.4 6.1 2.5 2.5 4 0 1 3 3
-213.4 140.9 -4.6 142 0 5.2 8.5 2.5 2.5 4 1 1 5 5
-290.5 385.5 -4.9 185 0 18.2 6.2 5.0 2.5 2 0 2 3 3
-135.9 -357.8 -1.4 86 0 9.3 9.1 5.0 2.5 2 0 2 1 1
-158.9 37.6 -4.1 149 0 10.5 9.0 5.0 2.5 2 0 2 5 5
-118.7 26.5 -4.1 230 0 8.3 12.1 5.0 0.0 0 1 2 4 4
-271.0 319.1 -5.2 315 0 5.5 10.5 5.0 2.5 2 1 2 4 4
-323.6 437.4 -4.9 44 0 6.1 7.7 7.5 2.5 2 1 3 0 0
-194.5 -127.6 -3.2 133 0 4.2 15.7 2.5 2.5 2 1 1 5 5
-109.6 -275.9 -1.9 176 0 8.7 5.5 7.5 2.5 2 0 3 1 1
-31.6 -319.1 -0.8 357 0 4.1 10.0 2.5 2.5 2 0 1 3 3
-121.4 -334.8 -1.3 266 0 4.6 8.4 7.5 2.5 2 1 3 3 3
-298.5 402.3 -4.8 182 0 11.4 5.1 5.0 2.5 2 0 2 0 0
-87.9 -262.3 -1.9 357 0 4.8 6.5 5.0 2.5 2 1 2 5 5
-452.7 98.1 -4.3 181 0 12.1 6.7 5.0 2.5 2 0 2 1 1
-421.5 201.7 -4.9 95 0 7.1 7.4 2.5 2.5 2 0 1 4 4
-172.0 49.7 -4.0 135 0 7.9 10.5 2.5 2.5 2 1 1 2 2
-224.5 190.1 -4.7 310 0 5.3 8.8 5.0 2.5 2 1 2 0 0
-274.8 403.1 -4.8 319 0 4.4 4.4 7.5 0.0 0 0 3 4 4
-90.8 -286.4 -1.6 176 0 5.1 10.5 5.0 2.5 4 1 2 3 3
-281.9 231.4 -5.4 148 0 11.7 7.5 5.0 2.5 2 0 2 0 0
-31.4 -10.3 -1.4 318 0 41.7 9.5 7.5 2.5 2 0 3 0 0
-295.7 265.6 -5.8 235 0 4.6 19.3 7.5 2.5 2 1 3 2 2
-191.1 132.6 -4.6 45 0 9.6 10.9 2.5 2.5 2 1 1 4 4
-88.7 -370.0 -1.4 268 0 8.3 10.3 2.5 2.5 2 1 1 2 2
-417.5 162.1 -4.4 270 0 4.2 7.6 2.5 0.0 0 1 1 0 0
-80.6 51.2 -3.7 144 0 10.9 8.4 5.0 2.5 2 0 2 4 4
-96.2 -251.6 -2.1 267 0 4.2 8.7 5.0 2.5 2 0 2 1 1
-89.3 -249.2 -2.0 267 0 9.9 10.7 5.0 2.5 2 0 2 0 0
-234.4 -26.3 -5.1 251 0 8.4 18.1 7.5 2.5 2 1 3 2 2
-633.1 34.4 -3.7 88 0 16.9 6.6 2.5 2.5 2 0 1 2 2
-683.0 153.9 -3.7 81 0 8.5 18.4 7.5 0.0 0 1 3 2 2
-725.7 143.3 -4.4 351 0 12.9 8.9 5.0 2.5 2 0 2 2 2
-653.5 32.8 -4.0 82 0 16.6 10.9 2.5 2.5 2 0 1 2 2
-700.4 88.0 -4.6 335 0 6.0 7.1 5.0 2.5 4 1 2 3 3
-732.5 92.3 -4.9 168 0 20.9 7.4 7.5 2.5 2 0 3 0 0
-264.1 -26.4 -5.1 253 0 22.1 9.7 5.0 2.5 4 0 2 1 1
-452.8 -24.4 -4.9 98 0 13.6 7.1 5.0 2.5 2 0 2 1 1
-690.9 210.3 -3.3 268 0 5.8 15.1 5.0 2.5 2 0 2 4 4
-664.0 -74.2 -5.5 332 0 20.1 15.8 5.0 2.5 2 0 2 3 3
-515.6 28.1 -3.8 87 0 14.4 11.3 5.0 2.5 2 0 2 0 0
-507.6 9.3 -4.0 265 0 5.9 11.6 5.0 2.5 2 1 2 2 2
-695.7 140.0 -4.0 168 0 5.8 14.0 5.0 2.5 2 1 2 2 2
-638.7 54.4 -3.9 78 0 17.1 6.4 7.5 2.5 2 0 3 1 1
-654.9 117.2 -4.2 346 0 4.8 25.0 7.5 2.5 2 1 3 1 1
-707.0 74.8 -4.6 349 0 8.9 6.8 5.0 2.5 2 0 2 5 5
-527.0 62.0 -3.4 266 0 5.4 8.1 5.0 0.0 0 1 2 3 3
-585.8 6.4 -4.1 289 0 16.6 8.2 5.0 2.5 4 0 2 0 0
-264.9 -50.4 -5.3 162 0 6.9 21.3 7.5 2.5 2 1 3 0 0
-454.2 -2.1 -4.8 275 0 14.3 6.5 7.5 2.5 2 0 3 4 4
-606.4 73.1 -3.6 329 0 14.6 7.8 7.5 2.5 2 0 3 2 2
-663.9 131.7 -4.1 347 0 4.7 18.9 7.5 2.5 2 1 3 0 0
-479.6 -34.3 -4.5 109 0 5.7 8.1 5.0 2.5 2 1 2 0 0
-281.3 -91.7 -5.7 106 0 8.9 8.8 5.0 2.5 2 0 2 3 3
-714.3 184.2 -3.7 166 0 13.4 7.8 5.0 2.5 2 0 2 3 3
-667.9 149.7 -3.8 347 0 4.7 13.1 7.5 2.5 2 1 3 4 4
-701.9 149.0 -4.0 78 0 9.9 15.6 5.0 2.5 2 1 2 2 2
-657.0 130.5 -3.8 73 0 6.5 21.0 7.5 2.5 2 1 3 4 4
-702.3 98.5 -4.6 335 0 11.6 6.9 5.0 2.5 2 0 2 3 3
-435.7 15.9 -5.0 236 0 5.3 9.3 5.0 2.5 2 0 2 2 2
-209.9 -85.9 -4.7 48 0 9.8 6.4 5.0 2.5 2 0 2 3 3
-442.8 11.0 -4.9 236 0 11.8 9.3 7.5 2.5 2 0 3 3 3
-680.0 92.0 -4.3 168 0 16.4 9.3 2.5 2.5 2 0 1 5 5
-719.0 202.9 -3.5 169 0 9.2 8.2 5.0 2.5 2 0 2 4 4
-599.0 44.2 -3.5 54 0 8.2 14.9 5.0 0.0 0 1 2 1 1
-703.5 191.6 -3.5 175 0 4.8 16.3 2.5 2.5 2 0 1 1 1
-699.3 36.5 -4.4 44 0 5.7 9.4 5.0 2.5 2 1 2 4 4
-682.0 1.6 -4.6 345 0 20.1 13.3 10.0 0.0 0 0 4 5 5
-724.6 249.0 -3.2 263 0 9.1 14.9 2.5 2.5 2 1 1 3 3
-792.4 178.4 -4.5 89 0 6.7 9.6 2.5 2.5 2 1 1 3 3
-770.4 195.2 -4.2 327 0 17.7 7.5 5.0 2.5 4 0 2 5 5
-753.0 181.6 -4.2 356 0 4.8 10.6 5.0 2.5 2 1 2 3 3
-687.3 56.0 -4.4 349 0 14.0 9.4 5.0 2.5 2 0 2 1 1
-774.4 166.0 -4.5 176 0 16.7 6.7 7.5 2.5 2 0 3 5 5
-741.3 141.8 -4.6 354 0 7.3 6.6 5.0 0.0 0 0 2 2 2
-691.1 -24.1 -5.0 323 0 5.9 15.6 5.0 2.5 2 1 2 0 0
-746.9 25.9 -4.8 247 0 9.6 24.0 7.5 2.5 2 1 3 4 4
-694.1 -16.2 -4.7 63 0 4.8 11.9 5.0 2.5 2 1 2 5 5
-743.9 163.9 -4.3 340 0 14.8 8.2 5.0 0.0 0 0 2 4 4
-623.8 -110.6 -5.8 162 0 12.1 8.8 5.0 2.5 2 0 2 3 3
-614.5 -130.1 -5.9 159 0 13.9 8.7 2.5 2.5 2 0 1 3 3
-605.5 -156.9 -6.1 161 0 14.6 10.0 2.5 2.5 2 0 1 1 1
-593.0 -190.3 -6.2 162 0 17.4 8.1 5.0 2.5 2 0 2 3 3
-531.0 -367.3 -6.9 174 0 7.8 15.8 5.0 2.5 2 1 2 2 2
-508.6 -390.9 -7.2 87 0 10.8 6.8 5.0 2.5 2 0 2 4 4
-511.4 -415.7 -7.6 258 0 14.4 9.4 2.5 2.5 2 0 1 0 0
-545.2 -389.8 -7.1 246 0 12.8 9.1 2.5 2.5 2 0 1 5 5
-494.9 -396.6 -7.4 170 0 6.5 12.7 2.5 2.5 2 0 1 3 3
-504.6 -380.5 -7.1 84 0 5.6 17.0 7.5 2.5 2 1 3 5 5
-563.0 -405.8 -7.1 216 0 15.1 7.2 2.5 2.5 2 0 1 2 2
-475.9 -396.6 -7.5 80 0 12.1 6.5 5.0 2.5 2 0 2 5 5
-552.7 -164.2 -6.2 349 0 8.1 34.5 7.5 2.5 2 1 3 0 0
-572.4 -105.1 -5.9 343 0 6.5 17.7 5.0 2.5 2 1 2 1 1
-598.0 -137.4 -6.0 161 0 7.5 17.9 2.5 2.5 2 1 1 5 5
-513.6 -358.4 -6.9 177 0 4.7 14.6 7.5 2.5 2 1 3 0 0
-533.8 -314.1 -6.6 173 0 8.3 18.2 2.5 2.5 2 1 1 4 4
-633.6 -253.8 -6.1 326 0 5.3 8.8 5.0 2.5 2 0 2 5 5
-761.4 368.0 -1.6 354 0 8.9 7.4 5.0 2.5 2 0 2 5 5
-885.4 416.8 -0.2 237 0 7.2 12.4 5.0 2.5 2 1 2 2 2
-523.2 -406.4 -7.4 256 0 6.2 8.8 2.5 2.5 2 1 1 4 4
-733.3 418.6 0.9 82 0 12.8 4.5 5.0 2.5 2 0 2 5 5
-617.3 -269.9 -6.2 236 0 9.6 11.7 2.5 2.5 2 0 1 0 0
-500.6 -246.4 -6.6 353 0 13.9 6.9 7.5 2.5 2 0 3 5 5
-595.7 -292.9 -6.4 326 0 12.9 9.6 2.5 2.5 4 0 1 4 4
-553.9 -265.6 -6.4 173 0 6.3 19.4 5.0 0.0 0 1 2 0 0
-766.0 -166.1 -5.6 146 0 25.7 10.2 10.0 2.5 2 0 4 1 1
-693.9 -68.2 -5.4 243 0 6.5 14.1 5.0 2.5 2 1 2 4 4
-545.3 -324.2 -6.6 160 0 14.5 9.3 7.5 2.5 2 0 3 4 4
-853.1 -252.9 -6.1 130 0 11.4 5.2 5.0 2.5 2 0 2 4 4
-603.0 -282.3 -6.3 326 0 13.0 9.6 5.0 2.5 2 0 2 0 0
-738.3 465.7 2.0 340 0 7.0 6.4 7.5 2.5 2 0 3 4 4
-605.6 -209.1 -6.3 340 0 6.7 7.7 5.0 2.5 4 1 2 4 4
-887.4 366.0 -1.8 140 0 12.5 9.6 5.0 2.5 2 0 2 1 1
-579.2 -205.0 -6.4 168 0 7.6 23.0 7.5 2.5 2 1 3 3 3
-785.1 420.1 0.4 315 0 5.2 10.0 7.5 2.5 2 1 3 4 4
-570.5 -256.0 -6.3 163 0 15.5 9.3 5.0 0.0 0 0 2 0 0
-835.0 309.0 -3.7 140 0 9.8 8.9 5.0 0.0 0 0 2 0 0
-695.9 -142.1 -5.7 322 0 6.0 21.5 7.5 2.5 4 1 3 5 5
-491.7 -354.2 -7.0 262 0 9.2 4.6 2.5 2.5 2 0 1 4 4
-555.7 -298.7 -6.5 159 0 16.0 9.8 5.0 2.5 2 0 2 1 1
-640.8 -258.8 -6.2 326 0 5.3 30.3 5.0 2.5 2 0 2 0 0
-767.7 -54.1 -5.2 338 0 7.2 25.5 7.5 2.5 2 1 3 2 2
-758.2 454.2 2.3 176 0 9.9 7.9 5.0 2.5 2 0 2 1 1
-783.6 399.7 -0.5 341 0 12.1 7.2 5.0 2.5 2 0 2 1 1
-751.2 473.5 2.4 239 0 9.1 6.0 5.0 2.5 2 0 2 5 5
-619.2 -330.3 -6.5 150 0 8.6 30.1 7.5 2.5 2 1 3 4 4
-771.3 430.5 1.0 347 0 13.2 8.3 5.0 2.5 2 0 2 3 3
-621.6 -306.5 -6.4 146 0 5.9 14.0 7.5 2.5 2 1 3 0 0
-539.2 -231.5 -6.5 352 0 9.7 24.1 2.5 2.5 2 1 1 4 4
-543.7 -206.9 -6.4 349 0 6.2 22.2 7.5 2.5 2 1 3 4 4
-841.6 -262.2 -6.4 130 0 9.8 12.1 5.0 2.5 2 1 2 2 2
-743.9 -161.6 -5.6 148 0 11.6 8.9 5.0 2.5 2 0 2 3 3
-645.5 -236.2 -6.0 332 0 5.6 18.3 5.0 2.5 2 1 2 4 4
-678.8 -151.4 -5.8 333 0 14.3 7.3 2.5 2.5 4 0 1 0 0
-843.7 264.3 -4.2 62 0 5.9 8.3 7.5 2.5 4 1 3 3 3
-872.7 373.7 -1.4 138 0 9.2 6.3 7.5 2.5 2 0 3 0 0
-812.7 304.8 -3.5 89 0 6.3 8.3 7.5 2.5 2 1 3 2 2
-616.2 -290.3 -6.3 325 0 5.7 19.5 7.5 2.5 2 1 3 3 3
-812.3 402.9 -0.5 316 0 9.0 7.5 5.0 2.5 2 0 2 1 1
-614.0 -339.4 -6.6 145 0 5.1 27.8 5.0 2.5 2 1 2 3 3
-726.9 433.6 1.3 355 0 14.2 5.3 2.5 2.5 2 0 1 0 0
-724.5 -120.7 -5.5 240 0 16.1 8.0 7.5 2.5 2 0 3 4 4
-749.1 420.6 0.9 83 0 8.8 13.8 5.0 2.5 2 1 2 2 2
-537.7 -304.6 -6.5 165 0 8.5 24.1 5.0 2.5 2 1 2 3 3
-681.3 -174.4 -5.8 327 0 5.9 17.1 5.0 2.5 2 1 2 2 2
-697.8 -114.6 -5.6 327 0 15.9 9.3 5.0 2.5 4 0 2 0 0
-755.8 -74.1 -5.3 241 0 7.7 16.5 5.0 2.5 2 1 2 0 0
-673.2 -199.5 -6.0 328 0 6.6 29.2 5.0 2.5 2 0 2 0 0
-667.3 -195.9 -6.0 328 0 6.6 6.9 5.0 2.5 4 0 2 4 4
-862.4 -245.3 -5.8 130 0 12.6 8.8 5.0 2.5 2 0 2 1 1
-479.4 -346.5 -7.0 262 0 17.2 10.6 5.0 2.5 2 0 2 2 2
-767.7 401.5 -0.5 342 0 14.5 8.6 5.0 2.5 2 0 2 1 1
-815.5 -275.5 -6.5 143 0 10.8 37.4 7.5 2.5 2 1 3 1 1
-578.7 -651.8 -7.5 80 0 9.3 22.4 7.5 2.5 2 1 3 2 2
-615.6 -461.3 -7.4 209 0 14.3 8.5 2.5 2.5 2 0 1 0 0
-572.5 -770.0 -5.1 168 0 14.0 7.7 5.0 2.5 2 0 2 1 1
-563.6 -817.9 -5.7 171 0 7.8 19.3 5.0 2.5 2 1 2 2 2
-549.6 -791.7 -5.5 350 0 16.2 5.4 7.5 2.5 2 0 3 3 3
-530.8 -885.5 -6.2 255 0 8.1 11.5 5.0 2.5 2 1 2 5 5
-521.7 -928.4 -6.5 80 0 8.5 12.3 5.0 2.5 4 1 2 1 1
-559.4 -845.6 -5.5 171 0 8.0 6.1 5.0 0.0 0 0 2 0 0
-554.7 -950.0 -5.0 349 0 9.8 9.2 5.0 2.5 2 0 2 4 4
-561.7 -934.0 -5.3 350 0 14.4 7.5 5.0 2.5 2 0 2 2 2
-575.8 -855.4 -4.9 348 0 8.1 11.3 5.0 2.5 2 1 2 1 1
-583.4 -824.5 -4.8 350 0 11.6 8.7 5.0 2.5 2 0 2 0 0
-676.5 -518.9 -7.1 152 0 14.0 6.8 5.0 2.5 4 0 2 5 5
-639.9 -444.6 -7.3 327 0 10.2 12.7 2.5 0.0 0 1 1 0 0
-632.4 -435.5 -7.2 143 0 14.2 7.1 5.0 2.5 2 0 2 2 2
-611.9 -871.7 -4.1 155 0 13.0 6.9 7.5 2.5 2 0 3 3 3
-664.6 -424.1 -7.5 324 0 7.0 20.4 5.0 2.5 4 1 2 0 0
-643.7 -504.1 -7.3 7 0 11.9 9.3 7.5 2.5 2 0 3 2 2
-607.7 -939.1 -4.3 169 0 8.2 7.2 2.5 2.5 2 0 1 1 1
-606.3 -946.4 -4.1 169 0 6.7 7.2 2.5 2.5 2 0 1 3 3
-586.1 -847.5 -4.7 334 0 6.0 8.4 5.0 2.5 2 1 2 2 2
-596.5 -470.9 -7.6 29 0 20.6 7.5 7.5 2.5 2 0 3 2 2
-660.2 -452.0 -7.4 57 0 6.8 10.2 5.0 2.5 2 1 2 3 3
-475.3 -702.5 -7.0 80 0 5.5 10.1 7.5 2.5 2 1 3 0 0
-607.7 -428.2 -7.0 52 0 15.3 8.6 7.5 0.0 0 0 3 0 0
-630.1 -844.4 -3.7 247 0 10.3 6.2 7.5 2.5 4 0 3 1 1
-548.0 -771.7 -5.5 350 0 14.1 6.5 5.0 2.5 2 0 2 1 1
-591.5 -947.0 -4.5 79 0 14.3 6.7 5.0 2.5 2 0 2 4 4
-645.1 -527.5 -7.5 356 0 9.4 17.6 7.5 2.5 4 1 3 4 4
-641.1 -422.3 -7.1 149 0 5.0 16.0 5.0 2.5 2 1 2 1 1
-667.9 -498.6 -7.0 264 0 9.9 7.1 2.5 2.5 2 0 1 3 3
-609.2 -931.2 -4.5 169 0 7.9 7.2 2.5 2.5 4 0 1 4 4
-625.0 -479.7 -7.4 208 0 12.5 10.6 2.5 0.0 0 0 1 4 4
-578.9 -939.8 -4.7 349 0 9.5 6.6 5.0 2.5 2 0 2 3 3
-594.3 -834.3 -4.5 345 0 8.0 9.4 7.5 2.5 2 0 3 0 0
-607.2 -837.4 -4.3 255 0 7.8 6.1 2.5 2.5 2 0 1 2 2
3069.8 -316.2 -17.6 177 0 5.0 10.5 5.0 2.5 2 1 2 0 0
3019.1 -194.6 -15.0 264 0 3.7 5.4 7.5 0.0 0 1 3 2 2
3049.7 -541.6 -16.3 183 0 7.8 5.3 7.5 2.5 2 0 3 3 3
3207.8 -767.6 -12.6 249 0 4.9 9.2 7.5 0.0 0 1 3 4 4
3171.6 -731.5 -12.6 262 0 9.3 16.0 7.5 2.5 2 1 3 3 3
3114.2 -676.3 -13.1 187 0 4.4 4.9 5.0 2.5 2 0 2 0 0
3009.1 -401.4 -17.7 90 0 5.9 9.2 7.5 2.5 2 1 3 3 3
3278.8 -973.2 -11.3 72 0 10.2 10.5 5.0 2.5 2 1 2 0 0
3061.6 -575.1 -15.9 172 0 8.7 4.8 2.5 0.0 0 0 1 3 3
3177.2 -970.2 -10.3 191 0 7.6 3.3 7.5 2.5 2 0 3 5 5
3038.6 -507.8 -16.8 85 0 10.7 5.8 2.5 2.5 4 0 1 1 1
3310.2 -898.2 -11.2 148 0 4.9 6.3 5.0 2.5 2 0 2 0 0
3042.8 -524.2 -16.5 181 0 7.3 5.6 5.0 0.0 0 0 2 2 2
3062.3 -521.9 -16.7 355 0 7.2 12.3 5.0 2.5 4 0 2 4 4
3031.2 -508.4 -16.7 85 0 4.2 5.8 2.5 2.5 2 0 1 4 4
3193.2 -691.8 -12.6 136 0 14.5 9.6 5.0 2.5 2 0 2 5 5
3030.6 -209.8 -15.3 358 0 3.9 3.5 5.0 2.5 2 0 2 0 0
3192.4 -918.4 -10.9 6 0 5.4 5.8 5.0 2.5 2 0 2 1 1
3118.2 -665.5 -13.3 277 0 4.5 9.1 2.5 0.0 0 0 1 4 4
3905.3 2740.2 -14.8 30 0 13.1 9.4 5.0 2.5 2 0 2 5 5
3827.8 2614.6 -17.5 31 0 12.8 11.3 2.5 2.5 2 0 1 1 1
3848.4 2654.1 -16.6 37 0 6.3 11.8 5.0 2.5 2 1 2 2 2
3876.3 2695.6 -15.7 32 0 11.7 11.7 5.0 2.5 2 0 2 4 4
3856.7 2663.2 -16.5 32 0 14.1 8.7 7.5 2.5 2 0 3 3 3
3831.8 2663.0 -16.2 40 0 15.3 11.9 7.5 2.5 2 0 3 3 3
3872.5 2714.6 -15.0 33 0 4.4 12.4 2.5 2.5 2 1 1 0 0
3812.8 2620.9 -17.2 37 0 6.2 12.4 5.0 2.5 2 1 2 5 5
3786.5 2586.4 -17.8 29 0 5.9 8.4 2.5 2.5 2 1 1 4 4
3889.6 2715.1 -15.3 31 0 13.9 11.0 5.0 2.5 2 0 2 1 1
3856.1 2686.8 -15.7 34 0 6.1 12.9 7.5 2.5 2 1 3 1 1
3888.9 2741.8 -14.5 32 0 11.2 7.0 2.5 0.0 0 0 1 2 2
3805.2 2588.9 -17.7 31 0 10.0 11.0 2.5 2.5 2 1 1 4 4
3866.5 2675.4 -16.3 32 0 13.9 8.9 5.0 2.5 2 0 2 1 1
3835.7 2629.0 -17.2 37 0 7.4 14.7 2.5 2.5 2 1 1 1 1
3872.9 2733.1 -14.7 210 0 8.7 6.1 5.0 2.5 2 0 2 4 4
3611.0 1982.0 -18.1 203 0 4.3 10.1 2.5 2.5 2 1 1 3 3
3913.0 2719.0 -15.7 212 0 10.9 7.0 5.0 2.5 2 0 2 4 4
3773.7 2436.5 -19.3 110 0 10.7 5.8 5.0 2.5 2 0 2 3 3
3859.0 2586.3 -18.4 211 0 22.6 8.1 2.5 2.5 2 0 1 0 0
3789.9 2132.0 -21.6 116 0 6.8 7.6 7.5 0.0 0 1 3 0 0
3831.9 2597.9 -18.0 210 0 15.5 10.3 2.5 2.5 2 0 1 3 3
3765.2 2457.2 -19.1 201 0 10.1 9.1 5.0 2.5 4 0 2 4 4
3856.5 2635.4 -17.6 211 0 13.8 8.4 2.5 2.5 2 0 1 2 2
3633.1 2325.3 -16.5 90 0 5.3 5.6 5.0 2.5 2 1 2 5 5
3624.9 2324.1 -16.1 91 0 6.5 7.0 5.0 2.5 2 1 2 1 1
3611.1 1965.4 -17.9 109 0 4.4 5.1 7.5 2.5 2 1 3 0 0
3925.2 2668.3 -17.0 27 0 6.4 7.1 7.5 2.5 2 1 3 0 0
3722.3 2466.1 -18.3 289 0 5.3 5.9 7.5 2.5 2 0 3 3 3
3881.5 2551.2 -18.9 27 0 16.1 12.0 7.5 2.5 2 0 3 2 2
3787.6 2211.7 -21.3 204 0 13.5 11.6 2.5 2.5 2 0 1 4 4
3844.2 2617.6 -17.8 209 0 16.8 9.7 2.5 2.5 2 0 1 2 2
3928.5 2298.3 -22.0 28 0 15.5 10.0 2.5 2.5 2 0 1 5 5
3674.7 2344.3 -18.8 2 0 9.7 14.8 7.5 2.5 2 1 3 3 3
3749.0 2160.3 -21.1 205 0 12.7 11.5 5.0 2.5 2 0 2 2 2
3832.8 2573.5 -18.3 211 0 6.4 10.2 2.5 2.5 2 1 1 5 5
3894.4 2671.7 -17.2 208 0 4.9 25.7 2.5 2.5 2 1 1 1 1
3645.4 2325.4 -17.4 92 0 10.4 12.1 5.0 2.5 2 1 2 4 4
3929.9 2675.3 -16.9 33 0 9.7 7.2 5.0 0.0 0 0 2 4 4
3902.7 2706.8 -16.0 211 0 8.2 13.5 5.0 2.5 4 1 2 2 2
3796.5 2532.4 -19.4 211 0 7.4 16.4 5.0 0.0 0 1 2 0 0
3787.3 2448.4 -19.3 19 0 14.7 4.8 5.0 2.5 4 0 2 1 1
3885.5 2679.0 -16.6 208 0 12.4 9.3 2.5 2.5 2 0 1 5 5
3837.4 2555.5 -18.8 210 0 18.4 6.0 5.0 2.5 2 0 2 4 4
3882.8 2645.8 -17.5 205 0 10.5 7.5 5.0 2.5 2 0 2 4 4
3895.4 2255.0 -21.9 28 0 14.0 9.9 5.0 2.5 2 0 2 0 0
3802.1 2544.5 -19.1 213 0 11.7 8.6 5.0 0.0 0 0 2 2 2
3877.2 2667.7 -16.8 210 0 10.9 8.3 5.0 0.0 0 0 2 0 0
3949.3 2711.3 -16.7 210 0 8.7 6.6 7.5 2.5 2 0 3 3 3
3708.4 2224.8 -19.7 291 0 9.3 6.9 5.0 2.5 4 0 2 5 5
3823.0 2545.9 -19.0 212 0 5.7 11.4 2.5 2.5 2 0 1 0 0
3896.8 2694.5 -16.2 214 0 11.6 9.7 5.0 2.5 2 0 2 1 1
3795.3 2229.1 -21.3 204 0 13.5 11.6 5.0 2.5 2 0 2 5 5
3867.9 2653.4 -17.1 212 0 11.7 7.8 5.0 2.5 2 0 2 4 4
3918.1 2711.9 -16.2 210 0 4.2 15.9 5.0 2.5 2 1 2 2 2
3854.8 2606.2 -18.0 211 0 6.3 11.5 5.0 2.5 2 1 2 3 3
3650.5 2039.5 -19.5 196 0 5.8 10.3 7.5 2.5 4 1 3 1 1
3776.7 2141.5 -21.4 117 0 11.3 5.1 5.0 2.5 2 0 2 4 4
3826.0 2531.6 -19.4 212 0 12.3 4.9 7.5 2.5 2 0 3 4 4
3880.3 2627.4 -17.9 207 0 22.0 5.5 7.5 2.5 2 0 3 2 2
3824.2 2582.8 -18.1 212 0 11.2 9.7 5.0 2.5 2 0 2 5 5
3888.4 2657.4 -17.2 209 0 4.5 10.8 7.5 2.5 2 1 3 2 2
3792.7 2515.5 -19.3 207 0 6.0 8.7 5.0 2.5 2 1 2 5 5
3693.4 2203.2 -18.8 296 0 5.4 12.3 5.0 2.5 2 1 2 2 2
3742.8 2457.5 -18.7 19 0 8.7 19.5 7.5 2.5 2 0 3 5 5
3811.5 2555.3 -18.8 212 0 9.3 14.8 5.0 2.5 2 0 2 3 3
4462.0 2609.7 -20.9 360 0 4.8 6.3 5.0 2.5 2 1 2 2 2
4507.4 2646.5 -20.7 197 0 6.3 4.6 7.5 2.5 2 0 3 1 1
4150.7 3159.0 -16.4 47 0 6.0 10.8 7.5 2.5 2 1 3 5 5
4611.9 2661.3 -19.9 11 0 5.4 13.5 7.5 2.5 2 1 3 2 2
4844.1 2586.0 -20.5 303 0 15.4 6.3 5.0 2.5 2 0 2 2 2
5002.0 2061.4 -15.9 307 0 9.7 7.3 5.0 2.5 2 0 2 1 1
4546.2 2725.4 -21.8 359 0 6.7 6.9 7.5 2.5 2 1 3 3 3
3995.7 3362.6 -10.6 122 0 4.2 7.1 7.5 2.5 2 1 3 4 4
4044.4 3420.4 -14.0 214 0 4.3 11.2 5.0 2.5 2 1 2 2 2
4831.9 2592.1 -20.7 301 0 4.5 4.7 7.5 2.5 2 1 3 0 0
4626.8 2432.3 -22.6 327 0 3.4 7.2 5.0 2.5 2 1 2 5 5
4495.7 2764.5 -23.0 8 0 5.9 10.1 7.5 2.5 4 0 3 1 1
4640.9 2437.5 -22.4 328 0 4.5 10.1 7.5 0.0 0 1 3 5 5
4070.4 2952.0 -16.9 211 0 5.1 9.5 7.5 2.5 2 0 3 0 0
4452.2 2594.0 -21.3 0 0 6.1 7.5 7.5 2.5 2 1 3 4 4
4351.9 3170.8 -19.0 313 0 6.7 9.3 2.5 2.5 2 1 1 3 3
4453.3 2621.1 -21.1 1 0 3.6 4.7 7.5 2.5 4 0 3 0 0
4175.4 3233.3 -12.7 86 0 3.7 7.5 5.0 2.5 2 0 2 0 0
4486.4 2790.1 -23.2 111 0 8.0 7.9 2.5 2.5 2 0 1 5 5
4464.7 2654.2 -21.5 14 0 4.4 11.3 7.5 2.5 2 0 3 1 1
3771.3 3128.6 -14.9 203 0 10.1 6.1 5.0 2.5 4 0 2 3 3
4514.9 2743.8 -22.4 186 0 5.9 4.8 5.0 2.5 2 0 2 4 4
3768.0 3047.1 -12.9 206 0 7.9 4.5 5.0 2.5 2 0 2 5 5
4453.2 2616.0 -21.0 1 0 6.7 4.7 5.0 2.5 2 0 2 5 5
4668.9 2279.0 -23.2 42 0 13.1 5.7 7.5 2.5 4 0 3 3 3
5026.1 2009.4 -15.2 31 0 6.3 5.7 5.0 2.5 2 0 2 3 3
4449.5 2605.9 -20.9 4 0 4.6 3.1 7.5 2.5 2 0 3 4 4
4058.0 3376.4 -15.1 32 0 7.7 5.2 5.0 2.5 2 0 2 0 0
4980.4 2140.0 -15.8 127 0 5.2 9.1 2.5 2.5 2 1 1 5 5
3999.4 3351.3 -11.9 125 0 6.5 23.4 7.5 2.5 2 1 3 5 5
4116.0 3389.4 -15.5 266 0 6.2 15.2 2.5 2.5 2 0 1 0 0
4466.7 2637.4 -21.2 14 0 6.8 4.5 5.0 2.5 2 0 2 4 4
4086.5 3025.6 -17.7 91 0 11.1 10.6 5.0 0.0 0 0 2 0 0
4474.9 2716.5 -22.4 0 0 5.9 12.3 7.5 2.5 2 1 3 5 5
4439.0 2606.6 -21.2 184 0 4.6 7.4 7.5 2.5 4 0 3 3 3
5018.6 2100.9 -14.9 123 0 3.9 8.3 5.0 2.5 2 0 2 5 5
4591.4 2507.0 -21.2 329 0 5.8 16.0 5.0 2.5 2 1 2 0 0
4030.5 3407.8 -12.7 212 0 13.2 6.2 7.5 2.5 2 0 3 2 2
4392.6 2377.0 -22.9 77 0 13.8 13.1 7.5 2.5 2 0 3 3 3
4605.1 2489.7 -21.5 58 0 5.3 6.1 7.5 2.5 4 0 3 4 4
3939.1 3125.7 -12.3 189 0 5.4 8.6 7.5 2.5 2 1 3 2 2
5023.2 2107.9 -14.7 123 0 3.9 6.2 7.5 2.5 2 0 3 3 3
4922.0 2251.5 -16.8 306 0 5.5 8.7 7.5 2.5 2 1 3 1 1
4485.0 2559.7 -20.9 342 0 7.7 8.9 5.0 2.5 2 0 2 5 5
4820.2 2158.8 -20.8 307 0 5.8 7.8 5.0 2.5 2 1 2 0 0
4008.4 3260.6 -13.3 176 0 9.0 13.8 2.5 2.5 2 0 1 0 0
4172.4 3248.8 -13.7 356 0 10.3 28.6 7.5 2.5 2 0 3 3 3
4269.8 2984.0 -21.7 210 0 15.8 11.3 5.0 2.5 2 0 2 2 2
3936.6 -2735.6 -0.1 84 0 5.3 7.6 5.0 2.5 2 1 2 1 1
3752.0 -2854.0 -7.7 266 0 8.8 18.9 5.0 2.5 4 0 2 3 3
4287.9 -2075.9 -22.0 64 0 12.4 5.7 5.0 2.5 2 0 2 0 0
3965.1 -2857.5 -7.6 49 0 7.1 9.4 5.0 2.5 2 1 2 1 1
4011.8 -2757.5 -6.2 353 0 12.4 11.8 7.5 2.5 2 0 3 5 5
6161.1 1983.6 -14.0 28 0 9.2 30.7 7.5 2.5 2 1 3 0 0
4159.5 -2385.8 -17.6 51 0 12.9 7.5 2.5 2.5 2 0 1 2 2
6247.7 2160.5 -14.5 295 0 11.3 9.4 7.5 2.5 4 0 3 5 5
4412.3 -2067.3 -22.5 233 0 12.1 5.7 7.5 2.5 2 0 3 5 5
6421.8 1988.4 -15.5 23 0 12.6 16.7 5.0 2.5 2 1 2 2 2
3892.9 -2991.0 -10.4 297 0 7.2 10.3 2.5 2.5 2 1 1 1 1
4546.3 -1909.2 -22.9 69 0 5.5 10.4 2.5 2.5 2 1 1 0 0
3815.4 -2931.0 -9.4 54 0 28.7 10.1 10.0 2.5 2 0 4 4 4
3890.4 -2870.9 -6.8 54 0 11.4 8.1 5.0 2.5 2 0 2 5 5
4197.7 -2557.4 -13.9 324 0 16.7 6.1 2.5 2.5 4 0 1 2 2
4021.2 -2771.9 -8.0 355 0 5.5 10.2 2.5 2.5 2 1 1 5 5
4304.9 -2125.2 -21.7 231 0 4.9 13.3 5.0 2.5 2 1 2 1 1
4713.6 -1990.2 -24.1 70 0 9.8 6.8 2.5 2.5 2 0 1 1 1
4369.9 -2065.6 -22.3 245 0 14.1 8.3 7.5 2.5 2 0 3 3 3
4563.8 -1857.6 -22.7 343 0 15.6 6.4 5.0 2.5 2 0 2 2 2
3927.2 -2829.0 -8.3 85 0 10.0 6.5 7.5 2.5 2 0 3 0 0
6247.7 1787.6 -15.5 304 0 18.7 11.1 2.5 2.5 2 0 1 2 2
4368.3 -2004.1 -22.6 335 0 9.2 14.7 5.0 2.5 2 1 2 3 3
4283.0 -2038.0 -22.3 333 0 4.2 7.6 5.0 2.5 2 1 2 5 5
4170.4 -2532.1 -13.2 348 0 4.7 7.7 5.0 2.5 2 1 2 5 5
4007.4 -2779.8 -9.1 2 0 9.1 12.5 7.5 2.5 2 1 3 4 4
3955.5 -2487.0 -1.3 349 0 19.3 8.4 5.0 2.5 2 0 2 1 1
4738.2 -2022.3 -23.2 271 0 4.9 8.6 5.0 2.5 2 0 2 0 0
4105.0 -2477.1 -11.1 346 0 9.9 8.7 7.5 0.0 0 0 3 1 1
4163.2 -2511.6 -13.7 344 0 5.8 3.8 7.5 0.0 0 0 3 5 5
3874.6 -2841.8 -7.3 262 0 11.4 5.3 7.5 2.5 2 0 3 3 3
4533.2 -1845.6 -22.7 251 0 5.0 22.6 5.0 2.5 4 1 2 0 0
4371.7 -2078.1 -22.2 255 0 4.9 8.3 5.0 2.5 2 1 2 2 2
4090.7 -2674.2 -5.8 36 0 8.9 7.6 5.0 2.5 2 0 2 4 4
4511.5 -1961.3 -23.4 60 0 15.8 5.1 7.5 2.5 2 0 3 4 4
3986.9 -2904.8 -2.9 266 0 7.8 11.0 7.5 2.5 2 1 3 3 3
4800.2 -1977.8 -23.3 247 0 5.1 9.3 7.5 2.5 2 1 3 1 1
4033.0 -2737.8 -3.0 84 0 4.2 7.1 5.0 2.5 2 0 2 4 4
3948.6 -2469.4 -3.5 60 0 13.1 35.3 12.5 2.5 2 1 5 1 1
3854.3 -2862.1 -6.5 265 0 14.8 6.7 5.0 2.5 2 0 2 5 5
3817.7 -2908.5 -8.8 355 0 4.3 11.9 7.5 2.5 2 1 3 5 5
6261.6 2108.5 -14.9 295 0 6.0 11.5 5.0 2.5 2 1 2 4 4
6287.4 1895.3 -15.1 108 0 31.1 13.9 10.0 0.0 0 0 4 5 5
4421.5 -2019.9 -22.7 69 0 13.7 9.5 5.0 2.5 2 0 2 5 5
4356.1 -2296.0 -21.2 56 0 8.5 14.0 5.0 2.5 4 1 2 4 4
4942.2 -1875.6 -23.9 153 0 6.7 9.0 5.0 0.0 0 1 2 4 4
4173.0 -2446.6 -16.8 259 0 6.5 13.2 5.0 2.5 2 1 2 1 1
4803.1 -2000.6 -23.1 77 0 8.3 6.8 5.0 2.5 2 0 2 0 0
6428.4 1951.4 -15.4 26 0 72.4 16.9 10.0 2.5 2 0 4 4 4
4159.1 -2514.6 -13.2 345 0 6.8 4.1 2.5 2.5 2 0 1 1 1
4511.0 -1977.0 -23.5 153 0 7.7 14.2 5.0 2.5 2 1 2 5 5
3865.9 -2832.5 -7.8 87 0 6.2 13.3 5.0 2.5 2 1 2 0 0
4351.5 -2078.0 -22.2 251 0 9.0 9.2 5.0 2.5 2 1 2 1 1
4089.4 -2472.1 -10.1 347 0 4.8 8.4 5.0 2.5 2 1 2 2 2
4176.7 -2392.8 -17.8 66 0 5.7 8.9 2.5 2.5 2 1 1 4 4
4272.7 -2077.2 -22.0 81 0 6.3 8.7 7.5 0.0 0 1 3 1 1
4218.8 -2499.7 -17.5 143 0 11.0 10.9 5.0 2.5 2 0 2 4 4
6376.7 2007.8 -15.2 26 0 15.8 49.0 5.0 0.0 0 1 2 5 5
4176.4 -2590.3 -12.0 81 0 5.4 8.5 7.5 2.5 2 1 3 2 2
6227.9 1918.7 -14.5 111 0 59.6 12.1 10.0 2.5 2 0 4 1 1
4471.1 -1998.2 -23.1 70 0 9.5 8.2 7.5 2.5 2 0 3 5 5
6172.1 2159.6 -14.4 294 0 20.6 8.8 2.5 2.5 2 0 1 0 0
3988.4 -2792.9 -9.7 88 0 6.4 9.7 7.5 2.5 2 1 3 5 5
6245.6 1606.0 -16.4 34 0 13.9 5.0 7.5 2.5 2 0 3 5 5
4397.8 -1982.9 -22.7 246 0 20.1 8.8 5.0 2.5 2 0 2 4 4
4133.7 -2464.4 -13.9 343 0 9.2 7.4 7.5 2.5 2 0 3 4 4
4317.4 -2097.4 -21.9 196 0 5.0 6.3 5.0 2.5 2 1 2 2 2
4364.6 -2039.8 -22.5 67 0 6.0 12.3 7.5 2.5 4 1 3 5 5
4927.5 -1864.9 -24.0 145 0 7.9 5.6 7.5 2.5 2 0 3 4 4
3842.3 -2835.4 -7.4 87 0 10.8 7.6 5.0 2.5 2 0 2 3 3
6102.6 2192.1 -14.2 203 0 8.5 27.2 5.0 2.5 2 1 2 0 0
5746.0 894.0 -13.3 206 0 4.5 7.9 5.0 2.5 4 1 2 3 3
3991.1 -2759.0 -4.9 80 0 6.0 7.8 7.5 0.0 0 1 3 5 5
4161.9 -2625.4 -11.5 256 0 5.7 5.6 5.0 2.5 2 0 2 5 5
4761.5 -2077.5 -22.2 62 0 5.8 7.2 5.0 2.5 2 1 2 5 5
6097.8 1321.9 -17.2 123 0 5.8 9.7 2.5 2.5 2 1 1 0 0
4017.7 -2420.1 -8.5 55 0 5.2 7.4 7.5 0.0 0 1 3 2 2
4288.0 -2063.1 -22.2 64 0 4.2 10.2 7.5 0.0 0 1 3 3 3
4229.6 -2569.4 -15.7 323 0 11.5 7.2 5.0 2.5 2 0 2 3 3
4170.0 -2630.7 -12.0 257 0 6.6 10.0 7.5 2.5 4 1 3 2 2
4375.8 -2290.6 -21.4 323 0 6.2 16.5 2.5 2.5 2 1 1 0 0
4327.0 -2164.1 -21.7 234 0 12.7 6.7 5.0 2.5 2 0 2 5 5
4096.3 -2720.0 -6.8 78 0 4.4 9.5 5.0 2.5 2 0 2 4 4
4400.6 -2051.1 -22.6 245 0 9.1 6.5 5.0 2.5 2 0 2 3 3
3937.3 -2745.2 -1.7 84 0 8.9 6.4 5.0 2.5 2 0 2 3 3
5765.0 887.1 -13.5 116 0 7.1 4.5 5.0 2.5 4 0 2 2 2
4017.5 -2731.3 -2.0 352 0 5.0 9.5 5.0 2.5 2 1 2 4 4
4513.9 -1825.2 -22.8 252 0 18.3 8.1 2.5 2.5 2 0 1 0 0
6104.9 2214.4 -12.9 293 0 10.2 7.1 7.5 2.5 2 0 3 5 5
4024.6 -2739.2 -3.0 84 0 5.8 11.2 7.5 2.5 2 1 3 1 1
4217.3 -2553.6 -15.5 328 0 9.8 7.6 5.0 2.5 2 0 2 0 0
3963.4 -2913.5 -4.7 315 0 13.5 11.1 5.0 2.5 2 0 2 2 2
4369.2 -1970.0 -22.6 158 0 7.8 10.7 2.5 2.5 2 1 1 3 3
3908.6 -2826.8 -8.3 83 0 14.4 7.9 2.5 2.5 2 0 1 4 4
4439.4 -1979.8 -23.0 247 0 7.0 17.8 2.5 2.5 2 1 1 3 3
4305.9 -2377.3 -19.8 84 0 19.9 7.3 5.0 2.5 2 0 2 2 2
4212.7 -2582.4 -14.3 51 0 4.5 13.6 5.0 2.5 2 1 2 0 0
4755.4 -1997.9 -23.5 260 0 7.3 5.9 7.5 2.5 2 0 3 3 3
6090.5 2118.2 -14.5 177 0 38.9 11.4 15.0 0.0 0 0 6 1 1
4365.3 -2094.2 -22.1 249 0 11.1 4.6 2.5 2.5 2 0 1 2 2
4749.2 -2013.9 -23.2 265 0 5.1 8.1 5.0 2.5 4 1 2 0 0
3920.5 -2554.3 1.9 327 0 16.0 7.5 7.5 0.0 0 0 3 4 4
4493.2 -1986.2 -23.3 61 0 8.8 4.8 7.5 2.5 2 0 3 0 0
4730.6 2314.0 -22.5 219 0 6.3 7.8 2.5 2.5 4 1 1 5 5
3767.4 -2917.8 -8.8 175 0 6.9 11.6 2.5 2.5 2 1 1 1 1
6119.7 2145.6 -14.4 201 0 10.0 20.4 3.5 2.5 2 1 1 5 5
4069.1 -2668.5 -3.9 17 0 7.8 6.4 7.5 2.5 2 0 3 3 3
4150.1 -2562.7 -10.9 170 0 10.3 7.1 5.0 2.5 2 0 2 0 0
5792.3 890.0 -13.9 24 0 18.7 10.2 5.0 2.5 2 0 2 1 1
4346.2 -2121.5 -21.8 228 0 11.6 8.6 5.0 2.5 2 0 2 1 1
4445.1 -1954.0 -23.2 66 0 13.2 5.7 7.5 2.5 4 0 3 1 1
4266.6 -2386.4 -19.2 81 0 10.2 7.0 5.0 2.5 2 0 2 2 2
3769.4 -2843.3 -6.4 89 0 5.0 9.0 5.0 2.5 2 1 2 2 2
4739.8 -2066.5 -22.4 157 0 7.5 7.3 5.0 2.5 2 0 2 0 0
3983.9 -2763.1 -5.4 83 0 5.9 10.2 7.5 2.5 2 1 3 5 5
4703.5 -2032.4 -23.4 109 0 11.3 5.5 2.5 0.0 0 0 1 5 5
6219.6 1796.4 -15.3 214 0 5.9 9.0 7.5 2.5 2 1 3 0 0
4168.1 -2647.4 -11.5 73 0 5.3 5.6 5.0 2.5 2 1 2 0 0
4087.0 -2484.8 -9.4 341 0 13.6 4.1 7.5 0.0 0 0 3 3 3
3975.8 -2492.3 -1.5 346 0 8.9 7.3 5.0 2.5 4 0 2 3 3
4072.2 -2761.7 -7.6 87 0 6.7 11.3 5.0 2.5 2 1 2 0 0
3805.7 -2823.8 -7.2 105 0 10.4 4.6 5.0 2.5 2 0 2 4 4
4557.0 -1834.1 -22.7 343 0 8.3 18.1 7.5 2.5 2 1 3 5 5
4149.8 -2633.7 -10.4 264 0 6.1 10.7 7.5 2.5 2 1 3 2 2
6370.6 2081.0 -15.3 300 0 40.5 11.2 10.0 2.5 2 0 4 2 2
3780.6 -2880.7 -8.4 265 0 8.7 17.0 7.5 2.5 2 1 3 1 1
4154.7 -2589.5 -10.9 172 0 10.5 7.1 2.5 2.5 2 0 1 0 0
4326.6 -2065.0 -22.2 65 0 9.4 4.9 2.5 0.0 0 0 1 3 3
6250.0 1962.1 -14.5 118 0 49.0 11.8 7.5 2.5 2 0 3 1 1
4130.7 -2484.9 -13.2 162 0 5.4 7.1 7.5 2.5 2 1 3 2 2
4386.6 -2017.5 -22.6 157 0 23.0 6.1 5.0 2.5 2 0 2 0 0
3960.4 -2735.8 -1.3 354 0 7.1 12.1 7.5 0.0 0 1 3 2 2
6281.8 2043.2 -14.9 295 0 66.4 30.1 7.5 0.0 0 0 3 4 4
4139.7 -2538.1 -12.0 167 0 5.0 17.7 7.5 2.5 4 1 3 1 1
4715.4 -2041.6 -23.1 112 0 5.9 10.7 2.5 2.5 2 1 1 0 0
4166.2 -2566.2 -11.7 174 0 6.8 5.4 2.5 2.5 2 0 1 4 4
3992.4 -3013.5 -4.3 260 0 7.8 11.6 7.5 0.0 0 1 3 4 4
4419.6 -1968.7 -22.9 249 0 10.9 8.2 7.5 2.5 2 0 3 3 3
5775.6 919.4 -13.0 297 0 11.1 5.0 2.5 2.5 2 0 1 0 0
4738.3 -2012.5 -23.4 271 0 4.9 9.8 5.0 2.5 2 0 2 5 5
4087.9 -2764.4 -7.8 84 0 5.3 8.3 5.0 2.5 2 1 2 3 3
3802.0 -2842.1 -6.7 105 0 12.4 6.1 5.0 2.5 2 0 2 4 4
3893.9 -2828.5 -8.1 85 0 7.3 9.1 5.0 2.5 2 1 2 0 0
3888.8 -3008.2 -10.2 7 0 4.7 11.3 5.0 2.5 2 1 2 0 0
3798.8 -2945.3 -9.6 50 0 8.2 13.2 5.0 2.5 2 1 2 0 0
4807.0 -1973.1 -23.2 256 0 3.6 6.8 5.0 2.5 2 0 2 0 0
4028.2 -2714.3 -1.6 353 0 5.0 9.5 5.0 2.5 2 1 2 3 3
4567.4 -1869.4 -22.8 343 0 9.2 13.0 2.5 2.5 2 0 1 2 2
4087.4 -2705.3 -6.6 258 0 6.8 16.3 7.5 2.5 4 0 3 5 5
4174.4 -2612.0 -12.3 256 0 11.9 9.9 7.5 2.5 2 0 3 0 0
4121.2 -2469.2 -13.2 163 0 11.0 6.0 5.0 2.5 2 0 2 1 1
4102.4 -2718.7 -7.2 78 0 8.1 14.8 5.0 2.5 2 0 2 0 0
4812.0 -1971.9 -23.2 256 0 6.7 17.8 5.0 2.5 2 0 2 3 3
3944.8 -2537.5 1.0 349 0 8.8 10.9 5.0 2.5 2 0 2 0 0
4160.3 -2619.0 -11.7 256 0 18.7 6.5 7.5 2.5 2 0 3 2 2
-5650.7 -1277.1 -20.3 147 0 9.2 15.2 5.0 2.5 2 1 2 4 4
3841.0 -2427.9 -1.2 241 0 34.2 14.7 10.0 2.5 2 0 4 5 5
4383.9 -1875.5 -22.6 252 0 10.7 12.7 10.0 2.5 4 1 4 3 3
4399.6 -1878.2 -22.6 249 0 5.4 16.9 7.5 2.5 2 1 3 0 0
4388.8 -1893.1 -22.7 250 0 7.3 8.0 5.0 2.5 4 1 2 0 0
4412.7 -1849.8 -22.7 160 0 6.1 11.0 2.5 2.5 2 1 1 5 5
4410.3 -1833.9 -22.6 249 0 12.4 4.7 7.5 2.5 4 0 3 0 0
4401.6 -1851.6 -22.6 159 0 9.5 5.7 2.5 2.5 2 0 1 4 4
-6796.2 3240.8 -5.0 60 0 16.6 10.0 5.0 2.5 2 0 2 0 0
-6617.3 3331.4 -1.9 62 0 8.6 7.1 5.0 2.5 2 0 2 2 2
-4759.0 393.0 -13.1 5 0 3.2 3.9 5.0 2.5 4 1 2 3 3
-5412.3 7933.0 0.8 41 0 3.6 3.4 5.0 0.0 0 0 2 3 3
-5296.3 7917.1 5.8 45 0 3.6 6.8 7.5 2.5 2 1 3 0 0
-5281.7 7960.2 2.6 224 0 5.7 4.7 5.0 2.5 2 0 2 4 4
-5248.0 7965.3 2.7 43 0 4.5 5.9 7.5 2.5 2 1 3 3 3
-5236.3 7835.9 9.3 62 0 7.3 5.9 2.5 2.5 2 0 1 1 1
-5186.3 7464.9 17.5 298 0 6.9 6.1 2.5 2.5 2 0 1 4 4
-5147.5 7585.2 14.5 29 0 7.4 10.3 7.5 2.5 2 1 3 5 5
-5214.3 38.1 -16.3 144 0 5.9 7.4 7.5 2.5 2 1 3 4 4
1505.2 5587.6 -3.8 96 0 5.5 14.0 7.5 0.0 0 1 3 0 0
1531.5 5595.0 -4.5 274 0 13.8 9.2 7.5 2.5 2 0 3 3 3
221.5 -3431.0 -10.1 336 0 11.8 4.5 2.5 2.5 2 0 1 3 3
298.0 -3551.8 -7.6 35 0 12.0 7.8 7.5 2.5 2 0 3 3 3
267.1 -3529.2 -8.1 215 0 12.3 8.9 7.5 2.5 2 0 3 3 3
189.2 -3444.8 -10.0 157 0 11.3 7.8 5.0 2.5 2 0 2 4 4
153.7 -3360.3 -11.8 304 0 12.4 5.3 5.0 2.5 2 0 2 4 4
113.0 -3351.8 -12.2 215 0 14.7 9.0 5.0 2.5 2 0 2 0 0
125.6 -3460.2 -10.1 157 0 6.4 11.7 5.0 2.5 2 1 2 2 2
143.7 -3477.4 -9.8 67 0 15.7 5.5 5.0 2.5 2 0 2 5 5
163.4 -3467.8 -10.0 66 0 8.5 18.0 7.5 2.5 2 1 3 5 5
1126.6 2821.4 -0.8 158 0 4.4 11.6 7.5 2.5 2 1 3 0 0
-4105.5 -4607.9 -12.2 320 0 8.6 7.9 7.5 2.5 2 0 3 3 3
-4354.3 -4319.8 -4.5 327 0 12.6 7.9 5.0 2.5 2 0 2 4 4
-4501.4 -4218.5 -7.8 316 0 13.1 8.3 5.0 2.5 2 0 2 2 2
-4533.8 -4364.9 -15.5 67 0 11.9 7.5 2.5 2.5 2 0 1 4 4
3596.3 2432.5 -13.5 13 0 11.7 11.8 7.5 2.5 2 1 3 1 1
-1956.9 -7397.3 -18.3 246 0 11.8 10.2 2.5 2.5 2 0 1 0 0
-1934.7 -7380.1 -18.4 246 0 6.3 12.2 5.0 2.5 2 1 2 0 0
