-4974.5 -7177.3 -6.8 213 0 8.5 7.2 2.5 2.5 2 0 1 4 4
6362.5 -1426.5 -19.6 265 0 16.6 9.6 7.5 2.5 2 0 3 1 1
6421.3 -1522.7 -21.2 43 0 31.7 7.3 7.5 2.5 2 0 3 2 2
6350.7 -1480.5 -16.8 85 0 9.6 16.6 5.0 2.5 2 1 2 2 2
6460.7 -1480.4 -21.2 318 0 7.5 31.7 5.0 2.5 2 1 2 0 0
6297.3 -1250.2 -20.4 45 0 20.6 32.5 12.5 0.0 0 1 5 2 2
6312.5 -1254.3 -18.9 41 0 9.2 7.0 7.5 2.5 2 0 3 4 4
6274.2 -1270.9 -20.7 47 0 13.6 6.3 7.5 2.5 2 0 3 5 5
6223.6 -1256.3 -20.6 154 0 15.3 16.4 2.5 0.0 0 0 1 3 3
-3540.6 -5799.3 -5.1 72 0 12.7 8.4 5.0 2.5 2 0 2 4 4
-2798.5 -5003.5 4.2 333 0 10.7 6.8 2.5 2.5 2 0 1 1 1
-3487.3 -5765.3 -6.1 52 0 12.1 7.9 7.5 2.5 4 0 3 3 3
-3447.9 -5698.3 -6.9 143 0 9.0 10.1 7.5 2.5 2 1 3 3 3
-3405.6 -5765.8 -7.6 342 0 7.9 9.4 7.5 2.5 2 1 3 0 0
-3230.4 -5987.4 0.0 87 0 8.3 7.2 7.5 0.0 0 0 3 1 1
-3351.2 -5732.5 -6.9 164 0 9.0 10.0 5.0 2.5 2 1 2 4 4
-3253.0 -5990.9 -0.4 87 0 7.1 6.3 2.5 2.5 2 0 1 3 3
-3323.0 -5689.7 -4.4 68 0 17.5 10.4 5.0 2.5 2 0 2 5 5
-3288.0 -5675.6 -1.9 60 0 7.8 12.7 7.5 2.5 2 1 3 2 2
-3195.3 -5718.2 2.7 23 0 7.4 13.6 7.5 2.5 2 1 3 4 4
-3180.0 -5694.3 4.7 41 0 6.8 10.9 5.0 0.0 0 0 2 5 5
-3737.4 -5935.3 -0.9 83 0 8.6 21.2 5.0 0.0 0 1 2 5 5
-3238.9 -5649.2 0.6 227 0 14.5 13.1 12.5 2.5 2 0 5 2 2
-3345.1 -5998.6 -2.4 268 0 7.0 5.0 5.0 2.5 2 0 2 3 3
-3257.1 -5646.9 0.1 48 0 17.3 9.5 7.5 0.0 0 0 3 2 2
-3174.6 -5636.4 5.4 210 0 7.5 14.7 2.5 2.5 2 1 1 3 3
-3205.7 -5632.9 3.4 30 0 9.3 11.5 7.5 2.5 2 1 3 3 3
-3181.8 -5552.1 7.6 33 0 8.9 13.3 5.0 2.5 2 1 2 3 3
-3147.9 -5464.7 7.3 27 0 9.4 8.1 7.5 2.5 2 0 3 3 3
-3117.7 -5361.1 1.1 17 0 8.5 11.5 7.5 2.5 2 1 3 3 3
-3098.3 -5379.1 4.2 198 0 4.0 9.7 5.0 2.5 2 0 2 0 0
-2826.5 -4787.7 1.5 96 0 7.5 8.1 7.5 2.5 2 1 3 4 4
-3101.8 -5415.9 5.4 107 0 10.7 6.3 7.5 2.5 4 0 3 0 0
-3073.1 -5329.3 2.2 11 0 9.0 8.6 5.0 2.5 2 0 2 3 3
-3089.7 -5194.7 -0.9 290 0 8.1 16.4 5.0 0.0 0 1 2 0 0
-3193.7 -5219.6 -4.4 207 0 10.3 7.7 2.5 2.5 2 0 1 1 1
-3256.6 -5194.0 -5.7 207 0 5.0 7.1 7.5 2.5 2 1 3 4 4
-6907.6 -2478.4 -13.5 318 0 7.5 11.8 7.5 0.0 0 1 3 2 2
-3496.5 -5182.1 -4.3 271 0 7.8 7.3 7.5 2.5 2 0 3 1 1
-3451.6 -5189.6 -5.4 277 0 8.2 7.4 7.5 2.5 2 0 3 4 4
-3687.4 -4387.8 -7.4 177 0 8.0 14.7 7.5 2.5 2 1 3 4 4
-6722.6 -2388.6 -15.7 85 0 15.0 8.7 5.0 2.5 2 0 2 2 2
-6630.2 -2309.1 -15.1 191 0 13.2 12.9 5.0 2.5 2 0 2 1 1
-3655.2 -4098.6 -5.4 219 0 8.5 8.1 7.5 2.5 4 0 3 4 4
-2608.9 -3213.1 6.5 151 0 14.8 10.4 10.0 2.5 2 0 4 4 4
-6008.9 -2493.1 -15.0 257 0 20.0 10.4 5.0 2.5 2 0 2 4 4
-3132.8 -4981.6 -5.5 208 0 8.8 8.8 7.5 2.5 2 1 3 2 2
-6328.7 -1872.2 -11.6 244 0 19.8 9.9 2.5 2.5 4 0 1 0 0
-2943.3 -4845.6 -2.6 291 0 6.3 10.1 7.5 2.5 2 1 3 3 3
-6568.7 -1535.4 -11.3 64 0 9.8 8.8 5.0 2.5 2 0 2 1 1
-6788.9 -1196.3 -11.7 223 0 10.1 16.1 7.5 2.5 2 1 3 3 3
-6514.8 -1308.6 -9.9 166 0 7.0 12.5 7.5 2.5 4 1 3 5 5
-6086.1 -1351.0 -11.6 69 0 7.9 17.7 7.5 2.5 2 1 3 0 0
-6119.6 -4641.3 -8.3 142 0 12.0 9.0 5.0 2.5 2 0 2 3 3
-4763.0 -1307.7 -0.9 279 0 10.1 13.7 2.5 2.5 4 1 1 4 4
-4604.6 -1276.5 -0.3 7 0 9.5 23.2 2.5 2.5 2 1 1 3 3
-4595.8 -1288.5 0.1 187 0 10.0 19.3 5.0 2.5 2 1 2 0 0
-3027.6 -5006.1 -2.4 32 0 7.5 11.7 5.0 2.5 2 1 2 0 0
-4575.3 -1300.3 1.1 188 0 10.2 38.9 10.0 0.0 0 1 4 0 0
-4522.4 -1292.6 3.6 277 0 19.6 10.1 7.5 0.0 0 0 3 2 2
-3655.0 -5850.4 -2.2 81 0 13.7 6.8 2.5 0.0 0 0 1 5 5
-3221.1 -5823.1 0.9 359 0 9.1 7.2 5.0 0.0 0 0 2 0 0
-5878.7 -1087.3 -2.0 96 0 12.9 21.0 7.5 2.5 2 1 3 2 2
-6118.9 -946.5 -8.0 281 0 9.6 13.6 5.0 2.5 2 1 2 4 4
-6393.3 -1019.7 -11.5 349 0 9.1 13.0 7.5 2.5 4 1 3 0 0
-6300.9 -836.1 -9.8 5 0 7.5 13.1 7.5 2.5 4 1 3 2 2
-6121.7 -851.0 -7.8 265 0 8.7 5.6 7.5 2.5 2 0 3 4 4
-5990.5 -771.5 -3.4 25 0 6.2 13.1 7.5 2.5 2 1 3 3 3
-6441.6 -474.4 -5.2 117 0 13.2 8.2 7.5 2.5 2 0 3 5 5
-6522.4 -581.8 -11.3 111 0 7.4 9.9 5.0 2.5 2 1 2 2 2
-6739.3 -589.2 -7.3 28 0 6.6 16.1 7.5 2.5 2 1 3 0 0
-6851.4 -769.1 -10.1 25 0 8.0 17.1 2.5 0.0 0 0 1 0 0
-3145.4 -1519.4 8.6 200 0 9.7 28.5 7.5 0.0 0 1 3 5 5
-3708.3 -5839.7 -1.6 171 0 8.7 5.9 5.0 2.5 2 0 2 4 4
-3519.6 -5562.1 -5.4 136 0 4.2 8.2 5.0 2.5 2 1 2 5 5
-6597.8 -663.0 -12.7 22 0 11.7 7.3 2.5 2.5 2 0 1 4 4
-6916.6 -1105.6 -12.7 314 0 9.4 16.9 5.0 2.5 2 1 2 5 5
-6798.9 -1055.5 -13.5 224 0 8.0 8.5 7.5 2.5 2 1 3 5 5
-3554.0 -5825.5 -4.4 236 0 9.5 22.7 7.5 2.5 2 1 3 0 0
-2804.8 -4909.6 1.8 186 0 12.5 8.7 7.5 2.5 2 0 3 5 5
-3503.9 -5905.0 -5.2 182 0 14.7 8.4 7.5 2.5 2 0 3 1 1
-3411.8 -5839.8 -7.4 179 0 15.3 11.5 7.5 2.5 2 0 3 4 4
-3431.1 -5995.7 -5.1 104 0 8.6 6.6 5.0 2.5 2 0 2 1 1
-3173.1 -5587.6 6.8 201 0 15.9 11.6 5.0 0.0 0 0 2 4 4
-3274.6 -5900.0 -4.1 356 0 6.2 7.4 2.5 2.5 2 0 1 5 5
-2871.0 -1502.4 11.7 26 0 3.0 6.0 7.5 2.5 2 1 3 3 3
-2974.4 -1544.5 8.1 295 0 5.8 9.8 5.0 0.0 0 1 2 1 1
-2866.0 -1491.4 11.6 10 0 4.5 8.0 7.5 0.0 0 1 3 1 1
-2974.0 -1542.4 8.1 291 0 7.3 13.9 5.0 0.0 0 1 2 5 5
-3060.1 -1521.7 6.2 195 0 10.2 19.7 7.5 0.0 0 1 3 5 5
-2970.7 -1528.4 7.9 119 0 11.9 19.6 7.5 0.0 0 1 3 1 1
-3007.9 -1530.8 6.4 324 0 6.9 11.8 5.0 0.0 0 1 2 2 2
-2967.8 -1527.4 8.0 104 0 9.4 15.7 2.5 0.0 0 1 1 5 5
-3058.1 -1522.9 6.3 190 0 9.5 15.6 5.0 0.0 0 1 2 2 2
-2991.1 -1506.2 6.2 13 0 12.8 21.6 10.0 0.0 0 1 4 5 5
-3027.9 -1493.5 4.7 16 0 12.2 21.7 12.5 0.0 0 1 5 0 0
-2991.3 -1509.1 6.1 28 0 17.4 24.1 12.5 0.0 0 1 5 3 3
-3026.3 -1495.1 4.7 21 0 13.2 25.2 7.5 0.0 0 1 3 4 4
-6549.1 -893.2 -12.1 201 0 4.5 4.4 5.0 2.5 2 0 2 5 5
-3316.6 -5875.3 -5.9 178 0 7.5 6.5 7.5 2.5 2 0 3 1 1
-3046.4 -1427.4 3.4 110 0 8.4 18.5 2.5 2.5 2 1 1 0 0
-3362.7 -4547.0 -3.2 122 0 7.0 10.0 2.5 2.5 2 1 1 0 0
-6015.1 -2138.9 -13.5 167 0 8.4 18.1 5.0 2.5 2 1 2 0 0
-2805.1 -4720.0 3.9 9 0 4.8 5.8 5.0 2.5 2 1 2 1 1
-4766.4 -1342.6 0.4 7 0 4.5 5.8 7.5 0.0 0 1 3 4 4
-3137.3 -5319.8 -1.3 209 0 6.9 4.4 7.5 2.5 2 0 3 0 0
-6343.0 -1897.0 -12.2 151 0 5.5 8.5 2.5 2.5 2 1 1 4 4
-6305.2 -1890.2 -11.4 329 0 11.7 5.9 7.5 2.5 2 0 3 0 0
-6336.9 -1913.3 -12.5 147 0 18.6 9.3 7.5 2.5 2 0 3 1 1
-3408.6 -5995.2 -4.4 100 0 4.1 5.9 7.5 2.5 2 0 3 1 1
-6809.6 -1204.8 -11.8 222 0 18.5 7.5 2.5 2.5 4 0 1 0 0
-6555.5 -909.4 -12.2 201 0 7.8 4.3 7.5 2.5 2 0 3 3 3
-3684.9 -5560.2 -3.1 317 0 8.4 6.4 2.5 2.5 4 0 1 0 0
-2987.1 -1402.1 5.3 20 0 16.5 24.4 10.0 2.5 2 1 4 4 4
-4481.9 2066.4 9.5 164 0 6.8 8.1 7.5 2.5 2 1 3 3 3
-2899.7 -4956.4 -1.8 106 0 6.6 16.8 5.0 2.5 2 1 2 3 3
-3237.3 -5927.2 -0.7 178 0 6.4 6.4 5.0 2.5 2 0 2 0 0
-4539.0 -1323.4 3.9 7 0 5.5 14.1 7.5 2.5 2 1 3 0 0
-3093.2 -5336.2 2.0 195 0 8.1 10.2 7.5 2.5 4 1 3 2 2
-3508.0 -5850.4 -5.0 172 0 7.3 5.1 2.5 2.5 2 0 1 3 3
-3462.8 -5923.4 -6.6 7 0 6.4 18.0 7.5 2.5 2 1 3 3 3
-6714.2 -2348.0 -16.4 351 0 10.4 20.1 5.0 2.5 2 1 2 1 1
-6944.7 -2479.5 -13.1 229 0 8.0 20.0 5.0 2.5 2 1 2 1 1
-3220.2 -5582.7 5.1 138 0 4.3 6.0 2.5 2.5 2 0 1 4 4
-2593.6 -3233.3 6.5 57 0 5.1 6.1 5.0 2.5 2 1 2 2 2
-3199.3 -1454.8 6.6 290 0 7.7 19.4 7.5 2.5 2 1 3 4 4
-3398.1 -390.1 14.5 256 0 7.4 7.5 2.5 2.5 2 1 1 5 5
-3323.7 -5662.9 -3.1 239 0 4.1 8.1 5.0 2.5 2 0 2 3 3
-2785.3 -4788.7 2.6 6 0 6.3 7.3 5.0 2.5 2 0 2 5 5
-3449.1 -5240.3 -6.0 8 0 10.2 5.1 5.0 2.5 2 0 2 4 4
-3361.0 -5614.8 -3.0 57 0 4.4 5.6 5.0 2.5 2 1 2 0 0
-6174.2 -1712.2 -6.4 71 0 3.1 5.6 7.5 2.5 2 1 3 3 3
-3409.9 -393.1 14.9 256 0 11.0 3.2 5.0 2.5 2 0 2 1 1
-3201.0 -5651.4 3.2 203 0 9.9 27.8 7.5 2.5 4 1 3 5 5
-3696.6 -5446.7 -3.2 251 0 6.2 6.7 5.0 2.5 2 1 2 0 0
-6413.5 -471.7 -5.6 28 0 14.0 8.0 7.5 2.5 2 0 3 1 1
-6915.1 -2510.1 -12.7 59 0 5.3 5.4 2.5 0.0 0 1 1 1 1
-3632.9 -5890.9 -1.9 83 0 3.6 7.0 7.5 2.5 2 0 3 5 5
-3419.2 -6000.5 -4.4 105 0 3.6 3.1 5.0 2.5 2 0 2 5 5
-3655.8 -5815.5 -2.5 261 0 6.2 5.3 2.5 2.5 2 0 1 1 1
-4489.4 -1301.1 5.0 292 0 5.1 11.8 2.5 2.5 4 1 1 1 1
-2472.7 -3109.2 10.2 327 0 11.0 3.2 5.0 2.5 2 0 2 4 4
-3463.3 -5970.2 -6.6 197 0 7.1 5.2 5.0 2.5 2 0 2 5 5
-3237.1 -5933.5 -0.7 178 0 6.4 6.4 2.5 2.5 2 0 1 5 5
-3654.7 -5869.5 -1.9 258 0 8.7 5.2 5.0 2.5 2 0 2 4 4
-3439.8 -5722.9 -7.0 148 0 5.1 5.1 5.0 2.5 2 1 2 1 1
-6036.5 -2115.4 -12.9 162 0 3.4 7.6 7.5 2.5 2 0 3 3 3
-2770.0 -4675.5 4.7 4 0 5.5 6.9 5.0 0.0 0 1 2 3 3
-3263.3 -5598.3 1.7 315 0 7.5 11.5 5.0 0.0 0 1 2 2 2
-6790.0 -1244.5 -12.4 134 0 10.0 33.6 10.0 2.5 2 1 4 2 2
-3283.9 -5991.9 -1.2 87 0 6.7 6.6 5.0 2.5 2 0 2 5 5
-5995.4 -2108.3 -13.2 349 0 3.8 6.1 5.0 2.5 4 0 2 0 0
-3410.4 -6064.2 -2.6 236 0 8.6 6.8 5.0 2.5 2 0 2 4 4
-3715.2 -5895.2 -0.7 264 0 10.0 6.2 5.0 2.5 2 0 2 3 3
-3291.4 -5727.0 -4.2 271 0 5.7 10.6 7.5 2.5 2 1 3 2 2
-2989.0 -1450.6 5.9 110 0 17.7 21.5 12.5 0.0 0 1 5 5 5
-3493.4 -5734.5 -6.0 233 0 11.8 4.1 7.5 2.5 2 0 3 2 2
-3235.4 -5739.8 -0.1 358 0 3.2 5.4 5.0 2.5 2 0 2 3 3
-3270.6 -5959.9 -1.8 357 0 5.1 3.3 5.0 2.5 4 0 2 3 3
-6031.1 -2534.0 -15.1 173 0 8.4 4.2 5.0 2.5 4 0 2 5 5
-2923.5 -4910.5 -3.3 23 0 7.3 5.6 5.0 2.5 2 0 2 0 0
-5971.1 -2559.8 -15.1 347 0 10.1 18.1 5.0 2.5 2 1 2 3 3
-4892.0 -1174.6 0.1 92 0 6.3 10.4 7.5 2.5 2 1 3 3 3
-6558.0 -1506.8 -11.4 335 0 18.4 5.9 5.0 2.5 2 0 2 3 3
-2961.0 -1446.6 7.2 20 0 5.2 4.0 2.5 2.5 2 0 1 1 1
-3421.8 -5932.2 -6.8 280 0 6.9 6.1 5.0 2.5 2 0 2 0 0
-6576.4 -1539.2 -11.4 64 0 7.3 8.8 7.5 2.5 2 0 3 2 2
-3987.2 -2787.9 11.8 166 0 5.2 3.1 5.0 2.5 2 0 2 3 3
-3317.4 -5752.3 -6.1 176 0 10.1 19.1 5.0 2.5 2 1 2 0 0
-3520.0 -5837.8 -5.0 177 0 12.4 5.1 2.5 2.5 2 0 1 4 4
-3329.2 -4545.2 -2.8 32 0 8.1 9.1 5.0 2.5 4 1 2 3 3
-6102.7 -890.8 -7.3 356 0 3.3 5.3 2.5 2.5 2 1 1 0 0
-3552.5 -5919.6 -3.5 85 0 6.0 10.0 7.5 2.5 2 1 3 4 4
-6252.7 -1478.1 -9.3 245 0 13.1 5.8 7.5 2.5 2 0 3 2 2
-3267.4 -5954.1 -2.0 355 0 4.4 6.1 7.5 2.5 2 1 3 0 0
-3622.5 -4110.7 -6.1 309 0 8.6 15.7 5.0 2.5 2 1 2 5 5
-3210.1 -5696.0 2.5 196 0 9.8 8.0 7.5 2.5 2 0 3 5 5
-3240.2 -5756.8 0.1 178 0 5.2 6.0 5.0 2.5 4 1 2 5 5
-2812.4 -3168.1 2.7 216 0 6.4 6.7 5.0 2.5 2 0 2 4 4
-6613.3 -643.9 -12.8 292 0 5.4 6.3 7.5 2.5 2 1 3 3 3
-6657.1 -724.1 -12.5 201 0 5.9 7.0 7.5 2.5 4 0 3 0 0
-6720.9 -567.1 -6.9 28 0 7.9 18.1 2.5 2.5 4 1 1 2 2
-3700.0 -4377.2 -7.2 178 0 4.1 7.0 5.0 2.5 2 0 2 1 1
-3420.0 -5699.7 -7.2 332 0 4.0 5.9 7.5 2.5 2 1 3 3 3
-6510.0 -1763.7 -13.3 70 0 6.7 5.9 5.0 2.5 2 0 2 5 5
-4789.6 -1337.5 0.2 281 0 12.2 8.2 7.5 2.5 4 0 3 3 3
-2975.5 -1397.5 6.8 200 0 8.9 3.4 7.5 2.5 2 0 3 2 2
-3160.0 -5405.5 2.8 108 0 5.6 14.8 2.5 2.5 2 1 1 0 0
-3510.1 -5836.0 -5.3 172 0 8.1 13.1 2.5 2.5 2 1 1 1 1
-6215.1 -2546.9 -14.0 344 0 7.9 5.9 5.0 2.5 2 0 2 2 2
-3608.8 -5481.6 -3.9 88 0 3.1 5.0 5.0 2.5 2 0 2 4 4
-5999.7 -736.0 -3.1 203 0 4.5 6.0 5.0 2.5 2 0 2 4 4
-6250.9 -598.4 -9.0 339 0 8.2 14.7 2.5 2.5 2 1 1 1 1
-3078.1 -1433.4 3.9 290 0 40.9 7.2 7.5 2.5 2 0 3 2 2
-3106.8 -5325.5 0.0 20 0 6.1 10.1 5.0 2.5 2 0 2 5 5
-3200.8 -5089.2 -4.2 118 0 5.5 3.7 7.5 2.5 2 0 3 4 4
-3626.7 -5808.4 -3.2 213 0 10.1 6.0 2.5 2.5 2 0 1 3 3
-2924.4 -1478.8 9.4 200 0 32.7 48.8 12.5 0.0 0 1 5 4 4
-2748.3 -4641.4 5.8 6 0 7.3 14.3 5.0 2.5 2 1 2 0 0
-6655.2 -719.3 -12.5 201 0 4.5 7.0 7.5 2.5 2 0 3 1 1
-3285.5 -5898.4 -4.2 265 0 6.7 4.6 7.5 0.0 0 0 3 5 5
-3747.7 -5586.6 -2.6 136 0 6.1 5.1 2.5 2.5 2 0 1 1 1
-6027.0 -2133.2 -13.1 73 0 7.5 18.1 5.0 2.5 2 0 2 2 2
-3667.5 -5819.3 -2.3 256 0 9.6 6.3 5.0 2.5 2 0 2 5 5
-3053.1 -1348.8 7.5 20 0 14.0 16.5 5.0 2.5 2 1 2 5 5
-2959.8 -1374.5 9.1 290 0 6.4 7.4 5.0 2.5 4 1 2 4 4
-6234.6 -2568.6 -13.2 73 0 5.9 6.0 5.0 2.5 2 1 2 2 2
-3554.0 -5784.4 -4.8 231 0 5.8 4.7 5.0 2.5 2 0 2 3 3
-6111.3 -924.1 -7.4 254 0 4.8 7.1 5.0 2.5 2 0 2 5 5
-3398.9 -5974.7 -4.7 274 0 3.5 8.0 7.5 2.5 2 0 3 1 1
-3691.8 -5911.8 -0.9 81 0 7.7 4.5 5.0 2.5 2 0 2 2 2
-3293.8 -5846.6 -5.5 88 0 8.8 6.3 5.0 2.5 2 0 2 5 5
-3692.6 -5904.5 -0.9 80 0 6.2 4.1 5.0 2.5 4 0 2 2 2
-3266.2 -5633.0 0.8 64 0 5.3 11.7 2.5 2.5 4 1 1 3 3
-3622.0 -5801.3 -3.4 214 0 6.7 6.0 5.0 2.5 2 0 2 0 0
-2973.5 -1472.1 7.1 110 0 6.4 13.0 5.0 2.5 2 1 2 5 5
-3570.8 -5865.5 -3.5 56 0 8.9 10.9 7.5 2.5 2 1 3 3 3
-3097.8 -5352.9 2.6 195 0 10.5 6.0 7.5 2.5 2 0 3 3 3
-3169.5 -5525.1 9.1 23 0 8.6 22.6 5.0 2.5 2 1 2 3 3
-2799.3 -3177.5 2.8 36 0 6.4 3.1 2.5 2.5 2 0 1 4 4
-6866.3 -738.6 -7.6 295 0 5.0 10.6 7.5 2.5 4 1 3 5 5
-3389.0 -5985.0 -4.2 1 0 3.0 5.7 7.5 2.5 2 1 3 1 1
-3206.2 -5523.4 7.9 134 0 7.9 14.2 5.0 0.0 0 1 2 4 4
-6593.2 -1511.4 -12.0 157 0 3.8 3.5 5.0 0.0 0 0 2 5 5
-3183.7 -5696.8 4.5 41 0 3.5 6.4 5.0 2.5 2 0 2 4 4
-2939.5 -1387.9 9.0 200 0 10.6 25.6 12.5 2.5 2 1 5 5 5
-3193.0 -5068.3 -3.8 209 0 5.0 3.5 7.5 2.5 2 0 3 4 4
-3603.6 -5476.5 -4.0 268 0 7.8 5.0 2.5 2.5 2 0 1 2 2
-4748.1 -1391.4 1.8 340 0 4.0 4.0 2.5 2.5 2 1 1 1 1
-3102.4 -1395.6 3.1 200 0 16.7 23.1 7.5 2.5 2 1 3 5 5
-6418.2 -1016.7 -11.6 170 0 6.3 4.0 7.5 2.5 2 0 3 2 2
-3618.4 -5894.2 -2.1 349 0 5.2 10.1 5.0 2.5 2 0 2 4 4
-5977.4 -1366.9 -8.5 250 0 4.5 5.2 5.0 2.5 2 0 2 4 4
-2857.6 -1423.7 11.0 140 0 14.6 7.0 2.5 2.5 2 0 1 2 2
-6747.3 -1254.1 -12.6 44 0 6.7 7.4 5.0 2.5 2 1 2 4 4
-3174.5 -5538.4 8.6 23 0 7.5 5.5 5.0 2.5 4 0 2 4 4
-3386.1 -5930.4 -5.9 267 0 5.7 10.8 2.5 2.5 2 1 1 3 3
-2965.7 -1442.2 6.9 20 0 10.4 6.0 7.5 2.5 2 0 3 0 0
-2814.8 -4741.3 3.1 186 0 5.9 7.5 5.0 2.5 2 1 2 0 0
-3106.7 -5220.5 -0.9 112 0 7.0 9.0 7.5 2.5 2 0 3 0 0
-3187.7 -5496.3 9.0 231 0 8.3 6.7 2.5 2.5 4 0 1 5 5
-6570.4 2595.8 6.3 77 0 7.5 10.3 7.5 2.5 2 1 3 1 1
-2957.7 -1411.7 6.5 20 0 18.5 12.0 5.0 2.5 2 0 2 1 1
-3363.1 -5742.0 -8.2 353 0 12.0 7.1 2.5 2.5 2 0 1 0 0
-6034.6 -2499.0 -15.1 256 0 7.9 4.5 5.0 2.5 4 0 2 5 5
-3632.5 -5894.7 -1.9 83 0 3.5 3.8 7.5 2.5 4 0 3 0 0
-3063.3 -1382.8 4.4 20 0 8.5 18.5 5.0 2.5 2 1 2 3 3
-3189.4 -5726.7 4.1 22 0 4.5 5.7 2.5 2.5 2 1 1 5 5
-3213.3 -5534.6 7.0 229 0 5.8 7.5 7.5 2.5 2 1 3 3 3
-2976.3 -1476.6 7.2 200 0 7.8 4.5 7.5 2.5 2 0 3 2 2
-6722.7 -581.2 -7.9 34 0 7.5 6.0 2.5 2.5 2 0 1 1 1
-3243.7 -5700.1 -0.7 32 0 7.5 4.0 2.5 2.5 2 0 1 5 5
-3093.8 -1448.5 5.0 290 0 22.3 9.6 5.0 2.5 2 0 2 1 1
-3226.6 -5877.2 0.1 359 0 6.4 6.2 5.0 2.5 2 0 2 0 0
-3523.5 -5792.1 -5.4 51 0 3.3 13.0 7.5 2.5 2 1 3 1 1
-3404.0 -5747.2 -7.6 340 0 8.4 4.6 5.0 0.0 0 0 2 5 5
-3216.8 -5737.0 1.9 139 0 6.9 6.0 5.0 2.5 2 0 2 3 3
-6885.0 -848.8 -12.9 330 0 3.8 6.9 5.0 0.0 0 1 2 3 3
-3359.9 -5914.3 -6.0 81 0 7.0 8.1 5.0 0.0 0 1 2 0 0
-3398.8 -5970.6 -4.8 272 0 3.5 4.1 5.0 2.5 2 0 2 0 0
-4602.5 -1296.2 -0.2 7 0 12.6 4.0 5.0 2.5 2 0 2 4 4
-6059.8 -2698.6 -12.7 67 0 7.8 20.0 7.5 0.0 0 0 3 2 2
-3193.6 -5558.2 7.0 42 0 5.7 8.1 7.5 2.5 2 1 3 0 0
-6513.2 -1333.4 -9.7 167 0 8.0 16.6 2.5 2.5 2 1 1 0 0
-3183.0 -5330.3 -2.0 32 0 3.7 7.3 2.5 2.5 2 1 1 5 5
-3721.4 -5573.0 -2.8 320 0 4.7 7.5 2.5 2.5 2 1 1 0 0
-6896.4 -890.8 -14.1 25 0 8.8 5.3 2.5 2.5 2 0 1 3 3
-3071.8 -1402.6 2.9 290 0 7.0 3.8 5.0 2.5 4 0 2 2 2
-5989.1 -2474.2 -14.9 357 0 10.8 6.4 5.0 2.5 2 0 2 4 4
-3226.5 -5531.9 6.5 231 0 4.4 6.8 7.5 2.5 2 1 3 5 5
-3244.3 -1472.1 7.6 200 0 12.5 40.2 12.5 2.5 4 1 5 0 0
-2808.3 -4698.5 3.6 195 0 6.7 7.7 5.0 2.5 2 1 2 1 1
-3130.4 -5351.9 0.4 32 0 3.5 6.3 7.5 2.5 2 1 3 2 2
-3219.1 -1439.3 5.0 20 0 54.1 12.6 10.0 2.5 2 0 4 0 0
-3187.4 -5096.7 -3.7 114 0 5.6 6.9 5.0 2.5 2 1 2 5 5
-3615.6 -4086.1 -4.9 39 0 8.2 21.2 5.0 0.0 0 0 2 3 3
-2959.3 -4873.6 -3.6 198 0 5.1 3.2 5.0 2.5 2 0 2 3 3
-3457.0 -5775.4 -6.7 240 0 6.9 15.0 5.0 2.5 2 1 2 1 1
-6870.3 -764.8 -9.5 114 0 3.8 8.1 7.5 2.5 2 0 3 5 5
-6627.7 -738.3 -12.3 20 0 11.1 7.4 7.5 2.5 2 0 3 4 4
-3372.2 -5958.4 -4.7 355 0 5.5 4.2 7.5 2.5 2 0 3 4 4
-2480.3 -3096.7 10.0 329 0 8.9 12.8 5.0 2.5 2 1 2 1 1
-6238.1 -1525.7 -7.6 156 0 3.9 6.6 5.0 2.5 2 0 2 1 1
-4512.7 -1319.2 5.0 105 0 5.8 3.8 7.5 0.0 0 0 3 2 2
-6079.3 -1301.2 -11.5 340 0 9.4 28.0 7.5 2.5 2 1 3 3 3
-6054.3 -1342.8 -11.8 71 0 4.1 6.7 7.5 2.5 2 1 3 3 3
-5894.0 -2758.3 -15.3 170 0 3.2 8.3 7.5 2.5 2 1 3 5 5
-3425.8 -5262.3 -5.4 357 0 10.2 5.1 7.5 2.5 2 0 3 2 2
-6581.3 2593.2 6.1 76 0 11.0 3.2 7.5 0.0 0 0 3 1 1
-6067.2 -1322.8 -11.7 333 0 15.5 5.7 5.0 0.0 0 0 2 1 1
-3674.0 -4358.8 -7.0 357 0 6.5 3.0 5.0 2.5 4 0 2 5 5
-6119.3 -926.9 -7.8 348 0 9.1 18.1 5.0 2.5 2 0 2 1 1
-6540.0 -879.7 -12.0 272 0 8.5 4.4 2.5 2.5 2 0 1 3 3
-3189.5 -5493.9 8.9 233 0 8.4 3.1 7.5 2.5 2 0 3 4 4
-3651.3 -4119.9 -6.0 130 0 14.7 7.9 5.0 2.5 2 0 2 1 1
-2807.0 -3172.0 2.8 216 0 6.4 6.3 5.0 2.5 2 0 2 0 0
-6325.4 -1210.0 -9.6 336 0 3.0 8.5 5.0 2.5 2 0 2 4 4
-5974.4 -762.5 -3.3 24 0 14.3 9.1 7.5 2.5 4 0 3 0 0
-6262.4 -2559.0 -12.7 162 0 15.1 7.3 5.0 2.5 2 0 2 5 5
-3405.9 -6024.1 -3.5 323 0 7.2 6.1 2.5 2.5 2 0 1 5 5
-3364.8 -6017.4 -2.4 178 0 5.2 8.1 5.0 2.5 2 1 2 0 0
-6800.1 -1078.0 -13.4 133 0 5.7 4.7 5.0 2.5 2 0 2 1 1
-3337.3 -5638.9 -3.0 329 0 4.9 5.6 7.5 2.5 2 1 3 0 0
-5974.6 -2515.5 -15.0 351 0 14.1 8.5 2.5 2.5 2 0 1 1 1
-6553.2 -1517.0 -11.0 335 0 3.9 5.9 7.5 2.5 2 0 3 0 0
-3129.2 -5552.7 10.0 291 0 12.7 7.0 7.5 2.5 2 0 3 2 2
-6083.3 -4644.6 -8.5 312 0 7.9 16.8 7.5 2.5 2 1 3 3 3
-3133.5 -5322.0 -0.9 209 0 7.0 5.0 7.5 2.5 2 0 3 4 4
-3222.1 -5585.3 4.8 228 0 4.2 3.5 7.5 2.5 2 0 3 4 4
-3207.3 -5686.2 2.7 196 0 10.7 8.0 5.0 2.5 2 0 2 0 0
-4915.5 -1173.0 -0.1 185 0 5.3 10.3 2.5 2.5 2 1 1 2 2
-3294.4 -5658.7 -1.5 67 0 4.7 4.9 5.0 2.5 2 0 2 1 1
-6598.9 -2338.2 -14.6 13 0 10.9 21.0 5.0 2.5 2 1 2 5 5
-6950.8 -1101.2 -13.1 133 0 8.9 17.5 5.0 2.5 2 0 2 5 5
-3829.3 -5942.3 -0.6 351 0 6.1 8.0 5.0 2.5 4 1 2 5 5
-3143.5 -5415.4 4.5 120 0 3.1 3.5 5.0 2.5 2 0 2 5 5
-3307.1 -5649.1 -1.8 246 0 4.1 3.9 7.5 2.5 2 0 3 4 4
-2767.6 -4806.5 3.7 5 0 9.4 7.5 7.5 0.0 0 0 3 3 3
-3237.9 -5632.2 2.0 48 0 9.3 25.3 7.5 2.5 2 1 3 1 1
-5979.3 -1175.2 -9.0 171 0 6.1 3.1 5.0 0.0 0 0 2 1 1
-3135.7 -5388.2 2.7 23 0 4.3 4.0 7.5 2.5 2 0 3 4 4
-6361.2 -1217.5 -9.4 168 0 9.0 5.8 5.0 2.5 2 0 2 3 3
-2953.4 -1466.3 8.0 200 0 42.1 15.2 5.0 2.5 2 0 2 4 4
-2818.4 -5018.8 4.4 184 0 8.0 6.9 7.5 2.5 2 0 3 2 2
-3679.9 -5489.4 -3.4 138 0 4.3 9.6 7.5 2.5 2 1 3 2 2
-6644.8 -725.7 -12.4 291 0 10.0 5.9 5.0 2.5 4 0 2 4 4
-3343.3 -5857.8 -7.6 87 0 5.9 10.1 5.0 2.5 4 1 2 4 4
-3060.4 -1368.9 5.5 20 0 14.0 16.5 5.0 2.5 2 1 2 1 1
-3493.5 -5228.6 -5.1 2 0 7.1 6.9 7.5 2.5 2 0 3 0 0
-5993.9 -2115.8 -13.4 349 0 11.7 6.1 7.5 0.0 0 0 3 3 3
-3625.9 -5916.5 -1.8 84 0 13.5 7.1 7.5 2.5 2 0 3 3 3
-3428.7 -5275.7 -5.4 87 0 9.0 4.6 5.0 2.5 2 0 2 5 5
-3258.6 -5768.1 -2.1 358 0 8.4 5.6 7.5 2.5 2 0 3 3 3
-3746.7 -4172.1 -6.5 132 0 7.1 5.7 5.0 2.5 2 0 2 0 0
-3102.0 -1327.7 7.9 20 0 7.2 6.9 7.5 2.5 2 0 3 4 4
-6582.2 -1495.1 -11.9 247 0 3.3 9.0 2.5 2.5 4 0 1 0 0
-6632.5 -2357.7 -14.6 85 0 3.2 4.6 5.0 2.5 2 1 2 1 1
-3453.8 -5941.0 -7.3 191 0 8.5 5.0 5.0 2.5 2 0 2 4 4
-6002.6 -742.9 -3.2 203 0 10.6 6.0 5.0 2.5 2 0 2 2 2
-3736.0 -5892.2 -0.5 259 0 10.9 6.1 7.5 2.5 2 0 3 0 0
-3366.1 -6041.9 -2.4 319 0 7.6 11.3 7.5 2.5 2 1 3 0 0
-3660.8 -5870.9 -1.7 257 0 3.9 5.2 5.0 2.5 2 0 2 3 3
-6295.6 -818.3 -9.9 4 0 5.7 17.0 7.5 2.5 2 1 3 1 1
-3211.4 -1351.3 4.4 200 0 3.9 9.7 2.5 2.5 2 0 1 0 0
-4811.4 -1330.5 -0.0 282 0 5.0 10.5 5.0 2.5 2 0 2 4 4
-2575.9 -3222.0 6.9 58 0 17.7 8.1 2.5 2.5 2 0 1 4 4
-6394.1 -994.9 -11.4 348 0 7.6 17.3 7.5 2.5 4 1 3 2 2
-6521.0 -1322.5 -9.9 171 0 7.0 6.1 7.5 2.5 2 0 3 0 0
-3537.3 -5880.5 -3.9 349 0 13.6 8.7 7.5 2.5 4 0 3 1 1
-6189.7 -1661.4 -6.1 250 0 4.0 6.7 5.0 2.5 2 0 2 2 2
-6140.1 -926.7 -7.9 258 0 4.4 9.1 2.5 2.5 2 0 1 2 2
-3006.1 -1369.6 7.3 200 0 20.5 10.4 2.5 2.5 2 0 1 3 3
-6097.4 -4613.6 -7.0 229 0 6.9 13.1 7.5 2.5 2 1 3 5 5
-6196.5 -1693.5 -6.0 158 0 6.1 4.7 5.0 2.5 2 0 2 2 2
-6928.5 -881.0 -13.1 199 0 7.4 5.1 7.5 2.5 2 0 3 0 0
-3063.9 -1418.4 3.1 110 0 11.5 15.9 2.5 2.5 2 1 1 1 1
-5995.8 -2465.2 -14.9 178 0 7.5 3.8 7.5 2.5 2 0 3 2 2
-6232.9 -1491.8 -9.0 339 0 6.0 12.5 7.5 0.0 0 1 3 0 0
-6940.9 -1083.8 -13.1 224 0 3.9 9.0 7.5 2.5 4 0 3 4 4
-6948.5 -1111.4 -12.7 222 0 7.0 13.2 5.0 2.5 2 1 2 4 4
-6719.2 -2401.6 -15.2 257 0 7.2 15.3 7.5 0.0 0 1 3 1 1
-6340.5 -1241.0 -9.5 162 0 3.1 3.7 5.0 2.5 2 1 2 4 4
-6260.3 -1499.0 -8.9 159 0 14.2 8.5 5.0 2.5 2 0 2 4 4
-3644.1 -5898.6 -1.7 81 0 6.4 6.0 5.0 2.5 2 0 2 4 4
-3293.6 -5711.0 -3.5 280 0 7.7 3.5 2.5 2.5 2 0 1 2 2
-3487.8 -5812.2 -6.0 254 0 16.6 6.3 5.0 2.5 4 0 2 3 3
-3146.8 -5413.6 4.2 119 0 4.6 3.5 5.0 2.5 2 0 2 4 4
-6590.6 -1498.5 -12.2 248 0 14.8 9.0 2.5 2.5 2 0 1 0 0
-3545.5 -5776.3 -5.1 224 0 15.5 5.0 7.5 2.5 2 0 3 4 4
-3449.2 -5214.7 -5.9 357 0 9.0 6.2 7.5 2.5 4 0 3 5 5
-3299.7 -5969.0 -2.5 87 0 6.2 9.1 5.0 2.5 2 0 2 0 0
-6068.1 -2669.7 -12.9 331 0 9.5 8.2 2.5 2.5 2 0 1 4 4
-6817.3 -1225.2 -12.3 223 0 9.9 5.8 5.0 2.5 2 0 2 3 3
-3506.8 -5679.7 -5.7 163 0 6.0 5.7 5.0 0.0 0 0 2 2 2
-3126.1 -5381.2 1.8 27 0 5.0 16.2 2.5 2.5 2 0 1 5 5
-3569.8 -5836.8 -3.9 234 0 11.0 7.0 5.0 2.5 2 0 2 0 0
-6632.0 -749.6 -12.2 21 0 13.1 7.3 5.0 2.5 2 0 2 0 0
-3724.0 -5825.2 -1.6 169 0 4.1 10.2 5.0 2.5 2 0 2 2 2
-6875.7 -758.6 -8.6 114 0 4.4 11.3 7.5 2.5 2 1 3 3 3
-6247.2 -1520.4 -8.0 69 0 7.0 12.0 2.5 2.5 2 0 1 2 2
-5980.5 -1167.2 -9.2 171 0 10.1 5.0 7.5 2.5 2 0 3 1 1
-6552.8 -902.5 -12.2 201 0 7.1 6.1 2.5 2.5 2 0 1 2 2
-3569.3 -5792.0 -4.5 122 0 8.0 3.9 5.0 2.5 2 0 2 0 0
-3407.5 -5982.2 -4.7 279 0 5.6 7.1 5.0 2.5 2 0 2 1 1
-5991.6 -2444.1 -14.9 268 0 9.9 17.2 5.0 2.5 2 0 2 1 1
-6506.0 -893.9 -11.8 266 0 4.6 5.5 7.5 2.5 2 0 3 4 4
-6193.1 -1678.4 -6.1 160 0 7.9 4.7 5.0 2.5 4 0 2 5 5
-3234.7 -5744.0 -0.1 358 0 5.2 5.9 7.5 2.5 2 0 3 2 2
-6182.2 -1658.5 -6.3 249 0 11.9 6.8 7.5 2.5 4 0 3 5 5
-6232.0 -1523.0 -7.9 159 0 3.9 10.0 7.5 2.5 2 0 3 0 0
-3637.6 -5910.3 -1.7 174 0 14.9 4.3 2.5 2.5 4 0 1 1 1
-3712.3 -5821.2 -1.6 259 0 4.0 6.1 7.5 2.5 2 0 3 3 3
-3229.2 -5574.7 4.9 138 0 19.6 7.4 7.5 2.5 2 0 3 0 0
-6811.3 -1227.2 -12.2 223 0 6.4 4.7 5.0 2.5 2 0 2 4 4
-6640.2 -750.6 -12.2 21 0 5.4 3.0 5.0 2.5 4 0 2 4 4
-3414.9 -5970.7 -5.3 287 0 3.4 4.0 7.5 2.5 2 0 3 5 5
-5967.5 -1185.5 -8.8 81 0 20.1 9.1 7.5 2.5 2 0 3 0 0
-3427.1 -5965.5 -5.8 190 0 6.1 3.7 7.5 2.5 2 0 3 2 2
-6158.4 -1660.0 -6.7 338 0 19.0 8.0 7.5 2.5 2 0 3 0 0
-3332.0 -5652.1 -3.2 239 0 7.1 13.5 5.0 2.5 2 0 2 3 3
-3170.4 -5451.1 6.4 211 0 10.4 6.0 2.5 2.5 2 0 1 4 4
-6914.3 -867.2 -13.7 200 0 9.0 22.0 5.0 2.5 2 0 2 5 5
-3508.7 -5738.4 -5.7 234 0 6.2 8.4 5.0 2.5 2 0 2 4 4
-3278.6 -5812.7 -4.0 91 0 10.0 7.9 5.0 2.5 2 0 2 0 0
-6840.4 -753.7 -9.4 24 0 5.8 17.7 7.5 2.5 4 0 3 4 4
-6550.7 -897.2 -12.1 201 0 4.1 5.9 5.0 2.5 2 0 2 3 3
-5959.0 -1363.2 -8.1 340 0 5.4 16.3 5.0 2.5 2 0 2 1 1
-3414.7 -5967.8 -5.7 11 0 5.9 8.9 7.5 2.5 2 0 3 2 2
-3228.5 -5557.9 5.6 141 0 6.4 11.3 2.5 2.5 4 0 1 5 5
-3512.6 -5771.1 -5.7 59 0 17.3 5.5 7.5 2.5 2 0 3 0 0
-3700.6 -4375.1 -7.1 89 0 7.0 12.1 2.5 2.5 2 0 1 0 0
-2907.4 -4849.5 -1.7 21 0 6.2 5.1 5.0 2.5 2 0 2 0 0
-3363.6 -5683.0 -5.6 151 0 10.0 5.0 2.5 2.5 4 0 1 3 3
-6738.8 -2368.2 -16.2 176 0 13.4 6.1 5.0 2.5 4 0 2 4 4
-6102.4 -2673.3 -12.1 160 0 3.3 11.1 7.5 2.5 4 0 3 1 1
-3458.8 -5809.4 -6.4 336 0 5.0 10.3 5.0 0.0 0 1 2 5 5
-6513.5 -891.4 -11.9 0 0 5.8 12.4 7.5 2.5 2 0 3 2 2
-4808.2 -1313.6 -0.3 283 0 6.1 17.1 7.5 2.5 2 0 3 3 3
-6128.1 -2239.6 -14.3 338 0 6.2 6.9 2.5 2.5 2 1 1 3 3
-3306.6 -5682.9 -3.0 64 0 5.5 17.9 7.5 2.5 2 1 3 2 2
-6067.8 -2667.6 -13.1 336 0 3.6 8.9 7.5 0.0 0 0 3 1 1
-3117.1 -5216.4 -1.3 112 0 10.9 9.0 7.5 2.5 2 0 3 0 0
-3571.4 -5575.5 -4.4 146 0 4.2 8.2 5.0 2.5 2 1 2 0 0
-3636.0 -5520.4 -3.7 144 0 4.3 8.0 7.5 2.5 2 1 3 0 0
-3164.1 -5365.4 0.5 208 0 12.9 8.5 5.0 2.5 2 0 2 1 1
-3299.0 -5925.9 -3.9 82 0 6.6 7.6 7.5 2.5 2 1 3 4 4
-3288.3 -5716.6 -3.5 277 0 5.4 4.3 5.0 2.5 2 0 2 4 4
-3280.6 -5920.3 -3.6 92 0 6.4 8.3 7.5 2.5 2 1 3 3 3
-3270.2 -5992.1 -0.8 85 0 7.3 6.0 7.5 2.5 2 0 3 5 5
-6108.4 -930.6 -7.6 255 0 6.9 13.6 7.5 2.5 2 0 3 5 5
-4566.3 -1277.2 2.2 278 0 7.3 6.6 7.5 2.5 2 0 3 5 5
-3501.1 -5738.7 -5.8 232 0 5.5 5.3 7.5 2.5 2 0 3 0 0
-3661.0 -5498.4 -3.5 145 0 4.3 8.0 2.5 2.5 2 1 1 4 4
-3754.4 -5480.7 -2.8 174 0 7.5 6.1 5.0 2.5 2 0 2 3 3
-3787.1 -5932.8 -0.7 173 0 11.4 7.5 5.0 2.5 2 0 2 0 0
-2588.8 -3193.8 7.0 243 0 6.8 13.9 7.5 2.5 2 1 3 3 3
-6330.9 -819.4 -10.1 187 0 12.0 7.1 5.0 0.0 0 0 2 3 3
-3691.5 -4358.3 -7.0 183 0 5.1 14.5 7.5 2.5 2 0 3 5 5
-3156.7 -5369.5 1.3 208 0 5.0 16.4 7.5 2.5 2 0 3 1 1
-3731.9 -4166.4 -6.5 310 0 3.5 5.4 5.0 2.5 2 0 2 3 3
-3522.5 -5749.0 -5.5 233 0 12.2 6.2 2.5 2.5 2 0 1 5 5
-3590.7 -5529.5 -3.9 312 0 5.4 5.6 7.5 2.5 2 0 3 3 3
-3247.1 -5326.7 -2.9 218 0 7.7 5.6 5.0 2.5 2 0 2 4 4
-3493.2 -5211.4 -4.8 357 0 9.4 13.4 5.0 2.5 2 1 2 1 1
-3221.6 -5806.0 0.7 1 0 9.7 9.5 7.5 2.5 4 0 3 0 0
-3116.3 -5322.1 -0.3 21 0 6.1 4.0 2.5 2.5 2 0 1 3 3
-3694.0 -5833.1 -1.7 262 0 4.0 7.3 5.0 2.5 2 0 2 0 0
-3138.4 -5358.6 0.6 22 0 5.6 7.2 7.5 2.5 2 1 3 4 4
-3301.4 -5646.6 -1.6 247 0 8.2 8.8 5.0 2.5 2 0 2 2 2
-3648.6 -5509.4 -3.6 144 0 4.3 8.0 5.0 2.5 2 1 2 2 2
-3222.0 -5788.5 0.9 357 0 7.2 9.0 5.0 2.5 2 1 2 1 1
-3507.7 -5691.6 -5.6 71 0 4.4 10.0 7.5 2.5 4 0 3 2 2
-3726.2 -4170.5 -6.6 310 0 4.9 5.9 7.5 2.5 2 0 3 3 3
-3741.3 -5500.2 -2.9 79 0 5.3 6.2 5.0 2.5 2 1 2 0 0
-4802.4 -1336.6 0.2 285 0 5.5 6.1 5.0 2.5 2 1 2 1 1
-3225.7 -5904.2 -0.4 359 0 6.9 11.1 5.0 0.0 0 1 2 1 1
-3753.4 -5562.6 -2.6 160 0 3.3 4.9 7.5 2.5 2 1 3 0 0
-6067.3 -1345.6 -11.8 70 0 16.3 4.9 7.5 2.5 2 0 3 4 4
-3759.4 -5895.0 -0.4 255 0 7.9 8.4 2.5 2.5 4 1 1 0 0
-6289.4 -1057.8 -10.9 264 0 6.7 14.1 7.5 2.5 2 1 3 1 1
-3264.1 -5725.3 -2.8 294 0 6.9 10.8 7.5 2.5 2 1 3 3 3
-3459.1 -6029.5 -4.6 121 0 5.2 7.1 7.5 2.5 2 1 3 5 5
-2914.6 -4984.2 -0.3 270 0 14.0 6.5 5.0 2.5 2 0 2 4 4
-3542.6 -5298.2 -4.3 55 0 9.5 10.6 5.0 2.5 2 1 2 4 4
-3672.3 -4371.6 -7.2 359 0 10.0 4.5 7.5 2.5 2 0 3 0 0
-3416.1 -5710.8 -7.3 326 0 5.9 9.0 5.0 2.5 2 1 2 0 0
-6037.6 -2504.3 -15.1 256 0 8.9 20.7 5.0 2.5 4 0 2 5 5
-3277.8 -5933.4 -2.8 267 0 7.5 7.9 7.5 2.5 2 1 3 1 1
5494.1 -3216.0 -11.1 180 0 8.0 13.4 2.5 0.0 0 0 1 0 0
5033.9 -3129.7 -7.2 245 0 8.8 9.7 5.0 0.0 0 1 2 0 0
5048.0 -3120.6 -6.5 231 0 11.3 5.5 5.0 2.5 2 0 2 0 0
2090.4 1486.0 2.8 173 0 16.1 10.0 10.0 2.5 4 0 4 1 1
4171.7 -3402.6 -5.1 5 0 6.0 15.4 2.5 0.0 0 0 1 3 3
4191.6 -3405.7 -5.4 5 0 10.1 20.1 5.0 2.5 2 0 2 1 1
4198.5 -3428.6 -5.4 4 0 16.1 8.8 5.0 2.5 2 0 2 2 2
4204.2 -3455.9 -5.5 5 0 8.1 20.1 7.5 0.0 0 1 3 0 0
4456.8 -3596.4 -7.8 80 0 15.3 9.6 5.0 2.5 2 0 2 2 2
4224.6 -3398.9 -4.3 172 0 5.7 6.2 2.5 2.5 2 1 1 2 2
4208.7 -3376.1 -4.7 170 0 7.0 5.2 5.0 2.5 2 0 2 4 4
4217.0 -3352.9 -4.4 169 0 5.6 7.8 5.0 2.5 2 1 2 5 5
4236.0 -3344.6 -3.5 259 0 5.7 6.9 5.0 2.5 4 1 2 1 1
4242.7 -3360.3 -3.2 356 0 6.9 5.7 7.5 2.5 2 0 3 2 2
4252.8 -3388.7 -3.5 349 0 6.9 5.7 5.0 2.5 2 0 2 1 1
4229.2 -3427.4 -5.0 169 0 6.6 5.1 7.5 2.5 2 0 3 4 4
4255.9 -3427.7 -4.6 349 0 4.8 7.2 7.5 2.5 2 1 3 3 3
4247.7 -3220.3 -4.6 191 0 11.5 7.9 5.0 2.5 4 0 2 3 3
4278.8 -3218.4 -4.1 354 0 10.6 7.1 7.5 2.5 2 0 3 5 5
4017.9 -3163.9 -5.2 359 0 12.0 5.3 7.5 2.5 4 0 3 0 0
4015.0 -3150.7 -5.4 87 0 6.3 21.3 5.0 2.5 4 1 2 5 5
3993.5 -3121.1 -5.2 328 0 6.7 17.7 7.5 2.5 2 1 3 0 0
4360.0 -3741.2 -8.6 258 0 6.5 11.2 5.0 2.5 2 1 2 0 0
5013.4 -3696.4 -12.0 357 0 8.8 11.6 5.0 2.5 2 1 2 2 2
4560.4 -7879.2 -19.8 331 0 16.7 9.3 7.5 2.5 2 0 3 4 4
4554.2 -7842.7 -19.5 350 0 9.6 13.2 7.5 2.5 2 1 3 1 1
4531.9 -7828.1 -19.0 330 0 16.5 9.2 7.5 2.5 2 0 3 3 3
4652.4 -7860.5 -23.5 50 0 10.9 22.0 5.0 2.5 2 1 2 5 5
4579.6 -7915.8 -20.3 21 0 8.0 18.3 5.0 0.0 0 1 2 5 5
4628.7 -8131.7 -21.0 346 0 13.4 8.0 2.5 2.5 2 0 1 2 2
4609.4 -8050.2 -20.9 346 0 10.0 6.4 5.0 0.0 0 0 2 1 1
4598.9 -7993.4 -20.6 347 0 14.9 8.8 2.5 2.5 2 0 1 3 3
4537.3 -7976.7 -18.6 73 0 9.7 11.8 7.5 2.5 2 1 3 5 5
4480.6 -7847.9 -17.9 157 0 26.2 4.4 5.0 0.0 0 0 2 2 2
4480.5 -7924.6 -17.6 163 0 13.5 14.6 2.5 2.5 2 1 1 2 2
4624.9 -7882.4 -22.6 216 0 11.5 11.6 5.0 2.5 2 1 2 4 4
4615.2 -8075.3 -21.1 346 0 10.9 8.6 2.5 2.5 2 0 1 2 2
4582.9 -7843.3 -21.3 214 0 10.5 29.5 10.0 0.0 0 1 4 5 5
4581.7 -8148.4 -18.3 163 0 9.6 5.9 7.5 2.5 2 0 3 1 1
4595.4 -7761.9 -21.4 319 0 5.0 12.6 7.5 2.5 2 1 3 4 4
4602.9 -8105.6 -20.3 346 0 8.1 6.0 7.5 2.5 2 0 3 2 2
4582.1 -7986.9 -20.0 348 0 3.9 11.3 7.5 2.5 2 0 3 2 2
4506.9 -7875.5 -18.5 143 0 4.0 10.3 5.0 2.5 2 1 2 5 5
4576.2 -8045.5 -19.6 165 0 8.4 5.1 7.5 2.5 2 0 3 4 4
4486.7 -7833.6 -17.9 152 0 7.4 21.5 7.5 2.5 2 1 3 4 4
4570.5 -8108.9 -18.6 255 0 5.1 9.8 2.5 2.5 2 1 1 0 0
4667.7 -7853.6 -24.3 53 0 11.4 5.0 7.5 2.5 2 0 3 0 0
4495.5 -7848.6 -18.0 150 0 17.7 6.8 7.5 2.5 2 0 3 2 2
4544.3 -7894.8 -19.4 331 0 6.8 14.0 5.0 2.5 2 1 2 3 3
4623.0 -7799.6 -22.5 321 0 14.1 4.3 7.5 2.5 2 0 3 5 5
4740.2 -7952.7 -22.6 126 0 22.8 9.5 2.5 2.5 2 0 1 4 4
4598.6 -8188.3 -17.6 69 0 4.0 11.7 5.0 2.5 2 1 2 3 3
4529.8 -7798.2 -18.8 326 0 16.7 30.0 10.0 2.5 2 1 4 2 2
4574.9 -8129.6 -18.7 163 0 9.7 6.8 7.5 2.5 2 0 3 0 0
4598.0 -8123.2 -19.7 344 0 8.4 6.8 5.0 2.5 4 0 2 1 1
4500.9 -7979.2 -17.2 74 0 10.3 5.1 5.0 2.5 2 0 2 1 1
4555.9 -7918.2 -19.6 335 0 11.7 6.0 5.0 2.5 2 0 2 4 4
4585.9 -8017.6 -20.0 347 0 8.0 19.6 7.5 2.5 2 1 3 1 1
4623.7 -8110.3 -21.4 346 0 7.7 15.0 2.5 2.5 2 0 1 2 2
4573.4 -7998.7 -19.6 346 0 15.4 6.4 7.5 2.5 2 0 3 5 5
4678.0 -7883.8 -24.9 130 0 3.6 11.1 5.0 2.5 2 1 2 4 4
4395.6 -6084.8 -10.1 82 0 8.9 10.3 2.5 2.5 2 0 1 1 1
4263.6 -5952.5 -12.4 191 0 3.0 5.9 7.5 2.5 2 1 3 0 0
4549.3 -5996.7 -17.0 174 0 14.0 10.2 2.5 2.5 2 0 1 2 2
4279.9 -5969.7 -12.7 192 0 16.3 7.3 7.5 0.0 0 0 3 5 5
4448.4 -6079.8 -13.1 82 0 38.6 12.2 10.0 2.5 2 0 4 1 1
4262.6 -5991.4 -10.5 195 0 8.0 20.8 7.5 2.5 2 1 3 0 0
4261.9 -5959.4 -12.2 192 0 5.7 10.7 7.5 2.5 2 1 3 1 1
4494.1 -6073.4 -15.2 82 0 33.7 14.2 10.0 2.5 2 0 4 5 5
4346.3 -6092.5 -8.3 79 0 29.0 11.1 12.5 2.5 2 0 5 3 3
4250.8 -5980.7 -10.4 193 0 11.6 7.9 7.5 2.5 2 0 3 5 5
4499.1 -6038.0 -16.2 354 0 16.6 36.6 10.0 2.5 2 1 4 3 3
4370.5 -6088.3 -8.9 83 0 4.0 10.2 5.0 2.5 2 0 2 0 0
4381.8 -6086.7 -9.7 82 0 18.8 10.3 2.5 0.0 0 0 1 0 0
4411.3 -6082.7 -11.0 82 0 22.4 10.3 2.5 2.5 2 0 1 3 3
6242.4 -1275.7 -20.7 136 0 9.8 10.3 7.5 2.5 4 0 3 0 0
6252.1 -1288.2 -20.7 129 0 9.6 13.5 5.0 2.5 2 0 2 2 2
6854.8 -857.0 -0.8 86 0 7.1 29.1 7.5 2.5 2 0 3 2 2
6841.5 -880.3 -2.9 58 0 10.2 6.3 5.0 2.5 2 0 2 4 4
6610.0 -942.5 -15.2 158 0 11.5 11.6 2.5 0.0 0 1 1 3 3
6623.3 -969.4 -16.3 67 0 5.8 11.5 2.5 0.0 0 1 1 2 2
6582.7 -994.0 -17.4 173 0 6.9 11.1 2.5 0.0 0 1 1 0 0
6408.8 -1492.6 -19.4 314 0 8.0 11.4 2.5 2.5 2 1 1 0 0
6743.7 -1019.8 -19.9 59 0 5.1 15.2 7.5 2.5 2 0 3 2 2
6887.5 -812.8 -0.3 325 0 3.9 15.5 2.5 2.5 2 0 1 4 4
6867.7 -874.9 -1.2 61 0 15.8 5.4 5.0 2.5 2 0 2 3 3
6679.2 -1010.3 -19.2 255 0 10.1 10.0 5.0 2.5 2 0 2 3 3
6703.2 -1000.8 -19.1 255 0 10.1 10.0 2.5 2.5 2 0 1 0 0
6657.3 -1018.8 -19.4 256 0 10.3 10.4 10.0 2.5 2 1 4 3 3
6920.2 -1002.0 -15.6 152 0 9.5 5.3 2.5 2.5 2 0 1 3 3
6920.8 -912.3 -3.0 243 0 5.4 7.8 7.5 2.5 4 0 3 3 3
6884.3 -937.6 -7.1 153 0 7.9 5.1 5.0 2.5 2 0 2 0 0
6953.4 -1007.4 -10.1 59 0 5.4 9.5 7.5 2.5 2 1 3 1 1
6562.5 -927.1 -14.0 158 0 8.0 4.9 7.5 2.5 2 0 3 1 1
6934.4 -909.7 -2.0 333 0 7.8 5.3 7.5 2.5 2 0 3 3 3
6589.2 -1166.2 -19.2 50 0 8.5 5.4 5.0 2.5 2 0 2 1 1
6945.7 -971.0 -8.7 331 0 8.6 5.2 5.0 2.5 4 0 2 5 5
6915.0 -970.5 -11.5 152 0 8.7 5.8 7.5 0.0 0 0 3 3 3
6697.8 -911.9 -13.4 159 0 9.5 19.2 7.5 2.5 2 1 3 4 4
6541.3 -873.3 -11.3 69 0 5.1 14.9 7.5 2.5 4 1 3 0 0
6795.8 -927.0 -10.3 67 0 6.7 4.9 5.0 2.5 2 0 2 5 5
6915.5 -1004.4 -16.6 152 0 9.6 5.2 7.5 2.5 2 0 3 2 2
6916.1 -914.7 -3.5 243 0 5.2 7.8 2.5 2.5 2 0 1 0 0
6879.6 -939.9 -7.6 153 0 7.8 5.3 7.5 2.5 2 0 3 4 4
6414.3 -1244.0 -14.1 307 0 6.0 5.6 7.5 0.0 0 0 3 2 2
6490.7 -935.5 -13.8 338 0 6.3 5.1 5.0 2.5 2 0 2 0 0
6578.3 -1134.5 -18.4 237 0 7.4 7.3 5.0 0.0 0 0 2 4 4
6910.3 -972.9 -11.9 152 0 8.8 5.3 7.5 2.5 2 0 3 2 2
6946.8 -946.8 -5.6 64 0 5.2 11.0 7.5 2.5 2 0 3 2 2
6462.4 -958.2 -14.3 159 0 11.3 9.4 7.5 2.5 2 0 3 4 4
6910.7 -1006.8 -17.8 154 0 9.8 5.4 2.5 2.5 2 0 1 1 1
6911.3 -917.2 -4.0 243 0 5.4 7.8 2.5 2.5 2 0 1 0 0
6878.9 -944.6 -8.1 63 0 5.4 7.8 5.0 2.5 4 0 2 2 2
6324.2 -862.1 -9.7 249 0 6.1 18.2 5.0 0.0 0 0 2 5 5
6604.7 -1024.6 -18.3 64 0 24.4 7.8 5.0 2.5 2 0 2 4 4
6404.5 -1236.5 -13.6 307 0 10.1 5.0 7.5 2.5 2 0 3 3 3
6793.9 -922.5 -9.8 67 0 6.8 5.0 2.5 2.5 4 0 1 3 3
6259.4 -1205.2 -16.5 320 0 9.7 14.6 7.5 0.0 0 1 3 5 5
6872.1 -916.6 -5.2 155 0 5.7 5.6 7.5 2.5 2 0 3 5 5
6905.5 -975.5 -12.3 152 0 8.8 5.4 5.0 2.5 2 0 2 0 0
6941.2 -973.5 -9.9 331 0 8.6 5.3 2.5 2.5 2 0 1 0 0
6726.5 -978.8 -18.5 244 0 12.8 10.0 2.5 2.5 2 0 1 4 4
6756.2 -889.7 -7.8 85 0 4.8 6.9 2.5 2.5 2 1 1 3 3
6530.6 -915.5 -13.5 338 0 6.6 30.5 5.0 0.0 0 1 2 5 5
6445.8 -987.4 -14.2 77 0 22.1 6.2 7.5 2.5 2 0 3 5 5
6529.3 -1134.8 -16.4 269 0 5.2 6.7 5.0 2.5 2 1 2 2 2
6898.0 -930.7 -5.7 153 0 8.0 5.2 2.5 2.5 2 0 1 4 4
6951.4 -944.5 -4.5 64 0 5.2 11.0 5.0 2.5 2 0 2 3 3
6587.8 -753.7 -3.9 68 0 4.1 5.7 7.5 0.0 0 0 3 3 3
6378.9 -1258.9 -14.2 133 0 12.6 5.6 2.5 2.5 4 0 1 4 4
6788.3 -929.4 -10.8 68 0 4.9 7.7 7.5 2.5 2 1 3 5 5
6900.9 -977.9 -12.7 152 0 8.9 5.3 2.5 0.0 0 0 1 4 4
6937.4 -945.0 -7.8 334 0 10.5 5.2 2.5 0.0 0 0 1 4 4
6842.6 -967.7 -13.1 327 0 6.1 5.4 7.5 2.5 2 0 3 2 2
6650.8 -950.2 -16.0 337 0 4.7 5.7 2.5 2.5 2 0 1 1 1
6277.3 -1273.2 -20.7 47 0 8.4 3.8 5.0 2.5 2 0 2 3 3
6203.3 -1203.4 -18.9 172 0 16.2 8.2 5.0 2.5 2 0 2 3 3
6386.0 -1551.7 -20.3 266 0 8.1 4.7 5.0 2.5 2 0 2 5 5
6934.4 -995.0 -13.2 332 0 9.5 5.3 2.5 2.5 2 0 1 1 1
6717.8 -993.6 -18.8 249 0 5.8 5.7 5.0 2.5 4 0 2 1 1
6555.5 -964.9 -15.7 347 0 6.6 5.0 2.5 2.5 4 0 1 0 0
6893.5 -933.0 -6.1 153 0 8.0 5.1 7.5 0.0 0 0 3 2 2
6434.1 -1285.4 -16.0 41 0 6.4 9.7 7.5 2.5 2 1 3 5 5
6896.0 -980.5 -13.1 152 0 8.9 5.5 5.0 2.5 2 0 2 2 2
6932.7 -947.2 -8.2 333 0 10.5 5.4 5.0 2.5 2 0 2 0 0
6954.8 -966.0 -6.4 331 0 8.6 5.2 2.5 2.5 2 0 1 1 1
6537.6 -913.8 -12.9 71 0 6.1 7.1 5.0 2.5 2 0 2 4 4
6281.5 -1264.1 -20.7 47 0 6.4 6.3 5.0 2.5 2 0 2 2 2
6554.0 -828.6 -10.0 247 0 5.5 5.7 5.0 2.5 2 1 2 2 2
6925.0 -999.7 -14.4 152 0 9.5 5.2 2.5 2.5 2 0 1 4 4
6929.7 -912.2 -2.5 333 0 7.8 5.3 2.5 2.5 2 0 1 3 3
6888.9 -935.3 -6.6 153 0 7.9 5.1 7.5 0.0 0 0 3 0 0
6556.5 -912.3 -13.1 68 0 7.6 6.8 5.0 2.5 2 0 2 4 4
6603.3 -856.0 -11.9 340 0 18.5 6.5 7.5 2.5 4 0 3 2 2
6568.1 -944.9 -14.8 158 0 7.8 7.9 5.0 2.5 2 1 2 2 2
6549.9 -768.6 -4.2 68 0 5.5 5.8 7.5 2.5 2 0 3 2 2
6439.3 -1262.7 -15.6 307 0 7.3 6.4 2.5 2.5 2 0 1 5 5
6939.3 -992.5 -12.0 333 0 9.5 5.5 5.0 2.5 2 0 2 2 2
6939.3 -907.3 -1.5 333 0 7.8 5.4 5.0 0.0 0 0 2 5 5
6950.2 -968.5 -7.5 331 0 8.6 5.2 5.0 2.5 2 0 2 4 4
6539.2 -932.7 -14.3 339 0 6.5 30.5 5.0 2.5 2 1 2 0 0
6563.2 -870.1 -11.6 93 0 5.9 5.5 5.0 2.5 2 0 2 0 0
6666.6 -915.1 -15.1 339 0 18.1 6.5 7.5 2.5 4 0 3 2 2
6775.1 -935.5 -12.3 67 0 7.9 6.1 7.5 2.5 2 0 3 4 4
6539.6 -827.4 -9.7 335 0 5.8 10.3 7.5 0.0 0 0 3 5 5
6481.1 -938.9 -13.9 158 0 7.3 5.1 5.0 2.5 2 0 2 2 2
6493.3 -955.7 -14.6 159 0 6.9 5.3 2.5 2.5 2 0 1 2 2
6485.8 -957.0 -14.5 70 0 5.4 6.4 2.5 2.5 2 0 1 1 1
6774.1 -1022.4 -20.4 160 0 6.2 5.8 7.5 2.5 2 0 3 3 3
6524.5 -975.5 -15.7 78 0 6.6 5.3 2.5 0.0 0 0 1 3 3
6534.7 -975.8 -15.9 348 0 5.0 6.7 5.0 0.0 0 0 2 0 0
6767.9 -936.6 -12.7 68 0 6.1 6.3 5.0 2.5 2 0 2 3 3
6472.6 -917.4 -12.8 156 0 5.5 4.0 7.5 2.5 2 0 3 0 0
6646.4 -900.2 -13.9 337 0 4.2 5.5 2.5 2.5 2 0 1 3 3
6375.3 -954.4 -11.6 163 0 5.6 6.3 5.0 2.5 2 0 2 0 0
6797.1 -906.1 -7.8 49 0 5.2 6.8 5.0 2.5 2 0 2 2 2
6593.8 -757.4 -3.8 66 0 4.0 5.6 7.5 2.5 2 0 3 3 3
6836.5 -904.6 -5.6 60 0 5.1 6.9 5.0 2.5 2 0 2 5 5
6526.7 -981.9 -15.9 78 0 4.9 6.7 7.5 2.5 2 0 3 4 4
6745.5 -982.5 -18.7 235 0 5.4 6.9 5.0 2.5 2 0 2 1 1
6828.4 -971.1 -14.2 236 0 5.5 7.6 5.0 2.5 2 0 2 3 3
6817.0 -897.9 -5.9 48 0 5.1 9.7 5.0 2.5 2 0 2 0 0
6478.4 -913.6 -12.7 244 0 5.7 3.8 7.5 2.5 4 0 3 4 4
6783.2 -858.6 -3.0 49 0 5.2 8.0 2.5 2.5 2 0 1 0 0
6357.4 -941.0 -11.1 162 0 5.7 5.4 2.5 2.5 2 0 1 2 2
6367.2 -935.6 -11.5 163 0 5.6 5.7 5.0 2.5 2 0 2 4 4
6588.7 -757.7 -3.8 68 0 5.6 4.1 2.5 2.5 4 0 1 4 4
6551.8 -971.6 -16.0 348 0 6.8 5.0 2.5 2.5 4 0 1 2 2
6544.6 -770.8 -4.6 68 0 5.9 7.8 5.0 2.5 4 0 2 0 0
6507.6 -990.1 -15.7 72 0 5.9 5.6 7.5 2.5 4 0 3 3 3
6942.2 -949.0 -6.7 63 0 5.1 11.0 5.0 0.0 0 0 2 1 1
6328.8 -883.0 -9.9 160 0 5.9 7.7 5.0 2.5 2 0 2 2 2
6908.0 -836.7 0.3 325 0 6.6 5.1 2.5 2.5 2 0 1 2 2
6558.3 -970.2 -15.9 348 0 5.0 6.7 5.0 2.5 2 0 2 2 2
6799.1 -849.6 -1.2 139 0 7.0 5.2 7.5 2.5 2 0 3 3 3
6533.4 -907.6 -12.6 72 0 10.0 6.1 5.0 2.5 2 0 2 1 1
6859.1 -931.7 -8.2 332 0 7.9 5.1 2.5 2.5 2 0 1 1 1
6570.2 -807.4 -7.9 249 0 5.8 4.5 5.0 2.5 2 0 2 5 5
6382.2 -972.8 -11.7 163 0 5.7 6.3 7.5 2.5 2 0 3 1 1
6644.8 -896.3 -13.8 337 0 4.2 4.4 5.0 2.5 2 0 2 1 1
6371.1 -978.4 -11.2 163 0 5.7 6.1 5.0 2.5 4 0 2 4 4
6864.1 -929.9 -7.7 333 0 7.4 5.2 5.0 2.5 2 0 2 5 5
6574.4 -765.0 -4.0 68 0 6.3 5.7 7.5 2.5 2 0 3 0 0
6364.0 -959.3 -11.2 164 0 5.6 6.1 7.5 2.5 2 0 3 1 1
6769.3 -1017.7 -20.2 71 0 6.0 6.3 7.5 2.5 2 0 3 0 0
6574.7 -810.5 -8.4 248 0 5.7 5.7 7.5 2.5 2 0 3 5 5
6650.1 -894.1 -13.7 338 0 4.3 5.8 7.5 2.5 2 0 3 0 0
6889.0 -845.4 -0.3 326 0 6.8 5.2 5.0 2.5 2 0 2 1 1
6538.7 -822.3 -9.4 337 0 4.2 5.7 5.0 2.5 2 0 2 5 5
6856.3 -898.2 -3.9 61 0 5.0 6.8 5.0 2.5 2 0 2 4 4
6820.7 -974.6 -15.3 325 0 8.6 5.7 7.5 2.5 4 0 3 3 3
6868.1 -794.2 -0.3 335 0 6.3 5.4 5.0 2.5 2 0 2 4 4
6806.5 -952.4 -13.1 242 0 5.8 5.6 5.0 2.5 2 0 2 2 2
6774.9 -1015.8 -20.1 71 0 5.8 5.8 7.5 0.0 0 0 3 0 0
6532.0 -970.4 -15.7 346 0 6.6 5.2 2.5 2.5 2 0 1 4 4
6650.8 -899.2 -14.0 338 0 5.7 4.4 5.0 0.0 0 0 2 5 5
6771.1 -1023.3 -20.4 70 0 6.3 5.9 7.5 2.5 2 0 3 1 1
6565.1 -808.3 -8.3 248 0 4.5 5.7 7.5 2.5 2 0 3 0 0
6580.7 -906.8 -13.2 87 0 4.6 5.5 2.5 2.5 2 1 1 5 5
6671.4 -978.8 -17.4 68 0 16.2 36.7 12.5 2.5 4 0 5 2 2
6805.6 -877.1 -4.0 50 0 5.1 7.4 7.5 2.5 2 0 3 2 2
6426.5 -1253.2 -14.8 308 0 8.7 5.6 7.5 2.5 2 0 3 0 0
6801.7 -903.6 -7.2 51 0 5.1 6.8 7.5 2.5 2 0 3 5 5
6789.4 -959.2 -14.6 235 0 5.2 6.5 5.0 2.5 2 0 2 2 2
6230.9 -1371.5 -18.2 235 0 3.7 4.3 7.5 0.0 0 1 3 4 4
6568.9 -888.4 -12.4 91 0 8.2 5.5 7.5 2.5 2 0 3 5 5
6643.3 -925.3 -15.2 340 0 12.2 12.2 10.0 2.5 2 0 4 0 0
6560.1 -788.4 -6.1 251 0 4.8 4.8 2.5 2.5 2 0 1 4 4
6808.4 -899.6 -6.2 139 0 6.7 5.1 2.5 2.5 2 0 1 1 1
6787.9 -855.9 -2.4 49 0 5.0 7.8 7.5 2.5 2 0 3 2 2
6827.0 -1008.9 -17.9 64 0 3.6 9.3 7.5 2.5 2 0 3 0 0
6871.1 -788.5 -0.0 335 0 7.1 5.1 5.0 0.0 0 0 2 0 0
6362.5 -938.8 -11.3 162 0 5.7 5.5 7.5 2.5 2 0 3 4 4
6804.0 -902.3 -6.7 139 0 6.9 5.2 7.5 2.5 2 0 3 3 3
6898.9 -841.6 -0.1 326 0 5.9 5.1 5.0 2.5 2 0 2 0 0
6792.4 -853.4 -1.9 50 0 5.1 7.6 7.5 0.0 0 0 3 4 4
6903.3 -838.9 0.1 325 0 6.6 5.2 7.5 2.5 2 0 3 0 0
6594.0 -751.3 -3.9 69 0 9.1 6.1 5.0 2.5 2 0 2 1 1
6592.4 -890.2 -12.9 132 0 4.1 6.8 7.5 2.5 2 1 3 1 1
6796.8 -850.9 -1.4 49 0 4.9 7.4 2.5 2.5 2 0 1 2 2
6832.8 -1004.1 -17.3 64 0 6.1 7.5 5.0 2.5 2 0 2 4 4
6351.0 -921.7 -11.0 162 0 8.9 5.1 5.0 2.5 2 0 2 2 2
6841.5 -903.0 -5.2 63 0 5.2 6.9 5.0 0.0 0 0 2 5 5
6750.3 -980.3 -18.7 234 0 5.1 7.0 5.0 2.5 2 0 2 3 3
6376.8 -976.1 -11.5 163 0 5.6 6.1 7.5 2.5 2 0 3 0 0
6586.5 -873.5 -12.1 126 0 4.4 6.2 5.0 0.0 0 1 2 5 5
6853.8 -817.3 -0.8 333 0 5.8 5.2 5.0 2.5 4 0 2 3 3
6846.4 -901.4 -4.8 60 0 5.1 6.9 5.0 2.5 2 0 2 2 2
6516.7 -1139.0 -16.0 179 0 7.5 5.1 5.0 0.0 0 0 2 1 1
6369.7 -957.2 -11.4 163 0 5.7 6.2 5.0 2.5 2 0 2 0 0
6548.5 -893.7 -12.2 78 0 5.4 6.2 5.0 2.5 2 1 2 2 2
6550.9 -792.1 -7.0 249 0 4.8 4.8 2.5 2.5 2 1 1 4 4
6894.1 -843.7 -0.2 326 0 5.8 5.1 7.5 2.5 2 0 3 2 2
6568.4 -958.2 -15.4 159 0 4.7 4.8 2.5 2.5 2 1 1 2 2
6823.3 -973.4 -14.8 236 0 5.5 8.6 5.0 2.5 2 0 2 3 3
6851.4 -899.8 -4.3 61 0 5.1 6.8 5.0 2.5 2 0 2 5 5
6801.0 -879.6 -4.5 50 0 5.1 7.4 2.5 2.5 4 0 1 2 2
6784.7 -961.2 -15.1 235 0 5.1 6.4 2.5 2.5 4 0 1 3 3
6488.4 -956.5 -14.6 157 0 6.5 5.1 5.0 2.5 2 0 2 2 2
6566.6 -1069.8 -18.0 160 0 6.2 10.0 7.5 2.5 2 1 3 4 4
6832.8 -884.7 -3.4 61 0 3.7 7.0 2.5 2.5 2 0 1 0 0
6803.7 -1004.2 -18.8 74 0 8.3 5.5 7.5 2.5 2 0 3 1 1
6498.8 -973.2 -15.1 70 0 5.8 7.3 5.0 2.5 2 0 2 2 2
6808.9 -875.6 -3.5 51 0 3.3 7.5 7.5 2.5 4 0 3 0 0
6790.8 -885.8 -5.6 48 0 3.6 7.4 7.5 2.5 2 0 3 2 2
6500.7 -978.5 -15.3 70 0 5.9 5.6 7.5 2.5 2 0 3 1 1
6575.0 -974.9 -16.2 161 0 6.4 5.8 7.5 2.5 2 0 3 4 4
6556.8 -773.0 -4.6 67 0 9.2 6.7 2.5 2.5 2 0 1 0 0
6642.4 -874.2 -12.1 338 0 4.4 5.5 2.5 2.5 2 0 1 0 0
6838.4 -971.2 -13.8 325 0 7.4 5.6 7.5 2.5 4 0 3 4 4
6611.5 -989.5 -17.1 64 0 4.8 6.1 5.0 2.5 2 0 2 1 1
6574.5 -778.8 -4.6 249 0 4.1 5.7 5.0 2.5 2 0 2 2 2
6755.0 -978.2 -18.5 235 0 5.1 6.7 7.5 0.0 0 0 3 4 4
6659.7 -938.5 -15.9 338 0 10.3 18.4 7.5 2.5 2 0 3 5 5
6576.7 -978.8 -16.5 159 0 4.1 5.5 5.0 2.5 2 0 2 5 5
6475.8 -939.7 -13.9 158 0 6.8 5.2 7.5 2.5 2 0 3 4 4
6634.7 -854.2 -10.2 339 0 4.4 5.6 2.5 2.5 2 0 1 4 4
6858.8 -815.8 -0.7 333 0 5.8 5.1 5.0 2.5 2 0 2 5 5
6589.4 -858.6 -11.7 349 0 12.5 18.5 7.5 2.5 4 1 3 2 2
6575.4 -832.6 -10.7 249 0 14.3 12.1 5.0 2.5 2 0 2 1 1
6795.2 -883.2 -5.0 51 0 3.3 7.5 5.0 0.0 0 0 2 3 3
6868.9 -764.7 0.3 333 0 7.3 7.9 7.5 2.5 2 0 3 4 4
6550.5 -965.6 -15.7 348 0 7.4 6.7 7.5 2.5 2 0 3 0 0
6868.0 -743.1 0.6 335 0 7.9 8.0 7.5 2.5 2 0 3 5 5
6241.7 -1425.6 -17.2 350 0 5.1 6.2 5.0 2.5 2 1 2 5 5
6565.7 -769.4 -4.0 69 0 5.0 7.0 7.5 2.5 2 0 3 1 1
6863.9 -814.1 -0.6 332 0 5.5 5.2 7.5 2.5 2 0 3 3 3
6411.2 -1289.7 -16.9 137 0 5.1 4.8 5.0 2.5 2 0 2 5 5
6473.0 -922.5 -13.0 157 0 4.1 9.5 2.5 2.5 2 0 1 0 0
6882.0 -969.8 -13.3 337 0 6.4 26.0 2.5 2.5 2 1 1 0 0
6619.2 -813.2 -6.2 335 0 4.1 5.6 5.0 2.5 2 0 2 1 1
6764.0 -973.6 -18.0 247 0 5.7 6.0 2.5 2.5 2 0 1 4 4
6854.0 -730.8 0.5 332 0 7.4 7.9 5.0 2.5 2 0 2 4 4
6779.7 -962.9 -16.1 247 0 5.7 7.1 5.0 2.5 2 0 2 4 4
6896.8 -808.3 0.3 326 0 4.9 10.3 2.5 2.5 2 0 1 5 5
6733.8 -996.2 -19.3 240 0 5.1 10.1 5.0 2.5 2 0 2 4 4
6856.4 -862.1 -0.5 86 0 9.5 5.2 5.0 2.5 2 0 2 5 5
6877.5 -870.8 -0.3 64 0 5.8 6.0 7.5 0.0 0 0 3 3 3
6646.8 -766.5 -3.2 161 0 6.4 12.8 2.5 2.5 2 0 1 4 4
6465.7 -892.6 -11.8 248 0 4.8 6.7 5.0 2.5 2 0 2 5 5
6766.2 -700.3 -1.7 157 0 5.5 5.2 5.0 0.0 0 0 2 0 0
6156.0 -819.6 -7.3 66 0 23.8 7.3 7.5 2.5 2 0 3 4 4
6449.0 -811.2 -7.8 158 0 5.5 12.3 7.5 0.0 0 1 3 0 0
6828.9 -816.9 -1.3 329 0 3.9 15.3 2.5 2.5 2 0 1 4 4
6477.2 -791.5 -7.7 247 0 11.8 10.9 5.0 2.5 2 0 2 3 3
6520.9 -660.9 -9.2 247 0 8.1 10.6 7.5 2.5 2 1 3 5 5
6570.1 -659.5 -8.1 335 0 12.4 9.8 2.5 2.5 2 0 1 4 4
6762.9 -655.9 -1.0 247 0 5.2 7.1 5.0 2.5 2 0 2 4 4
6375.6 -725.4 -7.5 247 0 13.9 8.9 2.5 2.5 2 0 1 3 3
6753.3 -659.8 -1.4 247 0 5.3 7.1 7.5 2.5 2 0 3 2 2
6760.8 -678.4 -1.5 246 0 5.3 7.9 2.5 2.5 4 0 1 2 2
6802.9 -709.6 -0.8 338 0 6.7 4.8 5.0 0.0 0 0 2 1 1
6520.7 -865.2 -10.8 158 0 6.2 5.7 7.5 2.5 2 0 3 4 4
6411.2 -710.4 -8.5 247 0 13.9 8.9 5.0 2.5 2 0 2 2 2
6758.1 -657.8 -1.2 248 0 5.2 7.1 5.0 2.5 2 0 2 1 1
6168.4 -834.1 -6.6 246 0 10.0 9.6 7.5 2.5 2 0 3 2 2
6470.8 -892.9 -11.6 248 0 4.3 4.3 5.0 2.5 2 0 2 1 1
6426.2 -731.6 -6.7 66 0 3.4 6.3 7.5 0.0 0 1 3 2 2
6175.0 -782.5 -7.3 238 0 7.3 5.7 7.5 2.5 2 0 3 1 1
6749.7 -822.1 -1.8 249 0 5.4 7.3 5.0 2.5 2 0 2 3 3
6183.2 -847.0 -6.2 66 0 7.6 6.3 5.0 2.5 2 0 2 2 2
6439.0 -699.4 -8.9 247 0 11.5 8.4 2.5 2.5 2 0 1 5 5
6855.3 -768.6 -0.3 332 0 5.9 8.4 7.5 2.5 2 1 3 0 0
6504.3 -780.7 -7.5 249 0 5.4 6.0 5.0 2.5 2 0 2 5 5
6826.6 -715.7 -0.3 340 0 6.6 11.1 5.0 2.5 2 0 2 1 1
6208.6 -798.4 -7.4 67 0 6.3 7.9 2.5 0.0 0 1 1 3 3
6319.5 -751.7 -7.0 247 0 12.8 9.0 7.5 2.5 2 0 3 5 5
6843.6 -671.5 1.1 340 0 4.8 7.4 2.5 2.5 2 1 1 3 3
6816.2 -719.5 -0.6 340 0 6.6 7.2 7.5 2.5 2 0 3 2 2
6849.8 -687.3 1.0 340 0 4.8 7.5 7.5 2.5 2 1 3 0 0
6460.1 -875.6 -10.6 157 0 5.1 5.4 5.0 2.5 2 0 2 2 2
6675.8 -756.9 -3.2 340 0 6.5 4.9 7.5 2.5 2 0 3 4 4
6690.2 -709.6 -3.4 339 0 7.5 10.3 7.5 2.5 2 0 3 4 4
6805.5 -686.7 -0.3 339 0 4.8 7.4 7.5 2.5 2 1 3 0 0
6809.5 -722.0 -0.9 339 0 6.7 7.6 2.5 2.5 2 0 1 2 2
6827.0 -696.9 0.2 336 0 4.9 7.5 7.5 2.5 2 1 3 5 5
6271.1 -768.9 -7.5 66 0 13.3 10.3 7.5 2.5 2 0 3 3 3
6552.6 -683.1 -6.9 67 0 9.1 9.0 5.0 2.5 2 0 2 4 4
6221.8 -753.5 -7.4 247 0 5.3 6.7 5.0 2.5 2 1 2 1 1
6794.5 -668.6 -0.2 247 0 7.4 4.8 2.5 2.5 4 0 1 3 3
6518.8 -844.2 -10.0 336 0 5.2 5.9 7.5 2.5 4 0 3 3 3
6504.5 -843.5 -9.7 160 0 5.0 7.1 7.5 2.5 2 0 3 1 1
6439.5 -874.8 -11.3 250 0 8.4 19.9 7.5 2.5 2 1 3 4 4
6266.2 -743.2 -7.4 336 0 8.0 10.9 7.5 2.5 2 1 3 1 1
6421.7 -829.9 -8.5 337 0 14.4 14.1 5.0 2.5 2 0 2 4 4
6735.9 -667.1 -2.1 247 0 5.2 7.1 5.0 2.5 2 0 2 1 1
6830.2 -639.0 1.2 338 0 4.9 7.4 2.5 2.5 2 1 1 3 3
6740.7 -665.1 -2.0 248 0 5.2 7.1 7.5 2.5 2 0 3 5 5
6731.0 -669.1 -2.2 247 0 5.3 7.1 5.0 2.5 2 0 2 4 4
6770.1 -773.5 -2.0 160 0 5.7 5.8 5.0 2.5 2 1 2 5 5
6788.1 -751.5 -1.6 157 0 5.7 5.8 5.0 2.5 2 0 2 1 1
6527.8 -896.3 -12.5 338 0 6.8 30.4 7.5 2.5 4 1 3 4 4
6747.0 -662.5 -1.8 247 0 8.4 7.1 7.5 2.5 2 0 3 2 2
6488.7 -884.2 -11.4 248 0 5.8 5.8 5.0 2.5 2 0 2 2 2
6800.4 -703.3 -0.7 338 0 6.9 4.8 7.5 2.5 2 0 3 2 2
6775.6 -735.8 -1.7 157 0 7.2 5.4 5.0 2.5 2 0 2 2 2
6482.8 -886.6 -11.5 247 0 6.9 5.8 5.0 2.5 2 0 2 0 0
6785.0 -769.5 -1.8 157 0 6.0 5.6 5.0 0.0 0 0 2 0 0
6769.3 -723.3 -1.8 156 0 6.3 5.1 7.5 2.5 4 0 3 3 3
6774.4 -722.1 -1.7 154 0 7.8 5.6 5.0 2.5 2 0 2 3 3
6763.0 -722.1 -1.9 154 0 6.3 5.2 7.5 0.0 0 0 3 4 4
6456.6 -873.6 -10.7 247 0 5.0 5.7 7.5 2.5 2 0 3 1 1
6827.2 -760.4 -1.0 332 0 6.2 5.4 7.5 2.5 2 0 3 4 4
6730.4 -807.7 -2.1 248 0 5.3 7.1 7.5 2.5 2 0 3 3 3
6721.5 -813.4 -2.1 248 0 5.2 6.8 7.5 2.5 4 0 3 5 5
6836.4 -653.5 1.2 337 0 4.9 7.4 7.5 0.0 0 1 3 1 1
6755.4 -800.8 -2.0 160 0 6.0 5.3 7.5 2.5 2 0 3 1 1
6815.2 -744.1 -1.1 330 0 5.1 5.3 7.5 2.5 2 0 3 3 3
6493.2 -894.7 -11.8 248 0 5.1 3.3 7.5 2.5 2 0 3 0 0
6822.1 -762.1 -1.1 333 0 6.1 5.3 7.5 2.5 2 0 3 1 1
6671.0 -711.5 -3.5 249 0 4.5 8.5 7.5 2.5 4 0 3 0 0
6758.7 -816.5 -1.7 248 0 5.5 7.2 5.0 0.0 0 0 2 3 3
6485.6 -891.8 -11.8 247 0 5.9 6.7 7.5 2.5 2 0 3 2 2
6533.2 -824.0 -9.5 334 0 5.3 6.0 7.5 2.5 2 0 3 4 4
6681.8 -716.8 -3.5 342 0 7.7 6.1 5.0 2.5 4 0 2 5 5
6820.1 -741.9 -0.9 330 0 6.2 5.3 7.5 2.5 2 0 3 3 3
6666.2 -713.1 -3.6 252 0 6.4 10.2 7.5 2.5 2 0 3 5 5
6748.8 -804.8 -2.0 249 0 5.3 7.0 2.5 2.5 2 0 1 0 0
6789.4 -818.3 -1.5 228 0 5.1 8.0 5.0 2.5 2 0 2 1 1
6463.6 -876.9 -10.9 247 0 6.8 5.6 5.0 2.5 2 0 2 0 0
6680.2 -753.0 -3.3 340 0 8.8 5.5 7.5 2.5 2 0 3 3 3
6732.6 -828.3 -2.7 248 0 5.5 8.6 7.5 0.0 0 0 3 0 0
6722.6 -838.1 -3.6 159 0 7.2 5.1 7.5 2.5 4 0 3 5 5
6516.6 -838.8 -9.7 338 0 6.1 5.8 5.0 2.5 2 0 2 1 1
6466.4 -899.5 -12.1 246 0 5.7 6.9 5.0 2.5 2 0 2 0 0
6477.4 -821.2 -8.4 161 0 5.6 4.0 7.5 2.5 4 0 3 1 1
6526.7 -781.3 -7.2 337 0 5.8 5.7 5.0 2.5 2 0 2 4 4
6760.2 -835.4 -2.1 249 0 5.5 8.0 2.5 2.5 2 1 1 4 4
6481.4 -820.4 -8.4 158 0 4.2 5.5 2.5 2.5 4 0 1 3 3
6477.6 -826.4 -8.6 158 0 4.2 5.7 2.5 0.0 0 0 1 3 3
6532.5 -778.7 -6.6 337 0 5.6 6.3 5.0 2.5 2 0 2 2 2
6436.5 -817.0 -7.7 158 0 4.5 5.7 7.5 2.5 2 0 3 1 1
6777.4 -753.7 -1.8 156 0 6.1 5.6 2.5 2.5 2 0 1 3 3
6438.2 -821.1 -8.0 157 0 4.4 4.4 5.0 2.5 2 0 2 5 5
6432.2 -818.2 -7.8 157 0 5.6 4.4 7.5 0.0 0 0 3 4 4
6721.3 -760.7 -2.9 341 0 7.3 11.7 5.0 2.5 2 0 2 1 1
6433.0 -823.3 -8.0 157 0 4.4 5.7 7.5 2.5 2 0 3 5 5
6785.8 -733.3 -1.5 157 0 8.2 5.4 7.5 0.0 0 0 3 2 2
6483.1 -824.9 -8.7 160 0 5.6 4.1 7.5 2.5 2 0 3 0 0
6527.8 -874.9 -11.1 69 0 6.2 8.6 7.5 2.5 2 0 3 2 2
6726.0 -810.6 -2.1 248 0 4.9 6.9 7.5 2.5 2 0 3 2 2
6497.1 -781.0 -7.5 249 0 8.3 8.8 2.5 2.5 2 0 1 4 4
6753.2 -802.1 -2.0 249 0 5.2 7.0 7.5 2.5 2 0 3 4 4
6536.1 -800.8 -8.5 340 0 4.8 4.8 2.5 2.5 4 0 1 4 4
6804.3 -647.0 0.6 247 0 7.4 4.9 2.5 2.5 2 0 1 0 0
6784.9 -821.1 -1.5 227 0 5.4 7.9 7.5 2.5 2 0 3 5 5
6818.1 -661.3 0.6 336 0 4.6 7.4 7.5 2.5 2 1 3 0 0
6725.9 -832.5 -3.2 159 0 6.9 5.2 5.0 2.5 2 0 2 0 0
6780.3 -823.6 -1.5 229 0 4.8 7.9 7.5 2.5 2 0 3 5 5
6666.0 -759.9 -3.3 161 0 9.4 5.4 7.5 2.5 2 0 3 2 2
6542.0 -795.7 -7.9 249 0 4.8 4.8 5.0 2.5 2 1 2 3 3
6694.7 -706.6 -3.3 339 0 9.8 5.3 2.5 2.5 2 0 1 3 3
6783.1 -753.1 -1.7 157 0 6.6 5.1 7.5 2.5 2 0 3 5 5
6527.1 -804.4 -8.6 340 0 4.8 4.8 2.5 2.5 2 0 1 3 3
6524.1 -775.0 -7.0 337 0 7.8 8.8 5.0 2.5 2 0 2 5 5
6767.4 -654.0 -0.8 247 0 5.3 7.1 2.5 2.5 2 0 1 3 3
6530.1 -774.4 -6.2 336 0 4.0 5.8 2.5 0.0 0 0 1 2 2
6469.7 -898.0 -11.9 247 0 7.0 5.8 5.0 2.5 2 0 2 3 3
6780.8 -734.5 -1.6 158 0 7.8 5.1 2.5 2.5 2 0 1 5 5
6353.2 -730.8 -7.1 248 0 9.4 8.4 5.0 2.5 2 0 2 1 1
6713.8 -699.0 -2.8 158 0 5.3 10.8 5.0 2.5 2 0 2 5 5
6517.8 -877.8 -11.2 68 0 5.5 7.9 5.0 2.5 2 0 2 1 1
6744.9 -786.0 -2.3 249 0 8.0 6.0 5.0 2.5 2 0 2 5 5
6724.5 -697.0 -2.5 160 0 5.6 14.2 7.5 2.5 2 0 3 4 4
6511.9 -864.5 -10.8 158 0 5.5 7.9 5.0 2.5 2 0 2 4 4
6643.8 -728.1 -3.8 161 0 4.9 6.7 7.5 2.5 2 0 3 0 0
6760.8 -701.7 -1.8 157 0 5.3 5.5 5.0 2.5 4 0 2 1 1
6704.1 -701.3 -3.2 340 0 6.4 10.7 2.5 2.5 2 0 1 0 0
6756.1 -839.5 -3.0 247 0 5.2 5.9 2.5 2.5 2 1 1 4 4
6648.9 -772.5 -3.1 160 0 6.3 13.2 5.0 0.0 0 0 2 4 4
6838.4 -812.8 -1.1 328 0 5.0 10.2 7.5 0.0 0 0 3 2 2
6790.6 -768.2 -1.7 157 0 5.9 10.3 5.0 2.5 4 0 2 5 5
4067.5 -2685.2 -2.0 6 0 5.5 12.2 2.5 2.5 2 0 1 5 5
4226.4 -3446.3 -5.5 169 0 6.6 5.1 5.0 2.5 2 0 2 3 3
4247.0 -3236.7 -4.1 181 0 6.2 5.3 5.0 2.5 2 0 2 3 3
4072.5 -2669.1 -2.1 8 0 10.3 4.3 7.5 2.5 2 0 3 2 2
4267.0 -3451.3 -5.6 349 0 4.8 7.2 5.0 0.0 0 1 2 3 3
4268.3 -3468.2 -6.6 349 0 4.8 7.2 5.0 0.0 0 1 2 1 1
4176.4 -3474.1 -5.7 190 0 4.9 14.7 7.5 2.5 2 1 3 4 4
4063.2 -2661.2 -2.8 9 0 6.4 6.7 7.5 2.5 2 0 3 5 5
4068.4 -2691.7 -1.9 4 0 7.5 14.0 2.5 2.5 2 0 1 4 4
5835.0 -3712.4 -19.5 289 0 7.8 6.6 5.0 2.5 2 0 2 2 2
4005.1 -2418.6 -3.8 194 0 12.7 7.0 5.0 2.5 2 0 2 0 0
4095.0 -2458.6 -4.1 197 0 9.3 9.2 5.0 2.5 2 0 2 1 1
4097.7 -2449.6 -4.4 196 0 9.6 9.2 7.5 2.5 4 0 3 2 2
3359.4 -2494.5 -0.7 40 0 8.1 17.0 5.0 2.5 2 1 2 3 3
3144.2 -2259.8 0.8 217 0 9.3 15.5 7.5 2.5 2 1 3 2 2
5831.6 -3083.9 -20.0 147 0 13.1 9.0 2.5 2.5 2 0 1 0 0
5148.3 -4112.1 -11.1 65 0 10.1 7.6 7.5 2.5 2 0 3 4 4
5684.4 -2969.2 -10.9 209 0 19.1 9.7 2.5 2.5 2 0 1 4 4
5670.0 -3177.9 -14.7 243 0 11.2 15.2 5.0 2.5 2 1 2 4 4
5851.1 -3723.6 -20.3 201 0 9.2 17.8 7.5 2.5 2 1 3 4 4
5369.5 -2744.0 -13.7 252 0 6.9 11.4 7.5 2.5 2 1 3 4 4
5510.1 -2686.1 -12.5 105 0 8.8 12.9 5.0 2.5 2 1 2 3 3
5764.4 -4011.4 -20.2 215 0 18.0 8.4 7.5 2.5 2 0 3 2 2
5716.3 -4250.0 -19.5 213 0 10.3 20.1 7.5 2.5 2 1 3 2 2
4447.5 -2354.2 -9.8 186 0 15.0 9.1 7.5 2.5 2 0 3 3 3
5164.1 -4779.7 -6.0 347 0 9.4 15.5 5.0 2.5 2 1 2 2 2
4491.1 -2470.1 -5.4 223 0 10.7 7.9 7.5 2.5 2 0 3 1 1
5097.0 -5587.0 -15.6 309 0 8.6 15.9 7.5 2.5 2 1 3 1 1
5360.0 -5001.3 -21.0 311 0 8.5 5.1 5.0 2.5 2 0 2 0 0
4035.4 -2403.7 -3.6 14 0 5.1 9.0 7.5 2.5 2 1 3 5 5
5648.8 -4625.9 -21.4 229 0 7.1 12.0 5.0 2.5 2 0 2 5 5
5743.0 -4022.9 -19.8 216 0 6.5 11.0 7.5 2.5 4 0 3 1 1
3123.3 -2286.8 -0.4 221 0 8.4 15.9 7.5 0.0 0 1 3 3 3
5515.0 -3227.0 -11.4 90 0 5.3 6.8 7.5 2.5 2 1 3 4 4
4465.5 -2374.8 -9.7 98 0 12.9 5.6 7.5 2.5 2 0 3 2 2
5147.2 -4747.0 -8.8 171 0 8.9 15.9 2.5 2.5 2 1 1 4 4
5552.4 -4823.1 -20.4 219 0 12.7 9.1 7.5 2.5 4 0 3 4 4
5752.1 -4250.2 -20.4 34 0 18.4 9.9 5.0 2.5 2 0 2 2 2
5153.8 -4092.2 -11.2 245 0 5.7 5.1 2.5 2.5 2 0 1 0 0
5851.8 -3782.2 -20.5 21 0 15.6 8.9 7.5 2.5 2 0 3 2 2
5481.4 -2683.2 -12.7 107 0 7.0 18.3 5.0 2.5 4 1 2 2 2
5356.1 -2743.7 -13.1 253 0 6.0 10.7 5.0 2.5 2 1 2 1 1
5668.1 -4668.2 -22.2 36 0 10.1 4.3 5.0 2.5 2 0 2 0 0
5495.3 -3209.1 -11.0 180 0 5.8 6.4 5.0 2.5 2 0 2 2 2
4108.3 -2430.7 -4.9 197 0 8.7 4.6 7.5 2.5 4 0 3 2 2
5826.8 -3756.5 -20.3 200 0 8.5 25.1 5.0 2.5 2 1 2 3 3
5865.9 -3014.4 -17.9 149 0 12.6 30.2 12.5 2.5 2 0 5 3 3
4007.7 -2408.2 -3.8 195 0 6.5 4.0 5.0 2.5 2 0 2 1 1
5876.1 -3035.9 -19.8 232 0 10.0 26.1 10.0 2.5 2 1 4 1 1
4491.0 -2363.4 -10.1 9 0 9.4 8.1 5.0 2.5 2 0 2 2 2
5795.0 -4022.5 -21.5 305 0 6.0 4.1 5.0 2.5 4 0 2 2 2
4477.4 -2480.3 -5.8 213 0 5.8 3.2 5.0 2.5 2 0 2 4 4
5636.2 -4636.0 -20.6 309 0 5.7 10.1 7.5 2.5 2 1 3 0 0
5725.6 -3161.8 -16.6 326 0 30.2 10.0 7.5 2.5 4 0 3 1 1
5710.2 -4246.8 -18.6 294 0 4.1 8.7 5.0 2.5 2 1 2 5 5
5926.1 -3027.7 -19.1 330 0 5.2 5.3 2.5 2.5 4 0 1 2 2
5832.8 -3718.7 -19.5 290 0 8.0 34.7 7.5 2.5 2 0 3 1 1
3117.8 -2276.1 0.3 218 0 11.8 4.1 5.0 2.5 2 0 2 0 0
5863.0 -3746.7 -20.5 21 0 18.6 6.0 2.5 2.5 2 0 1 1 1
5533.2 -4825.2 -19.9 307 0 9.2 18.4 5.0 2.5 4 1 2 4 4
5808.8 -3773.0 -19.5 201 0 15.6 8.9 7.5 2.5 4 0 3 4 4
5728.1 -4205.6 -19.5 297 0 8.9 23.6 7.5 2.5 2 1 3 1 1
3377.8 -2462.1 1.7 39 0 5.1 14.0 7.5 2.5 2 1 3 0 0
5860.7 -3017.7 -18.0 147 0 12.1 6.1 7.5 2.5 2 0 3 4 4
5660.6 -4678.4 -21.9 36 0 5.4 5.1 5.0 2.5 2 0 2 0 0
5862.5 -3079.0 -20.2 56 0 12.0 6.5 5.0 2.5 2 0 2 4 4
5329.3 -5019.5 -20.7 131 0 8.9 19.1 2.5 2.5 2 1 1 4 4
5698.3 -3190.8 -15.5 63 0 16.7 9.3 2.5 2.5 2 0 1 1 1
5564.7 -4860.7 -22.1 35 0 12.0 8.1 5.0 2.5 2 0 2 0 0
5745.2 -4210.7 -20.3 295 0 16.3 7.2 5.0 2.5 2 0 2 3 3
5499.2 -2695.3 -12.0 105 0 4.3 4.1 5.0 2.5 4 0 2 0 0
5667.5 -2978.0 -10.4 202 0 17.9 5.9 5.0 2.5 2 0 2 2 2
5796.5 -4036.4 -21.7 34 0 12.4 5.1 5.0 2.5 2 0 2 1 1
5671.6 -3017.8 -12.1 191 0 4.4 5.7 7.5 2.5 2 1 3 2 2
5711.2 -4237.5 -18.9 206 0 15.2 5.1 7.5 2.5 2 0 3 4 4
4490.5 -2492.8 -5.8 126 0 8.7 4.5 5.0 2.5 2 0 2 3 3
5785.9 -4051.9 -21.5 36 0 9.9 24.4 7.5 2.5 2 0 3 5 5
5668.3 -4650.7 -22.1 49 0 10.4 19.5 10.0 2.5 2 0 4 3 3
5662.9 -2986.1 -10.8 278 0 9.0 13.0 7.5 2.5 2 0 3 4 4
5752.3 -4028.8 -20.5 217 0 8.0 16.4 7.5 2.5 2 0 3 1 1
5792.5 -4010.0 -21.5 304 0 23.9 9.0 2.5 0.0 0 0 1 3 3
5823.0 -3808.3 -20.4 111 0 11.1 13.1 5.0 2.5 2 0 2 2 2
5851.9 -3709.9 -20.2 116 0 7.8 12.0 7.5 2.5 2 1 3 0 0
5919.4 -3026.7 -19.3 330 0 8.8 16.5 2.5 0.0 0 0 1 5 5
6309.7 -2535.0 -15.0 337 0 11.5 11.4 7.5 2.5 2 0 3 5 5
6261.0 -2657.5 -18.1 243 0 9.8 17.1 5.0 2.5 4 1 2 0 0
6224.5 -2729.8 -18.9 145 0 12.0 8.4 7.5 2.5 2 0 3 3 3
6216.6 -2718.7 -18.7 145 0 15.2 8.4 5.0 2.5 2 0 2 3 3
5981.3 -2667.5 -16.6 242 0 12.8 19.5 5.0 2.5 2 0 2 3 3
5923.2 -2634.2 -15.7 241 0 11.4 6.1 5.0 0.0 0 0 2 2 2
5936.7 -2662.4 -15.3 62 0 17.1 7.7 7.5 2.5 2 0 3 0 0
5922.1 -2729.9 -16.7 240 0 9.9 13.1 7.5 2.5 2 1 3 1 1
6934.9 -2197.2 -20.7 66 0 7.6 18.2 7.5 2.5 2 1 3 2 2
6847.7 -2221.1 -20.5 72 0 9.5 18.9 2.5 0.0 0 1 1 5 5
6821.6 -2234.8 -20.5 71 0 10.2 19.9 7.5 0.0 0 1 3 5 5
6709.6 -2318.4 -19.2 235 0 10.1 5.2 5.0 0.0 0 0 2 0 0
6688.3 -2316.4 -18.4 239 0 8.6 13.8 7.5 2.5 2 1 3 2 2
6595.3 -2508.6 -20.1 219 0 19.9 13.4 10.0 2.5 2 0 4 0 0
6349.2 -2625.4 -18.1 63 0 32.4 13.0 10.0 2.5 2 0 4 5 5
6467.6 -2561.4 -18.0 134 0 10.1 17.0 5.0 0.0 0 1 2 1 1
6252.9 -2592.2 -16.6 156 0 26.4 12.6 10.0 2.5 2 0 4 5 5
6933.3 -2155.6 -19.7 340 0 10.4 23.1 7.5 2.5 2 1 3 0 0
6239.5 -2695.9 -18.5 245 0 4.6 12.5 5.0 2.5 2 1 2 2 2
5839.9 -2753.5 -13.5 217 0 8.5 11.2 5.0 2.5 2 0 2 1 1
6389.9 -2531.4 -15.5 338 0 9.1 22.6 5.0 0.0 0 1 2 4 4
6298.5 -2663.7 -18.3 66 0 7.5 6.3 5.0 2.5 2 0 2 2 2
5934.6 -2624.4 -15.7 241 0 5.1 3.1 5.0 2.5 4 0 2 2 2
6133.4 -2676.0 -17.3 332 0 12.9 5.9 5.0 2.5 2 0 2 3 3
5996.9 -2705.1 -17.3 239 0 5.0 4.0 2.5 2.5 2 0 1 5 5
5864.0 -2781.3 -14.6 314 0 7.1 13.0 2.5 2.5 2 1 1 5 5
6285.7 -2567.1 -15.7 64 0 15.3 8.6 2.5 2.5 2 0 1 4 4
6031.6 -2639.0 -16.2 248 0 9.0 34.0 7.5 2.5 2 1 3 5 5
5921.4 -2657.0 -15.5 62 0 5.2 13.1 7.5 2.5 2 1 3 0 0
6027.8 -2680.2 -16.5 240 0 10.8 5.5 7.5 2.5 2 0 3 5 5
5978.2 -2664.3 -16.1 239 0 9.8 4.3 5.0 2.5 2 0 2 5 5
6267.7 -2556.5 -15.2 67 0 9.5 9.4 7.5 2.5 2 0 3 2 2
6610.1 -2221.1 -13.6 149 0 7.1 5.4 5.0 2.5 4 0 2 0 0
5928.0 -2745.7 -17.0 240 0 3.8 8.3 2.5 2.5 2 0 1 3 3
6252.4 -2713.2 -18.8 326 0 8.0 17.1 5.0 0.0 0 1 2 0 0
6259.2 -2606.4 -16.8 156 0 4.8 8.8 5.0 2.5 2 0 2 5 5
6450.2 -2566.5 -17.6 31 0 5.7 10.1 2.5 2.5 2 1 1 4 4
6072.8 -2681.5 -16.5 71 0 15.4 7.9 7.5 0.0 0 0 3 2 2
6333.4 -2565.5 -16.0 161 0 3.3 5.9 2.5 2.5 2 1 1 1 1
6574.9 -2465.8 -17.5 299 0 5.7 11.1 2.5 2.5 2 1 1 4 4
6221.1 -2676.9 -18.0 331 0 8.8 26.5 5.0 2.5 2 1 2 5 5
5909.0 -2639.3 -15.7 239 0 7.9 5.2 7.5 2.5 2 0 3 5 5
6680.8 -2353.4 -17.9 313 0 8.6 6.2 5.0 2.5 2 0 2 0 0
6510.5 -2587.3 -19.6 49 0 12.1 9.3 7.5 2.5 4 0 3 5 5
6836.6 -2195.9 -20.4 163 0 10.8 7.9 7.5 2.5 2 0 3 5 5
6321.5 -2648.7 -18.6 333 0 7.1 11.7 5.0 2.5 2 1 2 0 0
6292.0 -2666.8 -18.2 63 0 6.9 6.3 2.5 2.5 2 0 1 1 1
6038.4 -2740.4 -18.3 58 0 8.6 9.4 5.0 2.5 2 1 2 1 1
6052.2 -2629.2 -15.9 246 0 26.9 11.1 10.0 2.5 2 0 4 4 4
5857.6 -2746.2 -13.7 326 0 6.1 4.1 2.5 0.0 0 0 1 3 3
6054.1 -2690.6 -16.5 75 0 8.8 19.1 2.5 2.5 2 1 1 1 1
6296.3 -2560.1 -15.5 63 0 4.8 6.3 7.5 0.0 0 1 3 5 5
6655.3 -2368.4 -17.3 315 0 9.6 6.0 7.5 0.0 0 0 3 1 1
6001.0 -2652.8 -16.1 248 0 18.0 8.3 2.5 2.5 2 0 1 2 2
6365.0 -2614.3 -17.7 64 0 6.0 9.8 7.5 2.5 4 0 3 3 3
6682.7 -2272.2 -17.7 68 0 5.9 7.6 2.5 2.5 2 1 1 1 1
6068.1 -2660.6 -16.3 246 0 21.2 6.6 5.0 2.5 2 0 2 3 3
5905.8 -2715.5 -15.4 241 0 3.9 8.3 5.0 2.5 2 0 2 1 1
6319.0 -2558.1 -15.8 338 0 9.4 13.6 5.0 2.5 2 1 2 5 5
5949.9 -2747.4 -17.8 329 0 7.9 20.0 5.0 2.5 2 0 2 3 3
6890.2 -2159.2 -19.9 250 0 11.1 21.2 5.0 2.5 4 0 2 2 2
6910.5 -2210.2 -20.8 67 0 8.4 24.5 5.0 2.5 2 0 2 1 1
5920.8 -2706.7 -16.3 240 0 30.9 8.5 7.5 2.5 2 0 3 1 1
5939.9 -2628.7 -15.7 331 0 6.3 11.6 5.0 2.5 2 0 2 5 5
6661.6 -2362.4 -17.5 316 0 9.9 8.7 5.0 2.5 2 0 2 0 0
5998.0 -2690.5 -17.2 239 0 22.1 12.0 7.5 2.5 2 0 3 4 4
5990.2 -2684.7 -16.7 239 0 7.4 3.5 5.0 2.5 2 0 2 5 5
6590.5 -2521.3 -20.2 219 0 6.0 9.2 5.0 2.5 2 0 2 5 5
5947.1 -2715.6 -18.0 239 0 8.5 33.0 7.5 2.5 2 1 3 1 1
6896.3 -2189.6 -20.3 67 0 5.3 9.4 5.0 2.5 2 0 2 0 0
6270.5 -2579.3 -16.3 268 0 9.3 11.5 5.0 2.5 2 0 2 3 3
6177.6 -2598.2 -15.8 337 0 4.8 14.3 7.5 2.5 2 1 3 0 0
6012.9 -2647.7 -16.2 245 0 9.8 32.2 7.5 2.5 2 0 3 3 3
5971.6 -902.0 -6.1 337 0 12.2 12.1 5.0 2.5 4 0 2 4 4
3669.2 -2266.1 -4.3 250 0 8.7 16.5 7.5 2.5 2 1 3 4 4
3381.4 -2065.4 1.6 67 0 8.2 9.8 2.5 2.5 2 0 1 1 1
2794.8 -3408.3 0.4 133 0 9.3 13.2 7.5 2.5 2 1 3 5 5
2467.4 -2989.6 4.8 164 0 22.3 12.1 10.0 2.5 2 0 4 1 1
5877.8 -2162.3 -14.2 81 0 9.0 7.0 5.0 2.5 2 0 2 0 0
5891.5 -2126.3 -14.0 199 0 8.2 12.2 5.0 2.5 2 1 2 3 3
4640.7 -1853.1 -10.5 173 0 8.7 15.4 5.0 2.5 2 0 2 5 5
5904.6 -2022.6 -13.4 250 0 9.4 11.3 5.0 2.5 2 0 2 2 2
5996.4 -2054.9 -14.1 117 0 7.4 12.1 7.5 2.5 2 1 3 4 4
4684.3 -1857.4 -9.8 355 0 11.6 5.7 2.5 0.0 0 0 1 3 3
2513.1 -2955.0 7.3 254 0 8.0 36.8 7.5 0.0 0 1 3 5 5
4668.0 -1821.1 -10.3 267 0 15.3 6.1 5.0 2.5 2 0 2 4 4
3381.4 -2020.7 1.9 246 0 27.5 6.5 7.5 0.0 0 0 3 1 1
5895.2 -2002.3 -13.2 73 0 4.3 7.1 5.0 0.0 0 0 2 5 5
5913.4 -2109.2 -13.9 291 0 5.6 9.0 7.5 2.5 2 1 3 2 2
5869.6 -2011.1 -13.0 72 0 6.5 20.0 5.0 2.5 2 0 2 3 3
6025.0 -2042.6 -14.3 308 0 5.7 10.3 5.0 2.5 2 1 2 4 4
4659.0 -1874.0 -10.2 84 0 4.3 8.3 5.0 2.5 2 0 2 5 5
5903.9 -2019.1 -13.3 250 0 7.2 3.5 7.5 2.5 2 0 3 1 1
5865.8 -2140.2 -14.0 173 0 5.1 12.3 2.5 2.5 2 1 1 2 2
3689.8 -2231.7 -0.8 249 0 10.1 7.5 2.5 0.0 0 0 1 1 1
2167.9 -1778.5 15.7 254 0 5.9 7.9 5.0 2.5 2 1 2 2 2
3411.9 -2050.6 2.3 341 0 3.9 11.1 5.0 2.5 2 1 2 5 5
4675.0 -1868.3 -10.1 354 0 8.3 14.3 7.5 2.5 4 0 3 3 3
3738.4 -2665.4 -2.1 345 0 16.1 11.0 2.5 2.5 2 0 1 3 3
3706.3 -2683.3 -1.5 157 0 6.0 6.0 5.0 2.5 2 1 2 5 5
5855.6 -1994.5 -13.0 252 0 9.9 20.0 7.5 0.0 0 0 3 3 3
5889.0 -2013.8 -13.2 70 0 10.1 8.8 5.0 2.5 2 0 2 4 4
4660.9 -1849.1 -10.5 354 0 5.1 5.1 7.5 2.5 2 0 3 2 2
3693.3 -2288.4 -4.1 70 0 14.3 7.6 5.0 2.5 2 0 2 4 4
6003.1 -2067.4 -14.2 135 0 5.1 7.8 5.0 2.5 2 1 2 3 3
5908.2 -1968.1 -13.2 254 0 8.4 6.0 7.5 2.5 2 0 3 2 2
3711.4 -2695.3 -1.4 157 0 7.0 23.4 5.0 2.5 2 1 2 0 0
3692.4 -2238.8 -3.1 246 0 9.5 35.1 7.5 2.5 2 0 3 1 1
2157.4 -1782.0 14.5 257 0 9.2 15.5 2.5 2.5 2 1 1 0 0
3681.4 -2240.3 -2.0 339 0 9.4 25.1 5.0 2.5 2 0 2 2 2
3677.2 -2249.4 -2.0 337 0 4.7 8.3 5.0 2.5 2 0 2 3 3
5893.6 -1995.4 -13.1 76 0 6.5 12.9 2.5 2.5 2 0 1 3 3
4684.1 -1837.6 -10.3 11 0 12.1 5.8 7.5 2.5 2 0 3 2 2
2822.8 -3425.1 0.7 43 0 13.0 6.2 7.5 0.0 0 0 3 1 1
3344.7 -5367.1 -5.9 218 0 9.7 16.1 7.5 2.5 2 1 3 5 5
2894.3 -5513.7 -5.9 277 0 39.1 12.6 10.0 2.5 2 0 4 3 3
2833.9 -5537.9 -5.3 97 0 19.5 10.1 5.0 0.0 0 0 2 0 0
2839.1 -5502.6 -3.4 278 0 17.4 14.7 12.5 2.5 2 0 5 1 1
2795.4 -5546.9 -5.4 7 0 11.1 62.5 12.5 2.5 2 1 5 3 3
2811.6 -5554.5 -6.1 97 0 10.1 19.4 2.5 2.5 2 1 1 2 2
2851.2 -5559.7 -7.5 97 0 10.1 19.4 5.0 2.5 2 1 2 5 5
2706.8 -5775.3 -7.7 181 0 16.6 7.0 7.5 2.5 2 0 3 0 0
2745.9 -5990.9 -6.5 261 0 13.2 8.2 7.5 2.5 2 0 3 2 2
3359.7 -5394.0 -7.4 37 0 7.8 8.6 7.5 0.0 0 0 3 5 5
2723.9 -6019.6 -6.6 170 0 16.0 8.0 5.0 2.5 2 0 2 3 3
2743.1 -5784.7 -7.9 359 0 6.5 6.4 5.0 2.5 4 0 2 5 5
2715.3 -5715.1 -7.6 183 0 3.6 6.5 2.5 0.0 0 1 1 1 1
3001.1 -5603.5 -11.6 73 0 8.8 9.8 2.5 2.5 4 1 1 3 3
2851.0 -5488.7 -1.5 268 0 18.2 6.0 5.0 2.5 2 0 2 3 3
2337.0 -7068.4 -7.5 172 0 6.5 13.7 7.5 0.0 0 1 3 4 4
3351.1 -5405.2 -8.7 38 0 20.6 8.6 7.5 2.5 2 0 3 3 3
3002.3 -5573.0 -10.3 249 0 23.5 6.0 7.5 2.5 2 0 3 5 5
2732.4 -5766.1 -8.1 272 0 9.1 5.5 7.5 2.5 4 0 3 1 1
2822.6 -5493.6 -1.2 278 0 7.0 4.8 5.0 2.5 2 0 2 0 0
2762.9 -6011.4 -6.7 351 0 10.2 6.4 5.0 2.5 2 0 2 2 2
2331.3 -7027.9 -8.9 172 0 9.5 13.1 7.5 2.5 2 1 3 2 2
3018.5 -5567.1 -10.1 251 0 5.3 25.5 5.0 2.5 2 1 2 4 4
2976.6 -5582.6 -11.6 250 0 5.9 18.3 5.0 2.5 2 1 2 1 1
2837.2 -5488.7 -1.2 268 0 9.5 6.7 5.0 2.5 2 0 2 3 3
2941.1 -5528.2 -6.1 7 0 5.6 17.1 5.0 2.5 2 1 2 0 0
3203.6 -4002.8 -4.1 175 0 5.2 3.4 5.0 2.5 4 0 2 4 4
3524.7 -4077.8 -4.5 168 0 5.3 13.8 5.0 2.5 2 1 2 2 2
3142.9 -4014.3 -3.8 256 0 7.5 20.9 5.0 0.0 0 0 2 2 2
3619.4 -4577.3 -10.5 178 0 15.0 6.1 7.5 2.5 2 0 3 5 5
3214.7 -3980.8 -4.4 270 0 7.2 12.1 7.5 2.5 2 1 3 2 2
3518.1 -4096.8 -5.8 168 0 15.1 9.1 7.5 2.5 2 0 3 3 3
2831.5 -4499.5 0.1 136 0 5.3 15.4 5.0 2.5 2 1 2 3 3
3971.4 -5244.3 -7.8 201 0 8.6 13.4 5.0 2.5 2 1 2 3 3
2847.8 -4894.2 -0.1 90 0 8.3 12.5 7.5 2.5 2 1 3 3 3
3421.1 -4861.2 -7.7 360 0 13.0 8.6 2.5 2.5 2 0 1 3 3
2978.8 -5856.2 -5.9 278 0 12.0 8.2 2.5 2.5 2 0 1 2 2
3534.5 -4940.9 -9.2 237 0 7.2 16.6 7.5 2.5 2 1 3 0 0
3640.0 -4565.5 -10.3 5 0 6.3 11.0 7.5 2.5 2 1 3 2 2
3377.6 -4473.4 -5.3 167 0 8.1 14.2 7.5 0.0 0 1 3 3 3
3591.4 -4251.2 -8.7 57 0 5.0 6.5 7.5 2.5 2 1 3 5 5
3630.0 -4272.3 -8.9 145 0 11.0 5.8 2.5 2.5 2 0 1 1 1
3599.3 -4219.8 -7.7 143 0 8.8 15.0 7.5 2.5 2 1 3 2 2
3668.9 -4408.7 -10.1 251 0 7.1 15.5 7.5 2.5 2 1 3 5 5
3342.5 -5041.9 -2.0 179 0 5.9 9.7 5.0 2.5 2 1 2 0 0
3976.0 -5543.8 -13.4 179 0 9.4 21.6 5.0 2.5 2 1 2 2 2
3560.5 -4221.3 -8.7 232 0 4.2 6.1 5.0 2.5 2 1 2 3 3
3986.3 -5272.0 -6.8 112 0 5.0 9.7 5.0 2.5 2 0 2 3 3
3576.2 -4197.5 -7.8 232 0 5.3 7.2 7.5 2.5 2 0 3 1 1
3651.4 -4398.8 -8.9 252 0 10.2 7.5 7.5 2.5 2 0 3 4 4
3408.2 -4483.0 -5.4 352 0 9.0 5.2 7.5 2.5 2 0 3 1 1
3161.4 -4002.4 -6.2 253 0 11.0 70.8 10.0 2.5 2 1 4 4 4
2825.3 -4882.7 1.7 88 0 6.6 10.8 5.0 2.5 2 1 2 1 1
2965.5 -5870.0 -5.8 282 0 5.0 11.2 2.5 2.5 2 1 1 5 5
3040.4 -4404.0 -7.1 293 0 8.2 11.7 7.5 2.5 2 1 3 0 0
3552.4 -4104.9 -5.4 349 0 6.6 16.7 2.5 2.5 2 1 1 4 4
3143.3 -4002.2 -2.1 256 0 3.1 7.6 5.0 2.5 2 1 2 4 4
3982.6 -5284.2 -6.3 21 0 7.9 19.0 5.0 2.5 2 1 2 2 2
3110.4 -4085.4 -5.9 164 0 9.4 45.3 5.0 2.5 2 1 2 1 1
3576.2 -4206.4 -8.5 234 0 5.7 9.8 7.5 2.5 2 1 3 4 4
3388.3 -4499.6 -5.4 170 0 8.3 13.9 2.5 2.5 2 0 1 4 4
3393.5 -4847.5 -6.9 181 0 9.2 7.2 7.5 2.5 2 0 3 0 0
3578.5 -4254.1 -8.6 61 0 6.3 9.1 2.5 2.5 2 1 1 5 5
3958.0 -5257.3 -6.6 200 0 13.0 6.0 7.5 0.0 0 0 3 0 0
3547.8 -4966.3 -7.0 126 0 4.6 8.3 5.0 2.5 2 1 2 3 3
3479.4 -3909.3 0.2 328 0 3.1 7.3 5.0 2.5 2 1 2 0 0
3619.1 -4568.2 -10.5 180 0 3.2 6.1 5.0 2.5 2 0 2 5 5
3542.6 -4064.3 -2.8 258 0 5.0 6.8 2.5 2.5 2 1 1 2 2
3181.8 -4997.5 -6.0 172 0 8.2 4.6 5.0 2.5 2 0 2 2 2
3152.1 -4035.4 -4.0 346 0 3.7 7.5 2.5 0.0 0 0 1 4 4
3556.1 -4090.5 -3.7 347 0 11.6 6.4 2.5 2.5 2 0 1 0 0
2977.0 -5882.9 -5.0 280 0 13.9 5.3 7.5 2.5 2 0 3 5 5
3587.1 -4189.2 -7.3 233 0 22.1 7.3 2.5 2.5 2 0 1 0 0
3326.0 -4997.9 -4.8 265 0 4.6 13.0 7.5 2.5 2 1 3 4 4
3990.9 -5263.3 -7.0 112 0 7.0 3.9 5.0 0.0 0 0 2 1 1
3393.6 -4837.0 -6.7 180 0 11.7 7.2 5.0 2.5 2 0 2 2 2
3373.3 -5056.8 -0.6 2 0 10.2 15.2 10.0 2.5 2 1 4 4 4
-1795.2 -2056.4 10.0 351 0 11.2 16.8 5.0 2.5 4 1 2 1 1
-1449.0 -1992.3 7.8 101 0 13.3 9.4 7.5 2.5 2 0 3 1 1
-1949.6 -1960.4 3.5 342 0 10.0 11.3 7.5 0.0 0 1 3 4 4
-1989.5 -1935.9 3.2 184 0 8.9 22.8 7.5 2.5 2 1 3 3 3
-1899.5 -2071.1 7.5 60 0 7.2 12.3 5.0 2.5 2 1 2 5 5
-1901.6 -2095.8 11.9 234 0 9.5 7.4 5.0 0.0 0 0 2 1 1
-1924.8 -2111.8 14.1 232 0 12.0 7.0 5.0 2.5 2 0 2 2 2
-2036.1 -2164.9 6.7 256 0 12.3 8.1 2.5 2.5 2 0 1 1 1
-1924.7 -2026.5 4.1 81 0 12.6 15.0 5.0 2.5 2 1 2 2 2
-1927.9 -1995.8 3.9 346 0 5.6 20.7 5.0 2.5 4 1 2 2 2
-1910.6 -2133.4 16.6 68 0 7.5 4.8 5.0 2.5 2 0 2 3 3
-955.1 -2718.3 13.8 252 0 11.3 4.4 8.0 2.5 2 0 2 1 1
-1442.2 -1967.0 8.3 101 0 10.4 9.1 5.0 2.5 2 0 2 4 4
-1870.4 -1941.3 2.7 241 0 4.4 16.5 5.0 2.5 2 1 2 5 5
-1863.7 -1939.2 2.7 243 0 6.8 4.7 5.0 2.5 2 0 2 1 1
-1461.1 -1939.9 8.6 187 0 6.1 14.3 7.5 2.5 2 1 3 0 0
-943.4 -2714.9 13.8 252 0 8.8 13.1 4.0 2.5 4 1 1 0 0
-2050.0 -2184.3 6.6 168 0 8.1 5.0 7.5 2.5 4 0 3 0 0
-1896.3 -2130.5 15.5 67 0 8.1 9.0 2.5 2.5 2 1 1 4 4
-1834.3 -2091.8 12.8 123 0 6.3 8.7 5.0 2.5 2 1 2 0 0
-2896.6 -4924.5 -2.6 207 0 10.4 5.2 5.0 2.5 2 0 2 4 4
-2806.7 -4932.5 1.6 188 0 12.8 6.2 7.5 2.5 2 0 3 3 3
5952.2 -702.1 -10.1 161 0 6.6 17.1 2.5 2.5 2 1 1 3 3
5908.3 -704.5 -11.0 81 0 4.7 6.9 5.0 2.5 4 1 2 0 0
5410.6 -777.1 -7.6 282 0 6.6 15.7 2.5 2.5 4 1 1 1 1
5696.7 -833.1 -13.1 267 0 15.2 8.4 5.0 2.5 2 0 2 2 2
5702.9 -857.9 -10.8 85 0 9.0 4.7 7.5 2.5 2 0 3 2 2
5432.8 -785.4 -7.0 282 0 6.0 3.2 5.0 2.5 4 0 2 0 0
5673.6 -831.1 -12.3 267 0 6.4 13.5 7.5 2.5 2 1 3 1 1
5432.2 -788.6 -6.9 282 0 6.0 11.6 2.5 2.5 2 0 1 5 5
5672.0 -857.9 -10.4 177 0 6.2 20.1 7.5 2.5 2 1 3 5 5
5419.6 -801.5 -6.8 183 0 4.2 6.0 7.5 2.5 2 1 3 1 1
5707.8 -733.7 -15.1 234 0 5.8 9.4 7.5 2.5 2 1 3 0 0
5604.5 -793.2 -11.0 296 0 9.7 13.0 5.0 2.5 2 1 2 2 2
5923.2 -703.9 -10.4 163 0 7.7 18.1 7.5 2.5 2 0 3 5 5
5922.5 -708.1 -10.4 73 0 3.9 7.8 2.5 2.5 2 0 1 0 0
5614.9 -746.9 -14.7 25 0 7.2 7.8 2.5 2.5 2 0 1 3 3
5611.8 -753.4 -14.1 25 0 7.2 7.8 2.5 2.5 2 0 1 5 5
6860.2 -6599.6 -26.4 105 0 7.6 19.9 2.5 2.5 4 1 1 3 3
6923.7 -6492.5 -26.4 16 0 15.4 10.2 5.0 0.0 0 0 2 1 1
6925.4 -6416.3 -26.3 288 0 11.2 4.4 5.0 2.5 2 0 2 5 5
6934.8 -6447.3 -26.4 358 0 14.2 8.7 7.5 2.5 2 0 3 2 2
6840.0 -6611.1 -26.4 103 0 21.2 10.9 7.5 2.5 4 0 3 0 0
6907.3 -6410.2 -26.4 288 0 8.7 26.5 7.5 2.5 2 1 3 0 0
6919.5 -6507.0 -26.4 16 0 14.7 10.1 7.5 2.5 2 0 3 0 0
6934.5 -6524.2 -26.5 16 0 10.3 29.3 7.5 2.5 2 0 3 4 4
5902.9 -8422.1 -27.9 17 0 10.2 17.8 5.0 2.5 4 1 2 5 5
6266.7 -5687.6 -25.0 144 0 10.1 14.1 2.5 2.5 2 1 1 5 5
5827.3 -5510.8 -26.0 216 0 9.5 22.8 5.0 2.5 2 1 2 5 5
5786.2 -5594.0 -26.6 193 0 8.9 18.0 7.5 2.5 2 1 3 3 3
6285.5 -6151.9 -26.9 231 0 10.8 12.1 7.5 2.5 2 1 3 0 0
5590.1 -7862.2 -26.2 198 0 14.0 8.4 2.5 2.5 2 0 1 0 0
5575.4 -7414.6 -24.5 326 0 18.7 9.1 5.0 2.5 2 0 2 5 5
6162.4 -7064.8 -25.1 275 0 9.4 14.0 2.5 2.5 2 1 1 4 4
5983.4 -6936.3 -25.0 346 0 10.3 20.2 5.0 0.0 0 0 2 4 4
6008.3 -6937.5 -25.0 345 0 8.6 23.9 5.0 2.5 2 0 2 1 1
5876.0 -5535.6 -26.1 31 0 15.8 9.0 5.0 2.5 4 0 2 0 0
5857.0 -8449.3 -27.8 110 0 16.3 8.7 5.0 2.5 2 0 2 5 5
5934.8 -6969.1 -24.7 168 0 4.8 8.6 2.5 2.5 2 1 1 4 4
5810.0 -5623.3 -26.5 16 0 21.6 10.5 7.5 2.5 2 0 3 3 3
6018.8 -6966.7 -24.4 78 0 7.4 14.9 7.5 2.5 2 1 3 1 1
5338.3 -7986.9 -26.3 106 0 6.4 14.4 7.5 2.5 2 1 3 4 4
6280.0 -5663.7 -24.8 53 0 5.7 19.2 5.0 2.5 2 1 2 2 2
5960.5 -6993.4 -24.7 77 0 12.2 31.8 7.5 2.5 2 1 3 2 2
6117.7 -7070.2 -25.0 277 0 10.8 24.8 7.5 2.5 2 1 3 3 3
5857.2 -5534.3 -26.1 40 0 6.0 7.2 7.5 2.5 2 1 3 4 4
6282.8 -6182.8 -27.0 47 0 11.2 10.8 10.0 0.0 0 0 4 5 5
5932.6 -6955.6 -24.9 165 0 5.9 17.6 2.5 2.5 2 1 1 0 0
6016.6 -6935.2 -24.7 344 0 7.9 8.6 5.0 0.0 0 0 2 2 2
5781.5 -5576.4 -26.7 195 0 7.8 10.1 7.5 2.5 2 1 3 2 2
5623.1 -7856.3 -26.2 289 0 9.2 8.3 5.0 2.5 2 0 2 3 3
6251.8 -5697.9 -24.9 52 0 7.2 6.0 5.0 2.5 2 0 2 1 1
5558.0 -7400.1 -24.7 328 0 7.2 23.6 5.0 2.5 2 1 2 0 0
5571.5 -7446.7 -24.3 56 0 19.4 8.0 7.5 2.5 2 0 3 2 2
6266.1 -6190.2 -27.0 47 0 10.7 33.0 15.0 0.0 0 1 6 5 5
6112.1 -7105.4 -25.0 187 0 9.5 18.0 2.5 2.5 2 1 1 4 4
6082.7 -7085.2 -24.8 164 0 31.9 11.3 7.5 2.5 2 0 3 3 3
5537.0 -7434.3 -25.0 142 0 20.7 7.6 7.5 0.0 0 0 3 3 3
6256.9 -5678.9 -24.8 52 0 7.0 14.2 7.5 2.5 2 1 3 2 2
5881.4 -8408.4 -27.9 292 0 5.7 10.3 5.0 2.5 2 1 2 3 3
5528.6 -7423.7 -25.0 142 0 6.1 7.8 5.0 2.5 2 0 2 0 0
6251.3 -5643.8 -24.6 231 0 33.2 10.2 7.5 0.0 0 0 3 1 1
6147.4 -7085.7 -25.1 285 0 6.7 17.8 5.0 2.5 2 1 2 3 3
6162.5 -7080.7 -25.1 273 0 9.9 11.0 7.5 0.0 0 1 3 4 4
6832.8 -7562.9 -28.5 21 0 9.3 22.8 7.5 0.0 0 1 3 2 2
6844.1 -7566.6 -28.5 21 0 8.2 4.9 7.5 2.5 2 0 3 3 3
6251.8 4373.0 -16.9 18 0 10.3 17.3 5.0 2.5 2 0 2 2 2
6280.5 4324.7 -18.4 15 0 11.9 44.6 7.5 2.5 2 0 3 5 5
6177.2 4322.4 -18.3 103 0 8.0 18.9 7.5 2.5 2 0 3 4 4
6268.5 4402.4 -15.8 11 0 5.5 8.9 5.0 2.5 2 0 2 4 4
6197.2 4338.8 -17.8 105 0 5.8 15.2 5.0 2.5 2 0 2 1 1
6210.7 4303.9 -18.6 104 0 27.1 13.1 10.0 2.5 2 0 4 3 3
6275.2 4314.6 -18.6 16 0 5.8 21.2 5.0 0.0 0 1 2 0 0
6199.5 4390.1 -16.5 286 0 4.5 9.4 5.0 2.5 2 1 2 3 3
6212.8 4327.1 -18.3 105 0 30.5 7.2 2.5 0.0 0 0 1 5 5
6158.8 4370.2 -17.1 193 0 6.6 32.6 5.0 2.5 2 1 2 3 3
6160.2 4379.9 -16.9 192 0 10.1 41.0 7.5 2.5 2 1 3 2 2
6159.2 4336.1 -18.3 193 0 18.9 16.5 7.5 2.5 2 0 3 4 4
6258.7 4364.6 -17.1 19 0 9.4 9.3 7.5 2.5 2 0 3 5 5
6231.3 4380.6 -16.8 285 0 9.0 9.7 5.0 2.5 2 0 2 0 0
6237.5 4407.3 -15.9 287 0 5.9 11.8 5.0 2.5 2 0 2 3 3
6230.4 4391.1 -16.4 287 0 6.2 10.0 5.0 0.0 0 0 2 1 1
6219.3 4384.0 -16.7 287 0 13.3 9.6 5.0 0.0 0 0 2 4 4
6265.6 4370.7 -17.6 288 0 9.4 24.9 7.5 2.5 2 0 3 0 0
6273.5 4392.9 -16.8 286 0 12.1 23.5 10.0 2.5 2 0 4 3 3
6235.6 4329.5 -18.1 15 0 12.9 36.6 10.0 2.5 2 0 4 1 1
6249.9 4416.4 -15.7 285 0 25.5 12.1 7.5 2.5 4 0 3 3 3
4053.7 1383.4 -8.6 304 0 7.0 9.5 2.5 2.5 2 1 1 2 2
3928.8 1283.1 -14.5 318 0 11.1 28.8 10.0 2.5 2 1 4 3 3
4000.6 1390.5 -9.9 214 0 11.4 20.8 5.0 2.5 2 1 2 4 4
3892.9 1281.6 -15.0 245 0 19.5 4.3 5.0 2.5 2 0 2 0 0
6068.4 6511.6 -11.8 31 0 13.2 8.4 7.5 2.5 2 0 3 5 5
6089.7 6554.6 -12.1 38 0 9.4 15.8 7.5 2.5 2 1 3 2 2
6065.3 6533.5 -11.8 37 0 12.5 9.6 7.5 2.5 2 0 3 2 2
6048.5 6545.7 -12.7 218 0 39.8 11.0 12.5 2.5 2 0 5 1 1
6032.0 6524.1 -13.1 216 0 14.9 7.5 7.5 2.5 2 0 3 5 5
6024.5 6513.4 -13.6 214 0 11.1 28.4 12.5 0.0 0 0 5 0 0
6002.1 6471.5 -15.4 212 0 23.6 8.0 7.5 2.5 4 0 3 0 0
6009.7 6489.3 -14.8 209 0 10.5 24.5 10.0 2.5 2 1 4 4 4
6050.9 6479.5 -13.3 34 0 17.6 7.5 7.5 2.5 2 0 3 1 1
6037.0 6467.0 -13.8 303 0 5.8 8.8 5.0 2.5 2 1 2 1 1
6015.3 6426.7 -14.6 120 0 7.5 16.0 7.5 2.5 2 1 3 3 3
6017.7 6391.8 -13.9 207 0 3.7 6.5 7.5 2.5 2 1 3 4 4
5986.9 6417.0 -15.4 118 0 14.4 10.2 2.5 2.5 2 0 1 1 1
5999.7 6388.5 -14.3 208 0 11.0 6.8 7.5 2.5 2 0 3 0 0
6006.4 6371.0 -13.7 206 0 4.9 5.1 2.5 2.5 2 0 1 1 1
6010.2 6378.6 -13.8 207 0 12.2 5.1 7.5 2.5 2 0 3 3 3
6053.5 6362.6 -12.7 29 0 8.0 8.4 5.0 2.5 2 1 2 4 4
6040.7 6372.9 -13.1 30 0 7.0 4.0 5.0 2.5 2 0 2 3 3
6063.1 6385.7 -13.4 20 0 6.4 25.7 2.5 0.0 0 1 1 4 4
6048.0 6401.9 -13.3 118 0 8.0 22.1 5.0 0.0 0 0 2 5 5
6072.0 6410.9 -12.7 27 0 6.1 13.1 7.5 2.5 4 0 3 4 4
6088.8 6429.6 -11.5 289 0 4.3 6.2 7.5 2.5 2 1 3 1 1
6085.0 6419.9 -11.8 289 0 3.5 10.9 7.5 2.5 2 1 3 0 0
6098.6 6454.9 -11.2 289 0 6.3 18.0 7.5 2.5 2 1 3 3 3
5895.3 6114.6 -9.4 106 0 7.0 7.0 5.0 2.5 2 0 2 2 2
5904.9 6157.6 -10.4 196 0 29.9 6.2 5.0 2.5 2 0 2 3 3
5854.2 6172.9 -11.7 87 0 14.2 6.0 5.0 2.5 2 0 2 2 2
5834.5 6161.3 -11.9 88 0 7.0 15.7 5.0 0.0 0 1 2 5 5
5873.5 6162.0 -11.1 17 0 9.3 11.7 7.5 2.5 2 1 3 2 2
5884.9 6194.8 -11.8 17 0 6.1 10.2 5.0 2.5 2 1 2 1 1
5871.6 6218.7 -12.3 291 0 4.8 6.3 5.0 2.5 2 0 2 0 0
5893.0 6208.9 -12.0 31 0 4.5 10.2 2.5 2.5 2 1 1 2 2
5895.4 6220.0 -12.0 125 0 12.6 4.5 5.0 2.5 2 0 2 5 5
5888.7 6236.3 -12.4 107 0 8.0 5.1 5.0 0.0 0 0 2 4 4
5883.5 6250.8 -12.9 112 0 9.3 4.2 7.5 2.5 2 0 3 4 4
5883.8 6265.2 -13.4 117 0 7.5 4.1 2.5 0.0 0 0 1 3 3
5870.8 6258.5 -13.6 103 0 8.9 12.2 7.5 2.5 2 1 3 0 0
5890.4 6172.6 -10.9 196 0 10.4 14.1 7.5 2.5 4 1 3 2 2
5911.5 6216.3 -11.7 106 0 7.2 13.4 5.0 2.5 2 1 2 5 5
5908.5 6336.5 -15.1 285 0 10.4 10.1 5.0 2.5 2 0 2 1 1
5896.6 6299.7 -14.2 288 0 10.0 21.9 7.5 2.5 4 0 3 4 4
5898.0 6304.0 -14.3 288 0 10.0 4.5 2.5 2.5 2 0 1 3 3
5898.7 6308.0 -14.4 288 0 11.3 4.0 2.5 2.5 2 0 1 4 4
5908.4 6302.5 -14.0 290 0 10.7 6.3 2.5 2.5 2 0 1 3 3
5906.4 6296.5 -13.9 288 0 10.6 7.8 7.5 2.5 2 0 3 2 2
5895.5 6256.8 -13.0 107 0 7.5 9.7 5.0 2.5 2 0 2 5 5
5924.7 6273.5 -13.2 18 0 6.7 16.9 5.0 2.5 2 1 2 1 1
5933.0 6303.4 -13.6 196 0 14.1 5.7 5.0 2.5 2 0 2 2 2
5940.1 6288.5 -12.9 196 0 6.5 14.3 2.5 2.5 2 1 1 3 3
5971.6 6293.2 -12.5 107 0 6.0 3.6 5.0 2.5 2 0 2 5 5
5976.9 6282.9 -12.2 105 0 9.2 8.3 2.5 2.5 4 0 1 3 3
5978.3 6274.3 -12.0 106 0 16.7 6.2 7.5 2.5 2 0 3 4 4
5991.9 6270.4 -11.4 107 0 3.3 7.2 2.5 0.0 0 0 1 4 4
5993.7 6277.4 -11.6 107 0 3.9 6.9 7.5 2.5 2 0 3 5 5
5994.3 6264.2 -11.4 107 0 3.1 18.3 2.5 2.5 2 1 1 5 5
5919.6 6184.7 -10.7 283 0 11.0 14.7 5.0 2.5 2 0 2 0 0
5913.8 6166.5 -10.3 193 0 9.0 23.2 5.0 2.5 2 0 2 0 0
5929.3 6251.7 -12.4 16 0 16.2 11.4 2.5 2.5 2 0 1 3 3
5946.1 6215.9 -11.0 283 0 9.5 18.0 5.0 2.5 2 1 2 5 5
5938.0 6194.2 -10.6 195 0 7.9 12.0 7.5 2.5 4 1 3 0 0
5946.5 6183.6 -10.1 281 0 4.6 12.2 7.5 2.5 2 0 3 3 3
5959.2 6204.0 -10.4 286 0 3.5 16.1 7.5 2.5 2 0 3 1 1
5961.7 6194.1 -10.1 286 0 6.6 7.2 2.5 0.0 0 0 1 0 0
5959.6 6187.3 -10.0 285 0 5.9 14.9 2.5 2.5 2 0 1 1 1
5954.8 6173.1 -9.7 286 0 4.9 11.8 5.0 2.5 2 0 2 4 4
5945.7 6171.3 -9.8 286 0 5.6 7.6 7.5 2.5 2 0 3 5 5
5943.2 6152.6 -9.6 105 0 6.0 11.1 2.5 2.5 2 0 1 0 0
5947.2 6145.8 -9.3 105 0 5.3 5.5 2.5 2.5 2 0 1 1 1
5959.6 6148.2 -9.5 105 0 28.1 11.1 7.5 0.0 0 0 3 1 1
5978.6 6173.0 -9.3 286 0 4.3 17.9 7.5 2.5 2 0 3 3 3
5982.7 6181.4 -9.4 281 0 3.9 9.0 5.0 2.5 2 0 2 0 0
5986.3 6182.3 -9.4 286 0 6.0 21.6 7.5 2.5 2 0 3 0 0
5978.4 6194.1 -9.9 285 0 14.3 11.6 5.0 0.0 0 0 2 3 3
5978.8 6251.4 -11.0 284 0 11.9 18.0 2.5 2.5 2 1 1 3 3
6009.8 6231.3 -9.8 243 0 4.9 4.8 5.0 2.5 2 0 2 1 1
6002.8 6210.0 -9.9 105 0 9.4 9.5 5.0 0.0 0 1 2 5 5
6005.6 6185.6 -9.4 317 0 9.3 15.4 5.0 2.5 2 1 2 4 4
6012.1 6170.0 -8.6 280 0 8.0 17.6 5.0 2.5 2 1 2 3 3
6005.8 6127.3 -8.4 15 0 12.6 30.2 12.5 2.5 2 1 5 1 1
6021.2 6120.7 -7.3 15 0 7.6 4.5 5.0 2.5 2 0 2 5 5
6061.4 6128.5 -6.8 106 0 8.5 5.0 5.0 2.5 2 0 2 4 4
6070.8 6125.6 -6.5 104 0 4.3 6.1 7.5 2.5 2 1 3 3 3
6076.7 6142.1 -6.7 285 0 5.0 10.1 7.5 2.5 2 0 3 3 3
6084.3 6136.1 -6.6 16 0 6.0 6.0 5.0 2.5 2 1 2 0 0
6077.0 6151.5 -7.0 285 0 6.6 9.2 7.5 2.5 4 0 3 2 2
6069.0 6153.7 -7.2 286 0 10.1 9.1 5.0 0.0 0 0 2 0 0
6021.5 6264.8 -10.9 15 0 6.3 12.9 5.0 0.0 0 1 2 3 3
6036.3 6260.0 -10.0 196 0 6.7 8.5 5.0 2.5 2 0 2 2 2
6047.4 6253.5 -9.8 106 0 8.1 6.7 5.0 2.5 2 0 2 5 5
6059.4 6260.7 -9.8 105 0 5.8 7.8 5.0 2.5 2 0 2 5 5
6051.6 6242.4 -9.3 107 0 6.3 3.1 2.5 2.5 2 0 1 2 2
6054.4 6193.3 -8.6 105 0 10.2 5.9 5.0 2.5 2 0 2 4 4
6039.8 6189.5 -8.9 107 0 9.3 10.9 7.5 2.5 2 1 3 2 2
6064.8 6174.0 -7.9 105 0 4.6 9.0 5.0 2.5 2 1 2 4 4
6083.8 6169.2 -7.7 107 0 16.4 10.7 5.0 2.5 2 0 2 2 2
6118.4 6161.0 -7.0 105 0 17.2 12.3 5.0 2.5 2 0 2 4 4
6101.7 6214.7 -8.0 290 0 8.5 11.1 5.0 2.5 2 1 2 5 5
6087.1 6219.5 -8.3 288 0 4.8 9.2 7.5 2.5 4 1 3 1 1
6060.2 6221.1 -8.9 286 0 20.3 9.5 5.0 2.5 2 0 2 1 1
6083.5 6237.0 -8.7 111 0 12.0 12.6 7.5 2.5 2 1 3 2 2
6079.7 6377.1 -12.1 105 0 13.0 9.2 5.0 2.5 2 0 2 4 4
6109.1 6428.6 -11.1 290 0 10.0 24.0 7.5 2.5 2 1 3 5 5
6127.8 6389.2 -9.8 105 0 3.1 5.3 5.0 2.5 2 0 2 1 1
6121.2 6391.0 -10.3 105 0 10.6 4.5 5.0 2.5 2 0 2 4 4
6142.6 6377.7 -9.2 109 0 5.0 5.9 5.0 2.5 2 1 2 5 5
6118.0 6367.0 -10.6 105 0 13.8 12.0 5.0 2.5 2 0 2 2 2
6131.7 6371.6 -9.8 105 0 9.9 4.0 5.0 2.5 2 0 2 4 4
6129.5 6363.9 -10.0 105 0 9.9 8.0 7.5 2.5 4 0 3 4 4
6150.0 6313.9 -9.2 298 0 12.6 5.5 5.0 2.5 2 0 2 2 2
6142.6 6330.0 -9.5 287 0 7.9 17.3 5.0 2.5 2 1 2 3 3
6165.9 6340.9 -8.7 280 0 18.9 6.6 2.5 2.5 2 0 1 3 3
6188.0 6332.7 -7.8 289 0 15.6 10.2 5.0 2.5 2 0 2 1 1
6187.6 6317.6 -7.8 290 0 6.0 20.0 7.5 2.5 2 0 3 2 2
6180.7 6298.8 -7.9 289 0 5.4 6.6 5.0 2.5 2 0 2 5 5
6168.1 6287.0 -8.4 112 0 20.1 9.1 2.5 0.0 0 0 1 5 5
6197.9 6307.9 -7.5 292 0 6.0 21.2 5.0 2.5 2 0 2 1 1
6194.9 6276.9 -7.5 107 0 22.8 9.3 7.5 2.5 2 0 3 1 1
6224.2 6287.3 -6.1 19 0 4.0 6.2 7.5 2.5 2 0 3 4 4
6228.8 6309.7 -6.0 289 0 6.2 20.7 5.0 2.5 2 0 2 5 5
6234.3 6268.2 -5.5 105 0 3.2 7.9 5.0 2.5 2 1 2 3 3
6267.8 6276.3 -4.4 19 0 6.1 11.0 7.5 2.5 4 0 3 0 0
6253.3 6304.0 -4.9 287 0 12.7 8.9 7.5 2.5 4 0 3 2 2
6210.7 6324.4 -6.8 290 0 15.1 12.4 7.5 2.5 4 0 3 3 3
6204.6 6344.3 -6.6 105 0 4.5 8.4 2.5 2.5 2 1 1 1 1
6224.0 6337.7 -5.7 108 0 4.4 8.5 2.5 2.5 2 1 1 1 1
6270.9 6349.5 -3.8 1 0 9.1 9.1 5.0 2.5 2 0 2 3 3
6269.3 6362.5 -3.8 12 0 5.2 11.1 7.5 2.5 2 0 3 0 0
6237.6 6353.4 -5.0 102 0 7.9 12.0 7.5 0.0 0 1 3 0 0
6214.4 6377.8 -5.8 208 0 3.7 23.0 7.5 2.5 2 0 3 2 2
6226.5 6384.5 -5.1 144 0 4.4 8.2 7.5 2.5 2 1 3 5 5
6254.5 6388.3 -4.1 24 0 4.8 7.1 2.5 2.5 2 1 1 1 1
6272.1 6402.0 -3.3 34 0 7.7 6.4 7.5 2.5 2 0 3 1 1
6236.1 6408.7 -4.6 225 0 10.2 4.8 5.0 0.0 0 0 2 5 5
6224.7 6404.0 -5.1 211 0 6.3 5.3 5.0 2.5 4 0 2 0 0
6225.5 6395.1 -5.2 213 0 7.7 3.4 5.0 2.5 2 0 2 4 4
6220.2 6396.9 -5.5 213 0 10.4 5.3 2.5 2.5 2 0 1 3 3
6219.9 6433.0 -5.4 30 0 3.3 4.9 2.5 2.5 2 1 1 2 2
6230.6 6423.8 -4.7 214 0 4.8 9.5 5.0 2.5 2 1 2 0 0
6250.9 6421.9 -4.1 307 0 6.0 4.3 7.5 2.5 2 0 3 0 0
6255.0 6435.2 -4.1 317 0 5.2 7.3 7.5 2.5 2 0 3 4 4
6147.5 6359.1 -9.3 104 0 14.8 8.4 7.5 0.0 0 0 3 3 3
6164.3 6375.8 -8.3 109 0 5.9 21.8 7.5 2.5 2 1 3 4 4
6199.2 6392.3 -6.8 24 0 11.9 7.6 7.5 2.5 2 0 3 1 1
6199.5 6408.9 -6.4 17 0 6.1 3.5 5.0 2.5 2 0 2 0 0
6205.3 6433.3 -6.0 34 0 7.0 4.1 7.5 2.5 4 0 3 2 2
6181.9 6471.5 -7.2 205 0 9.1 3.5 7.5 2.5 2 0 3 5 5
6193.2 6439.4 -6.8 23 0 11.4 7.7 7.5 2.5 2 0 3 4 4
6159.7 6462.0 -8.2 196 0 10.4 7.4 5.0 2.5 2 0 2 1 1
6152.1 6478.6 -8.4 196 0 6.9 12.0 5.0 2.5 2 1 2 2 2
6147.2 6469.8 -8.9 201 0 9.6 3.5 7.5 2.5 2 0 3 5 5
6155.9 6487.5 -7.9 205 0 3.8 11.8 5.0 2.5 2 1 2 0 0
6160.8 6497.4 -7.6 206 0 9.5 10.6 5.0 0.0 0 1 2 1 1
6186.7 6481.7 -6.8 205 0 13.6 6.3 5.0 2.5 2 0 2 2 2
6206.1 6461.0 -6.5 27 0 9.7 4.8 2.5 2.5 2 0 1 2 2
6222.5 6444.1 -5.7 24 0 13.3 7.0 7.5 2.5 2 0 3 3 3
6232.2 6462.3 -5.2 26 0 5.8 7.1 7.5 2.5 2 1 3 4 4
6235.0 6486.1 -6.9 24 0 14.0 9.0 7.5 2.5 2 0 3 5 5
6235.8 6521.8 -7.5 25 0 12.7 9.7 5.0 2.5 2 0 2 2 2
6272.2 6577.2 -6.6 295 0 8.3 14.1 7.5 2.5 2 1 3 2 2
6334.9 6726.2 -10.7 118 0 7.4 16.1 7.5 2.5 2 1 3 4 4
6642.8 6506.6 -1.5 214 0 3.1 10.7 7.5 2.5 2 1 3 3 3
6666.3 6471.7 -4.0 46 0 9.5 10.5 5.0 2.5 2 1 2 2 2
6698.5 6502.5 -5.2 53 0 4.7 4.8 7.5 2.5 2 1 3 4 4
6694.9 6511.7 -4.6 53 0 8.1 4.1 5.0 2.5 2 0 2 4 4
6654.4 6518.3 -2.6 211 0 18.3 6.5 7.5 2.5 2 0 3 5 5
6724.8 6539.2 -7.0 54 0 21.6 10.9 7.5 2.5 2 0 3 5 5
5723.8 5867.2 -8.1 18 0 17.9 9.0 2.5 2.5 2 0 1 1 1
5019.8 5562.5 -16.3 144 0 13.8 9.0 5.0 2.5 2 0 2 0 0
4897.2 5910.7 -12.5 127 0 5.5 12.6 5.0 2.5 2 1 2 4 4
4928.6 5921.4 -12.4 38 0 4.1 7.2 7.5 0.0 0 1 3 1 1
5433.9 8109.5 -20.3 17 0 11.2 4.2 2.5 2.5 2 0 1 0 0
5439.3 8095.4 -20.4 19 0 5.6 5.0 2.5 2.5 2 0 1 5 5
5450.5 8107.0 -20.4 15 0 15.7 6.7 7.5 2.5 2 0 3 1 1
5441.1 8066.1 -20.8 219 0 7.2 9.0 7.5 2.5 2 0 3 2 2
5454.2 8055.6 -21.1 39 0 7.2 7.7 2.5 0.0 0 0 1 1 1
5428.7 8036.1 -20.1 125 0 4.9 4.7 7.5 0.0 0 0 3 2 2
5437.2 8046.6 -20.6 220 0 12.0 5.4 5.0 2.5 4 0 2 4 4
5349.7 8041.9 -18.2 188 0 6.0 4.1 2.5 2.5 2 0 1 0 0
5353.7 8041.4 -18.3 188 0 6.0 7.0 7.5 2.5 4 0 3 1 1
5379.7 7950.1 -18.1 2 0 10.0 15.2 5.0 2.5 2 1 2 4 4
5346.6 8007.2 -17.9 143 0 9.7 15.0 5.0 2.5 2 1 2 4 4
5362.8 8028.8 -18.2 186 0 12.0 6.2 2.5 2.5 4 0 1 5 5
5426.5 8050.5 -20.2 220 0 10.5 9.5 2.5 2.5 4 0 1 3 3
5424.7 8068.1 -20.1 34 0 16.5 10.1 5.0 2.5 2 0 2 2 2
5406.8 6278.6 -20.9 200 0 5.0 4.0 7.5 2.5 2 0 3 4 4
5214.6 5890.0 -15.6 207 0 5.2 4.2 5.0 2.5 2 0 2 4 4
5206.5 5900.7 -15.8 207 0 6.6 29.5 2.5 2.5 2 0 1 4 4
5220.7 5928.4 -13.9 207 0 7.7 10.6 7.5 2.5 2 1 3 2 2
5252.6 5910.9 -14.8 26 0 18.1 15.7 10.0 0.0 0 0 4 5 5
5260.5 5965.1 -14.9 207 0 6.8 5.2 7.5 2.5 2 0 3 4 4
5215.2 5975.9 -13.2 26 0 4.0 6.2 5.0 2.5 4 1 2 5 5
5235.5 5964.9 -14.5 204 0 5.0 12.2 7.5 2.5 2 1 3 3 3
5227.1 5993.3 -14.2 28 0 12.7 7.8 7.5 2.5 2 0 3 1 1
5244.5 5984.7 -15.0 205 0 7.5 12.5 7.5 0.0 0 1 3 1 1
5269.3 6033.7 -17.8 207 0 20.1 9.2 5.0 2.5 2 0 2 0 0
5276.4 6017.2 -17.0 208 0 6.0 14.1 5.0 2.5 2 1 2 1 1
5288.8 6022.5 -17.6 207 0 9.2 5.8 7.5 2.5 4 0 3 1 1
5292.2 6029.3 -17.8 205 0 5.9 5.8 2.5 2.5 2 0 1 0 0
5311.0 6058.7 -18.7 224 0 7.6 5.5 5.0 2.5 2 0 2 4 4
5337.8 6167.1 -18.8 204 0 7.1 3.3 5.0 2.5 2 0 2 1 1
5340.8 6165.7 -18.9 204 0 7.1 12.4 7.5 2.5 2 0 3 1 1
5335.5 6150.1 -18.9 209 0 5.2 6.2 7.5 2.5 2 1 3 1 1
5348.4 6141.3 -19.1 211 0 5.5 7.0 2.5 2.5 2 1 1 3 3
5325.5 6137.6 -18.9 207 0 12.1 5.8 5.0 2.5 2 0 2 0 0
5322.8 6124.3 -19.0 206 0 3.7 8.5 2.5 2.5 4 1 1 2 2
5309.0 6103.0 -19.1 215 0 6.5 11.7 2.5 2.5 2 1 1 0 0
5307.3 6080.0 -18.8 216 0 8.5 3.9 5.0 2.5 2 0 2 0 0
5298.6 6093.6 -18.8 210 0 6.9 6.6 7.5 2.5 2 0 3 1 1
5175.2 6081.5 -15.1 213 0 6.4 24.1 5.0 2.5 2 1 2 4 4
5212.8 6095.2 -15.9 300 0 6.0 9.9 5.0 2.5 2 1 2 3 3
5233.5 6085.2 -16.7 207 0 3.3 6.2 7.5 2.5 2 0 3 3 3
5235.5 6082.3 -16.7 297 0 6.2 12.6 2.5 2.5 2 0 1 5 5
5264.9 6061.6 -17.7 29 0 15.4 9.1 5.0 2.5 2 0 2 3 3
5274.2 6081.3 -18.0 32 0 11.7 10.2 7.5 2.5 2 0 3 2 2
5308.8 6137.5 -18.5 29 0 6.5 8.1 5.0 2.5 2 0 2 2 2
5312.0 6143.1 -18.5 29 0 6.2 8.1 5.0 2.5 2 0 2 4 4
5291.0 6157.3 -17.7 299 0 7.1 16.2 2.5 2.5 2 1 1 0 0
5252.0 6194.6 -15.8 288 0 10.0 6.5 5.0 2.5 2 0 2 1 1
5187.6 6232.1 -13.1 117 0 7.1 23.4 5.0 0.0 0 1 2 4 4
5160.6 6290.8 -10.6 15 0 15.4 7.8 5.0 2.5 2 0 2 3 3
5191.3 6284.1 -11.9 201 0 3.0 6.6 7.5 2.5 2 0 3 3 3
5187.1 6280.2 -11.8 200 0 7.3 12.1 5.0 2.5 2 0 2 3 3
5173.9 6359.9 -11.6 109 0 4.0 8.8 2.5 2.5 2 1 1 5 5
5194.1 6357.6 -12.3 20 0 9.2 7.9 2.5 2.5 2 0 1 3 3
5211.2 6338.4 -13.3 203 0 9.6 8.4 5.0 2.5 2 0 2 2 2
5221.8 6371.4 -13.6 197 0 6.5 7.6 2.5 2.5 2 0 1 2 2
5214.9 6374.5 -13.4 197 0 9.1 7.5 5.0 2.5 2 0 2 4 4
5210.4 6400.5 -14.3 194 0 12.3 38.3 12.5 2.5 2 1 5 2 2
5266.6 6412.3 -15.0 13 0 31.5 9.4 7.5 2.5 2 0 3 4 4
5208.9 6436.9 -12.8 194 0 41.8 10.0 7.5 2.5 2 0 3 0 0
5254.4 6467.7 -13.6 284 0 18.8 10.7 5.0 2.5 2 0 2 4 4
5293.3 6508.3 -13.7 355 0 11.6 5.7 5.0 2.5 2 0 2 1 1
5361.2 6557.0 -13.6 201 0 3.2 5.8 5.0 2.5 2 1 2 1 1
5377.8 6506.5 -16.5 116 0 3.8 6.0 5.0 2.5 2 1 2 5 5
5387.2 6551.1 -15.6 297 0 9.3 24.1 5.0 2.5 2 1 2 2 2
5357.8 6508.5 -15.8 105 0 8.1 20.2 5.0 2.5 2 1 2 5 5
5348.0 6493.3 -16.2 166 0 13.6 9.2 2.5 2.5 2 0 1 1 1
5401.6 6516.5 -17.1 299 0 4.1 9.0 5.0 2.5 2 0 2 3 3
5397.6 6513.5 -16.9 29 0 8.9 15.8 5.0 2.5 4 0 2 4 4
5414.2 6491.5 -18.3 14 0 23.0 9.4 7.5 2.5 2 0 3 3 3
5410.8 6423.6 -20.2 188 0 10.1 12.0 2.5 2.5 2 1 1 3 3
5380.8 6468.5 -18.7 193 0 10.8 17.5 5.0 2.5 2 1 2 5 5
5350.2 6413.9 -18.9 187 0 9.5 14.0 7.5 2.5 2 1 3 2 2
5385.8 6393.8 -19.6 7 0 9.4 14.0 7.5 2.5 2 1 3 5 5
5430.3 6231.4 -21.7 30 0 4.3 8.8 5.0 2.5 2 1 2 0 0
5455.9 6389.1 -20.8 279 0 4.8 8.5 7.5 2.5 2 1 3 4 4
5425.8 6362.0 -20.8 188 0 18.1 4.3 2.5 2.5 2 0 1 3 3
5417.8 6393.5 -20.5 284 0 9.6 19.0 5.0 2.5 2 1 2 5 5
5399.7 6318.2 -20.8 194 0 8.8 12.8 5.0 2.5 4 1 2 2 2
5413.7 6301.2 -21.1 194 0 17.6 6.9 2.5 2.5 2 0 1 1 1
5395.1 6299.2 -20.8 193 0 8.0 16.1 2.5 2.5 2 1 1 0 0
5347.3 6280.9 -18.8 202 0 9.8 7.8 2.5 2.5 2 0 1 2 2
5436.4 6268.2 -21.8 22 0 6.2 11.7 7.5 2.5 2 1 3 3 3
3865.2 826.2 -2.4 14 0 19.3 10.8 2.5 2.5 2 0 1 5 5
3906.8 832.2 -2.4 185 0 6.3 16.5 7.5 2.5 2 1 3 2 2
3883.8 897.9 -2.3 14 0 22.7 11.0 5.0 2.5 2 0 2 5 5
3938.1 839.1 -2.6 276 0 10.9 16.2 5.0 2.5 2 1 2 3 3
3828.6 821.5 -1.8 105 0 7.3 27.9 2.5 2.5 2 1 1 1 1
3846.2 870.5 -2.0 14 0 27.5 8.0 2.5 2.5 2 0 1 4 4
3855.1 920.9 -2.1 285 0 7.8 27.6 2.5 2.5 2 1 1 4 4
3801.5 828.9 -0.9 105 0 8.2 27.9 2.5 2.5 2 1 1 1 1
3811.5 880.1 -1.2 195 0 27.8 8.6 5.0 2.5 2 0 2 3 3
3828.6 928.7 -1.6 285 0 7.7 28.7 7.5 0.0 0 1 3 2 2
3774.3 851.1 -0.1 195 0 18.6 9.3 5.0 2.5 2 0 2 1 1
3783.1 886.4 -0.4 195 0 18.6 10.2 5.0 2.5 4 0 2 5 5
3776.8 533.0 -0.2 70 0 7.2 13.0 5.0 2.5 2 1 2 0 0
3752.9 855.7 0.7 16 0 18.9 10.5 5.0 2.5 4 0 2 1 1
3763.5 891.9 0.3 14 0 19.9 11.7 5.0 2.5 2 0 2 3 3
3773.7 926.6 -0.2 16 0 19.0 11.8 5.0 2.5 2 0 2 2 2
3726.9 901.2 0.9 195 0 28.2 8.1 5.0 2.5 2 0 2 4 4
3736.3 936.7 0.4 193 0 27.7 8.0 5.0 2.5 2 0 2 1 1
3713.2 864.8 1.4 195 0 18.4 11.8 5.0 2.5 2 0 2 0 0
3792.1 922.2 -0.9 193 0 18.6 10.8 5.0 2.5 2 0 2 4 4
3947.8 891.7 -2.3 3 0 18.8 11.8 5.0 2.5 2 0 2 2 2
4188.6 795.0 -10.7 89 0 8.5 12.8 5.0 2.5 2 1 2 2 2
4178.0 820.9 -11.2 174 0 5.9 16.2 2.5 2.5 2 1 1 0 0
4098.1 828.4 -6.7 42 0 14.7 9.5 7.5 2.5 2 0 3 2 2
4112.3 808.9 -6.4 227 0 6.6 4.6 5.0 2.5 2 0 2 2 2
4023.0 726.4 -1.6 286 0 8.6 13.9 5.0 0.0 0 1 2 4 4
3268.0 -1582.1 -0.1 328 0 6.9 11.4 7.5 2.5 2 1 3 0 0
6173.6 207.6 -17.8 255 0 13.5 13.9 7.5 2.5 2 1 3 4 4
6151.5 265.0 -15.1 348 0 8.7 7.7 5.0 2.5 2 0 2 2 2
6094.4 219.7 -10.6 61 0 10.9 13.5 5.0 2.5 2 1 2 0 0
6076.3 242.4 -10.3 241 0 4.2 6.8 12.0 2.5 2 1 3 5 5
6073.1 170.1 -14.8 231 0 13.7 10.9 5.0 0.0 0 0 2 2 2
6069.4 137.1 -18.5 227 1 12.4 11.4 10.0 2.5 4 0 4 5 5
6044.3 115.7 -18.6 230 0 11.3 11.5 5.0 2.5 2 1 2 3 3
6052.4 147.4 -16.6 314 0 10.8 9.5 5.0 2.5 2 0 2 3 3
6038.5 126.7 -16.9 46 0 9.1 10.7 5.0 2.5 2 1 2 0 0
6011.8 119.5 -16.5 229 0 14.2 10.9 5.0 2.5 2 0 2 5 5
6004.6 62.5 -18.6 319 0 13.2 11.9 5.0 2.5 2 0 2 5 5
5974.9 84.2 -16.2 228 0 11.3 11.2 5.0 2.5 4 0 2 2 2
5970.3 -11.1 -19.0 131 0 11.0 20.8 5.0 2.5 2 1 2 2 2
5998.4 -5.1 -20.0 41 0 7.1 5.3 7.5 2.5 2 0 3 5 5
5977.3 -44.9 -21.3 143 0 9.0 19.0 7.5 2.5 2 1 3 0 0
5959.5 -78.7 -20.5 308 0 10.6 16.1 5.0 2.5 4 1 2 4 4
5919.3 -12.0 -16.1 29 0 16.8 10.7 5.0 2.5 2 0 2 0 0
5929.6 -35.8 -18.2 213 0 8.6 9.6 5.0 2.5 4 1 2 5 5
5739.8 -160.6 -5.1 227 0 22.0 12.4 7.5 2.5 2 0 3 3 3
5697.0 -195.7 -6.8 144 0 10.8 6.2 5.0 2.5 2 0 2 4 4
5721.1 -136.6 -5.4 68 0 11.7 9.6 5.0 2.5 4 0 2 5 5
5738.0 -129.3 -5.2 74 0 14.6 9.7 5.0 0.0 0 0 2 3 3
5677.1 -208.0 -7.2 230 0 13.9 13.7 5.0 0.0 0 0 2 3 3
5658.5 -225.1 -6.7 228 0 16.8 11.2 7.5 2.5 2 0 3 1 1
5656.0 -183.2 -7.5 230 0 8.1 12.0 5.0 0.0 0 1 2 3 3
3929.5 700.2 -2.3 274 0 60.4 10.2 10.0 2.5 2 0 4 5 5
5629.6 -231.0 -8.7 45 0 11.8 11.9 5.0 2.5 2 1 2 5 5
5608.9 -236.1 -9.4 38 0 9.9 13.0 5.0 2.5 4 1 2 4 4
5624.5 -210.7 -8.7 47 0 9.8 8.2 5.0 2.5 2 0 2 0 0
5603.3 -174.5 -8.6 278 0 18.0 14.3 7.5 2.5 2 0 3 0 0
5616.3 -138.4 -6.4 108 0 11.4 10.5 5.0 2.5 2 0 2 2 2
5626.1 -154.1 -7.2 281 0 5.4 10.1 5.0 0.0 0 1 2 0 0
5646.7 -146.1 -6.1 78 0 7.0 15.0 2.5 0.0 0 1 1 4 4
5644.7 -171.7 -7.0 103 0 6.5 5.4 7.5 2.5 2 0 3 5 5
5638.9 -179.1 -8.0 311 0 7.9 11.4 2.5 2.5 2 1 1 1 1
5645.5 -205.8 -8.3 47 0 6.1 14.7 5.0 2.5 2 1 2 5 5
5671.0 -154.4 -5.9 74 0 11.6 6.4 7.5 2.5 2 0 3 5 5
5660.3 -134.1 -6.0 78 0 4.8 4.7 5.0 2.5 2 0 2 1 1
5686.1 -99.6 -5.8 229 0 20.4 11.7 5.0 2.5 2 0 2 1 1
5702.7 -134.2 -5.6 68 0 5.8 11.7 7.5 0.0 0 1 3 0 0
5686.0 -78.4 -5.7 226 0 7.2 30.5 5.0 2.5 2 0 2 3 3
5702.7 -73.2 -6.2 148 0 10.9 14.9 5.0 2.5 2 1 2 0 0
5741.6 -30.9 -7.6 347 0 9.3 6.9 5.0 2.5 2 0 2 0 0
5673.4 -52.9 -5.3 331 0 7.9 7.5 7.5 2.5 2 0 3 3 3
5673.2 -80.7 -5.9 59 0 8.7 7.1 7.5 2.5 2 0 3 5 5
5682.2 -59.6 -5.9 333 0 7.1 10.7 5.0 2.5 2 1 2 5 5
5627.0 -116.6 -6.4 16 0 5.7 9.1 7.5 2.5 4 1 3 0 0
5607.8 -120.9 -6.4 103 0 6.8 10.2 2.5 2.5 2 1 1 2 2
5628.1 -102.5 -6.2 0 0 7.9 8.2 7.5 2.5 2 0 3 0 0
5632.4 -99.3 -6.2 70 0 9.1 5.7 7.5 2.5 2 0 3 4 4
5563.7 -167.9 -8.7 278 0 16.2 11.1 5.0 2.5 2 0 2 2 2
5553.6 -133.2 -7.1 286 0 11.3 10.9 5.0 2.5 2 0 2 1 1
5571.9 -138.8 -7.4 287 0 7.6 11.2 5.0 2.5 2 1 2 5 5
5518.4 -166.0 -9.0 269 0 13.9 11.3 7.5 2.5 2 0 3 4 4
5465.9 -146.4 -8.3 282 0 12.0 12.1 5.0 2.5 4 1 2 5 5
5406.3 -44.0 -3.6 306 0 17.2 11.7 5.0 0.0 0 0 2 0 0
5386.0 -105.1 -5.1 105 0 12.7 14.0 7.5 2.5 2 1 3 2 2
5352.8 -13.3 -1.7 215 0 11.6 14.2 5.0 2.5 2 1 2 5 5
5405.8 -112.4 -5.6 105 0 14.1 16.3 5.0 0.0 0 1 2 2 2
5363.3 -97.3 -4.9 110 0 8.2 9.3 5.0 2.5 2 1 2 5 5
5567.8 -262.4 -10.0 227 0 10.3 12.4 5.0 2.5 2 1 2 1 1
5671.1 -247.5 -5.8 142 0 5.5 7.0 2.5 2.5 2 1 1 4 4
5669.8 -264.8 -6.0 142 0 4.5 4.5 7.5 2.5 2 1 3 5 5
5689.4 -229.3 -5.4 317 0 6.5 7.4 7.5 2.5 2 1 3 2 2
5700.3 -46.9 -6.0 52 0 8.5 13.2 5.0 2.5 2 1 2 4 4
5744.2 56.1 -4.0 171 0 11.9 9.3 5.0 2.5 2 0 2 0 0
5785.6 7.7 -8.2 82 0 15.2 18.2 10.0 0.0 0 1 4 5 5
5781.5 45.8 -6.2 158 0 5.5 7.0 5.0 2.5 2 1 2 3 3
5797.7 66.7 -5.9 315 0 8.4 14.1 5.0 2.5 2 1 2 3 3
5799.1 86.7 -5.2 324 0 15.5 7.4 7.5 2.5 2 0 3 5 5
5774.7 88.1 -4.0 229 0 14.5 7.0 2.5 0.0 0 0 1 5 5
5773.2 -129.9 -6.2 260 0 23.6 10.8 12.5 2.5 2 0 5 0 0
5809.1 -198.1 -4.4 46 0 5.1 9.7 7.5 2.5 2 1 3 0 0
5858.7 -178.1 -7.6 312 0 10.8 27.2 12.5 0.0 0 1 5 1 1
5845.2 -132.4 -11.2 143 0 6.5 11.3 2.5 2.5 2 1 1 4 4
5855.6 -142.4 -11.4 151 0 14.9 15.7 15.0 0.0 0 1 6 1 1
5892.2 -142.3 -12.6 318 0 7.8 14.5 7.5 2.5 2 1 3 5 5
5920.1 -149.0 -14.2 328 0 13.4 12.3 7.5 0.0 0 0 3 2 2
5948.8 114.7 -12.3 44 0 4.3 8.2 7.5 2.5 4 1 3 0 0
5941.5 77.0 -13.6 41 0 9.1 10.0 5.0 0.0 0 1 2 1 1
5913.1 -136.8 -14.5 331 0 5.6 8.1 2.5 2.5 2 0 1 3 3
5904.8 -130.4 -14.6 241 0 5.1 6.9 5.0 2.5 2 0 2 0 0
5899.3 -138.8 -13.5 231 0 3.2 5.0 5.0 2.5 2 1 2 2 2
5891.6 -131.3 -13.5 223 0 3.7 5.6 5.0 2.5 4 1 2 4 4
5944.9 -73.3 -19.6 314 0 9.1 7.4 5.0 0.0 0 0 2 1 1
5937.0 -98.4 -19.4 135 0 6.7 4.4 5.0 2.5 2 0 2 5 5
5949.7 -98.9 -20.1 43 0 7.1 5.4 5.0 2.5 4 0 2 4 4
5922.2 -50.2 -18.3 219 0 15.7 10.1 2.5 2.5 2 0 1 3 3
5929.0 -19.0 -17.3 216 0 10.3 6.2 7.5 2.5 2 0 3 1 1
5908.8 20.0 -14.1 319 0 8.8 14.1 5.0 2.5 2 1 2 5 5
5891.3 -25.0 -15.1 35 0 6.7 17.0 5.0 2.5 2 1 2 5 5
5901.4 -28.0 -15.7 47 0 5.1 9.7 2.5 2.5 2 1 1 0 0
5930.3 14.9 -15.3 22 0 14.1 8.2 5.0 2.5 2 0 2 2 2
5919.5 44.3 -13.2 39 0 10.6 9.5 5.0 2.5 2 0 2 2 2
5958.4 70.0 -15.7 221 0 7.9 10.7 5.0 2.5 2 1 2 4 4
5986.0 76.1 -17.2 227 0 15.1 10.4 5.0 2.5 2 0 2 2 2
5983.5 30.1 -18.4 130 0 4.0 11.8 5.0 2.5 2 0 2 0 0
5982.4 25.6 -18.9 220 0 8.5 13.2 7.5 2.5 4 0 3 2 2
5971.6 34.9 -17.9 220 0 8.2 14.2 2.5 2.5 2 0 1 3 3
6043.3 31.8 -21.8 39 0 6.7 6.4 7.5 2.5 2 0 3 4 4
6001.8 109.6 -16.2 222 0 6.8 8.6 7.5 2.5 4 1 3 5 5
5964.5 113.0 -13.3 43 0 7.2 10.4 7.5 2.5 2 1 3 0 0
5951.3 104.3 -13.0 43 0 7.5 9.0 2.5 0.0 0 1 1 4 4
5910.7 108.0 -11.2 224 0 8.6 11.3 2.5 2.5 4 1 1 3 3
5908.0 151.8 -8.5 137 0 6.7 7.4 5.0 2.5 2 1 2 0 0
-1014.8 5965.4 15.2 78 0 7.3 27.3 5.0 2.5 2 1 2 0 0
-992.4 5999.7 16.1 260 0 10.6 16.4 5.0 2.5 2 1 2 0 0
-944.8 6501.3 5.0 34 0 12.2 10.1 7.5 2.5 2 0 3 1 1
-924.1 6539.8 4.0 34 0 10.3 10.0 2.5 2.5 2 0 1 5 5
-949.5 6530.6 4.1 215 0 16.8 5.2 5.0 2.5 2 0 2 0 0
-696.1 7003.8 6.9 302 0 18.7 16.0 12.5 2.5 2 0 5 1 1
5340.6 894.7 -13.2 82 0 6.4 16.2 5.0 2.5 2 1 2 2 2
5361.3 885.9 -12.1 90 0 20.5 12.2 5.0 0.0 0 0 2 4 4
5377.2 916.2 -12.9 357 0 12.1 7.3 5.0 0.0 0 0 2 5 5
5292.2 902.4 -13.5 168 0 11.4 19.3 5.0 2.5 2 1 2 0 0
5811.3 1057.2 -16.2 13 0 21.2 12.0 7.5 2.5 4 0 3 1 1
5815.2 1084.1 -17.2 12 0 14.4 7.4 7.5 2.5 4 0 3 0 0
5778.2 1064.3 -15.9 189 0 5.5 11.1 7.5 2.5 2 1 3 1 1
6214.1 748.7 -12.6 258 0 9.5 16.8 5.0 2.5 2 1 2 5 5
6232.8 729.0 -12.8 257 0 17.0 10.7 10.0 2.5 2 0 4 2 2
6249.9 756.7 -13.5 257 0 10.3 8.3 5.0 2.5 2 0 2 3 3
5756.3 396.2 -3.6 89 0 83.6 15.6 12.5 2.5 2 0 5 0 0
5714.2 429.3 -3.5 179 0 15.7 83.6 10.0 2.5 2 1 4 5 5
5725.8 457.5 -3.2 179 0 15.7 33.3 10.0 2.5 2 1 4 1 1
5797.4 459.1 -3.4 358 0 15.2 19.9 7.5 2.5 2 1 3 2 2
5712.7 484.4 -3.2 179 0 15.4 84.3 7.5 2.5 4 1 3 5 5
5712.9 509.3 -3.0 179 0 15.9 83.6 10.0 2.5 2 1 4 5 5
5712.1 550.8 -3.1 179 0 14.9 82.6 5.0 2.5 2 1 2 1 1
5674.2 568.7 -2.9 180 0 37.7 13.8 7.5 2.5 2 0 3 5 5
5722.0 583.5 -3.2 179 0 17.0 55.9 10.0 2.5 2 1 4 5 5
5699.1 647.4 -3.5 179 0 14.2 89.5 10.0 2.5 2 1 4 1 1
5683.6 682.9 -3.9 179 0 15.5 103.2 10.0 0.0 0 1 4 2 2
5736.3 743.0 -4.5 269 0 95.0 19.1 10.0 0.0 0 0 4 0 0
5651.7 555.2 -2.7 180 0 26.2 11.1 7.5 2.5 2 0 3 3 3
5648.6 620.6 -3.3 179 0 6.4 7.9 7.5 2.5 2 1 3 5 5
5665.2 622.1 -3.3 179 0 5.9 5.7 2.5 2.5 2 0 1 2 2
3877.5 1199.2 -14.5 281 0 3.0 9.7 2.5 2.5 2 1 1 1 1
3869.1 1181.5 -14.4 96 0 3.1 9.3 5.0 2.5 2 1 2 2 2
3830.9 2064.8 -9.7 80 0 13.4 15.0 7.5 2.5 2 1 3 1 1
3812.5 2077.7 -9.2 171 0 4.9 5.3 5.0 2.5 4 1 2 4 4
3835.7 2093.9 -10.1 260 0 3.3 3.2 2.5 2.5 2 0 1 2 2
3851.3 2091.0 -10.0 352 0 7.5 10.7 5.0 2.5 4 1 2 3 3
3833.8 2179.4 -9.4 76 0 8.8 18.4 5.0 2.5 2 1 2 1 1
-3401.7 -5508.4 -0.9 145 0 3.8 7.5 5.0 2.5 2 1 2 1 1
-3391.3 -5532.1 -1.6 272 0 4.3 6.7 2.5 2.5 2 1 1 2 2
-3402.3 -5516.6 -1.3 233 0 3.1 7.3 5.0 2.5 2 1 2 1 1
5417.9 8300.9 -18.6 233 0 6.9 18.6 2.5 0.0 0 1 1 1 1
5455.5 8265.8 -19.3 347 0 7.3 6.7 7.5 2.5 2 0 3 2 2
5450.5 8229.9 -19.5 159 0 11.4 9.0 2.5 2.5 2 0 1 2 2
5432.6 8197.2 -19.5 350 0 8.7 27.7 5.0 2.5 2 1 2 5 5
5448.0 8178.6 -19.7 353 0 17.7 9.7 5.0 2.5 2 0 2 3 3
5394.3 8139.1 -20.1 178 0 13.4 7.2 2.5 2.5 2 0 1 2 2
5451.1 8159.0 -19.9 357 0 16.5 10.4 5.0 2.5 2 0 2 0 0
5382.8 8219.2 -19.4 189 0 12.0 7.5 7.5 2.5 4 0 3 3 3
5364.2 8263.4 -18.6 94 0 7.4 24.7 2.5 2.5 2 1 1 2 2
5359.6 8210.7 -19.9 272 0 12.1 40.9 10.0 2.5 2 1 4 4 4
5335.8 8304.0 -17.7 104 0 11.0 35.8 10.0 2.5 4 1 4 2 2
5381.7 8320.5 -17.5 15 0 9.4 17.3 2.5 2.5 2 1 1 2 2
5397.0 8274.8 -18.4 337 0 11.3 3.7 7.5 2.5 2 0 3 5 5
4520.8 1649.2 -12.2 206 0 14.2 11.6 7.5 0.0 0 0 3 4 4
4538.3 1648.3 -12.7 203 0 8.1 31.0 7.5 2.5 2 1 3 3 3
4577.2 1589.3 -12.4 121 0 13.7 11.6 2.5 2.5 2 0 1 5 5
4489.1 1638.1 -10.8 6 0 8.6 4.6 2.5 2.5 2 0 1 5 5
4512.6 1699.7 -12.6 38 0 15.0 10.3 10.0 2.5 2 0 4 1 1
4565.4 1718.0 -13.6 220 0 10.6 13.0 10.0 0.0 0 1 4 0 0
4586.6 1688.3 -13.7 40 0 15.2 13.1 5.0 2.5 2 0 2 4 4
4589.3 1721.0 -13.8 220 0 9.2 15.4 7.5 2.5 2 1 3 3 3
4520.7 1773.4 -12.3 144 0 7.8 8.1 5.0 2.5 2 1 2 1 1
4539.3 1773.0 -12.9 148 0 4.3 13.8 5.0 2.5 2 1 2 4 4
4577.5 1814.9 -12.7 224 0 6.8 10.1 5.0 2.5 2 1 2 4 4
4621.2 1801.5 -13.3 49 0 12.4 7.7 7.5 2.5 2 0 3 1 1
4632.4 1839.7 -13.0 61 0 6.5 10.2 5.0 2.5 2 1 2 5 5
4682.4 1762.4 -14.2 112 0 6.3 7.5 5.0 2.5 2 1 2 3 3
4711.5 1820.0 -14.2 285 0 7.2 27.4 7.5 2.5 2 1 3 2 2
4744.7 1828.3 -14.5 10 0 11.0 17.2 2.5 2.5 2 1 1 5 5
4693.6 1869.6 -12.0 27 0 13.3 7.3 7.5 2.5 4 0 3 5 5
4697.1 1892.9 -12.1 1 0 18.7 10.4 2.5 2.5 2 0 1 2 2
4641.9 1895.7 -12.6 175 0 9.4 24.3 5.0 2.5 2 1 2 1 1
4697.6 1918.3 -12.4 354 0 12.7 9.6 7.5 2.5 4 0 3 2 2
4689.9 1942.5 -12.5 347 0 13.4 9.9 5.0 2.5 2 0 2 5 5
4668.2 1938.3 -12.7 347 0 7.6 4.7 2.5 2.5 2 0 1 4 4
4672.7 1950.1 -12.2 352 0 4.7 4.5 5.0 2.5 2 0 2 4 4
4669.9 1968.4 -11.7 340 0 9.2 7.3 7.5 2.5 2 0 3 5 5
4624.7 1946.4 -13.2 151 0 5.5 10.7 7.5 2.5 4 1 3 2 2
4650.3 1992.7 -11.6 272 0 12.1 18.5 5.0 2.5 2 1 2 0 0
4607.0 2002.0 -12.3 271 0 10.0 24.8 5.0 2.5 4 1 2 4 4
4628.4 1975.1 -12.2 356 0 5.3 10.8 2.5 2.5 2 1 1 1 1
4629.2 2007.9 -11.0 285 0 21.0 10.8 7.5 2.5 4 0 3 2 2
4566.7 2002.2 -12.3 281 0 11.8 8.2 7.5 2.5 2 0 3 1 1
4578.0 2019.1 -11.2 282 0 12.6 8.1 7.5 0.0 0 0 3 3 3
4525.5 1963.2 -14.3 82 0 6.2 9.1 7.5 2.5 2 1 3 2 2
4524.5 1994.9 -13.4 253 0 13.0 7.3 7.5 2.5 2 0 3 0 0
4517.9 2016.5 -12.4 253 0 13.5 9.1 2.5 2.5 2 0 1 0 0
4485.0 2007.7 -13.4 256 0 16.2 11.4 10.0 2.5 2 0 4 4 4
4471.0 1946.3 -14.8 113 0 8.0 13.3 2.5 2.5 2 1 1 5 5
4459.5 1996.9 -14.0 251 0 18.0 10.1 5.0 2.5 4 0 2 5 5
4432.9 1989.6 -13.7 253 0 12.3 8.5 7.5 2.5 4 0 3 1 1
4391.4 1940.8 -11.5 76 0 12.5 6.8 7.5 2.5 2 0 3 3 3
4382.6 1974.7 -11.0 256 0 12.7 8.8 7.5 2.5 2 0 3 1 1
4356.8 1929.0 -9.6 163 0 8.1 12.3 5.0 2.5 2 1 2 3 3
4359.5 1970.4 -9.4 258 0 12.4 7.8 7.5 2.5 2 0 3 4 4
4585.6 1996.8 -12.0 291 0 6.0 5.5 7.5 2.5 2 0 3 2 2
4579.0 2124.4 -9.5 179 0 11.4 7.8 7.5 2.5 4 0 3 2 2
4587.1 2086.6 -10.5 186 0 5.7 8.6 2.5 2.5 2 1 1 4 4
4605.3 2081.5 -10.9 12 0 5.2 8.2 7.5 2.5 2 1 3 3 3
4610.1 2133.5 -10.3 263 0 9.3 10.7 5.0 2.5 2 1 2 5 5
4700.3 1976.5 -12.2 169 0 6.1 12.1 7.5 2.5 2 1 3 4 4
4694.3 1979.6 -11.9 88 0 4.7 8.7 7.5 2.5 2 1 3 0 0
4699.1 1996.3 -12.4 172 0 5.7 10.9 5.0 2.5 2 1 2 2 2
4692.6 1993.3 -11.9 87 0 3.9 14.1 5.0 2.5 4 1 2 5 5
4680.7 2011.4 -12.0 129 0 7.1 11.5 7.5 2.5 4 1 3 0 0
4660.6 2019.8 -11.8 76 0 12.1 14.6 2.5 2.5 2 1 1 5 5
4719.1 1989.4 -13.1 165 0 9.1 14.3 5.0 2.5 2 1 2 2 2
4800.3 1924.2 -16.0 356 0 12.7 13.9 2.5 2.5 2 1 1 0 0
4782.3 1999.7 -14.7 346 0 9.8 15.2 7.5 2.5 2 1 3 1 1
4797.7 2010.6 -15.4 73 0 9.8 21.3 5.0 2.5 2 1 2 3 3
4798.1 2079.0 -15.7 337 0 12.7 7.0 2.5 0.0 0 0 1 3 3
4780.0 2169.4 -16.6 69 0 6.1 7.4 7.5 0.0 0 1 3 2 2
4779.7 2190.9 -17.0 340 0 7.1 9.8 5.0 2.5 2 1 2 2 2
4781.9 2214.1 -17.5 344 0 9.7 8.1 5.0 2.5 2 0 2 5 5
4747.5 2239.0 -17.9 263 0 5.9 7.3 5.0 2.5 2 1 2 0 0
4028.4 887.7 -5.1 333 0 17.1 9.1 2.5 2.5 2 0 1 1 1
3986.4 965.7 -5.4 188 0 14.3 12.7 5.0 2.5 2 0 2 2 2
2129.1 1486.9 3.7 356 0 12.9 10.1 5.0 2.5 2 0 2 2 2
2076.6 1446.8 4.7 178 0 7.1 7.1 2.5 2.5 2 0 1 1 1
2095.2 1447.9 4.3 84 0 10.9 17.1 10.0 2.5 2 1 4 3 3
2116.9 1444.3 5.6 79 0 16.7 6.6 7.5 2.5 2 0 3 4 4
5143.0 1735.9 -18.9 74 0 10.8 10.1 7.5 2.5 2 0 3 1 1
5663.5 -284.3 -6.5 308 0 4.9 5.7 5.0 2.5 4 1 2 0 0
5430.4 -1100.3 -3.6 348 0 8.3 12.2 5.0 2.5 2 1 2 3 3
5431.0 -1116.4 -3.2 69 0 10.0 6.8 5.0 2.5 2 0 2 4 4
5442.6 -1108.0 -2.8 337 0 6.7 9.0 5.0 2.5 2 0 2 3 3
5417.4 -1131.8 -3.5 75 0 4.3 10.8 5.0 2.5 2 1 2 4 4
5435.8 -1090.1 -3.1 352 0 8.4 5.6 5.0 2.5 2 0 2 4 4
5412.5 -1055.0 -5.8 348 0 12.3 7.9 7.5 2.5 4 0 3 5 5
5388.8 -1035.8 -7.4 161 0 8.7 13.3 5.0 2.5 2 1 2 3 3
5401.6 -1012.1 -7.5 342 0 8.7 12.8 7.5 2.5 2 1 3 5 5
5359.0 -977.0 -9.1 161 0 11.6 9.0 5.0 2.5 2 0 2 3 3
5645.2 -113.7 -6.2 253 0 11.7 8.6 7.5 2.5 2 0 3 3 3
5672.7 -147.3 -5.8 73 0 4.4 6.5 2.5 2.5 2 0 1 1 1
5996.1 96.1 -16.9 228 0 17.4 11.3 5.0 2.5 2 0 2 2 2
6354.3 -902.4 -10.8 339 0 3.1 3.3 7.5 2.5 2 1 3 5 5
6238.6 -996.4 -5.9 165 0 3.8 3.6 2.5 2.5 4 0 1 2 2
4157.6 5097.1 -15.6 97 0 6.4 7.8 5.0 2.5 2 1 2 4 4
6457.8 -2591.4 -18.5 340 0 9.2 7.7 2.5 2.5 2 0 1 2 2
-6424.1 -854.8 -10.7 181 0 9.0 10.7 5.0 2.5 4 1 2 3 3
-6398.4 -866.0 -10.5 1 0 11.2 10.8 7.5 2.5 2 0 3 5 5
-3092.9 -1474.4 5.8 11 0 12.2 20.8 10.0 0.0 0 1 4 3 3
-3149.2 -1345.9 4.8 110 0 11.6 23.8 15.0 0.0 0 1 6 2 2
-3219.5 -1388.7 4.4 109 0 9.8 36.1 7.5 2.5 2 0 3 0 0
-3088.7 -1513.5 7.1 233 0 9.3 12.3 7.5 2.5 2 1 3 1 1
-3080.3 -1489.7 5.5 198 0 27.6 11.6 12.5 2.5 2 0 5 4 4
-2868.9 -1461.0 11.2 111 0 6.9 4.9 5.0 2.5 2 0 2 0 0
-3027.2 -1415.1 4.1 289 0 5.8 5.6 7.5 2.5 2 0 3 3 3
-778.8 -1149.0 21.5 254 0 13.5 20.2 4.0 2.5 2 1 1 3 3
-796.2 -1161.3 21.2 164 0 3.9 10.6 8.0 2.5 2 1 2 2 2
