4340.7 1802.0 -31.2 36 0 24.7 14.7 7.5 2.5 2 0 3 1 1
1529.1 7806.3 -32.5 289 0 12.5 56.6 5.0 2.5 2 0 2 2 2
2015.1 7012.5 -22.3 5 0 19.8 10.0 7.5 2.5 2 0 3 3 3
2021.5 6994.6 -22.9 276 0 6.1 14.6 5.0 2.5 2 1 2 1 1
1969.2 7448.6 -24.0 132 0 14.9 8.4 5.0 2.5 4 0 2 4 4
1978.4 7475.8 -25.8 224 0 7.3 21.5 7.5 0.0 0 1 3 3 3
1851.3 7535.0 -29.4 317 0 12.0 8.4 5.0 2.5 2 0 2 1 1
1844.9 7541.9 -29.7 318 0 6.9 12.2 7.5 2.5 2 0 3 1 1
1447.7 7584.1 -30.1 200 0 56.3 10.0 15.0 0.0 0 0 6 1 1
1677.1 8306.0 -30.3 262 0 11.0 9.4 5.0 2.5 2 0 2 0 0
6760.5 6011.8 -39.6 166 0 7.5 9.6 7.5 2.5 2 1 3 5 5
6910.4 5915.3 -48.5 160 0 7.8 12.6 7.5 2.5 2 0 3 1 1
6737.9 6057.2 -39.5 166 0 4.1 19.7 5.0 2.5 2 1 2 0 0
6700.0 6190.1 -40.5 345 0 12.8 6.7 7.5 2.5 2 0 3 5 5
6732.8 6161.0 -40.5 197 0 12.8 8.8 7.5 2.5 2 0 3 5 5
6754.8 6238.6 -41.8 194 0 6.9 11.6 5.0 0.0 0 1 2 1 1
6704.5 6299.1 -41.5 86 0 22.4 15.5 5.0 2.5 2 0 2 3 3
6736.8 5995.4 -39.1 140 0 8.7 5.9 5.0 2.5 2 0 2 5 5
6853.7 6324.7 -42.7 162 0 5.4 5.6 2.5 2.5 2 1 1 0 0
6847.0 6334.3 -42.8 160 0 6.5 6.6 7.5 2.5 2 1 3 5 5
6704.0 6209.0 -40.7 356 0 4.1 7.9 5.0 2.5 2 1 2 3 3
6753.3 6144.0 -40.3 7 0 3.4 15.4 7.5 2.5 2 1 3 2 2
6727.8 6141.5 -40.1 192 0 7.3 5.3 7.5 0.0 0 0 3 0 0
6671.0 6316.0 -40.8 172 0 17.8 6.6 7.5 2.5 2 0 3 5 5
6720.2 6209.4 -41.0 183 0 8.1 4.7 5.0 2.5 2 0 2 0 0
6693.0 6122.3 -39.2 1 0 6.9 12.8 7.5 2.5 2 1 3 5 5
6759.4 6255.2 -42.1 201 0 6.0 9.8 7.5 2.5 4 1 3 4 4
6894.3 5905.3 -46.4 301 0 6.0 12.8 7.5 2.5 2 1 3 0 0
6767.7 6332.6 -41.8 268 0 7.5 11.1 5.0 2.5 2 1 2 3 3
6795.6 6282.9 -42.5 252 0 6.3 9.8 5.0 2.5 2 1 2 4 4
6749.2 6224.3 -41.5 190 0 5.0 9.1 5.0 2.5 2 1 2 1 1
6749.8 6302.0 -41.9 88 0 6.4 8.7 5.0 2.5 2 1 2 0 0
6743.7 6326.0 -41.4 269 0 8.3 6.4 5.0 0.0 0 0 2 1 1
6772.3 6225.6 -41.8 14 0 5.6 4.5 2.5 2.5 2 0 1 2 2
6728.9 6292.6 -41.7 88 0 7.8 16.7 7.5 2.5 2 1 3 1 1
6740.4 5987.3 -39.1 141 0 8.8 8.3 7.5 0.0 0 0 3 0 0
6753.5 6029.6 -39.5 164 0 6.3 11.3 7.5 2.5 2 0 3 1 1
6776.3 6305.4 -42.2 358 0 5.3 8.3 7.5 2.5 2 1 3 0 0
6704.5 6204.4 -40.6 267 0 5.2 6.7 5.0 2.5 2 1 2 0 0
2249.3 8449.8 -32.3 183 0 12.6 24.9 10.0 2.5 2 1 4 4 4
2204.2 8322.4 -32.2 359 0 9.2 9.2 7.5 2.5 4 1 3 3 3
2327.9 8355.2 -31.4 344 0 11.4 22.5 10.0 2.5 4 0 4 1 1
2242.4 8386.1 -31.1 164 0 6.4 11.6 7.5 2.5 2 1 3 1 1
2307.9 8409.4 -31.1 344 0 8.7 8.7 2.5 2.5 2 0 1 3 3
2272.6 8520.3 -33.8 242 0 9.3 7.0 5.0 2.5 4 0 2 5 5
2238.5 8359.6 -31.3 164 0 20.9 11.0 2.5 2.5 2 0 1 1 1
2291.7 8486.0 -32.7 10 0 9.0 4.6 7.5 2.5 2 0 3 5 5
2258.4 8482.2 -32.9 192 0 6.7 15.1 2.5 2.5 4 1 1 4 4
2172.8 8321.0 -32.4 177 0 13.3 4.1 7.5 2.5 2 0 3 5 5
2227.1 8266.6 -33.3 173 0 15.2 9.4 7.5 2.5 2 0 3 2 2
2249.4 8240.1 -33.4 175 0 5.5 13.0 7.5 2.5 2 1 3 3 3
2266.3 8517.0 -33.7 265 0 4.9 4.7 5.0 2.5 2 0 2 3 3
2229.0 8250.9 -33.5 173 0 16.3 9.4 5.0 2.5 2 0 2 5 5
2337.5 8367.6 -31.4 344 0 30.0 12.6 10.0 2.5 2 0 4 2 2
2274.3 8341.5 -31.4 164 0 14.0 32.9 12.5 2.5 4 0 5 3 3
2252.8 8349.2 -31.3 164 0 38.6 11.4 10.0 2.5 2 0 4 5 5
1748.0 8403.4 -29.5 357 0 13.0 8.0 7.5 2.5 4 0 3 5 5
1741.4 8425.5 -29.4 285 0 12.3 14.5 10.0 2.5 2 1 4 0 0
1777.7 8174.2 -30.8 355 0 12.8 22.2 7.5 0.0 0 1 3 2 2
1725.8 8245.8 -30.6 265 0 10.3 21.1 7.5 0.0 0 1 3 0 0
1692.1 8241.2 -30.7 268 0 17.1 12.3 5.0 2.5 2 0 2 1 1
1628.1 8208.5 -31.2 266 0 8.1 17.3 2.5 0.0 0 1 1 0 0
1608.8 8235.7 -30.7 267 0 9.5 14.3 7.5 2.5 2 1 3 5 5
1579.8 8234.0 -30.7 267 0 8.9 12.7 2.5 2.5 2 1 1 0 0
1498.7 8235.5 -30.7 265 0 10.3 11.2 5.0 2.5 2 0 2 4 4
1451.6 8225.6 -30.7 270 0 8.1 6.7 7.5 2.5 2 0 3 1 1
1269.7 7524.4 -30.4 18 0 11.2 19.7 10.0 2.5 2 1 4 4 4
1307.6 7377.7 -28.1 347 0 13.3 16.4 7.5 2.5 4 0 3 1 1
1292.7 7305.0 -27.1 167 0 6.9 12.7 7.5 2.5 2 0 3 0 0
1431.1 8468.8 -32.7 18 0 15.4 12.3 7.5 2.5 2 0 3 3 3
1406.8 8239.5 -31.0 347 0 11.5 17.3 7.5 2.5 2 1 3 3 3
1571.1 8436.8 -30.9 264 0 12.0 10.8 2.5 0.0 0 0 1 5 5
1548.8 8254.5 -30.4 79 0 12.7 10.6 2.5 2.5 2 0 1 3 3
1207.3 7503.5 -30.8 141 0 14.4 29.0 15.0 0.0 0 1 6 4 4
1576.3 7867.6 -33.0 305 0 80.1 14.1 10.0 2.5 2 0 4 5 5
1442.3 8298.4 -30.4 176 0 30.9 9.9 7.5 2.5 2 0 3 2 2
1837.3 8207.7 -31.0 181 0 9.9 15.2 2.5 2.5 2 1 1 4 4
1626.5 8222.8 -30.9 268 0 6.2 8.1 7.5 2.5 4 0 3 4 4
1773.1 8329.1 -30.4 172 0 7.6 16.4 5.0 2.5 2 1 2 2 2
1801.6 8275.5 -30.3 263 0 13.3 3.2 5.0 2.5 2 0 2 5 5
1605.1 8217.5 -31.4 270 0 8.6 35.4 7.5 2.5 2 1 3 1 1
1541.4 8330.1 -30.2 73 0 4.6 7.4 5.0 2.5 2 1 2 3 3
1592.5 8323.5 -30.4 78 0 4.7 10.2 2.5 2.5 2 0 1 1 1
1525.5 8262.5 -30.4 245 0 9.4 3.9 5.0 2.5 2 0 2 2 2
1806.3 8300.6 -30.5 78 0 31.5 8.4 7.5 2.5 2 0 3 0 0
1626.0 8236.7 -30.7 268 0 6.2 13.9 5.0 0.0 0 0 2 4 4
1475.0 8165.0 -31.7 96 0 13.8 11.7 7.5 2.5 2 0 3 3 3
1590.3 8333.4 -30.2 77 0 4.7 7.2 5.0 2.5 2 0 2 1 1
1520.0 8181.7 -31.5 179 0 9.0 18.6 2.5 2.5 2 1 1 5 5
1629.1 8326.3 -30.4 86 0 4.2 10.9 7.5 2.5 2 0 3 1 1
1436.6 8238.3 -30.6 73 0 8.1 4.1 5.0 0.0 0 0 2 3 3
1579.0 8210.0 -31.1 269 0 7.8 8.8 7.5 2.5 2 1 3 4 4
1811.5 8222.0 -30.8 272 0 12.0 20.8 12.5 2.5 2 0 5 0 0
1546.4 8433.0 -31.1 261 0 4.3 9.4 7.5 2.5 2 1 3 1 1
1627.6 8163.0 -31.4 91 0 11.8 8.5 5.0 2.5 2 0 2 3 3
1258.7 7390.1 -29.9 347 0 9.5 63.2 7.5 2.5 2 1 3 1 1
1812.9 8354.6 -30.7 255 0 9.7 17.2 2.5 2.5 2 1 1 5 5
1285.9 7360.9 -27.9 167 0 9.7 8.4 5.0 2.5 2 0 2 4 4
1469.4 8232.3 -31.1 269 0 9.0 35.1 7.5 2.5 2 1 3 4 4
1628.4 8337.2 -30.2 87 0 4.2 7.3 5.0 2.5 2 0 2 0 0
1800.6 8288.3 -30.3 263 0 20.4 11.3 2.5 2.5 2 0 1 5 5
1142.4 7374.1 -31.3 188 0 21.7 39.0 12.5 0.0 0 1 5 3 3
1453.5 8457.9 -32.6 197 0 4.5 8.6 7.5 2.5 2 0 3 3 3
1717.5 8395.2 -29.7 267 0 7.9 16.5 5.0 0.0 0 1 2 2 2
1625.0 8368.2 -29.7 87 0 12.7 7.8 7.5 2.5 2 0 3 5 5
1854.8 8301.6 -30.8 260 0 10.3 12.7 5.0 2.5 2 1 2 5 5
1675.0 8208.7 -31.0 269 0 8.3 9.3 7.5 2.5 2 1 3 3 3
1529.4 7714.3 -31.4 289 0 12.9 12.6 5.0 2.5 2 0 2 3 3
1259.3 7489.3 -29.9 198 0 4.8 22.5 7.5 2.5 2 1 3 1 1
1797.9 8241.4 -30.4 294 0 9.8 5.2 2.5 2.5 2 0 1 0 0
1468.0 7719.9 -31.5 109 0 6.9 18.1 2.5 2.5 2 0 1 2 2
1248.5 7357.3 -29.8 77 0 91.6 13.3 10.0 2.5 2 0 4 5 5
1718.8 8223.5 -30.7 267 0 5.0 4.6 5.0 2.5 2 0 2 3 3
1713.2 8237.0 -30.7 267 0 4.0 13.4 7.5 2.5 2 1 3 1 1
1649.9 8195.9 -31.2 268 0 7.5 11.2 7.5 2.5 2 1 3 2 2
1487.4 8178.8 -31.5 122 0 11.6 16.6 7.5 2.5 2 0 3 0 0
1508.5 7765.3 -32.0 18 0 6.9 6.0 7.5 2.5 2 0 3 0 0
1789.0 8163.3 -31.1 293 0 14.1 5.2 7.5 2.5 2 0 3 0 0
1682.9 8265.1 -30.2 80 0 4.5 14.1 2.5 2.5 2 1 1 2 2
1344.8 8517.1 -33.3 283 0 9.3 10.7 7.5 2.5 2 1 3 4 4
1392.3 8505.1 -33.0 281 0 13.1 9.6 5.0 2.5 2 0 2 2 2
957.1 8258.1 -32.3 305 0 12.0 61.5 7.5 2.5 4 0 3 0 0
864.7 8250.6 -31.8 225 0 12.1 61.5 10.0 2.5 2 1 4 1 1
901.8 8111.8 -32.0 105 0 12.0 61.4 10.0 2.5 2 1 4 2 2
930.2 8177.0 -33.1 205 0 12.0 61.4 10.0 2.5 2 1 4 1 1
1081.0 8122.1 -33.5 199 0 30.1 44.5 7.5 0.0 0 0 3 4 4
1340.5 8498.0 -33.3 285 0 6.1 6.3 5.0 2.5 2 1 2 0 0
1406.0 8461.7 -32.7 108 0 4.5 15.0 5.0 2.5 2 1 2 0 0
1139.4 8133.9 -33.4 19 0 30.0 7.0 7.5 2.5 2 0 3 1 1
1291.7 8509.2 -33.7 283 0 15.3 4.4 2.5 2.5 2 0 1 4 4
1281.4 8494.9 -33.6 192 0 6.4 3.5 5.0 2.5 2 0 2 0 0
1500.2 8526.2 -31.5 16 0 11.7 8.2 5.0 2.5 2 0 2 2 2
1377.0 8475.2 -33.0 106 0 9.4 6.6 5.0 2.5 2 0 2 1 1
1398.5 8488.7 -32.7 281 0 3.8 13.4 5.0 2.5 2 1 2 4 4
1335.2 8511.7 -33.4 285 0 4.9 7.8 7.5 2.5 2 1 3 1 1
6329.5 3892.2 -40.3 253 0 10.7 10.6 5.0 2.5 2 0 2 5 5
6336.2 3841.5 -41.2 63 0 13.4 8.1 5.0 2.5 4 0 2 0 0
5060.5 7841.1 -34.8 30 0 28.9 15.9 12.5 2.5 2 0 5 1 1
4999.7 7831.4 -35.6 126 0 12.7 5.0 2.5 0.0 0 0 1 2 2
5022.9 7923.8 -35.4 304 0 14.0 69.9 12.5 2.5 2 1 5 0 0
5038.5 7913.5 -33.0 303 0 23.5 13.3 7.5 2.5 2 0 3 4 4
4998.0 7850.6 -35.7 214 0 9.1 21.1 2.5 2.5 2 1 1 4 4
-424.5 -4518.3 -15.3 93 0 12.8 12.2 2.5 2.5 2 0 1 0 0
-435.7 -4455.3 -15.0 185 0 9.2 29.7 7.5 2.5 4 1 3 4 4
-221.6 -4343.7 -17.8 5 0 14.7 12.3 5.0 2.5 2 0 2 3 3
-394.1 -4498.4 -15.4 185 0 18.5 11.4 5.0 2.5 2 0 2 0 0
-292.3 -4338.8 -16.7 4 0 13.2 41.7 10.0 2.5 2 1 4 0 0
-243.1 -4417.1 -17.9 94 0 31.3 12.2 7.5 2.5 2 0 3 2 2
-281.5 -4371.8 -17.8 184 0 13.2 41.6 10.0 2.5 2 1 4 0 0
-231.0 -4217.7 -14.8 5 0 6.6 38.5 7.5 2.5 2 1 3 2 2
-326.6 -4485.3 -16.7 275 0 37.2 11.5 7.5 0.0 0 0 3 0 0
-279.0 -4339.9 -17.6 185 0 13.2 41.8 7.5 0.0 0 1 3 2 2
-227.4 -4157.1 -14.6 3 0 10.9 40.7 10.0 2.5 2 1 4 2 2
-362.5 -4491.5 -15.8 275 0 11.4 13.1 7.5 2.5 4 1 3 3 3
-294.7 -4370.8 -16.9 4 0 13.1 41.7 7.5 2.5 2 1 3 4 4
-323.1 -4415.9 -16.9 95 0 32.9 11.5 10.0 2.5 2 0 4 1 1
-387.3 -4294.0 -15.1 95 0 53.6 11.6 12.5 2.5 4 0 5 2 2
-275.8 -4297.8 -16.9 185 0 12.8 38.6 10.0 2.5 2 1 4 3 3
-243.0 -4502.9 -17.8 4 0 12.1 31.1 10.0 2.5 2 1 4 5 5
-432.3 -5513.5 -19.5 287 0 7.2 6.2 5.0 2.5 4 0 2 2 2
-630.0 -5969.5 -14.9 95 0 12.2 17.4 5.0 2.5 2 1 2 1 1
-178.7 -4642.8 -18.2 337 0 7.6 6.3 7.5 2.5 2 0 3 5 5
-608.0 -5720.0 -15.8 193 0 9.4 19.0 7.5 2.5 2 1 3 5 5
-764.3 -5691.7 -15.1 186 0 10.8 15.6 2.5 2.5 2 1 1 0 0
-637.1 -6026.9 -12.1 27 0 14.2 11.4 5.0 2.5 2 0 2 2 2
-632.7 -5761.1 -16.0 189 0 17.3 12.1 5.0 2.5 2 0 2 3 3
-549.5 -5997.6 -17.0 17 0 9.4 5.6 2.5 2.5 2 0 1 5 5
-644.6 -5975.1 -13.8 5 0 7.8 16.1 5.0 2.5 4 1 2 4 4
-177.6 -4654.8 -18.1 69 0 5.1 6.2 5.0 2.5 2 1 2 0 0
-629.6 -5932.2 -15.4 95 0 33.1 14.8 10.0 2.5 2 0 4 4 4
-658.9 -6012.6 -12.5 114 0 14.1 8.8 7.5 2.5 2 0 3 1 1
-167.9 -4976.7 -18.4 18 0 5.7 13.5 5.0 2.5 2 1 2 0 0
-210.3 -4931.8 -16.7 287 0 9.1 16.8 5.0 2.5 2 1 2 4 4
-136.7 -4694.5 -17.3 335 0 6.7 17.4 5.0 0.0 0 1 2 3 3
-209.3 -4838.7 -17.0 335 0 12.9 46.1 7.5 0.0 0 1 3 3 3
-492.2 -5838.2 -17.4 194 0 16.8 12.0 10.0 2.5 2 0 4 4 4
-122.0 -4735.3 -17.5 336 0 9.6 13.8 2.5 2.5 2 1 1 0 0
-131.5 -4714.4 -17.3 335 0 9.6 13.8 2.5 2.5 2 1 1 2 2
-140.8 -3122.8 -40.4 269 0 36.4 17.1 7.5 2.5 2 0 3 1 1
-5.7 -2827.6 -33.8 351 0 11.7 20.1 14.0 0.0 0 1 4 1 1
1346.4 8335.4 -31.7 287 0 36.3 58.3 7.5 0.0 0 1 3 5 5
-215.1 -4624.1 -18.7 186 0 6.3 5.6 2.5 2.5 2 0 1 3 3
-217.9 -5117.4 -20.0 287 0 10.5 16.7 10.0 2.5 2 1 4 0 0
-406.3 -5069.2 -16.5 196 0 15.1 7.1 5.0 2.5 2 0 2 5 5
-149.9 -3079.8 -40.2 280 0 12.3 23.1 14.0 3.5 2 1 4 0 0
-189.4 -3601.0 -29.1 272 0 12.1 22.1 12.5 2.5 2 1 5 5 5
-16.9 -3620.8 -23.3 179 0 11.2 29.1 10.0 2.5 2 1 4 1 1
-144.6 -4845.7 -16.8 287 0 16.8 12.3 5.0 2.5 2 0 2 1 1
-677.2 -4506.2 -5.0 13 0 11.2 16.2 7.5 2.5 4 1 3 5 5
-138.8 -4975.3 -18.6 198 0 5.8 5.5 5.0 2.5 2 0 2 5 5
-31.7 -4536.4 -17.4 287 0 10.9 24.5 5.0 2.5 2 1 2 1 1
6270.5 3992.0 -37.9 71 0 23.5 9.4 2.5 2.5 2 0 1 5 5
-1563.1 -8417.9 -34.1 176 0 16.0 31.3 10.0 2.5 2 1 4 1 1
1522.2 8476.4 -31.8 274 0 12.1 12.4 7.5 2.5 2 0 3 4 4
1506.0 8477.1 -32.0 271 0 20.1 9.7 7.5 0.0 0 0 3 4 4
1490.8 8476.5 -32.1 261 0 10.2 8.2 2.5 2.5 2 0 1 5 5
1580.6 -2934.5 -21.6 293 0 10.4 12.4 10.0 2.5 2 1 4 4 4
1558.3 -2949.3 -21.9 207 0 9.1 5.9 5.0 2.5 2 0 2 5 5
1688.9 -2885.5 -21.6 313 0 8.5 12.5 5.0 2.5 2 1 2 4 4
-100.5 -2662.5 -24.2 99 0 10.0 9.2 2.5 2.5 2 0 1 2 2
138.1 -2633.2 -12.2 49 0 6.7 14.9 5.0 2.5 4 0 2 3 3
-118.3 -2723.4 -26.2 102 0 35.0 6.1 10.5 3.5 2 0 3 1 1
18.1 -2622.6 -19.3 157 0 12.7 31.7 12.5 2.5 2 1 5 2 2
-147.5 -2700.7 -25.7 197 1 18.9 11.1 14.0 3.5 2 0 4 2 2
-119.9 -2678.2 -25.2 288 0 8.5 21.2 10.5 3.5 2 0 3 2 2
-87.7 -2677.3 -24.7 280 0 25.7 9.6 10.5 3.5 2 0 3 4 4
-80.7 -2660.2 -24.0 97 0 10.7 10.7 2.5 2.5 2 1 1 3 3
-64.6 -2684.3 -24.6 281 1 14.2 10.1 14.0 3.5 4 0 4 0 0
-61.0 -2674.1 -24.1 100 0 13.6 11.3 5.0 0.0 0 0 2 5 5
-42.0 -2689.1 -24.7 285 0 11.9 9.4 10.5 0.0 0 0 3 5 5
170.5 -2600.0 -12.6 43 0 14.8 6.8 5.0 0.0 0 0 2 3 3
145.5 -2518.1 -12.6 111 0 10.7 9.2 2.5 0.0 0 0 1 1 1
132.4 -2618.4 -12.3 45 0 3.9 10.0 2.5 2.5 2 1 1 1 1
158.3 -2610.6 -11.1 44 0 6.8 5.5 7.5 2.5 2 0 3 4 4
76.0 -2610.5 -15.8 344 0 21.9 9.0 2.5 2.5 2 0 1 4 4
91.3 -2655.5 -16.1 172 0 12.5 5.3 7.5 0.0 0 0 3 0 0
-50.8 -2710.4 -25.7 287 0 8.1 4.0 10.5 0.0 0 0 3 1 1
-135.7 -2431.0 -13.2 9 0 12.4 6.2 5.0 2.5 2 0 2 4 4
-133.3 -2735.7 -26.9 289 0 9.1 3.7 10.5 0.0 0 0 3 5 5
-98.3 -2643.1 -23.7 100 0 8.1 4.0 2.5 2.5 2 0 1 3 3
-33.1 -2715.2 -26.1 15 0 7.8 5.7 10.5 3.5 4 0 3 0 0
-92.7 -2698.7 -25.1 286 0 14.7 8.8 10.5 3.5 2 0 3 0 0
82.6 -2664.6 -17.1 253 0 9.0 21.9 7.5 2.5 2 1 3 1 1
-110.4 -2472.6 -14.6 264 0 14.0 6.6 5.0 2.5 2 0 2 2 2
131.6 -2538.5 -14.2 286 0 8.8 6.2 5.0 2.5 2 0 2 4 4
151.7 -2595.2 -12.0 318 0 3.7 12.4 2.5 2.5 2 1 1 0 0
-107.0 -2691.5 -25.2 287 0 9.5 12.1 10.5 3.5 2 0 3 3 3
-129.7 -2699.8 -25.3 197 0 4.8 8.5 10.5 3.5 2 0 3 0 0
82.2 -2645.4 -17.1 344 0 14.6 9.6 2.5 2.5 2 0 1 3 3
125.4 -2526.1 -13.8 289 0 4.7 15.6 5.0 2.5 2 1 2 2 2
157.3 -2603.7 -11.5 42 0 10.4 3.5 5.0 2.5 2 0 2 1 1
-24.2 -2655.3 -23.0 8 0 4.1 9.1 5.0 0.0 0 1 2 2 2
-150.8 -2715.3 -25.9 195 0 9.0 10.8 10.5 3.5 2 1 3 1 1
-121.6 -2442.9 -13.7 173 0 27.9 15.8 10.0 2.5 4 0 4 0 0
90.3 -2649.3 -15.8 82 0 5.8 48.8 7.5 0.0 0 0 3 2 2
-148.6 -2745.9 -27.6 215 0 4.7 9.9 10.5 3.5 2 1 3 4 4
1428.1 -8169.0 -36.1 50 0 7.8 9.8 5.0 0.0 0 1 2 2 2
1374.2 -8308.2 -41.7 277 0 3.4 4.4 5.0 2.5 2 1 2 2 2
1415.6 -8193.0 -36.9 43 0 4.7 3.5 7.5 2.5 2 0 3 0 0
384.4 3135.2 -6.1 70 0 10.6 21.0 7.5 2.5 4 1 3 0 0
325.4 2970.9 -8.3 81 0 7.3 26.3 7.5 2.5 2 1 3 1 1
383.0 3198.6 -5.5 213 0 5.1 23.1 7.5 2.5 2 1 3 5 5
666.7 3388.5 -4.2 233 0 8.6 28.9 7.5 2.5 2 1 3 3 3
153.2 3101.1 -7.0 322 0 10.7 12.9 5.0 2.5 2 0 2 2 2
461.9 3067.4 -7.2 170 0 31.3 10.2 5.0 2.5 2 0 2 3 3
489.5 3113.9 -6.3 171 0 18.6 10.2 2.5 0.0 0 0 1 2 2
-61.7 2984.1 -2.5 144 0 11.1 19.0 5.0 2.5 2 1 2 3 3
544.4 3070.2 -5.8 210 0 12.7 6.0 7.5 0.0 0 0 3 5 5
-73.2 3009.9 -1.9 235 0 13.5 6.8 7.5 0.0 0 0 3 1 1
510.0 2998.2 -7.8 173 0 15.2 8.5 5.0 2.5 2 0 2 0 0
217.5 3144.1 -6.2 55 0 18.6 10.1 2.5 2.5 2 0 1 4 4
665.7 3342.1 -4.0 318 0 5.7 6.1 7.5 2.5 2 0 3 3 3
336.3 3306.6 -8.9 323 0 12.1 23.2 7.5 2.5 2 1 3 0 0
144.7 3137.1 -6.3 54 0 5.1 11.4 2.5 2.5 2 1 1 2 2
424.1 3241.2 -6.9 261 0 11.5 24.5 7.5 2.5 2 1 3 2 2
457.3 3328.2 -6.4 237 0 4.2 16.3 2.5 2.5 2 1 1 3 3
98.0 3107.5 -6.7 237 0 12.7 8.9 5.0 2.5 4 0 2 3 3
701.3 3381.7 -3.9 317 0 8.2 7.9 5.0 2.5 2 0 2 4 4
157.2 3122.4 -6.7 321 0 17.5 7.8 5.0 2.5 2 0 2 5 5
475.5 2968.4 -8.2 318 0 4.6 11.5 7.5 0.0 0 1 3 1 1
321.2 3073.6 -7.5 260 0 15.3 30.5 10.0 2.5 2 1 4 3 3
228.7 3228.1 -7.4 234 0 6.1 13.1 7.5 2.5 2 1 3 2 2
673.8 3348.1 -4.0 327 0 14.1 5.2 5.0 2.5 2 0 2 4 4
641.8 3322.4 -4.2 144 0 12.5 5.6 7.5 2.5 2 0 3 4 4
607.7 3034.6 -5.4 28 0 7.4 5.9 5.0 2.5 2 0 2 2 2
467.2 3129.2 -6.3 260 0 5.4 12.2 5.0 0.0 0 0 2 2 2
502.3 3205.4 -5.5 141 0 13.3 7.6 5.0 2.5 2 0 2 0 0
127.6 3131.0 -6.6 329 0 9.5 16.0 7.5 2.5 2 1 3 5 5
146.5 3151.5 -6.2 325 0 13.3 5.0 5.0 2.5 4 0 2 3 3
716.8 3305.2 -3.4 146 0 30.0 10.6 10.0 2.5 2 0 4 4 4
408.0 3271.3 -8.5 57 0 6.2 24.4 7.5 2.5 2 1 3 3 3
336.1 3247.9 -8.0 323 0 23.9 9.9 7.5 0.0 0 0 3 2 2
573.2 3077.7 -5.2 208 0 26.0 16.8 15.0 0.0 0 0 6 5 5
642.5 3358.8 -4.3 227 0 4.1 9.8 7.5 2.5 2 0 3 0 0
514.5 3104.6 -5.8 145 0 19.2 11.6 5.0 2.5 2 0 2 4 4
118.1 3060.6 -7.1 57 0 9.7 13.4 2.5 2.5 2 0 1 5 5
557.5 3301.8 -5.5 48 0 6.6 20.0 5.0 2.5 2 1 2 0 0
434.4 3107.4 -6.7 261 0 11.2 15.4 5.0 2.5 4 1 2 5 5
364.1 3259.2 -8.1 142 0 6.9 6.6 7.5 0.0 0 0 3 1 1
300.3 3026.0 -7.8 153 0 6.6 10.0 7.5 2.5 4 1 3 5 5
35.0 3052.9 -4.7 325 0 8.3 14.6 5.0 2.5 2 1 2 4 4
497.1 3351.9 -5.9 145 0 9.8 31.1 7.5 2.5 2 1 3 0 0
600.3 3415.2 -5.2 231 0 6.2 10.8 7.5 2.5 2 1 3 1 1
100.9 2992.5 -6.5 157 0 17.0 10.0 5.0 2.5 2 0 2 0 0
502.4 3297.4 -6.2 236 0 14.9 10.7 2.5 2.5 2 0 1 2 2
427.4 3186.0 -5.7 81 0 11.7 24.6 7.5 2.5 4 1 3 3 3
424.8 3128.8 -6.2 170 0 15.4 11.1 2.5 2.5 2 0 1 1 1
249.6 3209.1 -6.6 329 0 4.6 9.4 7.5 2.5 2 0 3 4 4
416.2 3108.7 -6.6 351 0 6.7 27.6 7.5 2.5 2 1 3 3 3
311.1 3196.1 -6.4 57 0 8.8 19.4 5.0 2.5 2 0 2 0 0
445.9 3028.6 -7.8 350 0 23.0 5.0 7.5 2.5 2 0 3 1 1
505.7 3319.4 -6.0 55 0 7.6 11.6 5.0 2.5 2 1 2 3 3
449.8 2945.9 -8.3 139 0 4.7 11.7 5.0 2.5 2 1 2 3 3
700.2 3351.3 -3.7 144 0 10.0 20.2 5.0 2.5 2 0 2 5 5
264.5 3204.3 -6.6 327 0 19.7 10.1 7.5 2.5 4 0 3 0 0
368.1 3083.5 -7.0 235 0 4.7 7.7 7.5 2.5 2 1 3 2 2
551.1 3055.7 -5.9 208 0 10.3 9.0 2.5 2.5 2 0 1 3 3
184.0 3033.7 -7.9 247 0 8.6 7.8 5.0 2.5 2 0 2 3 3
143.1 3109.8 -6.8 320 0 5.8 10.3 5.0 2.5 2 0 2 5 5
384.6 3215.0 -6.4 59 0 24.2 5.1 7.5 2.5 2 0 3 4 4
316.9 3245.4 -7.9 141 0 12.2 6.3 5.0 2.5 2 0 2 3 3
508.5 3197.9 -5.6 141 0 6.0 7.6 2.5 2.5 2 0 1 0 0
434.3 3074.9 -7.3 258 0 5.1 23.0 7.5 2.5 2 1 3 0 0
488.2 3189.0 -5.8 245 0 12.1 27.0 7.5 2.5 2 1 3 1 1
130.7 3074.5 -7.1 58 0 7.1 8.7 2.5 2.5 2 1 1 5 5
299.7 3221.8 -7.0 327 0 16.9 8.7 7.5 2.5 2 0 3 0 0
570.7 3255.0 -5.9 320 0 18.8 7.7 7.5 2.5 2 0 3 3 3
689.0 3343.2 -3.8 144 0 10.1 13.8 7.5 2.5 2 0 3 3 3
-62.4 3017.4 -2.3 238 0 5.8 22.5 7.5 2.5 2 1 3 1 1
628.6 3418.9 -5.1 325 0 10.0 7.1 5.0 2.5 2 0 2 3 3
679.8 3334.7 -3.9 322 0 7.3 19.3 7.5 2.5 2 0 3 2 2
555.6 3223.0 -5.7 58 0 5.2 6.9 5.0 0.0 0 0 2 0 0
551.7 3228.7 -5.8 57 0 5.3 8.9 5.0 2.5 2 0 2 2 2
641.4 3393.2 -4.9 54 0 7.1 23.4 7.5 0.0 0 0 3 2 2
693.3 3337.3 -3.6 143 0 4.6 13.8 5.0 2.5 2 0 2 4 4
573.0 3221.6 -5.8 56 0 32.4 11.0 7.5 2.5 4 0 3 3 3
258.2 3213.9 -6.7 327 0 3.2 9.9 7.5 2.5 2 0 3 1 1
286.1 2999.4 -8.3 343 0 6.4 22.1 5.0 0.0 0 1 2 5 5
393.1 3031.0 -7.6 61 0 5.6 32.3 7.5 2.5 2 1 3 5 5
476.2 3312.4 -6.3 58 0 7.3 11.2 2.5 2.5 2 0 1 3 3
280.2 3219.9 -7.5 54 0 8.0 18.9 7.5 2.5 2 1 3 0 0
528.1 3342.3 -5.7 63 0 7.6 11.2 5.0 2.5 2 0 2 2 2
659.3 3350.6 -4.2 316 0 15.4 8.6 5.0 2.5 2 0 2 3 3
311.0 3229.6 -7.4 148 0 15.1 7.4 7.5 2.5 2 0 3 0 0
177.2 3087.9 -7.2 233 0 9.1 12.1 2.5 2.5 2 1 1 4 4
681.3 3397.2 -4.1 227 0 7.9 21.0 5.0 2.5 2 0 2 1 1
198.8 3052.0 -7.7 259 0 14.7 10.7 5.0 2.5 2 0 2 3 3
537.4 3255.2 -6.0 229 0 7.7 15.5 7.5 2.5 2 1 3 1 1
288.3 3050.2 -7.5 152 0 8.3 11.4 7.5 2.5 2 1 3 5 5
459.4 2977.9 -8.1 229 0 14.5 7.7 5.0 2.5 2 0 2 1 1
283.9 3216.2 -6.8 146 0 13.9 6.4 7.5 2.5 2 0 3 2 2
549.2 3024.9 -6.8 118 0 26.4 13.1 7.5 2.5 2 0 3 4 4
439.3 2955.6 -8.2 140 0 7.8 14.5 5.0 2.5 2 1 2 0 0
276.3 3031.1 -7.9 344 0 10.4 18.3 2.5 2.5 2 1 1 4 4
539.7 3293.0 -5.8 47 0 5.9 9.1 5.0 2.5 2 1 2 3 3
629.3 3339.4 -4.4 138 0 10.7 14.8 5.0 2.5 2 1 2 0 0
454.4 3100.6 -6.6 169 0 8.6 12.0 2.5 2.5 2 1 1 2 2
569.0 3041.0 -5.8 113 0 11.2 4.6 7.5 2.5 4 0 3 3 3
4563.7 1880.4 -30.6 6 0 9.4 15.8 2.5 0.0 0 0 1 3 3
4472.4 1525.3 -33.1 6 0 6.2 8.0 7.5 2.5 4 1 3 1 1
4635.2 2230.3 -31.2 32 0 8.0 5.7 7.5 2.5 2 0 3 0 0
4483.3 1523.7 -32.5 13 0 5.8 7.6 7.5 2.5 4 1 3 1 1
4574.3 1505.7 -27.8 272 0 4.2 9.3 5.0 2.5 2 0 2 0 0
4634.1 2197.2 -31.2 23 0 11.6 9.5 2.5 2.5 2 0 1 5 5
4622.1 1495.9 -25.8 1 0 7.2 12.1 7.5 2.5 2 1 3 3 3
4575.2 1814.6 -31.2 7 0 10.7 5.8 2.5 2.5 2 0 1 2 2
4290.8 1104.3 -36.9 105 0 8.1 5.7 7.5 2.5 2 0 3 2 2
4583.8 1984.6 -29.0 12 0 12.3 4.1 5.0 2.5 2 0 2 5 5
4615.3 2203.9 -31.3 113 0 4.6 7.1 7.5 2.5 2 1 3 1 1
5059.3 2784.7 -27.9 215 0 28.1 11.8 10.0 2.5 2 0 4 0 0
4365.3 1014.4 -33.1 125 0 19.2 6.2 7.5 2.5 2 0 3 1 1
4622.9 1482.8 -25.8 2 0 6.1 9.1 7.5 0.0 0 1 3 0 0
4536.6 1864.5 -30.6 191 0 6.0 9.4 7.5 2.5 4 0 3 2 2
4293.9 1138.7 -37.2 284 0 5.3 17.1 5.0 2.5 2 1 2 3 3
4649.3 1955.4 -26.2 292 0 9.9 6.1 7.5 0.0 0 0 3 0 0
5154.1 2942.5 -32.4 35 0 10.2 16.1 5.0 2.5 2 1 2 2 2
4603.2 2121.3 -28.1 21 0 12.1 8.7 5.0 2.5 2 0 2 5 5
4320.6 1737.9 -33.7 309 0 14.7 8.3 5.0 2.5 2 0 2 3 3
5051.0 2798.9 -30.0 37 0 19.5 4.5 2.5 2.5 2 0 1 3 3
4303.9 1174.6 -37.4 121 0 9.6 4.7 5.0 2.5 4 0 2 4 4
4573.9 1496.4 -28.0 272 0 4.2 13.3 5.0 2.5 2 0 2 1 1
4298.3 1231.5 -38.5 225 0 22.7 9.5 2.5 2.5 2 0 1 5 5
4489.6 1551.4 -32.5 13 0 13.4 9.6 2.5 2.5 2 0 1 2 2
4598.3 1465.4 -27.0 91 0 9.1 6.1 7.5 2.5 2 0 3 1 1
5165.0 2962.9 -31.7 36 0 5.1 8.2 7.5 2.5 4 1 3 0 0
4593.0 1497.1 -27.2 272 0 15.0 7.9 5.0 2.5 2 0 2 0 0
4522.8 1762.7 -33.0 280 0 12.1 9.1 2.5 2.5 2 0 1 3 3
4287.8 1183.8 -38.2 110 0 5.3 10.5 5.0 2.5 2 1 2 2 2
4569.2 1849.5 -32.1 7 0 9.1 10.8 5.0 0.0 0 0 2 2 2
4628.3 2210.7 -31.4 24 0 4.0 11.2 2.5 2.5 2 1 1 1 1
4977.2 2731.3 -31.1 216 0 15.1 10.8 5.0 2.5 2 0 2 1 1
4318.6 1197.9 -37.8 75 0 5.2 16.7 7.5 2.5 2 1 3 2 2
4347.4 1035.1 -34.4 214 0 24.7 11.9 10.0 2.5 2 0 4 3 3
5310.6 3134.0 -32.2 307 0 8.4 11.1 2.5 2.5 2 1 1 3 3
4834.1 2502.2 -26.6 36 0 8.5 4.1 5.0 2.5 2 0 2 3 3
5294.8 3124.7 -33.2 313 0 9.1 5.2 7.5 2.5 2 0 3 4 4
4572.4 1882.6 -30.6 6 0 6.4 8.4 7.5 2.5 2 0 3 5 5
4558.0 1846.9 -32.4 6 0 5.1 10.1 5.0 2.5 2 0 2 1 1
4309.3 1121.4 -36.6 15 0 11.1 9.6 7.5 2.5 2 0 3 5 5
4571.7 1876.0 -30.7 6 0 8.9 8.4 5.0 2.5 2 0 2 3 3
5043.6 2823.9 -30.8 216 0 5.4 6.6 2.5 2.5 2 0 1 2 2
5031.4 2705.7 -26.7 227 0 8.2 13.3 7.5 2.5 2 1 3 5 5
4575.0 1477.6 -28.0 180 0 8.0 10.9 7.5 2.5 2 0 3 4 4
4590.2 1484.3 -27.4 271 0 3.6 13.6 7.5 2.5 2 0 3 3 3
5218.3 3065.9 -33.8 216 0 14.2 5.0 7.5 2.5 2 0 3 0 0
4564.5 1712.0 -30.6 15 0 6.9 11.9 5.0 2.5 2 1 2 4 4
4545.1 1869.7 -30.7 191 0 8.6 7.1 7.5 2.5 2 0 3 4 4
-302.6 -3929.3 -17.5 188 0 9.3 14.5 7.5 2.5 2 1 3 1 1
-37.6 -4341.8 -17.3 101 0 12.9 12.8 5.0 2.5 2 0 2 0 0
-107.0 -3979.4 -17.0 291 0 13.5 13.9 5.0 0.0 0 1 2 5 5
-276.3 -4055.0 -13.8 357 0 9.4 15.2 5.0 2.5 2 1 2 5 5
-52.3 -4069.9 -18.3 268 0 8.0 12.2 5.0 2.5 2 1 2 4 4
-169.0 -4129.2 -16.0 303 0 7.7 10.6 2.5 2.5 2 1 1 4 4
-170.1 -3972.9 -17.3 273 0 8.5 11.1 5.0 2.5 4 1 2 1 1
-7.5 -4109.4 -18.4 103 0 4.9 9.4 5.0 2.5 2 0 2 2 2
-135.4 -4259.0 -16.0 8 0 12.5 7.2 2.5 2.5 2 0 1 5 5
-201.5 -3891.5 -19.1 272 0 11.8 8.7 5.0 2.5 2 0 2 5 5
-125.0 -4431.0 -18.4 16 0 13.0 11.1 5.0 0.0 0 0 2 5 5
-276.4 -4087.2 -13.7 352 0 10.2 11.5 2.5 2.5 2 1 1 5 5
-136.7 -3669.5 -24.6 272 0 11.2 47.2 7.5 0.0 0 1 3 5 5
-65.4 -4176.1 -15.2 182 0 4.8 11.7 2.5 2.5 2 0 1 2 2
-178.8 -4321.0 -17.6 185 0 6.4 9.5 5.0 0.0 0 1 2 0 0
-165.6 -4067.2 -16.9 269 0 13.5 7.8 7.5 2.5 2 0 3 1 1
-166.0 -3852.1 -19.4 186 0 6.6 5.0 7.5 2.5 2 0 3 3 3
-74.7 -4092.4 -17.9 91 0 7.3 6.3 2.5 2.5 2 0 1 1 1
-65.0 -4166.6 -15.6 182 0 4.7 11.7 5.0 2.5 2 0 2 3 3
-220.7 -3954.3 -16.4 4 0 8.0 5.1 7.5 2.5 2 0 3 2 2
-312.2 -4074.9 -13.0 182 0 6.3 6.3 2.5 2.5 2 1 1 0 0
-159.0 -3882.3 -18.4 184 0 4.9 11.7 5.0 2.5 2 0 2 5 5
-172.5 -4348.3 -18.0 273 0 11.2 11.2 5.0 0.0 0 1 2 3 3
-63.8 -4132.2 -17.1 182 0 4.9 11.6 5.0 2.5 2 0 2 2 2
-158.3 -3872.7 -18.7 184 0 4.8 11.6 5.0 2.5 2 0 2 4 4
-158.6 -3877.5 -18.6 184 0 4.9 11.6 5.0 2.5 2 0 2 5 5
-77.6 -4239.7 -15.8 192 0 4.8 11.7 5.0 2.5 2 0 2 0 0
-274.2 -3950.5 -15.4 4 0 6.6 8.6 5.0 2.5 2 0 2 3 3
-468.7 -4481.4 -14.1 185 0 7.4 11.0 7.5 2.5 2 1 3 1 1
-171.6 -4029.3 -17.3 273 0 9.0 10.4 5.0 2.5 2 1 2 5 5
-322.4 -3861.4 -24.6 187 0 10.3 6.5 5.0 2.5 2 0 2 3 3
-195.8 -4420.7 -18.3 186 0 8.3 8.3 5.0 2.5 2 0 2 5 5
-63.6 -4127.4 -17.3 182 0 4.7 11.6 5.0 2.5 2 0 2 4 4
-193.1 -3682.6 -26.9 271 0 9.5 30.0 7.5 2.5 2 1 3 0 0
-3.1 -4349.3 -17.3 13 0 5.6 8.4 7.5 2.5 2 1 3 0 0
-136.3 -3851.5 -19.1 184 0 21.2 9.0 5.0 2.5 2 0 2 1 1
-165.7 -4229.7 -15.6 183 0 8.0 5.9 7.5 2.5 2 0 3 5 5
-471.9 -4459.8 -14.1 95 0 4.9 6.7 2.5 2.5 2 1 1 1 1
-159.6 -3892.0 -18.2 184 0 4.9 11.7 5.0 2.5 2 0 2 3 3
-76.6 -4234.8 -15.7 192 0 5.2 11.7 5.0 2.5 2 0 2 5 5
-195.8 -3731.2 -25.1 272 0 11.7 25.7 12.5 2.5 2 1 5 4 4
-147.4 -4100.0 -17.0 179 0 6.3 17.7 5.0 0.0 0 1 2 1 1
-103.0 -4325.5 -17.6 104 0 12.8 3.2 7.5 2.5 2 0 3 4 4
-474.1 -4478.5 -13.9 359 0 4.9 6.3 5.0 0.0 0 1 2 3 3
-157.5 -4035.4 -17.4 183 0 5.7 5.7 2.5 2.5 2 0 1 1 1
-64.1 -4141.9 -16.7 182 0 4.9 11.6 5.0 0.0 0 0 2 2 2
-270.1 -3947.4 -15.5 273 0 7.7 6.5 7.5 2.5 2 0 3 1 1
-159.3 -3887.2 -18.3 184 0 4.8 11.7 5.0 2.5 2 0 2 1 1
-165.4 -4221.4 -15.5 183 0 3.7 12.7 7.5 2.5 2 1 3 5 5
-191.1 -4452.5 -18.1 186 0 8.8 11.7 5.0 2.5 2 1 2 4 4
-79.6 -4249.1 -15.9 192 0 5.0 11.6 2.5 2.5 2 0 1 0 0
-63.9 -4137.1 -16.9 182 0 4.9 11.6 7.5 2.5 2 0 3 2 2
-1.1 -4012.6 -16.1 197 0 8.2 10.9 5.0 2.5 2 1 2 2 2
-222.3 -3915.4 -17.7 91 0 7.9 4.1 5.0 2.5 2 0 2 0 0
-273.7 -4187.5 -13.4 94 0 9.4 7.7 7.5 2.5 4 0 3 2 2
-213.3 -3885.5 -19.6 273 0 3.6 12.6 5.0 2.5 2 0 2 2 2
-234.3 -4087.9 -15.0 78 0 13.2 7.7 2.5 2.5 2 0 1 4 4
-78.6 -4244.4 -15.8 192 0 4.7 11.6 5.0 2.5 2 0 2 0 0
-65.2 -4171.4 -15.4 182 0 4.8 11.6 2.5 2.5 2 0 1 5 5
-198.4 -3845.8 -20.4 272 0 9.7 15.2 5.0 2.5 2 1 2 3 3
12.1 -4100.5 -18.4 283 0 9.5 6.4 7.5 2.5 2 0 3 5 5
-63.2 -4117.7 -17.7 182 0 5.1 11.6 5.0 2.5 2 0 2 3 3
-43.7 -4290.4 -16.9 283 0 8.4 11.1 2.5 2.5 2 0 1 3 3
-224.7 -4026.7 -15.9 182 0 9.1 4.9 5.0 2.5 2 0 2 3 3
-102.4 -4332.6 -17.6 11 0 6.7 5.8 5.0 2.5 2 0 2 2 2
-64.8 -4161.9 -15.8 182 0 4.8 11.6 5.0 2.5 2 0 2 2 2
-10.9 -4027.5 -16.5 103 0 7.0 11.3 5.0 2.5 4 1 2 4 4
-114.9 -4417.5 -18.5 15 0 3.5 9.5 5.0 2.5 2 1 2 3 3
-154.3 -3899.9 -18.1 94 0 11.7 5.1 5.0 2.5 2 0 2 4 4
-81.6 -4258.6 -16.0 192 0 5.1 11.6 5.0 2.5 2 0 2 2 2
-151.9 -3943.5 -17.4 3 0 18.5 12.6 5.0 2.5 2 0 2 0 0
-313.1 -4066.6 -13.0 182 0 5.8 7.9 5.0 2.5 2 1 2 1 1
-348.2 -4410.6 -16.3 94 0 8.2 8.1 5.0 2.5 2 0 2 3 3
-238.8 -4020.5 -15.2 357 0 8.7 7.3 5.0 0.0 0 0 2 3 3
-358.3 -4431.7 -15.9 274 0 5.0 15.2 7.5 2.5 2 1 3 2 2
-65.5 -4181.0 -15.0 182 0 5.1 11.7 5.0 2.5 2 0 2 1 1
-64.6 -4156.9 -16.0 182 0 5.2 11.6 5.0 2.5 2 0 2 4 4
-410.7 -4254.1 -14.5 185 0 8.1 34.6 7.5 2.5 2 1 3 4 4
-127.8 -4241.9 -15.7 95 0 4.4 7.3 2.5 2.5 4 1 1 1 1
-80.6 -4253.8 -16.0 192 0 4.8 11.6 7.5 2.5 2 0 3 4 4
-63.4 -4122.6 -17.5 182 0 4.8 11.6 5.0 2.5 2 0 2 3 3
-271.6 -3864.5 -22.5 276 0 10.4 11.0 7.5 2.5 2 1 3 3 3
-169.8 -4002.1 -17.2 90 0 11.5 10.0 5.0 2.5 2 0 2 2 2
-157.5 -4083.0 -16.8 270 0 5.3 11.0 5.0 2.5 2 1 2 5 5
-176.4 -4225.1 -15.6 273 0 11.1 12.4 5.0 2.5 2 1 2 5 5
-211.2 -3881.4 -20.0 3 0 8.4 6.5 7.5 2.5 2 0 3 5 5
-285.5 -4010.7 -13.7 353 0 12.1 12.2 5.0 2.5 2 1 2 3 3
-300.7 -4096.4 -13.2 83 0 8.8 12.9 2.5 2.5 2 1 1 5 5
9.2 -4039.8 -16.9 194 0 6.5 23.8 5.0 2.5 2 0 2 2 2
-216.3 -3845.5 -21.4 1 0 15.0 6.7 7.5 2.5 4 0 3 5 5
-59.4 -4050.0 -17.8 182 0 10.6 14.5 5.0 2.5 2 1 2 4 4
-337.0 -3614.7 -29.3 271 0 6.3 6.4 7.5 2.5 4 1 3 0 0
-5.2 -4034.4 -16.9 195 0 4.5 15.3 7.5 0.0 0 0 3 0 0
-224.3 -4017.4 -16.1 92 0 9.8 15.7 5.0 2.5 2 1 2 0 0
-185.9 -4408.9 -18.4 181 0 6.2 17.5 2.5 2.5 2 0 1 0 0
-85.1 -4334.3 -17.5 102 0 8.3 7.7 2.5 2.5 4 0 1 5 5
-207.1 -4070.6 -15.9 4 0 6.7 10.9 5.0 2.5 2 1 2 0 0
-5.2 -4212.0 -15.5 13 0 8.6 8.4 5.0 2.5 2 0 2 4 4
-158.8 -4109.0 -16.7 91 0 9.1 11.1 5.0 2.5 2 1 2 3 3
-255.3 -3902.2 -19.7 7 0 6.8 12.6 7.5 2.5 2 1 3 0 0
-17.5 -4302.3 -17.1 283 0 13.7 8.8 7.5 2.5 4 0 3 3 3
-121.0 -4247.2 -15.8 96 0 9.7 4.5 7.5 2.5 2 0 3 5 5
-175.4 -4182.5 -15.3 92 0 8.4 8.4 7.5 2.5 4 0 3 4 4
-199.3 -3964.3 -17.0 3 0 10.7 12.8 5.0 2.5 4 1 2 4 4
-282.9 -3899.1 -20.0 7 0 6.7 12.4 7.5 2.5 4 1 3 0 0
-79.4 -4317.9 -17.5 307 0 7.6 10.2 5.0 2.5 2 0 2 5 5
-306.0 -3417.7 -36.2 186 0 9.9 8.5 7.5 2.5 2 0 3 3 3
-397.3 -3552.9 -33.9 256 0 12.1 10.8 7.5 2.5 2 0 3 4 4
-433.0 -3525.7 -39.1 175 0 9.6 16.4 7.5 2.5 4 1 3 4 4
-280.1 -3544.6 -32.8 360 0 12.9 9.1 5.0 2.5 2 0 2 0 0
-203.0 -3817.5 -22.0 1 0 7.3 12.3 5.0 0.0 0 1 2 5 5
-179.2 -3591.2 -28.6 270 0 7.2 4.9 2.5 2.5 2 0 1 2 2
-260.2 -3413.9 -34.8 275 0 6.3 10.8 7.5 2.5 2 0 3 3 3
-255.4 -3414.3 -34.5 275 0 3.3 10.8 2.5 2.5 2 0 1 1 1
-188.5 -3566.7 -29.9 1 0 14.0 8.0 5.0 2.5 2 0 2 1 1
-222.4 -3651.8 -30.4 182 0 5.3 5.4 5.0 2.5 2 1 2 3 3
-405.9 -3485.7 -39.0 269 0 5.8 7.5 2.5 2.5 2 1 1 4 4
-356.2 -3608.9 -28.8 179 0 6.4 6.3 5.0 0.0 0 0 2 3 3
-223.6 -3765.2 -25.1 2 0 4.6 8.1 5.0 0.0 0 1 2 0 0
-210.4 -3567.1 -30.5 0 0 21.4 9.5 5.0 2.5 2 0 2 1 1
-380.6 -3387.2 -36.8 226 0 12.5 28.3 12.5 2.5 2 1 5 3 3
-288.2 -3379.8 -35.7 10 0 6.2 6.0 5.0 2.5 2 0 2 0 0
-276.1 -3412.6 -35.2 275 0 5.9 10.8 5.0 2.5 2 0 2 2 2
-287.2 -3374.2 -35.8 9 0 5.5 6.0 5.0 2.5 2 0 2 3 3
-268.3 -3413.2 -35.1 275 0 9.8 10.8 5.0 2.5 2 0 2 3 3
-339.6 -3485.4 -36.3 270 0 16.6 8.0 5.0 2.5 2 0 2 5 5
-352.8 -3544.4 -33.5 178 0 8.3 8.9 7.5 2.5 2 1 3 5 5
-274.7 -3372.9 -36.1 159 0 8.7 10.1 5.0 2.5 2 1 2 5 5
-232.0 -3563.0 -30.8 89 0 12.0 6.6 2.5 2.5 4 0 1 3 3
-259.1 -3521.9 -32.2 180 0 14.0 10.2 2.5 2.5 4 0 1 0 0
-325.8 -3363.8 -35.7 320 0 9.5 12.5 7.5 2.5 4 1 3 2 2
-253.0 -3391.2 -35.5 340 0 7.9 7.3 5.0 2.5 2 0 2 1 1
-196.4 -3839.0 -20.9 91 0 6.5 13.7 5.0 2.5 2 1 2 4 4
-238.3 -3393.2 -34.8 181 0 7.8 8.9 5.0 2.5 2 1 2 2 2
-279.5 -3514.5 -33.3 0 0 8.5 11.4 5.0 2.5 4 1 2 2 2
-243.9 -3404.6 -34.5 184 0 8.5 10.1 7.5 0.0 0 1 3 5 5
-201.1 -3527.7 -31.2 1 0 6.3 20.7 5.0 2.5 2 0 2 2 2
-197.3 -3666.8 -29.1 2 0 6.1 18.0 7.5 2.5 2 1 3 2 2
-354.6 -3523.5 -35.7 182 0 15.3 9.3 7.5 2.5 2 0 3 3 3
-209.0 -3644.5 -30.4 91 0 21.3 8.8 7.5 2.5 2 0 3 5 5
-59.5 -3536.5 -27.6 189 0 12.9 10.4 5.0 2.5 2 0 2 1 1
-113.6 -3494.5 -29.5 359 0 8.1 13.1 7.5 0.0 0 1 3 0 0
14.4 -3861.0 -16.1 177 0 10.8 8.5 5.0 2.5 4 0 2 3 3
-19.0 -3816.4 -17.8 1 0 8.2 6.5 5.0 2.5 2 0 2 0 0
-28.9 -3704.9 -20.0 183 0 6.0 16.6 2.5 2.5 2 1 1 0 0
-41.0 -3729.1 -19.9 2 0 10.2 8.6 7.5 2.5 2 0 3 0 0
-78.2 -3517.3 -28.3 86 0 9.1 5.2 5.0 2.5 2 0 2 1 1
44.5 -3796.6 -17.0 292 0 13.0 32.2 7.5 2.5 2 1 3 2 2
-13.4 -3776.0 -18.4 182 0 10.1 8.6 5.0 2.5 2 0 2 4 4
26.0 -3714.8 -19.6 40 0 12.9 32.1 12.5 0.0 0 1 5 5 5
17.3 -3753.4 -18.3 291 0 9.2 5.8 7.5 2.5 2 0 3 4 4
-32.1 -3795.5 -18.3 271 0 13.7 8.6 2.5 2.5 2 0 1 2 2
-49.5 -3681.4 -21.5 182 0 8.4 9.8 7.5 2.5 2 1 3 2 2
-106.1 -3506.2 -29.1 357 0 4.2 8.3 2.5 2.5 2 0 1 1 1
-0.6 -3761.8 -18.4 176 0 6.8 5.6 7.5 0.0 0 0 3 4 4
25.3 -3726.8 -18.5 219 0 32.2 12.9 7.5 2.5 2 0 3 3 3
-110.5 -3585.0 -27.2 41 0 6.4 6.9 7.5 2.5 2 1 3 1 1
-65.9 -3519.9 -28.0 87 0 4.3 8.1 7.5 2.5 2 1 3 4 4
55.0 -3787.5 -17.9 21 0 9.5 43.7 7.5 2.5 2 1 3 3 3
-8.7 -3760.7 -18.6 272 0 8.6 10.4 5.0 2.5 2 0 2 1 1
-19.3 -3670.4 -21.3 129 0 8.3 9.8 7.5 2.5 2 1 3 4 4
-64.4 -3747.5 -19.8 182 0 12.9 5.4 7.5 2.5 2 0 3 5 5
-17.0 -3848.5 -17.2 58 0 6.7 10.6 5.0 2.5 2 1 2 3 3
-34.8 -3817.1 -18.0 94 0 9.5 4.6 2.5 0.0 0 0 1 0 0
-40.7 -3718.8 -20.2 2 0 10.4 8.6 2.5 2.5 2 0 1 4 4
-15.3 -3800.2 -18.1 2 0 8.6 10.0 5.0 2.5 2 0 2 3 3
-71.0 -3616.1 -25.5 39 0 5.3 20.4 2.5 2.5 2 1 1 1 1
-42.1 -3766.5 -19.2 2 0 7.0 8.6 5.0 2.5 2 0 2 5 5
-155.9 -3564.4 -29.3 90 0 7.8 14.7 5.0 2.5 2 1 2 3 3
-51.2 -3779.9 -18.9 182 0 5.2 8.8 5.0 2.5 2 0 2 5 5
71.6 -3771.6 -17.0 110 0 9.1 3.5 5.0 2.5 4 0 2 1 1
23.1 -3784.1 -17.6 287 0 6.3 16.0 5.0 2.5 2 0 2 3 3
19.5 -3806.7 -17.4 23 0 4.6 6.9 2.5 2.5 2 0 1 2 2
56.2 -3757.6 -17.7 78 0 8.9 10.0 2.5 2.5 2 1 1 4 4
-82.7 -3538.0 -28.0 187 0 7.4 13.0 5.0 2.5 2 1 2 1 1
-102.6 -3523.9 -29.0 10 0 10.6 14.1 7.5 2.5 2 0 3 3 3
55.9 -3724.3 -17.8 219 0 9.1 20.5 2.5 2.5 2 1 1 1 1
-131.1 -3530.3 -29.1 186 0 10.6 27.2 7.5 2.5 2 0 3 0 0
12.2 -3907.0 -16.5 24 0 11.1 12.9 5.0 2.5 2 1 2 5 5
-2.9 -3941.8 -16.1 23 0 8.5 11.0 7.5 2.5 2 1 3 1 1
-138.7 -4539.1 -17.8 196 0 7.6 14.4 5.0 2.5 2 1 2 4 4
36.7 -3961.4 -16.1 113 0 7.3 6.3 7.5 2.5 2 0 3 0 0
-162.6 -4546.3 -17.7 286 0 8.0 4.0 5.0 2.5 2 0 2 5 5
41.8 -3949.7 -15.9 294 0 7.4 6.5 7.5 2.5 2 0 3 4 4
-65.9 -4003.1 -16.5 61 0 8.6 4.5 7.5 2.5 2 0 3 3 3
-58.2 -4005.3 -16.5 229 0 9.3 12.3 2.5 2.5 4 1 1 5 5
-172.6 -4536.7 -17.9 288 0 4.1 11.4 7.5 2.5 4 1 3 2 2
-71.2 -4422.7 -18.5 101 0 7.9 15.3 5.0 2.5 2 1 2 4 4
-115.1 -4502.2 -18.1 16 0 4.5 11.5 5.0 2.5 2 1 2 1 1
21.5 -3956.1 -16.1 114 0 8.5 7.5 5.0 2.5 2 0 2 2 2
-47.9 -3649.0 -23.2 129 0 22.4 11.1 7.5 2.5 2 0 3 1 1
-13.4 -3965.8 -16.5 24 0 8.7 12.7 5.0 2.5 2 1 2 0 0
-120.0 -4447.8 -18.2 12 0 5.5 6.4 7.5 2.5 2 1 3 0 0
-155.3 -4420.9 -18.4 191 0 5.3 4.8 2.5 2.5 4 0 1 0 0
-354.9 -4546.1 -17.4 269 0 5.1 8.0 5.0 2.5 4 1 2 3 3
-223.1 -4912.5 -16.6 288 0 6.0 4.6 5.0 2.5 2 0 2 0 0
-168.4 -4958.9 -17.7 17 0 4.3 11.9 5.0 0.0 0 1 2 5 5
-128.2 -4589.0 -17.6 279 0 11.1 7.4 7.5 2.5 2 0 3 4 4
-74.4 -4498.2 -18.1 15 0 5.9 6.8 7.5 2.5 2 1 3 1 1
-158.2 -4426.1 -18.3 191 0 6.1 6.6 7.5 2.5 2 0 3 0 0
-231.5 -4943.2 -16.4 107 0 4.2 12.6 2.5 2.5 2 1 1 4 4
-236.6 -4951.8 -16.5 101 0 6.0 6.5 2.5 2.5 2 1 1 5 5
159.9 -4600.3 -17.1 335 0 3.2 4.8 5.0 0.0 0 1 2 4 4
167.6 -4607.3 -17.1 335 0 3.2 4.8 5.0 2.5 2 1 2 0 0
160.0 -4607.2 -17.2 336 0 3.2 4.8 7.5 2.5 2 1 3 4 4
152.4 -4600.4 -17.1 336 0 3.2 4.8 7.5 0.0 0 1 3 3 3
167.6 -4600.4 -17.0 336 0 3.2 4.8 7.5 2.5 2 1 3 0 0
175.2 -4600.8 -17.0 335 0 3.2 4.8 5.0 2.5 2 1 2 5 5
174.6 -4607.6 -17.1 336 0 3.2 4.8 5.0 2.5 2 1 2 5 5
174.6 -4613.7 -17.2 336 0 3.2 4.8 7.5 0.0 0 1 3 1 1
152.3 -4593.7 -17.0 336 0 3.2 4.8 2.5 2.5 2 1 1 3 3
168.0 -4593.6 -16.8 335 0 3.2 4.8 2.5 2.5 4 1 1 5 5
159.9 -4593.8 -16.9 336 0 3.2 4.8 7.5 2.5 2 1 3 5 5
175.2 -4593.9 -16.8 335 0 3.2 4.8 2.5 0.0 0 1 1 2 2
167.7 -4613.7 -17.3 336 0 3.2 4.8 5.0 2.5 2 1 2 1 1
100.3 -4523.9 -17.2 1 0 7.7 6.6 7.5 2.5 2 0 3 1 1
144.4 -4551.0 -16.8 360 0 8.7 7.0 2.5 2.5 2 0 1 5 5
192.4 -4485.6 -14.7 271 0 12.6 6.0 2.5 0.0 0 0 1 1 1
160.9 -3542.6 -23.3 104 0 27.2 11.6 10.0 2.5 2 0 4 2 2
145.3 -4328.4 -16.1 185 0 26.0 100.3 7.5 0.0 0 1 3 1 1
58.1 -3490.5 -27.5 92 0 7.2 7.3 5.0 0.0 0 1 2 4 4
343.5 -4031.1 -10.7 6 0 36.4 14.5 12.5 2.5 2 0 5 1 1
-178.0 -3493.8 -30.9 359 0 11.9 7.6 5.0 2.5 2 0 2 5 5
366.7 -4006.4 -10.4 187 0 13.1 36.9 7.5 2.5 2 1 3 3 3
-371.3 -3797.2 -28.3 258 0 7.1 26.4 5.0 2.5 2 1 2 2 2
29.7 -3602.8 -23.2 359 0 5.5 12.0 2.5 2.5 2 1 1 5 5
-16.1 -3523.3 -27.0 91 0 4.5 13.0 7.5 2.5 4 0 3 0 0
-394.1 -5117.0 -17.9 277 0 6.5 8.1 7.5 2.5 2 1 3 2 2
-202.0 -3458.1 -32.2 88 0 4.2 8.2 5.0 0.0 0 1 2 0 0
377.2 -4055.9 -10.3 187 0 19.3 5.8 7.5 2.5 2 0 3 1 1
-138.8 -3450.8 -31.3 88 0 19.6 10.1 10.0 2.5 2 0 4 5 5
-150.1 -3510.0 -29.8 178 0 10.5 12.6 10.0 2.5 2 1 4 0 0
-191.7 -3490.6 -31.3 1 0 4.4 9.6 7.5 2.5 2 1 3 5 5
311.3 -3424.6 -34.4 89 0 5.3 8.2 2.5 0.0 0 1 1 4 4
339.2 -4073.7 -10.6 4 0 36.6 14.0 10.0 2.5 2 0 4 0 0
-136.5 -3051.2 -40.1 155 0 13.7 24.0 14.0 3.5 2 1 4 0 0
-377.6 -5099.5 -17.9 16 0 9.4 28.4 7.5 2.5 2 0 3 3 3
400.6 -4076.7 -10.1 88 0 15.1 5.9 7.5 2.5 2 0 3 4 4
-20.6 -3585.2 -25.0 359 0 5.0 7.2 2.5 0.0 0 1 1 0 0
-276.3 -3489.1 -33.9 0 0 9.3 16.8 5.0 0.0 0 1 2 0 0
93.0 -3565.6 -23.1 270 0 6.7 10.1 5.0 2.5 2 0 2 1 1
104.3 -3569.6 -23.0 359 0 10.1 8.0 5.0 2.5 2 0 2 2 2
63.2 -3569.5 -23.9 1 0 10.0 6.7 5.0 2.5 2 0 2 2 2
-415.5 -5089.2 -16.9 196 0 15.5 10.9 5.0 2.5 2 0 2 1 1
-214.6 -3405.3 -33.3 179 0 10.9 15.8 7.5 0.0 0 0 3 0 0
-185.2 -3464.4 -31.7 88 0 9.0 14.7 5.0 2.5 2 1 2 0 0
-191.3 -3426.3 -32.1 189 0 10.7 10.7 7.5 2.5 2 0 3 3 3
-36.2 -3536.7 -27.4 180 0 29.3 10.7 7.5 0.0 0 0 3 2 2
-8.0 -3535.9 -26.6 179 0 13.8 11.6 2.5 2.5 2 0 1 1 1
33.8 -3522.4 -25.9 181 0 23.5 9.4 7.5 2.5 2 0 3 3 3
-19.9 -3577.8 -25.8 36 0 9.3 14.6 5.0 2.5 2 1 2 0 0
49.6 -3569.5 -24.0 180 0 8.0 6.8 5.0 2.5 4 0 2 3 3
72.2 -3597.8 -22.3 281 0 6.4 10.6 5.0 2.5 2 1 2 0 0
-186.0 -3394.0 -32.6 268 0 9.3 18.6 5.0 2.5 4 0 2 3 3
-37.0 -3434.4 -32.9 270 0 9.2 8.5 5.0 2.5 2 0 2 0 0
-62.4 -3412.8 -32.1 88 0 6.7 18.2 2.5 2.5 2 1 1 3 3
-83.6 -3446.8 -32.1 180 0 15.5 7.5 7.5 2.5 2 0 3 5 5
-73.3 -3477.6 -30.3 18 0 11.0 10.5 7.5 2.5 2 0 3 0 0
-189.8 -3301.0 -37.5 87 0 9.9 14.8 5.0 2.5 4 1 2 1 1
-126.2 -3351.8 -33.9 268 0 13.4 7.3 5.0 2.5 2 0 2 5 5
-124.3 -3427.1 -31.3 87 0 9.7 3.6 5.0 2.5 2 0 2 3 3
-77.8 -3322.9 -35.7 95 0 7.9 8.6 2.5 2.5 2 0 1 3 3
-189.4 -3356.3 -35.1 89 0 9.5 8.0 5.0 2.5 2 0 2 2 2
-140.4 -3415.0 -31.8 87 0 19.3 10.4 12.5 2.5 4 0 5 5 5
-123.6 -3391.3 -32.1 357 0 7.4 7.3 5.0 2.5 2 0 2 3 3
-143.4 -3343.9 -34.9 87 0 20.3 11.3 15.0 0.0 0 0 6 1 1
-141.8 -3379.6 -33.1 88 0 20.0 11.0 10.0 2.5 2 0 4 1 1
-189.6 -3308.4 -36.6 268 0 10.0 14.8 5.0 2.5 2 1 2 2 2
-156.6 -3271.1 -38.6 178 0 8.4 10.2 5.0 2.5 2 1 2 0 0
-106.1 -3309.1 -36.4 275 0 51.3 11.1 15.0 0.0 0 0 6 1 1
-62.0 -3434.3 -32.5 269 0 8.4 6.9 5.0 2.5 2 0 2 5 5
-120.4 -3298.4 -37.3 95 0 9.1 5.1 7.5 0.0 0 0 3 4 4
-117.3 -3432.5 -31.4 88 0 4.0 11.4 5.0 0.0 0 0 2 5 5
-166.2 -3040.4 -39.2 21 0 9.7 9.3 10.5 3.5 2 0 3 4 4
-213.7 -3396.1 -33.9 143 0 8.9 16.3 7.5 2.5 2 1 3 0 0
-191.4 -3336.9 -35.6 187 0 6.7 10.0 5.0 2.5 2 1 2 0 0
-198.4 -3337.7 -35.9 356 0 9.2 3.5 7.5 2.5 2 0 3 2 2
-86.0 -3402.7 -31.7 178 0 9.6 11.1 5.0 2.5 2 1 2 2 2
-14.0 -3492.3 -27.4 0 0 6.8 10.3 5.0 2.5 2 1 2 3 3
23.4 -3374.4 -33.4 208 0 6.7 12.5 5.0 2.5 2 0 2 4 4
-2.9 -3358.6 -32.5 270 0 7.3 10.0 5.0 2.5 2 1 2 4 4
-182.0 -3207.3 -39.4 359 0 6.3 8.8 7.5 2.5 2 1 3 4 4
-102.1 -3006.0 -37.9 160 0 6.8 22.0 10.5 0.0 0 1 3 0 0
-54.8 -3000.2 -37.8 260 0 14.3 5.6 10.5 3.5 2 0 3 1 1
-62.8 -2991.8 -37.1 166 0 8.0 12.6 10.5 3.5 2 1 3 4 4
-193.1 -3220.2 -39.0 360 0 4.8 10.6 7.5 2.5 2 1 3 5 5
0.9 -3408.6 -33.2 45 0 5.4 5.9 5.0 2.5 2 1 2 2 2
-46.8 -3504.9 -27.8 88 0 8.0 5.9 5.0 2.5 2 0 2 0 0
-218.0 -3271.5 -38.0 40 0 10.0 9.6 7.5 2.5 2 0 3 1 1
-204.0 -3007.1 -38.0 306 0 19.8 7.2 10.5 0.0 0 0 3 4 4
-231.5 -3280.1 -37.9 130 0 9.7 8.5 2.5 0.0 0 0 1 0 0
5.0 -3458.0 -30.6 358 0 3.9 8.8 5.0 2.5 2 1 2 4 4
-83.5 -2985.1 -36.6 67 0 11.0 7.2 10.5 3.5 2 0 3 0 0
-79.0 -3014.6 -38.6 166 0 7.1 17.0 10.5 3.5 2 1 3 4 4
-190.1 -3174.2 -40.3 98 0 6.0 6.0 7.5 2.5 2 1 3 4 4
5.5 -3453.9 -31.5 44 0 4.0 6.8 5.0 2.5 2 1 2 1 1
-171.4 -3052.1 -39.3 27 0 5.6 7.1 10.5 3.5 2 1 3 1 1
-163.5 -3012.3 -38.7 294 1 16.2 10.2 14.0 3.5 2 0 4 2 2
-181.9 -3228.0 -39.1 1 0 15.2 7.5 5.0 0.0 0 0 2 0 0
32.6 -3380.8 -33.5 180 0 6.2 4.9 5.0 2.5 2 0 2 1 1
-67.0 -2978.9 -36.3 70 0 15.6 6.5 10.5 3.5 2 0 3 0 0
-112.8 -2994.9 -37.1 163 0 6.3 6.6 10.5 3.5 2 0 3 2 2
-21.3 -3413.0 -32.9 89 0 5.6 10.5 5.0 2.5 2 1 2 1 1
-162.4 -3030.4 -39.0 20 0 11.6 8.8 10.5 3.5 2 0 3 1 1
-23.6 -2941.3 -34.6 78 0 10.1 7.7 10.5 3.5 2 0 3 0 0
-51.9 -2904.4 -33.5 205 0 9.9 12.0 10.5 3.5 2 0 3 5 5
-63.7 -2903.6 -33.2 253 0 6.3 13.6 10.5 0.0 0 0 3 5 5
-62.8 -2954.0 -35.0 115 0 9.0 4.8 10.5 3.5 2 0 3 1 1
-81.7 -2951.5 -35.4 296 0 12.7 9.8 10.5 3.5 2 0 3 2 2
-85.2 -2868.7 -32.0 116 0 15.1 9.4 10.5 3.5 2 0 3 2 2
-113.6 -2952.1 -35.0 358 0 5.3 8.7 10.5 3.5 2 1 3 3 3
-32.4 -2908.3 -34.1 296 0 14.7 9.6 10.5 0.0 0 0 3 1 1
-102.9 -2887.7 -32.3 204 0 11.3 10.7 10.5 3.5 2 0 3 0 0
-109.4 -2902.1 -33.1 205 0 20.2 10.6 10.5 3.5 2 0 3 2 2
-89.9 -2925.6 -33.8 116 0 14.1 3.2 10.5 3.5 2 0 3 5 5
-27.3 -2947.6 -34.9 167 0 10.7 10.1 10.5 3.5 2 0 3 4 4
-24.4 -2959.5 -35.4 166 0 9.9 10.1 10.5 3.5 2 0 3 5 5
-110.4 -2942.4 -34.6 25 0 8.2 13.5 10.5 3.5 2 0 3 2 2
-104.6 -2917.3 -33.5 205 0 3.9 9.7 10.5 3.5 4 0 3 3 3
-94.6 -2945.3 -35.1 295 1 16.0 10.5 14.0 3.5 2 0 4 5 5
-59.2 -2875.7 -32.7 25 1 10.1 18.7 14.0 3.5 4 1 4 3 3
-67.4 -2914.3 -33.2 26 0 5.7 28.7 10.5 3.5 2 0 3 3 3
-31.0 -2925.8 -34.0 16 0 6.6 6.7 10.5 3.5 2 0 3 4 4
-115.6 -2928.6 -33.8 115 0 10.7 16.7 10.5 3.5 2 0 3 3 3
-72.9 -2955.9 -35.6 297 0 6.8 14.1 10.5 3.5 2 0 3 1 1
-138.9 -2929.9 -34.4 197 0 9.9 17.9 10.5 3.5 2 0 3 2 2
-72.5 -2917.8 -33.9 296 0 6.9 14.6 10.5 3.5 2 0 3 1 1
-63.5 -2897.0 -32.6 25 0 6.9 39.7 10.5 3.5 2 0 3 1 1
-26.1 -2920.9 -34.4 257 0 6.4 12.7 10.5 3.5 2 0 3 5 5
-207.2 -2869.6 -31.7 306 0 5.8 5.8 10.5 3.5 2 1 3 5 5
-214.8 -2852.5 -30.8 298 0 10.6 3.5 10.5 3.5 2 0 3 2 2
-231.4 -2966.3 -35.5 318 0 5.1 7.6 10.5 3.5 2 1 3 3 3
-103.5 -2837.6 -30.9 121 0 9.1 7.0 10.5 3.5 2 0 3 0 0
-227.6 -2988.4 -37.0 311 0 4.4 13.6 10.5 0.0 0 1 3 4 4
-117.1 -2853.9 -30.6 116 0 4.8 8.8 10.5 3.5 2 1 3 4 4
-118.6 -2815.4 -29.9 126 0 10.8 7.6 10.5 0.0 0 0 3 2 2
-167.1 -2755.0 -27.8 203 0 8.9 9.5 10.5 3.5 2 0 3 1 1
-228.9 -2971.9 -36.1 216 0 8.0 13.3 10.5 3.5 2 1 3 1 1
-64.7 -2831.0 -31.7 301 0 12.2 8.3 10.5 3.5 2 0 3 5 5
-181.1 -2848.8 -30.4 31 0 9.9 11.6 10.5 3.5 2 0 3 3 3
-167.9 -2825.2 -29.3 120 0 16.2 11.6 14.0 0.0 0 0 4 3 3
-243.2 -2876.7 -32.2 197 0 11.8 7.8 10.5 3.5 2 0 3 3 3
-174.2 -2835.9 -29.8 347 0 8.8 14.0 10.5 3.5 2 0 3 3 3
-209.3 -2883.9 -32.0 121 0 12.7 7.5 10.5 3.5 2 0 3 4 4
-218.3 -2888.1 -32.7 313 0 6.7 20.9 10.5 0.0 0 1 3 5 5
-112.4 -2819.9 -30.3 126 0 4.8 7.7 10.5 3.5 2 0 3 2 2
-213.8 -2935.2 -33.8 120 0 11.9 9.0 10.5 3.5 4 0 3 2 2
-206.1 -2839.2 -29.9 123 0 7.6 6.9 10.5 3.5 2 0 3 4 4
-171.1 -2764.6 -28.0 203 0 11.9 9.6 10.5 3.5 2 0 3 0 0
-221.1 -2910.5 -32.9 212 0 5.0 9.9 10.5 3.5 2 1 3 4 4
-176.6 -2777.5 -28.3 203 0 16.2 8.7 10.5 3.5 2 0 3 3 3
-86.0 -2857.8 -31.5 116 0 3.5 21.1 10.5 3.5 4 0 3 3 3
-191.1 -2824.9 -29.6 301 1 19.0 10.0 14.0 3.5 2 0 4 1 1
281.6 -2903.2 -38.5 85 0 6.9 19.3 10.5 0.0 0 1 3 4 4
263.0 -2901.8 -37.9 87 1 16.0 10.5 14.0 3.5 2 0 4 2 2
105.4 -2899.6 -37.7 77 0 11.5 9.3 10.5 3.5 2 0 3 2 2
117.3 -3148.8 -44.7 289 0 9.7 24.7 7.5 2.5 2 1 3 5 5
258.3 -2840.2 -36.9 258 0 5.6 12.0 10.5 3.5 2 1 3 0 0
139.5 -2911.7 -38.3 268 0 6.3 12.4 10.5 3.5 4 1 3 3 3
226.8 -2909.7 -37.8 94 0 5.2 9.0 10.5 3.5 2 1 3 1 1
41.4 -2935.7 -37.3 217 0 18.8 9.6 10.5 3.5 4 0 3 0 0
27.0 -2949.6 -37.0 237 1 19.7 10.7 14.0 3.5 2 0 4 4 4
799.7 -2828.6 -29.0 74 0 8.9 8.6 7.5 2.5 2 0 3 2 2
150.0 -2897.8 -37.4 96 0 13.6 7.3 10.5 3.5 2 0 3 4 4
66.5 -2912.5 -37.6 103 0 3.8 12.9 10.5 3.5 2 1 3 3 3
102.0 -3175.5 -44.7 199 0 8.9 12.2 2.5 0.0 0 0 1 2 2
36.4 -2986.9 -37.7 117 0 6.3 5.4 10.5 3.5 2 0 3 4 4
279.2 -2868.5 -37.9 353 0 9.5 4.4 10.5 3.5 2 0 3 5 5
70.1 -2947.3 -37.8 12 0 16.9 7.8 10.5 3.5 2 0 3 4 4
76.1 -3360.8 -35.7 211 0 9.1 30.3 2.5 2.5 2 1 1 2 2
239.0 -2903.5 -37.7 83 0 10.3 8.6 10.5 3.5 2 0 3 3 3
97.0 -2938.6 -38.5 87 0 12.0 5.5 10.5 3.5 2 0 3 0 0
43.2 -2953.5 -37.4 202 0 8.2 9.3 10.5 3.5 4 1 3 0 0
225.9 -2897.6 -37.1 83 0 7.5 4.8 10.5 3.5 2 0 3 1 1
12.3 -2984.2 -37.5 158 0 10.5 4.9 10.5 3.5 2 0 3 2 2
176.5 -2929.9 -38.5 267 0 8.9 7.2 10.5 3.5 2 0 3 3 3
86.1 -2877.9 -37.1 223 0 5.0 8.8 10.5 3.5 2 1 3 1 1
132.2 -2893.2 -37.4 78 0 12.0 9.5 10.5 3.5 2 0 3 2 2
224.0 -2954.0 -38.7 95 0 7.5 12.5 10.5 3.5 2 1 3 1 1
148.1 -2878.1 -36.1 79 0 7.6 6.1 10.5 3.5 2 0 3 0 0
-44.4 -2794.5 -31.0 175 0 7.8 8.3 10.5 3.5 2 0 3 1 1
93.7 -2918.1 -38.5 259 0 13.8 9.8 10.5 3.5 2 0 3 5 5
99.2 -3184.0 -44.7 198 0 8.7 12.2 5.0 2.5 2 0 2 2 2
145.0 -2822.9 -32.5 252 0 7.0 5.4 10.5 3.5 2 0 3 2 2
193.4 -2902.8 -37.3 98 0 7.0 8.0 10.5 3.5 2 0 3 1 1
11.3 -2959.8 -36.5 236 1 17.7 12.7 14.0 3.5 2 0 4 2 2
39.7 -2915.9 -36.9 86 0 15.2 9.4 10.5 3.5 2 0 3 0 0
112.9 -2913.0 -38.5 262 1 15.0 12.0 14.0 3.5 2 0 4 0 0
118.1 -2889.2 -37.2 70 0 5.1 12.9 10.5 0.0 0 1 3 2 2
42.6 -2984.0 -37.6 117 0 8.5 8.7 10.5 3.5 2 0 3 5 5
299.0 -2902.7 -38.9 77 0 7.4 18.2 10.5 3.5 2 1 3 0 0
235.6 -2889.6 -36.8 92 0 9.8 6.7 10.5 3.5 2 0 3 5 5
77.4 -3191.5 -44.2 198 0 16.1 8.2 5.0 2.5 2 0 2 2 2
183.7 -2901.1 -37.2 100 0 12.8 9.8 10.5 3.5 2 0 3 1 1
186.0 -2877.6 -36.1 350 0 5.3 15.4 10.5 3.5 2 1 3 3 3
302.0 -2878.1 -39.1 346 0 6.9 12.2 10.5 3.5 2 1 3 4 4
232.2 -2867.9 -35.9 263 0 6.0 9.5 10.5 3.5 2 1 3 2 2
97.3 -3215.2 -44.6 20 0 12.5 19.6 7.0 2.5 2 1 2 1 1
625.8 -2967.9 -16.4 325 0 6.2 5.1 7.5 2.5 2 0 3 4 4
518.9 -2968.5 -26.3 205 0 6.5 21.9 7.5 2.5 2 1 3 0 0
642.5 -2855.9 -30.0 265 0 12.7 11.9 7.5 2.5 2 0 3 3 3
949.2 -3199.8 -24.0 309 0 7.5 9.8 5.0 2.5 2 1 2 2 2
456.1 -2955.0 -34.2 22 0 12.5 15.7 7.5 2.5 2 1 3 4 4
792.6 -2808.9 -30.8 255 0 12.4 12.3 7.5 2.5 2 0 3 1 1
539.5 -3040.5 -26.2 211 0 8.4 18.6 7.5 2.5 2 1 3 4 4
614.6 -2944.3 -19.2 299 0 6.2 7.7 2.5 2.5 2 1 1 1 1
909.3 -3136.4 -22.4 347 0 9.1 4.5 7.5 2.5 4 0 3 0 0
820.7 -2824.9 -29.1 52 0 6.2 7.8 2.5 2.5 2 1 1 4 4
457.5 -2974.1 -32.0 301 0 7.0 7.1 7.5 2.5 2 1 3 2 2
595.4 -3003.3 -20.1 140 0 6.3 6.9 2.5 2.5 2 1 1 5 5
556.8 -2971.7 -23.1 29 0 6.3 5.1 5.0 2.5 2 0 2 4 4
725.2 -2852.4 -29.1 355 0 5.3 8.1 2.5 2.5 2 1 1 5 5
913.3 -3152.7 -23.3 346 0 10.4 4.5 5.0 2.5 2 0 2 0 0
819.3 -2797.0 -32.0 344 0 5.3 9.2 2.5 2.5 2 1 1 4 4
865.5 -3239.5 -29.5 37 0 27.5 6.3 7.5 2.5 2 0 3 5 5
620.7 -2859.3 -30.5 174 0 7.2 10.3 5.0 2.5 2 0 2 3 3
995.9 -3271.8 -18.5 53 0 8.2 3.8 2.5 2.5 2 0 1 5 5
993.6 -3268.8 -19.2 52 0 8.2 8.0 5.0 2.5 2 0 2 3 3
942.0 -3225.8 -24.8 39 0 8.5 4.7 7.5 2.5 2 0 3 2 2
602.0 -2952.6 -19.3 302 0 8.2 5.2 7.5 2.5 2 0 3 2 2
577.9 -2961.2 -20.4 218 0 6.3 6.4 2.5 2.5 2 1 1 1 1
590.8 -2935.3 -23.1 210 0 4.9 7.6 5.0 2.5 2 1 2 1 1
471.6 -2972.2 -30.5 203 0 11.6 27.2 10.0 2.5 2 1 4 0 0
576.9 -2986.5 -21.3 127 0 4.9 5.2 2.5 2.5 4 1 1 3 3
615.7 -3025.4 -19.2 70 0 6.4 6.6 5.0 0.0 0 1 2 3 3
625.0 -2846.8 -31.2 263 0 11.5 9.4 7.5 2.5 2 0 3 0 0
616.4 -3009.5 -19.0 345 0 6.2 7.2 7.5 2.5 2 1 3 2 2
551.2 -2944.4 -25.7 291 0 4.9 6.4 7.5 0.0 0 1 3 3 3
629.5 -2999.3 -17.5 322 0 4.9 9.0 2.5 2.5 2 1 1 0 0
579.5 -2939.6 -23.4 216 0 6.3 7.6 7.5 2.5 2 1 3 0 0
882.5 -3166.4 -25.1 212 0 6.3 11.3 5.0 2.5 2 0 2 3 3
586.2 -2966.3 -19.8 217 0 6.7 6.3 2.5 0.0 0 0 1 1 1
1010.4 -3248.9 -19.2 322 0 15.0 10.0 7.5 2.5 2 0 3 4 4
879.0 -2943.2 -28.2 332 0 6.8 11.8 5.0 2.5 2 1 2 2 2
888.6 -3253.2 -26.7 306 0 10.2 15.0 7.5 2.5 2 1 3 4 4
-240.7 -2770.0 -28.3 300 0 25.7 11.3 7.0 3.5 2 0 2 3 3
-192.1 -2601.6 -23.5 355 0 9.2 9.8 10.5 3.5 2 0 3 1 1
-146.4 -2604.5 -22.8 183 0 6.8 13.6 5.0 2.5 2 1 2 4 4
-165.9 -2721.5 -26.3 16 0 15.9 7.6 10.5 3.5 2 0 3 0 0
-289.9 -2717.7 -25.9 116 0 17.9 4.8 10.5 3.5 2 0 3 2 2
-187.3 -2565.0 -21.2 347 0 4.7 14.8 10.5 3.5 2 1 3 0 0
-163.7 -2672.8 -25.2 348 0 12.3 9.1 10.5 3.5 4 0 3 5 5
-196.5 -2636.7 -24.6 354 0 9.6 6.7 10.5 3.5 2 0 3 4 4
-184.1 -2579.4 -22.3 347 0 13.7 9.4 10.5 3.5 2 0 3 0 0
-165.6 -2597.1 -22.9 175 0 12.2 8.4 5.0 2.5 4 0 2 3 3
-151.7 -2630.1 -24.0 79 0 8.4 15.8 5.0 2.5 2 1 2 2 2
-73.2 -2703.6 -25.3 280 0 6.1 8.1 10.5 3.5 4 1 3 1 1
-166.0 -2575.1 -21.5 170 0 11.9 9.5 5.0 2.5 2 0 2 3 3
-169.6 -2644.5 -24.7 349 1 13.9 10.7 14.0 3.5 2 0 4 0 0
-54.5 -2686.3 -24.4 283 0 6.2 6.9 10.5 3.5 2 0 3 4 4
-146.2 -2670.3 -24.9 79 0 13.4 8.2 5.0 2.5 2 0 2 4 4
-173.9 -2686.0 -25.6 357 0 6.6 5.3 10.5 3.5 2 0 3 0 0
-189.4 -2669.1 -25.4 346 0 4.0 10.6 10.5 3.5 2 1 3 2 2
-142.2 -2661.3 -24.6 81 0 5.5 9.9 7.5 2.5 2 0 3 5 5
-42.7 -2664.0 -23.6 102 0 6.3 13.4 7.5 2.5 2 1 3 0 0
-216.0 -2593.0 -22.8 176 0 5.8 19.0 10.5 3.5 2 0 3 0 0
-161.5 -2689.0 -25.5 358 0 4.3 12.2 10.5 3.5 2 0 3 3 3
-175.1 -2710.2 -26.1 356 0 6.8 8.0 10.5 3.5 2 1 3 0 0
-328.4 -2668.3 -22.5 170 0 18.5 7.7 10.5 3.5 2 0 3 3 3
-279.8 -2912.7 -33.6 256 0 9.1 13.1 10.5 0.0 0 1 3 5 5
-483.5 -2824.9 -21.2 106 1 14.3 11.5 14.0 3.5 2 0 4 2 2
-416.8 -2798.3 -24.5 289 0 14.8 9.6 10.5 3.5 2 0 3 2 2
-503.0 -2720.7 -14.0 62 0 5.9 10.1 2.5 2.5 2 1 1 2 2
-240.8 -2828.6 -30.0 30 0 8.4 12.6 10.5 3.5 2 1 3 2 2
-457.9 -2793.6 -21.0 197 0 12.0 5.9 10.5 3.5 2 0 3 3 3
-244.0 -2532.5 -18.4 92 0 5.4 10.7 10.5 3.5 2 1 3 0 0
-366.1 -2775.4 -26.8 260 1 14.0 11.1 14.0 3.5 4 0 4 4 4
-489.1 -2818.3 -19.8 16 0 6.9 3.6 10.5 3.5 2 0 3 2 2
-498.1 -2791.8 -17.6 184 0 7.1 5.1 10.5 3.5 2 0 3 3 3
-367.2 -2577.9 -19.0 360 0 12.0 6.5 10.5 3.5 4 0 3 4 4
-163.5 -2524.7 -18.3 185 0 10.0 6.8 7.5 2.5 2 0 3 0 0
-226.4 -2473.8 -15.4 33 0 8.3 10.3 7.5 2.5 2 1 3 3 3
-269.0 -2479.1 -15.6 304 0 9.0 12.4 10.5 3.5 4 1 3 2 2
-160.9 -2505.7 -17.0 185 0 9.6 5.8 5.0 2.5 2 0 2 5 5
-499.7 -2802.9 -18.7 192 0 5.4 9.5 10.5 3.5 2 1 3 3 3
-279.9 -2789.1 -29.3 296 0 9.5 6.2 10.5 0.0 0 0 3 3 3
-515.2 -2780.1 -15.7 92 0 13.5 7.0 10.5 0.0 0 0 3 5 5
-487.1 -2773.8 -17.6 271 0 19.2 7.8 10.5 3.5 2 0 3 0 0
-405.4 -2790.0 -24.3 174 0 9.6 6.7 10.5 3.5 2 0 3 2 2
-172.0 -2507.7 -17.8 272 0 9.0 13.0 10.5 3.5 2 1 3 4 4
-487.0 -2830.8 -21.8 287 0 11.9 9.0 10.5 3.5 2 0 3 0 0
-256.7 -2785.6 -29.0 301 1 14.8 10.2 14.0 0.0 0 0 4 0 0
-328.7 -2613.0 -21.7 260 0 22.7 9.2 10.5 3.5 2 0 3 1 1
-441.1 -2803.2 -23.4 197 0 7.9 13.4 10.5 0.0 0 1 3 0 0
-491.4 -2878.5 -25.7 205 0 31.6 10.2 14.0 3.5 2 0 4 0 0
-364.9 -2590.0 -19.1 359 0 12.3 8.6 10.5 3.5 2 0 3 1 1
-465.0 -2843.9 -24.9 291 0 18.7 14.3 14.0 3.5 2 0 4 0 0
-260.8 -2903.0 -32.8 104 0 9.7 25.4 10.5 0.0 0 0 3 2 2
-374.8 -2728.4 -23.2 79 0 6.3 8.4 7.5 2.5 2 1 3 5 5
-240.6 -2447.6 -14.0 296 0 7.2 10.9 2.5 2.5 2 1 1 5 5
-436.7 -2790.1 -22.0 194 0 11.0 3.8 10.5 3.5 4 0 3 3 3
-451.1 -2809.7 -21.9 21 0 5.4 8.8 10.5 0.0 0 0 3 1 1
-359.7 -2737.8 -24.4 350 0 10.9 12.0 5.0 2.5 2 1 2 1 1
-261.9 -2459.7 -13.9 123 0 9.9 7.9 5.0 2.5 2 0 2 0 0
-509.3 -2784.8 -16.7 282 0 7.2 11.0 10.5 3.5 2 1 3 1 1
-312.3 -2720.4 -24.9 55 0 15.5 4.6 10.5 3.5 2 0 3 5 5
-244.1 -2487.8 -16.8 305 0 6.1 25.3 10.5 0.0 0 1 3 2 2
-456.2 -2826.8 -22.6 41 1 10.5 15.1 14.0 3.5 2 0 4 4 4
-294.2 -2974.7 -35.5 343 0 12.6 6.6 10.5 3.5 2 0 3 0 0
-287.6 -2899.8 -33.1 205 0 4.5 10.4 10.5 3.5 2 1 3 5 5
-270.8 -2882.6 -32.4 104 0 6.9 8.0 10.5 3.5 2 0 3 0 0
-261.4 -2880.8 -32.4 14 0 8.0 5.2 10.5 3.5 2 0 3 2 2
-319.1 -2995.9 -36.3 54 0 6.5 14.3 10.5 0.0 0 1 3 0 0
225.2 -2519.6 -15.2 15 0 9.1 14.3 7.5 2.5 2 1 3 0 0
68.8 -2556.3 -14.9 105 0 5.6 7.5 2.5 0.0 0 1 1 0 0
186.9 -2632.8 -10.8 224 0 5.6 7.7 7.5 2.5 2 1 3 2 2
203.9 -2606.4 -12.7 314 0 8.9 5.3 2.5 2.5 4 0 1 0 0
69.3 -2540.8 -14.2 194 0 6.4 6.7 5.0 2.5 2 1 2 2 2
187.8 -2623.5 -12.0 135 0 20.8 6.8 7.5 2.5 4 0 3 2 2
59.4 -2512.0 -13.5 106 0 12.0 8.6 5.0 2.5 2 0 2 5 5
89.7 -2539.9 -13.8 288 0 12.3 7.0 2.5 2.5 2 0 1 4 4
-171.2 -2938.9 -34.3 21 0 7.1 5.9 10.5 3.5 2 0 3 3 3
-429.8 -3076.1 -37.2 22 0 8.8 13.0 5.0 2.5 2 1 2 2 2
-469.3 -3051.5 -36.5 284 0 8.3 9.5 2.5 2.5 2 1 1 5 5
-415.2 -3211.7 -36.7 124 0 16.5 9.5 2.5 2.5 2 0 1 1 1
-505.8 -3036.3 -35.9 205 0 11.7 6.9 5.0 2.5 2 0 2 1 1
-393.4 -3037.1 -37.4 218 0 18.8 9.6 10.5 3.5 2 0 3 4 4
-756.1 -2328.6 -9.9 37 0 30.4 6.5 7.5 2.5 2 0 3 3 3
-744.0 -2312.6 -10.3 37 0 9.8 6.5 5.0 0.0 0 0 2 0 0
-535.8 -2957.9 -29.1 292 0 16.6 14.5 7.5 2.5 2 0 3 1 1
-455.3 -3100.2 -37.0 22 0 6.5 7.6 5.0 2.5 2 1 2 2 2
-548.2 -3084.4 -35.9 202 0 10.5 16.4 2.5 2.5 2 1 1 1 1
-463.7 -3220.4 -35.7 33 0 16.9 13.7 5.0 2.5 2 0 2 4 4
-383.6 -3024.8 -37.1 219 0 12.7 9.6 10.5 3.5 2 0 3 3 3
-810.0 -3466.9 -41.5 81 0 9.8 6.6 2.5 0.0 0 0 1 5 5
-538.9 -3062.3 -35.6 294 0 6.0 7.4 5.0 2.5 2 1 2 3 3
-387.6 -3064.5 -37.7 132 0 11.2 10.3 14.0 3.5 2 0 4 5 5
-868.0 -2419.8 -9.3 327 0 4.0 15.3 7.5 2.5 2 0 3 0 0
-440.2 -3099.9 -37.2 24 0 6.0 5.6 2.5 2.5 2 0 1 4 4
-876.1 -2440.1 -9.2 60 0 3.7 12.6 5.0 2.5 2 0 2 4 4
-1038.9 -2240.9 -8.6 319 0 9.1 12.1 5.0 2.5 2 1 2 1 1
-1026.8 -2253.1 -8.9 39 0 5.5 10.7 2.5 2.5 2 1 1 4 4
-351.5 -3019.9 -37.0 37 0 10.4 9.0 10.5 3.5 2 0 3 3 3
-433.3 -3200.1 -36.7 124 0 5.7 8.8 2.5 2.5 2 1 1 5 5
-445.2 -3112.0 -37.3 22 0 9.9 13.9 5.0 0.0 0 1 2 3 3
-351.0 -3093.5 -38.4 42 0 6.8 30.0 10.5 3.5 2 1 3 2 2
-249.3 -3485.4 -32.8 269 0 12.5 8.8 5.0 2.5 2 0 2 2 2
-616.0 -2757.1 -8.3 279 0 7.4 8.0 10.5 3.5 2 0 3 5 5
-588.3 -2776.0 -11.5 278 0 13.2 7.5 10.5 3.5 2 0 3 3 3
-412.1 -2531.1 -15.0 98 0 15.5 13.0 10.0 2.5 2 0 4 1 1
-46.7 -3777.5 -19.1 92 0 8.8 7.6 5.0 2.5 2 0 2 0 0
-128.5 -2127.8 -8.2 112 0 6.6 11.0 7.5 0.0 0 1 3 2 2
203.2 -1361.9 -7.7 287 0 5.9 6.0 5.0 2.5 2 0 2 2 2
618.3 2934.0 -6.7 352 0 22.2 13.6 7.5 2.5 2 0 3 5 5
-103.7 -2337.3 -10.6 113 0 7.9 11.4 7.5 2.5 2 1 3 0 0
578.3 2868.0 -7.5 83 0 10.4 6.0 5.0 2.5 2 0 2 2 2
-117.8 -2388.6 -11.9 359 0 5.7 7.6 5.0 2.5 2 1 2 4 4
509.5 3335.6 -5.9 54 0 8.3 8.4 5.0 2.5 2 1 2 1 1
-108.3 -2363.0 -11.1 174 0 8.0 6.3 7.5 2.5 2 0 3 5 5
-119.2 -2092.2 -7.6 15 0 4.9 5.0 7.5 2.5 2 0 3 5 5
153.3 3127.3 -6.5 322 0 5.3 7.5 5.0 2.5 2 0 2 5 5
464.8 3131.0 -6.1 350 0 4.3 5.5 7.5 2.5 2 0 3 1 1
190.6 -1351.6 -7.8 287 0 24.0 6.2 7.5 2.5 2 0 3 5 5
-116.1 -2088.1 -7.5 15 0 4.7 6.9 7.5 2.5 2 0 3 0 0
-2743.9 3491.9 3.4 224 0 8.8 8.4 2.5 2.5 2 0 1 0 0
-2482.2 3728.9 3.2 70 0 8.0 16.3 5.0 2.5 2 1 2 3 3
-2951.1 3431.3 5.5 50 0 13.6 11.7 5.0 2.5 2 0 2 0 0
-2677.9 3617.4 4.4 60 0 12.6 6.5 5.0 2.5 2 0 2 1 1
-2772.0 3566.0 2.4 55 0 14.0 10.9 5.0 2.5 2 0 2 0 0
-2609.2 3670.1 5.0 63 0 7.5 16.0 5.0 0.0 0 0 2 5 5
-2882.8 3340.6 4.9 231 0 10.6 17.0 5.0 0.0 0 1 2 1 1
-2523.6 3707.4 7.3 61 0 14.1 11.1 5.0 2.5 2 0 2 3 3
-2784.4 3635.7 3.0 153 0 56.0 11.6 7.5 2.5 2 0 3 3 3
-2581.2 3628.5 4.1 237 0 6.8 6.5 7.5 2.5 2 0 3 1 1
-1522.9 6213.7 -27.1 110 0 7.0 8.4 5.0 2.5 2 0 2 3 3
-2906.7 3543.8 3.9 237 0 16.3 11.1 7.5 0.0 0 0 3 0 0
-2725.6 3473.8 3.5 49 0 14.8 5.2 5.0 2.5 2 0 2 2 2
-2848.4 3528.8 3.3 52 0 5.7 21.3 5.0 2.5 2 1 2 1 1
-2552.7 3674.8 5.7 239 0 15.9 10.2 5.0 2.5 2 0 2 4 4
-2575.9 3744.1 6.1 245 0 8.4 8.8 5.0 2.5 2 1 2 4 4
-2938.4 3385.3 4.7 139 0 8.2 19.6 5.0 2.5 2 1 2 4 4
-1531.7 6195.6 -27.7 100 0 6.7 8.5 5.0 2.5 2 1 2 2 2
-2602.7 3693.7 5.9 62 0 19.5 10.1 5.0 2.5 2 0 2 2 2
-2744.3 3858.2 4.0 257 0 7.3 7.0 2.5 2.5 2 0 1 5 5
-2852.7 3298.0 5.3 52 0 9.6 5.0 7.5 2.5 2 0 3 3 3
-2864.1 3479.4 4.7 236 0 14.2 9.6 5.0 2.5 2 0 2 5 5
-2536.6 3671.4 5.7 239 0 8.5 22.2 7.5 2.5 2 1 3 1 1
-2567.8 3609.6 4.1 61 0 8.8 8.1 7.5 2.5 2 0 3 4 4
-2893.9 3314.6 5.1 233 0 7.5 11.6 7.5 2.5 2 0 3 0 0
-2885.7 3513.0 4.3 57 0 8.9 3.9 5.0 2.5 2 0 2 1 1
-2567.3 3680.3 6.2 65 0 7.1 13.3 5.0 2.5 2 1 2 1 1
-2554.2 3654.1 4.9 230 0 5.6 16.1 5.0 2.5 2 1 2 2 2
-2736.4 3456.9 3.6 137 0 5.6 28.8 7.5 2.5 4 1 3 3 3
-2769.7 3366.4 5.0 46 0 15.5 5.9 7.5 0.0 0 0 3 3 3
-2892.4 3477.9 5.0 58 0 15.3 10.4 5.0 2.5 2 0 2 4 4
-2555.0 3632.5 4.2 53 0 12.1 4.0 7.5 2.5 2 0 3 4 4
-2637.2 3661.3 4.4 46 0 7.0 18.9 2.5 2.5 2 1 1 1 1
-2737.6 3464.8 3.8 44 0 5.9 4.1 5.0 2.5 4 0 2 3 3
-2613.3 3634.3 4.3 240 0 14.4 7.9 5.0 2.5 2 0 2 1 1
-2865.5 3351.4 4.9 229 0 8.9 7.4 2.5 2.5 2 0 1 0 0
-2661.4 3669.2 4.5 60 0 13.1 10.0 7.5 2.5 2 0 3 2 2
-2764.8 3526.4 3.0 326 0 6.5 9.2 5.0 2.5 4 1 2 3 3
-2576.4 3678.1 5.9 65 0 9.9 10.2 5.0 2.5 2 0 2 1 1
-2969.6 3414.7 5.2 60 0 9.2 22.6 5.0 2.5 2 1 2 5 5
-2712.9 3463.8 3.7 227 0 13.3 7.7 5.0 2.5 2 0 2 2 2
-2635.6 3644.4 4.4 63 0 15.3 9.6 5.0 2.5 4 0 2 4 4
-1487.8 6239.4 -26.4 306 0 8.9 13.4 5.0 2.5 2 1 2 5 5
-2812.6 3502.1 3.5 235 0 9.8 29.2 7.5 2.5 2 1 3 0 0
-2681.7 3625.3 4.5 60 0 11.8 46.3 10.0 2.5 2 0 4 1 1
-2858.6 3317.6 5.2 323 0 7.6 5.6 5.0 2.5 2 0 2 3 3
-2481.0 3672.3 3.4 49 0 4.5 9.1 5.0 2.5 2 0 2 0 0
-3009.7 3499.9 6.0 235 0 39.1 12.4 7.5 2.5 2 0 3 5 5
-2531.0 3719.8 7.0 69 0 7.0 8.5 7.5 2.5 2 1 3 0 0
-2721.6 3490.2 3.3 52 0 11.7 8.1 5.0 2.5 2 0 2 1 1
-2899.5 3321.9 5.0 233 0 7.5 9.2 5.0 0.0 0 0 2 0 0
-1521.5 6252.3 -27.6 318 0 6.9 11.8 7.5 2.5 2 1 3 3 3
-2834.8 3518.8 3.3 53 0 17.8 11.6 5.0 2.5 4 0 2 1 1
-2783.9 3433.7 4.7 231 0 4.0 9.9 5.0 2.5 2 0 2 2 2
-2896.3 3281.3 5.0 51 0 6.0 13.6 5.0 2.5 2 0 2 0 0
-2867.8 3311.7 5.2 322 0 7.6 4.2 7.5 2.5 2 0 3 3 3
-2856.5 3324.1 5.1 51 0 5.4 8.1 7.5 2.5 2 0 3 5 5
-2758.2 3541.6 2.7 232 0 8.4 7.8 5.0 2.5 4 0 2 4 4
-2833.3 3347.4 5.0 43 0 8.4 8.0 7.5 2.5 2 0 3 3 3
-1535.2 6232.4 -28.1 124 0 7.0 6.9 7.5 2.5 2 0 3 2 2
-2698.3 3794.4 3.7 348 0 14.8 87.9 10.0 2.5 2 1 4 2 2
-2920.6 3300.3 4.9 230 0 8.3 4.2 5.0 2.5 2 0 2 0 0
-2619.7 3660.0 4.4 54 0 9.3 3.8 5.0 2.5 2 0 2 4 4
-2907.9 3486.2 5.0 59 0 7.0 21.4 2.5 2.5 2 1 1 0 0
-2625.5 3595.7 4.2 142 0 11.3 3.4 2.5 2.5 2 0 1 2 2
-2924.4 3263.7 4.3 143 0 6.2 6.8 5.0 2.5 2 0 2 3 3
-1516.3 6262.5 -26.9 228 0 9.0 18.5 5.0 2.5 2 1 2 1 1
-2709.9 3847.6 3.9 348 0 14.4 88.0 7.5 2.5 4 1 3 1 1
-2872.2 3491.9 4.3 57 0 8.9 25.1 5.0 2.5 2 0 2 3 3
-2922.8 3533.3 4.3 237 0 22.2 11.1 5.0 2.5 2 0 2 4 4
-2605.3 3606.2 4.1 151 0 5.0 14.9 7.5 2.5 2 1 3 3 3
-2714.8 3671.2 4.7 150 0 20.0 11.8 7.5 2.5 2 0 3 4 4
-2862.8 3453.4 5.1 235 0 25.6 7.3 5.0 2.5 2 0 2 2 2
-2496.8 3728.5 6.6 70 0 3.9 8.6 7.5 2.5 2 0 3 0 0
-2931.2 3282.3 4.4 231 0 11.0 9.2 7.5 2.5 2 0 3 3 3
-2980.2 3443.2 5.6 49 0 21.9 9.5 7.5 2.5 2 0 3 2 2
-2846.9 3290.6 5.3 52 0 32.4 9.4 7.5 2.5 2 0 3 2 2
-2915.1 3304.9 5.1 231 0 5.9 16.6 2.5 0.0 0 0 1 0 0
-2777.6 3426.0 4.7 230 0 4.5 6.9 7.5 2.5 2 0 3 0 0
-2904.4 3262.3 4.3 53 0 30.0 10.1 7.5 2.5 2 0 3 5 5
-2848.6 3318.1 5.1 323 0 19.5 8.1 5.0 2.5 4 0 2 3 3
-2494.3 3722.2 6.2 66 0 4.6 6.8 5.0 2.5 2 0 2 5 5
-2536.4 3698.1 7.1 65 0 3.3 16.4 7.5 2.5 2 1 3 3 3
-2908.4 3464.0 5.6 51 0 12.7 9.7 5.0 2.5 2 0 2 1 1
-2556.1 3689.2 6.7 61 0 7.5 17.7 2.5 2.5 2 1 1 2 2
-1516.5 6208.9 -27.0 110 0 8.4 19.0 7.5 2.5 2 0 3 1 1
-2817.0 3400.3 4.8 228 0 11.7 11.0 5.0 2.5 2 0 2 3 3
-2776.4 3447.0 4.1 168 0 10.4 16.0 7.5 2.5 2 1 3 1 1
-2832.6 3477.6 4.3 212 0 8.7 12.1 2.5 2.5 2 1 1 4 4
-2728.2 3530.2 2.8 220 0 6.7 14.7 2.5 2.5 2 1 1 2 2
-2911.6 3473.9 5.3 52 0 5.0 19.7 7.5 2.5 2 0 3 4 4
-2809.4 3384.5 4.8 228 0 12.5 4.7 7.5 2.5 2 0 3 4 4
-2714.8 3504.4 3.0 36 0 9.0 12.8 5.0 2.5 2 1 2 3 3
-2590.9 3647.4 4.2 239 0 11.1 11.3 5.0 0.0 0 1 2 4 4
-2937.1 3292.2 4.5 233 0 8.6 11.4 5.0 2.5 2 0 2 3 3
-2878.6 3294.5 5.2 54 0 14.3 8.6 7.5 2.5 2 0 3 0 0
-2580.7 3687.4 6.2 65 0 10.0 20.0 5.0 2.5 2 0 2 5 5
-2784.2 3538.0 2.8 236 0 17.5 10.1 5.0 2.5 2 0 2 0 0
-1496.6 6198.4 -24.4 98 0 22.8 6.4 5.0 0.0 0 0 2 5 5
-4058.0 528.0 -13.2 19 0 12.8 15.4 7.5 2.5 2 1 3 1 1
-3787.5 498.9 -15.3 211 0 10.0 22.3 5.0 2.5 2 1 2 0 0
-4308.4 558.6 -16.5 88 0 12.0 23.8 10.0 2.5 2 1 4 1 1
-4072.7 590.5 -9.4 105 0 19.7 11.6 5.0 0.0 0 0 2 0 0
-4340.4 623.1 -15.4 269 0 6.7 11.7 5.0 2.5 2 1 2 0 0
-4196.1 442.9 -15.8 199 0 7.3 11.5 5.0 0.0 0 1 2 0 0
-4048.6 439.5 -15.2 106 0 4.7 12.0 2.5 2.5 2 1 1 4 4
-4240.5 625.2 -12.8 280 0 11.2 8.5 7.5 0.0 0 0 3 2 2
-4299.0 645.6 -14.6 87 0 3.6 19.3 5.0 2.5 2 1 2 1 1
-3746.8 485.7 -15.7 301 0 5.1 3.6 2.5 0.0 0 0 1 0 0
-4084.7 480.7 -15.2 291 0 8.9 7.8 5.0 2.5 2 0 2 4 4
-4221.0 305.9 -17.5 106 0 9.2 8.8 7.5 2.5 2 0 3 0 0
-3906.7 429.6 -16.5 284 0 5.8 5.5 7.5 2.5 2 0 3 2 2
-4133.8 981.8 -12.4 73 0 6.6 3.7 2.5 2.5 2 0 1 1 1
-3783.1 388.1 -19.5 281 0 5.5 12.7 7.5 2.5 2 1 3 4 4
-3874.6 553.7 -15.1 31 0 11.4 67.4 12.5 2.5 2 1 5 5 5
-3911.0 690.1 -11.4 202 0 11.4 11.3 5.0 2.5 2 0 2 5 5
-4037.3 456.4 -15.2 107 0 7.8 9.2 5.0 2.5 2 1 2 3 3
-4176.2 987.0 -12.1 161 0 23.0 10.1 2.5 2.5 2 0 1 3 3
-3639.2 430.8 -15.9 278 0 8.4 24.4 7.5 2.5 4 1 3 3 3
-4058.1 441.0 -15.2 16 0 7.2 14.6 7.5 2.5 2 1 3 0 0
-4283.3 646.5 -14.2 88 0 18.8 9.9 5.0 2.5 2 0 2 1 1
-4113.7 592.2 -8.3 299 0 7.3 6.7 2.5 2.5 2 0 1 5 5
-3748.6 482.6 -16.0 301 0 5.1 7.4 5.0 2.5 2 0 2 5 5
-4093.3 529.5 -11.8 107 0 4.7 4.9 5.0 2.5 2 0 2 2 2
-4215.1 355.7 -17.3 198 0 6.3 9.7 2.5 0.0 0 1 1 3 3
-4046.0 555.9 -12.0 17 0 4.9 8.6 5.0 2.5 2 1 2 1 1
-3940.9 570.0 -15.1 301 0 72.7 13.7 12.5 0.0 0 0 5 1 1
-4092.5 584.2 -9.1 289 0 3.7 7.3 7.5 0.0 0 1 3 1 1
-4101.3 573.1 -9.3 287 0 4.7 3.5 2.5 2.5 2 0 1 2 2
-4216.4 481.2 -16.2 14 0 7.0 5.1 7.5 2.5 4 0 3 5 5
-4139.0 473.0 -13.9 198 0 18.7 6.7 2.5 2.5 2 0 1 2 2
-3867.6 650.4 -13.2 22 0 7.7 7.2 5.0 2.5 2 0 2 5 5
-4021.0 434.5 -15.5 103 0 6.0 3.6 5.0 2.5 2 0 2 4 4
-3883.1 659.1 -12.2 21 0 5.4 17.5 5.0 2.5 2 1 2 2 2
-4107.7 533.5 -11.1 108 0 5.6 5.2 5.0 2.5 4 0 2 5 5
-4212.8 603.5 -13.4 272 0 8.9 10.1 5.0 2.5 2 0 2 0 0
-4079.7 561.0 -11.1 292 0 11.8 8.5 2.5 2.5 2 0 1 0 0
-3962.5 641.2 -10.7 217 0 6.3 6.2 7.5 2.5 2 0 3 1 1
-4209.2 518.4 -15.3 276 0 10.9 5.0 7.5 2.5 2 0 3 4 4
-4027.8 444.0 -15.2 103 0 5.4 3.6 7.5 2.5 2 0 3 5 5
-4164.5 465.3 -14.7 18 0 10.8 15.3 7.5 2.5 2 1 3 4 4
-3841.7 374.4 -20.0 109 0 14.3 4.6 7.5 0.0 0 0 3 3 3
-4280.0 554.2 -16.9 96 0 20.1 12.0 2.5 2.5 2 0 1 5 5
-4124.1 992.7 -12.4 341 0 7.1 5.4 2.5 2.5 2 0 1 2 2
-4334.8 685.0 -14.2 269 0 13.9 8.0 7.5 2.5 2 0 3 5 5
-3918.7 673.3 -11.3 202 0 5.2 16.2 7.5 2.5 2 1 3 1 1
-3755.3 422.3 -17.9 115 0 4.2 9.5 5.0 2.5 4 1 2 1 1
-3773.3 430.6 -18.0 115 0 5.8 9.7 7.5 2.5 2 1 3 2 2
-3913.5 595.9 -14.6 110 0 6.4 7.2 7.5 2.5 2 1 3 5 5
-4219.5 603.7 -13.6 272 0 4.5 10.1 7.5 0.0 0 0 3 0 0
-3690.7 396.6 -17.0 94 0 17.2 6.3 7.5 2.5 2 0 3 1 1
-3953.7 595.2 -14.1 121 0 35.2 9.9 7.5 2.5 4 0 3 1 1
-4202.3 328.8 -17.4 16 0 12.8 6.5 2.5 2.5 2 0 1 2 2
-4155.0 494.6 -13.4 18 0 10.7 15.3 7.5 2.5 2 1 3 3 3
-4291.5 685.8 -14.0 268 0 5.1 9.7 5.0 2.5 2 1 2 1 1
-3894.5 594.4 -15.1 20 0 11.7 8.1 7.5 2.5 2 0 3 0 0
-3880.0 397.1 -18.2 115 0 4.8 13.2 2.5 2.5 2 1 1 5 5
-4101.2 448.5 -15.2 106 0 11.3 8.1 2.5 2.5 2 0 1 3 3
-4272.9 686.5 -13.1 269 0 5.0 9.8 5.0 2.5 2 1 2 3 3
-4276.8 583.7 -16.2 90 0 20.1 12.0 5.0 2.5 2 0 2 2 2
-3882.1 684.9 -12.4 291 0 11.3 11.4 5.0 2.5 2 1 2 0 0
-4096.1 571.5 -9.7 287 0 6.3 5.4 7.5 2.5 2 0 3 1 1
-3760.0 500.8 -15.1 296 0 7.0 7.0 5.0 2.5 2 0 2 2 2
-3890.6 430.5 -16.6 284 0 6.6 5.8 7.5 0.0 0 0 3 0 0
-4108.1 489.5 -13.9 290 0 9.1 8.5 5.0 2.5 4 0 2 1 1
-4193.4 451.1 -15.7 198 0 5.5 20.4 5.0 2.5 2 1 2 5 5
-4144.8 493.2 -13.1 196 0 6.7 21.8 7.5 2.5 2 1 3 0 0
-4163.6 592.7 -10.6 190 0 7.0 11.3 5.0 2.5 2 1 2 4 4
-4230.4 334.4 -17.4 196 0 14.3 10.1 2.5 2.5 2 0 1 2 2
-4339.0 644.5 -14.7 87 0 21.0 9.8 2.5 0.0 0 0 1 3 3
-4186.2 562.9 -12.9 23 0 11.1 11.5 7.5 2.5 2 1 3 4 4
-4291.7 621.9 -14.8 268 0 12.8 9.5 5.0 2.5 2 0 2 0 0
-4212.1 379.6 -17.1 199 0 10.2 9.8 5.0 2.5 4 0 2 3 3
-4215.2 441.0 -16.7 16 0 12.6 11.5 5.0 2.5 2 0 2 1 1
-4246.3 532.4 -16.7 277 0 9.8 9.0 5.0 2.5 2 0 2 3 3
-3803.8 391.5 -19.7 294 0 11.7 9.3 5.0 2.5 2 0 2 0 0
-4091.9 534.2 -11.9 108 0 6.4 11.1 5.0 2.5 2 0 2 0 0
-4097.6 566.3 -10.0 287 0 6.3 10.8 5.0 2.5 2 0 2 0 0
-6474.8 -7832.2 -54.3 79 0 9.9 15.7 2.5 2.5 2 1 1 4 4
-6487.5 -7902.9 -53.2 58 0 9.6 14.5 5.0 2.5 2 1 2 5 5
-6534.9 -7714.5 -52.3 342 0 14.8 7.6 7.5 2.5 4 0 3 2 2
-6454.9 -7903.9 -53.4 324 0 9.9 8.6 2.5 2.5 2 0 1 1 1
-6466.9 -7804.7 -53.4 256 0 7.1 7.1 2.5 2.5 2 0 1 4 4
-6492.3 -7967.0 -52.8 139 0 15.9 22.6 7.5 2.5 2 1 3 4 4
-6566.7 -7742.8 -54.5 170 0 11.3 7.3 7.5 0.0 0 0 3 1 1
-6451.6 -7877.4 -53.8 165 0 5.3 13.9 2.5 2.5 2 0 1 1 1
-6527.2 -7828.2 -53.8 330 0 10.4 6.2 5.0 2.5 2 0 2 0 0
-6461.4 -7833.5 -54.2 75 0 4.0 13.6 7.5 2.5 2 1 3 0 0
-6500.6 -7834.7 -54.0 330 0 12.9 11.4 2.5 2.5 2 0 1 2 2
-6518.8 -7899.2 -52.8 230 0 9.1 5.5 5.0 2.5 2 0 2 5 5
-6553.8 -7752.8 -54.4 80 0 7.3 6.5 5.0 2.5 2 0 2 2 2
-6512.9 -7894.2 -52.9 230 0 6.4 5.6 5.0 2.5 2 0 2 3 3
-6507.8 -7817.0 -54.5 59 0 7.6 22.2 7.5 2.5 2 0 3 3 3
-6530.4 -7804.8 -54.6 58 0 18.3 10.0 7.5 0.0 0 0 3 5 5
-6463.4 -7854.5 -53.9 245 0 5.8 15.5 5.0 2.5 4 0 2 2 2
-6679.6 -4622.0 -9.8 38 0 5.9 11.3 5.0 2.5 2 0 2 4 4
-6676.1 -4617.6 -9.7 38 0 5.4 11.3 7.5 2.5 4 0 3 2 2
-6660.9 -4600.0 -9.2 41 0 6.0 11.3 5.0 2.5 2 0 2 5 5
-6657.1 -4595.7 -9.1 41 0 5.5 11.3 5.0 2.5 4 0 2 3 3
-6642.0 -4578.1 -8.5 40 0 6.2 11.3 5.0 2.5 2 0 2 2 2
-6638.3 -4573.7 -8.4 40 0 5.3 11.3 5.0 2.5 2 0 2 2 2
-6625.6 -4359.7 -4.6 157 0 15.8 7.5 5.0 2.5 2 0 2 3 3
-6632.1 -4303.7 -4.4 165 0 19.5 8.8 5.0 2.5 2 0 2 0 0
-6720.5 -4346.2 -4.1 71 0 10.2 22.9 5.0 2.5 2 1 2 2 2
-6658.7 -4250.9 -3.6 341 0 14.2 9.7 5.0 2.5 4 0 2 2 2
-6705.0 -4270.9 -3.3 75 0 7.2 15.1 5.0 2.5 2 1 2 5 5
-6684.1 -4213.7 -3.3 251 0 12.5 18.5 5.0 0.0 0 1 2 2 2
-6747.0 -4393.5 -4.0 251 0 14.7 29.5 10.0 2.5 2 1 4 4 4
-6698.2 -4410.7 -4.1 71 0 9.7 15.2 5.0 0.0 0 0 2 5 5
-6581.1 -4299.2 -4.6 93 0 3.0 3.1 7.5 2.5 2 1 3 4 4
-6694.9 -4238.3 -3.5 341 0 18.8 9.8 7.5 2.5 2 0 3 3 3
-6629.7 -4512.6 -6.4 6 0 10.5 5.2 7.5 2.5 2 0 3 0 0
-6629.0 -4386.4 -4.7 155 0 14.5 20.1 7.5 2.5 2 1 3 2 2
-6719.8 -4291.5 -3.4 60 0 5.1 14.6 5.0 2.5 2 1 2 5 5
-6653.8 -4561.4 -8.0 42 0 18.2 5.2 7.5 2.5 2 0 3 4 4
-6688.6 -4438.8 -4.1 71 0 9.8 29.6 7.5 2.5 2 0 3 5 5
-6585.0 -4329.4 -4.7 254 0 10.2 17.7 2.5 2.5 2 1 1 5 5
-6656.7 -4435.5 -4.4 251 0 5.1 19.0 7.5 2.5 2 1 3 0 0
-6693.4 -4598.4 -9.1 221 0 6.1 5.0 7.5 2.5 2 0 3 1 1
-6679.2 -4269.3 -3.5 70 0 3.9 16.3 7.5 0.0 0 0 3 3 3
-6702.9 -4613.2 -9.4 131 0 5.1 14.4 7.5 2.5 2 0 3 1 1
-6730.1 -4272.8 -3.4 62 0 5.9 8.0 2.5 2.5 2 1 1 5 5
-6675.2 -4267.6 -3.6 63 0 4.9 15.9 7.5 2.5 2 0 3 1 1
-6723.2 -4271.0 -3.4 62 0 6.8 12.7 7.5 2.5 2 1 3 2 2
-6514.8 -4296.8 -5.0 253 0 13.9 16.3 5.0 2.5 2 1 2 3 3
-6889.8 -4334.4 -4.7 61 0 9.2 17.3 5.0 2.5 2 1 2 0 0
-6443.2 -4231.2 -5.4 85 0 9.2 11.3 5.0 2.5 2 1 2 1 1
-6546.3 -4519.6 -7.3 276 0 6.2 11.7 5.0 2.5 2 0 2 4 4
-6829.3 -4380.9 -3.7 276 0 18.8 6.8 2.5 2.5 2 0 1 5 5
-6656.2 -4740.5 -9.9 333 0 10.6 10.3 7.5 2.5 2 0 3 5 5
-6470.3 -4304.4 -5.2 251 0 3.9 9.4 2.5 2.5 2 1 1 3 3
-6581.5 -4537.1 -8.2 240 0 11.1 23.8 10.0 2.5 2 1 4 2 2
-6624.4 -4133.2 -2.8 261 0 19.6 11.4 5.0 2.5 2 0 2 1 1
-6528.4 -4303.8 -4.9 255 0 16.2 7.0 2.5 2.5 2 0 1 5 5
-6747.7 -4305.0 -3.4 73 0 6.4 12.1 7.5 2.5 2 1 3 0 0
-6764.1 -4295.7 -3.5 73 0 7.6 7.8 2.5 2.5 2 0 1 1 1
-6698.0 -4192.8 -3.5 161 0 18.6 12.5 5.0 2.5 2 0 2 3 3
-6910.0 -4343.7 -5.0 64 0 7.1 16.3 2.5 2.5 2 1 1 5 5
-6437.4 -4271.5 -5.2 251 0 13.2 8.2 5.0 0.0 0 0 2 0 0
-6758.5 -4293.9 -3.5 72 0 4.2 7.8 5.0 2.5 2 0 2 2 2
-6461.6 -4295.1 -5.2 241 0 4.9 13.0 5.0 2.5 2 1 2 5 5
-6522.3 -4575.8 -9.2 58 0 11.0 7.0 5.0 2.5 2 0 2 5 5
-6531.6 -4527.1 -7.6 301 0 8.3 8.9 2.5 2.5 2 1 1 4 4
-6713.5 -4244.2 -3.4 342 0 7.8 14.0 5.0 2.5 2 1 2 3 3
-6463.3 -4324.8 -5.2 69 0 4.2 9.4 2.5 0.0 0 1 1 4 4
-6656.7 -4138.2 -3.2 262 0 19.8 11.6 5.0 2.5 2 0 2 1 1
-6647.6 -4733.5 -10.4 153 0 87.4 14.3 15.0 0.0 0 0 6 2 2
-6569.3 -4317.3 -4.8 245 0 8.8 12.9 2.5 2.5 2 1 1 5 5
-6485.8 -4303.0 -5.1 250 0 8.0 15.8 5.0 2.5 2 1 2 2 2
-6537.3 -4546.0 -8.2 324 0 12.6 6.7 5.0 2.5 2 0 2 2 2
-6460.7 -4279.8 -5.1 252 0 8.9 8.2 2.5 2.5 4 0 1 3 3
-6638.2 -4679.8 -10.6 243 0 12.6 54.4 7.5 2.5 2 1 3 4 4
-6839.8 -4314.3 -3.8 76 0 7.9 7.9 2.5 2.5 2 0 1 3 3
-6620.5 -4811.3 -11.1 63 0 48.0 15.3 10.0 2.5 2 0 4 2 2
-6909.1 -4314.0 -5.1 242 0 8.3 5.0 5.0 2.5 2 0 2 2 2
-6527.1 -4548.8 -8.3 324 0 3.9 6.6 5.0 0.0 0 1 2 1 1
-6498.6 -4199.9 -4.8 268 0 9.3 13.1 5.0 2.5 4 1 2 0 0
-6824.8 -4322.9 -3.7 78 0 7.1 7.8 7.5 2.5 4 1 3 4 4
-6520.8 -4320.6 -5.0 252 0 24.6 5.0 5.0 2.5 2 0 2 4 4
-6517.9 -4231.0 -4.7 76 0 5.6 13.9 5.0 2.5 4 1 2 5 5
-6600.2 -4812.7 -11.2 241 0 10.5 6.5 5.0 2.5 2 0 2 2 2
-6563.2 -4353.7 -4.8 66 0 18.0 10.0 2.5 2.5 2 0 1 4 4
-6854.3 -4399.4 -3.5 184 0 6.1 7.1 7.5 2.5 2 0 3 0 0
-6841.0 -4320.2 -3.8 76 0 13.1 5.5 7.5 0.0 0 0 3 3 3
-6693.0 -4706.9 -9.7 243 0 14.4 52.0 17.5 0.0 0 0 7 3 3
-6562.4 -4869.2 -11.2 332 0 24.0 6.4 5.0 2.5 2 0 2 4 4
-6582.5 -4830.6 -11.6 333 0 11.0 54.3 10.0 0.0 0 0 4 2 2
-6552.9 -4857.4 -11.4 151 0 8.8 6.9 5.0 2.5 2 0 2 2 2
-6576.1 -4902.0 -11.2 63 0 54.5 11.0 7.5 2.5 2 0 3 0 0
-6540.1 -4537.3 -7.8 326 0 5.0 9.5 5.0 2.5 2 0 2 0 0
-6848.6 -4390.3 -3.5 274 0 10.0 6.5 7.5 2.5 2 0 3 3 3
-6833.2 -4361.5 -3.6 89 0 4.6 11.8 5.0 2.5 2 0 2 5 5
-6838.0 -4361.6 -3.7 89 0 5.9 11.8 5.0 2.5 2 0 2 1 1
-6811.3 -4356.3 -3.6 13 0 11.8 5.7 5.0 2.5 2 0 2 3 3
-6827.3 -4311.8 -3.8 71 0 4.5 9.8 5.0 2.5 2 1 2 5 5
-6820.9 -4362.1 -3.6 103 0 5.4 11.8 5.0 2.5 2 0 2 1 1
-6421.8 -4278.5 -5.6 242 0 19.5 28.1 7.5 2.5 4 1 3 4 4
-6855.2 -4369.8 -3.8 356 0 19.7 7.3 5.0 2.5 2 0 2 2 2
-6551.0 -4527.3 -7.5 325 0 9.7 9.8 7.5 2.5 2 0 3 4 4
-6295.6 -4224.7 -7.6 250 0 13.2 9.5 2.5 2.5 4 0 1 4 4
-6244.8 -4208.3 -8.6 251 0 11.3 7.6 5.0 2.5 2 0 2 5 5
-6224.4 -4201.1 -9.3 250 0 9.7 13.5 5.0 2.5 2 1 2 1 1
-6084.1 -4446.4 -9.7 60 0 10.9 8.2 5.0 2.5 2 0 2 2 2
-6117.9 -4152.1 -11.7 72 0 11.4 12.2 5.0 2.5 2 1 2 3 3
-6277.6 -4204.1 -7.6 69 0 8.6 23.0 5.0 0.0 0 1 2 2 2
-6300.6 -4212.1 -7.1 70 0 12.7 9.5 5.0 2.5 2 0 2 0 0
-6382.1 -4224.3 -5.8 83 0 7.6 12.3 5.0 2.5 2 1 2 2 2
-6416.6 -4216.3 -5.5 82 0 5.0 12.0 7.5 2.5 2 1 3 0 0
-6660.0 -4119.4 -1.8 81 0 19.6 4.8 5.0 2.5 2 0 2 3 3
-6217.1 -4227.3 -9.2 75 0 8.4 5.0 7.5 2.5 2 0 3 0 0
-6316.8 -4251.3 -7.3 249 0 5.9 16.8 2.5 2.5 2 0 1 1 1
-6291.3 -4169.2 -7.4 339 0 10.7 15.1 5.0 2.5 2 0 2 2 2
-6232.9 -4234.8 -8.7 71 0 8.7 8.6 2.5 2.5 2 0 1 4 4
-6208.6 -4195.4 -9.8 249 0 5.5 9.8 2.5 2.5 2 1 1 0 0
-6369.4 -4273.7 -6.6 244 0 10.0 10.0 2.5 2.5 2 1 1 0 0
-6314.3 -4172.4 -6.9 249 0 15.1 10.7 2.5 2.5 4 0 1 3 3
-6314.5 -4230.6 -7.4 250 0 7.4 21.2 5.0 0.0 0 1 2 2 2
-6286.1 -4243.0 -7.9 252 0 10.5 4.5 5.0 2.5 2 0 2 0 0
-6401.4 -4208.4 -5.5 83 0 4.5 7.8 7.5 2.5 2 0 3 3 3
-6115.7 -4465.4 -8.3 151 0 13.7 6.6 7.5 2.5 4 0 3 2 2
-6329.9 -4181.2 -6.3 251 0 11.6 4.4 7.5 2.5 2 0 3 5 5
-6375.7 -4258.5 -6.4 252 0 6.3 10.8 7.5 2.5 2 1 3 0 0
-6623.5 -4114.6 -1.4 81 0 27.1 4.9 5.0 2.5 2 0 2 0 0
-6392.9 -4207.3 -5.5 83 0 12.7 7.8 5.0 2.5 2 0 2 2 2
-6301.4 -4275.2 -7.8 69 0 17.6 11.1 5.0 2.5 4 0 2 1 1
-6125.5 -4137.7 -10.8 72 0 12.6 4.9 2.5 2.5 2 0 1 2 2
-6248.4 -4216.4 -8.4 248 0 4.2 11.4 7.5 2.5 2 0 3 2 2
-4367.8 -2113.0 4.1 354 0 8.8 12.3 5.0 2.5 2 1 2 4 4
-4426.5 -2131.1 4.6 90 0 11.7 11.3 5.0 2.5 2 0 2 5 5
-4447.5 -2118.2 4.6 2 0 14.2 8.7 5.0 2.5 2 0 2 4 4
-4517.4 -2143.2 5.4 81 0 14.7 10.3 5.0 2.5 2 0 2 1 1
-4585.5 -2037.0 3.6 351 0 15.6 9.6 2.5 0.0 0 0 1 0 0
-4610.7 -2010.1 3.1 171 0 15.2 11.4 5.0 2.5 2 0 2 5 5
-4626.1 -1983.3 2.7 171 0 15.3 11.4 2.5 2.5 2 0 1 2 2
-4749.9 -1961.1 2.6 177 0 9.4 11.1 5.0 2.5 4 1 2 1 1
-3805.9 -963.3 -12.2 216 0 8.4 10.7 5.0 2.5 2 1 2 5 5
-4481.6 -416.1 -18.5 217 0 10.5 11.5 5.0 2.5 2 1 2 1 1
-4770.1 -2098.7 5.7 359 0 37.8 14.4 10.0 2.5 2 0 4 3 3
-4670.2 -2143.7 6.4 266 0 11.3 8.6 5.0 2.5 2 0 2 4 4
-4630.4 -2137.0 6.1 281 0 12.6 10.6 2.5 2.5 2 0 1 0 0
-4581.4 -2148.0 6.1 274 0 9.0 12.1 5.0 2.5 2 1 2 2 2
-4616.4 -2269.9 7.4 173 0 4.9 17.1 7.5 2.5 2 1 3 1 1
-4729.7 -1972.6 3.0 88 0 6.8 7.2 7.5 0.0 0 1 3 0 0
-4662.3 -1957.0 2.4 175 0 8.3 4.8 2.5 2.5 2 0 1 3 3
-4611.4 -2059.5 4.3 91 0 8.2 5.9 5.0 0.0 0 0 2 2 2
-4373.4 -2099.2 3.8 86 0 12.0 4.5 7.5 2.5 2 0 3 1 1
-4683.4 -2151.0 6.6 265 0 4.5 8.6 5.0 2.5 2 1 2 5 5
-3832.4 -980.9 -12.2 215 0 13.2 6.9 5.0 2.5 2 0 2 5 5
-4479.7 -387.5 -18.6 307 0 7.6 12.6 5.0 2.5 2 1 2 3 3
-4629.5 -2019.1 3.4 351 0 27.7 6.6 7.5 2.5 2 0 3 3 3
-4635.5 -2153.8 6.4 281 0 21.7 4.5 7.5 2.5 2 0 3 3 3
-4409.4 -2130.7 4.5 89 0 3.4 13.8 2.5 2.5 2 1 1 0 0
-4544.7 -2141.1 5.5 87 0 6.7 8.9 5.0 2.5 2 1 2 2 2
-4592.1 -2173.8 6.6 274 0 16.3 4.8 7.5 0.0 0 0 3 2 2
-4645.1 -1990.8 2.9 352 0 30.9 6.7 7.5 2.5 2 0 3 4 4
-4437.1 -2113.9 4.4 186 0 14.4 4.6 5.0 2.5 2 0 2 2 2
-4441.8 -2100.5 4.2 93 0 10.6 4.2 5.0 2.5 2 0 2 1 1
-6657.6 -7601.8 -52.2 350 0 12.5 9.7 7.5 2.5 2 0 3 4 4
-6573.1 -7932.8 -52.7 316 0 8.3 22.3 2.5 2.5 2 1 1 3 3
-6604.7 -7976.0 -52.9 46 0 13.3 5.9 7.5 0.0 0 0 3 5 5
-6578.8 -7839.7 -53.2 349 0 14.1 10.6 2.5 2.5 2 0 1 2 2
-6646.0 -7995.4 -52.8 139 0 15.6 5.1 7.5 2.5 2 0 3 4 4
-6676.6 -8005.3 -52.4 227 0 5.6 6.0 7.5 2.5 2 0 3 1 1
-6744.5 -7638.1 -55.1 265 0 29.6 9.4 7.5 0.0 0 0 3 5 5
-6734.8 -8026.0 -51.6 316 0 10.5 15.4 5.0 2.5 2 1 2 1 1
-6608.9 -8037.8 -52.2 140 0 10.0 6.3 5.0 2.5 2 0 2 2 2
-6708.7 -8113.4 -51.5 140 0 7.5 23.1 2.5 2.5 2 1 1 1 1
-6709.8 -7635.8 -55.3 264 0 24.9 9.4 7.5 2.5 2 0 3 3 3
-6596.7 -8052.5 -51.0 141 0 8.2 6.3 5.0 2.5 2 0 2 4 4
-6582.5 -7923.4 -52.7 314 0 7.0 5.0 5.0 2.5 2 0 2 1 1
-6602.5 -8045.5 -51.6 141 0 10.1 6.3 5.0 0.0 0 0 2 2 2
-6570.4 -7926.7 -52.6 135 0 12.7 6.2 7.5 0.0 0 0 3 2 2
-6584.7 -7604.8 -51.0 256 0 7.1 5.3 5.0 2.5 2 0 2 0 0
-6649.6 -7743.2 -54.6 117 0 14.8 7.3 5.0 2.5 2 0 2 2 2
-6565.7 -7751.0 -54.7 170 0 5.3 7.8 5.0 2.5 2 0 2 4 4
-6634.1 -8025.1 -52.9 319 0 6.5 10.4 7.5 2.5 2 1 3 5 5
-6560.6 -8074.8 -49.1 54 0 12.1 10.3 7.5 2.5 2 0 3 3 3
-6767.4 -8051.1 -51.9 139 0 18.5 11.5 5.0 2.5 4 0 2 4 4
-6783.7 -7348.3 -46.0 144 0 36.6 9.4 7.5 2.5 2 0 3 1 1
-6558.2 -7599.2 -50.3 342 0 4.9 13.1 5.0 2.5 2 1 2 3 3
-6617.1 -7945.4 -52.7 217 0 15.9 8.0 7.5 2.5 2 0 3 3 3
-6640.9 -7718.2 -54.9 297 0 7.5 6.9 7.5 2.5 2 0 3 0 0
-6873.6 -4508.3 -5.7 72 0 11.6 22.8 7.5 2.5 2 1 3 1 1
-6645.2 -8049.5 -52.8 49 0 8.0 11.1 5.0 2.5 2 1 2 4 4
-6742.9 -7341.4 -44.6 55 0 5.0 36.6 7.5 2.5 2 1 3 3 3
-6559.0 -7744.3 -54.1 171 0 5.6 7.3 7.5 2.5 2 0 3 5 5
-6614.3 -7621.1 -52.4 168 0 19.5 9.7 5.0 2.5 4 0 2 2 2
-6531.8 -7729.3 -52.7 343 0 10.6 6.8 7.5 2.5 4 0 3 4 4
-6681.7 -8010.0 -52.3 227 0 8.3 6.1 7.5 2.5 4 0 3 5 5
-6802.5 -7299.8 -40.9 231 0 5.3 7.1 7.5 2.5 4 1 3 5 5
-6747.4 -8018.5 -51.4 315 0 6.1 11.2 2.5 2.5 2 1 1 2 2
-6780.1 -7640.7 -53.9 264 0 33.0 12.6 12.5 2.5 2 0 5 3 3
-6708.6 -7947.7 -52.1 138 0 6.6 13.5 7.5 2.5 2 1 3 2 2
-6623.6 -7726.8 -55.0 18 0 5.2 10.4 7.5 2.5 2 1 3 3 3
-6589.2 -8070.0 -50.4 146 0 27.0 8.6 2.5 0.0 0 0 1 3 3
-6668.3 -7637.0 -53.7 84 0 8.0 4.8 5.0 2.5 2 0 2 3 3
-6602.2 -7995.8 -53.1 229 0 15.9 10.2 5.0 2.5 2 0 2 3 3
-6577.9 -8001.6 -53.0 320 0 8.8 10.8 7.5 0.0 0 0 3 3 3
-6607.9 -7978.5 -52.9 44 0 4.4 11.4 7.5 2.5 4 0 3 0 0
-6588.2 -7909.3 -52.6 124 0 9.0 16.5 2.5 2.5 2 1 1 4 4
-6605.5 -7929.0 -52.7 218 0 21.9 7.8 7.5 2.5 2 0 3 0 0
-6590.0 -7619.0 -51.5 43 0 6.6 13.2 7.5 2.5 2 1 3 3 3
-6554.3 -8025.9 -51.2 323 0 9.0 12.4 7.5 2.5 4 1 3 0 0
-1495.7 -7441.4 -25.5 198 0 14.2 11.1 5.0 2.5 2 0 2 1 1
-1602.2 -7601.5 -24.0 100 0 7.9 16.8 5.0 2.5 2 1 2 4 4
-1396.1 -7417.5 -24.6 280 0 12.2 8.8 2.5 2.5 2 0 1 2 2
-1625.8 -7436.5 -24.7 286 0 15.6 12.2 2.5 2.5 2 0 1 1 1
-1468.9 -7461.0 -25.0 105 0 8.5 6.2 5.0 2.5 2 0 2 4 4
-1589.0 -7620.5 -24.7 96 0 22.5 10.4 2.5 2.5 2 0 1 4 4
-1468.2 -7412.1 -25.5 280 0 20.8 7.5 5.0 2.5 2 0 2 2 2
-1522.0 -7508.7 -25.0 195 0 14.4 10.1 5.0 2.5 4 0 2 1 1
-1521.9 -7453.1 -26.1 35 0 8.3 21.6 5.0 2.5 4 1 2 4 4
-1551.7 -7582.3 -24.2 6 0 12.9 8.3 5.0 2.5 2 0 2 4 4
-1628.8 -7564.4 -23.0 280 0 13.3 9.6 2.5 2.5 2 0 1 4 4
-1561.1 -7456.6 -25.4 306 0 9.0 15.9 7.5 2.5 2 1 3 2 2
-1498.4 -7464.3 -25.3 26 0 15.7 8.6 5.0 2.5 2 0 2 0 0
-1644.8 -7559.7 -23.1 281 0 7.6 25.0 5.0 0.0 0 1 2 3 3
-1520.2 -7531.2 -24.3 15 0 14.3 7.7 7.5 2.5 2 0 3 1 1
-1448.7 -7411.7 -25.3 6 0 18.3 7.9 5.0 2.5 2 0 2 3 3
-1451.9 -7514.0 -25.0 10 0 9.5 13.3 5.0 2.5 2 1 2 5 5
-1627.4 -7545.3 -23.1 105 0 6.2 7.5 5.0 2.5 2 1 2 0 0
-1554.4 -7620.2 -25.0 96 0 17.5 8.9 2.5 2.5 2 0 1 3 3
-1500.8 -7505.4 -25.2 288 0 6.8 7.7 5.0 2.5 2 1 2 4 4
-1611.0 -7440.8 -24.8 286 0 15.2 12.2 5.0 0.0 0 0 2 3 3
-1571.4 -7576.2 -23.9 187 0 10.8 7.0 5.0 2.5 2 0 2 0 0
-1435.7 -7467.4 -24.7 98 0 6.7 6.9 2.5 0.0 0 1 1 0 0
-1540.3 -7478.7 -25.3 36 0 9.5 11.9 5.0 2.5 2 0 2 0 0
-1483.5 -7467.9 -25.1 285 0 7.7 22.3 7.5 2.5 2 0 3 2 2
-1487.4 -7489.6 -25.1 276 0 5.0 6.2 5.0 2.5 2 0 2 5 5
-1633.8 -7479.4 -24.2 108 0 20.8 8.9 5.0 2.5 2 0 2 0 0
-1537.7 -7596.4 -24.8 4 0 20.3 6.4 7.5 2.5 4 0 3 2 2
-1549.4 -7491.3 -24.6 35 0 8.9 17.9 2.5 2.5 2 1 1 4 4
-1571.8 -7597.2 -24.3 97 0 4.1 15.6 2.5 2.5 2 0 1 0 0
-1593.8 -7575.8 -23.7 185 0 9.8 15.1 5.0 2.5 2 1 2 2 2
-1610.1 -7482.6 -24.0 109 0 10.8 9.0 2.5 2.5 2 0 1 4 4
-1649.7 -7596.1 -23.2 190 0 6.4 13.3 5.0 2.5 2 1 2 3 3
-1577.8 -7539.2 -23.1 220 0 9.4 9.1 5.0 2.5 2 0 2 5 5
-1678.7 -7465.3 -24.9 104 0 4.9 11.1 2.5 0.0 0 1 1 2 2
-1643.4 -7737.4 -25.7 187 0 8.9 8.7 5.0 2.5 2 0 2 0 0
-1691.7 -7462.2 -25.2 103 0 12.0 9.5 2.5 2.5 2 0 1 0 0
-1595.7 -7743.9 -26.2 10 0 8.2 8.9 2.5 2.5 2 0 1 5 5
-1586.5 -7744.4 -26.3 8 0 7.4 9.2 5.0 2.5 2 0 2 4 4
-1765.0 -7520.4 -25.3 281 0 15.1 13.1 2.5 2.5 2 0 1 5 5
-1721.2 -7533.9 -24.6 285 0 15.2 9.5 5.0 2.5 2 0 2 4 4
-1713.4 -7520.3 -24.7 108 0 10.1 14.4 5.0 2.5 2 1 2 5 5
-1716.2 -7715.1 -24.6 13 0 12.2 10.3 2.5 2.5 2 0 1 5 5
-1675.9 -7723.5 -24.9 279 0 8.3 15.3 7.5 2.5 2 1 3 0 0
-1872.2 -7697.4 -23.9 185 0 18.2 13.0 5.0 0.0 0 0 2 5 5
-1838.1 -7707.4 -24.2 6 0 7.5 13.0 7.5 0.0 0 1 3 1 1
-1681.5 -7583.9 -23.5 106 0 16.8 6.1 2.5 2.5 2 0 1 4 4
-1703.7 -7449.0 -25.5 102 0 9.1 6.9 5.0 0.0 0 0 2 1 1
-1708.3 -7591.3 -24.0 14 0 10.1 30.1 10.0 2.5 2 1 4 4 4
-1688.9 -7433.1 -25.4 280 0 14.4 5.8 5.0 2.5 2 0 2 5 5
-1664.3 -7434.2 -25.0 285 0 7.0 13.3 7.5 2.5 2 1 3 3 3
-1703.1 -7549.0 -24.1 286 0 8.8 25.1 5.0 0.0 0 1 2 1 1
-1715.6 -7781.1 -25.9 86 0 9.2 6.3 7.5 2.5 2 0 3 1 1
-1628.1 -7777.6 -26.1 179 0 7.2 8.2 2.5 2.5 2 1 1 5 5
-1687.1 -7545.1 -23.9 286 0 5.4 15.6 5.0 2.5 2 1 2 5 5
-1738.1 -7526.7 -24.8 284 0 8.0 24.7 5.0 0.0 0 1 2 1 1
-1673.8 -7482.5 -24.6 287 0 10.0 8.1 2.5 2.5 2 0 1 2 2
-1761.0 -7557.0 -24.9 98 0 19.1 8.7 7.5 2.5 2 0 3 5 5
-1628.6 -7752.5 -25.9 189 0 12.7 5.1 7.5 2.5 4 0 3 2 2
-1694.9 -7478.1 -24.8 284 0 10.9 6.6 5.0 2.5 2 0 2 5 5
-6363.8 838.9 4.3 241 0 7.9 16.2 5.0 0.0 0 1 2 0 0
-6620.9 697.8 -0.4 142 0 5.3 13.9 5.0 2.5 2 1 2 3 3
-6546.2 685.9 -0.0 335 0 26.7 6.9 5.0 2.5 2 0 2 4 4
-6472.9 816.5 2.1 65 0 7.5 17.2 5.0 2.5 2 0 2 5 5
-6693.6 754.4 -0.8 70 0 7.5 15.7 5.0 2.5 2 0 2 1 1
-6339.3 901.3 4.8 248 0 6.3 10.1 7.5 2.5 2 1 3 0 0
-6505.6 743.7 0.3 66 0 5.0 10.0 2.5 2.5 2 1 1 0 0
-6525.6 796.7 0.8 72 0 22.7 10.1 5.0 2.5 2 0 2 0 0
-6607.6 772.5 -1.0 72 0 13.3 9.5 5.0 2.5 2 0 2 1 1
-6512.4 690.4 0.3 151 0 11.8 4.8 5.0 2.5 2 0 2 4 4
-6354.1 862.0 4.6 68 0 4.7 11.3 5.0 2.5 2 1 2 0 0
-6633.4 735.5 -0.9 245 0 8.6 6.7 5.0 2.5 2 0 2 4 4
-6642.5 746.5 -1.1 244 0 4.7 10.5 5.0 2.5 2 1 2 0 0
-6564.7 784.6 -0.5 71 0 16.1 12.1 5.0 2.5 4 0 2 1 1
-6585.5 777.3 -0.8 70 0 7.0 18.1 5.0 2.5 2 0 2 1 1
-6416.0 833.7 3.1 70 0 19.7 9.5 5.0 2.5 2 0 2 0 0
-6480.2 832.1 2.3 65 0 7.5 8.6 7.5 2.5 2 0 3 3 3
-6378.2 847.6 3.8 68 0 15.9 9.9 5.0 2.5 2 0 2 0 0
-6396.9 850.1 3.5 67 0 8.9 22.7 5.0 2.5 4 1 2 4 4
-6542.3 708.7 -0.1 147 0 10.1 10.3 5.0 2.5 2 0 2 3 3
-6632.1 763.6 -1.2 69 0 14.2 9.9 5.0 2.5 2 0 2 3 3
-6439.1 850.3 3.1 67 0 6.0 7.1 5.0 0.0 0 0 2 0 0
-6726.5 762.6 -1.0 243 0 6.9 6.0 7.5 2.5 2 0 3 0 0
-6346.9 847.1 4.9 246 0 13.5 9.6 5.0 2.5 2 0 2 2 2
-6463.0 792.0 1.9 241 0 4.9 9.8 5.0 2.5 2 1 2 3 3
-6533.6 714.4 -0.1 147 0 10.1 11.0 5.0 2.5 2 0 2 3 3
-6656.3 799.3 -0.8 245 0 5.6 7.9 2.5 2.5 2 0 1 1 1
-6336.7 869.1 5.1 68 0 13.6 9.6 5.0 2.5 2 0 2 1 1
-6386.8 859.0 3.7 68 0 8.5 19.8 5.0 2.5 2 1 2 4 4
-6662.7 796.3 -0.9 245 0 8.7 7.9 7.5 2.5 2 0 3 2 2
-6535.4 687.0 0.1 157 0 9.1 10.0 5.0 2.5 2 1 2 4 4
-6687.4 730.5 -0.8 249 0 10.0 30.2 7.5 0.0 0 1 3 5 5
-6545.3 801.7 0.7 62 0 6.4 5.5 5.0 2.5 2 0 2 3 3
-6421.7 887.3 3.0 246 0 24.7 9.6 7.5 2.5 2 0 3 5 5
-6430.4 777.8 2.1 336 0 6.2 6.6 7.5 2.5 2 0 3 4 4
-6378.3 789.1 3.2 152 0 9.3 4.1 5.0 2.5 2 0 2 0 0
-6439.2 792.1 2.2 337 0 6.2 10.6 5.0 2.5 2 0 2 3 3
-6628.6 784.2 -0.9 66 0 5.6 10.5 7.5 2.5 4 1 3 1 1
-6423.9 777.9 2.3 159 0 10.0 16.3 5.0 2.5 2 1 2 5 5
-6383.2 811.2 3.4 147 0 9.4 14.1 5.0 2.5 4 1 2 0 0
-6591.7 794.3 -0.5 71 0 7.5 20.6 7.5 2.5 4 0 3 1 1
-6610.6 819.2 -0.4 248 0 17.2 9.6 2.5 2.5 2 0 1 1 1
-6510.9 677.4 0.4 332 0 8.9 41.6 7.5 2.5 2 1 3 5 5
-6688.7 742.5 -0.8 70 0 8.6 12.8 2.5 2.5 2 0 1 5 5
-6446.7 800.2 2.1 248 0 15.4 7.3 7.5 2.5 2 0 3 1 1
-6655.9 767.4 -1.1 69 0 5.0 20.8 7.5 2.5 2 1 3 1 1
-6462.9 769.6 1.6 333 0 10.2 6.3 7.5 0.0 0 0 3 4 4
-6431.1 829.2 3.0 68 0 6.1 22.5 7.5 2.5 2 0 3 5 5
-6824.4 735.2 -1.3 246 0 5.9 18.7 7.5 0.0 0 1 3 5 5
-6784.4 482.1 -4.3 308 0 7.1 11.8 2.5 0.0 0 1 1 4 4
-6783.4 456.2 -4.3 83 0 7.1 11.8 5.0 0.0 0 1 2 1 1
-6849.1 662.4 -3.9 62 0 7.9 16.4 7.5 2.5 2 1 3 3 3
-6870.9 644.6 -4.8 73 0 8.6 13.1 5.0 2.5 2 0 2 3 3
-6735.8 736.2 -0.8 65 0 4.6 3.1 2.5 2.5 2 0 1 2 2
-6606.0 643.4 0.5 75 0 5.6 10.8 2.5 2.5 2 1 1 2 2
-6828.0 529.7 -4.9 70 0 11.4 46.0 7.5 2.5 2 1 3 5 5
-6821.4 671.3 -2.9 64 0 16.2 10.1 7.5 2.5 4 0 3 0 0
-6947.2 624.0 -6.0 144 0 4.9 9.6 5.0 2.5 2 1 2 4 4
-6880.8 662.1 -4.7 163 0 13.2 8.6 5.0 2.5 2 0 2 3 3
-6875.7 705.7 -3.5 261 0 10.3 7.2 7.5 0.0 0 0 3 2 2
-6607.4 630.8 0.2 69 0 11.3 8.7 5.0 2.5 2 0 2 5 5
-6627.1 656.9 0.3 156 0 17.4 6.8 5.0 2.5 4 0 2 2 2
-6759.7 702.7 -0.4 43 0 15.9 6.9 5.0 2.5 2 0 2 3 3
-6738.2 746.1 -1.1 60 0 9.6 8.7 7.5 2.5 2 0 3 3 3
-6778.7 688.4 -0.7 58 0 14.0 10.1 7.5 0.0 0 0 3 5 5
-6728.8 729.2 -0.8 65 0 11.2 9.3 5.0 0.0 0 0 2 0 0
-6774.4 752.1 -1.1 244 0 5.4 14.2 7.5 2.5 2 1 3 3 3
-6749.1 695.0 -0.2 227 0 10.7 17.7 2.5 0.0 0 1 1 3 3
-1901.6 -7409.1 -24.1 98 0 17.0 9.0 5.0 2.5 2 0 2 3 3
-1816.3 -7515.3 -25.3 274 0 16.2 10.9 5.0 2.5 2 0 2 1 1
-1762.5 -7452.0 -25.4 101 0 10.9 11.9 2.5 2.5 2 0 1 0 0
-1774.1 -7497.8 -25.5 102 0 4.3 8.2 5.0 2.5 2 1 2 2 2
-1795.6 -7521.6 -25.5 272 0 7.3 22.8 7.5 2.5 2 1 3 3 3
-1809.0 -7561.4 -25.4 96 0 25.1 10.0 7.5 2.5 2 0 3 0 0
-1804.4 -7491.4 -25.1 104 0 9.4 4.9 2.5 2.5 2 0 1 4 4
-1786.9 -7284.0 -24.2 284 0 31.5 12.8 7.5 2.5 2 0 3 3 3
-1867.1 -7369.2 -24.5 278 0 32.1 11.0 7.5 2.5 2 0 3 0 0
-1889.1 -7397.1 -24.3 99 0 4.6 15.1 5.0 2.5 2 1 2 4 4
-1822.1 -7532.4 -25.3 275 0 7.6 14.7 7.5 2.5 2 1 3 2 2
-1859.9 -7416.9 -24.5 103 0 8.0 27.5 5.0 2.5 2 1 2 0 0
-1794.7 -7462.2 -25.1 283 0 22.5 11.5 10.0 2.5 2 0 4 5 5
-1896.6 -7397.2 -24.2 99 0 7.6 16.3 7.5 2.5 2 1 3 5 5
-1752.2 -7378.5 -25.2 11 0 12.6 37.4 10.0 2.5 2 0 4 5 5
-1845.3 -7416.2 -24.9 103 0 12.9 67.6 7.5 2.5 2 1 3 4 4
-1774.2 -7261.9 -23.8 285 0 14.7 8.9 5.0 2.5 2 0 2 3 3
-1795.2 -7493.7 -25.3 103 0 9.5 8.3 5.0 2.5 2 0 2 0 0
-1880.8 -7411.3 -24.3 100 0 17.1 10.6 5.0 2.5 2 0 2 2 2
-1820.9 -7432.3 -24.7 114 0 33.5 9.6 7.5 2.5 2 0 3 1 1
-1768.3 -7352.4 -25.2 11 0 24.8 16.6 12.5 2.5 2 0 5 3 3
-1974.0 -7404.1 -23.7 95 0 16.3 11.1 5.0 2.5 4 0 2 5 5
-2021.0 -7223.8 -21.8 187 0 8.2 13.5 5.0 0.0 0 1 2 3 3
-2116.3 -7471.7 -20.3 189 0 8.3 12.9 5.0 2.5 2 1 2 2 2
-2079.8 -7530.2 -22.3 92 0 9.0 8.3 2.5 2.5 2 0 1 0 0
-1975.4 -7493.7 -23.3 280 0 14.2 9.6 2.5 0.0 0 0 1 1 1
-1907.8 -7567.4 -24.5 8 0 11.3 15.3 5.0 0.0 0 1 2 2 2
-2115.4 -7633.8 -18.3 279 0 15.4 7.6 5.0 2.5 2 0 2 4 4
-1912.1 -7394.4 -24.1 98 0 4.9 13.4 2.5 2.5 4 1 1 4 4
-2032.1 -7367.6 -21.7 272 0 7.3 5.3 7.5 0.0 0 0 3 1 1
-2020.9 -7207.8 -21.4 189 0 5.5 13.0 7.5 2.5 2 1 3 2 2
-2120.8 -7206.0 -20.1 272 0 5.0 10.6 2.5 2.5 2 1 1 5 5
-2113.4 -7362.5 -19.0 136 0 10.6 8.1 5.0 2.5 2 0 2 4 4
-2040.0 -7347.7 -21.2 270 0 6.0 8.3 5.0 2.5 4 1 2 3 3
-2065.7 -7394.3 -20.4 94 0 8.8 26.2 7.5 2.5 4 1 3 4 4
-1923.2 -7523.2 -24.1 290 0 5.8 13.7 7.5 2.5 2 1 3 0 0
-1993.9 -7549.5 -23.5 104 0 11.4 9.4 2.5 2.5 2 0 1 1 1
-1987.8 -7506.5 -23.3 280 0 8.1 24.1 5.0 2.5 2 1 2 5 5
-2086.7 -7372.1 -19.7 108 0 7.9 8.2 5.0 2.5 2 1 2 1 1
-2121.3 -7512.3 -21.0 188 0 5.2 9.7 5.0 2.5 2 1 2 2 2
-1978.7 -7387.2 -23.8 99 0 7.2 19.8 7.5 2.5 2 1 3 5 5
-1979.6 -7552.7 -23.6 104 0 11.7 9.5 5.0 2.5 2 0 2 5 5
-2098.0 -7451.6 -20.6 263 0 5.8 15.3 7.5 2.5 2 1 3 4 4
-2036.6 -7544.3 -22.9 86 0 6.9 6.4 5.0 2.5 2 0 2 2 2
-2124.9 -7654.9 -17.9 164 0 16.6 5.6 2.5 2.5 2 0 1 3 3
-1931.0 -7393.4 -24.0 97 0 7.4 13.5 2.5 2.5 2 1 1 5 5
-1951.7 -7502.0 -23.6 283 0 7.9 25.9 5.0 2.5 2 0 2 1 1
-1952.0 -7538.5 -23.9 104 0 21.1 9.6 2.5 0.0 0 0 1 2 2
-1891.9 -7571.2 -24.8 189 0 7.8 4.2 7.5 2.5 2 0 3 5 5
-2035.2 -7506.3 -22.7 280 0 5.4 17.3 2.5 2.5 2 1 1 2 2
-1965.7 -7515.8 -23.5 281 0 6.1 13.2 5.0 2.5 2 1 2 3 3
-1926.5 -7592.5 -24.8 188 0 6.6 27.8 7.5 2.5 2 1 3 0 0
-2076.5 -7141.8 -18.9 102 0 12.7 13.6 7.5 2.5 4 1 3 5 5
-97.0 -5518.3 -16.9 10 0 11.4 10.3 5.0 2.5 2 0 2 3 3
-165.0 -5688.3 -21.0 273 0 8.1 30.0 5.0 0.0 0 1 2 3 3
-112.0 -5703.5 -20.7 183 0 20.5 10.2 5.0 2.5 2 0 2 3 3
-1888.1 -7527.8 -24.6 187 0 16.9 8.4 7.5 2.5 2 0 3 4 4
-1675.5 -7490.4 -24.5 284 0 8.5 14.1 2.5 2.5 2 0 1 5 5
-176.4 -5733.8 -21.7 180 0 8.4 4.9 5.0 2.5 2 0 2 1 1
-158.1 -5751.0 -22.1 89 0 26.6 8.2 7.5 2.5 2 0 3 4 4
-2055.0 -7502.7 -22.5 293 0 5.3 5.7 2.5 2.5 2 1 1 5 5
-208.8 -5102.4 -20.4 16 0 3.8 6.8 5.0 2.5 2 1 2 4 4
-107.0 -5725.5 -21.1 187 0 3.9 8.4 7.5 2.5 2 1 3 5 5
-128.1 -5502.3 -18.1 192 0 13.5 6.8 5.0 2.5 2 0 2 4 4
-65.2 -5726.8 -21.3 8 0 8.0 20.1 7.5 2.5 2 1 3 2 2
-2086.2 -7508.0 -22.3 95 0 4.9 6.1 5.0 2.5 2 1 2 1 1
-130.7 -5514.2 -17.4 192 0 10.9 8.5 2.5 2.5 2 0 1 5 5
-249.5 -5131.3 -19.4 181 0 10.4 6.8 7.5 2.5 2 0 3 2 2
-102.8 -5757.2 -22.6 96 0 6.8 17.5 2.5 2.5 2 1 1 4 4
-235.2 -5120.9 -19.8 16 0 4.7 8.9 2.5 2.5 2 1 1 4 4
-747.9 -2682.8 -2.8 213 0 7.2 14.6 7.0 0.0 0 1 2 2 2
-786.6 -2517.4 -8.5 303 0 21.6 62.0 10.0 2.5 2 0 4 4 4
-1273.4 -2735.3 -5.5 134 0 14.0 10.2 5.0 2.5 2 0 2 4 4
-1197.1 -2716.9 -6.9 1 0 19.8 13.4 7.5 2.5 2 0 3 3 3
-1161.9 -2812.3 -8.7 167 0 10.1 5.3 7.5 2.5 2 0 3 0 0
-1139.4 -8446.9 -34.4 98 0 15.3 9.9 5.0 2.5 2 0 2 0 0
-473.1 -5083.1 -14.6 104 0 7.3 16.0 5.0 2.5 2 1 2 0 0
-801.4 -2507.4 -8.6 305 0 15.1 62.0 2.5 2.5 2 0 1 5 5
64.0 -241.5 -4.4 289 0 11.8 15.8 5.0 2.5 2 1 2 1 1
28.0 -254.7 -3.8 202 0 5.0 18.7 5.0 2.5 2 1 2 1 1
5003.8 1063.6 -5.9 312 0 10.8 6.3 7.5 2.5 2 0 3 0 0
5011.9 1056.3 -5.9 312 0 11.1 6.2 5.0 2.5 2 0 2 5 5
4986.5 1038.1 -6.0 133 0 35.2 10.2 12.5 2.5 2 0 5 0 0
5180.2 984.2 -4.8 309 0 12.4 7.8 7.5 2.5 2 0 3 3 3
5160.6 958.8 -4.0 130 0 9.5 19.4 2.5 2.5 2 1 1 5 5
5183.0 941.3 -2.4 131 0 9.7 6.5 5.0 2.5 2 0 2 3 3
5217.2 936.3 -2.6 311 0 15.5 15.6 10.0 0.0 0 1 4 2 2
5293.6 925.4 -4.7 40 0 50.5 12.6 15.0 0.0 0 0 6 1 1
4321.9 1170.9 -36.8 30 0 11.7 7.4 5.0 2.5 2 0 2 5 5
4572.9 1887.7 -30.5 6 0 3.8 8.9 5.0 2.5 2 0 2 1 1
2915.8 4040.2 -14.1 41 0 8.5 6.9 2.5 2.5 2 0 1 0 0
2924.3 4079.6 -14.0 40 0 3.9 4.8 7.5 2.5 2 1 3 1 1
2904.3 4097.7 -14.4 312 0 5.4 13.8 7.5 0.0 0 1 3 5 5
2879.7 4119.5 -15.2 310 0 8.4 19.0 7.5 2.5 2 1 3 3 3
6376.3 4034.0 -35.8 120 0 7.0 3.9 7.5 0.0 0 0 3 3 3
6366.4 4039.8 -35.8 119 0 5.6 4.1 7.5 2.5 2 0 3 0 0
6326.8 3831.4 -41.3 63 0 4.6 7.4 7.5 2.5 2 1 3 0 0
6520.9 6327.6 -37.3 91 0 14.9 11.0 5.0 2.5 2 0 2 4 4
1509.9 8254.5 -30.4 262 0 4.2 5.2 2.5 2.5 2 1 1 2 2
1595.9 8217.8 -30.9 271 0 3.3 6.7 7.5 2.5 2 1 3 0 0
737.9 -2937.5 -26.1 202 0 20.9 12.3 12.5 2.5 2 0 5 0 0
772.6 -2978.7 -24.9 22 0 10.5 17.0 7.5 2.5 2 1 3 5 5
815.4 -2952.6 -27.8 292 0 16.9 19.0 10.0 2.5 2 1 4 0 0
-29.2 -2884.6 -33.9 114 0 3.0 3.7 7.0 3.5 2 1 2 3 3
-915.8 -2716.3 -8.4 278 0 68.2 6.2 7.5 0.0 0 0 3 2 2
-5.5 -4051.8 -18.0 264 0 10.8 18.3 5.0 2.5 2 1 2 4 4
1801.2 -4126.9 -15.2 99 0 6.8 7.6 7.5 2.5 4 0 3 5 5
1806.2 -4134.8 -15.5 100 0 6.7 6.9 7.5 2.5 4 0 3 0 0
1830.5 -4115.2 -14.9 7 0 10.2 9.3 5.0 2.5 2 0 2 1 1
1092.9 -3666.4 -9.8 130 0 7.9 12.2 5.0 2.5 2 1 2 2 2
1105.4 -3628.0 -10.0 191 0 8.1 12.4 7.5 2.5 2 1 3 0 0
1670.7 -2906.9 -21.2 133 0 15.4 5.8 7.5 2.5 2 0 3 5 5
-404.7 -5529.3 -19.3 286 0 25.8 36.6 7.5 0.0 0 1 3 3 3
-40.4 -3909.1 -16.8 173 0 9.3 11.8 5.0 2.5 2 1 2 3 3
-54.4 -3833.6 -18.0 265 0 14.1 31.0 7.5 2.5 2 1 3 1 1
-123.0 -3360.0 -33.4 264 0 6.5 5.2 7.5 2.5 2 0 3 5 5
-943.8 -5063.2 -16.3 10 0 12.0 11.3 7.5 2.5 2 0 3 4 4
-945.4 -5074.0 -16.5 6 0 10.0 11.5 7.5 2.5 2 0 3 4 4
-946.1 -5083.3 -16.7 5 0 4.4 8.4 5.0 2.5 2 0 2 1 1
-946.3 -5036.9 -15.6 12 0 6.6 5.7 5.0 2.5 2 0 2 1 1
-921.7 -4987.3 -14.3 277 0 6.2 12.9 7.5 2.5 2 1 3 2 2
-65.7 -5634.3 -18.6 280 0 13.2 21.8 10.0 2.5 2 1 4 3 3
-1118.7 -7957.4 -23.3 199 0 16.7 11.4 10.0 2.5 2 0 4 3 3
-2107.6 -7151.0 -18.6 271 0 13.1 6.1 5.0 2.5 2 0 2 5 5
305.9 -2864.5 -39.2 271 0 5.0 5.0 10.5 3.5 4 0 3 2 2
313.6 -2861.8 -39.6 272 0 7.4 3.5 10.5 3.5 2 0 3 1 1
169.4 -2857.2 -34.5 341 0 4.4 3.1 10.5 3.5 4 0 3 1 1
-443.0 -2514.9 -13.6 281 0 8.4 17.6 5.0 2.5 2 1 2 5 5
-398.0 -2683.5 -19.9 259 0 5.7 8.0 7.5 2.5 2 1 3 1 1
-519.0 -2784.1 -15.5 2 0 6.1 5.0 10.5 3.5 2 0 3 3 3
-711.4 -2806.7 -2.0 104 0 3.6 6.5 2.5 2.5 2 1 1 4 4
-308.8 -2870.6 -32.4 29 0 14.2 7.4 10.5 3.5 2 0 3 1 1
-487.4 -5054.4 -13.5 192 0 4.6 3.7 5.0 2.5 2 0 2 0 0
-562.9 -2987.9 -27.2 109 1 16.9 11.4 10.0 0.0 0 0 4 4 4
-396.4 -3223.1 -36.6 125 0 13.0 8.6 5.0 2.5 4 0 2 0 0
-427.0 -3113.8 -37.7 205 0 10.0 11.0 2.5 2.5 2 1 1 5 5
81.8 -3177.9 -44.2 198 0 12.6 8.2 5.0 2.5 2 0 2 5 5
-91.8 -4372.2 -17.8 11 0 17.6 16.5 10.0 0.0 0 0 4 0 0
29.3 -3322.2 -36.2 205 0 6.9 7.1 2.5 2.5 4 1 1 1 1
-699.6 -2691.6 -3.7 190 0 4.6 5.0 7.5 2.5 2 1 3 0 0
-85.1 -3018.2 -39.0 167 0 11.9 5.8 10.5 3.5 2 0 3 1 1
6925.9 5917.7 -48.8 29 0 4.6 6.5 5.0 2.5 2 0 2 0 0
4599.3 1514.1 -26.2 92 0 7.5 8.3 5.0 2.5 2 1 2 2 2
4325.3 1243.7 -38.6 223 0 7.6 11.4 7.5 2.5 2 1 3 3 3
1975.9 -4395.7 -33.0 328 0 8.1 13.8 5.0 0.0 0 1 2 4 4
-736.0 -648.1 -19.7 101 0 11.9 16.5 2.5 2.5 2 1 1 4 4
-713.7 -553.9 -23.7 313 0 9.4 16.7 2.5 2.5 2 1 1 0 0
-703.4 -609.1 -21.1 8 0 8.3 12.1 7.5 2.5 2 1 3 2 2
-206.8 -3341.3 -35.9 356 0 4.2 4.1 7.5 2.5 2 0 3 1 1
1835.1 7517.3 -29.4 135 0 33.7 5.1 2.5 2.5 2 0 1 5 5
1947.0 7482.5 -26.6 222 0 11.1 6.6 2.5 2.5 2 0 1 5 5
-57.6 -3787.4 -18.9 316 0 4.1 4.0 7.5 2.5 2 0 3 5 5
5764.3 3509.5 -31.3 304 0 7.3 13.5 7.5 2.5 2 0 3 5 5
5800.2 3508.0 -30.9 329 0 5.4 12.0 7.5 2.5 2 1 3 4 4
6549.9 6331.8 -38.2 95 0 6.2 4.3 7.5 2.5 2 0 3 3 3
6783.6 6258.7 -42.3 101 0 3.1 3.1 2.5 2.5 2 0 1 1 1
-6481.7 639.3 0.9 144 0 15.5 8.7 5.0 2.5 4 0 2 1 1
-6783.5 -4563.8 -7.3 158 0 7.8 23.0 7.5 2.5 4 1 3 4 4
-3258.3 3088.4 5.2 46 0 7.2 19.7 7.5 2.5 2 1 3 3 3
336.3 -6521.5 -25.3 6 0 23.3 6.2 7.5 2.5 2 0 3 4 4
309.8 -6573.1 -27.0 100 0 7.7 8.9 5.0 2.5 2 1 2 2 2
333.0 -6450.8 -23.7 221 0 5.4 9.7 7.5 2.5 4 1 3 2 2
-6307.6 -7845.5 -54.1 148 0 11.7 6.0 2.5 2.5 2 0 1 4 4
-6327.2 -7837.9 -54.1 148 0 10.2 12.8 7.5 2.5 2 1 3 4 4
-6313.1 -7819.1 -53.4 249 0 3.5 3.1 7.5 2.5 2 0 3 1 1
-6318.9 -7801.0 -52.5 84 0 7.5 6.1 5.0 2.5 2 0 2 0 0
-6342.3 -7805.5 -52.4 79 0 12.7 10.0 5.0 2.5 2 0 2 3 3
-6368.0 -7849.4 -54.1 252 0 4.3 5.7 7.5 2.5 2 0 3 3 3
-6359.0 -7846.8 -54.1 165 0 5.6 4.1 2.5 2.5 2 0 1 5 5
-6356.9 -7849.1 -54.1 255 0 7.0 4.5 7.5 2.5 2 0 3 3 3
-317.0 -5165.1 -18.7 277 0 20.1 9.6 5.0 2.5 2 0 2 0 0
-6.2 -4197.0 -15.4 282 0 8.4 10.2 5.0 0.0 0 0 2 4 4
-2.9 -4093.2 -18.6 283 0 8.5 7.3 7.5 2.5 2 0 3 0 0
-82.6 -4263.5 -16.1 192 0 4.8 11.6 2.5 2.5 2 0 1 1 1
-3193.1 3146.5 4.5 224 0 8.5 23.9 2.5 0.0 0 1 1 4 4
-3178.1 3161.1 4.6 221 0 14.6 9.4 5.0 2.5 2 0 2 2 2
-3161.6 3143.4 4.4 50 0 13.5 6.3 5.0 2.5 2 0 2 0 0
-3145.7 3148.4 4.2 141 0 9.7 22.5 7.5 2.5 2 1 3 0 0
-3150.1 3227.3 4.5 44 0 9.7 12.1 7.5 2.5 2 1 3 3 3
-3129.6 3252.5 4.4 42 0 6.6 13.3 5.0 2.5 2 1 2 1 1
-3117.9 3263.2 4.4 44 0 10.0 16.8 2.5 2.5 2 1 1 0 0
-3123.4 3183.0 4.2 248 0 6.5 4.4 2.5 2.5 2 0 1 4 4
-3131.9 3195.1 4.2 251 0 8.7 11.8 2.5 0.0 0 1 1 4 4
-2951.5 3272.6 4.1 142 0 12.4 15.9 5.0 2.5 2 1 2 2 2
-3027.9 3235.3 3.3 250 0 8.2 11.7 5.0 2.5 2 1 2 0 0
-3070.5 3215.4 3.6 247 0 30.9 14.4 10.0 2.5 2 0 4 1 1
-3089.7 3209.1 3.9 246 0 18.9 12.7 5.0 2.5 2 0 2 2 2
-3609.6 2467.6 5.9 26 0 13.3 12.4 2.5 0.0 0 0 1 2 2
-3627.5 2423.8 4.7 26 0 13.7 12.8 5.0 2.5 2 0 2 3 3
-3646.0 2381.4 3.7 25 0 13.5 13.1 5.0 2.5 2 0 2 5 5
-3625.3 2354.4 5.7 201 0 11.9 13.9 5.0 2.5 2 1 2 2 2
-3590.1 2367.5 4.5 20 0 12.2 13.2 2.5 2.5 2 1 1 0 0
-10.0 -3525.9 -26.8 1 0 5.3 8.4 5.0 2.5 2 0 2 1 1
-128.1 -3861.1 -18.4 184 0 3.4 7.4 7.5 2.5 2 0 3 2 2
55.8 -4446.6 -17.6 102 0 6.9 6.2 2.5 2.5 2 0 1 0 0
-364.7 -5056.8 -17.1 17 0 11.5 24.5 10.0 2.5 2 1 4 4 4
-6647.6 8036.0 38.6 79 0 3.8 3.6 5.0 2.5 2 0 2 4 4
-179.0 -3532.2 -30.3 272 0 7.5 14.6 5.0 0.0 0 1 2 1 1
