-5580.6 4911.5 -13.2 107 0 12.2 13.0 2.5 2.5 2 1 1 0 0
-3965.3 -7218.3 -7.3 92 0 8.8 14.3 5.0 2.5 2 0 2 0 0
-3962.6 -7281.5 -7.1 357 0 9.7 9.6 2.5 2.5 2 0 1 3 3
-3959.2 -7404.6 -8.1 89 0 13.6 9.8 5.0 2.5 2 0 2 0 0
-3939.5 -7594.7 -9.5 268 0 8.8 13.7 5.0 0.0 0 1 2 1 1
-3935.5 -7657.3 -9.6 357 0 9.1 7.5 5.0 2.5 2 0 2 0 0
-3964.9 -7204.1 -7.4 92 0 8.8 6.9 5.0 2.5 2 0 2 5 5
-3964.4 -7190.2 -7.4 272 0 8.8 6.9 5.0 2.5 2 0 2 1 1
-3964.2 -7183.0 -7.4 272 0 8.8 7.2 5.0 2.5 2 0 2 1 1
-4011.8 -7013.9 -12.2 260 0 9.6 9.2 5.0 2.5 2 0 2 1 1
-4010.5 -7029.5 -12.3 173 0 9.0 9.8 5.0 2.5 2 0 2 0 0
-4006.8 -7050.9 -12.0 173 0 9.1 8.5 5.0 2.5 2 0 2 1 1
-3974.2 -7070.5 -11.5 353 0 8.2 11.1 5.0 2.5 2 1 2 4 4
-3997.1 -7106.1 -10.2 174 0 6.1 13.7 5.0 2.5 2 1 2 4 4
-3983.9 -7007.4 -9.9 263 0 5.8 11.0 2.5 2.5 2 0 1 1 1
-3978.7 -7006.7 -9.2 262 0 4.5 11.0 2.5 0.0 0 0 1 1 1
-4074.2 -6849.5 -13.9 185 0 16.6 10.8 2.5 2.5 2 0 1 4 4
-4069.7 -6950.6 -13.1 346 0 16.9 9.7 2.5 2.5 2 0 1 0 0
-4049.5 -6962.3 -11.9 163 0 15.1 8.9 5.0 2.5 2 0 2 3 3
-4077.8 -6933.5 -13.5 347 0 7.9 22.6 2.5 0.0 0 1 1 5 5
-4100.7 -6965.5 -13.5 77 0 7.7 15.1 2.5 2.5 2 1 1 3 3
-4048.4 -6923.6 -11.5 163 0 9.4 3.4 2.5 2.5 2 0 1 2 2
-4054.8 -6894.0 -11.7 175 0 7.7 5.9 2.5 2.5 2 0 1 1 1
-4060.9 -6927.5 -12.5 163 0 9.4 13.1 2.5 2.5 2 0 1 5 5
-4069.7 -6895.5 -12.9 174 0 7.6 6.3 2.5 2.5 2 0 1 1 1
-4041.3 -6842.9 -13.8 271 0 7.9 10.1 2.5 2.5 2 1 1 1 1
-4062.0 -6836.2 -14.0 182 0 4.9 25.3 2.5 2.5 2 1 1 3 3
-4071.3 -6818.2 -14.2 183 0 8.6 16.0 2.5 2.5 2 1 1 1 1
-4019.5 -6856.7 -10.6 270 0 5.8 12.7 2.5 2.5 2 1 1 4 4
-4091.5 -6839.1 -14.2 357 0 16.1 9.3 5.0 2.5 2 0 2 1 1
-4092.7 -6876.7 -13.8 351 0 9.3 7.7 2.5 2.5 2 0 1 2 2
-4094.8 -6899.0 -13.8 351 0 10.2 10.6 5.0 2.5 2 1 2 2 2
-4093.9 -6690.1 -13.6 273 0 8.9 15.2 5.0 2.5 2 1 2 4 4
-4090.3 -6711.7 -13.5 3 0 10.2 9.1 5.0 2.5 2 0 2 3 3
-4092.9 -6742.9 -13.5 1 0 12.4 10.1 5.0 2.5 2 0 2 5 5
-4093.5 -6800.9 -14.2 0 0 9.6 15.0 2.5 0.0 0 1 1 1 1
-4092.0 -6828.4 -14.3 358 0 4.4 12.8 2.5 2.5 2 1 1 2 2
-4131.1 -6906.2 -14.0 173 0 3.7 6.5 2.5 2.5 2 1 1 3 3
-4131.5 -6900.0 -14.1 175 0 6.2 6.2 2.5 2.5 2 1 1 0 0
-4162.9 -6822.1 -14.9 177 0 7.8 10.2 2.5 2.5 2 1 1 2 2
-4103.8 -7245.6 -10.9 4 0 6.3 14.2 2.5 2.5 2 0 1 3 3
-3960.9 -6517.1 -5.0 177 0 24.0 9.3 5.0 2.5 2 0 2 3 3
-4059.4 -6562.5 -12.7 182 0 13.9 12.2 5.0 2.5 2 0 2 1 1
-4060.4 -6599.8 -12.8 182 0 12.7 10.5 2.5 2.5 4 0 1 3 3
-4061.4 -6654.5 -12.9 182 0 18.4 11.1 5.0 2.5 2 0 2 3 3
-4065.4 -6721.9 -12.5 184 0 16.0 10.5 5.0 2.5 2 0 2 3 3
-4066.8 -6742.9 -12.5 184 0 13.4 10.0 5.0 2.5 2 0 2 4 4
-4019.0 -6733.0 -9.9 94 0 9.2 14.6 2.5 2.5 2 1 1 4 4
-4030.9 -6732.2 -10.5 94 0 5.0 5.1 2.5 2.5 2 0 1 5 5
-4050.2 -6728.3 -11.5 184 0 5.3 17.0 2.5 2.5 2 0 1 3 3
-4062.7 -6601.3 -13.0 181 0 5.9 11.7 2.5 2.5 2 0 1 1 1
-3996.3 -7619.0 -12.8 358 0 12.1 9.1 2.5 2.5 2 0 1 3 3
-3997.4 -7515.8 -11.7 267 0 12.5 12.1 5.0 2.5 2 0 2 0 0
-4043.6 -7631.6 -13.3 85 0 8.8 22.1 2.5 2.5 2 0 1 3 3
-3998.1 -7493.9 -11.4 357 0 15.9 60.6 5.0 0.0 0 0 2 3 3
-4104.8 -7423.7 -12.9 86 0 11.7 23.3 7.5 0.0 0 0 3 0 0
-3997.3 -7400.5 -10.0 355 0 11.6 10.6 2.5 2.5 2 0 1 2 2
-4022.5 -7508.2 -11.6 356 0 10.2 25.5 5.0 2.5 2 0 2 4 4
-4074.4 -7507.1 -11.7 357 0 15.1 31.7 2.5 2.5 2 0 1 4 4
-4102.0 -7476.3 -13.0 87 0 11.9 52.7 2.5 2.5 2 0 1 1 1
-4094.7 -7495.9 -11.4 177 0 9.6 25.9 4.0 2.5 2 0 1 4 4
-4172.9 -7439.0 -13.5 85 0 11.2 9.8 5.0 2.5 2 0 2 5 5
-4163.9 -6958.3 -14.5 6 0 12.7 31.6 7.5 0.0 0 1 3 1 1
-4203.2 -6933.9 -15.1 5 0 12.7 31.6 7.5 2.5 2 1 3 2 2
-4267.1 -6937.6 -15.4 185 0 22.3 12.9 7.5 2.5 2 0 3 3 3
-4217.5 -6885.1 -15.1 88 0 7.0 17.6 2.5 2.5 2 0 1 3 3
-4224.2 -6864.8 -15.2 357 0 6.0 4.0 5.0 0.0 0 0 2 2 2
-4191.1 -6764.0 -14.1 2 0 36.8 12.9 2.5 2.5 2 0 1 3 3
-4297.0 -6630.3 -15.3 279 0 12.3 9.5 5.0 2.5 2 0 2 2 2
-4267.0 -6698.4 -13.7 13 0 9.9 3.9 2.5 2.5 2 0 1 3 3
-4083.7 -6507.5 -13.6 3 0 11.1 11.0 5.0 2.5 4 0 2 4 4
-4088.2 -6552.8 -14.0 3 0 11.3 7.9 2.5 2.5 2 0 1 4 4
-4088.9 -6567.6 -14.2 3 0 15.4 8.1 5.0 2.5 2 0 2 3 3
-4091.5 -6633.7 -14.3 3 0 11.0 12.9 5.0 2.5 2 1 2 0 0
-4124.2 -6585.0 -14.5 359 0 13.5 7.0 2.5 0.0 0 0 1 2 2
-4107.8 -6578.2 -14.3 0 0 4.0 4.1 2.5 2.5 2 1 1 1 1
-4163.3 -6674.4 -14.2 91 0 10.0 9.5 5.0 2.5 2 0 2 5 5
-4173.0 -6458.9 -13.6 182 0 12.3 10.7 2.5 2.5 2 0 1 3 3
-4176.9 -6531.9 -14.5 179 0 14.3 10.1 5.0 2.5 2 0 2 1 1
-4161.9 -6645.5 -14.5 176 0 3.3 8.0 2.5 2.5 2 0 1 1 1
-4169.0 -6655.0 -14.5 180 0 5.7 4.1 2.5 0.0 0 0 1 1 1
-4154.1 -6643.4 -14.5 180 0 3.0 6.9 2.5 2.5 2 0 1 0 0
-4166.2 -6646.3 -14.5 178 0 4.5 4.3 2.5 2.5 2 0 1 0 0
-4182.9 -6630.4 -14.9 357 0 12.9 9.0 2.5 2.5 2 0 1 4 4
-4182.2 -6646.9 -14.7 358 0 8.2 9.0 2.5 2.5 2 0 1 5 5
-4189.3 -6552.0 -14.9 2 0 8.7 9.6 5.0 2.5 2 1 2 5 5
-4189.7 -6562.8 -15.0 2 0 10.0 9.9 2.5 2.5 4 0 1 2 2
-4189.8 -6616.2 -15.1 8 0 4.9 11.1 2.5 2.5 2 1 1 3 3
-4221.4 -6594.0 -15.3 1 0 3.1 4.2 2.5 2.5 2 0 1 3 3
-4201.3 -6574.3 -15.2 1 0 6.6 14.4 2.5 2.5 2 1 1 3 3
-4191.2 -6647.1 -14.7 358 0 8.2 3.6 2.5 0.0 0 0 1 3 3
-4228.6 -6588.4 -15.4 179 0 8.1 3.0 2.5 2.5 2 0 1 5 5
-4215.3 -6596.8 -15.3 0 0 7.1 4.0 2.5 2.5 2 0 1 2 2
-4213.9 -6642.1 -14.8 180 0 3.3 6.3 2.5 2.5 2 0 1 3 3
-4202.2 -6559.3 -15.0 2 0 3.6 9.3 2.5 0.0 0 0 1 3 3
-4198.3 -6641.6 -14.8 359 0 3.3 9.4 2.5 2.5 2 0 1 2 2
-4211.5 -6559.0 -15.1 1 0 10.0 5.0 2.5 2.5 2 0 1 5 5
-4219.9 -6586.6 -15.3 1 0 8.9 5.6 2.5 2.5 4 0 1 4 4
-4208.0 -6616.8 -15.2 360 0 8.2 5.1 2.5 2.5 2 0 1 0 0
-4193.3 -6370.1 -13.4 357 0 9.1 14.3 2.5 0.0 0 1 1 3 3
-4096.5 -6366.7 -11.4 279 0 10.1 16.3 5.0 2.5 2 1 2 0 0
-4146.4 -6358.7 -12.3 272 0 8.3 13.0 2.5 2.5 2 1 1 0 0
-4076.0 -6406.6 -12.4 7 0 15.9 9.2 2.5 2.5 2 0 1 3 3
-4091.1 -6469.9 -12.9 6 0 3.6 5.2 2.5 2.5 2 0 1 4 4
-4098.8 -6499.4 -13.5 3 0 3.7 6.1 2.5 2.5 2 0 1 1 1
-4112.8 -6471.0 -13.1 360 0 4.4 5.6 2.5 0.0 0 0 1 1 1
-4143.6 -6373.8 -11.9 271 0 5.0 13.3 7.5 2.5 2 1 3 3 3
-4103.0 -6514.0 -13.8 3 0 4.0 10.0 2.5 2.5 2 1 1 2 2
-4109.2 -6498.8 -13.5 3 0 3.7 4.6 2.5 2.5 4 0 1 5 5
-4098.3 -6487.4 -13.3 3 0 12.8 6.1 2.5 2.5 4 0 1 2 2
-4096.4 -6470.8 -13.1 360 0 4.6 16.4 2.5 2.5 2 0 1 4 4
-4081.6 -6476.5 -12.9 5 0 15.0 10.1 5.0 2.5 2 0 2 5 5
-4099.1 -6503.4 -13.6 4 0 4.2 15.0 2.5 2.5 2 0 1 3 3
-4131.6 -6371.8 -11.8 94 0 6.3 7.3 3.5 2.5 2 1 1 5 5
-4010.9 -6531.5 -9.5 92 0 8.8 16.1 5.0 2.5 2 0 2 5 5
-3948.8 -6462.6 -3.3 267 0 8.1 18.4 2.5 2.5 2 1 1 2 2
-4057.0 -6229.7 -12.5 171 0 10.6 10.2 2.5 2.5 4 0 1 5 5
-4034.0 -6290.7 -10.9 179 0 12.0 10.1 5.0 2.5 2 0 2 0 0
-4049.9 -6366.0 -10.3 183 0 15.8 13.1 5.0 2.5 2 0 2 5 5
-4051.5 -6400.9 -11.9 270 0 12.5 13.4 7.5 2.5 2 0 3 3 3
-4052.8 -6426.8 -12.1 183 0 15.4 13.5 5.0 2.5 2 0 2 3 3
-4053.8 -6446.6 -11.7 183 0 4.4 14.4 5.0 2.5 2 1 2 5 5
-4054.7 -6466.1 -11.6 183 0 7.7 8.3 2.5 2.5 2 1 1 1 1
-4038.1 -6243.1 -11.2 169 0 3.3 7.2 2.5 2.5 2 1 1 1 1
-4048.8 -6260.6 -12.2 170 0 6.2 10.1 2.5 2.5 2 0 1 3 3
-4051.0 -6392.8 -11.4 183 0 16.3 8.9 3.5 2.5 2 0 1 0 0
-4039.6 -6313.0 -11.3 90 0 8.6 20.4 3.5 0.0 0 0 1 2 2
-4032.3 -6033.3 -10.5 182 0 8.2 8.5 2.5 0.0 0 1 1 5 5
-4041.6 -6093.3 -10.5 193 0 13.1 9.8 2.5 2.5 2 0 1 5 5
-4045.2 -6110.3 -10.8 192 0 10.0 9.3 2.5 0.0 0 0 1 5 5
-4044.4 -6137.0 -10.8 183 0 13.0 10.5 2.5 2.5 2 0 1 0 0
-4019.4 -6020.6 -9.9 268 0 8.8 4.2 2.5 2.5 2 0 1 5 5
-4019.2 -6053.1 -9.3 178 0 5.6 10.1 2.5 2.5 2 1 1 5 5
-4024.7 -6108.0 -9.2 186 0 11.4 4.6 2.5 2.5 2 0 1 5 5
-4000.3 -6084.5 -7.8 3 0 6.1 3.4 2.5 2.5 2 0 1 1 1
-3977.5 -6117.2 -5.6 359 0 8.1 3.5 2.5 2.5 2 0 1 2 2
-4030.9 -5853.0 -7.3 173 0 9.3 11.1 5.0 2.5 2 1 2 4 4
-4034.1 -5926.7 -9.3 176 0 21.7 9.8 2.5 2.5 2 0 1 3 3
-4030.8 -5984.4 -10.7 180 0 15.8 9.5 2.5 2.5 2 0 1 5 5
-4020.0 -5994.6 -9.7 177 0 10.4 10.0 5.0 2.5 2 0 2 1 1
-3990.7 -5978.3 -7.5 351 0 9.9 7.8 2.5 2.5 2 0 1 2 2
-4002.2 -5955.8 -7.7 351 0 5.6 4.6 2.5 2.5 2 0 1 1 1
-4023.4 -5904.7 -7.7 181 0 6.7 16.2 2.5 2.5 2 1 1 4 4
-3989.6 -5985.1 -7.6 351 0 4.0 7.7 2.5 0.0 0 0 1 4 4
-3998.7 -5891.6 -5.9 354 0 14.1 7.3 2.5 2.5 2 0 1 5 5
-4031.8 -5959.4 -10.0 176 0 6.3 13.0 2.5 0.0 0 0 1 1 1
-4018.9 -5958.6 -8.9 177 0 6.3 12.3 2.5 2.5 2 0 1 0 0
-3990.0 -5962.6 -7.4 351 0 20.7 11.0 2.5 2.5 4 0 1 0 0
-4053.2 -5700.4 -7.7 176 0 15.0 9.5 7.5 0.0 0 0 3 0 0
-4051.5 -5731.7 -8.4 177 0 14.7 9.3 7.5 2.5 2 0 3 5 5
-4052.1 -5746.3 -8.6 173 0 9.4 10.2 2.5 2.5 2 1 1 5 5
-4046.5 -5778.5 -8.1 175 0 20.1 10.0 2.5 2.5 2 0 1 3 3
-4017.4 -5703.5 -5.3 359 0 13.9 9.2 2.5 2.5 2 0 1 3 3
-4127.1 -4895.0 -4.0 275 0 5.9 10.2 2.5 2.5 2 1 1 5 5
-4010.5 -5781.6 -5.2 352 0 3.5 7.5 2.5 2.5 2 0 1 4 4
-4019.3 -5724.6 -5.4 360 0 16.1 7.0 2.5 2.5 2 0 1 0 0
-4011.5 -5773.9 -5.2 352 0 12.0 8.0 2.5 2.5 2 0 1 4 4
-4007.1 -5835.0 -5.8 353 0 16.3 7.9 2.5 2.5 2 0 1 1 1
-4200.1 -6417.9 -13.7 358 0 13.3 9.5 5.0 2.5 2 0 2 3 3
-4190.1 -6478.9 -14.2 359 0 10.1 13.2 2.5 2.5 2 1 1 1 1
-4149.0 -4954.5 -9.2 180 0 14.0 8.0 2.5 2.5 2 0 1 3 3
-4150.7 -5026.7 -11.3 177 0 7.7 12.7 5.0 2.5 2 1 2 2 2
-4132.3 -5140.7 -11.3 360 0 14.6 7.8 2.5 2.5 2 0 1 5 5
-4189.8 -6499.7 -14.4 359 0 10.3 10.5 5.0 2.5 2 1 2 2 2
-4185.9 -6516.2 -14.5 358 0 9.1 11.8 2.5 2.5 2 1 1 4 4
-4098.0 -6350.0 -11.9 96 0 16.4 12.2 5.0 2.5 2 0 2 4 4
-4064.0 -6144.2 -12.1 9 0 8.6 12.9 5.0 2.5 4 1 2 5 5
-4071.3 -6182.4 -12.7 3 0 19.8 11.3 2.5 0.0 0 0 1 3 3
-4070.9 -6204.3 -12.9 357 0 9.2 8.7 5.0 2.5 2 0 2 4 4
-4070.2 -6221.7 -13.1 355 0 8.0 10.0 5.0 0.0 0 1 2 2 2
-4067.7 -6256.9 -13.4 353 0 8.8 9.1 5.0 2.5 2 1 2 5 5
-4059.2 -6287.7 -12.6 356 0 13.2 10.0 5.0 2.5 2 0 2 3 3
-4057.9 -6316.4 -11.8 7 0 11.6 9.3 5.0 2.5 2 0 2 5 5
-4073.2 -6347.5 -11.4 8 0 10.2 16.3 5.0 2.5 2 0 2 0 0
-4083.6 -6236.0 -13.5 355 0 13.1 6.5 2.5 2.5 2 0 1 0 0
-4089.2 -6182.5 -12.9 4 0 16.0 4.5 2.5 2.5 2 0 1 5 5
-4092.4 -6256.1 -13.6 173 0 8.1 5.1 2.5 2.5 2 0 1 4 4
-4091.2 -6205.3 -13.1 357 0 10.0 4.1 2.5 2.5 2 0 1 2 2
-4059.6 -6113.8 -11.8 14 0 9.3 11.5 5.0 2.5 2 0 2 1 1
-4092.6 -6121.3 -12.1 183 0 3.4 3.7 2.5 2.5 2 0 1 2 2
-4071.9 -6283.7 -12.7 352 0 3.6 8.4 2.5 2.5 2 0 1 5 5
-4084.2 -6156.3 -12.5 2 0 8.6 4.2 2.5 2.5 2 0 1 1 1
-4075.6 -6292.4 -12.6 354 0 4.7 12.1 2.5 2.5 2 1 1 5 5
-4074.7 -6123.3 -12.0 3 0 5.5 7.7 2.5 2.5 2 0 1 3 3
-4082.4 -6122.1 -12.1 2 0 3.9 6.6 5.0 2.5 2 0 2 5 5
-4064.3 -6152.6 -12.3 6 0 7.8 13.0 2.5 2.5 2 0 1 2 2
-4064.4 -6160.7 -12.2 6 0 8.3 4.0 2.5 2.5 2 0 1 0 0
-4072.4 -6280.3 -12.8 351 0 3.3 11.4 2.5 2.5 2 0 1 1 1
-4067.5 -6320.1 -11.7 5 0 4.9 7.3 2.5 2.5 2 0 1 3 3
-4069.8 -6353.0 -11.2 98 0 8.7 16.3 3.5 2.5 2 0 1 0 0
-4091.0 -6001.4 -12.2 288 0 9.5 13.9 5.0 2.5 2 1 2 0 0
-4134.5 -6055.4 -12.3 202 0 10.2 13.8 2.5 2.5 2 1 1 0 0
-4099.5 -5978.5 -13.3 95 0 14.9 23.7 10.0 2.5 2 1 4 5 5
-4096.6 -5946.7 -13.1 273 0 9.0 4.9 5.0 0.0 0 0 2 3 3
-4112.1 -5612.0 -9.8 328 0 13.2 9.2 2.5 2.5 2 0 1 4 4
-4097.3 -5635.6 -9.8 327 0 13.0 9.7 2.5 2.5 2 0 1 3 3
-4077.9 -5702.5 -10.8 355 0 8.6 11.3 2.5 2.5 2 1 1 5 5
-4068.7 -5770.6 -10.7 0 0 15.8 9.5 2.5 2.5 2 0 1 2 2
-4069.4 -5816.6 -10.7 4 0 13.2 8.9 2.5 2.5 2 0 1 5 5
-4081.4 -5881.5 -11.2 9 0 11.5 8.5 2.5 2.5 2 0 1 3 3
-4091.3 -5923.8 -12.6 95 0 9.5 14.2 5.0 2.5 2 1 2 1 1
-4128.5 -5675.1 -14.0 83 0 13.3 12.6 2.5 2.5 2 0 1 1 1
-4130.4 -5622.5 -12.0 348 0 11.4 5.5 2.5 2.5 2 0 1 2 2
-4070.7 -5838.1 -11.2 1 0 6.7 17.8 2.5 2.5 2 1 1 1 1
-4076.6 -5853.2 -11.1 0 0 7.5 11.5 2.5 2.5 2 1 1 5 5
-4103.2 -5881.1 -11.9 188 0 4.2 10.5 2.5 2.5 2 1 1 1 1
-4113.9 -5633.7 -11.0 357 0 6.0 6.4 2.5 2.5 2 1 1 1 1
-4164.5 -5653.4 -15.7 171 0 13.8 9.2 2.5 2.5 2 0 1 3 3
-4102.1 -5834.5 -12.0 180 0 13.5 8.3 2.5 2.5 2 0 1 1 1
-4145.8 -5677.1 -14.7 80 0 4.5 5.8 2.5 2.5 2 1 1 4 4
-4128.9 -5604.4 -11.2 339 0 6.8 10.3 2.5 2.5 2 1 1 0 0
-4155.5 -5678.0 -15.1 85 0 3.6 5.7 2.5 2.5 4 1 1 3 3
-4102.0 -5816.1 -11.8 180 0 13.1 8.2 2.5 2.5 2 0 1 4 4
-4078.9 -5866.5 -10.8 10 0 6.6 7.9 2.5 0.0 0 1 1 1 1
-4110.0 -5644.8 -11.8 344 0 5.8 11.2 2.5 2.5 2 1 1 1 1
-4139.0 -5587.8 -11.3 353 0 7.6 10.6 5.0 0.0 0 1 2 1 1
-4172.8 -4995.8 -12.3 1 0 20.5 10.3 2.5 2.5 2 0 1 0 0
-4173.8 -5166.3 -12.0 2 0 10.4 11.1 2.5 2.5 2 0 1 5 5
-4201.1 -5068.8 -13.2 96 0 10.9 18.0 5.0 2.5 4 1 2 1 1
-4225.0 -5037.4 -13.3 186 0 10.0 39.2 2.5 2.5 4 1 1 1 1
-4195.5 -5159.6 -12.0 274 0 6.2 9.2 2.5 2.5 2 1 1 2 2
-4232.8 -5204.7 -11.8 186 0 9.3 29.1 2.5 0.0 0 1 1 3 3
-4179.6 -5211.4 -11.5 5 0 6.8 15.6 2.5 2.5 2 1 1 3 3
-4166.6 -4245.6 -4.6 358 0 13.2 8.1 2.5 2.5 2 0 1 5 5
-4234.5 -4437.0 -9.7 87 0 7.7 13.5 2.5 2.5 2 1 1 4 4
-4173.7 -4453.5 -7.1 2 0 11.0 8.6 5.0 2.5 2 0 2 0 0
-4295.3 -4319.2 -14.1 5 0 12.3 6.9 2.5 0.0 0 0 1 5 5
-4164.7 -4595.7 -8.2 1 0 15.6 9.7 2.5 2.5 2 0 1 1 1
-4185.8 -4647.4 -10.7 3 0 13.7 6.6 2.5 2.5 2 0 1 0 0
-4176.9 -4671.0 -10.4 357 0 13.3 6.4 2.5 0.0 0 0 1 2 2
-4314.7 -4740.9 -13.5 98 0 9.1 11.7 2.5 2.5 2 1 1 0 0
-4179.2 -4506.9 -8.1 3 0 6.4 12.5 2.5 0.0 0 1 1 3 3
-4196.7 -4246.5 -6.3 178 0 12.3 7.1 2.5 2.5 4 0 1 0 0
-4247.8 -4603.1 -12.2 182 0 12.9 6.2 2.5 2.5 2 0 1 2 2
-4200.6 -4843.7 -9.6 183 0 4.4 5.0 2.5 2.5 2 0 1 0 0
-4307.0 -4509.1 -14.1 96 0 13.5 6.9 2.5 2.5 2 0 1 2 2
-4195.6 -4493.0 -8.2 182 0 10.1 6.4 2.5 2.5 2 0 1 0 0
-4270.8 -4397.1 -11.8 180 0 5.8 6.8 2.5 2.5 2 0 1 4 4
-4162.8 -4557.9 -7.4 348 0 6.0 3.1 2.5 0.0 0 0 1 1 1
-4303.2 -4468.7 -13.7 272 0 8.7 3.7 2.5 2.5 2 0 1 3 3
-4282.8 -4724.6 -13.4 1 0 6.3 6.9 5.0 0.0 0 0 2 3 3
-4216.9 -4398.6 -9.9 359 0 7.1 23.6 2.5 2.5 2 0 1 5 5
-4179.3 -4602.6 -9.3 3 0 8.3 14.6 2.5 2.5 2 1 1 0 0
-4240.6 -4377.3 -10.1 180 0 36.2 23.6 2.5 0.0 0 0 1 0 0
-4186.2 -4569.0 -9.0 4 0 5.7 8.1 2.5 0.0 0 1 1 0 0
-4207.8 -4562.3 -9.9 276 0 4.8 6.6 2.5 2.5 2 1 1 2 2
-4213.3 -4556.2 -10.1 274 0 4.0 12.0 2.5 2.5 4 1 1 0 0
-4186.5 -4578.2 -8.7 183 0 6.3 21.6 2.5 2.5 4 0 1 5 5
-4282.9 -4731.0 -13.2 360 0 6.6 6.9 2.5 2.5 2 0 1 4 4
-4178.3 -4260.8 -6.3 0 0 8.2 16.1 2.5 2.5 4 1 1 0 0
-4243.4 -4327.7 -10.5 180 0 29.8 9.9 2.5 2.5 2 0 1 0 0
-4184.5 -4688.3 -10.6 87 0 4.9 5.9 5.0 2.5 4 1 2 1 1
-4212.7 -4582.3 -10.1 185 0 4.9 4.0 2.5 2.5 2 0 1 4 4
-4208.3 -4576.5 -9.8 183 0 7.3 8.3 2.5 2.5 4 0 1 0 0
-4246.6 -4623.7 -12.5 182 0 5.2 9.7 2.5 2.5 2 0 1 3 3
-4206.6 -4831.8 -9.6 184 0 5.7 5.7 2.5 2.5 2 0 1 4 4
-4276.8 -4379.8 -12.3 180 0 28.7 12.9 2.5 2.5 2 0 1 4 4
-4305.5 -4472.3 -13.7 272 0 13.0 7.2 2.5 2.5 2 0 1 2 2
-4185.3 -4636.8 -10.3 2 0 7.6 9.0 2.5 2.5 2 0 1 3 3
-4200.9 -4586.9 -10.0 5 0 11.9 8.1 2.5 2.5 2 0 1 3 3
-4298.1 -4713.9 -13.8 278 0 8.2 4.0 2.5 2.5 2 0 1 2 2
-4237.3 -4289.0 -10.5 270 0 12.7 23.8 2.5 2.5 4 0 1 4 4
-4201.0 -4841.5 -9.6 93 0 5.0 10.6 2.5 2.5 4 0 1 3 3
-4186.5 -4622.3 -11.8 2 0 9.1 47.9 2.5 2.5 2 0 1 2 2
-4186.5 -4578.2 -9.0 3 0 6.2 5.4 3.5 2.5 2 0 1 2 2
-4285.9 -2993.0 -8.2 281 0 7.7 13.0 2.5 2.5 4 1 1 5 5
-4135.7 -3274.3 -5.3 3 0 13.9 9.4 5.0 2.5 2 0 2 2 2
-4295.6 -2985.3 -8.6 280 0 9.0 5.0 2.5 2.5 2 0 1 2 2
-4167.6 -3286.2 -6.3 94 0 7.0 14.8 2.5 2.5 4 0 1 1 1
-4309.5 -3009.9 -8.9 190 0 3.8 12.8 2.5 0.0 0 0 1 2 2
-4174.6 -3285.7 -6.5 94 0 7.1 14.7 2.5 2.5 2 0 1 5 5
-4131.2 -3443.0 -6.8 186 0 7.8 9.7 5.0 0.0 0 1 2 3 3
-4191.7 -3749.2 -7.4 85 0 10.3 16.9 5.0 2.5 2 1 2 3 3
-4168.2 -3796.0 -7.4 359 0 14.3 8.1 5.0 2.5 2 0 2 4 4
-4167.7 -3856.7 -7.5 359 0 12.8 13.8 2.5 0.0 0 1 1 0 0
-4310.1 -3899.0 -12.5 4 0 12.2 12.7 2.5 0.0 0 1 1 2 2
-4210.8 -3868.6 -8.5 269 0 8.9 12.4 5.0 2.5 2 1 2 2 2
-4308.4 -3858.5 -12.4 6 0 17.7 9.9 2.5 2.5 2 0 1 0 0
-4216.3 -3920.7 -8.2 179 0 14.7 13.7 2.5 0.0 0 0 1 0 0
-4341.2 -3411.9 -11.9 10 0 6.5 9.9 2.5 2.5 2 1 1 3 3
-4259.2 -3582.7 -13.0 91 0 8.5 14.4 2.5 2.5 2 1 1 5 5
-4420.4 -3581.2 -14.5 95 0 13.6 8.4 2.5 2.5 2 0 1 3 3
-4268.3 -3643.5 -10.2 174 0 9.0 15.4 2.5 2.5 2 1 1 5 5
-4205.4 -3863.4 -8.3 185 0 3.9 13.5 7.5 0.0 0 1 3 1 1
-4197.1 -3352.8 -8.6 277 0 21.3 17.5 2.5 2.5 2 0 1 0 0
-4229.2 -3475.7 -11.4 94 0 69.2 17.3 2.5 2.5 2 0 1 4 4
-4222.2 -3730.8 -8.4 82 0 8.2 10.0 7.5 2.5 2 1 3 0 0
-4370.9 -3915.6 -14.7 96 0 8.0 7.1 2.5 0.0 0 0 1 4 4
-4237.2 -3561.2 -13.1 1 0 7.6 15.8 2.5 2.5 2 1 1 2 2
-4121.4 -3728.2 -3.0 1 0 5.1 4.1 2.5 2.5 2 0 1 5 5
-4187.0 -3900.3 -7.2 265 0 8.0 4.5 2.5 2.5 4 0 1 1 1
-4288.9 -3684.6 -9.5 357 0 6.6 6.4 2.5 2.5 2 0 1 2 2
-4400.5 -3891.0 -14.8 191 0 7.9 5.6 7.5 2.5 2 0 3 3 3
-4241.2 -3591.5 -11.8 91 0 10.0 4.4 2.5 2.5 2 0 1 4 4
-4191.5 -3839.8 -7.9 178 0 4.9 9.9 2.5 2.5 2 1 1 5 5
-4391.6 -3881.3 -14.6 185 0 5.2 11.6 2.5 2.5 2 1 1 5 5
-4377.1 -3864.3 -14.4 8 0 6.1 13.8 2.5 2.5 2 1 1 3 3
-4261.0 -3436.1 -10.5 184 0 17.4 69.3 2.5 2.5 2 1 1 4 4
-4218.6 -3326.3 -9.9 276 0 69.3 17.6 2.5 2.5 2 0 1 3 3
-4202.4 -3848.4 -8.3 178 0 10.7 7.8 2.5 2.5 2 0 1 5 5
-4199.6 -3901.4 -7.8 265 0 17.2 7.0 2.5 2.5 2 0 1 1 1
-4429.7 -3549.8 -14.6 186 0 7.8 19.0 2.5 2.5 2 0 1 0 0
-4370.2 -3908.5 -14.7 94 0 8.0 15.8 2.5 2.5 2 0 1 5 5
-4117.4 -3742.4 -2.7 91 0 8.0 16.7 2.5 2.5 2 0 1 2 2
-4248.7 -3676.2 -8.9 85 0 11.7 9.1 2.5 2.5 2 0 1 0 0
-4211.1 -4038.0 -7.6 179 0 12.2 7.4 2.5 2.5 2 0 1 5 5
-4185.1 -4025.4 -6.9 2 0 5.8 11.6 2.5 2.5 2 0 1 2 2
-4181.2 -4047.5 -6.4 83 0 5.9 3.2 2.5 2.5 2 0 1 0 0
-4183.0 -4015.6 -6.7 360 0 5.1 5.6 2.5 2.5 2 0 1 5 5
-4178.9 -4033.5 -6.4 359 0 21.6 6.0 2.5 2.5 2 0 1 2 2
-4196.6 -4015.2 -7.0 183 0 5.2 8.0 2.5 0.0 0 0 1 5 5
-4775.0 -6176.4 -18.7 11 0 8.3 12.8 2.5 2.5 2 1 1 3 3
-5029.6 -6137.0 -19.1 189 0 12.5 6.4 2.5 2.5 4 0 1 1 1
-4300.6 -6272.2 -15.7 182 0 5.0 3.3 2.5 0.0 0 0 1 4 4
-4311.8 -6273.4 -15.8 268 0 3.5 4.7 2.5 2.5 4 1 1 3 3
-5434.1 -6026.4 -20.6 278 0 6.1 17.2 2.5 2.5 2 1 1 3 3
-5029.2 -6162.8 -19.1 188 0 8.0 4.3 2.5 2.5 2 0 1 5 5
-5008.7 -6157.2 -19.1 7 0 8.0 4.2 2.5 2.5 2 0 1 4 4
-4238.8 -6110.9 -14.2 5 0 7.2 22.8 2.5 2.5 2 0 1 0 0
-5006.5 -6141.9 -19.1 8 0 6.2 4.6 2.5 0.0 0 0 1 2 2
-5009.6 -6165.1 -19.1 7 0 8.1 15.4 2.5 0.0 0 0 1 3 3
-4260.9 -6103.9 -14.3 5 0 10.7 9.3 2.5 0.0 0 0 1 3 3
-4183.5 -6247.1 -14.8 356 0 9.7 9.6 5.0 2.5 2 0 2 5 5
-4119.7 -6332.4 -12.5 9 0 12.2 6.0 3.5 2.5 2 0 1 5 5
-4125.7 -6331.6 -12.8 9 0 12.7 24.8 2.5 2.5 2 0 1 0 0
-4195.2 -6342.2 -13.4 89 0 8.1 10.2 2.5 2.5 4 1 1 5 5
-4229.9 -6337.5 -13.8 180 0 10.0 18.9 3.5 2.5 2 1 1 3 3
-4270.9 -6361.8 -14.5 89 0 13.0 34.1 2.5 2.5 4 1 1 2 2
-4260.2 -6295.1 -15.2 89 0 12.0 9.5 2.5 2.5 2 0 1 4 4
-4243.5 -6295.0 -15.0 89 0 13.4 9.0 2.5 2.5 4 0 1 1 1
-4266.2 -6400.5 -13.8 180 0 8.3 10.4 2.5 2.5 2 1 1 5 5
-4272.2 -6403.4 -14.2 360 0 8.4 13.4 2.5 0.0 0 0 1 1 1
-4291.2 -6399.3 -14.4 270 0 11.1 7.8 2.5 2.5 2 0 1 4 4
-4311.2 -6403.7 -14.6 179 0 8.2 11.5 2.5 2.5 2 1 1 4 4
-4318.6 -6393.8 -14.8 89 0 10.1 13.6 2.5 2.5 2 1 1 5 5
-4312.4 -6347.9 -14.9 359 0 5.7 9.3 5.0 2.5 2 1 2 4 4
-4314.4 -6321.6 -15.5 359 0 12.6 8.4 2.5 2.5 2 0 1 0 0
-4312.2 -6419.4 -14.7 268 0 5.2 14.1 2.5 2.5 4 1 1 1 1
-4318.7 -6299.1 -15.7 270 0 8.4 15.3 5.0 0.0 0 1 2 3 3
-4347.2 -6395.7 -15.1 270 0 9.0 4.1 2.5 2.5 2 0 1 0 0
-4334.6 -6399.7 -14.9 88 0 3.8 4.8 2.5 2.5 2 1 1 2 2
-4322.6 -6315.2 -15.7 359 0 4.8 10.3 2.5 2.5 2 0 1 5 5
-4273.0 -6247.8 -15.7 359 0 8.6 9.9 5.0 2.5 2 0 2 4 4
-4265.6 -6415.7 -14.0 179 0 12.1 3.5 2.5 2.5 4 0 1 3 3
-4274.3 -6413.1 -14.3 269 0 4.1 17.4 2.5 2.5 2 1 1 1 1
-4280.1 -6432.4 -14.5 1 0 4.5 5.5 2.5 2.5 2 0 1 3 3
-4252.6 -6422.4 -14.1 179 0 5.3 10.1 2.5 2.5 2 0 1 0 0
-4299.6 -6434.4 -14.7 0 0 10.3 3.4 2.5 2.5 2 0 1 3 3
-4265.8 -6424.4 -14.2 179 0 5.3 9.9 2.5 2.5 4 0 1 5 5
-4285.6 -6430.4 -14.6 1 0 8.4 14.0 2.5 2.5 2 0 1 4 4
-4277.1 -6431.9 -14.4 1 0 5.5 3.3 2.5 2.5 2 0 1 1 1
-4276.9 -6485.7 -15.0 0 0 5.0 9.5 2.5 2.5 2 1 1 1 1
-4276.6 -6519.4 -15.3 358 0 10.0 10.4 2.5 2.5 2 1 1 1 1
-4271.4 -6578.0 -15.8 90 0 7.3 11.6 2.5 2.5 2 1 1 1 1
-4260.8 -6521.1 -15.1 180 0 10.2 8.4 5.0 2.5 2 0 2 5 5
-4363.8 -6471.5 -15.4 171 0 5.7 15.3 2.5 2.5 2 1 1 5 5
-4280.6 -7012.2 -9.3 180 0 11.2 12.7 2.5 2.5 2 1 1 0 0
-4325.4 -6568.2 -16.1 159 0 11.7 12.6 5.0 2.5 2 1 2 0 0
-4344.4 -6436.2 -15.1 232 0 13.3 8.8 5.0 2.5 2 0 2 3 3
-4360.8 -6436.0 -15.1 46 0 13.2 10.1 2.5 2.5 2 0 1 5 5
-4403.1 -6455.5 -15.7 300 0 8.3 11.6 2.5 2.5 2 1 1 0 0
-4425.9 -6342.0 -16.6 359 0 13.9 9.5 2.5 2.5 2 0 1 1 1
-4426.1 -6396.0 -16.1 0 0 8.3 5.9 2.5 2.5 2 0 1 2 2
-4452.1 -6369.4 -16.5 185 0 11.5 10.5 2.5 2.5 2 0 1 3 3
-4370.6 -6376.6 -15.5 88 0 11.6 6.1 2.5 2.5 2 0 1 2 2
-4464.1 -6439.1 -17.0 272 0 4.3 18.5 2.5 2.5 2 1 1 1 1
-4437.9 -6444.3 -16.5 0 0 10.1 12.9 5.0 2.5 2 1 2 5 5
-4368.7 -6370.4 -15.5 88 0 7.3 5.2 2.5 2.5 2 0 1 2 2
-4470.8 -6576.0 -18.4 208 0 11.9 11.8 2.5 2.5 2 0 1 5 5
-4482.4 -6520.1 -18.3 191 0 12.2 7.5 2.5 2.5 2 0 1 3 3
-4494.7 -6575.5 -18.4 16 0 6.5 3.5 2.5 2.5 2 0 1 5 5
-4503.6 -6569.4 -18.5 288 0 3.5 5.3 2.5 2.5 2 1 1 0 0
-4525.9 -6584.9 -18.5 104 0 7.0 14.1 7.5 2.5 2 1 3 5 5
-4315.8 -6106.4 -15.1 2 0 13.5 13.6 5.0 2.5 2 1 2 1 1
-4302.7 -6104.7 -14.7 184 0 10.3 13.2 5.0 2.5 2 1 2 4 4
-4299.9 -6049.6 -14.4 179 0 9.6 11.6 5.0 0.0 0 1 2 5 5
-4301.4 -6004.4 -15.6 179 0 12.6 10.5 5.0 2.5 2 0 2 5 5
-4316.5 -6125.6 -15.3 3 0 12.2 7.7 5.0 2.5 2 0 2 3 3
-4329.3 -6095.0 -15.1 4 0 5.9 6.5 2.5 0.0 0 0 1 0 0
-4336.1 -6103.7 -15.3 2 0 9.5 5.7 2.5 2.5 2 0 1 5 5
-4335.8 -6095.3 -15.2 2 0 7.3 5.5 2.5 2.5 2 0 1 2 2
-4307.0 -6188.3 -15.8 183 0 8.5 8.8 5.0 2.5 2 0 2 1 1
-4305.7 -6165.4 -15.5 183 0 10.5 10.0 5.0 2.5 2 0 2 4 4
-4323.9 -6153.5 -15.7 2 0 12.0 9.0 5.0 0.0 0 0 2 4 4
-4319.1 -6287.1 -15.9 358 0 12.7 9.0 2.5 2.5 2 0 1 0 0
-4319.6 -6269.6 -16.1 360 0 11.1 8.9 5.0 0.0 0 0 2 5 5
-4320.1 -6242.2 -16.3 359 0 9.1 9.1 2.5 2.5 2 0 1 2 2
-4322.4 -6218.1 -16.4 360 0 6.6 6.9 2.5 2.5 4 0 1 3 3
-4322.5 -6208.7 -16.4 359 0 12.2 9.5 2.5 2.5 4 0 1 5 5
-4350.9 -6171.0 -16.3 1 0 9.5 11.5 2.5 2.5 2 1 1 5 5
-4348.4 -6206.4 -16.6 1 0 7.5 4.4 2.5 2.5 2 0 1 5 5
-4348.5 -6211.9 -16.6 1 0 3.4 4.4 2.5 0.0 0 0 1 5 5
-4381.3 -6248.4 -16.8 181 0 7.7 5.0 2.5 2.5 2 0 1 3 3
-4322.7 -6187.5 -16.1 359 0 11.3 8.2 2.5 2.5 2 0 1 5 5
-4404.2 -6278.3 -16.8 177 0 4.8 3.6 2.5 2.5 2 0 1 5 5
-4331.2 -6244.4 -16.4 3 0 4.0 6.1 2.5 2.5 2 1 1 4 4
-4398.0 -6280.8 -16.8 89 0 5.1 5.0 2.5 2.5 2 0 1 3 3
-4407.3 -6278.5 -16.8 178 0 5.0 3.1 2.5 2.5 2 0 1 1 1
-4388.2 -6242.3 -16.9 184 0 5.0 6.8 2.5 2.5 2 1 1 1 1
-4341.3 -6233.2 -16.6 1 0 9.1 6.0 2.5 2.5 2 0 1 2 2
-4330.8 -6195.2 -16.3 1 0 3.5 17.4 2.5 2.5 2 0 1 0 0
-4348.1 -6194.4 -16.4 7 0 3.7 6.4 2.5 2.5 2 0 1 2 2
-4322.5 -6195.3 -16.1 359 0 4.3 8.3 5.0 2.5 2 0 2 0 0
-4381.4 -6255.6 -16.8 182 0 6.7 5.5 2.5 2.5 2 0 1 0 0
-4354.2 -6190.2 -16.5 3 0 7.7 6.5 2.5 2.5 2 0 1 0 0
-4434.1 -6204.1 -17.6 96 0 8.4 15.5 2.5 2.5 2 1 1 2 2
-4444.3 -6094.6 -17.0 357 0 10.4 8.0 2.5 2.5 4 0 1 5 5
-4388.7 -6070.7 -15.7 233 0 7.6 14.1 2.5 0.0 0 1 1 4 4
-4422.2 -6058.4 -16.5 17 0 9.2 9.2 7.5 2.5 2 0 3 1 1
-4532.9 -6651.1 -18.2 300 0 5.9 12.1 2.5 2.5 2 1 1 5 5
-4567.4 -6617.9 -18.6 105 0 10.1 8.7 5.0 2.5 2 0 2 0 0
-4564.8 -6716.3 -18.3 28 0 12.1 8.0 2.5 2.5 2 0 1 4 4
-4571.1 -6757.6 -18.0 208 0 12.7 9.5 2.5 2.5 2 0 1 2 2
-4579.3 -6743.6 -18.4 27 0 9.9 9.1 2.5 2.5 2 0 1 1 1
-4539.3 -6764.9 -17.4 29 0 4.9 8.0 2.5 2.5 4 0 1 2 2
-4518.0 -6705.9 -17.8 28 0 10.8 9.7 5.0 2.5 2 0 2 3 3
-4587.4 -6783.0 -18.1 209 0 6.2 10.7 2.5 2.5 2 1 1 4 4
-4532.2 -6751.3 -17.5 26 0 16.7 6.8 2.5 2.5 2 0 1 5 5
-4563.3 -6622.4 -18.6 105 0 7.9 3.3 2.5 2.5 2 0 1 0 0
-4561.6 -6789.2 -17.9 29 0 3.2 9.0 2.5 2.5 2 0 1 2 2
-4559.7 -6788.4 -17.9 119 0 20.5 6.0 2.5 2.5 2 0 1 0 0
-4544.8 -6774.9 -17.6 28 0 18.0 8.0 2.5 0.0 0 0 1 4 4
-4551.9 -6724.4 -18.1 208 0 11.2 9.2 5.0 2.5 2 0 2 4 4
-4607.0 -6818.8 -18.4 208 0 6.8 11.4 2.5 2.5 2 0 1 1 1
-4623.8 -6824.1 -18.4 23 0 9.9 9.5 2.5 2.5 2 0 1 3 3
-4617.5 -6868.8 -19.2 302 0 12.7 11.3 5.0 2.5 2 0 2 3 3
-4664.3 -6896.0 -20.2 197 0 8.0 10.7 2.5 2.5 2 1 1 2 2
-4612.6 -6890.5 -19.4 13 0 5.9 3.7 2.5 2.5 2 0 1 2 2
-4619.3 -6895.2 -19.4 103 0 3.3 9.0 2.5 2.5 4 0 1 5 5
-4610.0 -6871.2 -19.0 288 0 4.5 4.4 2.5 2.5 2 0 1 1 1
-4606.6 -6876.4 -19.2 286 0 5.0 9.4 2.5 2.5 4 0 1 4 4
-4635.2 -6909.4 -19.8 110 0 4.7 11.0 2.5 2.5 2 1 1 5 5
-4733.6 -6796.4 -18.5 285 0 7.0 14.2 2.5 2.5 2 0 1 4 4
-4782.9 -6808.7 -18.9 98 0 6.5 10.9 2.5 2.5 2 0 1 4 4
-5106.3 -6769.5 -19.4 96 0 7.0 12.5 2.5 0.0 0 1 1 1 1
-4801.7 -6844.1 -19.9 98 0 15.7 7.0 2.5 2.5 2 0 1 0 0
-5087.4 -6728.8 -19.3 8 0 9.1 13.7 2.5 2.5 2 1 1 3 3
-4744.4 -6860.9 -20.3 115 0 9.0 7.4 5.0 2.5 2 0 2 0 0
-4822.9 -6806.7 -18.9 105 0 6.9 12.0 5.0 2.5 2 1 2 4 4
-4839.3 -6786.6 -18.5 194 0 6.0 6.7 2.5 2.5 2 1 1 3 3
-4927.6 -6837.9 -19.9 100 0 14.6 6.5 2.5 0.0 0 0 1 2 2
-4926.1 -6809.3 -19.3 279 0 10.1 8.6 2.5 0.0 0 0 1 1 1
-4794.0 -6820.5 -19.6 279 0 5.1 14.9 2.5 2.5 2 1 1 2 2
-5149.2 -6864.3 -20.9 11 0 5.9 18.9 2.5 2.5 2 1 1 1 1
-4714.0 -6813.1 -18.5 17 0 10.2 5.7 2.5 2.5 2 0 1 3 3
-4732.4 -6791.9 -18.3 285 0 7.1 4.7 2.5 2.5 2 0 1 5 5
-4818.6 -6783.0 -18.4 284 0 14.9 5.5 2.5 2.5 2 0 1 3 3
-4779.9 -6791.7 -18.6 278 0 4.9 6.4 2.5 2.5 2 0 1 1 1
-4907.4 -6823.8 -19.6 12 0 10.7 4.9 2.5 2.5 2 0 1 4 4
-4814.3 -6822.5 -19.6 277 0 7.0 12.6 2.5 2.5 2 1 1 2 2
-4771.0 -6800.9 -18.6 100 0 9.1 4.1 7.5 2.5 2 0 3 1 1
-4919.8 -6810.3 -19.3 279 0 3.1 8.6 2.5 2.5 2 0 1 5 5
-4908.7 -6807.5 -19.2 285 0 5.2 8.0 2.5 2.5 2 0 1 5 5
-4100.1 -2626.2 -6.2 358 0 12.8 12.2 5.0 2.5 2 0 2 5 5
-4098.5 -2607.1 -6.7 3 0 5.8 14.0 2.5 2.5 2 1 1 0 0
-4096.7 -2498.1 -8.7 1 0 6.9 14.4 2.5 2.5 2 1 1 4 4
-4098.2 -2545.1 -8.2 3 0 8.5 12.9 2.5 2.5 2 1 1 2 2
-4167.6 -2589.8 -8.9 169 0 6.4 13.2 2.5 2.5 2 1 1 2 2
-4106.5 -2558.7 -7.9 355 0 5.0 10.5 5.0 2.5 2 1 2 4 4
-4146.0 -2571.1 -8.6 174 0 8.1 8.5 2.5 2.5 2 1 1 5 5
-4122.9 -2513.2 -9.7 348 0 14.0 8.0 2.5 2.5 2 0 1 0 0
-4115.9 -2496.2 -9.4 356 0 4.0 8.0 2.5 2.5 2 1 1 2 2
-4097.8 -2514.7 -8.5 358 0 5.6 13.3 2.5 2.5 4 1 1 5 5
-4095.4 -2388.0 -6.6 1 0 12.6 8.1 2.5 2.5 4 0 1 4 4
-4085.2 -2458.4 -7.0 181 0 6.0 15.0 2.5 2.5 2 1 1 3 3
-4053.2 -2405.2 -3.6 357 0 5.9 5.0 2.5 2.5 2 0 1 5 5
-4068.8 -2444.5 -5.2 171 0 4.4 8.1 2.5 2.5 2 1 1 1 1
-4138.6 -2383.0 -7.7 82 0 5.4 3.9 2.5 2.5 2 0 1 3 3
-4067.6 -2462.7 -5.4 172 0 4.4 10.7 2.5 2.5 2 1 1 2 2
-4081.6 -2403.1 -5.8 181 0 10.0 7.2 2.5 2.5 2 0 1 5 5
-4065.8 -1908.3 -8.5 184 0 13.4 11.0 5.0 2.5 2 0 2 3 3
-4071.6 -2055.1 -8.0 183 0 7.5 14.7 2.5 2.5 2 1 1 0 0
-4073.3 -2114.0 -7.1 183 0 6.4 14.6 2.5 2.5 2 1 1 2 2
-4075.6 -2168.1 -6.3 182 0 7.0 18.5 2.5 2.5 2 1 1 1 1
-4074.6 -2189.9 -5.9 179 0 7.0 12.4 2.5 2.5 2 1 1 5 5
-4075.9 -2259.5 -4.8 182 0 14.1 9.1 2.5 2.5 2 0 1 1 1
-4244.6 -2375.3 -11.1 180 0 8.3 14.1 2.5 2.5 2 1 1 5 5
-4027.8 -2294.3 -2.1 80 0 11.9 7.2 2.5 2.5 2 0 1 1 1
-4080.3 -2334.0 -4.7 172 0 7.0 9.8 2.5 2.5 2 1 1 5 5
-4067.6 -2362.2 -3.8 179 0 9.5 12.0 5.0 2.5 2 1 2 5 5
-4057.8 -2173.4 -5.2 174 0 5.3 8.7 2.5 2.5 2 1 1 0 0
-4102.3 -2300.4 -5.7 165 0 5.2 6.0 2.5 2.5 2 1 1 1 1
-4047.0 -1945.6 -8.1 176 0 11.2 6.4 2.5 2.5 2 0 1 3 3
-4241.5 -2345.1 -11.0 265 0 25.6 7.0 5.0 0.0 0 0 2 5 5
-4040.0 -1984.3 -7.6 179 0 8.5 4.4 2.5 2.5 2 0 1 3 3
-4130.9 -2321.5 -7.0 266 0 6.6 9.3 2.5 2.5 2 1 1 2 2
-4226.7 -2351.2 -10.9 268 0 4.8 17.6 7.5 2.5 2 1 3 5 5
-4039.5 -2186.3 -4.3 82 0 7.1 11.2 2.5 2.5 2 1 1 1 1
-4045.7 -2138.6 -5.5 348 0 19.2 5.7 2.5 0.0 0 0 1 0 0
-4076.8 -2211.3 -5.7 181 0 14.2 7.3 2.5 2.5 2 0 1 4 4
-4054.8 -2193.3 -4.7 171 0 5.0 9.0 2.5 2.5 2 1 1 3 3
-4068.7 -2293.3 -4.1 167 0 5.0 8.0 2.5 2.5 2 1 1 2 2
-4060.6 -2251.8 -3.9 171 0 4.0 12.1 2.5 2.5 2 1 1 3 3
-4067.2 -1931.7 -8.8 180 0 4.4 9.4 2.5 2.5 2 0 1 5 5
-4058.1 -1928.5 -8.5 182 0 4.7 7.5 2.5 2.5 2 0 1 3 3
-4101.5 -2312.1 -5.9 271 0 7.0 15.7 5.0 2.5 4 1 2 2 2
-4091.7 -2214.6 -6.8 1 0 14.1 11.5 2.5 2.5 2 0 1 3 3
-4091.0 -2280.7 -5.7 1 0 7.2 12.6 2.5 2.5 2 0 1 3 3
-4243.1 -2331.7 -10.8 15 0 14.1 9.7 5.0 2.5 2 0 2 0 0
-4166.2 -2298.4 -8.7 86 0 8.2 13.0 5.0 0.0 0 1 2 4 4
-4086.3 -2178.4 -6.9 2 0 3.7 6.9 2.5 2.5 2 1 1 5 5
-4145.2 -2240.5 -8.0 262 0 7.0 15.5 2.5 2.5 2 1 1 2 2
-4129.0 -2208.2 -7.9 262 0 5.4 9.1 2.5 2.5 2 1 1 2 2
-4246.4 -2290.0 -10.4 196 0 4.1 3.8 2.5 2.5 2 0 1 5 5
-4110.5 -2274.1 -6.7 0 0 5.5 15.1 2.5 2.5 2 1 1 1 1
-4246.3 -2304.4 -10.5 193 0 15.9 7.5 2.5 2.5 2 0 1 5 5
-4250.4 -2305.7 -10.6 196 0 5.0 10.9 2.5 2.5 2 0 1 4 4
-4083.6 -2107.8 -8.5 3 0 16.4 14.2 2.5 2.5 2 0 1 3 3
-4086.3 -2144.7 -7.9 1 0 7.9 14.2 2.5 2.5 2 1 1 0 0
-4137.8 -2118.2 -10.1 168 0 11.9 6.9 2.5 2.5 4 0 1 1 1
-4132.3 -2095.6 -10.2 167 0 4.0 5.8 2.5 2.5 2 1 1 2 2
-4107.7 -2142.4 -8.7 353 0 14.9 7.2 2.5 2.5 2 0 1 4 4
-4100.4 -2120.1 -8.5 351 0 4.9 3.5 2.5 2.5 2 0 1 0 0
-4103.9 -2120.7 -8.9 352 0 5.1 10.3 2.5 2.5 2 0 1 5 5
-4075.5 -1893.7 -8.8 1 0 9.5 13.5 2.5 2.5 2 1 1 2 2
-4078.3 -1909.7 -9.0 358 0 12.6 8.8 2.5 2.5 4 0 1 3 3
-4080.1 -1948.9 -9.5 359 0 11.1 9.2 5.0 2.5 2 0 2 5 5
-4096.2 -2041.7 -9.6 355 0 12.2 6.7 2.5 0.0 0 0 1 1 1
-4091.5 -2081.5 -9.0 9 0 7.4 9.6 2.5 2.5 2 1 1 4 4
-4112.5 -1983.1 -10.4 173 0 6.0 5.0 2.5 2.5 2 0 1 1 1
-4116.7 -1957.8 -10.7 172 0 8.6 15.2 2.5 2.5 2 0 1 3 3
-4094.6 -1994.8 -9.9 352 0 4.0 7.1 2.5 2.5 2 0 1 5 5
-4093.4 -1954.1 -10.0 351 0 6.8 8.5 2.5 2.5 2 0 1 3 3
-4100.9 -1999.2 -10.0 352 0 4.1 3.3 2.5 0.0 0 0 1 2 2
-4088.6 -1827.8 -8.5 356 0 9.4 9.5 3.5 2.5 2 1 1 1 1
-4390.0 -1602.0 -13.4 356 0 13.4 7.2 5.0 2.5 4 0 2 1 1
-4057.3 -1673.9 -6.3 180 0 7.5 13.1 2.5 2.5 2 1 1 1 1
-4070.1 -1676.2 -6.9 358 0 10.1 8.0 2.5 0.0 0 0 1 5 5
-4056.0 -1705.3 -6.1 171 0 8.3 14.3 2.5 2.5 2 1 1 1 1
-4050.8 -1749.7 -6.0 176 0 9.1 8.9 2.5 2.5 2 0 1 5 5
-4071.0 -1772.9 -7.6 2 0 6.9 11.6 2.5 2.5 2 1 1 5 5
-4020.7 -1699.9 -4.5 78 0 8.5 15.8 5.0 2.5 2 1 2 0 0
-4109.5 -1755.4 -8.4 173 0 6.3 6.2 2.5 2.5 2 0 1 2 2
-4089.3 -1777.5 -8.3 355 0 4.0 12.0 2.5 2.5 2 0 1 5 5
-4046.5 -1802.7 -6.2 170 0 3.9 8.2 2.5 2.5 2 1 1 4 4
-4086.1 -1777.3 -7.9 356 0 3.9 3.2 2.5 2.5 2 0 1 0 0
-4037.6 -1366.2 -9.6 188 0 12.1 10.6 5.0 2.5 2 0 2 5 5
-4045.7 -1391.5 -9.9 183 0 6.3 12.7 2.5 2.5 2 1 1 1 1
-4043.6 -1415.4 -9.2 175 0 9.8 9.4 2.5 2.5 2 0 1 3 3
-4057.8 -1403.6 -10.2 351 0 12.1 9.2 2.5 2.5 2 0 1 3 3
-4060.9 -1449.8 -8.8 7 0 12.5 8.0 2.5 0.0 0 0 1 5 5
-4072.1 -1478.0 -8.6 2 0 12.6 7.7 2.5 2.5 2 0 1 1 1
-4046.7 -1454.8 -8.3 182 0 14.0 9.1 2.5 2.5 2 0 1 0 0
-4050.2 -1494.2 -7.3 181 0 7.1 11.0 2.5 2.5 2 1 1 0 0
-4051.3 -1525.3 -6.7 182 0 6.6 12.9 2.5 2.5 2 0 1 2 2
-4025.4 -1572.4 -5.4 344 0 12.0 7.0 2.5 2.5 2 0 1 3 3
-4085.2 -1461.4 -9.1 161 0 3.2 5.4 2.5 2.5 4 0 1 1 1
-4038.4 -1526.1 -6.0 182 0 4.0 4.0 2.5 2.5 2 0 1 0 0
-4033.7 -1477.7 -7.1 173 0 5.0 5.7 2.5 2.5 2 1 1 0 0
-4050.4 -1647.0 -6.0 165 0 5.7 7.8 2.5 2.5 2 1 1 4 4
-4084.3 -1430.0 -10.1 342 0 7.0 4.3 2.5 2.5 2 0 1 5 5
-4021.7 -1519.1 -5.8 352 0 8.2 4.8 2.5 2.5 2 0 1 2 2
-4013.6 -1377.7 -8.3 8 0 3.9 4.0 2.5 2.5 2 0 1 4 4
-4025.8 -1375.9 -8.8 188 0 4.2 8.4 2.5 2.5 2 0 1 3 3
-4091.7 -1450.8 -9.9 161 0 21.1 7.9 2.5 2.5 2 0 1 1 1
-4065.2 -1596.7 -7.6 342 0 9.5 12.3 2.5 0.0 0 1 1 5 5
-4119.0 -1630.4 -8.8 169 0 13.2 8.1 2.5 2.5 4 0 1 5 5
-4201.5 -1621.1 -11.5 70 0 4.8 11.2 2.5 2.5 2 1 1 3 3
-4205.6 -1597.5 -11.8 340 0 12.3 8.9 2.5 2.5 2 0 1 1 1
-4254.6 -1634.8 -11.8 75 0 7.6 8.3 2.5 2.5 2 1 1 0 0
-4253.3 -1609.8 -11.9 252 0 8.1 8.5 2.5 2.5 2 1 1 0 0
-4281.1 -1618.3 -12.1 252 0 4.6 6.2 2.5 0.0 0 1 1 1 1
-4079.2 -1562.5 -8.0 342 0 3.4 5.0 2.5 2.5 2 0 1 3 3
-4102.5 -1590.6 -8.4 245 0 4.0 17.4 2.5 2.5 2 1 1 3 3
-4068.8 -1564.0 -7.9 342 0 5.9 14.5 2.5 2.5 4 0 1 2 2
-5228.4 -4642.3 -19.1 190 0 9.5 18.4 2.5 2.5 2 1 1 5 5
-5219.7 -4605.2 -19.1 185 0 13.6 7.3 2.5 2.5 2 0 1 4 4
-5687.8 -3569.2 -18.8 175 0 13.6 8.1 2.5 2.5 2 0 1 1 1
-5732.5 -3474.1 -18.6 185 0 11.2 7.8 2.5 2.5 2 0 1 5 5
-5787.7 -3436.7 -18.4 344 0 9.4 14.0 2.5 2.5 2 1 1 5 5
-5707.4 -3628.9 -18.7 353 0 8.1 9.2 2.5 2.5 2 1 1 3 3
-5698.2 -4587.2 -21.0 278 0 15.8 8.1 2.5 2.5 4 0 1 5 5
-5641.9 -3762.1 -19.0 350 0 7.7 11.4 2.5 2.5 2 0 1 5 5
-5595.8 -3873.0 -19.4 348 0 7.7 12.3 2.5 0.0 0 1 1 5 5
-6008.2 -4544.8 -19.4 276 0 6.7 13.0 2.5 2.5 2 1 1 0 0
-5565.2 -3936.4 -19.3 340 0 7.3 12.6 2.5 2.5 2 1 1 3 3
-6065.0 -4555.7 -19.5 190 0 13.6 5.8 2.5 2.5 2 0 1 5 5
-6861.1 -4412.9 -21.1 280 0 7.6 15.2 2.5 2.5 2 1 1 3 3
-5274.2 -4429.6 -18.0 270 0 7.7 10.2 2.5 2.5 2 1 1 2 2
-5501.0 -4097.4 -17.6 357 0 11.2 7.8 2.5 2.5 2 0 1 5 5
-5459.0 -4172.9 -18.0 344 0 7.1 13.0 2.5 2.5 2 1 1 5 5
-5426.2 -4283.6 -18.9 91 0 12.7 7.7 2.5 2.5 2 0 1 3 3
-5375.5 -4351.9 -18.7 6 0 8.3 8.7 2.5 2.5 2 1 1 2 2
-5307.8 -4566.3 -18.5 176 0 9.5 14.4 2.5 2.5 2 1 1 0 0
-5685.5 -4496.8 -20.3 1 0 11.7 7.7 2.5 2.5 2 0 1 0 0
-5830.2 -4521.4 -19.0 96 0 10.1 25.2 2.5 2.5 2 1 1 0 0
-6065.3 -4497.6 -19.0 96 0 5.7 13.4 2.5 2.5 2 1 1 0 0
-6148.3 -4471.0 -19.5 92 0 7.9 12.3 2.5 2.5 2 1 1 0 0
-6304.0 -4458.9 -19.6 93 0 6.7 18.5 2.5 2.5 2 1 1 3 3
-6391.1 -4440.9 -18.9 86 0 7.0 14.2 2.5 2.5 2 1 1 5 5
-6509.3 -4390.0 -19.4 355 0 13.4 9.1 2.5 2.5 2 0 1 5 5
-6615.0 -4385.6 -20.1 183 0 9.0 15.4 2.5 2.5 2 1 1 4 4
-5264.3 -4907.8 -19.8 189 0 7.6 7.7 2.5 2.5 2 1 1 1 1
-5498.0 -4005.8 -18.7 175 0 8.1 12.0 2.5 2.5 2 1 1 0 0
-5513.0 -3958.9 -19.1 180 0 7.7 12.8 2.5 2.5 4 1 1 4 4
-5647.9 -3658.4 -18.9 181 0 7.8 12.4 2.5 2.5 2 1 1 4 4
-5846.6 -4520.0 -19.0 95 0 13.1 5.0 2.5 2.5 2 0 1 4 4
-6617.8 -4401.0 -20.0 94 0 7.6 8.1 2.5 2.5 2 1 1 3 3
-5626.7 -3881.0 -19.3 171 0 5.0 3.8 2.5 2.5 2 0 1 2 2
-5391.5 -4155.3 -18.4 348 0 15.2 8.8 2.5 2.5 2 0 1 5 5
-5225.3 -4674.4 -19.1 190 0 5.5 5.3 2.5 0.0 0 0 1 5 5
-5731.8 -3467.0 -18.6 185 0 3.1 7.9 2.5 2.5 2 0 1 0 0
-5490.3 -4030.3 -18.3 98 0 11.5 6.3 2.5 2.5 2 0 1 4 4
-5796.8 -3411.6 -18.3 351 0 6.3 11.1 5.0 2.5 2 1 2 1 1
-5507.6 -4080.4 -17.6 340 0 3.7 4.2 2.5 0.0 0 1 1 3 3
-6056.9 -4569.7 -19.6 189 0 4.4 11.5 2.5 2.5 2 0 1 3 3
-5487.4 -3991.0 -18.8 188 0 5.5 3.6 2.5 2.5 2 0 1 5 5
-5389.4 -4164.4 -18.3 346 0 3.7 9.0 2.5 2.5 2 0 1 5 5
-6376.0 -4421.0 -18.9 359 0 6.1 8.1 2.5 0.0 0 1 1 3 3
-5440.1 -4264.1 -18.9 181 0 13.1 6.3 2.5 2.5 2 0 1 2 2
-5624.7 -3862.2 -19.3 167 0 6.3 8.4 2.5 0.0 0 1 1 4 4
-5703.1 -3468.6 -18.6 275 0 5.7 17.7 2.5 2.5 2 1 1 1 1
-5993.6 -4562.0 -19.5 97 0 5.7 15.2 2.5 2.5 4 1 1 0 0
-5705.6 -3504.5 -18.7 179 0 5.4 15.3 2.5 2.5 2 1 1 2 2
-5593.9 -3855.6 -19.5 339 0 8.4 4.7 2.5 2.5 2 0 1 0 0
-5257.4 -4895.4 -19.8 190 0 4.3 11.8 2.5 2.5 4 1 1 5 5
-5490.9 -3950.6 -19.0 271 0 7.2 5.6 2.5 2.5 2 0 1 4 4
-6458.7 -4310.2 -20.3 266 0 4.1 8.7 7.5 0.0 0 1 3 1 1
-5248.6 -4441.9 -17.8 276 0 7.1 13.0 2.5 2.5 2 1 1 3 3
-5716.1 -4489.0 -20.3 187 0 11.8 7.7 2.5 2.5 2 0 1 5 5
-6143.8 -4444.5 -19.8 276 0 3.0 3.3 2.5 2.5 2 0 1 0 0
-5224.6 -4588.5 -19.1 184 0 8.9 22.2 2.5 2.5 2 1 1 3 3
-5619.4 -3882.4 -19.3 81 0 6.5 5.1 2.5 2.5 2 0 1 4 4
-5192.2 -4600.7 -19.2 8 0 14.2 6.2 2.5 2.5 2 0 1 4 4
-5698.9 -4470.5 -20.2 279 0 12.7 6.3 2.5 2.5 2 0 1 4 4
-5214.4 -4670.0 -19.2 189 0 11.8 8.2 2.5 2.5 2 0 1 3 3
-6527.8 -4406.3 -19.4 88 0 4.6 9.7 2.5 0.0 0 0 1 0 0
-5681.0 -3553.5 -18.8 184 0 4.2 8.8 2.5 2.5 2 1 1 4 4
-5418.2 -4250.3 -18.8 356 0 7.8 13.6 2.5 2.5 2 0 1 4 4
-5522.6 -4083.3 -17.6 179 0 13.7 6.3 2.5 2.5 2 0 1 4 4
-5669.0 -3751.4 -18.8 261 0 7.3 18.4 2.5 2.5 2 1 1 5 5
-5660.1 -3569.4 -18.8 1 0 6.8 7.8 2.5 2.5 2 1 1 5 5
-5686.8 -4621.5 -21.0 97 0 8.5 16.7 2.5 2.5 2 1 1 0 0
-6513.3 -4353.1 -19.9 265 0 12.2 7.1 2.5 2.5 2 0 1 1 1
-5823.7 -3421.0 -18.5 263 0 8.1 15.6 2.5 2.5 2 1 1 5 5
-5653.3 -3763.0 -18.9 350 0 5.4 4.3 2.5 2.5 2 0 1 0 0
-5461.4 -4153.7 -18.0 343 0 7.9 17.2 2.5 2.5 2 1 1 1 1
-6457.6 -4338.7 -20.4 89 0 4.7 9.9 2.5 2.5 2 1 1 4 4
-5714.9 -3462.6 -18.6 275 0 7.7 4.7 2.5 2.5 2 0 1 5 5
-6595.1 -4412.9 -19.9 98 0 9.8 3.8 2.5 2.5 2 0 1 1 1
-6286.7 -4455.0 -19.7 93 0 3.0 7.1 2.5 2.5 4 0 1 0 0
-6875.9 -4430.7 -21.2 190 0 14.6 5.5 2.5 2.5 4 0 1 4 4
-5716.0 -4599.9 -20.9 188 0 12.1 5.5 2.5 2.5 2 0 1 3 3
-6142.0 -4442.4 -19.9 186 0 4.6 10.9 2.5 2.5 2 0 1 2 2
-5412.5 -4255.3 -18.9 337 0 19.5 4.1 2.5 2.5 2 0 1 0 0
-5646.3 -3741.1 -18.9 354 0 5.5 15.6 2.5 2.5 2 0 1 0 0
-6042.0 -4574.3 -19.6 99 0 7.8 24.6 2.5 2.5 4 0 1 1 1
-6521.6 -4413.2 -19.4 89 0 16.8 7.0 2.5 2.5 4 0 1 4 4
-6281.5 -4440.4 -19.8 3 0 9.9 5.8 2.5 2.5 4 0 1 1 1
-5477.6 -4014.9 -18.6 183 0 15.1 10.3 2.5 2.5 2 0 1 5 5
-6527.5 -4370.7 -19.8 178 0 9.7 14.8 2.5 2.5 4 0 1 1 1
-5212.7 -4659.6 -19.2 189 0 9.3 8.2 2.5 2.5 2 0 1 0 0
-6842.6 -4423.7 -21.0 281 0 6.7 8.6 5.0 2.5 2 1 2 4 4
-5482.9 -3949.8 -19.0 271 0 8.6 13.9 2.5 2.5 2 0 1 2 2
-6237.9 -5915.5 -22.7 192 0 15.4 9.0 2.5 2.5 2 0 1 0 0
-5596.0 -5986.7 -21.2 12 0 7.8 12.1 2.5 2.5 4 1 1 0 0
-5471.4 -6021.7 -20.7 275 0 7.8 16.3 2.5 2.5 2 1 1 0 0
-5642.6 -6155.4 -21.4 187 0 17.2 8.1 2.5 2.5 2 0 1 4 4
-5882.2 -5872.6 -22.2 98 0 7.9 12.1 2.5 2.5 2 1 1 2 2
-5528.7 -6075.1 -21.0 279 0 44.2 12.9 2.5 2.5 2 0 1 2 2
-5500.8 -6079.2 -20.9 278 0 12.2 12.9 5.0 2.5 2 0 2 4 4
-5873.7 -5842.5 -22.2 279 0 5.4 6.4 2.5 2.5 2 1 1 1 1
-5543.9 -6121.2 -21.0 188 0 8.4 7.9 2.5 2.5 2 0 1 3 3
-5585.2 -6117.0 -21.2 189 0 13.4 5.9 2.5 2.5 2 0 1 5 5
-5857.6 -6048.7 -22.1 120 0 4.7 6.3 2.5 2.5 2 0 1 0 0
-5527.6 -5980.0 -20.9 98 0 8.3 18.0 2.5 2.5 4 1 1 1 1
-6795.8 -5821.4 -21.1 188 0 14.4 5.9 2.5 0.0 0 0 1 2 2
-5485.9 -6226.7 -20.8 9 0 3.4 3.7 2.5 0.0 0 1 1 0 0
-5888.7 -5850.6 -22.2 189 0 8.4 5.7 2.5 2.5 2 0 1 4 4
-5818.1 -6041.2 -22.0 15 0 13.3 6.5 2.5 2.5 2 0 1 2 2
-5831.4 -6052.1 -22.1 15 0 3.9 10.4 2.5 2.5 2 0 1 5 5
-5623.3 -5987.9 -21.3 193 0 4.7 6.4 2.5 2.5 2 1 1 4 4
-5624.6 -6173.0 -21.3 96 0 8.2 6.2 2.5 0.0 0 0 1 3 3
-5566.7 -6117.6 -21.1 188 0 8.6 10.7 2.5 2.5 4 0 1 1 1
-6773.5 -5837.4 -21.0 9 0 8.0 14.0 2.5 2.5 2 1 1 4 4
-5515.9 -6125.7 -20.9 9 0 8.3 8.0 2.5 2.5 2 0 1 3 3
-6235.6 -5877.8 -22.6 281 0 4.1 10.4 2.5 2.5 2 0 1 5 5
-5842.5 -6053.2 -22.1 16 0 4.0 8.4 2.5 2.5 2 0 1 2 2
-6241.2 -5895.8 -22.7 190 0 13.0 5.8 2.5 2.5 2 0 1 4 4
-5521.8 -6202.3 -21.0 99 0 12.5 80.7 2.5 2.5 4 0 1 2 2
-6215.5 -5887.1 -22.6 13 0 8.9 14.1 2.5 2.5 2 0 1 4 4
-5561.8 -6195.9 -21.1 99 0 12.6 80.8 2.5 2.5 2 0 1 4 4
-5584.7 -6192.2 -21.2 99 0 12.6 80.9 2.5 2.5 4 0 1 4 4
-5541.7 -6199.1 -21.1 99 0 12.8 80.8 2.5 2.5 2 0 1 1 1
-3634.5 -786.9 11.1 255 0 9.3 14.0 7.5 2.5 2 1 3 5 5
-3816.1 -544.2 -9.1 8 0 9.9 17.3 5.0 2.5 2 1 2 0 0
-3853.6 -560.5 -9.2 102 0 14.2 7.6 5.0 2.5 2 0 2 5 5
-3881.1 -523.2 -8.8 350 0 7.2 17.9 2.5 2.5 4 1 1 0 0
-4525.0 -1528.8 -14.6 90 0 9.2 13.6 2.5 2.5 2 1 1 1 1
-5998.9 99.4 -16.6 86 0 15.2 7.9 5.0 2.5 4 0 2 0 0
-5648.3 370.3 -16.1 88 0 8.6 12.9 5.0 2.5 2 1 2 1 1
-6096.3 108.0 -16.8 356 0 10.0 14.1 5.0 2.5 2 1 2 1 1
-6131.1 -408.4 -16.8 263 0 31.5 11.1 10.0 2.5 2 0 4 2 2
-6200.3 48.3 -17.0 358 0 16.4 6.7 7.5 2.5 2 0 3 1 1
-5625.6 383.3 -15.7 267 0 7.5 15.9 7.5 2.5 2 1 3 1 1
-6389.6 291.2 -16.9 65 0 8.6 11.9 7.5 2.5 2 1 3 4 4
-6581.4 -318.6 -17.4 263 0 20.4 8.3 7.5 2.5 2 0 3 4 4
-6584.0 -548.5 -17.7 2 0 11.0 21.3 5.0 0.0 0 1 2 1 1
-6746.0 -630.8 -17.0 76 0 8.0 23.7 5.0 2.5 2 1 2 4 4
-6670.3 -1988.8 -20.0 37 0 11.8 12.0 5.0 2.5 2 1 2 2 2
-6780.9 348.2 -11.5 87 0 18.5 10.0 5.0 0.0 0 0 2 2 2
-6802.8 386.4 -10.6 269 0 11.7 24.8 7.5 2.5 2 1 3 1 1
-6843.8 656.1 -15.4 328 0 11.7 25.3 7.5 0.0 0 1 3 5 5
-6068.2 -891.7 -18.8 163 0 13.6 6.9 2.5 2.5 2 0 1 4 4
-4271.2 -366.2 -7.5 219 0 14.8 9.3 5.0 0.0 0 0 2 3 3
-6321.9 59.3 -17.6 88 0 18.0 9.5 5.0 2.5 2 0 2 0 0
-4295.8 -510.7 -11.1 292 0 14.0 10.1 2.5 2.5 2 0 1 4 4
-6131.4 -230.1 -16.9 170 0 15.3 6.5 5.0 2.5 2 0 2 2 2
-4322.7 -629.6 -12.9 21 0 14.2 9.2 5.0 0.0 0 0 2 2 2
-6585.1 -218.2 -17.3 180 0 15.8 6.8 2.5 2.5 2 0 1 3 3
-6561.9 -338.9 -17.5 352 0 12.7 6.6 5.0 2.5 2 0 2 5 5
-4390.2 -681.5 -13.7 334 0 9.0 14.4 2.5 2.5 2 1 1 1 1
-4434.3 -706.4 -14.0 67 0 12.4 11.8 5.0 2.5 2 0 2 3 3
-4643.4 -723.6 -14.7 265 0 7.9 6.5 5.0 2.5 2 0 2 3 3
-4579.4 -754.6 -13.9 85 0 8.2 13.8 2.5 2.5 4 1 1 0 0
-6748.0 -579.6 -16.9 347 0 11.4 9.5 7.5 2.5 4 0 3 2 2
-4667.8 -760.2 -14.5 81 0 6.4 19.5 5.0 2.5 2 1 2 5 5
-6650.2 -768.2 -17.1 353 0 18.1 11.9 5.0 2.5 2 0 2 3 3
-4501.9 -747.3 -13.4 253 0 7.8 15.8 2.5 2.5 4 1 1 5 5
-4444.2 -727.9 -13.4 251 0 12.2 25.4 7.5 2.5 4 1 3 1 1
-4368.2 -684.7 -13.2 245 0 13.3 7.8 2.5 2.5 2 0 1 4 4
-4409.3 -444.6 -9.3 114 0 16.1 10.2 5.0 2.5 2 0 2 1 1
-5894.4 100.4 -16.5 112 0 9.0 14.5 7.5 0.0 0 0 3 0 0
-4264.7 -541.3 -11.1 211 0 12.5 9.1 5.0 2.5 2 0 2 5 5
-4210.7 -586.7 -11.0 97 0 12.0 10.7 5.0 2.5 2 0 2 5 5
-6443.9 -1054.0 -17.0 352 0 15.1 6.9 2.5 2.5 2 0 1 2 2
-6430.3 -1138.6 -17.2 170 0 5.9 11.0 5.0 2.5 2 1 2 5 5
-6503.8 -1196.7 -17.6 172 0 16.4 8.8 5.0 2.5 2 0 2 5 5
-4204.0 -523.6 -10.6 104 0 21.6 10.2 5.0 2.5 2 0 2 5 5
-6433.0 -1248.4 -18.3 265 0 8.3 14.9 5.0 2.5 2 1 2 1 1
-4157.9 -548.9 -10.3 271 0 7.5 14.5 5.0 2.5 2 1 2 5 5
-4149.2 -531.5 -10.3 94 0 18.2 10.2 5.0 2.5 2 0 2 2 2
-4069.0 -537.1 -9.2 94 0 16.3 10.0 5.0 2.5 2 0 2 4 4
-6755.9 375.5 -10.9 358 0 25.3 10.7 10.0 2.5 2 0 4 5 5
-6607.7 -1365.2 -18.5 90 0 9.5 14.1 2.5 2.5 2 1 1 5 5
-4029.5 -539.9 -9.2 94 0 11.9 7.9 5.0 2.5 2 0 2 4 4
-4013.9 -541.2 -9.2 95 0 13.2 9.5 2.5 2.5 2 0 1 4 4
-3986.2 -543.3 -9.2 94 0 13.0 9.6 2.5 2.5 4 0 1 1 1
-5794.3 163.2 -16.5 88 0 7.7 21.9 5.0 0.0 0 1 2 3 3
-4457.0 -548.3 -11.9 79 0 6.2 22.2 7.5 2.5 2 0 3 1 1
-3929.7 -563.8 -9.4 271 0 12.1 10.3 5.0 2.5 2 0 2 2 2
-3944.2 -543.5 -9.2 94 0 12.1 9.4 5.0 2.5 2 0 2 3 3
-3902.5 -566.6 -9.3 273 0 13.0 6.2 5.0 2.5 2 0 2 3 3
-6664.5 -1959.9 -20.1 35 0 8.7 17.3 5.0 2.5 2 0 2 0 0
-6766.4 -1788.4 -19.6 326 0 11.5 8.4 5.0 2.5 2 0 2 4 4
-6840.6 -1586.6 -18.3 59 0 7.6 5.1 5.0 2.5 2 0 2 1 1
-4374.1 -482.1 -11.0 292 0 9.0 8.4 2.5 2.5 2 0 1 0 0
-5742.8 116.2 -16.5 355 0 8.6 11.4 5.0 2.5 2 0 2 2 2
-6125.3 -452.2 -16.6 87 0 16.6 8.8 5.0 2.5 2 0 2 0 0
-3841.9 -973.3 -0.8 227 0 10.8 13.6 2.5 2.5 2 1 1 4 4
-6799.2 -1433.9 -18.3 358 0 5.7 9.7 5.0 2.5 2 1 2 0 0
-6697.6 -1348.7 -18.2 2 0 7.3 12.2 5.0 2.5 4 1 2 5 5
-3972.5 -780.4 -4.4 322 0 7.1 14.0 5.0 2.5 2 1 2 4 4
-4100.7 -760.0 -9.1 75 0 7.6 17.8 5.0 2.5 2 1 2 3 3
-4102.7 -819.0 -6.1 174 0 8.9 10.5 5.0 2.5 2 0 2 0 0
-4042.3 -946.1 -2.1 170 0 16.3 9.0 7.5 2.5 2 0 3 2 2
-3990.6 -1018.3 -2.1 265 0 9.1 8.1 5.0 2.5 2 0 2 5 5
-4332.2 -453.3 -10.3 12 0 20.5 8.8 5.0 2.5 2 0 2 0 0
-4342.3 -2305.5 -11.8 90 0 7.7 13.4 5.0 2.5 2 1 2 2 2
-4122.8 -970.0 -3.0 84 0 10.4 9.1 5.0 2.5 2 0 2 2 2
-4132.1 -856.6 -5.8 355 0 8.1 14.5 5.0 2.5 2 1 2 2 2
-6896.5 -999.5 -17.6 174 0 12.8 8.3 2.5 2.5 2 0 1 1 1
-4171.7 -791.9 -8.6 65 0 13.9 9.1 2.5 2.5 2 0 1 1 1
-4189.9 -800.5 -8.7 64 0 13.3 8.6 2.5 2.5 2 0 1 2 2
-4187.7 -824.2 -7.7 245 0 8.1 8.1 5.0 2.5 2 1 2 0 0
-4219.4 -839.3 -7.9 244 0 12.4 8.1 5.0 2.5 2 0 2 0 0
-4326.0 -903.3 -7.9 49 0 21.6 8.1 5.0 2.5 4 0 2 3 3
-6203.5 -312.5 -17.4 1 0 11.0 7.0 5.0 2.5 2 0 2 1 1
-4345.5 -919.9 -7.6 51 0 12.4 8.8 2.5 2.5 2 0 1 3 3
-4431.3 -971.5 -6.5 62 0 15.5 8.3 5.0 2.5 2 0 2 0 0
-4140.4 -757.6 -9.2 347 0 6.6 9.2 5.0 2.5 2 1 2 0 0
-4136.1 -716.4 -9.9 352 0 16.1 9.4 5.0 2.5 2 0 2 1 1
-6945.3 22.8 -15.9 191 0 9.1 10.1 2.5 2.5 4 0 1 4 4
-4119.6 -670.2 -9.9 166 0 8.6 13.0 5.0 2.5 4 1 2 5 5
-6441.0 285.4 -16.9 241 0 9.4 15.7 5.0 0.0 0 0 2 2 2
-5727.1 -783.8 -17.2 354 0 9.0 10.1 7.5 2.5 2 0 3 4 4
-6507.8 416.7 -14.3 44 0 7.9 13.1 5.0 2.5 2 1 2 3 3
-3805.2 -653.7 -9.1 11 0 6.8 9.7 2.5 2.5 2 0 1 0 0
-3820.1 -701.3 -9.2 194 0 11.5 19.0 5.0 2.5 2 1 2 4 4
-6103.6 -224.2 -16.8 352 0 14.0 7.4 2.5 2.5 2 0 1 2 2
-4312.0 -376.7 -7.6 23 0 12.1 10.8 2.5 2.5 2 0 1 5 5
-4390.5 -2509.9 -12.8 173 0 13.4 6.4 2.5 2.5 2 0 1 4 4
-4290.3 -346.1 -6.9 20 0 12.5 8.8 5.0 2.5 2 0 2 2 2
-6207.2 -136.1 -16.9 176 0 9.3 13.3 5.0 2.5 2 1 2 4 4
-5714.0 -2244.7 -17.7 180 0 13.0 8.0 7.5 2.5 2 0 3 2 2
-5565.0 -71.0 -16.4 174 0 12.0 8.8 5.0 2.5 2 0 2 4 4
-6812.1 1746.1 -16.1 151 0 14.6 9.6 2.5 0.0 0 0 1 0 0
-6898.1 1791.1 -17.5 251 0 10.2 16.5 5.0 2.5 2 1 2 0 0
-6815.3 1966.5 -15.7 61 0 8.0 13.1 5.0 2.5 2 1 2 1 1
-6811.8 2070.0 -12.6 167 0 8.1 15.5 7.5 2.5 2 1 3 2 2
-4260.0 -339.1 -6.6 219 0 8.2 10.8 5.0 0.0 0 1 2 3 3
-6229.0 41.8 -17.1 90 0 6.4 13.8 5.0 2.5 2 1 2 1 1
-6664.9 1811.9 -12.3 54 0 10.5 9.0 2.5 2.5 2 0 1 2 2
-6509.5 1838.1 -9.7 143 0 8.3 18.1 7.5 0.0 0 1 3 5 5
-6413.8 1396.5 -15.8 120 0 15.3 9.5 7.5 2.5 2 0 3 5 5
-4021.9 -526.9 -8.9 93 0 5.0 17.0 5.0 2.5 2 1 2 4 4
-5725.1 4817.3 -16.2 90 0 9.4 15.4 7.5 0.0 0 1 3 4 4
-5794.3 193.9 -16.5 268 0 6.2 4.1 5.0 2.5 2 0 2 4 4
-4006.4 -502.2 -8.4 257 0 10.1 6.9 2.5 2.5 2 0 1 3 3
-6555.3 -211.3 -17.5 267 0 13.6 5.9 5.0 2.5 4 0 2 3 3
-4181.4 -841.3 -7.0 245 0 11.1 6.1 2.5 2.5 4 0 1 4 4
-4307.8 -352.3 -7.1 22 0 6.0 14.0 7.5 0.0 0 1 3 1 1
-5916.9 132.8 -16.6 263 0 4.1 6.1 5.0 2.5 2 0 2 2 2
-4341.0 -878.7 -8.5 320 0 4.7 12.0 2.5 2.5 2 1 1 0 0
-6104.4 -429.5 -16.6 354 0 7.2 8.1 5.0 2.5 2 0 2 5 5
-5731.5 -814.6 -17.5 86 0 3.1 5.9 5.0 2.5 2 0 2 4 4
-3643.7 -814.8 11.3 166 0 4.1 11.1 5.0 2.5 2 1 2 5 5
-3993.3 -1042.1 -2.2 175 0 4.0 6.1 2.5 2.5 2 1 1 1 1
-6645.2 -830.4 -17.2 352 0 3.3 3.5 7.5 0.0 0 0 3 5 5
-4126.1 -471.1 -9.2 264 0 5.0 8.9 5.0 2.5 2 1 2 1 1
-5734.9 4916.6 -16.6 188 0 5.9 4.7 7.5 2.5 4 0 3 1 1
-6781.1 -1808.8 -19.7 55 0 6.5 17.7 5.0 2.5 2 1 2 3 3
-4170.9 -563.1 -10.5 270 0 9.5 4.0 7.5 2.5 2 0 3 4 4
-6659.1 -1096.5 -17.6 266 0 6.2 9.5 2.5 2.5 2 0 1 5 5
-3649.9 -794.3 10.3 255 0 4.0 8.4 5.0 2.5 2 1 2 2 2
-6596.6 -1342.8 -18.4 269 0 5.0 4.0 5.0 2.5 2 0 2 0 0
-6474.5 1825.1 -8.9 53 0 8.6 13.5 5.0 2.5 2 0 2 5 5
-3826.6 -1011.5 -0.4 44 0 14.5 5.7 7.5 2.5 4 0 3 5 5
-6588.2 -574.1 -17.7 0 0 8.2 16.6 7.5 2.5 2 1 3 2 2
-4519.4 -1544.9 -14.7 182 0 5.9 12.9 7.5 0.0 0 0 3 5 5
-6801.7 1977.4 -14.8 63 0 4.2 7.1 7.5 2.5 2 1 3 1 1
-4372.5 -2502.4 -12.6 264 0 3.6 3.1 2.5 2.5 2 0 1 5 5
-6599.4 1799.2 -12.4 321 0 17.1 10.1 7.5 2.5 2 0 3 4 4
-6741.3 -1318.5 -17.9 171 0 5.1 9.6 2.5 0.0 0 1 1 3 3
-4094.2 -664.1 -9.8 258 0 9.0 10.0 5.0 0.0 0 1 2 5 5
-4343.6 -1826.4 -12.7 360 0 9.4 7.7 5.0 2.5 2 0 2 3 3
-4188.4 -777.4 -9.2 67 0 3.5 4.5 7.5 2.5 2 1 3 1 1
-4345.5 -709.3 -12.7 335 0 7.8 12.3 2.5 2.5 2 1 1 3 3
-6086.7 77.5 -16.7 87 0 7.0 20.8 5.0 2.5 2 1 2 2 2
-5989.5 126.3 -16.6 270 0 5.4 3.3 5.0 2.5 2 0 2 3 3
-6661.4 -1109.8 -17.6 176 0 7.3 6.2 7.5 2.5 2 0 3 4 4
-6393.3 310.4 -16.8 334 0 5.1 8.5 5.0 2.5 2 1 2 2 2
-4632.6 -734.6 -14.5 85 0 4.6 5.4 7.5 2.5 2 0 3 2 2
-5719.1 4893.0 -16.3 186 0 5.9 4.6 5.0 2.5 2 0 2 3 3
-4160.2 -721.2 -10.0 352 0 15.7 6.0 5.0 2.5 2 0 2 4 4
-6406.2 -1124.5 -17.0 349 0 11.3 5.6 5.0 2.5 2 0 2 5 5
-4462.0 -953.1 -8.4 244 0 11.4 6.9 7.5 2.5 4 0 3 1 1
-6578.3 -352.3 -17.6 82 0 7.1 5.1 2.5 2.5 2 0 1 2 2
-6195.7 -170.0 -16.8 356 0 5.2 6.9 2.5 2.5 2 1 1 5 5
-4388.8 -485.2 -10.9 292 0 6.0 9.6 5.0 2.5 2 1 2 0 0
-4029.1 -519.1 -8.7 93 0 9.0 5.0 2.5 2.5 4 0 1 2 2
-6954.5 -2.6 -15.5 191 0 8.6 4.5 2.5 2.5 4 0 1 3 3
-6185.4 -148.4 -16.8 358 0 8.9 7.2 7.5 2.5 4 0 3 2 2
-6664.1 1742.3 -14.0 337 0 20.0 9.0 5.0 0.0 0 0 2 0 0
-5708.5 4832.5 -16.1 91 0 21.1 12.0 7.5 2.5 2 0 3 5 5
-5733.0 -816.8 -17.5 356 0 4.2 8.8 5.0 2.5 2 0 2 0 0
-5687.7 4856.7 -15.9 360 0 4.6 15.9 7.5 2.5 2 1 3 0 0
-6865.2 616.8 -15.2 150 0 30.4 11.3 10.0 2.5 2 0 4 5 5
-4028.5 -782.7 -5.9 262 0 10.8 5.1 2.5 2.5 2 0 1 1 1
-4215.5 -564.1 -10.9 283 0 4.9 7.2 5.0 2.5 2 1 2 0 0
-6846.0 -1589.9 -18.3 58 0 5.0 5.1 7.5 2.5 2 0 3 1 1
-3964.9 -686.8 -9.4 351 0 7.0 5.1 5.0 2.5 2 0 2 4 4
-4372.6 -700.3 -13.1 247 0 4.6 10.7 5.0 2.5 2 1 2 0 0
-4047.5 -528.6 -8.9 94 0 4.9 9.6 7.5 2.5 2 0 3 0 0
-4366.2 -443.3 -9.4 152 0 3.3 5.6 7.5 2.5 2 1 3 5 5
-4248.3 -506.9 -10.6 108 0 3.9 10.7 7.5 2.5 2 1 3 2 2
-5607.2 4961.9 -13.6 286 0 12.3 8.6 5.0 2.5 2 0 2 4 4
-5783.3 184.2 -16.4 88 0 4.7 6.0 5.0 2.5 2 0 2 3 3
-6476.4 -890.4 -17.2 353 0 8.8 4.7 7.5 2.5 4 0 3 0 0
-4251.6 -396.7 -7.9 39 0 5.1 4.0 5.0 2.5 2 0 2 3 3
-4205.6 -768.7 -9.7 245 0 12.0 8.0 7.5 0.0 0 0 3 5 5
-3833.5 -634.4 -9.1 190 0 12.5 6.4 5.0 0.0 0 0 2 4 4
-3907.0 -582.1 -9.3 274 0 6.1 3.1 7.5 2.5 2 0 3 5 5
-6499.3 -881.5 -17.2 266 0 18.1 9.0 7.5 2.5 2 0 3 1 1
-5989.5 123.0 -16.6 268 0 5.4 9.5 2.5 2.5 2 0 1 3 3
-5719.5 -786.2 -17.2 279 0 6.2 5.2 7.5 2.5 2 0 3 3 3
-6686.5 -1966.2 -20.0 126 0 5.0 10.4 5.0 2.5 2 1 2 4 4
-6114.7 -250.5 -17.1 83 0 20.0 10.1 7.5 0.0 0 0 3 5 5
-3846.4 -528.1 -9.0 256 0 4.4 10.0 7.5 2.5 2 1 3 5 5
-6438.4 259.5 -17.0 151 0 4.8 3.1 7.5 2.5 2 0 3 4 4
-3999.0 -530.6 -8.9 86 0 5.3 10.2 2.5 2.5 2 1 1 5 5
-6204.3 -515.8 -16.6 82 0 7.4 3.2 2.5 2.5 2 0 1 0 0
-4422.3 -413.5 -8.1 127 0 3.5 6.1 7.5 2.5 2 0 3 3 3
-6787.8 1742.3 -15.6 61 0 14.2 8.0 7.5 2.5 2 0 3 0 0
-5764.2 114.8 -16.5 85 0 6.9 9.1 7.5 2.5 2 1 3 4 4
-4123.8 -875.6 -4.8 344 0 3.5 6.6 5.0 2.5 2 0 2 1 1
-6288.9 -400.3 -17.5 255 0 3.5 11.4 5.0 2.5 2 0 2 5 5
-3845.3 -1008.2 -0.6 134 0 11.4 7.7 7.5 2.5 2 0 3 0 0
-6430.6 255.9 -17.0 151 0 5.6 10.1 7.5 0.0 0 0 3 5 5
-4361.9 -447.9 -9.6 130 0 3.3 7.5 7.5 2.5 2 0 3 3 3
-3926.2 -593.0 -9.4 92 0 4.0 10.2 5.0 2.5 2 0 2 5 5
-4153.5 -699.1 -10.1 352 0 7.1 12.0 7.5 2.5 2 1 3 4 4
-4167.2 -517.8 -10.2 91 0 10.1 26.6 10.0 2.5 2 1 4 5 5
-4240.5 -530.4 -10.9 285 0 15.4 6.6 7.5 0.0 0 0 3 2 2
-6484.7 -1180.1 -17.4 260 0 15.2 5.3 2.5 2.5 2 0 1 1 1
-5746.7 4820.2 -16.4 179 0 5.8 4.9 5.0 2.5 2 0 2 5 5
-6805.8 1777.8 -15.9 241 0 7.4 4.4 5.0 2.5 2 0 2 5 5
-4314.1 -341.5 -6.7 20 0 4.4 8.2 7.5 2.5 2 0 3 4 4
-4132.2 -970.7 -3.2 84 0 8.4 3.5 5.0 0.0 0 0 2 5 5
-4523.4 -755.0 -13.5 255 0 8.1 19.5 5.0 2.5 2 1 2 4 4
-4083.9 -759.0 -8.7 68 0 16.1 5.9 5.0 0.0 0 0 2 0 0
-5699.0 4905.5 -16.1 1 0 4.7 5.9 2.5 2.5 2 0 1 4 4
-6260.5 -398.7 -17.5 346 0 11.4 4.8 7.5 2.5 2 0 3 3 3
-6498.4 -1501.0 -19.4 7 0 4.0 6.9 2.5 2.5 2 0 1 1 1
-5620.7 4941.7 -14.2 188 0 12.1 7.6 5.0 2.5 2 0 2 5 5
-6828.8 619.5 -15.4 338 0 5.9 7.0 5.0 2.5 2 1 2 4 4
-6660.0 1713.6 -14.6 339 0 8.0 3.9 7.5 2.5 2 0 3 1 1
-6114.5 84.4 -16.8 177 0 5.7 16.1 5.0 2.5 2 1 2 1 1
-4338.9 -399.3 -7.9 199 0 3.4 3.3 2.5 2.5 4 0 1 0 0
-6193.4 1190.0 -15.8 241 0 16.9 10.1 2.5 2.5 4 0 1 2 2
-6661.9 -1961.6 -20.1 35 0 8.7 3.1 5.0 2.5 2 0 2 1 1
-6932.2 24.9 -15.9 281 0 4.8 9.1 7.5 2.5 2 0 3 4 4
-6781.9 1768.3 -15.5 331 0 17.4 8.8 7.5 2.5 2 0 3 2 2
-4689.2 -734.7 -14.8 262 0 15.2 6.0 5.0 0.0 0 0 2 0 0
-6046.7 -868.2 -18.7 249 0 9.0 19.9 5.0 2.5 2 1 2 3 3
-6683.9 1699.9 -15.2 69 0 14.5 8.0 7.5 2.5 2 0 3 3 3
-6166.2 -427.9 -16.9 178 0 11.8 5.9 2.5 2.5 2 0 1 3 3
-6664.3 -806.3 -17.2 351 0 5.0 10.2 7.5 2.5 2 1 3 1 1
-3986.7 -690.6 -9.5 171 0 6.0 4.0 5.0 2.5 2 0 2 2 2
-6499.5 -1510.0 -19.4 7 0 14.2 6.9 5.0 2.5 2 0 2 0 0
-3871.7 -556.8 -9.2 102 0 5.5 9.8 5.0 2.5 2 1 2 2 2
-6851.4 -1319.6 -18.1 187 0 7.1 10.0 2.5 2.5 2 1 1 5 5
-4427.0 -690.7 -14.1 67 0 5.0 11.1 2.5 2.5 2 0 1 1 1
-3958.8 -533.6 -9.0 89 0 5.5 19.8 5.0 2.5 2 1 2 4 4
-6905.3 -867.6 -17.4 357 0 8.7 5.1 7.5 0.0 0 0 3 0 0
-3977.3 -661.9 -9.4 263 0 9.4 7.6 5.0 2.5 4 0 2 2 2
-5743.0 4917.7 -16.7 188 0 5.9 4.6 5.0 2.5 2 0 2 2 2
-6393.0 206.0 -17.3 61 0 7.7 4.9 5.0 2.5 2 0 2 3 3
-6930.4 2.7 -15.8 101 0 7.0 9.0 2.5 2.5 2 1 1 2 2
-4425.4 -781.4 -12.1 337 0 3.6 4.8 2.5 2.5 2 1 1 2 2
-6581.7 -205.8 -17.3 270 0 6.6 4.5 2.5 0.0 0 0 1 1 1
-4252.4 -790.1 -10.1 139 0 8.9 17.6 5.0 2.5 2 1 2 0 0
-3834.7 -651.1 -9.2 282 0 4.5 6.5 5.0 2.5 2 0 2 5 5
-6582.8 -237.3 -17.4 181 0 7.0 24.8 7.5 2.5 2 1 3 5 5
-6341.1 1883.5 -4.9 92 0 6.7 3.9 5.0 2.5 2 0 2 4 4
-3945.6 -787.1 -3.6 273 0 5.0 7.9 5.0 2.5 4 1 2 3 3
-6469.7 -1050.6 -17.2 262 0 7.1 15.3 2.5 2.5 2 1 1 1 1
-4427.4 -397.0 -7.7 307 0 4.5 4.0 7.5 0.0 0 0 3 2 2
-6760.9 -785.3 -17.2 178 0 9.0 14.6 7.5 2.5 2 1 3 5 5
-4180.1 -543.0 -10.5 277 0 6.1 10.1 7.5 2.5 4 1 3 4 4
-5726.0 4893.8 -16.4 186 0 5.9 4.8 7.5 2.5 2 0 3 0 0
-5621.8 4934.0 -14.2 188 0 3.5 7.6 7.5 2.5 4 0 3 3 3
-3984.0 -516.0 -8.5 91 0 5.0 7.0 5.0 2.5 2 1 2 4 4
-3936.7 -511.7 -8.5 273 0 10.6 5.2 5.0 2.5 2 0 2 3 3
-5726.8 4915.4 -16.4 188 0 5.9 4.7 7.5 2.5 2 0 3 0 0
-4483.6 -507.3 -9.9 167 0 6.3 10.7 5.0 2.5 2 0 2 2 2
-6689.2 -808.5 -17.2 167 0 5.5 3.6 7.5 2.5 4 0 3 0 0
-6472.9 -1196.1 -17.7 352 0 15.1 7.4 5.0 2.5 2 0 2 4 4
-3707.5 -792.3 5.7 81 0 3.1 6.2 5.0 2.5 2 1 2 3 3
-4363.9 -904.2 -8.1 141 0 4.1 12.0 5.0 0.0 0 0 2 2 2
-6701.5 1742.4 -14.2 241 0 10.8 6.5 5.0 2.5 4 0 2 2 2
-6198.9 -487.1 -16.7 352 0 7.7 13.0 7.5 2.5 2 1 3 2 2
-4432.5 -953.1 -7.4 66 0 4.0 6.1 7.5 2.5 2 0 3 0 0
-6725.3 -1288.2 -17.6 261 0 4.7 8.2 7.5 2.5 2 1 3 0 0
-3928.4 -546.7 -9.3 92 0 8.2 14.0 7.5 2.5 2 1 3 2 2
-4200.5 -506.4 -10.3 99 0 13.0 6.6 5.0 2.5 2 0 2 5 5
-6548.1 -2067.7 -20.9 41 0 15.1 9.0 5.0 2.5 2 0 2 1 1
-6495.0 -1217.3 -17.9 172 0 9.3 23.2 7.5 2.5 2 1 3 3 3
-5750.1 141.6 -16.2 264 0 8.7 5.7 5.0 2.5 2 0 2 2 2
-3670.5 -780.7 7.1 358 0 5.4 13.4 7.5 2.5 2 0 3 0 0
-5716.0 4916.9 -16.3 278 0 4.7 5.9 5.0 2.5 2 0 2 0 0
-3744.0 -720.4 -5.5 270 0 4.5 5.0 5.0 2.5 2 1 2 3 3
-4560.8 -755.4 -13.8 83 0 6.4 13.5 7.5 2.5 2 1 3 3 3
-6573.3 -351.7 -17.6 82 0 3.1 5.1 2.5 2.5 2 0 1 1 1
-6401.7 1419.0 -15.1 209 0 6.2 7.1 7.5 2.5 2 1 3 0 0
-3840.6 -733.6 -7.3 214 0 7.7 3.3 5.0 0.0 0 0 2 4 4
-6514.8 440.6 -15.6 225 0 12.1 7.0 2.5 2.5 2 0 1 4 4
-6788.9 2053.3 -12.1 40 0 3.6 10.0 7.5 2.5 2 1 3 1 1
-4524.0 -1541.8 -14.7 92 0 6.8 7.1 5.0 2.5 4 0 2 3 3
-4079.2 -521.5 -8.8 83 0 4.7 4.6 5.0 2.5 2 0 2 0 0
-4357.9 -432.6 -9.1 220 0 4.0 3.4 5.0 2.5 2 0 2 3 3
-3655.4 -800.4 10.0 254 0 6.5 4.0 7.5 0.0 0 0 3 0 0
-4156.2 -749.7 -9.9 345 0 16.9 5.5 2.5 2.5 2 0 1 1 1
-5531.9 -85.0 -16.3 354 0 9.2 18.7 2.5 2.5 2 1 1 5 5
-4342.6 -617.2 -13.1 290 0 7.0 11.1 5.0 2.5 4 1 2 2 2
-6782.4 -1778.0 -19.6 238 0 8.3 7.0 5.0 2.5 2 0 2 1 1
-4282.3 -360.5 -7.4 206 0 15.5 6.3 7.5 2.5 2 0 3 3 3
-4204.6 -853.0 -7.2 245 0 7.4 5.4 7.5 2.5 2 0 3 3 3
-4453.3 -700.7 -14.1 67 0 6.0 8.9 5.0 0.0 0 1 2 2 2
-3869.1 -572.4 -9.2 289 0 4.8 6.6 5.0 2.5 2 1 2 2 2
-3948.7 -562.6 -9.4 273 0 5.0 12.1 7.5 2.5 2 1 3 2 2
-5672.8 4838.9 -15.4 2 0 8.7 6.2 5.0 2.5 2 0 2 3 3
-5916.2 126.8 -16.6 263 0 4.1 6.6 7.5 0.0 0 0 3 1 1
-3803.9 -647.2 -9.1 11 0 6.4 9.5 2.5 2.5 2 0 1 4 4
-4227.1 -472.8 -10.0 203 0 3.0 5.5 2.5 2.5 2 0 1 2 2
-6866.3 -1551.4 -18.4 155 0 5.6 7.2 5.0 2.5 2 1 2 0 0
-4141.3 -735.7 -9.9 352 0 3.6 4.5 5.0 0.0 0 0 2 3 3
-3851.4 -545.1 -9.2 85 0 11.8 4.0 7.5 2.5 2 0 3 5 5
-3736.5 -728.0 -4.0 90 0 4.5 5.0 2.5 2.5 2 1 1 3 3
-6451.8 -1077.0 -16.9 83 0 11.0 8.0 7.5 2.5 2 0 3 1 1
-6331.4 91.5 -17.5 177 0 5.7 10.9 7.5 2.5 2 1 3 1 1
-4138.6 -643.7 -10.7 83 0 4.0 6.1 5.0 2.5 2 1 2 2 2
-4182.1 -898.2 -5.6 64 0 4.2 6.6 7.5 2.5 2 1 3 5 5
-4633.6 -722.7 -14.6 265 0 4.6 6.5 2.5 2.5 2 0 1 3 3
-4356.5 -2521.8 -12.9 354 0 6.1 18.1 7.5 2.5 2 1 3 0 0
-6907.9 -852.9 -17.4 266 0 4.2 5.5 5.0 2.5 2 0 2 2 2
-6333.5 86.3 -17.6 271 0 6.3 16.5 2.5 2.5 2 1 1 5 5
-5749.8 313.9 -16.3 180 0 6.1 5.2 5.0 2.5 2 0 2 1 1
-4039.0 -933.0 -2.1 170 0 8.4 3.5 2.5 2.5 2 0 1 0 0
-6429.0 300.6 -16.8 240 0 4.4 7.6 5.0 2.5 2 0 2 1 1
-5898.6 101.0 -16.5 83 0 4.3 9.2 2.5 2.5 2 0 1 2 2
-3830.0 -652.1 -9.1 282 0 5.0 6.5 5.0 2.5 2 0 2 0 0
-6100.1 -438.8 -16.5 354 0 12.3 3.2 7.5 2.5 2 0 3 1 1
-4334.4 -2275.2 -11.8 271 0 16.2 5.1 7.5 2.5 2 0 3 3 3
-6480.5 1840.2 -8.9 322 0 4.2 8.6 2.5 2.5 2 0 1 3 3
-4046.4 -929.6 -2.1 166 0 3.1 4.8 7.5 2.5 2 1 3 5 5
-6813.4 -1664.4 -19.0 334 0 12.0 8.1 2.5 2.5 4 0 1 2 2
-4056.1 -964.2 -2.1 350 0 10.6 5.3 5.0 0.0 0 0 2 0 0
-6393.9 215.7 -17.2 331 0 8.1 7.7 7.5 2.5 2 0 3 1 1
-4346.8 -2275.0 -11.9 271 0 8.6 5.1 5.0 2.5 2 0 2 5 5
-4383.1 -692.3 -13.4 245 0 3.0 5.2 7.5 2.5 2 1 3 1 1
-6896.6 -1018.9 -17.7 171 0 5.2 10.4 5.0 2.5 2 1 2 3 3
-6807.4 -1475.8 -18.6 90 0 8.4 8.7 7.5 0.0 0 1 3 5 5
-6406.0 280.5 -16.9 61 0 3.2 3.2 7.5 2.5 2 0 3 2 2
-3819.8 -1004.5 -0.3 44 0 5.0 5.7 5.0 2.5 2 0 2 0 0
-6309.7 105.9 -17.4 268 0 12.0 27.8 7.5 2.5 2 1 3 3 3
-4179.7 -761.9 -9.5 248 0 16.6 6.4 7.5 2.5 2 0 3 3 3
-3985.5 -712.6 -9.5 173 0 5.8 9.3 5.0 2.5 2 0 2 4 4
-5706.0 4912.4 -16.2 8 0 5.9 4.7 5.0 2.5 2 0 2 3 3
-4326.0 -336.9 -6.7 201 0 4.5 4.5 2.5 0.0 0 0 1 5 5
-5763.3 4819.9 -16.7 179 0 5.9 4.7 7.5 2.5 2 0 3 5 5
-6275.3 -426.3 -17.4 76 0 4.7 7.4 2.5 2.5 2 0 1 1 1
-4331.6 -360.7 -7.3 209 0 9.2 7.1 7.5 2.5 2 0 3 2 2
-5729.8 4851.3 -16.3 180 0 13.3 11.0 7.5 2.5 2 0 3 3 3
-5881.2 118.9 -16.6 353 0 8.1 4.0 5.0 2.5 2 0 2 4 4
-4147.6 -873.8 -5.5 345 0 8.0 5.1 7.5 2.5 2 0 3 5 5
-5732.7 4894.5 -16.5 186 0 5.9 4.7 7.5 2.5 2 0 3 5 5
-4075.7 -833.4 -5.1 350 0 3.6 8.8 7.5 2.5 2 1 3 3 3
-6861.9 -998.1 -17.6 347 0 9.1 9.6 7.5 2.5 2 1 3 1 1
-4131.5 -824.5 -6.6 353 0 7.0 7.1 5.0 2.5 2 1 2 0 0
-4260.3 -319.9 -5.9 207 0 9.8 3.8 2.5 2.5 4 0 1 0 0
-6571.9 -2045.6 -20.8 218 0 7.7 5.8 7.5 2.5 2 0 3 0 0
-6284.1 1333.3 -14.0 51 0 12.0 11.6 7.5 2.5 2 0 3 1 1
-4445.5 -414.9 -8.1 115 0 3.5 8.1 7.5 2.5 2 1 3 1 1
-6933.9 1747.7 -17.2 161 0 10.5 35.9 7.5 2.5 2 1 3 2 2
-6837.2 -1675.4 -19.0 245 0 4.2 4.0 5.0 2.5 2 0 2 4 4
-4020.0 -492.5 -8.3 271 0 3.9 13.0 2.5 2.5 2 1 1 0 0
-4190.0 -501.2 -10.1 90 0 6.0 20.9 5.0 2.5 2 1 2 5 5
-6514.3 -1521.6 -19.3 95 0 5.2 5.1 5.0 2.5 2 0 2 1 1
-4154.3 -508.0 -10.0 82 0 4.8 17.8 5.0 2.5 2 1 2 0 0
-3846.3 -742.3 -6.4 214 0 9.1 3.3 5.0 2.5 2 0 2 5 5
-4240.9 -2120.0 -12.5 349 0 3.9 3.5 7.5 2.5 4 0 3 2 2
-4183.8 -462.4 -9.7 262 0 13.0 9.5 5.0 2.5 2 0 2 3 3
-5707.7 4891.8 -16.2 6 0 5.9 4.7 5.0 2.5 2 0 2 4 4
-4152.6 -517.0 -10.1 98 0 8.9 3.9 5.0 2.5 2 0 2 5 5
-3736.4 -711.8 -6.1 270 0 4.5 5.0 5.0 0.0 0 1 2 0 0
-4242.2 -944.7 -5.5 148 0 6.6 17.6 7.5 2.5 4 1 3 3 3
-3992.2 -526.7 -8.8 80 0 5.1 15.6 5.0 2.5 2 1 2 3 3
-6548.5 -240.6 -17.5 87 0 5.4 13.6 7.5 0.0 0 1 3 2 2
-3880.2 -546.1 -9.2 85 0 10.1 4.8 7.5 2.5 2 0 3 2 2
-5699.2 4898.5 -16.1 1 0 4.7 5.9 7.5 2.5 2 0 3 3 3
-4410.4 -696.3 -13.8 67 0 8.8 9.3 7.5 2.5 4 1 3 0 0
-6782.5 393.5 -9.6 268 0 8.4 6.3 7.5 0.0 0 0 3 3 3
-3743.9 -708.0 -7.7 270 0 4.5 5.0 7.5 2.5 2 1 3 1 1
-3832.8 -721.6 -8.9 213 0 18.9 6.2 7.5 2.5 2 0 3 4 4
-5739.2 4895.2 -16.7 186 0 5.9 4.6 7.5 2.5 2 0 3 1 1
-6839.4 -1292.4 -18.0 267 0 6.1 4.0 7.5 2.5 2 0 3 5 5
-4278.7 -796.5 -10.4 140 0 21.4 9.8 5.0 0.0 0 0 2 4 4
-6363.2 1888.9 -5.3 172 0 8.0 6.0 7.5 2.5 2 0 3 1 1
-4148.2 -731.2 -10.0 340 0 4.6 12.5 7.5 2.5 2 1 3 1 1
-6669.6 1705.5 -14.9 68 0 16.1 8.0 5.0 2.5 4 0 2 2 2
-3798.3 -997.2 -0.1 314 0 4.9 3.8 7.5 2.5 2 0 3 0 0
-6692.2 1745.9 -14.0 241 0 7.3 5.0 2.5 2.5 2 0 1 2 2
-6444.9 292.4 -16.9 241 0 9.4 8.1 2.5 2.5 2 0 1 5 5
-4309.1 -2308.2 -11.3 91 0 9.9 18.1 7.5 2.5 2 0 3 1 1
-4228.9 -473.7 -10.3 293 0 8.1 18.1 5.0 2.5 2 0 2 5 5
-4435.0 -943.1 -8.1 333 0 7.9 12.6 7.5 2.5 2 0 3 3 3
-6435.4 254.1 -17.0 151 0 7.0 5.1 7.5 0.0 0 0 3 1 1
-4496.7 -1512.8 -14.5 271 0 7.5 23.1 7.5 2.5 4 0 3 3 3
-4168.6 -667.7 -10.2 245 0 4.1 11.0 5.0 2.5 2 0 2 5 5
-4148.1 -738.6 -9.9 349 0 6.2 7.2 5.0 2.5 2 0 2 0 0
-5511.8 -101.3 -16.2 354 0 25.1 50.0 10.0 0.0 0 0 4 5 5
-3970.0 -687.5 -9.5 351 0 7.0 13.0 5.0 2.5 2 0 2 5 5
-3964.3 -710.2 -9.5 351 0 7.0 12.1 2.5 2.5 2 0 1 4 4
-4685.8 -758.3 -14.4 352 0 7.6 6.4 7.5 2.5 4 0 3 4 4
-4390.8 -443.7 -9.4 115 0 8.5 13.8 5.0 2.5 2 0 2 1 1
-4140.3 -965.2 -3.5 85 0 3.5 4.9 5.0 2.5 2 0 2 1 1
-3928.5 -600.0 -9.5 91 0 8.6 7.1 7.5 2.5 2 0 3 4 4
-4164.9 -678.2 -10.2 244 0 6.0 3.4 2.5 2.5 2 0 1 5 5
-5752.2 -814.8 -17.5 173 0 11.8 5.1 5.0 2.5 2 0 2 5 5
-4466.0 -500.1 -10.2 258 0 16.1 9.6 7.5 0.0 0 0 3 1 1
-4120.5 -490.6 -9.3 269 0 6.1 4.8 5.0 2.5 2 0 2 1 1
-6038.7 -908.9 -19.0 344 0 8.1 16.5 7.5 2.5 2 0 3 0 0
-4310.7 -388.8 -7.7 25 0 4.4 7.3 7.5 0.0 0 0 3 1 1
-5757.8 134.5 -16.4 267 0 4.2 10.1 7.5 2.5 2 0 3 3 3
-6427.6 302.7 -16.8 152 0 7.6 22.1 5.0 2.5 2 0 2 0 0
-6914.1 -853.0 -17.4 266 0 8.1 6.1 7.5 2.5 2 0 3 2 2
-5541.4 -37.3 -16.4 264 0 20.0 11.0 5.0 2.5 2 0 2 1 1
-4082.7 -517.3 -8.8 85 0 4.6 9.3 2.5 0.0 0 0 1 1 1
-6920.9 -887.3 -17.5 82 0 9.0 5.6 7.5 2.5 2 0 3 3 3
-4329.3 -388.7 -7.9 17 0 22.8 6.0 2.5 2.5 4 0 1 0 0
-4122.2 -881.4 -4.8 344 0 8.5 14.4 5.0 2.5 2 0 2 4 4
-4519.9 -1541.9 -14.6 92 0 12.9 7.1 5.0 0.0 0 0 2 1 1
-6658.2 1828.1 -11.7 54 0 5.5 9.5 5.0 2.5 4 0 2 0 0
-6112.9 -448.7 -16.5 83 0 4.8 5.4 5.0 2.5 4 0 2 0 0
-4306.0 -396.6 -7.9 17 0 12.0 7.0 2.5 2.5 2 0 1 3 3
-5770.5 167.7 -16.2 87 0 7.1 12.0 5.0 2.5 2 0 2 3 3
-4053.3 -538.2 -9.2 94 0 15.1 10.0 5.0 2.5 2 0 2 4 4
-4126.8 -517.3 -9.8 89 0 10.3 21.7 5.0 2.5 2 0 2 2 2
-4144.3 -887.8 -5.0 76 0 5.0 3.7 2.5 0.0 0 0 1 5 5
-6492.6 440.2 -16.3 314 0 15.6 8.3 7.5 2.5 2 0 3 5 5
-4319.7 -2309.5 -11.4 91 0 11.1 5.0 2.5 2.5 2 0 1 1 1
-4339.1 -435.3 -9.2 18 0 4.1 9.7 5.0 2.5 2 1 2 1 1
-4133.9 -738.8 -9.8 351 0 12.0 6.9 2.5 2.5 2 0 1 2 2
-6103.3 -439.2 -16.6 354 0 12.3 8.3 7.5 2.5 2 0 3 3 3
-5886.6 133.5 -16.6 264 0 4.8 11.0 2.5 2.5 2 0 1 3 3
-6120.5 -206.3 -16.8 263 0 15.7 8.0 7.5 2.5 2 0 3 0 0
-4140.6 -951.0 -3.6 265 0 5.2 9.4 2.5 0.0 0 0 1 4 4
-5750.3 -784.0 -17.2 174 0 4.6 13.1 5.0 2.5 2 0 2 3 3
-5751.9 107.6 -16.6 85 0 6.2 3.8 5.0 2.5 2 0 2 5 5
-6441.9 253.4 -17.0 151 0 12.1 6.0 2.5 2.5 2 0 1 0 0
-3759.3 -719.1 -7.1 270 0 17.3 9.3 7.5 2.5 2 0 3 2 2
-3796.0 -738.0 -6.3 102 0 13.9 7.1 5.0 2.5 2 0 2 0 0
-4433.2 -397.7 -8.0 307 0 18.6 6.0 2.5 2.5 4 0 1 2 2
-6589.9 -353.6 -17.6 172 0 3.5 5.5 7.5 2.5 2 0 3 2 2
-5773.4 163.2 -16.3 88 0 13.1 4.9 7.5 2.5 4 0 3 2 2
-6104.9 -214.6 -16.7 352 0 5.3 7.4 7.5 2.5 2 0 3 2 2
-4453.4 -551.1 -12.3 167 0 6.9 6.3 7.5 2.5 2 0 3 5 5
-6591.3 -352.1 -17.5 83 0 4.2 19.4 2.5 2.5 2 0 1 3 3
-6129.8 -424.4 -16.7 264 0 15.9 5.7 7.5 2.5 2 0 3 1 1
-6283.5 -398.9 -17.5 256 0 7.7 11.4 7.5 2.5 2 0 3 2 2
-3925.5 -574.1 -9.4 272 0 3.5 8.7 7.5 2.5 2 0 3 0 0
-5733.3 -811.8 -17.5 356 0 6.1 14.1 5.0 2.5 2 0 2 1 1
-4306.0 -517.4 -11.3 292 0 3.9 11.5 5.0 2.5 2 0 2 0 0
-6788.8 -1782.2 -19.6 236 0 7.0 8.3 7.5 2.5 2 0 3 0 0
-6416.3 261.7 -17.0 331 0 5.0 5.3 5.0 2.5 2 0 2 0 0
-4292.5 -813.5 -9.9 321 0 11.5 7.9 7.5 2.5 2 0 3 5 5
-6395.8 279.8 -17.0 331 0 11.0 27.1 10.0 2.5 2 0 4 5 5
-4468.7 -406.6 -7.9 113 0 11.8 7.4 7.5 2.5 2 0 3 2 2
-6442.3 -2186.8 -19.4 56 0 15.3 8.1 7.5 2.5 2 0 3 1 1
-5585.1 4942.6 -13.0 287 0 9.4 8.1 2.5 2.5 2 0 1 2 2
-4471.2 -737.1 -13.4 251 0 13.9 9.3 5.0 2.5 2 0 2 3 3
-4356.7 -452.2 -9.9 129 0 10.1 7.5 5.0 2.5 2 0 2 2 2
-6311.6 1367.7 -14.0 231 0 12.3 32.4 10.0 2.5 2 0 4 4 4
-106.7 -4452.0 5.7 55 0 8.1 13.9 2.5 2.5 2 1 1 0 0
-106.1 -4419.6 8.3 27 0 11.6 7.1 7.5 2.5 2 0 3 3 3
-127.4 -4410.1 9.1 209 0 5.7 9.7 5.0 2.5 2 1 2 1 1
-139.1 -4402.3 10.0 227 0 5.5 5.2 5.0 2.5 2 0 2 2 2
-4015.3 -8363.7 -17.8 64 0 13.0 10.0 5.0 2.5 2 0 2 3 3
6299.2 -2113.2 -8.7 94 0 9.4 12.3 7.5 2.5 4 1 3 2 2
6258.4 -2112.7 -8.6 91 0 9.1 16.3 5.0 2.5 2 1 2 2 2
6206.8 -2113.5 -8.4 90 0 11.8 8.4 7.5 2.5 2 0 3 2 2
6195.1 -2113.5 -8.4 90 0 11.8 8.4 7.5 2.5 2 0 3 0 0
6178.2 -2108.1 -8.4 92 0 7.2 8.0 5.0 2.5 2 1 2 0 0
6135.1 -1977.5 -9.4 156 0 13.5 10.2 10.0 2.5 2 0 4 5 5
6134.4 -1962.5 -9.8 154 0 8.9 23.0 7.5 2.5 2 1 3 0 0
6088.8 -1858.9 -8.8 159 0 10.4 10.8 5.0 2.5 2 1 2 5 5
6068.3 -1830.8 -8.3 156 0 11.6 9.4 7.5 2.5 2 0 3 4 4
6051.3 -1787.1 -7.9 151 0 8.4 11.4 5.0 2.5 2 1 2 1 1
5997.2 -1753.6 -5.5 340 0 10.9 8.1 7.5 2.5 2 0 3 2 2
6022.1 -1787.8 -6.7 337 0 16.2 10.2 7.5 2.5 2 0 3 2 2
6051.7 -2057.4 -7.4 359 0 12.4 9.0 5.0 2.5 2 0 2 5 5
6070.7 -1903.5 -7.6 336 0 11.3 9.0 7.5 2.5 2 0 3 2 2
6096.3 -1963.4 -7.9 341 0 9.7 9.7 2.5 2.5 2 1 1 5 5
6117.5 -2018.9 -8.6 252 0 8.2 13.2 5.0 2.5 2 1 2 4 4
6073.0 -2072.5 -7.6 185 0 11.5 9.1 7.5 2.5 2 0 3 4 4
6065.2 -2073.1 -7.4 18 0 10.3 9.1 5.0 2.5 4 0 2 4 4
6015.0 -2103.1 -6.6 92 0 15.4 8.3 5.0 2.5 2 0 2 2 2
6049.4 -2112.3 -7.0 91 0 11.8 6.8 5.0 2.5 2 0 2 1 1
5957.6 -2130.3 -4.5 271 0 8.3 9.2 5.0 2.5 2 1 2 5 5
6073.3 -2096.7 -7.5 180 0 23.8 12.9 12.5 2.5 2 0 5 2 2
6110.5 -2117.5 -7.7 94 0 18.8 12.8 5.0 2.5 2 0 2 1 1
6027.3 -2128.0 -6.5 277 0 15.4 9.9 2.5 2.5 2 0 1 4 4
6127.8 -2137.3 -7.9 271 0 6.4 14.6 7.5 2.5 2 1 3 3 3
6120.9 -2238.8 -8.4 11 0 13.6 6.4 5.0 2.5 2 0 2 0 0
5993.2 -2097.0 -6.0 89 0 6.2 21.3 7.5 2.5 2 1 3 0 0
6082.4 -1820.7 -8.8 158 0 4.4 9.6 7.5 2.5 4 1 3 1 1
6153.0 -2094.8 -8.5 176 0 36.2 12.4 7.5 2.5 2 0 3 5 5
6069.3 -2137.4 -7.0 273 0 23.9 13.0 10.0 2.5 2 0 4 5 5
6106.8 -2139.1 -7.5 284 0 4.9 14.8 5.0 2.5 2 1 2 4 4
6002.5 -1798.7 -5.6 339 0 9.3 4.7 5.0 2.5 2 0 2 0 0
6102.6 -2133.0 -7.4 279 0 10.0 4.7 7.5 2.5 2 0 3 0 0
6163.0 -2005.3 -9.9 156 0 9.8 6.5 7.5 2.5 2 0 3 4 4
6171.6 -2111.9 -8.4 92 0 5.3 18.2 5.0 2.5 2 1 2 5 5
6271.9 -2068.2 -8.8 275 0 5.7 7.7 5.0 2.5 2 0 2 1 1
5954.0 -2071.0 -4.9 269 0 5.5 12.0 2.5 2.5 2 1 1 1 1
6058.5 -2090.6 -7.2 1 0 5.9 12.8 2.5 2.5 2 1 1 5 5
6281.6 -2100.8 -8.8 92 0 5.8 18.2 5.0 2.5 2 1 2 3 3
6079.8 -2052.9 -7.8 214 0 9.3 4.9 5.0 2.5 2 0 2 0 0
6195.8 -2068.7 -8.6 1 0 4.9 9.5 5.0 2.5 4 1 2 0 0
6007.4 -1816.0 -5.8 337 0 18.1 6.1 5.0 2.5 2 0 2 4 4
6094.6 -2013.5 -8.3 72 0 5.5 10.7 5.0 2.5 2 0 2 4 4
6342.8 -2065.6 -9.1 12 0 47.1 13.6 12.5 2.5 2 0 5 2 2
6036.6 -1878.0 -6.3 336 0 5.6 11.7 7.5 2.5 2 1 3 2 2
6187.7 -1917.2 -11.3 334 0 30.0 8.9 7.5 2.5 2 0 3 5 5
6085.2 -1950.3 -7.6 333 0 6.0 32.3 7.5 2.5 2 1 3 3 3
6094.6 -2039.4 -8.2 253 0 6.0 11.0 7.5 2.5 2 1 3 1 1
6198.4 -2099.1 -8.5 88 0 4.0 13.8 7.5 2.5 2 1 3 4 4
6115.9 -1863.8 -9.4 335 0 8.4 6.5 7.5 2.5 2 0 3 5 5
6183.0 -1994.1 -10.3 339 0 4.7 12.2 2.5 0.0 0 1 1 1 1
6226.3 -2113.2 -8.5 87 0 10.0 10.8 7.5 2.5 2 1 3 0 0
6142.2 -1917.2 -10.1 243 0 8.6 28.7 5.0 2.5 2 1 2 1 1
6179.8 -1971.4 -10.5 333 0 8.8 8.0 5.0 2.5 4 0 2 1 1
6113.4 -2168.8 -7.9 10 0 6.9 18.7 7.5 2.5 2 1 3 3 3
6022.4 -2155.6 -6.2 187 0 9.5 7.5 7.5 2.5 2 0 3 4 4
6092.4 -1882.5 -8.9 155 0 13.6 7.4 7.5 2.5 2 0 3 5 5
6029.6 -1973.8 -6.7 158 0 15.1 7.7 2.5 2.5 2 0 1 2 2
5971.8 -2074.4 -5.6 268 0 18.0 7.5 7.5 2.5 2 0 3 4 4
6104.4 -2049.4 -8.2 273 0 5.2 13.2 7.5 2.5 2 1 3 2 2
6175.9 -2087.6 -8.5 183 0 11.8 3.7 5.0 2.5 2 0 2 2 2
6067.7 -2049.5 -7.6 353 0 4.6 10.3 5.0 2.5 2 1 2 3 3
6090.2 -1791.6 -8.7 339 0 14.5 6.3 5.0 2.5 2 0 2 5 5
6049.3 -1910.5 -6.4 336 0 16.4 6.1 5.0 2.5 2 0 2 5 5
6293.4 -2068.3 -8.9 273 0 8.2 14.2 5.0 2.5 2 1 2 0 0
6062.1 -1932.6 -6.6 336 0 11.6 6.0 7.5 2.5 2 0 3 3 3
6134.4 -2172.1 -8.3 10 0 7.1 17.0 5.0 2.5 2 1 2 0 0
6248.2 -2091.9 -8.7 93 0 6.3 14.2 5.0 2.5 2 1 2 3 3
6020.2 -1842.3 -6.2 337 0 8.1 9.2 7.5 0.0 0 1 3 3 3
6094.3 -2056.1 -8.0 183 0 8.2 5.5 7.5 0.0 0 0 3 4 4
6153.9 -1995.8 -10.0 157 0 9.4 14.8 7.5 2.5 2 0 3 4 4
6252.4 -2070.4 -8.8 186 0 8.2 16.4 5.0 2.5 4 0 2 0 0
6050.4 -1897.8 -6.7 336 0 5.6 15.6 2.5 2.5 2 1 1 1 1
6091.2 -2003.4 -8.1 72 0 5.4 11.6 7.5 2.5 2 0 3 4 4
6124.6 -2039.6 -8.5 345 0 5.2 9.9 5.0 2.5 2 0 2 2 2
5998.9 -1779.4 -5.6 341 0 4.9 18.3 5.0 2.5 2 1 2 5 5
6077.0 -1780.4 -8.4 340 0 12.6 3.5 7.5 0.0 0 0 3 1 1
6257.2 -2142.0 -8.7 270 0 8.0 12.8 2.5 0.0 0 1 1 2 2
6158.3 -2399.2 -9.0 200 0 22.1 12.9 12.5 2.5 2 0 5 0 0
6121.9 -2474.1 -8.0 285 0 6.3 21.0 7.5 2.5 2 1 3 4 4
6107.6 -2432.4 -8.8 198 0 6.4 68.3 7.5 2.5 2 1 3 0 0
6261.3 -2175.4 -9.1 102 0 7.6 5.4 2.5 0.0 0 0 1 5 5
6343.7 -2175.0 -9.6 3 0 10.2 27.3 7.5 2.5 4 1 3 1 1
6410.7 -2144.0 -9.7 268 0 5.5 22.5 2.5 2.5 2 1 1 5 5
6039.1 -2503.6 -3.4 109 0 6.1 10.0 5.0 0.0 0 1 2 3 3
6094.4 -2363.2 -6.6 11 0 12.9 8.2 5.0 2.5 2 0 2 3 3
6142.9 -2175.4 -8.6 189 0 5.9 14.3 2.5 2.5 2 1 1 5 5
6332.0 -2329.8 -12.0 190 0 15.4 7.6 7.5 0.0 0 0 3 4 4
6055.5 -2416.9 -5.2 15 0 16.2 5.7 2.5 2.5 2 0 1 4 4
6209.7 -2190.5 -9.1 18 0 6.5 10.2 2.5 2.5 2 0 1 0 0
6103.5 -2320.5 -6.7 11 0 8.7 4.8 5.0 2.5 2 0 2 1 1
6173.4 -2139.3 -8.2 276 0 7.2 10.0 7.5 2.5 2 1 3 3 3
6169.0 -2288.5 -9.0 16 0 10.9 10.3 5.0 2.5 2 0 2 4 4
6200.1 -2171.4 -8.9 289 0 6.4 12.5 7.5 2.5 4 1 3 3 3
6221.4 -2161.9 -9.0 286 0 5.8 22.9 7.5 2.5 2 1 3 4 4
6194.3 -2425.4 -9.0 18 0 31.8 9.9 7.5 2.5 2 0 3 3 3
6067.3 -2356.4 -5.1 12 0 11.1 6.0 2.5 2.5 2 0 1 3 3
6091.1 -2500.9 -6.5 192 0 12.0 7.0 5.0 2.5 2 0 2 4 4
6306.6 -2142.8 -9.0 270 0 17.6 11.0 5.0 2.5 2 0 2 2 2
6051.1 -2461.9 -4.6 15 0 8.5 5.3 2.5 0.0 0 0 1 1 1
6275.3 -2163.6 -9.1 279 0 6.0 10.4 2.5 2.5 2 0 1 1 1
6342.8 -2150.5 -9.2 360 0 15.3 11.2 7.5 0.0 0 0 3 0 0
6298.7 -2307.8 -11.3 17 0 13.0 5.8 7.5 0.0 0 0 3 1 1
6009.5 -2463.6 -1.8 193 0 8.7 5.0 2.5 2.5 2 0 1 4 4
6072.6 -2468.0 -5.8 14 0 13.4 8.2 7.5 2.5 4 0 3 1 1
6128.0 -2341.9 -7.9 102 0 10.3 15.6 2.5 2.5 2 1 1 4 4
6317.4 -2314.4 -11.6 13 0 4.6 10.4 5.0 2.5 2 1 2 5 5
6085.3 -2405.0 -6.8 12 0 13.6 7.8 5.0 2.5 2 0 2 0 0
6100.0 -2337.0 -6.4 12 0 14.6 8.6 5.0 2.5 2 0 2 4 4
6031.6 -2388.9 -4.1 108 0 6.1 10.1 5.0 2.5 2 1 2 3 3
6075.3 -2315.0 -5.1 282 0 5.2 18.7 5.0 2.5 4 1 2 4 4
6239.2 -2183.8 -9.1 20 0 6.2 10.5 5.0 2.5 2 1 2 5 5
6165.9 -2171.6 -8.6 191 0 5.0 12.1 2.5 2.5 2 1 1 5 5
6223.6 -2375.5 -9.1 288 0 12.5 8.2 7.5 2.5 2 0 3 4 4
6143.4 -2302.3 -8.5 192 0 11.5 4.5 7.5 2.5 2 0 3 2 2
6205.1 -2140.5 -8.4 273 0 12.7 8.5 7.5 2.5 2 0 3 2 2
6336.0 -2275.8 -11.7 191 0 43.0 12.6 7.5 2.5 2 0 3 1 1
6302.8 -2192.1 -9.5 89 0 8.3 21.0 7.5 0.0 0 1 3 2 2
6390.5 -2233.1 -11.4 12 0 18.5 6.1 2.5 2.5 2 0 1 5 5
6162.2 -2232.1 -9.2 192 0 11.4 10.0 2.5 2.5 2 0 1 2 2
6241.2 -2141.9 -8.7 273 0 7.5 13.8 7.5 2.5 2 1 3 4 4
6278.4 -2142.4 -9.0 275 0 8.7 21.6 7.5 2.5 2 0 3 0 0
6195.0 -2232.6 -9.5 12 0 5.7 14.6 5.0 2.5 4 1 2 1 1
6145.7 -2155.3 -8.3 183 0 6.9 9.0 7.5 2.5 2 0 3 1 1
6129.2 -2419.8 -8.9 288 0 21.8 5.6 7.5 2.5 2 0 3 0 0
6315.7 -2291.9 -11.3 15 0 15.3 9.7 7.5 2.5 2 0 3 4 4
6145.9 -2146.0 -8.2 180 0 14.6 9.2 7.5 2.5 2 0 3 1 1
6092.6 -2372.6 -6.6 11 0 6.2 8.2 7.5 2.5 4 0 3 2 2
6364.1 -2149.1 -9.4 188 0 18.2 9.7 5.0 2.5 2 0 2 0 0
6077.9 -2431.9 -6.3 14 0 9.9 8.4 5.0 2.5 2 0 2 5 5
6423.5 -4461.6 -10.7 228 0 15.7 10.5 10.0 2.5 2 0 4 1 1
6261.9 -4283.7 -9.5 24 0 10.5 16.3 2.5 0.0 0 1 1 2 2
6284.3 -4137.1 -13.0 332 0 7.4 11.2 7.5 2.5 2 0 3 1 1
6288.0 -4144.3 -12.8 332 0 8.7 12.6 5.0 2.5 2 0 2 2 2
5914.0 -4093.8 -10.1 71 0 9.0 11.6 5.0 0.0 0 1 2 0 0
5934.0 -3951.3 -6.5 80 0 11.5 8.3 7.5 2.5 2 0 3 5 5
5930.1 -3962.5 -6.6 167 0 11.5 11.8 5.0 2.5 2 0 2 1 1
5909.6 -3339.9 -7.7 199 0 11.1 7.8 5.0 2.5 2 0 2 1 1
5991.0 -3190.6 -9.5 9 0 10.6 15.1 5.0 2.5 2 1 2 4 4
5979.8 -3100.4 -9.0 108 0 8.7 8.0 7.5 2.5 2 0 3 0 0
5969.1 -3147.4 -9.1 282 0 7.8 17.0 2.5 2.5 2 1 1 0 0
5920.3 -3294.9 -8.2 194 0 10.6 7.2 2.5 0.0 0 0 1 5 5
5977.0 -3065.2 -8.9 203 0 5.2 12.6 5.0 2.5 2 0 2 2 2
5969.2 -3051.8 -8.7 197 0 13.2 9.9 5.0 2.5 2 0 2 5 5
6141.2 -2729.7 -7.5 113 0 13.3 9.7 7.5 2.5 4 0 3 4 4
6066.7 -2714.7 -6.2 279 0 8.0 13.1 2.5 2.5 2 1 1 2 2
6606.5 -5792.0 -12.7 63 0 6.0 10.7 5.0 2.5 2 1 2 2 2
6393.7 -5448.5 -10.8 149 0 7.5 14.1 5.0 2.5 2 1 2 0 0
6414.5 -5434.1 -11.1 248 0 8.5 13.9 7.5 2.5 2 1 3 5 5
6369.3 -5307.1 -9.2 254 0 14.0 9.2 5.0 2.5 2 0 2 4 4
6348.2 -5120.2 -8.5 81 0 16.7 10.8 5.0 2.5 2 0 2 2 2
6337.4 -4938.2 -8.7 266 0 10.8 12.9 7.5 2.5 2 1 3 5 5
6000.9 -2778.1 -7.1 14 0 8.8 16.6 5.0 2.5 2 1 2 1 1
5947.9 -2763.1 -4.2 195 0 10.1 13.3 7.5 2.5 2 1 3 3 3
6367.7 -4686.1 -9.8 265 0 6.1 12.9 5.0 2.5 2 0 2 4 4
6365.0 -4690.8 -9.6 356 0 9.0 16.4 5.0 2.5 2 0 2 2 2
5903.7 -4064.5 -10.3 251 0 11.4 11.7 7.5 2.5 2 1 3 2 2
6246.0 -4139.4 -13.0 244 0 11.7 8.2 7.5 2.5 4 0 3 0 0
6328.5 -5090.2 -7.6 183 0 11.8 8.2 2.5 2.5 2 0 1 5 5
6543.5 -1708.5 -11.8 79 0 57.1 9.5 7.5 2.5 2 0 3 0 0
6002.1 -3106.8 -9.3 23 0 8.8 4.7 5.0 2.5 2 0 2 2 2
5939.4 -3347.8 -8.0 24 0 15.3 6.1 7.5 2.5 2 0 3 1 1
6453.8 -4495.5 -11.8 35 0 20.8 9.5 2.5 2.5 2 0 1 5 5
5948.9 -3313.7 -8.3 19 0 10.5 5.1 5.0 0.0 0 0 2 2 2
6364.5 -5091.8 -8.8 1 0 16.5 8.3 5.0 2.5 2 0 2 1 1
6431.7 -4498.9 -10.6 50 0 7.8 23.1 7.5 2.5 2 1 3 2 2
5956.9 -3967.5 -7.5 164 0 9.4 22.3 2.5 2.5 2 1 1 0 0
6272.4 -4236.0 -11.0 301 0 15.1 10.2 5.0 2.5 2 0 2 4 4
6638.5 -5781.5 -13.2 332 0 7.6 6.8 7.5 2.5 2 0 3 5 5
6416.1 -4468.2 -10.1 229 0 4.0 10.3 7.5 2.5 2 0 3 4 4
6210.3 -4062.7 -12.0 59 0 12.5 6.5 7.5 2.5 2 0 3 0 0
6655.0 -1645.0 -12.5 348 0 10.8 57.5 10.0 0.0 0 1 4 5 5
6492.6 -5559.7 -14.8 340 0 20.6 8.4 5.0 2.5 2 0 2 5 5
6350.9 -5331.1 -9.2 164 0 17.6 8.2 5.0 2.5 4 0 2 5 5
6333.7 -4727.7 -8.5 83 0 10.7 19.1 2.5 0.0 0 1 1 3 3
6011.2 -3046.4 -9.1 291 0 14.2 9.4 7.5 0.0 0 0 3 5 5
6634.8 -1690.4 -12.3 79 0 58.2 11.2 10.0 2.5 2 0 4 2 2
6366.4 -4958.0 -8.9 354 0 8.2 17.1 5.0 2.5 2 1 2 5 5
6444.4 -4459.4 -11.5 227 0 8.0 12.1 7.5 2.5 4 1 3 5 5
6477.3 -5544.4 -14.1 334 0 10.0 22.7 7.5 2.5 2 1 3 4 4
5954.2 -3925.6 -6.9 260 0 25.4 9.9 7.5 2.5 4 0 3 4 4
6620.9 -5778.8 -13.1 334 0 10.8 8.6 2.5 2.5 2 0 1 1 1
6001.4 -3951.6 -7.9 341 0 6.1 19.4 7.5 2.5 4 1 3 3 3
6189.4 -4051.8 -11.9 148 0 26.8 6.0 2.5 2.5 2 0 1 1 1
6237.3 -4178.2 -12.8 151 0 10.3 10.2 5.0 2.5 2 0 2 2 2
6506.9 -1674.5 -12.0 168 0 10.2 58.9 12.5 2.5 2 1 5 2 2
6421.1 -5463.4 -11.6 157 0 6.6 11.1 7.5 2.5 2 1 3 1 1
5944.3 -2982.1 -6.6 281 0 10.3 5.8 7.5 2.5 2 0 3 4 4
6403.0 -5469.8 -11.5 160 0 7.7 18.0 5.0 2.5 2 1 2 5 5
6479.2 -5593.7 -15.1 69 0 9.4 8.1 5.0 0.0 0 0 2 3 3
5937.5 -3976.4 -7.0 160 0 14.3 5.5 7.5 2.5 2 0 3 1 1
6275.6 -4167.6 -13.0 65 0 18.4 6.7 5.0 0.0 0 0 2 3 3
6008.5 -3080.4 -9.2 23 0 3.8 16.7 7.5 2.5 2 0 3 1 1
5996.6 -3057.3 -9.0 293 0 6.1 16.8 5.0 2.5 2 0 2 5 5
6836.7 -6283.0 -14.2 189 0 8.1 6.4 5.0 2.5 2 0 2 5 5
6159.0 740.5 -3.2 125 0 13.6 14.4 5.0 0.0 0 1 2 3 3
6032.9 599.0 -1.4 189 0 7.1 14.0 5.0 2.5 2 1 2 2 2
6106.7 855.1 -3.7 360 0 8.1 13.3 7.5 2.5 4 1 3 1 1
6051.2 621.1 -1.6 188 0 16.2 11.3 5.0 2.5 2 0 2 3 3
6333.4 536.3 -4.8 143 0 27.8 14.4 12.5 2.5 2 0 5 0 0
6220.9 694.5 -4.3 53 0 10.1 14.7 5.0 2.5 2 1 2 3 3
6168.3 770.0 -4.6 103 0 11.7 6.2 7.5 2.5 2 0 3 1 1
6328.6 498.2 -3.6 323 0 11.9 24.9 10.0 2.5 2 1 4 3 3
6191.9 719.4 -3.5 141 0 5.1 11.4 5.0 2.5 2 1 2 1 1
6177.9 700.7 -3.3 322 0 5.2 11.5 5.0 2.5 2 1 2 1 1
6187.1 752.5 -4.1 128 0 10.8 4.2 5.0 2.5 2 0 2 1 1
6084.0 881.9 -3.3 273 0 10.1 17.9 2.5 2.5 4 1 1 4 4
6295.7 508.5 -4.2 323 0 7.5 6.0 7.5 2.5 2 0 3 3 3
6149.0 746.3 -3.5 111 0 6.0 19.1 7.5 2.5 2 1 3 5 5
6266.4 462.6 -4.3 51 0 10.0 38.4 7.5 2.5 2 1 3 1 1
6297.5 541.1 -5.0 322 0 6.1 16.3 2.5 2.5 2 1 1 5 5
6181.0 727.0 -3.2 121 0 6.6 10.7 7.5 2.5 2 0 3 2 2
6264.7 631.9 -4.2 143 0 12.6 7.9 2.5 2.5 2 0 1 0 0
6397.0 2981.4 -4.2 98 0 7.0 15.2 2.5 2.5 2 0 1 2 2
6463.9 2805.4 -8.5 88 0 14.7 7.4 2.5 2.5 2 0 1 1 1
6475.1 2537.3 -3.5 168 0 9.8 15.0 2.5 2.5 2 1 1 1 1
6485.6 2112.9 -2.9 5 0 10.1 15.5 7.5 2.5 2 1 3 3 3
6386.5 1932.0 2.5 172 0 17.6 11.0 2.5 2.5 2 0 1 5 5
6351.8 3413.4 -2.9 170 0 5.8 10.3 7.5 0.0 0 1 3 4 4
6498.8 2504.5 -2.7 99 0 3.9 13.9 5.0 2.5 2 1 2 1 1
6430.1 2865.8 -7.1 273 0 5.4 9.0 7.5 0.0 0 1 3 0 0
6466.6 2515.1 -1.3 171 0 15.8 7.0 5.0 2.5 2 0 2 1 1
6450.5 2839.1 -7.8 66 0 6.3 9.5 5.0 0.0 0 1 2 0 0
6471.2 2721.5 -9.5 163 0 5.7 16.4 7.5 2.5 2 1 3 3 3
6452.0 1933.6 -2.2 5 0 7.4 8.1 2.5 2.5 4 1 1 1 1
6365.5 3479.9 -3.7 358 0 8.1 4.1 5.0 2.5 2 0 2 3 3
6439.8 2119.9 0.7 78 0 9.0 8.7 5.0 2.5 2 0 2 5 5
6476.9 2852.1 -8.2 3 0 10.6 6.5 7.5 2.5 4 0 3 3 3
6475.2 2708.7 -9.3 169 0 9.9 4.6 5.0 0.0 0 0 2 0 0
6487.0 2152.0 -2.0 2 0 6.4 16.8 7.5 2.5 2 1 3 5 5
6484.5 2808.0 -8.9 104 0 6.2 12.1 2.5 2.5 2 1 1 4 4
6459.3 2104.9 -1.2 94 0 12.1 7.0 5.0 2.5 2 0 2 1 1
6454.0 2857.7 -7.8 275 0 12.4 5.1 2.5 2.5 2 0 1 5 5
6366.6 3371.9 -2.4 264 0 10.3 16.3 7.5 2.5 2 1 3 0 0
6455.9 2158.7 -0.3 262 0 23.3 5.0 5.0 2.5 2 0 2 4 4
6406.0 2980.0 -4.8 97 0 11.3 5.0 5.0 2.5 4 0 2 0 0
6353.3 3674.1 -3.3 3 0 6.5 14.4 5.0 2.5 2 1 2 3 3
6258.6 3990.3 -2.5 251 0 6.8 8.8 2.5 2.5 2 1 1 3 3
6363.0 3614.7 -4.6 358 0 8.0 8.3 7.5 2.5 2 1 3 0 0
6322.2 3685.9 -2.3 175 0 15.7 9.8 7.5 0.0 0 0 3 0 0
6305.3 3851.8 -1.4 261 0 14.0 8.1 7.5 2.5 2 0 3 0 0
6324.8 3646.2 -2.8 177 0 13.2 6.5 5.0 2.5 2 0 2 5 5
6344.4 3808.0 -2.4 4 0 9.4 18.1 5.0 0.0 0 1 2 0 0
6326.6 3894.9 -3.4 335 0 7.8 11.9 5.0 2.5 2 1 2 1 1
5852.4 4454.6 -2.2 168 0 11.0 12.8 7.5 2.5 2 1 3 1 1
6040.5 4458.4 -7.4 3 0 8.0 11.6 7.5 2.5 2 1 3 0 0
6051.2 4569.9 -5.5 154 0 5.0 7.1 7.5 2.5 2 1 3 2 2
5976.8 4372.8 -3.6 7 0 5.0 11.5 7.5 2.5 2 1 3 1 1
5984.0 4322.2 -1.1 323 0 8.7 6.6 7.5 2.5 2 0 3 5 5
5959.8 4455.6 -5.2 321 0 18.6 6.1 5.0 2.5 2 0 2 4 4
6119.7 4487.1 -10.0 207 0 8.1 15.1 7.5 2.5 2 1 3 0 0
6193.0 4146.5 -3.7 158 0 18.2 10.1 2.5 2.5 2 0 1 0 0
6214.7 4133.0 -4.2 159 0 9.1 20.1 5.0 2.5 2 1 2 0 0
5862.5 4376.9 -3.8 86 0 6.8 6.9 5.0 2.5 2 1 2 4 4
6059.8 4649.9 -2.6 240 0 4.5 8.9 7.5 2.5 2 1 3 5 5
6219.0 4249.8 -6.6 268 0 5.0 9.6 2.5 2.5 2 1 1 2 2
5960.6 4342.0 -1.4 139 0 7.0 6.6 5.0 2.5 4 0 2 5 5
6215.8 4209.5 -5.7 180 0 7.3 6.4 2.5 2.5 4 0 1 0 0
6019.3 4223.8 1.4 178 0 5.9 9.6 5.0 2.5 2 1 2 1 1
5850.6 4423.5 -4.6 184 0 6.5 31.8 7.5 2.5 2 1 3 1 1
5955.9 4589.1 0.0 151 0 6.5 8.6 5.0 2.5 4 1 2 3 3
6138.9 4397.0 -9.1 188 0 7.1 23.6 7.5 2.5 2 1 3 4 4
5917.8 4391.8 -3.3 89 0 5.5 6.2 2.5 2.5 2 1 1 3 3
6239.0 4166.0 -4.7 339 0 21.1 10.1 7.5 2.5 2 0 3 1 1
6023.7 4572.7 -4.1 336 0 5.1 8.2 7.5 2.5 2 1 3 2 2
6253.0 4227.1 -7.1 85 0 8.1 17.5 7.5 2.5 2 1 3 2 2
6194.0 4221.5 -5.9 176 0 6.1 6.6 5.0 2.5 2 1 2 3 3
5952.5 4443.4 -4.9 319 0 14.0 4.6 7.5 2.5 2 0 3 1 1
6081.1 4498.0 -8.4 85 0 6.1 7.0 2.5 2.5 2 1 1 1 1
5791.9 4429.9 1.4 275 0 9.3 6.5 5.0 2.5 2 0 2 0 0
5832.3 4376.8 -3.3 92 0 10.4 6.5 2.5 2.5 2 0 1 4 4
6078.3 4583.1 -6.0 303 0 3.9 10.6 2.5 2.5 2 1 1 5 5
6080.2 4225.0 -1.7 7 0 8.6 6.2 2.5 2.5 2 0 1 2 2
6105.9 4462.2 -9.8 205 0 7.6 19.2 2.5 2.5 4 1 1 5 5
5846.7 4468.9 -0.5 175 0 5.1 13.2 5.0 0.0 0 1 2 4 4
6202.0 4167.5 -4.3 161 0 7.7 17.4 5.0 2.5 2 1 2 0 0
6028.1 4563.5 -4.7 336 0 5.1 8.1 7.5 2.5 2 1 3 0 0
6204.9 4216.3 -5.9 175 0 4.2 11.1 7.5 2.5 4 1 3 0 0
6167.1 4442.5 -10.7 282 0 5.3 19.2 7.5 2.5 2 1 3 0 0
5892.2 4417.0 -4.9 95 0 7.6 6.4 7.5 2.5 2 0 3 4 4
6125.4 4420.9 -9.4 192 0 18.4 6.1 5.0 2.5 2 0 2 2 2
6156.3 4465.5 -10.7 276 0 8.6 17.4 2.5 2.5 2 1 1 0 0
5982.9 4549.6 -3.5 155 0 5.1 8.1 5.0 2.5 2 1 2 4 4
5616.3 6854.1 -5.6 166 0 6.7 11.3 7.5 2.5 2 1 3 3 3
5577.8 6800.5 -1.1 258 0 6.8 13.0 7.5 2.5 2 1 3 1 1
5607.5 6831.1 -3.4 272 0 12.6 6.9 2.5 2.5 2 0 1 0 0
5641.8 6742.1 -2.6 161 0 15.3 5.4 5.0 2.5 2 0 2 1 1
5708.0 6743.0 -6.1 326 0 6.7 10.9 5.0 0.0 0 1 2 0 0
5615.2 6899.1 -8.4 169 0 9.5 4.7 5.0 2.5 2 0 2 1 1
5645.7 6936.9 -9.6 347 0 19.9 4.9 5.0 2.5 2 0 2 3 3
5557.6 7054.3 -8.6 157 0 11.3 9.1 7.5 0.0 0 0 3 3 3
5359.8 6620.6 -4.3 182 0 15.1 9.5 5.0 0.0 0 0 2 1 1
5550.3 7091.1 -9.4 148 0 7.0 9.2 2.5 0.0 0 1 1 2 2
5472.9 7216.1 -9.6 320 0 12.9 6.6 7.5 2.5 2 0 3 5 5
5482.2 7192.9 -9.3 324 0 7.4 13.7 5.0 2.5 2 1 2 2 2
5455.8 7093.8 -6.8 153 0 13.0 9.0 7.5 2.5 2 0 3 1 1
5534.6 7092.5 -8.6 345 0 7.7 11.5 5.0 2.5 2 1 2 5 5
5375.6 6667.1 -4.0 267 0 8.2 14.2 2.5 2.5 2 1 1 3 3
5480.0 7022.5 -5.1 245 0 6.3 13.6 5.0 2.5 2 1 2 5 5
5384.3 6756.0 -2.9 191 0 10.1 19.5 5.0 2.5 2 1 2 5 5
5516.9 6899.6 -5.9 170 0 7.4 5.6 5.0 2.5 2 0 2 0 0
5544.7 6876.4 -6.7 91 0 7.0 11.6 7.5 2.5 2 1 3 3 3
5535.8 6703.3 1.1 87 0 7.0 8.6 7.5 2.5 2 1 3 1 1
5376.7 6716.7 -3.1 191 0 10.1 19.6 2.5 2.5 2 1 1 0 0
5563.7 6979.8 -7.0 333 0 21.1 10.2 5.0 2.5 2 0 2 1 1
5486.9 6889.8 -5.1 264 0 10.5 20.3 7.5 0.0 0 1 3 0 0
5597.1 6864.8 -6.0 348 0 14.7 6.3 5.0 2.5 2 0 2 2 2
5370.3 6881.3 -1.0 348 0 12.9 8.2 5.0 2.5 2 0 2 2 2
5370.0 6806.0 -2.8 10 0 14.2 9.2 5.0 0.0 0 0 2 0 0
5337.5 6642.2 -5.1 8 0 11.8 10.2 2.5 2.5 2 0 1 4 4
5305.2 6634.4 -5.7 98 0 6.1 13.5 7.5 0.0 0 1 3 2 2
5338.6 6662.6 -4.8 11 0 6.4 6.5 7.5 2.5 2 1 3 0 0
5399.2 6732.8 -2.6 191 0 19.4 10.1 5.0 0.0 0 0 2 2 2
5391.0 6775.2 -2.6 191 0 8.3 15.1 7.5 2.5 2 1 3 0 0
5491.2 6783.5 -0.2 268 0 5.9 8.2 5.0 2.5 2 0 2 0 0
5413.4 6805.3 -1.9 184 0 13.1 8.1 2.5 2.5 2 0 1 4 4
5573.6 6689.7 2.2 285 0 9.6 15.6 5.0 2.5 2 1 2 1 1
5612.5 6748.9 -1.3 11 0 15.0 16.8 10.0 0.0 0 1 4 1 1
5487.1 6694.8 -0.2 85 0 7.0 11.9 5.0 2.5 2 1 2 3 3
5427.7 7029.8 -3.7 334 0 18.6 12.3 7.5 0.0 0 0 3 4 4
5469.3 6947.9 -3.5 247 0 6.7 11.2 7.5 2.5 2 1 3 2 2
5495.3 6763.9 -0.3 265 0 15.0 6.1 5.0 2.5 2 0 2 4 4
5544.2 6687.8 1.2 280 0 6.1 21.3 5.0 2.5 2 1 2 1 1
5353.7 6827.5 -2.5 280 0 17.2 6.3 5.0 2.5 2 0 2 5 5
5614.1 6886.9 -7.5 176 0 6.3 10.8 7.5 2.5 2 1 3 3 3
5378.3 6605.9 -3.8 178 0 7.6 16.2 5.0 2.5 2 1 2 1 1
5646.2 6611.2 7.6 82 0 24.4 5.6 5.0 2.5 2 0 2 5 5
5598.4 6808.7 -1.9 345 0 5.1 12.7 5.0 0.0 0 1 2 5 5
5536.0 6994.4 -6.2 335 0 6.0 15.6 5.0 0.0 0 1 2 2 2
5678.1 6822.5 -6.6 330 0 18.2 8.1 7.5 2.5 2 0 3 4 4
5412.7 6705.7 -2.3 101 0 16.6 5.6 7.5 2.5 2 0 3 2 2
5556.6 7085.7 -9.5 156 0 4.8 11.3 7.5 2.5 2 1 3 2 2
6468.7 6133.0 -13.0 173 0 10.1 16.9 5.0 2.5 4 1 2 0 0
5571.4 6887.4 -7.4 351 0 15.7 6.0 7.5 2.5 4 0 3 2 2
5322.8 6619.6 -5.6 11 0 6.4 14.4 7.5 2.5 4 1 3 3 3
5456.9 6875.8 -4.6 173 0 11.9 6.3 7.5 2.5 4 0 3 5 5
5485.9 7083.5 -7.1 54 0 7.9 6.0 2.5 2.5 2 0 1 2 2
5338.8 6778.2 -3.3 10 0 13.1 4.7 7.5 2.5 2 0 3 2 2
5516.1 7113.7 -8.7 342 0 5.1 16.0 7.5 2.5 2 1 3 5 5
5369.9 7206.2 -7.5 229 0 29.6 15.4 17.5 0.0 0 0 7 0 0
5574.8 7047.0 -9.2 143 0 4.8 16.0 7.5 2.5 2 0 3 0 0
5405.2 7140.4 -6.4 129 0 6.1 11.1 2.5 0.0 0 1 1 1 1
5574.4 6742.6 0.4 95 0 6.7 30.5 5.0 2.5 2 1 2 5 5
5581.6 6832.3 -3.3 272 0 5.4 7.6 2.5 0.0 0 1 1 1 1
5568.8 6660.2 1.6 11 0 7.6 17.2 2.5 2.5 2 1 1 2 2
5482.3 7179.7 -9.0 325 0 7.0 21.1 7.5 2.5 2 0 3 1 1
5624.1 6870.9 -6.6 168 0 8.8 7.2 5.0 2.5 2 0 2 3 3
5395.1 6674.5 -3.5 264 0 22.0 6.2 7.5 2.5 4 0 3 3 3
5430.4 7092.8 -6.2 152 0 7.1 13.2 7.5 2.5 2 1 3 5 5
5602.4 6981.2 -8.5 143 0 8.3 5.9 2.5 2.5 2 0 1 3 3
5518.7 6879.5 -6.2 94 0 5.2 7.9 7.5 2.5 2 1 3 0 0
5558.9 7078.9 -9.3 159 0 5.9 8.7 2.5 2.5 2 1 1 0 0
5482.3 6994.1 -4.6 169 0 9.2 6.0 7.5 2.5 2 0 3 4 4
5448.1 6805.7 -1.2 1 0 11.8 4.2 5.0 2.5 2 0 2 3 3
5334.4 6759.4 -3.8 10 0 7.5 7.0 5.0 2.5 2 0 2 5 5
5188.7 5666.8 1.8 220 0 6.0 20.6 2.5 0.0 0 1 1 2 2
5338.7 6835.8 -2.5 277 0 8.0 14.9 2.5 2.5 2 1 1 1 1
5527.8 6878.2 -6.3 92 0 8.4 5.3 2.5 2.5 2 0 1 0 0
5445.4 7078.5 -6.1 153 0 5.2 11.2 2.5 2.5 2 1 1 2 2
5399.7 7156.7 -6.5 49 0 9.6 35.3 7.5 2.5 2 1 3 1 1
5602.6 6730.3 1.3 1 0 7.9 15.3 5.0 2.5 2 1 2 1 1
5454.1 7193.2 -8.6 232 0 5.0 13.2 2.5 2.5 2 1 1 3 3
5494.4 7021.3 -5.5 242 0 7.5 6.4 7.5 2.5 2 0 3 2 2
5530.1 6715.2 0.8 85 0 12.1 3.1 5.0 2.5 2 0 2 2 2
5376.8 6635.3 -3.9 174 0 5.7 7.9 5.0 0.0 0 1 2 3 3
5672.5 6714.9 -2.3 59 0 9.3 5.7 7.5 2.5 2 0 3 3 3
5608.9 6798.5 -1.9 340 0 8.1 6.1 5.0 2.5 2 0 2 3 3
5647.0 6838.4 -5.5 82 0 6.1 10.7 7.5 2.5 2 1 3 5 5
5354.7 6205.9 -3.2 164 0 8.7 6.6 5.0 2.5 2 0 2 3 3
5349.8 6770.6 -3.4 9 0 5.0 8.0 2.5 2.5 2 1 1 4 4
5460.9 7125.3 -7.5 234 0 6.2 7.0 5.0 2.5 2 1 2 5 5
5347.2 7178.3 -5.6 229 0 6.1 9.2 5.0 0.0 0 1 2 2 2
5593.4 6889.9 -7.7 351 0 13.6 6.8 7.5 2.5 2 0 3 1 1
5319.0 6749.4 -4.2 181 0 17.2 4.4 2.5 0.0 0 0 1 5 5
5452.4 7180.5 -8.3 233 0 5.0 13.0 5.0 2.5 2 0 2 1 1
5607.2 6868.4 -6.5 166 0 13.6 6.0 7.5 2.5 2 0 3 3 3
5371.5 6209.1 -4.2 167 0 4.5 9.9 5.0 2.5 2 1 2 3 3
5515.3 7050.4 -6.9 249 0 4.8 19.3 5.0 2.5 2 1 2 4 4
5644.0 6728.9 -1.7 161 0 11.2 6.5 2.5 2.5 2 0 1 3 3
5464.4 7163.1 -8.2 58 0 6.2 8.2 2.5 2.5 2 0 1 4 4
5579.4 6876.6 -6.5 352 0 8.2 20.0 5.0 2.5 2 0 2 4 4
5592.6 7063.9 -9.6 329 0 13.2 8.2 5.0 2.5 2 0 2 3 3
5437.6 6906.7 -2.7 222 0 11.2 5.6 5.0 2.5 2 0 2 4 4
5376.2 6191.7 -4.0 167 0 10.6 8.1 2.5 2.5 4 0 1 4 4
5013.1 8162.5 -5.0 323 0 6.0 10.7 2.5 0.0 0 1 1 1 1
5453.1 7115.6 -7.1 243 0 9.0 7.0 7.5 2.5 2 0 3 3 3
5278.5 7354.7 -9.8 72 0 11.1 17.7 2.5 2.5 2 1 1 0 0
5556.9 6704.7 1.6 78 0 6.1 12.0 5.0 2.5 2 1 2 4 4
4935.2 3675.5 5.7 208 0 10.1 6.7 5.0 2.5 2 0 2 5 5
4911.5 3677.1 5.3 286 0 13.2 9.6 2.5 2.5 2 0 1 3 3
4898.5 3636.8 6.2 109 0 12.3 9.0 5.0 2.5 2 0 2 4 4
781.8 7355.6 12.9 272 0 13.2 9.4 7.5 2.5 2 0 3 4 4
736.6 7291.9 10.8 93 0 8.3 22.6 7.5 2.5 2 1 3 5 5
-4030.5 -1938.8 -7.7 357 0 11.3 5.3 2.5 0.0 0 0 1 5 5
-4038.1 -2050.3 -6.2 86 0 5.3 9.8 2.5 2.5 2 1 1 1 1
-4093.9 -1902.7 -9.6 357 0 4.0 17.3 5.0 2.5 2 1 2 5 5
705.9 7322.5 10.8 182 0 4.8 18.0 7.5 2.5 2 1 3 0 0
778.3 7330.7 12.3 272 0 18.8 8.2 2.5 2.5 2 0 1 1 1
-4035.3 -1910.6 -7.6 265 0 7.9 8.3 2.5 2.5 2 1 1 2 2
-4107.6 -1883.1 -9.3 269 0 10.0 5.4 5.0 0.0 0 0 2 0 0
753.9 7269.9 10.7 96 0 6.1 7.4 7.5 2.5 2 1 3 1 1
-4452.9 -6162.9 -17.4 177 0 6.7 13.5 5.0 2.5 2 1 2 0 0
-4425.9 -4658.7 -16.3 91 0 5.9 7.3 7.5 2.5 2 1 3 2 2
-4347.6 -3689.8 -11.2 89 0 30.2 10.8 10.0 0.0 0 0 4 4 4
-4439.1 -6144.9 -17.2 2 0 13.0 10.0 10.0 2.5 2 0 4 3 3
-4264.3 -3721.5 -9.0 82 0 8.2 12.4 2.5 2.5 2 1 1 1 1
-4460.2 -6062.8 -17.0 177 0 7.9 12.1 5.0 2.5 2 1 2 0 0
6511.3 7848.9 -14.3 344 0 14.4 12.5 5.0 0.0 0 0 2 0 0
6533.8 7695.8 -14.3 252 0 9.9 28.1 7.5 2.5 2 1 3 2 2
6473.5 8077.0 -14.7 170 0 17.5 10.3 5.0 2.5 2 0 2 2 2
5489.0 8220.5 -14.2 142 0 7.2 15.0 7.5 2.5 2 1 3 1 1
6475.4 6484.8 -12.8 350 0 9.0 20.5 7.5 2.5 4 1 3 2 2
6533.3 7128.6 -15.9 74 0 10.2 18.5 7.5 2.5 2 1 3 3 3
6345.3 7335.3 -14.8 157 0 10.0 17.2 5.0 2.5 2 1 2 1 1
6474.8 7699.5 -13.6 70 0 8.6 13.8 7.5 2.5 4 1 3 4 4
6526.2 7112.6 -15.8 75 0 6.4 6.4 5.0 2.5 2 0 2 3 3
6466.8 6894.8 -14.1 172 0 17.2 6.4 5.0 2.5 2 0 2 1 1
6514.7 8084.6 -14.8 350 0 17.6 10.1 2.5 2.5 2 0 1 1 1
6490.6 7810.1 -14.2 71 0 27.3 11.7 7.5 2.5 2 0 3 1 1
6370.9 7380.1 -14.0 244 0 8.1 14.6 5.0 2.5 2 1 2 0 0
6504.3 6887.2 -14.1 79 0 6.7 18.1 7.5 2.5 2 1 3 5 5
6466.0 7816.6 -14.0 71 0 8.2 15.1 2.5 2.5 2 1 1 1 1
5489.5 8264.9 -14.4 232 0 8.9 20.9 5.0 2.5 2 1 2 0 0
6500.7 8038.8 -14.7 85 0 17.3 5.7 7.5 2.5 2 0 3 5 5
6476.1 7859.7 -14.2 253 0 7.0 6.8 5.0 2.5 2 0 2 5 5
6494.2 7713.3 -13.9 71 0 5.9 7.6 5.0 2.5 2 1 2 1 1
6493.4 6871.9 -14.1 81 0 22.0 7.9 5.0 2.5 2 0 2 3 3
6489.4 7114.4 -15.2 76 0 8.4 17.0 5.0 2.5 2 1 2 5 5
6511.1 7108.6 -15.7 75 0 24.8 6.4 7.5 2.5 4 0 3 0 0
6477.8 6770.9 -14.3 179 0 13.9 7.5 5.0 2.5 2 0 2 5 5
6468.9 7857.4 -14.1 252 0 7.9 6.7 7.5 2.5 2 0 3 3 3
6349.7 7369.1 -14.8 245 0 22.5 6.0 5.0 2.5 2 0 2 2 2
6436.8 6493.3 -12.8 182 0 17.8 9.0 7.5 2.5 2 0 3 0 0
6478.9 6869.6 -14.1 81 0 7.5 7.9 5.0 2.5 2 0 2 5 5
5462.8 8247.2 -14.3 142 0 10.8 20.1 5.0 2.5 2 1 2 0 0
6498.2 7147.8 -15.4 257 0 23.3 9.1 5.0 2.5 2 0 2 5 5
6389.6 7348.2 -14.1 336 0 4.4 18.4 5.0 2.5 2 1 2 4 4
6502.3 6791.8 -14.3 326 0 7.8 17.2 5.0 2.5 2 1 2 0 0
6441.8 6521.7 -12.8 171 0 7.8 36.0 7.5 2.5 4 1 3 3 3
6523.9 7713.4 -14.2 68 0 9.1 17.1 5.0 2.5 2 1 2 4 4
6886.2 5767.9 -11.2 7 0 10.3 20.3 2.5 2.5 2 1 1 1 1
6951.9 5668.8 -9.6 355 0 7.1 5.5 5.0 2.5 2 0 2 0 0
6904.7 5787.2 -11.0 5 0 19.1 8.1 7.5 2.5 2 0 3 1 1
6956.4 5349.5 -11.6 42 0 11.0 20.5 5.0 2.5 2 1 2 2 2
-4123.3 -7219.4 -11.4 5 0 32.5 16.8 10.0 2.5 2 0 4 1 1
-3947.6 -7308.7 -6.4 211 0 17.5 10.5 5.0 2.5 2 0 2 0 0
-3966.8 -7255.1 -7.1 264 0 9.5 13.5 7.5 2.5 2 1 3 1 1
5935.4 -2956.7 -5.6 100 0 12.9 16.3 5.0 2.5 2 1 2 0 0
5952.8 -2921.3 -5.9 11 0 16.8 11.4 5.0 2.5 2 0 2 0 0
5962.8 -2727.7 -3.8 281 0 10.1 14.1 7.5 2.5 4 1 3 4 4
6007.3 -2741.6 -5.7 10 0 8.7 13.9 5.0 2.5 2 1 2 3 3
6450.6 866.8 -11.6 76 0 10.2 20.8 7.5 2.5 4 1 3 1 1
6435.6 910.7 -11.8 166 0 20.8 10.2 7.5 2.5 4 0 3 1 1
6424.1 956.5 -12.2 166 0 20.8 10.2 2.5 2.5 2 0 1 3 3
6479.3 952.9 -12.2 345 0 10.2 20.8 5.0 2.5 2 1 2 5 5
6505.2 901.6 -11.9 7 0 10.9 16.5 2.5 2.5 2 1 1 1 1
6530.9 919.2 -12.1 5 0 10.4 4.3 5.0 2.5 2 0 2 5 5
-4410.2 -639.1 -14.2 65 0 12.1 9.4 5.0 2.5 2 0 2 4 4
5554.2 6919.7 -6.5 349 0 9.4 10.5 7.5 2.5 4 1 3 5 5
