1413.6 -2968.0 -12.6 327 0 6.8 6.0 7.5 2.5 2 0 3 4 4
1294.1 -2940.5 -15.6 56 0 10.8 7.6 2.5 2.5 2 0 1 3 3
1379.9 -3006.7 -10.5 70 0 7.5 7.7 7.5 2.5 2 1 3 5 5
1411.1 -2952.1 -14.1 337 0 9.3 7.4 7.5 2.5 2 0 3 2 2
1421.6 -3012.9 -10.2 137 0 4.7 7.3 5.0 2.5 2 1 2 1 1
365.8 -4142.8 -4.2 220 0 8.1 7.3 5.0 2.5 2 0 2 0 0
205.2 -4261.2 -19.1 310 0 7.3 8.1 5.0 2.5 2 1 2 2 2
280.7 -4208.9 -11.7 130 0 7.3 8.1 7.5 2.5 2 1 3 1 1
552.9 -4195.2 -9.6 40 0 8.1 7.3 7.5 2.5 2 0 3 1 1
270.9 -4167.5 -7.5 130 0 7.3 8.1 7.5 2.5 2 1 3 3 3
330.9 -4257.6 -16.3 130 0 7.3 8.1 2.5 2.5 2 1 1 2 2
394.5 -4098.0 -5.6 310 0 7.3 8.1 7.5 2.5 4 1 3 2 2
417.5 -4274.5 -17.1 40 0 8.1 7.3 7.5 2.5 2 0 3 3 3
447.7 -4236.4 -13.2 310 0 7.3 8.1 5.0 2.5 2 1 2 3 3
227.5 -4308.4 -23.8 310 0 7.3 8.1 7.5 2.5 4 1 3 3 3
315.4 -4214.6 -11.9 130 0 7.3 8.1 2.5 2.5 2 1 1 5 5
531.0 -4121.3 -12.0 310 0 7.3 8.1 7.5 2.5 4 1 3 3 3
234.9 -4367.8 -22.5 40 0 8.1 7.3 7.5 2.5 2 0 3 4 4
372.7 -4216.2 -11.3 130 0 7.3 8.1 7.5 2.5 2 1 3 5 5
422.9 -4143.1 -3.6 310 0 7.3 8.1 5.0 2.5 2 1 2 2 2
218.2 -4232.7 -15.9 310 0 7.3 8.1 2.5 2.5 2 1 1 1 1
268.6 -4355.3 -25.1 40 0 8.1 7.3 5.0 2.5 2 0 2 5 5
576.7 -4176.5 -10.9 40 0 8.1 7.3 7.5 2.5 2 0 3 1 1
183.0 -4218.2 -14.8 310 0 7.3 8.1 7.5 2.5 2 1 3 3 3
412.0 -4223.4 -12.3 310 0 7.3 8.1 7.5 2.5 2 1 3 3 3
212.7 -4399.4 -20.0 40 0 8.1 7.3 5.0 0.0 0 0 2 4 4
228.3 -3896.3 -14.9 130 0 7.3 8.1 5.0 2.5 2 1 2 3 3
442.0 -4192.8 -8.6 310 0 7.3 8.1 7.5 2.5 2 1 3 4 4
126.1 -4309.4 -22.3 310 0 7.3 8.1 5.0 2.5 2 1 2 4 4
252.3 -4277.3 -20.2 310 0 7.3 8.1 2.5 2.5 2 1 1 3 3
150.2 -4301.9 -23.5 220 0 8.1 7.3 5.0 2.5 2 0 2 4 4
187.9 -4312.3 -24.2 220 0 8.1 7.3 7.5 2.5 2 0 3 4 4
198.9 -3872.9 -13.9 130 0 7.3 8.1 2.5 2.5 2 1 1 1 1
488.6 -4114.6 -12.3 130 0 7.3 8.1 5.0 2.5 2 1 2 3 3
218.7 -3888.1 -14.6 130 0 7.3 8.1 7.5 2.5 2 1 3 0 0
251.0 -4325.3 -24.7 40 0 8.1 7.3 7.5 0.0 0 0 3 4 4
542.8 -4267.0 -14.7 130 0 7.3 8.1 7.5 2.5 2 1 3 5 5
169.8 -4242.3 -17.4 220 0 8.1 7.3 5.0 2.5 2 0 2 3 3
171.6 -4402.2 -17.0 130 0 7.3 8.1 7.5 2.5 2 1 3 4 4
283.1 -4238.2 -15.4 220 0 8.1 7.3 7.5 2.5 4 0 3 4 4
186.1 -4131.7 -4.8 130 0 7.3 8.1 7.5 2.5 2 1 3 5 5
168.0 -4349.4 -21.4 130 0 7.3 8.1 5.0 2.5 2 1 2 5 5
285.5 -4306.7 -22.8 310 0 7.3 8.1 5.0 2.5 2 1 2 1 1
113.7 -4372.2 -17.1 130 0 7.3 8.1 5.0 2.5 2 1 2 5 5
512.6 -4165.1 -9.3 220 0 8.1 7.3 5.0 2.5 2 0 2 0 0
253.9 -3908.7 -15.7 40 0 8.1 7.3 5.0 0.0 0 0 2 1 1
349.0 -4235.9 -13.7 130 0 7.3 8.1 2.5 2.5 2 1 1 2 2
490.4 -4175.5 -6.5 220 0 8.1 7.3 7.5 2.5 2 0 3 0 0
98.7 -4282.0 -22.5 310 0 7.3 8.1 7.5 0.0 0 1 3 1 1
210.7 -4067.7 -2.9 40 0 8.1 7.3 7.5 2.5 2 0 3 0 0
80.9 -4312.8 -20.3 220 0 8.1 7.3 7.5 2.5 2 0 3 2 2
328.8 -4132.2 -3.7 310 0 7.3 8.1 7.5 2.5 2 1 3 4 4
6343.2 8423.1 -16.2 3 0 26.5 6.9 5.0 2.5 2 0 2 3 3
-4054.2 7021.3 2.0 321 0 15.4 16.4 10.0 0.0 0 1 4 1 1
65.2 -4142.8 -10.0 208 0 11.9 16.7 7.5 2.5 2 1 3 0 0
83.5 -4188.0 -12.3 116 0 12.5 6.6 5.0 2.5 2 0 2 0 0
1746.0 2541.0 24.9 73 0 8.0 9.4 7.5 2.5 4 1 3 2 2
-43.2 1640.2 -9.0 100 0 16.4 11.5 5.0 2.5 2 0 2 2 2
-1888.3 -1972.9 -7.2 261 0 11.9 23.5 7.5 2.5 2 1 3 1 1
-4546.2 -7248.1 -13.4 75 0 20.3 12.1 7.5 2.5 2 0 3 2 2
-4475.3 -6855.7 -25.9 164 0 8.0 12.6 2.5 2.5 2 1 1 3 3
-4657.2 -6523.2 -25.7 213 0 11.6 7.3 5.0 2.5 4 0 2 1 1
-4757.7 -6604.5 -25.1 239 0 9.5 12.2 7.5 2.5 2 1 3 4 4
-4501.0 -6424.3 -23.9 352 0 7.5 16.0 2.5 2.5 4 1 1 3 3
-4537.5 -6621.6 -27.3 125 0 15.2 10.4 7.5 2.5 2 0 3 1 1
-4258.7 -6837.1 -23.7 190 0 8.5 13.5 7.5 2.5 2 1 3 1 1
-4418.8 -6536.1 -26.0 78 0 11.1 18.4 7.5 2.5 2 1 3 1 1
-4385.3 -6338.6 -20.5 9 0 12.9 8.5 7.5 2.5 4 0 3 0 0
-4475.8 -6412.1 -22.6 275 0 12.0 10.4 5.0 2.5 2 0 2 5 5
-4605.4 -6485.6 -25.5 203 0 7.3 11.1 7.5 2.5 2 1 3 1 1
-4510.6 -6870.4 -25.7 73 0 10.0 12.5 7.5 2.5 2 1 3 0 0
-4531.8 -6597.6 -26.9 232 0 7.6 6.6 7.5 2.5 4 0 3 5 5
-4637.1 -6454.1 -25.5 196 0 6.4 13.3 5.0 2.5 2 1 2 5 5
-4180.5 -6006.5 -21.0 125 0 15.7 8.2 2.5 2.5 4 0 1 1 1
-4813.4 -6639.6 -23.1 239 0 13.8 9.6 2.5 2.5 2 0 1 3 3
-4454.0 -6592.7 -27.2 170 0 21.4 10.1 5.0 2.5 2 0 2 5 5
-4166.3 -6925.4 -21.4 154 0 10.5 14.2 5.0 2.5 2 1 2 0 0
-4300.1 -6252.6 -23.9 50 0 15.9 9.6 5.0 2.5 2 0 2 5 5
-4344.7 -6449.8 -18.5 107 0 8.0 10.7 2.5 0.0 0 0 1 3 3
-4849.2 -6614.4 -25.2 53 0 22.5 8.5 5.0 0.0 0 0 2 2 2
-4716.4 -6406.8 -25.5 226 0 4.8 26.8 5.0 2.5 2 0 2 0 0
-4730.8 -6512.3 -25.6 48 0 9.3 14.7 7.5 2.5 2 0 3 5 5
-4635.7 -6442.9 -25.5 188 0 11.0 11.1 10.0 2.5 2 0 4 0 0
-4159.6 -6021.1 -20.7 125 0 15.6 8.3 7.5 2.5 4 0 3 5 5
-4465.3 -6606.2 -27.3 354 0 18.8 9.6 7.5 2.5 2 0 3 4 4
-4175.8 -6903.4 -21.8 153 0 9.7 10.0 7.5 2.5 2 1 3 0 0
-4709.9 -6504.7 -25.6 46 0 10.6 7.6 5.0 2.5 2 0 2 3 3
-4283.5 -6250.8 -23.8 245 0 13.2 13.4 7.5 2.5 2 0 3 4 4
-4180.7 -6350.0 -21.3 80 0 39.7 15.8 10.0 0.0 0 0 4 1 1
-4631.6 -6877.4 -25.6 79 0 10.7 11.6 5.0 2.5 2 1 2 0 0
-4634.3 -6432.7 -25.5 188 0 7.9 9.7 2.5 2.5 2 0 1 1 1
-4447.9 -6621.2 -27.5 170 0 8.9 7.9 7.5 2.5 2 0 3 2 2
-4185.9 -6883.6 -22.2 154 0 6.2 14.9 5.0 2.5 2 1 2 1 1
-4681.9 -6429.0 -25.5 32 0 8.6 12.2 7.5 2.5 2 0 3 0 0
-4338.2 -6510.6 -23.5 59 0 24.6 13.4 10.0 0.0 0 0 4 1 1
-4697.4 -6494.9 -25.6 191 0 15.2 11.2 10.0 0.0 0 0 4 0 0
-4126.8 -6365.4 -21.7 195 0 12.4 10.0 2.5 2.5 2 0 1 0 0
-4318.0 -6413.3 -16.7 4 0 7.5 12.9 7.5 2.5 2 1 3 4 4
-4873.9 -6637.3 -22.3 44 0 14.6 11.2 5.0 2.5 2 0 2 3 3
-4632.8 -6425.0 -25.5 194 0 7.5 13.9 7.5 2.5 4 0 3 1 1
-4463.4 -6623.4 -27.6 354 0 15.7 9.5 5.0 2.5 2 0 2 1 1
-4856.6 -6637.5 -23.1 142 0 10.5 14.1 2.5 2.5 2 0 1 3 3
-4377.8 -6344.4 -19.9 158 0 8.8 15.3 5.0 2.5 2 0 2 5 5
-4418.7 -6348.9 -20.5 69 0 11.1 11.6 7.5 0.0 0 0 3 1 1
-4671.6 -6418.9 -25.5 41 0 15.1 11.1 7.5 2.5 2 0 3 5 5
-4681.1 -6517.4 -25.6 129 0 10.2 10.5 7.5 2.5 2 0 3 4 4
-4109.1 -6189.7 -24.8 224 0 14.6 9.5 5.0 0.0 0 0 2 5 5
-4307.0 -6856.6 -23.9 328 0 5.4 12.0 7.5 2.5 4 1 3 2 2
-4224.6 -6803.1 -23.9 176 0 9.8 13.8 5.0 2.5 2 1 2 3 3
-4663.8 -6410.5 -25.5 47 0 7.9 12.9 5.0 2.5 2 0 2 3 3
-4664.9 -6525.5 -25.7 38 0 7.5 12.6 5.0 2.5 2 0 2 5 5
-4100.7 -6181.2 -24.7 224 0 9.2 9.5 5.0 2.5 2 0 2 2 2
-4293.5 -6881.0 -23.5 326 0 10.1 10.0 2.5 2.5 2 0 1 3 3
-4197.8 -6797.0 -23.7 261 0 13.5 10.8 2.5 2.5 2 0 1 5 5
-4664.4 -6532.9 -25.8 220 0 13.0 12.1 7.5 2.5 2 0 3 5 5
-5031.5 -6669.6 -20.8 157 0 10.9 30.2 10.0 0.0 0 0 4 0 0
-4282.4 -6905.9 -23.2 55 0 10.3 13.0 5.0 2.5 2 1 2 2 2
-4653.0 -6410.1 -25.5 234 0 12.5 8.9 5.0 2.5 2 0 2 0 0
-4669.1 -6543.0 -25.8 311 0 11.0 12.5 7.5 2.5 2 1 3 1 1
-4157.0 -6792.4 -23.1 265 0 7.3 14.4 7.5 2.5 2 1 3 0 0
-5073.3 -6730.2 -25.3 158 0 14.7 10.2 2.5 2.5 2 0 1 5 5
-4264.8 -6940.0 -22.1 145 0 7.5 11.0 5.0 2.5 2 1 2 0 0
-4646.9 -6388.7 -25.4 318 0 9.8 15.3 5.0 2.5 2 0 2 4 4
-4693.7 -6557.1 -26.0 239 0 8.6 18.3 7.5 0.0 0 0 3 1 1
-4856.3 -6586.2 -25.5 236 0 5.7 18.5 7.5 2.5 2 0 3 4 4
-5060.8 -6764.4 -25.7 249 0 6.8 9.8 2.5 2.5 2 1 1 1 1
-4338.8 -6333.4 -20.0 64 0 6.7 9.6 7.5 2.5 2 0 3 0 0
-4360.0 -6518.6 -24.3 77 0 20.6 10.5 7.5 2.5 2 0 3 3 3
-4465.1 -6884.0 -24.8 164 0 10.4 13.2 2.5 2.5 4 1 1 3 3
-4651.1 -6497.7 -25.5 25 0 7.0 11.4 7.5 2.5 2 1 3 5 5
-4268.6 -6212.9 -24.9 360 0 16.1 10.1 2.5 2.5 4 0 1 3 3
-4238.5 -6856.1 -23.3 331 0 12.6 9.5 5.0 2.5 2 0 2 4 4
-4323.9 -6517.3 -24.3 251 0 7.4 8.0 7.5 2.5 2 1 3 5 5
-4786.5 -6566.3 -25.7 53 0 12.4 10.3 7.5 2.5 2 0 3 2 2
-4237.6 -6949.5 -21.4 325 0 6.6 16.4 7.5 2.5 2 1 3 4 4
-4140.0 -6839.6 -22.4 331 0 7.1 11.0 5.0 2.5 2 1 2 4 4
-4660.8 -6374.3 -25.4 227 0 5.9 9.9 5.0 2.5 2 0 2 2 2
-5081.4 -6737.0 -25.7 336 0 9.4 9.4 5.0 2.5 2 0 2 5 5
-4313.5 -6332.3 -18.8 241 0 15.8 9.5 5.0 2.5 2 0 2 1 1
-4238.8 -6977.8 -20.2 146 0 10.0 10.6 7.5 0.0 0 1 3 3 3
-4119.0 -6848.0 -21.9 336 0 7.9 14.4 7.5 2.5 2 1 3 1 1
-5100.4 -6779.1 -26.1 253 0 11.1 9.5 5.0 2.5 2 0 2 2 2
-4323.2 -6325.2 -20.1 61 0 8.2 11.5 5.0 2.5 2 0 2 0 0
-4590.8 -6395.5 -25.4 273 0 9.0 5.6 7.5 2.5 2 0 3 4 4
-4331.2 -6329.6 -20.1 63 0 10.0 11.6 5.0 2.5 2 0 2 3 3
-4223.1 -7014.8 -17.6 147 0 15.9 8.2 5.0 2.5 4 0 2 1 1
-4112.8 -6868.7 -21.5 332 0 8.9 8.9 5.0 2.5 2 1 2 5 5
-4291.0 -6304.5 -20.9 53 0 13.3 15.2 10.0 2.5 2 0 4 1 1
-4308.3 -6310.6 -19.9 148 0 8.4 10.9 2.5 2.5 2 0 1 3 3
-4213.1 -7031.7 -16.7 146 0 11.9 11.1 5.0 2.5 2 0 2 4 4
-4105.7 -6882.3 -21.1 331 0 10.2 10.8 5.0 2.5 4 1 2 0 0
-4724.1 -6575.8 -26.1 235 0 7.8 11.1 5.0 2.5 2 0 2 1 1
-4201.3 -7049.3 -16.0 146 0 5.1 9.7 7.5 2.5 2 1 3 3 3
-4097.7 -6906.4 -20.8 334 0 9.0 9.4 5.0 2.5 2 1 2 1 1
-4887.3 -6607.0 -23.8 240 0 7.6 20.6 5.0 0.0 0 0 2 5 5
-4732.1 -6581.4 -26.1 234 0 11.3 10.6 7.5 2.5 2 0 3 4 4
-4191.0 -7064.9 -15.3 146 0 12.4 9.8 2.5 2.5 2 0 1 4 4
-4105.9 -6933.2 -20.5 63 0 12.3 6.1 5.0 2.5 2 0 2 0 0
-4224.9 -6256.0 -25.1 155 0 9.5 15.7 7.5 2.5 2 1 3 5 5
-4059.1 -6919.7 -20.0 66 0 10.1 12.2 5.0 2.5 2 1 2 3 3
-4606.7 -6374.8 -25.4 77 0 10.1 12.6 2.5 2.5 2 0 1 3 3
-4749.0 -6594.8 -25.7 227 0 8.1 13.2 7.5 2.5 2 0 3 2 2
-4067.2 -6890.6 -20.4 152 0 13.6 10.5 7.5 2.5 2 0 3 5 5
-4076.6 -6872.4 -20.8 152 0 13.7 10.9 5.0 0.0 0 0 2 5 5
-4592.7 -6380.6 -25.4 265 0 8.1 17.5 5.0 0.0 0 0 2 3 3
-4455.7 -6358.4 -21.3 72 0 6.4 7.0 7.5 2.5 4 1 3 3 3
-4086.1 -6853.2 -21.2 150 0 13.5 10.5 7.5 0.0 0 0 3 1 1
-4365.8 -6553.9 -27.2 256 0 4.2 9.2 7.5 2.5 2 1 3 0 0
-4309.1 -6123.7 -24.8 191 0 9.5 19.4 7.5 2.5 2 1 3 2 2
-4754.8 -6631.6 -25.0 241 0 5.6 16.9 7.5 2.5 2 0 3 5 5
-4477.6 -6456.1 -22.6 165 0 16.9 9.8 7.5 2.5 4 0 3 3 3
-4416.9 -6919.1 -23.2 244 0 13.7 10.6 5.0 2.5 2 0 2 1 1
-4259.2 -6510.9 -24.3 277 0 9.8 13.5 5.0 2.5 2 1 2 2 2
-4585.2 -6589.6 -26.6 119 0 13.6 7.6 5.0 2.5 2 0 2 0 0
-4353.4 -6301.8 -21.4 234 0 9.6 8.5 7.5 2.5 2 0 3 0 0
-4275.5 -6449.8 -19.1 188 0 25.4 8.4 2.5 2.5 2 0 1 0 0
-4800.7 -6586.6 -25.3 236 0 8.2 10.6 5.0 2.5 2 1 2 2 2
-4097.0 -6836.4 -21.5 154 0 4.8 10.8 5.0 2.5 4 1 2 4 4
-4077.2 -6783.2 -21.6 265 0 10.2 10.1 7.5 2.5 2 0 3 2 2
-4056.3 -6781.0 -21.5 264 0 9.2 12.5 2.5 2.5 2 1 1 0 0
-4533.2 -6391.4 -24.8 283 0 18.7 9.8 7.5 2.5 2 0 3 1 1
-4037.1 -6779.8 -21.4 267 0 6.1 9.9 5.0 2.5 2 1 2 2 2
-4013.6 -6781.1 -21.3 355 0 11.0 12.3 10.0 2.5 2 1 4 1 1
-4518.4 -6394.5 -24.1 280 0 12.0 7.4 5.0 2.5 4 0 2 4 4
-4014.6 -6829.6 -20.5 354 0 7.1 10.9 5.0 2.5 2 1 2 0 0
-4039.3 -6829.8 -20.5 334 0 14.1 8.1 7.5 2.5 2 0 3 0 0
-4008.4 -6840.6 -20.0 335 0 8.4 11.3 7.5 2.5 4 1 3 1 1
-3998.7 -6861.5 -19.7 337 0 8.4 13.7 2.5 2.5 4 1 1 4 4
-3998.0 -6887.8 -19.1 64 0 7.7 9.5 7.5 2.5 2 1 3 0 0
-4366.1 -6311.2 -21.4 229 0 11.9 7.3 5.0 2.5 2 0 2 2 2
-4670.1 -6483.8 -25.5 298 0 9.3 7.9 7.5 2.5 2 0 3 1 1
-4218.5 -5944.7 -23.3 13 0 13.6 9.6 7.5 2.5 2 0 3 4 4
-4785.0 -6615.3 -25.2 59 0 16.7 7.3 7.5 2.5 2 0 3 1 1
-4470.7 -6484.1 -22.6 167 0 8.8 13.1 5.0 2.5 2 0 2 5 5
-4232.6 -6911.7 -22.3 149 0 6.2 8.4 7.5 2.5 2 1 3 0 0
-4168.4 -6524.3 -23.9 282 0 12.2 9.1 5.0 2.5 2 0 2 1 1
-4572.6 -6608.0 -27.0 306 0 12.2 10.7 7.5 2.5 4 0 3 2 2
-4692.0 -6461.0 -25.5 205 0 11.7 9.9 5.0 2.5 2 0 2 0 0
-4241.4 -6458.2 -19.5 357 0 16.0 21.6 10.0 2.5 2 1 4 4 4
-4527.2 -6895.4 -24.3 264 0 9.7 8.8 5.0 2.5 2 0 2 4 4
-3989.0 -6795.0 -20.7 174 0 7.5 9.7 5.0 2.5 2 0 2 0 0
-3988.1 -6802.5 -20.5 174 0 7.5 9.7 2.5 2.5 2 0 1 4 4
-4465.9 -6493.4 -23.4 167 0 11.6 10.5 10.0 2.5 2 0 4 3 3
-4369.0 -6484.7 -22.4 216 0 15.4 11.6 5.0 2.5 2 0 2 0 0
-4167.4 -5914.0 -22.1 22 0 13.1 10.5 5.0 2.5 2 0 2 0 0
-4776.7 -6616.8 -25.1 237 0 16.0 9.2 2.5 2.5 2 0 1 2 2
-4478.3 -6528.5 -26.2 354 0 17.2 11.6 7.5 2.5 2 0 3 0 0
-4203.7 -6921.1 -21.8 333 0 9.9 10.0 5.0 2.5 2 1 2 2 2
-3922.0 -6662.7 -24.9 72 0 10.1 12.0 7.5 2.5 2 1 3 0 0
-4554.2 -6602.7 -26.9 32 0 9.2 11.0 7.5 0.0 0 1 3 2 2
-4279.4 -6393.1 -15.6 184 0 24.8 11.1 7.5 2.5 2 0 3 2 2
-4700.1 -6459.3 -25.5 30 0 10.3 9.3 7.5 2.5 2 0 3 3 3
-4464.3 -6362.1 -21.6 91 0 7.4 7.5 5.0 2.5 2 0 2 4 4
-4466.4 -6381.9 -22.0 76 0 12.7 8.5 2.5 2.5 4 0 1 1 1
-4641.1 -6480.6 -25.5 196 0 8.6 11.1 7.5 2.5 2 1 3 2 2
-4504.3 -6557.8 -26.3 47 0 10.0 19.0 5.0 2.5 2 1 2 3 3
-4192.5 -6942.9 -21.4 331 0 7.7 11.1 5.0 2.5 2 1 2 5 5
-3951.9 -6716.3 -24.5 81 0 9.3 16.4 2.5 2.5 4 1 1 2 2
-4559.4 -6616.6 -27.2 301 0 19.4 6.8 7.5 0.0 0 0 3 1 1
-4686.5 -6450.4 -25.5 210 0 11.8 9.9 5.0 2.5 4 0 2 5 5
-4748.8 -6538.2 -25.8 54 0 9.7 12.7 7.5 2.5 2 0 3 5 5
-4333.0 -6272.0 -22.6 323 0 9.4 17.3 2.5 2.5 4 0 1 0 0
-4359.7 -6445.3 -18.3 107 0 8.1 10.6 5.0 2.5 2 0 2 2 2
-4820.2 -6592.0 -25.4 53 0 13.5 10.5 5.0 2.5 2 0 2 3 3
-4458.8 -6562.8 -26.7 172 0 12.6 10.2 2.5 2.5 2 0 1 5 5
-4197.1 -6962.4 -20.5 151 0 9.8 16.7 7.5 2.5 4 1 3 4 4
-4543.2 -6628.6 -27.4 302 0 10.6 23.5 10.0 2.5 2 1 4 0 0
-4741.6 -6532.9 -25.8 54 0 8.4 11.1 5.0 0.0 0 0 2 4 4
-4324.1 -6283.9 -21.6 143 0 5.4 8.6 7.5 0.0 0 0 3 1 1
-4717.5 -6901.4 -25.8 164 0 9.7 10.2 5.0 2.5 2 1 2 0 0
-4815.4 -6597.8 -25.3 238 0 11.8 9.9 5.0 2.5 2 0 2 4 4
-4439.3 -6373.4 -20.9 71 0 13.7 9.7 2.5 2.5 2 0 1 3 3
-4586.5 -6873.2 -25.5 94 0 6.2 9.5 5.0 2.5 2 1 2 3 3
-4168.1 -6988.0 -18.8 61 0 14.0 9.4 2.5 2.5 2 0 1 4 4
-4523.9 -6639.1 -27.4 303 0 18.1 10.3 5.0 2.5 2 0 2 0 0
-4328.8 -6270.4 -22.4 142 0 8.4 12.9 2.5 2.5 2 1 1 2 2
-4274.6 -6330.7 -19.6 185 0 21.2 10.3 5.0 2.5 2 0 2 1 1
-4353.8 -6446.8 -18.3 101 0 7.2 10.6 5.0 2.5 4 0 2 1 1
-4832.9 -6601.8 -25.4 52 0 18.5 10.6 2.5 2.5 2 0 1 5 5
-4443.2 -6387.1 -21.1 253 0 11.5 15.8 7.5 0.0 0 0 3 3 3
-4188.0 -6025.4 -21.7 305 0 13.3 9.6 7.5 2.5 2 0 3 0 0
-4467.3 -6587.5 -27.0 354 0 19.0 9.6 5.0 2.5 2 0 2 5 5
-4690.6 -6443.3 -25.5 31 0 8.3 9.7 2.5 2.5 4 0 1 0 0
-4724.8 -6519.0 -25.7 48 0 9.5 9.0 7.5 2.5 2 0 3 5 5
-4232.4 -6293.4 -22.6 244 0 20.5 11.4 2.5 2.5 2 0 1 1 1
-4445.5 -6350.0 -21.1 69 0 17.5 10.3 5.0 2.5 4 0 2 1 1
-4602.5 -6869.5 -25.7 82 0 10.9 9.1 7.5 2.5 4 0 3 5 5
-4749.3 -6492.0 -25.6 226 0 8.7 12.8 5.0 2.5 2 0 2 5 5
-4414.4 -6336.4 -21.7 48 0 9.4 19.8 2.5 2.5 2 0 1 1 1
-4314.2 -6464.4 -20.0 280 0 18.6 9.2 7.5 2.5 2 0 3 5 5
-4395.9 -6473.2 -21.7 315 0 9.1 16.0 5.0 2.5 2 1 2 1 1
-4570.9 -6574.1 -26.4 132 0 12.4 7.6 5.0 2.5 2 0 2 4 4
-4810.5 -6565.6 -25.4 142 0 5.7 11.9 5.0 2.5 2 1 2 4 4
-4769.5 -6590.9 -25.2 53 0 9.7 6.4 7.5 2.5 2 0 3 5 5
-4292.3 -6847.1 -24.1 236 0 6.5 12.2 5.0 0.0 0 1 2 4 4
-4162.4 -6869.1 -22.1 152 0 9.3 7.4 5.0 2.5 2 0 2 5 5
-4149.9 -6271.6 -25.3 262 0 13.8 44.2 10.0 2.5 2 1 4 4 4
-4526.7 -6628.8 -27.4 121 0 10.7 4.6 5.0 2.5 2 0 2 2 2
-4439.3 -6312.2 -22.6 320 0 9.2 17.1 5.0 0.0 0 1 2 3 3
-4519.6 -6605.7 -27.2 238 0 4.3 15.3 5.0 2.5 2 1 2 1 1
-4417.4 -6365.2 -20.2 68 0 22.2 6.5 2.5 2.5 2 0 1 2 2
-4110.8 -6055.4 -21.1 125 0 7.6 4.8 7.5 0.0 0 0 3 2 2
-4476.6 -6599.5 -27.1 354 0 11.2 5.6 7.5 2.5 2 0 3 2 2
-4499.1 -6433.4 -23.5 345 0 11.1 6.7 2.5 2.5 2 0 1 4 4
-4227.3 -6932.4 -21.9 147 0 7.7 5.2 7.5 2.5 2 0 3 3 3
-3896.1 -6661.2 -24.5 59 0 6.5 16.8 2.5 2.5 2 1 1 0 0
-5089.0 -6710.4 -25.4 68 0 9.5 10.8 2.5 2.5 2 1 1 5 5
-4716.7 -6941.4 -25.9 252 0 15.4 11.7 5.0 2.5 2 0 2 5 5
-4541.2 -6328.2 -24.4 295 0 7.6 4.9 2.5 2.5 2 0 1 3 3
-4130.7 -6887.4 -21.5 331 0 7.0 9.4 5.0 2.5 4 1 2 1 1
-4375.6 -6522.3 -24.6 77 0 11.4 10.5 5.0 2.5 2 0 2 1 1
-4737.7 -6613.1 -25.4 240 0 9.7 7.1 7.5 2.5 2 0 3 4 4
-4319.6 -6525.9 -25.0 254 0 4.0 9.6 7.5 2.5 4 1 3 4 4
-5078.3 -6809.8 -26.2 61 0 17.9 9.4 5.0 2.5 2 0 2 0 0
-4787.5 -6661.7 -22.2 241 0 10.2 6.1 7.5 2.5 2 0 3 1 1
-4238.7 -6924.5 -22.2 325 0 11.9 6.3 5.0 2.5 2 0 2 4 4
-4585.3 -6567.2 -26.1 121 0 8.2 4.0 5.0 2.5 2 0 2 5 5
-4828.3 -6570.8 -25.5 321 0 3.7 13.5 5.0 0.0 0 1 2 3 3
-4838.1 -6666.4 -21.2 148 0 9.5 18.4 5.0 2.5 2 1 2 0 0
-4521.8 -6590.3 -26.9 234 0 9.2 7.5 5.0 2.5 2 0 2 0 0
-4648.1 -6552.2 -25.8 39 0 3.8 12.9 7.5 2.5 2 0 3 1 1
-4696.8 -6997.9 -25.6 69 0 15.1 10.4 5.0 2.5 4 0 2 2 2
-4281.7 -6862.6 -23.6 238 0 6.5 12.0 5.0 2.5 2 1 2 4 4
-4292.4 -6232.2 -24.9 84 0 4.9 11.8 7.5 2.5 2 0 3 0 0
-4560.9 -6634.9 -27.4 311 0 13.0 6.4 7.5 0.0 0 0 3 3 3
-4391.9 -6495.0 -23.3 264 0 20.7 9.5 7.5 2.5 2 0 3 0 0
-4644.7 -6459.6 -25.5 11 0 11.6 4.4 5.0 2.5 2 0 2 3 3
-4260.0 -6306.7 -20.8 249 0 8.8 6.0 5.0 2.5 2 0 2 2 2
-4053.6 -6858.8 -20.5 151 0 10.2 6.5 7.5 2.5 2 0 3 1 1
-4568.3 -6656.4 -27.4 219 0 9.2 30.2 7.5 0.0 0 1 3 2 2
-4499.4 -6663.6 -27.4 296 0 11.9 20.6 7.5 2.5 2 1 3 1 1
-4400.3 -6459.4 -20.1 186 0 9.6 35.0 7.5 0.0 0 1 3 0 0
-4648.1 -6533.2 -25.7 214 0 4.2 10.3 7.5 2.5 4 0 3 2 2
-3908.0 -6625.3 -24.4 245 0 8.1 17.7 7.5 2.5 2 1 3 4 4
-4657.4 -6512.3 -25.6 27 0 11.4 4.8 7.5 2.5 2 0 3 2 2
-4164.2 -7048.6 -15.0 342 0 5.5 9.5 7.5 2.5 2 1 3 2 2
-4764.6 -6637.1 -24.6 241 0 16.9 5.6 7.5 0.0 0 0 3 0 0
-4399.3 -6528.0 -25.3 77 0 15.9 10.5 5.0 0.0 0 0 2 0 0
-4708.9 -6588.9 -26.1 236 0 4.2 8.0 5.0 2.5 4 1 2 1 1
-4676.5 -6452.6 -25.5 206 0 5.4 17.2 5.0 2.5 2 0 2 5 5
-4077.5 -6829.2 -21.3 153 0 10.4 6.2 5.0 2.5 2 0 2 3 3
-4181.0 -6792.0 -23.5 267 0 9.4 10.4 5.0 0.0 0 1 2 2 2
-4509.3 -6581.6 -26.8 233 0 9.0 11.6 2.5 2.5 2 1 1 3 3
-4796.6 -6547.5 -25.8 230 0 4.2 9.0 7.5 2.5 2 1 3 2 2
-4115.1 -6923.8 -20.9 63 0 6.2 15.1 5.0 2.5 2 1 2 3 3
-4800.6 -6997.7 -26.8 159 0 8.9 7.5 5.0 2.5 2 0 2 5 5
-4868.8 -6614.9 -24.1 53 0 11.9 5.8 5.0 2.5 2 0 2 1 1
-4127.7 -6794.0 -22.4 353 0 8.7 4.3 7.5 2.5 4 0 3 0 0
-4537.9 -6602.4 -27.0 232 0 7.8 5.3 5.0 2.5 2 0 2 4 4
-4422.9 -6956.2 -21.4 60 0 6.5 9.9 7.5 2.5 2 1 3 3 3
-4425.9 -6599.4 -27.2 81 0 5.5 11.0 2.5 2.5 2 1 1 0 0
-4712.1 -6402.5 -25.5 224 0 8.5 8.5 5.0 2.5 2 0 2 2 2
-4105.9 -6309.9 -25.3 104 0 11.6 59.1 12.5 2.5 2 1 5 2 2
-4452.9 -6439.1 -21.9 308 0 4.9 10.6 7.5 2.5 2 1 3 3 3
-4922.7 -6726.9 -20.4 156 0 8.7 4.9 5.0 2.5 2 0 2 3 3
-4418.3 -6497.6 -23.7 264 0 9.9 9.4 2.5 2.5 2 0 1 4 4
-4302.8 -6326.2 -18.8 241 0 8.7 9.5 7.5 2.5 2 0 3 5 5
-4148.2 -6134.7 -24.3 37 0 9.1 3.9 5.0 2.5 2 0 2 1 1
-4696.3 -6397.1 -25.5 220 0 16.5 7.8 2.5 2.5 2 0 1 3 3
-4081.0 -6200.5 -24.8 356 0 7.9 6.6 7.5 2.5 2 0 3 2 2
-4350.1 -6370.9 -17.4 263 0 5.2 9.5 7.5 2.5 2 1 3 4 4
-4541.5 -6595.8 -26.8 54 0 8.1 6.7 7.5 2.5 2 0 3 4 4
-4410.1 -6408.4 -20.2 354 0 5.4 12.4 7.5 2.5 2 0 3 2 2
-4647.5 -6541.6 -25.8 123 0 10.2 4.5 2.5 2.5 2 0 1 2 2
-4283.7 -6274.1 -22.5 50 0 6.0 5.4 7.5 2.5 2 0 3 0 0
-4271.7 -6195.7 -24.8 270 0 6.2 9.3 5.0 2.5 2 0 2 5 5
-3917.8 -6634.7 -24.7 250 0 11.4 7.4 5.0 2.5 2 0 2 3 3
-4411.1 -6393.1 -19.8 355 0 13.9 4.5 2.5 2.5 2 0 1 4 4
-4222.2 -6942.8 -21.5 326 0 10.9 4.9 2.5 2.5 2 0 1 3 3
-4286.4 -6243.5 -24.5 69 0 11.4 5.1 2.5 2.5 4 0 1 2 2
-4282.1 -6504.1 -23.9 265 0 6.3 19.2 7.5 2.5 2 1 3 5 5
-4347.4 -6255.0 -23.9 320 0 21.4 4.7 5.0 2.5 2 0 2 0 0
-3870.4 -6684.0 -24.5 346 0 12.6 12.7 5.0 2.5 4 1 2 4 4
-4799.8 -6607.1 -25.2 147 0 4.0 15.6 5.0 2.5 2 0 2 5 5
-4617.1 -6450.5 -25.5 195 0 5.2 31.5 7.5 2.5 2 0 3 0 0
-4386.3 -6524.9 -24.9 77 0 10.8 10.5 5.0 0.0 0 0 2 5 5
-5043.4 -6766.5 -25.4 336 0 8.5 4.0 7.5 2.5 2 0 3 1 1
-4728.2 -6606.8 -26.0 237 0 10.1 5.7 2.5 2.5 2 0 1 5 5
-4293.6 -6421.5 -16.4 13 0 16.1 10.1 2.5 2.5 2 0 1 4 4
-4065.4 -6841.9 -21.0 152 0 10.6 6.8 5.0 2.5 2 0 2 0 0
-4187.9 -6216.3 -24.9 48 0 12.8 30.7 5.0 2.5 2 1 2 1 1
-4219.8 -6045.2 -22.4 213 0 12.4 6.6 7.5 2.5 2 0 3 0 0
-5103.3 -6804.3 -26.3 164 0 21.8 7.9 2.5 2.5 2 0 1 2 2
-4526.3 -6362.4 -24.2 109 0 19.6 4.3 7.5 2.5 2 0 3 3 3
-4306.8 -6457.2 -18.8 103 0 9.1 11.4 5.0 2.5 4 1 2 1 1
-4714.2 -6473.6 -25.6 307 0 8.9 3.7 5.0 2.5 4 0 2 4 4
-4842.9 -6619.2 -24.2 233 0 15.5 8.5 2.5 2.5 2 0 1 3 3
-4427.0 -6412.6 -20.6 85 0 9.6 7.1 5.0 2.5 2 0 2 0 0
-4785.6 -6527.3 -25.8 229 0 7.8 6.4 5.0 2.5 2 0 2 1 1
-4767.4 -6613.1 -25.1 237 0 3.5 10.6 7.5 2.5 2 0 3 3 3
-4468.6 -6351.7 -21.9 70 0 13.0 4.9 7.5 0.0 0 0 3 3 3
-4749.5 -6508.4 -25.6 50 0 6.6 6.3 7.5 2.5 2 0 3 5 5
-4358.6 -6341.8 -20.0 67 0 7.3 9.2 5.0 2.5 2 0 2 0 0
-4723.4 -6466.4 -25.6 305 0 5.1 10.2 7.5 2.5 2 0 3 2 2
-4464.1 -6430.6 -22.1 279 0 9.2 5.2 5.0 2.5 2 0 2 3 3
-4727.4 -6460.0 -25.6 132 0 4.8 11.8 7.5 2.5 2 0 3 3 3
-4342.7 -6294.5 -21.4 237 0 11.2 8.1 2.5 2.5 4 0 1 5 5
-4674.9 -6476.7 -25.5 120 0 5.3 11.1 5.0 2.5 2 0 2 4 4
-4674.1 -6397.5 -25.5 46 0 4.5 9.5 5.0 2.5 2 0 2 3 3
-4867.0 -6675.2 -19.1 63 0 4.3 9.7 5.0 2.5 2 1 2 0 0
-4768.1 -6514.6 -25.7 227 0 9.1 5.6 7.5 2.5 2 0 3 0 0
-4669.3 -6367.3 -25.4 317 0 22.0 5.0 5.0 2.5 4 0 2 1 1
-4228.9 -6170.3 -24.8 139 0 18.3 12.6 7.5 2.5 2 0 3 5 5
-4633.6 -6509.6 -25.6 209 0 4.8 14.0 5.0 2.5 2 0 2 0 0
-4522.4 -6408.8 -24.6 264 0 11.9 4.5 7.5 2.5 4 0 3 3 3
-4643.1 -6450.0 -25.5 7 0 7.6 14.2 5.0 2.5 2 0 2 3 3
-4835.1 -6640.4 -22.9 59 0 4.3 13.2 7.5 2.5 4 0 3 1 1
-4231.2 -6930.0 -21.9 327 0 5.6 11.4 7.5 2.5 4 0 3 3 3
-4573.9 -6596.2 -26.7 122 0 12.7 5.2 2.5 2.5 2 0 1 2 2
-4374.8 -6321.8 -21.2 209 0 12.1 4.6 7.5 2.5 2 0 3 0 0
-4569.6 -6617.5 -27.2 307 0 3.9 10.1 5.0 2.5 2 0 2 2 2
-4670.8 -6497.1 -25.6 301 0 3.4 10.2 2.5 2.5 2 0 1 2 2
-4447.5 -6520.4 -25.0 76 0 5.1 18.7 7.5 0.0 0 1 3 4 4
-4438.7 -6551.5 -27.0 256 0 13.0 14.0 7.5 2.5 4 1 3 3 3
-4446.8 -6365.7 -21.0 71 0 9.1 8.4 5.0 2.5 2 0 2 1 1
-4617.0 -6454.8 -25.5 194 0 7.9 19.3 7.5 0.0 0 0 3 5 5
-4225.2 -6179.3 -24.8 228 0 12.8 18.4 5.0 2.5 2 0 2 5 5
-4630.0 -6506.9 -25.5 209 0 4.2 9.8 5.0 2.5 2 0 2 3 3
-4673.1 -6382.8 -25.5 320 0 9.6 9.1 2.5 2.5 2 0 1 0 0
-4798.2 -6609.8 -25.2 150 0 3.4 16.0 2.5 2.5 2 0 1 2 2
-4631.0 -6363.1 -25.4 68 0 4.9 10.9 7.5 2.5 4 0 3 3 3
-4513.8 -6339.8 -23.9 298 0 10.1 8.5 2.5 2.5 2 0 1 0 0
-4577.6 -6623.3 -27.2 321 0 4.9 15.4 5.0 0.0 0 0 2 4 4
-4627.1 -6373.0 -25.4 67 0 5.1 10.6 2.5 2.5 2 0 1 1 1
-4735.5 -6485.1 -25.6 317 0 9.2 10.4 5.0 2.5 2 0 2 3 3
-4731.9 -6472.0 -25.6 316 0 10.3 11.6 5.0 2.5 2 0 2 1 1
-4405.8 -6390.9 -19.5 174 0 7.3 12.3 2.5 2.5 2 1 1 5 5
-4696.9 -6574.6 -26.0 237 0 5.0 9.1 7.5 2.5 2 0 3 1 1
-4314.4 -6076.9 -24.5 184 0 36.4 6.3 2.5 2.5 2 0 1 2 2
-4191.5 -7018.3 -16.4 272 0 7.6 15.4 5.0 2.5 2 1 2 4 4
-4549.9 -6378.2 -25.1 101 0 14.3 10.1 7.5 2.5 2 0 3 0 0
-4699.6 -6439.7 -25.5 29 0 4.5 17.5 5.0 2.5 2 0 2 4 4
-4777.9 -6634.9 -24.0 244 0 4.5 15.3 7.5 2.5 2 0 3 3 3
1974.6 -7928.2 -30.6 56 0 8.8 16.1 2.5 2.5 2 1 1 0 0
2498.8 -8386.4 -28.9 345 0 6.6 12.4 7.5 0.0 0 1 3 2 2
3158.1 -6666.1 -28.3 222 0 17.0 8.1 5.0 2.5 2 0 2 3 3
2500.2 -8366.4 -28.4 350 0 14.8 9.9 2.5 2.5 2 0 1 3 3
3317.6 -6085.2 -25.0 23 0 6.3 10.1 5.0 2.5 2 1 2 1 1
2452.7 -8366.0 -29.2 259 0 6.1 5.4 5.0 2.5 2 0 2 0 0
3310.5 -6741.6 -28.4 36 0 26.5 5.8 5.0 2.5 2 0 2 1 1
3316.6 -6257.4 -27.4 125 0 9.0 17.4 5.0 2.5 2 1 2 0 0
2346.5 -8322.4 -30.2 324 0 9.8 16.8 7.5 2.5 4 1 3 5 5
2502.7 -8343.7 -27.6 83 0 11.9 7.9 5.0 2.5 2 0 2 3 3
2612.8 -8312.6 -27.9 75 0 3.7 11.0 5.0 2.5 2 1 2 2 2
2370.8 -8360.1 -29.9 333 0 7.3 6.6 5.0 0.0 0 0 2 2 2
2460.8 -8393.0 -29.1 349 0 10.5 4.8 7.5 2.5 2 0 3 5 5
3290.2 -6758.1 -28.2 125 0 14.9 6.3 2.5 2.5 4 0 1 1 1
2882.5 -7278.0 -21.2 79 0 8.3 8.9 7.5 2.5 2 0 3 0 0
2393.4 -8356.4 -29.7 162 0 10.5 14.1 2.5 2.5 2 1 1 1 1
2283.3 -8390.3 -30.6 55 0 6.6 25.7 2.5 2.5 4 1 1 0 0
2338.8 -8394.4 -30.1 239 0 13.9 9.6 5.0 2.5 4 0 2 2 2
2352.0 -8450.1 -30.6 67 0 17.7 7.4 7.5 2.5 4 0 3 3 3
2458.2 -8429.7 -29.9 73 0 21.1 8.1 5.0 0.0 0 0 2 0 0
2524.1 -8297.5 -28.3 349 0 22.7 7.0 7.5 2.5 2 0 3 2 2
2541.1 -8310.4 -27.7 171 0 7.4 7.4 7.5 2.5 2 0 3 5 5
2333.7 -8429.2 -30.6 158 0 28.4 7.8 2.5 2.5 2 0 1 3 3
2546.6 -8202.5 -29.6 259 0 35.2 9.4 7.5 2.5 2 0 3 3 3
2563.9 -8298.1 -27.7 169 0 6.0 6.0 7.5 2.5 2 0 3 4 4
2636.9 -8340.6 -28.0 86 0 15.1 9.5 2.5 2.5 2 0 1 1 1
2909.4 -6043.8 -24.9 123 0 12.0 28.4 12.5 2.5 2 1 5 5 5
2428.0 -8352.3 -29.3 79 0 10.1 21.3 7.5 0.0 0 1 3 2 2
2298.6 -8399.9 -30.4 55 0 6.2 9.7 7.5 2.5 2 0 3 1 1
2538.6 -8294.8 -28.2 171 0 24.5 7.4 5.0 2.5 2 0 2 0 0
2444.3 -8398.6 -29.5 344 0 21.6 6.4 7.5 2.5 2 0 3 0 0
2266.3 -8352.4 -30.5 235 0 8.9 10.1 7.5 2.5 2 1 3 3 3
2913.5 -6055.7 -25.6 212 0 4.4 12.6 5.0 2.5 2 1 2 2 2
2501.9 -8308.9 -28.0 342 0 7.6 9.0 7.5 2.5 2 1 3 2 2
2576.8 -8316.5 -27.5 79 0 5.1 10.6 7.5 2.5 2 0 3 1 1
2898.2 -7245.7 -22.0 178 0 8.3 8.9 5.0 2.5 2 1 2 1 1
1918.8 -7890.5 -30.6 237 0 7.5 21.6 7.5 2.5 2 1 3 2 2
2958.1 -6051.3 -24.9 38 0 13.0 10.1 10.0 2.5 2 0 4 3 3
2508.4 -8307.5 -28.1 343 0 9.5 5.7 7.5 2.5 2 0 3 3 3
2870.2 -7248.0 -21.3 178 0 7.2 9.2 7.5 2.5 2 1 3 3 3
2320.6 -8343.1 -30.3 238 0 10.3 7.2 7.5 2.5 2 0 3 4 4
2529.8 -8328.6 -27.5 351 0 11.3 16.1 7.5 2.5 2 1 3 5 5
2565.2 -8261.7 -28.6 344 0 12.6 6.9 2.5 2.5 2 0 1 1 1
2653.3 -8391.7 -29.2 169 0 12.5 5.3 7.5 2.5 2 0 3 5 5
3152.4 -6684.9 -28.2 43 0 4.0 8.4 5.0 2.5 2 1 2 3 3
3344.8 -6250.1 -27.1 101 0 7.7 16.9 5.0 2.5 2 1 2 2 2
2448.9 -8343.9 -28.9 70 0 7.4 30.9 7.5 2.5 2 1 3 5 5
1922.1 -7924.8 -30.5 147 0 6.1 11.3 5.0 0.0 0 1 2 4 4
2540.8 -8364.3 -27.9 348 0 9.7 5.1 2.5 2.5 2 0 1 3 3
2231.1 -8343.9 -30.6 228 0 13.9 8.5 7.5 0.0 0 0 3 0 0
2523.2 -8258.8 -29.1 84 0 7.6 12.9 5.0 0.0 0 1 2 4 4
2676.1 -8381.4 -29.0 84 0 7.1 24.7 7.5 2.5 2 1 3 4 4
2626.7 -8327.5 -28.0 87 0 4.9 24.2 7.5 2.5 2 1 3 1 1
2508.0 -8400.1 -29.0 344 0 14.1 9.2 7.5 2.5 2 0 3 0 0
2480.2 -8333.1 -28.1 76 0 4.8 8.5 5.0 2.5 2 0 2 5 5
2343.4 -8364.1 -30.3 56 0 4.6 34.5 2.5 2.5 2 0 1 5 5
2519.8 -8263.1 -28.9 353 0 8.6 5.0 7.5 2.5 2 0 3 4 4
2576.5 -8305.8 -27.6 78 0 8.5 10.0 5.0 2.5 2 0 2 4 4
2436.8 -8366.6 -29.4 263 0 14.1 9.0 5.0 2.5 2 0 2 1 1
2265.3 -8416.1 -30.9 147 0 10.2 14.3 7.5 2.5 4 0 3 2 2
2296.5 -8389.7 -30.5 55 0 7.7 21.9 5.0 2.5 2 0 2 5 5
2485.8 -8345.9 -27.9 82 0 9.9 13.7 2.5 2.5 2 0 1 5 5
2870.9 -7259.5 -21.1 171 0 9.6 4.4 7.5 2.5 2 0 3 5 5
2534.0 -8260.8 -28.9 176 0 16.3 9.5 5.0 2.5 2 0 2 5 5
3241.1 -5963.5 -19.6 280 0 5.4 14.0 5.0 2.5 2 0 2 5 5
2875.3 -7258.9 -21.3 173 0 10.1 8.4 5.0 2.5 2 0 2 2 2
2255.7 -8400.0 -30.8 150 0 27.4 8.1 5.0 2.5 2 0 2 0 0
2619.7 -8338.5 -27.6 86 0 7.2 10.2 5.0 2.5 2 1 2 1 1
3255.3 -6022.5 -23.6 9 0 6.2 21.7 7.5 2.5 4 1 3 3 3
3484.0 -6827.9 -28.5 155 0 5.0 19.9 5.0 2.5 2 1 2 1 1
3307.4 -6703.9 -28.7 215 0 5.6 24.6 7.5 2.5 2 1 3 3 3
3522.5 -6850.7 -28.4 336 0 6.9 9.0 5.0 2.5 2 1 2 2 2
2520.1 -8235.2 -29.4 271 0 9.0 8.1 5.0 2.5 2 0 2 0 0
2314.7 -8388.3 -30.3 57 0 13.9 9.8 7.5 2.5 2 0 3 5 5
2951.1 -6011.1 -23.9 303 0 16.4 10.7 7.5 2.5 2 0 3 3 3
2533.0 -8247.1 -29.1 176 0 11.2 4.4 5.0 2.5 2 0 2 2 2
2463.7 -8348.6 -28.3 83 0 9.4 14.8 7.5 2.5 2 1 3 4 4
3190.1 -6673.2 -28.4 43 0 11.1 18.6 2.5 2.5 2 1 1 5 5
2524.2 -8282.6 -28.7 83 0 5.4 16.0 5.0 2.5 2 0 2 0 0
6755.0 7845.9 -16.3 70 0 18.6 11.6 5.0 2.5 2 0 2 3 3
6499.1 7687.2 -19.3 171 0 14.1 9.9 7.5 2.5 2 0 3 1 1
6125.2 7928.0 -13.4 63 0 10.7 27.4 10.0 2.5 2 1 4 5 5
6507.9 7709.3 -19.3 264 0 14.9 5.3 5.0 2.5 2 0 2 3 3
6134.7 7918.7 -14.1 158 0 7.5 8.9 7.5 2.5 2 1 3 5 5
6722.3 7867.6 -15.9 150 0 19.8 15.3 10.0 2.5 4 0 4 4 4
6155.8 7997.5 -14.7 252 0 29.8 15.4 12.5 2.5 2 0 5 0 0
6071.3 7925.2 -11.9 338 0 30.3 12.2 7.5 0.0 0 0 3 0 0
6380.1 7874.6 -14.2 149 0 19.7 8.3 2.5 0.0 0 0 1 1 1
6752.3 1594.4 -20.4 180 0 6.2 10.9 7.5 2.5 2 1 3 5 5
6484.5 4668.1 -16.2 92 0 9.5 16.4 2.5 2.5 2 1 1 1 1
6682.1 4393.8 -17.9 97 0 16.2 9.3 5.0 0.0 0 0 2 3 3
6845.8 4842.3 -18.4 286 0 14.4 10.2 7.5 0.0 0 0 3 5 5
6903.8 4029.7 -22.4 360 0 10.3 12.0 10.0 2.5 2 1 4 4 4
6748.7 4023.7 -20.4 7 0 13.0 8.4 5.0 2.5 2 0 2 1 1
6820.5 4290.1 -22.4 91 0 8.5 13.5 5.0 2.5 2 1 2 4 4
6829.8 3516.8 -22.2 154 0 16.9 10.4 5.0 2.5 4 0 2 3 3
6706.0 3168.0 -23.8 257 0 8.8 17.5 7.5 2.5 2 1 3 1 1
6814.6 3047.0 -24.2 76 0 11.4 16.5 5.0 2.5 2 1 2 2 2
6688.1 3406.9 -17.8 175 0 10.5 11.9 7.5 2.5 2 1 3 1 1
6727.5 3264.0 -22.1 354 0 14.9 10.9 7.5 2.5 2 0 3 1 1
6784.9 3046.2 -23.9 350 0 9.2 13.9 7.5 2.5 4 1 3 5 5
6775.9 2948.0 -23.8 357 0 6.3 5.2 7.5 2.5 2 0 3 4 4
6794.7 3036.5 -23.5 262 0 6.5 14.3 2.5 2.5 2 1 1 0 0
6865.5 4301.8 -22.6 270 0 8.2 11.9 7.5 2.5 4 1 3 2 2
6838.6 3539.7 -21.8 160 0 15.5 22.0 10.0 2.5 4 1 4 2 2
6842.0 4306.5 -22.6 270 0 22.4 4.5 7.5 2.5 2 0 3 0 0
6836.9 3046.0 -23.9 97 0 6.3 6.1 5.0 2.5 2 0 2 2 2
6720.8 4020.1 -20.2 187 0 5.0 13.1 5.0 2.5 2 1 2 2 2
6739.2 2997.3 -23.1 169 0 5.4 8.9 7.5 2.5 2 1 3 4 4
6790.5 4842.4 -15.4 95 0 8.1 4.7 7.5 2.5 2 0 3 0 0
6824.8 4854.0 -17.2 288 0 6.4 13.0 7.5 2.5 2 1 3 5 5
6874.0 4787.6 -19.3 287 0 6.5 5.9 7.5 2.5 2 0 3 3 3
6668.2 4418.9 -17.3 187 0 18.3 7.1 5.0 0.0 0 0 2 5 5
6755.5 3043.0 -23.5 260 0 7.9 20.8 5.0 2.5 2 1 2 3 3
6707.6 4419.3 -18.2 7 0 6.8 10.7 5.0 2.5 2 1 2 3 3
6706.2 3273.6 -21.8 264 0 11.3 5.8 5.0 2.5 2 0 2 3 3
6834.8 4825.6 -17.3 19 0 9.9 14.5 5.0 0.0 0 1 2 2 2
6712.0 4036.4 -21.2 187 0 12.1 8.2 5.0 2.5 2 0 2 2 2
6830.6 4287.4 -22.3 178 0 7.1 16.8 5.0 0.0 0 1 2 4 4
6714.2 3383.9 -18.5 172 0 7.5 15.4 2.5 2.5 2 1 1 3 3
6866.2 4009.7 -21.8 89 0 10.4 34.2 10.0 0.0 0 0 4 4 4
-6795.6 1972.6 -2.9 68 0 8.9 13.0 5.0 2.5 2 1 2 2 2
-6715.6 1971.4 -5.2 74 0 8.0 11.0 7.5 2.5 2 1 3 0 0
-6849.9 2087.8 -2.3 154 0 6.0 19.2 2.5 2.5 2 1 1 1 1
-6776.4 2016.6 -1.2 166 0 6.2 11.7 5.0 2.5 2 1 2 3 3
-6848.2 1979.1 -1.8 351 0 6.0 18.0 5.0 0.0 0 1 2 3 3
-6914.1 2085.3 -2.9 173 0 8.4 6.1 2.5 2.5 2 0 1 2 2
-6803.7 1949.9 -5.3 245 0 13.1 27.3 10.0 2.5 2 1 4 1 1
-6738.6 1993.4 -2.9 77 0 15.1 8.4 2.5 2.5 2 0 1 4 4
-6925.0 2165.2 -2.3 153 0 4.4 16.3 7.5 2.5 2 1 3 4 4
-6791.5 2071.9 -1.3 168 0 6.4 13.3 7.5 2.5 2 1 3 1 1
-6892.2 2051.0 -2.7 74 0 8.0 6.0 7.5 2.5 2 0 3 4 4
-6879.8 2055.1 -2.7 70 0 11.2 12.4 7.5 2.5 2 1 3 3 3
-6875.8 2109.9 -2.6 154 0 6.8 19.8 7.5 2.5 2 1 3 3 3
-6904.6 2120.2 -2.9 331 0 6.6 12.2 5.0 2.5 2 1 2 2 2
-6782.1 1954.1 -4.8 123 0 6.3 7.7 5.0 2.5 2 1 2 5 5
-6847.2 2052.8 -2.2 156 0 12.6 7.5 5.0 2.5 2 0 2 5 5
-6816.4 2067.6 -1.7 174 0 7.0 15.8 7.5 2.5 2 1 3 5 5
-6789.3 2064.5 -1.2 168 0 7.1 12.6 2.5 2.5 2 1 1 3 3
-6876.2 2046.8 -2.5 250 0 3.4 14.3 7.5 2.5 2 1 3 5 5
-6753.0 2104.2 -1.1 348 0 13.1 6.9 7.5 2.5 2 0 3 2 2
-6932.3 2176.1 -2.1 144 0 6.8 11.7 5.0 2.5 2 1 2 5 5
-6884.5 2014.2 -2.5 255 0 13.9 5.8 5.0 2.5 2 0 2 4 4
-6946.2 1967.9 -3.2 83 0 12.1 22.2 7.5 2.5 2 1 3 0 0
-6882.3 2076.6 -2.7 340 0 11.9 8.0 5.0 2.5 2 0 2 0 0
-6823.6 2108.1 -2.1 157 0 5.5 8.0 2.5 2.5 4 0 1 0 0
-6887.0 2132.3 -2.7 154 0 9.0 14.0 2.5 2.5 2 1 1 0 0
-6858.8 2025.4 -2.2 339 0 14.0 3.7 7.5 2.5 2 0 3 5 5
-6934.9 2022.3 -3.1 259 0 8.0 5.7 5.0 2.5 4 0 2 0 0
-6770.8 2148.8 -1.7 255 0 9.5 22.7 5.0 2.5 2 1 2 4 4
-6864.2 2123.2 -2.5 154 0 5.3 8.7 5.0 2.5 2 0 2 3 3
-6931.8 2146.6 -2.2 322 0 10.4 8.3 5.0 2.5 2 0 2 0 0
-6833.2 1970.0 -2.1 342 0 5.1 22.0 5.0 2.5 2 1 2 3 3
-6843.2 2163.8 -2.4 340 0 17.0 10.0 5.0 2.5 2 0 2 5 5
-6888.4 2086.6 -2.8 337 0 9.6 9.4 5.0 2.5 2 0 2 4 4
-6892.1 2040.1 -2.7 256 0 7.1 14.5 5.0 2.5 2 1 2 4 4
-6870.7 2098.5 -2.5 155 0 8.5 7.7 2.5 2.5 2 0 1 0 0
-6739.4 2085.2 -1.1 350 0 10.3 6.2 2.5 0.0 0 0 1 5 5
-6826.4 2014.4 -1.5 158 0 10.1 12.2 5.0 2.5 2 1 2 3 3
-6843.6 2018.8 -2.0 338 0 8.9 15.4 5.0 2.5 4 1 2 4 4
-6791.2 2014.5 -0.8 158 0 4.3 11.2 5.0 2.5 2 0 2 4 4
-6826.5 1953.5 -3.6 342 0 10.3 13.0 5.0 2.5 2 1 2 0 0
-6812.1 2084.8 -1.7 159 0 5.2 10.4 5.0 2.5 2 0 2 5 5
-6753.3 2052.2 -0.7 346 0 5.9 9.3 2.5 2.5 2 1 1 2 2
-6853.5 2145.6 -2.4 161 0 7.4 10.2 7.5 2.5 2 1 3 3 3
-6787.2 2045.7 -1.0 168 0 5.6 8.9 7.5 2.5 2 0 3 1 1
-6862.9 2011.7 -2.2 341 0 6.1 13.1 7.5 2.5 2 1 3 1 1
-6943.0 2165.7 -1.9 338 0 13.3 9.3 7.5 2.5 2 0 3 3 3
-6897.4 1945.3 -2.4 80 0 12.0 13.7 5.0 2.5 2 1 2 4 4
-6798.3 2082.2 -1.5 161 0 7.6 12.5 5.0 2.5 2 1 2 3 3
-6865.1 2087.3 -2.5 150 0 8.2 13.7 5.0 2.5 2 1 2 0 0
-6842.1 2073.6 -2.2 159 0 7.9 7.6 5.0 2.5 2 0 2 1 1
-6851.8 2112.2 -2.4 155 0 10.0 6.5 7.5 2.5 2 0 3 3 3
-6870.6 1993.1 -2.2 341 0 14.0 10.0 2.5 2.5 2 0 1 0 0
-6821.7 1970.5 -2.7 340 0 12.3 8.5 5.0 2.5 2 0 2 2 2
-6822.6 2080.8 -1.9 159 0 5.2 11.2 5.0 2.5 2 0 2 3 3
-6875.7 1904.9 -3.3 73 0 17.9 9.1 7.5 2.5 2 0 3 3 3
-6826.4 1984.4 -1.4 341 0 7.3 12.2 2.5 2.5 2 1 1 5 5
-6727.4 2070.6 -1.3 260 0 6.5 12.5 7.5 2.5 2 1 3 5 5
-6884.1 2042.0 -2.6 256 0 6.9 13.4 2.5 2.5 2 1 1 5 5
-6924.3 2030.9 -3.0 258 0 7.8 12.1 5.0 2.5 2 1 2 3 3
-6839.8 2036.6 -2.0 155 0 22.9 9.4 7.5 2.5 2 0 3 0 0
-6805.9 2007.0 -1.0 158 0 7.4 16.3 2.5 0.0 0 0 1 2 2
-6804.3 2042.4 -1.3 168 0 6.1 17.4 5.0 2.5 2 0 2 1 1
-6830.8 1997.4 -1.6 341 0 16.9 7.5 5.0 2.5 2 0 2 4 4
-6900.1 2168.4 -2.7 159 0 9.0 9.2 2.5 2.5 2 0 1 2 2
-6753.5 1990.1 -3.1 77 0 15.3 10.9 7.5 2.5 2 0 3 2 2
-6816.7 2044.4 -1.6 174 0 16.0 8.3 2.5 2.5 2 0 1 5 5
-6878.9 2117.0 -2.6 154 0 7.1 15.9 5.0 2.5 2 0 2 2 2
-6747.8 1979.8 -4.0 73 0 20.9 8.8 5.0 2.5 2 0 2 2 2
-6892.5 2071.7 -2.8 347 0 5.4 12.0 7.5 2.5 2 1 3 3 3
-6753.1 1971.9 -4.6 75 0 15.0 6.2 2.5 2.5 2 0 1 5 5
-6835.8 1988.8 -1.6 341 0 3.8 15.1 5.0 2.5 2 0 2 1 1
-6854.5 2068.2 -2.3 159 0 9.2 13.6 2.5 2.5 2 0 1 0 0
-6895.0 2148.3 -2.8 153 0 22.4 11.7 10.0 2.5 2 0 4 3 3
-6780.0 1972.2 -3.9 160 0 6.6 18.5 7.5 2.5 4 1 3 0 0
-6098.2 2155.1 -2.3 296 0 13.5 11.5 2.5 2.5 2 0 1 0 0
-5899.5 2075.5 -3.2 290 0 10.1 9.1 5.0 2.5 2 0 2 0 0
-5956.4 2151.7 -1.4 171 0 10.8 16.9 5.0 2.5 2 1 2 1 1
-5882.0 2120.0 -0.2 257 0 8.5 5.6 5.0 2.5 2 0 2 2 2
-6086.4 2186.5 -1.3 111 0 6.1 7.6 7.5 2.5 2 0 3 4 4
-6026.8 1831.6 -6.4 190 0 5.5 9.9 7.5 2.5 4 1 3 5 5
-5941.4 2079.6 -3.2 292 0 6.9 9.5 5.0 2.5 2 1 2 4 4
-6039.3 1845.5 -6.3 172 0 6.1 9.9 5.0 2.5 2 1 2 2 2
-5840.1 2084.3 0.1 76 0 9.6 10.6 5.0 2.5 2 1 2 2 2
-5838.7 1953.5 -3.1 204 0 6.2 8.5 5.0 2.5 2 1 2 1 1
-5966.6 2084.3 -2.8 201 0 7.3 5.0 5.0 0.0 0 0 2 4 4
-6072.4 2142.6 -2.1 297 0 11.3 7.9 5.0 0.0 0 0 2 3 3
-5995.3 2148.1 -1.3 262 0 5.7 11.7 7.5 2.5 2 1 3 1 1
-5791.0 2013.4 -0.5 298 0 11.8 7.8 7.5 2.5 4 0 3 4 4
-6038.3 2150.4 -1.7 100 0 3.6 11.6 7.5 2.5 2 1 3 3 3
-6004.1 1934.9 -4.9 199 0 13.4 11.1 2.5 2.5 2 0 1 1 1
-5552.4 1963.1 3.1 266 0 12.4 6.4 2.5 2.5 4 0 1 4 4
-6023.3 1941.7 -5.0 352 0 5.5 7.7 7.5 2.5 2 1 3 5 5
-6035.4 2125.8 -1.9 292 0 9.5 14.2 5.0 2.5 2 1 2 3 3
-5565.2 1946.3 3.5 178 0 11.3 5.1 2.5 2.5 2 0 1 0 0
-6103.9 2126.6 -2.5 117 0 7.8 6.7 2.5 2.5 2 0 1 4 4
-6026.2 1960.0 -4.7 9 0 7.6 7.2 5.0 2.5 4 0 2 3 3
-5925.4 2104.6 -2.5 107 0 7.1 11.8 5.0 0.0 0 1 2 1 1
-6035.6 2182.3 -1.5 271 0 12.7 6.1 5.0 2.5 2 0 2 5 5
-5821.8 2053.0 -0.4 128 0 21.7 5.1 7.5 2.5 2 0 3 3 3
-6024.8 2083.1 -2.4 110 0 17.2 6.5 2.5 2.5 4 0 1 5 5
-5762.9 1980.1 0.0 300 0 7.9 4.7 5.0 2.5 2 0 2 1 1
-5756.8 1991.0 0.4 300 0 7.9 12.6 7.5 2.5 4 0 3 3 3
-5955.6 2119.1 -2.0 111 0 8.5 12.7 2.5 0.0 0 1 1 2 2
-5893.0 2096.8 -1.3 105 0 7.2 5.6 5.0 2.5 2 0 2 4 4
-5771.3 1998.2 -0.8 297 0 5.2 21.0 7.5 2.5 2 1 3 1 1
-6089.6 2175.9 -1.6 111 0 8.2 11.0 5.0 2.5 2 0 2 3 3
-6075.2 2173.3 -1.6 104 0 4.6 14.0 5.0 2.5 2 1 2 1 1
-6034.0 1956.7 -4.8 9 0 7.6 11.9 2.5 2.5 4 0 1 0 0
-6553.2 2361.9 4.3 61 0 10.0 11.2 5.0 2.5 4 1 2 5 5
-6761.5 2355.2 2.7 275 0 10.1 9.5 5.0 2.5 2 0 2 1 1
-6380.7 2278.6 1.1 102 0 13.2 7.3 5.0 2.5 2 0 2 4 4
-6467.8 2377.4 4.6 234 0 18.0 4.5 2.5 2.5 2 0 1 0 0
-6144.8 2180.0 -1.7 295 0 12.0 12.4 7.5 2.5 4 1 3 5 5
-6154.5 2213.4 -0.6 112 0 12.6 8.1 5.0 2.5 2 0 2 4 4
-6587.6 2350.2 3.3 332 0 9.3 9.4 5.0 2.5 2 1 2 3 3
-6531.3 2412.4 6.7 333 0 7.7 16.8 7.5 2.5 2 1 3 5 5
-6314.7 2200.1 -0.8 100 0 8.4 5.0 5.0 0.0 0 0 2 2 2
-6338.3 2307.6 2.3 282 0 4.6 9.9 7.5 2.5 2 1 3 4 4
-6285.9 2179.9 -1.1 106 0 5.5 9.6 2.5 0.0 0 1 1 1 1
-6741.8 2352.4 2.9 275 0 8.5 8.6 5.0 2.5 2 1 2 2 2
-6476.8 2358.3 3.7 191 0 5.3 11.5 5.0 2.5 2 1 2 1 1
-6167.5 2193.0 -1.4 294 0 12.3 13.9 2.5 2.5 2 1 1 0 0
-6636.1 2283.8 0.6 79 0 6.6 6.5 5.0 2.5 2 0 2 0 0
-6522.6 2323.6 2.7 188 0 6.0 12.6 5.0 2.5 2 1 2 0 0
-6621.8 2341.1 2.6 276 0 11.5 9.3 5.0 2.5 2 0 2 3 3
-6574.9 2388.0 5.7 154 0 6.3 10.5 2.5 2.5 2 1 1 0 0
-6286.1 2205.7 -0.5 287 0 19.0 7.0 2.5 2.5 2 0 1 5 5
-6404.3 2336.2 2.7 281 0 6.9 12.7 5.0 0.0 0 0 2 4 4
-6312.5 2278.8 2.0 102 0 8.3 7.2 5.0 2.5 2 0 2 1 1
-6507.4 2392.6 6.1 152 0 9.8 11.5 5.0 2.5 4 1 2 0 0
-6938.9 2387.2 2.3 3 0 10.4 7.9 7.5 2.5 2 0 3 4 4
-6703.4 2349.6 2.8 275 0 13.4 9.4 5.0 2.5 2 0 2 5 5
-6925.3 2320.6 -0.0 263 0 11.5 6.7 2.5 2.5 2 0 1 4 4
-6484.8 2399.5 6.6 61 0 11.7 9.6 5.0 2.5 2 0 2 0 0
-6872.4 2336.9 1.5 90 0 10.2 15.4 7.5 0.0 0 1 3 4 4
-6515.0 2301.4 1.7 94 0 16.1 9.3 5.0 2.5 2 0 2 3 3
-6803.2 2343.5 2.5 96 0 11.1 6.6 5.0 2.5 2 0 2 0 0
-6627.3 2258.0 -0.5 188 0 19.6 6.4 5.0 2.5 2 0 2 5 5
-6901.0 2324.4 -0.1 266 0 9.9 10.6 5.0 2.5 4 1 2 5 5
-6507.5 2482.4 8.6 351 0 12.8 9.6 2.5 2.5 2 0 1 1 1
-6546.7 2395.2 5.8 332 0 8.3 13.7 5.0 0.0 0 1 2 3 3
-6245.6 2180.5 -1.0 108 0 7.1 9.2 2.5 2.5 4 1 1 5 5
-6349.5 2272.8 1.2 101 0 8.9 11.9 5.0 2.5 2 1 2 5 5
-6781.6 2356.3 2.6 275 0 9.6 9.0 7.5 2.5 2 0 3 2 2
-6394.4 2334.1 2.7 282 0 13.3 12.7 2.5 2.5 2 0 1 1 1
-6150.5 2146.8 -2.3 115 0 6.3 9.2 7.5 2.5 2 1 3 1 1
-6129.7 2208.0 -0.7 97 0 5.0 11.2 2.5 0.0 0 1 1 5 5
-6521.3 2387.5 5.3 332 0 13.2 12.3 5.0 0.0 0 0 2 1 1
-6282.8 2232.6 0.4 286 0 9.8 8.5 2.5 2.5 2 0 1 2 2
-6513.9 2276.9 0.2 278 0 21.1 9.9 5.0 2.5 2 0 2 1 1
-6610.2 2290.6 0.9 279 0 11.2 9.0 2.5 2.5 2 0 1 4 4
-6582.0 2377.1 4.7 154 0 19.5 6.3 5.0 2.5 2 0 2 1 1
-6326.6 2188.5 -1.4 102 0 10.8 18.5 5.0 2.5 2 0 2 5 5
-6578.9 2361.0 4.0 154 0 12.0 7.3 7.5 2.5 2 0 3 3 3
-6482.8 2296.9 1.3 99 0 12.2 11.9 5.0 2.5 2 0 2 2 2
-6929.9 2339.7 0.8 1 0 6.6 12.7 7.5 2.5 2 1 3 5 5
-6662.2 2346.1 2.6 275 0 9.2 10.3 5.0 2.5 4 1 2 0 0
-6340.5 2239.6 -0.1 280 0 18.9 6.9 2.5 2.5 2 0 1 2 2
-6679.3 2350.4 2.7 276 0 5.3 12.7 5.0 2.5 2 1 2 0 0
-6644.4 2343.1 2.6 276 0 9.6 9.2 5.0 2.5 2 0 2 1 1
6911.3 5818.4 -15.7 164 0 8.2 5.7 7.5 0.0 0 0 3 5 5
6932.2 5709.2 -16.8 102 0 4.9 14.9 5.0 0.0 0 1 2 0 0
6921.4 5785.5 -16.2 163 0 7.3 15.6 5.0 2.5 2 1 2 5 5
6914.8 5807.0 -15.4 162 0 15.7 5.7 2.5 2.5 2 0 1 4 4
6923.2 5874.4 -16.4 334 0 9.8 9.5 5.0 2.5 2 0 2 0 0
6933.7 5745.6 -17.0 175 0 8.1 18.2 7.5 2.5 2 1 3 0 0
6951.7 5097.7 -20.9 192 0 14.9 6.4 2.5 2.5 2 0 1 3 3
6947.1 5818.1 -16.6 337 0 23.0 10.7 7.5 2.5 2 0 3 4 4
6952.6 5086.9 -20.8 189 0 5.7 12.8 7.5 2.5 4 0 3 0 0
6904.7 4981.5 -22.2 39 0 6.6 18.2 5.0 2.5 2 1 2 0 0
6950.7 4765.5 -22.1 195 0 15.5 9.6 2.5 2.5 2 0 1 1 1
6953.4 4620.3 -21.9 114 0 6.1 12.1 2.5 2.5 2 1 1 2 2
6911.5 4979.9 -22.0 331 0 3.6 7.1 5.0 2.5 2 1 2 2 2
6943.8 4636.1 -21.7 24 0 11.9 7.1 7.5 2.5 4 0 3 1 1
-5510.4 -7661.7 -27.3 356 0 4.1 7.8 5.0 2.5 2 1 2 0 0
-6213.2 -2316.5 2.2 78 0 8.0 17.0 7.5 0.0 0 1 3 0 0
-6579.6 -739.8 -3.0 141 0 8.1 19.9 7.5 2.5 2 1 3 3 3
-5621.9 -1743.3 -5.9 47 0 11.1 9.5 5.0 2.5 2 0 2 2 2
-5815.8 -1528.6 -3.5 140 0 7.6 5.1 2.5 2.5 2 0 1 1 1
-5779.3 -1498.2 -2.5 126 0 4.7 8.5 7.5 0.0 0 0 3 3 3
-5824.5 -1409.3 -4.2 309 0 5.7 7.9 2.5 2.5 2 0 1 0 0
-5881.9 -1508.3 -4.5 236 0 10.3 17.0 5.0 2.5 2 1 2 3 3
-5889.7 -1545.1 -4.8 154 0 9.1 7.5 2.5 2.5 2 0 1 0 0
-5878.2 -1536.8 -4.3 151 0 4.8 14.6 2.5 2.5 2 1 1 3 3
-5832.6 -1528.3 -4.0 325 0 13.7 8.7 5.0 2.5 2 0 2 0 0
-5815.1 -1576.0 -5.9 331 0 8.6 16.0 2.5 2.5 4 0 1 3 3
-5826.7 -1588.0 -6.0 331 0 5.8 12.9 2.5 2.5 2 0 1 5 5
-5823.6 -1635.3 -6.1 62 0 18.6 25.5 12.5 2.5 2 1 5 0 0
-5786.3 -1579.7 -5.8 324 0 11.7 9.0 2.5 2.5 2 0 1 1 1
-5772.4 -1589.8 -6.0 311 0 10.8 12.5 7.5 2.5 4 0 3 5 5
-5767.4 -1593.4 -6.0 236 0 8.5 11.7 7.5 2.5 2 0 3 3 3
-5753.9 -1607.6 -6.1 323 0 9.3 14.4 7.5 2.5 2 1 3 3 3
-5740.9 -1618.7 -6.1 327 0 8.0 25.2 7.5 2.5 2 1 3 2 2
-5726.9 -1626.0 -6.1 307 0 13.7 9.4 7.5 2.5 2 0 3 5 5
-5757.6 -1656.6 -6.0 148 0 5.1 24.2 7.5 2.5 2 1 3 3 3
-5768.0 -1682.3 -5.9 148 0 12.8 6.9 7.5 2.5 2 0 3 1 1
-5743.5 -1686.3 -5.9 143 0 10.2 14.9 10.0 2.5 2 1 4 1 1
-5702.9 -1632.0 -6.1 303 0 10.2 8.1 2.5 2.5 2 0 1 2 2
-5706.6 -1661.0 -6.0 324 0 8.7 16.7 2.5 2.5 2 1 1 0 0
-5712.3 -1707.0 -5.9 73 0 9.8 30.6 7.5 2.5 2 1 3 1 1
-5701.2 -1709.0 -5.9 75 0 10.6 4.9 7.5 2.5 2 0 3 5 5
-5685.3 -1675.2 -6.0 327 0 9.6 6.4 5.0 0.0 0 0 2 4 4
-5674.3 -1699.3 -6.0 55 0 29.4 9.4 7.5 2.5 2 0 3 5 5
-5642.6 -1735.1 -5.9 178 0 18.7 5.2 2.5 0.0 0 0 1 4 4
-5643.3 -1718.4 -5.9 178 0 14.6 8.7 7.5 2.5 2 0 3 0 0
-5632.5 -1696.7 -6.0 221 0 6.9 25.3 7.5 2.5 2 1 3 0 0
-5609.2 -1731.6 -5.9 47 0 23.4 9.5 5.0 2.5 2 0 2 2 2
-5471.6 -1590.6 -3.2 74 0 14.9 9.4 5.0 2.5 2 0 2 2 2
-5533.1 -1538.0 -1.6 59 0 9.2 10.3 2.5 2.5 2 1 1 3 3
-5567.7 -1549.7 -2.4 132 0 7.5 10.6 2.5 2.5 2 1 1 4 4
-5673.1 -1642.0 -6.1 142 0 12.1 12.9 10.0 2.5 4 1 4 4 4
-5655.0 -1623.5 -6.0 51 0 5.3 7.5 2.5 2.5 4 0 1 4 4
-5657.8 -1616.2 -6.0 51 0 10.0 28.6 10.0 0.0 0 0 4 0 0
-5682.8 -1601.2 -5.7 141 0 15.1 7.1 7.5 2.5 2 0 3 1 1
-5673.5 -1536.1 -3.2 318 0 10.0 12.8 5.0 2.5 2 0 2 4 4
-5659.4 -1551.7 -4.0 318 0 32.1 12.8 12.5 2.5 2 0 5 5 5
-5676.5 -1551.9 -4.7 318 0 9.4 38.8 7.5 0.0 0 0 3 2 2
-5717.6 -1595.4 -5.7 139 0 17.4 12.2 7.5 2.5 2 0 3 0 0
-5729.7 -1581.5 -5.1 138 0 10.2 10.7 5.0 0.0 0 1 2 1 1
-5737.6 -1572.0 -4.7 135 0 8.0 10.4 5.0 2.5 4 0 2 4 4
-5763.4 -1538.7 -3.5 137 0 6.0 20.2 5.0 0.0 0 1 2 0 0
-5736.8 -1504.9 -2.1 310 0 17.7 4.8 5.0 2.5 2 0 2 4 4
-5790.6 -1517.8 -2.8 125 0 11.3 7.9 7.5 2.5 2 0 3 0 0
-5799.6 -1511.5 -2.6 125 0 10.6 9.0 5.0 2.5 2 0 2 4 4
-5815.8 -1507.6 -3.1 115 0 9.8 8.2 7.5 2.5 2 0 3 4 4
-5867.5 -1444.1 -4.4 157 0 16.1 10.2 7.5 2.5 2 0 3 1 1
-5834.3 -1421.1 -4.3 309 0 5.0 20.4 2.5 0.0 0 1 1 1 1
-5840.0 -1397.0 -4.1 308 0 33.9 10.0 2.5 2.5 2 0 1 2 2
-5876.5 -1421.8 -4.0 129 0 8.0 26.1 2.5 2.5 6 1 1 0 0
-6296.3 582.1 -2.8 7 0 5.6 12.9 7.5 2.5 2 1 3 1 1
-6285.9 594.7 -3.2 279 0 7.2 11.1 7.5 2.5 2 1 3 0 0
-6320.2 547.9 -1.9 98 0 7.1 18.9 7.5 2.5 2 1 3 2 2
-5520.3 1063.2 -1.0 104 0 4.0 5.6 7.5 2.5 2 1 3 1 1
-5510.2 1060.2 -0.3 104 0 4.0 5.6 5.0 0.0 0 1 2 1 1
-5499.5 1064.1 0.4 284 0 4.0 5.6 5.0 2.5 2 1 2 0 0
-5489.8 1061.3 1.1 285 0 4.0 5.6 7.5 2.5 2 1 3 5 5
-5480.3 1058.0 1.8 284 0 4.0 5.6 2.5 2.5 2 1 1 5 5
-5540.7 935.2 0.9 105 0 7.7 8.1 7.5 2.5 2 1 3 1 1
-5540.1 1143.2 -0.7 11 0 6.5 8.2 2.5 2.5 2 1 1 2 2
-5430.5 1268.7 2.3 104 0 6.5 5.0 7.5 2.5 2 0 3 2 2
-5522.8 1350.3 0.6 279 0 9.7 20.2 5.0 2.5 2 1 2 3 3
-5449.5 1334.5 1.1 280 0 6.4 8.0 5.0 2.5 2 1 2 1 1
-5477.8 1304.2 1.7 97 0 8.3 5.8 5.0 2.5 2 0 2 0 0
-5490.2 1306.8 1.6 104 0 17.0 6.9 2.5 2.5 2 0 1 2 2
-5470.6 1335.9 1.1 287 0 14.6 7.3 2.5 2.5 2 0 1 5 5
-5401.8 1399.6 -1.6 284 0 6.5 9.6 5.0 2.5 2 1 2 4 4
-5442.5 1410.3 -1.4 284 0 6.3 6.3 7.5 0.0 0 1 3 5 5
-5407.5 1624.1 0.7 282 0 9.0 7.1 5.0 2.5 4 0 2 2 2
-5406.7 1606.0 0.7 12 0 21.1 9.0 5.0 2.5 2 0 2 3 3
-5437.4 1597.2 0.1 106 0 12.2 6.1 5.0 2.5 2 0 2 5 5
-5461.4 1639.1 -0.5 292 0 9.0 6.2 7.5 2.5 2 0 3 3 3
-5537.2 1477.3 -1.1 93 0 11.0 7.1 2.5 2.5 2 0 1 3 3
-5411.0 1374.7 -0.7 15 0 7.7 9.4 2.5 0.0 0 1 1 4 4
-5475.7 1372.0 0.1 194 0 8.8 11.5 5.0 2.5 2 1 2 3 3
-5489.4 1342.3 1.1 274 0 14.2 9.7 5.0 2.5 2 0 2 1 1
-5405.5 1320.3 1.3 284 0 7.7 12.0 7.5 2.5 2 1 3 2 2
-5455.2 1605.1 -0.4 105 0 10.1 14.1 5.0 2.5 2 1 2 1 1
-5317.9 1455.3 0.8 84 0 5.2 10.9 5.0 2.5 4 1 2 1 1
-5333.2 1465.1 0.7 264 0 6.0 9.1 7.5 2.5 2 1 3 5 5
-5769.8 897.1 -2.3 180 0 7.0 9.1 2.5 2.5 2 1 1 5 5
-5767.3 874.9 -2.7 88 0 9.2 6.3 7.5 0.0 0 0 3 2 2
-5755.1 886.1 -2.5 91 0 6.0 9.9 7.5 2.5 2 1 3 3 3
-6035.4 544.8 -1.8 90 0 21.5 8.3 2.5 2.5 2 0 1 0 0
-6015.6 567.3 -1.4 358 0 17.7 6.8 7.5 2.5 4 0 3 4 4
-6044.4 576.7 -1.8 268 0 9.2 10.2 7.5 2.5 2 1 3 4 4
-5977.8 1373.9 2.2 299 0 6.0 6.0 7.5 2.5 4 0 3 2 2
-5967.6 1358.3 2.3 298 0 9.2 6.1 5.0 2.5 2 0 2 1 1
-5962.8 1327.1 2.9 284 0 5.3 6.9 5.0 2.5 2 1 2 1 1
-5980.6 1306.4 4.8 194 0 9.9 5.4 2.5 2.5 2 0 1 5 5
-5967.1 1283.9 5.2 106 0 15.5 7.5 2.5 2.5 2 0 1 3 3
-5936.6 1267.3 3.8 116 0 14.0 9.3 5.0 2.5 2 0 2 3 3
-6108.6 1493.0 -0.5 254 0 7.7 6.2 7.5 2.5 4 0 3 3 3
-6101.4 1441.9 2.2 21 0 15.8 6.6 5.0 2.5 2 0 2 3 3
-6112.0 1422.9 3.3 26 0 6.8 18.3 5.0 2.5 2 1 2 4 4
-6154.2 1445.4 1.2 93 0 11.5 12.1 5.0 0.0 0 1 2 5 5
-6151.9 1485.6 0.1 290 0 5.0 6.2 5.0 2.5 4 1 2 2 2
-6163.3 1483.1 -0.3 290 0 6.2 11.5 7.5 2.5 2 0 3 2 2
-6174.4 1452.5 -0.3 110 0 6.2 21.0 7.5 2.5 2 0 3 4 4
-6311.2 1435.0 3.1 92 0 10.8 21.2 10.0 2.5 2 0 4 0 0
-6315.6 1472.3 1.5 272 0 21.6 16.0 12.5 2.5 2 0 5 4 4
-6382.6 1445.3 3.6 72 0 6.9 5.4 2.5 2.5 2 0 1 3 3
-6455.6 1421.0 5.3 53 0 8.6 6.7 2.5 2.5 2 0 1 3 3
-6474.0 1417.5 5.6 143 0 6.7 8.4 2.5 2.5 2 1 1 1 1
-6442.6 1431.7 4.1 53 0 9.3 6.6 2.5 2.5 2 0 1 4 4
-6429.3 1455.2 2.1 232 0 6.4 6.7 2.5 2.5 2 1 1 2 2
-6595.8 1434.8 -0.6 47 0 10.9 6.0 7.5 2.5 2 0 3 2 2
-6585.6 1445.8 -0.4 44 0 6.5 5.1 5.0 2.5 2 0 2 5 5
-6584.3 1457.7 -1.8 325 0 6.1 9.9 2.5 2.5 2 0 1 0 0
-6642.6 1441.9 -4.8 224 0 6.6 12.1 5.0 2.5 2 1 2 3 3
-6640.9 1408.8 -1.2 212 0 10.7 9.8 5.0 2.5 2 0 2 1 1
-6714.4 1467.9 -2.6 31 0 6.3 7.6 7.5 2.5 2 1 3 0 0
-6743.9 1427.6 -3.8 106 0 10.3 16.0 7.5 2.5 4 1 3 4 4
-6850.9 1455.9 1.0 110 0 8.7 5.7 7.5 2.5 2 0 3 2 2
-6848.0 1478.8 1.8 200 0 5.7 8.7 2.5 2.5 2 1 1 4 4
-6835.3 1540.9 4.4 202 0 7.6 14.8 2.5 2.5 2 1 1 3 3
-6679.4 1562.2 -2.4 289 0 11.2 11.2 7.5 2.5 2 0 3 2 2
-6743.1 1570.2 1.4 292 0 10.9 7.6 2.5 2.5 2 0 1 4 4
-6793.4 1643.0 0.8 108 0 8.5 7.0 5.0 2.5 2 0 2 5 5
-6877.5 1673.9 -0.3 113 0 7.0 9.3 5.0 2.5 2 1 2 4 4
-6894.0 1681.6 -0.3 124 0 8.3 12.1 5.0 2.5 2 1 2 2 2
-6911.9 1688.5 -2.3 122 0 10.4 13.3 5.0 2.5 2 1 2 3 3
-6918.3 1714.3 -3.9 301 0 6.9 13.7 7.5 2.5 2 1 3 0 0
-6921.5 2061.8 -3.0 261 0 16.3 6.7 7.5 2.5 2 0 3 0 0
-5257.8 -235.7 -1.5 235 0 7.1 19.5 5.0 2.5 2 1 2 1 1
-5191.7 90.7 3.0 354 0 18.5 9.9 7.5 2.5 2 0 3 2 2
-5228.5 110.7 2.5 175 0 6.3 24.0 5.0 2.5 2 1 2 3 3
-5234.7 106.9 2.4 265 0 9.6 19.0 7.5 0.0 0 1 3 1 1
-5227.1 70.1 1.9 174 0 6.6 18.4 2.5 0.0 0 1 1 2 2
-5190.8 64.6 2.4 85 0 5.6 8.8 5.0 2.5 2 1 2 1 1
-5209.7 -266.3 0.8 57 0 8.4 16.2 7.5 2.5 2 1 3 0 0
-5198.3 599.1 -1.0 356 0 9.0 12.9 2.5 2.5 2 1 1 1 1
-5215.7 571.4 1.3 177 0 5.7 18.7 7.5 2.5 2 1 3 5 5
-4988.4 769.0 5.5 66 0 5.2 6.2 5.0 2.5 2 1 2 2 2
-5594.1 -6953.3 -23.7 147 0 6.1 7.3 7.5 2.5 2 1 3 2 2
-5654.4 -7009.4 -24.4 53 0 5.6 13.2 5.0 2.5 2 1 2 1 1
-5676.1 -7021.9 -24.8 55 0 6.5 10.3 2.5 2.5 2 1 1 2 2
-5792.3 -7083.5 -25.5 227 0 10.7 4.9 2.5 2.5 2 0 1 0 0
-5780.8 -7088.0 -25.6 317 0 12.4 32.4 7.5 2.5 2 0 3 0 0
-5827.9 -7190.8 -27.2 53 0 8.3 9.3 2.5 2.5 2 1 1 2 2
-5780.3 -7225.3 -28.5 45 0 10.5 25.1 10.0 2.5 2 1 4 5 5
-5872.9 -7207.0 -28.7 105 0 27.3 6.5 5.0 2.5 2 0 2 0 0
-5488.4 -6766.4 -24.2 282 0 9.4 9.9 5.0 2.5 2 1 2 5 5
-5466.9 -6772.8 -24.2 291 0 6.7 8.3 7.5 2.5 2 1 3 2 2
-5439.3 -6785.8 -24.1 291 0 10.6 21.3 7.5 2.5 2 1 3 1 1
-5402.0 -6792.1 -24.1 291 0 17.5 11.4 2.5 2.5 2 0 1 3 3
-5155.6 -6815.5 -26.7 344 0 23.8 5.9 5.0 2.5 2 0 2 4 4
-5168.9 -6823.5 -26.9 351 0 4.4 13.5 2.5 2.5 2 1 1 2 2
-5200.4 -6825.0 -27.0 267 0 7.8 6.0 2.5 2.5 4 0 1 1 1
-5202.7 -6804.9 -26.9 262 0 9.3 7.9 5.0 0.0 0 0 2 4 4
-5223.0 -6808.0 -26.8 261 0 9.2 8.3 5.0 2.5 2 0 2 0 0
-5229.9 -6844.1 -26.8 79 0 6.6 5.9 5.0 2.5 2 0 2 3 3
-5245.2 -6814.7 -26.6 259 0 8.4 14.6 7.5 0.0 0 1 3 2 2
-5258.4 -6819.6 -26.4 259 0 8.0 8.4 7.5 2.5 2 1 3 4 4
-5271.3 -6831.9 -26.3 249 0 6.1 13.7 2.5 2.5 2 1 1 1 1
-5271.6 -6842.8 -26.2 338 0 4.4 16.3 7.5 2.5 2 1 3 4 4
-5304.0 -6827.5 -25.7 246 0 6.5 25.9 5.0 0.0 0 0 2 1 1
-5311.2 -6830.7 -25.3 246 0 9.4 7.9 7.5 2.5 4 0 3 0 0
-5325.9 -6838.1 -25.0 248 0 9.4 10.2 2.5 2.5 2 1 1 4 4
-5318.0 -6857.9 -25.3 248 0 5.7 7.7 7.5 2.5 2 1 3 2 2
-5340.8 -6872.6 -25.0 158 0 11.6 14.4 7.5 2.5 2 0 3 5 5
-5344.2 -6847.3 -24.6 246 0 9.7 9.0 2.5 2.5 2 0 1 4 4
-5178.4 -6800.4 -26.7 260 0 13.8 10.0 7.5 2.5 2 0 3 5 5
-5151.1 -6798.7 -26.6 350 0 12.3 14.4 7.5 2.5 2 0 3 0 0
-5303.9 -6782.5 -25.1 89 0 10.8 10.8 5.0 2.5 2 1 2 4 4
-5278.3 -6753.9 -25.7 266 0 18.3 5.3 7.5 2.5 2 0 3 5 5
-5636.7 -6751.5 -25.1 140 0 4.9 13.7 7.5 2.5 2 1 3 3 3
-5588.7 -6751.7 -25.1 279 0 13.3 9.9 5.0 2.5 2 0 2 5 5
-5569.5 -6754.2 -25.2 278 0 13.8 10.1 2.5 2.5 4 0 1 3 3
-5542.7 -6759.7 -24.6 277 0 5.6 7.5 7.5 2.5 4 0 3 2 2
-6614.5 -5768.8 -22.8 69 0 12.7 33.3 7.5 2.5 2 1 3 2 2
-6650.7 -5729.7 -22.7 248 0 6.8 8.0 2.5 2.5 2 1 1 1 1
-6676.1 -5721.9 -22.8 250 0 23.2 9.2 7.5 2.5 2 0 3 1 1
-6632.4 -5773.9 -22.5 70 0 6.7 12.5 5.0 2.5 2 1 2 0 0
-5924.6 -7086.7 -24.4 123 0 17.8 4.3 5.0 2.5 2 0 2 3 3
-5897.0 -7067.9 -24.5 114 0 20.9 10.9 7.5 2.5 4 0 3 3 3
-5871.8 -7076.0 -24.9 112 0 12.6 19.8 7.5 2.5 2 0 3 0 0
-5077.3 -8309.6 -23.8 155 0 11.0 11.3 7.5 2.5 2 1 3 2 2
-6065.3 -6971.6 -22.8 120 0 9.1 11.4 5.0 2.5 2 1 2 3 3
-6112.3 -6906.8 -23.0 245 0 6.2 48.9 7.5 2.5 2 1 3 0 0
-6092.9 -6902.1 -23.1 253 0 10.3 12.0 5.0 2.5 2 1 2 0 0
-5748.9 -6810.3 -24.4 1 0 5.0 12.0 5.0 2.5 2 1 2 3 3
-5537.0 -7131.0 -24.3 77 0 10.6 13.8 10.0 2.5 2 1 4 1 1
-5455.8 -7147.7 -22.2 151 0 8.4 6.6 7.5 0.0 0 0 3 4 4
-5378.2 -7219.5 -17.8 243 0 7.1 8.4 7.5 2.5 2 1 3 2 2
-5357.0 -7192.2 -21.8 63 0 5.2 9.1 7.5 2.5 2 1 3 4 4
-5362.1 -7163.8 -23.6 335 0 7.4 4.7 7.5 2.5 2 0 3 3 3
-5392.5 -7170.1 -22.0 249 0 6.2 6.2 7.5 2.5 2 1 3 1 1
-5380.8 -7192.9 -20.9 65 0 7.9 6.8 7.5 2.5 4 0 3 4 4
-5420.9 -7209.0 -18.1 160 0 12.5 7.0 5.0 0.0 0 0 2 0 0
-5406.5 -7177.7 -20.9 249 0 7.5 7.5 7.5 2.5 2 0 3 2 2
-5430.0 -7157.6 -22.2 65 0 4.7 7.4 7.5 2.5 2 1 3 0 0
-5418.1 -7122.7 -24.8 245 0 5.7 9.7 5.0 2.5 4 1 2 5 5
-5391.6 -7145.2 -24.4 65 0 4.7 7.4 7.5 2.5 2 1 3 4 4
-5330.4 -7124.9 -24.7 327 0 7.8 15.6 2.5 2.5 2 1 1 0 0
-5319.8 -7129.9 -23.6 237 0 6.3 9.0 2.5 2.5 2 1 1 3 3
-5289.3 -7119.9 -23.3 328 0 5.3 18.1 5.0 2.5 2 1 2 2 2
-5294.8 -7159.3 -23.4 60 0 4.5 21.2 7.5 2.5 2 1 3 1 1
-5285.7 -7172.2 -22.9 60 0 19.4 6.1 5.0 2.5 2 0 2 3 3
-5207.7 -7132.3 -22.3 105 0 7.9 5.5 7.5 2.5 2 0 3 0 0
-5221.1 -7133.3 -22.4 106 0 5.8 7.4 7.5 0.0 0 1 3 4 4
-5304.4 -6754.5 -25.1 261 0 19.8 6.4 7.5 2.5 4 0 3 4 4
-5324.3 -6755.1 -24.8 357 0 6.0 13.0 5.0 2.5 2 1 2 0 0
-5346.4 -6741.7 -24.8 261 0 5.3 17.1 5.0 2.5 2 1 2 2 2
-5371.7 -6753.4 -24.7 186 0 13.3 6.1 7.5 2.5 4 0 3 5 5
-5372.3 -6802.2 -24.0 284 0 14.3 11.1 5.0 2.5 2 0 2 0 0
-5564.6 -7621.5 -25.4 164 0 8.3 6.4 2.5 2.5 4 0 1 0 0
-5530.4 -7616.1 -22.2 74 0 6.5 8.3 2.5 0.0 0 1 1 3 3
-5366.7 -6829.7 -23.7 21 0 10.9 12.0 5.0 2.5 2 1 2 0 0
-5391.3 -6834.4 -23.6 25 0 9.7 7.0 7.5 2.5 2 0 3 3 3
-5423.4 -6805.4 -23.8 290 0 13.1 4.7 5.0 2.5 2 0 2 5 5
-5478.3 -6794.9 -23.9 114 0 9.2 4.8 7.5 0.0 0 0 3 2 2
-5495.5 -6790.9 -24.0 103 0 8.6 6.5 5.0 2.5 2 0 2 2 2
-5511.0 -6785.6 -24.0 98 0 8.0 6.0 7.5 2.5 2 0 3 2 2
-5454.8 -6850.3 -23.2 111 0 12.0 4.6 7.5 0.0 0 0 3 2 2
-5482.0 -6857.2 -23.2 101 0 12.3 9.4 7.5 2.5 2 0 3 3 3
-5538.4 -6793.3 -24.5 98 0 11.7 9.4 5.0 2.5 2 0 2 0 0
-5551.0 -6789.1 -25.0 97 0 9.4 6.5 7.5 2.5 2 0 3 4 4
-6368.0 -6340.9 -19.9 347 0 8.4 9.8 7.5 2.5 2 1 3 2 2
-6361.8 -6368.6 -19.8 347 0 9.4 23.0 7.5 2.5 2 1 3 3 3
-6356.0 -6393.9 -19.7 347 0 12.9 27.3 10.0 2.5 2 1 4 4 4
-6008.2 -6319.3 -24.6 80 0 7.2 10.5 7.5 2.5 2 1 3 0 0
-6014.3 -6347.0 -25.0 81 0 9.5 38.0 7.5 2.5 2 1 3 3 3
-6036.8 -6356.2 -25.2 78 0 25.1 9.7 5.0 2.5 2 0 2 2 2
-6065.6 -6358.5 -24.8 98 0 16.0 43.6 7.5 2.5 2 1 3 5 5
-6121.2 -6299.2 -23.4 229 0 23.7 10.8 10.0 2.5 2 0 4 3 3
-6057.7 -6286.4 -24.1 275 0 18.8 24.5 7.5 0.0 0 1 3 3 3
-6027.5 -6276.9 -24.3 280 0 13.8 20.0 10.0 0.0 0 1 4 5 5
-5996.1 -6289.9 -24.6 257 0 12.8 6.5 2.5 2.5 2 0 1 0 0
-5944.8 -6315.1 -25.2 342 0 16.5 6.1 5.0 2.5 2 0 2 2 2
-5988.7 -6795.1 -24.0 137 0 6.3 5.7 2.5 2.5 2 0 1 4 4
-5740.6 -6599.5 -26.0 300 0 10.2 6.3 7.5 2.5 2 0 3 0 0
-5747.2 -6631.0 -25.8 119 0 9.9 9.4 7.5 2.5 2 0 3 0 0
-5718.9 -6612.3 -25.9 300 0 10.6 6.3 2.5 2.5 2 0 1 1 1
-5730.0 -6641.0 -25.8 121 0 10.1 9.2 5.0 2.5 2 0 2 0 0
-5723.8 -6644.7 -25.7 121 0 4.5 9.3 2.5 2.5 2 0 1 0 0
-5707.2 -6623.0 -25.9 210 0 6.2 11.5 7.5 2.5 2 1 3 1 1
-5679.8 -6638.5 -25.8 30 0 6.4 10.4 7.5 2.5 2 1 3 0 0
-5692.6 -6663.0 -25.7 121 0 9.6 14.0 5.0 0.0 0 0 2 2 2
-5680.5 -6661.2 -25.7 30 0 6.4 4.5 2.5 2.5 2 0 1 5 5
-5743.1 -6716.0 -25.1 299 0 6.2 6.5 5.0 2.5 2 1 2 5 5
-5771.8 -6766.3 -24.7 82 0 10.6 3.4 2.5 2.5 2 0 1 3 3
-5775.0 -6754.7 -24.8 172 0 3.2 10.7 5.0 2.5 2 0 2 1 1
-5776.9 -6748.6 -24.9 173 0 12.7 10.6 5.0 2.5 2 0 2 1 1
-5779.1 -6735.2 -25.0 170 0 12.6 11.1 5.0 2.5 2 0 2 0 0
-5764.7 -6700.7 -25.2 209 0 6.2 15.1 2.5 2.5 2 1 1 1 1
-5745.2 -6678.1 -25.4 299 0 9.8 10.0 5.0 2.5 4 1 2 5 5
-5731.4 -6686.2 -25.3 300 0 14.0 9.8 2.5 2.5 2 0 1 2 2
-5652.5 -6639.8 -25.9 29 0 21.4 6.4 5.0 2.5 2 0 2 4 4
-5660.0 -6731.7 -25.2 29 0 9.2 9.1 7.5 2.5 2 0 3 0 0
-5678.8 -6715.7 -25.2 300 0 9.3 9.3 7.5 2.5 2 0 3 5 5
-5695.0 -6706.8 -25.3 298 0 9.5 10.3 7.5 2.5 2 1 3 0 0
-5712.3 -6694.5 -25.3 299 0 6.6 11.8 7.5 2.5 2 1 3 2 2
-5721.4 -6714.2 -25.2 301 0 9.8 6.6 2.5 2.5 2 0 1 0 0
-5701.8 -6725.9 -25.1 297 0 14.0 6.3 2.5 2.5 2 0 1 0 0
-5714.1 -6770.2 -24.9 82 0 10.5 12.7 2.5 2.5 2 1 1 0 0
-5662.6 -6748.1 -25.1 27 0 6.4 10.9 7.5 2.5 2 1 3 2 2
-5631.9 -6770.8 -25.0 187 0 8.5 6.6 5.0 2.5 2 0 2 0 0
-5595.9 -6769.1 -25.0 277 0 11.3 5.7 2.5 2.5 2 0 1 2 2
-5608.4 -6818.9 -24.7 95 0 6.6 15.9 2.5 2.5 2 1 1 2 2
-5626.3 -6792.2 -24.8 185 0 10.1 5.5 5.0 2.5 2 0 2 5 5
-5646.7 -6788.7 -24.8 185 0 8.0 11.8 5.0 0.0 0 1 2 4 4
-5648.5 -6808.3 -24.7 186 0 9.1 11.6 5.0 2.5 4 1 2 3 3
-5647.6 -6849.0 -24.4 187 0 12.3 9.3 7.5 0.0 0 0 3 2 2
-5645.0 -6872.9 -24.2 153 0 14.1 10.5 5.0 2.5 4 0 2 5 5
-5631.7 -6891.1 -24.1 153 0 10.6 3.4 2.5 2.5 2 0 1 1 1
-5628.7 -6889.6 -24.1 153 0 10.5 10.0 5.0 2.5 2 0 2 1 1
-5613.0 -6865.5 -24.3 337 0 7.1 9.8 5.0 2.5 2 1 2 4 4
-5680.6 -6986.1 -23.6 235 0 8.2 6.1 7.5 2.5 2 0 3 3 3
-5816.1 -6999.8 -23.3 113 0 7.7 23.6 5.0 0.0 0 1 2 0 0
-5846.8 -6976.8 -23.1 351 0 6.0 21.5 7.5 2.5 2 1 3 1 1
-5846.2 -6994.6 -23.1 98 0 9.9 11.9 5.0 2.5 4 1 2 2 2
-5846.9 -7010.8 -23.4 10 0 8.2 15.2 2.5 2.5 2 0 1 1 1
-5883.8 -7005.2 -23.4 188 0 9.3 22.0 7.5 2.5 2 0 3 4 4
-5900.1 -7021.2 -23.7 188 0 7.9 35.5 7.5 2.5 2 1 3 3 3
-5917.8 -6999.4 -23.1 5 0 23.2 12.3 7.5 2.5 2 0 3 5 5
-5898.8 -6951.0 -23.3 186 0 36.2 26.2 10.0 0.0 0 0 4 3 3
-5912.8 -6945.8 -23.2 7 0 13.0 12.7 5.0 2.5 2 0 2 5 5
-5975.7 -6944.2 -23.1 89 0 11.0 8.9 2.5 2.5 4 0 1 0 0
-5949.8 -6941.6 -23.2 187 0 19.2 21.7 7.5 2.5 2 1 3 4 4
-5946.7 -6895.3 -23.6 175 0 30.5 60.5 10.0 0.0 0 1 4 4 4
-5843.7 -6764.0 -24.6 176 0 5.0 8.3 5.0 2.5 2 1 2 1 1
-5841.0 -6775.8 -24.5 176 0 5.5 6.5 7.5 2.5 2 1 3 4 4
-5849.6 -6807.6 -24.3 176 0 10.6 6.7 5.0 2.5 2 0 2 3 3
-5848.2 -6826.8 -24.1 173 0 4.9 12.0 7.5 2.5 2 1 3 5 5
-5545.3 -7620.2 -23.8 75 0 6.4 8.2 5.0 2.5 2 1 2 3 3
-5818.2 -6857.5 -24.0 83 0 11.7 12.7 5.0 2.5 2 1 2 2 2
-5816.1 -6830.3 -24.2 356 0 12.6 10.4 7.5 2.5 2 0 3 2 2
-5817.7 -6808.7 -24.3 358 0 12.6 10.5 5.0 2.5 2 0 2 5 5
-5813.9 -6768.7 -24.6 6 0 10.7 13.3 7.5 2.5 2 1 3 3 3
-5812.9 -6749.1 -24.8 357 0 14.2 9.5 7.5 2.5 2 0 3 1 1
-5841.6 -6747.0 -24.7 177 0 8.1 5.1 7.5 2.5 2 0 3 0 0
-5436.7 -7851.0 -26.4 351 0 11.3 6.2 5.0 2.5 2 0 2 2 2
-5441.1 -7834.2 -26.8 356 0 10.5 5.7 7.5 0.0 0 0 3 2 2
-5445.0 -7816.6 -27.0 356 0 10.5 5.7 5.0 2.5 2 0 2 5 5
-5460.6 -7821.3 -27.3 352 0 13.3 8.9 2.5 2.5 2 0 1 0 0
-5473.4 -7742.5 -26.6 356 0 6.3 8.6 5.0 2.5 2 1 2 2 2
-5465.1 -7689.1 -25.8 348 0 11.8 6.5 5.0 0.0 0 0 2 4 4
-5600.0 -7524.0 -29.7 104 0 5.5 20.7 5.0 0.0 0 1 2 1 1
-5514.7 -7564.4 -21.4 337 0 17.7 10.8 5.0 2.5 2 0 2 5 5
-5531.4 -7596.9 -19.5 74 0 7.8 9.5 7.5 0.0 0 1 3 5 5
-5542.7 -7601.1 -19.5 73 0 6.4 8.3 7.5 2.5 2 1 3 5 5
-5562.1 -7602.3 -21.1 164 0 8.4 6.4 5.0 2.5 4 0 2 1 1
-5572.5 -7609.7 -22.7 74 0 6.5 8.3 5.0 2.5 2 1 2 5 5
-5493.0 -7744.9 -27.2 354 0 5.5 8.6 5.0 2.5 2 1 2 0 0
-5518.7 -7747.6 -27.7 175 0 5.8 9.4 5.0 2.5 2 1 2 0 0
-5561.3 -7728.9 -28.9 210 0 6.4 8.2 7.5 2.5 4 1 3 3 3
-5561.0 -7714.6 -28.9 210 0 6.4 8.3 5.0 2.5 2 1 2 0 0
-5560.7 -7700.3 -28.8 212 0 6.2 8.2 7.5 2.5 2 1 3 1 1
-5560.4 -7686.2 -28.8 211 0 6.3 8.2 5.0 2.5 2 1 2 0 0
-5598.2 -7624.7 -27.9 182 0 9.4 11.0 2.5 2.5 2 1 1 5 5
-5560.4 -7672.0 -28.8 211 0 6.4 8.3 7.5 2.5 2 1 3 1 1
-5560.1 -7657.7 -28.8 212 0 6.4 7.9 2.5 2.5 2 1 1 3 3
-5560.0 -7643.5 -28.7 208 0 6.3 8.4 5.0 2.5 2 1 2 3 3
-5571.9 -7677.6 -29.4 1 0 6.3 8.3 7.5 0.0 0 1 3 1 1
-5571.7 -7663.3 -29.4 1 0 6.3 8.3 7.5 2.5 2 1 3 3 3
-5571.6 -7649.1 -29.4 1 0 6.4 8.2 7.5 2.5 4 1 3 0 0
-5502.3 -7614.1 -21.2 76 0 11.9 21.6 5.0 0.0 0 1 2 2 2
-5572.1 -7692.0 -29.4 1 0 6.3 8.2 5.0 2.5 2 1 2 1 1
-5572.5 -7706.3 -29.5 1 0 6.3 8.2 7.5 2.5 2 1 3 4 4
-5572.8 -7720.6 -29.5 1 0 6.3 8.2 7.5 2.5 2 1 3 4 4
-5573.2 -7734.9 -29.5 1 0 6.3 8.2 7.5 2.5 4 1 3 4 4
-5584.8 -7757.4 -29.8 181 0 7.3 4.9 7.5 2.5 2 0 3 2 2
-5585.6 -7771.8 -30.0 183 0 8.0 5.1 7.5 2.5 2 0 3 2 2
-5588.0 -7787.0 -30.0 182 0 7.7 5.8 7.5 2.5 2 0 3 5 5
-5525.7 -7804.6 -28.8 88 0 15.4 37.3 7.5 2.5 2 1 3 3 3
-5572.1 -7780.9 -29.7 178 0 9.9 5.9 5.0 2.5 2 0 2 5 5
-5573.6 -7796.2 -29.7 179 0 10.2 5.6 2.5 2.5 2 0 1 1 1
-5574.7 -7812.5 -29.6 179 0 9.4 6.2 2.5 2.5 2 0 1 4 4
-5590.0 -7803.2 -30.0 181 0 9.7 5.9 5.0 2.5 2 0 2 0 0
-5573.4 -7833.1 -29.6 95 0 6.3 9.9 5.0 2.5 2 1 2 1 1
-5590.5 -7819.4 -29.9 184 0 9.2 5.3 5.0 2.5 4 0 2 1 1
-5591.9 -7856.8 -29.8 96 0 5.7 7.0 5.0 2.5 2 1 2 2 2
-5648.9 -7297.3 -25.2 314 0 20.0 4.5 5.0 2.5 2 0 2 3 3
-5732.6 -7239.8 -26.7 131 0 11.8 3.4 7.5 2.5 2 0 3 3 3
-5670.6 -7279.8 -25.7 310 0 13.9 6.6 7.5 2.5 2 0 3 4 4
-5934.4 -7202.2 -28.3 82 0 16.2 8.9 5.0 2.5 2 0 2 4 4
-6145.2 -7188.9 -26.6 331 0 8.3 15.8 7.5 2.5 2 1 3 1 1
-6306.1 -7217.0 -25.5 274 0 7.4 7.9 2.5 0.0 0 1 1 3 3
-6376.0 -7197.0 -25.3 187 0 11.1 11.2 7.5 2.5 2 1 3 1 1
-6299.5 -7282.2 -26.2 148 0 12.2 9.6 5.0 2.5 2 0 2 0 0
-6504.2 -7308.0 -25.6 277 0 10.2 8.9 7.5 2.5 2 0 3 2 2
-6426.2 -7361.0 -25.6 277 0 7.2 7.0 7.5 2.5 2 0 3 3 3
-6433.4 -7360.1 -25.6 277 0 7.3 7.0 7.5 2.5 2 0 3 1 1
-6448.3 -7356.9 -25.6 278 0 7.8 8.2 2.5 2.5 2 1 1 5 5
-6476.8 -7361.8 -25.4 98 0 9.3 8.2 7.5 2.5 2 0 3 2 2
-6499.6 -7359.0 -25.3 96 0 9.2 8.1 7.5 2.5 2 0 3 4 4
-6637.1 -7319.9 -25.2 148 0 8.0 10.8 5.0 2.5 2 1 2 5 5
-6615.4 -7361.0 -25.4 237 0 5.0 11.9 5.0 2.5 2 1 2 0 0
-6618.4 -7551.8 -21.1 56 0 9.6 7.4 5.0 2.5 2 0 2 1 1
-6612.0 -7464.0 -23.8 146 0 6.8 11.0 7.5 2.5 2 1 3 3 3
-6647.4 -7485.8 -24.0 145 0 9.4 11.5 5.0 2.5 2 1 2 0 0
-6698.4 -7418.6 -26.2 148 0 8.9 11.0 7.5 0.0 0 1 3 5 5
-6704.5 -7566.5 -22.1 98 0 6.7 6.1 7.5 0.0 0 0 3 0 0
-6704.5 -7554.1 -22.0 287 0 7.1 6.1 7.5 2.5 2 0 3 1 1
-6762.4 -7581.8 -23.0 287 0 10.3 8.4 5.0 2.5 4 0 2 0 0
-6845.2 -7594.0 -23.9 19 0 20.1 7.5 5.0 2.5 2 0 2 3 3
-6866.4 -7576.0 -23.8 289 0 26.8 7.3 2.5 2.5 2 0 1 1 1
-6899.0 -7618.0 -23.7 112 0 15.8 8.3 7.5 2.5 2 0 3 2 2
-6892.9 -7566.4 -23.8 290 0 11.0 30.1 10.0 2.5 2 1 4 0 0
-6860.4 -7612.1 -23.8 17 0 10.2 23.4 10.0 2.5 2 1 4 3 3
-6551.8 -6938.6 -23.4 124 0 20.7 9.7 5.0 2.5 2 0 2 5 5
-6515.0 -6951.9 -23.4 28 0 10.1 16.0 5.0 2.5 2 1 2 4 4
-6497.8 -6939.4 -23.4 38 0 17.8 11.3 5.0 2.5 2 0 2 3 3
-6218.6 -7018.7 -22.7 359 0 7.8 11.1 7.5 2.5 2 1 3 2 2
-6248.7 -7028.9 -22.8 217 0 11.2 9.2 5.0 2.5 2 0 2 2 2
-6245.8 -7080.9 -23.5 64 0 11.4 7.5 7.5 0.0 0 0 3 0 0
-6275.0 -7062.1 -23.3 216 0 5.6 6.0 5.0 2.5 2 0 2 4 4
-6265.5 -6969.3 -23.1 305 0 10.8 8.5 5.0 2.5 2 0 2 0 0
-6277.2 -7000.1 -23.2 36 0 9.8 7.3 2.5 2.5 2 0 1 2 2
-6288.6 -7016.5 -23.1 28 0 9.1 10.8 2.5 2.5 2 1 1 3 3
-6320.4 -7054.7 -23.2 119 0 9.3 7.0 2.5 2.5 2 0 1 1 1
-6188.4 -6769.0 -23.7 252 0 27.2 9.3 7.5 2.5 2 0 3 1 1
-6365.8 -6930.6 -23.1 163 0 9.1 9.2 7.5 2.5 2 1 3 3 3
-6359.0 -6951.3 -23.0 167 0 8.0 8.6 7.5 2.5 2 1 3 4 4
-6349.1 -6985.2 -23.2 161 0 7.9 11.3 5.0 2.5 2 1 2 3 3
-6343.8 -7008.8 -23.4 162 0 9.6 10.7 7.5 2.5 2 1 3 4 4
-6339.2 -7029.4 -23.3 161 0 9.1 9.4 5.0 2.5 4 1 2 2 2
-6360.1 -7038.1 -23.4 352 0 10.1 6.1 5.0 0.0 0 0 2 0 0
-6374.5 -7039.8 -23.5 351 0 8.3 15.6 5.0 2.5 2 1 2 3 3
-6451.3 -6993.6 -23.5 158 0 15.4 47.1 5.0 2.5 2 0 2 2 2
-6447.1 -6976.6 -23.4 159 0 13.0 30.6 10.0 0.0 0 0 4 2 2
-6237.9 -6904.5 -22.2 119 0 13.0 4.6 7.5 2.5 2 0 3 0 0
-6144.2 -6944.3 -23.1 119 0 10.7 3.1 2.5 2.5 2 0 1 0 0
-6213.9 -6983.8 -22.9 84 0 10.8 7.1 7.5 2.5 2 0 3 5 5
-6193.1 -6918.5 -22.7 299 0 13.9 8.8 5.0 2.5 2 0 2 3 3
-6206.5 -6923.5 -22.5 119 0 5.9 9.6 7.5 2.5 4 0 3 5 5
-6207.9 -6909.1 -22.5 300 0 11.2 10.9 7.5 2.5 2 0 3 3 3
-6156.4 -6893.7 -23.4 32 0 10.3 27.6 7.5 2.5 2 1 3 1 1
-6177.8 -6733.5 -24.1 62 0 6.8 16.1 2.5 2.5 2 1 1 2 2
-6159.4 -6811.2 -23.5 344 0 4.3 9.8 5.0 2.5 2 1 2 1 1
-6014.0 -6791.1 -23.9 316 0 17.3 12.9 2.5 2.5 2 0 1 3 3
-6106.5 -6704.3 -24.5 348 0 12.5 6.6 7.5 2.5 4 0 3 1 1
-6128.3 -6713.2 -24.5 73 0 4.6 9.7 7.5 0.0 0 0 3 4 4
-6123.9 -6726.9 -24.4 73 0 4.8 14.3 2.5 2.5 2 0 1 2 2
-6119.3 -6676.5 -24.7 345 0 18.1 9.8 2.5 2.5 2 0 1 4 4
-6069.5 -6601.8 -24.5 331 0 18.5 19.4 7.5 2.5 2 1 3 4 4
-6101.7 -6623.9 -24.5 151 0 22.1 10.1 5.0 2.5 2 0 2 3 3
-6115.1 -6599.2 -24.6 151 0 24.1 8.0 5.0 2.5 2 0 2 4 4
-6116.0 -6569.1 -24.2 156 0 9.6 6.8 5.0 2.5 4 0 2 3 3
-6123.5 -6552.8 -24.3 156 0 9.9 5.5 5.0 2.5 2 0 2 0 0
-6114.0 -6547.5 -24.2 156 0 5.8 8.4 2.5 2.5 2 1 1 5 5
-5841.2 -6706.6 -25.0 309 0 10.1 14.0 7.5 2.5 2 1 3 0 0
-5776.4 -6697.5 -25.3 120 0 3.3 13.1 2.5 2.5 2 0 1 5 5
-5783.2 -6693.7 -25.3 120 0 12.2 13.1 5.0 2.5 2 0 2 1 1
-5762.2 -6667.5 -25.4 301 0 9.2 11.2 2.5 2.5 2 0 1 0 0
-5770.1 -6662.8 -25.4 301 0 9.2 11.2 2.5 2.5 2 0 1 1 1
-5892.0 -6645.0 -25.4 30 0 6.2 9.8 7.5 2.5 2 0 3 0 0
-5895.1 -6639.6 -25.5 120 0 8.2 13.3 7.5 2.5 2 0 3 0 0
-5886.2 -6541.2 -25.4 208 0 3.8 10.4 7.5 0.0 0 1 3 0 0
-5865.8 -6554.3 -25.1 119 0 10.5 3.9 7.5 2.5 2 0 3 4 4
-5849.2 -6563.1 -25.3 117 0 10.5 3.8 2.5 2.5 4 0 1 2 2
-5832.2 -6571.9 -25.5 118 0 10.6 3.9 2.5 2.5 2 0 1 1 1
-5814.7 -6580.7 -25.7 121 0 12.5 5.7 2.5 2.5 2 0 1 0 0
-5799.2 -6570.8 -25.7 276 0 3.8 10.3 7.5 2.5 2 1 3 4 4
-5784.8 -6557.3 -25.7 277 0 4.3 7.8 7.5 2.5 2 1 3 0 0
-5767.4 -6584.4 -25.9 8 0 17.8 4.9 5.0 2.5 2 0 2 2 2
-5770.3 -6613.6 -25.9 120 0 15.6 9.5 7.5 2.5 4 0 3 1 1
-5818.5 -6597.8 -25.8 117 0 10.0 10.2 5.0 2.5 2 1 2 4 4
-5839.5 -6586.9 -25.6 118 0 8.9 10.7 5.0 2.5 2 1 2 5 5
-5856.2 -6578.2 -25.4 117 0 8.9 10.7 7.5 2.5 2 1 3 5 5
-5873.0 -6569.4 -25.2 117 0 8.9 10.7 2.5 0.0 0 1 1 3 3
-5889.8 -6560.7 -25.0 117 0 8.9 10.7 7.5 2.5 2 1 3 3 3
-5530.1 -4860.0 -11.1 272 0 8.1 23.6 5.0 0.0 0 1 2 3 3
-5555.6 -4854.8 -10.7 271 0 8.7 12.8 7.5 2.5 2 0 3 0 0
-5560.4 -4876.7 -10.2 181 0 18.5 8.6 5.0 2.5 2 0 2 1 1
-5287.9 -4748.7 -17.8 75 0 30.6 9.7 7.5 2.5 2 0 3 5 5
-3341.1 -5810.9 -20.0 73 0 7.1 7.7 7.5 2.5 2 1 3 5 5
-3319.3 -5803.7 -20.4 73 0 11.5 5.9 2.5 2.5 2 0 1 2 2
-3322.8 -5816.7 -21.1 252 0 17.6 7.0 2.5 0.0 0 0 1 3 3
-3338.9 -5850.3 -22.0 253 0 6.3 15.4 7.5 2.5 2 1 3 1 1
-5969.4 -6772.9 -24.4 45 0 26.8 19.9 7.5 2.5 2 0 3 1 1
-5893.8 -6676.5 -25.1 316 0 25.5 60.0 7.5 2.5 2 1 3 1 1
-5873.8 -6764.9 -24.7 355 0 60.3 24.5 10.0 0.0 0 0 4 2 2
-5927.1 -6663.1 -25.2 316 0 26.0 68.0 7.5 0.0 0 1 3 5 5
-6090.1 -6687.1 -25.2 163 0 20.1 103.8 10.0 0.0 0 1 4 2 2
-6075.8 -6774.6 -24.6 168 0 109.1 45.6 10.0 0.0 0 0 4 5 5
-6927.9 2229.1 -1.8 259 0 10.9 18.8 2.5 2.5 2 1 1 4 4
6843.7 -2823.5 -26.7 300 0 12.8 9.4 5.0 0.0 0 0 2 2 2
6827.1 -2851.0 -26.8 119 0 9.2 20.2 7.5 2.5 2 1 3 5 5
6800.3 -2793.4 -27.3 207 0 10.9 21.7 2.5 2.5 2 1 1 0 0
6725.5 -2916.4 -27.2 33 0 32.5 9.7 7.5 2.5 2 0 3 0 0
6763.4 -3029.2 -27.8 155 0 19.2 8.0 2.5 2.5 2 0 1 1 1
6777.1 -3012.7 -27.6 245 0 6.5 16.2 5.0 2.5 2 1 2 4 4
6827.8 -2992.5 -27.2 335 0 18.8 11.0 5.0 2.5 2 0 2 5 5
-1592.8 -5044.0 -24.6 37 0 12.7 7.0 7.5 2.5 2 0 3 4 4
-1627.0 -5042.9 -24.2 225 0 7.0 5.6 7.5 2.5 4 0 3 3 3
-1639.7 -5055.5 -24.1 208 0 7.8 3.3 2.5 2.5 2 0 1 5 5
-1654.6 -5049.7 -23.9 212 0 7.0 6.8 2.5 2.5 2 0 1 2 2
-1625.9 -5066.2 -24.6 212 0 7.7 9.3 5.0 2.5 2 1 2 5 5
-1613.2 -5057.6 -24.5 214 0 3.8 6.2 7.5 2.5 2 1 3 1 1
-1596.9 -5068.4 -24.9 30 0 6.4 6.8 2.5 2.5 2 1 1 1 1
-1584.7 -5076.2 -25.3 35 0 9.9 9.7 5.0 0.0 0 0 2 2 2
-1595.1 -5086.4 -25.4 36 0 5.8 5.7 5.0 2.5 2 0 2 5 5
-1555.6 -5044.1 -25.1 40 0 8.7 7.4 7.5 2.5 2 0 3 0 0
-1565.2 -5012.5 -24.9 318 0 8.6 4.8 2.5 2.5 2 0 1 1 1
-1588.0 -4980.1 -24.3 288 0 7.2 6.7 5.0 2.5 2 0 2 1 1
-1601.6 -5010.8 -24.4 202 0 4.8 9.8 7.5 2.5 2 1 3 2 2
-1610.4 -5008.0 -24.2 203 0 5.6 5.1 7.5 2.5 2 0 3 3 3
-1613.3 -5023.2 -24.3 213 0 6.6 7.0 7.5 2.5 2 0 3 1 1
-1617.0 -5028.8 -24.3 213 0 6.8 7.0 7.5 0.0 0 0 3 0 0
-1613.7 -4983.3 -24.1 200 0 10.1 10.2 5.0 2.5 2 1 2 5 5
-1626.8 -5159.1 -21.4 123 0 5.6 6.4 5.0 2.5 4 1 2 3 3
-1635.3 -5153.0 -21.5 123 0 5.6 6.4 2.5 0.0 0 1 1 3 3
-1643.4 -5146.1 -20.3 123 0 6.8 4.8 2.5 2.5 4 0 1 2 2
-1653.2 -5139.1 -20.6 123 0 6.8 4.8 5.0 2.5 2 0 2 0 0
-1703.4 -5108.2 -22.6 35 0 5.1 14.7 7.5 0.0 0 1 3 1 1
-1687.9 -5111.2 -23.6 110 0 24.7 20.6 15.0 0.0 0 0 6 2 2
-1649.6 -5120.7 -24.2 95 0 12.5 21.8 12.5 2.5 2 1 5 0 0
-1846.5 -5091.7 -17.2 226 0 7.3 7.8 7.5 2.5 4 1 3 1 1
-1816.0 -5106.7 -18.1 311 0 7.7 11.2 5.0 2.5 2 1 2 5 5
-1800.1 -5141.4 -18.7 40 0 13.1 9.0 5.0 2.5 2 0 2 0 0
-1861.1 -5112.1 -16.1 203 0 10.6 11.3 7.5 2.5 2 1 3 4 4
-1864.6 -5122.4 -15.2 236 0 4.2 13.7 5.0 2.5 2 1 2 2 2
-1871.5 -5143.1 -14.6 227 0 9.4 9.5 5.0 2.5 2 1 2 3 3
-1889.6 -5171.4 -13.7 195 0 8.9 16.5 5.0 2.5 2 1 2 4 4
-1891.4 -5198.7 -12.4 191 0 9.5 12.0 5.0 2.5 2 1 2 0 0
-1152.5 -4579.8 -23.1 357 0 10.1 14.5 5.0 2.5 4 1 2 3 3
-1207.1 -4615.4 -25.9 152 0 10.1 10.0 5.0 2.5 2 0 2 1 1
-1221.0 -4570.8 -21.8 156 0 10.6 10.3 5.0 0.0 0 0 2 3 3
-1267.4 -4598.4 -25.0 157 0 9.6 5.9 7.5 2.5 2 0 3 0 0
-1246.8 -4583.8 -23.0 65 0 9.2 12.3 5.0 0.0 0 1 2 0 0
-1261.0 -4513.8 -19.1 249 0 12.2 9.9 7.5 2.5 2 0 3 0 0
-1297.3 -4526.5 -20.1 161 0 12.3 8.0 2.5 2.5 2 0 1 4 4
-1288.5 -4749.5 -25.3 271 0 3.7 4.2 5.0 2.5 2 1 2 5 5
-1285.6 -4775.6 -25.7 182 0 9.1 13.6 5.0 2.5 2 1 2 2 2
-3132.6 -6727.1 -26.6 3 0 8.1 11.4 7.5 2.5 2 1 3 1 1
-3123.8 -6704.8 -26.6 0 0 15.0 13.5 2.5 2.5 2 0 1 4 4
-3170.4 -6682.0 -27.0 164 0 18.0 9.6 2.5 2.5 2 0 1 4 4
-3165.1 -6714.0 -26.9 179 0 18.4 9.4 7.5 2.5 2 0 3 1 1
-2771.5 -6697.5 -20.8 335 0 6.6 15.0 7.5 2.5 2 1 3 1 1
-2803.0 -6718.9 -21.6 55 0 15.2 11.8 10.0 0.0 0 0 4 0 0
-2453.5 -6173.4 -26.7 325 0 14.4 10.9 7.5 2.5 2 0 3 0 0
-2466.4 -6233.0 -22.5 145 0 16.5 7.4 2.5 2.5 2 0 1 2 2
-2480.7 -6209.0 -23.9 155 0 9.2 16.6 7.5 2.5 2 1 3 5 5
-2444.2 -6207.3 -24.5 325 0 19.4 7.9 7.5 2.5 2 0 3 2 2
-2433.0 -6236.8 -23.8 55 0 8.5 14.5 5.0 2.5 2 1 2 3 3
-2923.5 -6267.8 -29.0 345 0 35.9 6.3 5.0 2.5 2 0 2 3 3
-2960.1 -6276.5 -29.4 161 0 5.6 23.0 5.0 2.5 2 1 2 5 5
-2960.2 -6296.2 -29.4 168 0 15.7 10.8 5.0 2.5 2 0 2 2 2
-2930.8 -6301.4 -29.4 76 0 13.0 9.3 5.0 2.5 2 0 2 4 4
-4858.4 -8338.9 -25.7 47 0 12.7 17.6 10.0 0.0 0 1 4 2 2
-4792.9 -7572.6 -24.1 333 0 8.1 4.8 5.0 0.0 0 0 2 5 5
-4825.8 -7586.3 -23.7 147 0 13.3 8.8 5.0 2.5 2 0 2 3 3
-4809.7 -7557.7 -23.9 325 0 10.9 20.1 5.0 2.5 2 1 2 2 2
-4524.4 -7632.5 -26.5 118 0 9.7 13.5 2.5 2.5 2 1 1 2 2
-4622.9 -7784.6 -26.4 208 0 12.5 11.4 7.5 2.5 2 0 3 3 3
-5076.5 -6771.4 -25.9 240 0 12.0 24.9 7.5 2.5 2 1 3 0 0
1213.7 -4544.6 -25.1 118 0 55.3 18.1 12.5 2.5 2 0 5 2 2
1157.0 -4514.7 -24.7 116 0 28.0 23.2 12.5 0.0 0 0 5 2 2
1378.9 -2622.5 -17.0 254 0 15.1 8.8 7.5 2.5 2 0 3 5 5
1388.7 -2574.3 -21.0 34 0 12.5 18.6 2.5 2.5 2 1 1 2 2
720.6 -4775.6 -14.6 54 0 36.6 19.1 12.5 0.0 0 0 5 4 4
-990.7 -3603.2 -18.0 86 0 13.4 16.7 2.5 2.5 2 1 1 5 5
6790.1 3073.5 -24.6 167 0 20.6 13.6 7.5 2.5 2 0 3 4 4
-4804.1 -6693.9 -23.4 146 0 26.3 7.0 5.0 2.5 2 0 2 3 3
-3582.5 -8141.0 -24.8 167 0 8.7 9.5 5.0 2.5 2 0 2 0 0
-3614.6 -8112.4 -25.4 351 0 4.7 10.1 5.0 2.5 2 0 2 2 2
-3605.8 -8113.0 -25.3 79 0 17.2 5.9 5.0 2.5 2 0 2 5 5
-3636.7 -8115.6 -25.6 171 0 6.0 12.2 2.5 0.0 0 0 1 4 4
-3596.7 -8153.4 -25.3 344 0 7.9 9.3 2.5 2.5 2 1 1 5 5
-3584.9 -8131.8 -24.8 164 0 10.4 9.5 7.5 2.5 2 0 3 5 5
-3622.7 -8160.4 -26.0 76 0 6.4 14.9 2.5 2.5 2 0 1 0 0
-3616.4 -8142.0 -25.6 345 0 11.0 13.3 7.5 2.5 2 0 3 1 1
-2927.0 -6822.1 -23.1 35 0 12.4 9.0 7.5 2.5 4 0 3 3 3
-2923.3 -6894.8 -21.2 302 0 10.8 9.1 5.0 0.0 0 0 2 1 1
-2871.4 -6814.8 -20.9 131 0 6.3 8.7 7.5 2.5 2 1 3 5 5
-2851.7 -6784.9 -20.8 228 0 10.5 8.4 2.5 2.5 2 0 1 1 1
-2826.1 -6763.4 -20.6 234 0 9.9 8.7 5.0 2.5 2 0 2 2 2
-2791.7 -6755.8 -19.6 146 0 8.1 9.4 2.5 2.5 2 1 1 3 3
-2811.2 -6827.6 -17.9 236 0 10.2 8.6 7.5 2.5 2 0 3 0 0
-2788.6 -6809.8 -17.4 234 0 10.5 8.7 5.0 2.5 2 0 2 1 1
-2717.8 -6843.2 -13.4 154 0 10.7 14.1 5.0 2.5 4 1 2 4 4
-2660.6 -6792.3 -12.7 258 0 10.1 7.0 5.0 2.5 2 0 2 5 5
-2641.6 -6853.0 -10.4 72 0 12.2 14.7 2.5 0.0 0 1 1 5 5
-2682.9 -6845.9 -11.8 153 0 10.2 8.3 2.5 2.5 4 0 1 3 3
-2669.4 -7245.7 -27.2 95 0 11.1 10.6 2.5 2.5 2 0 1 2 2
-2283.4 -7274.8 -23.4 110 0 10.2 9.8 5.0 2.5 4 0 2 1 1
-2093.6 -7493.0 -22.2 198 0 7.5 12.6 7.5 2.5 2 1 3 5 5
-2098.9 -7403.4 -21.6 195 0 4.2 7.5 5.0 2.5 2 1 2 0 0
-2067.0 -7415.9 -21.5 16 0 5.2 14.6 5.0 2.5 2 1 2 1 1
-2070.8 -7445.5 -23.7 16 0 9.5 14.2 5.0 2.5 2 1 2 3 3
-2340.8 -7842.4 -21.1 17 0 7.2 3.9 7.5 2.5 2 0 3 5 5
-2349.1 -7821.4 -24.0 287 0 9.0 5.7 7.5 2.5 2 0 3 0 0
-2358.7 -7848.4 -20.8 200 0 9.0 9.4 7.5 2.5 2 1 3 2 2
-2703.5 -7749.2 -28.6 116 0 7.5 25.8 7.5 2.5 2 1 3 5 5
-2597.3 -7769.0 -24.8 292 0 11.3 10.5 7.5 2.5 2 0 3 5 5
-2639.0 -7783.6 -25.5 112 0 11.4 22.6 10.0 2.5 2 1 4 4 4
-2546.9 -8479.6 -19.6 26 0 4.9 10.3 7.5 2.5 2 1 3 3 3
-2578.9 -8446.6 -23.4 199 0 16.3 7.9 5.0 2.5 4 0 2 4 4
-4303.6 -6955.5 -21.8 328 0 11.1 9.3 2.5 2.5 2 0 1 1 1
-3958.5 -6835.6 -20.6 335 0 6.1 9.4 5.0 2.5 2 1 2 2 2
-3969.4 -6859.2 -20.5 156 0 10.2 11.6 5.0 2.5 2 1 2 5 5
-3913.9 -6872.8 -21.4 157 0 10.8 9.5 7.5 2.5 2 0 3 2 2
-3918.4 -6847.4 -21.7 247 0 19.2 9.5 2.5 2.5 2 0 1 2 2
-3845.5 -6829.5 -22.7 255 0 9.2 9.9 5.0 2.5 4 1 2 3 3
-3754.0 -7088.0 -21.4 68 0 13.0 6.8 2.5 2.5 4 0 1 4 4
-3781.1 -7093.5 -22.4 162 0 9.6 12.1 5.0 2.5 2 1 2 3 3
-3867.3 -7171.2 -18.8 253 0 6.8 6.4 7.5 2.5 2 0 3 2 2
-3816.8 -7210.0 -18.0 342 0 12.4 9.0 5.0 2.5 4 0 2 2 2
-3647.3 -7599.4 -25.1 135 0 7.0 22.4 7.5 2.5 2 1 3 1 1
-3585.7 -7500.0 -26.9 226 0 13.4 10.3 2.5 2.5 2 0 1 0 0
-3531.1 -7523.1 -26.7 315 0 7.7 9.8 7.5 2.5 2 1 3 4 4
-3548.0 -7544.7 -26.4 45 0 9.7 7.3 7.5 2.5 2 0 3 4 4
-3450.6 -7432.7 -28.3 135 0 6.1 4.4 7.5 2.5 2 0 3 5 5
-3451.9 -7450.2 -28.2 136 0 7.2 10.0 5.0 2.5 2 1 2 2 2
-3465.2 -7463.3 -27.8 302 0 7.1 8.2 7.5 2.5 2 1 3 4 4
-3483.1 -7440.1 -27.9 316 0 6.9 11.7 2.5 0.0 0 1 1 0 0
-3431.5 -7341.4 -29.0 315 0 6.0 25.3 2.5 2.5 2 1 1 3 3
-3418.0 -7379.7 -29.1 324 0 7.0 10.8 2.5 2.5 2 1 1 3 3
-3365.2 -7292.9 -28.3 226 0 7.7 3.5 5.0 0.0 0 0 2 4 4
-3348.2 -7291.8 -28.1 226 0 6.7 4.3 5.0 2.5 2 0 2 2 2
-3378.8 -7360.4 -27.9 227 0 8.3 4.8 7.5 2.5 2 0 3 2 2
-3364.7 -7372.6 -27.8 47 0 12.7 7.0 7.5 2.5 4 0 3 0 0
-3403.4 -7333.1 -28.9 142 0 7.3 15.6 7.5 2.5 2 1 3 0 0
-3266.9 -7445.0 -27.4 313 0 7.3 19.2 7.5 2.5 2 0 3 3 3
-3266.9 -7445.0 -27.4 133 0 14.2 9.9 5.0 2.5 2 0 2 5 5
-3306.6 -7446.5 -27.7 139 0 8.5 14.1 5.0 2.5 2 1 2 1 1
-3181.7 -7923.4 -24.9 27 0 22.0 7.0 5.0 2.5 4 0 2 3 3
-3219.0 -7905.4 -25.4 116 0 9.4 13.1 2.5 2.5 2 1 1 5 5
-3182.2 -7884.0 -26.4 26 0 8.0 18.0 5.0 2.5 2 1 2 1 1
-3011.1 -7700.1 -28.0 242 0 7.5 13.1 7.5 2.5 2 1 3 4 4
-3038.0 -7357.9 -26.7 315 0 6.7 18.7 7.5 2.5 2 1 3 2 2
-3006.1 -7377.7 -26.4 315 0 16.8 8.6 5.0 2.5 2 0 2 4 4
-3026.6 -7374.0 -26.5 316 0 6.4 21.0 2.5 2.5 2 1 1 4 4
-4043.8 -8500.2 -29.6 1 0 4.5 15.9 5.0 0.0 0 1 2 5 5
-4611.6 -6907.2 -23.5 258 0 13.2 10.5 5.0 2.5 2 0 2 1 1
-4605.1 -6986.6 -22.8 251 0 13.0 8.1 5.0 2.5 2 0 2 2 2
-4578.7 -6977.3 -22.1 257 0 15.9 9.8 7.5 0.0 0 0 3 3 3
-4552.6 -6978.2 -21.3 253 0 15.3 9.3 5.0 2.5 2 0 2 2 2
-4528.3 -6962.2 -20.7 260 0 17.7 9.9 5.0 0.0 0 0 2 0 0
-4406.0 -6966.1 -20.8 70 0 4.5 10.3 2.5 0.0 0 1 1 2 2
-4391.7 -6894.0 -24.0 253 0 10.7 13.8 7.5 2.5 2 1 3 0 0
-4233.8 -5633.0 -20.3 286 0 19.2 6.5 5.0 2.5 2 0 2 3 3
-4189.3 -5650.7 -20.8 21 0 10.1 19.4 5.0 2.5 2 1 2 0 0
-4230.3 -5652.4 -20.9 201 0 10.2 19.4 5.0 2.5 2 1 2 1 1
-4222.6 -5731.2 -22.6 137 0 27.2 10.6 12.5 2.5 2 0 5 2 2
-4357.6 -5718.1 -22.0 292 0 26.9 9.9 7.5 2.5 4 0 3 4 4
-5304.9 -5848.1 -21.4 168 0 7.3 16.0 7.5 0.0 0 1 3 0 0
-6900.9 3296.1 12.4 84 0 18.2 9.2 2.5 2.5 2 0 1 0 0
-6872.1 3300.6 12.1 84 0 40.0 7.5 7.5 0.0 0 0 3 3 3
-6850.3 3284.0 11.8 174 0 52.5 7.6 7.5 2.5 2 0 3 2 2
-6866.4 3412.2 12.5 355 0 14.7 28.9 15.0 0.0 0 1 6 0 0
-6870.6 3243.3 11.8 267 0 7.4 11.4 2.5 2.5 2 1 1 3 3
-6859.2 3261.4 11.9 356 0 7.6 11.6 5.0 2.5 2 1 2 2 2
-6890.3 3277.0 12.1 175 0 23.5 17.9 10.0 0.0 0 0 4 5 5
-6850.8 2466.4 8.8 268 0 6.4 7.1 7.5 2.5 2 1 3 0 0
-6798.1 2452.9 9.5 88 0 6.9 9.9 5.0 2.5 2 1 2 0 0
-6782.3 2477.2 9.1 356 0 10.0 8.8 5.0 2.5 2 0 2 2 2
-6869.8 1632.8 4.4 295 0 13.3 10.6 5.0 0.0 0 0 2 1 1
-6941.8 1447.7 3.3 198 0 7.5 7.5 5.0 2.5 2 1 2 2 2
-6862.1 2222.2 -2.6 259 0 9.2 13.8 7.5 2.5 2 1 3 2 2
-6875.1 2368.9 2.7 272 0 17.4 10.4 7.5 0.0 0 0 3 4 4
-6909.0 2335.4 0.6 86 0 8.0 22.5 2.5 2.5 2 1 1 5 5
-6848.3 2321.7 -0.0 269 0 10.4 8.9 5.0 2.5 2 0 2 4 4
-6879.4 2328.9 0.1 270 0 7.3 10.5 7.5 0.0 0 0 3 1 1
-6879.3 2318.4 -0.3 269 0 7.2 12.2 7.5 2.5 2 0 3 0 0
-6905.5 2295.5 -0.6 177 0 7.5 18.3 5.0 2.5 2 1 2 5 5
-6719.4 2369.7 3.9 277 0 5.3 8.6 2.5 2.5 2 1 1 2 2
-6828.5 2304.1 -0.3 173 0 4.6 8.6 7.5 2.5 2 1 3 1 1
-6798.1 2318.8 0.4 272 0 11.7 7.1 5.0 2.5 2 0 2 5 5
-6826.1 2321.8 0.2 267 0 12.2 7.7 5.0 2.5 2 0 2 1 1
-6827.1 2265.2 -1.3 173 0 14.8 8.8 5.0 0.0 0 0 2 3 3
-6803.9 2288.0 -0.8 171 0 7.1 16.2 7.5 0.0 0 1 3 4 4
-6773.0 2256.7 -1.7 77 0 12.6 9.5 5.0 2.5 2 0 2 0 0
-6779.2 2315.2 0.3 275 0 10.6 11.0 7.5 2.5 2 1 3 2 2
-6759.5 2312.4 0.6 262 0 15.7 5.7 7.5 2.5 2 0 3 1 1
-6751.3 2271.8 -1.2 80 0 22.4 7.4 2.5 2.5 2 0 1 0 0
-6740.2 2285.6 -0.4 79 0 5.8 11.9 2.5 2.5 2 0 1 3 3
-6743.7 2303.1 0.2 259 0 5.8 5.9 2.5 2.5 4 0 1 2 2
-6734.7 2304.9 0.3 259 0 12.5 5.5 5.0 2.5 2 0 2 1 1
-6719.3 2289.9 -0.0 80 0 5.0 17.6 5.0 2.5 2 1 2 5 5
-6706.7 2295.0 0.2 73 0 14.5 8.2 5.0 0.0 0 0 2 5 5
-6697.3 2305.4 0.5 259 0 8.3 7.7 5.0 2.5 2 0 2 3 3
-6597.6 2371.5 4.4 334 0 7.3 9.2 7.5 2.5 2 1 3 3 3
-6458.2 2311.3 1.7 101 0 37.6 7.2 7.5 2.5 2 0 3 3 3
-6440.3 2260.9 -0.4 281 0 5.5 8.4 5.0 2.5 4 1 2 0 0
-6462.0 2192.8 -3.2 191 0 12.8 71.2 10.0 2.5 4 1 4 2 2
-6118.6 2308.9 1.8 255 0 5.3 8.4 7.5 2.5 4 1 3 2 2
-6143.3 2291.7 1.1 256 0 9.9 17.3 7.5 2.5 4 1 3 4 4
-6150.4 2309.6 2.1 255 0 6.8 12.2 2.5 2.5 2 1 1 2 2
-6070.4 2298.5 1.3 168 0 6.5 13.1 7.5 2.5 2 1 3 1 1
-6007.3 2363.0 3.3 342 0 7.6 13.2 2.5 0.0 0 1 1 4 4
-6007.7 2338.9 1.1 345 0 7.2 8.6 5.0 2.5 2 1 2 3 3
-5947.1 2372.9 0.7 346 0 33.7 9.9 7.5 2.5 2 0 3 5 5
-5989.0 2275.1 -0.4 170 0 27.8 12.3 10.0 0.0 0 0 4 2 2
-5992.4 2293.5 -0.5 169 0 9.6 12.3 7.5 2.5 4 0 3 4 4
-5941.7 2351.6 -0.0 346 0 10.3 10.0 2.5 2.5 2 0 1 1 1
-6253.3 2671.4 11.5 171 0 9.3 10.3 7.5 2.5 2 1 3 5 5
-6325.1 2632.2 10.8 343 0 6.6 11.1 7.5 2.5 2 1 3 1 1
-6323.7 2555.6 10.2 36 0 12.7 13.3 5.0 2.5 4 1 2 2 2
-6378.7 2543.8 9.8 144 0 14.5 9.8 7.5 2.5 4 0 3 1 1
-6370.7 2516.6 9.9 172 0 9.6 10.5 2.5 2.5 2 1 1 3 3
-6493.5 2511.2 9.0 82 0 8.2 9.1 7.5 2.5 2 1 3 4 4
-6507.5 2518.7 8.9 264 0 7.6 12.6 2.5 2.5 2 1 1 1 1
-6521.4 2636.9 10.0 259 0 7.9 11.8 7.5 2.5 2 1 3 2 2
-6495.3 2643.7 10.1 348 0 14.0 10.5 5.0 2.5 2 0 2 2 2
-6473.0 2580.4 9.7 78 0 14.6 9.6 5.0 2.5 2 0 2 0 0
-6568.0 2624.7 9.7 179 0 10.8 6.8 7.5 2.5 2 0 3 2 2
-6611.9 2604.9 9.3 266 0 7.3 6.7 7.5 2.5 2 0 3 4 4
-6588.7 2564.3 9.0 336 0 6.7 18.8 7.5 2.5 2 1 3 5 5
-6552.1 2566.3 9.3 82 0 13.6 10.6 5.0 2.5 2 0 2 3 3
-6537.4 2540.4 8.9 259 0 8.8 12.3 5.0 0.0 0 1 2 4 4
-6680.3 2560.9 8.5 268 0 6.4 11.1 7.5 2.5 2 1 3 1 1
-6740.9 2578.7 8.4 268 0 11.0 12.1 5.0 2.5 2 1 2 3 3
-6841.6 2536.1 9.6 174 0 10.9 6.7 7.5 2.5 2 0 3 3 3
-6781.5 2512.7 8.9 84 0 8.0 14.5 2.5 2.5 2 1 1 0 0
-6776.2 2538.2 8.3 86 0 10.6 11.1 5.0 2.5 2 1 2 1 1
-6776.2 2601.7 8.5 270 0 9.7 14.4 2.5 2.5 4 1 1 4 4
-6837.3 2637.2 8.6 265 0 14.9 12.2 7.5 2.5 2 0 3 3 3
-6939.8 2536.7 6.4 258 0 4.4 29.0 7.5 2.5 2 1 3 5 5
-6869.1 2586.4 8.9 87 0 8.1 13.5 7.5 2.5 4 1 3 2 2
-6881.8 2500.5 8.9 79 0 12.4 17.8 5.0 2.5 2 1 2 4 4
-6882.0 2534.4 9.6 349 0 25.1 12.9 7.5 2.5 2 0 3 5 5
-6930.6 2565.1 9.1 168 0 9.3 22.9 7.5 2.5 4 1 3 5 5
-6190.7 3184.5 5.5 352 0 23.6 89.4 7.5 0.0 0 1 3 2 2
-4916.3 7993.7 -3.7 161 0 11.1 6.1 7.5 2.5 4 0 3 3 3
-4904.4 7968.8 -2.2 134 0 11.2 7.3 7.5 2.5 2 0 3 2 2
-4797.6 8020.5 -6.6 283 0 6.0 3.3 5.0 2.5 2 0 2 3 3
-4905.9 8004.0 -4.2 193 0 5.2 18.1 5.0 0.0 0 0 2 3 3
-4878.9 7986.5 -4.8 27 0 12.0 14.5 10.0 2.5 2 0 4 3 3
-4795.8 8066.9 -5.1 257 0 7.2 11.8 7.5 2.5 2 1 3 3 3
-4806.6 8042.2 -5.4 78 0 9.3 17.3 5.0 2.5 2 1 2 3 3
-4200.0 6629.5 9.0 120 0 6.3 7.8 5.0 2.5 2 1 2 0 0
-4172.0 6343.9 8.9 280 0 7.3 6.3 7.5 2.5 2 0 3 4 4
-4181.2 6347.6 8.9 281 0 6.4 8.4 5.0 0.0 0 0 2 0 0
-4392.2 6373.4 10.0 100 0 7.1 9.7 2.5 2.5 2 1 1 3 3
-4393.5 6409.1 10.3 190 0 6.0 6.3 7.5 2.5 2 1 3 0 0
-4356.9 6391.8 9.6 11 0 13.9 10.1 2.5 2.5 2 0 1 1 1
-4320.9 6433.6 9.2 195 0 13.9 10.2 5.0 2.5 2 0 2 4 4
-4303.4 6679.0 6.8 287 0 5.5 7.8 5.0 2.5 2 1 2 2 2
-4299.5 6647.2 7.0 16 0 9.1 10.1 2.5 2.5 2 1 1 1 1
-4344.4 6593.5 6.6 284 0 6.4 27.4 5.0 2.5 2 1 2 4 4
-4319.9 6572.5 7.2 16 0 18.8 9.3 7.5 2.5 4 0 3 4 4
-3878.1 7263.2 -0.2 235 0 7.4 12.5 7.5 2.5 2 1 3 2 2
-4125.5 7303.5 1.7 162 0 9.6 17.4 2.5 0.0 0 1 1 1 1
-4015.3 7292.7 2.4 341 0 14.7 6.3 2.5 2.5 2 0 1 4 4
-4030.5 7325.2 0.8 250 0 5.2 6.8 5.0 2.5 2 1 2 4 4
-4020.0 7343.5 0.3 253 0 15.3 9.2 7.5 2.5 2 0 3 4 4
-4062.0 7271.9 2.9 79 0 15.1 12.7 2.5 2.5 2 0 1 2 2
-4055.6 7300.9 1.9 163 0 9.0 16.2 2.5 2.5 2 1 1 0 0
-4073.4 7352.0 -0.6 251 0 9.3 6.3 5.0 0.0 0 0 2 3 3
-4056.1 7351.0 -0.8 71 0 8.7 6.6 7.5 2.5 2 0 3 1 1
-4069.0 7368.8 -2.5 70 0 19.8 19.4 10.0 2.5 2 0 4 3 3
-4219.7 7597.4 6.0 9 0 4.8 15.3 7.5 2.5 2 1 3 5 5
-4221.1 7577.8 4.1 14 0 8.1 14.1 5.0 0.0 0 1 2 0 0
-4376.2 7549.6 -3.8 241 0 6.9 4.8 7.5 2.5 2 0 3 3 3
-4362.1 7597.9 -3.5 73 0 4.6 8.5 2.5 2.5 2 1 1 4 4
-4389.5 7587.3 -4.9 148 0 8.7 21.1 5.0 2.5 2 1 2 3 3
-4340.7 7599.2 -2.8 71 0 22.4 11.8 12.5 0.0 0 0 5 0 0
-3599.3 6546.4 7.5 305 0 7.6 10.2 5.0 2.5 2 1 2 0 0
-3585.2 6513.4 7.8 117 0 5.5 11.6 5.0 2.5 2 1 2 0 0
-3609.0 6512.5 8.0 120 0 12.3 10.2 7.5 2.5 2 0 3 2 2
-3595.7 6674.7 8.3 235 0 4.7 6.7 7.5 2.5 4 1 3 5 5
-3528.1 6657.0 7.9 237 0 11.2 7.8 5.0 2.5 2 0 2 0 0
-3501.4 6672.5 7.9 240 0 10.8 7.3 5.0 2.5 2 0 2 2 2
-3538.4 6680.5 8.2 58 0 11.0 6.8 7.5 2.5 2 0 3 4 4
-3559.9 6638.9 7.9 236 0 10.9 7.5 5.0 2.5 2 0 2 0 0
-3652.9 6641.9 8.3 323 0 6.8 6.5 7.5 2.5 4 0 3 2 2
-3607.9 6615.2 8.0 230 0 5.0 5.6 5.0 0.0 0 1 2 4 4
-3616.1 6603.4 7.9 240 0 12.3 8.3 5.0 0.0 0 0 2 3 3
-3648.0 6609.8 8.1 59 0 12.4 8.1 5.0 2.5 2 0 2 5 5
-3721.3 6581.4 8.1 118 0 14.6 8.4 5.0 2.5 2 0 2 2 2
-3860.9 6645.2 11.9 327 0 6.0 6.5 5.0 2.5 2 1 2 0 0
-3828.1 6599.5 10.6 327 0 6.6 10.7 5.0 2.5 2 1 2 0 0
-3875.5 6664.5 12.0 329 0 13.6 7.8 7.5 2.5 2 0 3 5 5
-3909.3 6715.5 12.2 324 0 13.5 7.6 2.5 2.5 2 0 1 4 4
-4022.3 6889.3 6.2 156 0 9.8 8.4 5.0 2.5 2 0 2 5 5
-4015.2 6873.0 6.8 156 0 11.8 7.6 7.5 2.5 2 0 3 4 4
-3990.9 6873.4 6.2 67 0 8.7 26.7 7.5 2.5 2 1 3 5 5
-4040.8 6924.5 5.2 157 0 5.8 9.4 5.0 2.5 2 1 2 5 5
-4036.9 6962.5 3.7 247 0 4.0 8.8 5.0 2.5 2 1 2 0 0
-4063.7 6930.9 4.2 58 0 7.3 6.4 5.0 2.5 2 0 2 5 5
-4108.4 6904.3 4.8 157 0 8.1 13.7 7.5 2.5 4 1 3 1 1
-4116.1 6932.2 3.7 232 0 13.1 10.0 5.0 2.5 2 0 2 4 4
-4091.7 6950.5 3.0 239 0 9.0 8.5 7.5 2.5 2 0 3 1 1
-4068.5 6964.9 3.0 237 0 8.7 8.6 5.0 2.5 2 0 2 4 4
-4075.9 6960.2 3.0 238 0 8.8 8.5 7.5 2.5 2 0 3 5 5
-4049.6 6976.9 3.1 239 0 15.3 9.0 5.0 2.5 2 0 2 3 3
-4003.7 6950.5 4.4 334 0 14.6 10.7 5.0 2.5 2 0 2 1 1
-4010.6 6964.6 3.8 335 0 16.9 10.7 5.0 2.5 2 0 2 1 1
-4127.4 7114.1 -0.1 335 0 4.3 3.4 5.0 2.5 2 0 2 5 5
-4124.9 7125.9 0.2 335 0 7.7 4.6 5.0 2.5 2 0 2 5 5
-4183.2 7100.3 -0.0 155 0 7.9 9.4 5.0 2.5 2 1 2 1 1
-4146.2 7146.3 0.7 245 0 6.2 12.5 5.0 2.5 2 1 2 2 2
-4126.3 7148.6 0.7 335 0 12.5 8.0 2.5 2.5 2 0 1 5 5
-4112.1 7129.4 0.0 332 0 13.2 9.7 5.0 2.5 2 0 2 2 2
-4129.2 7080.0 -0.8 152 0 13.3 10.2 10.0 2.5 2 0 4 5 5
-4140.1 7092.4 -0.7 155 0 9.7 25.5 5.0 2.5 2 1 2 0 0
-4097.0 7099.5 -0.6 332 0 13.3 10.2 2.5 0.0 0 0 1 3 3
-4025.7 7105.2 0.6 155 0 4.2 6.5 7.5 2.5 2 1 3 4 4
-4066.1 7095.9 -0.0 244 0 13.1 18.1 7.5 2.5 2 1 3 5 5
-4029.1 7058.5 1.7 335 0 12.5 8.3 5.0 2.5 2 0 2 1 1
-4036.0 7022.6 2.7 144 0 7.7 21.1 5.0 2.5 2 0 2 0 0
-4022.7 7044.3 2.1 336 0 18.4 8.2 7.5 2.5 4 0 3 0 0
-4018.6 7080.7 1.0 155 0 30.1 11.2 10.0 2.5 2 0 4 0 0
-4007.7 7057.3 2.2 155 0 13.0 10.1 7.5 2.5 4 0 3 1 1
-3994.1 7026.0 3.0 158 0 6.1 12.7 7.5 2.5 4 0 3 4 4
-3997.4 7034.6 3.0 159 0 12.2 9.0 2.5 2.5 2 0 1 0 0
-3985.7 7007.5 3.4 159 0 17.9 10.4 5.0 2.5 2 0 2 4 4
-3932.4 6928.8 4.4 336 0 19.4 9.1 5.0 2.5 2 0 2 0 0
-3924.7 6963.0 2.7 67 0 4.1 8.6 7.5 2.5 2 1 3 1 1
-3819.2 7011.4 1.3 253 0 6.2 16.5 7.5 2.5 2 1 3 1 1
-3830.6 7010.4 1.1 262 0 5.4 18.1 7.5 0.0 0 1 3 0 0
-3847.9 7013.6 1.2 259 0 22.6 7.9 5.0 2.5 2 0 2 3 3
-3867.1 7004.9 1.6 256 0 18.3 7.5 7.5 2.5 2 0 3 0 0
-3845.4 6978.7 1.8 80 0 14.0 10.0 7.5 2.5 2 0 3 4 4
-3862.0 6975.2 2.0 75 0 14.2 10.1 2.5 2.5 2 0 1 3 3
-3877.0 6937.7 2.9 71 0 5.3 13.7 7.5 2.5 2 1 3 3 3
-3840.1 6967.0 2.7 256 0 7.5 14.9 5.0 0.0 0 0 2 0 0
-3859.1 6962.4 2.7 251 0 15.6 9.1 5.0 2.5 4 0 2 0 0
-3869.4 6931.5 3.4 154 0 9.1 11.2 5.0 2.5 2 1 2 2 2
-3861.0 6914.5 3.8 325 0 13.2 5.5 2.5 2.5 2 0 1 3 3
-3854.6 6923.8 3.9 149 0 12.0 6.1 2.5 2.5 2 0 1 3 3
-3855.8 6937.4 3.5 149 0 12.7 6.8 5.0 2.5 2 0 2 1 1
-3831.6 6915.6 4.4 41 0 14.2 9.1 7.5 2.5 2 0 3 1 1
-3849.6 6901.6 4.4 131 0 9.1 15.2 7.5 2.5 2 0 3 4 4
-3783.0 6974.6 3.4 258 0 15.1 8.9 2.5 2.5 2 0 1 2 2
-3798.2 6959.1 3.8 239 0 6.4 18.4 5.0 0.0 0 1 2 4 4
-3783.4 6939.1 4.8 169 0 8.4 20.4 7.5 0.0 0 1 3 5 5
-3808.3 6920.8 4.9 126 0 8.1 11.4 7.5 0.0 0 1 3 3 3
-3755.2 6966.3 4.6 267 0 10.1 18.0 5.0 2.5 2 1 2 5 5
-3652.4 7001.3 4.9 252 0 6.0 17.0 7.5 2.5 2 1 3 4 4
-3706.7 6971.2 5.6 247 0 9.6 4.6 7.5 2.5 2 0 3 0 0
-3724.7 6986.0 3.9 254 0 9.4 4.4 5.0 2.5 2 0 2 3 3
-3696.9 6994.1 3.9 252 0 33.3 11.9 7.5 0.0 0 0 3 1 1
-3704.8 7031.7 1.5 150 0 27.8 15.7 12.5 2.5 4 0 5 5 5
-3674.5 7051.1 1.8 316 0 5.4 9.4 7.5 2.5 2 1 3 0 0
-3671.3 7059.2 1.3 323 0 16.7 7.1 7.5 2.5 2 0 3 1 1
-3668.6 7027.8 2.7 52 0 9.1 8.0 5.0 2.5 2 0 2 1 1
-3686.7 7012.3 2.9 65 0 14.3 8.6 5.0 2.5 2 0 2 5 5
-3710.8 7007.6 2.6 155 0 10.4 14.1 7.5 2.5 2 1 3 5 5
-3734.5 7081.8 -0.5 241 0 24.6 26.7 10.0 0.0 0 0 4 1 1
-3722.2 7049.7 0.6 152 0 14.8 16.7 2.5 2.5 2 0 1 1 1
-3699.4 7083.2 0.2 253 0 7.7 25.2 2.5 2.5 2 1 1 4 4
-120.6 5581.6 13.2 283 0 8.5 5.9 5.0 2.5 2 0 2 5 5
-155.5 5588.5 13.4 278 0 23.6 7.8 5.0 2.5 2 0 2 5 5
-301.2 5675.9 14.6 93 0 6.8 12.0 7.5 2.5 2 1 3 4 4
-375.5 5704.5 15.7 268 0 14.2 8.5 5.0 2.5 2 0 2 1 1
-321.5 5682.8 14.9 86 0 17.8 10.8 7.5 2.5 2 0 3 3 3
-396.4 5671.3 15.9 88 0 7.0 20.2 7.5 2.5 2 1 3 3 3
-22.7 5516.2 12.8 86 0 6.5 10.9 7.5 2.5 2 1 3 2 2
5.4 5521.7 11.8 356 0 9.6 14.4 5.0 2.5 2 1 2 2 2
4.5 5608.7 12.2 356 0 15.6 11.2 10.0 2.5 2 0 4 5 5
-62.1 5957.0 11.8 90 0 4.5 8.4 5.0 2.5 2 1 2 0 0
-36.7 5958.5 12.4 358 0 8.9 10.4 7.5 2.5 2 1 3 4 4
-58.1 5935.6 11.9 89 0 12.1 17.8 7.5 2.5 2 1 3 3 3
12.8 6035.3 12.4 353 0 4.8 11.0 2.5 2.5 2 1 1 2 2
19.3 6024.4 12.7 354 0 9.8 6.2 5.0 2.5 2 0 2 5 5
27.9 6010.1 13.0 264 0 16.2 8.3 7.5 2.5 2 0 3 2 2
37.8 5969.7 13.5 84 0 8.3 16.0 5.0 2.5 2 1 2 3 3
-1.9 5980.4 12.9 174 0 21.0 12.5 10.0 2.5 2 0 4 3 3
-32.1 6031.0 11.8 354 0 11.7 7.4 7.5 2.5 2 0 3 5 5
-49.9 6070.2 10.9 354 0 15.6 11.4 5.0 0.0 0 0 2 0 0
-31.9 6052.4 11.4 354 0 6.9 16.0 2.5 2.5 2 0 1 3 3
-48.3 6054.9 11.1 354 0 15.4 11.4 2.5 0.0 0 0 1 3 3
-89.2 6061.1 10.6 174 0 8.6 8.5 7.5 0.0 0 0 3 3 3
-77.7 6088.6 10.4 264 0 20.5 6.8 5.0 2.5 4 0 2 1 1
29.5 6172.4 12.6 354 0 9.3 7.3 2.5 2.5 2 0 1 0 0
33.6 6144.3 12.5 354 0 5.3 7.3 7.5 2.5 4 1 3 2 2
11.0 6114.7 11.8 84 0 7.6 15.6 5.0 2.5 2 1 2 3 3
-16.3 6151.8 11.8 174 0 6.6 24.5 5.0 2.5 2 1 2 0 0
-21.9 6070.7 11.5 174 0 15.4 10.7 5.0 2.5 2 0 2 4 4
-21.6 6093.1 11.3 174 0 6.2 12.1 2.5 2.5 4 1 1 3 3
-23.5 6119.5 11.3 174 0 13.4 10.9 2.5 2.5 4 0 1 0 0
-29.2 6170.6 11.7 174 0 15.6 9.6 5.0 2.5 2 0 2 4 4
-68.8 6207.3 11.1 264 0 10.3 13.6 7.5 2.5 2 1 3 2 2
-65.1 6167.8 10.9 84 0 11.0 13.1 10.0 2.5 2 1 4 0 0
-96.5 6162.5 10.2 84 0 7.5 16.2 5.0 2.5 2 1 2 5 5
-100.7 6205.7 10.5 264 0 8.0 15.8 2.5 2.5 2 1 1 5 5
-63.0 6304.1 11.2 353 0 12.7 7.1 7.5 2.5 2 0 3 5 5
-66.7 6324.1 11.0 353 0 7.2 11.3 5.0 0.0 0 1 2 4 4
-85.4 6249.4 11.1 84 0 8.5 18.0 7.5 2.5 2 1 3 3 3
-58.7 6265.0 11.5 354 0 16.1 11.1 5.0 2.5 4 0 2 0 0
-19.4 6318.9 12.4 265 0 5.7 10.7 7.5 2.5 2 1 3 2 2
-16.6 6262.4 12.6 83 0 8.0 19.7 7.5 2.5 2 1 3 1 1
-198.9 6426.0 8.8 266 0 9.0 12.7 5.0 2.5 2 1 2 3 3
-143.4 6358.6 9.6 268 0 10.7 9.7 7.5 2.5 2 0 3 5 5
-89.4 6367.4 11.0 263 0 6.0 7.2 2.5 2.5 2 1 1 3 3
-68.6 6367.5 11.1 353 0 10.4 8.0 5.0 2.5 2 0 2 2 2
-26.4 6386.8 11.1 85 0 6.7 11.9 5.0 2.5 2 1 2 0 0
-56.3 6390.9 10.6 175 0 14.4 10.4 7.5 2.5 2 0 3 1 1
-123.8 6562.1 10.8 175 0 5.5 15.1 7.5 2.5 2 1 3 2 2
-106.1 6501.6 8.5 85 0 5.7 10.6 2.5 2.5 2 1 1 4 4
-84.8 6512.5 8.7 356 0 18.4 8.4 5.0 2.5 2 0 2 4 4
-6427.7 7170.3 9.5 347 0 5.0 10.9 2.5 2.5 4 0 1 1 1
-6430.2 7180.9 9.2 347 0 16.9 10.8 2.5 2.5 2 0 1 2 2
-6462.2 7148.7 10.1 170 0 9.1 11.6 5.0 2.5 2 1 2 5 5
-2949.7 5306.0 13.6 138 0 6.0 8.7 7.5 2.5 2 1 3 4 4
-2910.9 5326.5 13.9 322 0 12.7 10.0 5.0 2.5 2 0 2 3 3
-2715.4 5024.9 13.0 48 0 6.5 5.6 5.0 2.5 2 0 2 4 4
-2719.3 5055.5 13.5 324 0 5.7 9.2 7.5 2.5 2 1 3 0 0
-2693.5 5048.6 13.1 318 0 7.5 22.5 2.5 2.5 2 1 1 1 1
-2569.8 5015.5 12.6 54 0 15.2 6.7 2.5 0.0 0 0 1 5 5
-2632.2 4922.6 13.3 46 0 8.7 17.5 5.0 2.5 2 1 2 1 1
-2612.8 4952.6 13.1 317 0 19.4 8.5 5.0 2.5 2 0 2 2 2
-2501.4 4780.4 12.9 138 0 11.3 8.8 2.5 2.5 2 0 1 5 5
-2462.0 4779.2 13.1 46 0 16.3 10.3 5.0 2.5 2 0 2 5 5
-2299.0 4760.8 14.0 225 0 4.0 6.9 7.5 2.5 2 1 3 4 4
-2318.3 4752.1 13.9 222 0 7.2 15.5 5.0 0.0 0 1 2 2 2
-2278.8 4699.6 14.0 48 0 6.7 5.3 7.5 2.5 2 0 3 3 3
-2324.2 4693.5 13.8 341 0 7.9 14.5 2.5 2.5 2 1 1 5 5
-2354.5 4695.5 13.7 162 0 16.8 8.3 2.5 2.5 2 0 1 1 1
-2377.9 4606.9 12.5 341 0 8.8 15.0 5.0 2.5 2 0 2 2 2
-2427.1 4575.5 11.9 161 0 6.1 9.2 5.0 0.0 0 0 2 5 5
-2392.4 4575.5 12.1 342 0 5.7 19.4 5.0 0.0 0 1 2 2 2
-2411.0 4611.2 12.3 161 0 18.4 8.2 7.5 2.5 2 0 3 3 3
-2450.0 4641.7 12.1 161 0 14.6 22.0 10.0 2.5 2 1 4 0 0
-2435.0 4598.1 11.9 161 0 41.7 9.2 7.5 2.5 2 0 3 5 5
-2367.1 4613.3 12.8 341 0 19.3 12.3 7.5 2.5 2 0 3 3 3
-2177.9 4617.5 14.1 132 0 3.3 9.5 7.5 2.5 2 1 3 3 3
-2171.2 4595.1 14.0 132 0 9.2 21.7 5.0 2.5 2 1 2 3 3
-2081.8 4533.0 13.5 134 0 6.0 9.3 7.5 2.5 2 0 3 4 4
-2062.5 4552.1 13.6 312 0 9.1 5.5 5.0 2.5 2 0 2 5 5
-2088.4 4526.0 13.4 134 0 6.0 9.6 5.0 2.5 2 0 2 1 1
-2072.2 4506.9 13.3 134 0 8.8 9.6 5.0 2.5 2 0 2 4 4
-2065.0 4513.3 13.4 134 0 7.2 13.0 5.0 2.5 2 0 2 5 5
-2085.8 4422.4 12.7 128 0 12.2 6.5 5.0 2.5 2 0 2 4 4
-2056.2 4429.6 12.8 36 0 12.8 10.2 5.0 2.5 2 0 2 5 5
-1944.7 4419.4 12.8 225 0 3.4 4.1 5.0 2.5 2 1 2 4 4
-1945.5 4392.9 12.7 137 0 5.7 8.5 5.0 2.5 2 1 2 2 2
-1923.9 4401.6 12.7 43 0 5.9 12.3 2.5 2.5 2 1 1 1 1
-1887.4 4343.2 12.9 134 0 5.7 9.4 5.0 2.5 2 1 2 5 5
-1853.9 4373.6 12.8 312 0 20.3 9.4 5.0 2.5 4 0 2 2 2
-1865.9 4336.3 13.0 42 0 16.8 9.2 7.5 2.5 2 0 3 4 4
-1677.6 4179.9 13.8 48 0 8.0 7.7 2.5 2.5 2 0 1 4 4
-1691.1 4208.2 13.7 318 0 9.9 22.2 5.0 2.5 2 0 2 2 2
-1711.2 4183.6 13.8 138 0 12.0 9.2 7.5 2.5 2 0 3 4 4
-1530.2 4068.1 13.6 267 0 9.3 10.5 7.5 2.5 2 1 3 4 4
-1567.4 4053.4 13.8 177 0 9.3 12.4 5.0 2.5 2 1 2 3 3
-1575.8 4035.8 13.8 176 0 12.8 10.9 7.5 2.5 2 0 3 0 0
-1711.0 4102.8 14.1 133 0 11.9 7.3 2.5 2.5 2 0 1 0 0
-1673.5 4078.4 14.1 49 0 5.9 6.4 5.0 2.5 2 1 2 0 0
-1690.8 4114.9 14.0 318 0 7.8 9.5 2.5 2.5 2 1 1 5 5
-1702.4 4089.1 14.1 131 0 12.6 7.7 2.5 2.5 2 0 1 1 1
-1679.4 3918.5 14.4 348 0 8.9 20.9 2.5 2.5 2 1 1 1 1
-1713.1 3949.3 14.9 259 0 12.4 9.7 7.5 2.5 2 0 3 0 0
-1715.6 3929.6 14.6 169 0 18.3 12.4 7.5 2.5 2 0 3 5 5
-2027.0 3976.7 14.1 265 0 8.7 6.0 5.0 2.5 2 0 2 0 0
-2024.6 3954.0 14.2 85 0 10.3 10.2 2.5 2.5 2 0 1 3 3
-2259.5 3989.9 13.1 184 0 31.6 10.4 10.0 2.5 2 0 4 5 5
-2251.4 3887.2 14.6 267 0 7.5 10.1 7.5 2.5 2 0 3 3 3
-2242.5 3887.8 14.7 266 0 10.4 10.1 2.5 2.5 2 0 1 2 2
-2224.4 3933.6 14.2 96 0 7.0 14.5 5.0 2.5 2 1 2 1 1
-2261.0 3968.2 13.7 184 0 12.0 10.4 5.0 2.5 2 0 2 5 5
-2260.8 3934.6 14.3 187 0 11.7 19.8 5.0 2.5 2 1 2 1 1
-2301.2 3931.4 13.5 3 0 10.5 9.1 7.5 2.5 2 0 3 0 0
-2320.3 3927.2 13.3 273 0 8.8 6.1 7.5 2.5 2 0 3 1 1
-2328.6 3875.4 13.4 99 0 9.1 9.8 7.5 2.5 4 0 3 5 5
-2345.4 3881.4 13.2 189 0 8.7 4.4 7.5 2.5 4 0 3 3 3
-2327.1 3885.1 13.4 99 0 9.1 7.6 7.5 2.5 2 0 3 3 3
-2588.4 3906.8 14.8 9 0 7.1 7.9 7.5 2.5 2 1 3 0 0
-2602.8 3933.4 14.4 279 0 12.9 10.2 10.0 0.0 0 0 4 0 0
-2612.4 3924.7 14.5 279 0 10.4 17.7 7.5 0.0 0 0 3 4 4
-2758.6 3950.7 14.6 1 0 15.0 6.7 7.5 2.5 2 0 3 2 2
-2743.2 3921.8 14.9 1 0 10.0 16.9 7.5 2.5 2 1 3 0 0
-3203.4 4034.7 16.4 281 0 13.0 9.9 2.5 2.5 2 0 1 0 0
-3192.6 4012.7 15.6 11 0 14.5 8.4 7.5 2.5 2 0 3 5 5
-3234.7 3984.7 14.3 99 0 15.4 11.3 10.0 2.5 2 0 4 0 0
-3422.7 4049.9 15.3 100 0 18.9 12.9 5.0 2.5 2 0 2 3 3
-6325.5 540.6 -0.6 281 0 11.4 17.9 7.5 2.5 2 1 3 2 2
-5902.6 1331.2 0.3 299 0 10.6 8.3 7.5 2.5 2 0 3 4 4
-5900.7 1266.8 1.3 106 0 7.4 8.5 7.5 2.5 2 1 3 5 5
-6405.7 1357.2 13.3 63 0 8.8 11.4 5.0 2.5 2 1 2 0 0
-5842.0 1918.0 -3.8 119 0 5.7 10.5 5.0 2.5 2 1 2 1 1
-6071.5 1515.1 -2.1 290 0 6.5 9.1 7.5 2.5 2 1 3 2 2
-3804.0 6573.3 9.7 327 0 8.0 8.1 7.5 2.5 2 1 3 0 0
6627.8 7752.7 -18.4 101 0 14.3 11.1 5.0 0.0 0 0 2 5 5
6703.5 4015.6 -20.3 339 0 10.3 15.4 10.0 2.5 4 1 4 3 3
-4351.3 -6352.9 -18.7 240 0 14.7 10.5 2.5 2.5 2 0 1 3 3
-4501.4 -6334.2 -22.9 212 0 11.4 10.5 5.0 2.5 2 0 2 1 1
-4509.8 -6344.0 -23.2 211 0 5.8 15.9 5.0 2.5 2 1 2 5 5
-5087.8 -6724.9 -25.7 338 0 8.9 8.8 7.5 2.5 2 0 3 4 4
-5200.2 -6680.1 -26.1 261 0 4.9 8.1 5.0 2.5 2 1 2 4 4
-5203.0 -6711.1 -26.1 352 0 4.8 5.8 7.5 2.5 4 1 3 1 1
-5361.8 -6867.0 -24.3 155 0 11.9 9.7 5.0 2.5 2 0 2 1 1
-5329.2 -6855.7 -25.0 248 0 5.1 9.7 7.5 2.5 2 0 3 2 2
-5625.2 -6845.1 -24.4 5 0 8.5 10.7 5.0 2.5 2 1 2 3 3
-5952.2 -6986.9 -23.2 185 0 59.4 12.1 12.5 0.0 0 0 5 3 3
-5915.6 -6973.9 -23.1 5 0 28.0 18.8 7.5 2.5 4 0 3 5 5
-6060.7 -6846.5 -23.5 144 0 8.7 6.9 2.5 0.0 0 0 1 2 2
-4299.9 -6725.9 -26.5 174 0 3.5 10.9 7.5 2.5 2 1 3 1 1
-5031.1 -4011.7 -17.7 10 0 10.3 12.2 2.5 2.5 2 1 1 1 1
-5051.6 -3820.0 -18.8 69 0 11.9 36.0 15.0 0.0 0 1 6 5 5
-5048.9 -3755.7 -17.2 253 0 8.9 16.7 7.5 2.5 4 1 3 1 1
-5083.4 -3787.8 -17.3 247 0 10.8 6.1 7.5 2.5 2 0 3 3 3
-5060.8 -3827.1 -19.0 337 0 8.6 17.1 5.0 2.5 2 1 2 4 4
-5085.5 -3809.4 -18.0 333 0 14.2 11.8 10.0 2.5 2 0 4 1 1
-6733.5 2543.5 8.3 86 0 9.9 12.7 5.0 2.5 2 1 2 0 0
-6726.2 2588.4 8.7 263 0 5.1 3.2 5.0 2.5 2 0 2 4 4
-6342.5 2537.9 10.0 59 0 10.0 6.4 2.5 2.5 2 0 1 0 0
-6042.5 1860.4 -6.2 171 0 4.2 3.2 7.5 2.5 2 0 3 5 5
-5763.7 1175.3 -2.5 31 0 9.4 8.8 7.5 2.5 2 0 3 5 5
-5806.5 1272.7 -1.2 208 0 5.0 6.8 7.5 2.5 2 1 3 0 0
-5776.5 1263.4 -1.6 118 0 8.9 6.8 7.5 2.5 4 0 3 1 1
-5761.7 1255.6 -1.8 86 0 5.4 6.0 7.5 2.5 2 1 3 0 0
-5528.3 1193.0 1.7 16 0 11.8 8.3 2.5 2.5 2 0 1 1 1
-4867.9 1354.7 10.9 95 0 9.1 10.2 2.5 2.5 2 1 1 0 0
-4540.3 742.1 0.2 71 0 7.5 21.1 7.5 2.5 2 1 3 2 2
-4544.7 785.5 3.7 337 0 4.9 3.9 7.5 2.5 2 0 3 3 3
-5253.9 2875.6 12.9 277 0 7.7 17.8 2.5 2.5 2 1 1 4 4
-5239.3 2834.5 12.8 100 0 16.0 5.4 5.0 2.5 2 0 2 4 4
-5214.3 2829.7 13.4 99 0 7.5 11.8 7.5 2.5 2 1 3 0 0
-5229.8 2851.2 13.2 281 0 4.1 5.7 5.0 2.5 2 1 2 2 2
-5318.3 2901.0 12.3 270 0 3.1 6.2 5.0 2.5 2 1 2 1 1
-5324.6 2902.2 12.2 270 0 3.6 4.7 5.0 2.5 2 1 2 5 5
-5330.6 2868.6 11.7 1 0 3.2 6.3 7.5 0.0 0 1 3 5 5
-5345.6 2866.6 11.5 185 0 3.3 4.2 5.0 2.5 2 1 2 5 5
-5314.7 2815.7 12.3 204 0 3.4 7.2 2.5 2.5 2 1 1 5 5
-5302.8 2813.0 12.6 264 0 3.1 11.3 5.0 2.5 2 0 2 4 4
-5457.6 3873.4 13.0 274 0 3.5 4.6 7.5 2.5 2 1 3 3 3
-3210.1 1698.8 0.4 344 0 8.2 12.2 5.0 2.5 2 1 2 1 1
-4446.2 6060.9 9.2 14 0 22.0 12.0 10.0 2.5 4 0 4 1 1
632.1 -3628.5 -18.5 360 0 15.6 8.6 2.5 2.5 2 0 1 4 4
645.4 -3646.2 -18.6 360 0 6.4 15.9 7.5 2.5 2 1 3 3 3
508.8 -3224.9 -21.4 79 0 7.9 9.2 7.5 2.5 2 1 3 4 4
509.6 -3242.8 -20.8 251 0 12.3 9.5 5.0 2.5 2 0 2 2 2
489.8 -3276.1 -20.5 343 0 13.5 8.9 5.0 2.5 2 0 2 2 2
511.9 -3264.8 -20.5 130 0 4.2 8.4 7.5 2.5 2 1 3 4 4
510.3 -3281.3 -20.0 190 0 8.5 6.9 7.5 2.5 2 0 3 4 4
529.9 -3266.7 -20.0 221 0 8.7 6.6 2.5 2.5 2 0 1 1 1
360.0 -3058.0 -14.4 258 0 11.8 10.1 7.5 2.5 2 0 3 0 0
342.3 -3080.1 -11.4 168 0 14.2 5.9 7.5 2.5 2 0 3 3 3
345.0 -3100.4 -12.0 165 0 8.3 5.7 2.5 2.5 2 0 1 3 3
366.3 -3175.7 -15.0 354 0 8.4 7.0 2.5 2.5 2 0 1 5 5
390.0 -3177.0 -18.0 165 0 5.6 5.8 5.0 2.5 2 1 2 3 3
430.8 -3263.3 -21.0 161 0 9.2 6.3 2.5 0.0 0 0 1 0 0
408.8 -3224.3 -17.7 68 0 5.7 6.0 2.5 2.5 2 1 1 4 4
435.2 -3280.0 -20.8 171 0 6.1 4.9 5.0 2.5 2 0 2 0 0
439.9 -3330.7 -18.8 173 0 10.3 4.4 7.5 0.0 0 0 3 1 1
-96.7 -4648.7 -19.3 108 0 7.1 10.6 7.5 2.5 2 1 3 4 4
-1741.1 -4286.8 -20.3 22 0 21.6 6.6 7.5 2.5 2 0 3 2 2
-1766.6 -4303.5 -20.2 204 0 7.6 7.7 7.5 2.5 2 1 3 0 0
6956.5 5596.8 -18.3 19 0 12.5 9.3 5.0 2.5 2 0 2 0 0
6947.5 5571.1 -18.5 36 0 12.8 10.6 7.5 2.5 2 0 3 3 3
6908.7 5550.6 -17.8 119 0 6.5 45.4 7.5 2.5 2 1 3 1 1
6952.5 5555.7 -18.3 202 0 6.2 26.5 7.5 2.5 2 1 3 0 0
6723.0 5057.2 -15.8 87 0 6.9 13.5 5.0 2.5 2 1 2 4 4
4401.1 5402.8 -8.5 72 0 15.5 10.7 5.0 2.5 2 0 2 4 4
4440.8 5464.9 -7.6 244 0 16.7 12.2 5.0 2.5 2 0 2 2 2
2285.5 4778.4 6.9 291 0 29.5 13.9 10.0 0.0 0 0 4 0 0
6740.7 5070.7 -16.6 356 0 18.6 4.7 5.0 2.5 2 0 2 1 1
6513.0 5041.4 -12.5 279 0 8.4 8.6 5.0 2.5 2 1 2 2 2
1202.0 7440.5 16.2 223 0 5.5 7.8 5.0 2.5 2 0 2 2 2
1210.6 7432.8 16.2 40 0 5.6 3.7 2.5 2.5 2 0 1 3 3
1233.8 7474.6 16.2 36 0 10.2 13.0 5.0 0.0 0 0 2 5 5
1234.8 7464.7 16.0 34 0 5.2 6.5 2.5 2.5 2 0 1 2 2
4166.2 -7246.9 -23.9 331 0 5.9 5.6 5.0 0.0 0 0 2 0 0
4191.2 -7244.2 -23.4 245 0 5.4 5.4 5.0 2.5 2 0 2 1 1
-4693.6 -2839.6 -3.6 271 0 12.6 10.8 5.0 2.5 2 0 2 2 2
-4710.8 -2860.1 -2.8 190 0 9.9 3.6 5.0 2.5 4 0 2 0 0
-4691.1 -2883.6 -4.0 103 0 4.0 26.7 5.0 0.0 0 1 2 4 4
-4728.7 -3941.4 -13.3 80 0 10.2 9.6 5.0 2.5 2 0 2 4 4
