-4384.3 -4640.4 -4.3 69 0 34.1 17.9 5.0 0.0 0 0 2 1 1
-4510.3 -4844.6 -6.1 109 0 10.1 16.9 7.5 0.0 0 1 3 2 2
-4742.9 -4724.9 -6.3 47 0 13.7 26.4 14.0 0.0 0 1 4 2 2
-4716.1 -4696.5 -6.1 343 0 19.6 11.0 14.0 0.0 0 0 4 2 2
-4662.4 -4661.0 -5.3 161 0 9.4 16.4 2.5 2.5 2 1 1 3 3
-4562.9 -4619.6 -4.3 249 0 9.1 12.2 5.0 2.5 2 0 2 5 5
-4431.4 -4525.5 -4.1 246 0 7.0 13.8 7.5 2.5 2 1 3 5 5
-4296.8 -4614.5 -4.6 73 0 34.7 12.5 7.5 2.5 2 0 3 2 2
-4589.9 -4628.8 -4.6 253 0 6.0 11.5 5.0 0.0 0 1 2 2 2
-4444.2 -4473.9 -4.9 265 0 26.0 13.2 10.0 2.5 2 0 4 3 3
-4384.5 -4536.4 -4.3 67 0 9.6 12.1 7.5 2.5 2 0 3 2 2
-4499.5 -4635.1 -3.8 70 0 7.6 7.8 7.5 2.5 2 0 3 1 1
-4456.8 -4522.9 -4.2 79 0 11.4 12.1 2.5 2.5 2 1 1 0 0
-4415.6 -4521.1 -4.2 246 0 10.1 13.7 7.5 2.5 4 1 3 1 1
-4632.9 -4709.1 -5.2 250 0 36.8 18.1 14.0 3.5 2 0 4 1 1
-4369.0 -4529.8 -4.5 67 0 7.9 12.9 5.0 2.5 2 0 2 4 4
-4444.6 -4611.7 -3.5 70 0 13.1 12.3 7.5 2.5 4 0 3 0 0
-4470.7 -4399.6 -5.9 276 0 26.0 13.2 10.0 2.5 2 0 4 1 1
-4461.8 -4441.0 -5.4 265 0 24.5 13.3 10.0 2.5 2 0 4 0 0
-4458.3 -4533.4 -3.9 258 0 7.9 8.8 7.5 2.5 2 1 3 1 1
-4260.6 -4592.9 -5.4 164 0 19.1 37.7 7.5 0.0 0 1 3 3 3
-4418.8 -4552.7 -4.0 67 0 10.1 14.6 5.0 2.5 4 1 2 3 3
-4675.9 -4727.1 -5.5 250 0 19.9 20.5 14.0 3.5 2 1 4 2 2
-4513.4 -4637.4 -3.9 70 0 10.8 12.4 7.5 2.5 2 1 3 3 3
-4413.5 -4418.4 -5.9 186 0 14.1 25.6 10.0 2.5 2 0 4 0 0
-4067.1 -4491.5 -7.9 253 0 12.2 47.2 10.0 2.5 2 1 4 4 4
-4582.6 -4689.3 -4.9 250 0 41.5 26.8 14.0 0.0 0 0 4 2 2
-4604.9 -4642.4 -4.8 343 0 16.4 11.1 2.5 2.5 2 0 1 1 1
-4668.3 -4664.0 -5.5 341 0 9.1 17.0 10.5 3.5 2 1 3 3 3
-4112.5 -4503.2 -8.4 254 0 60.1 37.1 10.0 0.0 0 0 4 2 2
-4194.3 -4606.1 -5.5 73 0 5.7 14.5 7.5 2.5 2 1 3 3 3
-4233.6 -4541.9 -5.8 253 0 74.2 19.6 7.5 2.5 2 0 3 2 2
-4572.3 -4622.8 -4.4 251 0 7.8 14.3 2.5 2.5 2 1 1 0 0
-4628.7 -4681.2 -4.8 71 0 9.6 12.0 5.0 2.5 2 0 2 0 0
-4521.0 -4605.0 -3.9 249 0 12.5 12.5 7.5 2.5 2 1 3 1 1
-4542.3 -4642.3 -4.0 69 0 8.3 15.2 2.5 2.5 2 0 1 5 5
-4505.8 -4597.6 -3.7 249 0 10.0 15.1 5.0 2.5 2 1 2 2 2
-4431.9 -4567.2 -3.5 249 0 6.2 13.3 7.5 0.0 0 1 3 5 5
-4529.1 -4644.1 -4.0 69 0 3.7 15.5 7.5 2.5 2 1 3 5 5
-4552.2 -4615.9 -4.2 249 0 8.7 13.0 5.0 2.5 2 0 2 4 4
-4456.2 -4555.8 -3.7 162 0 15.7 8.8 7.5 2.5 2 0 3 0 0
-4552.1 -4652.2 -4.2 69 0 7.3 22.1 7.5 2.5 4 0 3 1 1
-4376.3 -4532.9 -4.4 67 0 8.1 14.7 5.0 2.5 2 0 2 2 2
-4535.2 -4609.8 -4.0 248 0 6.4 15.5 2.5 2.5 2 1 1 1 1
-4570.2 -4492.5 -4.4 263 0 15.3 10.8 10.0 2.5 2 0 4 0 0
-4609.7 -4461.0 -4.9 174 0 12.4 16.9 2.5 2.5 2 0 1 5 5
-4607.6 -4390.7 -5.8 264 0 14.2 46.4 10.0 2.5 2 1 4 1 1
-4581.9 -4409.0 -5.9 173 0 45.9 14.1 10.0 2.5 2 0 4 2 2
-4551.8 -4405.7 -6.0 174 0 45.5 14.1 10.0 0.0 0 0 4 3 3
-4599.5 -4380.8 -6.0 81 0 19.8 13.3 12.5 2.5 2 0 5 4 4
-4604.3 -4341.9 -5.4 261 0 8.5 12.1 7.5 0.0 0 1 3 0 0
-4624.8 -4345.0 -5.9 261 0 13.9 16.6 10.0 2.5 2 1 4 5 5
-4650.7 -4391.7 -6.0 81 0 19.2 14.6 7.5 2.5 2 0 3 2 2
-4653.9 -4410.2 -5.6 171 0 12.3 22.6 7.5 2.5 2 1 3 2 2
-4630.3 -4438.0 -5.3 88 0 12.0 12.4 7.5 2.5 2 1 3 1 1
-4496.8 -4375.7 -5.5 2 0 9.8 13.3 7.5 0.0 0 0 3 0 0
-4523.8 -4398.4 -5.9 173 0 23.2 15.1 12.5 2.5 4 0 5 3 3
-4560.1 -4530.6 -4.1 79 0 8.9 14.0 5.0 2.5 2 1 2 3 3
-4650.4 -4571.5 -4.2 169 0 7.6 12.8 10.5 3.5 4 0 3 4 4
-4659.4 -4550.6 -3.9 156 0 11.9 10.7 10.5 0.0 0 0 3 5 5
-4700.3 -4577.5 -4.7 153 0 11.0 17.8 14.0 3.5 4 1 4 4 4
-4695.7 -4616.9 -5.7 339 0 10.9 16.5 10.5 3.5 2 1 3 1 1
-4728.4 -4637.1 -6.1 154 0 14.9 14.4 14.0 0.0 0 0 4 0 0
-4598.4 -4592.0 -4.5 341 0 18.0 10.6 10.5 3.5 2 0 3 3 3
-4587.0 -4601.3 -4.6 341 0 16.4 7.2 10.5 3.5 2 0 3 0 0
-4577.7 -4607.9 -4.5 72 0 6.4 23.9 2.5 2.5 2 0 1 1 1
-4572.2 -4606.2 -4.4 74 0 5.4 17.6 7.5 2.5 2 0 3 0 0
-4564.1 -4601.4 -4.3 72 0 6.8 11.5 2.5 2.5 4 1 1 0 0
-4554.4 -4598.2 -4.1 71 0 10.0 16.0 7.5 2.5 2 1 3 0 0
-4544.3 -4584.4 -4.0 341 0 19.7 8.7 7.5 2.5 2 0 3 1 1
-4535.1 -4592.5 -3.9 72 0 6.4 12.6 7.5 2.5 2 0 3 1 1
-4513.5 -4583.2 -3.5 68 0 6.2 16.8 5.0 2.5 2 1 2 1 1
-4506.6 -4578.5 -3.4 69 0 7.5 15.3 5.0 2.5 4 1 2 3 3
-4487.6 -4572.2 -3.5 68 0 8.8 16.6 5.0 2.5 2 1 2 2 2
-4477.6 -4571.3 -3.4 67 0 7.3 13.4 5.0 2.5 2 1 2 5 5
-4466.5 -4561.4 -3.5 342 0 12.5 9.0 7.5 0.0 0 0 3 5 5
-4471.5 -4545.7 -3.7 346 0 15.2 5.6 5.0 0.0 0 0 2 5 5
-4478.3 -4527.7 -3.9 345 0 9.6 7.7 7.5 2.5 4 0 3 0 0
-4590.1 -4481.7 -4.6 346 0 10.8 8.3 5.0 2.5 2 0 2 4 4
-4602.4 -4527.5 -4.2 158 0 17.6 5.8 7.5 2.5 2 0 3 4 4
-4595.7 -4557.6 -3.7 157 0 10.4 7.8 7.5 2.5 2 0 3 2 2
-4590.8 -4574.1 -3.9 163 0 13.2 8.0 2.5 2.5 4 0 1 0 0
-4607.3 -4542.7 -4.0 335 1 20.3 10.1 14.0 3.5 2 0 4 0 0
-4710.2 -4487.7 -5.1 85 0 18.0 28.4 10.5 3.5 2 0 3 0 0
-4720.5 -4542.7 -4.1 156 0 10.2 13.8 7.0 3.5 2 0 2 1 1
-4682.3 -4541.7 -4.0 319 0 6.0 6.6 7.0 3.5 2 1 2 5 5
-4668.4 -4531.9 -4.3 155 0 13.6 11.7 14.0 3.5 2 0 4 3 3
-4670.6 -4634.6 -5.6 159 0 9.4 15.6 10.5 0.0 0 0 3 1 1
-4623.9 -4611.8 -4.9 71 0 14.2 8.6 7.0 3.5 2 0 2 0 0
-4636.6 -4615.9 -5.1 66 0 6.8 11.8 7.0 3.5 2 1 2 2 2
-4696.5 -4604.0 -5.2 148 0 11.4 6.7 10.5 3.5 2 0 3 0 0
-4677.8 -4636.0 -5.6 159 0 11.8 7.2 10.5 3.5 2 0 3 0 0
-4728.5 -4657.1 -6.3 163 0 12.6 9.2 7.0 3.5 2 0 2 3 3
-4786.1 -4708.6 -6.7 274 0 16.0 12.8 14.0 3.5 2 0 4 0 0
-4760.5 -4662.7 -6.7 153 0 16.7 9.2 10.5 3.5 2 0 3 1 1
-4740.4 -4666.4 -6.5 63 0 7.6 15.5 10.5 3.5 2 1 3 4 4
-4770.4 -4566.5 -5.2 245 0 14.8 16.2 7.0 3.5 2 1 2 3 3
-4749.4 -4574.5 -5.0 65 0 15.9 14.4 10.5 3.5 4 0 3 5 5
-4792.5 -4569.3 -5.1 74 0 8.4 11.9 7.0 3.5 4 1 2 3 3
-4791.3 -4575.3 -5.5 254 0 7.4 17.0 10.5 0.0 0 1 3 3 3
-4779.7 -4614.6 -6.0 159 0 7.7 7.7 7.0 3.5 2 0 2 0 0
-4741.1 -4631.6 -6.2 68 0 13.1 10.3 14.0 3.5 2 0 4 3 3
-4732.6 -4663.1 -6.4 62 0 6.0 14.4 10.5 3.5 2 0 3 5 5
-4749.7 -4610.7 -5.9 336 0 14.3 9.1 10.5 3.5 2 0 3 3 3
-4849.6 -4650.8 -7.3 157 0 9.9 15.8 10.5 0.0 0 0 3 1 1
-4921.7 -4662.5 -8.0 178 0 10.6 15.9 14.0 3.5 2 0 4 2 2
-4928.8 -4624.0 -7.4 238 0 16.0 11.6 14.0 3.5 2 0 4 1 1
-4870.2 -4591.2 -6.1 182 0 11.5 16.3 14.0 3.5 2 0 4 1 1
-4914.7 -4553.5 -5.8 229 0 8.4 11.8 10.5 3.5 4 0 3 2 2
-4869.4 -4500.0 -4.8 207 0 8.4 12.6 10.5 3.5 2 0 3 2 2
-4897.7 -4441.6 -5.7 242 0 8.6 11.9 10.5 3.5 2 0 3 3 3
-4945.9 -4513.9 -5.0 206 0 16.3 11.4 14.0 3.5 2 0 4 1 1
-5011.8 -4562.6 -4.8 232 0 14.0 11.3 14.0 3.5 2 0 4 0 0
-4536.3 -4331.9 -4.2 255 0 8.3 15.8 5.0 2.5 2 1 2 4 4
-4438.4 -4558.6 -3.7 71 0 9.1 10.0 2.5 2.5 2 1 1 4 4
-4401.6 -4543.1 -4.2 67 0 18.4 12.0 7.5 2.5 2 0 3 4 4
-4359.1 -4577.0 -4.2 63 0 10.4 10.3 5.0 2.5 2 0 2 1 1
-4336.6 -4558.9 -4.6 66 0 12.1 8.2 2.5 2.5 2 0 1 5 5
-5303.4 -4362.7 -5.0 52 0 15.7 48.6 7.5 2.5 2 1 3 2 2
-5270.7 -4361.3 -4.5 141 0 37.6 13.6 14.0 3.5 4 0 4 3 3
-5184.0 -4736.3 -5.0 357 0 30.7 48.0 7.5 2.5 2 1 3 3 3
-5241.3 -4728.7 -4.1 360 0 11.4 24.1 7.5 2.5 2 1 3 4 4
-5258.4 -4705.2 -4.3 91 0 12.2 11.7 7.5 2.5 2 0 3 3 3
-5218.5 -4703.5 -4.2 83 0 12.9 12.1 7.5 2.5 2 0 3 0 0
-5218.4 -4631.3 -4.7 263 0 17.2 10.7 10.0 2.5 2 0 4 0 0
-5254.7 -4635.5 -4.8 263 0 19.0 12.3 2.5 2.5 2 0 1 2 2
-5252.3 -4619.1 -5.1 84 0 19.8 11.7 7.5 2.5 2 0 3 3 3
-5176.5 -4612.4 -4.5 88 0 11.1 15.6 10.5 3.5 2 0 3 1 1
-5150.5 -4602.6 -4.3 178 0 15.5 11.9 10.5 3.5 2 0 3 3 3
-5117.8 -4600.2 -4.2 178 0 16.6 11.0 10.5 3.5 2 0 3 1 1
-5032.7 -4484.1 -5.4 105 0 17.8 13.3 12.0 3.5 2 0 3 5 5
-5388.4 -4271.0 -5.2 322 0 36.8 19.7 10.0 0.0 0 0 4 4 4
-5452.2 -4316.3 -5.7 142 0 38.1 19.2 7.5 0.0 0 0 3 1 1
-4368.1 -4467.4 -5.3 265 0 25.6 13.1 10.0 0.0 0 0 4 5 5
-4393.1 -4469.5 -5.1 265 0 24.5 13.2 10.0 2.5 2 0 4 4 4
-4418.2 -4471.7 -5.0 265 0 26.0 13.2 10.0 2.5 2 0 4 0 0
-4427.2 -4437.8 -5.5 265 0 18.3 13.3 10.0 2.5 2 0 4 3 3
-4323.6 -4420.0 -5.8 276 0 25.6 14.2 10.0 2.5 2 0 4 5 5
-4349.1 -4417.6 -5.9 276 0 25.6 14.2 10.0 2.5 2 0 4 2 2
-4374.6 -4415.1 -5.8 276 0 25.6 14.2 10.0 2.5 2 0 4 3 3
-4444.8 -4402.3 -5.9 276 0 26.0 13.2 10.0 2.5 2 0 4 4 4
-4506.1 -4485.0 -4.5 263 0 10.7 10.8 10.0 2.5 2 0 4 3 3
-4523.1 -4487.0 -4.4 263 0 21.7 10.8 10.0 2.5 2 0 4 2 2
-4554.7 -4490.7 -4.4 263 0 15.9 10.8 10.0 2.5 2 0 4 4 4
-5405.5 -4880.8 -6.2 79 0 36.5 12.9 7.5 2.5 2 0 3 4 4
-5418.5 -4919.6 -6.6 174 0 12.4 14.6 2.5 2.5 2 1 1 2 2
-5483.9 -5051.9 -6.7 52 0 50.6 18.5 7.5 2.5 2 0 3 3 3
-5562.8 -5165.1 -6.5 145 0 46.0 13.9 10.0 0.0 0 0 4 2 2
-5613.6 -5309.4 -6.9 228 0 33.9 13.5 10.0 2.5 2 0 4 1 1
-5743.7 -5185.9 -6.1 142 0 36.6 25.3 7.5 0.0 0 0 3 0 0
-5758.6 -5228.8 -6.4 230 0 16.4 61.2 12.5 2.5 2 1 5 2 2
-5707.3 -5317.3 -6.0 319 0 17.8 47.2 10.0 2.5 2 1 4 4 4
-5887.8 -5370.6 -5.0 195 0 14.6 56.2 7.5 2.5 2 1 3 1 1
-5837.7 -5672.5 -7.7 29 0 34.2 50.8 10.0 0.0 0 0 4 0 0
-5804.3 -5709.3 -8.2 23 0 58.8 13.1 12.5 2.5 2 0 5 2 2
-5790.4 -5635.6 -7.7 210 0 30.1 13.7 7.5 0.0 0 0 3 0 0
-5781.5 -5277.1 -6.1 319 0 46.2 16.6 7.5 0.0 0 0 3 3 3
-5800.7 -5232.7 -6.0 49 0 59.1 18.1 7.5 0.0 0 0 3 4 4
-5639.3 -5092.7 -6.0 137 0 11.2 28.5 10.0 2.5 2 1 4 2 2
-5529.1 -4795.0 -7.6 280 0 48.8 15.5 15.0 0.0 0 0 6 4 4
-5596.5 -4790.6 -7.9 11 0 11.9 38.8 7.5 2.5 2 1 3 1 1
-5767.3 -4808.7 -6.7 78 0 28.8 7.0 5.0 2.5 2 0 2 1 1
-5258.3 -4947.6 -7.2 47 0 8.6 9.8 7.5 2.5 4 0 3 0 0
-5281.3 -4967.5 -7.5 45 0 12.6 13.8 2.5 2.5 4 1 1 1 1
-5258.3 -4977.2 -7.7 315 0 11.6 14.2 7.5 2.5 2 1 3 5 5
-5247.1 -4968.2 -7.3 136 0 9.8 14.3 5.0 2.5 2 0 2 1 1
-5225.2 -4937.8 -7.5 227 0 8.0 24.2 7.5 2.5 2 1 3 2 2
-5204.0 -5009.7 -8.0 134 0 7.7 8.8 2.5 2.5 2 1 1 4 4
-5178.3 -4994.9 -7.8 48 0 8.2 8.8 7.5 2.5 2 0 3 5 5
-5145.3 -4965.1 -7.5 326 0 9.0 8.9 5.0 2.5 2 0 2 0 0
-5133.9 -4953.5 -7.3 145 0 8.3 13.6 7.5 2.5 4 1 3 1 1
-5106.5 -4941.5 -7.1 56 0 8.8 8.8 5.0 2.5 2 0 2 4 4
-5329.3 -4862.9 -6.1 77 0 19.5 17.8 10.0 2.5 2 0 4 3 3
-5077.5 -4917.2 -6.9 327 0 8.1 8.7 7.5 2.5 2 1 3 2 2
-5087.7 -4900.8 -6.8 328 0 8.5 8.8 5.0 2.5 2 1 2 1 1
-5098.6 -4883.1 -6.8 326 0 9.5 13.1 7.5 2.5 2 1 3 1 1
-5144.0 -4865.1 -6.8 256 0 8.9 9.9 5.0 2.5 2 1 2 1 1
-5159.9 -4875.2 -6.9 227 0 9.2 7.5 7.5 2.5 2 0 3 4 4
-5179.4 -4893.5 -7.1 227 0 7.9 8.2 7.5 0.0 0 0 3 2 2
-5238.9 -4929.9 -6.9 47 0 9.3 9.1 5.0 2.5 2 0 2 5 5
-5218.8 -4908.3 -6.6 47 0 8.3 9.1 7.5 2.5 2 0 3 5 5
-5196.9 -4889.0 -6.7 47 0 9.7 9.8 5.0 2.5 2 1 2 2 2
-5179.4 -4873.3 -6.7 47 0 21.9 10.6 7.5 2.5 2 0 3 4 4
-5194.8 -4849.5 -6.3 268 0 9.1 8.3 5.0 2.5 2 0 2 0 0
-5220.1 -4858.5 -6.2 257 0 9.7 14.3 7.5 2.5 2 1 3 5 5
-5246.7 -4859.1 -6.1 257 0 11.3 13.2 2.5 2.5 2 1 1 5 5
-5274.5 -4866.8 -6.1 257 0 10.1 8.7 5.0 2.5 2 0 2 2 2
-5345.2 -4888.0 -6.7 240 0 10.3 22.8 5.0 2.5 2 1 2 4 4
-5318.4 -4889.3 -6.5 339 0 8.7 12.5 7.5 2.5 2 1 3 4 4
-5307.6 -4911.9 -6.8 333 0 8.8 9.0 2.5 2.5 2 1 1 1 1
-5299.2 -4930.8 -7.1 334 0 9.7 25.0 2.5 2.5 2 1 1 4 4
-5283.1 -4923.6 -6.9 143 0 7.8 9.0 5.0 2.5 2 1 2 1 1
-5296.9 -4900.8 -6.6 153 0 4.7 14.4 7.5 2.5 2 1 3 3 3
-5305.6 -4883.0 -6.4 155 0 7.7 8.7 5.0 2.5 2 1 2 4 4
-5159.1 -4922.1 -7.2 139 0 5.4 12.3 2.5 2.5 2 1 1 2 2
-5157.8 -4951.3 -7.5 320 0 10.4 9.6 5.0 2.5 2 0 2 1 1
-5146.9 -4935.8 -7.2 141 0 5.4 11.1 2.5 2.5 2 1 1 3 3
-5134.9 -4893.8 -7.0 228 0 5.2 13.3 7.5 2.5 4 0 3 0 0
-5065.5 -4909.4 -7.2 148 0 8.2 11.2 7.0 3.5 2 1 2 0 0
-5048.6 -4904.0 -7.4 58 0 7.3 10.1 10.5 3.5 4 0 3 0 0
-5075.9 -4892.9 -7.5 148 0 8.4 9.3 10.5 3.5 4 1 3 1 1
-5087.1 -4874.6 -7.7 148 0 5.0 8.3 10.5 3.5 2 0 3 4 4
-5010.1 -4880.4 -8.0 58 0 8.9 8.5 10.5 0.0 0 0 3 1 1
-4983.3 -4866.0 -8.2 71 0 8.6 12.0 10.5 3.5 2 1 3 0 0
-4922.1 -4759.4 -8.0 332 0 9.8 18.2 10.5 3.5 2 1 3 4 4
-4877.4 -4769.3 -7.6 155 0 23.9 7.9 10.5 0.0 0 0 3 3 3
-4870.5 -4726.6 -7.6 246 0 7.8 19.7 10.5 3.5 2 1 3 0 0
-4847.9 -4733.0 -7.3 335 0 11.5 8.9 10.5 3.5 2 0 3 2 2
-5213.0 -5019.3 -8.1 318 0 8.6 9.8 5.0 2.5 2 1 2 4 4
-5228.3 -5005.6 -8.0 318 0 8.6 9.1 2.5 2.5 2 1 1 1 1
-5223.1 -5036.1 -8.3 48 0 8.4 9.9 7.5 2.5 2 1 3 1 1
-5235.6 -5049.2 -8.4 47 0 7.6 24.4 5.0 2.5 2 1 2 2 2
-5245.8 -5057.0 -8.5 48 0 19.0 9.1 7.5 2.5 2 0 3 5 5
-5186.8 -5071.2 -8.0 306 0 17.0 14.6 2.5 2.5 2 0 1 1 1
-5108.0 -4830.3 -7.5 252 0 8.6 8.7 7.0 3.5 2 1 2 2 2
-5069.7 -4820.0 -7.5 256 0 8.6 8.6 10.5 3.5 4 0 3 0 0
-5047.6 -4850.0 -8.2 77 0 14.6 7.0 10.5 0.0 0 0 3 0 0
-4907.4 -4729.6 -8.3 66 0 7.3 14.9 10.5 3.5 2 1 3 1 1
-4892.1 -4744.2 -8.0 335 0 13.4 7.7 10.5 3.5 2 0 3 4 4
-4890.1 -4740.9 -7.8 155 0 9.0 7.8 10.5 3.5 2 0 3 5 5
-4879.6 -4731.0 -7.7 245 0 7.2 12.2 10.5 3.5 2 1 3 1 1
-4886.7 -4721.7 -8.0 66 0 6.8 12.0 7.0 3.5 2 1 2 0 0
-4877.1 -4711.1 -8.0 65 0 9.3 14.4 7.0 3.5 2 1 2 4 4
-4837.4 -4691.0 -7.5 156 0 9.9 14.7 10.5 3.5 2 1 3 2 2
-4789.9 -4682.3 -7.0 66 0 9.3 10.5 10.5 3.5 2 1 3 0 0
-4792.0 -4662.3 -7.1 336 0 7.9 8.3 10.5 3.5 2 1 3 2 2
-4780.6 -4679.3 -6.9 66 0 6.1 12.8 10.5 3.5 2 1 3 5 5
-4771.9 -4668.9 -6.8 336 0 10.5 7.7 10.5 0.0 0 0 3 5 5
-4797.8 -4654.2 -7.1 336 0 6.9 11.6 10.5 3.5 2 1 3 3 3
-4849.8 -4679.8 -7.8 337 0 8.8 9.5 10.5 3.5 2 1 3 4 4
-4909.0 -4707.4 -8.4 66 0 7.5 20.2 7.0 3.5 2 1 2 0 0
-5170.5 -4681.4 -4.1 169 0 7.7 9.2 7.5 2.5 2 1 3 2 2
-5220.4 -4614.2 -4.9 83 0 18.5 10.9 7.5 2.5 4 0 3 2 2
-5292.7 -4586.6 -5.4 225 0 16.9 12.7 7.5 2.5 2 0 3 2 2
-5305.1 -4613.9 -5.1 172 0 16.4 11.9 7.5 2.5 2 0 3 1 1
-5299.8 -4654.6 -5.0 176 0 16.6 11.9 7.5 2.5 4 0 3 1 1
-5298.5 -4694.6 -4.5 180 0 11.1 17.3 7.5 2.5 4 1 3 5 5
-5295.2 -4721.6 -4.2 270 0 8.8 11.7 7.5 2.5 4 1 3 3 3
-5292.4 -4553.5 -4.9 151 0 17.0 12.7 7.5 2.5 2 0 3 5 5
-5307.9 -4557.0 -5.6 307 0 18.1 11.2 7.5 2.5 4 0 3 3 3
-5328.9 -4577.2 -5.6 288 0 17.6 12.0 7.5 2.5 2 0 3 5 5
-5333.1 -4623.2 -5.1 174 0 16.9 11.8 7.5 2.5 4 0 3 2 2
-5330.3 -4655.2 -5.1 176 0 17.4 11.9 7.5 2.5 2 0 3 1 1
-5310.8 -4691.8 -4.7 270 0 9.3 12.1 7.5 2.5 2 1 3 5 5
-5331.4 -4717.7 -4.2 288 0 17.4 12.2 7.5 2.5 2 0 3 4 4
-5357.8 -4706.0 -4.9 288 0 17.2 12.1 7.5 2.5 2 0 3 5 5
-5415.9 -4708.9 -5.5 182 0 8.6 12.3 7.5 2.5 2 1 3 4 4
-5381.4 -4688.1 -5.4 2 0 16.4 12.2 7.5 2.5 2 0 3 2 2
-5371.6 -4676.5 -5.2 182 0 15.8 12.3 7.5 2.5 2 0 3 1 1
-5403.9 -4656.3 -5.2 85 0 12.5 16.2 7.5 2.5 4 1 3 5 5
-5373.2 -4632.4 -5.1 355 0 16.8 11.7 7.5 2.5 2 0 3 4 4
-5358.4 -4627.5 -5.0 175 0 16.6 13.1 7.5 2.5 2 0 3 1 1
-5397.2 -4768.4 -4.9 281 0 10.8 7.6 5.0 2.5 4 0 2 3 3
-4824.2 -4437.4 -5.7 168 0 14.0 10.1 10.5 3.5 2 0 3 2 2
-4823.5 -4403.8 -6.0 255 0 10.4 14.7 14.0 3.5 2 0 4 5 5
-4961.5 -4595.5 -6.3 50 0 6.5 11.6 10.5 3.5 2 0 3 5 5
-4946.2 -4697.1 -8.3 156 0 7.5 9.8 10.5 3.5 2 1 3 2 2
-4935.0 -4734.0 -8.1 155 0 13.6 6.1 10.5 3.5 4 0 3 1 1
-4940.6 -4721.7 -8.2 155 0 13.4 6.1 10.5 3.5 2 0 3 1 1
-4907.5 -4744.1 -8.1 244 0 7.3 13.7 7.0 3.5 2 1 2 5 5
-4886.6 -4756.5 -7.8 335 0 7.0 7.7 10.5 0.0 0 1 3 0 0
-4878.5 -4783.2 -7.6 66 0 7.9 10.4 10.5 3.5 2 0 3 5 5
-5172.1 -4989.3 -7.7 48 0 8.6 8.8 2.5 0.0 0 0 1 4 4
-5099.5 -4936.7 -7.1 56 0 8.3 8.8 5.0 2.5 2 0 2 3 3
-5235.0 -4949.7 -7.2 226 0 14.3 9.9 2.5 2.5 2 0 1 4 4
-5193.8 -4915.9 -7.2 317 0 9.9 9.0 2.5 2.5 2 0 1 0 0
-5173.1 -4887.7 -7.1 227 0 9.2 8.2 5.0 2.5 2 0 2 1 1
-5212.7 -4902.7 -6.6 47 0 8.3 9.1 5.0 2.5 2 0 2 4 4
-5232.1 -4923.6 -6.7 47 0 9.3 9.1 2.5 2.5 2 0 1 2 2
-5251.9 -4941.7 -7.1 47 0 8.6 9.8 7.5 2.5 2 0 3 4 4
-5271.8 -4939.1 -7.0 133 0 6.1 35.5 5.0 2.5 2 1 2 1 1
-5264.6 -4864.5 -6.1 257 0 10.1 8.7 2.5 2.5 2 0 1 5 5
-5087.5 -4859.0 -7.8 238 0 7.4 10.9 10.5 3.5 2 0 3 4 4
-5026.1 -4890.0 -7.6 58 0 13.5 8.7 10.5 3.5 2 0 3 0 0
-5036.1 -4896.2 -7.5 58 0 10.0 8.7 10.5 3.5 2 0 3 3 3
-5000.6 -4875.5 -8.3 46 0 11.8 11.7 10.5 3.5 2 0 3 1 1
-5061.4 -4817.8 -7.5 256 0 8.5 8.6 10.5 3.5 2 0 3 2 2
-5058.5 -4844.6 -8.0 108 0 5.7 10.7 10.5 0.0 0 0 3 5 5
-4857.0 -4659.5 -7.6 358 0 10.7 17.0 14.0 0.0 0 0 4 0 0
-4882.2 -4655.3 -7.8 267 0 15.9 10.6 14.0 0.0 0 0 4 1 1
-4898.1 -4656.1 -7.9 267 0 15.9 10.6 14.0 3.5 2 0 4 2 2
-4879.3 -4600.3 -6.6 329 0 11.7 15.9 14.0 3.5 2 0 4 2 2
-4904.9 -4609.1 -6.9 239 0 14.5 11.7 14.0 3.5 2 0 4 1 1
-4915.1 -4615.4 -7.1 238 0 16.1 11.6 14.0 3.5 2 0 4 5 5
-4815.3 -4630.7 -6.8 247 0 15.8 9.9 10.5 0.0 0 0 3 0 0
-4829.8 -4636.9 -7.0 247 0 15.8 9.9 10.5 3.5 2 0 3 5 5
-4830.2 -4587.2 -5.9 273 0 16.3 11.4 14.0 3.5 2 0 4 5 5
-4850.1 -4586.3 -6.0 273 0 15.4 11.5 14.0 3.5 4 0 4 5 5
-4834.1 -4719.0 -7.2 163 0 15.1 9.0 10.5 3.5 2 0 3 5 5
-4895.6 -4784.3 -7.7 156 0 10.2 12.1 10.5 3.5 2 0 3 2 2
-4802.5 -4760.4 -6.6 67 0 28.0 9.9 10.5 3.5 4 0 3 3 3
-4687.2 -4456.9 -5.1 264 0 13.8 14.9 10.5 3.5 4 0 3 0 0
-4698.9 -4458.1 -5.1 264 0 9.9 14.9 10.5 3.5 2 0 3 2 2
-4803.3 -4398.6 -6.0 255 0 10.5 14.7 14.0 3.5 4 0 4 1 1
-4813.4 -4401.2 -6.0 255 0 10.4 14.7 14.0 0.0 0 0 4 1 1
-4870.3 -4426.7 -5.9 242 0 8.5 11.9 10.5 3.5 2 0 3 5 5
-4884.2 -4434.2 -5.8 241 0 8.3 11.9 10.5 3.5 2 0 3 0 0
-4924.5 -4469.9 -5.4 206 0 16.3 11.4 14.0 3.5 2 0 4 2 2
-4931.7 -4484.6 -5.1 206 0 16.3 11.4 14.0 3.5 2 0 4 2 2
-4938.8 -4499.2 -4.9 206 0 16.3 11.4 14.0 3.5 2 0 4 0 0
-4855.2 -4471.4 -5.3 207 0 8.5 12.6 10.5 3.5 4 0 3 5 5
-4865.9 -4492.9 -5.0 206 0 15.8 12.6 14.0 0.0 0 0 4 0 0
-4872.6 -4523.9 -4.9 319 0 11.4 15.8 14.0 3.5 2 0 4 0 0
-4894.2 -4535.5 -5.2 228 0 16.1 11.4 14.0 0.0 0 0 4 3 3
-4908.8 -4548.3 -5.5 228 0 15.4 11.7 14.0 3.5 4 0 4 3 3
-4979.5 -4537.6 -5.5 232 0 13.9 11.3 14.0 3.5 2 0 4 5 5
-4990.4 -4546.0 -5.3 232 0 12.5 11.3 14.0 3.5 2 0 4 3 3
-4997.5 -4551.5 -5.1 232 0 13.4 11.3 14.0 3.5 4 0 4 1 1
-4950.6 -4583.9 -6.3 50 0 12.5 9.8 10.5 3.5 2 0 3 3 3
-4928.0 -4703.5 -8.4 158 0 18.1 5.9 10.5 3.5 2 0 3 3 3
-4866.3 -4706.7 -8.0 65 0 8.6 20.9 10.5 3.5 4 1 3 3 3
-4778.2 -4651.6 -6.9 342 0 12.2 4.3 10.5 3.5 2 0 3 2 2
-4281.5 -4471.2 -5.8 59 0 18.3 12.2 7.0 2.5 2 0 2 4 4
-4241.9 -4448.4 -5.1 42 0 5.2 16.8 5.0 0.0 0 1 2 3 3
-4297.4 -4496.1 -5.4 230 0 9.8 11.6 7.5 0.0 0 1 3 0 0
-4332.7 -4522.3 -4.9 240 0 8.6 13.2 7.5 2.5 4 1 3 3 3
-4309.0 -4534.0 -5.1 56 0 9.3 9.8 5.0 0.0 0 1 2 4 4
-4784.6 -4602.2 -5.8 158 0 7.3 7.3 7.0 0.0 0 0 2 5 5
-4803.0 -4550.9 -4.8 164 0 3.7 9.6 10.5 3.5 4 1 3 5 5
-5822.2 -4621.7 -5.3 282 0 10.7 12.5 5.0 0.0 0 1 2 1 1
-5716.0 -4652.8 -5.9 12 0 12.5 10.7 5.0 2.5 2 0 2 1 1
-5743.3 -4653.7 -5.7 102 0 10.7 12.5 2.5 2.5 2 1 1 3 3
-5761.4 -4634.4 -5.4 282 0 10.7 12.5 10.0 2.5 2 1 4 0 0
-5781.6 -4630.7 -5.4 282 0 10.7 12.5 2.5 2.5 2 1 1 0 0
-5802.3 -4625.7 -5.4 282 0 10.7 12.5 5.0 0.0 0 1 2 2 2
-4508.7 -4326.2 -2.8 182 0 9.8 13.3 7.5 2.5 2 0 3 0 0
-4495.8 -4338.9 -3.5 2 0 4.9 13.3 7.5 2.5 2 0 3 2 2
-4496.0 -4346.2 -4.1 2 0 9.8 13.3 7.5 2.5 2 0 3 2 2
-4496.2 -4356.0 -4.6 2 0 9.8 13.3 7.5 0.0 0 0 3 0 0
-4496.5 -4365.8 -5.0 2 0 9.8 13.3 7.5 2.5 2 0 3 0 0
-4458.5 -4050.4 -0.0 186 0 12.3 40.0 10.0 2.5 4 1 4 2 2
-4416.9 -3986.2 -0.7 274 0 12.3 21.5 10.0 2.5 2 1 4 1 1
-4478.0 -4006.1 -0.2 4 0 17.7 9.5 5.0 2.5 2 0 2 3 3
-4527.1 -3992.6 0.0 272 0 13.0 9.1 7.5 2.5 2 0 3 1 1
-4765.3 -4640.9 -6.5 153 0 8.3 11.7 10.5 3.5 2 1 3 5 5
-4735.8 -4638.1 -6.4 338 0 16.0 4.9 10.5 3.5 2 0 3 0 0
-4687.0 -4639.3 -6.0 339 0 10.5 17.1 10.5 3.5 2 1 3 4 4
-4502.3 -4537.6 -3.7 253 0 5.0 14.6 5.0 2.5 2 1 2 0 0
-4384.6 -4587.1 -3.8 63 0 6.3 6.5 7.5 2.5 4 1 3 2 2
-4550.2 -4548.6 -3.8 345 0 24.7 20.0 7.5 0.0 0 0 3 4 4
-4536.7 -4575.2 -3.5 164 0 6.4 3.7 5.0 2.5 2 0 2 4 4
-4543.4 -4560.9 -3.7 172 0 21.1 4.4 7.5 0.0 0 0 3 3 3
-4529.1 -4556.3 -3.5 257 0 5.4 12.9 5.0 2.5 4 0 2 5 5
-4518.8 -4555.5 -3.6 165 0 4.4 3.4 7.5 2.5 4 0 3 0 0
-4458.0 -4578.7 -3.1 250 0 7.4 9.5 5.0 2.5 2 0 2 3 3
-4615.5 -4672.6 -4.7 72 0 5.2 13.9 5.0 2.5 2 1 2 5 5
-4125.5 -4485.0 -7.3 74 0 62.6 11.3 2.5 2.5 4 0 1 1 1
-3783.3 -4317.9 -4.4 254 0 11.8 19.9 5.0 2.5 2 1 2 4 4
-4206.9 -4058.1 -2.0 32 0 15.9 9.9 5.0 2.5 2 0 2 3 3
-4154.1 -4028.7 -1.4 212 0 11.1 18.3 5.0 2.5 2 1 2 1 1
-4084.0 -4074.8 -0.0 120 0 14.5 9.7 7.5 0.0 0 0 3 0 0
-5442.8 -5155.2 -6.7 227 0 8.9 7.2 5.0 2.5 2 0 2 0 0
-5387.3 -4948.7 -7.0 143 0 6.8 11.9 5.0 2.5 2 1 2 2 2
-5404.9 -5175.1 -6.9 49 0 13.8 7.5 5.0 2.5 2 0 2 1 1
-5432.8 -5010.1 -7.6 232 0 28.3 10.7 10.0 2.5 2 0 4 1 1
-5425.9 -5078.6 -6.5 153 0 24.6 11.3 7.5 0.0 0 0 3 3 3
-5449.6 -4967.6 -7.0 354 0 13.5 11.2 5.0 2.5 2 0 2 5 5
-5373.0 -4989.1 -7.6 328 0 11.2 43.1 7.5 2.5 2 1 3 4 4
-5436.2 -5044.0 -7.5 146 0 10.8 21.5 5.0 2.5 2 1 2 5 5
-5345.8 -4945.2 -7.1 55 0 8.2 9.5 5.0 0.0 0 1 2 5 5
-5294.2 -4997.7 -7.9 227 0 7.0 7.4 5.0 0.0 0 1 2 4 4
-5344.0 -4957.2 -7.3 56 0 6.3 5.4 5.0 2.5 2 0 2 2 2
-5642.1 -5156.5 -6.2 327 0 13.2 13.9 5.0 2.5 2 1 2 5 5
-5670.8 -5358.6 -5.9 234 0 17.6 11.6 5.0 2.5 2 0 2 2 2
-5636.7 -5223.0 -6.5 326 0 13.1 9.0 2.5 2.5 2 0 1 2 2
-5558.9 -5280.9 -7.0 314 0 5.7 8.7 7.5 0.0 0 1 3 1 1
-5890.7 -5583.7 -6.9 302 0 8.7 14.6 7.5 2.5 2 1 3 0 0
-5670.4 -5300.1 -6.4 140 0 8.3 5.1 7.5 2.5 2 0 3 0 0
-5573.9 -5100.1 -6.1 318 0 23.1 6.4 2.5 2.5 2 0 1 3 3
-5783.2 -5538.0 -6.8 22 0 19.4 9.5 2.5 2.5 2 0 1 4 4
-5770.1 -5617.3 -7.5 289 0 3.8 3.4 5.0 2.5 2 0 2 4 4
-5613.3 -5116.1 -6.1 140 0 24.4 13.0 7.5 2.5 2 0 3 3 3
-5682.2 -5282.4 -6.5 50 0 4.2 7.1 5.0 2.5 4 1 2 1 1
-5752.9 -5623.5 -7.6 290 0 4.9 4.2 5.0 2.5 2 0 2 0 0
-5636.8 -5125.1 -6.2 145 0 42.7 10.1 10.0 2.5 2 0 4 2 2
-5797.2 -5572.3 -7.1 22 0 16.1 8.3 7.5 0.0 0 0 3 0 0
-5798.5 -5480.5 -6.3 221 0 43.7 15.1 10.0 2.5 2 0 4 3 3
-5751.0 -5527.9 -7.2 292 0 12.8 60.2 10.0 2.5 4 0 4 0 0
-5805.6 -5400.1 -5.1 47 0 17.1 9.9 7.5 2.5 2 0 3 2 2
-5661.6 -5126.4 -6.0 324 0 21.0 8.8 5.0 2.5 2 0 2 5 5
-5766.2 -5519.1 -6.6 22 0 6.0 9.5 5.0 2.5 2 1 2 5 5
-5867.5 -5480.6 -6.2 299 0 13.7 45.0 7.5 0.0 0 1 3 4 4
-5765.9 -5599.2 -7.4 112 0 12.3 71.7 7.5 2.5 2 0 3 3 3
-5681.6 -6173.6 -8.4 290 0 14.3 8.7 5.0 2.5 4 0 2 1 1
-5913.6 -6093.7 -9.0 289 0 23.4 12.1 10.0 2.5 2 0 4 0 0
-5708.2 -6165.9 -8.5 289 0 31.3 10.9 10.0 2.5 2 0 4 0 0
-5804.0 -6121.3 -9.0 109 0 45.1 13.3 10.0 0.0 0 0 4 1 1
-5789.7 -6139.9 -8.8 289 0 18.5 7.5 7.5 2.5 2 0 3 1 1
-5755.6 -6148.6 -8.7 291 0 9.5 8.5 5.0 2.5 2 0 2 5 5
-5861.8 -6090.4 -9.1 289 0 6.3 5.6 5.0 2.5 2 0 2 2 2
-5915.7 -5996.1 -9.2 19 0 8.5 7.4 7.5 2.5 2 0 3 0 0
-5839.3 -6109.1 -9.1 109 0 29.7 13.3 10.0 0.0 0 0 4 3 3
-5950.5 -5754.3 -7.9 104 0 16.0 11.6 7.5 2.5 2 0 3 0 0
-5894.8 -5662.3 -7.3 119 0 8.1 38.2 7.5 0.0 0 0 3 2 2
-5964.4 -6090.3 -9.0 108 0 15.0 11.2 7.5 2.5 4 0 3 3 3
-6099.6 -6094.2 -8.4 78 0 13.8 24.3 10.0 0.0 0 1 4 3 3
-6129.4 -6096.3 -8.1 78 0 13.8 24.3 10.0 0.0 0 1 4 3 3
-6169.6 -6071.7 -7.5 268 0 7.0 16.4 5.0 0.0 0 1 2 5 5
-6133.1 -6114.9 -8.4 177 0 11.4 42.3 7.5 2.5 4 1 3 2 2
-6085.6 -5672.3 -6.3 263 0 8.1 11.1 7.5 2.5 2 1 3 0 0
-6139.4 -5648.9 -5.7 286 0 19.6 15.5 10.0 2.5 2 0 4 5 5
-6029.6 -6094.5 -8.7 290 0 14.7 18.8 7.5 2.5 2 0 3 4 4
-6015.6 -6099.5 -8.8 290 0 14.9 29.7 10.0 2.5 2 0 4 3 3
-5558.7 -4926.6 -6.1 172 0 9.3 7.6 5.0 2.5 2 0 2 1 1
-5875.6 -6084.9 -9.1 289 0 19.8 6.5 5.0 2.5 2 0 2 2 2
-6726.4 -5935.9 -6.1 290 0 17.9 13.4 7.5 2.5 4 0 3 3 3
-6355.1 -5943.0 -7.3 289 0 36.7 16.6 10.0 2.5 2 0 4 2 2
-5176.8 -4927.5 -7.4 317 0 5.5 13.7 2.5 2.5 2 0 1 1 1
-5186.8 -4936.9 -7.4 317 0 6.5 5.0 5.0 0.0 0 0 2 3 3
-5177.6 -4580.0 -4.5 268 0 11.2 16.9 10.5 3.5 4 0 3 0 0
-5151.1 -4586.4 -4.4 178 0 16.9 11.9 10.5 3.5 2 0 3 2 2
-5113.0 -4575.7 -4.2 268 0 11.0 15.9 10.5 3.5 2 0 3 3 3
-6313.4 -4751.0 -4.7 59 0 11.9 20.6 2.5 2.5 4 1 1 3 3
-5957.2 -5811.1 -8.7 15 0 25.0 22.8 7.5 0.0 0 0 3 2 2
-4518.4 -4375.7 -5.4 96 0 16.7 6.1 7.5 2.5 4 0 3 1 1
-4546.4 -4372.0 -5.5 79 0 7.4 12.2 5.0 2.5 2 1 2 2 2
-4639.0 -4627.6 -5.2 68 0 4.6 6.8 7.0 0.0 0 1 2 4 4
-4760.8 -4740.5 -6.1 98 0 5.6 8.6 10.5 3.5 2 1 3 0 0
-4726.7 -4726.4 -5.7 67 0 9.4 6.2 10.5 3.5 2 0 3 1 1
-4912.7 -4770.6 -8.0 336 0 6.9 7.1 10.5 3.5 2 0 3 5 5
-4570.4 -4363.9 -5.3 81 0 6.7 6.8 7.5 2.5 2 0 3 5 5
-4569.0 -4375.6 -5.9 81 0 7.5 11.8 2.5 2.5 2 0 1 0 0
-4484.8 -4546.6 -3.7 346 0 13.7 4.5 7.5 2.5 2 0 3 0 0
-4904.5 -4827.6 -7.6 67 0 9.9 6.5 10.5 3.5 2 0 3 5 5
-5418.6 -4754.7 -5.1 9 0 6.3 7.7 7.5 2.5 2 1 3 2 2
-4172.0 -4019.4 0.2 31 0 5.5 7.8 7.5 0.0 0 1 3 4 4
-4550.4 -3981.8 -0.0 274 0 6.8 12.0 5.0 0.0 0 1 2 3 3
-4591.1 -4100.9 -0.2 1 0 13.7 8.9 2.5 2.5 2 0 1 4 4
-4654.5 -4036.0 0.2 88 0 7.7 13.4 2.5 2.5 2 1 1 1 1
-4162.3 -4493.2 -7.0 78 0 4.7 6.5 2.5 2.5 4 1 1 4 4
-3596.9 -4267.0 -5.0 231 0 18.8 22.3 15.0 0.0 0 1 6 0 0
-3678.2 -4207.9 -2.6 147 0 14.5 17.4 5.0 2.5 2 1 2 3 3
-3731.4 -4131.7 -0.9 146 0 14.6 17.6 5.0 2.5 2 1 2 4 4
-4776.3 -4745.4 -6.2 94 0 6.8 7.3 10.5 3.5 2 1 3 3 3
-4659.1 -4716.4 -5.2 248 0 5.4 3.2 3.5 3.5 2 0 1 4 4
-4487.3 -4415.7 -5.7 184 0 5.1 4.0 5.0 0.0 0 0 2 5 5
-4947.3 -4708.9 -8.2 153 0 5.8 5.5 10.5 3.5 2 0 3 3 3
-4632.1 -4643.5 -5.0 251 0 7.9 13.9 5.0 2.5 2 1 2 4 4
-4651.4 -4632.4 -5.4 69 0 6.4 16.0 7.0 0.0 0 0 2 1 1
-4643.9 -4630.1 -5.3 67 0 5.7 4.7 10.5 3.5 2 0 3 3 3
-5158.6 -4577.0 -4.5 268 0 14.3 7.0 10.5 3.5 2 0 3 2 2
-4790.4 -4621.9 -6.3 338 0 6.2 9.7 10.5 3.5 2 1 3 0 0
-4773.0 -4623.2 -6.1 151 0 5.0 5.0 10.5 3.5 2 0 3 3 3
-4041.3 -4095.3 1.0 117 0 5.8 5.6 7.5 2.5 2 0 3 5 5
-4544.1 -4613.6 -4.1 250 0 6.3 6.5 7.5 2.5 2 1 3 0 0
-4579.0 -4662.9 -4.4 71 0 9.5 11.4 5.0 2.5 4 1 2 4 4
-4597.0 -4661.5 -4.4 159 0 10.7 11.0 7.5 2.5 2 1 3 4 4
-4602.4 -4670.8 -4.6 71 0 10.3 9.8 5.0 2.5 2 0 2 4 4
-4622.0 -4639.1 -4.9 253 0 8.6 14.1 2.5 2.5 2 0 1 4 4
-3727.5 -4044.6 -0.4 56 0 17.5 14.3 7.5 2.5 2 0 3 5 5
-3751.7 -3955.9 -0.7 55 0 17.2 14.8 7.5 2.5 2 0 3 4 4
-5979.3 -4609.6 -5.0 13 0 6.9 5.6 5.0 2.5 4 0 2 1 1
-6247.0 -4726.3 -4.7 232 0 6.9 13.0 2.5 0.0 0 1 1 0 0
-4476.5 -4600.7 -3.5 248 0 6.0 14.5 5.0 2.5 4 1 2 3 3
-4550.4 -4569.8 -3.6 342 0 7.4 6.7 5.0 2.5 2 0 2 1 1
-4576.1 -4581.9 -3.9 169 0 7.9 8.0 5.0 2.5 2 1 2 1 1
-4854.8 -4781.1 -7.1 73 0 5.6 6.6 7.0 3.5 2 1 2 1 1
-4823.7 -4764.5 -6.9 337 0 8.6 22.7 10.5 3.5 2 1 3 1 1
-5180.5 -5043.5 -8.1 136 0 7.6 14.2 5.0 2.5 2 1 2 1 1
-5054.5 -4895.8 -7.5 58 0 9.7 7.3 7.0 3.5 2 0 2 0 0
-4710.9 -4656.3 -6.2 70 0 12.6 12.0 14.0 3.5 4 0 4 3 3
-4318.9 -3454.8 -1.9 34 0 21.6 12.4 10.0 2.5 2 0 4 0 0
-4192.9 -4049.6 -2.2 337 0 5.8 5.4 5.0 2.5 2 0 2 5 5
-5208.4 -4850.9 -6.1 243 0 4.5 7.6 5.0 2.5 2 1 2 3 3
-5272.6 -4875.3 -6.4 257 0 7.5 18.1 5.0 2.5 2 1 2 1 1
-4624.7 -4405.2 -5.6 351 0 12.0 5.7 5.0 2.5 2 0 2 5 5
-4682.5 -4724.9 -5.4 250 0 8.9 4.2 10.5 3.5 2 0 3 1 1
-4691.9 -4740.2 -5.5 158 0 6.0 3.5 10.5 3.5 2 0 3 4 4
-4676.1 -4722.6 -5.3 250 0 4.6 4.2 10.5 3.5 2 0 3 2 2
-4726.5 -3471.9 -1.8 111 0 10.2 7.1 7.5 2.5 2 0 3 2 2
-5116.7 -4399.3 -5.0 54 0 3.5 9.3 3.5 3.5 2 1 1 5 5
-3644.0 -4285.3 -4.4 302 0 5.6 9.2 7.5 0.0 0 1 3 0 0
-3683.9 -4321.7 -5.0 288 0 6.0 10.2 5.0 0.0 0 1 2 0 0
-3613.8 -4248.8 -4.2 202 0 5.8 9.6 5.0 0.0 0 1 2 3 3
-3718.6 -4365.6 -5.4 19 0 5.7 10.3 5.0 0.0 0 1 2 4 4
-4077.0 -3997.2 2.9 274 0 3.8 10.5 2.5 2.5 4 1 1 3 3
-3569.3 -4046.8 -3.7 148 0 4.3 9.8 5.0 0.0 0 1 2 4 4
-3575.8 -3970.5 -3.6 239 0 8.8 8.8 2.5 0.0 0 0 1 2 2
-3522.3 -4042.0 -4.1 30 0 5.6 9.1 7.5 0.0 0 1 3 2 2
-3506.0 -4004.6 -4.4 30 0 5.6 9.2 7.5 0.0 0 1 3 4 4
-3594.5 -4013.3 -3.5 147 0 4.3 9.9 7.5 0.0 0 1 3 3 3
-3529.0 -3966.3 -4.0 328 0 4.8 9.9 2.5 0.0 0 1 1 0 0
-3613.2 -4057.6 -2.9 140 0 5.5 10.1 5.0 2.5 2 1 2 5 5
-3620.6 -4049.0 -3.0 140 0 5.3 10.1 5.0 2.5 2 1 2 4 4
-4810.6 -4740.3 -6.7 162 0 5.2 5.4 10.5 3.5 2 1 3 4 4
-4474.5 -4426.9 -5.6 94 0 8.9 7.1 5.0 2.5 2 0 2 4 4
-5524.2 -4610.5 -5.2 90 0 3.4 3.3 2.5 2.5 2 0 1 3 3
-4700.2 -4379.2 -5.8 174 0 35.6 15.3 10.5 3.5 2 0 3 0 0
-4146.1 -4380.0 -3.9 50 0 19.9 6.0 7.0 2.5 2 0 2 3 3
-5230.5 -4562.8 -4.9 263 0 25.2 11.5 7.5 2.5 2 0 3 1 1
-5246.3 -4540.7 -4.1 82 0 50.3 11.5 7.5 0.0 0 0 3 1 1
-4724.4 -4561.4 -4.7 338 0 21.3 10.2 17.5 3.5 4 0 5 4 4
-4729.3 -4517.7 -4.6 156 0 19.9 9.3 10.5 3.5 2 0 3 4 4
-4078.7 -4460.8 -7.1 344 0 8.6 17.1 2.5 2.5 2 1 1 4 4
-5199.1 -4453.9 -4.2 141 0 10.6 16.3 14.0 3.5 2 1 4 0 0
-4060.3 -4072.7 0.8 30 0 7.9 5.5 5.0 2.5 2 0 2 0 0
-6485.7 -4836.6 -4.3 348 0 13.9 23.7 15.0 0.0 0 1 6 4 4
-4725.0 -4755.5 -5.9 68 0 19.4 15.0 14.0 3.5 2 0 4 0 0
-5812.7 -4592.9 -5.7 101 0 9.9 13.1 2.5 2.5 2 1 1 2 2
-4687.5 -4663.6 -5.6 161 0 3.5 4.2 10.5 3.5 2 1 3 4 4
-5125.6 -4582.2 -4.3 89 0 14.4 6.9 3.5 3.5 2 0 1 2 2
-5257.4 -5034.0 -8.2 47 0 5.1 11.0 5.0 2.5 2 1 2 3 3
-5257.6 -5055.3 -8.5 53 0 3.9 16.0 7.5 2.5 2 1 3 2 2
-4996.9 -4376.0 -5.0 296 0 11.5 16.1 5.0 2.5 2 1 2 3 3
-5855.1 -4537.6 -6.0 79 0 9.1 12.8 7.5 2.5 2 1 3 5 5
-4486.6 -3546.7 0.7 115 0 7.9 4.1 5.0 0.0 0 0 2 3 3
-4725.2 -4622.1 -5.8 166 0 4.0 7.1 10.5 0.0 0 0 3 4 4
-4681.4 -4644.0 -5.7 68 0 5.0 12.8 7.0 0.0 0 0 2 4 4
-4737.1 -4648.2 -6.4 338 0 3.0 5.8 10.5 3.5 2 0 3 3 3
-5537.9 -4863.0 -5.6 172 0 16.1 37.6 10.0 2.5 2 0 4 0 0
-4834.8 -4755.0 -7.0 335 0 12.1 5.2 10.5 3.5 2 0 3 1 1
-4529.3 -4554.2 -3.6 168 0 4.2 3.5 5.0 2.5 2 0 2 2 2
-4607.6 -4657.9 -4.6 342 0 7.9 4.2 7.5 2.5 2 0 3 3 3
-5061.1 -4850.5 -8.1 94 0 7.4 4.1 10.5 3.5 2 0 3 1 1
-5057.3 -4836.0 -7.8 72 0 5.6 3.3 10.5 3.5 2 0 3 4 4
-5032.9 -4846.5 -8.2 73 0 5.6 18.9 10.5 3.5 2 1 3 4 4
-5078.7 -4848.9 -7.9 95 0 8.6 5.5 10.5 3.5 2 0 3 5 5
-5090.3 -4857.3 -7.8 246 0 5.2 3.7 10.5 0.0 0 0 3 5 5
-5042.2 -4900.0 -7.5 58 0 4.5 8.7 10.5 3.5 4 0 3 3 3
-4489.7 -4534.5 -3.8 343 0 3.9 3.6 5.0 2.5 2 0 2 0 0
-4500.1 -4526.6 -3.8 251 0 3.5 9.2 7.5 2.5 2 1 3 3 3
-4477.7 -4544.0 -3.7 347 0 8.9 3.8 5.0 0.0 0 0 2 2 2
-4447.6 -4538.3 -3.8 260 0 3.7 4.9 7.5 2.5 2 1 3 5 5
-4429.0 -4607.4 -3.5 70 0 10.6 3.8 7.5 2.5 2 0 3 1 1
-4429.3 -4603.4 -3.5 70 0 8.5 7.3 2.5 2.5 2 0 1 0 0
-4436.2 -4598.2 -3.4 70 0 3.3 7.4 5.0 2.5 2 0 2 5 5
-4647.2 -4578.8 -4.4 183 0 8.0 14.9 10.5 3.5 4 0 3 3 3
-4714.3 -4586.9 -5.2 339 0 21.3 9.2 10.5 3.5 2 0 3 2 2
-4707.0 -4539.0 -4.0 156 0 5.8 3.8 10.5 3.5 4 0 3 2 2
-4369.8 -4033.0 -0.5 9 0 9.2 3.8 7.5 2.5 2 0 3 0 0
-4385.5 -4023.7 -0.5 283 0 5.7 15.6 5.0 0.0 0 1 2 2 2
-4682.0 -4604.6 -5.1 156 0 5.4 3.3 10.5 3.5 2 0 3 2 2
-4675.9 -4554.4 -4.1 327 0 9.7 4.1 10.5 3.5 2 0 3 2 2
-4657.1 -4602.5 -4.9 154 0 7.3 3.7 10.5 3.5 2 0 3 2 2
-4611.6 -4723.2 -5.1 250 0 5.5 4.3 10.5 3.5 2 0 3 3 3
-4345.7 -4543.8 -4.6 257 0 4.9 7.6 7.5 2.5 2 0 3 5 5
-4314.6 -4557.6 -4.8 60 0 6.1 7.2 5.0 2.5 4 1 2 5 5
-4303.8 -4528.0 -5.2 34 0 4.8 5.4 7.5 0.0 0 1 3 0 0
-4320.2 -4546.8 -4.9 54 0 6.2 12.7 2.5 0.0 0 0 1 1 1
-4461.1 -4469.6 -4.9 265 0 6.1 17.0 5.0 2.5 2 1 2 1 1
-4352.3 -4466.1 -5.3 265 0 6.2 13.1 7.5 2.5 2 0 3 2 2
-5268.5 -4672.2 -4.7 178 0 11.0 23.0 7.5 2.5 2 1 3 5 5
-4990.1 -4594.2 -5.5 142 0 8.3 6.1 10.5 3.5 2 0 3 3 3
-4967.3 -4598.8 -6.1 53 0 3.1 4.7 10.5 3.5 2 1 3 2 2
-5134.7 -4722.8 -5.3 249 0 7.6 3.1 10.5 3.5 2 0 3 2 2
-5151.3 -4767.5 -5.9 79 0 6.0 3.3 10.5 3.5 2 0 3 5 5
-5151.3 -4776.3 -6.1 160 0 6.0 6.3 10.5 0.0 0 1 3 3 3
-5132.4 -4775.8 -6.1 66 0 4.3 6.8 10.5 3.5 2 0 3 4 4
-4261.3 -4422.2 -4.7 326 0 10.1 5.9 5.0 2.5 2 0 2 5 5
-4257.9 -4421.2 -4.4 241 0 6.8 8.8 5.0 0.0 0 0 2 0 0
-4309.5 -4466.3 -5.8 197 0 12.3 5.8 5.0 2.5 2 0 2 1 1
-4289.5 -4443.4 -5.8 244 0 7.2 10.9 5.0 0.0 0 1 2 3 3
-4270.2 -4468.3 -5.8 60 0 3.1 5.0 5.0 2.5 2 0 2 1 1
-4267.6 -4466.7 -5.8 59 0 3.1 5.0 5.0 2.5 2 0 2 3 3
-4264.9 -4465.2 -5.8 60 0 3.1 5.0 2.5 2.5 2 0 1 5 5
-4959.9 -4817.0 -7.5 67 0 4.3 6.1 10.5 3.5 2 1 3 3 3
-5004.5 -4846.1 -8.3 74 0 9.7 5.5 10.5 3.5 4 0 3 4 4
-5158.7 -4909.7 -7.1 137 0 3.1 5.7 7.5 2.5 2 0 3 2 2
-5162.5 -4905.6 -7.1 137 0 8.1 4.8 7.5 2.5 2 0 3 0 0
-5166.8 -4909.2 -7.1 137 0 7.6 5.6 5.0 2.5 2 0 2 4 4
-4989.8 -4840.6 -8.0 71 0 19.3 6.4 10.5 3.5 2 0 3 1 1
-5151.8 -4901.5 -7.0 138 0 6.0 4.1 5.0 2.5 2 0 2 0 0
-5145.3 -4890.3 -7.0 228 0 8.6 10.1 2.5 2.5 2 0 1 2 2
-5130.1 -4890.4 -6.9 249 0 5.1 7.8 5.0 2.5 2 0 2 5 5
-5120.9 -4899.9 -6.9 318 0 13.4 5.0 7.5 2.5 2 0 3 4 4
-5093.2 -4925.8 -7.0 57 0 5.7 9.9 5.0 2.5 2 1 2 3 3
-4909.7 -4777.4 -8.0 336 0 4.7 7.1 10.5 3.5 2 0 3 1 1
-4929.7 -4785.9 -7.8 336 0 5.8 7.1 10.5 3.5 2 0 3 4 4
-4928.4 -4778.9 -7.9 336 0 5.8 11.2 10.5 3.5 2 0 3 4 4
-4924.9 -4736.8 -8.2 65 0 4.2 14.0 10.5 3.5 2 0 3 0 0
-5415.9 -4768.2 -5.2 191 0 6.7 13.0 7.5 2.5 4 0 3 1 1
-4883.6 -4755.4 -7.7 155 0 6.6 7.6 10.5 3.5 2 0 3 1 1
-4865.6 -4785.3 -7.3 65 0 7.9 7.5 10.5 3.5 4 0 3 1 1
-4900.4 -4725.3 -8.1 66 0 4.6 5.9 10.5 3.5 2 1 3 0 0
-4104.7 -4359.8 -3.7 228 0 30.3 7.0 7.5 2.5 2 0 3 1 1
-5448.2 -4619.4 -5.1 283 0 9.6 6.7 7.5 0.0 0 0 3 0 0
-5711.1 -5452.0 -6.6 222 0 18.1 29.4 10.0 2.5 2 1 4 3 3
-4644.5 -4517.0 -4.3 245 0 5.9 6.0 10.5 3.5 2 1 3 0 0
-4634.2 -4532.6 -4.1 336 0 6.0 5.9 10.5 3.5 2 0 3 2 2
-4629.4 -4547.5 -3.8 336 0 6.0 5.9 10.5 3.5 2 0 3 5 5
-4621.4 -4562.2 -3.9 335 0 6.0 5.9 10.5 3.5 4 0 3 1 1
-4870.7 -4754.0 -7.5 155 0 10.1 5.3 10.5 3.5 4 0 3 2 2
-4794.5 -4737.4 -6.5 85 0 6.9 6.0 10.5 3.5 4 0 3 2 2
