-1029.5 -3001.2 -0.1 334 0 11.0 14.1 2.5 2.5 2 1 1 1 1
-1025.7 -2918.3 -0.1 271 0 29.9 11.2 10.0 2.5 2 0 4 3 3
-1266.4 -2880.7 10.1 167 0 17.1 23.8 10.0 2.5 2 1 4 4 4
-1287.5 -2829.4 20.6 165 0 10.2 20.9 5.0 0.0 0 1 2 5 5
-1171.4 -3102.3 9.9 136 0 15.1 10.6 5.0 2.5 2 0 2 2 2
-1226.5 -3004.8 12.8 162 0 12.3 9.7 2.5 2.5 2 0 1 2 2
-1300.9 -2942.1 14.0 134 0 8.9 13.3 5.0 2.5 2 1 2 3 3
-1308.0 -2988.2 15.6 311 0 11.1 9.6 5.0 2.5 2 0 2 3 3
-1242.4 -3071.9 10.7 320 0 14.6 10.4 7.5 2.5 2 0 3 3 3
-1298.4 -3091.1 8.3 143 0 16.3 16.2 15.0 0.0 0 0 6 0 0
-1030.0 -3078.0 0.9 75 0 17.7 12.8 7.5 2.5 2 0 3 5 5
-1231.3 -3082.1 10.2 320 0 10.3 16.0 2.5 2.5 2 1 1 0 0
-1273.0 -3118.6 8.0 141 0 11.7 10.3 7.5 2.5 2 0 3 2 2
-1200.6 -3066.1 10.8 229 0 8.8 12.0 5.0 2.5 2 1 2 4 4
-1045.1 -2960.1 -0.1 105 0 7.4 16.8 7.5 2.5 4 1 3 0 0
-1248.0 -3003.0 13.6 318 0 17.9 10.2 2.5 2.5 2 0 1 4 4
-1042.3 -2973.3 -0.1 253 0 12.9 14.8 7.5 2.5 4 1 3 1 1
-1219.5 -3027.8 12.2 165 0 11.4 11.5 7.5 2.5 2 1 3 2 2
-1283.0 -2981.5 14.0 141 0 11.0 16.5 7.5 2.5 2 1 3 0 0
-1274.0 -3038.9 10.9 316 0 55.9 12.9 15.0 0.0 0 0 6 2 2
-1234.7 -2984.1 12.0 158 0 16.1 10.0 5.0 2.5 2 0 2 1 1
-904.0 -3293.7 3.7 128 0 21.7 15.8 10.0 2.5 2 0 4 1 1
-1128.6 -2939.4 1.3 337 0 5.5 11.7 7.5 2.5 2 1 3 2 2
-852.4 -3324.7 3.5 63 0 26.0 16.5 10.0 2.5 2 0 4 0 0
-1069.9 -3401.2 4.3 164 0 9.7 22.6 7.5 2.5 2 1 3 5 5
-1116.0 -3190.1 7.4 320 0 25.4 13.4 12.5 2.5 2 0 5 2 2
-1176.4 -3130.5 9.8 315 0 35.3 9.6 7.5 0.0 0 0 3 4 4
-1051.9 -3523.5 9.9 166 0 18.6 48.6 12.5 2.5 4 0 5 4 4
-1266.8 -3168.1 7.5 132 0 56.4 12.3 12.5 2.5 2 0 5 4 4
-1317.8 -3121.2 7.0 269 0 14.6 35.8 7.5 2.5 2 1 3 4 4
-1150.7 -2921.3 2.2 337 0 17.0 10.9 2.5 2.5 2 0 1 4 4
-1177.1 -3202.3 6.9 241 0 14.2 11.2 5.0 2.5 2 0 2 1 1
-905.0 -3248.4 2.4 309 0 5.6 14.9 5.0 2.5 2 1 2 0 0
-933.3 -3420.9 7.8 73 0 12.6 15.1 7.5 2.5 2 0 3 0 0
-1151.1 -3002.0 5.5 340 0 12.2 12.7 5.0 2.5 2 1 2 3 3
-931.5 -3272.1 3.3 128 0 25.4 17.3 10.0 2.5 2 0 4 2 2
-964.4 -3463.1 7.9 76 0 12.9 20.3 10.0 2.5 2 1 4 1 1
-1019.2 -3411.9 5.1 75 0 55.7 11.2 10.0 2.5 2 0 4 1 1
-1231.9 -3201.5 6.9 344 0 11.1 22.9 7.5 2.5 2 1 3 2 2
-1085.3 -2988.7 0.4 258 0 16.0 16.2 5.0 2.5 4 1 2 2 2
-1150.0 -3168.3 8.8 48 0 14.0 18.8 12.5 2.5 2 1 5 4 4
-1107.2 -3070.7 5.0 163 0 14.4 11.8 7.5 2.5 2 0 3 1 1
-1114.2 -3046.5 4.3 166 0 16.1 10.2 5.0 2.5 2 0 2 1 1
-1285.6 -3165.6 7.1 251 0 11.2 21.5 2.5 2.5 2 1 1 2 2
-1146.5 -3181.3 8.3 244 0 14.5 6.2 5.0 2.5 2 0 2 2 2
-816.3 -3558.9 15.1 160 0 12.9 10.7 7.5 2.5 2 0 3 0 0
-755.6 -3580.5 15.5 339 0 15.4 12.8 10.0 2.5 4 0 4 4 4
-805.1 -3590.2 15.8 158 0 11.0 10.3 5.0 2.5 2 0 2 3 3
-824.7 -3529.9 14.1 162 0 12.6 9.8 2.5 2.5 4 0 1 4 4
-902.9 -3522.1 12.6 164 0 11.7 31.8 12.5 2.5 2 1 5 1 1
-993.4 -3526.5 11.6 164 0 12.1 17.8 10.0 2.5 2 1 4 5 5
-895.9 -3551.8 14.6 164 0 11.7 31.8 10.0 2.5 2 1 4 0 0
-804.9 -3339.0 2.7 86 0 15.2 13.8 2.5 2.5 2 0 1 5 5
-763.7 -3499.2 13.9 156 0 10.8 13.1 5.0 2.5 4 1 2 2 2
-825.6 -3435.0 9.7 345 0 19.8 11.7 2.5 0.0 0 0 1 3 3
-769.0 -3553.9 15.2 341 0 11.2 12.0 5.0 2.5 2 1 2 1 1
-842.6 -3477.2 12.5 158 0 16.8 15.2 10.0 2.5 2 0 4 3 3
-862.6 -3432.3 9.8 165 0 18.1 12.9 5.0 2.5 2 0 2 5 5
-731.4 -3399.2 4.8 359 0 8.9 20.4 5.0 2.5 4 1 2 5 5
-582.6 -3598.9 10.4 243 0 10.3 9.0 5.0 2.5 2 0 2 4 4
-781.3 -3628.8 16.0 246 0 11.5 9.1 5.0 2.5 2 0 2 0 0
-696.1 -3613.9 13.9 64 0 7.3 5.2 7.5 0.0 0 0 3 4 4
-668.7 -3516.6 14.3 240 0 5.7 4.5 5.0 0.0 0 0 2 5 5
-723.1 -3543.9 15.0 243 0 17.1 5.8 7.5 2.5 4 0 3 2 2
-621.2 -3546.0 12.7 244 0 11.6 8.8 5.0 2.5 2 0 2 0 0
-702.3 -3588.5 14.2 244 0 12.5 9.6 7.5 2.5 2 0 3 5 5
-722.6 -3574.6 15.2 65 0 13.6 10.8 7.5 2.5 2 0 3 4 4
-722.4 -3676.3 12.9 244 0 28.9 14.7 10.0 2.5 4 0 4 3 3
-647.1 -3806.6 9.4 156 0 13.0 12.9 2.5 2.5 2 0 1 0 0
-501.6 -3585.4 10.5 334 0 8.8 14.5 7.5 2.5 2 1 3 0 0
-695.8 -3801.1 11.3 155 0 14.0 17.6 7.5 2.5 2 1 3 2 2
-735.4 -3720.0 12.9 156 0 9.7 7.9 7.5 2.5 2 0 3 2 2
-673.4 -3547.9 14.3 62 0 12.9 10.4 7.5 2.5 2 0 3 3 3
-527.7 -3592.2 11.6 63 0 8.9 14.7 2.5 2.5 2 1 1 3 3
-764.5 -3672.1 15.0 65 0 11.8 10.5 5.0 2.5 2 0 2 0 0
-668.1 -3811.9 10.0 243 0 13.4 11.6 5.0 0.0 0 0 2 1 1
-654.8 -3711.5 10.5 185 0 11.1 9.4 2.5 2.5 2 0 1 5 5
-679.6 -3743.7 11.2 248 0 16.6 13.7 5.0 2.5 2 0 2 5 5
-679.3 -3652.8 12.5 155 0 8.8 11.1 7.5 2.5 2 1 3 4 4
-713.8 -3745.4 12.5 243 0 10.1 16.3 10.0 2.5 2 1 4 0 0
-649.7 -3741.0 10.4 247 0 7.7 11.9 7.5 2.5 4 1 3 5 5
-558.2 -3565.7 12.6 59 0 15.8 11.7 10.0 2.5 2 0 4 5 5
-627.8 -3602.0 11.9 66 0 13.5 11.8 7.5 2.5 2 0 3 3 3
-651.8 -3562.0 13.1 241 0 11.1 10.1 7.5 2.5 2 0 3 0 0
-753.4 -3613.0 15.3 244 0 14.6 10.9 5.0 2.5 2 0 2 2 2
-757.9 -3709.1 13.4 153 0 8.3 14.9 2.5 0.0 0 1 1 4 4
-665.2 -3864.3 9.9 65 0 11.4 12.0 5.0 2.5 2 1 2 0 0
-671.9 -3572.8 13.6 244 0 18.0 10.6 2.5 2.5 2 0 1 2 2
-748.9 -3651.9 14.9 63 0 6.6 25.4 7.5 2.5 2 1 3 4 4
-666.6 -3675.9 11.6 150 0 15.9 11.4 5.0 2.5 2 0 2 4 4
-633.1 -3561.8 12.4 237 0 7.8 18.9 7.5 2.5 2 1 3 1 1
-645.6 -3534.1 13.8 64 0 11.0 8.9 5.0 2.5 2 0 2 2 2
-712.8 -3644.2 13.9 67 0 12.6 11.3 5.0 2.5 2 0 2 4 4
-679.6 -3718.9 11.2 335 0 12.5 16.4 7.5 2.5 2 1 3 5 5
-731.5 -3603.0 14.9 243 0 9.8 9.1 5.0 2.5 4 0 2 1 1
-595.1 -3531.7 13.6 246 0 15.7 11.7 7.5 2.5 2 0 3 1 1
-754.8 -3687.2 14.1 243 0 4.0 7.6 7.5 2.5 2 1 3 0 0
-660.3 -3695.1 11.0 160 0 8.9 15.5 2.5 2.5 2 1 1 5 5
-503.4 -3644.8 8.7 158 0 10.5 10.1 7.5 2.5 2 0 3 5 5
-573.8 -3682.5 8.9 347 0 9.2 8.8 7.5 2.5 2 0 3 3 3
-562.6 -3783.4 7.1 298 0 12.6 8.9 7.5 2.5 2 0 3 3 3
-592.3 -3682.5 9.5 340 0 6.9 9.6 7.5 2.5 2 1 3 4 4
-375.4 -3987.0 8.5 266 0 30.6 13.0 10.0 2.5 2 0 4 4 4
-500.3 -3770.8 5.1 191 0 9.1 8.6 2.5 2.5 2 0 1 4 4
-637.2 -3626.8 11.5 239 0 11.4 11.8 10.0 0.0 0 1 4 0 0
-493.7 -3706.6 5.7 178 0 10.9 10.4 7.5 2.5 2 0 3 1 1
-344.0 -4065.2 9.1 265 0 29.3 12.6 7.5 2.5 2 0 3 3 3
-386.9 -4154.8 9.5 265 0 29.5 11.8 5.0 2.5 2 0 2 2 2
-552.6 -3702.2 7.6 178 0 9.5 13.0 5.0 2.5 2 1 2 3 3
-437.7 -4116.5 9.3 266 0 34.2 11.8 7.5 2.5 2 0 3 1 1
-364.7 -4013.9 9.5 267 0 30.2 12.3 10.0 2.5 2 0 4 1 1
-608.3 -3827.6 7.9 26 0 11.6 11.1 7.5 2.5 2 0 3 2 2
-493.5 -3685.9 6.5 173 0 8.7 8.9 5.0 2.5 2 1 2 0 0
-559.0 -3817.5 6.3 22 0 13.0 6.0 5.0 2.5 2 0 2 3 3
-498.4 -3668.6 7.2 173 0 15.1 10.8 5.0 2.5 2 0 2 4 4
-548.1 -3741.8 6.9 277 0 9.0 9.0 5.0 2.5 2 0 2 5 5
-538.0 -3782.6 6.5 104 0 7.1 10.7 5.0 2.5 2 1 2 0 0
-353.9 -4039.6 9.2 267 0 30.3 13.3 7.5 2.5 2 0 3 4 4
-560.6 -3646.3 8.8 249 0 11.2 10.6 2.5 2.5 2 0 1 3 3
-399.9 -4022.5 9.0 357 0 11.2 38.1 7.5 2.5 2 1 3 2 2
-407.4 -4108.6 9.5 177 0 11.2 30.7 10.0 0.0 0 1 4 0 0
-430.1 -4051.1 8.5 268 0 38.2 11.0 10.0 2.5 2 0 4 3 3
-411.7 -4201.1 9.4 31 0 6.4 8.4 7.5 2.5 2 1 3 4 4
-473.2 -3755.4 4.5 280 0 8.9 9.9 5.0 2.5 2 1 2 3 3
-554.0 -3684.9 8.0 173 0 9.9 8.6 5.0 2.5 2 0 2 5 5
-581.9 -3659.6 9.5 338 0 10.1 10.1 7.5 2.5 2 0 3 1 1
-569.0 -3713.8 8.3 358 0 10.0 9.4 5.0 2.5 2 0 2 1 1
-521.9 -3609.4 10.3 153 0 8.6 13.7 2.5 2.5 2 1 1 3 3
-435.4 -4149.1 10.0 268 0 33.6 11.6 7.5 2.5 2 0 3 4 4
-509.5 -3626.4 9.7 155 0 9.1 10.5 5.0 2.5 2 1 2 1 1
-454.5 -3633.5 6.9 341 0 11.2 10.7 10.0 2.5 2 0 4 3 3
-598.9 -3853.8 6.5 203 0 12.1 11.0 5.0 2.5 2 0 2 3 3
-560.2 -3839.5 5.2 293 0 8.6 12.5 7.5 2.5 2 1 3 5 5
-389.6 -4125.2 9.8 266 0 28.7 12.1 5.0 2.5 2 0 2 4 4
-516.4 -3748.6 5.9 274 0 9.3 9.7 7.5 2.5 2 1 3 1 1
-604.3 -3615.5 11.0 328 0 9.4 9.1 7.5 2.5 2 0 3 4 4
-473.3 -4002.6 7.5 259 0 22.1 17.5 12.5 2.5 2 0 5 4 4
-476.7 -3715.9 5.1 179 0 8.5 10.2 2.5 2.5 4 1 1 5 5
-408.1 -4229.5 8.8 354 0 14.1 21.0 12.5 2.5 2 1 5 4 4
-650.2 -3652.3 11.6 238 0 16.8 6.5 2.5 2.5 4 0 1 1 1
-573.2 -3740.3 7.9 20 0 10.4 8.6 5.0 2.5 2 0 2 1 1
-553.3 -3721.4 7.2 180 0 11.0 15.5 7.5 2.5 2 1 3 0 0
-439.9 -4088.5 8.5 266 0 34.4 11.8 7.5 2.5 2 0 3 2 2
-584.2 -3766.1 8.4 23 0 10.3 10.3 5.0 2.5 2 0 2 3 3
-916.2 -4325.4 34.3 356 0 14.1 13.9 7.5 2.5 2 0 3 2 2
-900.3 -4150.7 26.0 176 0 11.3 12.7 7.5 2.5 4 1 3 5 5
-823.4 -4121.2 20.3 133 0 17.7 11.1 2.5 2.5 2 0 1 4 4
-875.1 -3942.0 21.9 274 0 13.1 11.6 7.5 2.5 2 0 3 0 0
-966.7 -4192.6 31.3 175 0 10.5 9.6 7.5 2.5 2 0 3 0 0
-928.4 -4168.6 29.1 353 0 11.3 10.9 5.0 2.5 2 0 2 5 5
-894.1 -4231.2 32.1 178 0 12.0 12.0 5.0 2.5 2 0 2 3 3
-896.5 -4190.7 26.0 172 0 10.2 12.1 2.5 2.5 2 1 1 3 3
-934.4 -3899.5 22.7 359 0 11.9 12.4 5.0 2.5 2 1 2 2 2
-959.1 -4081.9 29.1 175 0 12.1 6.7 5.0 2.5 2 0 2 2 2
-923.6 -4225.7 32.1 351 0 11.3 10.6 7.5 0.0 0 0 3 1 1
-842.9 -4342.8 31.5 221 0 11.3 13.9 7.5 2.5 2 1 3 2 2
-918.7 -4345.7 33.9 358 0 11.6 12.8 2.5 2.5 2 1 1 2 2
-912.9 -4467.1 32.8 254 0 21.7 8.6 5.0 2.5 2 0 2 4 4
-709.1 -4069.8 11.7 152 0 15.2 13.0 5.0 2.5 2 0 2 5 5
-847.1 -4432.3 33.4 51 0 10.7 12.5 5.0 2.5 2 1 2 0 0
-808.0 -4137.7 19.1 138 0 8.9 14.2 7.5 2.5 2 1 3 2 2
-932.6 -3917.8 23.3 357 0 11.7 12.2 5.0 2.5 2 1 2 1 1
-956.5 -3957.4 25.0 180 0 16.6 12.4 5.0 2.5 4 0 2 2 2
-891.8 -4034.5 25.4 298 0 13.5 9.2 5.0 2.5 2 0 2 4 4
-896.4 -4122.3 26.0 267 0 10.0 11.2 7.5 2.5 2 1 3 3 3
-864.3 -4199.5 25.1 175 0 10.8 12.1 2.5 0.0 0 1 1 4 4
-928.3 -4407.7 34.0 232 0 11.6 7.2 7.5 2.5 2 0 3 1 1
-896.1 -4395.4 33.7 141 0 11.7 11.4 5.0 2.5 2 0 2 3 3
-934.6 -3882.0 22.1 358 0 12.0 13.3 2.5 2.5 2 1 1 0 0
-837.9 -4101.7 21.3 134 0 11.4 8.2 5.0 2.5 2 0 2 1 1
-900.8 -4095.3 26.5 85 0 13.7 10.0 2.5 2.5 2 0 1 1 1
-851.0 -3920.2 19.9 159 0 10.3 11.6 2.5 2.5 4 1 1 5 5
-817.1 -4217.3 28.4 358 0 8.6 9.3 5.0 2.5 2 1 2 2 2
-890.4 -4296.4 34.4 177 0 16.8 12.8 5.0 2.5 2 0 2 1 1
-856.3 -4027.9 23.4 298 0 14.1 13.5 5.0 2.5 2 0 2 5 5
-922.1 -4246.9 36.0 355 0 13.6 12.2 2.5 2.5 2 0 1 0 0
-944.8 -4098.0 28.9 87 0 11.8 10.2 5.0 2.5 2 0 2 0 0
-921.3 -4266.6 35.6 357 0 12.4 10.8 5.0 2.5 2 0 2 5 5
-777.7 -4056.5 16.7 255 0 12.9 10.5 7.5 2.5 2 0 3 0 0
-895.1 -4210.4 27.7 177 0 14.0 12.1 5.0 0.0 0 0 2 1 1
-970.9 -4094.1 29.7 175 0 10.7 11.5 5.0 2.5 2 1 2 4 4
-943.7 -3836.5 20.8 270 0 15.3 12.1 7.5 2.5 4 0 3 1 1
-919.7 -4308.0 34.9 355 0 11.5 11.4 5.0 2.5 4 0 2 2 2
-732.1 -4012.7 13.2 71 0 11.7 13.0 5.0 2.5 2 1 2 0 0
-892.1 -4273.7 35.1 177 0 12.2 10.2 5.0 2.5 2 0 2 2 2
-915.5 -3650.1 16.0 140 0 7.0 17.8 7.5 2.5 2 1 3 5 5
-895.2 -4435.5 33.8 325 0 10.0 12.9 7.5 2.5 4 1 3 0 0
-832.8 -4145.2 21.7 316 0 16.4 13.3 7.5 0.0 0 0 3 2 2
-934.0 -3860.8 21.3 357 0 12.0 13.6 2.5 2.5 4 1 1 3 3
-901.5 -4001.1 24.8 297 0 10.0 10.2 5.0 2.5 2 1 2 3 3
-877.9 -4412.9 33.7 138 0 11.7 10.0 5.0 2.5 2 0 2 0 0
-897.8 -4171.0 26.2 173 0 12.8 10.7 5.0 2.5 2 0 2 2 2
-843.1 -3831.8 16.6 124 0 12.8 9.1 2.5 0.0 0 0 1 1 1
-847.2 -3860.9 18.2 305 0 11.4 9.6 5.0 2.5 2 0 2 5 5
-784.1 -3897.7 16.5 159 0 12.4 12.4 5.0 2.5 2 0 2 4 4
-816.1 -4359.3 29.2 314 0 11.0 11.4 7.5 2.5 2 1 3 1 1
-817.6 -3887.1 17.9 344 0 15.9 12.7 10.0 2.5 2 0 4 1 1
-934.7 -3936.0 24.0 358 0 12.8 11.9 2.5 2.5 2 0 1 4 4
-929.7 -4146.7 29.0 357 0 10.1 12.6 5.0 2.5 2 1 2 4 4
-926.6 -3966.6 24.8 328 0 9.0 11.1 5.0 2.5 2 1 2 2 2
-758.4 -3967.2 14.8 157 0 13.1 11.7 2.5 2.5 2 0 1 4 4
-823.1 -4256.9 33.3 357 0 12.7 15.7 5.0 2.5 4 1 2 3 3
-926.6 -4187.9 29.1 355 0 6.5 11.8 5.0 2.5 2 1 2 4 4
-748.3 -4080.4 15.5 335 0 10.5 18.2 2.5 2.5 2 1 1 5 5
-894.0 -4252.7 35.5 178 0 10.7 10.5 7.5 2.5 2 0 3 1 1
-753.7 -3884.1 15.7 340 0 7.8 8.6 2.5 2.5 2 1 1 5 5
-1058.6 -2974.8 -0.1 260 0 10.1 5.5 7.5 2.5 2 0 3 5 5
-768.2 -2312.4 44.6 174 0 7.9 12.5 5.0 2.5 2 1 2 5 5
-697.4 -2296.5 43.1 97 0 10.0 6.9 7.5 2.5 2 0 3 0 0
-777.5 -2225.6 48.9 199 0 7.9 10.5 5.0 2.5 4 1 2 3 3
-731.7 -2292.3 44.5 98 0 9.7 8.5 5.0 2.5 2 0 2 4 4
-751.5 -2212.9 48.4 273 0 10.1 8.9 7.5 2.5 2 0 3 5 5
-723.4 -2244.9 45.2 276 0 11.1 9.9 7.5 2.5 4 0 3 4 4
-784.8 -2248.0 47.8 200 0 9.3 11.1 2.5 2.5 4 1 1 0 0
-692.4 -2248.1 44.0 272 0 9.8 7.5 7.5 2.5 2 0 3 2 2
-672.8 -2226.5 43.7 92 0 10.4 10.0 5.0 2.5 2 0 2 1 1
-726.3 -2223.1 46.7 93 0 10.3 9.9 7.5 2.5 2 0 3 0 0
-651.5 -2333.4 42.2 92 0 14.2 11.3 10.0 2.5 2 0 4 2 2
-791.6 -2267.5 47.4 194 0 9.8 12.5 7.5 2.5 2 1 3 1 1
-692.2 -2271.2 43.7 4 0 6.4 8.3 5.0 2.5 2 1 2 5 5
-700.1 -2224.4 45.1 94 0 9.5 9.1 7.5 2.5 2 0 3 4 4
-734.9 -2267.9 44.8 187 0 12.4 11.8 5.0 2.5 2 0 2 2 2
-709.2 -2322.8 42.5 181 0 10.9 11.8 7.5 2.5 4 1 3 0 0
106.7 -4274.6 19.7 6 0 17.5 8.1 7.5 2.5 2 0 3 3 3
9.9 -4242.6 13.2 31 0 14.7 13.1 5.0 2.5 2 0 2 5 5
-326.0 -4130.3 9.4 356 0 10.6 33.4 7.5 2.5 2 1 3 0 0
124.5 -4067.5 28.2 202 0 14.2 9.4 5.0 2.5 2 0 2 0 0
31.5 -4172.5 14.9 4 0 9.5 14.6 2.5 2.5 2 1 1 3 3
151.5 -4268.1 24.2 108 0 8.9 10.6 5.0 2.5 2 1 2 5 5
84.1 -4009.3 24.7 28 0 10.9 11.9 5.0 2.5 2 1 2 2 2
59.0 -4247.1 16.3 268 0 11.1 10.6 5.0 2.5 2 0 2 5 5
-1.9 -4297.1 12.7 228 0 11.9 9.5 2.5 2.5 2 0 1 5 5
-35.9 -4300.7 11.2 38 0 8.6 14.2 7.5 2.5 2 1 3 2 2
55.2 -4175.3 17.6 203 0 7.2 15.3 5.0 2.5 2 1 2 0 0
62.1 -4112.6 19.5 207 0 7.7 10.8 5.0 2.5 2 1 2 0 0
-29.2 -4232.6 12.2 209 0 10.4 11.6 7.5 2.5 2 1 3 2 2
-321.9 -4163.8 8.9 355 0 10.9 34.7 5.0 2.5 2 1 2 5 5
111.4 -4137.1 22.8 296 0 19.5 11.9 10.0 2.5 2 0 4 3 3
89.8 -4055.8 24.1 203 0 15.8 14.6 10.0 2.5 2 0 4 1 1
25.2 -4141.5 14.0 22 0 6.7 9.0 5.0 2.5 2 1 2 3 3
177.8 -4306.6 21.6 345 0 22.3 12.5 12.5 2.5 2 0 5 4 4
156.7 -4347.7 19.0 65 0 13.6 10.8 2.5 2.5 2 0 1 5 5
-398.9 -3956.8 6.3 55 0 11.8 33.5 10.0 2.5 2 1 4 0 0
36.2 -4114.4 15.2 26 0 17.2 10.2 7.5 2.5 2 0 3 2 2
98.0 -4279.2 18.5 6 0 6.5 13.6 5.0 2.5 2 1 2 3 3
-31.2 -4344.9 11.5 152 0 19.7 11.7 7.5 2.5 2 0 3 4 4
16.5 -3937.1 19.8 72 0 11.6 7.5 5.0 2.5 2 0 2 4 4
34.2 -3908.1 27.0 160 0 12.6 14.3 10.0 2.5 4 1 4 0 0
93.9 -4300.3 18.3 90 0 15.7 9.7 5.0 2.5 2 0 2 1 1
-17.7 -4276.8 11.9 36 0 13.0 9.7 2.5 2.5 4 0 1 1 1
-326.2 -4113.9 9.5 356 0 10.0 34.3 7.5 2.5 2 1 3 4 4
53.3 -4201.2 16.7 126 0 14.5 9.6 5.0 0.0 0 0 2 3 3
7.2 -3881.7 21.8 342 0 16.4 11.6 5.0 2.5 2 0 2 4 4
16.9 -4068.9 13.6 110 0 12.2 15.5 5.0 2.5 2 1 2 5 5
30.3 -4211.9 14.5 20 0 13.1 11.0 5.0 2.5 2 0 2 0 0
-323.7 -4147.0 9.2 356 0 10.2 34.6 10.0 2.5 2 1 4 0 0
106.5 -4115.0 23.7 115 0 10.6 11.7 7.5 2.5 2 1 3 1 1
-15.2 -4171.5 12.5 209 0 14.4 9.9 5.0 2.5 2 0 2 4 4
89.8 -4259.1 18.7 276 0 6.7 15.9 5.0 2.5 4 1 2 2 2
-397.4 -3935.0 6.5 145 0 33.3 11.5 12.5 0.0 0 0 5 2 2
54.5 -3977.3 24.1 175 0 11.7 15.1 7.5 2.5 2 1 3 3 3
49.3 -4262.4 15.1 284 0 9.1 10.5 7.5 2.5 2 1 3 3 3
55.5 -3968.6 25.3 175 0 5.4 12.4 5.0 0.0 0 1 2 5 5
-50.3 -4278.7 11.1 123 0 7.9 31.6 7.5 0.0 0 1 3 1 1
117.4 -4180.7 21.7 26 0 14.2 18.1 12.5 2.5 4 1 5 0 0
-344.9 -4092.3 9.8 266 0 34.9 10.4 12.5 2.5 2 0 5 2 2
75.2 -4084.7 21.4 209 0 12.3 9.7 5.0 0.0 0 0 2 5 5
156.0 -4208.3 24.7 21 0 17.7 13.1 5.0 0.0 0 0 2 2 2
199.0 -4270.2 26.7 10 0 29.0 6.6 5.0 0.0 0 0 2 2 2
84.3 -4309.8 14.9 266 0 11.6 37.9 12.5 0.0 0 1 5 5 5
3.4 -4111.9 12.1 202 0 8.1 13.2 5.0 2.5 2 1 2 2 2
102.7 -4321.0 16.9 260 0 8.4 8.0 5.0 2.5 2 0 2 1 1
26.5 -4151.1 13.9 23 0 9.8 13.9 5.0 2.5 4 1 2 4 4
-5.6 -4316.9 12.6 236 0 5.1 15.9 7.5 2.5 2 1 3 2 2
-438.0 -3940.5 6.0 235 0 12.1 36.5 12.5 2.5 2 1 5 0 0
119.8 -4260.9 21.5 111 0 11.8 15.8 5.0 0.0 0 0 2 5 5
77.7 -4276.3 17.7 91 0 8.7 8.9 7.5 2.5 2 1 3 2 2
-9.8 -4355.3 12.2 150 0 14.1 24.1 10.0 2.5 2 1 4 3 3
13.9 -3913.1 19.1 340 0 12.3 16.7 10.0 2.5 2 1 4 0 0
61.1 -3892.3 32.5 340 0 5.9 5.9 7.5 2.5 2 1 3 4 4
125.4 -4246.1 22.2 112 0 11.5 7.4 7.5 2.5 2 0 3 2 2
-6395.9 -812.3 -8.3 1 0 10.5 8.9 5.0 2.5 2 0 2 1 1
-6319.0 -621.5 -5.2 267 0 20.4 13.4 10.0 2.5 2 0 4 1 1
-6422.8 -749.6 -4.3 354 0 11.8 7.3 2.5 2.5 2 0 1 2 2
-6387.7 -790.8 -8.1 160 0 10.4 8.4 5.0 2.5 2 0 2 3 3
-5949.5 -1289.7 -14.2 35 0 10.9 5.7 5.0 2.5 4 0 2 5 5
-6177.1 -534.6 -10.3 138 0 8.5 19.0 2.5 2.5 2 1 1 1 1
-6274.0 -584.2 -6.4 71 0 12.9 9.1 7.5 2.5 2 0 3 0 0
-6434.0 -905.9 -14.3 194 0 4.6 16.4 5.0 2.5 2 1 2 5 5
-6415.6 -588.7 -4.0 142 0 11.4 10.7 7.5 2.5 2 0 3 3 3
-6034.8 -1294.2 -14.9 317 0 11.0 8.4 5.0 2.5 2 0 2 4 4
-6403.0 -734.7 -5.1 166 0 14.1 9.0 2.5 2.5 4 0 1 5 5
-6432.5 -670.3 -0.3 17 0 12.9 6.7 7.5 2.5 2 0 3 4 4
-6397.1 -833.1 -8.9 10 0 7.9 8.0 5.0 2.5 2 1 2 5 5
-6398.2 -751.7 -6.2 249 0 6.8 12.6 2.5 2.5 2 1 1 5 5
-6398.9 -642.5 -1.5 190 0 13.3 7.9 5.0 2.5 4 0 2 1 1
-6387.0 -850.7 -10.6 202 0 12.5 8.0 7.5 2.5 4 0 3 3 3
-6307.0 -583.3 -5.4 243 0 4.1 4.7 5.0 2.5 2 1 2 1 1
-6342.3 -839.2 -9.3 21 0 6.9 5.0 2.5 2.5 2 0 1 4 4
-5950.8 -1318.7 -12.6 34 0 9.6 5.5 5.0 2.5 2 0 2 1 1
-6423.7 -872.0 -12.6 260 0 14.6 9.3 7.5 2.5 2 0 3 3 3
-6321.6 -650.8 -5.4 88 0 11.6 6.9 7.5 2.5 2 0 3 2 2
-6063.9 -1256.9 -15.4 323 0 13.0 24.0 10.0 2.5 4 1 4 4 4
-6382.6 -801.9 -8.8 181 0 3.7 7.5 7.5 2.5 2 1 3 2 2
-6377.4 -495.9 -9.6 173 0 9.4 15.9 2.5 2.5 2 1 1 3 3
-5990.2 -1262.7 -16.4 230 0 10.6 10.1 2.5 2.5 2 0 1 4 4
-6403.2 -663.6 -2.1 190 0 10.3 9.0 5.0 2.5 2 0 2 1 1
-6293.0 -605.6 -5.2 77 0 10.8 8.2 5.0 2.5 2 0 2 1 1
-6091.1 -1157.2 -19.7 144 0 10.7 14.6 5.0 2.5 2 1 2 5 5
-6442.6 -656.2 0.4 286 0 4.6 12.3 7.5 2.5 2 1 3 1 1
-6146.2 -712.4 -13.9 322 0 16.3 12.7 5.0 0.0 0 0 2 4 4
-6413.0 -891.8 -14.0 349 0 8.7 17.2 5.0 2.5 2 1 2 4 4
-6389.6 -771.4 -7.2 199 0 8.5 6.9 5.0 2.5 2 0 2 5 5
-6329.2 -829.1 -9.5 282 0 5.8 7.5 5.0 2.5 2 1 2 1 1
-6062.8 -1273.5 -14.9 323 0 11.1 6.7 5.0 0.0 0 0 2 1 1
-5965.3 -1328.7 -12.4 120 0 6.6 4.6 5.0 0.0 0 0 2 2 2
-6383.9 -883.5 -13.9 108 0 7.5 14.8 5.0 2.5 2 1 2 5 5
-5980.9 -1308.6 -14.0 123 0 7.5 9.3 5.0 2.5 2 1 2 5 5
-6381.4 -646.5 -2.7 198 0 22.2 9.2 7.5 0.0 0 0 3 4 4
-6687.0 683.3 36.9 114 0 12.6 17.7 2.5 0.0 0 1 1 1 1
-6292.8 582.2 31.4 253 0 11.9 8.2 7.5 2.5 2 0 3 3 3
-6719.8 577.3 33.3 99 0 13.6 13.0 2.5 2.5 2 0 1 1 1
-6477.9 -520.0 -5.7 124 0 7.5 15.2 2.5 2.5 2 1 1 5 5
-6454.5 -451.9 -10.8 255 0 6.3 12.5 5.0 2.5 2 1 2 4 4
-6484.9 -534.7 -3.3 304 0 12.6 7.6 2.5 2.5 2 0 1 1 1
-6615.8 514.4 34.0 184 0 9.7 15.3 5.0 2.5 4 1 2 2 2
-6140.8 748.5 30.8 189 0 8.6 15.2 5.0 2.5 2 1 2 0 0
-6561.0 583.6 36.3 282 0 17.4 14.0 7.5 2.5 2 0 3 4 4
-6691.1 666.7 35.0 293 0 11.5 9.5 7.5 2.5 4 0 3 4 4
-6430.0 -553.5 -4.7 139 0 13.6 9.0 5.0 2.5 2 0 2 5 5
-6605.7 604.1 36.0 27 0 19.6 17.8 12.5 2.5 2 0 5 0 0
-6245.5 552.3 29.2 349 0 7.2 15.7 2.5 2.5 2 1 1 1 1
-6460.4 -540.4 -4.2 140 0 12.6 8.4 5.0 2.5 2 0 2 2 2
-6604.8 539.5 34.9 194 0 6.1 9.0 5.0 2.5 2 1 2 1 1
-6523.0 -511.5 -4.4 300 0 4.0 4.0 7.5 0.0 0 0 3 5 5
-6423.1 658.4 37.8 187 0 9.1 16.0 5.0 2.5 2 1 2 0 0
-6599.0 664.0 38.5 97 0 16.8 12.3 7.5 2.5 2 0 3 2 2
-6476.6 -459.8 -9.9 257 0 9.0 13.6 5.0 2.5 4 1 2 3 3
-6616.1 538.8 34.6 198 0 4.6 4.6 5.0 2.5 2 0 2 3 3
-6617.9 -426.0 -18.5 232 0 10.7 14.3 7.5 2.5 2 1 3 2 2
-6725.0 649.2 34.6 105 0 4.4 8.1 7.5 0.0 0 1 3 3 3
-6679.1 703.4 38.4 112 0 9.5 16.3 7.5 2.5 2 1 3 5 5
-6523.8 663.5 40.7 8 0 25.1 11.4 10.0 2.5 2 0 4 5 5
-6439.5 -509.9 -8.4 74 0 5.4 19.9 5.0 2.5 2 1 2 5 5
-6613.7 591.1 35.8 25 0 5.3 5.5 7.5 2.5 2 1 3 2 2
-6587.4 513.3 34.7 105 0 7.6 12.3 7.5 0.0 0 1 3 1 1
-6452.6 -490.4 -8.4 349 0 7.2 10.8 7.5 2.5 2 1 3 1 1
-6694.3 650.1 35.0 289 0 18.2 9.0 7.5 0.0 0 0 3 0 0
-6441.7 -563.8 -3.9 138 0 11.3 8.1 7.5 2.5 4 0 3 1 1
-6131.6 703.6 31.2 7 0 11.6 17.0 10.0 2.5 2 1 4 1 1
-6575.9 632.8 38.8 102 0 11.5 18.4 7.5 2.5 2 1 3 0 0
-6503.8 -491.2 -7.8 133 0 10.8 7.7 7.5 2.5 2 0 3 4 4
-6535.0 -490.7 -6.8 299 0 11.8 6.4 7.5 0.0 0 0 3 4 4
-6412.2 621.9 37.7 10 0 10.2 18.6 5.0 0.0 0 1 2 2 2
-6460.2 -523.4 -5.0 122 0 16.0 10.0 5.0 2.5 4 0 2 4 4
-6607.9 569.5 35.4 200 0 9.8 13.8 5.0 2.5 2 1 2 4 4
-6156.7 737.1 30.3 277 0 8.6 15.2 5.0 2.5 2 1 2 4 4
-6641.9 608.6 35.7 123 0 4.6 7.9 5.0 0.0 0 1 2 1 1
-6715.1 678.0 35.1 296 0 13.8 10.2 2.5 2.5 2 0 1 4 4
-6615.5 527.1 34.4 188 0 3.4 4.6 7.5 2.5 2 1 3 1 1
-6509.6 -503.7 -6.4 306 0 12.2 8.2 5.0 2.5 2 0 2 1 1
-6549.8 558.5 36.3 12 0 8.4 7.7 5.0 2.5 2 0 2 5 5
-6537.9 707.1 42.8 279 0 17.1 11.0 5.0 2.5 2 0 2 0 0
-6641.5 731.2 40.5 279 0 11.5 10.3 7.5 2.5 4 0 3 2 2
-6591.8 555.1 35.5 186 0 5.2 8.3 5.0 2.5 2 1 2 0 0
-6590.7 -407.7 -18.3 315 0 10.1 11.7 7.5 2.5 2 1 3 5 5
-6817.7 764.0 38.8 128 0 6.0 5.9 5.0 2.5 2 0 2 3 3
-6664.9 214.3 24.5 244 0 12.7 8.7 5.0 2.5 2 0 2 1 1
-6856.8 820.2 39.1 142 0 8.9 13.4 7.5 2.5 2 1 3 4 4
-6870.2 743.0 36.5 138 0 22.7 9.6 5.0 2.5 2 0 2 4 4
-6642.5 420.7 31.2 357 0 12.6 7.7 2.5 2.5 2 0 1 3 3
-6733.6 800.7 42.3 7 0 15.2 9.9 7.5 2.5 2 0 3 5 5
-6631.0 262.2 25.9 0 0 12.0 10.9 5.0 2.5 2 0 2 5 5
-6605.5 155.8 23.4 1 0 9.6 8.1 2.5 2.5 2 0 1 2 2
-6619.5 249.0 25.2 192 0 12.2 8.0 7.5 2.5 2 0 3 1 1
-6768.2 728.3 38.1 123 0 9.9 11.4 7.5 2.5 2 1 3 3 3
-6612.2 388.8 30.9 186 0 14.3 8.1 7.5 2.5 2 0 3 3 3
-6865.7 806.6 38.2 140 0 13.9 10.1 7.5 2.5 2 0 3 3 3
-6626.9 399.2 31.1 355 0 13.4 7.7 5.0 2.5 2 0 2 1 1
-6666.0 187.7 23.8 253 0 7.2 14.6 2.5 2.5 2 1 1 1 1
-6694.1 378.9 29.0 268 0 6.5 19.8 7.5 2.5 2 1 3 1 1
-6747.4 721.0 37.9 110 0 16.0 9.5 5.0 2.5 2 0 2 1 1
-6796.7 401.4 28.4 91 0 12.2 11.4 5.0 2.5 2 0 2 0 0
-6677.5 879.5 47.8 51 0 15.1 9.4 2.5 2.5 2 0 1 3 3
-6757.8 698.5 36.1 296 0 11.2 8.7 2.5 2.5 2 0 1 0 0
-6564.2 427.4 31.0 189 0 15.4 18.8 10.0 2.5 4 1 4 2 2
-6621.9 226.3 24.7 179 0 8.4 12.5 7.5 2.5 2 1 3 3 3
-6684.2 341.0 28.8 87 0 11.7 9.3 5.0 2.5 2 0 2 1 1
-6647.0 384.0 30.3 268 0 14.8 5.7 5.0 2.5 4 0 2 5 5
-6588.3 307.7 27.0 95 0 8.2 15.0 5.0 2.5 2 1 2 5 5
-6812.7 798.2 40.5 136 0 5.1 5.4 7.5 2.5 2 1 3 1 1
-6588.8 191.6 23.9 14 0 6.1 9.8 5.0 0.0 0 1 2 1 1
-6614.3 364.6 29.9 181 0 11.8 9.3 7.5 2.5 2 0 3 0 0
-6756.9 836.2 43.5 322 0 11.0 11.1 2.5 2.5 2 1 1 1 1
-6671.2 192.4 24.2 165 0 7.1 15.2 2.5 2.5 2 1 1 3 3
-6646.4 257.4 25.8 359 0 17.4 6.4 5.0 2.5 2 0 2 4 4
-6761.9 685.3 35.3 287 0 8.4 9.3 2.5 2.5 2 1 1 3 3
-6880.1 774.7 37.0 305 0 10.2 6.6 7.5 2.5 2 0 3 5 5
-6780.2 743.5 38.7 119 0 15.7 9.5 5.0 2.5 2 0 2 2 2
-6755.7 565.7 32.3 99 0 7.9 12.1 7.5 2.5 2 1 3 3 3
-6545.7 448.0 32.1 188 0 8.5 7.6 5.0 2.5 2 0 2 1 1
-6635.7 363.4 30.1 358 0 11.5 8.7 2.5 2.5 2 0 1 3 3
-6629.6 414.1 31.4 356 0 8.9 6.4 7.5 2.5 2 0 3 3 3
-6593.3 365.5 29.1 182 0 20.7 9.7 2.5 2.5 2 0 1 0 0
-6597.2 245.4 24.7 278 0 9.1 17.2 5.0 2.5 2 1 2 4 4
-6744.0 741.4 39.2 106 0 13.3 5.9 5.0 2.5 2 0 2 5 5
-6620.9 191.4 23.8 269 0 7.5 10.4 7.5 2.5 2 1 3 3 3
-6846.8 850.2 38.6 323 0 11.5 30.2 17.5 0.0 0 1 7 5 5
-6691.6 204.0 24.6 19 0 13.6 8.5 5.0 2.5 2 0 2 2 2
-6531.8 -1051.8 -16.2 117 0 8.9 11.8 2.5 0.0 0 1 1 3 3
-5873.1 -1403.7 -14.1 303 0 10.6 16.9 5.0 2.5 2 1 2 4 4
-6410.3 -1121.7 -13.9 291 0 11.1 8.1 7.5 2.5 2 0 3 5 5
-5819.3 -1424.7 -15.0 295 0 8.3 19.1 5.0 2.5 2 1 2 4 4
-6379.0 -1123.4 -17.4 206 0 9.3 14.1 7.5 2.5 2 1 3 4 4
-5444.3 -1693.5 -17.7 314 0 5.5 7.5 2.5 0.0 0 1 1 4 4
-5835.6 -1402.4 -14.4 299 0 15.2 9.2 2.5 2.5 4 0 1 4 4
-6484.6 -1070.9 -16.5 113 0 7.8 12.0 7.5 2.5 2 1 3 5 5
-6464.3 479.8 31.2 278 0 8.0 12.0 5.0 2.5 4 1 2 5 5
-5840.7 -1452.2 -15.0 127 0 6.5 7.0 5.0 2.5 2 1 2 0 0
-6330.9 -1137.3 -17.6 292 0 10.6 11.1 7.5 2.5 4 1 3 4 4
-5413.7 -1721.6 -16.8 309 0 9.3 10.3 2.5 2.5 2 1 1 0 0
-2454.1 7772.5 -66.6 96 0 12.9 13.8 7.5 2.5 2 1 3 3 3
-2451.2 7812.0 -67.2 271 0 11.7 13.7 2.5 2.5 2 1 1 3 3
-2468.1 7380.9 -61.5 249 0 12.0 16.1 5.0 2.5 2 1 2 0 0
1507.5 1572.0 34.9 277 0 9.9 8.3 5.0 2.5 2 0 2 1 1
1807.2 1595.9 13.8 50 0 9.8 9.9 2.5 2.5 2 1 1 4 4
1780.9 1580.7 15.4 123 0 11.1 9.6 7.5 2.5 4 0 3 4 4
1500.6 1596.8 35.5 109 0 15.1 9.9 7.5 2.5 2 0 3 3 3
1505.3 1656.6 35.4 319 0 11.4 9.7 7.5 2.5 4 0 3 5 5
1541.1 1565.2 32.2 268 0 14.2 9.7 5.0 2.5 2 0 2 0 0
1547.9 1608.9 33.0 10 0 10.0 12.9 2.5 2.5 2 1 1 4 4
-2388.3 7121.2 -57.6 18 0 12.8 34.8 12.5 2.5 2 1 5 3 3
2041.4 1470.6 7.9 108 0 14.6 16.2 10.0 2.5 2 1 4 4 4
-316.0 -4107.7 9.3 177 0 40.8 10.1 7.5 2.5 2 0 3 5 5
2139.4 1703.4 13.4 225 0 13.2 29.3 7.5 2.5 2 1 3 0 0
2108.1 1617.8 8.7 30 0 20.2 12.9 12.5 2.5 2 0 5 1 1
6856.6 -7908.2 -40.0 352 0 9.7 14.5 7.5 0.0 0 1 3 2 2
6829.3 -7889.9 -39.3 261 0 9.3 12.6 2.5 2.5 2 1 1 3 3
2080.8 1461.0 7.6 97 0 12.2 15.4 5.0 2.5 2 1 2 3 3
-6618.2 6473.3 -59.4 97 0 19.2 10.5 5.0 2.5 2 0 2 2 2
-6683.1 6413.2 -61.4 106 0 13.6 16.4 5.0 0.0 0 1 2 2 2
-6654.4 6565.1 -60.6 275 0 17.4 17.0 7.5 2.5 2 0 3 3 3
-6611.1 6450.1 -59.0 278 0 18.8 15.0 12.5 2.5 4 0 5 1 1
5588.0 -5300.6 -10.2 216 0 10.9 9.8 2.5 2.5 2 0 1 3 3
5563.2 -5321.4 -9.3 20 0 13.3 10.0 5.0 2.5 4 0 2 2 2
5582.4 -5329.5 -9.6 130 0 5.8 13.1 5.0 0.0 0 1 2 4 4
5547.7 -5344.0 -8.8 30 0 14.8 8.5 2.5 2.5 4 0 1 0 0
-6208.6 5690.6 -53.7 263 0 10.8 10.4 5.0 0.0 0 0 2 5 5
-6235.6 5687.0 -53.3 268 0 9.2 7.3 2.5 2.5 2 0 1 4 4
-6127.9 5575.2 -52.8 356 0 10.5 11.0 5.0 2.5 2 1 2 1 1
-6228.2 5491.4 -49.6 18 0 10.7 10.4 5.0 2.5 2 0 2 3 3
-6179.8 5772.1 -54.8 341 0 18.5 11.6 5.0 2.5 2 0 2 5 5
-6284.2 5443.1 -47.4 280 0 9.9 19.7 7.5 2.5 2 1 3 3 3
-6163.6 5456.7 -49.6 338 0 14.8 9.8 2.5 2.5 2 0 1 0 0
-6308.8 5432.6 -47.1 90 0 7.9 15.4 7.5 2.5 2 1 3 5 5
-6185.6 5637.9 -53.8 10 0 19.2 8.3 2.5 2.5 2 0 1 4 4
-6180.0 5470.5 -49.6 330 0 9.9 16.1 2.5 2.5 2 1 1 0 0
-6179.1 5746.0 -54.6 358 0 11.4 11.6 5.0 2.5 2 1 2 1 1
-6253.8 5763.1 -54.9 177 0 14.5 11.6 5.0 2.5 2 0 2 4 4
-6258.0 5489.2 -49.3 95 0 7.9 9.9 5.0 2.5 2 1 2 5 5
-6196.2 5430.0 -48.7 65 0 17.2 11.3 5.0 2.5 2 0 2 4 4
-6200.2 5661.6 -53.7 1 0 10.9 10.1 7.5 2.5 2 0 3 1 1
-6175.8 5725.8 -54.3 2 0 8.1 22.7 5.0 2.5 2 1 2 3 3
-6253.5 5374.6 -46.2 357 0 10.8 8.8 5.0 2.5 4 0 2 3 3
-6204.1 5546.0 -51.5 179 0 8.0 11.7 7.5 2.5 2 1 3 2 2
-6203.9 5565.5 -51.7 194 0 7.9 8.8 7.5 2.5 4 1 3 3 3
-6161.6 5593.6 -53.0 176 0 12.0 10.2 5.0 0.0 0 0 2 0 0
-6163.9 5537.1 -52.0 171 0 20.7 9.0 7.5 2.5 2 0 3 1 1
-6184.7 5584.0 -52.3 14 0 11.2 5.5 2.5 2.5 4 0 1 3 3
-6159.0 5430.0 -48.9 340 0 9.9 15.7 2.5 2.5 2 1 1 4 4
6956.6 -6040.5 -0.3 263 0 6.8 12.3 5.0 2.5 2 1 2 5 5
6947.9 -6033.8 -0.4 359 0 6.9 11.9 7.5 2.5 2 1 3 1 1
6905.5 -6226.1 -4.9 76 0 9.9 12.2 5.0 2.5 2 1 2 3 3
6389.8 -5965.2 -10.4 307 0 8.2 13.9 5.0 2.5 2 1 2 0 0
6356.1 -5976.4 -11.4 206 0 12.1 19.1 5.0 2.5 2 1 2 2 2
-594.0 -3635.9 10.3 332 0 11.4 9.4 5.0 2.5 2 0 2 2 2
-717.3 -3667.6 13.5 239 0 5.1 5.6 2.5 2.5 2 0 1 5 5
-5976.2 7831.1 -62.8 259 0 18.0 9.0 7.5 2.5 2 0 3 5 5
-5961.4 7929.2 -61.2 245 0 10.6 11.4 5.0 2.5 2 1 2 5 5
-5733.3 7236.4 -65.7 115 0 11.2 9.3 2.5 2.5 2 0 1 1 1
-6133.1 7857.2 -62.7 355 0 5.6 17.6 5.0 2.5 2 1 2 5 5
-5959.4 7604.5 -65.6 253 0 9.9 13.2 5.0 2.5 2 1 2 5 5
-5920.7 7481.3 -65.2 247 0 18.3 14.9 7.5 2.5 2 0 3 0 0
-6010.6 7524.1 -66.3 159 0 11.1 14.4 5.0 2.5 2 1 2 0 0
-6124.7 7787.1 -65.0 348 0 9.0 20.1 7.5 2.5 4 1 3 0 0
-6027.2 7807.5 -63.7 79 0 13.4 13.3 5.0 2.5 2 0 2 5 5
-5797.1 7267.6 -66.0 122 0 15.3 9.8 5.0 2.5 2 0 2 3 3
-5888.0 7861.0 -61.6 335 0 9.6 15.5 5.0 0.0 0 1 2 5 5
-5964.5 7396.1 -64.4 68 0 6.3 9.5 7.5 2.5 2 1 3 2 2
-6117.2 7950.8 -60.8 149 0 13.0 7.7 2.5 2.5 4 0 1 0 0
-6002.9 7472.7 -66.1 69 0 17.9 15.2 10.0 2.5 2 0 4 4 4
-6064.3 7850.0 -63.0 246 0 12.7 18.5 2.5 2.5 2 1 1 5 5
-5919.6 7911.8 -61.3 154 0 6.7 12.4 5.0 2.5 2 0 2 3 3
-5821.9 7242.1 -66.7 295 0 10.8 7.7 2.5 2.5 4 0 1 5 5
-5951.9 7799.2 -63.5 71 0 13.9 9.3 5.0 2.5 4 0 2 4 4
-6174.0 7993.1 -60.5 145 0 12.8 7.0 7.5 2.5 4 0 3 4 4
-6052.7 7878.5 -61.2 69 0 6.4 8.7 5.0 0.0 0 1 2 1 1
-6152.1 7807.0 -64.8 259 0 20.6 8.3 7.5 2.5 2 0 3 3 3
-5898.3 7589.5 -65.3 339 0 13.7 19.0 12.5 2.5 2 1 5 4 4
-5806.1 7523.4 -66.7 247 0 18.4 16.0 10.0 2.5 2 0 4 3 3
-5923.1 7839.0 -61.7 68 0 10.5 17.0 7.5 2.5 2 1 3 0 0
-5987.2 7386.8 -65.6 69 0 11.5 16.4 7.5 2.5 2 1 3 1 1
-6122.3 7914.7 -61.0 158 0 9.6 7.3 7.5 2.5 2 0 3 2 2
-5689.6 7252.0 -64.2 297 0 6.6 6.7 2.5 2.5 2 1 1 4 4
-6022.2 7502.2 -66.5 159 0 14.0 14.1 5.0 2.5 4 1 2 5 5
-5986.0 7602.2 -65.9 253 0 9.5 16.5 5.0 2.5 2 1 2 1 1
-5955.7 7399.0 -64.0 69 0 3.5 4.0 5.0 2.5 4 1 2 1 1
-5950.4 7823.7 -62.6 56 0 10.1 16.6 7.5 0.0 0 0 3 1 1
-6008.4 7917.2 -61.2 249 0 12.9 16.2 5.0 2.5 2 1 2 1 1
-5710.6 7321.1 -61.5 305 0 7.0 7.5 7.5 2.5 2 1 3 5 5
-6155.4 7817.5 -64.2 82 0 15.1 8.1 7.5 2.5 2 0 3 0 0
-5964.2 7555.5 -65.6 69 0 11.7 13.4 5.0 2.5 2 1 2 3 3
-5897.6 7488.7 -65.7 247 0 17.8 13.1 7.5 2.5 2 0 3 2 2
-5929.1 7807.4 -63.0 69 0 12.2 11.8 10.0 2.5 2 0 4 2 2
-6161.9 7783.5 -65.3 258 0 9.0 13.8 7.5 2.5 2 1 3 5 5
-6055.6 7818.8 -63.6 158 0 12.6 12.2 7.5 2.5 2 0 3 3 3
-6135.4 7941.1 -60.8 152 0 8.8 7.6 7.5 2.5 2 0 3 2 2
-5790.3 7294.4 -64.8 217 0 8.9 13.9 7.5 2.5 2 1 3 5 5
-5904.3 7892.4 -61.5 245 0 12.4 8.9 2.5 2.5 2 0 1 1 1
-6150.5 7963.7 -60.7 143 0 13.7 7.6 7.5 2.5 2 0 3 0 0
-6044.6 7575.9 -66.4 162 0 8.5 10.4 5.0 0.0 0 1 2 1 1
-5936.8 7828.1 -62.3 56 0 12.1 20.7 7.5 2.5 2 0 3 1 1
-5915.5 7917.6 -61.3 64 0 12.4 13.4 5.0 0.0 0 0 2 0 0
-5909.4 7903.6 -61.4 245 0 12.5 12.3 2.5 2.5 2 0 1 4 4
-6024.3 7838.7 -63.0 246 0 6.8 15.4 7.5 0.0 0 1 3 2 2
-4947.7 -3355.6 34.3 265 0 15.8 9.8 7.5 0.0 0 0 3 0 0
-937.2 -3371.9 6.9 250 0 14.1 25.3 12.5 2.5 2 0 5 3 3
-929.0 -3403.8 7.7 73 0 10.3 7.6 7.5 2.5 2 0 3 3 3
959.0 -6492.3 -4.0 355 0 9.3 9.5 2.5 2.5 2 1 1 3 3
948.4 -6523.3 -3.7 176 0 13.5 13.9 10.0 0.0 0 1 4 4 4
4797.3 524.6 1.4 217 0 10.7 18.4 5.0 2.5 2 1 2 0 0
-2491.0 7365.7 -60.6 244 0 11.7 7.2 2.5 2.5 2 0 1 4 4
6420.8 5926.1 -47.3 97 0 16.2 26.4 5.0 2.5 2 1 2 3 3
4605.3 -1867.5 21.0 120 0 13.2 23.9 15.0 0.0 0 1 6 1 1
5918.3 2074.1 -10.4 228 0 24.4 10.8 10.0 2.5 2 0 4 1 1
602.7 -2981.9 28.1 310 0 12.8 9.4 7.5 2.5 2 0 3 4 4
707.0 -2969.7 32.6 130 0 14.0 19.5 10.0 2.5 2 1 4 5 5
880.0 -6580.4 2.0 67 0 8.2 10.0 7.5 2.5 2 1 3 3 3
5532.1 5408.7 -46.3 257 0 8.6 25.5 5.0 2.5 2 0 2 3 3
5523.0 5372.7 -46.0 77 0 25.1 12.4 7.5 2.5 2 0 3 3 3
-600.6 -4616.4 4.8 184 0 9.3 8.3 5.0 2.5 2 0 2 3 3
-592.1 -4592.5 7.5 276 0 10.2 8.2 5.0 2.5 2 0 2 0 0
-579.6 -4611.5 3.7 4 0 10.2 8.4 5.0 2.5 2 0 2 4 4
-617.0 -4651.8 7.4 183 0 15.4 13.6 10.0 2.5 4 0 4 4 4
6812.7 -6317.9 -8.6 82 0 14.3 8.3 5.0 2.5 2 0 2 0 0
6801.5 -6288.4 -7.7 178 0 10.1 24.3 5.0 2.5 2 1 2 1 1
6793.8 -6306.1 -8.6 177 0 16.4 8.6 7.5 2.5 2 0 3 4 4
6913.3 -6195.9 -4.4 254 0 7.6 5.1 5.0 2.5 2 0 2 2 2
6924.9 -6213.8 -4.3 348 0 13.8 7.1 5.0 2.5 2 0 2 4 4
6934.3 -6047.9 -1.2 357 0 11.6 6.3 5.0 2.5 2 0 2 5 5
6875.9 -6002.3 -1.9 263 0 24.8 9.1 5.0 0.0 0 0 2 4 4
6929.8 -5679.6 0.4 83 0 9.5 11.0 5.0 2.5 2 1 2 1 1
-6876.0 6212.4 -84.8 308 0 13.8 10.9 5.0 2.5 4 0 2 0 0
-6852.2 6193.1 -82.7 303 0 15.3 9.9 5.0 2.5 4 0 2 1 1
-6854.2 6148.3 -76.4 113 0 12.9 5.5 7.5 2.5 2 0 3 1 1
-6831.1 6146.9 -78.2 100 0 9.5 13.9 5.0 2.5 2 1 2 0 0
-6801.1 6140.2 -77.0 16 0 12.0 15.1 5.0 2.5 2 1 2 5 5
-6798.7 6216.4 -85.3 302 0 11.4 9.9 5.0 2.5 2 0 2 2 2
-6782.0 6167.2 -82.2 133 0 5.1 9.7 5.0 2.5 2 1 2 0 0
-6753.8 6155.7 -81.5 32 0 11.4 13.4 7.5 2.5 4 1 3 1 1
-1099.6 -3254.5 5.0 147 0 18.1 13.4 10.0 2.5 2 0 4 0 0
-6077.5 5812.5 -53.7 182 0 12.7 13.9 2.5 2.5 2 1 1 5 5
-6081.9 5845.7 -55.0 86 0 12.8 17.6 7.5 2.5 2 1 3 4 4
-6140.0 5883.2 -56.4 258 0 13.5 9.7 7.5 2.5 2 0 3 4 4
-6176.9 5805.3 -54.1 164 0 10.7 11.1 7.5 2.5 4 1 3 2 2
-6188.1 5835.0 -55.4 174 0 13.0 8.8 7.5 2.5 2 0 3 2 2
-6192.6 5798.7 -54.3 348 0 5.6 13.0 5.0 2.5 2 1 2 0 0
-6206.9 5833.2 -55.5 347 0 10.5 11.3 5.0 2.5 4 1 2 0 0
-6229.4 5808.4 -54.8 350 0 8.6 15.0 7.5 2.5 4 1 3 0 0
-6258.2 5828.3 -55.6 259 0 6.8 20.5 7.5 2.5 2 1 3 3 3
-6269.7 5868.4 -57.2 76 0 21.1 9.7 5.0 2.5 2 0 2 1 1
-6286.4 5951.3 -59.5 261 0 9.8 15.2 7.5 0.0 0 1 3 1 1
-6355.9 5943.3 -59.8 169 0 11.7 13.9 2.5 2.5 2 1 1 5 5
-6332.3 5852.4 -57.2 75 0 13.8 9.7 2.5 2.5 2 0 1 2 2
-6355.5 5847.0 -57.2 77 0 14.9 10.9 2.5 2.5 4 0 1 4 4
-6281.7 5788.7 -54.8 82 0 9.0 10.2 5.0 2.5 2 1 2 5 5
-6382.8 5817.5 -55.9 263 0 18.1 17.6 7.5 2.5 2 0 3 5 5
-6424.8 5793.7 -55.6 79 0 15.5 14.2 5.0 2.5 2 0 2 5 5
-6480.5 5755.1 -55.3 80 0 12.5 15.2 7.5 2.5 2 1 3 4 4
-6520.7 5699.8 -54.5 87 0 9.4 18.8 7.5 2.5 4 1 3 4 4
-3749.4 -3350.7 41.4 355 0 8.0 12.3 5.0 2.5 2 1 2 4 4
-3774.5 -3333.2 41.8 257 0 7.7 12.8 7.5 2.5 2 1 3 1 1
-3726.4 -3430.8 41.7 85 0 10.8 15.7 7.5 2.5 2 1 3 3 3
-4102.8 -3105.8 42.8 342 0 7.4 11.1 7.5 2.5 2 1 3 5 5
-4081.1 -1894.0 52.0 339 0 13.0 8.0 2.5 2.5 2 0 1 4 4
-4177.2 -1892.4 46.2 337 0 8.3 21.4 7.5 2.5 4 1 3 2 2
-4183.6 -1820.0 48.0 254 0 4.7 5.9 5.0 2.5 4 1 2 0 0
-4201.4 -1875.8 46.6 338 0 15.3 11.5 7.5 2.5 2 0 3 0 0
-3407.0 -2027.6 49.1 321 0 8.2 8.7 5.0 2.5 2 1 2 2 2
-3433.9 -2007.0 49.1 234 0 5.0 15.6 5.0 2.5 2 1 2 2 2
-3415.2 -1994.4 49.2 229 0 10.6 11.1 10.0 2.5 2 1 4 2 2
-4003.2 -2185.4 51.2 252 0 9.5 18.2 7.5 2.5 2 1 3 3 3
-4033.4 -2536.8 48.4 170 0 12.1 24.7 10.0 2.5 2 1 4 0 0
-4021.8 -2790.3 47.0 87 0 5.6 9.9 7.5 2.5 2 1 3 3 3
-3879.8 -2291.3 50.6 68 0 9.7 18.5 5.0 0.0 0 1 2 4 4
-4048.9 -2520.7 48.6 172 0 19.3 7.9 5.0 2.5 2 0 2 0 0
-4093.2 -2533.7 44.6 270 0 8.0 15.7 5.0 2.5 2 1 2 2 2
-4093.8 -2561.8 44.1 182 0 9.5 21.8 5.0 2.5 2 1 2 3 3
-4043.5 -2595.0 46.5 178 0 8.3 6.8 5.0 2.5 2 0 2 1 1
-4015.1 -2682.9 43.7 83 0 6.1 10.1 2.5 2.5 2 1 1 0 0
-4039.5 -3211.1 45.8 256 0 7.9 7.2 5.0 2.5 2 0 2 5 5
-4067.6 -2976.1 50.2 1 0 12.4 7.7 5.0 0.0 0 0 2 2 2
-4092.4 -2916.9 49.2 100 0 7.0 10.8 2.5 2.5 2 1 1 2 2
-4056.9 -2908.2 50.2 4 0 8.5 17.9 7.5 2.5 2 1 3 4 4
-4058.5 -2889.0 49.4 12 0 9.2 14.6 2.5 2.5 2 1 1 3 3
-4048.0 -2848.5 48.4 348 0 5.0 11.5 5.0 2.5 2 1 2 4 4
-3982.0 -2962.0 48.1 317 0 14.8 7.5 5.0 0.0 0 0 2 1 1
-3967.4 -2947.0 48.0 131 0 4.3 13.5 2.5 2.5 2 1 1 5 5
-3951.7 -2923.7 48.0 300 0 5.2 3.5 5.0 2.5 2 0 2 1 1
-3976.4 -2932.6 48.6 59 0 4.7 9.6 2.5 2.5 2 0 1 4 4
-3970.9 -2929.3 48.5 59 0 8.0 9.6 7.5 2.5 2 0 3 0 0
-3962.7 -2915.8 48.4 329 0 14.8 10.0 7.5 2.5 2 0 3 0 0
-4002.4 -2899.9 50.0 156 0 12.0 6.8 7.5 2.5 2 0 3 4 4
-3983.5 -2877.7 50.2 330 0 6.8 10.6 7.5 2.5 2 1 3 5 5
-4000.0 -2860.7 50.9 231 0 3.7 8.4 7.5 2.5 2 1 3 5 5
-4023.7 -2883.6 51.0 154 0 13.0 8.4 7.5 2.5 2 0 3 4 4
-4031.9 -2845.7 49.8 262 0 6.3 4.3 5.0 2.5 2 0 2 0 0
-763.8 -3692.0 14.3 241 0 5.0 5.8 7.5 2.5 2 1 3 3 3
-4881.7 -6974.3 39.4 195 0 15.3 11.1 2.5 2.5 2 0 1 5 5
-4883.8 -6888.3 40.4 247 0 4.6 7.8 7.5 2.5 2 1 3 5 5
-4896.8 -6878.8 41.0 320 0 16.1 9.5 7.5 2.5 2 0 3 4 4
-4966.7 -6861.6 43.3 250 0 9.4 15.0 5.0 2.5 2 1 2 5 5
32.4 399.9 74.9 68 0 7.9 10.4 7.5 2.5 2 1 3 2 2
-38.0 501.0 75.2 135 0 11.6 7.1 5.0 2.5 2 0 2 3 3
-18.2 527.7 74.4 300 0 8.4 7.2 7.5 2.5 2 0 3 4 4
60.9 379.3 75.3 51 0 7.5 12.7 5.0 2.5 4 1 2 2 2
48.8 360.6 76.5 147 0 8.8 7.6 5.0 2.5 2 0 2 2 2
65.2 367.5 75.9 143 0 5.6 5.9 2.5 2.5 2 1 1 4 4
48.7 289.4 75.3 159 0 7.0 12.8 5.0 2.5 2 1 2 4 4
59.6 310.4 75.9 339 0 8.9 17.5 5.0 2.5 2 1 2 4 4
26.9 298.1 75.6 63 0 4.8 9.2 5.0 2.5 2 1 2 2 2
-1.4 317.6 75.6 252 0 6.4 16.2 7.5 0.0 0 1 3 1 1
4.6 338.4 76.2 335 0 10.5 6.5 2.5 2.5 2 0 1 4 4
823.0 -25.7 54.8 192 0 11.7 8.3 7.5 2.5 2 0 3 4 4
828.5 -46.6 55.6 179 0 7.1 20.5 2.5 2.5 2 1 1 3 3
134.7 862.8 61.2 327 0 16.7 9.5 7.5 0.0 0 0 3 4 4
113.5 841.0 62.0 56 0 8.6 13.0 5.0 2.5 2 1 2 5 5
-43.0 313.5 75.2 48 0 10.3 7.4 7.5 2.5 2 0 3 5 5
-64.1 314.0 74.7 13 0 13.2 8.0 7.5 2.5 2 0 3 3 3
-72.0 275.0 74.6 343 0 7.5 13.7 5.0 2.5 2 1 2 3 3
-74.6 430.9 76.0 26 0 4.8 9.5 7.5 2.5 2 1 3 1 1
-76.7 437.6 76.1 25 0 5.2 6.9 5.0 2.5 2 1 2 4 4
-736.1 244.6 78.2 296 0 3.4 4.3 5.0 2.5 2 1 2 1 1
-726.9 220.0 78.6 26 0 4.8 5.0 2.5 2.5 2 1 1 5 5
-737.0 226.1 78.6 27 0 6.8 5.8 5.0 2.5 2 0 2 2 2
-731.3 223.2 78.6 27 0 6.5 6.1 5.0 2.5 2 0 2 1 1
-567.3 367.2 70.6 87 0 11.0 7.4 5.0 2.5 2 0 2 0 0
-648.4 371.7 71.4 89 0 7.7 9.4 2.5 2.5 2 1 1 0 0
-627.4 393.8 70.6 272 0 7.2 7.9 5.0 2.5 2 1 2 0 0
-282.7 -418.3 67.2 1 0 28.7 27.7 10.0 0.0 0 0 4 3 3
-137.8 -321.2 66.7 82 0 6.9 6.8 5.0 2.5 2 0 2 5 5
-138.0 -300.7 66.9 171 0 8.0 9.4 5.0 2.5 2 1 2 0 0
-1070.5 492.3 58.6 166 0 10.0 8.2 2.5 2.5 2 0 1 5 5
-1026.6 610.6 58.4 23 0 7.5 12.6 7.5 2.5 2 1 3 1 1
-1065.1 642.3 59.6 284 0 8.0 13.1 2.5 0.0 0 1 1 4 4
-858.9 346.5 74.0 286 0 12.3 7.9 7.5 2.5 2 0 3 3 3
-884.3 324.0 74.8 191 0 7.1 5.2 7.5 2.5 2 0 3 3 3
-745.1 416.1 67.5 97 0 7.4 7.6 5.0 2.5 2 1 2 0 0
-762.2 483.9 61.9 188 0 8.3 8.4 5.0 2.5 2 1 2 2 2
-760.5 490.1 61.8 188 0 3.9 7.4 2.5 2.5 2 1 1 2 2
-727.9 585.6 59.7 107 0 7.4 13.3 7.5 2.5 2 1 3 4 4
-291.4 632.3 74.4 274 0 11.1 7.5 5.0 2.5 2 0 2 5 5
-108.7 357.8 74.3 83 0 7.5 12.4 7.5 2.5 4 1 3 1 1
-131.9 603.3 73.8 220 0 13.7 9.1 2.5 2.5 2 0 1 0 0
-121.4 615.4 73.0 221 0 18.0 9.2 5.0 2.5 2 0 2 5 5
-2355.5 5379.2 -43.3 76 0 8.8 12.5 2.5 2.5 2 1 1 1 1
-2372.3 5413.5 -43.4 167 0 9.8 7.6 5.0 2.5 2 0 2 5 5
821.6 7910.5 -58.7 348 0 14.7 15.7 5.0 0.0 0 1 2 2 2
2224.5 7469.6 -70.2 336 0 8.8 20.3 7.5 0.0 0 1 3 2 2
2191.4 7477.7 -69.3 190 0 7.5 7.0 7.5 2.5 4 0 3 0 0
2119.6 7541.5 -66.2 221 0 4.1 10.6 5.0 2.5 2 1 2 2 2
2091.3 7393.5 -69.4 38 0 7.8 9.5 2.5 2.5 2 1 1 2 2
2096.2 7399.8 -69.2 38 0 7.8 9.5 7.5 2.5 2 1 3 4 4
2044.5 7337.6 -70.6 58 0 10.3 12.3 10.0 0.0 0 1 4 4 4
1604.5 7497.5 -66.4 150 0 6.8 12.3 7.5 2.5 2 1 3 2 2
1623.1 7524.1 -66.6 330 0 13.5 9.7 7.5 2.5 2 0 3 0 0
1924.1 7138.5 -68.9 34 0 9.3 11.9 2.5 2.5 2 1 1 0 0
1894.1 7228.8 -71.4 57 0 9.2 9.0 5.0 2.5 4 0 2 5 5
1865.1 7285.8 -71.3 329 0 12.6 8.9 5.0 2.5 2 0 2 2 2
1808.3 7105.9 -68.3 250 0 9.5 15.8 7.5 2.5 2 1 3 2 2
1795.9 7163.2 -68.5 235 0 5.2 9.1 2.5 2.5 4 1 1 3 3
1788.8 7135.6 -68.4 72 0 8.3 9.6 7.5 0.0 0 1 3 5 5
1737.5 7093.0 -68.0 234 0 4.9 10.2 7.5 2.5 2 1 3 4 4
1725.8 7121.0 -68.2 86 0 8.4 10.5 5.0 2.5 2 1 2 4 4
1703.4 7134.5 -68.1 77 0 6.5 6.1 5.0 2.5 2 0 2 0 0
1714.2 7152.7 -68.2 246 0 8.3 5.6 5.0 2.5 2 0 2 1 1
1742.7 7258.2 -68.9 50 0 11.5 10.9 7.5 0.0 0 0 3 1 1
1630.6 7335.1 -67.5 156 0 7.7 15.4 2.5 2.5 2 1 1 2 2
1589.0 7283.2 -67.0 238 0 7.0 16.8 5.0 2.5 2 1 2 2 2
1632.9 7257.9 -67.5 73 0 9.1 11.1 7.5 0.0 0 1 3 5 5
1606.0 7145.3 -67.1 349 0 9.4 10.8 2.5 2.5 4 1 1 3 3
1552.2 7096.9 -65.9 78 0 7.7 9.3 2.5 0.0 0 1 1 3 3
1529.0 7096.8 -65.5 171 0 3.6 14.8 2.5 0.0 0 1 1 0 0
1451.2 7230.9 -65.3 304 0 9.5 12.6 7.5 2.5 2 1 3 5 5
1406.8 7236.2 -65.6 218 0 6.4 18.3 5.0 2.5 2 1 2 1 1
1186.4 6634.5 -55.7 252 0 3.3 3.2 7.5 0.0 0 0 3 3 3
1294.1 6612.2 -49.2 245 0 14.1 20.5 10.0 2.5 2 1 4 1 1
1230.8 6857.0 -68.9 155 0 11.9 9.5 5.0 2.5 4 0 2 5 5
1185.7 6944.8 -67.8 350 0 11.8 14.0 7.5 0.0 0 1 3 3 3
1203.2 7021.6 -65.8 176 0 29.7 8.3 7.5 2.5 2 0 3 4 4
1199.5 7069.8 -66.3 176 0 29.9 9.1 7.5 2.5 2 0 3 2 2
1244.1 7481.1 -61.3 30 0 7.5 8.3 5.0 2.5 2 1 2 3 3
1281.8 7309.5 -65.1 30 0 6.7 19.3 2.5 2.5 2 1 1 3 3
1259.4 7286.9 -65.2 30 0 7.1 11.3 5.0 2.5 2 1 2 5 5
1189.7 7202.2 -65.8 120 0 12.0 8.1 5.0 2.5 2 0 2 0 0
1134.7 7221.2 -65.6 136 0 11.8 12.1 5.0 2.5 2 1 2 4 4
917.4 7415.2 -62.3 91 0 12.8 11.9 5.0 2.5 2 0 2 2 2
982.4 7228.4 -65.2 81 0 5.9 6.1 5.0 2.5 2 1 2 4 4
995.2 7258.3 -65.0 265 0 10.6 8.0 7.5 2.5 2 0 3 5 5
1041.0 7231.3 -65.3 347 0 8.9 11.6 7.5 2.5 2 1 3 5 5
1081.6 7122.1 -66.3 320 0 7.8 16.3 7.5 2.5 2 1 3 2 2
1065.0 7028.7 -67.0 89 0 11.8 11.4 5.0 0.0 0 0 2 4 4
1019.5 7031.2 -66.9 100 0 8.1 13.6 7.5 2.5 2 1 3 4 4
978.1 7034.3 -65.8 172 0 8.8 13.8 7.5 2.5 2 1 3 0 0
939.0 7112.5 -66.2 263 0 10.0 9.5 5.0 2.5 2 0 2 1 1
942.1 7082.8 -65.9 83 0 8.8 8.3 7.5 2.5 2 0 3 4 4
907.1 7084.3 -64.9 173 0 7.5 13.7 7.5 2.5 2 1 3 5 5
-209.2 6830.6 -58.4 251 0 15.8 30.1 10.0 0.0 0 1 4 2 2
-253.0 6810.2 -58.3 157 0 12.1 18.9 15.0 0.0 0 1 6 2 2
-546.2 6913.3 -55.3 338 0 18.9 5.4 7.5 2.5 4 0 3 0 0
-532.4 6872.7 -55.9 67 0 5.4 29.3 2.5 2.5 2 1 1 1 1
-556.4 6712.9 -55.2 247 0 15.9 9.4 7.5 2.5 2 0 3 2 2
-635.4 6886.3 -56.6 247 0 5.4 18.9 2.5 0.0 0 1 1 0 0
-619.3 6847.8 -56.7 67 0 5.4 19.0 5.0 0.0 0 1 2 2 2
-673.3 6809.0 -55.0 156 0 32.1 9.4 7.5 0.0 0 0 3 3 3
-694.2 6873.4 -56.4 247 0 5.4 29.8 7.5 2.5 2 1 3 5 5
-557.9 7038.9 -53.2 62 0 8.4 14.8 2.5 2.5 2 1 1 4 4
-503.1 7070.9 -54.7 62 0 10.5 8.3 5.0 2.5 2 0 2 1 1
-462.9 6948.0 -56.8 337 0 18.9 5.4 7.5 2.5 2 0 3 4 4
-453.2 6917.1 -56.7 68 0 5.4 18.9 5.0 2.5 2 1 2 4 4
-420.5 6822.6 -57.4 157 0 9.8 14.0 7.5 2.5 2 1 3 3 3
-386.8 6823.2 -57.6 67 0 13.3 8.8 5.0 2.5 2 0 2 1 1
-414.9 6716.2 -57.7 71 0 10.6 9.0 5.0 2.5 2 0 2 4 4
-385.1 6722.7 -58.0 66 0 13.9 9.7 5.0 2.5 2 0 2 0 0
-364.0 6751.8 -58.0 341 0 13.2 9.6 7.5 2.5 4 0 3 2 2
-404.5 6783.1 -57.7 247 0 10.9 8.2 2.5 2.5 2 0 1 5 5
-424.7 6773.9 -57.6 246 0 16.5 10.5 2.5 2.5 2 0 1 2 2
-439.1 6767.7 -57.4 295 0 8.4 16.5 5.0 2.5 2 1 2 5 5
-473.3 6753.5 -57.3 246 0 11.0 13.5 2.5 0.0 0 1 1 0 0
-534.0 6728.8 -56.2 246 0 10.4 9.0 7.5 0.0 0 0 3 2 2
-532.4 6681.2 -55.5 156 0 9.7 3.5 5.0 0.0 0 0 2 3 3
-510.9 6673.4 -55.9 334 0 8.3 12.6 5.0 2.5 2 1 2 0 0
-663.2 6613.4 -50.9 254 0 9.8 13.5 2.5 2.5 2 1 1 3 3
-662.3 6568.2 -52.2 161 0 12.2 15.4 5.0 2.5 2 1 2 1 1
-600.2 6586.7 -53.4 337 0 13.7 14.7 7.5 2.5 2 1 3 2 2
-558.0 6406.8 -60.0 81 0 9.7 11.6 5.0 2.5 2 1 2 3 3
-531.1 6426.0 -60.9 70 0 16.9 9.8 2.5 2.5 2 0 1 2 2
-573.7 6455.0 -59.8 256 0 10.2 8.3 5.0 2.5 2 0 2 1 1
-566.0 6456.9 -59.9 255 0 5.5 8.3 7.5 2.5 2 1 3 4 4
-573.4 6481.0 -58.6 255 0 7.7 5.2 5.0 2.5 4 0 2 2 2
-580.8 6479.0 -58.4 255 0 7.6 5.3 5.0 2.5 2 0 2 1 1
-580.8 6469.6 -58.7 254 0 5.2 4.7 7.5 2.5 2 0 3 0 0
-607.2 6418.2 -60.7 162 0 7.8 10.6 7.5 2.5 2 1 3 2 2
-663.8 6384.3 -60.9 328 0 15.4 8.9 7.5 2.5 2 0 3 0 0
-683.0 6361.4 -61.0 59 0 6.2 12.3 7.5 2.5 2 1 3 1 1
-689.7 6403.6 -60.3 328 0 9.0 15.7 7.5 2.5 4 1 3 0 0
-725.2 6426.3 -59.1 243 0 16.1 11.8 5.0 2.5 2 0 2 3 3
-753.1 6412.6 -58.8 244 0 15.9 12.1 5.0 2.5 2 0 2 4 4
-749.9 6362.2 -59.7 152 0 14.2 5.9 5.0 2.5 2 0 2 0 0
-815.0 6384.5 -57.4 252 0 9.7 7.6 7.5 2.5 4 0 3 3 3
-783.8 6397.4 -58.3 244 0 11.0 9.1 5.0 2.5 2 0 2 4 4
-1514.6 7255.6 -52.8 162 0 12.4 15.9 5.0 2.5 2 1 2 1 1
-1512.5 7204.2 -52.4 158 0 7.5 14.7 2.5 2.5 2 1 1 1 1
-1588.0 7143.0 -51.7 263 0 13.0 9.2 5.0 0.0 0 0 2 2 2
-1619.5 7108.9 -50.2 85 0 10.5 9.1 7.5 2.5 2 0 3 3 3
-1616.9 7140.7 -51.0 264 0 9.6 9.7 7.5 2.5 2 1 3 5 5
-1680.0 7106.4 -49.8 168 0 12.4 4.0 2.5 2.5 2 0 1 4 4
-1673.1 7136.1 -50.3 260 0 10.6 9.1 7.5 2.5 4 0 3 2 2
-2594.2 6673.9 -35.7 252 0 9.2 10.2 7.5 2.5 2 1 3 2 2
-1746.3 7081.1 -49.2 66 0 12.5 9.4 7.5 2.5 2 0 3 1 1
-1827.2 7197.0 -51.9 159 0 6.7 10.7 7.5 2.5 2 1 3 0 0
-1791.1 7214.0 -52.1 251 0 11.9 9.4 5.0 2.5 2 0 2 4 4
-1750.4 7157.3 -51.0 72 0 12.0 9.4 7.5 0.0 0 0 3 5 5
-1785.6 7135.2 -50.4 350 0 8.9 15.3 7.5 2.5 2 1 3 1 1
-1822.0 7138.2 -50.4 156 0 7.1 8.4 7.5 2.5 2 1 3 1 1
-1820.8 7055.6 -48.4 239 0 11.3 8.2 2.5 2.5 2 0 1 5 5
-1840.9 6984.3 -48.8 336 0 10.2 8.0 2.5 2.5 2 0 1 0 0
-2383.7 5690.6 -46.7 354 0 8.4 10.8 5.0 0.0 0 1 2 3 3
-2331.6 5700.7 -46.6 263 0 18.3 9.3 5.0 2.5 2 0 2 3 3
-3034.0 6336.4 -38.0 271 0 6.7 6.7 2.5 2.5 2 0 1 5 5
-3044.6 6268.8 -36.8 70 0 15.0 12.7 7.5 2.5 2 0 3 4 4
-2809.5 6479.9 -31.9 324 0 8.8 15.2 7.5 2.5 2 1 3 0 0
-2732.1 6662.8 -34.5 46 0 5.1 11.2 5.0 2.5 2 1 2 0 0
-2726.4 6704.7 -36.9 326 0 10.4 16.1 7.5 2.5 2 1 3 2 2
-2626.1 6708.2 -37.1 78 0 10.2 8.2 2.5 2.5 2 0 1 0 0
-2554.7 6718.4 -38.6 58 0 8.8 25.1 5.0 2.5 2 1 2 5 5
-2564.4 6697.1 -37.6 61 0 12.2 7.9 5.0 2.5 2 0 2 4 4
-2547.9 6669.3 -37.5 72 0 9.0 7.9 5.0 0.0 0 0 2 0 0
-2506.8 6736.4 -40.3 236 0 4.7 4.3 5.0 2.5 2 0 2 2 2
-2379.8 6677.4 -44.9 166 0 10.5 35.3 7.5 0.0 0 1 3 3 3
-2344.9 6601.1 -42.4 344 0 9.3 9.5 5.0 2.5 2 1 2 0 0
-2290.5 6438.4 -41.4 277 0 9.3 15.9 2.5 2.5 2 1 1 0 0
-2302.0 6409.2 -41.5 73 0 22.6 9.2 7.5 2.5 2 0 3 4 4
-2314.2 6290.8 -43.3 98 0 10.9 6.4 5.0 2.5 2 0 2 5 5
-2705.7 5709.4 -47.4 209 0 18.1 16.5 7.5 2.5 4 0 3 5 5
-2674.8 5708.1 -47.4 299 0 15.7 24.8 7.5 2.5 4 1 3 2 2
-2615.9 5843.2 -47.2 115 0 9.0 6.4 7.5 2.5 4 0 3 0 0
-2269.2 5657.1 -46.9 264 0 10.8 33.2 7.5 2.5 2 1 3 4 4
-2235.9 5660.5 -46.8 264 0 10.8 33.5 12.5 2.5 2 1 5 2 2
-2201.7 5664.2 -46.8 262 0 10.7 37.5 10.0 2.5 2 1 4 5 5
-2213.6 5678.2 -46.8 86 0 12.7 33.4 7.5 2.5 2 1 3 1 1
-2248.7 5674.7 -46.8 84 0 10.8 33.8 7.5 2.5 2 1 3 2 2
-2296.8 5704.1 -46.5 264 0 14.7 9.1 7.5 2.5 2 0 3 1 1
-2280.1 5742.5 -46.1 79 0 14.9 9.1 5.0 2.5 2 0 2 1 1
-2314.5 5736.6 -46.2 81 0 17.5 8.8 5.0 2.5 2 0 2 2 2
-2350.7 5730.0 -46.3 81 0 17.8 9.0 5.0 2.5 2 0 2 2 2
-2382.4 5724.7 -46.3 81 0 9.1 8.5 2.5 2.5 2 0 1 4 4
-2411.0 5731.5 -46.3 80 0 3.6 4.8 2.5 2.5 2 1 1 2 2
-2438.1 5714.2 -46.4 79 0 27.6 9.8 7.5 0.0 0 0 3 3 3
-2440.2 5649.9 -47.2 168 0 19.7 9.8 7.5 2.5 2 0 3 5 5
-1911.3 7145.1 -50.5 249 0 9.3 13.6 7.5 2.5 2 1 3 0 0
-1914.9 7115.1 -49.8 160 0 10.5 9.2 5.0 2.5 2 0 2 2 2
-1902.5 7083.1 -49.5 70 0 7.5 12.3 2.5 2.5 2 1 1 1 1
-1894.7 7010.7 -48.8 257 0 4.9 4.2 2.5 2.5 2 0 1 1 1
-1905.5 7024.3 -49.2 263 0 11.7 8.2 2.5 0.0 0 0 1 2 2
-1924.6 7016.6 -49.4 264 0 5.8 12.8 5.0 2.5 2 1 2 0 0
-1933.0 7025.8 -49.6 261 0 15.0 6.2 5.0 2.5 2 0 2 0 0
-1987.1 7067.1 -49.3 280 0 13.6 11.5 10.0 0.0 0 0 4 4 4
-2029.3 7081.5 -48.8 329 0 9.4 11.9 5.0 0.0 0 1 2 4 4
-2250.3 6948.5 -52.5 178 0 8.0 6.1 5.0 2.5 4 0 2 4 4
-2240.6 6974.8 -52.8 283 0 7.1 9.3 2.5 2.5 2 1 1 0 0
-2241.7 7005.9 -52.5 304 0 8.9 7.2 7.5 0.0 0 0 3 1 1
-2162.4 6867.6 -52.0 85 0 7.1 12.2 7.5 2.5 2 1 3 4 4
-2088.7 6953.3 -51.1 80 0 23.8 9.3 2.5 2.5 2 0 1 2 2
-2133.3 6973.1 -51.5 256 0 8.4 8.7 7.5 2.5 4 1 3 4 4
-2055.7 6963.6 -50.4 351 0 5.5 4.4 7.5 2.5 2 0 3 2 2
-2056.8 6974.2 -50.2 348 0 7.5 5.4 7.5 2.5 4 0 3 2 2
-2112.9 7005.5 -50.2 76 0 10.6 10.3 5.0 2.5 2 0 2 1 1
-2079.1 7012.3 -49.6 77 0 10.9 11.1 2.5 2.5 2 1 1 5 5
-2075.3 7030.7 -49.2 75 0 6.1 17.9 5.0 2.5 2 1 2 2 2
-2133.7 7034.9 -49.9 256 0 4.9 5.9 7.5 2.5 4 1 3 4 4
-2164.2 7021.3 -50.9 261 0 8.9 8.9 5.0 2.5 2 0 2 1 1
-2177.2 7018.0 -51.0 250 0 3.5 5.2 5.0 2.5 2 1 2 1 1
-2191.5 6999.5 -51.6 124 0 10.2 9.7 5.0 0.0 0 0 2 0 0
-2271.1 7023.5 -52.8 307 0 7.9 13.4 5.0 2.5 4 1 2 2 2
-2347.5 6841.8 -49.2 55 0 7.9 9.8 7.5 2.5 2 1 3 4 4
-2417.7 6838.4 -46.3 257 0 9.5 12.6 7.5 2.5 2 1 3 2 2
-2401.3 8082.3 -75.1 11 0 6.4 7.8 7.5 2.5 2 1 3 4 4
-3500.8 8023.7 -66.0 43 0 9.5 34.9 7.5 0.0 0 1 3 3 3
-3528.9 8059.8 -63.8 270 0 5.9 4.2 5.0 2.5 2 0 2 0 0
-3603.5 8057.1 -63.7 190 0 4.2 19.1 7.5 2.5 4 1 3 1 1
-3593.6 8065.8 -63.1 279 0 8.4 4.5 7.5 2.5 2 0 3 0 0
-3585.7 8063.2 -63.2 280 0 5.0 3.2 5.0 2.5 2 0 2 3 3
-3581.8 8069.3 -63.0 276 0 9.9 3.9 7.5 2.5 2 0 3 5 5
-3764.8 8094.1 -64.1 310 0 8.3 12.5 2.5 2.5 2 1 1 0 0
-3772.9 8073.1 -62.8 42 0 6.2 5.1 5.0 2.5 2 0 2 0 0
-3795.5 8075.4 -64.1 127 0 9.1 15.3 5.0 2.5 2 1 2 3 3
-3867.8 8084.3 -62.9 222 0 8.6 14.2 7.5 2.5 2 1 3 0 0
-4185.1 7617.2 -61.4 89 0 12.8 8.5 2.5 2.5 2 0 1 0 0
-4635.4 7479.5 -61.2 238 0 9.9 8.9 7.5 2.5 2 0 3 3 3
-4691.8 7453.7 -61.6 261 0 8.2 10.8 5.0 0.0 0 1 2 3 3
-4685.1 7415.7 -61.2 81 0 7.0 19.1 2.5 2.5 2 1 1 1 1
-5010.3 7482.4 -66.7 168 0 6.5 10.9 7.5 2.5 2 1 3 5 5
-5085.1 7563.2 -65.2 261 0 5.9 12.0 5.0 2.5 4 1 2 4 4
-5099.9 7558.3 -64.9 268 0 6.3 13.6 5.0 2.5 2 1 2 4 4
-5203.2 7543.5 -63.5 199 0 8.1 17.9 7.5 0.0 0 1 3 5 5
-5280.0 7602.6 -64.2 298 0 6.9 9.0 2.5 2.5 2 1 1 5 5
-5427.6 7772.5 -64.2 292 0 8.7 11.0 5.0 2.5 4 1 2 5 5
-5599.8 7604.9 -65.5 69 0 6.8 10.6 7.5 2.5 2 1 3 3 3
-5788.7 7544.9 -66.1 160 0 6.5 8.5 5.0 0.0 0 1 2 4 4
-5779.6 7530.8 -66.4 338 0 6.6 9.5 5.0 2.5 2 1 2 2 2
-5762.0 7199.5 -66.6 26 0 3.7 8.1 7.5 2.5 2 1 3 2 2
-5780.8 7195.3 -66.5 115 0 10.0 7.9 5.0 2.5 2 0 2 2 2
-5761.6 7250.1 -65.9 113 0 11.8 8.4 2.5 2.5 2 0 1 1 1
-5841.1 7348.1 -63.6 162 0 14.4 8.4 2.5 2.5 2 0 1 5 5
-5855.6 7364.0 -63.0 152 0 12.8 7.7 5.0 2.5 2 0 2 5 5
-6132.1 7229.0 -65.5 14 0 12.9 8.7 5.0 0.0 0 0 2 4 4
-6120.1 7256.5 -65.7 13 0 12.8 8.6 7.5 2.5 2 0 3 0 0
-6112.8 7324.7 -66.3 206 0 8.6 10.2 2.5 2.5 2 1 1 3 3
-6094.9 7277.7 -66.0 107 0 8.0 9.5 7.5 2.5 2 1 3 4 4
-6071.1 7278.8 -66.1 16 0 8.7 9.6 7.5 2.5 2 1 3 1 1
-6056.7 7334.3 -66.5 14 0 7.5 9.6 5.0 2.5 2 1 2 0 0
-6077.1 7392.6 -66.9 196 0 6.1 5.0 7.5 2.5 2 0 3 5 5
-6074.3 7407.5 -66.9 196 0 9.9 6.4 2.5 2.5 2 0 1 3 3
-6074.7 7559.0 -67.2 340 0 9.8 18.2 2.5 2.5 2 1 1 0 0
-6008.1 7437.3 -65.3 158 0 9.0 15.2 2.5 2.5 2 1 1 3 3
-5937.8 7416.9 -64.1 69 0 9.3 13.3 5.0 2.5 2 1 2 2 2
-5904.4 7435.8 -63.9 68 0 11.5 8.0 2.5 2.5 2 0 1 5 5
-6225.5 7761.7 -66.3 235 0 26.8 11.7 10.0 2.5 2 0 4 5 5
-6152.8 7840.0 -63.3 76 0 4.1 14.4 2.5 2.5 2 1 1 5 5
-6085.6 7879.5 -61.2 72 0 5.5 7.7 5.0 2.5 2 1 2 3 3
-6248.4 7899.6 -61.6 66 0 6.6 25.0 7.5 2.5 2 1 3 3 3
-6298.8 7930.1 -60.9 156 0 12.3 8.4 2.5 2.5 4 0 1 1 1
-6430.1 7894.3 -60.1 336 0 7.2 12.6 7.5 2.5 2 1 3 1 1
-6433.0 7900.9 -59.8 336 0 7.1 12.6 5.0 2.5 2 1 2 1 1
-6474.9 7885.0 -60.1 157 0 8.1 8.1 5.0 2.5 2 0 2 4 4
-6495.2 7914.6 -59.5 159 0 10.2 16.4 7.5 2.5 2 1 3 2 2
-6453.8 7933.1 -58.3 243 0 13.1 7.6 5.0 2.5 2 0 2 2 2
-6417.0 7949.7 -57.7 246 0 10.5 7.9 7.5 0.0 0 0 3 3 3
-2379.4 7171.0 -58.2 3 0 23.4 12.9 10.0 2.5 2 0 4 1 1
-362.3 4047.8 -1.7 152 0 16.0 10.5 5.0 2.5 2 0 2 5 5
-286.5 4086.5 -0.7 333 0 8.4 13.3 7.5 2.5 2 1 3 5 5
-295.3 4068.0 -0.9 152 0 9.1 9.9 5.0 2.5 2 1 2 2 2
-316.8 3971.1 -4.0 149 0 10.4 10.5 7.5 2.5 2 0 3 2 2
-339.9 4012.2 -2.1 148 0 17.1 8.6 7.5 2.5 2 0 3 3 3
-1191.7 -3086.5 11.2 227 0 4.0 4.4 7.5 0.0 0 1 3 3 3
-1184.3 -3059.4 9.8 242 0 4.3 13.1 7.5 2.5 2 1 3 0 0
