6143.7 -6979.1 -5.5 300 0 9.7 21.1 5.0 2.5 2 1 2 2 2
6083.7 -7158.2 -6.8 23 0 9.3 9.4 7.5 2.5 2 1 3 5 5
6093.6 -7139.7 -6.9 26 0 10.2 12.5 7.5 2.5 2 1 3 0 0
6038.8 -7135.9 -6.3 210 0 10.4 8.1 7.5 2.5 2 0 3 3 3
6060.5 -7119.0 -6.4 302 0 10.2 12.4 5.0 2.5 2 1 2 2 2
6092.7 -7118.1 -6.9 115 0 8.1 13.9 2.5 2.5 2 1 1 5 5
6080.0 -7108.4 -6.7 115 0 14.2 10.4 5.0 2.5 2 0 2 4 4
6114.6 -7099.0 -6.9 26 0 5.7 9.6 5.0 2.5 2 1 2 1 1
6062.0 -7102.8 -6.2 116 0 10.4 12.9 7.5 2.5 2 1 3 0 0
6123.2 -7070.4 -6.9 19 0 10.5 7.4 7.5 2.5 2 0 3 3 3
6109.3 -7052.9 -6.5 297 0 8.1 9.5 5.0 2.5 2 1 2 2 2
6098.1 -7042.8 -6.2 297 0 9.5 19.7 7.5 2.5 2 1 3 4 4
6118.7 -7039.0 -6.5 119 0 6.0 12.2 5.0 2.5 2 1 2 2 2
6138.8 -7016.7 -6.1 28 0 10.6 15.4 5.0 2.5 2 1 2 5 5
6175.8 -6985.8 -7.0 193 0 10.3 11.0 2.5 2.5 2 1 1 3 3
5779.1 -7673.0 -8.1 197 0 6.2 10.7 7.5 2.5 2 1 3 5 5
5797.2 -7649.5 -7.9 199 0 9.1 6.5 5.0 2.5 2 0 2 2 2
5794.6 -7632.6 -7.6 208 0 5.4 7.4 5.0 2.5 2 1 2 3 3
5803.6 -7628.3 -7.6 208 0 7.7 4.1 5.0 2.5 2 0 2 2 2
5799.1 -7606.4 -7.3 197 0 7.9 11.6 2.5 2.5 2 1 1 1 1
5813.3 -7608.3 -7.7 205 0 3.2 9.5 2.5 2.5 2 1 1 3 3
5849.9 -7613.5 -8.5 27 0 14.6 9.2 7.5 2.5 2 0 3 3 3
5872.3 -7706.0 -8.1 117 0 7.8 7.7 5.0 2.5 2 0 2 0 0
5813.6 -7731.1 -8.4 207 0 7.9 8.3 5.0 2.5 2 0 2 1 1
5817.1 -7724.3 -8.4 207 0 7.5 8.3 5.0 2.5 2 0 2 3 3
6091.7 -7326.9 -7.3 27 0 9.2 9.6 2.5 2.5 2 0 1 4 4
5836.8 -7686.8 -8.4 120 0 5.3 4.6 2.5 2.5 2 0 1 2 2
5843.9 -7740.8 -8.2 27 0 4.1 6.4 5.0 0.0 0 0 2 4 4
5836.9 -7747.7 -8.2 118 0 7.0 7.4 5.0 2.5 2 0 2 2 2
6133.4 -7187.3 -7.2 296 0 6.1 4.0 7.5 2.5 2 0 3 5 5
6045.8 -7140.0 -6.4 210 0 10.4 8.4 2.5 2.5 2 0 1 2 2
6073.6 -7130.0 -6.6 297 0 4.6 9.1 7.5 2.5 2 0 3 0 0
6084.2 -7071.7 -6.2 207 0 5.4 3.4 7.5 2.5 2 0 3 5 5
6083.3 -7076.7 -6.3 207 0 10.9 5.1 7.5 2.5 2 0 3 3 3
6101.1 -7102.1 -6.8 27 0 7.2 4.6 7.5 2.5 4 0 3 2 2
6103.6 -7088.0 -6.6 29 0 4.9 13.7 5.0 2.5 2 0 2 0 0
5996.9 -7285.5 -6.8 27 0 10.2 7.6 5.0 0.0 0 0 2 4 4
6018.8 -7280.7 -7.0 28 0 8.3 11.7 2.5 2.5 2 0 1 5 5
5963.9 -7263.6 -6.7 207 0 8.0 9.2 7.5 0.0 0 1 3 5 5
6096.1 -7230.3 -7.2 298 0 8.4 9.8 7.5 0.0 0 1 3 0 0
5975.3 -7246.2 -6.5 207 0 15.0 9.3 5.0 2.5 2 0 2 4 4
6070.7 -7227.6 -7.0 207 0 13.6 11.0 5.0 2.5 2 0 2 5 5
6039.6 -7236.0 -6.8 28 0 17.1 11.3 7.5 2.5 2 0 3 3 3
5986.8 -7224.5 -6.0 208 0 11.2 10.9 7.5 2.5 4 0 3 2 2
6087.5 -7211.4 -7.0 118 0 12.0 10.9 5.0 2.5 2 0 2 1 1
6006.7 -7214.2 -6.2 208 0 12.6 11.0 2.5 2.5 2 0 1 4 4
6113.4 -7178.7 -7.1 296 0 11.7 8.9 5.0 2.5 2 0 2 2 2
6013.9 -7185.5 -6.1 298 0 9.6 14.1 5.0 0.0 0 1 2 1 1
6072.6 -7173.7 -6.8 27 0 12.6 8.9 7.5 2.5 2 0 3 5 5
6114.4 -7225.1 -7.2 107 0 7.1 12.7 5.0 2.5 2 1 2 1 1
6084.8 -7291.2 -7.3 207 0 4.3 9.4 5.0 2.5 2 0 2 4 4
6088.2 -7282.1 -7.3 221 0 11.1 11.7 7.5 0.0 0 0 3 2 2
6031.5 -7205.1 -6.3 297 0 5.2 10.0 7.5 2.5 4 0 3 5 5
6036.2 -7196.1 -6.5 297 0 5.2 10.1 5.0 2.5 2 0 2 5 5
5988.4 -7240.9 -6.2 207 0 6.4 4.1 5.0 2.5 2 0 2 5 5
6020.1 -7248.3 -6.7 26 0 5.3 11.3 7.5 2.5 2 1 3 5 5
6014.2 -7289.0 -6.9 28 0 5.8 8.6 7.5 2.5 2 0 3 1 1
6000.0 -7272.7 -6.9 27 0 4.5 6.0 7.5 2.5 4 1 3 5 5
6100.3 -7275.9 -7.3 208 0 3.1 3.8 5.0 2.5 2 1 2 0 0
6084.6 -7264.4 -7.2 27 0 3.7 7.4 2.5 2.5 4 1 1 5 5
6103.1 -7188.0 -7.1 207 0 4.0 8.3 2.5 2.5 2 1 1 5 5
6103.6 -7193.3 -7.0 233 0 3.9 10.4 5.0 2.5 2 1 2 0 0
6034.8 -7183.5 -6.4 119 0 8.2 6.3 5.0 2.5 2 0 2 2 2
6047.2 -7183.2 -6.6 119 0 7.7 8.2 5.0 0.0 0 0 2 3 3
6062.5 -7162.5 -6.6 29 0 3.4 4.7 5.0 2.5 2 1 2 0 0
6048.7 -7172.8 -6.5 120 0 5.3 10.1 2.5 2.5 2 1 1 4 4
5987.4 -7522.8 -7.5 28 0 6.1 13.0 5.0 0.0 0 0 2 2 2
5918.5 -7524.0 -7.5 208 0 12.5 15.9 2.5 0.0 0 1 1 5 5
5887.4 -7531.9 -7.2 28 0 11.8 9.8 2.5 2.5 2 0 1 1 1
5994.3 -7495.6 -7.6 303 0 14.9 10.7 7.5 2.5 2 0 3 0 0
5844.5 -7508.0 -6.7 203 0 7.6 10.1 5.0 2.5 2 1 2 2 2
5993.7 -7483.7 -7.8 118 0 5.6 12.4 7.5 2.5 4 1 3 2 2
6030.8 -7453.5 -7.7 27 0 7.8 19.3 7.5 2.5 2 1 3 5 5
5856.3 -7476.1 -6.9 207 0 14.8 10.1 7.5 2.5 2 0 3 3 3
5955.5 -7453.8 -8.0 206 0 11.1 10.5 5.0 2.5 2 0 2 1 1
6009.0 -7442.5 -7.8 28 0 8.3 11.3 2.5 0.0 0 1 1 1 1
5965.1 -7434.2 -8.0 208 0 9.7 9.8 5.0 2.5 2 0 2 1 1
5919.3 -7440.9 -8.2 116 0 16.4 12.2 10.0 0.0 0 0 4 4 4
6046.9 -7412.1 -6.9 27 0 13.3 10.6 5.0 2.5 2 0 2 2 2
5943.9 -7424.6 -8.3 28 0 8.3 11.3 7.5 2.5 2 1 3 4 4
5950.6 -7411.5 -8.3 28 0 6.1 9.9 5.0 2.5 2 0 2 4 4
6036.3 -7388.2 -6.6 297 0 7.5 11.4 7.5 2.5 2 1 3 2 2
6009.2 -7392.4 -7.2 297 0 13.1 11.2 5.0 2.5 2 0 2 1 1
5960.0 -7394.6 -8.1 28 0 6.8 10.2 7.5 2.5 2 0 3 2 2
5898.4 -7394.1 -7.1 206 0 7.3 11.2 5.0 2.5 4 1 2 3 3
5924.3 -7513.2 -7.6 208 0 11.9 11.1 7.5 2.5 2 0 3 2 2
5996.7 -7457.8 -7.9 115 0 11.8 8.4 2.5 2.5 2 0 1 5 5
5891.1 -7524.8 -7.3 28 0 4.3 21.0 7.5 2.5 2 0 3 2 2
5856.0 -7528.3 -6.8 120 0 4.6 4.9 7.5 2.5 2 0 3 0 0
5855.2 -7538.2 -6.8 115 0 4.9 9.1 7.5 2.5 2 0 3 3 3
5868.1 -7530.8 -6.9 25 0 6.2 6.1 7.5 2.5 2 0 3 0 0
5991.3 -7517.6 -7.5 28 0 6.7 12.7 5.0 0.0 0 0 2 1 1
5975.1 -7493.5 -7.6 297 0 6.6 7.4 7.5 0.0 0 1 3 1 1
5969.4 -7425.8 -8.0 208 0 9.1 9.8 2.5 2.5 2 0 1 5 5
5853.4 -7488.6 -6.8 207 0 9.1 7.1 7.5 2.5 2 0 3 5 5
5862.2 -7464.5 -7.0 207 0 11.4 10.1 5.0 2.5 2 0 2 5 5
5893.6 -7448.7 -7.1 295 0 5.2 9.1 7.5 2.5 2 1 3 3 3
5961.7 -7490.5 -7.7 296 0 3.9 4.3 5.0 0.0 0 1 2 4 4
5955.8 -7494.8 -7.6 296 0 4.2 3.5 7.5 2.5 2 0 3 2 2
5952.4 -7508.3 -7.5 207 0 6.6 5.9 7.5 2.5 2 0 3 0 0
5913.0 -7420.1 -7.5 118 0 5.9 4.9 7.5 2.5 2 0 3 3 3
5927.1 -7413.7 -8.0 28 0 12.7 6.5 5.0 2.5 2 0 2 0 0
5953.7 -7405.5 -8.3 28 0 7.4 9.9 5.0 2.5 2 0 2 2 2
5979.7 -7465.8 -7.9 118 0 5.6 12.0 2.5 2.5 2 0 1 4 4
6018.4 -7407.7 -7.1 296 0 14.2 5.9 5.0 2.5 2 0 2 0 0
5971.1 -7372.9 -7.8 29 0 14.5 9.0 5.0 2.5 2 0 2 3 3
6062.9 -7338.8 -7.2 297 0 19.6 9.9 5.0 0.0 0 0 2 2 2
5979.5 -7357.7 -7.6 28 0 8.6 8.8 7.5 2.5 2 1 3 5 5
5920.2 -7353.8 -7.9 208 0 9.3 7.1 5.0 2.5 2 0 2 5 5
5880.0 -7358.2 -6.0 206 0 5.9 4.9 7.5 2.5 2 0 3 5 5
6074.6 -7318.2 -7.3 207 0 9.2 9.6 5.0 2.5 2 0 2 2 2
5987.5 -7341.4 -7.4 28 0 15.9 9.8 7.5 2.5 2 0 3 4 4
5929.8 -7335.6 -8.2 207 0 9.9 11.8 2.5 2.5 2 1 1 3 3
6081.7 -7298.8 -7.3 207 0 6.2 12.8 2.5 2.5 2 0 1 5 5
6061.7 -7307.9 -7.2 27 0 10.2 8.6 5.0 2.5 2 0 2 2 2
6066.6 -7298.1 -7.2 27 0 11.6 8.6 7.5 2.5 2 0 3 0 0
6037.0 -7297.5 -7.0 208 0 14.0 10.0 5.0 2.5 2 0 2 5 5
5986.8 -7312.3 -7.1 69 0 7.7 11.9 7.5 2.5 2 1 3 1 1
5950.5 -7293.8 -6.5 119 0 8.2 13.1 2.5 2.5 2 1 1 3 3
5846.3 -7563.0 -6.9 297 0 6.3 14.5 5.0 2.5 2 1 2 0 0
5812.2 -7590.5 -7.3 198 0 4.4 10.5 5.0 2.5 2 1 2 4 4
5814.1 -7578.9 -6.9 196 0 5.4 11.9 7.5 2.5 2 1 3 4 4
5806.6 -7598.8 -7.3 196 0 6.5 7.3 2.5 2.5 2 1 1 2 2
6048.2 -7396.5 -6.8 298 0 9.3 9.3 7.5 2.5 2 0 3 4 4
5833.0 -7592.2 -7.4 29 0 3.8 5.0 5.0 2.5 4 1 2 1 1
5930.4 -7555.4 -7.5 208 0 10.1 5.1 7.5 0.0 0 0 3 5 5
5970.4 -7342.0 -7.7 28 0 5.9 4.5 7.5 2.5 2 0 3 0 0
5943.8 -7358.4 -8.2 209 0 5.2 4.2 7.5 2.5 4 0 3 5 5
5947.3 -7347.1 -8.1 210 0 15.7 5.7 2.5 2.5 2 0 1 3 3
5956.4 -7314.8 -7.4 297 0 10.8 4.3 7.5 2.5 2 0 3 5 5
5963.1 -7388.6 -8.0 28 0 6.8 10.2 7.5 2.5 2 0 3 2 2
5883.9 -7350.2 -6.2 205 0 5.6 4.7 5.0 2.5 2 0 2 5 5
5902.3 -7340.2 -6.9 296 0 9.7 14.3 5.0 2.5 2 1 2 3 3
6006.8 -7298.3 -6.8 29 0 3.3 10.0 2.5 2.5 2 1 1 0 0
6083.5 -7295.3 -7.3 207 0 4.2 8.8 5.0 2.5 2 0 2 1 1
5826.9 -7706.2 -8.4 207 0 6.2 14.0 5.0 2.5 2 1 2 0 0
5862.0 -7741.6 -8.1 32 0 17.1 8.2 5.0 2.5 2 0 2 0 0
5821.4 -7661.2 -8.2 25 0 9.7 10.3 5.0 2.5 2 1 2 2 2
5807.5 -7629.6 -7.8 208 0 9.2 4.8 2.5 2.5 2 0 1 3 3
5827.2 -7644.2 -8.2 28 0 8.5 9.1 5.0 2.5 2 1 2 0 0
5835.9 -7627.8 -8.3 26 0 10.1 9.6 2.5 2.5 2 0 1 0 0
5827.7 -7558.0 -6.5 293 0 9.4 15.5 7.5 2.5 2 1 3 1 1
5852.9 -7594.2 -8.1 27 0 12.1 9.0 5.0 2.5 2 0 2 4 4
5861.4 -7577.2 -7.4 27 0 11.7 9.1 2.5 2.5 2 0 1 1 1
5893.6 -7586.3 -7.8 297 0 14.6 9.1 5.0 2.5 2 0 2 3 3
5876.8 -7547.6 -7.2 27 0 12.6 9.2 5.0 2.5 2 0 2 3 3
5953.4 -7589.6 -7.6 28 0 8.1 28.0 5.0 2.5 2 1 2 2 2
5960.5 -7576.5 -7.5 28 0 7.9 10.3 5.0 2.5 4 1 2 5 5
5951.1 -7547.7 -7.5 28 0 14.4 10.1 2.5 2.5 2 0 1 5 5
5971.6 -7555.5 -7.5 27 0 13.1 15.7 5.0 2.5 2 1 2 5 5
5980.4 -7538.6 -7.5 28 0 9.1 17.9 2.5 2.5 4 1 1 4 4
5775.8 -7819.4 -7.8 297 0 17.3 13.8 10.5 2.5 2 0 3 3 3
5881.6 -7692.0 -8.2 147 0 9.2 10.6 7.5 2.5 2 1 3 4 4
5697.2 -7839.3 -6.1 203 0 7.5 5.5 5.0 2.5 4 0 2 5 5
5696.0 -7721.3 -6.7 301 0 5.0 15.1 7.5 2.5 2 1 3 5 5
