3350.6 -7513.3 -6.2 79 0 12.0 33.0 5.0 2.5 2 1 2 5 5
6466.2 -6324.4 -7.9 336 0 13.8 9.0 7.5 2.5 2 0 3 0 0
6426.4 -6298.0 -8.5 188 0 12.6 29.0 5.0 2.5 2 1 2 3 3
6419.3 -6344.7 -7.9 97 0 5.1 5.4 7.5 2.5 2 1 3 0 0
6509.0 -6464.9 -6.4 192 0 13.4 13.2 5.0 2.5 2 0 2 3 3
6509.6 -6509.5 -8.7 174 0 11.6 14.6 5.0 2.5 2 1 2 1 1
6508.6 -6386.0 -6.3 226 0 11.9 18.8 5.0 2.5 2 1 2 1 1
5481.1 -6492.3 -3.3 186 0 13.9 36.1 7.5 2.5 2 1 3 3 3
3914.7 -7574.4 -7.2 83 0 17.3 16.9 10.0 2.5 2 0 4 2 2
3975.1 -6261.8 -6.3 325 0 15.2 10.4 10.0 2.5 2 0 4 2 2
3571.5 -7439.5 -9.0 143 0 18.6 9.9 7.5 2.5 2 0 3 1 1
3823.0 -7598.1 -6.9 265 0 6.5 12.4 2.5 2.5 2 1 1 1 1
3547.0 -7561.5 -9.3 142 0 18.1 23.7 12.5 2.5 4 1 5 0 0
3667.4 -7284.1 -4.3 321 0 12.6 24.4 10.0 2.5 2 1 4 5 5
3485.7 -7331.1 -6.6 140 0 13.0 11.1 5.0 2.5 2 0 2 1 1
3640.7 -7462.9 -9.0 235 0 10.6 34.5 12.5 2.5 4 1 5 3 3
3818.8 -7551.8 -6.7 173 0 9.6 48.6 7.5 2.5 2 1 3 2 2
3533.3 -7396.5 -8.5 143 0 59.1 14.9 17.5 0.0 0 0 7 2 2
3897.1 -7608.3 -7.3 356 0 7.9 44.1 7.5 2.5 2 0 3 0 0
3841.3 -7590.8 -7.1 174 0 8.8 46.3 7.5 2.5 2 1 3 2 2
3830.8 -7571.4 -6.9 173 0 8.6 46.6 7.5 2.5 4 1 3 2 2
3753.6 -7398.5 -5.6 323 0 82.6 10.5 7.5 2.5 2 0 3 5 5
5600.8 -5308.6 -7.7 141 0 8.6 20.1 5.0 2.5 2 1 2 4 4
3703.9 -7385.7 -5.9 232 0 10.5 81.8 10.0 2.5 2 1 4 3 3
5731.6 -5202.3 -1.8 312 0 15.0 9.1 7.5 2.5 2 0 3 5 5
5635.2 -5219.0 -4.5 143 0 14.4 48.5 12.5 2.5 2 1 5 4 4
3582.9 -7293.9 -4.3 148 0 29.5 11.3 10.0 2.5 2 0 4 2 2
3593.7 -7532.1 -10.4 144 0 11.7 59.4 7.5 0.0 0 1 3 0 0
5583.3 -5316.7 -8.4 145 0 17.6 11.1 10.5 2.5 4 0 3 0 0
3649.5 -7560.2 -9.4 53 0 57.2 12.0 12.5 2.5 2 0 5 2 2
3593.1 -7474.8 -9.9 146 0 20.3 25.8 10.0 2.5 2 1 4 1 1
5749.7 -5221.8 -1.8 39 0 11.1 19.3 2.5 2.5 2 0 1 4 4
3848.0 -7627.4 -7.2 86 0 12.7 19.2 5.0 2.5 2 0 2 2 2
3613.8 -7355.2 -6.5 323 0 12.5 44.8 12.5 2.5 2 0 5 0 0
5353.0 -4946.8 -0.3 302 0 5.1 8.5 5.0 2.5 2 1 2 0 0
4881.9 -5314.9 1.7 177 0 6.4 11.6 5.0 0.0 0 1 2 4 4
5138.0 -5142.0 -2.4 313 0 4.4 7.2 2.5 2.5 2 1 1 3 3
5205.1 -5082.5 -2.3 40 0 4.9 8.3 5.0 2.5 2 1 2 2 2
5277.3 -5017.0 1.8 48 0 5.0 8.5 7.5 2.5 4 1 3 5 5
4651.0 -6272.2 -2.9 93 0 11.6 35.8 10.0 2.5 4 1 4 2 2
4743.1 -6356.6 -3.9 9 0 14.7 37.7 7.5 2.5 2 1 3 3 3
6776.8 -3586.9 -8.3 122 0 3.2 3.2 7.5 0.0 0 1 3 4 4
6613.5 -6512.0 -6.2 258 0 4.4 8.5 5.0 0.0 0 1 2 4 4
6706.7 -6388.7 -4.8 182 0 7.1 7.5 5.0 0.0 0 1 2 0 0
6634.2 -6522.1 -6.2 339 0 5.3 8.4 5.0 2.5 2 1 2 3 3
6639.7 -6533.3 -6.6 338 0 5.3 8.4 5.0 2.5 2 1 2 4 4
6598.0 -6467.1 -4.6 347 0 5.3 8.4 5.0 2.5 2 1 2 1 1
6601.9 -6484.1 -5.0 350 0 5.3 8.4 5.0 2.5 2 1 2 2 2
6605.0 -6498.1 -5.6 351 0 5.3 8.4 5.0 0.0 0 1 2 0 0
6619.7 -6490.3 -4.9 324 0 5.3 8.4 5.0 0.0 0 1 2 5 5
6627.0 -6500.9 -5.3 336 0 5.3 8.4 5.0 0.0 0 1 2 3 3
6630.0 -6511.7 -5.8 338 0 5.2 8.4 5.0 2.5 2 1 2 0 0
6655.9 -6535.5 -8.2 257 0 5.2 8.4 5.0 2.5 2 1 2 4 4
6668.4 -6528.2 -7.8 244 0 5.2 8.4 5.0 2.5 2 1 2 4 4
6668.4 -6509.5 -5.1 275 0 5.2 8.4 5.0 2.5 2 1 2 5 5
6655.3 -6508.9 -4.9 272 0 5.2 8.4 5.0 0.0 0 1 2 5 5
6637.4 -6504.0 -4.7 141 0 5.3 8.4 5.0 2.5 2 1 2 5 5
6720.6 -6454.5 -3.8 247 0 5.2 8.4 2.5 2.5 2 1 1 5 5
6697.1 -6422.3 -4.6 102 0 5.2 8.4 5.0 2.5 2 1 2 5 5
6669.1 -6407.7 -5.0 91 0 5.2 8.4 5.0 2.5 2 1 2 1 1
6649.5 -6402.3 -5.2 77 0 5.2 8.4 5.0 2.5 2 1 2 2 2
6636.7 -6399.9 -5.3 69 0 5.2 8.4 5.0 2.5 2 1 2 3 3
6613.2 -6473.6 -4.4 139 0 8.0 7.7 5.0 2.5 2 0 2 0 0
6625.9 -6436.0 -4.8 295 0 5.2 8.4 5.0 2.5 2 1 2 5 5
6696.8 -6504.7 -4.9 72 0 5.2 8.4 2.5 2.5 2 1 1 2 2
6694.3 -6491.9 -3.6 82 0 5.3 8.4 2.5 0.0 0 1 1 4 4
6570.5 -6354.7 -6.8 90 0 8.4 5.2 5.0 2.5 2 0 2 2 2
6362.0 -6610.0 -12.6 114 0 6.9 9.1 7.5 0.0 0 1 3 5 5
6380.9 -6578.5 -12.4 24 0 9.1 6.9 5.0 2.5 4 0 2 0 0
3668.1 -7509.7 -9.5 143 0 11.4 84.6 10.0 2.5 4 1 4 5 5
3812.1 -7611.6 -6.9 265 0 6.5 12.4 5.0 2.5 2 1 2 2 2
