6248.8 6602.9 -13.9 340 0 10.1 11.5 5.0 2.5 2 0 2 0 0
6298.9 6323.5 -7.6 213 0 6.8 4.4 7.5 2.5 2 0 3 0 0
6231.1 6556.0 -12.3 31 0 10.0 6.7 2.5 2.5 2 0 1 2 2
6184.0 6489.1 -10.7 33 0 8.7 6.9 7.5 2.5 2 0 3 1 1
5952.6 6243.1 -3.1 205 0 5.0 11.7 7.5 2.5 2 1 3 4 4
6306.6 6298.1 -7.7 23 0 3.4 6.4 5.0 2.5 2 1 2 5 5
6136.8 6427.7 -9.7 10 0 14.3 16.7 2.5 2.5 2 1 1 4 4
6239.4 6373.9 -8.5 305 0 6.9 8.7 5.0 2.5 2 1 2 4 4
5998.4 6267.7 -4.1 294 0 15.2 11.1 5.0 2.5 2 0 2 4 4
5984.1 6243.3 -3.5 292 0 12.6 10.7 7.5 2.5 2 0 3 5 5
6187.9 6565.7 -11.9 295 0 15.9 11.5 10.0 2.5 2 0 4 4 4
6199.4 6552.2 -11.6 292 0 8.1 10.4 7.5 2.5 2 1 3 1 1
6181.7 6422.1 -9.6 21 0 7.6 15.1 2.5 2.5 2 0 1 3 3
5979.4 6221.7 -3.1 23 0 8.2 5.3 7.5 2.5 4 0 3 2 2
6152.7 6473.3 -10.6 114 0 9.6 16.0 7.5 2.5 2 1 3 3 3
5939.7 6255.6 -3.3 202 0 29.3 8.6 7.5 2.5 2 0 3 3 3
6302.9 6329.6 -7.6 212 0 7.8 4.2 7.5 2.5 4 0 3 5 5
6280.8 6582.7 -13.5 251 0 13.5 12.1 2.5 2.5 2 0 1 4 4
6101.2 6447.5 -10.0 23 0 10.2 9.6 7.5 2.5 4 0 3 5 5
6156.5 6514.6 -11.0 208 0 12.5 10.4 7.5 2.5 2 0 3 4 4
6273.2 6352.5 -8.1 305 0 4.3 6.3 7.5 2.5 2 1 3 1 1
5978.8 6276.9 -4.0 290 0 14.2 11.7 10.0 0.0 0 0 4 2 2
6163.8 6549.9 -11.5 206 0 21.5 11.3 5.0 2.5 2 0 2 0 0
6220.0 6360.7 -8.2 212 0 5.0 14.1 2.5 2.5 2 1 1 3 3
6329.1 6318.0 -7.8 311 0 5.0 5.9 5.0 2.5 2 1 2 0 0
6219.7 6488.7 -10.8 122 0 9.0 12.4 7.5 2.5 2 1 3 2 2
6191.1 6506.8 -11.0 123 0 9.7 12.1 7.5 2.5 2 1 3 3 3
6262.6 6359.8 -8.2 304 0 7.4 9.2 7.5 2.5 2 1 3 0 0
6161.1 6430.8 -9.7 201 0 8.9 7.3 5.0 0.0 0 0 2 0 0
6254.3 6335.5 -7.8 30 0 5.5 9.3 5.0 2.5 2 1 2 5 5
6144.2 6561.4 -11.5 26 0 10.3 13.2 7.5 2.5 2 1 3 1 1
6208.5 6568.2 -12.2 296 0 6.1 18.1 5.0 2.5 2 1 2 2 2
5969.6 6258.8 -3.5 293 0 11.2 6.0 2.5 2.5 2 0 1 2 2
6311.7 6301.1 -7.7 17 0 3.5 5.4 5.0 2.5 2 1 2 2 2
6222.8 6552.3 -11.9 301 0 6.9 12.2 7.5 2.5 2 1 3 3 3
6243.6 6362.8 -8.3 294 0 5.9 7.0 2.5 2.5 2 1 1 1 1
6292.5 6313.2 -7.6 207 0 4.9 7.2 5.0 2.5 2 1 2 4 4
6222.0 6338.7 -7.8 118 0 8.4 5.2 7.5 2.5 2 0 3 3 3
6171.7 6530.7 -11.2 205 0 6.4 8.6 7.5 0.0 0 1 3 2 2
6184.7 6407.2 -9.2 30 0 6.8 4.5 7.5 2.5 2 0 3 3 3
5950.3 6214.2 -2.6 127 0 6.3 4.3 5.0 2.5 2 0 2 0 0
6661.4 6680.8 -17.3 342 0 11.6 9.4 5.0 2.5 2 0 2 3 3
6163.8 6669.7 -15.8 24 0 9.4 26.6 7.5 2.5 2 1 3 5 5
6066.4 6592.2 -12.2 297 0 8.7 14.0 2.5 2.5 2 1 1 5 5
6047.7 6591.4 -12.3 294 0 7.8 7.1 2.5 2.5 2 0 1 3 3
6603.7 6727.0 -17.9 180 0 11.4 12.5 5.0 2.5 2 1 2 2 2
6080.2 6692.2 -15.5 204 0 6.1 20.3 5.0 2.5 4 1 2 0 0
6072.1 6607.3 -12.6 297 0 16.1 10.0 7.5 2.5 2 0 3 2 2
6535.3 7480.3 -20.5 275 0 17.9 12.0 5.0 0.0 0 0 2 0 0
5849.1 6754.4 -14.5 207 0 13.3 5.7 7.5 2.5 2 0 3 5 5
6606.7 6659.1 -16.8 157 0 11.6 11.6 5.0 2.5 2 1 2 0 0
6036.2 6537.2 -11.3 117 0 7.6 5.2 2.5 2.5 2 0 1 0 0
6208.7 6804.9 -19.0 24 0 13.0 11.2 5.0 2.5 2 0 2 2 2
5522.7 7175.8 -15.6 112 0 8.8 16.5 7.5 2.5 2 1 3 5 5
5872.7 6750.9 -14.4 297 0 5.9 7.2 7.5 0.0 0 1 3 0 0
6103.2 6539.6 -11.2 27 0 10.5 13.3 7.5 2.5 4 1 3 5 5
6455.0 6563.2 -14.0 32 0 7.1 6.5 5.0 2.5 2 0 2 1 1
6104.4 6588.7 -11.9 298 0 17.9 12.8 2.5 2.5 2 0 1 5 5
6045.4 6650.4 -14.3 118 0 19.1 10.9 7.5 2.5 4 0 3 1 1
5724.9 6910.2 -17.5 233 0 6.2 7.6 7.5 2.5 2 1 3 4 4
6099.0 6728.4 -16.7 204 0 13.9 14.4 2.5 2.5 2 1 1 1 1
6392.5 6609.3 -15.3 265 0 13.3 12.5 5.0 2.5 4 0 2 4 4
5580.9 7190.0 -16.1 290 0 12.8 25.8 7.5 2.5 2 1 3 1 1
6142.2 6602.1 -12.7 113 0 11.1 8.5 5.0 2.5 4 0 2 2 2
6078.1 6635.6 -14.1 114 0 25.4 11.7 7.5 0.0 0 0 3 4 4
5866.2 6701.2 -14.9 297 0 14.5 12.5 10.0 2.5 2 0 4 3 3
6356.9 6605.2 -14.9 218 0 8.8 9.5 2.5 2.5 2 1 1 3 3
5454.8 7270.8 -14.4 354 0 13.2 13.4 5.0 2.5 2 1 2 1 1
6121.3 6635.2 -14.1 115 0 11.2 12.1 7.5 2.5 2 1 3 3 3
6036.8 6572.7 -12.0 293 0 9.1 9.4 7.5 2.5 2 1 3 5 5
6089.4 6703.6 -15.9 204 0 11.8 11.1 7.5 2.5 2 0 3 1 1
5879.5 6724.6 -14.2 117 0 11.1 10.2 10.0 2.5 2 0 4 1 1
5144.8 7771.9 -21.2 207 0 10.5 12.8 5.0 2.5 2 1 2 5 5
5998.1 6674.1 -14.7 117 0 16.0 11.9 7.5 2.5 2 0 3 5 5
5849.1 6739.2 -14.2 207 0 10.8 15.1 7.5 2.5 2 1 3 3 3
6642.8 6630.8 -16.6 72 0 15.0 14.0 7.5 2.5 4 0 3 3 3
6378.1 6584.8 -14.4 30 0 4.2 5.8 5.0 2.5 2 1 2 0 0
6614.9 7274.1 -19.7 8 0 5.7 16.3 2.5 2.5 4 1 1 5 5
6062.7 6561.9 -11.6 297 0 9.5 11.0 2.5 2.5 2 1 1 4 4
5978.6 6684.5 -14.6 117 0 18.6 7.4 5.0 2.5 2 0 2 1 1
5535.9 7156.5 -16.0 108 0 9.3 10.4 5.0 2.5 2 1 2 3 3
5812.8 6678.3 -16.0 117 0 5.1 9.8 5.0 0.0 0 1 2 4 4
5798.5 6647.7 -16.2 226 0 11.6 5.0 7.5 0.0 0 0 3 3 3
6325.2 6601.2 -14.3 259 0 14.0 10.6 5.0 2.5 2 0 2 3 3
6548.5 6627.0 -15.5 218 0 12.2 10.0 2.5 2.5 2 0 1 0 0
5952.2 6693.7 -14.5 117 0 12.1 12.5 5.0 0.0 0 1 2 5 5
5291.0 7758.4 -18.9 202 0 9.3 22.4 2.5 2.5 2 1 1 1 1
5719.5 6880.8 -17.9 143 0 8.0 7.6 5.0 2.5 2 0 2 1 1
5838.9 6626.1 -15.5 207 0 20.9 6.3 7.5 2.5 2 0 3 2 2
5571.3 7200.9 -15.4 19 0 10.7 24.3 12.5 2.5 2 1 5 5 5
5897.9 6616.2 -14.4 297 0 9.8 11.4 7.5 2.5 4 1 3 0 0
6587.6 7391.1 -20.2 185 0 18.6 9.4 7.5 2.5 2 0 3 4 4
5717.4 6902.1 -17.8 324 0 15.9 10.9 7.5 2.5 2 0 3 0 0
5896.3 6693.2 -14.5 297 0 9.5 9.0 7.5 2.5 2 0 3 4 4
5796.1 6719.1 -15.5 294 0 8.7 4.7 5.0 2.5 2 0 2 1 1
5873.9 6676.9 -15.0 297 0 11.0 10.8 7.5 2.5 2 0 3 2 2
5135.2 7676.0 -18.7 289 0 9.3 17.8 2.5 0.0 0 1 1 2 2
5766.6 6750.6 -16.3 21 0 9.4 10.9 7.5 2.5 2 1 3 1 1
5828.6 6614.6 -15.6 207 0 9.0 10.3 5.0 2.5 2 0 2 3 3
6575.3 7303.3 -19.8 188 0 7.4 15.4 2.5 2.5 2 1 1 0 0
5845.5 6648.1 -15.3 207 0 11.5 8.8 7.5 2.5 2 0 3 2 2
6204.7 6780.5 -18.6 24 0 15.4 19.1 7.5 2.5 2 1 3 5 5
5853.4 6689.3 -15.3 297 0 5.5 8.2 5.0 2.5 2 1 2 3 3
5159.4 7794.2 -21.4 288 0 11.6 8.5 2.5 2.5 2 0 1 4 4
5938.5 6703.0 -14.5 117 0 14.3 16.8 7.5 2.5 2 1 3 5 5
6363.3 6569.8 -13.8 37 0 4.7 11.3 7.5 2.5 2 1 3 2 2
6577.6 7286.6 -19.7 187 0 6.2 8.3 7.5 2.5 2 1 3 4 4
5854.3 6645.1 -15.1 207 0 8.2 8.7 5.0 2.5 2 1 2 3 3
5936.9 6661.6 -14.6 297 0 14.1 10.1 2.5 2.5 2 0 1 4 4
5830.9 6689.3 -15.6 297 0 8.1 6.5 7.5 2.5 4 0 3 3 3
5185.9 7789.0 -21.2 22 0 15.4 7.3 5.0 2.5 2 0 2 4 4
6120.1 6574.7 -11.5 294 0 8.5 19.7 5.0 2.5 2 1 2 0 0
5916.4 6710.4 -14.4 117 0 10.6 9.8 5.0 2.5 2 0 2 2 2
6625.8 7342.2 -20.0 8 0 23.4 7.0 5.0 2.5 2 0 2 2 2
5986.4 6592.1 -12.7 291 0 8.0 31.0 2.5 2.5 2 1 1 3 3
5972.4 6603.3 -13.1 297 0 11.2 11.8 5.0 2.5 2 1 2 4 4
6123.5 6527.2 -11.2 27 0 9.5 11.0 5.0 2.5 2 1 2 1 1
6113.9 6700.0 -16.0 204 0 10.6 10.5 5.0 0.0 0 0 2 5 5
5922.5 6564.9 -13.1 117 0 12.5 32.2 10.0 2.5 2 1 4 5 5
5403.5 7835.0 -17.4 26 0 13.9 6.8 5.0 2.5 2 0 2 2 2
5907.2 6673.3 -14.6 297 0 9.2 9.1 7.5 2.5 2 0 3 4 4
5739.3 6881.2 -17.8 53 0 9.8 12.1 7.5 2.5 2 1 3 4 4
6584.3 7340.3 -19.9 190 0 6.6 9.9 5.0 0.0 0 1 2 0 0
5866.9 6579.4 -14.3 117 0 21.5 12.1 12.5 2.5 2 0 5 5 5
5685.0 6927.5 -17.8 112 0 20.7 7.9 5.0 2.5 4 0 2 1 1
6632.8 6756.3 -18.6 265 0 9.9 16.8 7.5 2.5 2 1 3 2 2
6079.0 6560.3 -11.5 297 0 10.1 13.7 5.0 2.5 2 1 2 0 0
5912.9 6687.3 -14.3 297 0 8.9 7.7 5.0 2.5 2 0 2 1 1
6492.3 7475.2 -20.4 274 0 11.4 30.4 7.5 2.5 2 1 3 2 2
6162.6 6631.6 -13.7 296 0 14.9 9.2 5.0 2.5 2 0 2 0 0
5804.1 6732.5 -15.1 295 0 10.3 10.3 5.0 2.5 2 1 2 1 1
5867.8 6637.3 -15.2 297 0 7.5 6.2 2.5 0.0 0 0 1 2 2
6514.9 7445.9 -20.3 95 0 17.5 11.3 2.5 2.5 2 0 1 5 5
6150.3 6792.8 -18.5 204 0 10.7 16.9 5.0 2.5 2 1 2 1 1
5780.7 6746.4 -15.4 199 0 9.0 8.3 7.5 2.5 2 0 3 4 4
6123.8 6753.9 -17.6 204 0 23.9 14.6 5.0 2.5 2 0 2 3 3
6429.5 6564.1 -14.3 120 0 16.4 7.7 7.5 2.5 2 0 3 3 3
5749.1 6762.0 -16.5 286 0 7.6 7.2 5.0 2.5 2 0 2 4 4
5887.7 6752.4 -14.6 207 0 5.2 11.4 5.0 2.5 2 1 2 1 1
6161.8 6701.3 -16.5 24 0 16.5 10.4 7.5 2.5 2 0 3 4 4
6081.2 6583.0 -11.9 298 0 4.4 11.0 5.0 2.5 2 1 2 3 3
5849.8 6681.2 -15.5 297 0 9.0 7.1 7.5 2.5 2 0 3 3 3
5175.0 7763.5 -21.0 20 0 27.8 6.0 2.5 2.5 2 0 1 1 1
6580.7 7360.8 -20.0 187 0 10.4 17.9 2.5 2.5 2 1 1 3 3
5974.2 6714.6 -14.7 297 0 8.0 12.3 5.0 2.5 2 1 2 5 5
6436.9 6592.7 -14.9 300 0 6.2 7.6 7.5 2.5 2 1 3 4 4
5947.8 6528.8 -12.1 111 0 36.9 17.3 7.5 2.5 2 0 3 5 5
6109.5 6617.1 -13.4 116 0 13.1 14.7 5.0 2.5 4 1 2 5 5
6089.2 6655.2 -14.7 114 0 20.1 6.1 7.5 2.5 2 0 3 1 1
5926.9 6730.4 -14.7 207 0 8.5 7.7 2.5 2.5 2 0 1 4 4
6350.7 6593.2 -14.4 216 0 8.0 7.0 7.5 2.5 2 0 3 1 1
6609.8 7293.6 -19.8 8 0 20.1 6.6 7.5 2.5 2 0 3 3 3
6139.7 6657.8 -15.1 28 0 12.1 12.8 7.5 2.5 2 1 3 2 2
6105.4 6678.7 -15.3 204 0 10.8 12.0 2.5 2.5 4 1 1 1 1
5867.3 6664.1 -15.0 297 0 5.3 5.7 7.5 2.5 2 1 3 1 1
6191.9 6580.6 -12.6 90 0 13.8 9.5 2.5 2.5 4 0 1 2 2
5899.0 6658.7 -14.8 297 0 9.8 10.0 5.0 2.5 2 1 2 3 3
6037.4 6597.6 -12.5 294 0 10.4 7.9 7.5 2.5 2 0 3 4 4
6478.8 7478.9 -20.4 277 0 8.7 14.7 5.0 2.5 2 1 2 0 0
6026.5 6660.3 -14.6 117 0 23.7 10.9 10.0 2.5 2 0 4 2 2
-409.1 7777.7 5.3 159 0 11.3 14.3 5.0 2.5 2 1 2 0 0
-3150.9 7918.2 -50.9 124 0 9.1 10.4 5.0 2.5 2 1 2 3 3
-3171.4 7946.7 -50.0 212 0 4.5 9.5 5.0 2.5 2 1 2 1 1
-3138.8 7909.8 -51.0 124 0 5.3 15.5 5.0 2.5 2 1 2 1 1
-2123.5 7699.2 -34.1 116 0 12.9 30.9 10.0 2.5 2 1 4 3 3
-2194.7 7701.7 -35.5 113 0 12.6 20.2 7.5 2.5 2 1 3 4 4
-2205.5 7849.5 -32.8 319 0 30.0 10.9 7.5 2.5 2 0 3 4 4
-2148.1 7676.5 -35.3 116 0 28.4 17.6 10.0 2.5 2 0 4 5 5
-2194.8 7748.3 -34.6 29 0 21.6 48.8 10.0 2.5 2 1 4 3 3
-2206.5 7715.5 -35.3 117 0 18.4 12.9 10.0 2.5 2 0 4 3 3
-2287.0 7856.0 -34.1 230 0 31.0 13.3 10.0 2.5 2 0 4 5 5
6905.1 -6438.1 24.0 321 0 10.8 8.9 7.5 2.5 2 0 3 3 3
6902.2 -6241.2 22.4 231 0 9.6 19.7 2.5 2.5 2 1 1 3 3
6949.5 -6428.8 24.2 339 0 10.8 16.3 10.0 2.5 2 1 4 5 5
6820.7 -5886.4 16.2 333 0 4.9 10.1 5.0 2.5 4 1 2 3 3
6652.4 -6181.0 20.4 161 0 5.4 10.2 2.5 2.5 2 1 1 3 3
6798.6 -5875.9 15.4 332 0 6.2 13.4 5.0 2.5 2 1 2 1 1
6799.0 -5828.1 14.4 324 0 11.9 8.1 2.5 2.5 4 0 1 0 0
6927.3 -6463.9 24.3 323 0 15.9 8.2 7.5 2.5 2 0 3 4 4
6854.8 -5917.0 17.8 329 0 12.7 9.6 5.0 2.5 2 0 2 0 0
6782.4 -5805.7 14.3 324 0 18.8 10.3 5.0 2.5 4 0 2 1 1
6949.6 -6500.8 24.7 53 0 7.9 16.6 7.5 2.5 2 1 3 2 2
6824.9 -5908.8 17.0 333 0 6.6 10.6 7.5 2.5 2 1 3 0 0
6920.1 -5885.7 18.6 324 0 13.7 6.0 2.5 2.5 2 0 1 2 2
6950.5 -5728.6 25.3 0 0 5.0 20.3 5.0 2.5 2 1 2 1 1
6815.7 -5775.1 17.7 181 0 4.8 20.2 7.5 2.5 2 1 3 4 4
6873.2 -5751.2 21.6 181 0 4.9 19.6 7.5 2.5 2 1 3 2 2
6816.9 -5860.4 15.3 325 0 9.5 10.2 7.5 2.5 2 1 3 1 1
6878.5 -5892.4 17.8 144 0 9.4 23.3 7.5 2.5 2 0 3 3 3
6828.0 -5877.8 16.0 326 0 9.8 10.4 7.5 2.5 2 1 3 4 4
6870.1 -5885.7 17.3 144 0 13.1 9.2 5.0 2.5 2 0 2 5 5
6831.9 -6348.3 22.5 320 0 11.6 9.1 7.5 2.5 2 0 3 3 3
6790.9 -5857.6 14.6 330 0 9.0 5.1 5.0 2.5 4 0 2 4 4
6843.9 -5805.2 17.6 73 0 9.1 15.9 5.0 2.5 4 1 2 4 4
6920.9 -6414.4 23.8 143 0 17.7 9.5 2.5 2.5 2 0 1 0 0
6900.9 -5781.2 21.4 70 0 9.3 15.5 5.0 2.5 2 1 2 4 4
6893.1 -6382.4 23.4 142 0 6.7 13.3 5.0 2.5 2 1 2 0 0
6958.4 -5762.0 25.1 71 0 9.2 15.8 5.0 2.5 2 1 2 2 2
6919.2 -6310.7 23.0 321 0 10.5 9.0 7.5 2.5 2 0 3 4 4
6674.9 -6212.2 20.1 73 0 11.8 16.7 5.0 2.5 2 1 2 2 2
5399.6 -6297.8 28.4 52 0 8.5 18.7 7.5 2.5 2 1 3 4 4
6138.0 -6907.0 28.9 250 0 7.1 18.0 2.5 2.5 2 1 1 0 0
5524.3 -6598.1 28.8 125 0 8.4 10.1 5.0 2.5 2 1 2 5 5
6181.1 -6844.8 28.4 243 0 10.6 13.0 5.0 0.0 0 1 2 3 3
5271.0 -6484.0 26.9 159 0 8.4 10.6 7.5 2.5 2 1 3 4 4
5383.9 -6314.1 28.2 81 0 6.5 6.1 7.5 2.5 2 0 3 1 1
4685.4 -6029.3 25.8 296 0 6.0 16.0 2.5 2.5 2 1 1 3 3
5733.9 -6657.8 30.4 123 0 10.0 11.5 7.5 2.5 2 1 3 0 0
5911.0 -6821.7 31.4 305 0 6.6 11.5 7.5 2.5 2 1 3 5 5
6106.2 -6921.2 29.0 162 0 10.2 10.9 2.5 2.5 2 1 1 5 5
5167.5 -6156.2 24.2 203 0 7.9 11.8 7.5 2.5 2 1 3 1 1
5564.3 -6516.1 29.2 304 0 7.3 16.2 5.0 2.5 2 1 2 2 2
6214.6 -6916.1 28.9 64 0 12.1 32.1 12.5 2.5 2 1 5 0 0
5760.9 -6670.8 30.6 124 0 5.6 10.4 5.0 2.5 2 1 2 3 3
5909.8 -6775.2 30.6 126 0 5.4 9.0 7.5 0.0 0 1 3 2 2
6192.4 -6867.8 28.6 156 0 6.7 9.3 7.5 2.5 2 1 3 2 2
5086.7 -6400.8 25.5 240 0 14.6 10.4 2.5 2.5 4 0 1 0 0
4588.4 -6366.8 25.7 53 0 10.8 13.0 7.5 2.5 2 0 3 3 3
5200.3 -6168.2 24.1 109 0 6.4 6.6 5.0 2.5 2 1 2 0 0
6222.6 -6853.8 28.5 336 0 6.0 7.1 7.5 2.5 2 0 3 1 1
6831.5 -5923.6 17.7 325 0 3.0 9.3 7.5 2.5 2 1 3 1 1
5396.6 -6305.5 28.4 345 0 6.0 4.0 7.5 2.5 2 0 3 5 5
4595.4 -6361.6 25.5 53 0 6.5 13.0 5.0 2.5 2 0 2 4 4
5151.1 -6461.3 25.9 149 0 8.1 16.3 7.5 2.5 2 1 3 5 5
6122.6 -6917.0 29.1 249 0 6.8 9.3 5.0 2.5 2 1 2 2 2
4585.5 -6388.1 25.8 55 0 8.5 10.9 7.5 2.5 4 1 3 5 5
5558.6 -6269.3 29.8 83 0 5.1 6.4 7.5 2.5 2 0 3 4 4
4406.1 -6390.9 29.8 247 0 8.2 12.7 5.0 2.5 2 1 2 5 5
6124.6 -6956.4 29.4 73 0 7.7 14.9 2.5 2.5 2 1 1 3 3
5184.8 -6461.1 26.1 59 0 7.7 32.0 5.0 2.5 2 1 2 1 1
4586.0 -6397.7 25.8 317 0 5.7 15.0 2.5 2.5 2 1 1 4 4
4451.4 -6346.4 28.8 13 0 8.2 29.7 5.0 2.5 2 1 2 1 1
5925.3 -6785.8 30.3 124 0 5.6 10.9 5.0 2.5 2 1 2 1 1
5964.0 -6953.3 31.7 70 0 6.7 9.3 5.0 2.5 2 1 2 1 1
5726.6 -6694.5 30.2 306 0 5.6 10.8 5.0 2.5 2 1 2 0 0
5156.6 -6428.0 26.0 329 0 10.7 5.6 2.5 2.5 2 0 1 4 4
5234.8 -6407.2 26.8 123 0 8.9 10.9 7.5 2.5 2 1 3 2 2
5210.9 -6150.4 24.2 292 0 6.3 8.6 5.0 2.5 2 1 2 4 4
5978.4 -6938.3 31.6 251 0 5.6 10.7 5.0 2.5 2 1 2 2 2
5534.2 -6509.7 29.1 215 0 9.3 17.5 7.5 2.5 2 1 3 4 4
4919.1 -6060.6 29.9 265 0 6.6 9.2 2.5 2.5 2 0 1 4 4
5253.6 -6419.9 26.9 128 0 9.0 10.2 7.5 2.5 2 1 3 1 1
5032.0 -6060.5 25.3 359 0 14.9 13.9 5.0 2.5 2 0 2 2 2
5227.3 -6157.2 24.0 292 0 5.3 14.9 7.5 2.5 2 1 3 5 5
4667.3 -6023.3 26.1 299 0 5.6 10.0 7.5 0.0 0 1 3 2 2
6143.6 -6945.7 29.3 69 0 12.0 8.7 2.5 2.5 2 0 1 2 2
4922.6 -6053.5 29.5 175 0 8.7 18.1 7.5 2.5 2 1 3 4 4
4454.6 -5965.3 26.7 200 0 16.4 59.7 7.5 2.5 2 1 3 2 2
4455.0 -6480.2 28.7 80 0 8.9 9.7 7.5 2.5 2 1 3 4 4
4476.6 -6497.6 28.1 81 0 9.0 30.2 7.5 2.5 2 0 3 5 5
5663.9 -6095.5 21.5 80 0 10.1 20.4 5.0 2.5 2 1 2 0 0
4983.9 -6476.6 24.4 55 0 6.2 8.5 2.5 2.5 4 1 1 1 1
4946.3 -6080.2 29.1 85 0 5.6 17.9 7.5 2.5 2 1 3 3 3
4450.5 -6445.8 28.7 171 0 30.3 12.3 10.0 2.5 2 0 4 0 0
4485.5 -6496.1 27.9 81 0 9.0 30.2 7.5 2.5 2 0 3 2 2
5524.9 -6530.0 29.0 216 0 3.4 3.5 7.5 2.5 2 0 3 5 5
6236.4 -6897.2 28.9 337 0 6.9 20.8 5.0 2.5 2 1 2 1 1
4445.6 -6446.6 29.0 171 0 30.2 3.4 7.5 2.5 2 0 3 5 5
4994.0 -6459.3 24.6 236 0 5.6 10.9 7.5 2.5 2 1 3 1 1
4939.3 -6087.9 28.8 84 0 10.8 3.1 2.5 2.5 2 0 1 1 1
5747.6 -6627.6 30.6 213 0 18.6 9.9 2.5 2.5 4 0 1 1 1
4496.4 -6479.0 27.7 351 0 30.2 9.1 7.5 2.5 2 0 3 5 5
5375.3 -6315.4 28.1 81 0 11.0 6.1 7.5 2.5 2 0 3 2 2
5712.0 -6683.7 30.1 307 0 12.5 11.1 5.0 0.0 0 0 2 1 1
4486.1 -6411.0 28.1 261 0 9.5 12.6 5.0 0.0 0 1 2 5 5
5573.7 -6505.4 29.3 36 0 7.9 16.3 7.5 2.5 4 1 3 3 3
4478.6 -6441.2 28.3 351 0 30.3 12.2 12.5 2.5 2 0 5 3 3
4467.6 -6499.1 28.3 81 0 9.1 30.2 7.5 0.0 0 0 3 1 1
5513.8 -6524.0 28.9 126 0 4.5 7.3 5.0 0.0 0 0 2 4 4
5517.5 -6522.7 28.9 216 0 6.6 10.3 5.0 0.0 0 0 2 5 5
4370.8 -6458.6 30.7 97 0 8.8 11.9 7.5 0.0 0 1 3 2 2
4549.8 -6386.2 25.9 143 0 10.7 37.1 10.0 2.5 2 0 4 5 5
5671.1 -6157.4 25.1 87 0 10.1 9.9 5.0 2.5 4 0 2 3 3
5147.0 -6410.6 25.9 330 0 12.7 11.2 7.5 2.5 2 0 3 3 3
6153.7 -6946.2 29.1 69 0 6.7 18.0 7.5 2.5 2 0 3 3 3
4442.6 -6428.5 28.8 171 0 6.6 19.3 7.5 2.5 2 0 3 0 0
5706.5 -6717.1 29.9 36 0 6.1 18.0 7.5 2.5 2 1 3 5 5
6213.5 -6877.7 28.8 336 0 5.7 11.7 5.0 2.5 2 1 2 0 0
5776.7 -6635.4 30.7 303 0 17.5 14.1 5.0 2.5 2 0 2 3 3
5939.6 -6760.3 29.9 35 0 8.6 12.1 2.5 2.5 2 1 1 4 4
5635.5 -6084.8 21.4 80 0 9.7 23.5 5.0 2.5 4 1 2 5 5
5552.4 -6239.5 29.8 264 0 6.3 16.7 2.5 2.5 2 1 1 2 2
5549.9 -6542.3 29.1 36 0 9.4 9.1 7.5 2.5 2 0 3 5 5
5650.4 -6747.4 29.5 127 0 7.4 21.4 5.0 2.5 2 1 2 2 2
5896.2 -6808.3 31.4 305 0 10.1 9.3 2.5 2.5 4 0 1 3 3
5928.8 -6828.4 31.1 304 0 5.5 18.9 7.5 2.5 2 1 3 3 3
4462.0 -6401.8 28.6 261 0 6.2 26.4 7.5 2.5 2 0 3 2 2
-1551.4 6763.5 -26.6 61 0 13.3 13.4 5.0 2.5 2 1 2 4 4
-1668.9 6744.0 -31.9 244 0 10.7 15.0 5.0 2.5 2 1 2 0 0
-2666.8 8172.7 -36.7 326 0 25.7 139.8 12.5 0.0 0 1 5 5 5
-1340.6 4975.4 -15.2 251 0 15.3 50.1 12.5 2.5 2 1 5 0 0
-1550.0 4891.8 -21.3 131 0 12.5 75.4 12.5 2.5 2 1 5 5 5
2185.6 -7862.1 45.9 180 0 9.0 21.3 5.0 0.0 0 1 2 3 3
2544.0 -7710.6 43.5 282 0 12.8 6.7 5.0 2.5 2 0 2 5 5
2551.7 -7731.7 43.6 18 0 10.2 8.3 5.0 2.5 2 0 2 5 5
2520.1 -7724.1 43.9 200 0 18.8 7.5 5.0 2.5 2 0 2 5 5
2137.4 -7437.8 32.7 263 0 11.6 40.2 10.0 0.0 0 1 4 2 2
2198.3 -7465.8 34.0 353 0 9.1 35.6 7.5 0.0 0 1 3 0 0
2169.3 -7433.5 32.7 261 0 13.5 11.6 2.5 2.5 2 0 1 4 4
2721.3 -7536.0 30.5 40 0 9.7 30.7 7.5 2.5 2 1 3 3 3
2741.5 -7511.4 29.4 34 0 12.0 12.1 5.0 2.5 2 1 2 1 1
-365.7 8186.2 -0.4 7 0 12.4 16.8 5.0 0.0 0 1 2 3 3
-473.3 8095.8 6.9 97 0 4.3 6.2 2.5 2.5 2 1 1 1 1
-448.5 8073.9 7.7 46 0 3.6 5.6 7.5 0.0 0 1 3 3 3
-425.0 7996.7 9.4 13 0 14.7 8.5 5.0 2.5 2 0 2 2 2
-437.4 8001.2 9.7 11 0 13.3 16.4 7.5 2.5 2 1 3 2 2
5992.7 -8114.5 41.1 110 0 19.9 12.7 7.5 0.0 0 0 3 2 2
5957.5 -8115.6 41.1 285 0 6.8 12.7 2.5 2.5 2 1 1 2 2
5616.4 132.0 5.2 328 0 35.6 11.3 10.0 0.0 0 0 4 4 4
5569.5 149.7 4.9 241 0 34.1 12.7 10.0 2.5 2 0 4 4 4
5620.0 81.7 5.2 47 0 32.4 12.5 7.5 2.5 2 0 3 1 1
-766.0 -1012.1 9.2 136 0 9.3 32.2 7.5 2.5 2 1 3 4 4
-787.9 -987.8 9.8 220 0 7.1 22.6 7.5 2.5 2 1 3 3 3
-52.9 -4016.6 24.5 88 0 17.7 34.3 10.0 0.0 0 1 4 2 2
22.7 -4014.5 24.3 269 0 67.8 14.8 15.0 0.0 0 0 6 5 5
126.6 -4020.6 23.5 0 0 13.9 48.3 7.5 2.5 2 1 3 0 0
-859.3 -5708.3 16.5 274 0 8.1 11.0 5.0 2.5 2 1 2 0 0
-885.2 -5635.8 21.3 111 0 7.9 7.8 5.0 2.5 2 0 2 0 0
-827.4 -5634.3 20.7 110 0 10.0 9.1 5.0 2.5 2 0 2 5 5
-2082.5 6878.6 -52.1 237 0 14.6 35.6 10.0 2.5 4 1 4 3 3
-2086.3 6895.2 -52.1 60 0 8.9 67.6 7.5 0.0 0 1 3 0 0
-2063.6 6910.1 -51.1 58 0 10.9 67.9 10.0 2.5 4 1 4 0 0
-2060.2 6889.0 -50.9 235 0 11.9 33.2 12.5 2.5 2 1 5 1 1
-1480.0 6718.9 -23.1 147 0 15.3 11.4 10.0 2.5 2 0 4 3 3
-1460.2 6740.1 -22.1 236 0 10.4 14.4 10.0 2.5 2 1 4 3 3
-1441.1 6753.4 -21.2 235 0 11.0 14.0 7.5 2.5 4 1 3 0 0
-1422.6 6766.5 -20.4 238 0 12.6 14.6 7.5 2.5 2 1 3 3 3
-1403.8 6780.2 -19.6 236 0 11.4 15.4 10.0 2.5 2 1 4 1 1
-1445.2 6696.8 -22.3 236 0 11.4 15.4 7.5 2.5 4 1 3 5 5
-1426.6 6709.9 -21.1 236 0 11.4 15.4 10.0 2.5 2 1 4 1 1
-1405.9 6724.5 -19.7 236 0 11.4 15.4 7.5 0.0 0 1 3 5 5
-1386.5 6737.8 -18.6 236 0 11.4 15.4 7.5 2.5 2 1 3 2 2
-1359.2 6747.1 -17.9 326 0 15.4 11.4 10.0 2.5 2 0 4 1 1
-1341.4 6722.9 -17.1 326 0 15.4 11.4 7.5 2.5 2 0 3 2 2
-1363.8 6698.5 -18.4 56 0 11.4 15.4 10.0 2.5 2 1 4 0 0
-1384.8 6683.0 -19.9 56 0 11.4 15.4 7.5 2.5 2 1 3 5 5
-1406.6 6668.4 -21.3 56 0 11.4 15.4 12.5 2.5 2 1 5 2 2
-1437.4 6657.2 -22.7 146 0 15.4 11.4 10.0 2.5 2 0 4 2 2
-1399.9 6629.2 -21.3 146 0 15.4 11.4 7.5 2.5 2 0 3 0 0
-1377.5 6653.2 -20.0 236 0 11.4 15.4 7.5 2.5 2 1 3 2 2
-1356.8 6667.3 -18.7 236 0 11.4 15.4 7.5 2.5 2 1 3 5 5
-1335.0 6682.7 -17.3 236 0 11.4 15.4 10.0 2.5 2 1 4 5 5
-1625.0 6790.5 -29.9 62 0 13.2 9.6 5.0 2.5 4 0 2 1 1
-1647.8 6774.3 -31.0 63 0 16.7 9.5 5.0 2.5 4 0 2 0 0
-306.0 7495.8 -5.5 352 0 19.8 21.4 7.5 2.5 4 1 3 3 3
-305.1 7458.4 -5.3 356 0 19.8 11.4 5.0 2.5 2 0 2 5 5
-292.9 7357.3 -0.6 4 0 14.0 10.3 5.0 2.5 2 0 2 2 2
964.6 2395.6 -26.6 265 0 14.9 10.7 7.5 2.5 2 0 3 5 5
-3662.4 -104.4 12.2 354 0 14.3 29.1 12.5 2.5 2 1 5 5 5
-3003.9 5445.2 -40.0 260 0 16.6 32.0 12.5 2.5 2 1 5 1 1
-66.7 -6653.5 22.3 92 0 9.5 20.3 2.5 2.5 2 1 1 3 3
-4032.2 -4515.8 16.6 271 0 17.0 35.1 10.0 2.5 2 1 4 5 5
-1697.8 -4699.7 19.8 131 0 13.4 16.8 2.5 2.5 2 1 1 0 0
-1377.2 6601.0 -20.5 56 0 11.4 15.4 10.0 2.5 2 1 4 5 5
-1356.5 6614.8 -19.4 56 0 11.4 15.4 10.0 2.5 2 1 4 0 0
-1336.9 6628.4 -18.3 56 0 11.4 15.4 10.0 2.5 2 1 4 0 0
-1317.8 6642.5 -17.2 56 0 11.4 15.4 12.5 2.5 4 1 5 1 1
-1299.8 6664.1 -16.2 326 0 15.4 11.4 12.5 0.0 0 0 5 3 3
-1347.5 6576.2 -18.9 146 0 15.4 11.4 7.5 2.5 4 0 3 0 0
-1328.7 6598.3 -17.8 236 0 11.4 15.4 7.5 2.5 2 1 3 1 1
-1310.2 6611.3 -16.8 236 0 11.4 15.4 7.5 2.5 2 1 3 4 4
-1287.6 6627.8 -15.5 236 0 11.4 15.4 10.0 2.5 2 1 4 1 1
969.8 3127.9 -16.5 288 0 12.2 20.7 12.5 2.5 2 1 5 4 4
-1987.7 4445.0 -1.1 270 0 14.7 38.5 5.0 2.5 2 1 2 5 5
-1953.9 4442.4 -0.9 125 0 11.3 20.2 5.0 2.5 2 1 2 3 3
-2216.5 4433.0 -5.0 159 0 12.0 27.2 7.5 2.5 2 1 3 0 0
-2504.2 4236.4 -7.2 62 0 18.3 18.2 10.0 2.5 2 0 4 0 0
-2509.9 4292.7 -8.5 331 0 9.7 45.9 7.5 2.5 2 1 3 5 5
-2522.1 4231.3 -7.3 63 0 9.7 10.6 7.5 2.5 2 1 3 2 2
737.1 -527.7 -3.3 239 0 64.5 192.4 12.5 0.0 0 1 5 0 0
798.5 -477.8 -3.8 240 0 62.6 181.9 12.5 0.0 0 1 5 3 3
929.3 -490.5 -4.1 329 0 181.2 61.8 10.0 0.0 0 0 4 5 5
956.5 -638.1 1.0 237 0 31.9 46.3 10.0 0.0 0 1 4 1 1
1102.6 -727.9 4.1 149 0 14.7 29.8 7.5 2.5 2 1 3 3 3
1053.6 -900.6 3.2 59 0 193.3 58.5 10.0 0.0 0 0 4 0 0
911.4 -858.0 0.7 149 0 59.3 178.3 10.0 0.0 0 1 4 1 1
546.7 -765.0 -2.1 328 0 131.6 88.0 15.0 0.0 0 0 6 3 3
621.1 -813.6 -0.2 53 0 31.0 85.1 12.5 0.0 0 1 5 0 0
657.3 -812.7 -1.9 325 0 21.6 58.7 12.5 2.5 2 1 5 5 5
697.3 -828.0 -0.4 237 0 39.5 13.9 10.0 2.5 2 0 4 0 0
443.9 -804.3 -1.8 148 0 87.1 10.5 7.5 0.0 0 0 3 0 0
658.2 -537.0 -4.7 45 0 7.3 20.8 3.5 2.5 4 1 1 2 2
-2177.7 6905.5 -55.1 184 0 14.4 8.0 5.0 2.5 2 0 2 2 2
-2168.2 6873.1 -55.2 94 0 8.0 14.4 5.0 2.5 2 1 2 2 2
-2129.2 6886.0 -53.6 62 0 8.0 14.4 7.5 2.5 4 1 3 1 1
-2141.6 6922.2 -53.7 332 0 14.4 8.0 5.0 0.0 0 0 2 3 3
-361.7 6769.8 -13.0 78 0 7.8 11.5 5.0 2.5 2 1 2 1 1
-364.8 6799.2 -12.2 348 0 11.5 7.8 5.0 2.5 2 0 2 5 5
-370.6 6822.8 -11.3 348 0 11.5 7.8 5.0 2.5 2 0 2 5 5
-377.1 6846.2 -10.4 348 0 11.5 7.8 5.0 2.5 2 0 2 1 1
-382.4 6868.5 -9.7 348 0 11.5 7.8 5.0 2.5 2 0 2 0 0
-388.9 6891.4 -9.0 348 0 11.5 7.8 5.0 2.5 2 0 2 4 4
-395.1 6914.6 -8.2 348 0 11.5 7.8 5.0 2.5 2 0 2 4 4
-413.3 6940.9 -7.2 258 0 7.8 11.5 5.0 2.5 2 1 2 0 0
-332.5 6773.8 -14.6 169 0 15.0 9.6 5.0 2.5 2 0 2 4 4
-339.6 6804.8 -13.5 169 0 15.0 9.6 5.0 2.5 2 0 2 5 5
-346.8 6831.5 -12.5 169 0 15.0 9.6 5.0 2.5 2 0 2 1 1
-354.4 6859.5 -11.5 169 0 15.0 9.6 5.0 2.5 2 0 2 3 3
-361.8 6887.1 -10.6 169 0 15.0 9.6 5.0 2.5 4 0 2 2 2
-369.7 6915.4 -9.6 169 0 15.0 9.6 5.0 2.5 2 0 2 5 5
799.8 8166.5 -7.4 278 0 13.9 18.3 12.5 2.5 2 1 5 1 1
1013.6 8075.0 -9.0 48 0 17.3 26.2 10.0 0.0 0 1 4 5 5
-230.0 7824.8 -0.2 345 0 24.4 10.6 12.5 2.5 2 0 5 5 5
-269.3 7809.0 -0.7 164 0 24.7 10.4 12.5 2.5 2 0 5 1 1
-238.9 7783.4 -1.9 76 0 11.7 9.5 7.5 0.0 0 0 3 3 3
-56.3 8031.9 -0.7 184 0 16.6 11.2 7.5 2.5 2 0 3 4 4
307.0 7893.1 -7.6 16 0 16.2 14.9 5.0 2.5 2 0 2 5 5
257.1 7830.2 -4.6 115 0 23.0 7.0 7.5 2.5 2 0 3 3 3
285.2 7854.1 -6.2 27 0 16.0 8.5 7.5 2.5 2 0 3 1 1
254.9 7864.6 -6.4 204 0 18.3 8.6 2.5 0.0 0 0 1 0 0
458.1 7871.0 -3.5 26 0 10.2 6.9 5.0 2.5 2 0 2 0 0
250.1 8095.7 -4.6 189 0 9.9 17.9 2.5 2.5 4 1 1 1 1
240.6 8058.3 -4.7 101 0 8.9 10.3 5.0 2.5 2 1 2 0 0
271.0 8060.0 -5.1 11 0 10.3 8.9 5.0 2.5 2 0 2 4 4
2845.1 2561.0 0.5 86 0 32.4 12.7 10.0 2.5 2 0 4 5 5
3067.6 2006.8 -4.6 45 0 13.0 19.3 10.0 2.5 2 1 4 3 3
3458.5 1728.5 2.2 223 0 10.6 11.3 2.5 2.5 2 1 1 2 2
3513.1 1677.4 2.2 44 0 8.0 9.7 2.5 2.5 2 1 1 3 3
-1325.3 6547.8 -19.0 56 0 11.4 15.4 5.0 2.5 2 1 2 2 2
-1305.1 6561.9 -18.1 56 0 11.4 15.4 7.5 2.5 2 1 3 1 1
-1282.6 6576.6 -17.2 56 0 11.4 15.4 7.5 2.5 2 1 3 1 1
-1262.3 6591.3 -16.3 56 0 11.4 15.4 7.5 2.5 2 1 3 2 2
-1302.2 6528.8 -19.9 235 0 15.4 11.4 10.0 2.5 2 0 4 5 5
-1281.3 6543.1 -19.0 235 0 15.4 11.4 7.5 2.5 2 0 3 0 0
-1259.8 6557.6 -18.1 235 0 15.4 11.4 15.0 0.0 0 0 6 1 1
-1237.8 6572.3 -17.2 235 0 15.4 11.4 10.0 2.5 2 0 4 4 4
-1161.9 6603.3 -14.9 290 0 11.4 15.4 7.5 0.0 0 1 3 4 4
-1158.2 6629.0 -13.1 109 0 11.6 21.4 10.0 2.5 2 1 4 4 4
-1237.2 6663.3 -12.6 110 0 12.0 25.3 12.5 2.5 2 1 5 5 5
-1204.2 6694.6 -11.0 149 0 12.0 25.3 10.0 2.5 4 1 4 4 4
-1612.6 6772.0 -29.1 243 0 16.7 9.5 5.0 2.5 2 0 2 2 2
-1576.8 6730.1 -27.9 243 0 16.7 9.5 5.0 2.5 2 0 2 5 5
-1553.0 6743.2 -26.6 243 0 16.7 9.5 5.0 2.5 2 0 2 0 0
-1582.3 6820.2 -28.2 332 0 14.8 10.8 5.0 2.5 2 0 2 5 5
6842.0 -2420.7 29.8 341 0 8.2 3.9 7.5 2.5 2 0 3 2 2
6786.1 -2488.1 32.1 103 0 7.6 8.2 5.0 0.0 0 1 2 1 1
2561.3 -1747.4 16.8 155 0 8.6 15.0 7.5 2.5 2 1 3 4 4
2596.9 -1737.3 16.6 335 0 12.3 6.1 2.5 2.5 4 0 1 4 4
990.2 2623.4 -14.7 317 0 14.8 7.1 2.5 2.5 2 0 1 4 4
975.7 2641.6 -17.0 328 0 5.7 7.9 7.5 2.5 2 1 3 1 1
1142.1 2481.6 -20.3 158 0 14.0 9.0 7.5 2.5 2 0 3 5 5
1095.8 2476.6 -27.4 236 0 7.6 10.9 7.5 2.5 2 1 3 3 3
1099.1 2449.3 -27.9 147 0 8.5 29.9 7.5 0.0 0 1 3 2 2
3081.2 2788.5 -1.4 1 0 21.5 12.7 12.5 2.5 2 0 5 5 5
506.0 3198.8 -23.9 110 0 8.6 8.6 7.5 2.5 2 0 3 0 0
522.5 3227.3 -26.5 21 0 11.1 9.1 5.0 2.5 4 0 2 1 1
-1211.5 6652.2 -12.8 109 0 11.6 21.4 17.5 0.0 0 1 7 3 3
-1182.4 6639.9 -12.9 109 0 11.6 21.4 12.5 2.5 2 1 5 3 3
-1184.1 6612.7 -15.1 289 0 11.6 21.4 12.5 2.5 2 1 5 0 0
-1212.8 6624.5 -15.0 289 0 11.7 21.4 12.5 2.5 2 1 5 1 1
-1233.5 6640.3 -14.6 289 0 11.6 21.4 10.0 2.5 2 1 4 3 3
-3182.7 5274.9 -35.8 200 0 13.4 10.3 2.5 2.5 2 0 1 5 5
-3154.7 5265.0 -35.4 293 0 12.7 9.6 5.0 2.5 4 0 2 4 4
-3134.9 5254.1 -35.0 295 0 13.4 12.1 5.0 2.5 2 0 2 0 0
2388.0 3536.4 19.9 233 0 144.8 178.2 12.5 0.0 0 1 5 4 4
