-5245.7 7771.4 -14.7 278 0 42.6 19.2 7.5 2.5 2 0 3 0 0
2495.5 7644.4 -8.2 355 0 20.1 8.9 7.5 2.5 2 0 3 3 3
2535.7 7684.8 -10.3 168 0 8.3 4.9 2.5 2.5 2 0 1 1 1
2541.0 8075.7 -14.6 265 0 19.1 10.2 7.5 2.5 2 0 3 5 5
3494.7 7559.6 10.4 11 0 5.5 15.3 5.0 2.5 2 1 2 3 3
3512.4 8110.2 6.7 96 0 9.1 17.6 2.5 2.5 2 1 1 5 5
2544.7 7672.4 -11.1 345 0 12.8 7.2 5.0 2.5 2 0 2 4 4
2394.2 7628.5 -1.1 108 0 4.3 5.6 7.5 2.5 2 1 3 0 0
2877.0 7824.8 6.8 269 0 9.1 5.6 7.5 2.5 2 0 3 0 0
2924.8 7609.6 8.8 355 0 8.3 23.6 7.5 2.5 2 1 3 1 1
2426.1 7643.9 -3.3 305 0 6.5 10.7 7.5 2.5 2 1 3 5 5
2046.2 7279.0 10.2 107 0 98.0 13.6 10.0 2.5 2 0 4 1 1
2359.6 7701.7 4.4 77 0 10.6 6.7 2.5 2.5 2 0 1 3 3
2520.4 8030.7 -12.7 85 0 11.5 15.1 7.5 2.5 2 1 3 5 5
3501.2 7567.5 10.9 122 0 8.8 15.2 5.0 2.5 2 1 2 4 4
2855.4 7806.9 6.8 175 0 16.1 11.7 5.0 2.5 2 0 2 1 1
2884.4 7594.8 8.1 86 0 11.4 9.7 7.5 2.5 2 0 3 4 4
2530.2 7920.6 -12.0 77 0 7.7 23.5 7.5 2.5 2 1 3 3 3
2464.6 7621.3 -6.8 97 0 16.5 7.4 5.0 2.5 2 0 2 1 1
3493.7 8098.6 6.6 282 0 12.9 10.0 2.5 2.5 2 0 1 2 2
3477.0 7575.4 10.3 121 0 7.4 20.5 5.0 2.5 2 1 2 1 1
3280.4 7563.8 10.9 344 0 10.8 10.4 10.0 2.5 2 0 4 1 1
2880.4 7788.5 6.3 359 0 4.9 12.6 7.5 2.5 2 1 3 5 5
2061.5 7331.2 9.2 197 0 20.4 146.4 10.0 0.0 0 1 4 4 4
2492.3 7947.8 -9.7 165 0 9.9 22.8 7.5 2.5 4 1 3 0 0
-6563.6 5728.3 -25.9 358 0 7.0 27.1 7.5 2.5 2 1 3 2 2
-5888.7 5719.9 -24.9 232 0 15.4 14.4 5.0 2.5 2 0 2 2 2
-6226.0 5850.1 -40.0 92 0 23.9 12.2 5.0 2.5 2 0 2 0 0
-5511.8 6082.5 -13.0 105 0 13.0 31.3 10.0 2.5 2 1 4 2 2
-6237.6 5809.2 -40.5 95 0 7.6 5.5 7.5 2.5 4 0 3 2 2
-6162.1 5406.7 -34.5 205 0 16.8 9.6 2.5 2.5 2 0 1 4 4
-6747.1 5615.3 -25.8 208 0 8.4 18.9 7.5 2.5 2 1 3 0 0
-6603.6 5685.0 -26.1 82 0 4.9 10.7 5.0 2.5 2 1 2 5 5
-6437.1 5394.4 -25.5 287 0 6.2 11.0 7.5 2.5 2 1 3 3 3
-5923.4 5668.6 -27.3 221 0 15.4 8.5 7.5 0.0 0 0 3 5 5
-6214.0 5833.9 -40.2 270 0 8.2 25.4 7.5 2.5 2 1 3 3 3
-6122.0 5410.3 -34.9 29 0 11.2 7.8 7.5 2.5 2 0 3 3 3
-5461.5 6070.9 -13.1 189 0 24.8 9.9 7.5 2.5 4 0 3 3 3
-5791.1 5816.0 -17.8 220 0 73.1 12.6 17.5 0.0 0 0 7 2 2
-5455.4 6149.3 -12.4 270 0 10.8 11.9 5.0 2.5 2 1 2 2 2
-6719.3 5714.2 -24.3 9 0 8.3 20.9 5.0 2.5 2 1 2 4 4
-6546.5 5688.3 -26.7 0 0 9.6 22.9 5.0 2.5 2 1 2 3 3
-5508.7 6196.9 -15.2 101 0 18.4 36.1 10.0 0.0 0 1 4 4 4
-5818.2 5766.6 -19.6 41 0 8.7 12.3 5.0 0.0 0 1 2 2 2
-5707.7 5807.3 -15.2 328 0 9.5 17.5 2.5 2.5 2 1 1 0 0
-6458.0 5404.1 -25.9 199 0 9.0 12.6 7.5 2.5 2 1 3 1 1
-5718.2 5822.5 -15.0 325 0 9.2 11.5 7.5 0.0 0 1 3 3 3
-5962.9 5657.9 -29.6 159 0 27.3 10.1 10.0 2.5 2 0 4 3 3
-6745.2 5737.5 -23.8 192 0 11.4 11.2 7.5 2.5 2 0 3 2 2
-6545.9 5710.7 -26.5 358 0 19.6 8.3 5.0 2.5 2 0 2 1 1
-6580.9 5704.2 -26.1 83 0 9.4 11.6 5.0 2.5 2 1 2 4 4
-6463.8 5377.8 -24.8 194 0 11.3 18.1 7.5 2.5 2 1 3 4 4
-5977.7 5645.9 -32.9 350 0 60.1 21.0 17.5 0.0 0 0 7 1 1
-5515.0 6153.1 -13.8 101 0 14.1 28.2 12.5 2.5 4 1 5 4 4
-6236.5 5839.1 -40.4 275 0 7.6 13.4 5.0 2.5 2 1 2 3 3
-6151.4 5375.3 -33.4 26 0 6.0 13.3 2.5 2.5 2 1 1 3 3
-5483.1 6537.2 -18.7 359 0 31.5 18.7 12.5 2.5 4 0 5 2 2
-5722.3 6518.9 -25.0 282 0 9.8 12.9 2.5 2.5 2 1 1 5 5
-5607.3 6452.8 -19.7 277 0 24.6 16.4 10.0 0.0 0 0 4 5 5
-5542.7 6544.0 -20.2 181 0 16.6 13.2 5.0 0.0 0 0 2 5 5
-5464.2 6778.6 -18.4 111 0 7.3 9.3 7.5 2.5 2 1 3 3 3
-5567.4 6185.6 -15.6 277 0 11.2 12.1 7.5 2.5 2 1 3 5 5
-5521.0 6363.1 -15.6 91 0 9.1 12.2 7.5 2.5 2 1 3 2 2
-5489.3 6266.4 -15.8 4 0 10.3 9.1 5.0 2.5 2 0 2 5 5
-5664.0 6494.0 -22.3 100 0 8.3 12.2 5.0 2.5 2 1 2 4 4
-5603.8 6353.6 -18.6 10 0 13.5 10.8 7.5 2.5 2 0 3 0 0
-5449.3 6805.0 -18.1 21 0 19.6 10.4 10.0 2.5 4 0 4 0 0
-5692.1 6261.9 -19.7 19 0 9.3 8.9 5.0 2.5 2 0 2 0 0
-5611.0 6178.4 -16.8 192 0 10.6 12.3 5.0 2.5 2 1 2 0 0
-5493.7 6572.5 -19.1 359 0 17.7 11.6 7.5 2.5 2 0 3 5 5
-5499.6 6305.9 -15.8 359 0 12.2 10.9 7.5 2.5 2 0 3 0 0
-5701.1 6293.4 -20.8 12 0 27.2 10.9 10.0 2.5 4 0 4 4 4
-5472.7 6641.2 -16.5 14 0 12.1 6.9 5.0 2.5 2 0 2 3 3
-5511.6 6272.3 -16.4 11 0 9.6 6.1 2.5 2.5 4 0 1 0 0
-5631.8 6141.2 -13.4 105 0 11.7 11.8 5.0 2.5 2 1 2 3 3
-5485.9 6457.1 -15.3 97 0 10.7 22.0 5.0 2.5 2 0 2 5 5
-5533.6 6247.8 -16.5 99 0 16.3 9.6 5.0 2.5 2 0 2 4 4
-5690.1 6544.8 -25.3 283 0 9.1 12.4 5.0 0.0 0 1 2 4 4
-5617.7 6488.8 -20.4 101 0 10.4 11.9 7.5 0.0 0 1 3 0 0
-5643.4 6498.8 -21.7 106 0 10.2 12.3 5.0 2.5 2 1 2 5 5
-5540.1 6482.4 -17.5 98 0 19.1 8.8 2.5 2.5 2 0 1 3 3
-5571.2 6141.5 -12.1 102 0 12.7 11.4 5.0 0.0 0 0 2 4 4
-5738.3 6219.5 -21.3 283 0 19.0 13.8 5.0 2.5 2 0 2 4 4
-5534.8 6162.1 -14.0 12 0 8.1 15.4 5.0 2.5 2 1 2 0 0
-5701.9 6500.1 -23.8 108 0 8.2 12.3 7.5 2.5 2 1 3 5 5
-5496.8 6673.7 -18.3 288 0 9.4 28.2 7.5 2.5 2 1 3 2 2
-5703.7 6240.8 -19.7 108 0 10.2 8.3 7.5 2.5 4 0 3 3 3
-5676.0 6325.5 -20.9 16 0 9.5 10.0 7.5 2.5 2 1 3 1 1
-5477.4 6483.4 -15.4 7 0 10.3 10.7 7.5 2.5 2 0 3 1 1
-5440.9 6845.2 -17.8 290 0 10.5 19.3 7.5 2.5 2 1 3 3 3
-5587.8 6198.8 -16.3 282 0 9.1 8.9 5.0 2.5 2 0 2 4 4
-5495.1 6350.3 -14.9 92 0 11.1 16.4 7.5 2.5 2 1 3 3 3
-5562.6 6443.3 -18.0 277 0 24.5 12.9 10.0 0.0 0 0 4 0 0
-5487.2 6386.4 -14.5 5 0 7.1 9.9 7.5 2.5 2 0 3 1 1
-5682.5 6305.7 -20.6 14 0 9.2 7.8 5.0 2.5 2 0 2 3 3
-5536.1 6586.4 -20.5 182 0 10.5 20.3 2.5 2.5 2 1 1 0 0
-5497.6 6246.1 -15.8 10 0 9.4 12.2 7.5 2.5 2 1 3 2 2
-5616.7 6203.7 -17.2 282 0 10.3 10.5 5.0 2.5 2 1 2 3 3
-5486.1 6400.0 -14.7 5 0 20.1 14.6 12.5 2.5 2 0 5 3 3
-5427.3 6142.9 -12.2 286 0 11.8 19.7 7.5 2.5 2 1 3 5 5
-5402.1 6134.4 -11.8 289 0 11.9 8.2 5.0 2.5 2 0 2 5 5
-5409.7 6103.7 -11.8 275 0 12.6 12.8 2.5 2.5 2 1 1 5 5
-5223.6 5814.9 0.7 345 0 12.4 15.8 5.0 2.5 2 1 2 3 3
-5229.6 5858.7 -0.2 354 0 11.6 10.8 5.0 2.5 2 0 2 0 0
-5248.6 5867.9 -1.6 352 0 14.9 9.9 5.0 2.5 2 0 2 2 2
-5155.9 5930.9 3.6 72 0 22.0 24.2 10.0 2.5 2 1 4 1 1
-5157.1 5896.0 3.8 77 0 9.9 16.7 5.0 2.5 2 1 2 4 4
-5433.1 6173.5 -12.4 202 0 9.4 9.8 5.0 2.5 2 1 2 2 2
-5414.5 6160.4 -12.2 112 0 9.2 9.3 5.0 0.0 0 1 2 2 2
-5396.8 6153.9 -12.0 111 0 11.6 9.9 7.5 2.5 2 0 3 5 5
-5379.6 6146.8 -11.4 110 0 10.3 9.7 5.0 2.5 2 0 2 2 2
-5362.7 6136.3 -10.9 91 0 6.9 12.1 2.5 2.5 2 1 1 2 2
-5340.3 6135.1 -10.1 90 0 10.7 9.1 7.5 2.5 2 0 3 3 3
-5312.7 6139.7 -9.1 354 0 7.8 12.0 5.0 0.0 0 1 2 5 5
-5300.7 6141.2 -7.9 171 0 9.1 14.8 5.0 2.5 2 1 2 1 1
-5233.6 6166.6 -4.0 172 0 12.0 11.8 10.0 2.5 2 0 4 0 0
-5480.6 5952.0 -12.0 56 0 22.3 20.8 12.5 2.5 2 0 5 3 3
-5702.2 5833.3 -14.6 146 0 10.1 9.4 2.5 2.5 2 0 1 0 0
-5681.0 5854.1 -13.5 235 0 9.6 9.6 5.0 2.5 2 0 2 0 0
-5699.3 5791.8 -15.3 327 0 10.0 9.1 5.0 2.5 2 0 2 0 0
-264.2 8072.3 7.6 286 0 17.9 10.6 2.5 2.5 2 0 1 1 1
-329.1 8092.3 8.8 286 0 13.9 11.4 5.0 2.5 2 0 2 2 2
-309.3 8019.2 8.8 114 0 8.9 15.5 5.0 2.5 2 1 2 4 4
-319.7 7939.9 9.8 105 0 14.2 11.6 2.5 2.5 2 0 1 5 5
4707.7 -6118.8 -16.1 151 0 21.6 11.4 10.0 0.0 0 0 4 4 4
4740.4 -6363.1 -17.6 85 0 22.4 11.7 10.0 2.5 2 0 4 2 2
4639.4 -6532.4 -30.5 43 0 8.4 7.4 7.5 2.5 2 0 3 2 2
4637.6 -6325.9 -16.4 255 0 4.8 11.1 5.0 2.5 2 1 2 1 1
4592.1 -6384.9 -17.3 263 0 9.0 7.5 5.0 2.5 2 0 2 4 4
4618.2 -6749.4 -29.5 5 0 12.8 9.6 7.5 2.5 2 0 3 3 3
4688.0 -6331.0 -16.6 53 0 11.0 8.6 5.0 2.5 2 0 2 1 1
4505.5 -6358.7 -12.2 108 0 8.3 8.3 7.5 2.5 2 0 3 4 4
4901.8 -6318.0 -18.0 266 0 10.0 20.9 2.5 2.5 2 1 1 3 3
4750.0 -6272.8 -15.9 169 0 8.7 8.6 2.5 2.5 2 0 1 1 1
4684.0 -6512.4 -31.3 219 0 9.1 8.3 5.0 2.5 2 0 2 4 4
4578.0 -6753.4 -27.2 184 0 19.6 8.5 7.5 2.5 2 0 3 5 5
4883.7 -6298.0 -17.3 291 0 14.3 8.4 5.0 2.5 2 0 2 3 3
4643.6 -6580.8 -31.5 187 0 9.9 9.5 7.5 0.0 0 0 3 0 0
4645.9 -6362.3 -17.0 74 0 10.6 4.0 7.5 2.5 2 0 3 4 4
4572.8 -6385.2 -17.2 266 0 7.6 13.0 2.5 2.5 2 1 1 3 3
4687.1 -6414.2 -18.4 2 0 10.6 6.0 7.5 2.5 2 0 3 1 1
4683.7 -6001.3 -15.5 246 0 6.6 19.9 7.5 2.5 2 1 3 5 5
4611.2 -6773.4 -26.1 263 0 4.5 9.2 7.5 2.5 2 1 3 3 3
4685.0 -6165.6 -14.5 339 0 8.0 8.1 2.5 2.5 4 0 1 5 5
4878.4 -6329.2 -17.7 89 0 4.7 11.4 7.5 2.5 2 1 3 1 1
4779.2 -6273.3 -16.0 349 0 7.8 9.1 2.5 2.5 4 1 1 3 3
4667.7 -6522.1 -31.2 226 0 12.1 11.5 5.0 2.5 2 0 2 2 2
4613.7 -6363.1 -16.8 88 0 10.8 14.2 7.5 2.5 2 1 3 4 4
4758.5 -6271.2 -15.9 169 0 8.7 4.0 5.0 2.5 2 0 2 1 1
4696.0 -6430.6 -18.8 14 0 10.8 9.0 5.0 2.5 2 0 2 3 3
4637.0 -6081.6 -12.6 338 0 4.6 12.3 7.5 2.5 2 1 3 1 1
4917.8 -6272.6 -19.4 282 0 8.5 4.3 7.5 2.5 4 0 3 0 0
4663.0 -6348.0 -16.8 73 0 8.2 28.2 2.5 2.5 2 1 1 5 5
4861.8 -6331.7 -17.7 93 0 12.5 5.5 7.5 2.5 2 0 3 1 1
4801.9 -6264.8 -16.1 260 0 10.3 8.4 7.5 2.5 2 0 3 4 4
4629.4 -6507.5 -28.2 226 0 6.9 7.8 7.5 2.5 2 1 3 0 0
4711.5 -6350.9 -17.4 199 0 8.5 15.5 5.0 2.5 2 1 2 5 5
4672.9 -6438.5 -18.9 313 0 7.6 15.2 5.0 2.5 2 1 2 4 4
4623.0 -6103.8 -12.5 170 0 9.8 10.4 2.5 2.5 2 1 1 3 3
4921.6 -6291.3 -19.3 107 0 11.1 9.0 5.0 2.5 2 0 2 5 5
4652.0 -6310.9 -16.0 73 0 8.1 27.9 5.0 2.5 2 1 2 2 2
4804.0 -6418.3 -22.6 172 0 7.6 18.7 7.5 0.0 0 1 3 4 4
4513.0 -6361.2 -12.7 108 0 7.4 8.3 7.5 2.5 2 0 3 1 1
4728.4 -6295.4 -16.2 355 0 6.1 9.1 2.5 2.5 2 0 1 2 2
4992.0 -6331.1 -17.4 73 0 12.3 9.4 5.0 2.5 2 0 2 1 1
4870.6 -6292.9 -17.1 291 0 13.8 8.4 5.0 2.5 2 0 2 0 0
4489.7 -6470.7 -15.0 52 0 18.6 9.2 5.0 2.5 2 0 2 0 0
4702.8 -6358.3 -17.3 178 0 8.3 4.2 5.0 2.5 2 0 2 0 0
4935.7 -6292.4 -19.9 102 0 4.9 14.2 7.5 2.5 2 1 3 3 3
4626.8 -6296.4 -15.7 164 0 13.5 5.5 5.0 2.5 2 0 2 0 0
4696.7 -6161.1 -15.1 339 0 8.0 12.5 5.0 2.5 4 0 2 5 5
4640.6 -6417.9 -18.2 323 0 6.2 12.7 5.0 2.5 2 1 2 4 4
4579.1 -6368.8 -16.6 78 0 10.3 9.6 7.5 2.5 2 0 3 1 1
4965.2 -6277.5 -19.4 269 0 10.5 9.1 2.5 0.0 0 0 1 0 0
4817.2 -6255.1 -16.4 357 0 12.8 7.4 7.5 2.5 2 0 3 4 4
4621.2 -6400.9 -17.8 257 0 5.8 10.1 5.0 2.5 2 1 2 5 5
4942.4 -6325.4 -18.4 14 0 7.3 6.8 2.5 2.5 2 0 1 4 4
4502.9 -6327.9 -12.3 199 0 9.3 24.5 5.0 2.5 2 1 2 0 0
4938.2 -6344.1 -18.4 14 0 6.3 7.2 2.5 2.5 2 0 1 4 4
4868.1 -6270.3 -18.0 115 0 8.7 8.3 2.5 2.5 4 0 1 3 3
4753.6 -6156.9 -16.1 72 0 5.8 7.1 5.0 2.5 2 0 2 0 0
4693.0 -6041.9 -15.7 157 0 9.9 6.1 5.0 2.5 2 0 2 5 5
4451.5 -6417.2 -11.0 310 0 6.6 15.1 5.0 2.5 2 1 2 5 5
4618.2 -6584.0 -28.3 357 0 6.5 8.2 2.5 2.5 2 0 1 1 1
4713.1 -6053.9 -16.5 334 0 8.6 6.1 5.0 2.5 2 0 2 3 3
4755.8 -6163.7 -17.1 72 0 5.8 7.2 5.0 2.5 2 0 2 5 5
4676.5 -6051.1 -15.0 156 0 9.7 9.2 7.5 2.5 2 0 3 5 5
4585.8 -6782.3 -23.1 278 0 4.4 10.8 5.0 0.0 0 1 2 2 2
4430.2 -6434.0 -13.2 231 0 9.7 47.7 7.5 0.0 0 1 3 1 1
4888.0 -6284.1 -18.3 111 0 14.6 8.3 5.0 2.5 2 0 2 1 1
4610.0 -6584.5 -27.6 357 0 6.5 7.1 7.5 2.5 4 0 3 5 5
4707.5 -6184.2 -15.0 349 0 18.0 10.1 5.0 2.5 2 0 2 1 1
4732.8 -6168.1 -16.5 164 0 10.8 8.9 5.0 2.5 4 0 2 2 2
4634.0 -6527.3 -29.9 44 0 8.4 7.2 5.0 2.5 2 0 2 1 1
4774.0 -6236.1 -15.5 349 0 12.6 13.3 5.0 2.5 2 1 2 4 4
4633.0 -6318.8 -16.2 344 0 16.1 4.6 7.5 2.5 2 0 3 1 1
4598.4 -6404.1 -17.7 269 0 11.2 7.2 7.5 0.0 0 0 3 5 5
4644.1 -6746.4 -31.4 101 0 9.1 9.6 7.5 2.5 4 1 3 3 3
4900.9 -6289.1 -18.6 111 0 13.1 8.3 7.5 0.0 0 0 3 2 2
4596.8 -6597.3 -27.6 179 0 11.3 6.5 7.5 2.5 2 0 3 5 5
4606.9 -6740.4 -29.2 354 0 5.4 16.2 7.5 2.5 2 1 3 0 0
4726.9 -6278.6 -16.0 355 0 27.6 14.3 7.5 2.5 2 0 3 2 2
4650.9 -6402.5 -17.9 105 0 21.2 19.3 10.0 2.5 2 0 4 0 0
4665.8 -6863.9 -23.5 328 0 6.7 10.3 7.5 2.5 4 1 3 1 1
5045.9 -6245.3 -12.0 347 0 9.0 10.4 5.0 2.5 2 1 2 5 5
4670.8 -6423.0 -18.4 49 0 9.1 7.5 5.0 2.5 4 0 2 0 0
4676.2 -6883.7 -23.0 327 0 12.0 8.9 5.0 2.5 2 0 2 5 5
4679.7 -6201.7 -14.1 171 0 5.6 14.3 5.0 2.5 2 1 2 4 4
4943.4 -6335.8 -18.3 14 0 12.5 10.3 7.5 2.5 2 0 3 0 0
5021.3 -6224.8 -13.1 179 0 5.1 10.4 5.0 2.5 2 1 2 0 0
4589.5 -6536.8 -25.4 191 0 8.6 12.4 5.0 2.5 2 1 2 3 3
4741.9 -6207.8 -15.8 164 0 7.2 11.6 2.5 2.5 2 1 1 4 4
4687.6 -6901.3 -22.8 328 0 8.6 13.4 2.5 2.5 2 1 1 0 0
4667.2 -6486.1 -24.8 30 0 5.1 9.1 7.5 2.5 2 1 3 0 0
4789.9 -6383.3 -18.4 175 0 9.4 5.5 7.5 2.5 2 0 3 1 1
5394.6 241.6 11.6 192 0 5.6 12.2 5.0 2.5 2 1 2 2 2
5410.4 149.1 13.4 10 0 26.2 10.9 10.0 2.5 4 0 4 2 2
5119.3 904.7 20.2 254 0 6.8 11.7 5.0 2.5 2 1 2 1 1
5239.3 722.2 19.4 23 0 6.6 12.6 7.5 2.5 2 1 3 0 0
5073.1 868.5 18.8 77 0 11.9 7.0 7.5 2.5 4 0 3 0 0
5416.5 359.8 12.2 65 0 9.1 10.1 2.5 2.5 4 1 1 3 3
5388.9 213.4 11.9 188 0 8.4 8.5 7.5 2.5 2 1 3 2 2
5078.5 908.5 18.7 264 0 16.9 9.1 5.0 2.5 2 0 2 1 1
5261.7 992.6 21.0 280 0 9.2 6.6 7.5 2.5 2 0 3 3 3
5099.4 918.1 18.4 87 0 7.7 15.0 7.5 2.5 2 1 3 0 0
5237.8 514.1 13.7 163 0 8.3 21.5 7.5 2.5 2 1 3 3 3
5246.3 794.9 20.3 268 0 5.4 11.1 5.0 2.5 2 1 2 0 0
5051.7 915.9 17.0 72 0 9.5 14.9 7.5 2.5 2 1 3 3 3
5217.1 810.4 20.4 167 0 11.8 9.8 7.5 2.5 4 0 3 0 0
5224.7 701.6 19.2 96 0 9.5 9.6 7.5 2.5 2 1 3 3 3
5196.6 837.0 20.5 349 0 9.5 8.8 5.0 2.5 2 0 2 5 5
4986.1 445.4 16.8 267 0 7.9 16.8 2.5 2.5 2 1 1 0 0
5153.7 654.6 17.8 144 0 8.3 11.5 5.0 2.5 2 1 2 1 1
5226.6 773.3 19.6 208 0 6.2 9.3 2.5 2.5 2 1 1 5 5
5170.1 933.1 20.3 133 0 14.2 9.7 5.0 2.5 2 0 2 3 3
5338.7 115.5 12.1 269 0 5.6 6.4 5.0 2.5 2 1 2 3 3
5030.3 895.8 17.4 337 0 19.6 6.1 5.0 2.5 2 0 2 2 2
4983.4 406.2 17.1 84 0 19.1 7.3 5.0 2.5 2 0 2 5 5
4963.6 453.4 17.4 353 0 19.7 10.1 2.5 2.5 2 0 1 3 3
5247.1 761.9 19.8 77 0 11.2 9.2 7.5 2.5 2 0 3 1 1
5149.2 939.7 19.4 123 0 7.2 14.6 5.0 2.5 2 1 2 1 1
5343.7 881.8 25.5 350 0 7.9 11.9 5.0 2.5 2 1 2 2 2
5353.7 120.1 12.7 268 0 8.4 10.0 7.5 2.5 2 1 3 0 0
5200.0 795.5 19.2 337 0 9.3 8.3 2.5 2.5 2 0 1 1 1
5005.6 912.4 16.4 168 0 8.4 16.4 7.5 2.5 2 0 3 5 5
5384.3 189.4 12.3 182 0 9.1 8.5 5.0 2.5 2 0 2 4 4
5231.0 893.6 23.6 181 0 5.1 11.4 7.5 2.5 2 1 3 5 5
5196.8 908.3 22.3 136 0 5.3 4.7 7.5 0.0 0 0 3 4 4
5327.6 864.0 24.9 97 0 5.1 10.0 2.5 2.5 2 1 1 0 0
5187.9 835.3 20.3 349 0 9.5 6.3 7.5 2.5 2 0 3 0 0
5029.1 917.4 16.7 348 0 8.4 7.5 5.0 2.5 2 0 2 2 2
5233.5 534.3 13.9 158 0 9.9 8.0 5.0 2.5 2 0 2 2 2
5160.8 877.9 21.3 162 0 12.2 10.5 5.0 2.5 2 0 2 3 3
5358.3 855.7 24.9 6 0 7.0 18.6 5.0 2.5 4 1 2 4 4
5418.3 200.5 12.6 8 0 5.2 3.3 5.0 2.5 2 0 2 4 4
5231.0 554.4 14.8 252 0 6.6 4.5 5.0 2.5 2 0 2 4 4
5241.0 813.1 21.1 80 0 6.2 8.8 5.0 2.5 2 1 2 0 0
5389.1 294.6 11.9 345 0 5.4 10.5 7.5 2.5 2 1 3 1 1
5362.3 865.3 25.7 77 0 7.7 16.6 5.0 2.5 2 1 2 4 4
4997.1 894.6 16.5 169 0 23.0 11.9 12.5 2.5 2 0 5 5 5
5145.5 671.7 17.7 156 0 8.1 22.5 5.0 2.5 2 1 2 2 2
5309.5 851.5 24.0 93 0 9.5 12.8 5.0 2.5 2 1 2 0 0
5244.8 863.3 22.9 95 0 10.0 19.6 7.5 2.5 2 1 3 1 1
5136.9 908.9 20.5 280 0 4.5 11.5 5.0 2.5 2 1 2 4 4
5041.6 947.4 15.1 20 0 9.9 25.1 5.0 2.5 4 1 2 0 0
5056.7 897.8 18.5 259 0 8.8 21.3 7.5 0.0 0 1 3 4 4
5139.9 730.5 17.7 244 0 18.8 9.6 7.5 2.5 2 0 3 0 0
5223.3 620.5 18.7 344 0 21.5 10.3 7.5 2.5 2 0 3 4 4
5172.5 704.1 18.2 334 0 6.9 7.8 5.0 0.0 0 0 2 4 4
5042.7 897.4 18.0 316 0 4.5 6.7 5.0 0.0 0 0 2 1 1
5169.9 709.4 18.2 334 0 4.8 7.8 7.5 2.5 4 0 3 1 1
5047.5 906.4 17.9 313 0 4.6 9.9 7.5 2.5 2 0 3 2 2
5220.6 596.8 18.3 72 0 8.5 11.4 5.0 0.0 0 0 2 0 0
5137.7 699.1 17.7 155 0 15.4 10.9 5.0 0.0 0 0 2 1 1
5280.1 854.8 23.5 110 0 9.5 25.0 5.0 0.0 0 0 2 0 0
5143.3 687.4 17.7 155 0 10.5 10.9 7.5 0.0 0 0 3 2 2
5032.7 995.6 14.0 284 0 8.8 33.0 7.5 2.5 2 1 3 1 1
5299.5 874.1 24.5 111 0 20.0 9.2 5.0 2.5 2 0 2 1 1
5202.9 759.7 19.0 357 0 8.5 8.6 5.0 2.5 4 1 2 0 0
5184.7 565.1 15.9 58 0 10.2 12.1 7.5 2.5 2 1 3 5 5
5127.8 949.1 18.5 326 0 11.2 10.2 2.5 2.5 2 0 1 5 5
5091.2 871.2 19.4 76 0 10.2 11.3 2.5 2.5 2 1 1 1 1
5381.8 121.5 14.0 183 0 13.3 8.9 2.5 2.5 2 0 1 2 2
5125.3 916.3 19.5 96 0 11.8 18.1 2.5 2.5 4 1 1 2 2
5344.8 817.7 23.5 24 0 10.8 15.0 10.0 2.5 2 1 4 3 3
5169.5 718.3 18.2 63 0 8.9 11.8 5.0 2.5 2 1 2 1 1
5161.0 603.0 17.6 242 0 11.5 16.1 5.0 2.5 2 1 2 0 0
5392.1 319.3 12.1 343 0 8.2 15.3 2.5 2.5 2 1 1 2 2
5356.9 346.0 12.3 128 0 11.8 7.9 5.0 2.5 2 0 2 5 5
5072.0 57.7 24.4 316 0 7.9 10.5 5.0 2.5 4 1 2 4 4
5495.0 727.1 24.3 148 0 12.3 13.7 2.5 2.5 2 1 1 5 5
5750.6 584.8 15.9 62 0 10.5 11.4 7.5 2.5 2 1 3 2 2
5755.3 608.7 15.9 242 0 5.8 9.6 5.0 2.5 2 1 2 3 3
5749.3 529.8 11.9 344 0 9.4 17.3 7.5 2.5 2 1 3 5 5
5762.2 520.6 11.8 160 0 13.0 10.0 5.0 2.5 2 0 2 3 3
5849.8 385.8 12.2 331 0 10.8 21.4 2.5 2.5 4 1 1 3 3
5849.9 347.2 12.4 63 0 8.3 15.1 7.5 2.5 2 1 3 4 4
5870.8 359.8 11.7 335 0 6.8 14.5 5.0 2.5 2 1 2 3 3
5761.4 505.8 11.8 343 0 6.6 15.7 2.5 2.5 2 1 1 1 1
5960.7 1445.5 25.9 257 0 4.0 14.3 5.0 2.5 4 1 2 2 2
5936.4 1435.7 24.7 235 0 9.0 14.4 7.5 2.5 4 1 3 1 1
5864.4 1881.5 52.8 263 0 11.5 8.1 5.0 2.5 2 0 2 1 1
5867.8 1851.2 52.0 95 0 4.6 13.8 2.5 2.5 2 1 1 5 5
6497.4 781.5 9.4 308 0 10.7 14.1 5.0 2.5 2 1 2 5 5
6466.3 787.8 9.2 218 0 7.8 6.6 7.5 2.5 2 0 3 2 2
4757.2 1348.9 27.2 239 0 15.7 11.1 7.5 2.5 4 0 3 3 3
4629.3 1974.1 26.9 190 0 11.5 14.2 7.5 2.5 2 1 3 0 0
4620.9 1999.1 28.2 191 0 15.5 10.4 2.5 2.5 2 0 1 4 4
4285.5 1589.5 31.6 145 0 9.9 14.0 2.5 2.5 2 1 1 4 4
4278.6 1629.5 30.4 243 0 11.9 8.6 5.0 2.5 2 0 2 2 2
4326.1 1494.9 33.1 86 0 15.7 10.8 5.0 2.5 2 0 2 1 1
4310.2 1516.1 33.7 174 0 13.6 7.5 5.0 2.5 2 0 2 1 1
4323.1 1538.0 33.9 266 0 17.1 10.0 7.5 2.5 2 0 3 5 5
2460.0 5006.2 15.0 92 0 28.1 13.8 7.5 0.0 0 0 3 3 3
177.7 2922.9 7.0 140 0 14.1 9.9 5.0 2.5 2 0 2 3 3
-2031.5 -6540.4 -36.7 23 0 34.0 20.0 10.0 0.0 0 0 4 3 3
4393.5 6432.6 26.6 34 0 7.8 18.1 2.5 2.5 4 1 1 3 3
4901.4 5663.8 38.3 21 0 8.5 9.7 7.5 2.5 4 1 3 4 4
5390.7 2900.2 49.6 91 0 14.9 10.0 2.5 2.5 2 0 1 5 5
4130.3 6480.9 24.4 126 0 25.5 10.4 7.5 2.5 2 0 3 2 2
4559.7 6604.9 22.2 207 0 22.6 8.3 7.5 2.5 2 0 3 2 2
6358.9 3096.3 16.7 36 0 7.0 5.2 2.5 2.5 2 0 1 4 4
4978.1 5546.6 37.9 250 0 9.6 27.3 7.5 2.5 2 1 3 0 0
4366.7 6460.7 26.0 196 0 11.3 4.4 5.0 2.5 2 0 2 4 4
5386.5 2957.3 49.9 183 0 5.7 10.7 2.5 2.5 2 1 1 3 3
5491.4 3028.1 51.8 57 0 12.8 4.8 5.0 2.5 4 0 2 3 3
4093.1 6354.3 25.5 222 0 6.4 5.0 5.0 2.5 2 0 2 1 1
6190.3 3666.8 47.7 261 0 7.2 10.5 7.5 2.5 2 1 3 4 4
4667.5 5962.4 34.6 67 0 9.9 15.3 7.5 2.5 4 1 3 2 2
4580.0 6315.5 29.0 163 0 9.9 8.0 5.0 2.5 2 0 2 2 2
6164.1 3695.0 48.8 88 0 9.2 4.4 7.5 2.5 2 0 3 5 5
5350.8 2735.9 48.9 170 0 9.8 5.8 5.0 2.5 2 0 2 0 0
4877.3 6455.9 28.0 29 0 7.0 6.8 5.0 2.5 2 0 2 3 3
5469.0 2694.0 48.1 158 0 9.7 15.4 5.0 0.0 0 1 2 1 1
5577.0 3268.9 51.0 108 0 14.1 8.8 5.0 2.5 2 0 2 0 0
5321.0 2760.5 48.3 249 0 16.5 6.6 5.0 2.5 2 0 2 4 4
5398.8 2979.0 50.4 174 0 9.5 7.7 7.5 2.5 2 0 3 2 2
5448.3 3189.7 52.5 190 0 10.4 28.5 10.0 2.5 4 1 4 4 4
5516.5 2777.1 47.6 301 0 6.3 7.4 5.0 2.5 2 1 2 3 3
5574.6 3245.1 52.9 196 0 7.6 17.1 7.5 2.5 2 1 3 2 2
5202.8 4046.0 32.4 119 0 6.2 7.5 7.5 0.0 0 0 3 4 4
5458.0 2855.6 50.4 173 0 6.6 12.8 7.5 2.5 2 0 3 5 5
5430.9 2712.0 49.1 342 0 14.5 9.0 5.0 2.5 2 0 2 4 4
5484.2 2784.9 48.7 238 0 8.6 5.8 5.0 2.5 2 0 2 2 2
5198.1 4043.0 32.0 28 0 4.4 13.5 7.5 2.5 2 1 3 3 3
5442.8 2680.5 47.9 217 0 15.9 8.3 7.5 0.0 0 0 3 0 0
4646.3 6009.3 33.7 113 0 10.1 23.9 7.5 2.5 2 1 3 0 0
4772.2 6347.4 27.2 285 0 4.9 9.6 7.5 0.0 0 1 3 1 1
5423.6 3195.3 51.9 331 0 7.3 15.2 7.5 2.5 4 1 3 2 2
4505.9 6486.8 26.2 168 0 6.0 6.4 7.5 2.5 2 1 3 3 3
5446.7 3113.9 53.1 346 0 9.6 7.0 7.5 2.5 2 0 3 1 1
5159.0 5122.4 34.9 232 0 4.9 9.9 7.5 2.5 2 1 3 2 2
4876.7 5499.3 36.0 278 0 10.1 10.1 7.5 0.0 0 0 3 1 1
4933.2 5682.6 36.4 199 0 13.8 9.3 5.0 0.0 0 0 2 0 0
5481.8 2845.3 50.6 256 0 13.1 7.8 5.0 2.5 4 0 2 1 1
5472.5 3167.0 53.4 358 0 10.5 7.2 5.0 2.5 2 0 2 5 5
5447.6 2709.4 48.7 171 0 27.3 11.9 10.0 2.5 2 0 4 2 2
4783.7 6646.1 24.2 90 0 12.5 9.4 5.0 0.0 0 0 2 2 2
5401.8 3154.9 51.8 165 0 32.7 9.7 7.5 2.5 2 0 3 1 1
4601.0 6308.8 29.2 86 0 8.9 4.6 7.5 2.5 2 0 3 2 2
4516.4 6450.3 27.1 171 0 5.5 12.2 5.0 2.5 2 1 2 0 0
4530.2 6597.8 23.1 207 0 8.8 27.8 5.0 2.5 2 1 2 0 0
5180.9 5068.4 34.7 73 0 6.6 16.4 5.0 2.5 2 1 2 2 2
4890.2 5561.8 38.5 358 0 12.0 10.5 7.5 2.5 4 0 3 5 5
5484.8 2937.2 50.1 255 0 10.9 18.0 5.0 2.5 2 1 2 0 0
6153.4 3677.6 48.3 88 0 5.7 13.6 7.5 2.5 2 1 3 5 5
4152.3 6383.9 25.9 283 0 12.3 11.2 2.5 2.5 2 0 1 2 2
4065.3 6212.9 28.6 2 0 9.0 9.2 5.0 2.5 2 1 2 1 1
4415.7 6497.0 25.4 312 0 10.0 12.7 5.0 2.5 2 0 2 3 3
5498.1 3138.5 54.3 11 0 16.9 10.8 7.5 2.5 2 0 3 4 4
4378.2 6410.0 26.4 35 0 8.9 21.0 5.0 2.5 2 0 2 2 2
5407.9 4241.7 35.1 316 0 13.2 19.5 10.0 2.5 2 1 4 1 1
5488.9 3216.9 52.3 287 0 12.0 15.7 10.0 2.5 2 1 4 4 4
4782.9 6616.5 24.8 27 0 7.6 14.9 5.0 2.5 2 1 2 0 0
5126.3 4278.6 28.8 41 0 16.1 8.5 2.5 2.5 2 0 1 3 3
4607.1 6318.8 29.0 74 0 5.8 14.4 7.5 2.5 2 1 3 2 2
5486.0 2910.2 49.9 73 0 13.2 7.6 5.0 2.5 2 0 2 4 4
3915.9 6731.6 22.1 273 0 9.3 21.6 2.5 2.5 4 1 1 1 1
4297.8 6730.3 18.5 217 0 13.5 10.0 7.5 2.5 2 0 3 4 4
4137.6 6391.9 25.9 287 0 9.2 7.1 5.0 2.5 2 0 2 1 1
5454.0 3092.0 52.6 347 0 13.7 8.3 5.0 0.0 0 0 2 0 0
6355.0 3109.0 17.2 304 0 9.7 9.9 7.5 0.0 0 1 3 4 4
5328.5 4457.9 39.8 133 0 33.7 13.8 10.0 0.0 0 0 4 2 2
5478.7 3140.5 54.5 194 0 7.9 6.1 2.5 2.5 2 0 1 5 5
5146.5 4290.3 30.5 119 0 11.9 9.9 2.5 2.5 2 0 1 4 4
4747.1 6346.5 28.4 102 0 4.4 11.2 2.5 2.5 4 1 1 5 5
5359.7 3217.9 49.5 60 0 7.3 17.8 7.5 2.5 2 1 3 0 0
5820.6 3217.8 48.9 342 0 9.7 6.4 5.0 2.5 2 0 2 4 4
5449.1 2854.5 50.3 173 0 6.6 8.9 5.0 2.5 4 0 2 5 5
5805.9 3194.7 48.9 91 0 11.8 7.2 5.0 2.5 2 0 2 3 3
4272.1 6738.7 18.4 41 0 14.9 24.9 10.0 2.5 2 1 4 5 5
4516.6 6572.9 24.6 208 0 9.5 12.3 5.0 2.5 2 1 2 3 3
5373.0 4438.9 36.8 35 0 12.0 10.3 7.5 2.5 2 0 3 2 2
5444.8 2908.6 49.8 163 0 11.0 8.9 2.5 2.5 2 0 1 2 2
5131.8 4269.5 29.1 313 0 10.6 5.5 7.5 2.5 2 0 3 1 1
5490.6 2746.4 47.4 141 0 15.5 8.7 7.5 2.5 2 0 3 1 1
4702.8 5998.3 34.4 353 0 10.8 14.4 5.0 2.5 4 1 2 0 0
5046.8 4057.9 27.8 255 0 17.5 5.4 2.5 2.5 2 0 1 3 3
5373.5 2927.9 49.3 181 0 8.9 10.3 7.5 2.5 2 1 3 3 3
5470.4 2950.1 50.4 247 0 8.1 14.7 5.0 2.5 2 1 2 0 0
5797.7 3227.1 49.2 265 0 17.3 10.6 10.0 2.5 2 0 4 2 2
5452.7 3219.2 51.7 194 0 11.3 9.8 5.0 2.5 2 0 2 3 3
5327.7 2792.3 49.3 259 0 8.8 13.6 2.5 2.5 2 1 1 0 0
4082.5 6925.0 14.5 92 0 8.1 11.7 7.5 2.5 2 0 3 0 0
4810.2 6419.8 27.7 225 0 10.2 11.6 2.5 2.5 2 1 1 3 3
5474.3 2893.8 50.0 344 0 13.2 8.0 5.0 2.5 2 0 2 1 1
4883.8 6474.4 27.3 299 0 6.9 11.6 5.0 2.5 2 1 2 4 4
5518.3 2761.5 47.1 301 0 7.9 12.0 7.5 2.5 2 1 3 2 2
5484.7 2722.3 47.6 329 0 24.7 9.4 7.5 2.5 2 0 3 4 4
5302.4 2787.2 48.2 255 0 7.6 19.4 5.0 2.5 2 1 2 3 3
5541.4 2740.5 46.1 32 0 16.1 12.1 10.0 2.5 2 0 4 1 1
5111.5 4762.0 42.3 247 0 18.0 32.0 10.0 2.5 2 1 4 4 4
4329.3 6913.0 10.1 101 0 12.5 12.5 7.5 2.5 2 1 3 0 0
4843.9 5468.6 35.1 99 0 30.6 10.1 5.0 2.5 4 0 2 2 2
5129.4 5097.2 36.4 146 0 11.0 11.3 5.0 2.5 2 1 2 0 0
4057.1 6916.7 14.2 86 0 11.9 29.1 12.5 2.5 2 1 5 5 5
5191.9 5104.0 33.5 58 0 11.7 17.1 5.0 2.5 2 1 2 4 4
5500.0 2779.6 48.1 308 0 6.5 11.9 5.0 2.5 2 1 2 0 0
5345.3 2718.1 48.0 89 0 12.3 6.4 7.5 2.5 2 0 3 3 3
5206.4 4052.5 32.4 119 0 6.2 6.4 5.0 2.5 4 0 2 2 2
5342.1 2831.0 49.2 2 0 8.6 30.1 7.5 2.5 2 1 3 1 1
4867.3 6381.0 28.3 209 0 11.6 6.8 5.0 2.5 2 0 2 3 3
4059.6 6176.9 29.1 94 0 9.8 8.8 7.5 2.5 4 0 3 0 0
4303.7 6903.2 11.2 100 0 27.8 12.5 12.5 2.5 2 0 5 4 4
4140.5 6734.3 20.9 106 0 11.5 8.8 7.5 2.5 2 0 3 4 4
5467.7 2641.5 47.0 113 0 11.1 26.3 10.0 2.5 2 1 4 0 0
5438.4 2749.2 49.1 5 0 14.9 9.0 5.0 2.5 2 0 2 2 2
4774.1 6361.2 26.9 11 0 6.3 17.7 5.0 2.5 2 1 2 5 5
4082.3 6916.3 15.7 92 0 8.2 8.7 2.5 2.5 2 0 1 0 0
5475.8 3041.3 52.0 165 0 5.5 18.9 7.5 2.5 4 1 3 0 0
5315.0 3307.3 47.9 329 0 11.5 25.8 10.0 2.5 4 1 4 3 3
5468.4 3119.7 53.9 168 0 11.1 8.6 5.0 2.5 2 0 2 0 0
5438.2 2642.6 46.1 145 0 30.2 11.7 10.0 2.5 2 0 4 3 3
4682.9 6019.5 34.0 343 0 8.1 13.9 7.5 2.5 2 1 3 5 5
5492.4 2985.4 51.6 69 0 10.3 10.6 2.5 2.5 2 1 1 2 2
4208.5 6290.2 26.4 287 0 29.0 7.9 5.0 2.5 2 0 2 2 2
5148.2 5093.7 35.4 149 0 6.3 13.7 7.5 2.5 2 1 3 2 2
4200.9 6620.0 21.7 221 0 23.4 14.7 7.5 2.5 2 0 3 2 2
4243.4 6695.5 20.4 41 0 15.2 26.4 12.5 2.5 2 1 5 3 3
5470.9 3104.3 53.5 179 0 11.8 12.7 5.0 2.5 2 1 2 0 0
5482.4 3058.2 52.5 162 0 13.4 7.3 7.5 0.0 0 0 3 4 4
4966.5 5660.6 35.3 106 0 9.9 17.8 7.5 2.5 2 0 3 2 2
5430.4 4235.0 33.2 221 0 9.7 21.7 5.0 2.5 2 1 2 3 3
5457.5 3150.4 53.9 181 0 8.9 12.3 7.5 2.5 2 1 3 4 4
4836.5 5496.0 35.7 276 0 6.7 11.7 7.5 2.5 2 1 3 0 0
5790.5 3202.5 49.3 86 0 8.3 10.0 2.5 0.0 0 1 1 3 3
5454.1 2733.2 48.1 149 0 8.6 14.8 5.0 2.5 2 1 2 2 2
5425.6 2932.6 49.6 18 0 13.3 8.0 7.5 2.5 2 0 3 5 5
5600.5 3284.6 50.4 293 0 14.4 10.8 5.0 2.5 2 0 2 3 3
5419.3 3123.0 52.9 188 0 13.7 7.3 5.0 2.5 2 0 2 3 3
4177.8 6712.0 20.8 132 0 29.9 13.1 7.5 2.5 2 0 3 5 5
5500.5 3126.4 53.9 269 0 14.1 30.3 7.5 2.5 2 1 3 0 0
4547.4 6621.8 21.7 208 0 9.0 11.9 7.5 2.5 4 1 3 2 2
5421.7 4207.4 34.5 34 0 9.9 13.6 5.0 2.5 2 1 2 4 4
5154.8 5059.8 35.8 142 0 13.5 8.0 2.5 2.5 2 0 1 0 0
5148.5 4739.1 43.2 346 0 14.3 7.7 5.0 2.5 2 0 2 0 0
5316.6 3270.4 48.1 154 0 9.5 12.8 5.0 0.0 0 1 2 1 1
3949.8 6220.0 28.0 38 0 7.2 12.9 2.5 2.5 2 1 1 0 0
5190.6 4066.9 31.7 297 0 7.3 12.7 5.0 2.5 2 1 2 0 0
5409.4 2789.2 50.6 89 0 6.2 16.7 5.0 2.5 2 1 2 1 1
4252.8 6666.9 21.8 217 0 12.0 7.6 5.0 2.5 2 0 2 0 0
5068.0 4203.3 25.9 310 0 9.4 17.0 7.5 2.5 2 1 3 2 2
5415.4 3103.9 52.4 166 0 4.3 13.7 2.5 2.5 2 1 1 5 5
4572.0 6588.2 22.8 114 0 5.9 14.4 7.5 2.5 2 1 3 5 5
5332.5 4502.1 40.6 215 0 24.8 7.3 2.5 2.5 2 0 1 3 3
6416.7 3165.2 21.5 136 0 5.7 10.1 2.5 2.5 2 1 1 1 1
4968.6 5508.1 36.8 72 0 15.3 9.4 5.0 2.5 2 0 2 1 1
4118.5 6691.3 21.5 24 0 22.3 18.7 10.0 2.5 2 0 4 0 0
5362.9 4477.4 39.6 36 0 9.5 21.0 5.0 2.5 2 1 2 1 1
4983.4 5260.8 39.2 140 0 15.9 7.9 5.0 2.5 2 0 2 5 5
4133.8 6377.5 25.9 283 0 9.1 7.0 7.5 2.5 2 0 3 2 2
5371.2 3236.3 49.9 329 0 13.3 7.2 5.0 2.5 2 0 2 4 4
3952.0 6207.5 28.3 42 0 10.7 4.0 5.0 2.5 4 0 2 0 0
5411.1 2951.3 49.8 353 0 6.0 12.6 7.5 2.5 2 1 3 5 5
5538.0 3015.9 52.6 55 0 6.2 11.7 7.5 2.5 4 1 3 0 0
5367.0 2802.2 50.3 88 0 5.0 11.6 5.0 0.0 0 1 2 2 2
6191.6 3655.2 47.4 267 0 11.1 12.1 7.5 2.5 2 1 3 0 0
4591.0 6336.9 28.8 256 0 8.1 6.8 2.5 2.5 4 0 1 0 0
5030.4 4203.3 25.1 218 0 17.0 15.0 7.5 2.5 2 0 3 0 0
4873.9 6449.6 28.0 29 0 7.5 20.0 7.5 2.5 2 0 3 2 2
4364.8 6427.6 26.6 34 0 22.4 9.1 7.5 2.5 2 0 3 0 0
5141.9 4266.4 29.3 313 0 8.3 10.2 7.5 2.5 2 0 3 2 2
4854.7 6491.8 27.0 109 0 9.5 3.9 5.0 2.5 4 0 2 2 2
4420.9 6516.2 24.9 312 0 7.9 30.4 7.5 2.5 2 0 3 5 5
4074.9 6195.0 28.9 10 0 13.9 8.0 7.5 2.5 2 0 3 4 4
3891.4 6685.0 22.8 166 0 10.2 11.8 2.5 2.5 2 1 1 3 3
5495.4 2666.9 47.6 125 0 26.8 9.8 5.0 2.5 2 0 2 2 2
6431.6 3149.7 20.7 136 0 7.5 9.3 5.0 2.5 2 1 2 5 5
5187.6 3798.7 29.1 106 0 4.5 10.0 5.0 2.5 2 1 2 1 1
4231.5 6310.1 26.4 285 0 7.5 18.9 5.0 2.5 2 1 2 1 1
4459.1 6638.6 21.5 206 0 9.5 42.9 7.5 2.5 2 1 3 4 4
4704.5 6018.0 33.7 59 0 10.3 36.3 7.5 0.0 0 1 3 3 3
4655.3 6051.2 33.4 331 0 7.4 15.3 7.5 2.5 2 1 3 0 0
5148.1 4716.7 41.6 345 0 12.4 27.2 10.0 2.5 4 1 4 1 1
6163.2 3655.0 47.2 251 0 7.2 11.2 2.5 2.5 2 1 1 2 2
4561.7 6515.4 25.9 262 0 7.2 11.2 2.5 2.5 2 1 1 1 1
5468.0 3031.7 51.5 359 0 11.7 6.4 5.0 2.5 2 0 2 4 4
4504.5 6495.1 26.0 168 0 8.4 10.9 2.5 2.5 4 1 1 3 3
5661.8 3121.1 51.6 69 0 7.7 10.6 7.5 2.5 4 0 3 5 5
5654.4 3119.1 51.7 78 0 8.4 10.8 5.0 0.0 0 0 2 3 3
4073.2 6182.1 29.1 5 0 12.2 8.3 7.5 2.5 2 0 3 5 5
5331.0 2798.9 49.3 80 0 21.2 9.7 5.0 2.5 2 0 2 0 0
5471.7 2905.8 49.9 73 0 16.7 11.3 7.5 2.5 2 0 3 4 4
4853.1 6484.5 26.9 17 0 5.7 10.7 2.5 2.5 2 0 1 4 4
4307.9 6942.8 9.0 288 0 8.9 25.9 7.5 2.5 2 1 3 1 1
6523.1 3127.3 18.9 344 0 9.4 17.8 7.5 0.0 0 1 3 4 4
4186.1 6452.1 25.1 307 0 11.1 9.1 7.5 2.5 2 0 3 3 3
4213.7 6304.5 26.2 16 0 10.3 10.6 5.0 2.5 2 1 2 5 5
5448.3 2878.8 50.1 179 0 7.7 12.6 7.5 2.5 2 1 3 3 3
6173.3 3674.9 48.2 88 0 6.6 11.6 5.0 2.5 2 1 2 2 2
4771.8 6502.2 27.4 253 0 8.7 12.1 7.5 2.5 2 1 3 2 2
4436.7 6491.0 25.5 132 0 7.6 11.8 5.0 2.5 2 1 2 5 5
5464.6 2805.2 50.4 81 0 10.5 15.9 5.0 2.5 2 1 2 3 3
5164.0 5046.9 34.8 146 0 6.5 23.9 7.5 2.5 2 1 3 1 1
5877.6 -1219.3 -0.7 196 0 9.1 7.9 7.5 2.5 2 0 3 0 0
5920.5 -1193.6 -0.7 285 0 9.4 37.6 7.5 2.5 2 1 3 2 2
5892.6 -1228.3 -0.8 106 0 18.0 9.1 7.5 2.5 2 0 3 2 2
5804.6 -1313.8 -6.1 198 0 10.7 10.1 5.0 2.5 2 0 2 5 5
-6310.4 5030.6 -27.1 10 0 6.0 15.3 7.5 2.5 2 1 3 0 0
-6258.7 5007.7 -26.5 115 0 12.6 9.5 2.5 2.5 2 0 1 2 2
-6349.1 4929.6 -26.7 13 0 8.2 11.0 5.0 0.0 0 0 2 4 4
-6302.5 4619.5 -18.2 63 0 9.1 11.4 7.5 2.5 2 1 3 1 1
-6278.4 4967.0 -26.1 123 0 13.2 9.6 7.5 2.5 2 0 3 5 5
-6347.5 4937.2 -26.6 11 0 7.3 11.0 7.5 2.5 2 0 3 5 5
-6491.9 4902.2 -26.7 242 0 7.9 7.7 5.0 2.5 2 0 2 5 5
-6275.2 4651.4 -19.0 60 0 9.1 11.2 2.5 2.5 2 1 1 1 1
-6262.7 4954.0 -26.8 117 0 9.9 14.7 7.5 2.5 2 1 3 5 5
-6525.4 4896.6 -26.4 241 0 10.0 28.7 10.0 2.5 2 0 4 0 0
-6350.0 4679.8 -22.6 359 0 16.3 9.6 5.0 2.5 2 0 2 0 0
-6253.2 4659.8 -18.7 61 0 10.7 11.9 7.5 2.5 4 1 3 3 3
-6365.0 4999.5 -26.4 201 0 12.8 9.8 5.0 2.5 2 0 2 0 0
-6467.9 4867.8 -26.0 49 0 10.0 16.2 2.5 2.5 2 1 1 1 1
-6307.1 4679.2 -19.7 164 0 10.2 11.1 7.5 2.5 2 1 3 0 0
-6355.5 5051.5 -27.3 91 0 6.8 11.8 5.0 2.5 2 1 2 5 5
-6500.0 4859.9 -25.6 144 0 8.4 11.7 7.5 2.5 2 1 3 1 1
-6343.6 5146.4 -25.8 358 0 12.2 13.6 5.0 2.5 2 0 2 3 3
-6278.2 4696.4 -18.5 329 0 12.3 8.1 5.0 2.5 2 0 2 3 3
-6387.1 4568.2 -17.2 123 0 9.8 11.4 5.0 2.5 2 1 2 1 1
-6396.0 4913.2 -27.0 271 0 12.2 9.8 5.0 2.5 2 0 2 3 3
-6264.1 5263.5 -24.7 271 0 9.7 23.6 5.0 2.5 2 1 2 0 0
-6289.8 5084.4 -26.4 13 0 6.5 10.9 5.0 2.5 2 1 2 2 2
-6292.6 5067.9 -26.8 7 0 10.3 10.5 10.0 2.5 4 1 4 1 1
-6314.1 4709.7 -19.3 164 0 10.7 23.9 10.0 2.5 2 1 4 4 4
-6331.1 4545.6 -17.4 157 0 9.4 19.6 5.0 2.5 2 1 2 4 4
-6291.8 5268.6 -23.8 271 0 17.3 21.6 10.0 2.5 2 1 4 4 4
-6355.0 4644.0 -19.7 11 0 15.1 8.4 5.0 2.5 2 0 2 2 2
-6504.7 4914.2 -27.1 243 0 12.7 10.3 5.0 2.5 2 0 2 2 2
-6348.6 5218.4 -24.5 182 0 16.8 67.6 7.5 2.5 2 1 3 5 5
-6382.5 4980.2 -26.1 192 0 11.6 10.2 5.0 0.0 0 0 2 3 3
-6343.4 5137.0 -25.9 1 0 6.3 13.7 7.5 2.5 2 0 3 5 5
-6297.3 4604.0 -18.0 327 0 9.1 7.3 7.5 2.5 2 0 3 1 1
-6296.0 4995.7 -26.1 212 0 5.2 7.8 7.5 2.5 2 1 3 4 4
-6273.5 4564.6 -17.8 343 0 8.7 14.1 7.5 2.5 2 1 3 0 0
-6286.2 4972.2 -25.8 124 0 5.7 9.6 2.5 2.5 4 0 1 1 1
-6468.0 5400.4 -25.3 284 0 7.1 11.1 7.5 2.5 2 1 3 1 1
-6374.0 4963.4 -26.3 102 0 23.7 9.0 7.5 2.5 2 0 3 2 2
-6517.7 4863.8 -26.0 151 0 7.6 31.4 5.0 2.5 2 0 2 3 3
-6331.2 5024.8 -27.0 98 0 23.6 8.2 5.0 2.5 2 0 2 3 3
-6372.1 4869.9 -25.8 94 0 13.8 9.4 7.5 2.5 2 0 3 4 4
-6211.1 5118.7 -27.5 205 0 13.5 11.0 2.5 2.5 2 0 1 4 4
-6341.0 4957.5 -26.2 20 0 8.3 9.6 5.0 2.5 2 1 2 1 1
-6529.3 4259.0 -16.8 97 0 11.9 10.3 5.0 2.5 2 0 2 3 3
-6917.7 1516.2 -11.5 20 0 16.6 12.5 5.0 2.5 2 0 2 1 1
-6743.3 3923.9 -26.2 281 0 9.1 20.5 7.5 2.5 2 1 3 0 0
-6600.6 4106.6 -24.5 1 0 9.9 7.6 5.0 2.5 2 0 2 2 2
-6653.7 4218.9 -19.4 176 0 34.0 9.5 7.5 2.5 2 0 3 3 3
-6821.9 1146.3 -9.4 360 0 7.8 11.0 7.5 2.5 2 1 3 1 1
-6864.1 1192.3 -7.6 282 0 10.4 9.3 5.0 2.5 4 0 2 5 5
-6555.1 1980.4 -11.7 316 0 7.8 10.1 7.5 2.5 2 1 3 2 2
-6645.2 4263.1 -17.0 274 0 24.8 10.7 5.0 0.0 0 0 2 4 4
-6512.0 4267.2 -16.4 95 0 9.5 6.2 2.5 0.0 0 0 1 5 5
-6796.9 3734.8 -12.6 106 0 10.7 11.3 2.5 2.5 2 1 1 0 0
-6815.6 1164.6 -9.9 268 0 10.6 11.3 2.5 2.5 2 1 1 1 1
-6547.9 4358.7 -14.5 114 0 7.8 12.6 2.5 2.5 2 1 1 3 3
-6741.6 3893.3 -25.0 20 0 8.8 6.1 2.5 2.5 4 0 1 0 0
-6622.0 4229.9 -18.8 266 0 13.7 14.7 2.5 2.5 2 1 1 5 5
-6480.9 3985.5 -26.7 283 0 8.9 24.8 5.0 2.5 2 1 2 0 0
-6636.1 4107.5 -24.5 182 0 9.8 27.9 7.5 2.5 2 0 3 1 1
-6731.4 3719.0 -11.3 302 0 10.0 11.5 5.0 2.5 2 1 2 0 0
-6933.2 1356.1 -5.6 279 0 9.3 26.4 7.5 2.5 2 1 3 3 3
-6620.4 4113.1 -23.9 93 0 5.6 7.9 7.5 2.5 4 1 3 1 1
-6845.9 1177.2 -8.4 279 0 8.2 13.2 5.0 2.5 2 0 2 2 2
-6549.4 4306.3 -14.6 1 0 6.2 9.4 7.5 2.5 2 1 3 0 0
-6524.6 4075.2 -25.5 283 0 17.2 9.0 7.5 2.5 2 0 3 3 3
-6663.8 4017.1 -28.4 89 0 7.6 7.9 7.5 2.5 4 1 3 5 5
-6531.1 4296.4 -15.4 193 0 8.5 17.7 7.5 2.5 2 1 3 4 4
-6543.8 4238.7 -18.4 280 0 12.1 12.2 2.5 2.5 2 1 1 3 3
-6502.4 3993.1 -26.7 276 0 15.1 9.6 7.5 2.5 4 0 3 2 2
-6930.0 1568.6 -12.9 294 0 13.4 9.9 5.0 2.5 4 0 2 2 2
-6608.1 4133.8 -23.1 10 0 9.5 12.4 7.5 2.5 2 1 3 0 0
-6906.7 1279.4 -6.1 194 0 40.6 11.7 10.0 2.5 2 0 4 4 4
-6551.4 4032.2 -26.9 116 0 34.2 8.5 7.5 2.5 2 0 3 0 0
-6528.1 3961.5 -27.2 194 0 9.3 6.5 7.5 2.5 2 0 3 2 2
-6644.2 4117.2 -23.7 116 0 8.1 18.4 7.5 2.5 2 1 3 3 3
-6680.8 1930.1 -12.7 269 0 6.8 9.6 7.5 2.5 2 1 3 1 1
-6929.3 2853.9 -5.1 280 0 10.2 10.1 10.0 2.5 2 0 4 1 1
-6902.1 1301.8 -5.8 6 0 10.1 24.5 5.0 0.0 0 1 2 3 3
-6560.6 4324.3 -14.1 179 0 9.1 9.7 5.0 2.5 2 1 2 4 4
-6521.8 3960.1 -27.1 194 0 9.2 18.7 5.0 2.5 2 0 2 3 3
-6698.7 1935.0 -12.5 262 0 11.0 11.0 5.0 2.5 2 1 2 4 4
-6909.0 1549.3 -12.8 23 0 9.6 9.9 5.0 0.0 0 1 2 2 2
-6904.7 1190.3 -6.8 272 0 11.3 6.2 5.0 2.5 2 0 2 0 0
-6567.8 1920.8 -12.7 16 0 26.8 9.1 5.0 0.0 0 0 2 3 3
-6521.3 4025.3 -26.5 117 0 9.8 39.4 7.5 2.5 2 1 3 2 2
-6674.4 4197.6 -19.9 265 0 6.8 7.2 5.0 2.5 2 1 2 2 2
-6903.3 1309.9 -6.1 94 0 8.8 6.8 5.0 0.0 0 0 2 0 0
-6919.9 3611.8 -9.1 190 0 25.9 17.1 7.5 2.5 2 0 3 0 0
-6596.4 1894.4 -13.1 110 0 17.8 10.0 7.5 2.5 2 0 3 5 5
-6955.2 1327.9 -4.7 182 0 11.6 8.9 2.5 2.5 2 0 1 3 3
-6905.4 1328.0 -6.1 11 0 8.8 14.9 5.0 2.5 2 1 2 5 5
-6729.2 3650.8 -7.5 295 0 22.2 4.8 5.0 0.0 0 0 2 3 3
-6769.3 3670.6 -6.2 292 0 11.5 13.4 2.5 2.5 2 1 1 1 1
-6523.5 4362.2 -15.2 121 0 9.8 23.6 5.0 2.5 2 1 2 2 2
-6613.4 1927.2 -12.6 200 0 10.0 13.4 2.5 2.5 2 1 1 1 1
-6715.1 3616.6 -8.2 8 0 6.6 10.0 7.5 2.5 2 1 3 3 3
-6721.2 3911.5 -26.0 295 0 10.8 8.6 7.5 2.5 2 0 3 1 1
-6749.7 3641.0 -7.4 287 0 30.7 10.5 12.5 2.5 2 0 5 4 4
-6485.5 4267.2 -17.2 276 0 12.8 13.8 10.0 2.5 2 1 4 2 2
-6619.7 4042.7 -27.4 179 0 9.4 7.6 7.5 2.5 2 0 3 4 4
-6872.3 3579.4 -5.7 15 0 7.0 21.6 7.5 2.5 2 1 3 4 4
-6919.3 2820.4 -5.5 98 0 20.7 10.2 5.0 2.5 2 0 2 3 3
-6733.7 3936.2 -26.7 283 0 15.2 10.3 7.5 2.5 2 0 3 4 4
-6629.9 4058.5 -26.7 91 0 13.8 9.7 7.5 2.5 2 0 3 3 3
-6850.5 3601.7 -5.6 30 0 15.1 9.5 2.5 2.5 2 0 1 0 0
-6598.3 1937.7 -12.3 197 0 7.6 11.1 7.5 2.5 2 1 3 5 5
-6492.1 4339.7 -15.4 286 0 12.9 10.0 7.5 2.5 2 0 3 0 0
-6861.5 1157.0 -8.6 98 0 32.8 9.2 7.5 2.5 2 0 3 5 5
-6789.7 2253.5 -8.8 135 0 6.7 13.0 7.5 2.5 2 0 3 1 1
-6491.9 4305.8 -15.2 4 0 21.9 9.7 5.0 2.5 2 0 2 0 0
-6652.0 4197.3 -19.8 175 0 9.5 26.5 5.0 2.5 2 0 2 1 1
-6714.0 3644.6 -8.0 287 0 11.1 22.0 7.5 2.5 2 0 3 0 0
-6487.9 4319.6 -15.3 5 0 6.2 9.4 5.0 2.5 4 0 2 0 0
-6675.2 1879.7 -13.6 12 0 10.0 32.8 7.5 2.5 2 0 3 0 0
-6771.8 2263.1 -8.7 315 0 6.2 6.5 5.0 2.5 2 0 2 4 4
-6946.6 1307.9 -4.8 185 0 10.0 10.2 10.0 2.5 2 1 4 2 2
2488.9 5089.5 14.3 156 0 7.2 12.0 5.0 2.5 2 1 2 1 1
2388.0 5246.3 14.2 1 0 12.9 10.7 5.0 2.5 2 0 2 0 0
3451.3 6823.6 23.1 126 0 9.0 12.3 5.0 2.5 2 1 2 4 4
1933.4 6617.5 10.6 185 0 13.8 10.7 7.5 0.0 0 0 3 0 0
2419.8 4934.9 15.8 95 0 8.5 10.5 2.5 2.5 2 1 1 2 2
3037.7 6837.2 19.1 137 0 15.3 7.5 7.5 0.0 0 0 3 1 1
2897.1 4322.1 11.2 42 0 7.2 9.3 5.0 2.5 2 1 2 4 4
2787.4 4183.1 11.1 175 0 11.4 9.0 7.5 2.5 2 0 3 5 5
2832.1 3861.4 18.3 87 0 11.5 12.9 5.0 2.5 2 1 2 5 5
2840.8 3949.7 16.7 261 0 9.3 13.0 5.0 2.5 2 1 2 3 3
2993.0 6932.7 16.6 0 0 13.9 18.0 7.5 0.0 0 1 3 3 3
2593.9 4962.9 11.8 357 0 17.0 11.5 5.0 2.5 2 0 2 3 3
3358.0 6426.3 22.0 252 0 12.1 9.6 5.0 2.5 2 0 2 0 0
3678.1 6995.5 17.8 109 0 9.2 5.9 7.5 2.5 4 0 3 1 1
2913.7 6219.6 12.2 286 0 9.2 21.2 5.0 2.5 2 1 2 5 5
2523.0 6691.4 15.4 251 0 9.8 13.1 7.5 2.5 2 0 3 5 5
3070.0 4971.0 14.4 200 0 18.1 7.5 2.5 2.5 2 0 1 2 2
3876.1 5722.6 24.8 106 0 5.4 8.9 5.0 2.5 2 1 2 3 3
3156.6 7086.5 14.1 181 0 6.0 22.1 7.5 2.5 2 1 3 1 1
1552.0 6544.2 19.0 169 0 15.2 10.2 2.5 0.0 0 0 1 1 1
3616.8 6168.4 24.7 95 0 6.9 18.1 5.0 2.5 2 1 2 1 1
3925.9 5399.5 17.3 231 0 6.5 12.2 5.0 2.5 2 1 2 2 2
2792.2 4211.1 11.0 179 0 14.1 15.7 2.5 2.5 2 1 1 5 5
3117.2 5597.2 21.0 162 0 6.1 12.1 7.5 2.5 2 1 3 2 2
2295.3 5301.4 14.2 91 0 13.3 25.4 5.0 2.5 2 1 2 5 5
2658.4 6379.9 5.9 93 0 7.8 12.3 7.5 2.5 2 1 3 4 4
2435.4 5089.5 15.0 277 0 9.6 9.9 7.5 2.5 2 1 3 2 2
1896.0 6924.2 15.8 112 0 21.1 11.1 5.0 2.5 2 0 2 5 5
2771.1 4119.8 11.5 190 0 10.8 9.5 7.5 2.5 2 0 3 0 0
3296.7 5296.1 24.3 322 0 10.4 10.4 7.5 2.5 2 0 3 0 0
3566.3 6776.9 23.6 69 0 8.6 16.3 5.0 2.5 2 1 2 1 1
2930.6 6204.3 12.8 15 0 8.4 9.1 7.5 2.5 2 1 3 4 4
2597.1 5172.1 12.9 88 0 12.6 15.9 5.0 2.5 2 1 2 5 5
1636.5 6749.9 17.8 152 0 8.5 27.6 7.5 2.5 2 1 3 4 4
1903.4 4656.3 16.6 212 0 12.6 8.8 7.5 2.5 2 0 3 3 3
1963.1 6097.6 11.7 287 0 7.8 4.9 7.5 2.5 4 0 3 5 5
3185.8 5528.6 22.4 48 0 8.6 7.0 2.5 2.5 2 0 1 2 2
3885.9 5737.7 25.2 188 0 9.4 15.6 5.0 2.5 2 1 2 5 5
1959.6 7621.1 2.7 66 0 5.7 17.8 2.5 2.5 2 1 1 1 1
3740.0 6765.6 22.8 267 0 6.6 14.1 5.0 2.5 2 1 2 1 1
3088.5 6658.8 21.4 171 0 6.7 7.2 7.5 2.5 2 1 3 2 2
2597.1 5030.0 13.6 241 0 13.7 6.8 5.0 2.5 4 0 2 5 5
3637.9 5385.9 19.4 215 0 7.7 11.8 7.5 0.0 0 1 3 0 0
2186.5 6695.7 5.7 262 0 6.4 11.9 7.5 2.5 2 1 3 1 1
2909.1 6177.1 11.8 16 0 12.8 34.7 12.5 2.5 4 1 5 1 1
2358.7 5306.5 13.7 89 0 17.3 16.8 7.5 2.5 2 0 3 2 2
3249.0 5732.3 21.5 274 0 13.8 3.8 7.5 2.5 2 0 3 3 3
2390.8 4765.9 11.5 34 0 13.2 10.5 2.5 2.5 2 0 1 1 1
3372.1 5278.1 25.3 136 0 8.5 9.6 7.5 2.5 2 1 3 0 0
2065.3 4857.0 16.8 186 0 19.3 21.6 12.5 0.0 0 1 5 5 5
3065.1 4950.2 14.0 202 0 9.1 18.1 5.0 2.5 2 1 2 3 3
1838.5 5816.7 10.4 268 0 6.7 7.8 5.0 0.0 0 1 2 3 3
2049.7 5706.0 11.1 90 0 5.8 18.7 7.5 2.5 2 1 3 2 2
1725.2 7157.7 15.8 26 0 8.2 14.2 7.5 2.5 2 1 3 0 0
2037.6 7020.3 8.6 281 0 6.7 26.5 7.5 2.5 2 1 3 1 1
2411.5 5542.1 11.8 87 0 23.9 9.0 2.5 2.5 2 0 1 2 2
3244.5 4924.0 18.6 357 0 8.5 4.8 2.5 2.5 2 0 1 0 0
3676.8 5040.1 21.1 267 0 9.7 19.0 5.0 2.5 4 1 2 1 1
3325.1 5308.0 25.3 334 0 18.2 6.1 5.0 0.0 0 0 2 5 5
2758.8 4023.4 13.2 191 0 9.3 12.4 5.0 2.5 2 1 2 0 0
3001.4 5475.6 20.1 289 0 22.8 9.3 7.5 2.5 2 0 3 4 4
3156.2 6361.0 16.3 40 0 12.7 8.4 2.5 2.5 4 0 1 2 2
1900.2 6620.0 12.5 271 0 8.0 17.9 7.5 0.0 0 1 3 3 3
1827.3 5417.9 14.9 105 0 6.1 8.6 7.5 2.5 2 1 3 4 4
2837.2 7169.0 4.1 147 0 8.3 12.4 5.0 2.5 2 1 2 0 0
1765.7 7224.0 13.5 126 0 13.6 8.4 2.5 2.5 2 0 1 3 3
2630.6 5130.0 12.9 354 0 5.0 9.2 5.0 2.5 2 1 2 1 1
3898.8 5754.7 25.4 282 0 12.9 11.6 5.0 2.5 2 0 2 3 3
1674.5 7762.5 0.3 89 0 8.3 10.8 7.5 2.5 2 1 3 0 0
2666.7 5371.3 13.6 88 0 12.6 15.9 7.5 0.0 0 1 3 0 0
2492.7 7937.8 -9.7 167 0 10.0 6.5 5.0 2.5 2 0 2 0 0
3672.7 7020.3 16.0 286 0 9.3 13.0 2.5 2.5 2 1 1 4 4
2672.8 4624.2 9.4 31 0 7.0 13.0 5.0 2.5 2 1 2 5 5
1668.0 6520.5 20.8 80 0 3.5 6.5 7.5 0.0 0 1 3 2 2
2683.0 6390.6 6.4 275 0 10.2 10.2 2.5 2.5 4 1 1 1 1
2533.9 6717.9 15.0 258 0 13.5 8.1 7.5 2.5 2 0 3 4 4
2651.8 4601.6 8.9 118 0 13.2 7.3 2.5 0.0 0 0 1 4 4
1581.2 6566.0 19.0 349 0 9.5 19.1 2.5 0.0 0 1 1 1 1
3956.6 5713.5 27.1 88 0 5.0 11.2 7.5 2.5 2 0 3 1 1
2831.3 5788.4 13.9 318 0 6.6 14.7 5.0 2.5 2 1 2 0 0
3578.3 6799.1 23.3 252 0 5.5 12.9 2.5 2.5 2 1 1 0 0
3486.4 7002.8 20.3 120 0 7.3 19.7 7.5 0.0 0 1 3 2 2
2030.3 5696.7 11.4 188 0 8.2 12.3 7.5 2.5 2 1 3 5 5
3131.3 5594.1 21.4 166 0 8.5 7.7 7.5 2.5 2 0 3 2 2
3713.1 6763.1 22.8 179 0 6.4 19.5 7.5 2.5 2 1 3 3 3
3625.1 5001.2 20.6 178 0 37.9 13.1 7.5 2.5 2 0 3 3 3
1918.0 6955.6 14.9 292 0 8.8 14.0 2.5 0.0 0 1 1 5 5
2223.2 6685.6 6.5 352 0 7.9 23.9 5.0 2.5 2 1 2 2 2
3442.9 5960.4 22.2 214 0 25.3 9.9 7.5 2.5 2 0 3 4 4
2249.1 5108.2 16.7 189 0 14.4 11.5 7.5 2.5 2 0 3 2 2
3384.1 6592.6 24.7 351 0 8.7 13.7 5.0 2.5 2 1 2 5 5
2061.0 7085.5 6.5 293 0 13.5 8.4 5.0 2.5 2 0 2 3 3
2361.4 5523.0 11.4 87 0 30.2 58.2 7.5 0.0 0 1 3 2 2
2542.5 6432.6 7.2 93 0 8.6 17.9 5.0 2.5 2 1 2 2 2
2882.0 6452.2 14.5 3 0 8.5 28.7 2.5 2.5 2 1 1 3 3
2889.8 4311.7 11.4 42 0 5.5 6.4 7.5 0.0 0 1 3 0 0
3391.9 5295.9 24.9 323 0 13.0 7.6 5.0 2.5 2 0 2 2 2
1831.8 5407.9 15.2 191 0 7.4 14.2 7.5 2.5 4 1 3 2 2
2853.3 7166.4 4.4 139 0 8.1 10.2 5.0 2.5 2 1 2 5 5
2521.6 4911.0 12.9 178 0 6.9 21.9 7.5 2.5 2 1 3 2 2
3370.0 6389.5 21.9 72 0 11.1 7.4 2.5 2.5 2 0 1 4 4
3279.5 6889.5 20.9 305 0 8.7 17.7 5.0 2.5 2 1 2 5 5
2170.1 5122.9 17.4 277 0 13.2 10.2 5.0 0.0 0 0 2 4 4
3863.5 5109.0 20.4 317 0 8.4 22.3 5.0 2.5 2 1 2 3 3
3580.3 6927.2 21.3 117 0 12.0 13.3 5.0 2.5 2 1 2 0 0
2547.0 5165.6 13.5 84 0 9.1 11.3 5.0 2.5 2 1 2 2 2
1779.9 7203.5 13.4 166 0 5.9 14.7 7.5 2.5 4 1 3 5 5
2763.4 4485.8 7.7 139 0 13.5 9.0 7.5 2.5 2 0 3 4 4
2571.2 5144.8 13.4 264 0 9.1 9.8 7.5 2.5 2 1 3 5 5
1992.3 4713.7 16.3 117 0 8.3 19.1 7.5 0.0 0 1 3 5 5
2478.9 4897.8 14.2 116 0 9.9 14.0 7.5 2.5 2 1 3 0 0
1736.7 5043.0 21.0 83 0 14.2 7.6 7.5 2.5 4 0 3 1 1
2740.3 6924.1 13.4 7 0 10.4 10.8 2.5 2.5 2 1 1 3 3
2403.6 7049.7 3.3 271 0 14.7 8.6 7.5 2.5 2 0 3 1 1
2466.4 5225.4 13.7 260 0 7.4 16.1 2.5 0.0 0 1 1 5 5
3698.6 7002.5 16.4 13 0 14.8 9.0 5.0 0.0 0 0 2 1 1
2555.1 6712.7 15.3 346 0 10.9 10.0 5.0 2.5 2 0 2 2 2
3964.6 5713.7 27.2 88 0 11.0 11.2 7.5 2.5 2 0 3 3 3
2269.4 6062.5 11.5 182 0 6.1 10.6 2.5 2.5 2 1 1 0 0
3667.5 6151.2 25.1 89 0 9.2 21.0 5.0 2.5 2 1 2 1 1
3153.1 5502.1 21.6 319 0 11.2 10.3 5.0 2.5 2 0 2 4 4
1706.3 7767.9 -2.3 1 0 9.7 6.3 7.5 2.5 2 0 3 5 5
2513.6 4896.3 13.3 203 0 15.2 8.5 5.0 2.5 2 0 2 5 5
3630.5 5037.6 21.2 268 0 13.1 17.2 7.5 2.5 2 0 3 3 3
2538.9 4948.4 13.3 180 0 8.9 22.1 5.0 2.5 2 1 2 2 2
2884.7 6233.5 11.0 288 0 11.9 21.0 7.5 2.5 2 1 3 1 1
2290.8 6084.7 11.1 279 0 9.5 12.2 5.0 2.5 2 1 2 5 5
2547.6 6691.0 15.7 333 0 8.7 13.3 7.5 2.5 4 1 3 0 0
3878.3 6035.7 27.1 161 0 10.2 6.0 2.5 2.5 2 0 1 1 1
3887.7 5706.2 24.8 112 0 21.4 10.0 2.5 2.5 2 0 1 3 3
3273.1 6728.3 22.3 353 0 16.7 11.2 5.0 2.5 2 0 2 5 5
2593.8 5381.7 12.7 103 0 17.7 12.1 2.5 2.5 4 0 1 0 0
1841.5 7126.3 13.8 179 0 5.6 7.3 2.5 2.5 4 0 1 2 2
1970.8 6081.2 12.0 9 0 7.4 10.8 5.0 2.5 4 1 2 5 5
2459.2 5559.3 12.3 356 0 12.7 30.7 10.0 2.5 4 1 4 5 5
2465.6 5156.3 14.3 79 0 7.0 11.8 5.0 0.0 0 1 2 4 4
2661.4 4648.5 8.9 303 0 10.6 9.8 5.0 2.5 2 0 2 3 3
1969.2 7651.0 2.5 333 0 7.1 13.8 2.5 2.5 2 1 1 4 4
3085.9 6640.3 21.5 126 0 11.2 7.2 5.0 2.5 2 0 2 1 1
3141.5 5008.7 16.3 9 0 13.2 15.0 7.5 2.5 2 1 3 2 2
3450.8 7170.9 12.2 45 0 9.2 25.3 5.0 2.5 2 1 2 5 5
2840.7 7208.7 0.8 325 0 5.7 24.0 2.5 2.5 2 1 1 2 2
3351.9 6389.9 21.2 75 0 8.5 16.0 5.0 2.5 2 1 2 2 2
3249.4 6896.5 20.5 130 0 7.0 12.8 7.5 2.5 2 1 3 3 3
3781.8 6644.0 24.3 304 0 11.9 8.8 5.0 2.5 2 0 2 4 4
1912.0 4736.9 17.3 204 0 33.8 16.9 10.0 2.5 4 0 4 3 3
2396.7 4807.4 11.5 213 0 9.0 5.4 5.0 2.5 2 0 2 2 2
3930.9 5418.9 17.2 232 0 13.5 10.0 7.5 2.5 2 0 3 2 2
3312.6 5288.5 24.8 241 0 9.1 8.0 7.5 2.5 2 0 3 1 1
2471.4 5333.5 12.5 157 0 9.8 10.0 7.5 2.5 2 1 3 0 0
2760.9 4501.2 8.0 140 0 8.2 7.1 7.5 2.5 2 0 3 4 4
3164.5 4803.7 16.0 191 0 9.4 13.2 7.5 2.5 2 1 3 4 4
1857.4 5422.4 15.0 12 0 14.3 8.1 7.5 2.5 4 0 3 5 5
1829.5 5790.2 10.1 177 0 12.8 7.8 2.5 2.5 4 0 1 2 2
2523.7 5163.1 13.7 85 0 8.5 9.5 5.0 2.5 2 1 2 4 4
2959.6 4328.5 11.1 45 0 9.2 17.1 2.5 2.5 2 1 1 0 0
2748.4 6912.7 13.7 13 0 17.4 5.2 7.5 0.0 0 0 3 3 3
3647.0 5401.1 19.0 214 0 4.4 9.6 7.5 0.0 0 1 3 3 3
3262.1 5750.4 21.4 273 0 16.6 9.4 2.5 2.5 2 0 1 4 4
3709.1 5015.2 20.9 353 0 9.5 18.6 5.0 0.0 0 1 2 2 2
2332.1 5095.2 16.0 187 0 10.2 13.4 7.5 2.5 2 1 3 2 2
2424.4 4827.5 11.4 33 0 10.4 15.7 7.5 2.5 2 1 3 0 0
2956.4 7047.7 13.9 271 0 12.6 6.1 2.5 2.5 2 0 1 0 0
2675.1 6363.1 5.1 97 0 10.5 9.8 7.5 2.5 4 0 3 3 3
2387.5 5191.6 14.7 92 0 7.9 8.0 7.5 2.5 2 1 3 5 5
2598.9 4559.7 8.3 148 0 11.4 27.0 10.0 2.5 2 1 4 1 1
2813.4 5773.9 13.5 46 0 8.2 12.4 7.5 2.5 2 1 3 3 3
3491.4 6879.6 22.7 247 0 13.6 7.3 5.0 2.5 2 0 2 5 5
3154.9 6374.9 15.8 41 0 6.8 12.4 7.5 0.0 0 1 3 1 1
1906.3 6625.7 12.7 205 0 4.3 6.0 7.5 2.5 2 1 3 4 4
2502.2 5361.0 11.9 72 0 14.8 10.6 10.0 2.5 2 0 4 2 2
2511.6 4881.6 11.8 286 0 6.4 29.2 2.5 2.5 2 1 1 4 4
3411.9 6202.1 22.4 238 0 14.5 8.7 2.5 2.5 2 0 1 4 4
3999.5 5728.5 28.2 52 0 11.9 9.7 7.5 2.5 2 0 3 5 5
2273.0 8095.3 9.4 275 0 7.6 13.7 7.5 2.5 2 1 3 1 1
2308.7 4569.4 15.1 199 0 5.8 11.9 5.0 0.0 0 1 2 2 2
2633.4 5145.8 12.8 354 0 12.6 10.5 7.5 2.5 2 0 3 3 3
1687.9 6532.5 20.9 259 0 6.6 8.8 7.5 2.5 2 1 3 2 2
3810.6 6151.6 27.0 154 0 7.3 17.3 5.0 2.5 2 1 2 0 0
2781.8 5762.8 13.4 227 0 5.4 10.3 5.0 2.5 2 1 2 2 2
1700.5 7784.2 -2.4 6 0 10.2 21.8 7.5 2.5 2 1 3 0 0
3765.9 6090.0 26.0 255 0 14.7 12.9 7.5 0.0 0 0 3 3 3
2594.5 5007.5 13.4 260 0 13.3 7.2 7.5 2.5 2 0 3 0 0
2885.7 4240.1 12.1 27 0 5.9 15.4 5.0 2.5 2 0 2 1 1
2055.5 6981.4 8.0 97 0 13.9 7.5 7.5 2.5 2 0 3 2 2
2448.6 5536.1 12.3 87 0 18.8 5.7 7.5 2.5 2 0 3 4 4
2431.1 5153.2 14.7 343 0 19.9 10.1 10.0 0.0 0 0 4 0 0
3653.4 6142.9 24.8 103 0 15.2 6.8 2.5 2.5 2 0 1 0 0
2236.7 5534.6 12.2 188 0 13.3 60.4 10.0 2.5 2 0 4 3 3
2611.0 4939.5 10.9 360 0 5.0 39.9 5.0 2.5 2 1 2 2 2
3915.7 6212.9 28.1 216 0 34.3 8.0 7.5 0.0 0 0 3 0 0
4056.5 6051.6 29.4 1 0 7.2 12.6 7.5 2.5 2 1 3 3 3
2379.3 5093.4 15.6 8 0 10.0 10.1 5.0 0.0 0 1 2 2 2
2870.0 5621.7 17.3 263 0 5.2 18.3 5.0 2.5 4 1 2 5 5
2511.1 5043.8 14.3 156 0 8.9 5.3 5.0 2.5 2 0 2 0 0
2819.6 7169.5 3.6 59 0 7.9 13.0 5.0 0.0 0 1 2 0 0
2058.5 4807.4 16.3 180 0 29.4 15.3 7.5 2.5 2 0 3 2 2
3071.3 5007.4 15.1 183 0 15.0 7.3 5.0 2.5 2 0 2 1 1
2051.7 7107.3 6.7 301 0 13.8 5.3 2.5 2.5 2 0 1 2 2
3271.6 5290.0 23.9 146 0 14.5 7.3 7.5 2.5 2 0 3 2 2
3158.4 4821.8 16.1 105 0 11.2 11.4 2.5 2.5 2 1 1 4 4
2757.3 4040.5 12.7 192 0 12.7 6.3 5.0 2.5 2 0 2 5 5
3458.3 5917.8 22.2 42 0 10.2 37.7 7.5 2.5 2 1 3 4 4
1635.3 7264.3 14.3 116 0 12.2 10.8 5.0 2.5 2 0 2 1 1
2375.8 5053.1 15.8 7 0 11.2 12.8 2.5 2.5 4 1 1 0 0
2405.8 5215.6 14.3 1 0 11.1 16.2 2.5 2.5 4 1 1 5 5
2944.7 7023.2 14.1 93 0 7.6 12.6 5.0 2.5 2 1 2 2 2
2720.5 5933.8 10.6 269 0 8.2 14.4 7.5 2.5 2 1 3 1 1
2345.1 5352.5 13.5 267 0 15.2 12.3 10.0 2.5 2 0 4 5 5
2878.9 5634.5 16.9 260 0 9.3 5.7 5.0 0.0 0 0 2 1 1
2614.6 4600.7 8.4 287 0 10.7 9.2 5.0 2.5 2 0 2 3 3
2798.3 4118.9 12.0 279 0 11.0 9.4 7.5 2.5 2 0 3 4 4
3464.4 7027.8 19.1 123 0 10.0 10.4 2.5 2.5 2 1 1 0 0
3846.8 5075.1 20.9 138 0 12.9 10.4 10.0 2.5 2 0 4 2 2
2521.5 6450.2 7.6 185 0 14.3 6.3 2.5 2.5 2 0 1 1 1
3012.2 5906.7 15.5 83 0 4.9 12.7 7.5 2.5 2 1 3 0 0
2265.9 6440.6 5.8 57 0 8.3 15.2 5.0 2.5 2 1 2 3 3
2466.9 7651.4 -6.4 270 0 13.3 6.0 5.0 2.5 2 0 2 2 2
2643.4 5372.2 13.3 89 0 10.5 19.5 5.0 2.5 2 1 2 1 1
3166.2 6115.2 17.9 329 0 16.1 11.3 2.5 2.5 2 0 1 5 5
2571.3 5167.6 13.3 84 0 8.3 10.1 2.5 2.5 2 1 1 5 5
2632.8 4628.2 8.6 117 0 9.4 15.4 5.0 2.5 2 1 2 3 3
2851.5 4208.8 11.9 112 0 7.9 14.0 7.5 0.0 0 1 3 3 3
3434.8 6170.8 22.4 55 0 7.6 19.5 5.0 2.5 4 1 2 3 3
4012.2 5643.4 27.8 311 0 7.0 17.0 5.0 2.5 2 1 2 0 0
2724.1 6729.0 17.2 358 0 13.4 8.4 5.0 2.5 2 0 2 2 2
1849.6 5444.8 14.4 20 0 8.1 21.6 7.5 2.5 2 1 3 2 2
2368.6 4743.6 11.8 100 0 9.9 5.5 2.5 2.5 2 0 1 4 4
3368.3 6558.6 24.9 171 0 11.9 16.6 2.5 2.5 2 1 1 2 2
2481.2 4854.0 11.3 210 0 15.8 8.2 2.5 0.0 0 0 1 1 1
3483.5 7047.2 17.7 295 0 15.1 7.7 5.0 2.5 2 0 2 4 4
2496.4 7905.4 -8.6 166 0 15.4 5.4 7.5 2.5 4 0 3 3 3
1659.7 6807.2 17.5 285 0 5.2 11.5 5.0 2.5 2 1 2 5 5
3341.0 5050.0 21.1 257 0 9.7 5.0 5.0 2.5 2 0 2 2 2
3302.2 4927.4 18.7 357 0 17.7 10.2 10.0 2.5 2 0 4 4 4
3123.9 6463.5 20.6 89 0 17.1 6.3 5.0 2.5 2 0 2 1 1
3121.9 4944.4 15.1 14 0 8.6 16.1 7.5 2.5 2 1 3 5 5
3154.3 6074.9 17.3 65 0 12.2 36.5 7.5 2.5 2 1 3 1 1
1981.3 6063.3 12.9 14 0 18.3 7.5 7.5 2.5 2 0 3 2 2
2890.8 4226.0 12.4 273 0 6.9 16.5 2.5 2.5 2 0 1 1 1
2232.6 5507.1 12.4 188 0 42.3 60.4 10.0 0.0 0 0 4 3 3
2555.8 4924.0 11.9 177 0 11.1 9.9 7.5 2.5 2 0 3 4 4
3503.7 6160.5 23.1 74 0 11.4 14.4 7.5 2.5 4 1 3 1 1
4051.6 6075.9 29.3 91 0 12.6 7.2 5.0 2.5 2 0 2 2 2
2857.1 6196.7 10.9 111 0 7.8 8.6 5.0 2.5 2 1 2 2 2
2524.4 6707.2 15.1 257 0 5.3 12.6 2.5 2.5 2 1 1 0 0
1812.5 4863.1 20.5 95 0 15.6 22.1 10.0 2.5 2 1 4 2 2
2438.3 4746.5 10.0 211 0 9.7 9.7 2.5 2.5 2 0 1 4 4
3915.7 5707.1 25.8 109 0 9.6 19.2 5.0 2.5 2 1 2 5 5
2554.8 5005.8 14.3 235 0 13.0 5.9 7.5 2.5 4 0 3 3 3
2489.4 4992.1 15.0 356 0 5.1 17.0 5.0 2.5 2 0 2 4 4
2772.4 4048.9 12.9 194 0 10.0 14.8 5.0 2.5 2 1 2 1 1
3256.4 6873.8 20.8 122 0 11.7 8.2 5.0 0.0 0 0 2 3 3
1852.1 5782.6 10.2 108 0 6.7 16.2 5.0 2.5 4 1 2 3 3
3272.5 6892.6 20.7 33 0 5.6 12.5 7.5 2.5 2 1 3 0 0
2265.4 6080.6 11.5 271 0 7.1 12.5 7.5 2.5 2 1 3 1 1
1956.9 6048.5 12.6 101 0 10.3 7.9 7.5 2.5 2 0 3 4 4
2735.5 6894.0 13.9 15 0 6.0 12.0 7.5 2.5 2 1 3 3 3
4032.7 5608.6 28.6 130 0 5.2 12.4 5.0 2.5 2 1 2 5 5
2542.9 5023.8 14.2 69 0 5.7 8.8 5.0 2.5 2 1 2 2 2
3243.0 6717.7 22.1 86 0 8.1 15.2 7.5 2.5 2 1 3 4 4
2969.9 5463.6 19.3 205 0 13.7 11.0 7.5 2.5 2 0 3 5 5
3474.1 7195.4 9.6 313 0 12.0 14.8 5.0 2.5 2 1 2 5 5
2911.2 3944.0 17.9 1 0 7.7 12.0 7.5 2.5 2 1 3 2 2
1630.2 6782.0 17.4 191 0 11.9 7.3 5.0 2.5 2 0 2 3 3
1944.7 6074.7 11.8 199 0 13.5 8.0 5.0 2.5 2 0 2 2 2
2421.2 4715.6 10.5 117 0 13.6 8.0 5.0 2.5 2 0 2 3 3
2764.0 3992.9 14.0 182 0 18.3 10.9 10.0 2.5 2 0 4 3 3
2647.9 5344.9 12.9 269 0 10.3 15.9 2.5 2.5 2 1 1 3 3
1919.2 6593.8 10.9 267 0 21.7 9.7 7.5 2.5 2 0 3 3 3
3039.3 7054.8 14.8 293 0 25.7 10.2 7.5 0.0 0 0 3 3 3
2691.6 5943.5 10.0 258 0 9.3 13.1 2.5 2.5 2 1 1 0 0
1687.1 7090.3 15.8 34 0 10.5 12.3 7.5 2.5 2 1 3 4 4
3032.6 5910.9 15.8 79 0 14.0 8.4 5.0 2.5 4 0 2 0 0
2925.8 6877.6 17.0 178 0 9.4 7.3 5.0 2.5 2 0 2 3 3
1696.8 7754.8 -0.5 8 0 6.6 11.0 5.0 2.5 2 1 2 0 0
3290.1 4948.4 18.9 355 0 24.3 14.2 10.0 0.0 0 0 4 1 1
2666.7 5344.7 13.1 269 0 11.1 20.3 2.5 2.5 2 1 1 4 4
3472.7 5959.8 22.6 35 0 7.6 7.1 2.5 2.5 2 0 1 2 2
2352.7 4724.7 11.8 96 0 8.7 20.1 5.0 2.5 4 1 2 1 1
2870.4 4198.0 12.2 101 0 14.8 8.9 5.0 2.5 2 0 2 4 4
2569.4 4973.8 12.7 269 0 9.3 26.1 7.5 2.5 2 1 3 4 4
2386.2 7029.9 3.0 170 0 17.5 5.8 7.5 2.5 2 0 3 2 2
2891.7 3963.1 17.3 262 0 6.8 10.1 5.0 0.0 0 1 2 1 1
2820.9 5807.3 13.4 321 0 8.1 21.6 5.0 2.5 2 1 2 4 4
1825.2 7107.7 14.4 259 0 17.9 10.9 7.5 2.5 2 0 3 4 4
3602.8 6914.8 21.3 117 0 12.0 13.3 5.0 2.5 2 1 2 4 4
3157.7 7066.0 15.5 133 0 12.2 7.6 7.5 0.0 0 0 3 2 2
2893.2 5596.9 17.8 342 0 13.6 8.6 2.5 2.5 2 0 1 0 0
4065.6 6054.2 29.5 100 0 5.9 16.4 2.5 2.5 2 1 1 3 3
3224.0 4902.3 18.0 175 0 25.5 9.0 5.0 2.5 2 0 2 1 1
3117.4 5612.7 20.8 73 0 14.3 8.9 5.0 0.0 0 0 2 3 3
3824.5 6131.9 26.8 48 0 13.4 9.2 7.5 2.5 2 0 3 5 5
2404.7 7013.6 4.1 89 0 11.5 11.6 2.5 2.5 2 1 1 0 0
2374.1 5176.1 15.0 276 0 6.4 8.4 7.5 2.5 2 1 3 3 3
2796.4 4030.6 13.5 10 0 18.5 8.8 7.5 2.5 2 0 3 4 4
2830.1 6582.4 19.8 265 0 6.4 12.0 5.0 2.5 2 1 2 3 3
2724.9 4532.9 8.2 131 0 10.4 11.3 10.0 2.5 2 1 4 0 0
3882.0 5098.6 20.6 327 0 18.1 8.6 2.5 2.5 2 0 1 0 0
1578.2 6527.5 18.7 346 0 7.1 14.7 7.5 2.5 2 1 3 0 0
3165.7 5514.4 22.1 138 0 11.5 10.3 2.5 2.5 2 0 1 2 2
2849.7 6476.9 15.1 278 0 7.1 16.0 5.0 2.5 2 1 2 5 5
4037.8 5635.4 28.5 35 0 8.9 16.7 2.5 2.5 2 1 1 0 0
2588.4 5053.7 13.4 72 0 9.1 6.1 5.0 2.5 2 0 2 2 2
3638.5 5397.2 19.3 302 0 5.6 8.5 2.5 2.5 2 1 1 4 4
1976.0 4743.5 16.9 299 0 8.0 10.2 7.5 2.5 2 1 3 0 0
2442.1 5130.7 14.9 339 0 6.4 6.6 5.0 2.5 2 1 2 2 2
1811.6 7212.8 12.8 346 0 14.8 8.8 2.5 2.5 2 0 1 4 4
1751.0 5064.4 20.8 351 0 12.6 7.2 5.0 2.5 2 0 2 3 3
3394.8 5271.3 25.1 54 0 13.7 8.6 7.5 2.5 2 0 3 5 5
2447.4 5216.2 13.9 159 0 5.2 10.3 7.5 2.5 2 1 3 2 2
2772.6 7268.2 -4.2 109 0 11.0 12.8 2.5 2.5 2 1 1 0 0
2045.3 4896.5 17.6 2 0 17.2 23.8 10.0 2.5 2 1 4 0 0
2438.5 5351.6 12.7 359 0 11.6 13.1 2.5 2.5 2 1 1 5 5
2951.5 6863.9 17.4 358 0 10.1 17.0 7.5 2.5 2 1 3 4 4
1701.1 7113.1 15.8 38 0 11.7 14.5 2.5 2.5 4 1 1 5 5
3871.0 5061.6 21.5 142 0 9.1 18.4 5.0 0.0 0 1 2 4 4
3640.1 6168.5 24.9 95 0 30.9 11.4 10.0 2.5 2 0 4 5 5
1666.7 6787.8 17.5 5 0 7.6 19.1 5.0 2.5 2 1 2 5 5
2533.4 6474.2 9.6 185 0 9.0 11.3 7.5 2.5 2 1 3 0 0
3957.0 5393.7 17.3 321 0 8.7 14.1 5.0 2.5 2 1 2 5 5
3390.8 5527.0 20.4 221 0 6.8 16.6 5.0 2.5 2 1 2 1 1
2515.0 4979.8 14.6 5 0 15.4 8.9 7.5 2.5 2 0 3 4 4
3123.2 6507.0 23.3 228 0 4.6 7.0 5.0 2.5 4 1 2 1 1
2374.8 4723.0 11.5 107 0 7.9 14.8 2.5 2.5 2 1 1 4 4
2860.9 4243.9 11.9 278 0 8.5 15.8 7.5 2.5 2 1 3 5 5
2505.4 5039.1 14.4 158 0 13.5 7.1 7.5 2.5 2 0 3 3 3
2520.0 6673.0 15.7 162 0 7.0 13.8 5.0 0.0 0 0 2 1 1
3179.7 7064.2 16.1 50 0 10.1 3.5 5.0 0.0 0 0 2 1 1
3244.1 4932.2 18.7 357 0 7.9 20.2 7.5 2.5 4 0 3 5 5
3452.2 5974.1 22.2 214 0 7.6 17.9 2.5 2.5 2 0 1 5 5
2496.7 4921.2 14.9 19 0 7.0 9.1 7.5 2.5 2 0 3 1 1
2581.9 4890.4 9.9 358 0 9.2 35.2 7.5 2.5 2 0 3 2 2
2501.6 4928.6 15.0 19 0 10.4 9.0 2.5 2.5 2 0 1 5 5
2526.3 4945.0 14.6 192 0 15.8 5.2 7.5 2.5 2 0 3 2 2
2411.9 5302.4 13.3 85 0 6.0 12.1 5.0 2.5 2 1 2 5 5
3256.3 4934.6 18.8 175 0 7.4 14.8 2.5 2.5 2 1 1 0 0
3716.9 5042.7 21.2 261 0 9.1 10.6 7.5 2.5 2 1 3 3 3
2542.1 4978.3 14.2 190 0 10.7 11.1 7.5 2.5 2 1 3 4 4
2376.3 5072.4 15.7 7 0 8.1 10.1 5.0 2.5 2 1 2 5 5
2426.5 4796.3 11.1 31 0 11.8 10.6 7.5 2.5 2 0 3 1 1
2095.4 6986.3 6.1 89 0 10.0 11.4 7.5 2.5 2 1 3 0 0
3422.4 6156.2 21.9 334 0 10.7 9.5 5.0 2.5 2 0 2 0 0
3279.9 5559.5 21.4 326 0 10.1 11.8 5.0 2.5 2 1 2 0 0
2994.6 5441.2 19.4 113 0 12.4 9.6 7.5 2.5 2 0 3 1 1
3264.9 5036.8 20.4 269 0 22.3 18.5 10.0 2.5 4 0 4 4 4
4019.7 5605.6 27.7 35 0 12.0 20.9 10.0 2.5 2 1 4 0 0
3351.5 5018.7 20.6 72 0 15.5 13.7 2.5 2.5 2 0 1 4 4
2511.2 5024.2 14.4 159 0 18.3 7.7 2.5 2.5 2 0 1 0 0
2457.7 5104.7 14.7 74 0 8.0 11.6 5.0 2.5 2 1 2 1 1
2453.1 4859.5 11.4 33 0 35.8 14.6 12.5 2.5 2 0 5 1 1
2551.0 5143.5 13.6 265 0 10.4 9.6 5.0 2.5 2 0 2 0 0
2413.0 5093.2 15.3 279 0 6.6 9.9 7.5 0.0 0 1 3 3 3
3188.4 7068.0 14.7 50 0 8.2 17.2 7.5 2.5 2 0 3 0 0
2413.8 4785.0 11.2 33 0 10.0 18.0 7.5 2.5 4 1 3 4 4
2467.6 4992.9 15.0 265 0 9.2 24.9 7.5 2.5 2 0 3 3 3
2259.3 6475.4 5.7 318 0 14.4 9.6 7.5 2.5 2 0 3 3 3
2361.7 5126.4 15.5 96 0 12.0 10.1 7.5 2.5 2 0 3 0 0
2576.9 4597.4 9.0 177 0 16.9 7.9 2.5 2.5 2 0 1 0 0
3856.1 6024.7 26.1 52 0 5.6 18.4 5.0 2.5 2 1 2 2 2
2500.3 5314.1 12.5 201 0 8.7 11.0 7.5 2.5 2 1 3 3 3
3460.9 6870.5 22.7 249 0 16.4 8.8 7.5 2.5 4 0 3 3 3
2620.1 5172.6 12.8 85 0 11.0 8.9 5.0 2.5 2 0 2 1 1
2397.3 5330.6 13.2 175 0 8.3 10.8 5.0 2.5 2 1 2 1 1
2973.4 6788.2 19.1 293 0 13.3 12.4 2.5 2.5 2 0 1 4 4
2395.9 5061.9 15.4 188 0 9.8 10.7 2.5 2.5 4 1 1 2 2
2389.3 5351.2 13.1 175 0 8.3 10.8 2.5 0.0 0 1 1 4 4
2916.7 6956.6 15.3 300 0 10.9 16.6 5.0 2.5 2 1 2 5 5
2823.8 4116.1 12.5 279 0 10.3 9.9 7.5 2.5 2 0 3 3 3
2391.8 4941.3 16.0 105 0 7.6 14.6 5.0 2.5 2 1 2 5 5
2590.8 5148.3 13.2 262 0 9.3 10.5 5.0 2.5 4 1 2 4 4
3917.1 6176.9 28.3 42 0 5.6 13.8 5.0 2.5 2 1 2 0 0
2513.9 5141.1 14.0 265 0 10.1 9.6 2.5 2.5 2 0 1 3 3
3714.9 6745.2 23.1 183 0 8.3 10.6 7.5 2.5 2 1 3 1 1
3123.3 6369.5 15.4 219 0 8.8 8.4 7.5 2.5 2 0 3 5 5
3409.0 5540.7 19.8 338 0 9.6 12.0 2.5 2.5 2 1 1 0 0
2408.4 5186.3 14.6 76 0 4.5 6.9 5.0 2.5 2 1 2 1 1
3100.5 5028.7 15.8 274 0 7.2 13.9 7.5 2.5 2 1 3 1 1
2525.2 4889.0 11.6 178 0 8.6 21.4 7.5 2.5 2 0 3 5 5
2490.9 5164.8 14.0 72 0 6.6 11.9 5.0 2.5 2 1 2 5 5
2442.5 5195.3 14.2 159 0 11.0 5.7 2.5 2.5 2 0 1 1 1
2868.0 4359.9 10.1 308 0 8.7 10.9 2.5 2.5 2 1 1 1 1
2730.1 4566.0 8.7 315 0 14.4 8.1 7.5 0.0 0 0 3 4 4
2410.8 4738.0 10.7 202 0 12.1 10.9 5.0 2.5 2 0 2 5 5
3901.7 7671.1 16.2 88 0 10.3 12.7 5.0 0.0 0 1 2 5 5
3902.8 7484.0 15.7 27 0 9.8 20.8 5.0 2.5 2 1 2 4 4
4883.3 8022.2 8.3 15 0 16.5 7.2 5.0 2.5 2 0 2 1 1
3128.7 7683.5 8.7 340 0 10.7 8.9 5.0 2.5 2 0 2 3 3
4541.7 7599.7 17.3 101 0 13.6 9.5 2.5 2.5 2 0 1 3 3
4387.5 7920.6 11.9 105 0 11.2 11.2 2.5 2.5 2 1 1 2 2
4874.3 7184.0 11.1 63 0 9.4 15.8 2.5 0.0 0 1 1 2 2
4030.2 7409.2 18.6 198 0 9.1 20.9 5.0 2.5 2 1 2 5 5
4676.4 7331.4 16.6 204 0 8.8 5.5 2.5 2.5 2 0 1 0 0
4308.0 7467.5 19.4 192 0 12.9 13.0 5.0 2.5 2 1 2 4 4
4376.3 7760.4 20.0 206 0 9.3 15.0 5.0 2.5 2 1 2 3 3
4314.1 7285.1 20.2 118 0 8.2 10.1 5.0 2.5 2 1 2 2 2
4475.5 7095.6 15.2 6 0 7.8 12.1 5.0 2.5 2 1 2 5 5
4692.4 7324.3 16.3 24 0 9.0 12.0 7.5 2.5 2 0 3 2 2
4790.1 7545.7 18.4 91 0 19.3 7.8 2.5 2.5 2 0 1 3 3
3835.7 7638.6 15.8 345 0 6.4 19.0 7.5 2.5 2 1 3 3 3
4622.2 7872.3 11.7 296 0 7.3 11.2 5.0 2.5 2 1 2 5 5
3089.0 7683.9 8.7 252 0 10.4 23.6 5.0 2.5 2 1 2 0 0
4305.6 7441.6 19.4 196 0 5.5 9.9 5.0 2.5 2 1 2 3 3
4892.9 7171.4 11.5 109 0 13.4 10.1 10.0 2.5 2 0 4 3 3
2858.8 7775.8 6.6 76 0 6.4 18.6 5.0 2.5 4 1 2 3 3
4483.0 7118.2 16.2 277 0 9.1 12.7 5.0 2.5 2 1 2 1 1
4412.1 7275.2 20.3 137 0 10.2 10.2 5.0 2.5 2 0 2 0 0
4684.1 7288.5 16.3 104 0 15.5 5.9 5.0 2.5 2 0 2 2 2
3117.6 7655.3 8.9 68 0 12.0 7.2 5.0 2.5 2 0 2 3 3
4773.1 7551.6 18.1 89 0 9.5 22.4 7.5 2.5 2 1 3 0 0
4407.9 7215.7 16.5 329 0 8.8 9.3 7.5 2.5 2 1 3 4 4
4558.4 7276.5 19.4 15 0 12.2 10.4 5.0 2.5 2 0 2 3 3
4804.5 7581.6 18.1 1 0 6.3 17.8 5.0 2.5 2 1 2 0 0
4341.6 7290.8 20.6 31 0 18.4 9.1 7.5 2.5 2 0 3 4 4
2878.6 7616.0 7.5 262 0 5.0 9.2 7.5 2.5 2 1 3 2 2
4377.9 7722.7 19.9 120 0 4.9 8.7 5.0 2.5 2 0 2 0 0
4533.3 7293.6 19.4 286 0 8.2 21.7 5.0 2.5 2 1 2 5 5
3891.6 7707.3 15.8 170 0 13.5 5.1 5.0 2.5 2 0 2 5 5
4694.9 7299.4 16.3 15 0 7.4 5.1 7.5 2.5 2 0 3 5 5
4628.3 7835.8 12.3 107 0 6.6 14.6 7.5 2.5 2 1 3 4 4
4457.7 7900.9 11.1 86 0 7.1 20.4 5.0 2.5 2 1 2 3 3
4471.7 7892.4 12.3 100 0 10.2 4.8 7.5 2.5 2 0 3 0 0
3878.8 7512.1 16.2 199 0 9.3 8.9 7.5 2.5 2 0 3 2 2
4865.0 8045.9 8.7 191 0 12.1 16.1 7.5 2.5 2 1 3 1 1
4913.2 7197.7 10.6 316 0 8.8 9.7 2.5 2.5 2 1 1 3 3
4362.8 7736.5 19.9 209 0 8.3 17.6 7.5 2.5 2 0 3 5 5
3881.8 7719.2 15.6 170 0 8.0 4.4 5.0 2.5 2 0 2 3 3
4056.3 7392.6 18.2 117 0 10.6 24.2 10.0 2.5 2 1 4 2 2
4345.2 7477.7 19.1 13 0 7.7 10.4 7.5 2.5 2 1 3 0 0
4336.1 7433.9 19.3 16 0 7.4 16.0 7.5 2.5 2 1 3 1 1
3834.5 7612.1 16.1 340 0 7.6 12.6 2.5 2.5 2 1 1 2 2
4450.1 7120.5 15.0 186 0 21.9 15.9 12.5 2.5 2 0 5 4 4
2924.0 7635.4 8.4 357 0 5.7 15.5 5.0 2.5 2 1 2 4 4
4816.1 7556.0 18.5 359 0 14.1 8.3 5.0 2.5 2 0 2 1 1
4402.7 7729.3 19.7 43 0 22.3 12.6 7.5 2.5 2 0 3 2 2
3254.7 7556.5 11.2 164 0 7.0 12.4 5.0 2.5 2 1 2 5 5
3806.2 7610.1 15.7 82 0 9.3 24.0 7.5 2.5 2 1 3 4 4
4571.7 7103.0 16.2 6 0 8.7 13.4 7.5 2.5 2 1 3 3 3
4553.9 7125.3 17.6 199 0 11.2 9.3 5.0 2.5 2 0 2 4 4
4894.5 7122.6 14.1 125 0 12.4 9.8 7.5 2.5 2 0 3 0 0
4409.8 7896.3 13.2 277 0 9.5 12.6 5.0 2.5 2 1 2 1 1
4676.1 7945.1 9.0 289 0 10.2 12.7 7.5 2.5 2 1 3 5 5
4663.8 7300.6 16.8 183 0 10.3 9.6 7.5 2.5 2 0 3 1 1
4759.9 8111.8 7.7 296 0 10.1 21.5 7.5 2.5 2 1 3 2 2
4576.6 7889.8 11.3 292 0 9.8 10.0 7.5 2.5 2 1 3 5 5
4300.1 7183.3 10.0 103 0 5.7 13.8 7.5 2.5 2 1 3 5 5
4348.8 7449.4 19.1 19 0 19.3 8.7 5.0 2.5 2 0 2 4 4
4542.9 7255.1 19.7 16 0 9.6 12.8 7.5 2.5 4 1 3 2 2
-5424.3 8069.4 -12.2 16 0 30.5 11.6 10.0 2.5 2 0 4 3 3
-5442.5 8031.7 -13.2 15 0 16.8 5.5 7.5 2.5 2 0 3 5 5
-5480.7 7908.9 -15.2 6 0 12.1 11.0 2.5 2.5 2 0 1 1 1
-5498.8 7922.4 -15.2 279 0 6.1 12.7 7.5 2.5 4 1 3 2 2
4000.3 6510.5 24.7 95 0 12.5 8.4 5.0 2.5 2 0 2 5 5
-2434.1 1146.3 5.9 337 0 6.3 12.9 5.0 2.5 4 1 2 2 2
5778.5 4636.1 15.6 251 0 4.6 4.3 5.0 2.5 2 0 2 3 3
5752.7 4687.9 16.9 101 0 8.8 10.5 7.5 2.5 4 1 3 0 0
5638.4 4551.5 22.0 0 0 24.7 13.6 15.0 0.0 0 0 6 5 5
5564.1 4670.7 28.6 182 0 6.8 9.1 7.5 2.5 2 1 3 3 3
5521.1 4657.3 31.2 20 0 11.9 7.7 5.0 2.5 2 0 2 3 3
5555.2 4961.9 18.5 91 0 16.5 12.4 5.0 2.5 2 0 2 3 3
5565.2 4990.0 17.6 6 0 11.2 15.1 5.0 2.5 4 1 2 4 4
5746.6 4738.1 14.9 93 0 11.0 20.2 5.0 2.5 2 0 2 5 5
5758.1 4729.4 14.7 89 0 11.7 8.4 7.5 2.5 2 0 3 1 1
5776.3 4758.3 13.0 351 0 30.6 12.7 10.0 2.5 4 0 4 4 4
5884.4 4892.8 12.8 12 0 10.4 13.4 5.0 2.5 2 1 2 5 5
5901.6 4930.5 11.6 183 0 12.7 14.7 2.5 2.5 4 1 1 4 4
5867.4 4921.5 11.9 358 0 39.1 14.4 12.5 2.5 2 0 5 5 5
5882.3 4935.0 11.8 341 0 7.7 14.8 5.0 2.5 2 1 2 4 4
5954.8 4925.4 9.7 17 0 19.9 13.3 10.0 2.5 4 0 4 2 2
5921.4 4983.7 10.3 182 0 13.7 16.9 7.5 2.5 4 1 3 1 1
5851.6 4984.5 11.9 244 0 6.0 10.3 7.5 2.5 2 1 3 5 5
5892.7 4858.3 11.4 195 0 10.1 11.0 7.5 2.5 2 1 3 2 2
5912.6 4622.5 11.8 93 0 12.0 11.2 7.5 2.5 2 0 3 4 4
5900.1 4648.7 11.8 188 0 8.8 11.0 5.0 2.5 2 1 2 4 4
6059.0 4680.3 14.3 274 0 11.9 15.5 5.0 2.5 2 1 2 2 2
6131.7 4726.0 9.1 88 0 11.2 18.9 2.5 2.5 2 1 1 4 4
6152.2 4573.9 13.4 287 0 7.7 8.5 2.5 2.5 2 1 1 4 4
6165.8 4569.0 12.8 272 0 12.6 7.9 5.0 2.5 2 0 2 3 3
6179.9 4567.3 12.3 270 0 8.4 7.7 5.0 2.5 2 0 2 0 0
6205.3 4569.8 11.7 274 0 11.7 14.4 5.0 2.5 4 1 2 0 0
6234.0 4574.5 11.3 281 0 12.9 10.6 5.0 2.5 2 0 2 0 0
6214.7 4645.1 11.5 164 0 18.3 9.7 5.0 2.5 2 0 2 5 5
6218.5 4623.4 11.3 236 0 8.5 11.9 7.5 2.5 2 1 3 1 1
6284.7 4596.2 10.0 102 0 7.2 5.3 5.0 2.5 2 0 2 1 1
6170.0 4648.8 13.4 2 0 15.2 10.9 7.5 2.5 2 0 3 0 0
-5302.7 7252.8 -20.3 201 0 27.2 18.3 17.5 0.0 0 0 7 5 5
-5018.8 6978.6 1.7 276 0 28.8 17.7 10.0 2.5 2 0 4 0 0
-5020.4 7070.0 -2.6 294 0 37.7 22.7 10.0 0.0 0 0 4 3 3
-5417.7 6683.6 -14.5 98 0 13.7 15.7 5.0 2.5 2 1 2 5 5
4386.8 -5131.7 -50.9 56 0 8.4 15.8 5.0 2.5 2 1 2 3 3
4360.8 -5147.0 -51.8 45 0 7.8 9.4 5.0 2.5 2 1 2 2 2
4341.7 -5113.9 -52.9 227 0 20.5 17.0 10.0 2.5 4 0 4 1 1
4389.0 -5220.9 -47.1 54 0 7.1 12.5 2.5 2.5 2 1 1 5 5
4305.8 -5154.9 -54.2 144 0 11.8 16.8 5.0 2.5 2 1 2 1 1
4869.7 -5278.6 -5.7 165 0 13.3 11.9 2.5 2.5 2 0 1 0 0
4250.2 -5033.3 -56.4 227 0 15.3 6.3 7.5 2.5 2 0 3 1 1
4265.7 -5022.4 -55.8 228 0 20.7 11.5 10.0 2.5 2 0 4 5 5
4273.9 -5048.5 -55.5 139 0 14.6 35.3 7.5 2.5 2 1 3 3 3
4187.2 -5141.1 -60.4 52 0 6.7 8.0 5.0 2.5 2 1 2 3 3
4162.1 -5115.8 -60.8 226 0 10.1 6.1 5.0 2.5 2 0 2 0 0
4164.8 -5131.7 -61.0 238 0 10.6 17.0 5.0 2.5 2 1 2 0 0
4241.1 -5135.3 -58.2 37 0 10.5 16.0 5.0 2.5 2 1 2 4 4
4221.5 -5072.4 -57.8 134 0 22.7 9.9 7.5 2.5 2 0 3 2 2
4233.4 -5043.8 -57.0 224 0 10.3 32.0 10.0 2.5 2 1 4 0 0
4250.2 -5091.3 -56.9 129 0 15.3 10.1 5.0 2.5 2 0 2 0 0
4285.7 -5098.0 -56.1 318 0 14.3 12.3 10.0 0.0 0 0 4 5 5
4292.6 -5124.2 -55.2 143 0 16.0 6.9 7.5 0.0 0 0 3 0 0
4407.7 -5084.3 -51.8 328 0 17.7 11.8 7.5 2.5 2 0 3 3 3
4371.4 -5087.0 -52.0 326 0 14.0 10.8 5.0 2.5 4 0 2 2 2
4329.6 -5084.0 -53.9 229 0 27.3 14.6 10.0 2.5 2 0 4 4 4
4385.5 -5187.0 -49.1 320 0 21.2 10.4 2.5 2.5 2 0 1 5 5
4354.2 -5195.6 -50.0 50 0 11.8 11.0 10.0 2.5 2 0 4 0 0
4368.8 -5226.9 -47.7 52 0 7.3 13.7 7.5 2.5 2 1 3 1 1
4271.4 -5276.4 -47.2 179 0 12.0 10.6 10.0 2.5 2 0 4 2 2
4276.9 -5300.8 -44.5 179 0 8.2 8.8 5.0 2.5 2 1 2 0 0
4300.1 -5340.1 -40.6 91 0 8.2 11.4 5.0 2.5 2 1 2 5 5
4317.6 -5345.0 -39.4 91 0 9.3 9.7 5.0 2.5 2 1 2 3 3
4351.8 -5276.7 -44.8 355 0 16.1 8.7 7.5 2.5 2 0 3 3 3
4351.9 -5310.6 -42.1 91 0 9.4 15.5 5.0 2.5 2 1 2 1 1
6039.2 4658.6 13.8 120 0 6.2 6.3 7.5 0.0 0 1 3 5 5
5881.4 4997.1 11.5 127 0 16.2 13.5 5.0 2.5 2 0 2 4 4
5884.7 4976.4 11.3 132 0 7.4 9.7 5.0 2.5 4 1 2 4 4
6264.3 4506.6 16.2 185 0 9.4 5.7 2.5 2.5 2 0 1 1 1
6154.1 4744.3 9.0 272 0 10.0 15.9 2.5 2.5 2 1 1 1 1
5748.9 4775.5 13.7 271 0 8.5 17.3 2.5 2.5 2 0 1 2 2
6387.7 -967.8 3.4 198 0 7.4 8.6 7.5 2.5 2 1 3 3 3
6375.5 -997.3 3.3 104 0 6.6 6.5 5.0 2.5 2 0 2 3 3
6568.4 -939.0 9.6 98 0 8.0 13.0 5.0 2.5 2 1 2 5 5
6629.4 -912.0 10.1 196 0 12.3 9.4 5.0 2.5 2 0 2 2 2
6623.8 -959.0 10.4 108 0 6.2 5.8 5.0 2.5 2 0 2 1 1
6648.9 -960.7 10.4 15 0 6.9 8.4 2.5 2.5 2 1 1 1 1
6750.5 -927.1 10.5 262 0 14.6 9.4 7.5 0.0 0 0 3 5 5
6713.3 -952.5 10.5 92 0 13.5 9.5 5.0 2.5 2 0 2 1 1
6774.4 -968.2 10.6 75 0 10.1 14.1 2.5 0.0 0 1 1 3 3
6445.9 -928.0 4.5 27 0 11.2 10.0 7.5 2.5 2 0 3 4 4
2485.3 -880.6 -3.2 145 0 10.4 10.5 7.5 2.5 2 1 3 1 1
2499.3 -1000.5 -2.9 316 0 9.9 13.2 7.5 2.5 2 1 3 0 0
2530.4 -1063.1 -7.3 129 0 8.3 14.6 2.5 2.5 2 1 1 4 4
2596.0 -981.7 1.0 233 0 13.0 9.2 7.5 2.5 2 0 3 0 0
2933.9 36.6 21.6 274 0 9.7 6.2 7.5 2.5 2 0 3 5 5
2566.3 -647.0 -0.3 55 0 8.9 14.9 5.0 2.5 2 1 2 5 5
2564.5 -573.9 0.2 231 0 8.1 14.5 7.5 2.5 2 1 3 0 0
2676.9 -325.4 7.7 11 0 8.1 14.1 7.5 2.5 2 1 3 1 1
2591.8 -460.1 3.4 27 0 13.6 9.6 5.0 2.5 2 0 2 0 0
2752.5 -244.3 12.3 187 0 9.5 10.6 2.5 2.5 2 1 1 1 1
2766.1 -216.2 13.4 186 0 14.1 9.6 5.0 2.5 2 0 2 0 0
2919.7 -54.2 20.3 3 0 7.6 6.8 5.0 2.5 2 0 2 2 2
2933.5 30.4 21.3 279 0 9.8 15.0 2.5 0.0 0 0 1 3 3
2828.9 -46.2 20.7 186 0 8.3 6.7 2.5 2.5 2 0 1 4 4
2819.7 -3.1 21.1 5 0 8.8 9.7 2.5 2.5 2 1 1 4 4
2785.5 79.0 21.8 1 0 4.5 13.1 7.5 2.5 4 1 3 0 0
6033.9 -1257.6 -1.1 112 0 9.1 11.1 7.5 0.0 0 1 3 2 2
5959.0 -937.3 5.0 99 0 10.5 10.2 2.5 2.5 2 0 1 1 1
6006.8 -864.2 3.3 283 0 9.0 11.0 7.5 2.5 4 1 3 5 5
6002.8 -896.1 4.3 98 0 9.4 11.3 2.5 2.5 2 1 1 5 5
6097.7 -863.2 -0.6 3 0 5.2 14.2 5.0 2.5 2 1 2 5 5
6095.4 -843.0 0.5 6 0 6.2 10.1 5.0 2.5 2 1 2 5 5
6097.9 -825.3 3.8 7 0 6.3 10.9 5.0 2.5 2 1 2 4 4
6430.2 -2716.1 -36.9 99 0 6.2 5.1 5.0 2.5 4 0 2 3 3
6412.6 -2699.1 -39.5 269 0 6.4 4.6 5.0 2.5 2 0 2 1 1
6650.0 -770.5 9.1 97 0 4.8 6.5 2.5 2.5 2 1 1 1 1
6718.3 -771.8 10.5 98 0 8.4 6.9 7.5 2.5 2 0 3 4 4
6516.2 -2720.4 -44.3 294 0 4.8 7.2 7.5 2.5 2 1 3 3 3
6483.5 -2702.8 -42.6 294 0 4.0 8.4 5.0 2.5 2 1 2 4 4
6463.7 -2723.3 -39.4 113 0 5.0 9.4 5.0 2.5 2 1 2 2 2
6148.4 -2785.6 -31.6 79 0 13.1 10.2 2.5 2.5 2 0 1 2 2
6175.4 -2736.4 -37.3 261 0 4.9 8.9 5.0 2.5 2 1 2 4 4
6193.4 -2729.8 -37.8 257 0 4.6 8.4 5.0 2.5 2 1 2 4 4
6200.6 -2788.2 -29.1 90 0 7.9 8.2 7.5 2.5 2 1 3 1 1
6235.2 -2783.7 -28.1 5 0 6.6 8.3 7.5 2.5 2 1 3 0 0
6223.8 -2841.9 -22.2 97 0 13.3 7.8 7.5 2.5 2 0 3 3 3
6279.8 -2864.7 -28.0 96 0 6.0 6.8 7.5 2.5 2 1 3 3 3
6349.2 -2868.3 -31.7 93 0 10.1 9.4 7.5 0.0 0 0 3 5 5
6296.8 -2752.0 -31.1 358 0 3.4 8.5 7.5 2.5 2 1 3 3 3
6309.7 -2781.9 -26.5 4 0 8.4 11.7 2.5 2.5 4 1 1 0 0
6352.8 -2713.7 -38.4 93 0 6.2 7.7 2.5 2.5 2 1 1 4 4
6369.0 -2719.1 -36.4 89 0 5.6 4.9 2.5 2.5 2 0 1 0 0
6419.0 4455.8 19.4 169 0 10.8 14.3 7.5 2.5 2 1 3 1 1
6435.7 4559.4 21.1 141 0 9.7 9.9 7.5 2.5 2 1 3 4 4
6442.2 4533.6 23.7 135 0 12.4 8.3 5.0 2.5 2 0 2 2 2
6521.1 4514.8 23.4 289 0 9.4 5.5 5.0 2.5 2 0 2 0 0
6451.8 4589.2 19.7 241 0 8.6 5.5 7.5 2.5 4 0 3 0 0
6475.4 4552.0 23.6 47 0 7.6 9.6 5.0 2.5 2 1 2 3 3
6465.1 4576.1 21.7 245 0 10.7 8.3 5.0 2.5 2 0 2 1 1
6464.3 4598.3 19.4 249 0 10.5 7.3 5.0 2.5 2 0 2 0 0
6489.2 4605.7 20.1 245 0 10.0 8.1 7.5 2.5 2 0 3 4 4
6519.1 4552.5 25.6 80 0 8.0 7.9 2.5 0.0 0 0 1 4 4
6523.2 4590.0 23.2 275 0 5.5 6.6 5.0 2.5 2 1 2 2 2
6533.1 4591.8 23.6 264 0 8.3 4.5 7.5 0.0 0 0 3 0 0
6560.5 4567.3 23.8 72 0 8.1 8.0 5.0 2.5 4 0 2 1 1
6559.6 4591.9 24.4 343 0 8.4 9.2 2.5 2.5 2 1 1 2 2
6465.1 4066.0 14.7 337 0 6.3 7.4 5.0 2.5 2 1 2 2 2
6455.2 4082.4 13.9 335 0 6.4 6.7 7.5 2.5 2 1 3 3 3
6445.2 4099.7 14.0 340 0 5.7 6.8 7.5 2.5 2 1 3 5 5
6422.1 4109.0 14.2 228 0 9.3 6.3 7.5 2.5 2 0 3 2 2
6359.7 4209.8 12.4 68 0 6.0 9.7 7.5 2.5 2 1 3 0 0
6475.5 4341.8 12.8 114 0 9.8 11.9 2.5 2.5 2 1 1 1 1
6494.5 4673.4 13.2 326 0 5.6 7.3 2.5 0.0 0 1 1 2 2
6473.7 4659.3 13.4 156 0 8.6 7.4 5.0 2.5 2 0 2 0 0
6363.9 4586.3 13.7 97 0 6.9 10.9 5.0 2.5 2 1 2 4 4
6497.9 3896.1 23.7 172 0 4.6 7.8 5.0 2.5 2 1 2 4 4
6518.0 3872.8 23.6 340 0 6.4 7.2 7.5 0.0 0 1 3 1 1
6488.3 4028.9 17.2 338 0 6.7 6.4 5.0 2.5 2 0 2 4 4
6475.0 4049.2 15.9 322 0 6.0 6.4 7.5 2.5 2 1 3 4 4
6218.5 4110.7 23.5 105 0 5.7 5.7 5.0 2.5 2 0 2 4 4
6186.3 4034.4 38.0 213 0 4.7 9.9 5.0 2.5 2 1 2 2 2
6252.3 4011.1 34.8 142 0 7.8 8.7 5.0 2.5 2 1 2 3 3
6283.4 4102.6 19.7 324 0 14.2 10.6 5.0 0.0 0 0 2 4 4
6276.8 4070.7 23.5 142 0 6.3 10.8 5.0 2.5 2 1 2 0 0
6286.7 4048.7 25.9 131 0 10.1 10.0 5.0 2.5 2 0 2 4 4
6300.0 4037.4 27.0 140 0 6.5 5.6 5.0 2.5 2 0 2 5 5
6294.6 3990.0 33.1 323 0 8.8 7.7 2.5 2.5 2 0 1 0 0
6323.8 4001.2 29.1 130 0 8.0 9.8 7.5 2.5 4 1 3 4 4
6377.5 3944.9 28.9 156 0 4.9 6.0 7.5 0.0 0 1 3 3 3
6361.8 3959.5 29.5 141 0 5.7 9.2 2.5 2.5 2 1 1 2 2
6266.1 3854.9 36.6 69 0 11.7 10.1 5.0 2.5 2 0 2 5 5
6518.9 3566.0 40.0 283 0 12.3 7.3 7.5 2.5 2 0 3 0 0
6501.8 3601.7 38.0 114 0 7.0 11.9 2.5 2.5 2 1 1 0 0
6453.2 3601.7 41.1 286 0 11.6 6.7 5.0 2.5 2 0 2 2 2
6467.1 3553.6 42.6 180 0 9.4 11.6 7.5 2.5 2 1 3 3 3
6437.3 3631.3 39.2 107 0 9.6 11.0 7.5 2.5 2 1 3 2 2
6397.5 3613.1 43.0 270 0 12.0 5.1 7.5 2.5 2 0 3 1 1
6788.1 3530.1 19.6 100 0 7.5 7.1 7.5 0.0 0 0 3 2 2
6717.9 3515.6 24.7 243 0 15.5 9.5 5.0 2.5 2 0 2 0 0
6720.0 3552.4 27.4 345 0 6.6 12.8 5.0 2.5 4 1 2 1 1
6693.6 3641.7 23.5 301 0 4.5 12.8 2.5 2.5 4 1 1 1 1
6654.8 3565.3 32.8 114 0 10.4 10.7 10.0 2.5 2 1 4 4 4
6657.6 3763.4 17.8 198 0 6.5 11.7 7.5 2.5 2 1 3 5 5
2821.0 7578.7 4.7 129 0 13.2 11.0 10.0 2.5 4 0 4 2 2
2054.6 8008.9 11.0 122 0 9.7 13.1 5.0 2.5 2 1 2 5 5
5565.3 7483.7 17.5 166 0 15.5 9.3 5.0 2.5 2 0 2 0 0
5580.9 7505.5 15.8 345 0 8.3 8.9 5.0 2.5 2 1 2 1 1
5466.6 7569.0 21.4 146 0 7.7 23.1 5.0 2.5 2 0 2 3 3
5467.7 7565.0 22.7 236 0 8.6 27.8 5.0 2.5 2 0 2 0 0
5497.4 7535.8 21.4 57 0 20.1 13.1 10.0 2.5 4 0 4 4 4
5511.4 7567.3 20.5 328 0 14.1 10.2 5.0 2.5 2 0 2 4 4
5745.6 8019.5 -3.2 269 0 6.0 6.2 5.0 0.0 0 1 2 5 5
5726.4 8011.0 -3.0 181 0 4.4 12.8 7.5 2.5 2 1 3 0 0
5541.9 8023.3 5.7 266 0 15.4 14.7 7.5 2.5 2 0 3 2 2
5388.3 8082.6 7.2 273 0 13.3 13.1 5.0 2.5 2 0 2 0 0
5342.4 8086.1 7.8 271 0 11.2 15.4 5.0 2.5 2 1 2 3 3
5323.7 8011.3 11.2 11 0 13.0 7.5 7.5 2.5 2 0 3 4 4
5304.0 8017.6 11.0 101 0 5.1 12.6 2.5 2.5 2 1 1 5 5
5306.1 8084.9 8.2 284 0 5.5 10.7 2.5 2.5 2 1 1 4 4
5223.6 7909.7 9.6 2 0 19.6 9.8 7.5 2.5 2 0 3 0 0
5216.4 7938.6 9.1 283 0 11.8 12.0 7.5 2.5 2 1 3 4 4
5171.0 7952.2 7.7 274 0 13.5 13.2 10.0 0.0 0 0 4 3 3
5133.5 7922.2 6.2 2 0 14.9 12.1 7.5 2.5 2 0 3 1 1
5132.2 7958.4 6.6 271 0 10.7 15.5 2.5 2.5 2 1 1 2 2
5174.9 8001.1 8.3 181 0 6.4 20.6 7.5 2.5 2 1 3 5 5
5166.8 8016.1 8.0 179 0 17.1 8.0 7.5 2.5 2 0 3 0 0
5182.8 8032.0 8.5 271 0 11.7 5.9 5.0 2.5 2 0 2 0 0
5205.3 8015.7 9.2 359 0 12.9 8.3 5.0 2.5 2 0 2 0 0
5260.4 8050.3 10.6 11 0 16.1 9.8 5.0 2.5 2 0 2 3 3
5763.0 6230.9 32.1 122 0 6.7 4.9 5.0 2.5 2 0 2 4 4
5783.0 6231.1 30.0 122 0 6.1 16.5 5.0 2.5 2 1 2 1 1
5879.8 6202.0 28.6 249 0 7.4 21.0 7.5 2.5 2 1 3 5 5
5935.4 6191.1 26.6 341 0 10.8 10.1 10.0 2.5 2 0 4 2 2
5797.6 6362.1 19.9 90 0 9.1 12.0 5.0 2.5 2 1 2 3 3
5868.4 6902.9 18.6 271 0 5.6 10.2 2.5 2.5 2 1 1 3 3
5885.8 6897.5 18.2 270 0 4.5 13.5 7.5 2.5 2 1 3 2 2
5866.0 6872.1 18.9 92 0 9.3 8.2 2.5 2.5 2 0 1 1 1
5841.6 6814.9 20.3 316 0 8.5 29.2 5.0 2.5 2 1 2 0 0
5838.8 6826.2 20.2 36 0 7.2 19.2 5.0 2.5 2 1 2 0 0
5800.0 6828.1 21.1 198 0 12.1 8.9 2.5 2.5 2 0 1 0 0
5800.6 6812.0 21.3 227 0 8.6 13.0 7.5 2.5 2 1 3 1 1
5797.9 6792.6 21.5 124 0 13.8 10.3 2.5 2.5 2 0 1 4 4
5207.4 6786.7 31.3 289 0 6.4 16.6 7.5 2.5 2 1 3 4 4
5235.6 6754.4 31.3 309 0 9.9 15.5 7.5 0.0 0 1 3 3 3
5231.8 6784.6 30.0 312 0 11.7 10.5 5.0 2.5 2 0 2 5 5
5689.8 6817.4 22.2 67 0 27.7 11.3 10.0 2.5 2 0 4 5 5
5699.1 6854.5 23.6 245 0 9.2 13.1 5.0 2.5 2 1 2 5 5
5676.2 6851.9 24.2 233 0 12.7 9.3 2.5 2.5 2 0 1 0 0
5724.8 6902.4 22.5 27 0 7.0 19.4 5.0 2.5 2 1 2 4 4
5535.1 7111.7 20.8 271 0 13.0 7.5 2.5 2.5 2 0 1 3 3
5535.2 7073.7 21.5 101 0 25.8 8.2 7.5 2.5 2 0 3 0 0
5576.7 6948.5 25.8 21 0 9.7 6.2 7.5 2.5 2 0 3 3 3
5568.0 6952.5 25.3 23 0 7.0 14.1 7.5 2.5 4 1 3 3 3
5557.1 6995.7 24.4 189 0 6.1 11.0 5.0 0.0 0 1 2 5 5
5588.3 6999.6 24.6 352 0 8.1 8.4 7.5 2.5 2 1 3 1 1
5596.7 7025.1 24.0 3 0 9.4 9.4 2.5 2.5 2 0 1 3 3
5790.9 7440.1 3.1 89 0 6.8 23.7 5.0 2.5 2 1 2 5 5
5673.6 7520.6 11.1 331 0 12.0 6.2 2.5 2.5 2 0 1 3 3
5654.8 7537.6 12.6 89 0 7.8 13.6 7.5 2.5 2 1 3 4 4
5569.7 7093.1 21.6 2 0 15.7 9.0 5.0 2.5 2 0 2 1 1
5681.8 7152.7 23.9 257 0 9.1 29.7 7.5 2.5 4 1 3 0 0
5659.7 7117.0 23.2 78 0 9.1 12.2 5.0 2.5 2 1 2 3 3
5613.4 7173.0 22.7 169 0 5.1 5.8 2.5 2.5 2 1 1 0 0
5592.5 7211.5 22.5 169 0 10.6 12.3 7.5 0.0 0 1 3 4 4
5585.9 7240.1 22.6 168 0 16.9 7.9 7.5 2.5 2 0 3 2 2
5610.7 7276.6 23.3 342 0 4.3 10.1 5.0 2.5 2 1 2 2 2
5576.9 7269.6 22.7 175 0 9.1 9.9 5.0 0.0 0 1 2 1 1
5505.6 7222.9 20.2 10 0 9.1 13.6 5.0 2.5 2 1 2 2 2
5560.0 7292.7 22.2 359 0 7.0 9.4 2.5 2.5 2 0 1 3 3
5550.5 7292.4 21.9 359 0 7.0 11.4 5.0 2.5 2 0 2 0 0
5542.6 7315.9 22.1 273 0 8.3 11.6 7.5 2.5 2 1 3 1 1
-5450.8 -1204.7 -40.3 29 0 9.1 34.3 7.5 0.0 0 1 3 1 1
-4996.2 -998.8 -47.8 99 0 16.2 10.2 7.5 2.5 2 0 3 0 0
-4826.2 -947.4 -44.0 68 0 10.5 11.0 7.5 2.5 2 1 3 4 4
-4819.0 -972.7 -43.7 340 0 6.8 10.8 7.5 2.5 2 1 3 0 0
-4879.0 -1046.0 -47.4 76 0 10.3 5.1 7.5 2.5 2 0 3 1 1
-4912.7 -1010.5 -45.3 164 0 5.4 8.1 5.0 2.5 4 0 2 3 3
-4908.5 -1025.4 -46.3 164 0 25.6 9.7 7.5 2.5 4 0 3 5 5
-4882.6 -993.7 -44.8 253 0 10.5 10.9 5.0 2.5 2 1 2 4 4
-4900.9 -975.3 -45.4 96 0 9.4 9.9 5.0 2.5 2 1 2 4 4
-4915.6 -967.2 -45.8 89 0 3.5 11.8 7.5 2.5 2 0 3 0 0
-4919.4 -950.6 -45.9 269 0 5.9 16.7 2.5 2.5 2 0 1 0 0
-4941.9 -988.5 -46.5 90 0 8.3 8.7 5.0 2.5 4 1 2 5 5
-4218.9 -890.7 -42.3 190 0 12.5 6.8 2.5 2.5 4 0 1 1 1
-4216.3 -876.3 -42.4 190 0 5.3 9.1 5.0 2.5 2 1 2 0 0
-4176.6 -881.9 -41.0 280 0 8.5 3.6 7.5 2.5 2 0 3 0 0
-4174.3 -893.0 -41.7 10 0 13.7 8.5 5.0 2.5 4 0 2 0 0
-4194.9 -913.1 -41.9 101 0 17.4 8.4 7.5 2.5 2 0 3 1 1
-5595.4 -1513.1 -48.7 301 0 9.5 7.5 7.5 2.5 2 0 3 3 3
-5692.8 -1245.4 -46.0 94 0 12.9 11.7 7.5 2.5 2 0 3 1 1
-5707.6 -1241.4 -46.3 90 0 8.9 5.4 7.5 2.5 2 0 3 2 2
-5721.5 -1210.9 -46.0 182 0 23.6 7.8 5.0 2.5 2 0 2 0 0
-5642.3 -1190.5 -44.9 91 0 9.2 9.3 7.5 2.5 2 1 3 2 2
-5627.5 -1112.4 -50.0 176 0 11.8 10.8 2.5 2.5 2 0 1 2 2
-5593.3 -1154.7 -45.7 85 0 12.7 8.8 5.0 2.5 2 0 2 4 4
-5571.4 -1100.5 -50.9 264 0 7.6 8.1 2.5 2.5 2 1 1 5 5
-5524.2 -1232.6 -43.4 210 0 8.3 11.0 2.5 2.5 2 1 1 1 1
-5562.1 -1210.6 -42.1 112 0 18.5 8.6 2.5 2.5 2 0 1 2 2
-5557.6 -1176.0 -43.8 278 0 11.8 10.0 2.5 2.5 4 0 1 1 1
-5524.4 -1175.7 -42.7 269 0 11.7 8.5 5.0 0.0 0 0 2 4 4
-5510.9 -1267.9 -45.3 123 0 8.4 14.9 5.0 2.5 2 1 2 3 3
-5415.0 -1224.9 -40.7 214 0 13.9 10.3 7.5 2.5 2 0 3 3 3
-5380.3 -1205.6 -38.6 31 0 21.5 9.5 7.5 2.5 4 0 3 5 5
-5331.0 -1278.0 -45.2 117 0 7.8 7.1 7.5 2.5 2 0 3 0 0
-5327.6 -1041.9 -59.0 42 0 9.2 16.9 7.5 2.5 2 1 3 5 5
-5233.1 -1102.9 -55.3 314 0 21.3 11.6 5.0 2.5 2 0 2 0 0
-5273.1 -1097.4 -54.2 243 0 19.6 10.1 5.0 2.5 2 0 2 0 0
-5228.8 -1036.3 -58.9 27 0 9.9 7.4 5.0 2.5 4 0 2 2 2
-5235.4 -1008.8 -59.1 327 0 9.9 25.3 7.5 2.5 2 1 3 4 4
-5179.0 -973.9 -54.6 192 0 6.3 11.5 5.0 2.5 2 1 2 1 1
-5179.3 -1140.6 -53.5 296 0 14.6 10.1 7.5 2.5 2 0 3 3 3
-5104.0 -1005.4 -52.7 270 0 10.8 10.1 7.5 2.5 2 0 3 5 5
-5077.1 -1057.8 -53.8 275 0 18.8 7.7 2.5 2.5 2 0 1 5 5
-5046.0 -1046.1 -51.5 88 0 19.0 9.9 5.0 2.5 2 0 2 2 2
-5030.5 -1052.1 -50.9 88 0 8.6 12.4 2.5 2.5 2 1 1 1 1
-5054.4 -920.0 -48.1 9 0 9.2 10.1 5.0 0.0 0 1 2 3 3
-5030.7 -971.2 -48.3 193 0 8.7 8.0 5.0 2.5 2 0 2 5 5
-5021.9 -953.3 -47.4 196 0 9.8 9.8 5.0 2.5 2 1 2 2 2
-5007.7 -933.3 -47.0 197 0 19.5 9.3 7.5 0.0 0 0 3 2 2
-4986.5 -904.0 -47.1 287 0 24.5 10.0 5.0 2.5 2 0 2 4 4
-5113.6 -623.6 -48.7 189 0 8.3 16.8 5.0 0.0 0 1 2 2 2
-5023.4 -473.3 -46.8 79 0 9.3 8.7 2.5 0.0 0 0 1 5 5
-4678.7 -682.1 -47.5 20 0 14.3 11.2 7.5 2.5 2 0 3 1 1
-4687.6 -708.0 -47.7 17 0 14.0 11.1 7.5 2.5 2 0 3 4 4
-4768.1 -655.1 -49.3 350 0 7.7 16.1 5.0 2.5 2 1 2 2 2
-4786.7 -623.7 -49.5 257 0 10.0 11.2 5.0 2.5 2 1 2 2 2
1151.2 7138.2 24.1 279 0 23.1 13.2 12.5 2.5 2 0 5 5 5
1173.2 7108.0 23.4 99 0 8.1 15.2 5.0 2.5 4 1 2 4 4
652.2 7210.8 18.8 112 0 8.3 13.3 5.0 0.0 0 1 2 4 4
1765.8 7068.1 16.5 95 0 10.3 7.4 2.5 2.5 2 0 1 0 0
1818.3 7042.9 16.0 258 0 8.1 7.9 5.0 0.0 0 0 2 0 0
1744.3 7033.3 16.9 272 0 14.2 10.5 5.0 2.5 2 0 2 2 2
-4202.0 -2185.6 -40.0 263 0 5.9 15.6 5.0 2.5 2 1 2 3 3
-4179.2 -2209.6 -40.3 84 0 16.1 8.6 5.0 2.5 2 0 2 5 5
-3832.7 -1951.3 -51.8 73 0 11.9 5.6 7.5 2.5 2 0 3 4 4
-3813.9 -1900.9 -54.1 341 0 8.3 25.3 7.5 2.5 2 1 3 3 3
4910.5 5694.7 37.6 340 0 5.1 3.9 7.5 2.5 2 0 3 2 2
4909.3 5702.0 37.2 338 0 9.3 5.4 7.5 0.0 0 0 3 0 0
4943.8 5669.5 36.5 196 0 6.1 19.5 5.0 2.5 2 0 2 1 1
2219.3 5165.0 16.5 275 0 8.6 14.0 5.0 0.0 0 1 2 1 1
2195.6 5155.2 16.7 94 0 14.4 10.3 5.0 2.5 2 0 2 4 4
2307.1 5093.6 16.4 4 0 12.8 12.2 10.0 2.5 2 0 4 1 1
2380.3 5278.6 14.0 272 0 9.4 17.7 7.5 0.0 0 1 3 2 2
2422.5 5185.2 14.4 76 0 11.3 13.7 2.5 2.5 2 1 1 5 5
2560.5 5460.0 12.9 1 0 11.5 14.9 7.5 2.5 2 1 3 4 4
2524.1 5375.2 11.7 73 0 13.6 12.7 7.5 2.5 2 0 3 1 1
2592.7 5074.1 13.3 60 0 21.8 10.8 5.0 0.0 0 0 2 0 0
1915.5 6607.4 11.8 271 0 5.6 8.4 5.0 2.5 2 1 2 2 2
1735.8 6734.3 19.3 227 0 10.6 9.5 2.5 2.5 2 0 1 5 5
1752.5 6754.6 19.2 217 0 7.2 10.8 7.5 2.5 2 0 3 1 1
1766.1 6763.1 19.2 308 0 10.2 11.5 5.0 2.5 2 0 2 0 0
1749.5 7266.8 12.9 138 0 12.2 9.2 5.0 0.0 0 0 2 1 1
2045.2 7275.7 10.5 107 0 4.9 3.4 5.0 2.5 2 0 2 5 5
2038.3 7288.2 10.1 197 0 13.2 7.9 2.5 0.0 0 0 1 3 3
2080.8 7349.9 9.2 195 0 8.9 8.0 5.0 2.5 2 0 2 5 5
2064.7 7431.6 7.4 195 0 6.4 19.4 5.0 2.5 2 0 2 3 3
2068.5 7415.6 7.7 196 0 13.3 9.5 7.5 2.5 4 0 3 0 0
2057.5 7378.5 9.0 198 0 13.1 9.5 7.5 2.5 2 0 3 0 0
2052.9 7321.3 9.6 198 0 3.7 4.9 5.0 2.5 2 0 2 3 3
2047.8 7331.3 9.3 196 0 13.1 7.8 7.5 2.5 2 0 3 0 0
1388.3 7290.3 17.4 188 0 7.0 4.0 7.5 2.5 2 0 3 2 2
1408.6 7287.3 17.3 8 0 7.0 16.6 5.0 2.5 2 0 2 2 2
1412.3 7254.3 18.4 96 0 5.3 5.6 7.5 2.5 2 0 3 4 4
1425.6 7265.5 17.8 6 0 16.1 9.7 7.5 2.5 2 0 3 3 3
1364.1 7175.1 19.7 102 0 10.7 6.4 5.0 2.5 4 0 2 2 2
1951.9 7191.4 9.5 107 0 11.5 18.8 7.5 2.5 4 1 3 0 0
1907.1 7122.3 12.3 91 0 8.4 10.5 7.5 2.5 4 1 3 0 0
1282.0 7077.1 19.6 104 0 12.0 5.1 7.5 2.5 2 0 3 2 2
1294.4 7101.3 19.9 14 0 8.0 3.8 7.5 2.5 2 0 3 4 4
1292.4 7093.7 19.8 14 0 7.8 3.8 7.5 2.5 2 0 3 3 3
1290.3 7085.2 19.7 14 0 9.7 24.1 2.5 0.0 0 0 1 3 3
1260.0 7111.7 20.8 194 0 14.7 7.3 5.0 2.5 2 0 2 0 0
1825.7 7121.2 14.2 171 0 3.9 7.6 5.0 2.5 2 0 2 3 3
1833.2 7122.5 14.0 172 0 4.0 8.6 7.5 2.5 2 0 3 3 3
2325.8 7724.4 7.4 239 0 10.6 12.6 2.5 2.5 2 1 1 3 3
1971.2 7222.1 9.0 18 0 16.3 16.3 7.5 2.5 2 1 3 0 0
667.7 6199.6 8.0 16 0 23.8 12.4 10.0 2.5 2 0 4 1 1
634.2 6216.5 7.8 190 0 3.1 4.1 5.0 2.5 2 0 2 1 1
664.7 6230.9 8.4 9 0 4.0 9.4 5.0 2.5 4 1 2 3 3
632.1 6225.0 7.8 190 0 12.9 7.6 7.5 2.5 2 0 3 1 1
822.0 6425.2 12.6 112 0 3.9 8.6 5.0 2.5 2 1 2 5 5
841.4 6414.7 11.5 54 0 3.8 5.2 5.0 2.5 2 0 2 3 3
870.0 6411.2 10.3 63 0 3.3 6.9 7.5 2.5 4 0 3 4 4
862.2 6407.2 10.3 63 0 14.1 7.0 5.0 0.0 0 0 2 0 0
849.0 6448.8 11.7 238 0 5.4 10.1 7.5 2.5 4 1 3 5 5
869.1 6450.9 11.5 334 0 5.0 10.0 7.5 2.5 2 0 3 2 2
874.2 6429.4 10.7 64 0 10.0 19.0 7.5 2.5 2 0 3 0 0
1180.2 6501.0 9.4 85 0 4.9 13.2 7.5 2.5 2 1 3 4 4
1165.4 6494.5 9.2 73 0 11.0 6.5 5.0 2.5 2 0 2 2 2
1161.2 6500.0 9.4 73 0 6.1 8.1 5.0 2.5 2 0 2 0 0
1158.6 6528.6 9.7 255 0 10.2 10.2 5.0 2.5 2 1 2 4 4
1266.7 6473.8 8.9 254 0 8.7 21.7 5.0 0.0 0 1 2 2 2
1281.6 6486.3 9.4 263 0 19.8 6.5 7.5 2.5 2 0 3 2 2
1305.3 6481.6 9.3 259 0 11.6 11.0 5.0 2.5 2 0 2 4 4
1768.5 7031.3 17.3 270 0 10.2 8.6 2.5 2.5 2 0 1 1 1
-2141.2 6798.8 4.2 349 0 6.7 8.0 7.5 2.5 2 1 3 0 0
-2160.9 6788.2 4.1 351 0 11.1 8.3 5.0 2.5 2 0 2 2 2
-2077.8 6806.9 3.9 25 0 16.5 7.6 5.0 2.5 2 0 2 5 5
-1897.6 6555.7 3.1 316 0 3.4 8.6 2.5 2.5 2 0 1 4 4
-1895.5 6549.2 3.2 316 0 8.9 5.6 2.5 2.5 2 0 1 3 3
-1965.6 6472.2 3.7 137 0 20.1 6.4 7.5 2.5 2 0 3 3 3
-1981.9 6489.6 3.2 137 0 17.6 6.4 5.0 2.5 2 0 2 5 5
-1990.0 6530.1 2.7 231 0 8.9 8.6 7.5 2.5 2 0 3 5 5
-1937.8 6622.2 1.7 323 0 5.0 12.1 5.0 2.5 2 1 2 0 0
-1993.3 6611.3 1.6 343 0 5.3 19.7 5.0 2.5 2 1 2 0 0
-2015.8 6626.6 1.6 70 0 7.9 17.7 7.5 2.5 2 1 3 4 4
-2074.2 6703.9 2.4 332 0 7.8 8.4 5.0 0.0 0 1 2 3 3
-2092.3 6749.8 2.7 6 0 10.9 6.7 2.5 2.5 2 0 1 5 5
-2072.8 6748.8 2.5 1 0 8.6 9.6 7.5 2.5 2 1 3 5 5
-2139.8 6767.9 3.2 347 0 5.2 7.0 2.5 2.5 2 1 1 2 2
-2120.4 6825.2 5.1 79 0 9.6 15.8 5.0 2.5 2 1 2 4 4
-1986.3 6858.8 4.8 357 0 12.1 72.1 12.5 2.5 2 0 5 3 3
-1975.5 6859.4 4.5 357 0 12.0 10.9 2.5 2.5 2 0 1 3 3
-1993.7 6876.6 4.7 349 0 7.1 18.4 5.0 2.5 2 1 2 4 4
-1981.0 6882.5 4.4 354 0 5.6 8.9 7.5 2.5 4 1 3 5 5
-1978.8 6905.5 4.5 24 0 19.4 8.0 7.5 2.5 2 0 3 4 4
-1954.7 6901.5 4.1 24 0 7.4 23.6 7.5 2.5 2 0 3 4 4
-1941.5 6875.4 3.6 103 0 8.2 16.5 2.5 0.0 0 1 1 2 2
-1943.1 6857.7 3.9 22 0 5.5 12.5 2.5 2.5 2 1 1 1 1
-1614.7 6981.7 2.3 186 0 14.3 9.4 5.0 2.5 2 0 2 3 3
-1659.3 6962.5 2.4 179 0 7.1 16.9 7.5 2.5 2 1 3 3 3
-1793.7 6803.7 3.3 268 0 8.6 11.6 2.5 2.5 2 1 1 5 5
-1767.4 6812.1 3.3 181 0 5.6 7.6 5.0 0.0 0 0 2 1 1
-1775.7 6787.1 3.5 79 0 7.9 9.6 7.5 2.5 2 1 3 1 1
-1733.7 6824.5 2.6 5 0 9.2 9.7 5.0 2.5 2 1 2 0 0
-1652.5 6885.4 0.5 359 0 9.1 7.3 7.5 2.5 2 0 3 2 2
-1715.2 6892.5 0.7 193 0 9.6 18.4 2.5 2.5 2 1 1 5 5
-1706.9 6859.6 1.2 193 0 10.4 22.8 5.0 2.5 2 1 2 2 2
-1673.7 6851.5 1.6 295 0 5.2 11.7 5.0 0.0 0 1 2 0 0
-1649.4 6825.3 2.8 24 0 11.0 8.0 5.0 2.5 2 0 2 1 1
-1719.1 6794.7 4.4 181 0 9.0 9.4 7.5 2.5 2 1 3 4 4
-1993.7 6804.7 3.5 86 0 4.4 13.3 7.5 2.5 4 1 3 2 2
-1970.6 6807.4 3.3 7 0 7.5 9.6 5.0 2.5 2 1 2 2 2
-1928.4 6778.2 1.7 7 0 7.4 9.4 5.0 2.5 2 1 2 4 4
-1923.4 6763.2 1.0 8 0 8.8 4.2 7.5 2.5 2 0 3 3 3
-1928.6 6755.9 0.8 8 0 6.5 10.1 5.0 2.5 2 1 2 0 0
-1919.6 6815.4 3.2 15 0 11.2 11.4 5.0 0.0 0 1 2 4 4
-1885.5 6794.9 2.1 8 0 9.3 24.0 5.0 0.0 0 1 2 2 2
-1882.1 6815.1 2.9 19 0 9.0 26.2 5.0 2.5 2 1 2 2 2
-1748.0 6755.2 2.6 0 0 9.1 17.7 5.0 2.5 2 1 2 2 2
-1781.2 6766.8 2.5 279 0 13.2 7.7 5.0 2.5 2 0 2 5 5
-1783.8 6730.4 1.9 91 0 17.9 8.7 5.0 2.5 2 0 2 2 2
-1811.8 6747.5 1.6 178 0 20.2 7.3 7.5 2.5 2 0 3 5 5
-1803.5 6723.9 1.8 86 0 16.4 6.2 2.5 2.5 2 0 1 4 4
-1858.1 6731.1 1.0 179 0 9.9 7.3 5.0 2.5 2 0 2 0 0
-1666.2 6748.1 3.8 279 0 10.6 9.0 7.5 2.5 2 0 3 0 0
-1745.4 6660.2 4.0 238 0 8.9 17.4 5.0 2.5 2 1 2 2 2
-1487.1 6892.2 0.1 154 0 8.7 5.7 5.0 2.5 2 0 2 4 4
-1684.2 6742.7 3.5 296 0 7.1 13.5 5.0 2.5 2 1 2 5 5
-1700.2 6718.7 3.6 176 0 9.0 5.7 7.5 2.5 4 0 3 2 2
-1662.4 6705.2 3.8 24 0 8.8 29.1 7.5 2.5 2 1 3 2 2
-1653.0 6696.2 4.6 24 0 12.8 7.2 7.5 2.5 2 0 3 1 1
-1671.3 6685.3 4.5 27 0 9.1 9.9 5.0 2.5 2 1 2 3 3
-1589.7 6725.5 5.1 125 0 5.3 12.9 5.0 2.5 2 1 2 3 3
-1608.3 6730.3 4.7 124 0 11.0 16.1 5.0 2.5 2 1 2 0 0
-1570.7 6696.4 5.7 129 0 19.4 28.3 7.5 2.5 2 1 3 3 3
-2125.9 6369.6 1.9 41 0 7.0 13.5 5.0 2.5 2 1 2 0 0
-2139.4 6352.0 2.0 41 0 7.0 13.5 7.5 2.5 4 1 3 3 3
-2153.5 6381.0 1.1 225 0 12.4 7.1 5.0 2.5 2 0 2 0 0
-2158.1 6376.8 1.1 315 0 7.9 16.2 5.0 2.5 2 0 2 2 2
-2186.6 6324.8 1.8 138 0 9.4 10.8 2.5 2.5 2 1 1 3 3
-2131.8 6511.0 2.1 208 0 8.0 9.0 5.0 2.5 2 1 2 5 5
-2139.9 6481.8 1.4 27 0 12.7 9.7 5.0 2.5 2 0 2 4 4
-2108.4 6505.8 2.0 118 0 12.0 8.0 7.5 2.5 2 0 3 1 1
-2091.7 6487.0 2.2 117 0 6.6 11.0 5.0 2.5 2 1 2 3 3
-1991.5 6626.1 1.4 350 0 5.4 6.7 5.0 2.5 2 1 2 0 0
4756.8 -6310.9 -16.6 153 0 4.0 4.2 7.5 2.5 4 1 3 4 4
-4852.3 4013.2 -21.4 299 0 6.7 26.9 5.0 2.5 2 1 2 0 0
-4897.7 4011.6 -20.2 119 0 11.3 24.1 12.5 2.5 4 1 5 2 2
-4830.3 3959.1 -19.5 293 0 15.2 8.2 7.5 2.5 4 0 3 4 4
-4786.4 3939.4 -20.3 23 0 9.5 31.4 7.5 2.5 2 1 3 4 4
-4593.6 3734.6 -20.9 22 0 10.3 31.4 10.0 2.5 2 1 4 2 2
-4616.5 3781.6 -21.2 203 0 31.0 14.6 5.0 2.5 2 0 2 0 0
-4461.4 3947.6 -19.9 7 0 13.1 9.0 5.0 2.5 2 0 2 3 3
-4460.9 3981.6 -20.0 6 0 9.6 10.0 7.5 2.5 2 1 3 1 1
-4583.9 4323.8 -25.2 294 0 8.8 9.4 7.5 2.5 2 1 3 2 2
-4614.6 4375.6 -26.1 237 0 10.5 10.0 7.5 0.0 0 0 3 2 2
-4605.7 4427.5 -23.7 44 0 10.9 8.8 5.0 2.5 2 0 2 2 2
-4627.1 4455.6 -21.5 304 0 13.5 5.7 7.5 2.5 2 0 3 3 3
-4619.9 4466.9 -20.9 302 0 17.1 7.7 7.5 2.5 2 0 3 1 1
-4675.4 4425.1 -22.5 121 0 7.9 15.4 2.5 2.5 2 1 1 1 1
-4661.6 4440.7 -21.8 123 0 14.4 8.9 5.0 2.5 2 0 2 5 5
-4638.1 4391.5 -25.4 42 0 10.0 8.5 7.5 2.5 2 0 3 1 1
-4658.2 4413.4 -23.9 145 0 9.9 9.8 7.5 2.5 2 0 3 1 1
-4550.4 4508.3 -20.0 23 0 17.8 14.3 12.5 0.0 0 0 5 4 4
-4550.6 4428.0 -24.8 320 0 9.1 10.1 5.0 2.5 4 1 2 5 5
-4669.3 4324.3 -27.6 41 0 10.7 10.6 5.0 2.5 2 0 2 0 0
-4734.4 4385.8 -27.3 216 0 8.3 8.2 2.5 2.5 2 0 1 1 1
-4733.2 4463.2 -19.5 336 0 11.6 9.5 2.5 2.5 2 0 1 0 0
-4755.9 4477.1 -17.8 150 0 10.5 11.6 5.0 2.5 2 1 2 5 5
-4539.5 4399.9 -25.1 42 0 10.0 7.8 7.5 2.5 2 0 3 0 0
-4736.3 4596.3 -12.4 71 0 10.0 12.0 7.5 2.5 2 1 3 1 1
-4897.3 5017.0 4.5 333 0 7.2 10.3 2.5 2.5 2 1 1 5 5
-4873.5 5086.7 4.7 336 0 7.3 9.4 5.0 0.0 0 1 2 4 4
-4490.3 4409.6 -25.0 190 0 8.0 14.2 2.5 2.5 4 1 1 3 3
-4833.8 3903.9 -16.1 119 0 19.1 7.4 5.0 0.0 0 0 2 4 4
-5211.1 3839.5 -14.8 203 0 9.6 14.7 5.0 2.5 2 1 2 2 2
-5188.6 3887.3 -14.4 206 0 11.0 20.8 7.5 2.5 2 1 3 0 0
-5244.7 3777.5 -15.6 270 0 12.0 8.5 7.5 2.5 2 0 3 4 4
-4627.5 3975.7 -23.3 354 0 7.0 14.1 5.0 2.5 2 1 2 5 5
-4628.8 3951.4 -22.7 82 0 16.3 7.5 2.5 0.0 0 0 1 1 1
-4600.2 3850.4 -21.8 109 0 13.0 12.0 7.5 2.5 4 0 3 0 0
-4486.1 3975.5 -20.4 184 0 8.2 7.2 7.5 2.5 2 0 3 5 5
-4567.6 4155.7 -20.4 52 0 5.8 9.4 7.5 2.5 2 1 3 2 2
-6216.6 5277.9 -27.9 15 0 14.6 23.0 10.0 2.5 2 1 4 2 2
-6199.4 5352.5 -30.4 15 0 12.6 20.6 12.5 2.5 2 1 5 0 0
-6208.6 5385.3 -31.5 194 0 3.1 6.7 7.5 2.5 2 1 3 5 5
-3418.0 -3441.3 -47.7 67 0 11.4 13.8 7.0 2.5 2 1 2 2 2
5468.5 -2418.6 -47.3 46 0 10.4 6.6 5.0 2.5 2 0 2 4 4
5411.5 -2395.5 -47.1 317 0 6.8 16.2 7.5 2.5 2 1 3 5 5
5542.7 -2360.9 -46.5 51 0 26.7 11.9 12.5 2.5 2 0 5 0 0
5513.6 -2341.6 -45.1 228 0 13.6 11.2 5.0 0.0 0 0 2 4 4
5471.9 -2391.9 -46.5 226 0 10.3 9.0 7.5 2.5 2 0 3 1 1
5422.0 -2377.6 -45.3 135 0 11.8 19.0 5.0 2.5 2 1 2 2 2
5427.6 -2325.0 -42.5 122 0 7.4 8.0 5.0 2.5 2 1 2 0 0
5409.9 -2306.2 -42.1 76 0 6.9 15.7 7.5 2.5 2 1 3 0 0
5375.8 -2236.3 -38.2 116 0 8.2 13.6 2.5 2.5 2 1 1 4 4
5386.1 -2254.3 -40.3 163 0 18.8 9.1 5.0 2.5 2 0 2 3 3
5410.1 -2227.8 -37.7 342 0 6.2 17.4 7.5 2.5 2 1 3 0 0
5413.0 -2267.4 -41.2 345 0 16.8 9.0 5.0 2.5 2 0 2 4 4
5423.8 -2251.5 -39.0 341 0 6.9 7.3 7.5 2.5 2 1 3 0 0
5435.7 -2286.9 -41.1 337 0 8.8 9.4 2.5 2.5 2 1 1 1 1
5436.5 -2326.9 -42.9 210 0 8.8 24.5 7.5 2.5 2 1 3 1 1
5445.4 -2299.4 -41.4 301 0 8.1 9.6 5.0 0.0 0 1 2 2 2
5457.7 -2307.2 -41.7 300 0 16.0 9.8 2.5 2.5 2 0 1 4 4
5491.7 -2266.1 -39.9 64 0 9.0 18.9 2.5 0.0 0 1 1 2 2
5450.8 -2224.7 -37.5 249 0 11.0 5.8 5.0 2.5 4 0 2 5 5
5436.2 -2245.8 -38.1 160 0 14.6 9.0 2.5 2.5 2 0 1 3 3
5459.1 -2146.9 -36.9 67 0 8.7 11.2 7.5 2.5 4 1 3 0 0
5426.9 -2082.8 -33.9 348 0 9.4 6.6 5.0 2.5 2 0 2 5 5
5427.9 -2108.7 -34.3 349 0 23.2 9.6 5.0 2.5 2 0 2 3 3
4510.1 -807.1 12.6 106 0 17.8 13.2 2.5 2.5 4 0 1 2 2
4487.9 -783.7 13.0 288 0 9.2 8.2 2.5 2.5 4 0 1 1 1
4458.1 -780.8 13.4 197 0 10.2 14.0 5.0 2.5 2 1 2 0 0
3720.5 -563.1 16.8 18 0 9.7 22.8 7.5 2.5 2 1 3 2 2
1215.0 77.5 -1.6 261 0 4.7 6.8 7.5 2.5 2 0 3 4 4
1227.1 53.4 -2.1 350 0 9.5 14.1 2.5 2.5 2 1 1 2 2
1223.2 78.7 -1.4 261 0 11.8 11.1 5.0 0.0 0 0 2 2 2
954.6 451.7 -7.5 332 0 17.3 7.9 7.5 2.5 2 0 3 3 3
924.4 439.5 -8.3 237 0 5.8 9.7 5.0 2.5 4 1 2 5 5
950.4 391.7 -8.3 130 0 22.1 7.7 7.5 2.5 2 0 3 2 2
974.6 414.2 -7.7 41 0 7.9 14.8 7.5 2.5 2 1 3 3 3
1086.5 270.4 -8.1 249 0 8.6 14.1 7.5 0.0 0 1 3 2 2
1235.4 229.1 -2.8 47 0 7.0 16.5 5.0 2.5 2 1 2 4 4
1195.2 227.9 -4.2 259 0 16.8 6.8 5.0 2.5 2 0 2 0 0
1193.5 194.5 -4.2 70 0 9.7 10.6 7.5 2.5 4 1 3 1 1
1115.5 156.9 -7.6 66 0 8.6 21.4 2.5 2.5 2 1 1 2 2
1145.3 196.7 -6.6 340 0 9.4 16.8 5.0 2.5 2 1 2 0 0
1154.0 182.8 -5.9 334 0 12.1 9.0 5.0 2.5 2 0 2 2 2
1167.3 123.8 -5.4 69 0 7.9 13.6 7.5 2.5 2 1 3 1 1
1156.5 158.7 -5.7 339 0 12.1 4.6 7.5 2.5 2 0 3 4 4
1174.5 153.5 -5.0 337 0 10.0 6.7 2.5 2.5 2 0 1 0 0
1182.2 124.3 -4.7 70 0 9.1 13.2 5.0 2.5 2 1 2 0 0
534.3 3129.2 10.6 337 0 3.7 6.3 2.5 2.5 4 1 1 4 4
516.9 3121.3 10.8 244 0 10.1 7.9 2.5 2.5 2 0 1 1 1
-75.9 2695.4 9.4 142 0 21.1 7.4 7.5 2.5 2 0 3 2 2
-88.7 2664.8 9.3 154 0 8.6 29.5 7.5 2.5 2 1 3 4 4
-108.6 2698.9 10.5 329 0 15.9 7.5 5.0 2.5 2 0 2 5 5
-96.0 2712.2 10.0 148 0 8.9 9.7 7.5 2.5 2 1 3 5 5
173.6 2862.7 6.5 340 0 6.7 4.5 2.5 2.5 2 0 1 4 4
165.4 2880.7 6.5 306 0 10.1 6.5 5.0 2.5 2 0 2 4 4
132.3 2848.7 6.9 133 0 14.0 5.7 7.5 2.5 2 0 3 5 5
155.6 2847.1 6.6 226 0 16.5 8.0 5.0 2.5 2 0 2 2 2
146.0 2864.8 6.7 144 0 13.2 8.0 7.5 2.5 2 0 3 1 1
123.0 2878.4 6.7 143 0 9.0 10.1 5.0 2.5 2 1 2 3 3
237.2 3050.6 9.1 234 0 12.7 7.3 2.5 2.5 2 0 1 4 4
268.3 3075.6 9.3 233 0 10.7 9.1 5.0 2.5 2 0 2 0 0
220.0 3074.1 9.0 57 0 8.5 7.1 7.5 2.5 2 0 3 5 5
182.1 3018.2 8.3 228 0 4.5 11.3 5.0 0.0 0 1 2 5 5
203.1 3008.1 8.4 46 0 11.5 9.1 7.5 2.5 2 0 3 1 1
174.1 2985.1 7.9 134 0 9.7 14.1 2.5 2.5 2 1 1 3 3
154.3 2985.1 7.5 322 0 13.5 7.0 2.5 2.5 2 0 1 5 5
129.0 2992.6 7.2 329 0 12.7 6.4 5.0 2.5 2 0 2 0 0
92.0 2960.6 6.7 231 0 11.6 11.1 5.0 0.0 0 0 2 0 0
79.7 2943.5 6.8 234 0 9.6 6.2 5.0 0.0 0 0 2 1 1
67.5 2927.0 6.9 232 0 10.4 7.9 7.5 2.5 2 0 3 4 4
-58.9 2800.3 10.3 51 0 6.4 5.7 5.0 2.5 2 0 2 4 4
-73.0 2843.9 8.6 133 0 13.3 4.8 5.0 2.5 2 0 2 4 4
-49.1 2870.5 7.8 230 0 25.4 9.4 7.5 2.5 2 0 3 5 5
-55.3 2830.9 8.8 139 0 23.6 7.4 7.5 2.5 2 0 3 4 4
-17.0 2835.9 8.1 50 0 15.9 8.8 5.0 2.5 2 0 2 5 5
444.3 3228.7 9.9 149 0 10.6 7.7 7.5 2.5 2 0 3 3 3
354.9 3193.4 10.6 35 0 10.4 9.9 5.0 2.5 2 0 2 4 4
386.9 3174.9 9.8 302 0 17.5 22.5 7.5 2.5 2 1 3 5 5
317.0 3108.1 9.5 234 0 13.2 9.9 2.5 2.5 2 0 1 0 0
2049.3 4134.6 11.5 290 0 7.4 7.6 5.0 2.5 2 0 2 4 4
2040.8 4140.7 11.4 290 0 12.8 10.5 5.0 2.5 2 0 2 0 0
2060.0 4162.3 11.4 69 0 9.3 12.4 7.5 2.5 2 1 3 4 4
1922.8 4014.5 14.5 316 0 8.3 6.6 5.0 2.5 2 0 2 3 3
1912.6 3990.0 14.5 137 0 9.4 13.1 7.5 2.5 2 1 3 5 5
1891.5 3992.1 14.6 126 0 15.0 6.2 5.0 2.5 4 0 2 4 4
1888.2 4005.9 14.6 138 0 8.8 14.3 7.5 2.5 4 1 3 4 4
1842.2 3909.7 13.1 246 0 12.3 5.6 5.0 2.5 2 0 2 3 3
1903.1 3890.1 13.0 320 0 9.6 10.0 7.5 2.5 2 1 3 2 2
3114.3 5457.2 21.1 50 0 20.5 11.7 7.5 2.5 2 0 3 2 2
1432.0 -4851.3 -10.3 176 0 20.1 8.6 5.0 2.5 2 0 2 1 1
1577.7 -4987.8 -8.5 30 0 7.8 4.9 2.5 2.5 2 0 1 4 4
1542.0 -4970.4 -8.7 210 0 9.8 15.7 5.0 2.5 2 1 2 2 2
1479.9 -4924.7 -8.8 212 0 5.3 4.7 5.0 2.5 4 0 2 1 1
1473.1 -4921.4 -9.0 37 0 7.6 14.8 2.5 2.5 2 1 1 2 2
1454.7 -4905.2 -9.3 126 0 8.7 13.9 2.5 2.5 2 1 1 1 1
1490.9 -4890.2 -9.1 34 0 9.4 12.9 2.5 2.5 2 1 1 2 2
1423.4 -4811.1 -10.7 153 0 14.0 9.2 7.5 2.5 2 0 3 1 1
1438.1 -4819.1 -10.4 155 0 9.9 18.2 7.5 2.5 2 1 3 3 3
1441.2 -4835.6 -10.4 159 0 6.8 16.1 5.0 2.5 2 1 2 2 2
1453.8 -4863.9 -9.7 177 0 8.1 13.9 2.5 2.5 2 1 1 5 5
-6643.5 -2183.3 -49.1 64 0 19.0 32.8 2.5 2.5 2 1 1 0 0
-6605.3 -2152.4 -49.5 247 0 12.5 19.4 2.5 2.5 2 1 1 5 5
-6411.4 -1829.8 -55.2 237 0 11.0 12.2 5.0 2.5 2 1 2 1 1
-6405.8 -1871.9 -56.6 146 0 8.1 26.9 2.5 2.5 2 1 1 3 3
-6414.8 -1867.6 -56.3 51 0 8.3 19.8 2.5 2.5 4 1 1 5 5
-6296.8 -1653.7 -44.7 169 0 8.2 23.5 2.5 2.5 2 1 1 3 3
-6260.9 -1710.1 -48.2 74 0 9.1 10.5 5.0 2.5 2 1 2 2 2
-6278.0 -1696.4 -47.2 83 0 6.1 14.6 2.5 2.5 4 1 1 0 0
-6276.6 -1676.2 -45.9 166 0 9.5 24.1 2.5 2.5 2 1 1 2 2
-6242.8 -1693.3 -46.7 77 0 13.5 16.1 5.0 2.5 2 1 2 4 4
-6245.5 -1642.1 -44.5 347 0 8.1 12.4 2.5 2.5 2 1 1 4 4
-5783.5 -1974.8 -36.2 98 0 7.1 9.8 2.5 0.0 0 1 1 0 0
-6189.6 -2681.2 -31.1 91 0 18.9 14.4 7.5 2.5 2 0 3 2 2
-6212.3 -2646.0 -32.3 184 0 25.7 11.9 2.5 2.5 2 0 1 5 5
-6194.2 -2626.3 -33.5 190 0 12.8 28.3 5.0 2.5 4 1 2 3 3
-6156.5 -2659.4 -33.2 95 0 11.7 18.9 2.5 2.5 2 1 1 4 4
-6161.4 -2601.4 -35.3 10 0 10.5 24.6 2.5 2.5 2 1 1 1 1
-6149.7 -2619.4 -34.4 4 0 11.9 10.6 2.5 2.5 2 0 1 3 3
-6197.9 -2567.4 -36.5 275 0 6.7 14.3 2.5 2.5 2 1 1 3 3
-6402.3 -2731.9 -23.6 78 0 14.5 12.8 5.0 2.5 2 0 2 1 1
-6376.0 -2682.1 -26.5 253 0 13.2 34.6 2.5 2.5 2 1 1 4 4
-6413.6 -2703.4 -24.9 167 0 8.7 15.9 2.5 2.5 2 0 1 1 1
-6415.5 -2695.5 -25.3 167 0 7.4 15.9 2.5 2.5 2 0 1 4 4
-6563.9 -2780.0 -25.5 25 0 10.5 13.6 5.0 2.5 2 1 2 1 1
-6568.0 -2656.1 -24.6 19 0 9.5 11.4 5.0 2.5 2 1 2 3 3
-6560.6 -2644.0 -25.7 108 0 6.9 14.8 2.5 2.5 2 1 1 5 5
-6589.4 -2614.2 -26.4 198 0 12.0 21.0 2.5 2.5 2 1 1 4 4
-6592.2 -2631.9 -25.3 199 0 15.6 8.5 2.5 2.5 2 0 1 5 5
-6782.3 -2696.6 -26.0 285 0 15.3 13.5 5.0 2.5 2 0 2 1 1
-6761.2 -2707.0 -25.9 9 0 11.0 5.8 2.5 2.5 2 0 1 4 4
-6941.9 -2719.7 -32.5 187 0 10.2 13.8 5.0 2.5 2 1 2 2 2
-6946.4 -2702.5 -33.0 189 0 17.6 6.8 2.5 2.5 2 0 1 2 2
-6936.6 -2686.3 -32.2 191 0 8.7 15.3 2.5 2.5 2 1 1 2 2
-6339.3 -3153.4 -8.1 1 0 13.4 13.2 5.0 2.5 4 0 2 2 2
-6191.8 -3249.7 -1.7 286 0 12.8 15.4 5.0 2.5 2 1 2 0 0
-6250.3 -3240.6 -4.6 198 0 44.1 10.0 2.5 2.5 2 0 1 0 0
-6228.1 -3267.6 -2.4 108 0 19.5 10.2 2.5 2.5 2 0 1 3 3
-6198.2 -3285.7 0.3 90 0 7.5 14.7 2.5 2.5 2 1 1 3 3
-6000.2 -3168.4 -2.8 268 0 15.4 11.5 5.0 2.5 2 0 2 4 4
-5988.7 -3204.5 -1.8 359 0 10.4 21.4 2.5 2.5 2 1 1 1 1
-5974.2 -3189.5 -2.8 359 0 20.1 11.6 2.5 2.5 2 0 1 4 4
-6020.3 -3191.4 -2.0 180 0 26.1 7.6 2.5 2.5 4 0 1 3 3
-6005.1 -3237.4 -1.1 89 0 6.3 12.1 2.5 2.5 2 1 1 5 5
-5859.6 -3056.3 -10.0 267 0 12.9 12.9 5.0 2.5 2 1 2 1 1
-5891.1 -3089.5 -8.1 260 0 10.4 33.6 2.5 0.0 0 1 1 1 1
-5862.7 -3140.4 -8.0 80 0 54.9 8.3 2.5 2.5 4 0 1 3 3
-6277.6 -2795.2 -22.2 82 0 12.4 19.2 5.0 2.5 2 1 2 0 0
-6823.5 -4177.0 3.3 202 0 10.1 19.2 5.0 2.5 2 1 2 1 1
-6804.4 -4170.5 3.8 208 0 6.3 15.2 2.5 2.5 4 1 1 0 0
-6761.9 -4151.5 4.9 212 0 10.1 10.9 5.0 2.5 2 1 2 3 3
-6786.6 -4169.3 4.1 212 0 9.5 16.4 2.5 2.5 2 1 1 2 2
-6753.7 -4180.0 4.3 32 0 20.4 10.2 2.5 2.5 2 0 1 4 4
-6722.1 -4140.9 5.5 318 0 9.4 19.6 2.5 2.5 2 1 1 5 5
-6738.8 -4165.8 5.0 32 0 12.0 5.7 2.5 2.5 2 0 1 3 3
-6594.7 -4326.0 3.5 139 0 11.5 12.5 5.0 2.5 2 1 2 5 5
-6611.4 -4324.7 3.4 136 0 11.4 5.1 2.5 2.5 2 0 1 0 0
-6617.1 -4304.5 3.6 222 0 12.7 10.0 2.5 2.5 2 0 1 1 1
-6600.2 -4294.1 3.9 310 0 8.1 12.6 2.5 0.0 0 0 1 0 0
-6474.6 -4479.3 2.4 143 0 15.7 12.0 5.0 2.5 4 0 2 3 3
-6431.7 -4452.7 3.2 310 0 12.9 20.6 5.0 2.5 2 1 2 0 0
-6420.8 -4528.2 1.6 144 0 6.8 20.3 2.5 2.5 2 1 1 5 5
-6409.5 -4503.2 2.2 328 0 6.6 12.1 2.5 0.0 0 1 1 1 1
-6388.8 -4494.9 2.2 330 0 15.4 10.0 2.5 2.5 2 0 1 0 0
-6459.7 -4499.8 2.3 140 0 12.7 7.3 2.5 2.5 4 0 1 1 1
-6344.7 -4536.8 0.7 317 0 15.2 11.1 5.0 2.5 4 0 2 4 4
-6330.0 -4553.0 0.2 319 0 8.9 14.1 5.0 2.5 2 1 2 4 4
-6372.3 -4568.0 0.2 47 0 11.6 17.2 2.5 2.5 2 1 1 3 3
-6370.0 -4534.7 0.9 318 0 9.0 16.7 2.5 2.5 2 1 1 3 3
-6477.4 -4968.1 -6.1 342 0 20.4 11.4 5.0 2.5 2 0 2 2 2
-6440.9 -5170.3 -7.2 351 0 11.9 11.4 5.0 2.5 2 0 2 1 1
-6473.3 -5188.1 -7.8 78 0 11.0 16.2 2.5 2.5 2 1 1 3 3
-6459.7 -5191.3 -7.7 80 0 11.4 7.6 2.5 2.5 2 0 1 5 5
-6042.0 -5016.5 0.5 76 0 15.2 11.9 5.0 2.5 2 0 2 4 4
-6090.6 -5388.5 -3.8 82 0 9.3 10.2 2.5 2.5 2 1 1 1 1
-6065.7 -5371.2 -3.3 259 0 9.6 15.7 2.5 2.5 2 1 1 5 5
-5996.4 -5784.6 -10.7 268 0 10.2 14.0 2.5 2.5 4 1 1 2 2
-6016.7 -5801.4 -11.0 190 0 5.8 8.2 2.5 2.5 2 1 1 0 0
-6339.0 -6214.7 -11.5 204 0 9.2 13.4 5.0 2.5 2 1 2 2 2
-6343.0 -6251.3 -11.3 27 0 10.9 15.3 2.5 2.5 2 1 1 2 2
-6359.5 -6219.9 -11.5 294 0 10.4 15.9 2.5 2.5 2 1 1 4 4
-6565.6 -6163.3 -14.8 116 0 12.6 11.4 5.0 2.5 2 0 2 4 4
-6582.9 -6129.4 -15.4 205 0 16.1 9.9 2.5 2.5 2 0 1 4 4
-6514.3 -6132.1 -14.4 21 0 13.6 8.6 2.5 2.5 2 0 1 0 0
-6639.8 -6086.3 -17.2 21 0 10.9 15.7 5.0 2.5 2 1 2 5 5
6414.8 7363.2 4.0 28 0 8.3 26.3 5.0 2.5 2 1 2 0 0
6392.2 7341.9 3.3 28 0 9.6 10.3 2.5 2.5 2 1 1 0 0
6232.6 7119.0 -5.7 180 0 9.1 13.6 2.5 2.5 2 1 1 5 5
5963.4 6897.1 16.0 79 0 12.4 9.1 5.0 2.5 2 0 2 2 2
-5669.3 7800.2 -11.4 93 0 16.8 8.6 7.5 2.5 2 0 3 3 3
713.6 1449.5 7.4 269 0 9.0 11.1 2.5 2.5 2 1 1 3 3
760.6 1461.0 8.1 183 0 14.5 9.7 7.5 2.5 2 0 3 5 5
794.0 1488.7 8.4 88 0 10.5 11.1 10.0 2.5 2 1 4 3 3
752.2 1526.1 7.0 178 0 10.5 13.5 2.5 2.5 2 1 1 5 5
757.7 1511.1 7.4 177 0 11.3 12.8 5.0 2.5 2 1 2 3 3
4709.2 -3076.9 -30.8 111 0 8.5 8.7 7.5 2.5 2 0 3 2 2
6194.4 6561.1 10.1 291 0 7.7 12.3 7.5 2.5 2 1 3 3 3
6228.9 6544.3 12.9 107 0 11.0 13.9 5.0 2.5 2 1 2 5 5
6346.6 6573.3 16.5 301 0 5.9 9.8 7.5 2.5 4 1 3 1 1
6367.5 6540.5 16.5 122 0 11.8 11.2 2.5 2.5 2 0 1 5 5
6369.0 6572.1 16.1 296 0 18.6 7.9 7.5 2.5 2 0 3 1 1
6559.2 6219.0 11.1 183 0 22.4 7.0 7.5 2.5 2 0 3 5 5
6534.5 6207.6 11.4 169 0 10.0 11.2 5.0 2.5 2 1 2 4 4
6588.4 5832.3 18.4 293 0 9.0 4.3 7.5 2.5 2 0 3 4 4
6076.5 6300.3 10.8 195 0 10.9 10.0 7.5 2.5 2 0 3 0 0
6088.9 6314.1 9.1 104 0 19.2 5.8 2.5 2.5 2 0 1 1 1
6090.7 6130.4 23.3 28 0 3.5 4.9 7.5 2.5 2 1 3 0 0
6061.8 6139.2 23.9 205 0 5.3 7.1 7.5 2.5 2 1 3 4 4
6073.8 6157.0 21.7 210 0 11.2 23.4 10.0 2.5 2 1 4 4 4
6226.9 6021.9 21.6 203 0 6.0 8.4 7.5 2.5 2 1 3 2 2
6212.4 6023.2 22.5 292 0 18.7 8.1 5.0 2.5 2 0 2 5 5
6212.3 6039.4 24.4 42 0 16.3 7.6 2.5 0.0 0 0 1 5 5
6232.6 6040.9 23.1 39 0 8.7 14.1 5.0 2.5 2 1 2 3 3
6357.4 5887.0 21.2 69 0 8.4 12.6 7.5 2.5 2 1 3 3 3
6363.1 5873.7 19.4 342 0 7.9 16.6 7.5 2.5 2 1 3 2 2
6339.4 5884.5 19.0 341 0 37.5 7.4 7.5 2.5 2 0 3 3 3
6381.6 5692.6 17.7 73 0 7.4 10.2 2.5 2.5 2 1 1 1 1
6401.7 5750.9 17.7 339 0 20.8 10.4 5.0 2.5 2 0 2 4 4
6410.1 5760.1 17.5 160 0 12.8 9.0 7.5 2.5 2 0 3 5 5
6533.5 5837.2 18.5 287 0 28.1 12.2 10.0 2.5 2 0 4 4 4
6624.8 5944.5 14.8 192 0 9.5 13.7 7.5 2.5 2 1 3 2 2
6633.7 5974.0 12.9 99 0 17.9 9.2 7.5 2.5 2 0 3 0 0
6619.1 5969.0 13.2 6 0 22.8 10.2 7.5 2.5 2 0 3 1 1
6546.6 5966.9 13.8 108 0 7.8 14.2 2.5 0.0 0 1 1 2 2
6573.7 5956.0 14.2 109 0 9.2 12.2 7.5 2.5 2 1 3 3 3
6324.1 6240.7 4.6 111 0 12.7 6.2 7.5 2.5 2 0 3 2 2
6344.5 6229.8 4.9 288 0 7.5 13.1 7.5 0.0 0 1 3 0 0
6611.8 6649.8 12.2 154 0 6.0 7.9 2.5 2.5 2 1 1 4 4
6611.7 6660.0 12.0 145 0 4.0 9.9 7.5 2.5 2 1 3 4 4
6634.9 6642.5 13.0 61 0 10.5 12.7 5.0 2.5 2 1 2 4 4
6629.5 6677.4 12.5 239 0 16.6 7.7 7.5 2.5 2 0 3 4 4
6660.1 6658.8 13.2 60 0 11.3 31.3 12.5 0.0 0 1 5 4 4
6655.2 6642.5 14.3 57 0 15.0 6.4 7.5 2.5 4 0 3 3 3
6576.6 6968.4 4.1 320 0 10.2 11.7 5.0 0.0 0 1 2 2 2
6591.6 6976.2 5.2 256 0 5.9 13.9 2.5 2.5 2 1 1 2 2
6611.0 6956.8 6.2 339 0 6.8 9.0 5.0 2.5 2 1 2 3 3
6603.8 6940.9 5.1 353 0 11.1 27.3 10.0 2.5 2 1 4 2 2
6623.9 6918.8 7.4 319 0 18.3 9.0 5.0 2.5 4 0 2 1 1
6635.8 6881.6 8.8 321 0 14.3 9.2 5.0 0.0 0 0 2 1 1
6672.6 7152.3 3.7 18 0 9.3 19.3 5.0 2.5 2 1 2 0 0
6674.8 7171.7 3.1 107 0 8.1 13.2 5.0 2.5 4 1 2 5 5
6782.9 7108.2 9.5 166 0 8.3 4.7 2.5 2.5 2 0 1 5 5
6770.9 7027.6 12.9 288 0 14.1 9.1 7.5 2.5 2 0 3 1 1
6771.0 7104.6 9.3 354 0 5.5 6.3 5.0 2.5 2 1 2 3 3
6784.8 7089.4 10.5 257 0 15.2 5.3 5.0 2.5 2 0 2 4 4
6773.0 7091.8 9.8 344 0 10.2 8.1 2.5 2.5 2 0 1 2 2
6786.3 7279.4 1.1 89 0 11.9 8.9 2.5 2.5 2 0 1 4 4
6915.2 6783.8 26.5 180 0 8.1 26.3 5.0 2.5 2 1 2 4 4
6918.7 6808.2 26.1 178 0 21.9 8.9 5.0 2.5 2 0 2 2 2
6906.1 6990.0 18.5 290 0 5.7 27.3 7.5 2.5 2 1 3 0 0
6879.5 6991.1 17.6 189 0 13.1 8.4 5.0 2.5 2 0 2 2 2
6937.3 7051.2 18.8 278 0 9.0 17.0 5.0 2.5 2 1 2 2 2
6943.2 6967.4 20.8 29 0 12.0 10.0 7.5 2.5 4 0 3 1 1
6904.3 6690.9 23.8 314 0 8.7 15.1 2.5 2.5 2 1 1 0 0
5708.4 5894.8 39.6 0 0 13.4 6.3 7.5 2.5 2 0 3 2 2
5707.5 5862.4 38.9 90 0 10.9 9.8 7.5 2.5 4 0 3 2 2
5639.4 5807.1 34.8 12 0 9.2 13.8 7.5 2.5 2 1 3 3 3
5619.5 5878.3 36.6 192 0 5.2 6.2 2.5 0.0 0 1 1 3 3
5549.1 6262.1 33.6 179 0 24.9 7.9 5.0 2.5 2 0 2 1 1
5533.9 6281.7 34.3 176 0 5.5 27.7 5.0 2.5 2 1 2 1 1
5528.7 6270.9 34.1 265 0 9.2 11.5 5.0 2.5 2 1 2 2 2
5515.0 6240.1 33.9 91 0 8.1 12.0 7.5 2.5 2 1 3 2 2
5497.1 6239.8 34.2 90 0 5.5 17.6 2.5 2.5 2 1 1 4 4
5466.3 6253.9 34.9 97 0 7.2 10.4 5.0 2.5 2 1 2 0 0
5446.6 6261.9 35.2 189 0 9.0 6.3 7.5 2.5 2 0 3 1 1
5430.6 6270.8 35.6 39 0 5.9 7.5 5.0 2.5 2 1 2 5 5
5387.1 6258.2 35.7 96 0 3.5 5.7 5.0 2.5 4 1 2 2 2
5396.8 6267.4 35.1 95 0 11.6 7.8 5.0 2.5 4 0 2 1 1
5370.7 6271.4 34.3 97 0 14.0 9.8 5.0 2.5 2 0 2 0 0
5076.0 5899.4 19.2 36 0 10.9 9.8 5.0 2.5 2 0 2 1 1
5144.2 6036.4 24.2 217 0 6.9 12.6 5.0 2.5 2 1 2 4 4
5183.0 6096.3 28.5 19 0 6.7 7.6 2.5 2.5 4 1 1 4 4
5364.4 6076.9 27.1 212 0 16.3 9.5 7.5 2.5 4 0 3 1 1
5329.3 6076.7 27.2 297 0 9.8 7.7 7.5 2.5 2 0 3 0 0
5344.9 6085.4 28.3 123 0 5.0 9.4 7.5 2.5 2 1 3 4 4
5323.2 6094.3 28.8 124 0 6.0 14.3 7.5 2.5 2 1 3 0 0
5238.6 6222.9 34.8 276 0 13.2 5.2 7.5 2.5 4 0 3 4 4
5274.7 6245.2 35.4 277 0 5.3 12.9 7.5 2.5 2 1 3 4 4
5250.6 6226.5 35.5 191 0 5.8 17.6 7.5 2.5 2 1 3 1 1
5235.6 6234.2 35.3 104 0 9.1 10.8 2.5 2.5 2 1 1 0 0
5175.7 6231.5 33.2 224 0 8.8 11.5 5.0 0.0 0 1 2 3 3
5138.6 6312.0 32.9 184 0 11.5 8.6 5.0 2.5 2 0 2 0 0
5061.7 6367.8 31.1 281 0 14.6 8.0 5.0 2.5 2 0 2 2 2
4753.5 5897.9 35.0 327 0 13.3 11.3 2.5 2.5 2 0 1 1 1
4506.0 6406.7 27.0 341 0 14.4 8.2 7.5 2.5 2 0 3 2 2
4494.1 6547.5 24.6 5 0 5.6 8.8 5.0 2.5 2 1 2 4 4
6117.0 6135.4 21.7 209 0 3.0 5.4 5.0 2.5 2 1 2 3 3
6109.0 6132.5 22.4 293 0 8.3 11.3 7.5 2.5 2 1 3 5 5
-4518.1 4214.0 -18.3 48 0 14.6 13.9 7.5 2.5 2 0 3 3 3
4233.5 6731.9 19.5 217 0 11.0 5.1 5.0 2.5 2 0 2 4 4
4204.8 6806.1 17.7 47 0 11.0 8.4 2.5 2.5 2 0 1 1 1
4183.6 6786.7 18.4 46 0 8.9 10.7 2.5 2.5 2 1 1 3 3
4114.1 6755.1 20.4 131 0 15.7 8.0 7.5 2.5 2 0 3 2 2
4150.9 6657.8 21.6 115 0 8.1 11.9 5.0 2.5 2 1 2 0 0
3889.0 6730.9 22.2 255 0 14.8 8.3 5.0 0.0 0 0 2 5 5
3767.5 6477.7 26.8 254 0 7.1 13.6 2.5 2.5 2 1 1 5 5
3747.4 6460.0 27.1 162 0 10.7 5.7 5.0 2.5 2 0 2 0 0
3789.3 6676.5 23.5 122 0 9.2 19.1 5.0 2.5 4 1 2 3 3
3430.1 6852.8 22.7 247 0 6.6 10.0 2.5 2.5 2 1 1 3 3
3489.6 6850.6 23.0 51 0 9.3 15.7 5.0 2.5 4 1 2 3 3
2728.0 7032.2 11.1 197 0 9.4 11.8 5.0 2.5 2 1 2 2 2
2827.9 6979.7 13.5 126 0 8.7 12.7 5.0 2.5 2 1 2 0 0
2825.9 7028.2 12.6 183 0 8.8 18.0 2.5 2.5 2 1 1 1 1
2781.7 7028.8 11.9 35 0 9.7 5.1 5.0 2.5 2 0 2 2 2
2799.6 7049.8 11.6 36 0 7.0 10.0 5.0 2.5 2 1 2 5 5
2767.7 7084.1 10.5 331 0 13.1 7.1 2.5 0.0 0 0 1 5 5
2739.4 7153.1 6.3 260 0 6.3 16.9 5.0 2.5 4 1 2 0 0
