404.5 2473.8 5.2 266 0 3.9 7.5 7.5 2.5 2 1 3 5 5
406.6 2432.6 1.4 176 0 7.1 4.8 2.5 2.5 2 0 1 0 0
454.7 2435.3 -0.9 354 0 6.2 17.1 7.5 2.5 2 1 3 2 2
450.5 2411.3 -2.6 349 0 7.3 14.2 7.5 2.5 2 1 3 1 1
-3276.7 2381.2 -0.3 108 0 5.3 6.4 5.0 2.5 2 0 2 2 2
-3288.7 2403.4 0.1 98 0 5.2 10.3 2.5 2.5 2 1 1 3 3
-3238.5 2420.3 -1.6 292 0 6.1 10.5 5.0 2.5 2 1 2 1 1
-3237.2 2345.8 -1.5 12 0 6.3 5.6 5.0 2.5 2 0 2 2 2
-3244.0 2331.3 -1.3 14 0 5.2 7.1 7.5 2.5 2 1 3 2 2
-2588.0 2365.8 -5.1 330 0 13.7 48.8 12.5 2.5 2 1 5 5 5
-2658.0 2227.2 -6.0 257 0 7.7 10.2 7.5 2.5 2 1 3 1 1
-2708.0 2303.7 -5.5 5 0 8.9 6.6 2.5 2.5 2 0 1 4 4
-2732.8 2306.2 -5.8 88 0 6.4 3.7 7.5 2.5 4 0 3 4 4
-2743.5 2367.0 -7.1 355 0 7.4 4.9 7.5 2.5 2 0 3 3 3
-3210.7 2371.5 -2.6 287 0 20.3 5.3 7.5 2.5 2 0 3 5 5
-3183.1 2363.3 -2.7 287 0 6.0 4.4 5.0 2.5 2 0 2 0 0
-2802.0 2318.3 -6.3 355 0 9.7 15.6 5.0 2.5 2 1 2 0 0
-2806.4 2296.4 -5.8 84 0 12.5 5.5 7.5 2.5 2 0 3 1 1
-893.7 182.1 -5.3 264 0 6.7 18.9 7.5 2.5 2 0 3 1 1
-515.7 211.7 -6.2 198 0 43.5 12.8 10.0 2.5 2 0 4 1 1
-560.1 160.9 -6.4 200 0 58.8 16.1 7.5 2.5 2 0 3 1 1
-763.4 54.1 -6.6 95 0 9.2 19.0 7.5 2.5 2 1 3 4 4
-516.8 275.5 -2.7 109 0 10.6 5.5 7.5 2.5 2 0 3 3 3
-432.6 157.9 -5.2 198 0 9.1 40.7 7.5 2.5 2 1 3 5 5
-713.8 71.7 -6.5 5 0 5.0 22.4 7.5 2.5 2 1 3 2 2
-295.0 45.4 -4.8 119 0 8.9 6.4 2.5 2.5 2 0 1 2 2
-262.0 45.1 -5.0 119 0 12.5 24.5 10.0 2.5 2 1 4 4 4
-222.4 116.4 -4.8 299 0 15.2 41.0 10.0 2.5 2 1 4 3 3
-207.7 41.9 -5.2 28 0 30.6 5.8 7.5 2.5 2 0 3 5 5
-606.9 7.5 -5.0 191 0 9.8 48.6 7.5 2.5 2 1 3 1 1
-478.0 62.2 -5.2 11 0 8.0 60.4 7.5 0.0 0 1 3 0 0
-579.6 83.2 -5.6 190 0 36.2 12.9 10.0 2.5 2 0 4 4 4
-611.1 124.3 -6.4 94 0 19.7 12.2 2.5 2.5 2 0 1 4 4
-642.6 127.8 -6.7 94 0 26.5 10.7 10.0 2.5 2 0 4 1 1
-587.8 243.0 -5.3 197 0 10.1 9.1 7.5 2.5 4 0 3 4 4
-648.0 109.3 -6.4 274 0 32.0 8.6 7.5 2.5 2 0 3 2 2
-640.7 152.9 -6.9 94 0 19.1 5.5 5.0 2.5 2 0 2 1 1
-610.9 149.8 -6.6 95 0 5.4 5.5 5.0 2.5 2 0 2 2 2
-686.4 130.3 -7.0 95 0 23.5 12.8 7.5 2.5 2 0 3 1 1
-689.9 101.4 -6.5 275 0 9.3 15.5 7.5 0.0 0 1 3 0 0
-757.1 106.4 -6.8 275 0 12.5 18.4 7.5 2.5 4 1 3 5 5
-793.3 109.0 -6.7 274 0 12.4 18.5 7.5 2.5 2 1 3 2 2
-795.6 56.6 -6.4 94 0 9.3 18.8 7.5 2.5 2 1 3 1 1
-683.5 69.7 -6.3 4 0 5.0 22.4 7.5 2.5 2 1 3 4 4
-649.7 84.5 -6.2 95 0 23.8 5.6 7.5 0.0 0 0 3 4 4
-740.4 135.0 -7.1 95 0 31.8 8.8 7.5 2.5 2 0 3 3 3
-824.6 129.2 -7.2 274 0 10.0 20.3 7.5 2.5 2 0 3 1 1
-843.2 75.1 -7.2 95 0 18.3 9.1 7.5 2.5 2 0 3 5 5
-835.0 124.6 -7.0 4 0 11.1 20.1 5.0 2.5 2 1 2 0 0
-835.3 211.0 -7.0 355 0 19.2 12.4 5.0 2.5 2 0 2 3 3
-891.2 204.6 -6.8 93 0 21.8 12.1 10.0 2.5 2 0 4 5 5
-938.4 188.8 -5.4 206 0 9.1 17.5 7.5 0.0 0 0 3 4 4
-916.5 163.6 -5.4 276 0 6.2 10.1 7.5 2.5 4 1 3 0 0
-938.5 164.4 -5.5 278 0 5.9 6.8 5.0 2.5 2 1 2 1 1
-1030.1 186.2 -6.5 15 0 18.4 12.2 2.5 2.5 2 0 1 4 4
-1039.0 154.3 -6.4 16 0 18.0 9.0 7.5 2.5 4 0 3 3 3
-1074.1 200.8 -6.9 289 0 12.4 6.4 7.5 2.5 2 0 3 5 5
-1088.1 243.8 -7.5 110 0 15.8 10.4 2.5 2.5 2 0 1 4 4
-1075.7 262.1 -7.5 20 0 5.2 11.3 5.0 2.5 4 1 2 2 2
-1111.0 221.5 -7.5 291 0 12.4 18.6 2.5 2.5 2 1 1 3 3
-1146.3 234.8 -7.5 291 0 12.5 18.4 7.5 2.5 2 1 3 4 4
-1163.7 185.6 -7.6 112 0 9.3 18.9 2.5 0.0 0 1 1 3 3
-1126.9 191.2 -7.4 291 0 4.9 18.0 7.5 2.5 2 0 3 1 1
-1112.1 167.3 -7.1 112 0 4.8 17.7 7.5 2.5 2 1 3 2 2
-1079.9 216.2 -7.1 291 0 5.2 4.3 5.0 2.5 2 0 2 5 5
-1145.4 289.6 -7.1 201 0 8.2 9.4 5.0 2.5 2 1 2 2 2
-1205.6 232.3 -7.2 306 0 20.0 7.0 7.5 2.5 2 0 3 4 4
-1198.0 251.6 -7.1 307 0 16.8 10.1 10.0 0.0 0 0 4 5 5
-1232.6 272.5 -7.2 289 0 11.8 7.6 5.0 2.5 2 0 2 3 3
-1267.5 254.4 -6.9 106 0 4.6 8.2 5.0 2.5 2 1 2 5 5
-1277.1 287.5 -7.0 287 0 14.4 7.0 7.5 2.5 2 0 3 3 3
6033.1 7243.8 1.9 74 0 6.3 11.9 7.5 2.5 2 0 3 3 3
3033.7 6750.1 5.2 100 0 7.4 19.6 7.5 2.5 4 1 3 2 2
5862.4 3411.3 -2.4 84 0 9.7 29.3 7.5 0.0 0 1 3 4 4
1008.3 -4119.5 -13.9 66 0 13.1 14.3 2.5 2.5 2 1 1 3 3
905.4 -4174.0 -15.5 81 0 8.9 21.4 7.5 2.5 2 1 3 5 5
932.6 -4170.3 -15.4 355 0 8.3 18.8 2.5 2.5 2 1 1 4 4
-5780.9 -6564.7 -8.3 93 0 20.0 9.5 2.5 0.0 0 0 1 5 5
-5246.6 -6609.6 -2.1 94 0 9.2 8.7 2.5 2.5 2 0 1 0 0
-5213.6 -6612.1 -2.8 95 0 9.3 8.7 2.5 2.5 2 0 1 1 1
-5299.0 -6605.7 -0.3 94 0 9.3 8.8 2.5 0.0 0 0 1 1 1
-5265.9 -6608.1 -1.4 94 0 9.2 8.7 2.5 2.5 2 0 1 1 1
-5367.1 -6600.8 2.4 95 0 5.8 10.0 2.5 2.5 2 0 1 3 3
-5318.5 -6604.3 0.7 94 0 9.2 8.7 2.5 2.5 2 0 1 1 1
-5372.8 -6600.3 2.4 94 0 5.6 10.1 2.5 2.5 2 0 1 3 3
6120.5 7308.6 2.8 76 0 4.8 16.1 7.5 2.5 4 0 3 1 1
5869.4 6925.3 0.2 80 0 9.8 14.7 7.5 2.5 2 0 3 2 2
5946.7 7214.6 0.6 58 0 7.8 11.7 7.5 2.5 2 1 3 3 3
6090.3 7329.6 2.8 84 0 6.2 9.9 7.5 2.5 2 1 3 3 3
6311.4 7260.8 4.6 77 0 18.9 12.1 2.5 2.5 2 0 1 4 4
6284.0 7501.0 3.3 353 0 13.5 9.5 5.0 2.5 2 0 2 1 1
1776.8 5011.8 1.8 189 0 6.7 3.4 2.5 2.5 2 0 1 2 2
6084.8 7212.5 2.2 168 0 9.7 11.6 7.5 2.5 2 0 3 2 2
6303.7 7298.2 4.6 251 0 13.0 8.3 5.0 2.5 2 0 2 4 4
5884.5 6956.2 -0.4 350 0 12.3 26.0 15.0 0.0 0 1 6 0 0
5835.0 7161.6 -1.0 342 0 11.0 24.0 7.5 2.5 2 1 3 1 1
5974.6 7294.6 1.6 172 0 3.3 7.3 5.0 2.5 2 0 2 0 0
5997.8 7176.7 0.8 355 0 11.3 24.8 12.5 2.5 2 1 5 2 2
1753.3 5085.1 3.3 188 0 8.0 20.1 5.0 2.5 2 1 2 3 3
2798.3 8019.9 3.5 253 0 8.2 3.0 7.5 2.5 2 0 3 4 4
794.7 4677.9 9.5 199 0 8.0 27.4 5.0 2.5 4 1 2 2 2
6143.7 7204.1 2.7 172 0 6.4 9.2 7.5 2.5 2 1 3 1 1
6217.7 7253.6 3.6 254 0 7.9 9.3 7.5 2.5 2 1 3 4 4
6152.3 7311.4 3.1 84 0 5.3 21.5 2.5 2.5 2 1 1 0 0
6255.1 7311.9 4.2 82 0 6.0 9.9 7.5 2.5 2 1 3 3 3
6041.5 7064.0 -0.5 169 0 8.6 4.4 7.5 2.5 2 0 3 4 4
5879.8 7176.9 -0.1 76 0 3.6 5.2 7.5 2.5 2 0 3 4 4
2823.3 8112.4 4.1 345 0 3.0 8.2 5.0 2.5 2 0 2 2 2
838.5 4685.6 9.4 289 0 9.0 18.1 2.5 2.5 2 1 1 3 3
1895.2 5209.1 2.5 19 0 21.0 8.3 7.5 2.5 2 0 3 3 3
5969.6 7266.1 1.3 81 0 5.2 10.4 7.5 0.0 0 1 3 3 3
6305.2 7363.7 4.7 341 0 9.8 13.2 7.5 2.5 2 1 3 3 3
5894.0 7168.1 -0.1 250 0 8.8 25.4 5.0 2.5 2 1 2 3 3
6251.2 7274.3 4.0 254 0 6.4 11.8 2.5 2.5 2 1 1 2 2
5603.9 7449.4 5.2 18 0 3.4 14.9 7.5 2.5 2 1 3 3 3
6186.8 7280.0 3.4 72 0 5.1 4.1 5.0 0.0 0 0 2 2 2
3021.5 7853.2 1.8 177 0 5.0 9.0 7.5 2.5 2 1 3 2 2
6037.7 7239.5 1.9 73 0 5.3 5.4 7.5 2.5 2 0 3 3 3
6276.9 7358.6 4.4 341 0 9.0 13.5 7.5 2.5 2 1 3 0 0
6263.0 7518.9 2.9 262 0 18.1 8.7 2.5 2.5 2 0 1 1 1
5867.2 7144.8 -0.4 165 0 25.2 10.5 7.5 2.5 2 0 3 3 3
3040.2 7818.9 1.9 176 0 8.9 21.0 5.0 2.5 2 1 2 1 1
6087.5 7228.0 2.2 258 0 11.6 9.8 5.0 2.5 2 0 2 2 2
2760.5 7906.5 4.2 165 0 9.0 13.2 2.5 2.5 2 1 1 5 5
6058.0 7020.4 0.6 169 0 9.0 5.2 5.0 2.5 2 0 2 0 0
6191.8 7261.4 3.3 252 0 6.9 3.7 7.5 0.0 0 0 3 2 2
6274.2 7438.1 4.2 348 0 9.9 7.0 7.5 2.5 2 0 3 0 0
6282.1 7331.4 4.4 71 0 17.6 9.4 5.0 0.0 0 0 2 2 2
5722.1 7373.8 0.9 174 0 6.5 9.8 7.5 2.5 2 0 3 4 4
5941.8 7254.0 1.0 172 0 5.5 4.4 5.0 2.5 2 0 2 4 4
5972.7 7112.0 0.4 83 0 8.5 15.2 7.5 2.5 2 0 3 4 4
2808.6 7835.1 6.1 255 0 6.5 7.0 5.0 2.5 2 1 2 5 5
5921.0 7267.0 0.8 172 0 10.3 6.9 7.5 2.5 2 0 3 0 0
6041.9 7309.8 2.4 84 0 12.4 9.2 2.5 2.5 2 0 1 2 2
5966.3 7201.6 0.8 258 0 9.8 15.0 2.5 2.5 2 1 1 1 1
5810.6 6942.0 -0.7 80 0 3.9 6.5 5.0 2.5 2 1 2 0 0
6117.4 7358.8 2.9 261 0 14.4 8.3 7.5 2.5 2 0 3 0 0
2861.5 7967.0 1.9 345 0 3.0 8.3 5.0 2.5 2 0 2 0 0
5954.0 7288.0 1.3 264 0 4.0 5.5 7.5 0.0 0 0 3 2 2
5660.3 7401.2 2.1 122 0 9.9 8.0 7.5 2.5 2 0 3 0 0
5952.5 7182.5 0.6 253 0 17.5 8.9 2.5 2.5 2 0 1 4 4
5898.1 6920.9 0.5 79 0 10.0 25.4 7.5 2.5 2 1 3 1 1
1783.8 5029.6 1.9 191 0 8.6 9.6 5.0 2.5 2 1 2 2 2
6019.1 7307.2 2.1 83 0 9.3 6.6 7.5 2.5 2 0 3 1 1
6376.6 7286.2 5.2 353 0 7.3 20.0 2.5 2.5 2 1 1 5 5
6173.9 7264.7 3.1 253 0 17.0 10.8 10.0 2.5 2 0 4 2 2
5708.8 7380.7 1.2 84 0 6.6 5.6 5.0 2.5 4 0 2 2 2
6250.7 7332.3 4.2 79 0 3.2 3.2 5.0 2.5 2 1 2 2 2
1883.8 5230.5 2.4 289 0 15.0 9.5 7.5 2.5 2 0 3 5 5
5992.8 7210.7 1.1 248 0 3.1 5.9 2.5 2.5 2 0 1 5 5
2751.4 8005.1 4.4 164 0 3.1 8.1 7.5 2.5 2 0 3 2 2
5807.7 7206.9 -0.5 357 0 8.7 13.0 5.0 2.5 2 1 2 1 1
6173.2 7366.3 3.4 263 0 14.5 8.9 5.0 2.5 4 0 2 5 5
6345.8 7304.3 5.1 269 0 7.0 9.4 5.0 2.5 2 1 2 4 4
5570.6 7439.9 5.2 112 0 9.9 12.8 5.0 2.5 2 0 2 1 1
2798.7 7829.9 6.7 165 0 5.2 4.0 5.0 2.5 2 0 2 5 5
3069.5 7839.0 1.4 356 0 6.4 4.5 7.5 2.5 2 0 3 5 5
6284.3 7300.1 4.4 255 0 10.7 13.8 5.0 2.5 2 1 2 4 4
6065.0 7313.4 2.7 84 0 8.4 15.1 5.0 2.5 2 1 2 2 2
6154.1 7353.3 3.1 262 0 21.3 10.7 5.0 2.5 2 0 2 0 0
5786.5 7218.0 -0.4 182 0 10.0 6.3 2.5 2.5 4 0 1 2 2
2750.9 7943.4 4.2 165 0 5.7 3.7 5.0 2.5 2 0 2 2 2
6227.2 7267.4 3.7 256 0 7.5 13.5 5.0 2.5 2 1 2 2 2
5961.1 7167.8 0.6 257 0 8.5 22.1 5.0 2.5 2 0 2 3 3
5731.3 7380.1 1.0 355 0 4.1 9.8 7.5 2.5 2 0 3 3 3
5954.2 7104.0 0.1 79 0 19.3 8.0 7.5 2.5 2 0 3 4 4
5932.4 7199.5 0.5 70 0 7.9 14.2 7.5 2.5 2 1 3 5 5
6038.8 7294.1 2.3 84 0 6.1 5.1 7.5 2.5 2 0 3 0 0
5803.2 7129.2 -1.6 165 0 12.9 10.1 7.5 2.5 2 0 3 3 3
6200.1 7282.9 3.5 75 0 6.0 3.1 5.0 2.5 2 0 2 5 5
2824.2 7807.9 5.7 75 0 8.8 17.4 7.5 2.5 2 1 3 4 4
5921.9 7260.4 0.8 173 0 3.0 6.9 2.5 0.0 0 0 1 1 1
5990.5 7204.3 1.1 264 0 5.9 10.4 7.5 2.5 2 0 3 3 3
6183.5 7317.1 3.4 82 0 7.0 23.5 5.0 2.5 2 1 2 1 1
6136.8 7302.2 2.8 83 0 17.3 10.1 2.5 2.5 2 0 1 1 1
5960.0 7258.0 1.0 353 0 9.1 14.1 5.0 2.5 2 0 2 5 5
5984.1 7217.2 1.0 248 0 14.2 9.3 2.5 2.5 2 0 1 5 5
5844.3 7131.9 -0.8 341 0 7.5 5.2 2.5 2.5 4 0 1 1 1
2786.4 7824.9 6.9 165 0 8.6 13.2 5.0 2.5 2 0 2 3 3
5970.7 7127.1 0.5 76 0 8.6 19.7 2.5 2.5 2 0 1 1 1
5710.6 7365.1 1.0 84 0 8.5 8.8 5.0 2.5 2 0 2 4 4
1785.1 5007.0 1.8 99 0 11.1 7.8 5.0 2.5 2 0 2 4 4
6189.0 7256.7 3.3 251 0 7.8 22.1 7.5 2.5 2 0 3 4 4
5846.2 7126.6 -1.4 341 0 11.2 26.1 7.5 0.0 0 0 3 3 3
5570.9 7453.6 5.8 199 0 4.3 10.1 5.0 0.0 0 0 2 5 5
5896.6 7118.7 -0.4 74 0 16.3 10.6 5.0 2.5 2 0 2 3 3
6057.6 7015.7 0.8 258 0 7.5 7.9 7.5 2.5 4 0 3 2 2
6275.8 7430.3 4.4 349 0 6.1 10.2 5.0 2.5 2 0 2 0 0
6292.9 7441.4 4.3 349 0 10.0 8.8 5.0 2.5 4 0 2 2 2
2861.6 8001.8 1.8 344 0 63.8 24.5 10.0 2.5 2 0 4 1 1
5931.9 7285.2 1.1 174 0 10.2 20.2 5.0 2.5 2 0 2 3 3
2839.0 8082.0 3.4 344 0 63.8 24.6 12.5 2.5 2 0 5 5 5
6153.4 7258.3 2.9 254 0 10.7 8.6 7.5 2.5 4 0 3 3 3
2790.7 8014.6 2.7 254 0 24.5 63.8 10.0 0.0 0 0 4 1 1
2751.5 7970.4 3.7 164 0 63.9 24.6 10.0 2.5 4 0 4 3 3
6329.5 7306.0 4.8 261 0 12.2 8.3 5.0 2.5 2 0 2 3 3
6141.9 7312.9 3.0 83 0 4.4 19.1 5.0 2.5 2 0 2 4 4
6290.1 7283.9 4.4 259 0 6.3 21.9 7.5 2.5 2 1 3 0 0
5873.1 7175.3 -0.2 76 0 10.3 18.1 2.5 0.0 0 0 1 2 2
6038.6 7178.4 1.5 75 0 8.6 20.1 7.5 2.5 2 0 3 1 1
5980.8 7277.7 1.5 82 0 8.1 16.0 5.0 2.5 2 0 2 4 4
6113.7 7323.4 2.9 80 0 4.7 4.9 5.0 2.5 2 0 2 1 1
6148.5 7165.9 2.5 80 0 10.0 10.4 7.5 2.5 2 1 3 2 2
5925.9 7220.5 0.3 347 0 4.7 17.6 7.5 2.5 2 0 3 5 5
6160.3 7291.3 3.0 263 0 8.9 16.7 2.5 2.5 2 1 1 0 0
6033.6 7061.2 -0.6 169 0 11.2 8.3 5.0 2.5 2 0 2 3 3
6049.8 7179.3 1.6 72 0 13.5 7.0 5.0 2.5 2 0 2 5 5
5861.6 6938.7 0.1 81 0 3.4 4.3 2.5 2.5 2 0 1 2 2
6294.6 7434.5 4.4 348 0 4.7 11.3 5.0 2.5 4 0 2 2 2
5727.8 7354.6 0.8 85 0 9.9 7.8 5.0 2.5 2 0 2 1 1
6093.1 7452.1 2.7 354 0 9.3 17.7 2.5 2.5 2 1 1 3 3
5904.8 7128.3 -0.1 75 0 5.3 10.5 7.5 2.5 2 1 3 3 3
5917.4 7164.5 0.2 241 0 10.7 11.2 7.5 2.5 2 1 3 5 5
6350.9 7251.9 5.0 84 0 12.8 7.1 2.5 2.5 2 0 1 3 3
1776.3 5103.0 3.6 8 0 15.1 8.2 7.5 2.5 2 0 3 5 5
6014.6 7285.2 1.9 356 0 9.0 10.4 5.0 2.5 2 1 2 4 4
5895.3 7184.3 0.1 70 0 12.4 9.7 5.0 2.5 4 0 2 2 2
6241.9 7287.7 3.8 253 0 21.8 10.7 5.0 2.5 2 0 2 2 2
5798.8 7236.3 -0.3 263 0 17.7 8.1 7.5 2.5 4 0 3 4 4
3061.5 7846.8 1.5 359 0 10.1 13.4 2.5 2.5 4 1 1 0 0
6211.9 7275.4 3.6 253 0 10.3 9.0 7.5 2.5 2 0 3 4 4
1762.7 5122.9 4.1 280 0 9.6 6.5 5.0 2.5 2 0 2 0 0
6067.6 7188.8 1.7 342 0 7.0 13.0 7.5 2.5 2 0 3 1 1
6070.7 7034.0 0.4 247 0 7.0 13.8 7.5 2.5 2 0 3 1 1
3693.6 6619.7 3.4 189 0 12.0 9.3 7.5 2.5 2 0 3 2 2
5840.1 3540.5 -1.4 293 0 16.8 8.3 7.5 2.5 2 0 3 4 4
3242.6 6708.6 3.1 106 0 17.7 7.5 7.5 2.5 2 0 3 5 5
3727.1 6655.7 3.4 188 0 9.5 12.3 7.5 0.0 0 1 3 4 4
5912.1 3464.0 -1.5 207 0 18.7 7.9 7.5 2.5 2 0 3 4 4
2589.3 6753.6 6.6 82 0 13.6 14.4 2.5 0.0 0 1 1 4 4
3723.6 6691.4 3.1 233 0 8.3 13.8 5.0 0.0 0 1 2 3 3
5681.3 3386.6 -3.7 55 0 6.6 14.5 7.5 2.5 4 0 3 3 3
5464.1 3625.0 -1.3 117 0 7.9 8.2 5.0 2.5 2 0 2 1 1
2753.2 6760.1 6.0 267 0 11.5 27.4 7.5 2.5 2 1 3 3 3
3012.1 6812.5 5.0 181 0 14.2 9.4 5.0 2.5 2 0 2 0 0
1597.8 5258.6 3.5 293 0 10.1 16.5 7.5 2.5 2 1 3 4 4
3548.8 6696.9 3.6 283 0 4.9 6.3 2.5 2.5 2 1 1 3 3
3716.3 6614.2 3.4 190 0 11.1 8.0 7.5 2.5 2 0 3 1 1
3628.2 6626.7 3.5 277 0 4.2 4.0 5.0 2.5 2 0 2 3 3
3373.0 6665.3 3.0 276 0 7.7 13.8 7.5 2.5 2 1 3 0 0
5541.5 3477.1 -4.1 132 0 14.2 8.5 7.5 0.0 0 0 3 2 2
2860.8 6818.2 5.9 102 0 13.2 9.5 2.5 2.5 2 0 1 4 4
3262.4 6711.4 3.1 105 0 10.8 12.7 10.0 2.5 2 1 4 3 3
6151.9 3131.8 -2.5 2 0 4.2 5.1 5.0 2.5 2 1 2 5 5
5718.3 3416.7 -3.0 299 0 22.1 5.1 5.0 2.5 2 0 2 2 2
5800.2 3431.5 -2.3 115 0 12.7 8.2 5.0 2.5 2 0 2 0 0
3661.1 6632.4 3.2 276 0 6.2 23.8 5.0 2.5 4 1 2 1 1
3355.2 6681.9 3.1 99 0 6.9 19.0 5.0 2.5 2 1 2 0 0
5507.1 3478.6 -3.8 135 0 4.1 7.8 5.0 2.5 2 1 2 5 5
2681.4 6800.2 6.3 263 0 26.2 8.2 5.0 2.5 2 0 2 4 4
3547.2 6592.4 2.8 96 0 5.4 4.5 7.5 2.5 2 0 3 1 1
6060.2 3312.8 -1.4 111 0 8.3 6.7 5.0 2.5 2 0 2 0 0
2958.2 6825.0 5.0 360 0 11.0 7.5 5.0 2.5 2 0 2 5 5
2590.1 6706.8 7.2 85 0 10.1 6.0 2.5 2.5 4 0 1 4 4
5689.2 3413.3 -3.2 299 0 4.6 4.0 7.5 0.0 0 0 3 3 3
1569.2 5239.9 4.9 202 0 12.5 7.3 5.0 2.5 4 0 2 0 0
3558.3 6694.7 3.6 283 0 5.2 6.3 7.5 2.5 2 1 3 1 1
2863.8 6751.3 5.9 275 0 12.0 10.0 2.5 2.5 2 0 1 1 1
3043.8 6918.1 0.6 356 0 18.6 8.0 2.5 2.5 4 0 1 0 0
5567.8 3482.5 -3.9 59 0 9.3 5.7 5.0 2.5 2 0 2 3 3
5974.2 3204.2 -0.1 115 0 14.6 9.3 7.5 2.5 2 0 3 2 2
3059.0 6796.6 5.2 357 0 21.0 11.1 10.0 2.5 2 0 4 1 1
3316.6 6673.3 2.9 274 0 9.3 11.3 5.0 2.5 2 0 2 1 1
3685.3 6569.0 2.5 185 0 7.7 12.8 2.5 2.5 2 1 1 2 2
2709.8 6771.9 6.2 85 0 10.2 9.7 7.5 2.5 4 0 3 5 5
3434.2 6658.6 2.9 277 0 8.5 17.0 7.5 2.5 2 1 3 4 4
3188.6 6741.6 3.3 109 0 3.2 5.9 5.0 0.0 0 1 2 0 0
3621.3 6653.6 3.7 102 0 16.5 8.9 7.5 0.0 0 0 3 3 3
2685.4 6766.0 6.4 81 0 25.3 11.3 7.5 2.5 2 0 3 0 0
3763.6 6777.6 0.8 209 0 18.2 9.3 7.5 0.0 0 0 3 2 2
2883.7 6688.3 5.0 184 0 28.8 9.3 7.5 2.5 2 0 3 4 4
5516.3 3622.6 -1.3 116 0 10.5 5.8 2.5 2.5 2 0 1 0 0
5975.6 3315.7 -1.6 293 0 7.4 9.5 2.5 2.5 2 1 1 1 1
6004.0 3302.9 -1.8 293 0 6.3 10.4 5.0 2.5 2 1 2 2 2
3600.3 6656.5 3.6 99 0 13.3 9.1 5.0 0.0 0 0 2 3 3
6134.0 3116.0 -2.0 91 0 5.8 24.3 5.0 2.5 2 1 2 3 3
3167.7 6723.0 3.1 102 0 13.2 8.4 7.5 0.0 0 0 3 1 1
3018.4 6920.8 0.9 179 0 6.1 11.3 7.5 2.5 2 0 3 0 0
3680.9 6626.9 3.6 8 0 7.7 12.7 7.5 2.5 4 1 3 1 1
5575.7 3492.0 -3.7 33 0 7.9 11.9 7.5 2.5 2 1 3 4 4
3022.0 6798.9 5.8 183 0 4.1 20.8 5.0 2.5 2 1 2 3 3
3658.4 6684.4 4.1 284 0 18.3 7.6 7.5 2.5 2 0 3 3 3
3125.5 6707.9 2.9 278 0 21.2 11.2 10.0 2.5 2 0 4 5 5
6371.5 3300.7 -0.4 85 0 14.1 87.5 12.5 2.5 2 1 5 0 0
3446.9 6690.8 3.4 98 0 6.2 6.1 7.5 2.5 2 0 3 3 3
6120.3 3182.3 -2.3 272 0 12.3 20.9 7.5 2.5 2 1 3 1 1
2916.4 6686.0 4.8 4 0 28.8 9.5 7.5 2.5 2 0 3 1 1
5963.9 3320.8 -1.4 294 0 10.3 6.3 5.0 0.0 0 0 2 1 1
6009.4 3474.9 -0.5 303 0 3.6 10.7 2.5 2.5 2 1 1 2 2
3897.1 6823.2 -1.8 107 0 6.5 10.0 2.5 0.0 0 1 1 3 3
5652.3 3493.8 -3.5 317 0 5.0 7.8 5.0 2.5 2 1 2 5 5
2798.3 6841.0 5.7 176 0 5.0 7.7 7.5 0.0 0 0 3 5 5
3209.0 6711.5 3.1 109 0 3.9 6.0 5.0 2.5 2 1 2 3 3
3147.9 6735.2 3.2 109 0 5.6 19.0 5.0 2.5 4 1 2 1 1
3412.2 6634.3 2.8 276 0 15.7 8.3 7.5 2.5 4 0 3 4 4
5554.3 3612.7 -1.3 297 0 8.9 7.8 2.5 2.5 2 0 1 4 4
6251.3 3291.7 -1.5 85 0 14.1 87.2 15.0 0.0 0 1 6 2 2
3467.2 6672.1 3.2 97 0 8.8 14.3 5.0 0.0 0 1 2 4 4
2590.4 6787.5 6.3 260 0 26.3 8.8 5.0 2.5 4 0 2 1 1
3092.9 6647.9 2.8 188 0 5.9 6.0 5.0 2.5 2 1 2 4 4
5471.3 3621.3 -1.3 117 0 8.1 8.2 5.0 2.5 2 0 2 5 5
5334.6 3646.8 -2.1 307 0 21.2 7.9 5.0 2.5 2 0 2 5 5
6033.9 3473.2 -0.3 289 0 8.3 13.5 2.5 0.0 0 1 1 3 3
3547.8 6598.3 2.9 96 0 5.3 8.1 5.0 2.5 2 1 2 2 2
3150.3 6703.9 2.8 274 0 7.7 7.9 5.0 2.5 2 0 2 1 1
3871.7 6913.5 -2.5 217 0 4.3 5.2 2.5 2.5 2 1 1 0 0
5693.5 3430.1 -3.1 299 0 22.3 5.0 7.5 2.5 2 0 3 1 1
3175.5 6637.4 2.5 96 0 12.9 7.0 5.0 0.0 0 0 2 3 3
5947.9 3448.1 -1.5 205 0 19.4 9.5 5.0 2.5 2 0 2 0 0
6217.5 3300.6 -1.8 85 0 12.1 36.7 7.5 2.5 2 0 3 3 3
2808.0 6757.9 5.9 275 0 14.5 10.7 5.0 2.5 2 0 2 4 4
5477.9 3664.1 -0.8 208 0 5.3 5.9 2.5 2.5 2 1 1 1 1
2982.9 6725.8 5.1 280 0 3.6 4.5 7.5 0.0 0 1 3 4 4
2954.5 6714.5 5.1 98 0 9.6 4.5 7.5 2.5 2 0 3 2 2
5645.6 3567.2 -1.8 201 0 5.6 9.8 2.5 2.5 2 1 1 4 4
3136.6 6647.9 2.4 96 0 24.3 11.9 10.0 2.5 2 0 4 3 3
3231.5 6733.6 3.2 113 0 6.9 3.2 2.5 2.5 4 0 1 3 3
5460.9 3428.2 -5.0 47 0 7.7 7.4 5.0 2.5 2 0 2 3 3
3224.3 6798.5 2.9 289 0 11.1 11.3 7.5 2.5 2 1 3 4 4
5847.6 3444.0 -2.0 176 0 7.6 5.5 2.5 2.5 2 0 1 0 0
3084.6 6703.9 3.4 281 0 4.3 14.6 7.5 2.5 2 1 3 5 5
5700.8 3451.2 -2.8 298 0 15.4 9.7 7.5 2.5 2 0 3 0 0
3580.8 6659.2 3.5 97 0 7.6 13.5 5.0 2.5 2 1 2 2 2
2741.1 6775.7 6.0 87 0 5.5 15.0 7.5 2.5 2 1 3 5 5
5845.8 3348.1 -2.7 298 0 22.0 10.1 7.5 2.5 4 0 3 3 3
3706.5 6573.1 2.7 185 0 7.8 6.4 5.0 2.5 2 0 2 2 2
3615.7 6639.4 3.5 276 0 13.2 8.8 7.5 2.5 2 0 3 5 5
3394.0 6662.8 3.1 277 0 10.2 9.5 5.0 2.5 2 0 2 5 5
2829.4 6799.0 5.9 93 0 5.1 10.5 5.0 2.5 2 1 2 2 2
3671.4 6663.0 4.0 7 0 3.6 6.4 5.0 0.0 0 1 2 3 3
3024.8 6828.5 4.1 182 0 10.0 12.5 5.0 2.5 2 1 2 4 4
3543.6 6663.8 3.3 97 0 8.0 12.0 7.5 2.5 2 1 3 1 1
5667.4 3529.8 -2.6 117 0 9.4 8.2 5.0 2.5 2 0 2 3 3
6115.7 3131.6 -0.8 186 0 3.1 7.6 7.5 2.5 2 1 3 1 1
2526.7 4828.1 2.6 57 0 9.5 11.3 7.5 0.0 0 1 3 1 1
5743.5 3402.8 -3.1 298 0 22.3 5.0 7.5 2.5 2 0 3 4 4
5539.3 3521.0 -2.8 227 0 4.9 7.8 5.0 2.5 2 1 2 5 5
6088.6 3182.0 -1.4 105 0 8.3 9.1 5.0 2.5 2 0 2 3 3
2625.1 6739.2 7.0 275 0 7.9 13.6 7.5 2.5 2 1 3 3 3
2766.0 6820.3 5.9 271 0 12.5 24.5 10.0 0.0 0 0 4 3 3
3500.2 6669.3 3.2 97 0 14.5 10.7 7.5 2.5 2 0 3 5 5
2954.9 6772.6 5.8 93 0 7.2 14.9 7.5 2.5 4 1 3 1 1
3424.2 6594.4 2.4 185 0 12.0 15.9 10.0 2.5 2 1 4 5 5
6399.2 3295.4 -0.6 356 0 7.1 4.1 7.5 2.5 2 0 3 4 4
1585.3 5235.3 5.0 293 0 6.3 5.6 7.5 2.5 2 0 3 0 0
3561.7 6672.0 3.5 108 0 4.8 8.7 7.5 0.0 0 1 3 3 3
5472.6 3523.3 -2.7 52 0 9.4 15.9 5.0 0.0 0 1 2 5 5
2661.0 6767.2 6.6 81 0 10.0 17.7 5.0 2.5 4 1 2 0 0
2871.5 6738.5 5.9 277 0 5.6 15.3 5.0 2.5 2 1 2 1 1
5900.4 3299.3 -1.7 115 0 3.4 15.2 5.0 2.5 2 0 2 1 1
3691.6 6671.0 4.2 22 0 10.0 7.0 5.0 0.0 0 0 2 2 2
2591.3 6735.5 7.2 262 0 7.8 11.8 2.5 2.5 2 1 1 5 5
5705.1 3395.2 -3.3 26 0 3.2 5.1 7.5 2.5 2 1 3 4 4
2989.5 6920.2 2.0 358 0 13.7 60.0 7.5 2.5 2 1 3 2 2
3687.0 6548.2 2.1 187 0 8.2 8.1 7.5 2.5 2 0 3 5 5
3014.8 6920.8 1.2 181 0 6.2 3.6 5.0 2.5 2 0 2 0 0
5750.5 3423.8 -2.8 298 0 15.6 9.5 2.5 2.5 4 0 1 5 5
3248.5 6678.1 2.8 277 0 7.6 15.7 5.0 2.5 2 1 2 5 5
6087.0 3176.2 -1.4 105 0 8.4 6.0 7.5 2.5 2 0 3 5 5
3364.8 6637.5 2.9 275 0 20.9 9.5 7.5 2.5 2 0 3 1 1
3418.2 6701.3 3.5 97 0 5.8 3.9 5.0 2.5 2 0 2 3 3
3623.2 6688.3 3.9 200 0 11.5 16.0 2.5 0.0 0 1 1 3 3
5503.5 3628.8 -1.3 116 0 10.5 5.8 2.5 2.5 2 0 1 4 4
5666.2 3414.3 -3.6 205 0 7.2 3.6 7.5 2.5 2 0 3 0 0
3434.3 6625.1 2.7 275 0 17.1 11.8 5.0 2.5 2 0 2 2 2
2838.5 6751.1 5.9 276 0 6.7 15.3 2.5 2.5 2 1 1 0 0
3726.2 6703.2 2.6 187 0 7.1 11.4 7.5 2.5 2 1 3 0 0
2891.0 6745.8 5.8 274 0 12.5 18.6 7.5 2.5 2 1 3 4 4
3017.5 6903.6 1.4 180 0 10.0 9.0 5.0 2.5 2 0 2 2 2
3030.6 6721.4 4.9 277 0 17.6 8.8 2.5 2.5 2 0 1 3 3
5594.3 3547.5 -2.3 298 0 8.1 9.1 7.5 2.5 2 1 3 3 3
3132.6 6733.0 3.2 105 0 15.9 9.4 5.0 2.5 2 0 2 1 1
5760.6 3546.1 -1.5 303 0 4.1 12.5 5.0 2.5 2 1 2 2 2
3243.8 6747.6 3.2 289 0 10.1 10.2 2.5 2.5 2 0 1 1 1
3679.3 6596.1 3.1 9 0 3.2 6.8 2.5 2.5 2 1 1 4 4
3264.3 6644.4 2.6 6 0 8.0 14.0 2.5 2.5 4 1 1 0 0
6331.1 3297.6 -0.6 85 0 14.1 87.3 17.5 0.0 0 1 7 3 3
3446.7 6676.0 3.3 97 0 12.3 9.1 5.0 2.5 2 0 2 0 0
3040.2 6672.5 3.6 106 0 5.2 29.6 5.0 2.5 4 1 2 0 0
3636.5 6661.9 3.9 112 0 4.6 13.9 5.0 2.5 2 1 2 5 5
2917.2 6743.9 5.5 274 0 12.4 18.7 7.5 2.5 2 1 3 5 5
5675.9 3419.1 -3.4 206 0 3.3 5.5 7.5 2.5 2 1 3 5 5
2608.9 6706.1 7.1 97 0 7.8 5.0 2.5 2.5 2 0 1 5 5
3310.9 6703.9 3.1 95 0 4.7 11.3 2.5 2.5 2 1 1 3 3
3097.5 6712.2 3.3 279 0 13.6 9.3 5.0 2.5 2 0 2 3 3
3215.2 6735.9 3.2 109 0 4.1 8.9 2.5 2.5 2 0 1 2 2
6060.1 3160.8 0.7 114 0 6.2 5.7 7.5 2.5 2 0 3 5 5
6009.7 3497.0 -0.0 299 0 5.7 4.2 5.0 2.5 2 0 2 3 3
5476.4 3541.4 -2.4 50 0 5.6 5.6 7.5 2.5 2 1 3 1 1
5543.0 3582.9 -1.6 109 0 13.7 8.6 5.0 2.5 2 0 2 3 3
5624.6 3493.0 -3.8 112 0 8.5 5.5 2.5 2.5 2 0 1 0 0
3141.7 6770.7 3.4 285 0 25.1 9.7 7.5 2.5 2 0 3 0 0
3412.4 6659.8 3.0 275 0 7.6 12.1 2.5 2.5 2 1 1 2 2
5742.2 3564.0 -1.5 213 0 8.8 25.7 5.0 2.5 2 1 2 0 0
5675.4 3525.7 -2.4 117 0 8.8 8.2 7.5 2.5 2 0 3 5 5
6291.2 3294.7 -1.0 85 0 14.2 87.2 17.5 0.0 0 1 7 1 1
3476.6 6636.0 2.8 277 0 13.4 9.3 5.0 2.5 2 0 2 2 2
2788.4 6745.0 5.9 292 0 6.3 11.2 7.5 2.5 2 1 3 5 5
5471.9 3639.0 -1.1 117 0 6.6 5.6 5.0 2.5 2 0 2 5 5
3211.8 6690.5 2.9 282 0 14.2 10.1 7.5 2.5 2 0 3 3 3
5372.3 3621.5 -1.9 32 0 5.9 11.7 2.5 2.5 4 1 1 3 3
3149.7 6696.0 2.6 275 0 7.7 28.5 5.0 2.5 2 0 2 3 3
5841.0 3508.6 -1.4 28 0 13.6 8.1 5.0 2.5 2 0 2 0 0
5955.8 3266.5 -2.1 203 0 21.1 7.3 5.0 2.5 2 0 2 0 0
3520.9 6635.6 2.9 276 0 6.0 10.5 5.0 2.5 4 1 2 4 4
3870.6 6927.1 -2.7 222 0 7.9 8.3 7.5 2.5 2 1 3 5 5
3699.6 6536.5 1.9 95 0 7.1 4.6 5.0 2.5 2 0 2 1 1
2798.1 6717.6 6.0 111 0 21.1 10.1 10.0 2.5 4 0 4 5 5
5477.7 3636.0 -1.1 117 0 6.5 5.5 5.0 2.5 2 0 2 3 3
5377.0 3641.5 -1.8 299 0 20.9 7.7 7.5 2.5 2 0 3 1 1
5931.8 3476.7 -1.2 210 0 11.3 21.5 2.5 2.5 2 1 1 3 3
3330.7 6719.4 3.1 292 0 13.8 7.1 5.0 2.5 2 0 2 2 2
2977.8 6767.7 5.8 92 0 17.3 11.1 5.0 2.5 2 0 2 1 1
5648.2 3506.3 -3.5 316 0 8.7 9.1 2.5 2.5 2 1 1 1 1
3213.1 6719.4 3.1 115 0 5.5 12.1 7.5 2.5 4 1 3 0 0
5725.8 3437.3 -2.8 298 0 15.6 9.6 7.5 2.5 2 0 3 4 4
3911.6 6892.3 -2.8 100 0 6.0 21.0 7.5 2.5 4 1 3 0 0
3500.2 6702.4 3.4 292 0 4.0 15.6 2.5 2.5 2 0 1 1 1
2844.3 6916.4 2.8 179 0 17.8 85.2 12.5 2.5 2 1 5 2 2
3424.8 6712.0 3.5 277 0 16.2 7.5 2.5 2.5 2 0 1 0 0
3400.5 6646.6 2.9 276 0 4.8 9.0 7.5 2.5 2 1 3 4 4
5435.2 3565.2 -2.2 227 0 6.4 6.3 5.0 2.5 2 0 2 5 5
3601.2 6628.8 3.3 272 0 3.7 9.5 2.5 2.5 2 0 1 3 3
5450.2 3574.6 -2.2 317 0 6.2 14.2 2.5 2.5 2 0 1 1 1
3209.7 6737.8 3.2 109 0 7.3 11.7 5.0 2.5 2 0 2 0 0
3335.8 6699.9 3.0 95 0 4.3 10.6 7.5 2.5 2 0 3 5 5
3492.6 6684.0 3.3 113 0 4.2 4.4 7.5 2.5 2 0 3 0 0
2752.6 6791.4 5.9 91 0 3.2 6.5 7.5 2.5 2 0 3 5 5
5556.1 3470.9 -4.2 42 0 4.3 3.5 7.5 2.5 2 0 3 2 2
3582.8 6632.8 3.2 276 0 4.3 16.1 5.0 2.5 2 0 2 1 1
5514.6 3516.6 -2.9 226 0 11.0 7.7 7.5 2.5 2 0 3 3 3
3643.7 6634.3 3.6 276 0 17.7 9.5 5.0 2.5 4 0 2 2 2
3654.0 6627.1 3.4 277 0 4.5 14.2 5.0 2.5 2 0 2 1 1
3019.7 6707.2 4.4 290 0 8.2 26.3 2.5 2.5 2 1 1 1 1
5471.5 3544.6 -2.4 50 0 8.9 6.3 2.5 2.5 2 0 1 5 5
5536.4 3626.0 -1.2 25 0 6.6 4.7 7.5 2.5 2 0 3 0 0
5534.6 3647.2 -1.0 293 0 9.8 8.1 7.5 2.5 4 0 3 5 5
5551.0 3465.2 -4.4 42 0 10.8 3.5 5.0 2.5 2 0 2 4 4
3087.2 6665.7 3.0 98 0 28.1 14.1 7.5 2.5 2 0 3 1 1
5522.4 3524.2 -2.7 226 0 10.9 7.8 5.0 2.5 2 0 2 3 3
3579.6 6609.3 3.1 96 0 3.9 7.7 5.0 0.0 0 0 2 5 5
3592.4 6696.2 3.8 284 0 14.0 10.0 5.0 2.5 2 0 2 0 0
3517.3 6647.1 3.0 275 0 15.1 11.1 5.0 2.5 2 0 2 5 5
3611.1 6666.4 3.8 112 0 4.9 22.1 2.5 2.5 2 0 1 4 4
3118.7 6692.8 2.6 276 0 11.9 42.9 7.5 2.5 2 1 3 5 5
3176.3 6684.1 2.8 284 0 10.3 9.2 5.0 2.5 2 0 2 5 5
3120.8 6770.5 3.5 280 0 7.0 24.3 5.0 2.5 2 0 2 5 5
5682.6 3414.3 -3.3 209 0 6.0 4.0 5.0 2.5 2 0 2 5 5
3076.0 6703.4 3.3 280 0 8.0 28.3 5.0 2.5 2 0 2 0 0
2785.2 6776.2 5.9 91 0 16.5 10.1 7.5 2.5 2 0 3 3 3
3310.4 6673.8 2.9 274 0 3.0 11.3 5.0 2.5 4 0 2 5 5
5466.0 3482.3 -3.9 228 0 13.8 13.6 7.5 2.5 4 0 3 2 2
5824.6 3539.7 -1.4 296 0 8.2 28.4 2.5 2.5 4 1 1 3 3
5904.5 3314.2 -1.7 116 0 9.8 10.1 2.5 2.5 2 0 1 0 0
3876.8 6828.9 -1.5 106 0 9.1 14.0 7.5 2.5 2 1 3 4 4
2559.6 6754.8 6.6 170 0 14.3 12.8 7.5 2.5 2 0 3 0 0
3323.6 6638.8 2.9 96 0 9.3 7.7 7.5 2.5 2 0 3 0 0
3632.3 6614.5 3.1 274 0 6.0 14.3 7.5 2.5 2 1 3 3 3
3174.2 6721.5 3.1 183 0 11.7 10.7 10.0 2.5 2 0 4 1 1
3428.0 6676.9 3.3 97 0 8.1 13.0 7.5 2.5 2 0 3 1 1
3335.7 6686.0 3.0 96 0 8.3 13.8 5.0 2.5 2 0 2 2 2
5498.1 3607.8 -1.5 117 0 26.3 11.0 10.0 2.5 2 0 4 1 1
3058.0 6722.1 3.7 281 0 13.7 14.8 5.0 2.5 2 1 2 1 1
3220.2 6707.7 3.1 106 0 14.4 6.4 2.5 2.5 2 0 1 0 0
5233.5 3788.9 -1.5 129 0 8.0 10.8 7.5 2.5 2 1 3 0 0
3601.8 6637.6 3.3 276 0 11.5 8.9 2.5 2.5 2 0 1 3 3
5404.8 3572.8 -2.4 225 0 9.4 25.5 7.5 2.5 4 1 3 0 0
3643.5 6648.3 3.8 99 0 12.2 17.7 7.5 2.5 2 1 3 0 0
3196.6 6718.9 3.1 106 0 11.0 9.3 2.5 2.5 2 0 1 2 2
-4871.4 5793.3 1.1 329 0 10.9 22.8 10.0 2.5 4 1 4 1 1
-4888.8 5917.4 0.9 117 0 12.3 18.1 10.0 0.0 0 1 4 5 5
-2781.8 7212.3 -0.0 34 0 10.8 15.2 10.0 2.5 2 1 4 5 5
-4598.8 6243.2 1.1 11 0 4.0 10.8 5.0 2.5 2 1 2 0 0
-4868.4 5757.6 0.9 318 0 5.1 11.1 7.5 2.5 2 1 3 1 1
-4677.3 6140.9 -2.9 317 0 19.3 10.4 2.5 2.5 2 0 1 0 0
-4811.0 5665.8 0.6 57 0 16.8 5.1 7.5 2.5 2 0 3 5 5
-4872.3 5702.6 0.6 144 0 16.9 9.3 7.5 0.0 0 0 3 1 1
-5123.3 6155.1 -0.0 206 0 7.9 16.4 7.5 2.5 2 1 3 5 5
-1709.0 6083.6 3.1 179 0 6.9 9.0 5.0 2.5 2 1 2 1 1
-4804.4 5889.9 1.3 97 0 21.6 6.2 7.5 2.5 2 0 3 0 0
-2810.2 7192.4 0.4 168 0 17.5 7.5 7.5 2.5 2 0 3 3 3
-4760.6 5915.7 1.2 7 0 5.7 7.5 5.0 2.5 2 1 2 4 4
-5064.6 5960.1 -0.2 221 0 6.9 12.2 7.5 2.5 2 1 3 0 0
-4610.1 6216.2 -1.1 355 0 9.1 10.1 7.5 2.5 2 1 3 2 2
-5051.8 6367.9 -5.3 39 0 8.8 9.2 5.0 2.5 2 1 2 2 2
-4757.4 6172.5 -3.6 209 0 29.1 4.2 7.5 2.5 2 0 3 4 4
-4957.6 6004.9 0.3 310 0 5.9 8.4 7.5 2.5 2 1 3 5 5
-4794.0 5911.4 1.3 87 0 3.7 6.0 7.5 2.5 2 1 3 1 1
-5104.4 6326.7 -5.1 116 0 9.0 16.3 7.5 2.5 2 1 3 4 4
-4902.3 5956.2 0.8 211 0 9.2 22.1 7.5 2.5 2 1 3 1 1
-5138.4 6091.7 0.9 309 0 13.4 6.8 7.5 2.5 2 0 3 4 4
-5163.1 6191.7 -0.8 338 0 4.5 3.8 2.5 2.5 2 0 1 3 3
-4776.6 6269.6 -3.5 294 0 17.3 8.0 7.5 2.5 2 0 3 3 3
-4793.9 5649.2 0.5 334 0 8.2 18.4 5.0 2.5 2 1 2 0 0
-5042.9 6012.8 -0.1 311 0 9.6 8.6 5.0 2.5 2 0 2 1 1
-4850.4 5847.9 1.3 175 0 8.8 13.1 7.5 2.5 2 1 3 1 1
-5150.1 6229.6 -2.3 118 0 28.8 7.8 5.0 0.0 0 0 2 0 0
-2683.5 7271.3 3.6 72 0 5.0 6.2 2.5 2.5 2 1 1 2 2
-4826.7 5727.6 1.2 160 0 16.0 9.1 7.5 0.0 0 0 3 2 2
-4880.7 5755.1 0.9 320 0 5.1 8.8 5.0 0.0 0 1 2 1 1
-4916.6 6039.5 -0.5 316 0 9.8 8.5 7.5 2.5 2 0 3 0 0
-4697.8 6127.8 -3.0 217 0 4.2 3.8 7.5 2.5 2 0 3 3 3
-1676.2 6087.0 3.2 281 0 7.2 8.4 7.5 2.5 2 0 3 5 5
-5157.3 6207.3 -1.6 322 0 14.5 9.1 5.0 2.5 2 0 2 2 2
-5058.3 6009.8 -0.2 314 0 7.8 12.4 2.5 2.5 2 1 1 0 0
-4820.2 5651.1 0.3 327 0 14.2 10.0 7.5 2.5 2 0 3 3 3
-5136.3 6141.1 0.6 209 0 7.7 18.6 5.0 2.5 2 1 2 1 1
-4654.3 6209.8 -2.7 93 0 9.5 9.1 5.0 2.5 2 0 2 3 3
-4783.3 5774.1 1.3 356 0 9.6 15.5 7.5 2.5 4 1 3 1 1
-5045.7 5884.5 0.0 121 0 16.9 8.0 5.0 2.5 2 0 2 0 0
-4814.6 6255.5 -3.2 214 0 10.1 5.3 2.5 2.5 2 0 1 5 5
-4861.8 5734.9 0.9 326 0 5.9 8.5 7.5 2.5 2 1 3 2 2
-4800.6 5979.5 -0.9 295 0 17.0 9.8 7.5 2.5 2 0 3 5 5
-4981.5 5924.1 0.4 299 0 7.3 4.0 5.0 2.5 2 0 2 4 4
-4905.7 5877.8 1.0 338 0 21.0 8.7 5.0 2.5 2 0 2 2 2
-4842.2 5804.0 1.3 161 0 15.6 8.3 5.0 2.5 2 0 2 0 0
-5063.9 6323.7 -4.6 26 0 19.7 7.8 5.0 2.5 2 0 2 0 0
-5112.3 6045.3 -0.5 41 0 9.0 30.1 7.5 2.5 2 1 3 1 1
-4842.5 5764.9 1.1 160 0 12.5 6.5 5.0 2.5 2 0 2 3 3
-5045.1 6039.0 -0.1 116 0 5.6 31.6 7.5 2.5 2 1 3 2 2
-4857.7 5843.2 1.3 163 0 11.6 4.4 5.0 2.5 2 0 2 4 4
-4855.1 5758.1 1.0 326 0 13.0 8.0 5.0 2.5 2 0 2 3 3
-4977.6 5989.4 0.2 129 0 11.8 6.3 5.0 2.5 2 0 2 0 0
-4659.0 6113.6 -2.7 47 0 12.4 5.4 5.0 0.0 0 0 2 5 5
-5194.0 6092.3 1.2 235 0 9.6 10.1 7.5 2.5 2 1 3 4 4
-5118.0 6196.2 -1.6 208 0 14.3 9.0 7.5 2.5 2 0 3 4 4
-4992.5 5968.0 0.1 317 0 7.2 13.2 7.5 2.5 2 1 3 1 1
-5047.4 5907.6 -0.1 144 0 18.2 9.5 7.5 2.5 2 0 3 2 2
-5039.3 6357.7 -5.3 39 0 8.8 8.2 2.5 2.5 4 0 1 0 0
-1661.7 6103.6 3.6 281 0 10.0 9.2 7.5 2.5 2 0 3 4 4
-4834.8 5956.5 0.9 203 0 9.8 15.0 7.5 2.5 2 0 3 2 2
-5029.0 6002.1 -0.0 309 0 5.2 11.1 7.5 2.5 2 1 3 5 5
-4762.2 5908.4 1.4 6 0 5.1 9.2 5.0 2.5 2 1 2 5 5
-4649.9 6253.8 -0.9 281 0 16.7 8.6 7.5 2.5 2 0 3 3 3
-4827.5 5699.7 0.8 329 0 9.9 7.9 2.5 2.5 2 0 1 5 5
-5152.4 6086.6 1.0 312 0 3.0 6.2 5.0 2.5 2 1 2 5 5
-4816.2 6232.9 -2.9 125 0 10.1 9.0 5.0 2.5 2 0 2 1 1
-5189.2 6104.6 1.9 232 0 8.3 4.3 7.5 2.5 2 0 3 2 2
-5091.6 6139.9 0.0 296 0 13.6 9.6 5.0 2.5 2 0 2 1 1
-4732.2 6185.0 -3.4 298 0 11.0 8.2 5.0 2.5 2 0 2 5 5
-1666.5 6085.1 3.3 281 0 12.5 8.3 7.5 2.5 2 0 3 5 5
-4797.0 5963.0 0.0 289 0 7.5 16.0 5.0 2.5 4 1 2 2 2
-5043.5 5990.7 -0.2 310 0 9.0 29.6 7.5 2.5 2 1 3 5 5
-4935.3 6309.0 -3.1 9 0 9.5 13.3 2.5 0.0 0 1 1 3 3
-4934.0 6016.1 0.4 228 0 15.9 9.6 2.5 0.0 0 0 1 0 0
-4971.3 5857.4 0.8 138 0 7.7 4.3 2.5 2.5 2 0 1 2 2
-4657.9 6240.7 -2.1 281 0 6.6 13.0 2.5 2.5 2 1 1 0 0
-5097.5 6322.9 -4.6 123 0 6.7 3.9 2.5 2.5 2 0 1 4 4
-5155.4 6046.2 -0.5 60 0 7.6 23.0 2.5 2.5 4 1 1 4 4
-4838.1 5752.8 1.2 160 0 8.2 17.6 5.0 2.5 2 1 2 3 3
-4796.5 6242.0 -3.2 126 0 6.1 12.1 5.0 2.5 2 1 2 3 3
-4934.4 5968.4 0.5 51 0 8.9 5.4 5.0 2.5 2 0 2 4 4
-4782.2 5892.2 1.4 91 0 9.7 16.4 7.5 2.5 2 1 3 5 5
-5235.2 6221.6 -1.2 206 0 9.8 13.5 7.5 2.5 4 1 3 5 5
-2683.5 7289.6 3.8 345 0 4.3 6.0 5.0 2.5 2 1 2 1 1
-4930.4 6336.0 -4.1 10 0 10.4 12.9 7.5 2.5 2 1 3 4 4
-4770.2 5931.3 0.9 306 0 4.3 9.3 7.5 2.5 2 1 3 4 4
-4908.8 5751.3 0.8 146 0 12.7 11.1 10.0 2.5 4 0 4 5 5
-4975.6 5952.6 0.3 289 0 4.6 20.7 7.5 2.5 2 0 3 0 0
-4845.0 5940.5 1.0 101 0 7.7 10.6 2.5 2.5 2 0 1 1 1
-4838.2 5823.5 1.4 164 0 13.8 6.6 7.5 2.5 4 0 3 0 0
-4908.9 5770.3 0.9 146 0 3.9 7.7 5.0 2.5 4 0 2 4 4
-5205.9 6243.9 -2.2 295 0 7.6 18.4 7.5 2.5 2 0 3 0 0
-5056.8 6397.5 -5.3 222 0 7.3 18.0 5.0 2.5 2 0 2 2 2
-5209.8 6225.7 -1.6 296 0 3.5 11.7 5.0 2.5 2 0 2 1 1
-5206.3 6071.1 0.8 146 0 4.7 5.9 7.5 2.5 2 0 3 5 5
-5007.1 5954.0 0.0 315 0 6.3 3.2 7.5 2.5 2 0 3 3 3
-4978.0 5891.7 0.5 51 0 9.9 8.7 7.5 2.5 2 0 3 1 1
-4858.3 5800.0 1.2 156 0 22.5 7.3 5.0 0.0 0 0 2 4 4
-5209.8 6081.5 1.0 235 0 6.0 8.1 5.0 2.5 2 0 2 0 0
-5143.7 6186.6 -1.0 0 0 6.0 12.3 5.0 2.5 2 0 2 0 0
-2708.7 7290.3 3.3 164 0 8.3 7.5 5.0 2.5 2 0 2 1 1
-5038.2 6385.5 -5.1 312 0 7.9 7.3 5.0 0.0 0 0 2 2 2
-4871.0 5916.2 1.0 172 0 10.4 17.5 5.0 2.5 2 1 2 3 3
-4985.7 5885.5 0.5 51 0 9.9 8.7 5.0 0.0 0 0 2 2 2
-4824.3 5779.8 1.2 153 0 14.0 10.2 5.0 2.5 2 0 2 1 1
-5060.2 6128.1 -0.2 291 0 5.4 20.1 2.5 2.5 2 1 1 1 1
-4843.1 5960.1 1.0 281 0 5.1 9.0 5.0 2.5 2 0 2 3 3
-4913.1 5757.2 0.7 144 0 14.4 11.0 5.0 0.0 0 0 2 1 1
-5091.2 6104.6 0.7 116 0 13.4 9.2 2.5 2.5 2 0 1 5 5
-5009.4 5951.8 -0.1 318 0 6.3 34.9 5.0 2.5 2 0 2 0 0
-5113.6 6207.9 -1.7 209 0 10.2 10.9 5.0 2.5 2 0 2 1 1
-4697.1 6175.5 -3.1 34 0 8.1 15.2 5.0 2.5 2 1 2 5 5
-4977.8 5953.4 0.2 303 0 4.7 20.7 2.5 2.5 4 0 1 4 4
-4853.4 5819.0 1.4 163 0 6.6 15.9 7.5 2.5 4 0 3 3 3
-4697.2 6225.4 -3.1 191 0 9.8 9.1 5.0 2.5 2 0 2 5 5
-6927.1 -6523.9 -15.2 272 0 4.0 3.5 7.5 2.5 2 0 3 2 2
-6905.8 -6548.5 -15.1 92 0 7.5 4.6 7.5 2.5 2 0 3 1 1
-6951.4 -6464.6 -15.1 194 0 5.3 7.4 7.5 2.5 2 1 3 2 2
-6942.7 -6530.9 -15.3 129 0 11.0 12.7 2.5 2.5 2 0 1 2 2
-85.5 6416.2 4.6 241 0 10.5 7.9 5.0 2.5 2 0 2 5 5
-1295.2 5959.2 4.0 105 0 12.9 10.1 7.5 2.5 2 0 3 0 0
-163.1 6410.7 5.1 254 0 5.8 4.5 7.5 2.5 2 0 3 4 4
-117.4 6352.8 6.6 242 0 11.4 8.8 2.5 2.5 2 0 1 3 3
-1146.0 5929.6 3.7 286 0 4.7 11.6 2.5 0.0 0 1 1 5 5
-547.2 6070.0 1.6 251 0 14.2 8.7 7.5 2.5 2 0 3 2 2
-1399.9 5578.8 10.9 283 0 4.7 6.8 7.5 2.5 2 1 3 0 0
-1002.2 5901.3 2.7 254 0 8.1 17.7 2.5 2.5 2 1 1 1 1
1068.1 8202.0 6.5 190 0 12.0 26.0 10.0 0.0 0 1 4 5 5
-1425.2 5651.6 6.6 106 0 11.4 6.2 5.0 2.5 2 0 2 2 2
-1339.9 5690.1 5.5 7 0 6.0 8.3 7.5 2.5 2 1 3 2 2
-1447.2 5952.5 4.5 201 0 4.8 10.2 7.5 2.5 2 1 3 1 1
-1122.6 5874.7 3.8 285 0 14.6 6.5 5.0 2.5 2 0 2 1 1
858.5 8259.4 6.8 10 0 14.2 13.1 5.0 2.5 2 0 2 4 4
-73.5 7041.0 6.4 280 0 16.1 8.9 7.5 2.5 2 0 3 0 0
-1104.3 5896.9 3.7 107 0 6.0 7.6 5.0 2.5 2 1 2 5 5
-1189.1 6097.4 2.9 100 0 9.5 10.4 2.5 0.0 0 1 1 1 1
1137.2 8257.6 7.0 283 0 11.9 8.0 2.5 2.5 2 0 1 5 5
-1050.4 5937.5 3.0 288 0 18.2 9.5 5.0 2.5 2 0 2 5 5
-1082.7 5901.4 3.6 106 0 8.0 8.1 5.0 2.5 2 1 2 5 5
-1684.8 5939.5 3.2 105 0 13.1 8.1 7.5 2.5 4 0 3 1 1
-1056.3 5877.0 3.4 100 0 12.2 8.2 5.0 2.5 2 0 2 4 4
-1623.2 6062.0 3.4 299 0 3.9 15.0 7.5 2.5 2 0 3 3 3
-1776.4 5961.5 2.3 182 0 10.5 8.1 2.5 2.5 2 0 1 4 4
-1406.0 5956.0 4.4 287 0 6.5 14.9 5.0 2.5 2 1 2 2 2
-85.9 6400.6 5.0 245 0 4.1 7.9 7.5 2.5 2 1 3 1 1
-81.5 6923.3 3.8 358 0 8.0 19.6 2.5 0.0 0 1 1 3 3
-1098.1 5597.0 7.7 74 0 5.2 6.1 5.0 2.5 2 0 2 5 5
-1494.9 6049.3 4.3 194 0 7.0 15.3 2.5 2.5 2 1 1 0 0
-1172.4 5999.4 3.6 106 0 3.9 9.3 7.5 2.5 2 1 3 0 0
-1454.5 5973.1 4.4 203 0 19.8 7.3 2.5 2.5 2 0 1 3 3
-1376.0 5582.4 11.0 288 0 7.5 13.5 5.0 2.5 2 1 2 0 0
-247.5 6316.0 4.6 69 0 7.2 10.1 7.5 2.5 2 1 3 1 1
-1328.2 5923.2 4.3 284 0 8.9 14.0 2.5 2.5 2 1 1 0 0
1219.3 8240.6 6.8 279 0 12.1 8.1 5.0 2.5 2 0 2 5 5
-1360.1 5679.8 5.8 10 0 6.0 7.0 5.0 2.5 2 1 2 1 1
-76.8 6893.1 4.3 352 0 10.1 28.7 10.0 2.5 2 1 4 1 1
-1345.6 5953.4 4.2 295 0 13.2 9.6 5.0 2.5 2 0 2 1 1
-1235.9 5905.7 4.0 284 0 21.5 8.6 7.5 2.5 2 0 3 0 0
-990.2 5972.0 2.2 344 0 7.0 15.3 7.5 2.5 4 1 3 1 1
-1469.3 6068.7 4.2 282 0 6.5 12.7 5.0 2.5 2 1 2 4 4
-151.5 6336.1 5.3 237 0 5.1 15.4 7.5 2.5 2 1 3 4 4
-1176.5 5859.6 4.0 190 0 28.8 12.0 10.0 2.5 2 0 4 1 1
-95.8 7035.1 6.7 281 0 11.2 18.7 2.5 2.5 2 1 1 1 1
-306.4 6197.9 1.6 244 0 8.0 12.0 5.0 2.5 2 1 2 4 4
-1091.5 5885.9 3.7 105 0 14.6 8.9 5.0 2.5 4 0 2 0 0
-1302.4 5996.7 3.9 285 0 14.0 9.0 7.5 0.0 0 0 3 3 3
-1459.5 5948.2 4.6 202 0 4.5 3.6 7.5 2.5 2 0 3 5 5
-1059.4 5835.9 3.8 7 0 8.0 6.4 7.5 2.5 4 0 3 3 3
-1655.0 5924.4 3.6 103 0 10.1 17.8 5.0 2.5 2 1 2 2 2
-1272.5 5977.4 3.9 286 0 5.4 7.7 7.5 2.5 2 1 3 1 1
1117.6 8254.3 7.0 188 0 24.6 8.2 2.5 2.5 2 0 1 5 5
-1613.2 5927.8 3.9 16 0 10.5 19.2 7.5 2.5 2 1 3 1 1
-386.2 6398.4 3.4 254 0 6.3 11.1 7.5 0.0 0 1 3 1 1
-1401.3 5961.9 4.4 294 0 4.9 3.4 5.0 2.5 2 0 2 3 3
-557.3 6047.0 1.6 163 0 13.3 6.1 5.0 0.0 0 0 2 1 1
798.7 8234.7 7.0 188 0 7.6 5.4 7.5 2.5 2 0 3 4 4
-432.4 6194.6 1.7 245 0 6.1 5.4 7.5 2.5 2 0 3 1 1
-1102.3 5589.4 7.9 76 0 6.3 3.2 7.5 2.5 2 0 3 2 2
-1217.4 5863.2 4.1 103 0 13.4 6.6 2.5 2.5 2 0 1 2 2
-1449.8 5692.2 5.7 335 0 9.5 7.2 2.5 2.5 2 0 1 4 4
-988.8 5949.1 2.2 76 0 11.9 8.2 5.0 2.5 4 0 2 3 3
-1259.4 5759.5 4.7 279 0 9.4 8.6 5.0 0.0 0 0 2 5 5
-1815.6 5998.0 1.7 274 0 5.4 12.3 5.0 2.5 2 1 2 1 1
-1499.7 5679.7 5.9 68 0 6.0 4.8 7.5 2.5 2 0 3 2 2
-1328.2 5986.2 4.0 197 0 5.6 4.6 2.5 2.5 4 0 1 3 3
-1670.4 5917.1 3.5 111 0 12.1 8.2 7.5 0.0 0 0 3 0 0
-1359.9 5590.9 10.8 289 0 10.1 7.0 7.5 2.5 2 0 3 2 2
-1282.0 5713.4 5.0 116 0 14.3 9.8 5.0 2.5 2 0 2 3 3
-171.7 6956.6 6.2 274 0 6.6 16.2 2.5 2.5 2 1 1 3 3
-1424.3 5942.6 4.5 108 0 6.0 6.6 5.0 2.5 2 1 2 1 1
-551.4 6028.1 1.5 164 0 12.1 36.3 7.5 2.5 2 1 3 3 3
-1456.3 5689.2 5.7 335 0 9.4 7.0 7.5 2.5 2 0 3 3 3
-790.0 6029.9 2.0 74 0 13.2 9.8 7.5 0.0 0 0 3 3 3
-1093.4 5819.8 3.9 189 0 17.0 8.1 5.0 2.5 2 0 2 4 4
-1780.3 5948.6 2.3 184 0 7.9 15.0 2.5 2.5 2 1 1 4 4
-74.6 7007.2 6.1 10 0 8.3 13.4 5.0 2.5 2 1 2 5 5
-1225.4 5936.0 3.9 112 0 19.0 9.5 7.5 0.0 0 0 3 3 3
1134.9 8240.1 7.1 282 0 13.1 4.0 2.5 2.5 4 0 1 1 1
-453.6 6180.1 1.7 161 0 5.0 3.8 7.5 2.5 2 0 3 3 3
-116.3 6891.9 4.2 84 0 12.4 26.6 7.5 0.0 0 1 3 0 0
-98.6 6329.7 7.8 332 0 5.6 12.7 2.5 0.0 0 1 1 3 3
-1036.6 5934.2 2.8 207 0 5.6 16.0 7.5 2.5 2 1 3 3 3
-528.4 6066.5 1.6 254 0 7.8 15.7 2.5 2.5 2 1 1 0 0
-193.8 6374.0 4.8 71 0 21.1 11.1 5.0 2.5 2 0 2 2 2
-1385.8 5668.7 6.0 80 0 11.6 7.0 5.0 2.5 2 0 2 4 4
-807.8 6034.9 2.0 74 0 8.1 12.0 5.0 2.5 2 1 2 4 4
-227.6 6313.4 4.7 68 0 11.8 9.9 2.5 2.5 2 0 1 1 1
-414.6 6192.6 1.6 340 0 6.2 4.0 5.0 2.5 4 0 2 4 4
-1440.9 6048.2 4.1 284 0 24.3 13.2 7.5 2.5 4 0 3 5 5
-1101.2 5607.7 7.6 253 0 5.2 5.0 7.5 2.5 2 0 3 1 1
-1197.0 5861.4 4.1 14 0 6.5 13.6 2.5 0.0 0 0 1 2 2
1221.5 8230.1 6.4 281 0 4.2 16.9 5.0 2.5 2 1 2 3 3
-1247.0 5891.6 4.1 284 0 7.5 14.2 5.0 2.5 2 1 2 3 3
-164.7 6337.8 5.2 242 0 3.5 5.4 2.5 2.5 2 1 1 2 2
-438.0 6192.0 1.7 245 0 6.1 5.4 5.0 2.5 2 0 2 3 3
-1036.7 5896.4 3.2 15 0 5.2 10.4 5.0 2.5 2 0 2 2 2
-1356.9 5947.1 4.3 291 0 5.0 33.1 5.0 2.5 2 0 2 3 3
-1748.7 6001.7 2.4 269 0 8.7 8.9 2.5 2.5 2 1 1 4 4
-1105.9 5951.2 3.4 199 0 10.2 20.8 2.5 2.5 2 0 1 4 4
-1110.6 5888.9 3.7 109 0 12.2 9.5 7.5 0.0 0 0 3 3 3
-1093.6 5937.4 3.5 198 0 8.6 6.0 5.0 2.5 2 0 2 0 0
-1277.6 5761.4 4.8 274 0 6.3 13.0 2.5 2.5 2 1 1 2 2
-1629.6 6080.1 3.3 300 0 9.8 12.5 7.5 2.5 2 1 3 1 1
-131.8 6407.1 5.3 344 0 11.3 7.4 5.0 0.0 0 0 2 5 5
-381.5 6374.5 3.5 94 0 7.7 12.1 7.5 2.5 2 1 3 3 3
-1117.1 5921.8 3.7 289 0 4.6 14.0 7.5 2.5 2 0 3 1 1
-158.5 6394.7 5.1 71 0 7.3 12.2 7.5 2.5 2 0 3 1 1
-282.8 6183.4 1.7 78 0 12.7 13.7 7.5 0.0 0 1 3 1 1
-1360.9 5900.3 4.4 110 0 31.1 12.2 15.0 0.0 0 0 6 0 0
888.4 8259.5 6.9 198 0 16.1 6.3 7.5 2.5 4 0 3 0 0
-1077.7 5838.2 3.8 188 0 7.9 12.0 2.5 2.5 2 0 1 4 4
-1630.6 6049.0 3.3 301 0 8.0 7.3 2.5 2.5 4 0 1 5 5
-69.3 6914.8 3.8 354 0 21.7 9.8 7.5 2.5 2 0 3 5 5
-1077.8 5842.0 3.8 97 0 3.8 6.3 7.5 2.5 2 0 3 2 2
-1125.7 5894.0 3.7 110 0 7.1 15.0 5.0 2.5 2 0 2 3 3
-1763.9 5969.0 2.4 182 0 4.2 9.3 5.0 2.5 2 1 2 3 3
-1212.8 5931.0 3.9 110 0 8.1 12.3 7.5 2.5 2 0 3 3 3
-1421.5 5978.6 4.3 288 0 25.0 9.5 5.0 0.0 0 0 2 3 3
1071.3 8243.0 6.9 279 0 9.1 33.0 7.5 0.0 0 1 3 5 5
-1134.8 5853.1 3.9 37 0 12.1 17.3 7.5 0.0 0 1 3 2 2
-1121.7 5933.4 3.7 293 0 7.9 11.2 5.0 2.5 2 1 2 3 3
-1350.0 5564.4 12.0 18 0 9.1 9.1 2.5 2.5 4 0 1 3 3
-1162.8 5888.2 3.9 302 0 8.7 11.6 2.5 2.5 4 1 1 2 2
-1157.1 5907.6 3.8 109 0 12.0 10.1 5.0 2.5 4 0 2 5 5
-1262.2 5926.0 4.0 100 0 5.4 16.7 7.5 2.5 4 1 3 4 4
1087.8 8251.9 7.0 275 0 17.7 9.1 5.0 0.0 0 0 2 0 0
-177.6 6335.1 5.1 238 0 10.8 8.3 5.0 2.5 2 0 2 3 3
-141.4 6392.1 5.2 71 0 11.1 7.9 7.5 2.5 2 0 3 0 0
-1787.4 5990.7 2.0 3 0 12.7 8.1 2.5 2.5 2 0 1 0 0
-1308.1 5934.2 4.1 291 0 14.7 10.2 5.0 2.5 2 0 2 3 3
-6918.2 -6916.4 -23.3 107 0 10.3 7.3 5.0 2.5 4 0 2 4 4
-6796.3 -6948.5 -22.6 198 0 7.4 7.4 5.0 2.5 2 1 2 1 1
-6770.0 -6938.2 -21.5 32 0 14.0 14.7 7.5 2.5 2 1 3 1 1
-6917.2 -6850.3 -19.3 3 0 7.0 6.5 7.5 2.5 2 0 3 3 3
-6906.7 -6850.2 -19.6 3 0 8.3 6.5 7.5 2.5 2 0 3 2 2
-6926.0 -6815.9 -17.6 291 0 9.0 6.3 7.5 2.5 2 0 3 5 5
-6555.4 -7153.9 -18.1 265 0 8.9 8.3 7.5 2.5 2 0 3 2 2
-6741.4 -6880.0 -19.9 11 0 15.3 84.5 15.0 0.0 0 1 6 4 4
-6945.9 -6835.4 -18.7 194 0 5.8 6.4 5.0 2.5 2 1 2 5 5
-6919.8 -6836.1 -18.4 10 0 3.1 5.4 5.0 2.5 2 1 2 3 3
-6913.1 -6850.3 -19.4 3 0 7.5 4.0 5.0 2.5 2 0 2 5 5
-6553.8 -7170.3 -18.1 85 0 8.9 8.1 5.0 2.5 2 0 2 5 5
-6842.1 -6361.3 -12.3 43 0 13.0 9.8 5.0 2.5 2 0 2 2 2
-6841.8 -6527.3 -14.1 272 0 18.8 10.0 2.5 2.5 2 0 1 5 5
-6835.8 -6638.4 -14.8 100 0 5.0 9.8 5.0 0.0 0 1 2 0 0
-6822.5 -6549.4 -14.0 2 0 14.4 8.0 7.5 2.5 2 0 3 5 5
-6860.7 -6435.7 -12.7 94 0 10.6 10.2 7.5 2.5 2 0 3 3 3
-6334.4 2029.9 0.9 68 0 10.7 18.4 7.5 2.5 2 1 3 3 3
-684.3 156.1 -7.2 94 0 15.3 4.3 7.5 0.0 0 0 3 5 5
-6396.8 2140.6 -1.1 351 0 8.7 10.6 7.5 2.5 2 1 3 1 1
-6157.0 1926.3 -2.5 342 0 14.2 43.1 7.5 2.5 2 1 3 1 1
-6306.9 2041.2 0.7 68 0 8.3 8.2 2.5 2.5 2 0 1 3 3
-6385.4 1974.6 0.5 261 0 3.5 3.6 7.5 2.5 2 1 3 0 0
-6207.4 1893.0 -2.1 71 0 17.5 8.1 5.0 0.0 0 0 2 2 2
-6299.3 2044.4 0.7 68 0 8.1 8.2 7.5 2.5 2 0 3 5 5
-6352.6 2111.3 -0.3 158 0 42.6 8.7 7.5 2.5 2 0 3 5 5
-6133.0 2012.0 -2.2 73 0 44.5 22.0 7.5 2.5 2 0 3 5 5
-6425.6 2120.6 -0.5 168 0 5.6 10.5 5.0 2.5 2 1 2 0 0
-6438.2 1955.2 0.1 163 0 6.7 6.2 7.5 2.5 2 0 3 5 5
-6361.6 2028.2 1.2 169 0 17.4 8.7 7.5 2.5 2 0 3 5 5
-6306.6 2061.1 1.0 68 0 6.6 5.4 5.0 2.5 2 0 2 5 5
-6124.4 2053.3 -1.7 341 0 9.2 41.0 7.5 2.5 2 1 3 1 1
-6425.4 2100.9 -0.1 159 0 5.0 17.8 7.5 2.5 2 1 3 2 2
-6369.2 1987.4 0.7 254 0 5.7 4.4 7.5 0.0 0 0 3 4 4
-6379.0 2016.8 1.5 82 0 3.9 3.5 2.5 2.5 2 0 1 3 3
-6317.7 2059.5 1.1 158 0 5.4 7.6 5.0 2.5 2 0 2 5 5
-1292.8 275.1 -7.0 107 0 3.9 6.7 5.0 2.5 2 1 2 1 1
-6151.1 1962.0 -2.5 161 0 21.2 13.1 10.0 0.0 0 0 4 2 2
-6432.3 1957.0 0.2 163 0 6.7 5.0 2.5 0.0 0 0 1 1 1
-6146.6 1996.8 -2.1 250 0 5.4 9.0 7.5 2.5 2 1 3 4 4
-6205.7 2029.9 -1.1 251 0 41.2 9.2 7.5 0.0 0 0 3 4 4
-6393.3 2093.0 0.4 336 0 5.3 27.1 5.0 2.5 4 1 2 5 5
-6342.6 1840.9 -3.1 161 0 50.7 8.1 7.5 2.5 2 0 3 1 1
-1628.5 342.8 -7.2 195 0 7.8 54.0 7.5 0.0 0 1 3 0 0
-6382.4 2106.9 -0.2 68 0 18.6 12.5 5.0 2.5 2 0 2 0 0
-1208.7 256.6 -7.1 307 0 8.7 7.2 5.0 2.5 2 0 2 0 0
-1212.9 250.8 -7.0 306 0 8.3 4.1 2.5 2.5 2 0 1 5 5
-6442.7 1979.9 0.6 254 0 8.9 8.8 5.0 2.5 2 0 2 5 5
-944.5 189.5 -5.5 278 0 12.2 11.3 5.0 2.5 2 0 2 3 3
-377.1 182.4 -4.0 292 0 5.5 6.0 2.5 2.5 2 1 1 3 3
-912.5 238.1 -7.7 186 0 6.3 26.4 5.0 2.5 2 1 2 5 5
-1604.0 269.5 -6.6 98 0 4.4 8.9 2.5 2.5 2 1 1 4 4
-1123.3 177.6 -7.3 22 0 4.4 5.9 7.5 2.5 2 0 3 0 0
-1802.5 323.0 -7.3 197 0 3.6 9.0 5.0 2.5 2 0 2 4 4
-218.8 -585.7 -4.9 102 0 4.6 3.6 5.0 2.5 2 0 2 1 1
-545.8 154.6 -6.1 198 0 12.8 7.8 5.0 2.5 2 0 2 3 3
-501.5 -41.4 -4.2 11 0 9.6 54.6 5.0 2.5 2 0 2 1 1
-1635.8 225.3 -7.6 100 0 3.6 5.9 2.5 2.5 2 1 1 3 3
-635.4 -40.5 -4.5 9 0 3.2 5.4 7.5 0.0 0 1 3 2 2
-1881.7 383.0 -7.2 285 0 5.1 7.8 5.0 2.5 4 0 2 5 5
-207.8 -560.3 -4.8 12 0 3.5 6.5 5.0 2.5 2 1 2 2 2
-1740.2 239.8 -7.8 99 0 10.0 6.0 5.0 2.5 2 0 2 4 4
-1589.7 365.2 -7.6 193 0 4.3 3.7 7.5 2.5 2 0 3 4 4
-831.0 74.1 -7.1 94 0 6.2 9.1 2.5 2.5 2 0 1 5 5
-1788.7 328.2 -7.5 197 0 4.5 10.4 2.5 2.5 2 1 1 3 3
-1436.2 387.2 -8.0 77 0 4.0 8.6 2.5 0.0 0 1 1 4 4
-1621.4 251.6 -7.3 279 0 5.5 15.6 5.0 2.5 2 0 2 2 2
-1883.8 375.4 -7.0 286 0 5.0 18.5 5.0 2.5 2 0 2 5 5
-1774.9 308.4 -7.4 108 0 18.7 5.8 7.5 2.5 2 0 3 3 3
-856.7 103.9 -6.8 94 0 6.2 7.9 5.0 2.5 2 1 2 5 5
-313.6 -555.8 -5.8 100 0 14.1 4.3 5.0 2.5 4 0 2 0 0
-502.1 -12.4 -4.5 11 0 9.6 48.6 7.5 2.5 2 1 3 0 0
-738.9 153.7 -7.2 95 0 21.7 5.5 2.5 2.5 2 0 1 5 5
-621.9 158.0 -6.7 94 0 5.4 3.3 7.5 0.0 0 0 3 4 4
-966.8 177.7 -5.6 187 0 4.3 4.0 7.5 2.5 2 0 3 2 2
-302.7 49.7 -4.8 119 0 8.8 6.4 7.5 2.5 4 0 3 1 1
-1625.7 225.0 -7.5 99 0 5.5 11.3 7.5 2.5 2 0 3 2 2
-382.5 168.8 -4.6 287 0 5.3 4.8 7.5 2.5 4 0 3 5 5
-611.4 143.6 -6.5 94 0 3.9 6.1 5.0 2.5 2 0 2 1 1
-1890.8 350.7 -6.6 106 0 5.0 7.2 5.0 2.5 2 0 2 5 5
-740.1 59.0 -6.4 97 0 3.8 5.9 2.5 2.5 2 1 1 3 3
-1777.8 287.8 -7.0 109 0 16.6 7.9 7.5 2.5 2 0 3 5 5
897.0 -4180.5 -15.3 75 0 3.0 4.2 2.5 2.5 2 1 1 2 2
-1610.6 270.1 -6.7 98 0 7.6 8.9 5.0 2.5 2 0 2 0 0
-289.5 42.3 -4.9 120 0 3.6 4.4 7.5 2.5 4 0 3 1 1
-1593.1 184.9 -8.1 106 0 4.4 8.4 5.0 2.5 2 1 2 3 3
-1887.2 330.8 -6.4 106 0 7.1 13.4 5.0 2.5 2 1 2 0 0
-954.7 141.4 -5.9 96 0 9.8 4.6 5.0 0.0 0 0 2 0 0
-724.0 103.7 -6.8 273 0 9.5 15.4 5.0 2.5 4 1 2 0 0
-1736.8 262.5 -7.7 278 0 9.9 8.8 7.5 2.5 2 0 3 5 5
-967.6 171.7 -5.6 188 0 8.0 4.0 7.5 2.5 2 0 3 3 3
-892.6 163.4 -5.3 267 0 5.7 5.8 7.5 2.5 2 0 3 4 4
-1444.5 404.7 -7.9 169 0 12.9 6.7 7.5 2.5 2 0 3 3 3
-1864.5 348.7 -6.8 16 0 10.1 13.2 5.0 2.5 2 1 2 5 5
-558.4 -73.3 -3.3 281 0 20.2 9.7 5.0 2.5 2 0 2 2 2
-901.7 174.0 -5.2 267 0 7.2 11.5 7.5 2.5 2 0 3 5 5
-422.9 -530.0 -6.4 101 0 7.5 12.6 7.5 2.5 2 1 3 3 3
-484.5 28.4 -4.9 10 0 7.5 60.3 7.5 2.5 2 1 3 1 1
-315.6 29.4 -4.9 119 0 7.0 11.0 5.0 2.5 2 0 2 1 1
-1418.4 378.5 -8.1 75 0 7.9 15.5 5.0 2.5 2 1 2 2 2
-1802.2 307.8 -7.3 106 0 8.9 12.7 7.5 2.5 2 0 3 1 1
-235.9 -569.3 -4.7 192 0 9.9 8.3 2.5 2.5 2 0 1 5 5
-826.2 108.9 -7.2 275 0 10.1 12.3 10.0 2.5 2 0 4 1 1
-561.3 -38.1 -4.6 100 0 9.3 42.5 7.5 0.0 0 0 3 1 1
-474.2 -77.7 -2.9 353 0 29.9 4.7 7.5 2.5 2 0 3 3 3
-1608.8 367.7 -7.5 224 0 7.8 18.0 5.0 2.5 4 1 2 1 1
719.9 -4098.6 -14.3 191 0 7.8 19.6 2.5 2.5 2 0 1 4 4
-736.7 -1246.7 -10.3 97 0 20.3 13.1 5.0 2.5 4 0 2 0 0
-755.2 -1515.9 -11.0 8 0 11.3 11.6 5.0 2.5 2 1 2 3 3
842.7 -4104.4 -15.8 264 0 8.8 23.0 7.5 2.5 2 0 3 4 4
-405.0 -712.8 -8.0 8 0 11.1 12.9 7.5 0.0 0 1 3 1 1
556.5 -3838.6 -11.2 176 0 10.8 20.5 7.5 0.0 0 1 3 1 1
370.2 -3818.3 -10.0 267 0 10.2 15.5 2.5 2.5 2 0 1 1 1
763.5 -4162.4 -14.8 68 0 9.8 18.7 5.0 0.0 0 1 2 0 0
-606.3 -695.8 -5.8 19 0 11.4 16.8 7.5 0.0 0 1 3 5 5
936.5 -4028.0 -12.0 7 0 44.9 7.8 7.5 2.5 2 0 3 1 1
-376.1 -1413.2 -10.2 58 0 9.4 6.2 2.5 2.5 2 0 1 1 1
328.8 -1923.3 -11.3 23 0 7.0 4.2 2.5 2.5 2 0 1 2 2
706.1 -4093.8 -14.1 349 0 20.2 10.8 5.0 2.5 4 0 2 3 3
-1492.7 -1519.0 -6.6 271 0 6.7 5.4 5.0 2.5 2 0 2 3 3
-817.9 -1450.9 -10.6 175 0 10.0 12.7 5.0 2.5 4 1 2 5 5
436.3 -3871.7 -10.5 357 0 5.4 10.7 7.5 2.5 2 1 3 4 4
-530.9 -676.0 -8.0 276 0 3.2 10.1 7.5 0.0 0 0 3 0 0
741.4 -4069.3 -13.9 168 0 5.2 6.5 7.5 0.0 0 1 3 5 5
707.0 -4169.2 -14.5 209 0 4.5 6.6 7.5 2.5 2 1 3 1 1
697.6 -3813.9 -10.9 339 0 3.4 6.9 7.5 2.5 2 0 3 0 0
631.9 -3927.6 -11.8 186 0 9.1 9.0 7.5 2.5 2 0 3 2 2
-799.4 -1486.5 -10.8 83 0 7.6 9.9 5.0 2.5 2 0 2 0 0
-887.9 -1186.4 -10.8 278 0 3.4 12.0 5.0 2.5 2 0 2 3 3
296.9 -2016.9 -10.2 16 0 4.9 10.0 7.5 2.5 2 1 3 0 0
730.5 -4043.0 -13.4 168 0 6.5 7.6 7.5 2.5 2 1 3 2 2
448.2 -3809.4 -9.5 265 0 8.0 16.2 2.5 2.5 2 1 1 0 0
632.0 -3827.6 -11.5 356 0 9.1 3.7 5.0 2.5 2 0 2 2 2
-433.7 -679.0 -7.7 185 0 11.0 8.4 2.5 2.5 2 0 1 0 0
-823.8 -1228.1 -10.7 97 0 17.4 5.5 7.5 2.5 2 0 3 4 4
259.9 -2110.2 -12.0 110 0 7.7 14.3 2.5 2.5 4 1 1 1 1
-767.9 -1486.2 -10.7 82 0 7.3 8.6 5.0 0.0 0 1 2 3 3
412.3 -2002.8 -11.0 117 0 16.2 9.9 7.5 2.5 2 0 3 3 3
451.1 -3912.9 -10.6 95 0 11.8 11.5 5.0 2.5 2 0 2 5 5
370.1 -1910.9 -11.0 200 0 6.2 3.4 5.0 2.5 2 0 2 0 0
-370.7 -1388.5 -10.3 329 0 12.1 8.0 7.5 2.5 2 0 3 0 0
884.5 -4172.3 -15.4 82 0 6.4 9.0 5.0 2.5 2 1 2 0 0
-718.0 -1373.9 -10.5 186 0 4.4 12.7 7.5 0.0 0 1 3 2 2
-692.3 -1453.4 -10.6 5 0 23.5 12.0 10.0 2.5 2 0 4 0 0
737.2 -4186.8 -14.5 67 0 4.1 4.9 5.0 2.5 2 0 2 5 5
322.1 -3846.9 -10.5 174 0 11.6 5.2 5.0 2.5 2 0 2 4 4
-784.8 -1596.0 -11.6 7 0 9.9 6.6 2.5 2.5 2 0 1 0 0
389.8 -3904.0 -10.1 87 0 4.3 4.2 7.5 2.5 2 0 3 0 0
-419.8 -855.9 -9.2 358 0 9.5 4.5 5.0 2.5 2 0 2 1 1
698.9 -3783.4 -9.2 339 0 7.6 3.6 2.5 0.0 0 0 1 4 4
-381.4 -632.6 -6.9 282 0 8.7 9.9 7.5 2.5 2 1 3 0 0
-1445.2 -1516.2 -6.9 271 0 7.1 8.2 2.5 2.5 2 0 1 3 3
722.4 -4000.6 -13.1 173 0 8.1 4.7 7.5 2.5 2 0 3 4 4
474.0 -2138.4 -6.3 309 0 7.8 14.0 7.5 2.5 2 1 3 4 4
642.2 -3826.5 -11.5 354 0 9.2 10.2 5.0 2.5 2 0 2 2 2
-429.5 -795.1 -8.7 182 0 3.5 7.5 7.5 2.5 2 0 3 3 3
-843.1 -1226.5 -10.7 7 0 12.6 32.3 10.0 2.5 2 1 4 3 3
-741.2 -1330.7 -10.6 5 0 10.9 9.0 7.5 2.5 2 0 3 2 2
337.7 -1947.5 -11.5 20 0 15.0 10.2 2.5 2.5 2 0 1 4 4
433.1 -2090.8 -6.0 299 0 7.8 16.2 7.5 2.5 2 1 3 3 3
453.3 -1991.4 -11.1 27 0 15.3 7.1 7.5 2.5 2 0 3 2 2
369.8 -1899.5 -10.9 202 0 7.9 17.9 5.0 2.5 2 1 2 2 2
536.4 -2063.0 -6.8 114 0 13.4 8.6 5.0 2.5 2 0 2 5 5
384.7 -2077.6 -6.7 207 0 15.0 10.0 2.5 2.5 4 0 1 2 2
324.9 -3800.6 -9.7 178 0 16.1 5.7 7.5 2.5 2 0 3 2 2
-772.6 -1591.1 -11.6 9 0 6.7 11.5 7.5 2.5 2 0 3 1 1
389.6 -3899.8 -10.1 87 0 4.3 6.5 7.5 2.5 2 0 3 2 2
649.9 -4167.1 -14.2 289 0 11.0 23.1 7.5 2.5 2 1 3 5 5
-735.7 -1155.8 -10.1 101 0 18.2 10.2 5.0 2.5 2 0 2 3 3
-820.1 -1479.3 -10.8 83 0 5.4 9.7 2.5 2.5 2 1 1 3 3
652.3 -3841.3 -11.7 355 0 9.1 8.9 5.0 2.5 2 0 2 4 4
-1575.7 -1519.6 -6.1 271 0 6.7 8.5 5.0 2.5 2 1 2 0 0
722.5 -4063.6 -13.7 167 0 8.6 18.6 5.0 2.5 2 1 2 2 2
-752.1 -1297.5 -10.6 6 0 7.1 5.5 7.5 2.5 4 0 3 2 2
-425.8 -1027.9 -9.1 90 0 9.4 6.6 7.5 2.5 2 0 3 0 0
-1454.2 -1464.8 -7.0 92 0 6.7 9.7 5.0 2.5 2 1 2 0 0
426.1 -2134.1 -7.1 118 0 6.2 10.3 7.5 2.5 2 1 3 3 3
326.1 -2035.5 -9.6 109 0 9.5 14.0 5.0 2.5 2 1 2 5 5
-687.3 -1169.9 -9.9 187 0 16.6 18.7 7.5 2.5 2 1 3 3 3
741.1 -3926.0 -12.4 248 0 6.9 6.3 5.0 0.0 0 0 2 5 5
-413.8 -680.1 -7.7 6 0 5.6 3.5 7.5 2.5 4 0 3 1 1
-418.3 -768.3 -8.5 5 0 11.1 5.1 5.0 2.5 2 0 2 0 0
-750.1 -1390.5 -10.4 4 0 12.5 9.0 7.5 0.0 0 0 3 4 4
-634.6 -688.1 -4.7 188 0 8.9 6.7 7.5 2.5 2 0 3 0 0
655.3 -4202.7 -14.3 15 0 6.4 11.7 7.5 2.5 2 0 3 4 4
400.7 -2068.4 -6.6 206 0 5.9 11.1 7.5 2.5 4 1 3 2 2
-443.1 -838.1 -9.0 177 0 12.4 9.0 7.5 0.0 0 0 3 5 5
-773.7 -1627.3 -11.5 8 0 12.0 27.2 12.5 2.5 2 1 5 1 1
-716.4 -1392.3 -10.4 184 0 13.5 9.0 7.5 2.5 2 0 3 2 2
-807.1 -1487.5 -10.8 82 0 7.9 9.8 7.5 2.5 2 0 3 3 3
-1592.1 -1542.1 -6.0 91 0 9.1 8.1 7.5 2.5 2 0 3 4 4
758.6 -4047.5 -13.8 350 0 13.8 10.9 7.5 2.5 4 0 3 5 5
-1479.0 -1443.8 -6.9 181 0 7.6 17.6 5.0 0.0 0 1 2 5 5
668.3 -4023.5 -12.9 351 0 25.2 6.3 7.5 2.5 2 0 3 3 3
-705.5 -1539.5 -11.4 98 0 12.1 5.2 7.5 2.5 2 0 3 4 4
-815.8 -1183.9 -10.6 277 0 17.6 10.0 5.0 2.5 4 0 2 3 3
286.1 -1985.4 -11.9 200 0 6.6 5.6 7.5 2.5 2 0 3 5 5
-772.6 -1275.4 -10.6 275 0 18.0 23.6 7.5 2.5 2 1 3 1 1
-1372.1 -1517.5 -7.4 271 0 7.4 15.5 2.5 2.5 2 1 1 0 0
495.0 -3871.8 -10.8 275 0 13.5 9.7 5.0 2.5 2 0 2 5 5
393.1 -2094.2 -6.8 208 0 7.1 12.8 7.5 2.5 2 1 3 2 2
672.1 -3961.1 -12.3 352 0 7.8 9.5 5.0 2.5 2 1 2 0 0
360.6 -1925.9 -11.2 201 0 12.4 9.1 7.5 2.5 2 0 3 5 5
361.6 -3829.7 -10.0 267 0 4.5 4.5 7.5 0.0 0 0 3 2 2
362.9 -1999.2 -10.7 288 0 5.0 12.1 7.5 2.5 4 1 3 0 0
286.1 -2113.6 -11.6 18 0 10.1 10.0 5.0 2.5 2 0 2 5 5
-769.3 -1527.0 -11.1 12 0 3.3 6.2 7.5 2.5 4 1 3 2 2
-406.6 -1272.3 -9.4 359 0 15.0 8.0 5.0 2.5 2 0 2 5 5
-655.6 -1381.6 -10.5 6 0 4.0 12.0 2.5 2.5 2 1 1 3 3
-800.0 -1569.3 -11.5 187 0 9.7 12.0 2.5 2.5 4 1 1 1 1
753.2 -4008.6 -12.9 285 0 8.5 21.3 2.5 0.0 0 1 1 4 4
664.6 -3806.5 -10.4 160 0 18.7 10.0 5.0 2.5 2 0 2 3 3
-782.4 -1317.3 -10.6 185 0 12.9 7.0 7.5 2.5 2 0 3 3 3
-1428.3 -1545.2 -7.1 92 0 18.1 8.0 2.5 2.5 2 0 1 5 5
425.8 -2148.7 -8.1 213 0 9.5 10.0 5.0 2.5 2 1 2 4 4
629.5 -3840.8 -11.6 355 0 14.9 7.2 7.5 0.0 0 0 3 0 0
581.4 -2046.3 -7.1 280 0 15.8 7.0 5.0 2.5 2 0 2 2 2
-693.0 -1295.1 -9.9 281 0 3.5 5.4 7.5 2.5 2 1 3 3 3
393.3 -1913.9 -11.0 288 0 8.2 16.0 7.5 0.0 0 1 3 3 3
748.4 -3934.8 -12.4 338 0 9.2 6.9 7.5 2.5 2 0 3 5 5
-444.3 -792.3 -8.7 186 0 3.0 8.1 5.0 2.5 2 0 2 5 5
413.5 -1987.5 -11.2 110 0 8.2 18.4 7.5 2.5 2 1 3 0 0
-463.7 -694.3 -7.9 6 0 7.7 7.8 5.0 2.5 2 1 2 5 5
281.7 -2095.3 -11.0 18 0 6.9 11.0 2.5 0.0 0 1 1 3 3
-439.1 -1284.0 -9.3 180 0 6.9 20.4 7.5 2.5 2 1 3 2 2
-712.9 -1437.5 -10.3 187 0 16.3 6.3 2.5 2.5 4 0 1 4 4
421.9 2420.3 -0.6 176 0 3.9 9.9 5.0 2.5 2 1 2 1 1
319.8 -3894.5 -10.8 178 0 7.3 5.8 5.0 0.0 0 0 2 5 5
-421.5 -958.0 -9.2 359 0 6.7 9.5 5.0 2.5 4 1 2 1 1
-412.1 -1519.0 -10.4 60 0 9.1 4.9 5.0 2.5 4 0 2 4 4
695.6 -3784.7 -9.1 339 0 7.4 19.1 2.5 2.5 2 0 1 4 4
742.2 -4184.7 -14.6 67 0 6.7 4.9 5.0 2.5 2 0 2 5 5
-378.5 -468.8 -6.1 274 0 11.3 7.5 5.0 2.5 2 0 2 4 4
-797.5 -1101.9 -10.1 277 0 31.4 14.2 7.5 0.0 0 0 3 0 0
428.7 -3928.9 -10.4 92 0 12.3 41.5 7.5 2.5 2 1 3 1 1
693.2 -4025.9 -13.0 352 0 13.4 9.1 5.0 2.5 2 0 2 3 3
439.4 -2138.3 -6.8 122 0 12.0 6.9 5.0 2.5 2 0 2 0 0
625.5 -2056.1 -6.3 276 0 13.2 5.6 5.0 2.5 2 0 2 2 2
718.8 -4091.2 -14.1 168 0 13.0 8.4 5.0 0.0 0 0 2 5 5
-708.1 -1327.2 -10.6 187 0 12.2 14.0 5.0 2.5 2 1 2 4 4
615.9 -3927.5 -11.6 186 0 11.9 6.8 5.0 2.5 2 0 2 3 3
-484.1 -604.8 -7.1 185 0 14.0 5.5 5.0 2.5 2 0 2 1 1
-868.5 -1187.3 -10.7 280 0 12.0 9.0 2.5 2.5 2 0 1 3 3
497.4 -3890.7 -10.9 275 0 12.8 9.1 2.5 2.5 2 0 1 0 0
660.2 -2079.9 -5.1 93 0 4.1 7.4 2.5 0.0 0 1 1 3 3
-793.0 -1378.7 -10.5 182 0 5.7 12.2 5.0 2.5 2 0 2 5 5
255.6 -2006.4 -10.9 196 0 6.9 9.9 2.5 2.5 2 1 1 4 4
-773.6 -1476.4 -10.6 82 0 5.4 3.5 5.0 2.5 2 0 2 1 1
-751.5 -1244.9 -10.4 97 0 10.3 3.2 5.0 2.5 2 0 2 1 1
244.3 -2024.7 -9.9 197 0 5.0 3.3 5.0 2.5 2 0 2 1 1
-774.1 -1473.0 -10.6 83 0 5.4 9.8 5.0 2.5 2 0 2 1 1
-783.7 -1587.9 -11.6 8 0 6.7 6.6 7.5 2.5 2 0 3 5 5
311.5 -1911.8 -11.3 202 0 18.0 8.0 2.5 2.5 2 0 1 5 5
-1449.1 -1524.4 -6.9 262 0 6.8 7.8 7.5 2.5 2 0 3 0 0
-793.5 -1387.7 -10.5 183 0 12.3 12.2 5.0 2.5 2 0 2 0 0
375.7 -2125.4 -8.6 134 0 6.9 8.4 5.0 2.5 2 0 2 3 3
-761.0 -1243.7 -10.4 97 0 8.7 10.8 5.0 2.5 2 0 2 5 5
-794.7 -1472.1 -10.7 82 0 5.2 14.4 5.0 2.5 4 0 2 0 0
398.8 -2123.6 -7.7 123 0 8.0 12.0 5.0 2.5 2 0 2 1 1
-524.2 -676.8 -8.3 276 0 10.4 44.7 10.0 2.5 2 0 4 2 2
832.6 -4091.6 -15.3 264 0 26.1 13.8 10.0 2.5 2 0 4 3 3
300.1 -1979.7 -11.8 20 0 5.4 5.5 5.0 2.5 2 0 2 2 2
-774.9 -1463.2 -10.6 83 0 4.3 11.5 7.5 2.5 2 0 3 1 1
350.1 -2118.8 -10.3 296 0 6.2 20.5 7.5 2.5 2 0 3 5 5
396.6 -2126.9 -7.9 123 0 7.9 3.9 5.0 2.5 2 0 2 2 2
-731.7 -1441.7 -10.3 187 0 5.1 8.4 5.0 2.5 2 0 2 5 5
637.5 -4204.0 -14.3 106 0 10.2 9.1 7.5 2.5 2 0 3 3 3
-414.2 -793.8 -8.6 2 0 7.2 7.8 7.5 2.5 2 0 3 5 5
531.6 -2028.2 -8.3 293 0 3.3 11.4 5.0 2.5 2 0 2 0 0
-751.5 -1204.1 -10.3 7 0 4.0 8.4 5.0 2.5 2 0 2 5 5
317.6 -1942.8 -11.5 20 0 15.5 7.0 5.0 2.5 2 0 2 1 1
-757.2 -1270.9 -10.4 276 0 4.5 12.8 7.5 2.5 2 0 3 4 4
-432.7 -927.7 -9.2 271 0 9.4 7.0 7.5 2.5 2 0 3 5 5
727.1 -4000.1 -13.1 172 0 8.8 10.1 5.0 2.5 2 0 2 5 5
-765.9 -1190.2 -10.3 278 0 16.2 10.0 10.0 2.5 2 0 4 3 3
337.3 -2137.9 -10.5 206 0 4.5 6.3 7.5 2.5 2 0 3 0 0
-421.6 -930.9 -9.1 358 0 7.4 6.4 2.5 2.5 2 0 1 5 5
246.4 -2008.1 -10.7 290 0 7.4 15.6 7.5 2.5 2 0 3 2 2
314.9 -1903.4 -11.2 199 0 4.4 7.8 5.0 2.5 2 0 2 1 1
464.1 2455.7 0.6 93 0 3.7 6.9 7.5 2.5 2 1 3 4 4
-393.0 -1384.1 -10.6 238 0 7.8 7.1 7.5 2.5 2 0 3 4 4
408.5 -3886.7 -10.3 85 0 19.1 11.5 2.5 2.5 2 0 1 0 0
698.7 -3807.6 -10.6 340 0 7.5 11.7 5.0 2.5 2 0 2 5 5
839.2 -4063.4 -14.8 280 0 13.2 15.3 7.5 2.5 4 1 3 2 2
632.0 -4296.9 -14.5 213 0 12.3 11.9 7.5 2.5 2 0 3 3 3
-697.9 -1376.2 -10.5 187 0 4.5 6.4 5.0 2.5 2 0 2 5 5
-734.7 -1280.0 -10.2 6 0 11.0 11.4 10.0 2.5 2 1 4 5 5
-1604.8 -1513.2 -5.9 271 0 7.1 15.6 7.5 2.5 2 1 3 5 5
297.3 -1987.3 -11.8 20 0 10.8 5.6 5.0 2.5 2 0 2 5 5
-419.1 -840.3 -8.9 7 0 9.3 6.9 7.5 2.5 2 0 3 3 3
-435.4 -1146.0 -10.0 180 0 7.9 15.0 7.5 2.5 2 1 3 5 5
329.1 -3761.6 -8.5 269 0 9.6 20.5 7.5 2.5 2 1 3 5 5
-1488.5 -1458.1 -6.8 181 0 8.3 7.7 7.5 2.5 2 0 3 4 4
-770.3 -1445.2 -10.5 355 0 12.1 22.1 7.5 2.5 2 0 3 3 3
-443.6 -785.5 -8.7 186 0 10.8 8.1 7.5 2.5 2 0 3 1 1
629.6 -4310.1 -14.8 215 0 12.5 12.4 5.0 2.5 2 0 2 1 1
343.2 -1933.1 -11.3 23 0 8.6 9.1 5.0 2.5 4 0 2 2 2
-709.7 -1200.1 -10.1 187 0 37.4 13.3 10.0 2.5 2 0 4 0 0
929.0 -4059.9 -12.5 88 0 9.0 10.0 5.0 2.5 2 0 2 2 2
688.7 -4120.5 -14.3 169 0 9.6 8.6 2.5 2.5 2 0 1 0 0
713.6 -4153.4 -14.6 210 0 20.1 8.2 7.5 2.5 4 0 3 0 0
-353.8 -626.1 -6.7 291 0 9.3 9.7 5.0 2.5 4 1 2 0 0
643.5 -2081.3 -5.3 93 0 12.5 9.7 7.5 2.5 2 0 3 2 2
378.0 -2140.6 -10.0 291 0 9.0 16.5 2.5 2.5 2 1 1 5 5
-414.0 -722.8 -8.1 6 0 8.0 4.4 7.5 2.5 2 0 3 4 4
338.5 -3888.1 -10.6 177 0 7.9 15.7 2.5 2.5 2 1 1 1 1
-414.3 -1490.3 -10.3 330 0 11.9 7.7 7.5 0.0 0 0 3 5 5
-442.1 -856.7 -9.3 178 0 10.6 8.7 5.0 2.5 2 0 2 0 0
740.0 -3958.6 -12.9 352 0 15.8 9.1 5.0 2.5 2 0 2 4 4
-696.6 -1359.0 -10.6 187 0 9.6 7.1 7.5 2.5 2 0 3 2 2
361.7 -2114.0 -8.6 134 0 9.2 10.1 7.5 2.5 2 1 3 1 1
279.4 -2054.0 -9.6 14 0 11.8 11.8 7.5 2.5 4 1 3 2 2
336.0 -1992.9 -11.4 200 0 19.3 12.0 12.5 2.5 2 0 5 3 3
-5877.7 -6738.3 -6.1 105 0 13.6 9.1 2.5 2.5 2 0 1 4 4
-5797.8 -6757.1 -4.3 111 0 13.5 10.2 5.0 2.5 2 0 2 5 5
-6253.2 -6663.1 -5.1 270 0 13.1 13.2 5.0 2.5 4 1 2 0 0
-6028.5 -4866.6 -3.0 52 0 6.6 10.8 5.0 0.0 0 0 2 2 2
-6019.2 -6808.1 -6.2 5 0 8.5 10.6 5.0 2.5 2 1 2 0 0
-6024.6 -6868.5 -4.1 5 0 8.2 10.4 5.0 2.5 2 1 2 4 4
551.8 -4352.9 -12.4 99 0 6.9 3.9 7.5 2.5 2 0 3 4 4
-6011.7 -4834.8 -3.8 62 0 6.5 10.5 7.5 2.5 2 0 3 1 1
1344.2 -1255.1 -5.6 108 0 12.5 7.5 7.5 2.5 2 0 3 3 3
1401.4 -1880.1 -5.2 53 0 11.6 7.9 5.0 2.5 2 0 2 3 3
-5773.0 -6542.9 -7.6 280 0 4.5 5.0 5.0 2.5 4 1 2 2 2
1337.8 -1932.4 -4.9 51 0 8.1 12.3 7.5 2.5 2 1 3 2 2
1476.6 -2424.8 -8.1 198 0 3.9 9.0 7.5 2.5 2 0 3 5 5
1304.9 -1943.6 -5.5 51 0 3.9 3.4 2.5 2.5 2 0 1 1 1
1738.1 -2208.0 -9.7 84 0 13.2 9.7 7.5 2.5 2 0 3 4 4
-5297.8 -6581.4 0.4 274 0 7.9 5.0 7.5 2.5 2 0 3 5 5
1418.9 -865.6 -3.0 17 0 8.9 19.8 5.0 2.5 2 1 2 4 4
-5769.7 -6536.4 -7.4 190 0 7.3 8.7 5.0 2.5 2 1 2 4 4
1404.8 -1016.3 -4.5 198 0 15.0 9.0 5.0 2.5 2 0 2 1 1
-5966.1 -4774.3 -2.0 338 0 9.0 4.6 7.5 2.5 2 0 3 0 0
1549.2 -2166.0 -8.0 105 0 7.6 5.4 5.0 2.5 2 0 2 3 3
1263.5 -1254.8 -7.2 289 0 8.5 22.1 5.0 2.5 2 1 2 0 0
1465.2 -3002.2 -8.5 323 0 5.9 15.7 7.5 0.0 0 1 3 4 4
1574.9 -2190.7 -8.3 104 0 7.1 12.3 7.5 2.5 2 0 3 3 3
1612.2 -646.8 0.6 283 0 8.9 16.5 5.0 2.5 4 1 2 2 2
1476.6 -2439.9 -8.1 108 0 9.4 12.4 2.5 2.5 2 0 1 1 1
1184.1 -535.6 -2.9 198 0 10.9 15.7 10.0 2.5 2 1 4 2 2
-6000.4 -4828.8 -3.6 62 0 6.1 10.5 7.5 2.5 2 0 3 1 1
1407.4 -1037.3 -4.5 198 0 8.0 13.0 7.5 2.5 2 1 3 3 3
-5373.2 -6578.1 1.4 182 0 5.2 5.2 5.0 2.5 2 0 2 5 5
-5962.4 -4777.7 -1.9 68 0 4.4 9.0 5.0 2.5 2 0 2 3 3
1336.3 -1230.1 -5.6 198 0 17.9 8.9 5.0 2.5 2 0 2 1 1
1485.8 -2957.8 -6.9 219 0 9.4 12.5 7.5 2.5 2 1 3 4 4
1516.7 -2359.5 -8.5 284 0 7.5 20.0 5.0 2.5 2 1 2 2 2
1579.2 -2173.3 -8.3 284 0 7.0 5.7 7.5 0.0 0 0 3 1 1
1627.4 -676.7 1.4 13 0 8.4 16.2 5.0 2.5 4 1 2 5 5
1472.2 -3258.4 -6.2 309 0 4.5 5.6 5.0 2.5 2 0 2 5 5
1370.7 -1231.5 -5.2 287 0 8.3 16.3 2.5 2.5 2 1 1 5 5
1564.2 -2911.6 -6.7 39 0 5.3 10.4 2.5 2.5 2 1 1 0 0
1237.1 -1970.3 -6.7 145 0 9.5 18.5 2.5 2.5 2 1 1 4 4
1504.4 -2916.3 -6.1 9 0 4.9 3.7 7.5 2.5 2 0 3 2 2
1529.9 -2173.2 -7.7 118 0 8.0 19.5 5.0 2.5 2 1 2 2 2
1311.0 -1105.6 -5.1 285 0 7.5 15.5 5.0 2.5 2 1 2 4 4
1630.4 -642.4 0.8 283 0 10.4 9.0 5.0 2.5 2 0 2 5 5
-5907.1 -6722.0 -7.4 108 0 8.0 3.1 5.0 2.5 2 0 2 0 0
1434.6 -1040.2 -4.6 107 0 8.4 16.4 2.5 2.5 2 1 1 2 2
-5365.1 -6575.9 1.4 274 0 5.6 5.1 7.5 0.0 0 0 3 5 5
1419.6 -1861.6 -5.9 50 0 8.5 16.8 2.5 0.0 0 1 1 4 4
-5844.8 -6513.1 -8.8 207 0 5.1 13.0 7.5 2.5 2 1 3 3 3
1335.1 -1100.1 -4.6 288 0 4.0 6.2 7.5 2.5 2 1 3 5 5
-6025.5 -4864.6 -3.3 56 0 6.9 7.4 7.5 2.5 2 0 3 1 1
-6057.6 -4857.0 -2.8 146 0 8.5 8.5 7.5 2.5 2 1 3 3 3
-6346.5 -7572.2 -7.9 102 0 3.3 5.0 7.5 2.5 2 1 3 2 2
1518.6 -2929.6 -6.9 221 0 8.0 9.8 5.0 2.5 2 1 2 5 5
1530.9 -2344.4 -8.6 285 0 8.8 5.3 7.5 2.5 2 0 3 3 3
1563.0 -2240.8 -8.1 15 0 8.0 17.9 5.0 2.5 2 1 2 0 0
-5909.8 -6730.5 -7.1 108 0 8.0 8.9 7.5 2.5 4 0 3 2 2
1547.0 -2269.2 -8.1 15 0 8.5 17.0 7.5 2.5 2 0 3 1 1
1259.5 -1287.2 -7.2 109 0 3.5 7.5 5.0 2.5 2 0 2 5 5
-6244.4 -7540.9 -4.7 10 0 3.5 5.0 2.5 2.5 2 1 1 1 1
1430.1 -1005.9 -4.6 288 0 9.3 6.3 5.0 2.5 2 0 2 5 5
-5316.1 -6579.8 1.4 274 0 8.0 5.0 5.0 2.5 2 0 2 1 1
-5842.1 -6753.5 -3.9 107 0 6.0 12.0 2.5 0.0 0 0 1 5 5
1424.3 -833.3 -2.0 289 0 6.7 6.0 2.5 2.5 2 0 1 5 5
1340.9 -1121.4 -4.8 18 0 13.7 8.9 7.5 0.0 0 0 3 0 0
1329.5 -1132.1 -5.0 19 0 8.2 3.3 7.5 0.0 0 0 3 1 1
-6282.9 -6679.0 -5.2 190 0 4.9 12.0 2.5 2.5 2 1 1 3 3
-6007.5 -4778.2 -3.6 245 0 22.2 6.5 7.5 2.5 4 0 3 5 5
-5709.4 -6576.5 -3.7 94 0 3.7 7.0 5.0 2.5 2 0 2 3 3
1567.2 -2922.4 -7.4 307 0 8.4 25.1 5.0 2.5 2 1 2 2 2
1514.2 -2264.6 -7.7 106 0 3.0 4.9 5.0 2.5 2 0 2 5 5
1392.9 -842.4 -2.8 198 0 25.5 9.3 5.0 2.5 2 0 2 1 1
1553.3 -2270.9 -8.2 15 0 8.5 6.5 5.0 2.5 4 0 2 0 0
1278.3 -1289.6 -7.2 19 0 7.5 16.9 2.5 2.5 2 0 1 4 4
1490.8 -2462.9 -8.2 105 0 10.8 7.2 7.5 2.5 2 0 3 3 3
-6238.9 -7511.3 -8.9 11 0 3.7 4.9 7.5 2.5 2 0 3 2 2
1563.8 -2856.0 -6.7 32 0 7.1 10.7 7.5 2.5 2 1 3 3 3
-6037.0 -4872.3 -2.7 56 0 6.8 7.3 5.0 2.5 2 0 2 5 5
1318.9 -1132.9 -5.1 109 0 13.0 8.2 5.0 2.5 2 0 2 3 3
1478.0 -3280.8 -5.2 52 0 4.2 6.1 2.5 2.5 2 0 1 2 2
1453.0 -3282.3 -5.6 125 0 5.8 10.1 2.5 2.5 2 0 1 3 3
1498.2 -2413.1 -8.1 22 0 10.5 4.6 5.0 2.5 2 0 2 3 3
-6337.1 -7518.6 -11.6 192 0 27.1 16.3 12.5 2.5 2 0 5 0 0
-5995.3 -4826.1 -3.5 61 0 5.1 10.5 7.5 2.5 2 0 3 4 4
-6258.5 -7549.8 -4.3 12 0 3.0 4.7 7.5 2.5 2 0 3 5 5
1379.1 -1870.2 -5.3 142 0 6.9 16.3 7.5 2.5 2 0 3 2 2
1476.3 -3261.8 -6.0 309 0 6.1 5.6 7.5 2.5 2 0 3 2 2
1520.2 -2970.1 -7.3 38 0 6.3 12.3 7.5 0.0 0 0 3 5 5
1447.1 -1800.7 -7.5 233 0 10.1 5.3 7.5 2.5 2 0 3 1 1
-6003.7 -4931.3 -1.4 54 0 7.2 7.3 2.5 2.5 2 0 1 5 5
-6042.8 -4876.3 -2.4 56 0 7.2 7.4 2.5 2.5 2 0 1 4 4
1456.3 -1804.5 -7.5 323 0 6.4 10.0 7.5 2.5 2 0 3 3 3
-5992.1 -4922.8 -2.0 54 0 7.2 7.2 7.5 2.5 2 0 3 0 0
1474.8 -3283.4 -5.1 51 0 4.1 6.0 5.0 2.5 2 0 2 1 1
1315.6 -1946.4 -5.4 51 0 17.0 9.0 7.5 2.5 4 0 3 2 2
1529.2 -2851.0 -6.6 204 0 17.4 11.8 5.0 2.5 2 0 2 4 4
-6003.2 -4830.3 -3.7 59 0 5.8 10.8 5.0 2.5 2 0 2 0 0
-6007.2 -4892.8 -2.9 234 0 8.6 11.8 7.5 2.5 2 0 3 5 5
612.1 -4361.0 -14.2 119 0 6.3 7.7 2.5 0.0 0 0 1 2 2
1290.9 -1274.1 -6.7 19 0 18.0 9.0 7.5 2.5 2 0 3 3 3
-6255.1 -7566.6 -6.9 8 0 12.0 53.8 10.0 2.5 2 0 4 5 5
-6313.3 -7558.4 -8.0 98 0 10.1 6.1 7.5 0.0 0 0 3 1 1
1446.7 -3277.7 -6.0 127 0 9.7 10.2 5.0 2.5 4 0 2 4 4
1749.9 -2206.8 -9.5 84 0 10.5 15.7 5.0 2.5 2 0 2 1 1
-6020.9 -4902.6 -2.5 232 0 12.3 8.2 7.5 2.5 2 0 3 3 3
-5860.6 -6534.5 -9.0 187 0 9.5 9.9 7.5 2.5 2 0 3 5 5
1311.1 -1915.9 -5.3 239 0 10.8 10.5 7.5 2.5 2 0 3 3 3
1500.3 -2955.7 -7.1 218 0 5.0 12.4 2.5 2.5 2 0 1 2 2
-5997.9 -4927.0 -1.7 54 0 7.0 7.2 2.5 0.0 0 0 1 1 1
1503.0 -2943.1 -7.0 220 0 11.6 11.0 5.0 2.5 2 0 2 1 1
-5700.4 -6577.2 -3.5 94 0 14.4 10.5 5.0 2.5 2 0 2 1 1
-6024.4 -4905.1 -1.9 234 0 8.7 11.8 2.5 2.5 2 0 1 5 5
1521.1 -2246.4 -7.8 194 0 15.3 9.4 7.5 0.0 0 0 3 1 1
-5856.0 -6551.3 -9.2 90 0 10.5 9.6 5.0 2.5 2 0 2 5 5
1476.4 -1823.0 -7.5 53 0 9.5 13.6 7.5 2.5 2 1 3 5 5
1431.5 -850.8 -2.4 17 0 14.7 8.9 5.0 2.5 2 0 2 0 0
-6271.0 -7475.1 -12.4 286 0 19.6 9.6 7.5 2.5 2 0 3 2 2
-6243.7 -7510.3 -9.6 10 0 41.7 9.5 7.5 2.5 2 0 3 5 5
1571.0 -2205.9 -8.3 104 0 7.2 15.7 7.5 2.5 2 0 3 4 4
591.1 -4353.1 -14.2 209 0 13.8 8.4 5.0 2.5 2 0 2 0 0
1539.3 -2362.9 -8.7 14 0 10.8 8.9 5.0 2.5 2 0 2 5 5
1272.6 -1977.2 -6.2 52 0 9.6 13.0 7.5 2.5 2 0 3 1 1
-1360.8 5757.7 5.1 325 0 7.5 8.8 5.0 2.5 2 1 2 3 3
5537.1 -5887.5 -17.3 333 0 10.3 8.1 5.0 2.5 2 0 2 3 3
5396.6 -5996.6 -17.6 26 0 5.1 7.6 2.5 2.5 2 1 1 5 5
5062.5 -6180.4 -15.9 26 0 7.0 14.4 7.5 2.5 4 1 3 1 1
4989.2 -6486.4 -17.4 53 0 14.8 15.8 7.5 0.0 0 1 3 0 0
5331.7 -6262.0 -18.0 206 0 11.7 11.4 10.0 2.5 2 0 4 0 0
5183.5 -6545.5 -15.2 211 0 4.7 22.7 7.5 2.5 2 0 3 2 2
5634.6 -5834.2 -14.1 250 0 11.5 6.5 7.5 0.0 0 0 3 3 3
5358.0 -6117.5 -17.7 27 0 10.0 10.1 5.0 2.5 2 1 2 1 1
5515.7 -5934.9 -16.6 306 0 4.0 7.8 5.0 2.5 4 1 2 0 0
5405.3 -6018.6 -17.8 25 0 18.5 10.5 2.5 0.0 0 0 1 0 0
5594.7 -5891.8 -16.3 66 0 6.6 10.4 7.5 0.0 0 1 3 4 4
5440.5 -6005.5 -17.5 203 0 15.1 10.4 7.5 2.5 2 0 3 5 5
5430.7 -5906.1 -16.6 28 0 16.7 8.7 5.0 2.5 2 0 2 2 2
5275.3 -6286.4 -18.4 25 0 14.0 10.0 10.0 2.5 4 0 4 4 4
5481.3 -5949.7 -16.8 231 0 4.5 7.1 7.5 2.5 2 1 3 3 3
5325.9 -6284.5 -17.9 207 0 4.3 10.5 5.0 2.5 4 1 2 1 1
5311.2 -6210.1 -17.7 25 0 16.1 9.7 2.5 2.5 2 0 1 5 5
5157.7 -6468.0 -17.1 34 0 3.5 7.0 7.5 2.5 4 1 3 5 5
5434.7 -5954.9 -17.1 26 0 13.1 8.8 2.5 2.5 2 0 1 3 3
5343.9 -6300.2 -17.7 27 0 15.0 8.8 5.0 2.5 2 0 2 1 1
5310.5 -6402.1 -16.8 25 0 5.7 24.4 5.0 2.5 2 1 2 0 0
5505.8 -5900.4 -16.9 220 0 5.0 13.6 5.0 2.5 2 1 2 0 0
5259.5 -6434.6 -16.4 206 0 5.6 10.6 5.0 2.5 4 1 2 1 1
4881.9 -6074.6 -12.2 295 0 5.9 5.6 5.0 2.5 2 0 2 3 3
5369.9 -6001.7 -17.8 27 0 20.0 12.0 5.0 0.0 0 0 2 3 3
5278.7 -6170.6 -17.8 24 0 3.5 12.2 7.5 2.5 2 0 3 2 2
5475.9 -6013.4 -17.4 58 0 5.4 14.5 5.0 2.5 2 1 2 5 5
5353.9 -6236.7 -17.8 216 0 6.0 10.1 7.5 2.5 2 1 3 4 4
5506.9 -5972.3 -16.9 50 0 4.9 5.0 7.5 2.5 2 1 3 1 1
5103.9 -6554.3 -16.0 219 0 17.3 9.3 7.5 2.5 2 0 3 5 5
5453.5 -6088.6 -17.8 67 0 7.1 15.5 5.0 2.5 2 1 2 5 5
5591.0 -5901.8 -16.2 68 0 5.2 4.0 5.0 2.5 2 0 2 3 3
5236.8 -6514.8 -15.2 29 0 5.7 4.8 7.5 2.5 2 0 3 5 5
5406.1 -5940.1 -17.1 26 0 17.4 10.0 2.5 2.5 2 0 1 5 5
5443.1 -5871.7 -16.3 27 0 6.4 7.7 2.5 2.5 2 1 1 5 5
5382.9 -6063.7 -17.8 27 0 16.0 9.3 7.5 2.5 2 0 3 0 0
5412.1 -5895.4 -16.5 28 0 9.7 6.4 7.5 2.5 2 0 3 3 3
5359.9 -6057.7 -17.8 27 0 4.4 11.0 7.5 0.0 0 1 3 5 5
5347.5 -6090.6 -17.8 28 0 7.6 12.6 7.5 2.5 2 1 3 3 3
5282.6 -6216.4 -17.8 25 0 5.8 8.5 2.5 2.5 2 1 1 2 2
5489.5 -5851.2 -16.6 69 0 4.9 6.5 7.5 2.5 2 1 3 5 5
5253.1 -6490.3 -15.5 28 0 3.0 6.3 7.5 2.5 2 1 3 5 5
5205.8 -6372.5 -18.4 28 0 5.6 13.5 5.0 2.5 2 1 2 3 3
5246.8 -6464.3 -15.9 208 0 3.6 12.9 5.0 2.5 2 1 2 2 2
5344.8 -6043.9 -17.8 27 0 16.5 10.9 5.0 2.5 2 0 2 0 0
5490.1 -5931.9 -16.6 222 0 4.4 6.7 5.0 2.5 2 1 2 0 0
5385.6 -6019.3 -17.8 26 0 6.6 13.0 5.0 2.5 2 1 2 0 0
5355.7 -6022.5 -17.8 27 0 14.1 9.0 7.5 2.5 2 0 3 0 0
5596.7 -5856.6 -16.2 246 0 8.4 14.0 7.5 2.5 2 1 3 0 0
5477.0 -6032.9 -17.6 48 0 16.0 8.9 5.0 2.5 2 0 2 3 3
5225.0 -6377.8 -18.0 27 0 14.1 10.0 5.0 2.5 2 0 2 5 5
5415.0 -5961.9 -17.2 27 0 4.9 14.0 2.5 2.5 2 1 1 5 5
5271.8 -6373.7 -17.3 205 0 16.0 10.0 7.5 2.5 2 0 3 4 4
5255.6 -6276.6 -18.4 26 0 13.3 7.5 2.5 2.5 2 0 1 1 1
5482.1 -5998.5 -17.3 47 0 14.9 9.0 5.0 2.5 2 0 2 0 0
5445.9 -6089.6 -17.8 63 0 3.5 12.5 2.5 2.5 2 1 1 4 4
5211.8 -6501.9 -15.7 209 0 19.0 10.9 7.5 2.5 2 0 3 4 4
5423.8 -5942.5 -16.9 26 0 4.5 8.4 2.5 2.5 2 1 1 4 4
5465.2 -5942.6 -16.8 204 0 14.2 10.0 7.5 2.5 2 0 3 3 3
5316.0 -6385.8 -16.8 26 0 18.8 9.1 2.5 2.5 2 0 1 2 2
5289.4 -6198.2 -17.7 25 0 17.5 9.2 7.5 0.0 0 0 3 5 5
5486.1 -5881.2 -16.8 66 0 9.3 7.9 5.0 2.5 2 0 2 5 5
5279.8 -6458.8 -15.9 26 0 17.0 8.7 5.0 2.5 2 0 2 0 0
5380.8 -5974.0 -17.5 27 0 19.5 12.0 5.0 2.5 2 0 2 4 4
5341.0 -6117.8 -17.7 24 0 4.7 5.7 2.5 2.5 2 0 1 1 1
5450.5 -5904.6 -16.4 30 0 4.7 9.5 5.0 2.5 2 1 2 3 3
5501.4 -5950.2 -16.8 43 0 15.3 8.0 2.5 0.0 0 0 1 3 3
5552.1 -5885.0 -17.5 244 0 5.9 10.4 7.5 0.0 0 1 3 5 5
5493.3 -5972.5 -17.0 51 0 14.0 9.0 2.5 2.5 2 0 1 5 5
5427.8 -6034.2 -17.8 203 0 14.9 10.4 2.5 2.5 4 0 1 3 3
5089.1 -6555.2 -16.2 313 0 11.7 4.8 7.5 2.5 2 0 3 2 2
5240.6 -6532.9 -14.9 28 0 14.4 7.8 7.5 2.5 4 0 3 4 4
5290.1 -6438.1 -16.2 27 0 3.9 12.8 5.0 0.0 0 0 2 1 1
5419.2 -5934.1 -16.9 27 0 4.1 13.0 7.5 2.5 2 1 3 0 0
5400.9 -5991.8 -17.5 27 0 5.3 15.7 2.5 2.5 2 1 1 2 2
5577.0 -5871.5 -17.1 244 0 9.5 10.0 5.0 2.5 2 1 2 0 0
5374.6 -6084.6 -17.8 26 0 18.1 10.3 2.5 2.5 2 0 1 5 5
5399.6 -6119.8 -17.6 245 0 7.9 10.5 7.5 2.5 2 1 3 4 4
5408.8 -5916.3 -16.8 26 0 14.0 10.0 5.0 2.5 2 0 2 1 1
5339.8 -6067.1 -17.8 26 0 16.9 10.0 5.0 2.5 4 0 2 3 3
5492.6 -5857.6 -16.7 69 0 10.6 4.0 5.0 2.5 2 0 2 5 5
5203.0 -6394.7 -18.0 26 0 5.3 14.0 2.5 2.5 2 1 1 0 0
5241.9 -6445.0 -16.4 205 0 14.9 10.2 10.0 2.5 2 0 4 3 3
5296.0 -6163.1 -17.7 24 0 14.4 10.0 7.5 0.0 0 0 3 4 4
5173.8 -6350.4 -18.9 208 0 15.3 10.0 10.0 2.5 2 0 4 4 4
5251.6 -6218.2 -18.0 25 0 4.9 3.7 5.0 2.5 2 0 2 4 4
5338.2 -6123.7 -17.7 26 0 8.3 6.3 5.0 0.0 0 0 2 3 3
5231.5 -6557.3 -14.9 27 0 3.5 6.9 5.0 2.5 2 1 2 0 0
5565.5 -5882.8 -17.5 153 0 10.4 10.6 2.5 2.5 2 1 1 4 4
5343.1 -6113.2 -17.7 26 0 5.5 12.4 5.0 2.5 2 0 2 4 4
5253.5 -6214.3 -17.9 25 0 8.5 3.7 7.5 2.5 2 0 3 4 4
5261.3 -6137.4 -17.8 205 0 3.6 9.4 7.5 2.5 2 0 3 5 5
5394.4 -5957.4 -17.3 27 0 8.0 11.0 7.5 2.5 2 0 3 5 5
5280.6 -6166.6 -17.8 25 0 5.4 12.2 7.5 2.5 2 0 3 0 0
5481.3 -5908.6 -16.6 206 0 9.8 10.1 7.5 2.5 2 0 3 1 1
5253.1 -6154.9 -17.8 205 0 5.2 9.4 5.0 2.5 2 0 2 5 5
5396.1 -5953.9 -17.2 27 0 7.7 11.0 7.5 2.5 2 0 3 0 0
5377.7 -6029.7 -17.8 28 0 3.3 12.9 5.0 2.5 4 1 2 1 1
5294.1 -6439.1 -15.9 26 0 5.6 4.1 2.5 2.5 2 0 1 4 4
5257.4 -6145.8 -17.8 205 0 15.0 9.4 5.0 2.5 2 0 2 5 5
5165.6 -6480.4 -16.8 32 0 13.7 7.9 7.5 2.5 2 0 3 1 1
5203.8 -6561.0 -15.1 121 0 5.3 6.1 7.5 2.5 2 0 3 0 0
5175.3 -6460.0 -17.1 32 0 8.5 11.7 7.5 2.5 2 1 3 4 4
5351.2 -6130.8 -17.6 27 0 8.7 8.2 7.5 2.5 2 0 3 3 3
5417.1 -5994.2 -17.5 26 0 15.9 10.2 5.0 2.5 2 0 2 2 2
5233.5 -6463.4 -16.2 206 0 13.5 10.2 2.5 2.5 2 0 1 0 0
5227.6 -6338.4 -18.6 25 0 7.1 12.4 5.0 2.5 2 1 2 0 0
5427.7 -5974.2 -17.3 26 0 15.8 9.5 2.5 2.5 2 0 1 1 1
4885.7 -6096.2 -12.5 298 0 15.2 12.5 2.5 2.5 2 0 1 4 4
5473.0 -5858.0 -16.5 68 0 9.2 8.0 2.5 2.5 4 0 1 1 1
3489.8 1937.5 -1.0 113 0 10.1 20.6 10.0 2.5 2 1 4 5 5
3433.3 1653.5 -2.7 292 0 5.0 16.2 7.5 2.5 2 1 3 1 1
3528.6 1725.3 -3.5 278 0 9.0 16.6 7.5 2.5 4 1 3 0 0
3507.1 1488.0 -0.4 14 0 8.8 18.6 7.5 2.5 2 1 3 4 4
3394.0 1556.1 -1.7 103 0 6.9 15.0 5.0 2.5 4 1 2 2 2
3456.8 1585.7 -1.9 12 0 10.0 24.0 7.5 2.5 2 1 3 0 0
3461.0 1531.0 -1.0 267 0 9.8 4.8 2.5 2.5 2 0 1 0 0
3470.9 1589.6 -1.4 186 0 7.0 5.2 7.5 2.5 2 0 3 0 0
3300.5 1360.2 2.0 191 0 4.1 7.5 2.5 2.5 2 1 1 4 4
3591.6 1614.1 -0.8 109 0 9.5 14.9 7.5 2.5 2 1 3 2 2
3440.0 1472.5 -0.6 106 0 6.1 15.9 7.5 2.5 2 1 3 2 2
3279.9 1523.9 -0.9 268 0 3.7 11.8 5.0 2.5 2 1 2 4 4
3445.2 1688.7 -4.4 15 0 8.3 6.4 7.5 2.5 2 0 3 1 1
3463.7 1648.7 -3.0 6 0 21.0 9.8 7.5 2.5 2 0 3 3 3
3358.0 1439.6 0.1 108 0 9.7 6.3 7.5 2.5 2 0 3 5 5
3522.7 1520.3 -0.5 291 0 9.9 24.7 5.0 2.5 2 1 2 0 0
3308.2 1317.8 2.5 102 0 8.0 15.5 2.5 2.5 2 1 1 1 1
3487.1 1514.2 -0.7 290 0 9.0 7.9 7.5 2.5 2 0 3 2 2
3555.4 1621.3 -1.4 198 0 12.0 25.0 10.0 2.5 2 1 4 0 0
3414.5 1556.6 -1.6 103 0 18.2 10.0 7.5 2.5 2 0 3 4 4
3445.4 1660.1 -3.2 23 0 4.8 14.2 5.0 2.5 2 1 2 2 2
3232.3 1541.9 -1.1 102 0 8.4 15.8 5.0 2.5 2 0 2 5 5
3478.8 1499.1 -0.5 287 0 11.6 8.1 5.0 2.5 2 0 2 4 4
3412.1 1573.6 -2.0 105 0 9.4 18.2 7.5 2.5 2 1 3 3 3
3365.5 1447.4 -0.0 16 0 6.7 9.6 5.0 2.5 4 0 2 1 1
3459.8 1622.3 -2.4 20 0 7.7 22.7 7.5 0.0 0 1 3 4 4
3563.5 1646.6 -1.8 196 0 25.6 9.3 2.5 2.5 2 0 1 3 3
3428.1 1528.6 -1.1 268 0 11.2 28.7 10.0 0.0 0 1 4 5 5
3456.8 1687.1 -4.7 106 0 9.9 14.0 5.0 2.5 2 1 2 2 2
6938.3 -609.5 5.5 186 0 10.1 15.1 5.0 2.5 2 1 2 4 4
3237.3 1565.7 -1.3 282 0 8.4 8.5 5.0 2.5 2 0 2 2 2
3287.9 1333.3 2.5 193 0 9.6 9.0 7.5 2.5 2 0 3 4 4
6955.8 -664.2 6.6 276 0 7.5 12.5 2.5 2.5 2 1 1 4 4
3491.4 1526.1 -0.8 289 0 8.9 12.7 5.0 2.5 2 0 2 4 4
3645.1 1848.8 -3.3 14 0 12.6 7.7 7.5 0.0 0 0 3 1 1
3450.0 1553.9 -1.4 12 0 9.9 26.1 7.5 2.5 2 0 3 5 5
3447.6 1672.3 -3.9 19 0 15.3 8.1 5.0 2.5 2 0 2 0 0
3231.0 1530.0 -0.5 71 0 14.0 9.0 5.0 2.5 2 0 2 5 5
3343.7 1540.9 -1.7 94 0 9.9 6.8 5.0 2.5 2 0 2 0 0
3367.3 1453.9 -0.2 15 0 6.3 9.6 7.5 2.5 2 0 3 1 1
3493.2 1531.2 -0.8 289 0 9.0 5.4 2.5 2.5 2 0 1 0 0
3375.0 1851.1 -4.4 195 0 7.7 6.2 7.5 0.0 0 0 3 1 1
6957.1 -652.1 6.6 94 0 27.1 5.7 2.5 2.5 2 0 1 1 1
3520.6 1605.8 -1.7 9 0 6.8 12.1 7.5 2.5 2 0 3 2 2
3533.4 1919.0 -2.1 123 0 8.0 9.8 5.0 0.0 0 1 2 1 1
6955.7 -664.2 6.6 97 0 7.7 12.3 5.0 2.5 2 0 2 1 1
3616.8 1627.5 -0.8 21 0 6.2 8.7 2.5 2.5 2 1 1 4 4
3567.5 1918.6 -2.1 14 0 12.4 9.6 7.5 2.5 2 0 3 4 4
3254.9 1537.5 -1.1 75 0 7.6 15.9 5.0 2.5 2 1 2 1 1
3623.1 1874.9 -3.1 201 0 7.9 20.3 5.0 0.0 0 1 2 4 4
3479.9 1477.4 -0.3 101 0 4.4 7.6 7.5 2.5 2 1 3 2 2
3461.3 1526.2 -0.9 265 0 9.4 24.6 2.5 2.5 2 0 1 2 2
3512.2 1584.1 -1.2 30 0 15.3 10.0 5.0 2.5 2 0 2 1 1
187.8 4973.6 10.9 298 0 10.4 10.3 7.5 2.5 2 0 3 5 5
2950.5 7150.9 0.7 160 0 12.5 8.8 5.0 2.5 2 0 2 4 4
197.1 4957.9 11.5 292 0 7.0 11.6 7.5 2.5 2 1 3 3 3
-4745.3 5508.2 1.1 14 0 16.4 8.3 5.0 2.5 2 0 2 0 0
-4924.3 5155.7 1.4 92 0 9.9 16.6 7.5 2.5 2 1 3 4 4
-127.8 8073.5 4.9 141 0 8.4 15.8 7.5 2.5 2 1 3 2 2
65.6 8220.8 5.3 47 0 9.2 24.5 7.5 2.5 2 1 3 2 2
163.3 4975.7 11.3 292 0 8.4 24.0 5.0 2.5 4 1 2 3 3
-4776.0 5496.3 1.0 194 0 10.9 26.0 10.0 2.5 4 1 4 5 5
-4777.7 5520.9 0.8 193 0 15.6 11.2 7.5 2.5 4 0 3 1 1
154.7 4942.5 12.7 202 0 12.0 28.7 10.0 2.5 4 1 4 3 3
-4887.2 5154.0 1.6 1 0 5.9 24.8 2.5 2.5 2 1 1 3 3
-2016.4 7035.7 2.6 172 0 8.8 13.3 7.5 2.5 2 1 3 0 0
-4919.9 4788.0 2.8 357 0 11.2 14.4 7.5 2.5 2 1 3 2 2
-4899.1 5175.6 1.5 0 0 7.9 14.3 7.5 2.5 2 1 3 5 5
7.8 8154.7 5.2 43 0 7.9 18.1 2.5 0.0 0 1 1 3 3
41.2 8192.0 5.3 40 0 12.2 30.0 10.0 2.5 2 1 4 5 5
-4915.7 5380.6 -0.2 289 0 10.0 4.8 7.5 2.5 2 0 3 1 1
-4951.0 4760.0 4.3 177 0 7.9 18.3 7.5 0.0 0 1 3 4 4
-2026.8 7065.3 4.4 171 0 9.5 13.0 7.5 2.5 4 1 3 1 1
-4749.6 5545.9 0.9 284 0 24.9 12.1 7.5 2.5 2 0 3 0 0
36.7 8224.6 5.3 52 0 17.8 7.9 5.0 2.5 2 0 2 5 5
-40.8 8077.4 4.8 228 0 11.5 9.0 7.5 2.5 4 0 3 5 5
-4939.0 5161.6 1.3 181 0 4.0 6.2 7.5 2.5 2 1 3 2 2
-4812.3 4917.5 0.8 358 0 9.3 6.3 2.5 2.5 2 0 1 5 5
-4941.0 5350.1 -0.3 200 0 6.5 15.0 7.5 2.5 2 1 3 5 5
-4832.5 5503.7 0.4 200 0 4.8 5.3 2.5 2.5 2 1 1 5 5
-4911.1 5355.8 -0.1 20 0 17.0 9.5 7.5 2.5 2 0 3 1 1
-31.8 8139.1 5.2 49 0 6.0 14.3 5.0 2.5 2 1 2 5 5
-1982.9 7059.5 2.4 350 0 12.9 8.0 5.0 2.5 2 0 2 2 2
-27.0 8037.7 5.1 143 0 8.6 17.6 2.5 0.0 0 0 1 4 4
-4836.2 4888.6 0.7 88 0 8.2 13.3 2.5 2.5 2 1 1 5 5
170.1 4881.8 15.5 9 0 3.6 10.0 2.5 2.5 2 1 1 5 5
-4821.3 5513.6 0.5 195 0 9.7 11.9 5.0 2.5 2 1 2 4 4
-46.3 8057.3 5.0 230 0 8.0 23.3 5.0 2.5 2 0 2 4 4
156.5 4860.3 16.8 9 0 8.0 10.0 2.5 2.5 2 1 1 1 1
3550.2 1856.8 -2.6 106 0 8.2 15.5 5.0 0.0 0 1 2 3 3
4962.6 4063.4 -0.6 217 0 8.6 12.2 7.5 2.5 2 1 3 1 1
-3130.5 2360.6 -3.4 286 0 13.3 10.0 5.0 2.5 2 0 2 2 2
5007.4 3933.0 -4.4 226 0 7.0 11.9 7.5 2.5 2 1 3 3 3
3214.7 1549.8 -0.7 192 0 4.4 3.9 5.0 2.5 2 0 2 3 3
5110.9 3845.9 -2.3 315 0 8.2 4.1 5.0 2.5 2 0 2 0 0
-6733.0 -4846.0 -7.0 344 0 8.6 4.4 5.0 0.0 0 0 2 4 4
5031.9 3899.3 -3.7 136 0 4.2 3.2 7.5 2.5 2 0 3 1 1
-2677.9 2207.6 -5.8 184 0 6.0 5.9 7.5 2.5 2 0 3 0 0
-6953.0 -4860.8 -10.6 148 0 8.0 10.7 7.5 2.5 4 1 3 2 2
5064.7 3974.5 -1.7 317 0 8.5 8.5 5.0 2.5 2 0 2 0 0
5041.2 3953.2 -2.8 137 0 19.8 7.6 5.0 2.5 2 0 2 4 4
5153.7 3956.0 2.3 149 0 4.9 7.1 7.5 2.5 4 1 3 0 0
-5244.2 -6585.8 -2.0 275 0 8.0 5.0 2.5 2.5 2 0 1 5 5
5067.7 3898.1 -3.0 316 0 16.0 8.0 2.5 2.5 2 0 1 4 4
-6740.4 -4233.2 -7.3 330 0 12.6 9.3 2.5 2.5 2 0 1 3 3
5026.8 3942.7 -3.9 316 0 9.1 9.0 7.5 2.5 2 0 3 0 0
4996.6 3999.3 -1.6 134 0 8.9 9.0 5.0 2.5 2 1 2 2 2
5108.6 3812.9 -2.6 51 0 3.8 3.7 5.0 2.5 2 0 2 5 5
85.3 -2205.4 -9.4 107 0 18.1 13.8 7.5 2.5 2 0 3 0 0
-5211.2 -6588.4 -3.1 274 0 8.0 5.0 5.0 2.5 2 0 2 2 2
-6744.2 -4853.8 -7.1 72 0 9.9 7.9 5.0 2.5 2 0 2 2 2
5040.9 3909.5 -3.5 316 0 6.4 4.7 5.0 0.0 0 0 2 2 2
-3159.1 2080.5 -1.3 1 0 4.0 7.0 2.5 2.5 2 1 1 1 1
-2817.4 2298.0 -5.8 175 0 5.5 4.5 7.5 2.5 2 0 3 1 1
-3221.7 2141.6 -3.6 177 0 6.3 12.4 2.5 2.5 2 1 1 2 2
4942.6 3982.4 -4.0 107 0 5.4 6.4 5.0 2.5 2 1 2 0 0
5040.9 3890.8 -3.5 136 0 4.1 5.9 5.0 2.5 2 1 2 0 0
5113.4 3829.4 -2.6 320 0 15.9 9.5 2.5 2.5 2 0 1 3 3
-5264.8 -6584.0 -1.3 274 0 8.0 5.0 5.0 2.5 2 0 2 1 1
-6762.4 -4846.8 -7.5 165 0 7.3 6.5 7.5 2.5 4 0 3 3 3
-5204.6 -6579.8 -3.2 275 0 5.6 4.0 7.5 2.5 2 0 3 0 0
5049.2 3885.8 -3.3 137 0 7.6 5.6 2.5 0.0 0 0 1 0 0
5054.1 3880.6 -3.3 137 0 6.5 5.7 5.0 2.5 2 0 2 1 1
5047.2 3920.0 -3.4 315 0 15.7 8.4 7.5 2.5 2 0 3 4 4
-6761.1 -4278.6 -8.5 150 0 8.0 7.5 7.5 2.5 2 0 3 5 5
5034.2 3901.6 -3.8 136 0 12.9 5.7 2.5 2.5 2 0 1 2 2
4993.0 4052.1 0.1 307 0 5.4 6.2 5.0 0.0 0 0 2 4 4
-6740.7 -4257.3 -7.9 330 0 10.8 13.8 5.0 2.5 2 1 2 3 3
2852.7 -7937.0 -15.8 339 0 10.7 14.6 5.0 2.5 2 1 2 0 0
2825.9 -7912.1 -16.7 159 0 10.1 10.2 2.5 2.5 2 1 1 4 4
2870.5 -7910.8 -13.3 340 0 10.1 9.9 7.5 2.5 2 0 3 2 2
2078.0 -7982.6 -15.9 59 0 14.4 8.2 7.5 2.5 2 0 3 5 5
2053.4 -7971.2 -14.2 150 0 21.4 7.7 7.5 2.5 4 0 3 4 4
-343.9 -455.1 -6.0 96 0 10.0 11.6 5.0 2.5 2 1 2 2 2
-6271.7 -6692.4 -5.6 99 0 6.3 5.5 2.5 2.5 2 0 1 4 4
-6661.9 -7037.4 -26.0 160 0 7.8 11.0 2.5 2.5 2 1 1 2 2
-6541.5 -6972.6 -17.6 106 0 7.2 7.0 2.5 2.5 2 0 1 4 4
604.6 -3795.5 -8.7 180 0 7.1 6.4 2.5 2.5 4 0 1 0 0
611.8 -3964.1 -11.8 103 0 11.2 15.1 2.5 2.5 2 1 1 0 0
