-4211.5 -5487.3 -30.6 63 0 3.3 3.2 2.5 2.5 2 0 1 3 3
-4225.1 -5624.3 -31.1 26 0 9.7 11.4 5.0 2.5 2 1 2 1 1
-4239.8 -5740.5 -31.5 215 0 6.9 4.2 2.5 2.5 2 0 1 2 2
-4343.5 -5932.8 -32.8 78 0 12.6 10.7 5.0 0.0 0 0 2 5 5
-4291.9 -4494.1 -33.9 223 0 12.4 8.7 2.5 2.5 2 0 1 1 1
-4452.4 -4464.1 -33.3 44 0 10.5 5.8 5.0 2.5 2 0 2 0 0
-4475.7 -3487.2 -34.8 136 0 4.4 5.4 7.5 2.5 2 1 3 3 3
-4383.1 -5814.7 -29.6 197 0 7.9 9.5 3.8 2.5 2 1 2 2 2
-4637.5 -4696.3 -33.6 74 0 6.1 8.2 7.5 2.5 2 1 3 5 5
-4597.7 -3226.0 -34.0 48 0 7.4 6.5 2.5 0.0 0 0 1 1 1
-4711.2 -4124.7 -34.3 359 0 4.3 4.5 7.5 2.5 2 1 3 2 2
-4312.5 -5513.8 -33.9 0 0 20.0 7.8 3.8 2.5 4 0 2 5 5
-4608.4 -4215.5 -33.7 98 0 11.8 23.4 3.8 2.5 2 1 2 0 0
-4456.5 -3584.3 -34.9 51 0 8.4 20.5 3.8 2.5 2 1 2 0 0
-4475.9 -3583.9 -35.0 50 0 12.5 7.7 2.5 2.5 2 0 1 3 3
-4269.3 -3026.6 -34.8 56 0 7.3 8.3 2.5 2.5 2 1 1 2 2
-4307.3 -5759.8 -33.4 28 0 6.8 11.9 3.8 2.5 2 1 2 1 1
-4442.3 -4821.2 -31.7 43 0 9.4 11.8 6.2 2.5 2 1 2 1 1
-4294.2 -5016.4 -31.5 71 0 14.6 10.1 3.8 2.5 2 0 2 4 4
-4212.8 -3196.8 -35.0 141 0 7.5 12.0 6.2 2.5 2 1 2 1 1
-4505.0 -4518.0 -34.3 121 0 9.3 10.0 3.8 0.0 0 1 2 3 3
-4192.5 -4521.4 -31.8 68 0 5.0 9.8 3.8 2.5 4 1 2 0 0
-4310.6 -5180.6 -33.2 162 0 11.8 8.3 3.8 2.5 2 0 2 1 1
-4454.0 -3526.1 -34.8 92 0 3.9 11.7 5.0 2.5 2 1 2 4 4
-4321.3 -4882.4 -31.2 43 0 10.9 14.5 2.5 2.5 2 1 1 3 3
-4486.9 -3502.7 -34.8 134 0 11.5 12.0 3.8 0.0 0 1 2 5 5
-4340.9 -3105.1 -35.1 233 0 6.9 10.7 3.8 2.5 2 1 2 3 3
-4077.0 -4923.2 -28.6 42 0 10.5 14.3 3.8 2.5 2 1 2 3 3
-4446.7 -4986.9 -33.0 137 0 14.1 11.9 3.8 0.0 0 0 2 3 3
-4283.9 -4842.0 -30.2 43 0 13.2 17.1 6.2 2.5 2 1 2 3 3
-4131.6 -5212.5 -31.8 306 0 8.0 7.7 3.8 0.0 0 0 2 3 3
-4573.9 -3639.7 -35.7 86 0 8.3 7.3 2.5 0.0 0 0 1 0 0
-4157.4 -5267.8 -31.5 36 0 8.2 11.1 2.5 0.0 0 1 1 0 0
-4290.9 -4989.1 -31.2 64 0 10.0 8.5 3.8 2.5 2 0 2 4 4
-4454.3 -4858.2 -32.2 223 0 12.1 10.1 5.0 2.5 2 0 2 1 1
-4540.0 -3781.5 -35.5 220 0 15.1 8.7 3.8 2.5 2 0 2 5 5
-4290.6 -5024.1 -31.5 255 0 12.3 8.4 3.8 0.0 0 0 2 2 2
-4365.1 -2859.4 -34.1 315 0 9.1 10.7 3.8 2.5 2 1 2 0 0
-4515.7 -4825.6 -32.5 140 0 15.3 8.3 3.8 2.5 2 0 2 2 2
-4540.5 -4841.7 -33.1 333 0 11.6 9.5 3.8 2.5 2 0 2 4 4
-4545.0 -4833.0 -33.0 333 0 7.8 9.5 3.8 2.5 2 0 2 1 1
-4607.9 -4812.0 -33.5 227 0 7.2 10.4 2.5 2.5 2 1 1 0 0
-4581.6 -4748.1 -32.7 139 0 8.2 8.7 3.8 2.5 2 1 2 5 5
-4588.9 -4719.9 -32.8 141 0 10.5 15.5 3.8 2.5 2 1 2 0 0
-4610.8 -4683.1 -33.5 172 0 12.7 11.4 5.0 2.5 2 0 2 5 5
-4265.0 -5022.1 -31.2 250 0 5.9 9.9 3.8 2.5 2 1 2 5 5
-4241.3 -5474.5 -31.7 54 0 12.9 12.8 5.0 2.5 2 0 2 1 1
-4219.4 -2568.9 -34.5 143 0 9.4 12.1 3.8 2.5 2 1 2 1 1
-4301.2 -5032.3 -31.7 256 0 7.4 11.0 3.8 2.5 2 1 2 5 5
-4235.8 -5470.4 -31.5 54 0 7.1 13.0 5.0 2.5 2 0 2 2 2
-4299.4 -3017.1 -34.7 54 0 9.3 20.0 2.5 0.0 0 1 1 2 2
-4426.1 -4797.3 -31.4 313 0 7.3 12.1 3.8 2.5 2 1 2 1 1
-4274.8 -3672.5 -34.3 75 0 13.2 8.0 2.5 2.5 2 0 1 0 0
-4495.9 -4535.4 -34.5 313 0 13.3 7.7 3.8 2.5 2 0 2 3 3
-4159.5 -5193.5 -32.2 314 0 7.2 13.2 3.8 2.5 4 1 2 4 4
-4534.7 -2884.8 -35.4 293 0 4.9 15.3 3.8 2.5 2 0 2 4 4
-1826.2 -3203.4 -35.0 240 0 16.5 8.5 5.0 2.5 2 0 2 2 2
-4166.7 -2574.0 -34.4 59 0 6.2 15.8 7.5 0.0 0 1 3 1 1
-4680.3 -4542.9 -33.0 349 0 8.1 12.8 5.0 0.0 0 1 2 0 0
-4723.3 -4515.1 -33.0 352 0 10.1 8.8 3.8 2.5 2 0 2 0 0
-4643.3 -4464.3 -32.0 98 0 7.3 23.2 2.5 0.0 0 1 1 2 2
-4709.2 -4466.7 -32.7 258 0 8.9 13.7 3.8 0.0 0 1 2 2 2
-4714.5 -4444.3 -32.8 86 0 21.6 10.2 2.5 0.0 0 0 1 3 3
-4661.4 -4298.8 -33.1 185 0 13.2 8.6 2.5 0.0 0 0 1 5 5
-4681.9 -4569.0 -33.1 346 0 5.4 3.8 2.5 2.5 2 0 1 4 4
-4782.7 -4365.6 -33.2 195 0 9.7 25.3 2.5 2.5 2 1 1 4 4
-4771.7 -4303.5 -33.3 197 0 11.1 11.3 3.8 2.5 2 1 2 4 4
-1787.5 -3191.5 -35.0 321 0 4.8 14.7 3.8 0.0 0 1 2 2 2
-4196.5 -5782.2 -30.8 54 0 14.9 9.2 3.8 2.5 2 0 2 3 3
-4505.0 -3754.3 -35.5 314 0 11.5 15.2 5.0 0.0 0 1 2 5 5
-4095.7 -5230.5 -31.1 302 0 12.4 14.2 2.5 2.5 2 0 1 1 1
-4460.9 -4519.6 -34.8 221 0 14.6 11.3 3.8 2.5 2 0 2 2 2
-4513.9 -2792.3 -35.1 194 0 15.2 13.5 2.5 2.5 2 0 1 3 3
-4065.9 -2507.8 -34.4 50 0 8.1 12.4 3.8 2.5 2 1 2 2 2
-4728.6 -4236.4 -33.9 3 0 10.5 11.7 7.5 2.5 2 1 3 1 1
-4462.2 -4869.1 -32.3 225 0 4.5 17.3 2.5 2.5 2 1 1 1 1
-4643.0 -4126.3 -33.4 186 0 11.8 13.7 3.8 0.0 0 0 2 3 3
-4691.7 -4150.8 -33.9 10 0 10.5 9.7 3.8 2.5 2 0 2 0 0
-4699.3 -4195.4 -33.7 9 0 10.2 11.7 3.8 2.5 2 1 2 1 1
-4571.4 -4121.6 -33.1 102 0 5.3 10.9 2.5 2.5 4 1 1 1 1
-4636.8 -4103.3 -33.6 184 0 9.3 12.5 7.5 2.5 2 1 3 5 5
-4686.1 -4105.6 -34.2 14 0 12.9 8.4 3.8 2.5 2 0 2 1 1
-4704.5 -4100.6 -34.5 15 0 14.6 7.7 2.5 2.5 2 0 1 1 1
-4637.8 -4080.1 -33.8 187 0 12.2 10.9 2.5 2.5 2 0 1 5 5
-4673.4 -4069.5 -34.5 12 0 8.2 13.8 2.5 0.0 0 1 1 0 0
-4637.6 -4057.1 -34.0 187 0 11.0 9.2 2.5 2.5 2 0 1 4 4
-4756.2 -4354.4 -33.1 197 0 7.6 3.9 2.5 2.5 2 0 1 4 4
-4444.4 -4506.9 -34.8 221 0 12.1 9.3 3.8 2.5 2 0 2 1 1
-4290.2 -5547.0 -33.1 210 0 10.3 9.8 2.5 2.5 2 0 1 0 0
-4178.5 -4942.3 -29.8 34 0 10.1 8.5 2.5 2.5 4 0 1 2 2
-4621.0 -4008.2 -34.4 5 0 6.4 9.8 2.5 2.5 2 1 1 5 5
-4599.5 -3942.5 -34.7 5 0 8.7 8.9 3.8 2.5 2 0 2 5 5
-4554.6 -3802.7 -35.5 300 0 8.4 17.1 2.5 0.0 0 1 1 0 0
-4494.3 -4702.7 -32.1 50 0 5.1 12.1 3.8 0.0 0 1 2 3 3
-4622.7 -3633.6 -35.8 340 0 8.9 11.0 5.0 0.0 0 1 2 5 5
-4631.6 -3603.0 -35.4 338 0 17.4 10.2 3.8 2.5 2 0 2 2 2
-4304.0 -5584.9 -33.3 203 0 9.2 9.7 3.8 2.5 2 1 2 4 4
-4397.8 -3589.7 -34.3 255 0 12.2 7.6 3.8 2.5 2 0 2 4 4
-4462.9 -3199.7 -34.9 210 0 10.4 10.7 3.8 2.5 2 1 2 0 0
-4268.7 -4680.9 -30.1 236 0 10.3 8.3 2.5 2.5 4 0 1 4 4
-4174.3 -4994.4 -29.8 160 0 7.9 7.9 2.5 2.5 2 0 1 0 0
-4123.0 -5141.4 -31.0 170 0 6.2 7.9 2.5 2.5 2 1 1 5 5
-4505.2 -2766.4 -35.4 204 0 7.9 6.0 2.5 2.5 2 0 1 0 0
-3900.9 -2388.3 -34.5 53 0 15.9 9.0 2.5 2.5 2 0 1 5 5
-4621.1 -3429.9 -34.1 173 0 12.4 7.6 3.8 2.5 2 0 2 0 0
-4696.4 -3346.4 -34.7 133 0 11.2 12.4 3.8 2.5 2 1 2 0 0
-4619.5 -3374.2 -34.0 208 0 7.3 11.5 2.5 0.0 0 0 1 5 5
-4623.3 -3291.1 -33.8 323 0 20.5 11.0 2.5 2.5 2 0 1 0 0
-4447.1 -3175.2 -35.0 223 0 8.4 18.6 3.8 2.5 2 0 2 3 3
-4435.9 -3713.4 -34.7 237 0 9.0 10.6 5.0 2.5 2 1 2 3 3
-4187.2 -5443.3 -30.6 155 0 12.4 8.1 3.8 0.0 0 0 2 3 3
-4458.5 -4773.1 -31.5 313 0 9.1 9.2 3.8 2.5 2 1 2 0 0
-4414.2 -4454.3 -34.3 58 0 13.2 8.6 3.8 2.5 4 0 2 4 4
-4128.0 -3221.3 -34.3 323 0 19.3 11.4 2.5 2.5 2 0 1 2 2
-3742.9 -2303.5 -33.6 88 0 30.4 12.8 2.5 2.5 2 0 1 3 3
-4304.2 -5410.0 -33.1 170 0 9.1 11.8 6.2 2.5 2 1 2 5 5
-4120.3 -3231.5 -33.9 323 0 6.3 11.4 3.8 2.5 2 0 2 1 1
-4116.6 -3236.5 -33.8 323 0 6.3 11.4 3.8 2.5 2 0 2 1 1
-4112.6 -3241.8 -33.7 323 0 7.0 11.4 2.5 0.0 0 0 1 5 5
-4089.0 -3267.2 -33.3 323 0 18.0 21.6 3.8 0.0 0 1 2 5 5
-4314.0 -5323.3 -33.3 171 0 10.0 11.3 3.8 2.5 2 0 2 5 5
-4342.3 -3570.9 -33.6 87 0 9.3 11.5 3.8 2.5 2 1 2 0 0
-4258.0 -4649.3 -30.7 230 0 9.6 13.0 3.8 2.5 4 1 2 2 2
-4123.2 -4974.2 -29.3 42 0 12.4 6.1 3.8 0.0 0 0 2 3 3
-4215.8 -2576.2 -34.5 233 0 5.9 4.2 2.5 2.5 2 0 1 5 5
-4174.0 -4508.8 -31.2 339 0 9.6 10.6 3.8 2.5 2 1 2 0 0
-4382.7 -5089.6 -33.0 330 0 4.9 5.0 2.5 2.5 2 1 1 5 5
-4494.4 -4506.8 -34.3 29 0 3.5 11.4 2.5 2.5 2 1 1 4 4
-4362.4 -5822.8 -29.8 107 0 5.0 6.0 2.5 2.5 2 1 1 2 2
-4105.6 -5248.0 -31.1 124 0 12.2 6.0 2.5 0.0 0 0 1 4 4
-4382.8 -4925.0 -32.1 43 0 9.1 8.1 5.0 2.5 2 0 2 4 4
-4399.8 -4997.7 -32.6 225 0 6.3 4.0 5.0 2.5 2 0 2 5 5
-4618.3 -4063.1 -33.7 277 0 15.6 4.9 5.0 2.5 2 0 2 1 1
-4471.5 -3350.2 -34.0 310 0 6.0 4.5 2.5 2.5 2 0 1 3 3
-4497.1 -4473.0 -33.7 236 0 4.8 10.0 2.5 2.5 2 1 1 0 0
-4274.4 -5717.4 -32.3 42 0 11.4 5.1 5.0 2.5 2 0 2 4 4
-4143.0 -5188.3 -31.9 40 0 4.1 9.2 2.5 2.5 2 1 1 5 5
-4475.3 -3565.4 -34.8 320 0 4.4 6.2 2.5 2.5 2 1 1 4 4
-4519.0 -2732.3 -35.7 10 0 9.8 4.1 3.8 2.5 2 0 2 0 0
-4591.1 -3227.1 -34.0 47 0 4.2 4.6 2.5 2.5 2 1 1 2 2
-4703.3 -4158.8 -33.9 12 0 4.4 6.0 2.5 2.5 2 1 1 0 0
-4651.0 -4214.7 -33.4 188 0 5.0 14.8 3.8 2.5 4 1 2 0 0
-4607.3 -3654.4 -36.0 353 0 12.8 6.6 2.5 2.5 2 0 1 3 3
-4698.4 -4110.4 -34.3 13 0 3.3 6.0 2.5 2.5 2 1 1 1 1
-4657.6 -4740.3 -33.7 240 0 13.9 11.0 2.5 2.5 2 0 1 4 4
-2169.0 -3362.7 -33.8 72 0 10.0 18.1 2.5 2.5 2 1 1 1 1
-4508.1 -3410.4 -34.1 19 0 11.4 7.5 2.5 2.5 2 0 1 2 2
-4475.8 -2738.1 -35.6 133 0 7.0 11.5 3.8 2.5 2 1 2 4 4
-4335.3 -5049.7 -32.1 251 0 5.0 6.2 2.5 2.5 2 1 1 1 1
-4339.4 -4686.7 -30.9 42 0 6.8 12.4 2.5 2.5 2 1 1 2 2
-4480.9 -3482.2 -34.7 132 0 3.9 6.4 2.5 2.5 2 1 1 5 5
-4376.7 -3609.1 -34.1 80 0 6.9 4.0 3.8 2.5 2 0 2 3 3
-4384.6 -5906.9 -31.4 81 0 10.1 5.0 2.5 2.5 4 0 1 2 2
-4640.7 -4161.3 -33.0 196 0 3.1 8.3 2.5 2.5 2 1 1 1 1
-4619.4 -4083.2 -33.4 186 0 10.1 5.0 2.5 2.5 2 0 1 0 0
-4552.1 -4771.2 -32.5 230 0 7.4 6.2 2.5 2.5 2 0 1 4 4
-4345.7 -5772.2 -32.9 129 0 5.3 15.2 3.8 2.5 2 1 2 3 3
-4426.9 -4979.8 -32.8 46 0 3.9 13.7 5.0 2.5 4 0 2 1 1
-4532.6 -3438.1 -34.2 18 0 8.3 4.3 2.5 2.5 2 0 1 5 5
-4293.2 -5221.6 -33.3 170 0 4.2 5.9 2.5 2.5 2 1 1 3 3
-4605.5 -3389.6 -34.0 208 0 7.7 8.5 2.5 2.5 2 1 1 2 2
-4310.1 -5535.1 -33.9 15 0 7.1 7.2 2.5 2.5 2 1 1 1 1
-4499.7 -4824.7 -32.3 141 0 4.0 5.2 2.5 2.5 4 1 1 0 0
-4337.0 -4498.9 -35.0 42 0 10.9 5.9 2.5 2.5 2 0 1 0 0
-4556.3 -4095.8 -33.0 10 0 8.8 18.7 3.8 0.0 0 1 2 5 5
-4256.5 -3541.3 -32.6 79 0 9.1 19.4 2.5 2.5 2 1 1 0 0
-4297.5 -5269.7 -32.9 166 0 6.2 4.9 2.5 2.5 2 0 1 0 0
-4214.3 -3211.9 -34.8 140 0 5.1 3.7 2.5 2.5 2 0 1 4 4
-4218.1 -2540.2 -34.5 145 0 4.2 6.7 2.5 2.5 2 1 1 5 5
-4123.0 -3301.5 -33.0 144 0 8.9 18.1 2.5 2.5 2 1 1 3 3
-4702.1 -4552.8 -33.1 349 0 12.0 6.8 5.0 2.5 2 0 2 1 1
-4610.1 -3759.0 -36.3 18 0 6.5 6.3 2.5 2.5 2 0 1 0 0
-4331.5 -4688.7 -30.7 43 0 15.5 6.5 2.5 0.0 0 0 1 4 4
-4126.8 -3589.3 -31.1 260 0 5.0 9.0 2.5 2.5 2 1 1 0 0
-4784.9 -4485.4 -33.1 177 0 5.7 8.1 5.0 2.5 2 1 2 5 5
-4525.1 -4786.2 -32.2 142 0 7.3 4.6 2.5 2.5 2 0 1 5 5
-4302.9 -5749.0 -33.3 27 0 4.0 10.7 2.5 0.0 0 1 1 0 0
-4475.6 -4683.8 -32.3 43 0 3.9 9.9 3.8 2.5 2 1 2 2 2
-4617.9 -3451.3 -34.2 169 0 8.6 15.6 5.0 0.0 0 1 2 5 5
-4695.6 -4494.8 -32.8 347 0 10.0 15.2 2.5 2.5 4 1 1 1 1
-4444.0 -4537.4 -34.9 156 0 3.2 5.7 2.5 0.0 0 0 1 3 3
-4623.8 -4132.8 -33.1 183 0 20.7 5.6 2.5 2.5 2 0 1 2 2
-4538.4 -2833.0 -35.6 355 0 7.6 9.0 5.0 2.5 2 1 2 2 2
-4370.5 -3137.1 -35.3 231 0 3.8 12.8 2.5 2.5 2 1 1 3 3
-4701.7 -4212.2 -33.6 7 0 6.0 8.0 2.5 2.5 2 1 1 0 0
-4223.9 -4637.3 -30.7 232 0 7.9 13.0 2.5 2.5 2 0 1 0 0
-4482.5 -4691.9 -32.1 48 0 7.6 7.2 2.5 0.0 0 0 1 1 1
-4430.4 -4520.6 -34.9 237 0 3.9 5.0 2.5 2.5 2 1 1 0 0
-4490.6 -4852.9 -32.5 49 0 8.0 3.0 2.5 2.5 2 0 1 2 2
-1658.3 -3889.3 -29.9 231 0 12.2 13.4 2.5 2.5 2 1 1 2 2
-3777.1 -2220.4 -33.5 268 0 19.3 8.3 2.5 0.0 0 0 1 5 5
-4408.0 -4959.2 -32.5 49 0 4.3 12.8 3.8 2.5 2 0 2 2 2
-4599.0 -3727.7 -36.4 298 0 9.4 23.5 3.8 2.5 2 1 2 3 3
-4300.4 -5330.5 -33.1 170 0 3.2 5.8 2.5 2.5 2 1 1 5 5
-4716.9 -4339.6 -33.0 356 0 4.7 3.6 2.5 2.5 2 0 1 0 0
-4294.5 -4805.3 -29.8 45 0 5.0 4.9 2.5 0.0 0 0 1 0 0
-4558.7 -3638.5 -35.7 83 0 4.0 9.7 3.8 2.5 2 1 2 0 0
-4619.3 -3652.5 -36.0 352 0 5.0 3.8 3.8 2.5 2 0 2 0 0
-4255.0 -3014.2 -34.9 57 0 8.0 14.1 3.8 2.5 2 1 2 1 1
-4196.4 -4923.1 -29.9 54 0 14.7 6.6 2.5 2.5 2 0 1 5 5
-3934.2 -2414.1 -34.5 81 0 7.8 8.6 3.8 2.5 2 1 2 5 5
-4370.2 -3352.7 -34.5 50 0 9.4 4.2 2.5 2.5 2 0 1 1 1
-1247.7 -2612.8 -33.0 286 0 6.1 8.3 2.5 2.5 2 1 1 2 2
-4323.6 -5401.4 -33.7 354 0 6.2 3.2 2.5 2.5 2 0 1 2 2
-4475.7 -3519.1 -34.8 179 0 4.5 8.1 2.5 2.5 2 1 1 3 3
-4347.6 -5794.2 -31.2 208 0 3.0 4.0 2.5 2.5 4 1 1 4 4
-1646.2 -3960.8 -31.0 137 0 3.6 4.0 2.5 2.5 2 1 1 2 2
-3866.1 -2375.4 -34.4 69 0 8.4 35.4 2.5 2.5 2 1 1 5 5
-4600.9 -3572.7 -34.9 168 0 9.0 3.5 2.5 2.5 2 0 1 0 0
-2223.0 -3469.7 -31.6 337 0 11.2 4.7 3.8 2.5 2 0 2 2 2
-4486.9 -2012.4 -35.3 185 0 3.4 3.5 2.5 2.5 4 0 1 2 2
-4189.9 -5463.4 -30.4 334 0 3.7 4.3 3.8 2.5 2 1 2 1 1
-4494.3 -3576.3 -34.9 52 0 4.0 4.8 2.5 2.5 4 0 1 0 0
-4191.2 -2566.7 -34.4 63 0 4.5 20.7 2.5 2.5 4 1 1 3 3
-4446.0 -4877.2 -32.2 225 0 4.4 6.0 2.5 0.0 0 1 1 3 3
-4494.6 -3266.7 -34.4 38 0 9.7 6.7 2.5 2.5 2 0 1 3 3
-4613.0 -4500.4 -33.3 101 0 5.1 4.1 2.5 0.0 0 0 1 2 2
-4270.5 -5708.4 -32.4 44 0 6.8 6.1 2.5 2.5 2 0 1 3 3
-4257.9 -4981.4 -30.8 61 0 3.6 5.9 2.5 2.5 2 1 1 5 5
-4173.7 -5036.4 -30.1 335 0 12.9 3.9 2.5 0.0 0 0 1 3 3
-4115.4 -3617.2 -31.1 79 0 4.6 20.4 5.0 2.5 2 1 2 3 3
-4420.8 -4439.7 -34.1 57 0 8.8 4.6 2.5 2.5 2 0 1 5 5
-4558.0 -4746.8 -32.5 48 0 6.6 5.1 2.5 2.5 2 0 1 1 1
-4431.5 -3168.0 -35.1 218 0 9.8 16.7 2.5 0.0 0 0 1 0 0
-4703.1 -4133.9 -34.1 3 0 3.9 6.2 2.5 2.5 2 1 1 1 1
-4296.7 -5002.2 -31.3 71 0 3.0 4.6 2.5 2.5 2 0 1 5 5
-4479.9 -4464.5 -33.1 231 0 18.1 5.4 3.8 2.5 2 0 2 5 5
-4115.8 -4955.6 -29.1 322 0 4.0 8.0 2.5 2.5 2 1 1 0 0
-4212.0 -5810.8 -31.6 74 0 3.7 7.2 2.5 2.5 2 1 1 1 1
-4693.7 -3451.9 -34.9 304 0 4.2 3.7 2.5 2.5 4 0 1 0 0
-4597.7 -3939.8 -34.5 94 0 3.2 8.9 2.5 2.5 2 0 1 3 3
-3653.0 -2202.9 -32.6 171 0 17.0 74.4 2.5 2.5 4 1 1 4 4
-4446.5 -3220.0 -34.9 29 0 4.0 7.9 2.5 0.0 0 1 1 3 3
-4271.5 -5690.8 -33.0 26 0 7.4 10.5 2.5 2.5 2 1 1 4 4
-4293.6 -5169.1 -33.0 252 0 7.0 10.0 3.8 2.5 2 1 2 5 5
-4665.6 -4320.0 -33.0 183 0 4.9 9.6 5.0 2.5 2 1 2 3 3
-1805.1 -3215.6 -35.1 331 0 17.1 10.1 3.8 0.0 0 0 2 1 1
-4164.6 -5007.8 -29.8 155 0 4.1 6.1 2.5 2.5 2 0 1 4 4
-4297.2 -5785.6 -33.0 49 0 8.2 3.4 2.5 2.5 2 0 1 3 3
-4469.7 -4892.7 -32.6 237 0 4.7 9.6 2.5 2.5 2 1 1 2 2
-4305.3 -5566.4 -33.6 210 0 4.3 13.2 2.5 2.5 2 1 1 4 4
-4523.0 -3719.7 -35.6 44 0 20.1 6.3 5.0 2.5 2 0 2 0 0
-4433.2 -4384.9 -33.9 322 0 7.9 6.2 3.8 2.5 2 0 2 5 5
-4342.0 -4868.5 -31.1 41 0 8.7 6.7 2.5 0.0 0 0 1 5 5
-4281.0 -5724.7 -32.5 42 0 8.4 5.1 5.0 2.5 2 0 2 1 1
-4395.4 -4993.3 -32.5 225 0 6.0 4.0 2.5 2.5 2 0 1 3 3
-4231.2 -4628.2 -31.0 231 0 7.9 11.7 2.5 2.5 2 0 1 3 3
-2157.7 -3336.6 -33.9 342 0 6.6 10.8 3.8 2.5 2 1 2 0 0
-4524.1 -2708.2 -35.9 10 0 3.4 7.3 2.5 2.5 2 0 1 3 3
-4156.9 -5422.6 -30.1 260 0 5.9 6.0 2.5 2.5 2 1 1 3 3
-4416.4 -4949.5 -32.5 49 0 4.3 4.9 2.5 2.5 2 0 1 0 0
-4282.3 -4359.6 -32.1 315 0 4.8 10.5 2.5 2.5 2 1 1 0 0
-4700.7 -3434.4 -35.1 306 0 14.0 8.0 3.8 2.5 2 0 2 2 2
-1662.7 -3929.7 -29.7 51 0 6.1 7.1 3.8 2.5 2 1 2 5 5
-4293.7 -5311.5 -32.9 259 0 6.3 11.6 2.5 2.5 2 1 1 2 2
-1757.0 -3998.1 -26.4 145 0 4.9 6.0 2.5 2.5 2 1 1 0 0
-3774.2 -2327.3 -33.8 353 0 6.2 6.1 2.5 2.5 2 0 1 5 5
-4533.0 -3809.0 -35.3 132 0 7.8 11.0 2.5 2.5 2 1 1 5 5
-4607.9 -3349.0 -33.9 214 0 9.3 19.9 5.0 2.5 2 1 2 4 4
-4671.9 -4047.8 -34.7 15 0 5.9 17.9 2.5 2.5 2 1 1 5 5
-4637.6 -3064.0 -34.8 196 0 4.5 10.5 2.5 2.5 4 1 1 4 4
-4242.7 -3516.2 -32.4 317 0 10.4 5.1 2.5 0.0 0 0 1 5 5
-4784.3 -4289.0 -33.4 199 0 3.5 7.6 2.5 2.5 2 0 1 4 4
-4487.1 -2015.9 -35.3 184 0 3.7 3.4 2.5 0.0 0 0 1 1 1
-4258.3 -4695.0 -29.6 236 0 7.0 4.7 2.5 2.5 4 0 1 5 5
-4672.3 -3992.7 -34.9 14 0 5.6 3.4 2.5 2.5 2 0 1 2 2
-4163.2 -4934.1 -29.7 43 0 10.9 23.1 3.8 2.5 4 1 2 4 4
-4631.7 -4432.7 -31.9 252 0 6.3 15.7 3.8 2.5 2 1 2 4 4
-4557.3 -3650.4 -35.9 258 0 9.9 12.6 2.5 2.5 2 1 1 5 5
-4494.9 -3455.2 -34.4 196 0 4.9 10.0 5.0 2.5 2 1 2 5 5
-4617.8 -4465.4 -32.3 16 0 4.9 8.7 2.5 2.5 2 1 1 4 4
-4442.3 -4963.6 -32.8 139 0 5.3 11.7 2.5 2.5 2 1 1 0 0
-4610.2 -4799.2 -33.4 52 0 11.7 20.6 3.8 0.0 0 0 2 3 3
-4441.2 -4543.9 -35.0 156 0 11.0 5.7 3.8 2.5 2 0 2 5 5
-4309.8 -5330.4 -33.2 171 0 5.3 3.8 2.5 2.5 2 0 1 5 5
-4454.8 -2726.5 -35.6 313 0 12.8 8.4 2.5 2.5 4 0 1 1 1
-4157.7 -5434.6 -30.1 2 0 3.7 5.4 2.5 2.5 2 1 1 3 3
-4414.0 -3175.4 -35.0 308 0 3.2 9.8 2.5 0.0 0 0 1 2 2
-4655.1 -3587.0 -35.2 268 0 6.8 12.5 5.0 2.5 4 0 2 5 5
-4635.1 -3983.8 -34.6 186 0 9.5 16.5 2.5 2.5 2 1 1 5 5
-4147.2 -5005.1 -29.6 65 0 10.0 5.0 2.5 2.5 2 0 1 5 5
-4455.2 -5007.5 -33.3 323 0 5.0 5.7 2.5 2.5 2 1 1 3 3
-4464.3 -3499.2 -34.8 164 0 4.1 4.6 3.8 2.5 2 1 2 1 1
-4632.5 -3305.3 -33.8 338 0 6.1 20.0 5.0 2.5 2 1 2 4 4
-4326.8 -5895.7 -31.5 256 0 6.4 6.2 2.5 2.5 2 0 1 4 4
-4337.2 -5897.7 -31.4 258 0 10.5 6.1 3.8 0.0 0 0 2 0 0
-4081.3 -2474.6 -34.5 231 0 4.0 5.8 2.5 2.5 2 1 1 0 0
-4079.0 -2490.8 -34.5 51 0 11.3 8.2 2.5 2.5 2 0 1 5 5
-4520.4 -4792.1 -32.2 142 0 7.7 4.6 2.5 0.0 0 0 1 1 1
-4424.1 -4981.8 -32.8 49 0 5.7 3.5 2.5 2.5 2 0 1 4 4
-4278.3 -4503.7 -33.7 223 0 11.7 5.2 3.8 2.5 2 0 2 3 3
-4535.5 -2882.2 -35.4 24 0 4.3 9.3 2.5 2.5 2 0 1 3 3
-4277.7 -3022.0 -34.8 56 0 3.9 8.2 2.5 2.5 2 1 1 1 1
-4541.9 -2703.6 -35.9 189 0 4.6 4.3 2.5 2.5 4 0 1 0 0
-4599.4 -3374.5 -34.0 205 0 3.7 4.6 2.5 2.5 2 0 1 3 3
-4280.8 -3651.8 -33.7 255 0 11.2 4.0 3.8 2.5 4 0 2 2 2
-4656.5 -3574.9 -35.1 270 0 10.0 12.3 2.5 2.5 2 0 1 1 1
-4334.9 -5786.9 -31.9 25 0 5.5 4.3 2.5 2.5 2 0 1 2 2
-4633.8 -4118.5 -33.3 188 0 5.4 4.4 2.5 2.5 2 0 1 2 2
-4342.7 -4505.3 -35.2 42 0 6.2 6.2 2.5 2.5 4 0 1 0 0
-4470.1 -4984.7 -33.4 323 0 7.3 9.0 2.5 2.5 2 1 1 4 4
-4289.7 -4504.8 -33.9 226 0 5.1 5.5 2.5 0.0 0 0 1 1 1
-4344.0 -5786.0 -31.8 209 0 8.5 4.8 2.5 2.5 2 0 1 4 4
-4603.5 -4601.5 -33.9 174 0 3.4 8.8 2.5 2.5 2 0 1 5 5
-4603.8 -3436.4 -34.1 196 0 11.2 5.8 2.5 2.5 2 0 1 3 3
-4302.6 -3521.3 -33.1 136 0 5.9 10.5 3.8 2.5 2 1 2 3 3
-4200.0 -2596.7 -34.5 53 0 6.2 21.7 2.5 2.5 2 0 1 1 1
-4530.0 -2859.3 -35.6 357 0 3.7 7.3 2.5 2.5 4 0 1 0 0
-4777.7 -4293.2 -33.4 194 0 3.8 5.1 2.5 0.0 0 0 1 3 3
-4215.6 -5458.8 -31.0 325 0 3.0 5.0 2.5 2.5 2 0 1 3 3
-4489.7 -3572.7 -34.9 52 0 7.6 4.8 3.8 2.5 2 0 2 4 4
-4786.6 -4296.1 -33.4 197 0 11.4 7.7 5.0 2.5 2 0 2 3 3
-4211.3 -5462.6 -30.9 324 0 8.1 6.4 3.8 2.5 4 0 2 0 0
-4301.9 -5004.0 -31.4 71 0 8.1 4.6 3.8 2.5 2 0 2 3 3
-4662.7 -4001.7 -34.9 14 0 7.5 11.4 3.8 2.5 2 1 2 3 3
-4081.9 -2498.9 -34.5 52 0 3.4 7.5 2.5 2.5 2 0 1 2 2
-4479.1 -3356.8 -34.0 130 0 9.3 5.4 3.8 2.5 2 0 2 0 0
-4544.4 -2710.6 -35.9 190 0 10.0 4.0 2.5 2.5 4 0 1 3 3
-4759.7 -4236.8 -34.2 193 0 6.0 9.5 3.8 2.5 2 0 2 5 5
-1838.1 -3215.3 -35.1 241 0 12.6 25.1 2.5 2.5 2 1 1 5 5
-4530.3 -4854.7 -33.2 333 0 5.2 20.5 2.5 2.5 2 0 1 0 0
-4664.3 -3406.0 -34.2 218 0 18.4 6.4 3.8 2.5 2 0 2 0 0
-4310.0 -4396.5 -33.0 221 0 12.0 4.3 2.5 2.5 2 0 1 3 3
-4318.7 -4840.9 -30.4 43 0 6.7 6.3 2.5 2.5 2 0 1 3 3
-4154.4 -5008.4 -29.7 65 0 5.9 6.9 2.5 2.5 2 0 1 0 0
-4278.6 -5534.5 -32.9 292 0 10.1 6.8 3.8 2.5 2 0 2 4 4
-4472.7 -4919.9 -32.9 141 0 6.0 3.1 2.5 2.5 2 0 1 4 4
-4266.7 -5428.0 -32.4 60 0 8.3 10.1 2.5 2.5 2 1 1 0 0
-4474.5 -4859.6 -32.4 41 0 4.7 3.5 3.8 2.5 2 0 2 0 0
-4307.6 -5005.9 -31.5 72 0 4.0 6.2 2.5 2.5 2 0 1 4 4
-4696.7 -4519.0 -32.9 352 0 5.2 9.0 5.0 2.5 2 0 2 4 4
-4237.7 -5754.4 -31.5 232 0 3.3 12.2 2.5 2.5 2 1 1 5 5
-4550.8 -4868.1 -33.3 63 0 8.1 5.8 2.5 2.5 2 0 1 2 2
-4481.7 -4920.7 -33.0 142 0 5.6 9.2 5.0 0.0 0 0 2 4 4
-4568.6 -4698.5 -32.8 141 0 6.9 6.3 2.5 2.5 2 0 1 4 4
-4473.4 -4854.0 -32.3 49 0 5.7 14.1 5.0 2.5 2 0 2 1 1
-4596.2 -3283.0 -33.8 133 0 4.2 19.1 3.8 2.5 2 0 2 5 5
-4469.6 -3578.6 -34.9 50 0 3.8 9.6 2.5 2.5 2 0 1 5 5
-4597.0 -3444.1 -34.1 104 0 5.8 15.8 2.5 2.5 2 0 1 3 3
-4762.2 -4234.6 -34.3 193 0 9.3 3.2 2.5 0.0 0 0 1 2 2
-4457.3 -4793.2 -31.6 315 0 6.0 7.1 3.8 2.5 2 1 2 2 2
-4700.2 -4610.6 -33.4 94 0 5.3 8.6 3.8 2.5 2 1 2 0 0
-4675.9 -3564.5 -34.9 92 0 14.5 8.8 5.0 2.5 2 0 2 1 1
-4349.5 -5775.1 -32.0 209 0 4.1 14.1 2.5 2.5 2 0 1 3 3
-4109.9 -5131.9 -30.7 220 0 5.1 8.1 3.8 2.5 2 0 2 2 2
-4467.8 -3447.5 -34.4 309 0 8.8 3.6 3.8 0.0 0 0 2 4 4
-4284.1 -4506.4 -33.8 226 0 4.7 7.3 2.5 2.5 2 0 1 4 4
-4598.1 -3281.9 -33.8 132 0 4.6 4.1 2.5 2.5 2 0 1 4 4
-4252.9 -5413.9 -32.2 29 0 7.4 8.7 3.8 0.0 0 1 2 3 3
-4696.8 -3465.8 -34.9 206 0 7.2 23.2 3.8 0.0 0 1 2 5 5
-4612.9 -4668.2 -34.1 172 0 25.2 11.3 2.5 2.5 2 0 1 5 5
-4376.4 -5098.3 -33.0 333 0 5.2 6.4 2.5 2.5 2 1 1 2 2
-4220.0 -2561.0 -34.5 142 0 3.6 7.7 2.5 2.5 2 1 1 5 5
-4619.2 -4761.9 -33.2 55 0 4.2 6.1 5.0 2.5 2 1 2 3 3
-4617.2 -4804.9 -33.6 49 0 7.8 20.8 7.5 2.5 4 0 3 0 0
-4534.7 -6283.5 -29.8 24 0 14.3 7.9 3.8 2.5 2 0 2 0 0
-4497.4 -6230.5 -30.2 78 0 7.8 6.8 2.5 2.5 2 0 1 5 5
-5299.4 -6519.5 -33.7 292 0 4.3 3.7 2.5 2.5 2 0 1 1 1
-4484.2 -6224.2 -30.1 72 0 3.7 4.1 2.5 2.5 4 1 1 0 0
-6509.0 -5528.0 -38.8 329 0 9.3 4.7 2.5 2.5 2 0 1 2 2
-6534.4 -5534.5 -38.9 148 0 5.3 10.2 2.5 0.0 0 1 1 2 2
-6301.4 -5084.9 -38.7 223 0 3.1 10.3 2.5 2.5 2 1 1 5 5
-5432.5 -5802.9 -35.3 154 0 5.1 5.1 2.5 2.5 2 1 1 2 2
-6006.1 3741.9 11.4 65 0 9.6 11.2 2.5 2.5 2 0 1 4 4
-6318.5 3277.5 -17.4 338 0 5.8 9.7 5.0 2.5 2 0 2 4 4
-6347.5 3657.2 6.0 272 0 8.1 15.7 2.5 2.5 2 0 1 2 2
-6466.5 3491.1 -8.5 102 0 11.4 15.5 5.0 2.5 2 1 2 5 5
-5894.7 3953.4 14.1 186 0 5.4 12.5 5.0 2.5 4 1 2 0 0
-6407.6 3377.0 -16.8 359 0 6.6 9.7 2.5 2.5 2 1 1 0 0
-6426.5 3401.5 -15.1 353 0 6.2 3.1 2.5 2.5 2 0 1 1 1
-6541.2 3509.0 -9.6 99 0 15.5 8.5 2.5 2.5 2 0 1 3 3
-6569.7 3399.4 -14.0 6 0 35.4 13.8 5.0 2.5 2 0 2 1 1
-6359.3 3812.9 14.2 288 0 9.5 17.9 5.0 2.5 2 1 2 5 5
-6344.4 3851.4 18.1 121 0 6.5 8.9 3.8 2.5 2 1 2 5 5
-6292.1 3461.2 -4.1 149 0 6.6 9.3 3.8 2.5 2 1 2 5 5
-6405.5 3467.5 -10.2 253 0 12.5 10.5 2.5 2.5 2 0 1 3 3
-6055.4 3968.4 15.1 140 0 7.2 32.9 5.0 0.0 0 1 2 0 0
-6116.2 3706.3 9.9 266 0 9.4 8.5 3.8 2.5 2 0 2 2 2
-6148.4 3504.8 1.9 316 0 7.4 15.4 2.5 0.0 0 1 1 4 4
-6378.1 3661.2 5.6 278 0 15.3 9.9 2.5 2.5 2 0 1 1 1
-6402.6 3222.9 -25.8 195 0 7.4 8.9 6.2 0.0 0 1 2 1 1
-6102.9 3526.7 0.8 240 0 8.8 16.0 2.5 2.5 2 1 1 0 0
-5867.1 4309.1 21.8 3 0 8.4 10.2 5.0 0.0 0 1 2 3 3
-5899.0 4138.1 20.5 162 0 18.1 17.6 2.5 0.0 0 0 1 1 1
-5971.1 4309.6 27.4 152 0 3.7 5.0 2.5 2.5 4 1 1 3 3
-6334.7 3454.0 -7.8 218 0 4.5 9.8 2.5 2.5 2 1 1 1 1
-6438.7 3332.4 -18.1 196 0 6.3 6.0 2.5 0.0 0 0 1 5 5
-6817.6 3423.4 -23.3 25 0 10.9 35.6 2.5 2.5 2 1 1 2 2
-6597.0 3165.6 -32.6 279 0 7.6 17.3 2.5 0.0 0 1 1 0 0
-6429.6 3379.3 -17.0 184 0 7.9 5.6 2.5 2.5 2 0 1 3 3
-6734.8 3483.4 -13.1 91 0 19.0 10.7 2.5 2.5 2 0 1 0 0
-6407.0 3340.7 -18.0 16 0 7.7 7.7 2.5 2.5 2 0 1 5 5
-6237.7 3509.2 2.8 230 0 19.3 10.3 5.0 2.5 2 0 2 5 5
-5914.6 3915.1 14.8 192 0 4.0 4.2 2.5 2.5 2 1 1 4 4
-6429.5 3910.4 18.3 129 0 7.9 7.6 2.5 2.5 2 0 1 0 0
-6343.8 3806.1 14.7 298 0 6.6 9.1 2.5 2.5 2 1 1 3 3
-6071.8 3685.2 7.4 233 0 6.3 9.9 2.5 2.5 2 1 1 3 3
-6305.3 3657.9 7.7 278 0 5.2 4.2 2.5 2.5 2 0 1 5 5
-5898.7 3816.1 10.3 108 0 4.0 3.7 2.5 2.5 2 0 1 4 4
-6540.6 3425.6 -12.9 186 0 5.5 4.0 2.5 2.5 2 0 1 4 4
-6848.5 3326.1 -28.6 201 0 4.0 6.1 2.5 2.5 2 1 1 1 1
-6167.9 3692.8 8.7 211 0 6.4 9.5 2.5 2.5 2 0 1 3 3
-6584.3 3569.9 -6.8 268 0 5.5 4.4 2.5 2.5 2 0 1 0 0
-6237.2 3642.0 7.9 9 0 5.3 9.7 2.5 2.5 2 1 1 4 4
-6655.3 3539.0 -7.6 201 0 6.8 10.3 2.5 2.5 2 0 1 5 5
-6420.9 3345.0 -18.2 19 0 7.2 4.0 2.5 2.5 2 0 1 0 0
-6746.3 3643.6 11.8 154 0 13.9 8.2 2.5 2.5 2 0 1 4 4
-6405.8 3909.3 19.9 127 0 7.3 3.7 2.5 2.5 2 0 1 3 3
-6397.4 3877.3 17.9 120 0 8.0 8.3 2.5 2.5 2 1 1 4 4
-6270.6 3656.6 8.1 190 0 13.2 8.7 5.0 2.5 2 0 2 3 3
-6644.7 3437.6 -13.9 179 0 5.1 39.8 2.5 2.5 2 1 1 4 4
-6431.3 3326.9 -18.3 106 0 5.3 6.3 3.8 2.5 2 0 2 1 1
-6301.2 3900.2 23.0 297 0 3.7 14.1 2.5 2.5 2 1 1 5 5
-6567.9 3569.4 -6.4 269 0 5.2 4.3 2.5 2.5 2 0 1 4 4
-5633.9 4171.5 -15.9 356 0 5.8 6.7 2.5 0.0 0 1 1 1 1
-6191.2 3641.0 7.6 229 0 3.2 3.7 2.5 2.5 4 1 1 5 5
-6256.8 3229.4 -16.5 247 0 4.0 7.4 2.5 2.5 2 1 1 1 1
-6205.9 3845.7 21.9 297 0 3.6 5.6 2.5 2.5 2 1 1 0 0
-6051.0 3743.3 12.0 67 0 5.3 8.8 2.5 0.0 0 0 1 3 3
-6332.6 3431.6 -9.4 238 0 3.2 3.7 2.5 2.5 2 1 1 5 5
-6426.6 3408.1 -14.5 354 0 3.1 5.1 2.5 2.5 2 1 1 4 4
-6559.7 3569.6 -6.1 269 0 5.3 4.2 2.5 2.5 2 0 1 4 4
-6327.1 3611.8 4.9 99 0 8.3 11.4 2.5 2.5 2 1 1 2 2
-6242.8 3682.6 9.1 280 0 4.4 6.2 2.5 2.5 2 1 1 4 4
-6079.2 3997.4 15.2 142 0 8.1 8.4 2.5 2.5 2 1 1 3 3
-6112.9 3685.0 8.5 266 0 4.8 3.4 2.5 2.5 2 0 1 3 3
-6221.6 3561.6 4.0 302 0 9.7 19.1 2.5 2.5 2 1 1 4 4
-5650.7 4189.3 -14.3 172 0 3.5 4.8 2.5 2.5 2 1 1 5 5
-6387.3 3766.5 11.9 200 0 9.1 7.9 5.0 2.5 2 0 2 1 1
-6188.6 3836.9 22.1 297 0 5.6 3.6 2.5 2.5 2 0 1 2 2
-6112.6 3721.0 10.9 285 0 4.6 9.5 2.5 2.5 2 0 1 3 3
-6252.4 3819.6 19.3 111 0 4.7 4.7 2.5 2.5 2 0 1 2 2
-6416.2 3896.9 18.3 129 0 8.2 8.6 2.5 2.5 2 1 1 2 2
-6441.3 3862.3 15.4 113 0 3.9 8.0 2.5 2.5 2 1 1 3 3
-6369.4 3424.2 -11.7 349 0 4.9 11.5 2.5 2.5 2 0 1 1 1
-6831.5 3347.5 -27.1 110 0 21.3 24.6 5.0 2.5 2 1 2 1 1
-6064.8 4058.5 19.8 323 0 8.6 12.0 2.5 2.5 2 1 1 3 3
-6417.9 3193.9 -27.5 116 0 10.3 7.9 2.5 2.5 2 0 1 4 4
-6074.8 3424.0 -1.6 145 0 5.1 5.1 7.5 2.5 4 0 3 5 5
-6389.9 3892.9 19.7 122 0 6.2 5.3 2.5 2.5 2 0 1 5 5
-6104.4 3742.5 12.8 110 0 9.5 14.3 2.5 2.5 2 1 1 4 4
-6842.8 3261.7 -35.9 21 0 13.4 5.4 2.5 2.5 2 0 1 2 2
-6219.9 3688.6 9.1 285 0 6.2 3.9 2.5 2.5 2 0 1 5 5
-6212.9 3830.2 20.9 293 0 5.0 5.0 2.5 2.5 2 1 1 4 4
-6652.4 3403.3 -15.4 192 0 11.8 31.7 2.5 2.5 2 1 1 2 2
-5999.0 3927.5 15.4 98 0 5.4 8.8 2.5 2.5 4 1 1 5 5
-6244.4 3599.3 5.2 9 0 11.7 6.8 2.5 2.5 2 0 1 5 5
-6656.1 3694.1 8.7 75 0 9.2 20.8 2.5 2.5 2 1 1 4 4
-6286.6 3507.4 -0.7 233 0 10.2 9.2 2.5 2.5 2 0 1 5 5
-6584.2 3395.5 -14.1 10 0 3.4 3.1 2.5 2.5 2 0 1 1 1
-6551.5 3568.8 -5.9 269 0 5.4 4.2 2.5 2.5 2 0 1 1 1
-6743.1 3416.7 -18.5 20 0 14.1 8.9 2.5 2.5 4 0 1 1 1
-6143.2 3298.6 -8.6 323 0 7.5 13.1 5.0 0.0 0 1 2 4 4
-6596.4 3360.1 -15.0 98 0 5.4 21.2 7.5 0.0 0 1 3 5 5
-6741.7 3288.2 -29.9 201 0 3.9 4.2 2.5 2.5 2 1 1 2 2
-6850.3 3321.2 -28.9 201 0 4.1 6.0 2.5 2.5 2 1 1 5 5
-6657.6 3489.7 -11.7 86 0 18.3 14.0 2.5 2.5 2 0 1 2 2
-6261.8 3602.2 5.3 200 0 6.3 3.6 2.5 2.5 2 0 1 5 5
-5907.6 3768.6 9.9 315 0 18.5 11.4 2.5 2.5 2 0 1 1 1
-6197.4 3841.4 22.1 297 0 3.6 5.6 2.5 2.5 2 1 1 5 5
-5936.4 3746.8 9.6 227 0 18.5 12.3 5.0 2.5 4 0 2 5 5
-6328.2 3517.5 -1.9 61 0 6.4 3.9 2.5 2.5 2 0 1 1 1
-6328.1 3668.6 7.6 277 0 8.2 8.7 2.5 2.5 2 1 1 4 4
-5938.2 4288.8 26.1 132 0 11.4 10.3 2.5 2.5 2 0 1 4 4
-6873.0 3457.1 -22.3 273 0 9.1 9.2 2.5 2.5 2 1 1 5 5
-6331.0 3652.4 6.8 278 0 6.3 4.9 2.5 2.5 4 0 1 5 5
-5660.0 4243.5 -16.0 168 0 5.1 9.0 2.5 2.5 2 0 1 2 2
-6336.0 3916.7 23.9 297 0 5.0 4.1 2.5 2.5 2 0 1 5 5
-5999.9 3916.3 15.5 186 0 9.1 9.0 2.5 0.0 0 0 1 0 0
-6086.6 3347.2 -5.4 141 0 10.5 6.5 2.5 2.5 2 0 1 2 2
-6028.1 4007.5 14.9 324 0 3.5 3.6 2.5 2.5 2 1 1 4 4
-6306.8 3824.7 17.8 110 0 7.5 7.4 2.5 0.0 0 0 1 3 3
-5987.0 3910.3 15.5 96 0 9.0 9.1 2.5 2.5 2 0 1 4 4
-6422.6 3923.4 19.8 127 0 7.3 3.8 2.5 2.5 2 0 1 4 4
-6903.0 3309.2 -32.6 290 0 4.2 3.4 2.5 0.0 0 0 1 5 5
-6429.7 3853.2 15.2 114 0 8.2 9.3 2.5 2.5 2 1 1 5 5
-6757.8 3497.5 -10.9 90 0 5.7 5.9 2.5 2.5 2 1 1 3 3
-6931.7 3244.4 -36.2 112 0 15.1 5.5 2.5 2.5 2 0 1 5 5
-6812.9 3446.9 -20.9 276 0 17.3 4.6 2.5 2.5 4 0 1 5 5
-5907.1 3887.9 12.3 241 0 8.9 12.9 5.0 2.5 2 1 2 4 4
-6268.8 3706.6 10.3 79 0 8.0 4.6 2.5 2.5 2 0 1 2 2
-5854.7 3981.5 12.9 293 0 12.2 9.2 2.5 2.5 2 0 1 3 3
-6861.6 3308.7 -31.2 202 0 8.1 11.9 2.5 2.5 2 1 1 0 0
-6437.3 3875.5 15.8 292 0 6.3 4.3 5.0 2.5 2 0 2 4 4
-6171.1 3494.9 2.2 226 0 6.8 8.6 2.5 2.5 2 1 1 0 0
-6622.7 3353.3 -16.1 103 0 12.5 31.0 2.5 2.5 2 1 1 0 0
-6759.1 3294.0 -30.8 200 0 14.9 14.7 2.5 2.5 2 0 1 3 3
-6165.6 3559.2 5.4 139 0 6.3 6.2 2.5 2.5 2 0 1 1 1
-6637.0 3716.5 8.2 346 0 3.0 5.2 2.5 2.5 2 0 1 0 0
-6179.5 3480.1 2.1 324 0 12.0 27.3 7.5 2.5 2 1 3 5 5
-5931.4 3900.2 15.3 12 0 4.5 5.4 2.5 0.0 0 0 1 0 0
-6080.8 4011.4 15.6 143 0 3.5 3.4 2.5 2.5 2 0 1 1 1
-5869.6 3836.6 8.6 21 0 7.6 15.6 2.5 2.5 2 1 1 2 2
-6662.8 3449.5 -13.5 186 0 3.7 4.7 5.0 2.5 2 1 2 1 1
-5937.5 3547.1 -8.0 168 0 8.9 12.9 3.8 2.5 2 1 2 2 2
-6718.3 3424.3 -15.8 182 0 6.3 4.5 2.5 2.5 4 0 1 5 5
-6950.1 3274.8 -36.1 203 0 21.0 9.5 2.5 2.5 2 0 1 2 2
-6327.9 3274.8 -17.5 337 0 8.6 3.7 2.5 2.5 2 0 1 1 1
-6576.2 3570.1 -6.7 267 0 5.3 4.2 2.5 2.5 2 0 1 0 0
-5994.6 3632.8 2.8 128 0 9.8 15.3 5.0 2.5 2 1 2 5 5
-6274.6 3701.2 10.0 86 0 4.1 4.8 2.5 2.5 2 0 1 2 2
-6379.6 3444.1 -9.9 28 0 5.4 3.3 2.5 2.5 2 0 1 1 1
-6239.5 3250.4 -14.9 154 0 5.1 10.6 2.5 2.5 2 1 1 4 4
-6080.5 4068.8 21.3 232 0 12.9 4.7 2.5 2.5 2 0 1 0 0
-5888.7 3716.2 7.7 21 0 7.0 4.4 2.5 2.5 2 0 1 2 2
-6202.2 3767.1 16.3 107 0 4.2 8.3 2.5 2.5 2 1 1 3 3
-6380.0 3358.7 -16.6 113 0 8.3 13.0 2.5 2.5 2 1 1 0 0
-6187.6 3771.7 16.7 106 0 11.5 7.8 5.0 2.5 2 0 2 4 4
-6176.6 3547.3 5.2 140 0 9.8 9.3 5.0 2.5 4 0 2 5 5
-5905.0 4157.1 22.9 161 0 9.0 6.2 2.5 2.5 2 0 1 5 5
-5907.5 3910.8 14.1 225 0 3.9 4.3 2.5 2.5 2 1 1 4 4
-6559.1 3537.7 -8.1 88 0 4.3 3.4 2.5 2.5 2 0 1 1 1
-5967.6 3773.5 12.5 67 0 13.8 6.3 2.5 2.5 2 0 1 5 5
-6379.0 3328.5 -17.6 192 0 4.4 7.8 2.5 2.5 2 0 1 5 5
-6259.6 3785.8 16.5 109 0 10.2 8.3 5.0 2.5 2 0 2 4 4
-6252.1 3584.2 4.5 7 0 3.5 5.3 2.5 2.5 2 1 1 3 3
-6248.2 3694.0 9.6 68 0 13.1 8.8 2.5 2.5 2 0 1 1 1
-5953.4 3764.1 11.7 70 0 4.1 4.7 2.5 2.5 2 1 1 4 4
-6648.9 3341.8 -17.4 102 0 31.6 11.7 2.5 2.5 4 0 1 5 5
-6849.7 3335.2 -28.4 202 0 5.0 10.7 2.5 2.5 2 1 1 2 2
-6405.2 3358.2 -17.5 360 0 7.6 7.7 2.5 0.0 0 1 1 5 5
-6069.6 4067.3 21.6 323 0 3.7 3.6 2.5 2.5 2 0 1 5 5
-6220.9 3499.5 2.9 320 0 4.0 16.0 2.5 2.5 2 1 1 0 0
-6396.3 3236.2 -24.1 196 0 10.2 8.2 3.8 2.5 2 0 2 3 3
-6169.7 3523.4 3.8 315 0 7.7 7.7 2.5 2.5 2 0 1 3 3
-6242.4 3760.7 14.4 288 0 34.5 8.2 2.5 2.5 2 0 1 3 3
-6170.4 4035.3 20.0 313 0 3.8 4.5 2.5 2.5 2 1 1 5 5
-6195.1 3654.3 7.8 212 0 9.7 12.2 2.5 2.5 2 1 1 2 2
-6412.0 3402.7 -14.8 353 0 7.3 7.6 2.5 2.5 2 1 1 4 4
-6432.4 3372.4 -17.5 185 0 3.6 8.1 2.5 2.5 2 1 1 0 0
-5869.3 3860.2 9.4 298 0 3.4 4.9 7.5 2.5 2 1 3 0 0
-6202.6 3546.4 5.0 308 0 7.9 10.8 2.5 2.5 2 1 1 5 5
-6180.5 3779.0 17.4 106 0 4.1 3.5 2.5 2.5 2 0 1 2 2
-6022.0 3625.9 3.6 68 0 3.9 4.9 2.5 2.5 2 1 1 1 1
-6178.5 3510.3 3.9 44 0 3.6 6.6 2.5 2.5 2 1 1 4 4
-6179.9 3642.8 7.4 211 0 13.9 7.6 2.5 2.5 2 0 1 3 3
-6180.3 4072.0 18.6 321 0 17.2 8.1 5.0 2.5 2 0 2 1 1
-5940.9 3937.0 15.0 238 0 5.1 9.0 2.5 2.5 2 0 1 5 5
-6835.0 3337.8 -28.0 291 0 3.8 10.4 2.5 2.5 2 1 1 5 5
-6258.4 3801.4 17.4 109 0 5.3 8.6 5.0 2.5 2 0 2 5 5
-6260.4 3689.2 9.6 74 0 3.2 9.2 5.0 2.5 2 0 2 5 5
-6483.9 3451.5 -12.7 309 0 6.3 4.1 2.5 2.5 2 0 1 2 2
-6286.1 3523.0 1.3 61 0 5.7 13.2 2.5 2.5 2 0 1 4 4
-5931.7 3927.2 15.0 328 0 8.4 12.2 2.5 2.5 2 0 1 4 4
-6102.4 3719.4 10.3 285 0 15.8 10.7 2.5 2.5 2 0 1 5 5
-6295.1 3533.1 0.8 60 0 11.2 4.2 2.5 2.5 2 0 1 4 4
-5667.5 4245.1 -14.2 168 0 11.3 6.9 2.5 2.5 2 0 1 1 1
-5880.0 3973.1 14.0 255 0 7.9 13.6 2.5 2.5 2 0 1 5 5
-6164.2 3698.9 9.1 211 0 7.9 11.4 5.0 0.0 0 0 2 1 1
-6044.7 3729.3 10.8 66 0 5.2 15.3 2.5 2.5 2 0 1 2 2
-6576.9 3519.1 -9.7 173 0 11.0 4.8 2.5 0.0 0 0 1 3 3
-5955.5 4302.3 26.5 132 0 4.7 11.8 2.5 2.5 2 0 1 1 1
-6489.3 3455.9 -12.7 309 0 7.6 6.8 2.5 2.5 2 0 1 5 5
-6089.0 4005.9 15.3 143 0 4.6 9.9 2.5 2.5 2 0 1 0 0
-6707.5 3427.9 -15.6 279 0 8.0 9.8 2.5 2.5 4 0 1 1 1
-5647.2 4255.4 -18.6 257 0 12.1 11.4 2.5 2.5 2 0 1 1 1
-6141.1 4036.3 16.9 313 0 8.3 9.5 2.5 0.0 0 0 1 5 5
-6858.6 3298.6 -36.6 291 0 12.6 52.5 2.5 2.5 2 1 1 4 4
-6695.8 3421.2 -15.2 9 0 10.0 8.6 2.5 2.5 2 0 1 0 0
-6011.4 4378.7 29.7 139 0 7.5 8.0 2.5 2.5 2 0 1 3 3
-5951.9 4299.0 26.5 132 0 5.1 11.8 2.5 2.5 2 0 1 0 0
-6016.3 3771.1 13.3 71 0 11.7 5.1 2.5 2.5 2 0 1 3 3
-6402.5 3510.7 -5.3 259 0 4.0 3.8 2.5 2.5 2 0 1 2 2
-6135.7 3480.4 0.2 322 0 9.8 9.9 5.0 2.5 2 1 2 4 4
-6640.5 3539.5 -8.9 201 0 4.8 13.1 2.5 2.5 2 1 1 2 2
-5871.6 3859.5 9.7 28 0 6.3 16.3 2.5 0.0 0 1 1 1 1
-6349.1 3765.8 12.9 99 0 10.6 11.2 5.0 2.5 2 1 2 1 1
-6274.2 3505.7 0.5 233 0 3.4 5.5 2.5 2.5 2 0 1 4 4
-6635.2 3699.3 8.1 76 0 11.5 15.7 2.5 2.5 2 0 1 2 2
-6211.1 3557.8 4.5 306 0 3.3 3.1 2.5 2.5 2 0 1 0 0
-5936.7 3901.4 15.3 13 0 9.2 8.8 5.0 0.0 0 0 2 2 2
-6425.8 3362.8 -17.7 179 0 3.7 5.9 2.5 2.5 2 1 1 3 3
-6287.1 3797.0 16.4 113 0 8.7 7.8 2.5 2.5 2 0 1 5 5
-6194.6 4056.2 21.8 318 0 4.4 3.0 2.5 2.5 2 0 1 1 1
-6153.6 3463.2 0.2 322 0 10.4 9.8 5.0 2.5 2 0 2 0 0
-6733.6 3192.0 -34.1 293 0 14.1 13.1 2.5 2.5 2 0 1 1 1
-6351.4 3686.6 8.4 86 0 12.0 11.8 5.0 2.5 2 0 2 2 2
-6192.9 4062.3 21.1 322 0 11.0 5.3 5.0 0.0 0 0 2 4 4
-6364.0 3857.1 17.6 118 0 7.2 5.1 2.5 2.5 2 0 1 0 0
-6339.7 3625.2 5.4 99 0 4.0 7.6 2.5 2.5 2 0 1 5 5
-5981.5 3627.4 0.9 141 0 6.2 19.9 2.5 2.5 2 1 1 4 4
-6232.0 3776.8 16.8 108 0 10.3 9.4 5.0 2.5 4 0 2 5 5
-6411.8 3323.6 -18.6 17 0 8.4 7.6 2.5 2.5 2 0 1 2 2
-6383.4 3318.6 -18.1 192 0 11.7 10.1 5.0 2.5 2 0 2 3 3
-6814.4 3332.3 -30.9 289 0 26.9 34.5 2.5 0.0 0 1 1 4 4
-6115.7 3697.8 8.8 267 0 9.3 13.0 3.8 2.5 2 0 2 4 4
-6293.6 3564.1 2.3 322 0 7.8 12.5 6.2 2.5 4 1 2 2 2
-6275.8 3606.7 5.1 200 0 7.5 14.6 2.5 2.5 2 0 1 0 0
-6025.2 3768.0 13.3 71 0 7.2 5.1 2.5 2.5 2 0 1 5 5
-6376.5 3407.4 -12.7 34 0 5.8 6.8 2.5 2.5 2 0 1 2 2
-6271.2 3501.3 -0.4 323 0 3.9 11.0 2.5 2.5 2 0 1 4 4
-6312.3 3685.6 9.4 98 0 9.7 11.2 5.0 2.5 2 1 2 1 1
-6209.4 3553.4 4.6 304 0 3.7 9.2 2.5 2.5 2 0 1 1 1
-6216.0 3771.6 16.7 108 0 5.1 13.7 2.5 2.5 2 1 1 4 4
-6405.7 3503.6 -5.8 74 0 5.5 6.1 2.5 2.5 2 0 1 0 0
-6230.4 3700.1 9.8 75 0 9.8 11.8 2.5 2.5 4 0 1 4 4
-6699.8 3679.1 10.2 260 0 14.3 41.0 5.0 2.5 2 0 2 1 1
-6733.6 3430.3 -16.7 9 0 5.4 7.9 2.5 0.0 0 1 1 3 3
-6274.7 3640.6 6.8 190 0 10.4 8.9 5.0 2.5 2 0 2 4 4
-6230.1 3234.6 -15.0 154 0 16.7 9.0 5.0 2.5 2 0 2 4 4
-6544.7 3529.5 -8.3 188 0 6.0 13.7 2.5 2.5 2 1 1 3 3
-6652.0 3551.1 -6.7 201 0 11.0 11.7 5.0 2.5 2 0 2 0 0
-6047.2 3697.3 8.1 318 0 9.5 9.2 5.0 2.5 2 0 2 2 2
-6229.1 3624.5 6.9 18 0 8.1 13.9 2.5 2.5 2 1 1 1 1
-6633.6 3491.2 -11.4 86 0 11.4 10.3 2.5 0.0 0 0 1 1 1
-6400.5 3483.7 -7.3 80 0 13.6 10.2 5.0 0.0 0 0 2 5 5
-6410.7 3481.8 -7.9 80 0 12.6 11.3 2.5 2.5 2 0 1 2 2
-6403.1 3422.5 -12.4 154 0 4.0 13.1 3.8 2.5 2 1 2 2 2
-6680.5 3456.1 -14.2 279 0 19.6 22.4 5.0 2.5 2 1 2 2 2
-6342.5 3670.5 7.1 278 0 12.4 11.2 5.0 0.0 0 0 2 2 2
-6264.8 3687.9 9.6 74 0 15.2 9.1 5.0 2.5 2 0 2 1 1
-4726.1 -4204.2 -34.4 9 0 9.1 12.4 2.5 2.5 2 1 1 4 4
-4247.5 -3488.7 -32.4 320 0 10.4 5.2 5.0 2.5 2 0 2 4 4
-4544.6 -2669.5 -36.0 199 0 22.3 8.5 2.5 2.5 2 0 1 3 3
-4579.5 -2827.5 -35.6 183 0 7.0 15.3 5.0 2.5 4 1 2 4 4
-4282.6 -3509.6 -32.8 146 0 9.4 10.0 5.0 0.0 0 1 2 5 5
-4296.4 -3485.1 -32.9 228 0 7.1 3.6 5.0 2.5 2 0 2 0 0
-6924.3 -1764.9 -35.9 41 0 7.1 13.9 5.0 2.5 2 1 2 0 0
-4339.2 -4418.2 -34.0 225 0 12.0 11.3 3.8 2.5 2 0 2 5 5
-4202.5 -4970.8 -30.2 63 0 11.7 9.0 3.8 2.5 2 0 2 2 2
-6277.5 3553.4 2.8 188 0 5.8 8.9 5.0 2.5 2 0 2 3 3
-6080.7 3468.5 -0.7 256 0 4.0 4.5 2.5 2.5 2 1 1 1 1
-6340.2 3329.9 -16.8 274 0 4.4 8.5 2.5 2.5 2 1 1 5 5
-6368.1 3352.8 -16.7 271 0 4.1 4.6 2.5 2.5 2 0 1 4 4
-6345.0 3344.2 -16.6 275 0 4.3 8.8 2.5 2.5 2 1 1 4 4
-4950.3 -7541.3 -27.4 128 0 17.0 45.2 10.0 2.5 2 1 4 1 1
-4944.6 -7445.3 -29.1 222 0 34.5 15.4 10.0 2.5 2 0 4 0 0
-4887.8 -7467.1 -29.5 139 0 15.7 17.1 7.5 2.5 2 1 3 5 5
-4941.5 -7328.3 -29.4 223 0 49.4 12.0 7.5 0.0 0 0 3 2 2
-4847.8 -7267.2 -27.6 309 0 14.2 24.1 7.5 2.5 2 1 3 3 3
-4836.4 -7345.0 -28.3 135 0 20.7 13.0 7.5 2.5 2 0 3 0 0
-4780.8 -7421.3 -29.1 351 0 9.1 10.7 5.0 2.5 2 1 2 3 3
-4816.5 -7470.7 -29.9 138 0 12.4 17.7 5.0 2.5 2 1 2 2 2
-4962.8 -7434.4 -29.0 40 0 21.0 14.6 7.5 2.5 2 0 3 4 4
-4758.5 -7287.9 -26.8 155 0 14.2 18.1 12.5 2.5 2 1 5 5 5
-4667.3 -7434.3 -28.2 162 0 10.2 29.7 12.5 2.5 2 1 5 2 2
-5174.5 -7570.5 -26.1 330 0 16.4 19.0 10.0 2.5 2 1 4 0 0
-5173.3 -6428.0 -34.0 311 0 7.0 3.5 5.0 2.5 2 0 2 4 4
-5494.1 -5758.5 -35.5 359 0 10.3 9.9 5.0 2.5 4 0 2 2 2
-6443.6 3936.1 18.8 231 0 10.4 16.4 5.0 2.5 2 1 2 4 4
-6369.7 3884.7 19.8 120 0 11.0 14.2 7.5 2.5 2 1 3 4 4
-6474.3 -4677.5 -38.0 238 0 8.2 11.7 7.5 2.5 2 1 3 3 3
-6029.5 3457.7 -1.0 326 0 12.2 8.1 7.5 2.5 2 0 3 3 3
-6036.9 3558.3 0.9 329 0 14.1 14.2 5.0 2.5 2 1 2 0 0
-6125.7 3562.4 4.2 57 0 14.1 7.8 7.5 2.5 2 0 3 2 2
-6136.5 3681.1 8.1 236 0 6.1 5.9 2.5 2.5 2 0 1 5 5
-6148.2 3667.7 7.9 206 0 6.9 6.2 5.0 2.5 2 0 2 1 1
-6077.4 3752.5 13.1 70 0 5.5 5.0 5.0 2.5 2 0 2 2 2
-4590.2 -4825.9 -33.4 52 0 12.3 7.2 7.5 2.5 2 0 3 4 4
-4601.2 -4834.0 -33.6 52 0 12.3 7.2 5.0 2.5 4 0 2 0 0
-6697.5 -5367.2 -39.8 323 0 5.1 4.4 5.0 2.5 2 0 2 0 0
-5850.7 3712.5 4.7 122 0 8.7 10.1 5.0 2.5 2 0 2 1 1
-5853.1 3720.2 5.7 122 0 3.5 4.8 7.5 2.5 2 0 3 4 4
-4395.2 -4800.8 -31.0 222 0 10.2 10.0 5.0 2.5 2 0 2 4 4
-4545.5 -3798.5 -35.5 130 0 12.9 4.0 5.0 2.5 2 0 2 0 0
-4411.4 -3593.2 -34.4 254 0 6.6 18.9 7.5 0.0 0 1 3 5 5
