69.0 -5724.8 26.5 2 0 25.3 14.7 12.5 2.5 2 0 5 3 3
-277.4 -5531.7 24.4 86 0 14.7 59.1 7.5 2.5 2 1 3 2 2
-2380.5 -7916.6 17.3 8 0 12.5 20.6 5.0 2.5 2 1 2 0 0
-2390.8 -8210.1 13.6 180 0 58.0 21.5 10.0 2.5 2 0 4 5 5
-2789.3 -8060.6 12.3 265 0 12.4 40.6 10.0 2.5 2 1 4 4 4
-3012.0 -8065.9 7.9 81 0 19.4 9.6 5.0 2.5 2 0 2 3 3
1871.1 -6203.4 13.1 113 0 14.6 11.6 5.0 2.5 4 0 2 3 3
1909.0 -6294.8 11.7 276 0 15.5 14.0 7.5 0.0 0 0 3 2 2
2065.6 -6292.4 13.0 124 0 6.9 28.7 7.5 2.5 2 0 3 4 4
1592.6 -6142.9 14.2 96 0 7.0 28.1 5.0 2.5 4 1 2 0 0
1780.8 -6244.0 12.2 102 0 10.8 20.4 7.5 2.5 2 1 3 5 5
1867.7 -6220.7 12.7 289 0 9.7 13.2 2.5 2.5 2 1 1 1 1
2130.5 -6352.7 12.8 117 0 12.8 11.2 7.5 2.5 4 0 3 0 0
1760.9 -6301.7 11.3 214 0 17.7 22.7 10.0 2.5 2 1 4 2 2
2011.1 -6320.0 11.8 283 0 9.0 25.3 5.0 2.5 2 1 2 3 3
1941.5 -6285.8 12.1 101 0 7.4 14.0 7.5 2.5 4 1 3 4 4
1766.5 -6181.1 13.0 97 0 13.0 15.7 2.5 2.5 2 1 1 3 3
2085.2 -6347.8 12.5 302 0 16.1 7.3 7.5 2.5 4 0 3 2 2
2177.3 -6407.5 13.0 30 0 10.4 17.5 7.5 2.5 2 1 3 0 0
1571.0 -6213.6 12.8 199 0 14.5 32.0 10.0 2.5 2 1 4 3 3
1710.1 -6171.4 12.9 100 0 14.9 7.7 7.5 0.0 0 0 3 1 1
1673.0 -6198.4 12.3 302 0 16.3 10.4 5.0 2.5 2 0 2 2 2
1821.5 -6187.9 13.1 102 0 17.4 11.5 2.5 2.5 2 0 1 0 0
2059.7 -6232.7 13.1 298 0 37.6 13.6 10.0 2.5 2 0 4 4 4
1502.8 -6184.5 14.6 108 0 21.3 15.2 15.0 0.0 0 0 6 0 0
2053.6 -6321.9 12.4 292 0 20.1 13.6 5.0 0.0 0 0 2 5 5
1821.5 -6149.9 12.8 107 0 29.7 13.5 10.0 2.5 2 0 4 1 1
1760.2 -6233.6 12.3 99 0 6.8 30.5 5.0 0.0 0 0 2 5 5
1952.2 -6286.7 12.1 100 0 9.3 13.3 7.5 2.5 4 1 3 3 3
1924.6 -6314.4 11.2 276 0 6.5 17.6 7.5 2.5 2 1 3 0 0
1926.2 -6295.9 11.6 276 0 6.4 15.8 5.0 2.5 2 1 2 1 1
1793.5 -6183.7 12.9 96 0 13.5 37.8 5.0 2.5 2 1 2 1 1
1566.3 -6159.5 14.2 285 0 8.8 15.4 5.0 2.5 2 1 2 1 1
1433.0 -6136.8 16.1 105 0 11.7 5.9 7.5 2.5 4 0 3 2 2
1405.6 -6143.0 16.3 98 0 15.0 9.1 2.5 2.5 2 0 1 2 2
2158.5 -6342.0 13.1 31 0 9.6 24.9 7.5 2.5 2 1 3 0 0
1572.3 -6145.5 14.5 101 0 18.6 10.2 7.5 0.0 0 0 3 5 5
2059.6 -6342.4 12.1 287 0 9.2 25.8 7.5 2.5 2 1 3 5 5
2082.1 -6260.8 13.3 210 0 13.9 38.9 7.5 2.5 2 0 3 0 0
1621.6 -6174.9 13.0 286 0 9.8 38.2 7.5 2.5 2 1 3 0 0
1737.9 -6226.8 12.3 121 0 17.1 10.4 7.5 2.5 4 0 3 3 3
1984.5 -6304.4 11.5 285 0 7.9 35.3 7.5 0.0 0 1 3 3 3
1691.9 -6185.2 12.5 289 0 11.8 10.2 5.0 2.5 2 0 2 0 0
2096.0 -6330.9 13.0 124 0 16.3 9.6 5.0 2.5 2 0 2 4 4
1954.8 -6258.7 12.4 313 0 19.8 7.6 5.0 2.5 2 0 2 5 5
1955.9 -6297.0 11.7 278 0 20.4 12.4 7.5 0.0 0 0 3 2 2
1614.4 -6117.5 13.7 95 0 19.8 13.5 10.0 2.5 2 0 4 2 2
1840.8 -6194.9 13.1 108 0 18.4 12.9 7.5 2.5 2 0 3 1 1
1514.0 -6127.1 15.3 105 0 8.4 26.3 7.5 0.0 0 1 3 0 0
1667.2 -6162.9 13.2 102 0 19.0 13.3 10.0 2.5 2 0 4 3 3
1811.3 -6266.2 12.1 287 0 17.9 12.7 7.5 2.5 2 0 3 1 1
2032.0 -6314.1 11.9 288 0 9.0 44.0 7.5 2.5 2 1 3 2 2
1997.5 -6357.7 11.6 106 0 11.3 12.7 5.0 2.5 2 1 2 0 0
1539.0 -6098.1 14.8 97 0 25.2 13.5 10.0 2.5 2 0 4 2 2
1555.3 -6139.6 14.7 101 0 8.5 34.8 7.5 0.0 0 1 3 4 4
1391.6 -6121.8 16.7 202 0 21.1 6.8 5.0 2.5 2 0 2 1 1
1754.9 -6187.5 12.7 279 0 31.8 14.1 5.0 2.5 2 0 2 0 0
1453.0 -6116.7 16.1 288 0 7.1 13.2 7.5 2.5 4 1 3 4 4
1923.1 -6332.1 11.0 280 0 7.0 14.8 7.5 2.5 2 1 3 4 4
1969.9 -6252.7 12.7 116 0 8.3 32.3 7.5 2.5 4 1 3 3 3
1770.4 -6281.0 11.8 215 0 16.9 11.0 2.5 2.5 2 0 1 0 0
2062.6 -6308.7 12.8 124 0 17.5 9.7 7.5 2.5 2 0 3 5 5
2017.5 -6281.0 12.5 121 0 14.1 7.0 2.5 2.5 4 0 1 3 3
1585.1 -6165.1 13.7 285 0 7.4 38.2 7.5 2.5 2 1 3 4 4
2140.9 -6358.9 12.9 124 0 11.2 10.0 7.5 2.5 2 0 3 0 0
1535.4 -6134.7 15.0 107 0 17.5 11.4 7.5 2.5 2 0 3 0 0
2081.9 -6320.2 13.0 126 0 8.0 42.5 7.5 2.5 2 1 3 0 0
1873.3 -6187.5 13.3 110 0 6.6 16.2 5.0 2.5 2 1 2 0 0
1791.4 -6260.1 12.0 305 0 11.0 20.7 10.5 2.5 2 0 3 3 3
1901.0 -6268.1 12.4 81 0 9.1 25.4 7.5 2.5 4 1 3 2 2
1888.3 -6212.5 13.0 116 0 6.3 26.0 5.0 2.5 2 1 2 5 5
1924.1 -6282.1 12.2 100 0 10.8 18.6 5.0 2.5 2 1 2 0 0
2029.0 -6290.8 12.5 120 0 8.7 15.9 7.5 2.5 2 1 3 1 1
-6413.0 5851.9 3.9 304 0 18.9 84.1 2.5 2.5 2 1 1 0 0
-6470.2 5839.4 3.9 214 0 84.1 18.9 2.5 2.5 2 0 1 3 3
-6315.5 5936.8 5.0 123 0 22.3 75.8 2.5 0.0 0 1 1 0 0
-6387.8 5862.6 4.5 123 0 16.2 60.0 2.5 2.5 2 1 1 2 2
-6460.1 8344.1 -28.7 151 0 17.5 18.1 10.0 2.5 4 1 4 4 4
850.7 2474.3 -19.7 336 0 33.5 11.9 7.5 2.5 2 0 3 5 5
826.9 2471.5 -21.5 335 0 17.0 30.8 12.5 2.5 2 1 5 3 3
-5817.1 5760.6 11.4 122 0 19.4 11.5 7.5 2.5 2 0 3 0 0
-5841.7 5772.3 10.5 123 0 22.2 11.3 12.5 2.5 2 0 5 0 0
-5937.7 6043.3 3.7 214 0 13.5 38.0 2.5 2.5 2 1 1 5 5
-5829.4 5791.2 10.7 303 0 22.3 11.3 7.5 0.0 0 0 3 0 0
-5936.0 5985.5 5.0 126 0 9.3 36.3 2.5 2.5 2 1 1 4 4
-5899.1 5811.7 8.7 122 0 11.3 58.1 12.5 2.5 2 1 5 0 0
-6135.6 6009.7 5.6 31 0 10.8 16.6 10.0 2.5 2 1 4 2 2
-6126.0 5978.2 5.4 213 0 16.7 7.6 7.5 2.5 2 0 3 3 3
-5816.7 5893.2 10.0 127 0 17.8 10.4 2.5 2.5 2 0 1 3 3
-5798.9 5923.6 8.3 215 0 11.8 23.0 2.5 2.5 2 1 1 0 0
-5782.9 5867.0 11.1 129 0 16.7 10.0 7.5 2.5 2 0 3 4 4
-5758.1 5878.7 10.1 125 0 21.6 12.0 2.5 2.5 2 0 1 3 3
-6102.6 6020.4 5.7 208 0 7.3 25.3 7.5 2.5 2 1 3 1 1
-6124.2 6002.4 5.5 212 0 11.3 15.4 7.5 2.5 4 1 3 4 4
-5744.2 5837.2 12.1 125 0 22.4 11.9 15.0 0.0 0 0 6 5 5
-1830.8 1848.6 18.5 244 0 13.3 62.3 2.5 2.5 2 1 1 4 4
-1968.3 1532.4 13.8 172 0 17.7 65.4 2.5 2.5 2 1 1 0 0
-1883.6 2092.2 16.8 302 0 12.2 48.5 2.5 2.5 2 1 1 3 3
-1880.9 1824.3 18.5 337 0 50.5 13.1 2.5 2.5 2 0 1 3 3
-1912.6 2037.8 17.8 212 0 10.1 15.0 2.5 2.5 2 1 1 3 3
-1822.3 1488.4 13.5 352 0 65.9 16.0 2.5 2.5 2 0 1 3 3
-1850.4 1450.6 13.5 81 0 14.8 66.2 2.5 2.5 2 1 1 4 4
-1869.2 2056.2 17.1 301 0 33.7 16.4 2.5 2.5 2 0 1 4 4
-1875.8 1446.2 13.3 82 0 16.2 66.6 2.5 2.5 2 1 1 0 0
-1977.2 1689.4 15.7 172 0 48.6 12.1 2.5 2.5 2 0 1 2 2
-1872.8 2083.3 16.9 213 0 16.0 23.9 2.5 2.5 2 1 1 5 5
-1871.5 1734.3 16.4 352 0 57.6 19.2 2.5 2.5 2 0 1 5 5
-1963.5 1638.6 15.2 171 0 20.1 44.7 2.5 2.5 2 1 1 0 0
-1821.3 1721.2 16.4 176 0 41.9 19.4 2.5 2.5 2 0 1 3 3
-1901.6 1442.9 12.8 82 0 16.9 66.2 2.5 2.5 2 1 1 4 4
-1927.6 1437.1 12.3 81 0 16.4 68.3 2.5 2.5 2 1 1 2 2
-1981.3 1608.3 14.8 171 0 16.8 67.0 2.5 2.5 2 1 1 4 4
-1795.6 1982.7 20.0 167 0 68.9 13.4 2.5 2.5 2 0 1 1 1
-1850.6 1790.2 18.0 156 0 36.0 11.2 2.5 2.5 2 0 1 0 0
-1976.4 1581.9 14.5 172 0 17.1 66.4 2.5 2.5 2 1 1 0 0
-1826.9 1766.3 17.6 156 0 18.6 24.7 2.5 2.5 2 1 1 0 0
-1972.8 1558.3 14.2 172 0 16.7 66.2 2.5 2.5 2 1 1 4 4
-1939.7 1792.7 17.5 262 0 45.9 23.4 5.0 0.0 0 0 2 5 5
806.5 2408.4 -22.4 246 0 31.2 11.5 12.5 2.5 2 0 5 0 0
1081.2 1886.9 -18.2 205 0 9.3 51.0 7.5 2.5 2 1 3 4 4
1070.8 1842.0 -18.9 205 0 9.7 51.6 7.5 2.5 2 1 3 1 1
848.9 2062.1 -22.0 25 0 50.4 11.2 7.5 2.5 2 0 3 4 4
1132.4 1761.0 -18.6 112 0 18.9 10.3 5.0 2.5 2 0 2 1 1
818.0 1914.0 -19.5 202 0 16.9 77.7 10.0 2.5 2 1 4 5 5
1081.6 1782.3 -19.3 115 0 50.5 9.6 7.5 2.5 2 0 3 4 4
798.8 1521.5 -21.5 170 0 9.5 21.6 5.0 2.5 2 1 2 2 2
891.7 1507.3 -23.0 352 0 14.0 60.7 10.0 2.5 2 1 4 2 2
831.9 2258.3 -21.1 335 0 11.3 37.3 7.5 2.5 2 1 3 3 3
802.7 1477.5 -21.1 173 0 45.5 15.8 10.0 2.5 2 0 4 3 3
1117.7 1925.0 -17.4 295 0 51.3 9.3 7.5 0.0 0 0 3 5 5
835.4 2039.0 -21.4 295 0 17.2 91.9 5.0 2.5 2 1 2 4 4
863.3 1419.5 -22.5 82 0 75.9 22.6 12.5 0.0 0 0 5 3 3
729.7 1917.5 -20.1 190 0 84.7 21.1 12.5 0.0 0 0 5 1 1
3818.3 -6298.3 9.8 93 0 43.0 13.9 7.5 2.5 2 0 3 1 1
3903.1 -6077.4 6.5 212 0 17.8 13.6 5.0 0.0 0 0 2 1 1
3805.1 -6189.2 8.2 104 0 10.7 15.5 5.0 2.5 2 1 2 0 0
3912.5 -6142.6 7.1 22 0 16.5 14.1 10.0 2.5 2 0 4 0 0
3852.3 -6132.5 7.5 266 0 12.5 29.5 10.0 2.5 2 1 4 1 1
3887.0 -6112.8 7.0 209 0 10.6 16.0 2.5 2.5 2 1 1 2 2
3817.9 -6076.3 6.4 109 0 16.5 12.2 5.0 2.5 2 0 2 4 4
3732.7 -6044.5 5.8 287 0 15.3 14.4 5.0 2.5 2 0 2 3 3
3896.6 -6241.9 8.7 285 0 15.4 38.3 7.5 2.5 2 1 3 4 4
3784.9 -6168.7 8.1 185 0 9.9 11.7 5.0 2.5 2 1 2 5 5
3866.2 -6250.1 9.1 284 0 34.4 23.8 7.5 2.5 2 0 3 2 2
3796.5 -6239.6 9.2 285 0 19.5 16.9 7.5 2.5 2 0 3 2 2
3365.8 -6295.0 12.5 176 0 13.8 9.2 7.5 2.5 2 0 3 4 4
3532.5 -6271.6 12.5 254 0 27.9 11.6 7.5 0.0 0 0 3 4 4
3445.2 -6170.3 10.7 265 0 11.5 18.8 10.0 2.5 2 1 4 1 1
3390.7 -6218.3 11.7 87 0 9.0 14.3 5.0 2.5 2 1 2 1 1
3382.4 -6350.9 13.3 89 0 7.3 12.1 7.5 2.5 2 1 3 3 3
3451.0 -6213.0 11.2 86 0 9.2 17.7 5.0 2.5 4 1 2 2 2
3405.1 -6351.3 13.4 359 0 13.1 13.3 2.5 2.5 2 1 1 4 4
3672.3 -5983.0 2.8 202 0 47.2 16.2 10.0 2.5 2 0 4 2 2
4110.1 -5569.8 -2.3 259 0 13.9 9.5 5.0 2.5 2 0 2 2 2
4136.6 -5597.4 -2.2 76 0 12.9 10.2 10.0 2.5 2 0 4 2 2
4218.3 -5618.9 -2.5 258 0 16.7 8.2 5.0 2.5 2 0 2 0 0
4212.9 -5664.8 -2.0 76 0 11.3 14.4 10.0 0.0 0 0 4 4 4
4134.9 -5637.6 -1.1 258 0 9.1 18.3 7.5 2.5 2 1 3 4 4
3966.1 -5605.1 -0.7 180 0 20.2 10.8 2.5 2.5 2 0 1 5 5
4167.5 -5634.1 -1.4 259 0 8.0 16.9 7.5 2.5 2 1 3 5 5
4228.2 -5654.9 -2.4 77 0 5.6 10.5 7.5 2.5 2 1 3 1 1
3973.6 -5620.4 -0.4 181 0 9.7 26.9 7.5 2.5 2 1 3 0 0
4237.5 -5624.8 -2.8 257 0 10.9 19.9 10.0 2.5 2 1 4 1 1
4157.9 -5671.5 -1.0 78 0 20.2 11.1 2.5 2.5 4 0 1 4 4
4246.9 -5676.2 -2.7 79 0 24.1 14.3 7.5 2.5 2 0 3 4 4
4110.1 -5603.0 -2.2 78 0 27.2 22.7 7.5 0.0 0 0 3 0 0
3991.0 -5575.9 -1.2 270 0 20.8 14.0 10.0 2.5 2 0 4 3 3
4047.5 -5684.2 0.6 193 0 7.5 24.6 7.5 2.5 2 1 3 2 2
4076.6 -5576.6 -2.1 169 0 22.3 8.3 5.0 2.5 2 0 2 1 1
3990.4 -5978.4 4.5 198 0 9.3 20.9 7.5 2.5 2 0 3 1 1
3920.0 -6110.1 6.6 28 0 19.2 6.7 7.5 2.5 2 0 3 5 5
3447.0 -6262.6 12.2 264 0 9.0 12.9 5.0 2.5 2 0 2 1 1
3422.4 -6283.8 12.4 174 0 10.8 10.8 5.0 2.5 2 1 2 0 0
3624.2 -6168.5 8.8 78 0 8.2 15.3 2.5 2.5 2 1 1 2 2
3925.3 -6060.9 6.2 211 0 6.8 12.3 5.0 2.5 2 1 2 1 1
3344.8 -6539.0 15.4 191 0 26.7 8.3 5.0 2.5 2 0 2 5 5
3946.4 -5966.7 3.9 12 0 13.1 27.0 10.0 0.0 0 1 4 3 3
3914.5 -6059.6 6.0 216 0 13.0 7.9 7.5 2.5 2 0 3 5 5
3399.7 -6552.7 15.8 193 0 20.6 21.2 7.5 2.5 2 0 3 5 5
3981.3 -5976.8 4.4 198 0 15.5 9.1 5.0 2.5 2 0 2 3 3
4017.6 -6020.7 5.1 105 0 12.4 9.2 5.0 2.5 2 0 2 4 4
3489.9 -6207.7 10.7 73 0 9.0 18.3 5.0 2.5 2 1 2 5 5
3957.5 -5865.2 3.1 21 0 11.8 11.7 5.0 2.5 2 0 2 2 2
3975.4 -5807.0 2.6 17 0 11.0 30.8 10.0 2.5 2 1 4 4 4
3425.1 -6314.5 12.8 178 0 17.6 15.5 10.0 2.5 2 0 4 4 4
3433.5 -6497.8 15.7 197 0 10.2 13.5 10.0 2.5 2 1 4 2 2
3370.5 -6566.0 15.7 9 0 11.2 6.7 5.0 2.5 2 0 2 4 4
3367.6 -6524.7 15.5 280 0 14.3 13.8 2.5 2.5 2 0 1 2 2
3840.2 -6114.7 7.2 177 0 10.6 19.9 7.5 2.5 2 1 3 3 3
3979.3 -6004.8 4.6 108 0 8.3 12.4 5.0 2.5 2 1 2 2 2
3439.7 -6438.3 14.6 197 0 10.3 19.9 5.0 2.5 2 1 2 1 1
4048.5 -6037.6 5.5 109 0 10.3 11.3 2.5 2.5 2 1 1 0 0
3403.1 -6538.6 15.8 195 0 8.4 21.2 7.5 0.0 0 0 3 3 3
3957.9 -5892.8 3.3 9 0 7.5 21.9 5.0 2.5 2 1 2 0 0
3954.6 -5911.5 3.5 9 0 9.1 18.5 2.5 2.5 4 1 1 3 3
3964.3 -6059.0 6.1 283 0 19.1 10.9 7.5 2.5 2 0 3 1 1
3945.4 -6074.2 6.4 118 0 4.7 7.1 5.0 2.5 2 1 2 0 0
3942.6 -6083.9 6.4 24 0 14.6 18.3 7.5 2.5 4 1 3 5 5
3549.2 -6157.4 9.2 169 0 20.4 19.8 7.5 2.5 4 0 3 1 1
3991.6 -5766.7 2.4 10 0 14.6 9.2 7.5 2.5 2 0 3 5 5
3892.2 -6031.8 4.6 35 0 21.3 11.7 7.5 2.5 2 0 3 1 1
3479.2 -6428.3 14.3 15 0 16.8 13.5 5.0 2.5 2 0 2 3 3
3633.6 -6224.2 10.1 256 0 7.6 15.7 5.0 2.5 2 1 2 4 4
3656.8 -6210.3 9.6 256 0 12.0 29.3 10.0 0.0 0 1 4 1 1
3701.5 -6229.8 9.4 170 0 15.3 9.0 5.0 2.5 2 0 2 1 1
3458.0 -6327.2 13.0 84 0 10.5 8.1 7.5 0.0 0 0 3 3 3
3576.3 -6187.1 9.6 79 0 8.0 16.9 5.0 2.5 2 1 2 5 5
3463.0 -6472.5 15.2 1 0 4.6 9.6 5.0 2.5 2 1 2 2 2
3598.6 -6267.3 11.4 258 0 8.3 9.8 5.0 2.5 2 1 2 5 5
3392.0 -6278.6 12.3 357 0 10.9 9.7 5.0 2.5 2 0 2 3 3
3466.0 -6316.0 12.9 82 0 8.8 5.5 7.5 2.5 4 0 3 1 1
3453.1 -6306.6 12.8 174 0 11.8 7.4 5.0 2.5 2 0 2 3 3
3511.4 -6180.6 10.3 256 0 6.5 15.1 7.5 2.5 2 1 3 1 1
3458.6 -6334.1 13.2 85 0 10.5 7.0 5.0 2.5 4 0 2 0 0
3541.9 -6165.2 9.8 255 0 8.5 24.7 5.0 2.5 4 0 2 2 2
3444.2 -6279.8 12.4 175 0 8.0 9.0 2.5 2.5 2 0 1 0 0
3488.7 -6313.0 12.9 85 0 7.6 4.6 5.0 2.5 2 0 2 0 0
3552.4 -6196.1 10.1 75 0 13.5 7.8 5.0 2.5 2 0 2 2 2
3429.9 -6358.6 13.5 175 0 8.2 9.5 7.5 2.5 2 1 3 0 0
3634.5 -6176.5 9.0 78 0 12.7 8.8 5.0 2.5 2 0 2 4 4
3544.0 -6247.3 11.7 258 0 8.9 13.9 7.5 2.5 2 1 3 0 0
3423.4 -6221.9 11.2 88 0 8.9 23.3 2.5 2.5 2 1 1 1 1
3917.5 -5935.2 3.7 10 0 12.5 8.7 5.0 2.5 2 0 2 2 2
3981.0 -5751.5 2.3 8 0 6.1 11.3 7.5 2.5 2 1 3 3 3
4042.5 -6010.2 5.2 16 0 6.6 9.2 5.0 2.5 2 1 2 1 1
3976.7 -6038.3 5.4 275 0 20.8 13.5 7.5 2.5 2 0 3 5 5
3919.7 -6026.4 4.5 33 0 16.4 11.4 7.5 2.5 4 0 3 4 4
4031.9 -5719.7 1.5 187 0 9.4 12.6 5.0 2.5 4 1 2 2 2
3725.3 -6157.3 7.8 90 0 8.4 13.5 2.5 2.5 2 1 1 0 0
3696.6 -6156.3 8.0 78 0 9.0 14.7 7.5 2.5 2 1 3 0 0
3959.8 -5837.4 2.9 18 0 6.1 14.8 7.5 2.5 2 0 3 1 1
4038.9 -5741.9 1.8 186 0 17.1 6.7 7.5 2.5 2 0 3 1 1
4031.1 -5835.7 3.0 23 0 8.8 5.8 5.0 2.5 2 0 2 2 2
3936.5 -5935.8 3.7 12 0 5.0 11.1 7.5 2.5 2 1 3 1 1
4017.5 -5749.0 2.1 189 0 19.6 11.0 5.0 2.5 4 0 2 1 1
3986.3 -5937.7 4.0 201 0 11.6 6.6 5.0 2.5 2 0 2 2 2
3919.1 -5925.3 3.6 8 0 7.7 19.3 7.5 2.5 2 0 3 5 5
3961.2 -5831.6 2.9 18 0 5.9 14.4 7.5 2.5 4 0 3 1 1
3990.6 -5699.5 1.6 12 0 7.2 4.5 2.5 2.5 4 0 1 2 2
3991.7 -5687.1 1.2 14 0 12.4 20.4 10.0 2.5 2 0 4 4 4
3963.6 -5670.9 0.9 195 0 21.1 10.9 5.0 2.5 2 0 2 1 1
3981.7 -5825.4 2.8 20 0 11.4 10.6 7.5 2.5 2 0 3 1 1
3972.6 -5853.9 3.1 18 0 12.6 14.2 10.0 2.5 2 1 4 1 1
3923.6 -5999.7 4.1 35 0 7.9 17.9 7.5 2.5 2 1 3 0 0
3904.6 -6010.4 4.2 35 0 12.8 10.5 5.0 2.5 2 0 2 1 1
3975.9 -5765.6 2.4 6 0 9.7 18.5 7.5 2.5 2 1 3 2 2
3950.4 -5818.2 2.8 18 0 19.1 8.9 5.0 2.5 2 0 2 0 0
3945.7 -5832.9 2.9 18 0 19.1 8.9 7.5 2.5 2 0 3 0 0
4132.0 -5561.2 -2.6 258 0 9.2 7.4 5.0 2.5 2 0 2 5 5
3691.5 -6141.6 7.9 82 0 6.6 7.7 2.5 2.5 2 1 1 1 1
4146.2 -5547.9 -2.9 258 0 7.1 17.0 5.0 2.5 2 1 2 3 3
4266.8 -5671.5 -2.9 78 0 5.5 13.4 2.5 2.5 2 1 1 5 5
4037.2 -5755.7 2.2 188 0 10.5 6.2 5.0 2.5 2 0 2 0 0
3926.6 -6015.7 4.3 32 0 8.9 15.9 5.0 2.5 2 0 2 2 2
3945.1 -5859.6 3.1 19 0 5.2 8.5 5.0 2.5 2 1 2 1 1
3440.6 -6315.3 12.9 178 0 7.1 6.7 5.0 2.5 2 0 2 2 2
4005.1 -5600.3 -0.9 360 0 7.1 5.6 2.5 2.5 2 0 1 3 3
3838.7 -6213.8 8.6 104 0 7.1 15.6 7.5 2.5 2 1 3 1 1
4067.1 -5590.3 -1.6 262 0 5.0 5.4 5.0 2.5 2 1 2 2 2
3450.7 -6334.8 13.2 86 0 5.3 5.5 5.0 2.5 2 0 2 2 2
3484.1 -6325.9 13.0 86 0 5.2 7.4 7.5 2.5 2 1 3 5 5
3881.2 -6199.7 8.2 13 0 15.1 14.0 2.5 2.5 2 0 1 1 1
3511.2 -6249.1 12.3 256 0 7.8 6.6 7.5 2.5 2 0 3 4 4
3430.8 -6477.4 15.3 90 0 7.3 6.7 5.0 2.5 2 0 2 4 4
3687.8 -6280.9 10.6 356 0 4.1 10.3 7.5 2.5 2 1 3 3 3
3718.7 -6137.4 7.6 79 0 10.9 6.0 7.5 0.0 0 0 3 5 5
3917.6 -6266.6 8.9 294 0 6.3 7.4 2.5 2.5 2 1 1 0 0
3685.6 -6048.8 6.1 287 0 7.8 8.5 7.5 2.5 2 1 3 0 0
3700.0 -6008.5 3.0 113 0 8.0 42.2 7.5 2.5 2 1 3 1 1
4973.1 -5473.9 -17.4 349 0 13.9 23.9 7.5 2.5 2 1 3 1 1
4864.2 -5457.3 -15.7 258 0 20.0 11.8 5.0 2.5 2 0 2 1 1
4920.3 -5448.3 -16.8 254 0 13.4 22.7 7.5 2.5 4 0 3 1 1
4888.8 -5454.0 -16.1 261 0 10.0 18.0 2.5 0.0 0 0 1 4 4
4905.1 -5451.9 -16.5 259 0 17.3 22.7 10.0 2.5 4 0 4 3 3
4928.1 -5469.6 -16.7 255 0 7.3 15.9 2.5 2.5 2 0 1 5 5
-3000.1 -7095.6 18.0 153 0 9.3 38.0 7.5 2.5 2 1 3 2 2
-2745.8 -6927.1 20.5 60 0 19.9 15.9 10.0 2.5 2 0 4 2 2
-4650.9 5524.5 17.6 0 0 30.7 14.2 2.5 0.0 0 0 1 4 4
4937.1 -7627.2 19.1 351 0 4.2 3.5 5.0 2.5 4 0 2 3 3
4710.9 -7881.9 19.8 140 0 12.2 11.9 10.0 2.5 2 0 4 5 5
4472.0 -8075.8 13.2 319 0 8.4 5.5 2.5 2.5 2 0 1 1 1
4281.3 -8294.6 6.1 44 0 14.0 21.4 7.5 2.5 4 1 3 0 0
4480.2 -8321.6 8.2 226 0 10.2 4.3 5.0 2.5 2 0 2 4 4
4703.6 -7886.6 19.7 320 0 7.5 6.3 5.0 2.5 2 0 2 4 4
4929.0 -7624.1 18.9 77 0 7.2 15.2 7.5 2.5 2 1 3 1 1
4911.7 -7621.6 19.4 349 0 19.8 8.8 7.5 2.5 2 0 3 4 4
4701.9 -7903.5 19.9 140 0 4.5 5.4 5.0 2.5 2 1 2 2 2
4487.2 -8349.0 7.7 45 0 11.3 16.8 2.5 2.5 2 1 1 1 1
4476.8 -8104.2 12.8 47 0 8.6 14.8 7.5 2.5 4 1 3 2 2
4246.7 -8304.2 5.4 44 0 8.8 21.1 7.5 2.5 2 1 3 1 1
4691.8 -7875.6 19.6 230 0 4.7 7.7 5.0 0.0 0 1 2 0 0
4711.9 -7895.5 19.7 320 0 6.6 7.0 7.5 0.0 0 1 3 5 5
4334.0 -8243.1 8.0 44 0 3.8 5.2 5.0 2.5 2 1 2 2 2
4898.2 -7604.4 19.2 165 0 8.8 12.0 5.0 2.5 2 1 2 1 1
4326.1 -8250.4 7.6 44 0 14.3 57.4 10.0 2.5 4 1 4 4 4
4245.6 -8309.2 5.4 134 0 7.1 8.5 7.5 2.5 2 1 3 4 4
6534.3 -8167.4 -23.8 149 0 32.1 11.7 7.5 2.5 2 0 3 3 3
6404.8 -8199.6 -22.8 351 0 5.8 7.0 2.5 2.5 4 1 1 1 1
6538.0 -8189.7 -23.5 59 0 3.3 8.8 7.5 2.5 2 1 3 5 5
6612.0 -7684.5 -31.2 114 0 6.6 4.6 5.0 2.5 2 0 2 0 0
6688.1 -7804.9 -25.9 16 0 4.6 4.1 5.0 2.5 2 0 2 3 3
6302.0 -8276.7 -23.2 351 0 30.6 13.3 7.5 2.5 2 0 3 5 5
6778.0 -7228.6 -33.5 240 0 12.4 10.8 5.0 2.5 2 0 2 4 4
6638.5 -7864.5 -25.3 107 0 15.9 4.3 5.0 2.5 4 0 2 0 0
6517.3 -8184.2 -23.1 149 0 3.7 4.5 2.5 2.5 2 1 1 1 1
6673.2 -7799.9 -25.5 286 0 9.1 3.8 7.5 2.5 2 0 3 4 4
6698.2 -7695.0 -31.7 15 0 7.7 4.9 5.0 2.5 2 0 2 3 3
6466.7 -8164.0 -23.2 239 0 11.9 50.6 10.0 2.5 2 1 4 5 5
6546.8 -6846.7 -20.9 140 0 16.0 45.5 10.0 2.5 4 1 4 4 4
6527.3 -6932.2 -19.7 140 0 14.5 9.0 2.5 0.0 0 0 1 2 2
6557.4 -6916.5 -20.5 231 0 12.6 7.7 5.0 2.5 2 0 2 3 3
6297.6 -8250.2 -22.8 351 0 22.7 13.0 10.0 2.5 2 0 4 4 4
6683.7 -7752.8 -27.2 105 0 6.1 5.8 7.5 2.5 2 0 3 3 3
6379.7 -8300.5 -24.0 352 0 11.8 42.2 7.5 0.0 0 1 3 1 1
6644.2 -7847.2 -25.0 106 0 8.5 8.6 5.0 2.5 2 1 2 2 2
6594.5 -7755.6 -25.7 296 0 16.9 9.2 7.5 2.5 2 0 3 5 5
6547.9 -8204.3 -23.9 239 0 14.8 12.7 10.0 2.5 2 0 4 2 2
6523.1 -6920.5 -19.0 140 0 6.9 4.0 7.5 2.5 2 0 3 4 4
6523.2 -6818.3 -20.8 140 0 20.2 45.4 12.5 2.5 4 1 5 5 5
6546.0 -6928.4 -20.3 230 0 18.2 6.2 7.5 2.5 2 0 3 3 3
6673.6 -7747.4 -27.6 105 0 7.8 6.7 2.5 2.5 2 0 1 5 5
6676.3 -7819.2 -25.5 16 0 12.6 8.9 2.5 2.5 2 0 1 3 3
6475.6 -8330.1 -24.8 194 0 8.1 17.4 5.0 2.5 2 1 2 3 3
6310.2 -8300.0 -23.8 261 0 29.4 16.0 7.5 2.5 2 0 3 2 2
6666.8 -7835.0 -25.4 16 0 5.5 6.6 7.5 2.5 2 1 3 4 4
6634.2 -7805.2 -24.1 286 0 6.8 7.0 5.0 2.5 2 1 2 3 3
6485.8 -8127.9 -22.7 240 0 19.0 11.7 5.0 2.5 2 0 2 5 5
6515.5 -6873.0 -18.7 230 0 15.5 6.6 2.5 2.5 2 0 1 4 4
6532.5 -6916.0 -19.2 50 0 11.7 6.8 5.0 2.5 2 0 2 5 5
6471.1 -8328.7 -24.6 16 0 8.5 14.0 2.5 2.5 4 1 1 0 0
6637.8 -7678.2 -31.6 23 0 8.1 11.1 7.5 2.5 4 1 3 1 1
6377.1 -8201.1 -22.8 244 0 17.2 11.0 2.5 2.5 2 0 1 1 1
6496.0 -6800.6 -18.1 141 0 16.0 7.3 5.0 2.5 2 0 2 1 1
6781.0 -7248.2 -33.5 160 0 7.9 10.6 7.5 2.5 2 1 3 3 3
6687.8 -7704.8 -30.9 15 0 7.2 15.6 2.5 2.5 2 1 1 1 1
6518.7 -8264.8 -24.1 132 0 7.9 8.5 5.0 2.5 2 1 2 3 3
6523.3 -8168.6 -23.2 59 0 5.9 11.2 5.0 2.5 2 1 2 1 1
6664.4 -7745.0 -27.8 105 0 11.1 7.5 7.5 2.5 2 0 3 2 2
6649.7 -7805.1 -25.0 106 0 16.8 11.8 2.5 2.5 2 0 1 3 3
6697.0 -7709.1 -30.5 15 0 3.7 9.8 2.5 2.5 2 1 1 3 3
6271.9 -8089.3 -20.6 322 0 46.7 62.4 10.0 0.0 0 1 4 4 4
6663.6 -7728.0 -29.3 195 0 12.5 14.7 5.0 2.5 4 1 2 1 1
6510.2 -6863.4 -18.3 50 0 12.4 12.4 5.0 2.5 2 0 2 2 2
6634.2 -7848.5 -24.6 106 0 9.6 12.6 5.0 2.5 2 1 2 2 2
-889.1 5445.0 -8.3 16 0 18.7 12.1 7.5 2.5 2 0 3 4 4
-1053.3 5639.2 -8.1 134 0 17.8 11.0 5.0 2.5 2 0 2 0 0
-906.5 5375.9 -7.5 291 0 5.6 9.0 7.5 2.5 2 1 3 1 1
-877.0 5349.2 -7.7 15 0 6.1 16.3 5.0 2.5 2 1 2 0 0
-910.0 5454.1 -8.1 286 0 7.7 9.8 7.5 0.0 0 1 3 2 2
-811.4 5479.2 -9.2 15 0 10.5 12.1 5.0 2.5 2 1 2 3 3
-950.2 5385.3 -7.2 14 0 10.0 9.9 7.5 2.5 2 0 3 4 4
-703.9 5611.8 -5.8 205 0 8.2 6.7 5.0 2.5 4 0 2 2 2
-794.6 5413.7 -9.2 198 0 13.8 20.5 10.0 2.5 2 1 4 1 1
-975.3 5496.7 -7.8 191 0 5.2 12.8 7.5 2.5 2 1 3 4 4
-838.9 5391.3 -8.4 16 0 9.6 8.3 7.5 0.0 0 0 3 0 0
-854.0 5464.9 -9.0 199 0 40.1 14.4 15.0 0.0 0 0 6 3 3
-1091.7 5374.4 -5.7 91 0 9.0 11.1 7.5 2.5 2 1 3 4 4
-993.5 5584.0 -8.3 128 0 14.1 13.2 7.5 2.5 2 0 3 4 4
-973.4 5506.2 -7.9 191 0 5.5 7.1 2.5 2.5 2 1 1 2 2
-833.9 5562.8 -8.2 286 0 18.8 11.8 5.0 2.5 2 0 2 3 3
-931.7 5557.9 -8.7 109 0 19.9 10.6 7.5 2.5 4 0 3 3 3
-846.8 5622.9 -6.9 109 0 12.9 60.2 12.5 0.0 0 1 5 3 3
-711.2 5520.1 -7.6 185 0 9.3 9.1 7.5 2.5 4 0 3 3 3
-784.0 5686.0 -5.3 289 0 12.7 9.5 7.5 2.5 2 0 3 3 3
-1118.1 5623.8 -7.2 15 0 6.6 11.7 7.5 2.5 2 1 3 2 2
-996.2 5621.6 -8.4 313 0 8.8 6.7 7.5 2.5 2 0 3 3 3
-674.0 5598.6 -5.8 27 0 12.8 8.7 7.5 0.0 0 0 3 2 2
-913.5 5426.5 -7.9 16 0 10.0 13.2 5.0 0.0 0 1 2 2 2
-830.8 5587.5 -7.4 109 0 12.9 88.6 10.0 2.5 4 1 4 3 3
-801.8 5513.0 -8.6 106 0 39.2 13.9 7.5 2.5 2 0 3 0 0
-743.1 5469.9 -9.1 276 0 11.7 12.7 7.5 2.5 2 1 3 1 1
-1012.9 5600.7 -8.2 132 0 10.9 10.3 7.5 2.5 2 0 3 3 3
-809.3 5451.1 -9.2 198 0 9.6 11.4 2.5 2.5 2 1 1 1 1
-1126.6 5484.8 -6.1 12 0 15.5 9.4 2.5 2.5 2 0 1 2 2
-826.8 5430.2 -8.8 15 0 8.8 8.5 7.5 2.5 2 0 3 5 5
-988.4 5391.4 -6.9 100 0 8.7 7.5 7.5 2.5 2 0 3 0 0
-1058.9 5412.3 -6.3 276 0 9.2 7.7 7.5 2.5 2 0 3 2 2
-1157.8 5692.6 -7.4 192 0 9.2 9.1 2.5 2.5 4 0 1 0 0
-756.6 5614.4 -6.2 20 0 6.2 8.2 5.0 2.5 2 1 2 2 2
-840.3 5700.5 -6.0 288 0 9.5 31.4 7.5 2.5 2 1 3 4 4
-1156.5 5485.9 -6.0 102 0 11.2 20.5 5.0 2.5 2 1 2 4 4
-771.2 5487.5 -9.2 288 0 14.2 65.1 10.0 2.5 2 1 4 4 4
-813.0 5419.9 -8.9 288 0 11.5 9.3 7.5 2.5 2 0 3 5 5
-1044.4 5378.9 -6.3 91 0 9.9 11.4 5.0 2.5 2 1 2 0 0
-755.0 5427.7 -9.5 188 0 16.4 8.8 2.5 2.5 2 0 1 2 2
-925.6 5471.2 -8.0 16 0 5.1 28.1 7.5 2.5 2 1 3 1 1
-750.5 5594.3 -6.8 20 0 27.4 12.5 7.5 2.5 2 0 3 0 0
-1140.2 5420.4 -5.5 11 0 9.3 10.7 2.5 2.5 2 1 1 0 0
-1116.5 5540.1 -6.6 12 0 15.4 8.2 7.5 2.5 2 0 3 0 0
-1100.7 5519.7 -6.7 192 0 15.0 9.4 7.5 2.5 2 0 3 2 2
-994.9 5376.9 -6.7 103 0 10.7 9.6 7.5 2.5 2 0 3 0 0
-708.7 5474.2 -8.4 94 0 14.2 10.1 7.5 2.5 2 0 3 4 4
-751.3 5554.2 -7.6 18 0 15.2 59.0 7.5 2.5 2 1 3 1 1
-820.1 5121.0 -6.7 203 0 8.6 9.5 2.5 2.5 2 1 1 2 2
-828.9 5389.1 -8.5 198 0 12.6 8.4 5.0 2.5 2 0 2 1 1
-777.3 5660.8 -6.9 289 0 10.5 65.6 7.5 2.5 2 1 3 5 5
-852.3 5325.5 -7.9 285 0 34.7 14.1 7.5 2.5 2 0 3 2 2
-895.5 5421.6 -8.0 16 0 15.6 10.2 5.0 2.5 2 0 2 2 2
-770.5 4974.9 -6.9 7 0 10.2 12.7 2.5 2.5 2 1 1 2 2
-610.3 5626.6 -5.0 223 0 21.9 48.7 10.0 2.5 4 1 4 5 5
-1051.3 5669.7 -8.2 224 0 6.7 15.5 5.0 2.5 2 1 2 5 5
-924.5 5374.7 -7.5 200 0 9.7 9.6 7.5 2.5 2 0 3 2 2
-914.8 5353.2 -7.4 191 0 7.0 5.7 7.5 0.0 0 0 3 1 1
-770.4 5003.2 -6.8 348 0 7.0 15.1 7.5 2.5 2 1 3 5 5
-915.8 5487.2 -8.3 15 0 10.5 38.2 10.0 0.0 0 1 4 4 4
-1127.5 5561.1 -6.6 12 0 6.6 9.1 7.5 2.5 2 1 3 1 1
-819.9 5350.3 -8.4 196 0 11.9 18.8 2.5 2.5 2 1 1 5 5
-761.0 5658.0 -6.6 289 0 9.9 56.5 7.5 2.5 2 1 3 5 5
-805.3 5381.2 -8.8 198 0 11.2 20.2 5.0 2.5 2 1 2 4 4
-944.9 5360.9 -7.1 195 0 9.3 8.8 2.5 2.5 2 0 1 2 2
-1273.5 5768.1 -6.7 221 0 6.4 22.6 7.5 2.5 2 1 3 0 0
-815.4 5503.0 -9.0 285 0 11.1 6.5 5.0 2.5 2 0 2 2 2
-814.2 5092.0 -6.6 107 0 6.5 14.3 7.5 2.5 2 1 3 2 2
-1031.2 5617.7 -8.1 137 0 10.0 11.3 5.0 2.5 2 1 2 2 2
-731.4 5495.7 -8.3 188 0 10.0 9.1 2.5 2.5 2 0 1 3 3
-1017.2 5561.6 -7.8 314 0 12.7 9.1 7.5 2.5 2 0 3 3 3
-766.6 5496.7 -8.5 109 0 11.0 20.4 2.5 2.5 2 0 1 4 4
-861.7 5446.4 -8.6 289 0 17.1 53.0 7.5 2.5 2 0 3 5 5
-751.6 5529.3 -8.0 198 0 30.7 10.4 7.5 2.5 2 0 3 0 0
-586.2 5666.1 -3.8 223 0 7.8 16.5 5.0 2.5 2 1 2 3 3
-798.4 5693.2 -5.4 289 0 19.2 13.1 10.0 2.5 2 0 4 5 5
-537.9 5655.1 -4.1 40 0 73.0 22.6 10.0 2.5 2 0 4 4 4
-777.9 5129.9 -7.1 17 0 9.1 13.7 2.5 2.5 4 1 1 1 1
-707.0 5580.5 -6.4 25 0 8.1 6.4 5.0 2.5 2 0 2 3 3
-862.3 5139.3 -6.4 115 0 6.5 11.6 5.0 2.5 2 1 2 1 1
-1245.2 5786.3 -7.1 313 0 18.9 10.5 7.5 2.5 2 0 3 1 1
-686.1 5575.2 -6.4 29 0 19.9 8.8 5.0 2.5 4 0 2 5 5
-6494.6 2595.0 3.5 249 0 11.6 10.5 7.5 2.5 2 0 3 5 5
-901.0 5545.8 -8.8 106 0 18.1 11.1 5.0 2.5 2 0 2 1 1
-841.4 5524.8 -8.7 106 0 14.4 5.9 7.5 2.5 4 0 3 3 3
-620.4 5625.2 -4.7 223 0 5.7 5.4 5.0 2.5 2 0 2 1 1
-6148.9 -5318.4 18.5 268 0 13.0 25.2 10.0 2.5 2 1 4 4 4
1475.4 -6107.0 15.7 107 0 23.9 7.8 5.0 2.5 2 0 2 4 4
3884.8 -4451.0 -13.4 73 0 10.8 33.5 10.0 2.5 4 1 4 4 4
-3572.9 -8186.7 9.8 272 0 10.1 21.1 5.0 0.0 0 1 2 3 3
-3498.4 -8185.6 8.2 270 0 19.1 9.8 5.0 2.5 2 0 2 5 5
-3536.5 -8236.1 9.5 91 0 12.1 11.5 5.0 0.0 0 0 2 3 3
-3482.8 -8201.1 8.4 268 0 13.0 17.7 7.5 2.5 2 1 3 2 2
-3587.8 -8247.4 10.3 96 0 14.7 10.6 7.5 2.5 4 0 3 0 0
-3520.0 -8184.7 8.7 269 0 14.0 36.8 7.5 2.5 2 1 3 2 2
-2853.3 -7027.7 19.0 241 0 23.5 10.5 7.5 2.5 2 0 3 1 1
304.4 1936.5 -20.4 330 0 8.3 14.5 5.0 2.5 4 1 2 3 3
6787.1 -3831.1 -35.7 132 0 6.3 17.2 2.5 2.5 2 1 1 5 5
6804.5 -3812.6 -35.2 312 0 4.9 4.7 7.5 2.5 2 0 3 3 3
6898.6 -3116.2 -28.4 332 0 7.3 20.1 7.5 0.0 0 1 3 1 1
6883.4 -3085.7 -27.1 333 0 6.0 11.1 7.5 2.5 4 1 3 3 3
6890.0 -3099.6 -27.2 333 0 15.5 8.2 5.0 2.5 2 0 2 3 3
6732.9 1433.4 -26.7 291 0 40.4 11.9 7.5 2.5 2 0 3 4 4
6669.3 1474.0 -25.9 111 0 54.6 11.2 7.5 2.5 2 0 3 0 0
-2381.0 5316.2 -25.1 4 0 13.1 70.7 10.0 2.5 2 1 4 2 2
5411.9 -3965.4 -32.4 337 0 7.9 13.7 5.0 2.5 2 1 2 1 1
5062.8 -3974.8 -27.9 263 0 24.9 15.4 10.0 2.5 2 0 4 4 4
5204.4 -3987.0 -28.0 353 0 21.2 125.4 10.0 0.0 0 1 4 1 1
4929.1 -4022.9 -27.7 173 0 22.5 125.5 7.5 0.0 0 1 3 2 2
4675.8 -3784.3 -20.7 93 0 37.1 14.6 10.0 2.5 4 0 4 5 5
4703.8 -3785.6 -20.9 93 0 18.9 11.9 5.0 2.5 2 0 2 0 0
4949.8 -3762.1 -24.0 273 0 20.3 52.0 10.0 2.5 2 1 4 3 3
4924.4 -3743.8 -22.7 3 0 6.5 5.7 5.0 2.5 2 0 2 5 5
4986.9 -3790.5 -24.4 3 0 51.2 17.8 7.5 0.0 0 0 3 2 2
4928.1 -3920.3 -25.9 93 0 54.5 12.3 5.0 2.5 2 0 2 2 2
4857.2 -3738.7 -21.8 183 0 6.9 4.5 5.0 2.5 2 0 2 1 1
4926.0 -3778.8 -23.2 3 0 6.4 7.9 5.0 2.5 2 1 2 3 3
4848.5 -3716.0 -21.8 273 0 9.7 34.0 7.5 2.5 2 1 3 3 3
4825.4 -3705.9 -20.9 183 0 5.3 8.0 7.5 2.5 2 1 3 5 5
4787.4 -3779.3 -21.7 273 0 4.6 4.7 2.5 2.5 2 1 1 3 3
4790.6 -3707.8 -20.5 183 0 8.8 5.7 7.5 2.5 2 0 3 5 5
4952.2 -3858.1 -25.2 3 0 51.4 18.8 10.0 2.5 2 0 4 4 4
4786.7 -3734.6 -21.0 183 0 18.8 6.8 2.5 2.5 2 0 1 2 2
4854.6 -3646.3 -22.0 183 0 7.6 6.4 5.0 2.5 2 0 2 2 2
4862.3 -3602.8 -22.6 273 0 4.0 5.5 5.0 2.5 2 1 2 4 4
4837.5 -3808.0 -22.9 273 0 10.0 10.4 5.0 2.5 2 1 2 0 0
4829.8 -3780.2 -22.7 183 0 28.6 16.5 7.5 2.5 2 0 3 4 4
4643.0 -4229.8 -24.2 72 0 6.5 16.7 7.5 2.5 2 1 3 0 0
4580.3 -4272.3 -23.6 73 0 27.3 37.4 12.5 0.0 0 1 5 1 1
4527.8 -4102.6 -22.9 260 0 17.6 113.4 12.5 0.0 0 1 5 1 1
4676.4 -4230.8 -24.8 72 0 8.4 26.7 7.5 2.5 2 1 3 2 2
4597.4 -4267.0 -23.6 73 0 8.2 51.8 7.5 2.5 2 1 3 4 4
4606.8 -4187.0 -24.2 255 0 13.8 9.4 7.5 2.5 2 0 3 5 5
4643.2 -4184.9 -25.0 162 0 10.0 22.2 7.5 2.5 2 1 3 4 4
4658.6 -4125.6 -25.3 252 0 16.1 42.2 15.0 0.0 0 1 6 4 4
4091.9 -4361.0 -16.4 76 0 4.1 7.2 7.5 2.5 2 1 3 4 4
3724.5 -4426.9 -10.9 67 0 10.0 11.8 7.5 2.5 2 1 3 3 3
3641.2 -4484.0 -9.5 92 0 15.0 11.8 5.0 2.5 2 0 2 3 3
3982.2 -4464.7 -15.9 245 0 9.9 27.9 7.5 2.5 2 1 3 1 1
3705.0 -4532.5 -9.5 348 0 12.1 22.1 7.5 2.5 2 1 3 3 3
3947.6 -4357.3 -14.3 68 0 9.3 20.8 5.0 2.5 2 1 2 0 0
4250.1 -4331.6 -18.4 254 0 6.0 3.2 5.0 2.5 2 0 2 4 4
3837.8 -4388.4 -12.5 61 0 12.1 24.9 7.5 2.5 2 1 3 3 3
4006.9 -4435.0 -16.5 244 0 19.9 13.1 10.0 2.5 4 0 4 1 1
4051.0 -4416.0 -17.1 250 0 13.1 8.2 5.0 2.5 2 0 2 3 3
3714.7 -4457.1 -10.5 183 0 6.7 10.2 5.0 2.5 2 1 2 0 0
4108.2 -4360.1 -16.6 62 0 5.8 13.7 5.0 0.0 0 1 2 2 2
3985.2 -4355.8 -14.8 67 0 7.4 31.4 7.5 2.5 2 1 3 4 4
4095.5 -4397.4 -17.5 246 0 16.5 12.4 2.5 2.5 4 0 1 3 3
3660.4 -4491.1 -9.6 92 0 5.7 11.9 7.5 2.5 2 1 3 5 5
4276.2 -4332.9 -19.0 254 0 6.5 5.6 2.5 2.5 2 0 1 2 2
4164.5 -4309.7 -17.0 71 0 9.4 26.0 5.0 2.5 2 1 2 0 0
3867.9 -4378.1 -13.2 62 0 7.8 37.2 7.5 2.5 4 1 3 1 1
3880.8 -4736.3 -7.8 338 0 11.4 10.6 5.0 2.5 4 0 2 0 0
3483.8 -4372.5 -8.8 163 0 14.8 54.4 15.0 0.0 0 1 6 5 5
4026.2 -4427.0 -17.0 244 0 20.1 13.5 10.0 0.0 0 0 4 4 4
4315.1 -4232.5 -19.4 158 0 6.0 5.2 7.5 2.5 2 0 3 1 1
4066.2 -4425.3 -17.6 251 0 4.7 13.3 7.5 2.5 2 1 3 0 0
4075.8 -4323.4 -15.8 92 0 7.0 14.0 2.5 2.5 2 1 1 5 5
3574.4 -4447.2 -9.3 165 0 11.3 18.0 5.0 2.5 2 1 2 4 4
4036.3 -4365.3 -15.8 190 0 6.7 8.2 7.5 2.5 2 1 3 3 3
4136.4 -4378.9 -17.8 242 0 5.1 14.3 2.5 2.5 2 1 1 0 0
3680.7 -4455.1 -10.2 64 0 7.3 23.1 7.5 2.5 2 1 3 1 1
3736.9 -4517.5 -10.1 261 0 4.1 8.5 7.5 0.0 0 1 3 1 1
3967.6 -4315.5 -14.6 247 0 6.8 12.5 7.5 2.5 2 1 3 0 0
4260.5 -4313.1 -18.9 254 0 7.1 25.8 5.0 2.5 2 1 2 3 3
4155.4 -4258.5 -16.8 252 0 11.6 13.2 7.5 2.5 2 1 3 2 2
3896.9 -4635.7 -13.0 337 0 5.6 15.4 7.5 2.5 2 1 3 1 1
3920.8 -4471.0 -14.3 249 0 17.2 10.5 5.0 2.5 2 0 2 1 1
3664.8 -4527.5 -9.2 100 0 4.6 9.5 7.5 2.5 2 1 3 2 2
3473.9 -4376.8 -6.3 342 0 15.7 24.5 12.5 2.5 2 1 5 5 5
4187.9 -4361.2 -18.5 157 0 43.9 7.8 7.5 2.5 2 0 3 4 4
4302.4 -4273.7 -19.1 68 0 10.2 9.1 7.5 2.5 2 0 3 0 0
4001.5 -4310.4 -14.9 247 0 7.0 4.7 7.5 2.5 2 0 3 3 3
3618.0 -4435.5 -9.6 344 0 5.1 13.1 7.5 2.5 2 1 3 0 0
4030.0 -4399.2 -16.2 65 0 4.3 6.1 7.5 2.5 2 1 3 2 2
4147.2 -4398.0 -18.3 242 0 4.2 10.4 7.5 2.5 2 1 3 4 4
3801.4 -4510.7 -11.6 265 0 14.6 8.8 7.5 2.5 2 0 3 0 0
4064.6 -4350.6 -15.9 247 0 7.1 6.6 2.5 2.5 2 0 1 1 1
3892.0 -4511.1 -13.6 245 0 4.3 9.0 7.5 2.5 2 1 3 2 2
3687.3 -4309.6 -11.5 71 0 110.1 19.7 10.0 0.0 0 0 4 3 3
3664.2 -4502.1 -9.4 280 0 14.0 9.9 5.0 2.5 2 0 2 3 3
4220.1 -4391.1 -19.2 67 0 36.7 17.9 10.0 2.5 2 0 4 1 1
4339.8 -4258.4 -19.5 68 0 10.0 6.9 5.0 0.0 0 0 2 0 0
4014.7 -4341.2 -15.1 67 0 7.2 28.7 2.5 2.5 2 1 1 1 1
4118.4 -4284.2 -16.2 342 0 9.4 20.8 7.5 0.0 0 1 3 4 4
4035.3 -4375.1 -16.3 239 0 9.1 19.3 5.0 0.0 0 1 2 3 3
4172.6 -4379.9 -18.4 246 0 7.7 13.8 7.5 2.5 2 1 3 3 3
3840.5 -4532.7 -12.4 344 0 28.6 8.2 7.5 2.5 2 0 3 5 5
4055.7 -4467.0 -17.8 244 0 34.6 13.6 7.5 2.5 2 0 3 0 0
4081.1 -4349.8 -16.2 254 0 14.1 5.2 2.5 2.5 2 0 1 3 3
3980.2 -4446.2 -15.8 249 0 17.5 10.0 10.0 2.5 2 0 4 1 1
3938.2 -4361.9 -14.2 68 0 7.9 25.4 5.0 2.5 2 1 2 1 1
3761.8 -4311.5 -11.8 342 0 12.3 41.8 7.5 2.5 2 1 3 1 1
4259.4 -4333.1 -18.6 254 0 5.7 6.9 7.5 2.5 4 1 3 2 2
3814.9 -4360.8 -12.5 151 0 20.4 12.4 7.5 2.5 2 0 3 3 3
4028.9 -4468.0 -16.8 244 0 7.4 9.4 2.5 2.5 2 1 1 5 5
4141.4 -4361.2 -17.5 244 0 16.7 10.4 7.5 2.5 2 0 3 5 5
3807.8 -4477.9 -11.8 154 0 9.7 6.4 5.0 2.5 2 0 2 3 3
3983.5 -4411.1 -15.7 244 0 5.5 11.5 7.5 2.5 2 1 3 1 1
4105.9 -4340.1 -16.3 342 0 8.2 17.7 5.0 2.5 2 1 2 4 4
4111.1 -4389.8 -17.6 246 0 16.7 10.7 5.0 2.5 2 0 2 4 4
3674.9 -4489.4 -9.8 92 0 12.8 11.0 5.0 2.5 2 0 2 2 2
3938.8 -4379.6 -14.4 77 0 17.1 11.2 5.0 2.5 2 0 2 4 4
3844.6 -4329.4 -13.2 330 0 17.0 22.8 10.0 2.5 2 1 4 1 1
4149.9 -4606.6 -20.0 337 0 54.2 12.2 7.5 2.5 2 0 3 4 4
4317.3 -4246.7 -19.3 248 0 6.0 7.4 7.5 2.5 4 1 3 5 5
3916.5 -4385.5 -14.1 81 0 16.8 12.2 5.0 2.5 2 0 2 5 5
4066.5 -4409.3 -17.3 250 0 15.1 10.5 5.0 2.5 2 0 2 3 3
3851.7 -4398.6 -12.7 74 0 5.8 6.6 7.5 2.5 2 1 3 2 2
3897.6 -4479.7 -13.9 249 0 19.6 13.2 7.5 2.5 2 0 3 1 1
4116.6 -4356.6 -16.7 75 0 9.6 15.1 5.0 2.5 2 1 2 0 0
3666.6 -4471.0 -9.9 92 0 11.3 7.8 5.0 2.5 2 0 2 1 1
4244.2 -4318.0 -18.5 254 0 16.7 9.3 5.0 0.0 0 0 2 3 3
3916.1 -4369.1 -14.0 63 0 9.1 7.0 7.5 2.5 2 0 3 0 0
3902.0 -4647.0 -12.8 341 0 9.9 14.9 7.5 2.5 2 1 3 3 3
3937.2 -4464.0 -14.7 249 0 18.2 11.3 7.5 2.5 2 0 3 4 4
3537.2 -4430.5 -7.3 114 0 3.0 3.3 7.5 2.5 2 1 3 1 1
4103.6 -4413.5 -18.4 244 0 9.4 30.2 5.0 2.5 4 1 2 4 4
3593.9 -4488.7 -8.9 83 0 8.6 9.6 7.5 2.5 2 1 3 2 2
4311.2 -4264.7 -19.0 68 0 6.8 6.5 7.5 2.5 2 0 3 4 4
3887.3 -4363.1 -13.7 64 0 9.5 13.4 7.5 2.5 2 1 3 3 3
4163.7 -4408.3 -18.6 332 0 11.5 7.0 5.0 2.5 2 0 2 3 3
4296.9 -4301.2 -20.1 253 0 31.8 10.6 7.5 2.5 2 0 3 3 3
3896.4 -4509.0 -13.8 246 0 5.2 18.4 7.5 2.5 2 1 3 4 4
3963.3 -4452.6 -15.4 249 0 18.3 11.4 2.5 2.5 2 0 1 0 0
3708.3 -4445.1 -10.7 65 0 8.0 29.4 5.0 2.5 2 1 2 5 5
3525.7 -4393.8 -8.5 73 0 32.4 11.2 10.0 2.5 2 0 4 0 0
4040.5 -4301.5 -15.3 337 0 7.3 8.0 5.0 2.5 2 1 2 2 2
4173.0 -4430.8 -19.2 337 0 5.6 5.9 7.5 2.5 2 1 3 5 5
3753.9 -4530.6 -10.6 252 0 6.5 21.2 5.0 2.5 2 1 2 3 3
4043.7 -4408.3 -16.6 73 0 15.6 7.9 7.5 2.5 2 0 3 2 2
4142.4 -4375.3 -18.3 242 0 8.3 33.3 7.5 2.5 4 1 3 5 5
4282.5 -4283.2 -19.0 68 0 4.5 7.7 7.5 2.5 2 1 3 5 5
4079.3 -4339.2 -16.0 242 0 13.9 5.9 2.5 0.0 0 0 1 2 2
3847.6 -4410.9 -12.7 254 0 13.8 19.9 7.5 0.0 0 1 3 3 3
4025.0 -4480.9 -17.0 244 0 22.1 17.8 10.0 2.5 2 0 4 4 4
3583.5 -4347.1 -11.0 72 0 11.7 43.0 10.0 2.5 4 1 4 1 1
3785.1 -4495.6 -11.3 89 0 17.6 10.9 5.0 2.5 2 0 2 3 3
3637.8 -4532.2 -8.9 100 0 3.9 6.4 5.0 2.5 2 1 2 1 1
4042.9 -4419.0 -17.0 250 0 3.7 9.0 7.5 2.5 2 1 3 1 1
4173.9 -4350.2 -17.6 333 0 11.3 16.1 2.5 2.5 2 1 1 4 4
3982.5 -4402.8 -15.7 156 0 8.4 13.6 5.0 2.5 2 1 2 5 5
4272.8 -4325.5 -19.0 254 0 9.0 7.8 5.0 2.5 2 0 2 3 3
3788.7 -4550.1 -11.4 255 0 15.1 13.3 5.0 2.5 2 0 2 3 3
3665.4 -4424.2 -10.3 244 0 7.9 11.2 7.5 2.5 2 1 3 3 3
4187.5 -4321.5 -17.4 79 0 15.0 10.0 7.5 2.5 4 0 3 5 5
4028.9 -4443.2 -17.0 244 0 7.7 23.1 5.0 2.5 2 1 2 1 1
4084.8 -4423.5 -18.0 252 0 4.7 19.5 7.5 2.5 2 1 3 5 5
3799.4 -4360.2 -12.3 151 0 10.6 12.9 7.5 2.5 2 1 3 4 4
3909.0 -4494.1 -14.2 249 0 8.6 40.2 7.5 2.5 4 1 3 0 0
3980.1 -4318.6 -14.7 247 0 6.2 27.2 7.5 2.5 2 1 3 3 3
4093.8 -4376.8 -16.7 57 0 8.5 10.3 2.5 2.5 2 1 1 5 5
3618.5 -4426.0 -9.7 342 0 4.4 8.3 7.5 2.5 4 1 3 0 0
4243.5 -4294.2 -18.7 68 0 8.1 5.8 5.0 2.5 4 0 2 1 1
4023.8 -4387.6 -16.0 244 0 6.6 7.0 7.5 2.5 2 1 3 1 1
3922.9 -4367.5 -14.0 63 0 4.2 19.9 5.0 2.5 2 1 2 2 2
3802.1 -4529.4 -11.7 252 0 6.0 20.1 5.0 2.5 2 1 2 5 5
3700.4 -4450.4 -10.3 337 0 8.5 15.9 7.5 2.5 2 1 3 4 4
4203.0 -4295.7 -17.7 349 0 6.4 4.6 7.5 2.5 2 0 3 2 2
4038.7 -4464.3 -17.1 244 0 8.6 9.4 7.5 2.5 2 1 3 5 5
3721.0 -4536.7 -10.1 248 0 6.5 36.1 7.5 2.5 2 1 3 0 0
3885.2 -4316.6 -13.9 246 0 21.2 17.1 7.5 0.0 0 0 3 5 5
4120.5 -4450.0 -18.7 64 0 5.5 5.2 5.0 2.5 2 0 2 5 5
4217.1 -4342.9 -18.5 251 0 8.6 17.8 5.0 2.5 2 1 2 5 5
4251.0 -4290.8 -18.7 68 0 8.0 5.9 5.0 2.5 2 0 2 1 1
3831.9 -4550.6 -12.2 344 0 5.2 10.1 5.0 0.0 0 1 2 3 3
3750.3 -4472.9 -10.7 93 0 5.5 5.3 5.0 2.5 2 0 2 3 3
3688.4 -4250.5 -12.1 251 0 68.1 17.2 10.0 0.0 0 0 4 4 4
4188.7 -4427.4 -19.4 336 0 7.1 12.9 2.5 2.5 2 1 1 0 0
3648.1 -4472.2 -9.6 92 0 5.9 3.6 5.0 2.5 2 0 2 2 2
3766.8 -4551.8 -11.0 252 0 18.6 12.3 5.0 0.0 0 0 2 0 0
3868.4 -4396.1 -13.1 79 0 16.8 11.7 2.5 2.5 2 0 1 0 0
4017.5 -4444.8 -16.6 244 0 9.3 15.2 7.5 2.5 2 1 3 4 4
4329.4 -4209.9 -19.5 338 0 15.2 12.9 2.5 2.5 2 0 1 2 2
3857.2 -4452.3 -12.7 72 0 6.5 15.1 5.0 2.5 2 1 2 3 3
4044.5 -4336.1 -15.5 65 0 9.9 11.6 5.0 0.0 0 1 2 3 3
3590.9 -4376.2 -10.0 251 0 9.9 44.9 7.5 2.5 2 1 3 1 1
3735.6 -4464.4 -10.6 182 0 7.7 5.7 5.0 2.5 2 0 2 2 2
3959.9 -4374.1 -14.6 79 0 20.5 10.4 7.5 2.5 2 0 3 1 1
4116.6 -4405.0 -18.5 244 0 6.0 34.7 7.5 2.5 2 1 3 4 4
4160.8 -4328.1 -17.1 76 0 18.2 12.1 10.0 2.5 2 0 4 0 0
3893.0 -4389.7 -13.6 80 0 16.0 11.1 10.0 2.5 2 0 4 3 3
3933.7 -4492.3 -14.7 249 0 7.8 25.0 7.5 2.5 2 1 3 0 0
4098.6 -4307.2 -16.1 65 0 11.5 8.4 7.5 2.5 2 0 3 0 0
3648.1 -4533.8 -9.0 100 0 15.7 9.8 5.0 2.5 2 0 2 5 5
4177.4 -4669.3 -20.8 336 0 52.3 12.8 10.0 2.5 2 0 4 5 5
4188.5 -4368.7 -18.5 247 0 4.4 16.9 7.5 2.5 2 1 3 5 5
3776.2 -4326.5 -12.0 155 0 11.2 9.2 2.5 2.5 2 0 1 5 5
4317.5 -4238.7 -19.4 158 0 7.1 5.5 7.5 2.5 2 0 3 3 3
3858.0 -4470.6 -12.8 75 0 14.9 10.7 7.5 2.5 2 0 3 3 3
4062.5 -4326.8 -15.7 67 0 14.8 9.5 5.0 2.5 2 0 2 2 2
3585.9 -4434.2 -9.4 74 0 7.1 10.5 7.5 2.5 2 1 3 5 5
4051.7 -4357.1 -15.9 244 0 13.4 8.6 2.5 2.5 2 0 1 3 3
4126.7 -4384.9 -17.8 251 0 12.1 11.6 5.0 2.5 2 0 2 1 1
3677.3 -4478.4 -10.0 92 0 9.0 14.3 5.0 2.5 2 1 2 3 3
3794.1 -4528.8 -11.5 252 0 8.2 17.2 7.5 2.5 2 1 3 0 0
3866.9 -4551.3 -13.2 151 0 16.7 10.3 5.0 2.5 4 0 2 0 0
3929.5 -4481.7 -14.4 249 0 8.3 10.8 5.0 2.5 2 1 2 2 2
3649.5 -4497.7 -9.3 280 0 5.4 25.9 5.0 2.5 2 1 2 0 0
3997.1 -4299.5 -14.9 247 0 7.4 11.7 2.5 2.5 2 1 1 5 5
3779.9 -4341.4 -12.3 155 0 18.7 29.0 12.5 2.5 2 1 5 1 1
3609.4 -4453.9 -9.6 163 0 10.2 15.7 5.0 2.5 2 1 2 2 2
3783.0 -4513.0 -11.2 268 0 16.5 11.5 5.0 2.5 2 0 2 5 5
3707.0 -4407.0 -10.9 250 0 4.0 7.3 5.0 2.5 2 1 2 5 5
4203.5 -4316.4 -17.5 67 0 6.3 14.4 7.5 0.0 0 1 3 3 3
3874.9 -4524.6 -13.3 157 0 20.8 4.7 7.5 2.5 2 0 3 3 3
3974.8 -4470.8 -15.7 245 0 7.9 24.7 2.5 2.5 2 1 1 3 3
3704.7 -4587.6 -9.5 73 0 8.2 42.2 7.5 2.5 2 1 3 0 0
3913.1 -4362.7 -13.9 63 0 8.5 25.9 2.5 2.5 2 1 1 0 0
4116.4 -4441.1 -18.5 244 0 9.9 4.4 7.5 0.0 0 0 3 4 4
3605.4 -4495.3 -8.9 264 0 9.2 11.3 5.0 2.5 2 1 2 5 5
4207.7 -4331.9 -17.9 249 0 13.5 9.6 7.5 2.5 2 0 3 1 1
3594.1 -4524.1 -8.2 73 0 6.9 8.6 7.5 2.5 2 1 3 5 5
4264.6 -4290.9 -19.0 68 0 6.3 6.4 5.0 2.5 2 1 2 3 3
4020.3 -4375.5 -15.8 243 0 7.5 12.2 5.0 2.5 2 1 2 1 1
3834.2 -4509.8 -12.2 344 0 11.8 20.9 7.5 2.5 2 1 3 3 3
4026.2 -4328.6 -15.2 67 0 11.5 5.3 5.0 2.5 2 0 2 2 2
4032.5 -4305.5 -15.2 337 0 8.1 9.9 5.0 2.5 2 1 2 1 1
3943.6 -4515.8 -14.8 249 0 14.0 20.9 7.5 0.0 0 1 3 1 1
4084.8 -4382.7 -16.7 57 0 12.7 15.6 5.0 2.5 2 1 2 0 0
3616.0 -4494.2 -9.0 263 0 5.9 12.9 5.0 2.5 2 1 2 4 4
4105.1 -4321.5 -16.2 65 0 11.4 15.6 7.5 2.5 2 1 3 0 0
4022.9 -4316.0 -15.1 336 0 7.1 7.7 2.5 0.0 0 1 1 1 1
4131.3 -4323.0 -16.6 72 0 9.0 35.6 7.5 2.5 2 1 3 2 2
2529.0 3240.8 6.0 291 0 8.9 22.3 5.0 0.0 0 1 2 0 0
-803.3 -5723.9 16.7 281 0 25.7 11.4 15.0 0.0 0 0 6 4 4
2727.7 685.2 -31.2 22 0 3.9 7.1 7.5 2.5 2 1 3 5 5
2038.1 185.8 -34.1 218 0 53.7 23.7 10.0 2.5 2 0 4 3 3
5072.5 -908.9 -30.3 72 0 12.6 23.2 7.5 2.5 2 1 3 1 1
4539.9 2687.2 -34.5 187 0 9.0 12.7 5.0 2.5 4 1 2 0 0
4599.1 2668.9 -34.7 95 0 10.7 6.9 5.0 2.5 4 0 2 5 5
4534.8 2623.3 -35.3 194 0 3.9 4.3 7.5 2.5 2 1 3 0 0
4545.9 2657.9 -34.2 97 0 12.7 12.7 7.5 2.5 4 1 3 5 5
4608.8 2667.7 -34.8 102 0 8.3 6.5 5.0 2.5 2 0 2 2 2
4620.4 2650.2 -34.9 97 0 11.7 10.2 7.5 2.5 2 0 3 1 1
4621.1 2664.0 -34.9 101 0 8.1 8.1 7.5 2.5 2 0 3 3 3
4523.5 2645.0 -34.3 19 0 14.7 6.9 7.5 2.5 2 0 3 2 2
4585.6 2679.1 -34.8 99 0 15.8 9.4 5.0 2.5 2 0 2 1 1
4562.2 2605.2 -35.1 292 0 4.8 20.8 5.0 2.5 4 1 2 1 1
4528.5 2660.7 -34.1 97 0 8.2 23.1 7.5 0.0 0 1 3 5 5
4544.7 2588.8 -35.7 292 0 24.8 8.9 5.0 2.5 2 0 2 0 0
4607.3 2676.8 -34.9 96 0 4.6 4.2 5.0 2.5 2 0 2 5 5
4548.9 2606.7 -35.6 20 0 21.7 9.5 2.5 2.5 2 0 1 4 4
4519.5 2622.1 -35.3 18 0 10.7 11.8 7.5 2.5 2 1 3 1 1
4605.0 2648.4 -34.7 102 0 7.6 19.4 7.5 2.5 2 1 3 3 3
4532.4 2643.6 -34.9 199 0 10.7 14.5 2.5 2.5 4 1 1 5 5
6611.9 4028.0 -34.2 25 0 13.2 4.9 5.0 2.5 4 0 2 0 0
6393.7 3816.2 -34.6 31 0 46.7 14.1 12.5 2.5 2 0 5 5 5
6564.8 4087.4 -34.6 31 0 34.5 8.9 7.5 2.5 2 0 3 4 4
5840.5 2638.9 -33.7 207 0 5.7 7.8 2.5 2.5 2 1 1 5 5
1096.7 1969.1 -16.8 191 0 10.4 12.2 2.5 2.5 2 1 1 5 5
1105.1 1940.6 -17.0 110 0 7.7 10.3 5.0 2.5 2 1 2 5 5
1155.6 1995.0 -15.5 16 0 5.5 8.2 2.5 2.5 2 1 1 5 5
1104.5 1987.7 -16.4 196 0 7.5 29.3 2.5 2.5 2 1 1 0 0
1103.7 2003.8 -16.3 190 0 9.9 11.6 2.5 2.5 2 1 1 3 3
6798.9 5625.2 -36.3 37 0 10.8 11.1 2.5 2.5 2 1 1 5 5
6765.8 5649.7 -39.0 222 0 4.4 6.6 2.5 0.0 0 1 1 2 2
6813.2 5659.1 -36.5 299 0 11.7 17.7 2.5 2.5 2 1 1 3 3
6803.3 5675.0 -38.5 299 0 17.3 9.2 7.5 2.5 2 0 3 0 0
6790.3 5662.9 -38.4 297 0 5.5 13.9 7.5 2.5 2 1 3 4 4
6748.5 5629.0 -38.4 126 0 7.7 5.8 2.5 2.5 2 0 1 0 0
6768.4 5672.9 -40.5 209 0 5.5 7.4 5.0 2.5 4 1 2 0 0
6738.8 5641.6 -39.2 212 0 14.3 7.8 2.5 2.5 2 0 1 3 3
6756.6 5633.4 -38.3 130 0 3.4 3.9 7.5 2.5 2 1 3 1 1
6772.1 5702.5 -40.9 119 0 20.1 17.3 10.0 2.5 2 0 4 1 1
6786.6 5726.1 -39.8 299 0 22.4 8.3 5.0 2.5 2 0 2 2 2
3694.2 3617.1 -32.5 191 0 7.9 16.8 7.5 2.5 2 1 3 1 1
3683.6 3580.1 -32.9 101 0 6.7 17.4 5.0 2.5 2 1 2 1 1
3712.5 3582.1 -32.7 101 0 10.8 22.8 7.5 0.0 0 1 3 0 0
3757.8 7954.9 -22.0 194 0 15.3 20.4 10.0 2.5 2 1 4 0 0
3792.7 8009.2 -22.8 104 0 21.3 11.5 7.5 2.5 4 0 3 3 3
3698.3 8000.7 -21.1 17 0 8.5 6.1 5.0 0.0 0 0 2 0 0
3934.4 8000.5 -24.4 13 0 13.3 10.2 5.0 2.5 4 0 2 0 0
3889.3 8044.2 -23.8 14 0 11.8 7.7 7.5 2.5 2 0 3 2 2
3704.0 7969.0 -21.3 194 0 15.4 20.7 10.0 2.5 2 1 4 1 1
3711.3 7991.6 -21.4 193 0 9.4 14.8 2.5 2.5 2 1 1 5 5
3833.8 8001.7 -23.2 14 0 11.4 8.0 7.5 2.5 4 0 3 5 5
3818.5 7935.4 -22.6 105 0 9.2 7.0 5.0 2.5 2 0 2 0 0
3742.2 7982.9 -21.9 193 0 10.4 16.3 2.5 2.5 2 1 1 1 1
3693.5 8044.1 -21.5 288 0 6.3 5.4 5.0 2.5 4 0 2 0 0
3699.5 7970.1 -21.1 194 0 15.5 4.1 2.5 2.5 4 0 1 5 5
3801.5 8037.3 -23.0 194 0 9.2 19.1 7.5 0.0 0 1 3 1 1
3674.7 7965.3 -20.8 106 0 5.9 8.2 2.5 0.0 0 1 1 5 5
3733.9 7935.7 -21.6 104 0 7.8 4.5 5.0 2.5 2 0 2 1 1
3787.8 7954.3 -22.3 284 0 17.1 14.3 5.0 2.5 2 0 2 0 0
3750.0 8020.7 -22.4 104 0 23.8 16.9 7.5 2.5 2 0 3 3 3
3840.4 7941.1 -23.0 282 0 10.2 12.0 5.0 2.5 2 1 2 4 4
3736.3 7968.8 -21.6 284 0 20.4 15.3 10.0 2.5 2 0 4 0 0
3852.0 7942.7 -23.2 281 0 9.5 6.8 5.0 2.5 2 0 2 2 2
3685.4 7931.5 -21.4 104 0 8.1 11.1 2.5 2.5 2 1 1 2 2
3723.8 7926.3 -21.7 104 0 11.8 9.1 2.5 2.5 2 0 1 4 4
3819.9 7969.6 -22.9 284 0 12.0 10.2 7.5 0.0 0 0 3 5 5
3732.5 7976.9 -21.5 14 0 13.2 4.6 5.0 2.5 2 0 2 1 1
3697.1 8021.0 -21.4 16 0 16.1 9.2 7.5 2.5 4 0 3 4 4
3899.4 8000.1 -24.0 105 0 8.0 14.8 5.0 2.5 2 1 2 1 1
3730.6 8034.2 -22.0 194 0 16.9 10.0 7.5 2.5 2 0 3 4 4
3899.6 7984.8 -24.2 194 0 10.7 14.4 2.5 2.5 2 1 1 3 3
3839.3 7999.4 -23.5 194 0 11.6 22.0 10.0 2.5 2 1 4 3 3
3682.9 7985.3 -20.8 18 0 10.4 8.5 5.0 0.0 0 0 2 0 0
4823.5 2625.3 -34.1 100 0 6.3 26.5 7.5 2.5 2 1 3 1 1
4576.1 2600.8 -35.1 193 0 22.6 39.8 7.5 0.0 0 1 3 1 1
5765.2 2388.5 -33.8 28 0 29.1 14.4 10.0 2.5 4 0 4 0 0
4147.3 -1449.8 -29.2 310 0 15.8 6.6 5.0 2.5 2 0 2 2 2
3752.7 -1434.7 -28.8 170 0 6.5 9.9 7.5 2.5 2 1 3 2 2
940.5 1931.4 -20.7 24 0 36.4 16.9 7.5 2.5 2 0 3 1 1
-1848.7 1658.2 15.7 353 0 15.6 9.1 2.5 2.5 4 0 1 0 0
406.0 6048.4 -0.9 141 0 8.4 21.4 5.0 0.0 0 1 2 3 3
-940.2 7636.3 -7.6 124 0 9.0 14.5 2.5 0.0 0 1 1 5 5
-797.6 7863.7 1.8 299 0 9.1 12.4 5.0 0.0 0 1 2 2 2
-1950.9 7789.7 -6.4 184 0 14.9 11.0 5.0 2.5 2 0 2 0 0
-1987.1 7807.7 -6.3 93 0 15.5 40.7 10.0 2.5 2 1 4 3 3
-1909.5 7842.2 -6.9 1 0 42.3 13.9 7.5 2.5 2 0 3 1 1
4012.0 5151.2 -34.6 98 0 10.8 16.7 5.0 2.5 2 1 2 3 3
6905.8 1428.5 -23.5 335 0 11.7 13.4 5.0 2.5 2 1 2 1 1
6894.9 1303.4 -18.9 28 0 4.8 6.3 7.5 2.5 2 1 3 0 0
6951.2 1295.8 -16.8 39 0 6.0 5.6 5.0 2.5 2 0 2 5 5
6880.8 1308.2 -19.4 117 0 6.0 5.3 7.5 2.5 2 0 3 2 2
6949.4 1438.7 -22.8 34 0 12.2 13.4 5.0 2.5 2 1 2 5 5
6888.8 1410.8 -23.0 243 0 10.6 16.8 5.0 2.5 2 1 2 4 4
6868.4 1490.2 -27.0 128 0 8.3 16.0 5.0 2.5 2 1 2 2 2
6891.2 1497.6 -26.6 128 0 11.5 7.1 7.5 2.5 4 0 3 0 0
6776.8 1371.1 -25.1 155 0 7.3 9.5 2.5 2.5 2 1 1 0 0
6803.2 1387.9 -24.8 244 0 10.1 8.1 2.5 2.5 2 0 1 1 1
6822.8 1385.3 -24.0 246 0 6.2 8.7 5.0 2.5 2 1 2 3 3
6826.3 1399.3 -24.5 243 0 9.0 9.0 2.5 2.5 4 1 1 2 2
6738.1 1511.8 -26.3 38 0 9.4 16.7 2.5 2.5 4 1 1 4 4
6742.7 1544.0 -26.3 309 0 8.6 14.5 5.0 2.5 4 1 2 3 3
6778.3 1517.8 -26.8 306 0 10.4 13.2 7.5 2.5 4 1 3 0 0
6795.6 1458.9 -27.3 130 0 16.2 8.1 5.0 0.0 0 0 2 5 5
6814.1 1430.0 -26.4 128 0 14.0 7.4 5.0 2.5 2 0 2 4 4
6845.9 1464.6 -26.5 307 0 8.0 10.6 2.5 2.5 2 1 1 4 4
6832.3 1474.7 -27.3 306 0 6.2 8.4 5.0 2.5 2 1 2 1 1
6819.9 1483.6 -27.5 306 0 8.6 15.1 7.5 2.5 2 1 3 2 2
6721.7 1272.7 -23.5 67 0 7.6 14.1 5.0 2.5 2 1 2 0 0
6698.5 1329.3 -25.8 249 0 9.0 26.6 2.5 2.5 2 1 1 4 4
6671.5 1307.1 -25.8 245 0 9.1 8.5 5.0 2.5 2 0 2 2 2
6655.3 1310.8 -25.9 244 0 6.2 11.8 7.5 2.5 2 1 3 5 5
6633.5 1284.9 -25.8 152 0 9.8 11.8 5.0 2.5 2 1 2 5 5
6604.2 1301.9 -25.4 247 0 7.1 9.2 5.0 2.5 4 1 2 3 3
6594.1 1274.9 -25.4 248 0 9.6 15.0 5.0 2.5 2 1 2 5 5
6545.0 1232.1 -25.9 59 0 6.2 16.7 7.5 2.5 2 1 3 5 5
6503.8 1248.3 -26.4 241 0 8.5 8.2 7.5 2.5 2 0 3 1 1
6473.1 1226.3 -26.8 245 0 12.3 12.9 7.5 2.5 2 1 3 2 2
6451.6 1220.0 -27.0 243 0 12.8 12.6 10.0 2.5 2 0 4 1 1
6428.1 1197.3 -26.9 244 0 9.7 8.7 7.5 2.5 2 0 3 5 5
6414.7 1205.0 -27.2 244 0 8.2 10.3 7.5 2.5 4 1 3 5 5
6403.2 1166.7 -26.2 242 0 10.8 10.2 5.0 2.5 2 0 2 2 2
6388.7 1185.9 -27.3 331 0 8.2 9.4 5.0 2.5 2 1 2 5 5
6379.3 1167.3 -27.1 152 0 10.8 7.2 5.0 2.5 2 0 2 3 3
5124.0 -1008.8 -29.9 157 0 6.9 10.3 7.5 2.5 4 1 3 0 0
5141.1 -999.5 -29.7 266 0 5.4 12.4 5.0 2.5 2 1 2 2 2
5185.2 -1033.0 -29.3 337 0 11.6 9.0 5.0 2.5 2 0 2 0 0
5138.4 -1127.5 -31.6 166 0 9.1 5.2 7.5 0.0 0 0 3 4 4
5144.1 -1149.0 -31.7 152 0 5.0 9.7 2.5 2.5 2 1 1 4 4
5151.8 -1136.2 -31.3 160 0 16.0 6.8 5.0 0.0 0 0 2 3 3
5268.2 -1136.2 -28.2 148 0 10.7 28.8 10.0 2.5 2 1 4 3 3
5332.3 -1047.1 -25.3 151 0 7.9 13.1 7.5 2.5 2 1 3 4 4
5318.7 -1021.5 -25.4 148 0 13.8 11.1 2.5 2.5 2 0 1 5 5
5255.1 -1087.5 -28.0 149 0 27.7 5.0 7.5 2.5 4 0 3 5 5
5236.8 -1088.5 -28.5 149 0 9.9 11.3 7.5 2.5 2 1 3 1 1
5227.5 -569.4 -20.8 242 0 3.2 7.8 7.5 2.5 2 1 3 4 4
5207.0 -587.7 -22.1 237 0 31.9 13.1 12.5 2.5 2 0 5 4 4
5082.4 -593.6 -25.7 147 0 30.2 24.3 10.0 0.0 0 0 4 5 5
5136.6 -568.2 -23.7 148 0 25.1 11.6 12.5 2.5 4 0 5 0 0
5191.1 -659.0 -23.4 57 0 9.8 48.2 7.5 0.0 0 1 3 1 1
5214.0 -673.1 -22.6 245 0 14.9 10.0 2.5 2.5 2 0 1 0 0
5252.3 -778.7 -23.1 154 0 9.0 7.9 2.5 2.5 2 0 1 4 4
5241.6 -757.6 -23.0 153 0 9.4 10.1 7.5 2.5 2 1 3 0 0
5154.6 -832.3 -26.8 331 0 11.7 6.4 7.5 2.5 2 0 3 2 2
5129.0 -856.4 -27.7 155 0 11.2 8.1 5.0 0.0 0 0 2 1 1
5115.4 -909.5 -29.3 244 0 8.2 8.6 7.5 2.5 2 1 3 5 5
5086.9 -923.0 -30.1 245 0 8.3 8.8 7.5 2.5 2 1 3 3 3
5128.9 -929.3 -29.4 334 0 5.8 13.9 5.0 2.5 2 1 2 1 1
5140.1 -925.5 -29.0 324 0 10.8 8.7 5.0 2.5 2 0 2 4 4
5148.9 -949.4 -28.9 330 0 13.0 8.1 7.5 2.5 2 0 3 0 0
5110.8 -950.7 -29.8 66 0 8.9 10.7 7.5 0.0 0 1 3 0 0
5024.7 -1026.9 -32.4 234 0 9.0 9.0 7.5 2.5 2 0 3 1 1
5054.2 -959.4 -31.6 334 0 9.9 23.9 5.0 2.5 2 1 2 2 2
5021.7 -941.1 -31.8 250 0 7.7 21.0 7.5 2.5 2 1 3 3 3
5040.9 -930.8 -31.4 249 0 19.9 8.7 7.5 2.5 2 0 3 2 2
5039.1 -905.8 -31.2 340 0 10.7 8.1 7.5 0.0 0 0 3 1 1
5023.1 -894.7 -31.4 335 0 5.6 8.7 2.5 2.5 2 1 1 1 1
5016.9 -860.4 -31.1 339 0 11.6 8.8 5.0 2.5 2 0 2 3 3
4987.6 -877.9 -31.9 162 0 7.3 8.3 5.0 2.5 2 1 2 1 1
5012.5 -832.4 -31.3 338 0 9.1 22.6 5.0 0.0 0 1 2 5 5
5007.0 -806.5 -31.0 340 0 6.2 16.5 2.5 0.0 0 1 1 0 0
4960.5 -847.7 -32.4 161 0 6.8 20.1 7.5 2.5 2 1 3 1 1
5028.0 -785.2 -29.5 161 0 23.8 10.9 7.5 0.0 0 0 3 5 5
4992.2 -785.8 -30.9 338 0 10.8 8.3 2.5 2.5 2 0 1 4 4
4966.8 -760.2 -31.6 252 0 25.8 11.7 10.0 2.5 2 0 4 3 3
4926.6 -784.2 -33.1 334 0 8.0 18.2 2.5 2.5 2 1 1 5 5
4943.8 -697.4 -31.4 241 0 14.8 6.9 2.5 2.5 2 0 1 2 2
4966.7 -690.7 -30.7 340 0 18.2 11.1 7.5 2.5 2 0 3 1 1
4941.7 -676.9 -31.3 63 0 14.9 9.8 7.5 2.5 2 0 3 2 2
4864.4 -673.7 -33.4 158 0 9.9 6.2 5.0 2.5 2 0 2 2 2
4919.2 -622.0 -31.7 332 0 5.5 19.9 2.5 2.5 2 1 1 5 5
5047.2 -711.5 -28.1 148 0 9.6 10.9 5.0 2.5 2 1 2 0 0
5062.8 -731.4 -27.8 146 0 13.5 15.3 7.5 2.5 2 1 3 4 4
5080.9 -672.5 -26.6 240 0 4.7 18.0 5.0 2.5 2 1 2 3 3
5024.6 -709.2 -29.2 333 0 5.0 14.7 2.5 2.5 4 1 1 5 5
5023.1 -685.0 -28.5 150 0 10.4 15.9 2.5 2.5 4 1 1 2 2
5014.9 -692.8 -29.2 327 0 21.1 7.5 5.0 2.5 2 0 2 0 0
4996.8 -665.6 -29.3 327 0 14.1 6.0 7.5 2.5 2 0 3 1 1
4999.6 -646.5 -28.8 150 0 8.8 14.3 7.5 2.5 2 1 3 5 5
4966.1 -563.4 -28.9 149 0 7.5 19.8 5.0 0.0 0 1 2 2 2
4984.5 -577.2 -28.4 145 0 7.4 13.7 5.0 2.5 2 1 2 2 2
4974.6 -629.4 -29.8 332 0 28.2 11.5 10.0 2.5 2 0 4 1 1
4923.7 -597.6 -30.9 335 0 17.6 10.3 2.5 2.5 2 0 1 1 1
4912.2 -584.7 -31.3 335 0 7.7 16.2 7.5 2.5 2 1 3 4 4
4908.2 -564.0 -30.9 335 0 17.9 7.2 2.5 2.5 2 0 1 0 0
4896.5 -595.4 -31.9 335 0 6.0 14.3 7.5 2.5 2 1 3 5 5
4870.3 -581.1 -32.1 156 0 23.6 10.8 10.0 2.5 2 0 4 1 1
4899.8 -545.5 -31.3 335 0 7.0 17.5 5.0 2.5 2 1 2 5 5
4861.9 -552.3 -32.0 151 0 25.5 11.1 7.5 2.5 2 0 3 5 5
4870.2 -520.5 -32.0 336 0 6.7 17.7 2.5 2.5 2 1 1 5 5
5008.7 -429.2 -25.9 328 0 9.0 9.1 2.5 2.5 2 1 1 1 1
4989.2 -424.5 -26.3 239 0 12.0 6.2 5.0 2.5 2 0 2 4 4
5029.6 -394.0 -24.3 150 0 10.2 4.1 7.5 0.0 0 0 3 3 3
5028.9 -408.8 -24.7 149 0 10.4 8.7 5.0 2.5 4 0 2 4 4
5010.1 -360.2 -24.2 156 0 4.7 8.8 5.0 2.5 2 1 2 2 2
5006.7 -372.5 -24.6 155 0 11.3 8.5 5.0 2.5 2 0 2 1 1
4940.0 -325.3 -26.1 334 0 4.3 10.4 7.5 2.5 2 1 3 3 3
4951.8 -330.9 -25.8 335 0 10.0 9.0 2.5 2.5 2 0 1 5 5
4962.3 -354.4 -25.8 337 0 8.9 8.2 2.5 2.5 2 0 1 0 0
4979.1 -382.0 -25.9 328 0 22.0 8.8 2.5 0.0 0 0 1 0 0
4968.7 -418.8 -26.7 58 0 6.7 21.7 5.0 2.5 2 1 2 3 3
4945.9 -424.3 -27.7 333 0 8.5 8.6 5.0 2.5 2 1 2 0 0
4871.3 -435.3 -29.7 149 0 18.3 9.9 5.0 2.5 2 0 2 1 1
4854.1 -446.2 -30.8 335 0 16.0 10.0 5.0 2.5 4 0 2 0 0
4844.0 -457.9 -31.7 336 0 8.5 22.3 7.5 2.5 2 1 3 5 5
4800.6 -465.5 -32.4 156 0 30.3 15.5 7.5 2.5 2 0 3 1 1
4830.3 -403.3 -30.8 337 0 9.5 14.5 7.5 0.0 0 1 3 1 1
4863.5 -417.4 -29.6 149 0 10.0 14.8 7.5 2.5 2 1 3 1 1
4886.5 -395.5 -28.5 152 0 15.3 11.2 2.5 2.5 2 0 1 0 0
4847.7 -393.0 -29.5 153 0 7.6 17.4 7.5 2.5 4 1 3 1 1
4852.6 -402.5 -29.6 154 0 10.0 6.5 7.5 2.5 2 0 3 4 4
4838.4 -372.2 -29.4 152 0 16.0 9.9 7.5 2.5 4 0 3 4 4
4729.7 -406.5 -33.2 154 0 15.1 22.4 7.5 2.5 2 1 3 1 1
4793.5 -404.1 -31.8 336 0 22.6 12.4 10.0 2.5 2 0 4 1 1
4824.3 -381.0 -31.0 336 0 7.4 29.3 2.5 2.5 2 1 1 4 4
4764.6 -347.1 -31.2 246 0 8.7 13.4 7.5 2.5 2 1 3 0 0
4783.7 -373.1 -31.4 337 0 22.3 11.1 2.5 2.5 2 0 1 3 3
4804.6 -343.5 -30.2 336 0 4.3 12.1 5.0 2.5 2 1 2 5 5
4809.0 -353.3 -30.3 336 0 10.9 12.0 7.5 2.5 4 1 3 3 3
4798.7 -333.7 -30.3 335 0 8.1 14.5 5.0 2.5 2 1 2 2 2
4774.9 -312.3 -30.3 248 0 12.7 18.4 5.0 2.5 2 1 2 1 1
4796.7 -282.3 -29.9 55 0 7.7 16.7 5.0 0.0 0 1 2 5 5
4781.3 -288.2 -29.8 146 0 8.8 9.1 5.0 2.5 4 1 2 1 1
4806.2 -275.3 -29.6 54 0 9.3 9.2 7.5 2.5 2 0 3 1 1
4882.8 -241.3 -28.0 230 0 5.9 11.3 5.0 2.5 2 1 2 3 3
4872.7 -256.1 -28.1 242 0 14.2 8.4 7.5 2.5 2 0 3 1 1
4873.7 -223.8 -29.0 325 0 10.0 32.6 7.5 2.5 2 1 3 4 4
4742.5 -240.9 -31.7 143 0 10.3 8.8 7.5 2.5 2 0 3 1 1
4758.4 -212.7 -31.4 58 0 14.8 13.2 7.5 2.5 2 0 3 2 2
4823.2 -262.2 -30.3 55 0 12.6 37.2 12.5 2.5 2 1 5 2 2
4596.2 -30.7 -33.4 221 0 8.0 100.8 7.5 2.5 2 1 3 4 4
4628.0 -141.4 -32.7 40 0 69.2 12.9 10.0 2.5 2 0 4 3 3
4571.9 -140.0 -32.9 130 0 10.7 29.4 7.5 2.5 4 1 3 5 5
4703.9 -126.3 -32.4 144 0 47.6 11.4 10.0 2.5 2 0 4 1 1
4562.8 91.1 -33.8 311 0 13.2 71.0 10.0 2.5 2 1 4 2 2
4557.6 -0.2 -33.8 131 0 54.0 7.4 7.5 2.5 4 0 3 3 3
4670.9 45.6 -33.3 319 0 59.2 15.4 10.0 2.5 2 0 4 0 0
4995.1 123.3 -29.8 300 0 57.0 19.4 7.5 2.5 2 0 3 2 2
4948.7 149.0 -31.3 300 0 11.4 135.9 7.5 2.5 2 1 3 3 3
4972.3 9.7 -29.5 23 0 58.4 18.1 10.0 2.5 2 0 4 3 3
4947.2 35.2 -30.1 21 0 68.8 16.0 7.5 2.5 2 0 3 1 1
4879.4 -68.3 -29.8 144 0 18.2 9.6 2.5 2.5 2 0 1 3 3
4879.6 -76.7 -29.8 325 0 14.2 13.3 7.5 2.5 2 0 3 3 3
4907.0 -136.1 -28.7 146 0 24.8 14.5 7.5 2.5 2 0 3 3 3
4873.2 -125.8 -29.5 326 0 14.2 18.9 10.0 2.5 2 1 4 4 4
4872.1 -198.1 -29.2 134 0 18.1 40.6 7.5 2.5 2 1 3 4 4
4820.2 -326.9 -29.0 160 0 17.7 10.3 5.0 2.5 2 0 2 5 5
4849.4 -312.6 -28.1 239 0 10.8 23.7 15.0 0.0 0 1 6 3 3
4886.3 -274.1 -27.5 243 0 7.0 8.7 2.5 2.5 2 1 1 1 1
4866.1 -281.0 -27.9 243 0 11.6 9.6 7.5 2.5 2 0 3 3 3
4925.1 -270.6 -27.0 335 0 21.1 11.1 5.0 2.5 2 0 2 0 0
5192.6 -454.4 -20.8 344 0 6.5 6.3 7.5 2.5 2 0 3 3 3
5195.5 -484.1 -21.4 342 0 4.0 16.7 5.0 2.5 2 1 2 3 3
5197.3 -468.7 -20.9 344 0 12.4 8.4 7.5 0.0 0 0 3 0 0
5214.2 -391.8 -19.3 166 0 9.9 4.3 2.5 2.5 2 0 1 2 2
5210.7 -414.0 -19.6 165 0 15.2 7.9 2.5 2.5 2 0 1 4 4
5185.6 -425.4 -20.8 346 0 7.8 9.6 5.0 2.5 2 1 2 4 4
5181.6 -403.6 -20.7 344 0 11.2 12.5 5.0 0.0 0 1 2 1 1
5201.6 -380.1 -19.6 165 0 12.1 8.2 7.5 2.5 2 0 3 4 4
5175.4 -381.5 -20.4 344 0 9.7 9.4 2.5 2.5 2 0 1 5 5
5209.5 -343.7 -19.8 344 0 4.3 8.7 7.5 2.5 2 1 3 1 1
5195.0 -358.1 -19.9 164 0 11.6 8.8 7.5 2.5 2 0 3 2 2
5169.5 -358.8 -20.7 346 0 9.1 10.3 5.0 2.5 2 1 2 3 3
5145.8 -342.1 -21.2 346 0 12.8 3.8 7.5 2.5 2 0 3 3 3
5162.3 -332.1 -21.0 344 0 8.1 9.9 2.5 2.5 2 1 1 2 2
5188.5 -335.8 -20.2 165 0 11.1 8.5 7.5 2.5 2 0 3 3 3
5175.9 -293.6 -20.9 164 0 16.4 11.6 2.5 2.5 2 0 1 2 2
5184.3 -243.4 -20.9 253 0 8.7 16.7 5.0 2.5 2 1 2 3 3
5204.7 -237.1 -20.7 253 0 12.0 9.2 2.5 2.5 2 0 1 4 4
5153.0 -274.1 -21.7 344 0 15.9 6.6 2.5 2.5 2 0 1 4 4
5133.9 -258.1 -22.1 259 0 13.7 10.6 7.5 2.5 2 0 3 3 3
5392.4 -151.2 -16.0 72 0 10.7 14.6 5.0 2.5 2 1 2 0 0
5364.2 -160.5 -17.0 72 0 10.6 10.5 2.5 2.5 2 0 1 2 2
5350.7 -192.1 -17.6 254 0 11.9 16.4 5.0 2.5 2 1 2 1 1
5323.0 -199.7 -18.2 253 0 14.1 10.8 7.5 2.5 2 0 3 5 5
5287.0 -184.9 -18.7 73 0 15.6 8.0 7.5 2.5 2 0 3 3 3
5311.0 -177.3 -18.2 72 0 11.8 9.4 2.5 2.5 2 0 1 1 1
5275.4 -225.3 -19.5 254 0 6.7 12.4 5.0 2.5 2 1 2 1 1
5287.6 -212.1 -19.1 252 0 14.6 8.5 2.5 2.5 2 0 1 1 1
5246.8 -251.4 -20.1 74 0 15.6 5.9 7.5 2.5 2 0 3 0 0
5239.2 -226.7 -20.2 253 0 14.9 9.4 2.5 2.5 4 0 1 0 0
5240.7 -203.5 -19.8 73 0 7.0 15.7 5.0 0.0 0 1 2 4 4
5221.4 -206.4 -20.3 74 0 12.3 9.6 7.5 2.5 2 0 3 5 5
5202.3 -201.1 -20.7 72 0 3.9 8.5 5.0 2.5 2 1 2 5 5
5197.5 -214.1 -20.8 71 0 10.0 8.9 5.0 2.5 2 0 2 2 2
5177.6 -210.9 -21.3 74 0 3.9 8.9 7.5 2.5 2 1 3 3 3
5170.0 -223.6 -21.5 73 0 12.1 9.5 5.0 2.5 2 0 2 3 3
5133.4 -232.1 -22.4 76 0 15.6 9.2 7.5 0.0 0 0 3 3 3
5125.7 -201.8 -22.7 255 0 15.1 7.6 7.5 2.5 2 0 3 3 3
5097.8 -223.4 -23.2 77 0 4.2 7.9 5.0 2.5 2 1 2 5 5
5082.4 -232.3 -23.5 75 0 4.7 7.0 5.0 2.5 2 1 2 2 2
5094.6 -241.6 -23.2 76 0 10.9 9.1 2.5 2.5 2 0 1 3 3
5052.3 -243.8 -24.2 76 0 6.6 15.3 7.5 2.5 2 1 3 3 3
5068.0 -247.9 -23.8 75 0 11.6 9.4 5.0 2.5 2 0 2 2 2
5083.7 -270.6 -23.1 255 0 10.6 9.3 5.0 2.5 2 0 2 5 5
5038.2 -283.0 -24.1 254 0 15.3 8.7 2.5 0.0 0 0 1 4 4
4996.8 -317.3 -24.7 166 0 6.4 10.2 5.0 2.5 2 1 2 0 0
4995.7 -327.9 -24.6 156 0 7.4 10.0 5.0 2.5 2 1 2 3 3
4994.1 -345.7 -24.6 156 0 18.1 8.8 7.5 2.5 2 0 3 0 0
4998.1 -293.5 -24.9 255 0 14.6 8.1 5.0 2.5 2 0 2 0 0
4988.1 -267.6 -25.4 78 0 9.5 8.7 5.0 2.5 2 0 2 3 3
4955.7 -246.3 -26.1 165 0 3.7 8.3 5.0 2.5 2 1 2 4 4
4959.6 -259.4 -25.9 165 0 7.6 9.3 5.0 2.5 4 1 2 1 1
4944.9 -226.1 -26.8 255 0 8.0 10.1 2.5 2.5 2 1 1 1 1
4963.4 -174.7 -27.2 76 0 6.1 6.2 7.5 2.5 2 1 3 3 3
4961.6 -197.9 -27.1 76 0 10.2 14.4 2.5 2.5 2 1 1 2 2
5011.6 -153.9 -26.3 165 0 12.2 9.0 7.5 2.5 2 0 3 5 5
4988.4 -190.3 -26.6 74 0 9.6 14.7 7.5 2.5 2 1 3 2 2
5013.4 -175.6 -25.9 165 0 14.3 9.1 5.0 2.5 2 0 2 4 4
5009.9 -202.8 -25.5 257 0 9.6 9.4 5.0 2.5 2 0 2 5 5
5031.9 -192.3 -25.2 255 0 14.0 5.8 2.5 2.5 4 0 1 3 3
5055.4 -186.9 -24.7 254 0 13.6 5.6 7.5 2.5 4 0 3 5 5
5053.4 -149.9 -25.5 344 0 4.0 12.4 7.5 2.5 2 1 3 5 5
5047.2 -173.8 -25.3 75 0 9.2 12.4 7.5 2.5 2 1 3 2 2
5071.0 -156.1 -24.9 165 0 21.1 9.3 7.5 2.5 2 0 3 5 5
5061.8 -105.3 -25.7 254 0 10.0 13.0 5.0 2.5 2 1 2 0 0
4996.5 -82.3 -27.5 301 0 5.4 4.8 5.0 2.5 2 0 2 5 5
5014.8 -105.3 -27.2 75 0 9.6 12.9 2.5 2.5 2 1 1 3 3
5013.5 -125.3 -26.6 254 0 9.1 10.7 7.5 2.5 2 1 3 3 3
4989.2 -138.6 -27.3 346 0 11.5 9.6 5.0 2.5 2 0 2 5 5
4989.6 -159.2 -27.0 342 0 12.9 9.4 5.0 2.5 2 0 2 1 1
5302.9 -1023.7 -26.1 328 0 10.8 7.8 5.0 2.5 2 0 2 1 1
5390.6 -1100.9 -24.5 328 0 24.3 11.8 10.0 2.5 4 0 4 3 3
5379.1 -1155.9 -25.6 56 0 13.4 26.8 10.0 2.5 2 1 4 0 0
5314.5 -1193.2 -27.6 146 0 31.0 14.1 10.0 2.5 2 0 4 2 2
5364.2 -1225.6 -27.5 57 0 60.7 19.2 12.5 2.5 4 0 5 5 5
5214.1 -1147.4 -29.9 55 0 9.4 6.2 5.0 2.5 2 0 2 5 5
5230.2 -1113.3 -29.2 327 0 12.8 9.6 5.0 2.5 2 0 2 5 5
5214.6 -1090.8 -29.4 328 0 11.2 8.2 7.5 2.5 2 0 3 0 0
5229.4 -1070.1 -28.4 151 0 11.1 9.5 2.5 2.5 2 0 1 5 5
5210.1 -993.6 -28.2 252 0 13.0 22.1 10.0 2.5 2 1 4 5 5
5197.9 -966.2 -27.9 70 0 15.0 7.5 5.0 2.5 2 0 2 5 5
5174.4 -998.0 -28.9 332 0 13.3 8.0 7.5 2.5 2 0 3 1 1
5156.3 -986.8 -29.1 260 0 10.3 9.2 5.0 2.5 2 0 2 2 2
5134.1 -988.1 -29.6 252 0 12.6 7.4 7.5 2.5 2 0 3 4 4
5029.9 -997.8 -32.1 48 0 13.4 8.2 7.5 2.5 2 0 3 3 3
5037.7 -1006.2 -31.9 224 0 12.5 24.0 12.5 2.5 4 1 5 5 5
5062.8 -982.8 -31.1 245 0 13.4 11.0 7.5 0.0 0 0 3 1 1
5081.0 -1002.2 -31.2 327 0 9.2 18.3 7.5 2.5 2 1 3 2 2
5106.7 -1005.6 -30.3 158 0 13.5 10.0 7.5 2.5 2 0 3 1 1
5098.3 -1017.7 -31.0 340 0 8.2 14.5 7.5 2.5 2 1 3 4 4
5149.1 -1093.6 -30.9 159 0 21.4 7.1 7.5 2.5 2 0 3 4 4
5133.4 -1054.2 -30.5 159 0 10.7 9.8 7.5 2.5 4 0 3 5 5
5111.5 -1113.7 -32.1 66 0 8.9 15.0 5.0 0.0 0 1 2 1 1
5135.2 -1177.8 -32.6 331 0 19.5 9.9 7.5 2.5 2 0 3 0 0
5158.9 -1231.4 -32.6 332 0 17.9 10.1 10.0 2.5 2 0 4 0 0
5198.9 -1172.6 -30.6 242 0 12.1 95.2 10.0 2.5 4 1 4 0 0
5187.6 -1237.9 -31.6 152 0 58.9 18.2 10.0 2.5 2 0 4 5 5
4810.4 -1193.6 -34.5 55 0 4.7 7.5 2.5 2.5 2 1 1 5 5
4832.5 -1176.6 -34.6 56 0 15.2 9.3 2.5 2.5 2 0 1 3 3
4937.5 -1147.5 -34.8 55 0 12.4 9.2 5.0 2.5 2 0 2 3 3
4985.1 -1064.5 -34.0 228 0 14.4 10.2 7.5 2.5 2 0 3 5 5
4926.1 -1091.6 -33.8 60 0 8.5 16.0 5.0 2.5 2 1 2 4 4
4937.2 -1079.5 -33.7 60 0 6.8 18.4 7.5 2.5 2 1 3 0 0
4952.9 -1075.2 -33.6 64 0 7.7 21.3 7.5 0.0 0 1 3 4 4
4980.2 -1045.2 -33.4 46 0 9.8 13.1 7.5 2.5 4 1 3 1 1
5002.2 -996.6 -32.7 57 0 13.4 6.6 5.0 2.5 2 0 2 3 3
5016.3 -1010.6 -32.5 49 0 15.1 10.6 5.0 2.5 2 0 2 1 1
4996.3 -1028.5 -33.1 47 0 14.9 7.9 7.5 2.5 4 0 3 3 3
4996.9 -1048.7 -33.4 232 0 8.3 22.4 5.0 2.5 2 1 2 2 2
5200.1 -925.2 -27.3 122 0 13.3 10.3 2.5 2.5 2 0 1 5 5
5185.6 -895.6 -27.1 119 0 12.3 4.7 2.5 2.5 4 0 1 2 2
5176.5 -911.3 -27.7 120 0 14.3 9.3 2.5 0.0 0 0 1 4 4
5161.6 -881.1 -27.5 119 0 12.5 4.2 5.0 2.5 2 0 2 4 4
5152.2 -896.7 -28.0 120 0 13.7 9.1 7.5 2.5 2 0 3 5 5
5205.8 -781.3 -24.5 62 0 10.7 53.4 7.5 2.5 2 1 3 3 3
5174.5 -798.1 -25.6 62 0 10.5 53.9 7.5 2.5 2 1 3 4 4
5098.1 -758.8 -27.2 242 0 9.8 50.9 7.5 0.0 0 1 3 2 2
5313.8 -974.2 -25.2 64 0 13.2 10.3 5.0 2.5 2 0 2 5 5
5280.5 -970.1 -26.0 119 0 10.9 9.5 7.5 2.5 2 0 3 3 3
5242.9 -951.4 -26.5 117 0 12.3 8.5 7.5 0.0 0 0 3 5 5
5254.1 -926.3 -26.1 120 0 25.2 9.2 7.5 2.5 2 0 3 0 0
5284.5 -836.9 -23.7 244 0 10.2 10.6 5.0 2.5 2 1 2 0 0
5298.9 -854.7 -23.4 154 0 5.2 7.6 7.5 2.5 2 1 3 5 5
5295.3 -866.6 -23.8 152 0 9.1 8.1 5.0 2.5 2 0 2 4 4
5306.1 -887.4 -23.9 155 0 8.5 9.5 2.5 0.0 0 1 1 2 2
5314.3 -909.0 -24.1 153 0 8.2 9.4 7.5 2.5 2 1 3 1 1
5332.2 -939.9 -23.9 154 0 12.7 7.5 2.5 2.5 4 0 1 2 2
5341.2 -959.9 -23.8 153 0 10.6 8.6 5.0 2.5 2 0 2 5 5
5371.5 -962.0 -23.0 75 0 13.6 11.0 5.0 0.0 0 0 2 1 1
5389.6 -903.1 -22.1 350 0 6.1 7.1 5.0 2.5 4 1 2 5 5
5395.3 -890.2 -21.8 333 0 9.1 8.6 5.0 2.5 4 0 2 3 3
5366.5 -852.1 -21.6 153 0 9.9 9.0 2.5 2.5 2 0 1 5 5
5377.1 -815.4 -21.0 333 0 6.1 12.4 5.0 2.5 2 1 2 2 2
5356.4 -836.9 -21.5 155 0 9.0 9.5 5.0 2.5 2 1 2 0 0
5330.7 -854.2 -22.8 332 0 5.1 7.8 5.0 2.5 2 1 2 1 1
5334.0 -842.7 -22.5 335 0 9.1 8.1 2.5 0.0 0 0 1 3 3
5344.6 -812.7 -21.4 153 0 9.6 8.4 7.5 2.5 2 0 3 0 0
5322.9 -769.8 -21.1 154 0 7.7 9.1 2.5 2.5 2 1 1 0 0
5324.2 -733.0 -20.6 335 0 9.9 6.0 5.0 2.5 2 0 2 0 0
5315.2 -750.3 -20.9 153 0 9.7 7.7 2.5 2.5 2 0 1 5 5
5290.3 -739.5 -21.6 64 0 15.1 10.9 10.0 2.5 2 0 4 3 3
5291.1 -693.1 -20.5 157 0 8.6 8.4 7.5 2.5 2 0 3 4 4
5326.0 -658.1 -19.6 150 0 4.0 12.1 2.5 2.5 2 1 1 3 3
5333.6 -675.4 -19.4 59 0 9.0 13.7 5.0 2.5 2 1 2 5 5
5312.1 -648.3 -20.4 148 0 10.7 8.7 2.5 2.5 2 0 1 2 2
5318.7 -633.0 -20.7 148 0 10.6 8.7 7.5 2.5 2 0 3 5 5
5301.1 -630.8 -20.7 149 0 10.8 9.3 7.5 2.5 2 0 3 3 3
5295.4 -601.8 -20.4 149 0 4.7 9.3 2.5 0.0 0 1 1 1 1
5292.1 -616.3 -20.5 148 0 9.3 8.4 5.0 2.5 2 0 2 1 1
5296.5 -566.8 -20.2 328 0 13.3 6.6 5.0 2.5 2 0 2 2 2
5269.2 -579.4 -20.1 149 0 11.7 8.4 5.0 2.5 2 0 2 1 1
5258.5 -563.3 -19.9 151 0 12.0 8.9 5.0 2.5 2 0 2 5 5
5253.1 -549.7 -19.7 150 0 7.1 6.9 5.0 2.5 2 0 2 1 1
5247.4 -520.8 -19.6 165 0 5.0 12.3 7.5 2.5 2 1 3 1 1
5244.2 -536.8 -19.9 151 0 9.1 8.6 2.5 2.5 2 0 1 3 3
5253.2 -478.1 -19.1 345 0 13.1 5.7 7.5 2.5 2 0 3 1 1
5239.9 -496.2 -19.6 166 0 15.2 8.5 5.0 2.5 2 0 2 4 4
5219.4 -446.2 -19.7 167 0 12.1 9.3 5.0 2.5 2 0 2 0 0
5223.7 -463.1 -19.7 164 0 10.0 9.0 5.0 2.5 2 0 2 3 3
5210.6 -522.0 -21.1 346 0 8.7 9.9 7.5 2.5 2 1 3 4 4
5202.4 -501.7 -21.1 344 0 7.9 9.1 5.0 2.5 4 1 2 1 1
5098.5 -522.8 -24.4 147 0 31.6 10.1 7.5 2.5 2 0 3 1 1
5078.2 -490.4 -24.7 147 0 29.7 10.1 7.5 2.5 2 0 3 1 1
5055.3 -453.9 -24.8 147 0 31.4 9.7 7.5 2.5 2 0 3 0 0
5034.5 -469.6 -26.0 327 0 48.1 9.7 7.5 2.5 2 0 3 5 5
5082.8 -542.4 -25.4 327 0 16.0 10.2 7.5 2.5 2 0 3 1 1
4955.8 -575.4 -29.4 149 0 16.7 10.8 7.5 2.5 2 0 3 1 1
4959.7 -553.3 -29.0 148 0 10.7 9.5 5.0 2.5 2 0 2 2 2
4937.0 -549.6 -29.6 151 0 8.3 15.3 5.0 2.5 2 1 2 3 3
4956.7 -531.9 -29.0 59 0 5.5 24.8 7.5 2.5 2 1 3 3 3
4930.7 -530.9 -29.6 148 0 15.2 9.7 7.5 2.5 2 0 3 5 5
4938.4 -488.0 -28.8 149 0 31.4 10.7 7.5 2.5 2 0 3 4 4
4905.0 -491.7 -29.8 148 0 18.0 10.5 2.5 2.5 2 0 1 0 0
4869.6 -494.3 -31.5 337 0 9.8 16.4 2.5 2.5 2 1 1 5 5
4887.4 -518.9 -31.1 336 0 17.3 9.7 2.5 2.5 2 0 1 1 1
4811.4 -1037.8 -34.9 86 0 5.1 20.9 5.0 2.5 4 1 2 0 0
4800.1 -1039.0 -35.1 86 0 11.0 6.2 7.5 2.5 4 0 3 2 2
4767.4 -1038.1 -35.4 85 0 23.1 9.3 7.5 2.5 2 0 3 0 0
4521.9 -2090.5 -30.2 74 0 11.6 5.0 7.5 2.5 2 0 3 3 3
4498.5 -2084.6 -29.0 165 0 10.7 8.6 2.5 2.5 2 0 1 0 0
4506.1 -2013.5 -29.3 250 0 9.5 8.9 7.5 2.5 2 0 3 2 2
4489.2 -2022.9 -28.4 258 0 9.6 11.6 5.0 2.5 2 1 2 0 0
4463.9 -2042.4 -26.9 349 0 12.8 10.1 5.0 2.5 2 0 2 2 2
4456.6 -2016.2 -26.5 346 0 11.2 7.1 7.5 2.5 2 0 3 0 0
4443.5 -1971.5 -25.8 341 0 13.3 9.6 7.5 2.5 2 0 3 4 4
4476.0 -1936.0 -28.3 70 0 3.9 8.8 2.5 2.5 2 1 1 1 1
4457.1 -1938.8 -27.6 160 0 10.4 9.7 7.5 2.5 2 0 3 3 3
4465.6 -1921.1 -28.6 159 0 5.8 13.6 5.0 2.5 2 1 2 3 3
4462.3 -1904.5 -28.3 160 0 12.3 7.3 5.0 2.5 2 0 2 5 5
4447.9 -1913.3 -27.4 160 0 7.4 8.5 5.0 2.5 2 0 2 0 0
4447.5 -1890.3 -28.0 155 0 5.0 12.4 7.5 2.5 4 1 3 0 0
4450.1 -1882.1 -28.2 157 0 5.5 10.4 5.0 2.5 2 1 2 0 0
4434.5 -1875.2 -27.2 161 0 7.5 8.4 7.5 2.5 2 0 3 2 2
4472.8 -1839.8 -29.3 341 0 7.7 19.4 7.5 2.5 2 1 3 0 0
4462.0 -1822.3 -29.4 341 0 19.9 12.1 5.0 2.5 2 0 2 5 5
4432.9 -1821.1 -28.0 162 0 9.2 7.1 7.5 2.5 2 0 3 4 4
4419.1 -1831.9 -26.8 161 0 7.4 8.2 5.0 2.5 2 0 2 0 0
4407.4 -1796.1 -27.7 161 0 14.4 8.4 5.0 2.5 2 0 2 0 0
4437.5 -1776.0 -29.7 335 0 10.9 6.1 7.5 2.5 2 0 3 1 1
4428.0 -1768.7 -29.4 333 0 7.8 10.9 7.5 2.5 2 1 3 4 4
4407.9 -1759.3 -29.0 151 0 8.4 7.2 5.0 2.5 2 0 2 0 0
4395.6 -1769.4 -28.1 151 0 14.8 9.5 7.5 2.5 2 0 3 3 3
4375.8 -1742.7 -27.7 145 0 15.6 7.1 7.5 2.5 2 0 3 4 4
4359.8 -1676.6 -29.3 223 0 5.4 12.5 7.5 2.5 2 1 3 4 4
4355.3 -1652.9 -30.2 222 0 13.9 11.3 5.0 2.5 2 0 2 2 2
4342.3 -1824.2 -22.2 256 0 4.9 12.0 7.5 2.5 2 1 3 3 3
4357.1 -1819.2 -23.2 249 0 9.2 8.7 7.5 2.5 2 0 3 3 3
4371.2 -1870.7 -23.6 160 0 9.9 9.4 7.5 2.5 2 0 3 2 2
4394.4 -1922.6 -23.7 264 0 6.2 14.9 5.0 2.5 2 1 2 4 4
4596.0 -1384.2 -33.9 235 0 5.5 4.3 7.5 2.5 2 0 3 3 3
4589.6 -1378.3 -33.8 235 0 7.0 5.3 5.0 2.5 2 0 2 2 2
4563.7 -1406.3 -33.7 233 0 7.5 9.6 7.5 2.5 4 0 3 2 2
4466.2 -1460.9 -34.0 51 0 23.2 11.4 10.0 0.0 0 0 4 5 5
4407.5 -1475.7 -34.3 228 0 11.1 9.5 7.5 2.5 2 0 3 2 2
4431.8 -1489.6 -34.3 48 0 23.4 11.1 10.0 2.5 2 0 4 2 2
4331.7 -1490.2 -32.5 312 0 6.7 9.9 7.5 2.5 2 1 3 1 1
4310.7 -1508.9 -31.7 133 0 19.0 8.2 7.5 2.5 4 0 3 2 2
4246.5 -1616.1 -25.1 133 0 14.9 6.0 2.5 2.5 2 0 1 5 5
4263.0 -1608.5 -26.4 42 0 12.4 18.4 7.5 2.5 2 1 3 3 3
4069.4 -1494.5 -23.9 91 0 4.1 8.6 5.0 2.5 4 1 2 3 3
4078.4 -1484.0 -24.9 1 0 6.2 5.5 5.0 2.5 2 0 2 4 4
4063.3 -1465.9 -26.0 271 0 14.8 12.3 5.0 2.5 2 0 2 0 0
3964.0 -1490.1 -21.9 89 0 9.3 7.1 5.0 2.5 2 0 2 2 2
3953.5 -1466.4 -22.7 271 0 9.8 13.6 7.5 2.5 4 1 3 2 2
3893.2 -1464.9 -24.3 267 0 9.5 17.6 5.0 2.5 2 1 2 0 0
3884.8 -1496.5 -23.9 87 0 16.4 8.4 7.5 2.5 2 0 3 0 0
3864.1 -1467.6 -25.0 267 0 10.7 21.0 5.0 2.5 2 1 2 3 3
3641.8 -1508.8 -29.2 258 0 12.0 9.0 2.5 2.5 2 0 1 5 5
3668.3 -1470.0 -30.3 83 0 7.9 18.0 7.5 2.5 2 1 3 3 3
3647.2 -1445.1 -30.7 173 0 10.1 20.0 2.5 2.5 2 1 1 5 5
3634.7 -1462.8 -30.5 173 0 17.1 8.7 5.0 2.5 2 0 2 1 1
3684.4 -1500.5 -28.6 257 0 7.9 17.6 7.5 0.0 0 1 3 0 0
3673.6 -1533.7 -28.4 77 0 23.7 9.8 7.5 2.5 2 0 3 4 4
3324.2 -1526.0 -25.8 249 0 17.7 9.8 7.5 2.5 4 0 3 0 0
3310.7 -1554.5 -24.0 159 0 17.4 9.2 5.0 2.5 2 0 2 4 4
3316.2 -1644.6 -16.3 156 0 14.4 29.8 10.0 2.5 2 1 4 2 2
3300.5 -1598.2 -19.2 246 0 8.8 16.6 7.5 2.5 2 1 3 5 5
2993.3 -1757.3 -18.5 70 0 7.6 8.8 7.5 2.5 4 1 3 1 1
2965.6 -1740.9 -20.0 247 0 18.6 5.8 7.5 2.5 2 0 3 2 2
3022.5 -1719.2 -19.3 252 0 10.9 9.5 7.5 2.5 2 0 3 3 3
3045.4 -1680.7 -21.8 158 0 8.3 19.0 7.5 2.5 2 1 3 4 4
3003.6 -1630.6 -25.6 249 0 13.1 16.3 5.0 2.5 2 1 2 5 5
3020.3 -1668.0 -23.2 339 0 13.2 11.0 5.0 2.5 2 0 2 5 5
2998.2 -1701.8 -21.8 70 0 7.9 12.3 2.5 2.5 2 1 1 3 3
2991.8 -1618.2 -27.4 68 0 25.0 10.5 5.0 2.5 2 0 2 4 4
2950.4 -1628.8 -27.8 67 0 32.1 14.0 10.0 2.5 2 0 4 3 3
2810.4 -1625.7 -30.8 66 0 7.4 15.5 2.5 2.5 2 1 1 5 5
2905.3 -1636.4 -28.1 68 0 17.7 12.7 10.0 2.5 2 0 4 1 1
2932.3 -1713.0 -23.1 68 0 14.9 22.0 10.0 2.5 2 1 4 0 0
2907.2 -1651.7 -26.1 248 0 14.2 36.6 10.0 2.5 2 1 4 5 5
2888.8 -1695.4 -25.9 158 0 67.9 13.0 12.5 2.5 2 0 5 2 2
2838.3 -1635.4 -28.5 247 0 10.0 31.6 7.5 2.5 2 1 3 0 0
2849.0 -1722.1 -25.8 252 0 11.2 25.4 12.5 2.5 2 1 5 5 5
2842.1 -1710.1 -26.8 62 0 11.4 11.0 7.5 2.5 2 0 3 2 2
2827.3 -1717.2 -27.3 62 0 10.0 11.6 5.0 2.5 2 0 2 0 0
2813.9 -1702.0 -28.2 64 0 13.7 8.7 7.5 2.5 2 0 3 5 5
2801.0 -1677.3 -29.1 241 0 19.8 8.4 7.5 2.5 2 0 3 2 2
2810.8 -1732.9 -27.6 334 0 10.4 11.5 2.5 0.0 0 0 1 5 5
2780.6 -1754.4 -28.6 62 0 11.7 11.2 7.5 2.5 2 0 3 3 3
2752.3 -1768.9 -29.6 62 0 11.2 10.4 5.0 2.5 2 0 2 1 1
2738.8 -1755.0 -30.5 63 0 13.2 9.1 5.0 2.5 4 0 2 4 4
2730.3 -1737.5 -31.3 64 0 19.5 8.1 7.5 2.5 2 0 3 3 3
2692.8 -1752.2 -31.9 152 0 8.5 19.2 7.5 2.5 2 1 3 3 3
2725.2 -1782.8 -30.5 63 0 10.1 9.9 7.5 2.5 2 0 3 5 5
2680.1 -1771.3 -31.7 244 0 13.4 12.7 2.5 2.5 2 0 1 4 4
2699.2 -1796.1 -31.0 64 0 12.0 10.0 7.5 2.5 2 0 3 0 0
946.6 1820.8 -19.1 270 0 12.9 22.6 12.5 2.5 2 1 5 2 2
-6017.3 5987.3 5.5 274 0 14.1 29.4 7.5 2.5 2 1 3 3 3
-2578.1 5660.0 -21.1 180 0 15.8 13.9 5.0 0.0 0 0 2 3 3
-2170.5 1794.2 17.6 75 0 12.3 23.6 10.0 2.5 2 1 4 5 5
916.1 6207.9 -8.0 263 0 11.6 25.6 10.0 2.5 2 1 4 5 5
-3096.3 -7091.7 17.2 169 0 15.7 28.7 27.5 0.0 0 1 11 0 0
-2048.5 1815.5 18.1 341 0 16.1 28.4 7.5 2.5 2 1 3 5 5
-3864.7 994.4 1.4 254 0 22.1 11.5 7.5 2.5 2 0 3 3 3
-3698.5 1044.0 -0.1 74 0 16.2 9.9 5.0 2.5 2 0 2 2 2
-3709.0 1011.5 0.3 166 0 9.9 28.4 7.5 2.5 2 1 3 4 4
-3706.4 1061.2 0.0 75 0 22.0 5.5 5.0 2.5 2 0 2 1 1
-3693.8 1000.3 0.7 165 0 6.3 14.2 5.0 0.0 0 0 2 5 5
-3705.0 997.4 0.8 165 0 6.4 11.6 7.5 2.5 2 0 3 1 1
-3737.6 1032.3 -0.1 77 0 12.4 13.7 7.5 2.5 2 1 3 4 4
-3741.6 1050.9 -0.0 79 0 12.2 6.7 5.0 2.5 2 0 2 4 4
-3753.3 1033.3 -0.0 79 0 6.0 8.6 5.0 2.5 2 1 2 5 5
-3757.5 1017.7 0.6 260 0 7.5 10.6 7.5 2.5 2 1 3 4 4
-3775.8 1014.7 0.6 257 0 21.6 11.6 2.5 2.5 2 0 1 0 0
-3796.7 1010.7 0.8 260 0 11.7 12.6 2.5 2.5 2 1 1 1 1
-3818.3 1007.4 0.9 258 0 24.1 13.5 10.0 2.5 2 0 4 3 3
-3844.7 1001.4 1.2 254 0 6.7 11.5 5.0 2.5 2 1 2 0 0
-3837.2 1007.7 1.0 258 0 5.5 15.5 5.0 2.5 4 1 2 2 2
-3884.9 990.0 1.6 254 0 7.9 11.7 5.0 2.5 2 1 2 5 5
-3992.0 993.7 1.1 347 0 58.3 26.2 10.0 2.5 2 0 4 4 4
-3999.9 1029.5 0.7 349 0 15.5 25.8 7.5 2.5 2 0 3 3 3
-4004.8 1051.9 0.5 347 0 30.9 20.0 7.5 0.0 0 0 3 1 1
-3976.6 1055.9 0.3 78 0 13.6 12.5 7.5 2.5 2 0 3 3 3
-3979.7 1008.0 1.1 347 0 19.6 9.4 5.0 2.5 2 0 2 0 0
-2713.4 549.1 -11.6 268 0 5.9 18.3 2.5 2.5 2 1 1 3 3
-2683.1 544.6 -12.0 86 0 17.6 15.0 7.5 2.5 2 0 3 5 5
-2647.9 545.1 -12.0 87 0 18.1 16.1 7.5 2.5 2 0 3 4 4
-2675.8 535.2 -11.9 180 0 10.4 21.0 10.0 2.5 2 1 4 1 1
-2635.3 534.5 -11.9 265 0 17.1 9.9 5.0 2.5 4 0 2 1 1
-2994.7 -5243.1 10.6 280 0 11.1 28.4 7.5 0.0 0 1 3 1 1
-2944.0 -5223.1 10.5 278 0 16.0 51.5 7.5 2.5 2 1 3 1 1
-2946.8 -5290.1 11.0 9 0 12.5 26.9 5.0 2.5 2 1 2 5 5
-2923.6 -5263.7 10.9 191 0 11.8 11.0 5.0 0.0 0 0 2 5 5
-2919.2 -5239.1 10.7 192 0 12.3 10.6 2.5 2.5 2 0 1 0 0
-2922.0 -5280.9 11.1 100 0 9.9 8.0 2.5 2.5 2 0 1 0 0
-2928.7 -5172.3 8.6 11 0 15.7 29.4 7.5 2.5 2 1 3 3 3
-2980.6 -5205.1 9.2 98 0 19.5 14.5 10.0 2.5 2 0 4 5 5
-2990.9 -5164.8 8.7 190 0 13.3 20.1 7.5 2.5 4 1 3 0 0
-2993.4 -5140.3 8.1 151 0 21.5 11.2 7.5 2.5 2 0 3 1 1
-3010.1 -5168.3 8.8 6 0 13.0 23.9 7.5 2.5 2 1 3 2 2
-3051.3 -5142.2 8.6 276 0 12.0 21.1 7.5 2.5 2 1 3 3 3
-2991.9 -5351.3 11.7 91 0 12.4 16.2 7.5 2.5 2 1 3 2 2
-3108.3 -5019.3 6.5 342 0 12.8 10.3 5.0 2.5 2 0 2 1 1
-3132.0 -4988.2 5.9 71 0 9.5 9.2 2.5 0.0 0 0 1 5 5
-3194.5 -5144.3 13.6 345 0 16.9 9.8 5.0 2.5 2 0 2 2 2
-3223.2 -5064.2 12.5 348 0 18.7 10.2 7.5 0.0 0 0 3 5 5
-3213.4 -5059.7 11.5 156 0 13.9 10.2 5.0 2.5 2 0 2 3 3
-3201.3 -5085.3 11.7 156 0 15.6 10.2 5.0 2.5 2 0 2 5 5
-3196.8 -5131.7 13.4 346 0 8.2 15.4 5.0 2.5 2 0 2 0 0
-3218.8 -5149.0 14.5 177 0 7.8 9.0 5.0 2.5 2 1 2 5 5
-3221.8 -5094.1 13.5 347 0 6.3 6.4 5.0 2.5 2 1 2 1 1
-3031.4 -5764.1 21.4 10 0 14.6 16.6 5.0 2.5 2 1 2 4 4
-3000.2 -5584.4 18.8 102 0 10.1 9.2 5.0 2.5 2 0 2 5 5
-3012.3 -5611.7 19.1 98 0 7.8 7.2 2.5 2.5 2 0 1 5 5
-2946.1 -5510.2 16.7 98 0 11.3 22.8 7.5 2.5 2 1 3 3 3
-2992.9 -5498.3 17.0 8 0 13.4 15.6 5.0 2.5 2 0 2 0 0
-3019.1 -5496.2 16.7 188 0 10.4 10.7 2.5 2.5 2 0 1 5 5
-2999.9 -5475.2 16.6 278 0 22.2 9.2 5.0 2.5 2 0 2 2 2
-3482.8 -8108.6 7.7 88 0 20.3 10.2 2.5 2.5 2 0 1 1 1
-3463.4 -8106.9 7.4 87 0 8.6 18.0 2.5 2.5 2 1 1 4 4
-3446.2 -8063.7 6.9 251 0 20.6 11.1 2.5 2.5 2 0 1 4 4
-3089.2 -6889.6 24.4 266 0 13.9 9.4 5.0 2.5 2 0 2 0 0
-3112.8 -6883.4 25.2 269 0 6.3 8.9 2.5 2.5 2 1 1 5 5
-3107.7 -6904.0 24.9 89 0 4.7 10.6 2.5 0.0 0 1 1 2 2
-2950.8 -7073.9 18.3 61 0 8.5 5.4 2.5 0.0 0 0 1 3 3
-3043.9 -7009.2 19.8 175 0 11.2 9.4 2.5 2.5 4 0 1 5 5
-3039.5 -6996.1 20.6 176 0 6.9 14.1 2.5 2.5 2 1 1 5 5
-3014.7 -7012.6 19.4 344 0 4.7 7.5 2.5 2.5 2 1 1 5 5
-3025.5 -7024.1 19.1 74 0 3.4 5.2 2.5 2.5 2 1 1 5 5
-3046.9 -6951.5 21.5 177 0 13.7 10.4 2.5 2.5 2 0 1 3 3
-3056.9 -6708.0 24.1 262 0 9.4 16.5 2.5 0.0 0 1 1 5 5
-3122.6 -6680.5 24.4 80 0 15.3 12.3 2.5 2.5 4 0 1 5 5
-3141.9 -6680.2 24.9 170 0 7.0 11.3 2.5 2.5 2 0 1 4 4
-3140.6 -6659.3 24.2 177 0 4.4 11.9 2.5 2.5 2 1 1 3 3
-3133.1 -6555.6 23.3 349 0 6.2 16.7 2.5 2.5 4 1 1 1 1
-3081.6 -6606.2 23.7 78 0 8.9 16.2 2.5 2.5 2 1 1 1 1
-3058.6 -6585.1 23.8 268 0 22.1 5.7 2.5 2.5 2 0 1 2 2
-3096.9 -6776.6 26.2 264 0 9.1 12.5 2.5 2.5 2 1 1 0 0
-3125.2 -6779.8 25.5 266 0 4.7 11.7 2.5 2.5 2 1 1 2 2
-3037.5 -6736.0 23.6 86 0 4.7 4.9 2.5 2.5 4 1 1 0 0
-3070.2 -6612.7 23.8 81 0 12.4 5.4 2.5 2.5 4 0 1 0 0
-5386.3 -8241.7 25.5 26 0 30.9 10.8 2.5 2.5 2 0 1 0 0
-5378.9 -8273.6 25.6 26 0 12.6 21.1 2.5 2.5 2 1 1 2 2
-5362.2 -8241.0 25.4 26 0 8.6 15.8 2.5 2.5 2 1 1 5 5
-5272.0 -8102.1 24.5 201 0 12.7 12.0 2.5 2.5 2 0 1 4 4
4316.0 -1590.4 -30.0 313 0 10.9 6.0 7.5 2.5 2 0 3 1 1
-5131.4 8128.2 -22.1 45 0 8.5 19.1 2.5 2.5 2 1 1 5 5
-2894.3 5652.6 -25.6 38 0 8.3 50.4 2.5 2.5 2 1 1 0 0
-2865.2 5692.3 -24.9 213 0 24.8 10.2 2.5 2.5 2 0 1 4 4
-2885.4 5829.5 -25.8 302 0 19.2 104.7 2.5 0.0 0 1 1 2 2
-2898.6 5728.8 -25.6 32 0 45.2 13.5 2.5 2.5 2 0 1 1 1
-2878.2 5715.2 -25.3 32 0 42.7 13.6 2.5 2.5 2 0 1 2 2
-2806.7 5664.2 -24.1 301 0 10.3 26.4 2.5 2.5 2 1 1 3 3
-2789.9 5708.9 -23.8 199 0 9.4 17.7 2.5 2.5 2 1 1 4 4
-2792.0 5750.5 -24.1 18 0 23.2 10.5 2.5 2.5 2 0 1 5 5
-2738.6 5880.8 -23.2 194 0 17.7 76.0 2.5 2.5 2 1 1 0 0
-2665.1 5892.7 -22.3 285 0 29.7 16.4 2.5 2.5 2 0 1 2 2
-2614.0 5893.3 -22.2 283 0 13.4 43.6 2.5 2.5 2 1 1 0 0
-2591.6 5804.6 -21.9 17 0 24.7 13.5 2.5 2.5 2 0 1 4 4
-2607.6 5761.5 -22.0 23 0 8.0 9.0 2.5 2.5 2 1 1 4 4
-2629.4 5768.5 -22.2 107 0 13.8 57.8 2.5 2.5 2 1 1 1 1
-2719.9 5746.9 -23.2 105 0 16.9 59.8 2.5 2.5 2 1 1 3 3
-2708.3 5821.2 -23.2 195 0 29.7 17.0 2.5 2.5 2 0 1 3 3
-2690.1 5734.7 -22.8 105 0 13.0 42.2 2.5 2.5 2 1 1 2 2
-2678.6 5778.4 -22.8 105 0 12.6 48.1 2.5 2.5 2 1 1 2 2
-2662.1 5842.2 -22.7 285 0 14.0 16.4 2.5 2.5 2 1 1 5 5
-2728.4 5802.2 -23.4 195 0 11.5 4.3 2.5 0.0 0 0 1 1 1
-2740.2 5750.1 -23.4 106 0 4.8 14.3 2.5 0.0 0 0 1 4 4
-2677.6 5659.1 -22.3 114 0 11.2 35.4 2.5 2.5 2 1 1 5 5
-110.9 -5524.7 30.7 90 0 16.6 24.5 2.5 2.5 2 1 1 4 4
-77.5 -5570.5 30.5 89 0 15.3 69.1 2.5 2.5 2 1 1 4 4
-81.1 -5378.9 31.7 269 0 12.8 89.6 2.5 2.5 2 1 1 1 1
-32.6 -5434.8 32.5 359 0 91.2 19.9 2.5 0.0 0 0 1 0 0
-158.0 -5460.7 30.9 180 0 16.0 45.1 2.5 2.5 2 1 1 3 3
-177.6 -5395.6 30.6 179 0 59.1 13.8 2.5 2.5 2 0 1 0 0
-158.5 -5420.8 31.3 180 0 19.8 10.8 2.5 2.5 2 0 1 4 4
-136.7 -5367.0 30.8 269 0 14.2 58.7 2.5 2.5 2 1 1 3 3
-163.6 -5427.9 31.3 180 0 13.4 5.1 2.5 0.0 0 0 1 2 2
-147.6 -5419.4 31.5 180 0 17.1 4.5 2.5 2.5 2 0 1 1 1
-94.0 -5398.5 32.0 269 0 4.8 6.1 2.5 0.0 0 1 1 2 2
-188.4 -4493.0 10.9 9 0 94.5 19.3 2.5 0.0 0 0 1 1 1
4740.2 2641.7 -34.1 118 0 3.5 7.2 5.0 2.5 2 0 2 3 3
4750.4 2640.3 -34.1 28 0 13.3 7.9 2.5 2.5 2 0 1 5 5
4766.0 2662.6 -34.2 35 0 19.6 5.4 5.0 0.0 0 0 2 3 3
4755.1 2605.4 -34.0 189 0 4.5 6.7 7.5 2.5 2 0 3 1 1
4756.0 2611.4 -34.0 189 0 7.6 15.0 2.5 2.5 2 0 1 4 4
4755.3 2585.7 -34.4 189 0 8.2 10.0 5.0 2.5 2 1 2 2 2
4750.1 2592.1 -34.5 279 0 6.8 13.5 2.5 2.5 2 1 1 1 1
4745.7 2605.3 -34.3 12 0 9.9 14.2 5.0 2.5 2 1 2 5 5
4729.7 2619.7 -34.4 282 0 5.0 15.8 5.0 2.5 2 1 2 5 5
4723.4 2619.9 -34.6 282 0 7.1 20.5 7.5 2.5 2 1 3 5 5
4728.2 2590.7 -34.7 282 0 13.3 5.9 7.5 2.5 4 0 3 0 0
4694.9 2580.6 -35.0 102 0 12.3 7.8 2.5 2.5 2 0 1 4 4
4708.3 2573.9 -35.0 102 0 16.7 12.8 2.5 2.5 2 0 1 2 2
4698.7 2671.1 -34.8 187 0 9.0 4.2 5.0 2.5 2 0 2 2 2
4692.1 2677.9 -35.0 89 0 6.0 5.1 7.5 2.5 2 0 3 4 4
4692.6 2672.3 -35.0 6 0 8.3 13.9 2.5 2.5 2 1 1 5 5
4689.9 2660.7 -34.9 6 0 6.3 14.1 5.0 2.5 2 0 2 0 0
4682.0 2645.2 -34.7 180 0 8.9 11.2 2.5 2.5 2 0 1 2 2
4663.6 2671.6 -35.2 99 0 5.9 8.2 5.0 2.5 2 0 2 5 5
4665.9 2667.3 -35.1 9 0 7.6 7.0 7.5 2.5 2 0 3 4 4
4670.2 2649.8 -34.8 8 0 11.1 12.4 10.0 2.5 2 1 4 3 3
4644.2 2664.3 -34.9 99 0 4.7 6.2 7.5 2.5 2 0 3 5 5
4643.2 2658.2 -34.8 99 0 4.7 6.2 7.5 0.0 0 0 3 1 1
4648.0 2651.8 -34.8 89 0 7.4 3.6 5.0 2.5 2 0 2 3 3
4645.4 2644.0 -34.9 89 0 12.8 7.7 5.0 2.5 4 0 2 2 2
4644.1 2673.4 -35.1 98 0 7.9 7.1 2.5 0.0 0 0 1 5 5
4630.6 2674.7 -35.1 98 0 19.3 9.9 2.5 2.5 4 0 1 3 3
4673.6 2580.8 -35.0 101 0 12.2 7.7 5.0 2.5 2 0 2 0 0
4705.3 2624.1 -34.6 279 0 16.3 12.0 7.5 0.0 0 0 3 2 2
4656.1 2617.7 -34.8 11 0 4.5 8.8 7.5 2.5 2 0 3 1 1
4657.6 2625.1 -34.8 11 0 10.7 8.8 7.5 2.5 2 0 3 5 5
4669.0 2613.1 -34.8 188 0 15.9 7.8 7.5 2.5 4 0 3 1 1
4651.4 2599.0 -34.9 281 0 19.6 4.5 5.0 2.5 2 0 2 5 5
4664.9 2605.2 -34.9 281 0 4.6 8.6 5.0 2.5 2 0 2 1 1
4653.1 2607.8 -34.9 281 0 19.6 9.0 7.5 2.5 2 0 3 5 5
-1951.6 7809.3 -6.5 182 0 7.5 8.9 2.5 2.5 2 1 1 5 5
-6251.1 8281.1 -29.8 151 0 17.8 10.0 2.5 0.0 0 0 1 0 0
-2302.6 5415.4 -19.9 37 0 15.0 11.1 2.5 2.5 2 0 1 1 1
-2358.0 5390.6 -21.6 111 0 7.1 9.3 2.5 0.0 0 1 1 3 3
-2598.1 5508.8 -23.7 287 0 42.5 14.5 2.5 2.5 2 0 1 5 5
-2559.8 5576.1 -22.4 291 0 32.3 14.0 2.5 2.5 2 0 1 3 3
-2670.0 5570.1 -23.6 11 0 11.0 10.6 2.5 2.5 2 0 1 2 2
-2665.8 5519.7 -24.6 198 0 22.6 11.5 2.5 2.5 4 0 1 5 5
-2756.2 6150.3 -21.9 189 0 12.0 20.6 10.0 0.0 0 1 4 1 1
-2950.8 -7342.3 11.7 339 0 6.8 14.4 7.5 2.5 2 1 3 0 0
-2955.7 -7325.2 11.7 339 0 15.4 11.9 5.0 2.5 2 0 2 4 4
-2931.8 -7324.7 14.0 159 0 13.1 8.9 5.0 0.0 0 0 2 3 3
-2924.8 -7289.4 14.7 159 0 8.0 7.8 7.5 2.5 2 0 3 2 2
-2936.4 -7283.0 14.0 159 0 5.5 12.8 5.0 0.0 0 1 2 3 3
-2947.5 -7290.9 13.2 159 0 11.4 8.9 7.5 2.5 2 0 3 5 5
-2949.9 -7270.6 13.1 159 0 9.6 12.2 2.5 2.5 2 1 1 3 3
-2950.3 -7255.9 13.1 159 0 8.7 9.4 7.5 2.5 2 1 3 2 2
-2962.5 -7148.9 18.5 249 0 10.6 7.5 5.0 2.5 2 0 2 3 3
-2986.8 -7137.5 18.2 249 0 12.8 20.5 7.5 2.5 2 1 3 3 3
-2917.6 -7218.9 14.8 339 0 4.3 6.2 7.5 2.5 2 1 3 0 0
-2939.0 -7201.9 16.2 159 0 6.5 6.6 5.0 2.5 2 1 2 4 4
-2945.5 -7216.5 14.2 159 0 6.6 17.0 2.5 2.5 2 1 1 5 5
-2967.8 -7222.1 13.2 158 0 16.3 12.5 5.0 2.5 4 0 2 2 2
-2650.1 5199.9 -25.0 314 0 40.4 14.1 2.5 2.5 2 0 1 2 2
-2687.1 5167.7 -24.9 135 0 21.2 14.4 2.5 2.5 2 0 1 5 5
-2649.1 5130.0 -24.5 135 0 31.6 13.9 2.5 2.5 2 0 1 1 1
-3031.5 5340.2 -20.9 285 0 10.8 8.9 2.5 2.5 2 0 1 5 5
-3139.3 5317.3 -19.2 114 0 22.6 8.4 2.5 2.5 2 0 1 4 4
-3647.3 5845.0 -17.9 79 0 13.7 40.2 2.5 2.5 2 1 1 3 3
-4005.4 5458.9 2.0 73 0 28.3 11.9 2.5 2.5 2 0 1 0 0
-5492.6 5606.0 26.1 118 0 13.0 8.7 2.5 2.5 2 0 1 1 1
-5618.7 5722.3 19.4 305 0 12.6 14.2 2.5 2.5 2 1 1 2 2
-5652.9 5711.4 18.3 125 0 28.6 7.6 2.5 2.5 2 0 1 4 4
-5709.6 5780.6 14.6 307 0 9.1 23.8 2.5 2.5 2 1 1 0 0
-5724.2 5791.0 14.4 304 0 5.5 13.7 2.5 2.5 2 1 1 5 5
-5878.3 5938.6 7.5 123 0 10.4 25.8 2.5 2.5 2 1 1 2 2
-5939.0 6060.2 4.0 121 0 8.8 16.9 2.5 2.5 2 1 1 3 3
-6263.8 6020.4 5.4 301 0 23.6 13.7 2.5 2.5 2 0 1 5 5
-6230.1 6040.7 5.5 297 0 11.1 24.9 2.5 2.5 2 1 1 1 1
-6286.5 6077.2 5.5 294 0 8.9 31.7 2.5 2.5 2 1 1 4 4
-6011.5 5809.1 6.7 40 0 31.0 9.0 2.5 2.5 2 0 1 1 1
-6746.1 6075.8 1.5 56 0 14.1 77.1 2.5 2.5 2 1 1 3 3
-6820.8 6108.6 1.2 328 0 24.1 13.8 2.5 2.5 2 0 1 5 5
-6869.7 6019.2 0.9 179 0 6.8 17.5 2.5 2.5 2 1 1 3 3
-6339.4 5919.9 4.9 126 0 8.0 15.8 2.5 2.5 2 1 1 2 2
-6339.0 5951.1 5.0 124 0 7.1 8.5 2.5 2.5 2 1 1 1 1
-6394.3 5836.7 4.3 31 0 8.1 6.5 2.5 2.5 2 0 1 1 1
-6381.1 5800.5 4.1 336 0 4.9 4.7 2.5 2.5 2 0 1 1 1
-6206.8 6047.5 5.5 297 0 9.3 29.5 2.5 2.5 2 1 1 5 5
-6226.9 6113.4 4.9 113 0 6.7 18.7 2.5 2.5 2 1 1 1 1
-5925.4 6056.3 4.1 120 0 4.7 10.1 2.5 2.5 2 1 1 5 5
-4078.7 3984.4 2.7 61 0 9.9 20.7 2.5 2.5 2 1 1 5 5
-4114.5 3827.1 4.8 81 0 10.0 24.1 2.5 2.5 2 1 1 0 0
-6158.1 2891.3 -1.3 247 0 14.0 54.1 2.5 2.5 2 1 1 2 2
-6128.2 2903.6 -0.9 247 0 13.7 54.6 2.5 2.5 2 1 1 5 5
-6113.2 2940.4 -0.6 248 0 53.8 13.7 2.5 2.5 2 0 1 4 4
-6067.3 2899.6 -0.3 337 0 54.8 13.4 2.5 2.5 2 0 1 0 0
-2642.0 5504.1 -24.0 197 0 6.5 5.9 7.5 2.5 2 0 3 5 5
-6246.7 8300.7 -29.9 154 0 22.4 7.7 2.5 2.5 2 0 1 1 1
-6782.0 -4979.2 14.2 36 0 22.5 79.6 2.5 0.0 0 1 1 3 3
-6773.7 -4983.9 16.3 299 0 8.6 14.8 5.0 0.0 0 1 2 3 3
-6393.1 -5407.4 16.6 132 0 12.7 38.5 2.5 2.5 2 1 1 5 5
-6410.6 -5390.9 17.0 131 0 12.8 39.2 2.5 2.5 2 1 1 1 1
-6430.7 -5372.1 16.7 134 0 10.9 39.0 2.5 2.5 2 1 1 0 0
-6338.7 -5374.0 17.4 40 0 34.7 9.1 2.5 2.5 2 0 1 0 0
-6317.7 -5346.9 17.5 37 0 23.2 7.1 2.5 2.5 2 0 1 2 2
-6364.2 -5310.1 16.6 222 0 41.5 12.6 2.5 2.5 2 0 1 3 3
-6385.4 -5330.3 16.8 222 0 17.3 36.4 2.5 2.5 2 1 1 1 1
-6368.0 -5303.8 16.5 222 0 11.9 7.1 2.5 0.0 0 0 1 0 0
-5632.5 -5420.9 19.9 127 0 11.8 52.9 2.5 2.5 2 1 1 0 0
-5576.3 -5408.4 18.3 128 0 13.2 55.1 2.5 2.5 2 1 1 4 4
-6080.2 -5773.4 19.9 94 0 21.2 11.7 2.5 2.5 2 0 1 5 5
-1755.0 1639.8 15.4 348 0 13.4 23.2 12.5 0.0 0 1 5 2 2
-1757.0 1667.5 15.9 347 0 13.6 23.4 7.5 0.0 0 1 3 4 4
-1807.9 1661.4 15.8 175 0 14.3 24.3 7.5 0.0 0 1 3 3 3
-1757.4 1705.0 16.6 69 0 14.5 25.5 10.0 0.0 0 1 4 1 1
-1750.5 1737.4 17.3 80 0 6.1 10.6 2.5 0.0 0 1 1 5 5
-1896.2 1623.5 15.1 352 0 18.6 10.1 2.5 2.5 2 0 1 5 5
-1885.5 1559.3 14.2 350 0 24.1 10.6 2.5 2.5 2 0 1 3 3
-2114.4 1863.4 18.1 83 0 13.0 38.0 2.5 2.5 2 1 1 1 1
-1796.6 2080.9 18.7 174 0 9.2 11.6 2.5 0.0 0 0 1 0 0
-1717.0 2012.8 18.2 79 0 7.9 15.1 2.5 2.5 2 1 1 0 0
-2173.2 2100.6 12.7 2 0 10.3 9.7 2.5 2.5 2 0 1 1 1
-2172.5 2117.9 12.8 2 0 10.3 9.7 2.5 2.5 2 0 1 3 3
-2132.8 2134.3 13.2 91 0 7.0 53.9 2.5 2.5 2 1 1 3 3
-2125.8 2121.2 13.0 272 0 22.7 5.9 2.5 2.5 2 0 1 2 2
-2157.3 1938.9 15.1 178 0 32.3 7.7 2.5 2.5 2 0 1 5 5
-2515.9 1651.0 16.1 251 0 37.7 10.1 5.0 2.5 2 0 2 4 4
-2333.0 1713.3 15.8 251 0 56.8 10.5 2.5 2.5 2 0 1 1 1
-2387.6 1694.6 15.6 252 0 39.4 12.2 2.5 2.5 2 0 1 5 5
-2284.8 1573.7 12.8 74 0 7.2 12.7 2.5 2.5 2 1 1 5 5
-2532.4 1611.5 16.3 160 0 10.5 6.1 2.5 2.5 2 0 1 3 3
-2422.1 1592.3 14.3 74 0 7.5 13.1 2.5 2.5 2 1 1 5 5
-2407.1 1660.4 15.1 252 0 6.1 8.6 2.5 2.5 2 1 1 5 5
-2350.1 1628.0 14.7 73 0 12.2 5.7 2.5 2.5 2 0 1 5 5
-2325.2 1632.3 14.6 71 0 12.0 7.3 2.5 2.5 2 0 1 0 0
-2141.2 1687.8 15.7 339 0 5.0 6.1 2.5 0.0 0 1 1 3 3
-2137.2 1677.2 15.6 342 0 7.7 6.3 2.5 0.0 0 0 1 5 5
-2076.8 1678.2 15.6 207 0 13.3 10.4 2.5 2.5 2 0 1 3 3
-2089.3 1719.0 16.2 163 0 12.6 6.0 2.5 2.5 2 0 1 2 2
-2062.6 1709.9 16.2 82 0 7.1 4.3 2.5 0.0 0 0 1 5 5
-2035.9 1770.7 17.3 358 0 9.9 5.8 2.5 2.5 2 0 1 5 5
-2042.8 1750.3 16.8 355 0 3.0 10.7 2.5 0.0 0 0 1 3 3
-2100.9 1788.9 17.4 248 0 15.1 10.4 2.5 2.5 2 0 1 2 2
-2113.6 1769.5 17.1 161 0 11.4 6.5 2.5 2.5 2 0 1 0 0
-2164.5 1771.4 16.9 249 0 10.1 8.2 2.5 2.5 2 0 1 0 0
-2149.2 1719.0 16.1 341 0 15.1 5.1 2.5 2.5 2 0 1 0 0
-2259.0 1714.6 15.7 158 0 5.3 11.7 2.5 0.0 0 0 1 0 0
-2303.2 1772.8 15.1 54 0 6.1 9.4 2.5 2.5 2 1 1 0 0
-2346.0 1761.8 15.0 77 0 5.2 3.1 2.5 0.0 0 0 1 3 3
-2442.4 1659.4 15.2 253 0 8.4 6.1 2.5 0.0 0 0 1 5 5
-2467.7 1669.3 15.7 251 0 23.3 7.2 2.5 2.5 2 0 1 5 5
-6589.8 1959.8 9.5 211 0 14.0 21.3 2.5 2.5 2 1 1 4 4
-6521.1 1867.8 10.2 31 0 15.9 55.2 2.5 2.5 2 1 1 1 1
-6721.5 2118.5 7.9 249 0 23.1 76.6 2.5 0.0 0 1 1 0 0
-6667.6 2106.1 8.2 249 0 18.3 45.2 2.5 2.5 2 1 1 4 4
-6647.0 2145.6 8.0 249 0 22.8 76.1 2.5 0.0 0 1 1 4 4
-6382.5 2059.0 9.6 339 0 58.1 14.2 2.5 2.5 2 0 1 4 4
-6413.7 2046.7 9.4 337 0 58.3 14.7 2.5 2.5 2 0 1 3 3
-6604.1 1908.6 9.7 122 0 15.2 34.6 2.5 2.5 2 1 1 2 2
-6621.2 1979.0 9.3 211 0 14.0 21.3 2.5 2.5 2 1 1 5 5
-6360.6 1998.7 9.6 339 0 16.3 46.2 2.5 2.5 2 1 1 5 5
-6429.8 1929.6 10.1 69 0 70.4 16.2 2.5 2.5 2 0 1 0 0
-6516.7 1980.8 9.1 68 0 13.1 41.1 2.5 2.5 2 1 1 4 4
-6512.7 2122.1 8.9 251 0 39.8 13.5 2.5 2.5 2 0 1 1 1
-6677.0 2029.2 8.5 160 0 19.0 42.0 2.5 2.5 2 1 1 3 3
-6729.0 2010.3 8.6 160 0 13.3 36.2 2.5 0.0 0 1 1 3 3
-6644.6 1908.3 9.4 30 0 55.8 15.6 2.5 2.5 2 0 1 5 5
-6610.5 2107.0 8.3 249 0 9.0 25.8 2.5 2.5 2 1 1 5 5
-6390.6 2029.5 9.5 339 0 19.3 10.5 2.5 2.5 2 0 1 3 3
-6352.3 2041.4 9.8 338 0 5.1 8.8 2.5 2.5 2 0 1 2 2
-6618.8 2031.9 8.8 132 0 5.6 5.2 2.5 0.0 0 0 1 4 4
-6685.9 2063.5 8.3 158 0 13.9 13.5 2.5 0.0 0 0 1 1 1
-6680.6 1791.9 10.6 17 0 14.8 6.9 2.5 0.0 0 0 1 0 0
-5479.7 1571.4 9.4 83 0 21.0 11.0 2.5 2.5 2 0 1 2 2
-5540.6 1563.6 9.3 83 0 20.8 11.1 2.5 2.5 2 0 1 0 0
-5524.6 1539.3 9.1 84 0 6.5 22.7 2.5 2.5 2 1 1 5 5
-5510.7 1597.1 9.6 264 0 5.2 11.3 2.5 2.5 2 1 1 4 4
-5717.8 1556.3 9.1 263 0 20.8 10.7 2.5 2.5 2 0 1 1 1
-1793.9 1911.1 20.4 249 0 6.9 19.8 2.5 2.5 2 1 1 3 3
-1860.1 2005.9 19.8 31 0 11.8 10.1 2.5 0.0 0 0 1 5 5
-1934.0 2028.7 17.7 280 0 8.5 36.7 2.5 2.5 2 1 1 0 0
-1923.9 2043.0 17.4 213 0 4.8 11.2 2.5 0.0 0 1 1 3 3
-1980.0 2045.6 15.4 175 0 8.8 11.0 2.5 2.5 2 1 1 4 4
-2152.5 2421.6 16.0 329 0 9.6 12.0 2.5 2.5 2 1 1 4 4
-2173.1 2444.4 16.9 240 0 10.1 7.7 2.5 2.5 2 0 1 4 4
-2156.7 2444.1 16.7 329 0 3.5 4.0 2.5 0.0 0 1 1 3 3
-2151.2 2445.1 16.1 237 0 10.7 16.0 2.5 2.5 2 1 1 0 0
-2147.9 2230.1 14.1 188 0 8.3 7.4 2.5 2.5 2 0 1 4 4
-2117.0 2197.7 13.1 1 0 4.2 4.1 2.5 2.5 2 0 1 4 4
-2130.5 2210.6 13.3 268 0 4.3 13.2 2.5 0.0 0 1 1 4 4
-2128.6 2190.1 13.3 1 0 3.8 10.9 2.5 0.0 0 0 1 5 5
-2158.8 2015.8 12.2 180 0 7.8 5.5 2.5 0.0 0 0 1 5 5
-2089.1 1881.0 18.3 83 0 14.7 31.9 2.5 2.5 2 1 1 0 0
-2208.7 1882.5 16.3 71 0 12.3 8.9 2.5 2.5 2 0 1 1 1
-2168.2 1526.0 11.3 25 0 11.8 8.1 2.5 2.5 2 0 1 5 5
-2158.0 1549.6 11.7 24 0 12.5 8.5 2.5 2.5 2 0 1 0 0
-2368.4 1605.4 14.4 74 0 12.8 10.1 2.5 2.5 2 0 1 1 1
-2316.2 1615.8 14.0 73 0 11.9 9.2 2.5 2.5 4 0 1 4 4
-2409.9 3013.5 9.9 240 0 45.5 17.1 2.5 2.5 2 0 1 5 5
-2360.9 3071.9 5.5 57 0 18.8 62.3 2.5 2.5 2 1 1 1 1
-2446.2 3120.1 6.0 329 0 9.2 21.5 2.5 2.5 2 1 1 0 0
-2508.8 3229.4 6.2 236 0 10.1 23.5 2.5 2.5 2 1 1 4 4
-2515.3 3237.7 6.3 237 0 12.2 10.7 2.5 2.5 2 1 1 3 3
-2523.0 3220.1 6.1 237 0 21.6 60.7 2.5 2.5 2 1 1 2 2
-2540.0 3209.2 6.3 237 0 21.0 60.7 2.5 2.5 2 1 1 0 0
-2601.9 3210.6 7.0 238 0 9.8 24.7 5.0 2.5 2 1 2 0 0
-2561.4 3172.9 6.8 148 0 13.5 6.3 5.0 0.0 0 0 2 1 1
-2583.7 3171.8 6.9 146 0 15.5 21.0 2.5 0.0 0 0 1 4 4
-2479.7 3334.9 5.8 238 0 13.9 23.6 5.0 2.5 8 1 2 1 1
-2368.8 3176.7 5.1 57 0 53.1 127.3 2.5 0.0 0 1 1 5 5
-2377.0 3248.6 5.2 327 0 8.2 5.5 7.5 0.0 0 0 3 1 1
-2566.8 3137.6 6.9 147 0 4.4 6.2 2.5 2.5 2 1 1 0 0
-2200.0 2026.4 12.1 356 0 7.0 11.3 2.5 2.5 2 1 1 4 4
-2169.9 2082.1 12.6 7 0 10.3 10.9 2.5 2.5 2 1 1 2 2
-2171.3 2058.2 12.4 4 0 9.9 19.4 2.5 2.5 2 1 1 0 0
-2109.7 2089.0 12.9 2 0 4.1 3.2 2.5 0.0 0 0 1 0 0
-2149.9 2106.3 12.8 184 0 16.3 10.1 2.5 2.5 2 0 1 0 0
-2178.7 1994.3 12.6 356 0 8.8 10.2 2.5 2.5 2 0 1 4 4
-2178.2 1985.5 12.9 357 0 8.9 10.2 2.5 2.5 2 0 1 2 2
-2189.6 2004.2 12.0 1 0 7.9 4.7 2.5 0.0 0 0 1 2 2
-2183.1 2040.4 12.2 356 0 11.8 9.4 2.5 2.5 2 0 1 4 4
-2208.6 1975.7 12.8 175 0 6.9 9.2 2.5 0.0 0 1 1 1 1
-2210.2 1996.2 12.0 181 0 5.3 6.9 2.5 0.0 0 1 1 3 3
-2228.0 2063.1 12.2 180 0 6.0 11.0 2.5 0.0 0 1 1 5 5
-2242.2 2053.4 12.0 183 0 6.9 8.0 2.5 2.5 2 1 1 0 0
-2451.7 1765.2 15.0 167 0 11.9 9.1 2.5 0.0 0 0 1 1 1
-2032.9 4756.1 -24.9 136 0 14.7 36.5 7.5 2.5 2 1 3 2 2
-2148.2 4861.2 -25.7 136 0 13.0 56.2 12.5 2.5 2 1 5 0 0
-2060.7 4880.7 -24.7 316 0 27.7 11.4 7.5 2.5 2 0 3 4 4
-2086.7 4854.0 -25.1 136 0 60.3 13.4 7.5 2.5 2 0 3 2 2
-2106.3 4826.8 -25.6 134 0 71.3 16.7 10.0 2.5 2 0 4 5 5
-2171.2 5006.1 -24.4 225 0 26.9 99.1 7.5 0.0 0 1 3 4 4
-2174.8 4931.5 -25.2 135 0 100.2 26.2 7.5 0.0 0 0 3 3 3
-2358.1 5260.1 -23.1 44 0 41.1 12.3 10.0 2.5 2 0 4 1 1
-2321.6 5258.9 -23.3 314 0 14.0 40.6 7.5 2.5 2 1 3 4 4
-2342.9 5195.7 -23.7 134 0 15.5 60.7 10.0 2.5 2 1 4 3 3
-2243.1 5206.9 -23.0 133 0 112.7 12.7 7.5 2.5 4 0 3 5 5
-2472.2 5557.5 -21.1 42 0 11.3 34.6 10.0 2.5 2 1 4 2 2
-2479.5 5541.7 -21.5 44 0 11.5 29.5 10.0 2.5 2 1 4 4 4
-2470.4 5652.4 -19.8 114 0 15.2 8.9 10.5 2.5 2 0 3 2 2
-2471.8 5640.7 -20.0 114 0 8.3 11.3 10.5 2.5 2 0 3 4 4
-2475.9 5630.4 -20.2 114 0 21.9 11.1 7.0 2.5 2 0 2 4 4
-2424.0 6081.3 -19.4 20 0 5.9 11.2 10.5 2.5 2 1 3 4 4
-2453.3 6088.9 -19.6 200 0 11.7 5.5 7.5 2.5 2 0 3 1 1
-2460.5 6062.9 -20.1 200 0 17.2 12.2 7.0 2.5 4 0 2 5 5
-2382.7 5599.1 -19.7 309 0 9.0 20.6 7.5 0.0 0 0 3 0 0
-2414.3 5589.5 -20.0 219 0 13.3 37.1 7.5 2.5 2 0 3 5 5
-2709.0 5346.5 -25.0 135 0 50.4 14.2 10.0 0.0 0 0 4 0 0
-2681.8 5315.9 -25.0 135 0 26.6 20.2 10.0 2.5 2 0 4 1 1
-2782.5 5624.9 -23.3 300 0 5.9 5.4 5.0 2.5 2 0 2 0 0
-2772.2 5613.2 -23.5 300 0 3.3 5.9 5.0 2.5 2 0 2 1 1
-2775.6 5624.2 -23.4 300 0 6.9 9.5 5.0 2.5 2 0 2 1 1
-2769.1 5620.4 -23.4 300 0 8.3 7.8 7.5 2.5 2 0 3 2 2
-2764.0 5615.7 -23.6 300 0 5.1 13.4 7.5 2.5 2 0 3 1 1
-2772.6 5559.4 -23.8 114 0 11.3 20.2 2.5 2.5 2 1 1 1 1
620.0 5797.3 -1.2 120 0 3.1 11.5 5.0 2.5 2 1 2 4 4
606.8 5791.9 -0.9 209 0 18.0 7.4 7.5 0.0 0 0 3 4 4
1049.5 6418.5 -4.2 35 0 10.9 8.9 7.5 2.5 2 0 3 1 1
1041.0 6421.8 -4.0 35 0 6.5 5.6 5.0 2.5 2 0 2 4 4
1059.2 6363.5 -6.1 204 0 11.8 6.9 5.0 0.0 0 0 2 2 2
1056.5 6347.7 -6.4 114 0 3.4 5.8 5.0 2.5 2 0 2 2 2
1038.9 6355.0 -6.7 204 0 12.6 17.4 10.0 2.5 2 0 4 1 1
1066.1 6344.9 -6.6 205 0 16.6 41.8 7.5 2.5 2 1 3 5 5
702.2 6234.2 -2.4 52 0 6.1 7.4 7.5 0.0 0 1 3 4 4
562.7 6191.7 -1.4 255 0 16.3 6.7 2.5 2.5 2 0 1 3 3
-4084.0 3846.5 4.9 81 0 6.1 9.2 7.5 2.5 2 0 3 0 0
-4082.0 3833.2 5.0 81 0 6.1 13.5 7.5 2.5 2 0 3 4 4
2844.6 -1702.6 -26.4 152 0 11.0 11.5 5.0 2.5 2 0 2 2 2
2818.4 -1721.9 -27.6 62 0 10.0 11.6 2.5 2.5 2 0 1 2 2
2797.6 -1745.2 -28.0 64 0 11.5 10.4 7.5 2.5 2 0 3 3 3
2770.3 -1759.8 -29.0 62 0 11.7 11.2 5.0 2.5 2 0 2 5 5
2742.3 -1774.1 -29.9 62 0 11.2 10.4 5.0 2.5 2 0 2 1 1
2716.2 -1787.4 -30.8 63 0 10.1 9.9 5.0 0.0 0 0 2 3 3
2688.4 -1801.4 -31.0 64 0 12.0 10.0 7.5 0.0 0 0 3 3 3
5065.3 -515.6 -25.6 327 0 16.0 10.2 5.0 2.5 2 0 2 0 0
5074.0 -529.0 -25.5 327 0 16.0 10.2 7.5 2.5 2 0 3 2 2
4788.9 -1098.3 -35.0 177 0 14.9 7.8 7.5 2.5 2 0 3 5 5
4575.6 -1397.2 -33.8 232 0 7.5 9.6 2.5 2.5 2 0 1 3 3
4569.7 -1401.8 -33.7 232 0 7.5 9.6 2.5 2.5 2 0 1 5 5
5398.0 -1201.2 -25.7 57 0 22.6 15.5 7.5 2.5 4 0 3 1 1
4445.4 -1906.3 -27.4 160 0 7.4 8.5 5.0 2.5 2 0 2 4 4
4432.0 -1868.2 -27.2 161 0 7.5 8.4 5.0 2.5 2 0 2 1 1
4416.7 -1824.9 -26.9 161 0 7.4 8.2 5.0 0.0 0 0 2 0 0
3963.2 -3731.0 -13.5 339 0 25.4 19.0 7.5 0.0 0 0 3 5 5
3880.6 -3604.2 -13.2 250 0 24.2 126.3 12.5 0.0 0 1 5 5 5
3836.2 -3618.4 -13.2 249 0 23.9 128.3 10.0 0.0 0 1 4 2 2
1034.5 1859.3 -19.3 195 0 6.1 5.3 7.5 2.5 2 0 3 5 5
670.2 1850.6 -18.9 273 0 11.9 25.4 7.5 0.0 0 1 3 5 5
2623.6 3455.6 6.6 28 0 16.8 8.5 2.5 2.5 2 0 1 5 5
2144.2 -6146.5 13.6 208 0 13.7 33.5 10.0 2.5 2 1 4 1 1
3748.1 -6049.2 6.0 287 0 16.9 14.4 7.0 2.5 2 0 2 5 5
-2331.5 -8052.2 14.9 197 0 10.5 23.3 5.0 2.5 2 1 2 2 2
-2708.4 -7727.9 18.4 254 0 3.3 8.4 7.5 2.5 2 0 3 4 4
-2703.6 -7712.2 18.3 254 0 14.6 40.3 12.5 2.5 2 0 5 5 5
-2552.9 -7747.3 20.7 359 0 31.0 28.1 10.0 0.0 0 0 4 5 5
-2538.4 -7685.3 21.4 165 0 42.8 12.6 7.5 0.0 0 0 3 4 4
-2570.1 -7700.0 21.9 344 0 8.1 21.4 7.5 2.5 2 1 3 4 4
-2852.5 -7519.9 12.2 346 0 20.1 12.5 10.0 2.5 4 0 4 1 1
-2852.8 -7539.9 12.3 346 0 18.6 7.5 10.5 0.0 0 0 3 3 3
-2906.5 -8053.1 9.8 90 0 7.7 19.4 7.5 2.5 2 0 3 1 1
-2922.1 -8045.3 9.4 90 0 23.4 8.1 5.0 2.5 4 0 2 2 2
-2937.6 -8053.7 9.2 90 0 7.7 20.1 7.5 2.5 4 0 3 3 3
-6321.5 -4887.0 17.1 19 0 16.3 53.3 15.0 0.0 0 1 6 3 3
-6250.3 -4971.8 17.3 189 0 15.6 45.8 7.5 2.5 2 1 3 0 0
-6198.6 -5072.8 18.9 25 0 44.4 13.7 10.0 2.5 2 0 4 4 4
-4104.4 -4136.5 -26.8 12 0 8.8 28.2 5.0 2.5 2 0 2 1 1
-4100.9 -4052.5 -28.3 282 0 28.0 8.3 5.0 2.5 2 0 2 0 0
-4102.6 -4060.6 -28.2 282 0 28.1 70.2 10.0 0.0 0 0 4 2 2
-4071.6 -4147.7 -26.7 13 0 24.0 11.8 7.5 0.0 0 0 3 0 0
-4090.4 -4152.4 -26.2 11 0 6.1 41.7 7.5 2.5 2 1 3 4 4
-4140.0 -4161.2 -26.2 13 0 23.0 45.6 12.5 0.0 0 1 5 0 0
-4140.8 -4051.0 -28.2 283 0 22.5 74.2 10.0 0.0 0 1 4 5 5
-4187.2 -4040.1 -28.3 282 0 23.1 74.7 15.0 0.0 0 1 6 4 4
