6460.3 -7118.3 -19.9 16 0 11.6 8.0 5.0 2.5 2 0 2 0 0
6472.9 -7163.4 -19.4 181 0 14.8 8.2 7.5 2.5 2 0 3 2 2
6457.7 -7427.5 -20.7 75 0 13.5 25.1 5.0 2.5 2 1 2 3 3
6846.7 -3871.8 -19.0 228 0 4.9 7.4 5.0 2.5 2 1 2 5 5
6861.3 -3855.2 -19.0 221 0 6.3 7.2 2.5 2.5 2 1 1 4 4
6803.0 -3921.0 -18.6 232 0 7.9 5.0 5.0 2.5 2 0 2 1 1
6914.4 -3906.7 -18.3 315 0 6.2 9.5 5.0 2.5 2 1 2 4 4
6921.5 -3806.6 -18.0 351 0 12.1 11.4 7.5 2.5 2 0 3 4 4
6837.5 -3886.6 -18.9 223 0 21.2 12.9 12.5 2.5 2 0 5 3 3
6880.6 -3960.0 -18.4 51 0 59.7 9.7 7.5 2.5 2 0 3 1 1
6897.2 -3841.1 -18.7 239 0 6.5 9.8 7.5 2.5 2 1 3 4 4
6797.0 -3930.4 -18.6 197 0 7.4 4.6 5.0 2.5 2 0 2 0 0
6927.6 -3822.1 -18.1 337 0 5.6 7.9 5.0 2.5 2 1 2 2 2
-6883.7 1470.0 6.1 281 0 40.3 14.3 10.0 2.5 2 0 4 5 5
-6854.3 1517.9 -0.3 191 0 14.2 148.0 12.5 0.0 0 1 5 2 2
-6858.5 1494.0 5.8 11 0 14.2 40.2 10.0 2.5 2 1 4 5 5
6772.8 -8234.7 -20.2 28 0 11.2 15.5 5.0 2.5 2 1 2 0 0
6748.3 -8222.8 -20.3 120 0 10.7 21.3 7.5 2.5 2 1 3 2 2
6798.0 -8203.0 -18.3 19 0 17.0 9.0 7.5 2.5 2 0 3 3 3
5581.4 -8196.3 -20.4 289 0 14.9 3.8 5.0 2.5 2 0 2 0 0
5690.2 -7857.2 -21.6 197 0 6.4 14.0 7.5 2.5 2 1 3 3 3
5696.6 -7847.0 -21.6 196 0 10.7 11.2 7.5 2.5 2 1 3 1 1
5654.5 -7891.5 -21.8 195 0 8.8 10.1 7.5 2.5 2 1 3 2 2
6555.7 6376.7 -11.5 335 0 19.1 14.2 10.0 2.5 4 0 4 3 3
6602.0 6492.1 -10.3 67 0 40.5 9.3 7.5 2.5 2 0 3 2 2
6740.3 6553.4 -8.0 65 0 45.7 18.6 10.0 2.5 2 0 4 1 1
6898.3 6494.6 -8.7 247 0 30.9 12.7 5.0 2.5 2 0 2 4 4
6845.9 6727.1 -10.3 334 0 35.8 13.5 10.0 2.5 2 0 4 2 2
6543.8 6446.7 -10.8 335 0 38.2 12.1 10.0 2.5 4 0 4 1 1
6626.6 6596.6 -9.0 334 0 15.2 47.0 10.0 2.5 2 1 4 0 0
6810.1 6689.5 -10.1 64 0 36.6 13.7 10.0 2.5 2 0 4 2 2
6532.3 6471.4 -10.4 335 0 16.4 12.1 5.0 2.5 2 0 2 0 0
6948.0 6564.6 -11.6 155 0 16.3 97.0 5.0 2.5 2 1 2 1 1
6804.3 6739.2 -10.3 245 0 5.0 24.1 5.0 2.5 2 1 2 0 0
6792.9 6573.8 -8.2 67 0 12.6 8.0 5.0 0.0 0 0 2 3 3
6738.8 6272.4 -7.2 339 0 7.8 10.3 2.5 2.5 2 1 1 4 4
6563.3 6466.9 -10.5 156 0 18.5 11.7 5.0 2.5 2 0 2 0 0
6633.5 6389.7 -11.5 246 0 46.5 18.8 12.5 2.5 4 0 5 3 3
6548.9 6572.3 -9.5 245 0 44.6 18.1 7.5 2.5 2 0 3 4 4
6570.2 6370.1 -11.4 160 0 42.3 18.7 7.5 2.5 2 0 3 1 1
6648.2 6557.3 -9.6 335 0 17.2 49.7 7.5 0.0 0 1 3 1 1
6523.5 6513.9 -10.1 334 0 43.4 18.3 7.5 2.5 2 0 3 2 2
6861.1 6537.4 -9.4 155 0 38.9 10.5 7.5 0.0 0 0 3 3 3
6555.9 6406.6 -11.0 65 0 12.1 22.3 7.5 2.5 2 0 3 5 5
6612.0 6474.9 -10.4 66 0 8.8 7.2 7.5 2.5 2 0 3 4 4
6825.1 6559.5 -8.1 332 0 6.1 12.1 7.5 2.5 2 1 3 2 2
6544.5 6510.0 -10.1 156 0 36.9 48.9 7.5 0.0 0 1 3 2 2
6870.5 6680.9 -10.1 334 0 19.4 16.3 10.0 2.5 2 0 4 1 1
6870.3 6745.3 -10.3 155 0 6.1 11.7 2.5 2.5 4 0 1 0 0
6854.8 6752.3 -10.3 155 0 19.7 16.9 10.0 2.5 2 0 4 4 4
6959.1 6772.8 -10.4 335 0 18.2 98.9 7.5 0.0 0 0 3 5 5
6520.0 6434.8 -10.8 155 0 23.4 14.5 7.5 2.5 2 0 3 1 1
-6039.9 5317.1 -17.3 234 0 12.7 10.5 3.5 2.5 2 0 1 1 1
-6816.5 -8005.3 -18.7 3 0 17.7 10.6 10.0 2.5 2 0 4 5 5
6748.6 -5062.4 -20.8 318 0 7.9 7.7 5.0 2.5 2 0 2 0 0
6295.5 -7216.6 -19.7 205 0 13.7 9.1 5.0 0.0 0 0 2 3 3
6524.5 -6850.1 -20.6 195 0 12.7 8.3 7.5 2.5 2 0 3 3 3
6250.2 -7256.4 -20.5 218 0 16.1 10.3 7.5 2.5 2 0 3 5 5
6565.9 -6698.7 -20.4 204 0 10.9 10.3 5.0 2.5 2 0 2 4 4
6553.1 -6757.1 -20.1 190 0 10.6 8.5 7.5 2.5 2 0 3 0 0
6539.5 -6803.1 -20.7 196 0 6.1 12.0 7.5 2.5 4 1 3 0 0
6408.7 -7146.3 -19.5 239 0 10.7 10.2 5.0 2.5 2 0 2 2 2
6397.3 -7153.2 -19.5 239 0 16.1 10.2 5.0 2.5 2 0 2 0 0
6263.1 -7238.1 -20.0 229 0 7.4 7.6 7.5 2.5 2 1 3 5 5
6183.4 -7300.3 -20.5 221 0 12.4 10.6 7.5 2.5 2 0 3 4 4
6514.2 -6885.0 -20.4 191 0 9.4 17.2 7.5 2.5 4 1 3 0 0
5864.4 -7640.4 -20.4 129 0 10.0 12.3 5.0 2.5 2 1 2 2 2
5987.7 -7489.6 -21.3 308 0 12.3 12.4 2.5 2.5 4 1 1 3 3
-6590.3 5398.5 -9.9 90 0 15.2 9.4 2.5 2.5 2 0 1 0 0
-6377.7 5400.6 -13.7 99 0 6.8 8.3 5.0 2.5 2 1 2 0 0
-6471.7 5428.6 -15.6 282 0 13.8 7.3 5.0 0.0 0 0 2 4 4
-6200.8 5413.0 -17.8 163 0 19.9 15.6 12.5 0.0 0 0 5 5 5
-6515.2 5401.6 -11.5 86 0 10.0 8.0 5.0 2.5 2 0 2 5 5
-6416.8 5401.0 -12.4 89 0 15.9 7.4 3.5 0.0 0 0 1 2 2
-6352.2 5399.8 -13.3 93 0 8.8 8.6 2.5 2.5 2 0 1 0 0
-6215.9 5422.0 -17.9 335 0 18.1 8.6 7.5 2.5 2 0 3 4 4
-6565.1 5412.9 -11.7 99 0 8.6 4.7 7.5 2.5 4 0 3 2 2
-6212.1 5438.8 -18.7 159 0 6.4 13.3 7.5 2.5 2 1 3 5 5
-6315.0 5397.4 -12.5 98 0 7.2 8.9 7.5 2.5 2 1 3 1 1
-6560.5 5394.0 -8.2 88 0 12.5 6.0 5.0 2.5 2 0 2 2 2
-6550.4 5394.2 -8.2 89 0 7.7 6.0 7.5 2.5 2 0 3 1 1
-6336.1 5399.1 -12.9 92 0 9.1 9.2 7.5 2.5 2 1 3 1 1
-6705.5 1451.2 0.3 191 0 42.2 14.1 10.0 2.5 2 0 4 2 2
-6805.0 2519.5 8.2 184 0 19.4 11.4 5.0 2.5 2 0 2 2 2
-6702.4 1154.0 1.2 222 0 6.7 9.8 2.5 2.5 2 1 1 4 4
-6658.2 1169.8 0.1 128 0 5.4 9.9 7.5 2.5 2 1 3 2 2
-6844.6 1393.2 5.7 107 0 6.0 14.9 5.0 2.5 2 1 2 3 3
-6767.8 1449.2 3.7 276 0 19.9 7.8 2.5 2.5 2 0 1 5 5
-6715.8 1227.6 2.7 115 0 9.9 9.3 7.5 2.5 2 0 3 0 0
-6696.6 1214.8 1.9 119 0 8.3 8.8 7.5 0.0 0 1 3 2 2
-6714.2 1287.9 2.2 205 0 9.3 9.8 7.5 2.5 2 1 3 1 1
-6722.6 1267.4 3.5 211 0 12.0 7.3 5.0 2.5 2 0 2 1 1
-6704.2 1246.4 2.7 115 0 7.4 13.8 2.5 2.5 2 1 1 2 2
-6686.0 1231.6 1.7 116 0 7.8 12.7 7.5 2.5 2 1 3 0 0
-6687.5 1292.0 -0.0 191 0 9.6 7.0 5.0 0.0 0 0 2 0 0
-6949.5 -227.1 -8.6 253 0 4.2 14.6 7.5 2.5 2 1 3 4 4
-6943.3 -498.9 -8.3 263 0 12.9 11.0 7.5 2.5 2 0 3 4 4
-6919.3 -517.1 -7.6 354 0 10.2 8.1 5.0 2.5 2 0 2 4 4
-6620.1 -1164.6 -2.8 12 0 9.7 9.9 5.0 2.5 2 1 2 0 0
-6622.1 -1183.7 -2.9 15 0 7.7 11.7 5.0 2.5 2 1 2 1 1
-6868.6 1176.3 7.5 337 0 6.6 12.9 2.5 2.5 2 1 1 4 4
-6642.5 5398.0 -9.9 89 0 9.8 8.5 5.0 2.5 2 0 2 2 2
-6852.8 6068.6 -21.6 186 0 6.8 22.0 2.5 2.5 2 1 1 4 4
-6791.0 6338.8 -17.4 88 0 10.0 18.2 2.5 2.5 4 1 1 2 2
-6526.8 7884.8 -9.2 56 0 6.7 6.7 2.5 0.0 0 1 1 2 2
-6514.1 7886.7 -9.2 54 0 3.5 5.2 2.5 0.0 0 1 1 1 1
-6401.7 6332.2 -21.2 208 0 8.6 30.8 2.5 2.5 2 1 1 5 5
-6171.4 5382.2 -15.6 265 0 9.9 6.0 3.5 2.5 2 0 1 2 2
-6623.3 5400.1 -10.2 94 0 14.6 8.0 7.5 2.5 2 0 3 4 4
-6666.6 5420.8 -14.1 182 0 14.4 4.2 2.5 2.5 2 0 1 1 1
-6665.1 5403.7 -10.3 177 0 8.4 9.7 2.5 2.5 2 1 1 1 1
-6592.9 -4153.2 -17.1 5 0 13.5 23.2 7.5 2.5 2 1 3 0 0
-6642.1 -4118.6 -17.3 184 0 15.1 16.5 12.5 2.5 2 1 5 2 2
-6801.5 -5070.9 -18.6 113 0 4.0 5.7 5.0 2.5 2 1 2 4 4
-6785.2 -6876.2 -12.3 348 0 5.4 6.3 7.5 2.5 2 1 3 2 2
-6843.1 -6949.2 -10.0 269 0 13.7 7.2 2.5 2.5 2 0 1 4 4
-6794.2 -6938.5 -11.2 276 0 5.9 6.0 7.5 2.5 2 1 3 3 3
-6878.2 -7104.7 -7.6 175 0 14.0 10.4 7.5 2.5 2 0 3 0 0
-6895.3 -7036.6 -8.2 174 0 9.5 20.6 7.5 2.5 2 1 3 1 1
-6742.0 -6954.7 -12.5 94 0 8.7 12.1 2.5 2.5 4 1 1 0 0
-6914.4 -6938.6 -9.0 84 0 3.6 8.4 7.5 2.5 2 1 3 3 3
-6702.3 -6949.7 -13.4 93 0 11.3 8.4 2.5 2.5 4 0 1 5 5
-6772.5 -6947.5 -11.7 275 0 8.9 13.3 5.0 2.5 2 1 2 0 0
-6781.1 -6934.6 -11.6 274 0 6.0 5.8 7.5 2.5 2 0 3 0 0
-6898.2 -6986.8 -8.7 176 0 7.4 21.2 5.0 2.5 2 1 2 3 3
-6702.2 -6912.7 -13.8 253 0 12.5 11.1 5.0 2.5 2 0 2 0 0
-6684.7 -6893.8 -14.6 84 0 14.2 11.2 7.5 2.5 2 0 3 0 0
-6831.3 -6887.7 -11.3 262 0 4.2 7.2 7.5 2.5 4 1 3 3 3
-6817.1 -6972.4 -10.4 93 0 8.4 6.9 2.5 2.5 2 0 1 3 3
-6689.9 -6883.2 -14.6 84 0 6.7 31.1 7.5 2.5 2 0 3 1 1
-6898.5 -7014.7 -8.0 171 0 16.3 5.2 7.5 2.5 2 0 3 5 5
-6944.3 -7014.2 -7.0 151 0 15.2 11.7 7.5 2.5 2 0 3 4 4
-6641.2 -6906.3 -15.1 231 0 11.5 6.9 5.0 2.5 2 0 2 4 4
-6802.3 -6946.1 -11.0 275 0 9.2 13.9 5.0 2.5 2 1 2 5 5
-6793.9 -6920.4 -11.7 73 0 16.2 8.9 2.5 2.5 2 0 1 5 5
-6851.6 -7084.5 -8.2 354 0 8.5 23.3 5.0 2.5 2 1 2 5 5
-6791.2 -6897.7 -12.1 13 0 7.3 7.6 5.0 2.5 2 1 2 3 3
-6663.2 -6871.7 -15.1 84 0 17.8 9.3 7.5 0.0 0 0 3 4 4
-6495.2 -6843.7 -17.8 78 0 8.7 6.1 7.5 2.5 2 0 3 2 2
-6542.7 -6835.8 -17.2 81 0 19.5 7.9 2.5 2.5 2 0 1 2 2
-6565.4 -6783.8 -17.0 169 0 16.6 3.6 5.0 2.5 2 0 2 2 2
-6642.6 -6826.5 -15.5 264 0 4.6 12.9 5.0 2.5 2 1 2 1 1
-6669.1 -6903.4 -14.6 273 0 18.0 11.0 5.0 2.5 2 0 2 5 5
-6452.0 -6804.6 -18.6 250 0 3.7 8.9 5.0 2.5 2 1 2 5 5
-6419.4 -6849.3 -19.0 100 0 18.8 7.8 7.5 2.5 2 0 3 4 4
-6407.4 -6832.6 -19.1 351 0 4.5 7.3 5.0 2.5 2 1 2 0 0
-6501.0 -6773.9 -18.1 285 0 12.6 6.7 5.0 2.5 4 0 2 3 3
-6438.9 -6844.4 -18.7 100 0 8.9 12.8 5.0 2.5 2 1 2 4 4
-6556.9 -6761.4 -17.3 260 0 3.7 28.8 7.5 2.5 2 1 3 1 1
-6468.0 -6837.7 -18.3 77 0 12.5 14.8 2.5 0.0 0 1 1 0 0
-6611.8 -6842.4 -16.0 263 0 16.4 10.0 7.5 2.5 2 0 3 5 5
-6557.9 -6865.7 -16.7 71 0 11.6 11.4 5.0 2.5 2 0 2 3 3
-6535.0 -6853.8 -17.1 68 0 15.3 8.4 2.5 2.5 2 0 1 0 0
-6470.1 -6808.3 -18.2 338 0 11.8 41.1 7.5 2.5 2 1 3 3 3
-6604.7 -6881.1 -15.9 79 0 5.7 5.5 2.5 2.5 2 0 1 2 2
-6420.7 -6826.0 -18.9 270 0 4.8 8.3 2.5 2.5 4 1 1 5 5
-6628.5 -6898.3 -15.4 249 0 4.8 9.5 5.0 2.5 2 1 2 5 5
-6624.2 -6867.2 -15.7 78 0 6.2 16.5 5.0 2.5 2 1 2 5 5
-6619.1 -6883.7 -15.7 77 0 9.1 9.1 5.0 2.5 2 1 2 3 3
-6549.6 -6760.0 -17.4 261 0 3.6 28.8 2.5 2.5 2 1 1 3 3
-6641.5 -6878.1 -15.3 80 0 6.2 11.4 5.0 2.5 2 1 2 1 1
-6637.4 -6887.2 -15.4 81 0 11.6 8.5 5.0 2.5 2 0 2 1 1
-6942.9 -6909.2 -9.1 182 0 10.0 12.0 7.5 2.5 2 1 3 1 1
-6952.9 -6923.2 -8.7 182 0 9.6 7.2 5.0 0.0 0 0 2 4 4
-6950.9 -7962.0 -18.1 212 0 7.6 27.5 5.0 2.5 2 1 2 2 2
-6844.7 -7990.6 -18.5 275 0 25.7 11.9 10.0 2.5 4 0 4 2 2
-6957.8 -7944.6 -18.2 213 0 21.1 8.9 5.0 2.5 2 0 2 3 3
-6924.0 -7946.8 -17.3 303 0 20.4 9.8 5.0 2.5 4 0 2 1 1
-6875.2 -8015.1 -18.9 190 0 19.0 18.9 7.5 2.5 2 0 3 5 5
-4979.6 -8049.4 -18.3 149 0 5.5 9.8 5.0 2.5 2 1 2 5 5
-6149.8 5291.0 -14.9 281 0 6.7 3.9 7.5 2.5 4 0 3 2 2
-6249.6 5601.4 -18.7 187 0 4.7 11.9 7.5 0.0 0 1 3 2 2
-6253.7 5664.5 -20.2 89 0 3.0 3.1 7.5 2.5 2 0 3 3 3
-6288.7 5316.5 -4.6 64 0 8.0 10.2 7.5 2.5 2 0 3 3 3
-6239.9 5316.9 -8.9 214 0 7.5 8.0 7.5 2.5 2 1 3 0 0
-6255.5 5671.8 -20.4 177 0 8.5 4.7 2.5 0.0 0 0 1 0 0
-6208.4 5385.5 -16.5 71 0 11.1 15.4 7.5 2.5 2 1 3 3 3
-6250.7 5639.4 -19.4 179 0 4.0 6.1 5.0 2.5 2 1 2 0 0
-6253.7 5655.5 -20.0 172 0 9.8 5.0 7.5 2.5 2 0 3 2 2
-6256.5 5591.6 -19.0 360 0 7.6 8.4 7.5 2.5 2 0 3 3 3
-6240.9 5564.5 -18.9 178 0 18.1 10.0 2.5 2.5 2 0 1 3 3
-6266.4 5673.7 -20.6 354 0 13.1 7.9 5.0 2.5 2 0 2 1 1
-6268.6 5300.9 -4.3 237 0 6.5 6.6 2.5 2.5 2 0 1 2 2
-6160.3 5342.0 -14.2 349 0 4.5 9.4 5.0 2.5 4 0 2 2 2
-6225.5 5532.6 -19.1 170 0 6.8 4.4 5.0 2.5 2 0 2 4 4
-6243.5 5327.4 -9.6 46 0 7.0 8.8 2.5 2.5 2 1 1 4 4
-6249.8 5587.0 -18.8 182 0 8.7 5.1 7.5 2.5 2 0 3 1 1
-6196.8 5251.7 -10.5 216 0 6.3 13.9 2.5 2.5 2 0 1 4 4
-6283.8 5405.1 -15.9 94 0 11.7 8.1 5.0 2.5 4 0 2 0 0
-6250.9 5512.6 -19.9 337 0 11.5 6.4 5.0 2.5 2 0 2 3 3
-6244.3 5515.5 -19.7 159 0 18.2 6.8 7.5 2.5 2 0 3 5 5
-6228.3 5354.8 -13.9 8 0 8.5 11.2 7.5 2.5 4 0 3 0 0
-6242.5 5475.0 -20.1 354 0 7.4 11.3 5.0 2.5 2 1 2 2 2
-6239.5 5502.9 -19.8 158 0 8.7 5.6 7.5 2.5 2 0 3 4 4
-6256.3 5617.7 -19.1 4 0 17.2 6.6 7.5 2.5 2 0 3 5 5
-6258.0 5317.3 -7.5 51 0 10.3 7.2 7.5 2.5 2 0 3 0 0
-6228.9 5332.6 -11.9 201 0 9.6 7.5 5.0 2.5 2 0 2 2 2
-6256.3 5582.1 -19.1 357 0 5.3 10.4 7.5 2.5 2 1 3 4 4
-6243.8 5628.3 -19.0 181 0 3.3 6.3 5.0 2.5 2 1 2 3 3
-6260.1 5663.1 -20.2 358 0 3.9 12.5 5.0 2.5 2 1 2 3 3
-6242.8 5493.1 -20.0 336 0 12.5 7.4 2.5 2.5 2 0 1 4 4
-6259.1 5652.8 -20.0 355 0 14.4 6.4 5.0 2.5 2 0 2 3 3
-6213.4 5338.6 -13.5 195 0 7.4 8.3 5.0 2.5 2 1 2 1 1
-6202.4 5364.0 -14.7 226 0 4.5 7.3 2.5 2.5 2 0 1 4 4
-6237.6 5615.9 -18.8 181 0 13.1 8.1 7.5 2.5 2 0 3 1 1
-6305.3 5247.9 2.0 174 0 6.5 10.1 5.0 2.5 2 1 2 4 4
-6236.6 5335.0 -11.0 40 0 7.9 6.7 5.0 2.5 2 0 2 1 1
-6147.8 5326.1 -15.2 340 0 4.2 9.0 2.5 2.5 2 0 1 3 3
-6142.2 5344.5 -15.5 352 0 4.1 11.4 5.0 2.5 2 1 2 3 3
-6183.3 5357.7 -14.4 255 0 7.6 11.1 7.5 2.5 2 0 3 0 0
-6177.0 5279.7 -12.5 190 0 9.8 8.7 2.5 2.5 2 0 1 2 2
-6173.8 5298.8 -13.6 159 0 6.5 6.6 5.0 2.5 2 0 2 1 1
-6172.1 5326.7 -13.4 352 0 11.8 7.6 7.5 2.5 2 0 3 5 5
-6188.0 5265.3 -10.7 197 0 5.4 13.0 2.5 2.5 1 0 1 4 4
-6190.0 5382.5 -15.6 252 0 6.1 14.1 5.0 2.5 2 0 2 3 3
-6175.5 5301.6 -13.8 70 0 9.3 7.1 5.0 2.5 2 0 2 3 3
-6184.1 5365.4 -14.8 262 0 9.7 7.9 7.5 2.5 4 0 3 4 4
-6414.7 5297.8 4.2 360 0 7.4 9.2 5.0 2.5 2 1 2 2 2
-6335.9 5298.3 -0.9 86 0 9.0 10.3 2.5 0.0 0 0 1 4 4
-6428.0 5231.4 5.9 21 0 7.4 7.6 2.5 2.5 2 0 1 5 5
-6462.1 5330.2 1.8 99 0 4.6 8.9 7.5 2.5 2 0 3 1 1
-6401.9 5258.7 5.2 18 0 8.4 6.9 7.5 2.5 2 0 3 1 1
-6418.1 5269.8 5.3 87 0 10.7 6.5 5.0 2.5 2 0 2 5 5
-6390.0 5298.6 2.5 175 0 7.8 9.1 7.5 2.5 2 1 3 5 5
-6437.0 5331.0 0.1 94 0 4.7 9.0 5.0 2.5 2 0 2 0 0
-6355.4 5390.5 -11.5 272 0 4.3 6.5 5.0 2.5 2 0 2 5 5
-6374.1 5339.1 -3.5 269 0 9.1 5.0 7.5 2.5 2 0 3 5 5
-6288.1 5381.5 -11.0 282 0 8.1 7.1 7.5 2.5 2 0 3 4 4
-6455.2 5259.9 5.9 277 0 10.0 8.4 5.0 2.5 2 0 2 3 3
-6367.6 5264.3 4.6 298 0 8.9 9.7 7.5 2.5 4 1 3 0 0
-6335.2 5389.3 -11.1 272 0 7.9 7.3 7.5 2.5 2 0 3 4 4
-6340.5 5351.1 -7.3 267 0 8.4 8.1 5.0 0.0 0 0 2 4 4
-6391.2 5259.4 4.9 207 0 10.2 5.0 5.0 0.0 0 0 2 3 3
-6419.6 5318.2 2.8 269 0 3.4 7.8 7.5 0.0 0 0 3 2 2
-6370.6 5285.5 2.7 87 0 7.7 5.8 5.0 2.5 2 0 2 4 4
-6279.8 5292.3 -2.7 245 0 10.9 7.2 5.0 2.5 4 0 2 0 0
-6275.2 5379.5 -12.0 284 0 8.6 7.1 7.5 2.5 2 0 3 3 3
-6308.0 5387.3 -10.5 279 0 4.7 10.7 7.5 2.5 2 0 3 1 1
-6399.7 5231.3 5.3 187 0 13.6 8.0 2.5 2.5 2 0 1 2 2
-6412.1 5330.9 -1.4 89 0 4.7 9.0 2.5 2.5 2 0 1 3 3
-6429.9 5255.9 5.7 293 0 7.7 7.5 2.5 2.5 4 0 1 0 0
-6372.6 5305.4 1.0 175 0 3.9 10.6 7.5 2.5 2 1 3 4 4
-6483.8 5263.2 6.0 273 0 8.2 8.5 5.0 2.5 2 1 2 0 0
-6497.1 5305.1 5.9 327 0 7.3 8.1 5.0 2.5 2 1 2 5 5
-6474.1 5185.3 6.3 90 0 13.5 7.2 2.5 2.5 2 0 1 4 4
-6409.1 5172.2 6.2 112 0 22.4 7.7 5.0 2.5 2 0 2 3 3
-6499.4 5237.9 6.0 193 0 13.5 9.4 5.0 2.5 4 0 2 2 2
-6490.8 5341.5 2.1 324 0 6.6 11.1 2.5 2.5 2 1 1 3 3
-6494.4 5322.8 6.0 326 0 6.6 10.7 7.5 2.5 2 1 3 5 5
-6449.5 5230.9 6.2 291 0 8.3 14.6 5.0 2.5 2 1 2 5 5
-6450.4 5181.1 6.6 63 0 5.4 6.2 7.5 2.5 2 1 3 0 0
-6437.5 5193.7 6.4 58 0 8.1 10.8 5.0 2.5 2 1 2 0 0
-6465.4 5122.4 7.1 206 0 15.8 4.8 2.5 2.5 4 0 1 1 1
-6506.3 5170.0 6.2 95 0 8.1 8.2 7.5 2.5 2 0 3 1 1
-6520.2 5171.1 6.2 94 0 6.5 8.3 7.5 2.5 4 0 3 4 4
-6445.9 5152.6 7.0 288 0 7.2 5.0 5.0 2.5 2 0 2 5 5
-6341.3 5276.7 2.4 266 0 6.2 4.5 2.5 2.5 2 0 1 0 0
-6751.8 5326.2 4.5 221 0 4.9 7.3 7.5 2.5 2 1 3 1 1
-6705.8 4860.4 2.7 208 0 11.5 6.3 7.5 2.5 2 0 3 5 5
-6640.3 4889.2 2.5 86 0 3.6 10.8 7.5 2.5 4 1 3 1 1
-6631.8 4874.9 0.7 356 0 6.3 6.1 7.5 2.5 2 0 3 3 3
-6646.9 4874.6 1.0 358 0 7.2 4.7 2.5 2.5 2 0 1 4 4
-6683.3 4875.9 2.3 267 0 4.8 7.3 2.5 2.5 2 1 1 2 2
-6668.4 4920.0 3.8 267 0 4.9 11.1 5.0 2.5 2 1 2 3 3
-6674.7 4898.4 2.4 267 0 4.5 11.4 5.0 2.5 2 1 2 4 4
-6646.8 5340.8 3.5 301 0 5.6 5.4 5.0 2.5 2 0 2 4 4
-6792.8 5307.5 4.4 188 0 6.0 4.7 7.5 2.5 2 0 3 3 3
-6780.0 5331.6 4.3 184 0 6.4 11.0 5.0 0.0 0 1 2 1 1
-6680.0 4793.1 0.1 344 0 7.4 5.2 5.0 2.5 2 0 2 1 1
-6750.1 5301.4 4.5 41 0 4.8 7.3 5.0 2.5 2 1 2 5 5
-6748.3 5311.3 4.5 42 0 5.0 7.3 5.0 0.0 0 1 2 2 2
-6745.5 5336.0 4.5 311 0 7.2 4.9 5.0 0.0 0 0 2 2 2
-6633.9 4910.6 5.2 87 0 3.8 10.8 5.0 2.5 2 1 2 4 4
-6463.8 4962.6 -4.1 35 0 10.0 8.3 5.0 2.5 2 0 2 5 5
-6478.2 5016.0 -0.5 219 0 6.4 6.3 5.0 2.5 2 0 2 2 2
-6638.9 4858.1 0.3 360 0 5.2 6.1 2.5 2.5 2 1 1 3 3
-6665.9 4869.7 1.6 85 0 4.8 7.3 7.5 0.0 0 1 3 5 5
-6658.0 4899.1 2.0 266 0 3.7 10.8 7.5 2.5 2 1 3 2 2
-6561.1 5336.1 3.5 293 0 9.7 11.9 2.5 2.5 2 1 1 0 0
-6635.4 5306.0 5.4 118 0 5.0 5.8 7.5 2.5 2 1 3 4 4
-6607.8 5305.6 5.6 113 0 6.1 5.1 2.5 2.5 2 0 1 0 0
-6415.8 5045.6 -1.7 336 0 3.8 6.2 2.5 2.5 2 1 1 4 4
-6456.6 4985.8 -3.9 37 0 5.9 3.6 5.0 2.5 4 0 2 4 4
-6677.2 5342.1 3.6 308 0 5.1 10.1 5.0 2.5 2 1 2 3 3
-6617.2 4911.4 5.9 87 0 3.7 10.8 7.5 2.5 2 1 3 1 1
-6662.2 4932.7 6.5 177 0 6.1 4.1 7.5 2.5 4 0 3 2 2
-6592.1 5339.8 3.1 284 0 5.8 5.4 5.0 2.5 2 0 2 0 0
-6620.2 5340.3 3.3 291 0 6.2 5.3 7.5 2.5 2 0 3 2 2
6712.3 7038.0 -11.7 300 0 13.1 48.4 7.5 2.5 2 1 3 4 4
6724.9 7056.6 -11.3 120 0 13.1 48.4 7.5 2.5 2 1 3 0 0
6655.9 6725.3 -11.4 180 0 28.3 19.3 7.5 2.5 2 0 3 0 0
-6267.6 5309.1 -5.9 51 0 12.8 7.8 5.0 2.5 2 0 2 5 5
-6160.8 5292.7 -14.0 7 0 6.9 9.9 5.0 2.5 2 0 2 4 4
-6777.7 1344.9 4.6 14 0 16.9 7.9 5.0 2.5 2 0 2 2 2
5759.3 -7437.2 -19.3 22 0 26.0 13.1 10.0 2.5 2 0 4 0 0
5915.1 -7494.9 -20.3 33 0 7.5 17.6 7.5 0.0 0 1 3 2 2
5628.4 -7463.2 -18.5 115 0 10.4 42.5 15.0 0.0 0 1 6 0 0
-6829.5 1166.9 5.7 246 0 11.6 11.8 10.0 2.5 2 1 4 1 1
-6790.0 1179.5 4.8 101 0 9.3 8.5 7.5 2.5 2 0 3 3 3
6535.3 -6741.3 -20.5 18 0 12.6 9.9 2.5 2.5 2 0 1 5 5
5891.2 -7520.4 -20.2 122 0 15.8 11.2 5.0 2.5 2 0 2 4 4
6514.9 -7032.0 -19.7 186 0 15.7 11.7 7.5 2.5 4 0 3 3 3
6485.1 -7042.0 -19.5 190 0 10.5 11.7 7.5 0.0 0 0 3 5 5
6128.1 -7347.1 -20.5 222 0 12.8 10.4 7.5 2.5 4 0 3 2 2
6456.8 -7075.5 -20.0 13 0 10.7 12.8 10.0 2.5 2 0 4 5 5
6342.2 -7168.2 -19.7 53 0 14.5 10.2 10.0 2.5 2 0 4 3 3
6335.0 -7206.7 -19.4 219 0 9.1 9.5 7.5 0.0 0 1 3 3 3
6118.1 -7290.5 -20.1 298 0 6.1 15.8 5.0 0.0 0 1 2 3 3
5951.0 -7575.3 -20.5 39 0 10.4 12.7 5.0 2.5 4 1 2 3 3
6452.2 -7308.8 -19.9 13 0 10.1 9.2 5.0 2.5 2 0 2 4 4
6451.3 -7275.3 -19.5 0 0 10.4 12.2 5.0 2.5 2 1 2 1 1
6308.7 -7188.8 -19.8 56 0 6.9 10.6 5.0 0.0 0 1 2 5 5
6498.3 -6875.3 -20.5 13 0 13.8 10.0 2.5 2.5 2 0 1 1 1
6503.4 -6857.6 -20.6 14 0 11.6 8.2 7.5 2.5 2 0 3 3 3
5928.3 -7554.5 -20.4 218 0 9.7 9.1 5.0 2.5 2 0 2 1 1
6374.3 -7409.9 -21.7 31 0 8.6 10.2 5.0 2.5 2 1 2 1 1
6301.5 -7192.5 -19.9 60 0 7.2 10.2 5.0 2.5 2 0 2 4 4
5964.5 -7504.7 -21.0 220 0 11.1 11.6 7.5 2.5 4 1 3 3 3
5950.0 -7523.2 -20.7 219 0 10.2 10.5 5.0 2.5 2 1 2 2 2
6139.6 -7298.6 -20.0 321 0 9.7 12.5 7.5 2.5 2 1 3 3 3
6410.1 -7407.1 -21.1 122 0 9.4 9.3 2.5 2.5 2 0 1 1 1
6225.5 -7220.4 -20.4 104 0 11.7 16.3 5.0 2.5 2 0 2 2 2
5953.3 -7457.6 -20.7 39 0 9.7 9.6 5.0 2.5 2 0 2 5 5
5964.3 -7447.8 -20.7 36 0 8.7 8.9 7.5 2.5 2 0 3 1 1
6038.9 -7384.2 -20.1 51 0 13.3 8.4 5.0 2.5 2 0 2 1 1
6237.2 -7182.8 -20.5 287 0 7.0 8.3 2.5 2.5 2 1 1 0 0
6394.1 -7398.7 -21.3 120 0 9.1 10.0 7.5 2.5 2 1 3 0 0
6099.2 -7304.5 -20.1 310 0 8.2 10.1 5.0 2.5 2 1 2 5 5
6470.0 -7184.4 -19.3 182 0 13.8 8.8 2.5 2.5 2 0 1 0 0
5936.9 -7485.2 -20.5 37 0 8.8 8.9 7.5 2.5 2 1 3 1 1
6456.6 -7035.5 -19.9 13 0 16.4 6.9 7.5 2.5 2 0 3 5 5
6052.4 -7373.5 -20.0 51 0 14.0 8.7 7.5 2.5 2 0 3 3 3
6269.7 -7212.4 -20.3 58 0 10.5 12.7 7.5 2.5 2 1 3 5 5
6518.3 -6751.2 -20.6 2 0 12.6 8.4 5.0 2.5 2 0 2 3 3
5877.7 -7615.0 -20.4 220 0 11.2 11.2 2.5 2.5 2 0 1 1 1
5874.2 -7494.5 -20.1 122 0 11.9 14.6 7.5 2.5 2 1 3 0 0
6512.6 -6943.9 -20.0 192 0 11.5 11.5 5.0 2.5 2 1 2 1 1
6105.5 -7358.4 -20.5 231 0 10.5 11.3 5.0 2.5 2 1 2 5 5
6473.5 -7269.7 -19.1 172 0 11.4 13.1 2.5 2.5 2 1 1 3 3
6290.4 -7178.0 -20.3 28 0 11.9 7.5 2.5 2.5 4 0 1 3 3
6516.4 -6809.9 -20.7 15 0 10.0 9.4 7.5 2.5 2 0 3 5 5
6346.1 -7181.1 -19.4 236 0 15.0 8.9 5.0 2.5 2 0 2 4 4
5913.0 -7564.7 -20.4 219 0 10.9 10.1 5.0 2.5 4 0 2 3 3
6527.1 -6768.1 -20.6 18 0 16.1 10.2 5.0 2.5 2 0 2 4 4
5900.0 -7582.8 -20.4 220 0 12.1 11.1 7.5 2.5 2 0 3 1 1
6445.6 -7140.5 -19.6 301 0 9.2 10.9 5.0 0.0 0 0 2 3 3
6436.8 -7103.0 -20.2 44 0 13.5 10.8 7.5 2.5 2 0 3 4 4
6361.9 -7170.8 -19.5 230 0 8.4 16.2 2.5 2.5 2 1 1 3 3
6446.7 -7225.1 -19.0 2 0 12.7 11.3 2.5 2.5 2 0 1 4 4
6323.1 -7178.9 -19.7 58 0 10.7 6.7 5.0 2.5 2 0 2 3 3
6454.1 -7461.6 -21.1 298 0 5.8 8.8 2.5 2.5 2 0 1 3 3
6118.0 -7322.6 -20.0 53 0 10.4 10.6 7.5 2.5 2 1 3 2 2
6422.0 -7495.1 -21.8 30 0 8.5 12.3 5.0 2.5 2 0 2 1 1
6513.4 -6822.7 -20.7 14 0 8.8 11.1 7.5 2.5 2 1 3 1 1
6439.3 -7346.5 -20.4 11 0 12.6 7.3 5.0 2.5 2 0 2 3 3
6261.2 -7315.9 -21.3 118 0 11.0 12.2 2.5 2.5 2 0 1 4 4
6278.9 -7325.7 -21.4 117 0 9.4 12.7 7.5 2.5 2 1 3 0 0
6495.3 -6507.5 -21.3 227 0 30.0 13.1 7.5 2.5 2 0 3 4 4
5940.5 -7538.7 -20.6 219 0 14.8 11.3 5.0 2.5 2 0 2 3 3
6440.3 -7451.4 -21.2 302 0 10.9 8.2 5.0 2.5 2 0 2 5 5
6409.3 -7430.1 -21.6 302 0 17.5 14.6 15.0 0.0 0 0 6 1 1
6385.8 -7417.1 -21.6 211 0 8.9 7.3 5.0 2.5 2 0 2 5 5
6252.5 -7220.1 -20.3 59 0 17.5 10.7 10.0 2.5 2 0 4 4 4
6249.6 -7189.0 -20.5 202 0 15.4 7.1 5.0 2.5 2 0 2 2 2
5979.6 -7531.9 -21.1 38 0 17.6 8.4 7.5 2.5 2 0 3 3 3
5987.9 -7428.1 -20.6 45 0 9.1 10.9 2.5 2.5 4 0 1 4 4
6213.9 -7249.5 -20.2 55 0 13.5 9.6 5.0 2.5 2 0 2 4 4
6147.9 -7279.1 -20.1 101 0 7.2 11.9 5.0 2.5 2 1 2 2 2
6432.1 -7426.6 -21.0 122 0 18.7 8.7 5.0 2.5 2 0 2 0 0
6515.3 -6919.7 -20.2 191 0 9.5 12.2 5.0 2.5 2 1 2 0 0
6093.8 -7336.5 -20.0 41 0 11.8 9.9 7.5 2.5 2 0 3 4 4
6110.6 -7268.4 -20.3 103 0 14.8 11.7 5.0 2.5 4 0 2 3 3
5944.0 -7470.7 -20.6 35 0 8.7 9.1 7.5 2.5 2 1 3 5 5
6318.2 -7401.7 -22.3 209 0 8.3 19.3 5.0 2.5 2 1 2 2 2
5892.8 -7599.4 -20.4 217 0 7.3 11.7 7.5 2.5 4 0 3 0 0
6459.5 -7058.4 -19.9 11 0 9.0 9.3 5.0 2.5 2 1 2 4 4
6081.0 -7351.8 -20.0 52 0 9.6 7.7 7.5 2.5 2 0 3 3 3
6532.2 -6483.7 -21.3 317 0 17.9 16.7 7.5 2.5 2 0 3 5 5
6064.0 -7363.8 -20.0 49 0 10.1 9.2 5.0 2.5 2 0 2 0 0
6279.8 -7199.0 -20.1 57 0 10.8 6.9 5.0 2.5 2 0 2 1 1
6903.0 7036.4 -13.6 348 0 9.6 10.4 2.5 2.5 2 1 1 5 5
6876.2 6934.7 -12.4 156 0 11.2 39.4 12.5 2.5 4 1 5 5 5
6862.9 6937.0 -11.6 335 0 11.3 39.4 10.0 2.5 2 1 4 4 4
6869.6 6881.9 -11.4 270 0 10.0 8.6 7.5 2.5 4 0 3 2 2
6535.6 -6697.1 -20.8 13 0 9.5 8.7 2.5 2.5 2 0 1 3 3
6559.7 -6733.0 -19.9 195 0 8.5 15.1 2.5 2.5 2 1 1 4 4
6576.7 -6753.4 -19.7 12 0 6.2 9.4 2.5 2.5 2 1 1 0 0
6593.9 -6713.8 -20.1 24 0 6.0 17.3 2.5 2.5 2 0 1 4 4
-6249.7 5607.6 -18.6 185 0 4.5 8.0 5.0 2.5 4 1 2 4 4
-6222.2 5639.2 -19.2 359 0 3.3 6.0 5.0 2.5 2 1 2 0 0
-6162.2 5380.9 -15.6 263 0 8.2 4.2 2.5 2.5 4 0 1 1 1
-6171.9 5369.9 -15.0 261 0 4.6 9.2 5.0 2.5 4 0 2 3 3
-6157.5 5360.9 -14.7 351 0 4.2 15.1 5.0 2.5 2 0 2 5 5
-6188.8 5315.2 -12.6 167 0 3.5 6.8 7.5 2.5 2 0 3 5 5
-6162.6 5335.7 -14.0 351 0 7.3 6.0 5.0 2.5 2 0 2 5 5
-6155.6 5327.4 -14.6 339 0 3.1 5.9 7.5 2.5 2 1 3 5 5
-6156.5 5323.5 -14.5 341 0 3.2 4.9 5.0 2.5 4 0 2 0 0
-6150.5 5287.1 -14.6 282 0 6.8 4.5 2.5 2.5 2 0 1 5 5
-6191.9 5258.4 -10.1 216 0 10.5 6.6 2.5 2.5 2 0 1 5 5
-6052.1 5308.3 -17.1 236 0 3.1 4.7 5.0 2.5 2 1 2 4 4
-6140.5 5695.6 -19.8 100 0 3.6 6.0 7.5 2.5 2 1 3 4 4
-6338.1 5308.5 -1.5 85 0 6.0 5.7 7.5 2.5 2 0 3 2 2
-6356.4 5302.7 1.0 87 0 4.7 3.0 2.5 0.0 0 0 1 4 4
-6356.1 5297.1 1.4 86 0 5.0 3.8 2.5 2.5 2 0 1 0 0
-6269.3 5325.3 -6.7 10 0 4.4 8.7 2.5 2.5 2 1 1 2 2
-6182.6 5439.7 -18.5 336 0 5.1 4.5 2.5 2.5 2 0 1 4 4
-6194.7 5434.2 -18.4 156 0 5.1 8.8 5.0 2.5 2 0 2 0 0
-6202.2 5431.0 -18.2 162 0 5.9 5.8 5.0 2.5 2 0 2 3 3
-6200.2 5453.5 -19.3 158 0 4.0 7.0 5.0 2.5 2 1 2 3 3
-6207.2 5502.8 -19.5 336 0 3.6 8.7 5.0 2.5 2 0 2 4 4
-6215.3 5495.0 -19.5 160 0 4.4 10.6 7.5 2.5 2 0 3 3 3
-6290.4 5547.1 -19.9 135 0 6.5 4.1 5.0 2.5 4 0 2 4 4
-6283.3 5540.1 -19.8 135 0 13.5 4.1 7.5 2.5 2 0 3 5 5
-6267.4 5508.9 -20.1 205 0 7.5 3.7 7.5 2.5 4 0 3 2 2
-6232.9 5487.3 -19.9 157 0 4.3 4.8 5.0 0.0 0 0 2 3 3
-6231.3 5483.6 -19.9 157 0 3.7 4.8 7.5 2.5 2 0 3 2 2
-6235.8 5443.4 -18.6 13 0 3.6 7.4 2.5 2.5 2 1 1 2 2
-6239.3 5356.5 -13.0 8 0 8.5 4.8 7.5 2.5 2 0 3 2 2
-6237.9 5393.5 -16.5 77 0 4.8 8.5 7.5 2.5 2 1 3 1 1
-6256.7 5599.3 -19.0 358 0 7.8 8.5 7.5 2.5 2 0 3 0 0
-6256.0 5569.2 -19.3 4 0 8.6 15.8 5.0 2.5 2 1 2 5 5
-6233.0 5472.0 -19.9 352 0 9.5 8.0 7.5 2.5 2 0 3 4 4
-6305.2 5381.1 -9.8 280 0 3.0 8.5 7.5 2.5 2 0 3 5 5
-6276.3 5367.1 -10.5 284 0 6.0 3.8 7.5 2.5 2 0 3 2 2
-6331.1 5275.2 2.0 270 0 7.2 4.3 2.5 2.5 2 0 1 5 5
-6265.8 5328.6 -7.8 39 0 3.9 4.1 5.0 2.5 2 0 2 4 4
-6256.8 5327.3 -8.0 43 0 3.5 7.8 5.0 2.5 2 0 2 2 2
-6289.4 5267.4 0.0 249 0 6.8 7.9 7.5 2.5 2 1 3 0 0
-6317.6 5277.8 1.2 266 0 7.3 5.2 7.5 0.0 0 0 3 5 5
-6265.0 5295.4 -4.2 234 0 5.8 11.0 7.5 2.5 2 0 3 3 3
-6259.4 5306.6 -6.8 147 0 5.3 10.6 7.5 2.5 2 1 3 4 4
-6237.9 5289.9 -6.3 16 0 3.2 6.6 2.5 2.5 2 1 1 1 1
-6245.4 5311.4 -7.4 220 0 4.3 5.0 2.5 2.5 4 0 1 4 4
-6204.8 5333.0 -13.2 195 0 4.1 5.7 5.0 0.0 0 1 2 0 0
-6211.8 5322.5 -12.4 187 0 4.1 9.8 7.5 2.5 2 1 3 5 5
-6208.3 5352.4 -14.2 212 0 7.7 8.4 5.0 2.5 2 0 2 2 2
-6219.7 5335.9 -12.6 196 0 3.3 4.9 7.5 2.5 2 1 3 5 5
-6225.5 5341.7 -13.2 199 0 9.7 6.6 2.5 2.5 2 0 1 4 4
-6607.2 4874.8 1.8 216 0 3.0 3.6 7.5 2.5 2 1 3 0 0
-6600.3 4870.3 1.5 208 0 3.0 3.7 5.0 2.5 2 1 2 2 2
-6585.8 4861.5 0.8 21 0 7.3 4.7 7.5 2.5 2 0 3 3 3
-6588.6 4848.4 -0.7 31 0 7.1 4.9 7.5 2.5 2 0 3 0 0
-6557.8 4845.4 -0.0 216 0 4.7 3.9 7.5 2.5 2 0 3 1 1
-6568.4 4834.3 -1.7 205 0 6.0 4.2 7.5 2.5 2 0 3 4 4
-6572.1 4826.2 -2.8 205 0 6.0 4.1 7.5 2.5 2 0 3 0 0
-6574.6 4818.3 -3.4 203 0 6.1 4.2 7.5 2.5 2 0 3 2 2
-6578.1 4810.4 -3.4 206 0 6.1 4.1 7.5 2.5 2 0 3 2 2
-6586.7 4799.3 -3.5 207 0 5.5 5.5 7.5 2.5 2 1 3 1 1
-6588.0 4786.2 -3.5 31 0 12.4 4.1 2.5 2.5 2 0 1 4 4
-6652.2 4756.8 -1.2 199 0 5.6 4.9 7.5 2.5 2 0 3 2 2
-6606.6 4780.6 -3.0 287 0 3.9 8.9 7.5 2.5 2 1 3 2 2
-6625.5 4756.2 -2.5 204 0 8.9 3.9 5.0 0.0 0 0 2 2 2
-6597.2 4769.3 -3.2 27 0 10.9 3.7 2.5 2.5 2 0 1 0 0
-6603.1 4758.4 -3.2 30 0 6.2 4.1 7.5 0.0 0 0 3 5 5
-6609.7 4744.3 -3.5 33 0 8.0 4.0 5.0 0.0 0 0 2 0 0
-6402.7 5094.2 1.9 302 0 3.6 5.6 7.5 2.5 2 1 3 4 4
-6389.3 5084.9 -0.0 37 0 7.6 8.4 7.5 2.5 2 1 3 1 1
-6401.4 5062.8 -1.1 29 0 3.7 6.2 7.5 2.5 2 1 3 4 4
-6408.5 5053.8 -1.4 61 0 3.7 6.3 5.0 2.5 2 1 2 5 5
-6432.4 5049.1 -0.6 238 0 7.2 3.8 2.5 2.5 2 0 1 1 1
-6431.0 5031.9 -2.4 42 0 6.0 6.8 7.5 2.5 2 1 3 5 5
-6446.8 5028.5 -2.6 247 0 7.3 4.8 5.0 2.5 2 0 2 3 3
-6465.1 5009.6 -2.5 219 0 6.4 6.2 5.0 2.5 2 0 2 2 2
-6444.1 4999.0 -4.9 359 0 7.0 4.1 7.5 2.5 4 0 3 1 1
-6470.5 4976.0 -2.6 36 0 8.5 5.6 5.0 2.5 2 0 2 2 2
-6497.0 4936.9 -1.2 47 0 4.4 4.0 7.5 2.5 2 0 3 5 5
-6506.0 5004.8 2.6 237 0 9.3 6.7 5.0 2.5 2 0 2 1 1
-6540.3 4969.6 5.9 78 0 6.3 12.7 5.0 2.5 2 1 2 3 3
-6588.2 5020.8 7.9 270 0 7.3 5.0 5.0 2.5 2 0 2 1 1
-6636.3 4982.5 7.0 178 0 6.0 4.0 7.5 2.5 4 0 3 4 4
-6619.9 4983.4 7.8 176 0 6.1 4.0 5.0 2.5 2 0 2 0 0
-6601.2 4981.5 8.6 87 0 4.1 6.1 5.0 2.5 2 1 2 2 2
-6575.9 4983.1 8.9 86 0 3.8 6.2 5.0 2.5 2 1 2 0 0
-6558.8 4960.0 7.5 114 0 7.3 4.9 5.0 2.5 2 0 2 1 1
-6641.8 4703.9 -3.6 120 0 3.8 8.7 5.0 0.0 0 1 2 4 4
-6574.2 4940.9 8.0 216 0 13.0 6.2 7.5 2.5 2 0 3 1 1
-6584.1 4966.2 9.5 14 0 5.9 3.9 7.5 2.5 2 0 3 3 3
-6610.0 4965.0 8.5 89 0 3.9 6.0 7.5 2.5 2 1 3 3 3
-6628.5 4966.9 7.7 176 0 5.9 4.1 7.5 2.5 2 0 3 3 3
-6644.9 4966.0 6.9 178 0 6.0 4.1 2.5 2.5 4 0 1 1 1
-6602.2 4949.2 9.1 83 0 4.2 6.4 7.5 2.5 2 1 3 5 5
-6617.4 4951.2 8.4 359 0 6.0 3.8 7.5 2.5 2 0 3 3 3
-6636.6 4950.3 7.6 181 0 5.9 4.0 7.5 2.5 2 0 3 5 5
-6653.6 4949.4 6.8 177 0 6.0 4.0 5.0 2.5 2 0 2 5 5
-6608.9 4935.7 8.6 357 0 6.2 4.0 5.0 2.5 2 0 2 1 1
-6627.2 4931.6 7.9 87 0 3.7 6.0 7.5 2.5 2 1 3 1 1
-6643.6 4936.7 7.2 267 0 3.7 6.2 2.5 2.5 2 1 1 4 4
-6651.1 4920.7 4.5 267 0 3.7 10.8 5.0 2.5 2 1 2 5 5
-6623.6 4895.3 3.2 17 0 10.7 3.7 5.0 2.5 2 0 2 2 2
-6704.0 4779.2 0.5 254 0 3.6 6.1 5.0 2.5 2 1 2 0 0
-6685.2 4771.7 -0.0 73 0 4.0 6.3 7.5 2.5 2 1 3 5 5
-6668.2 4769.7 -0.7 75 0 3.8 6.3 5.0 2.5 2 1 2 2 2
-6730.6 4765.7 1.7 59 0 3.6 12.0 7.5 2.5 2 1 3 0 0
-6726.0 4751.1 1.8 6 0 14.4 5.8 5.0 2.5 4 0 2 0 0
-6730.0 4734.3 2.0 76 0 3.8 5.0 7.5 2.5 2 1 3 1 1
-6719.4 4717.3 0.7 306 0 5.1 6.2 2.5 0.0 0 1 1 3 3
-6709.0 4709.7 -0.2 290 0 5.1 4.2 2.5 2.5 2 0 1 3 3
-6700.6 4707.1 -0.7 293 0 4.0 6.5 2.5 2.5 2 1 1 3 3
-6505.6 5435.1 -16.5 284 0 7.1 6.0 2.5 2.5 2 0 1 2 2
-6501.5 5416.5 -13.8 93 0 4.3 3.2 2.5 2.5 2 0 1 3 3
-6498.6 5419.5 -14.6 93 0 9.8 4.1 5.0 2.5 2 0 2 5 5
-6574.0 5393.7 -8.1 89 0 4.2 5.1 7.5 2.5 2 1 3 4 4
-6542.5 5394.4 -8.6 89 0 8.0 6.0 7.5 2.5 4 0 3 1 1
-6572.5 5412.8 -11.9 94 0 3.7 5.9 5.0 2.5 2 0 2 3 3
-6623.6 5418.5 -13.6 100 0 12.5 7.0 7.5 2.5 2 0 3 5 5
-6613.0 5405.4 -11.2 98 0 5.5 8.5 7.5 2.5 2 0 3 5 5
-6694.2 5469.3 -18.8 280 0 4.8 4.7 7.5 2.5 4 0 3 3 3
-6703.2 5397.3 -9.4 86 0 8.3 4.5 7.5 2.5 2 0 3 3 3
-6407.2 5215.8 5.7 192 0 6.2 3.7 2.5 2.5 2 0 1 2 2
-6414.7 5204.8 6.0 307 0 5.7 7.1 7.5 2.5 4 1 3 1 1
-6370.3 5415.7 -14.7 92 0 3.1 5.1 5.0 2.5 4 1 2 4 4
-6357.6 5416.5 -15.0 78 0 5.0 9.4 7.5 2.5 2 1 3 3 3
-6342.4 5412.2 -14.4 88 0 3.8 10.2 5.0 2.5 2 1 2 0 0
-6356.8 5379.9 -11.0 91 0 6.8 4.3 5.0 2.5 2 0 2 2 2
-6749.4 5348.9 3.3 269 0 5.5 5.5 7.5 2.5 2 0 3 3 3
-6470.6 5336.8 2.0 189 0 7.5 7.1 7.5 2.5 2 0 3 3 3
-6441.7 5331.4 0.5 94 0 7.2 8.9 7.5 2.5 2 0 3 5 5
-6416.8 5330.8 -0.9 89 0 7.2 9.0 5.0 0.0 0 0 2 2 2
-6434.7 5275.9 5.6 90 0 4.3 4.0 5.0 2.5 2 0 2 4 4
-6402.8 5281.9 5.0 360 0 3.1 5.4 5.0 2.5 2 1 2 5 5
-6523.9 5320.0 5.9 279 0 5.0 16.2 5.0 2.5 2 1 2 0 0
-6526.9 5290.8 6.0 94 0 6.0 5.1 5.0 0.0 0 0 2 0 0
-6531.1 5175.9 6.2 184 0 8.0 8.0 2.5 2.5 2 0 1 4 4
-6499.1 5169.4 6.2 94 0 6.5 8.3 5.0 2.5 2 0 2 5 5
-6467.8 5253.3 6.0 279 0 5.1 8.7 5.0 2.5 2 1 2 2 2
-6425.4 5237.9 5.8 21 0 6.7 7.5 2.5 2.5 2 0 1 3 3
-6679.7 4848.3 1.5 88 0 8.6 6.7 7.5 2.5 2 0 3 4 4
-6583.4 4946.7 9.9 27 0 17.2 6.5 7.5 2.5 2 0 3 5 5
-6802.3 2544.4 6.8 185 0 6.5 11.4 7.5 2.5 2 0 3 2 2
-6800.6 2552.2 5.6 185 0 10.4 12.1 5.0 2.5 2 0 2 2 2
-6857.9 2276.5 5.1 276 0 7.3 6.5 7.5 2.5 2 0 3 2 2
6018.0 -7372.6 -20.0 46 0 13.2 18.3 5.0 2.5 2 1 2 2 2
5910.4 -7369.5 -20.5 309 0 8.7 5.4 7.5 2.5 2 0 3 0 0
5898.4 -7401.8 -20.7 103 0 7.4 9.2 7.5 2.5 2 1 3 2 2
5923.1 -7361.5 -20.3 132 0 7.6 7.0 7.5 2.5 2 0 3 5 5
5921.4 -7377.3 -20.5 216 0 11.0 11.1 5.0 2.5 2 1 2 4 4
6018.3 -7396.6 -20.3 44 0 8.6 9.9 7.5 2.5 2 1 3 3 3
6005.8 -7408.7 -20.4 44 0 11.9 9.0 2.5 2.5 2 0 1 3 3
5981.5 -7434.6 -20.6 45 0 9.1 10.9 5.0 2.5 2 0 2 5 5
6484.6 -6795.0 -21.0 285 0 5.3 4.9 5.0 2.5 2 0 2 5 5
6491.7 -6817.1 -20.9 15 0 10.3 7.3 7.5 2.5 2 0 3 1 1
6493.1 -6798.6 -21.0 285 0 9.2 13.2 5.0 2.5 4 0 2 5 5
6508.1 -6804.7 -20.9 15 0 4.4 11.5 5.0 2.5 2 0 2 5 5
6496.2 -6782.5 -21.0 285 0 8.1 14.2 5.0 2.5 2 1 2 4 4
6509.0 -6789.6 -20.8 285 0 4.4 6.6 7.5 2.5 2 0 3 1 1
6516.3 -6787.6 -20.7 285 0 8.7 14.3 2.5 2.5 2 0 1 4 4
6505.9 -6846.9 -20.7 15 0 6.7 11.6 5.0 2.5 2 0 2 2 2
6482.0 -6824.2 -21.0 17 0 3.4 9.2 5.0 2.5 2 1 2 5 5
6487.8 -6830.8 -20.9 15 0 3.5 7.3 7.5 0.0 0 1 3 5 5
6480.7 -6838.6 -20.9 15 0 4.5 5.2 7.5 2.5 2 1 3 1 1
6487.5 -6849.7 -20.8 15 0 6.0 12.8 2.5 2.5 2 0 1 2 2
6464.5 -6844.1 -21.0 15 0 4.9 5.9 7.5 2.5 2 0 3 4 4
6473.6 -6852.3 -21.0 15 0 18.2 10.9 2.5 2.5 2 0 1 0 0
6422.2 -6877.3 -21.1 197 0 4.1 6.1 7.5 0.0 0 1 3 5 5
6439.5 -6897.1 -20.8 194 0 5.2 15.9 5.0 2.5 2 1 2 0 0
6470.4 -6886.5 -20.7 14 0 10.3 10.4 7.5 2.5 2 0 3 0 0
6474.3 -6887.5 -20.6 14 0 10.3 4.0 7.5 2.5 2 0 3 0 0
6478.7 -6895.6 -20.5 14 0 3.4 10.3 5.0 2.5 2 0 2 3 3
6471.1 -6873.1 -20.7 13 0 12.9 5.6 5.0 2.5 2 0 2 0 0
6477.6 -6874.7 -20.7 13 0 12.9 6.7 7.5 2.5 2 0 3 4 4
6489.3 -6869.9 -20.6 13 0 7.6 4.9 5.0 2.5 2 0 2 0 0
6485.5 -6892.3 -20.4 14 0 5.0 5.3 5.0 2.5 2 0 2 5 5
6494.7 -6891.9 -20.4 14 0 10.2 8.8 2.5 0.0 0 0 1 3 3
6492.2 -6901.7 -20.4 14 0 10.0 14.6 2.5 2.5 2 0 1 2 2
6531.7 -6855.6 -20.6 195 0 6.3 16.9 7.5 2.5 4 0 3 1 1
6554.2 -6872.4 -20.5 13 0 8.3 10.8 5.0 2.5 2 1 2 5 5
6548.5 -6891.7 -20.4 13 0 19.3 8.8 7.5 2.5 2 0 3 2 2
6526.2 -6912.6 -20.2 187 0 5.1 12.3 2.5 2.5 2 1 1 2 2
6461.6 -6917.9 -20.5 11 0 3.2 7.3 7.5 2.5 2 0 3 1 1
6461.9 -6916.0 -20.5 11 0 4.6 4.7 2.5 0.0 0 0 1 0 0
6469.8 -6913.1 -20.4 11 0 7.8 7.2 5.0 0.0 0 0 2 0 0
6488.1 -6914.6 -20.3 9 0 10.5 10.5 5.0 2.5 2 0 2 4 4
6486.5 -6925.0 -20.2 9 0 10.5 10.5 2.5 2.5 2 0 1 0 0
6473.7 -6939.6 -20.2 14 0 5.5 6.5 7.5 2.5 2 0 3 0 0
6484.4 -6940.2 -20.1 14 0 7.4 10.5 2.5 2.5 2 0 1 4 4
6482.5 -6947.4 -20.1 14 0 7.4 10.5 5.0 2.5 2 0 2 5 5
6458.0 -6934.4 -20.4 10 0 10.0 7.6 5.0 2.5 2 0 2 1 1
6440.9 -6933.1 -20.6 90 0 7.1 4.4 7.5 2.5 2 0 3 4 4
6464.0 -6948.4 -20.4 13 0 6.3 15.3 5.0 2.5 2 0 2 5 5
6396.1 -6946.8 -21.0 190 0 5.0 7.1 7.5 2.5 2 1 3 0 0
6407.6 -6960.7 -20.8 100 0 4.5 3.5 5.0 2.5 2 0 2 5 5
6469.3 -7009.7 -19.9 13 0 12.2 15.4 2.5 2.5 2 1 1 0 0
6446.5 -7039.0 -19.9 13 0 6.3 4.4 5.0 2.5 2 0 2 0 0
6429.0 -6990.4 -20.3 193 0 6.5 6.5 2.5 2.5 2 0 1 4 4
6440.4 -7008.8 -20.1 193 0 10.9 7.7 7.5 2.5 2 0 3 1 1
6435.4 -7019.0 -20.1 193 0 6.1 4.8 5.0 2.5 4 0 2 3 3
6420.6 -7043.8 -20.2 193 0 4.2 5.0 7.5 0.0 0 0 3 5 5
6422.5 -7038.8 -20.1 193 0 6.5 5.7 7.5 2.5 2 0 3 5 5
6424.2 -7031.4 -20.1 193 0 8.6 4.9 7.5 2.5 4 0 3 4 4
6433.8 -7047.9 -20.0 193 0 9.9 7.4 5.0 2.5 2 0 2 1 1
6414.4 -7072.3 -20.3 191 0 7.7 17.4 7.5 2.5 2 1 3 0 0
6398.2 -7060.5 -20.5 284 0 8.2 7.8 7.5 2.5 2 0 3 5 5
6454.9 -7083.8 -20.0 13 0 6.2 12.8 7.5 0.0 0 0 3 1 1
6419.5 -7121.8 -20.0 58 0 14.6 9.6 5.0 2.5 2 0 2 2 2
6426.7 -7090.9 -20.3 13 0 5.4 14.0 5.0 0.0 0 1 2 2 2
6398.7 -7114.2 -20.2 66 0 11.5 7.3 7.5 2.5 2 0 3 3 3
6392.0 -7134.5 -19.8 58 0 5.0 7.9 7.5 2.5 2 1 3 5 5
6303.6 -7176.9 -19.9 56 0 4.5 3.7 2.5 2.5 2 0 1 0 0
6323.8 -7164.1 -19.9 55 0 18.1 7.4 2.5 2.5 2 0 1 5 5
6295.2 -7196.1 -20.0 60 0 7.3 10.2 5.0 2.5 4 0 2 3 3
6261.3 -7182.9 -20.5 192 0 4.1 7.8 5.0 0.0 0 1 2 2 2
6210.8 -7200.6 -20.5 281 0 26.9 6.5 5.0 2.5 2 0 2 3 3
6231.5 -7234.5 -20.3 104 0 6.5 12.1 7.5 2.5 2 1 3 5 5
6305.7 -7238.5 -19.7 205 0 6.5 5.1 2.5 2.5 4 0 1 5 5
6301.0 -7263.7 -20.2 209 0 4.3 8.4 7.5 0.0 0 1 3 2 2
6301.0 -7244.5 -19.8 207 0 6.2 8.4 7.5 2.5 2 1 3 2 2
6312.7 -7225.0 -19.6 209 0 10.2 6.5 5.0 2.5 2 0 2 1 1
6328.6 -7221.6 -19.5 217 0 10.6 5.6 2.5 2.5 2 0 1 0 0
6282.8 -7225.7 -19.8 218 0 8.3 10.4 5.0 2.5 2 1 2 2 2
5707.2 -7588.4 -18.8 70 0 10.5 15.2 5.0 2.5 2 1 2 0 0
5824.2 -7591.1 -19.4 109 0 8.6 6.2 7.5 2.5 2 0 3 3 3
5810.4 -7598.8 -19.5 120 0 15.7 7.8 5.0 2.5 2 0 2 3 3
5841.6 -7604.5 -20.0 38 0 8.7 9.6 5.0 2.5 2 1 2 2 2
5881.0 -7599.3 -20.4 217 0 6.9 9.5 7.5 0.0 0 0 3 0 0
5888.8 -7476.2 -20.2 212 0 5.8 10.0 7.5 2.5 2 1 3 2 2
5937.9 -7447.1 -20.6 37 0 9.7 9.2 2.5 2.5 2 0 1 2 2
5927.1 -7462.5 -20.5 34 0 6.3 12.1 7.5 2.5 2 1 3 1 1
5977.0 -7410.0 -20.4 44 0 7.4 6.5 5.0 2.5 2 0 2 3 3
5971.0 -7416.1 -20.5 44 0 9.8 6.5 2.5 2.5 2 0 1 0 0
5964.1 -7423.2 -20.6 44 0 9.9 6.5 7.5 0.0 0 0 3 3 3
5987.4 -7382.1 -20.2 36 0 9.2 15.2 5.0 2.5 2 0 2 1 1
5975.1 -7368.8 -20.1 306 0 5.0 8.1 2.5 2.5 2 0 1 4 4
5963.9 -7354.7 -20.1 306 0 26.1 12.8 7.5 2.5 4 0 3 3 3
6004.0 -7320.1 -20.3 216 0 5.9 9.0 2.5 2.5 4 1 1 1 1
6032.0 -7359.6 -19.9 49 0 11.4 6.5 7.5 0.0 0 0 3 5 5
6040.2 -7346.5 -20.0 37 0 6.2 11.7 7.5 2.5 2 0 3 3 3
6046.8 -7348.9 -20.0 37 0 10.3 6.8 5.0 2.5 2 0 2 0 0
6057.7 -7306.4 -20.2 284 0 6.8 8.0 5.0 2.5 2 1 2 1 1
6060.8 -7329.6 -20.2 106 0 7.8 12.7 2.5 2.5 2 1 1 4 4
6118.8 -7242.8 -20.3 283 0 7.6 5.9 5.0 2.5 2 0 2 3 3
6132.0 -7245.7 -20.3 283 0 19.4 5.9 5.0 2.5 2 0 2 1 1
6239.6 -7269.9 -20.7 210 0 11.5 9.5 5.0 2.5 2 0 2 4 4
6214.6 -7287.2 -20.6 124 0 9.2 16.3 2.5 2.5 2 1 1 5 5
6198.0 -7252.6 -20.2 14 0 6.0 20.0 2.5 2.5 2 1 1 0 0
6230.6 -7303.5 -21.0 121 0 6.4 8.9 5.0 2.5 2 1 2 3 3
6219.5 -7337.9 -21.3 34 0 9.8 5.1 7.5 2.5 4 0 3 5 5
6236.9 -7334.5 -21.5 30 0 10.8 8.8 5.0 2.5 2 0 2 2 2
6212.1 -7308.6 -20.9 303 0 10.2 21.3 7.5 2.5 2 1 3 0 0
6160.9 -7347.2 -20.8 220 0 9.6 7.8 2.5 2.5 2 0 1 0 0
6148.6 -7345.5 -20.7 214 0 3.1 9.6 5.0 2.5 2 1 2 0 0
6147.1 -7369.0 -21.0 132 0 8.5 12.4 5.0 0.0 0 1 2 0 0
6137.4 -7370.6 -20.8 40 0 4.3 7.4 5.0 2.5 2 0 2 4 4
6132.3 -7376.7 -20.9 40 0 11.6 7.4 5.0 2.5 2 0 2 5 5
6124.8 -7395.3 -21.1 52 0 8.1 5.5 5.0 2.5 2 0 2 2 2
6134.9 -7355.2 -20.6 222 0 5.0 4.2 7.5 2.5 4 0 3 3 3
6575.4 -7694.6 -22.0 157 0 5.9 5.6 7.5 2.5 2 0 3 0 0
6645.1 -7866.1 -20.6 82 0 8.9 15.3 7.5 0.0 0 1 3 3 3
6613.6 -7840.4 -20.7 179 0 9.9 18.4 7.5 2.5 2 1 3 1 1
6570.0 -7557.5 -21.8 155 0 6.7 10.9 7.5 2.5 4 1 3 5 5
6560.8 -7552.3 -21.7 154 0 6.6 3.4 2.5 2.5 2 0 1 5 5
6534.4 -7508.1 -21.4 154 0 6.7 7.0 7.5 2.5 2 1 3 0 0
6363.7 -7378.3 -21.5 121 0 9.5 7.4 5.0 0.0 0 0 2 0 0
6362.4 -7358.7 -21.3 121 0 3.0 5.2 5.0 2.5 2 1 2 5 5
6365.7 -7353.2 -21.2 121 0 3.4 4.1 7.5 2.5 2 1 3 3 3
6366.2 -7361.1 -21.3 121 0 4.4 7.9 2.5 2.5 2 1 1 2 2
6385.1 -7381.8 -21.2 121 0 5.9 3.1 5.0 2.5 2 0 2 1 1
6380.0 -7388.8 -21.4 121 0 8.4 8.6 7.5 2.5 2 0 3 5 5
6396.3 -7382.6 -21.1 120 0 4.7 8.3 7.5 2.5 2 0 3 2 2
6419.4 -7390.2 -20.9 121 0 11.6 4.4 5.0 2.5 2 0 2 3 3
6411.9 -7382.7 -20.9 123 0 4.0 6.1 5.0 2.5 2 1 2 4 4
6408.2 -7371.4 -20.8 119 0 4.9 7.0 7.5 2.5 4 1 3 0 0
6399.5 -7313.1 -20.4 24 0 5.9 7.0 2.5 2.5 2 1 1 4 4
6417.5 -7319.7 -20.3 24 0 4.4 5.2 2.5 2.5 2 1 1 5 5
6417.3 -7309.6 -20.2 24 0 7.3 15.2 5.0 2.5 2 1 2 3 3
6433.5 -7301.5 -20.0 14 0 9.4 5.4 2.5 2.5 4 0 1 3 3
6439.7 -7320.0 -20.1 355 0 11.0 9.0 5.0 2.5 4 0 2 3 3
6459.7 -7331.9 -20.0 352 0 9.6 8.2 7.5 2.5 4 0 3 3 3
6462.1 -7352.0 -20.1 351 0 14.5 8.2 5.0 0.0 0 0 2 5 5
6436.8 -7354.1 -20.4 11 0 3.3 5.2 5.0 2.5 2 0 2 0 0
6432.4 -7343.4 -20.4 11 0 9.2 4.7 2.5 2.5 2 0 1 4 4
6426.9 -7399.2 -20.8 122 0 6.5 6.9 5.0 2.5 2 1 2 1 1
6435.2 -7384.8 -20.6 123 0 5.7 5.5 7.5 2.5 2 0 3 0 0
6451.5 -7376.3 -20.4 300 0 5.8 5.9 5.0 2.5 2 1 2 3 3
6522.2 -7469.5 -20.9 81 0 5.7 8.8 2.5 2.5 2 1 1 5 5
6530.1 -7463.9 -20.8 81 0 8.7 12.7 5.0 2.5 2 1 2 3 3
6505.6 -7421.1 -20.3 171 0 4.6 6.2 7.5 2.5 2 1 3 0 0
6515.0 -7444.0 -20.6 179 0 5.4 8.6 5.0 2.5 2 0 2 4 4
6520.7 -7434.7 -20.6 179 0 13.0 13.0 5.0 0.0 0 0 2 4 4
6530.7 -7407.8 -20.4 269 0 17.7 12.2 5.0 2.5 2 0 2 2 2
6418.5 -7281.8 -19.7 17 0 5.0 4.5 7.5 2.5 2 0 3 2 2
6425.2 -7270.4 -19.5 17 0 7.8 7.1 7.5 2.5 2 0 3 5 5
6412.6 -7261.8 -19.4 17 0 10.3 6.0 7.5 2.5 2 0 3 2 2
6390.9 -7268.6 -19.6 21 0 3.9 3.9 7.5 2.5 2 0 3 3 3
6402.1 -7253.2 -19.3 21 0 3.9 10.1 7.5 2.5 2 1 3 0 0
6411.3 -7238.4 -19.1 21 0 5.7 9.7 7.5 2.5 4 0 3 5 5
6422.4 -7241.9 -19.1 21 0 7.0 11.7 5.0 2.5 2 0 2 5 5
6429.1 -7246.6 -19.2 10 0 21.6 6.6 5.0 2.5 2 0 2 0 0
6402.1 -7219.6 -19.1 24 0 8.2 5.5 5.0 2.5 2 0 2 2 2
6415.9 -7206.4 -19.2 21 0 4.9 6.8 7.5 2.5 4 1 3 4 4
6389.5 -7195.1 -19.3 227 0 9.4 14.3 5.0 2.5 2 1 2 2 2
6408.7 -7174.7 -19.3 238 0 15.8 8.2 5.0 2.5 2 0 2 0 0
6456.3 -7154.1 -19.6 4 0 11.6 4.9 7.5 0.0 0 0 3 3 3
6446.7 -7158.2 -19.5 24 0 4.0 5.5 2.5 2.5 2 1 1 2 2
6423.2 -7156.7 -19.4 208 0 4.9 15.5 7.5 2.5 2 1 3 5 5
6449.7 -7188.6 -19.2 12 0 10.6 6.1 2.5 2.5 2 0 1 1 1
6448.1 -7199.4 -19.1 5 0 11.7 11.3 7.5 2.5 4 0 3 1 1
6452.9 -7169.2 -19.4 8 0 8.0 8.3 7.5 2.5 2 1 3 4 4
6450.0 -7247.4 -19.0 2 0 9.4 9.5 7.5 2.5 2 0 3 0 0
6449.6 -7256.8 -19.1 2 0 9.4 9.5 7.5 2.5 2 0 3 3 3
6553.3 -7397.1 -20.2 94 0 7.9 24.7 5.0 2.5 2 1 2 5 5
6643.0 -7210.4 -21.0 94 0 3.5 6.6 7.5 2.5 2 1 3 1 1
6575.9 -7207.1 -19.7 0 0 3.3 3.4 7.5 2.5 2 1 3 2 2
6571.7 -7237.2 -19.9 89 0 4.9 9.0 2.5 2.5 2 1 1 5 5
6549.1 -7315.1 -19.4 93 0 9.2 6.9 7.5 2.5 2 0 3 3 3
6534.4 -7313.1 -19.3 93 0 16.2 6.4 7.5 2.5 2 0 3 0 0
6515.9 -7313.0 -19.3 93 0 16.3 6.4 5.0 0.0 0 0 2 5 5
6535.6 -7277.1 -19.0 8 0 5.5 8.8 7.5 2.5 2 1 3 5 5
6493.2 -7279.4 -18.9 182 0 6.8 6.1 7.5 2.5 2 0 3 2 2
6487.8 -7302.6 -19.3 93 0 14.6 11.3 5.0 2.5 2 0 2 3 3
6494.2 -7269.2 -18.9 180 0 12.3 4.1 5.0 2.5 2 0 2 0 0
6500.5 -7249.2 -18.7 183 0 6.7 5.6 7.5 2.5 2 0 3 5 5
6489.0 -7247.3 -18.7 180 0 5.4 10.2 7.5 0.0 0 1 3 3 3
6469.3 -7232.6 -18.9 181 0 9.4 8.2 5.0 2.5 2 0 2 5 5
6481.6 -7153.9 -19.3 178 0 5.0 24.1 7.5 2.5 2 1 3 1 1
6482.5 -7178.8 -19.2 181 0 4.6 10.2 7.5 2.5 2 0 3 1 1
6481.3 -7173.9 -19.2 181 0 5.1 27.6 7.5 0.0 0 0 3 0 0
6516.6 -7199.6 -19.1 181 0 4.4 6.5 2.5 2.5 2 1 1 1 1
6537.8 -7193.8 -19.3 1 0 6.1 16.4 5.0 2.5 2 1 2 0 0
6544.4 -7212.2 -19.4 91 0 5.4 10.0 5.0 2.5 2 1 2 5 5
6539.6 -7234.9 -19.2 1 0 4.4 6.2 5.0 0.0 0 1 2 4 4
6516.6 -7235.4 -18.9 1 0 4.3 8.1 5.0 2.5 2 1 2 1 1
6524.2 -7225.7 -19.0 1 0 4.2 15.9 7.5 2.5 2 0 3 3 3
6501.6 -7224.9 -18.8 181 0 4.9 6.7 5.0 0.0 0 0 2 3 3
6486.7 -7225.9 -18.9 181 0 5.9 10.4 5.0 2.5 4 1 2 0 0
6493.1 -7219.1 -18.9 181 0 5.7 4.7 5.0 2.5 2 0 2 4 4
6489.4 -7212.0 -19.0 181 0 7.1 4.1 5.0 0.0 0 0 2 5 5
6498.3 -7185.8 -19.0 181 0 12.2 7.7 5.0 2.5 2 0 2 2 2
6492.8 -7201.8 -19.0 181 0 11.4 6.8 5.0 2.5 2 0 2 3 3
6437.7 -7135.7 -19.6 301 0 9.2 10.9 2.5 2.5 2 0 1 4 4
6508.2 -7123.5 -19.2 270 0 5.2 7.8 5.0 2.5 2 1 2 3 3
6569.7 -7132.2 -19.9 181 0 8.8 5.6 5.0 2.5 2 0 2 0 0
6552.7 -7071.8 -19.9 92 0 6.9 6.3 2.5 2.5 4 0 1 0 0
6553.4 -7109.4 -19.8 91 0 7.4 8.3 2.5 2.5 4 1 1 2 2
6533.3 -7125.6 -19.5 272 0 5.0 4.0 5.0 2.5 2 0 2 0 0
6493.4 -7124.8 -19.2 271 0 8.6 6.5 7.5 2.5 2 0 3 2 2
6501.0 -7124.0 -19.1 272 0 6.5 10.4 7.5 2.5 2 0 3 5 5
6478.4 -7129.7 -19.5 272 0 8.6 16.7 5.0 0.0 0 1 2 0 0
6485.0 -7110.1 -19.4 98 0 4.5 6.0 5.0 2.5 2 0 2 3 3
6484.0 -7117.5 -19.4 98 0 3.5 7.5 7.5 2.5 2 0 3 0 0
6477.7 -7116.6 -19.5 98 0 9.2 7.5 2.5 2.5 2 0 1 1 1
6474.6 -7105.2 -19.5 188 0 6.8 9.2 7.5 2.5 2 0 3 5 5
6498.0 -7117.2 -19.2 93 0 5.5 13.0 2.5 2.5 2 1 1 5 5
6488.3 -7093.3 -19.3 211 0 4.5 4.3 7.5 2.5 2 0 3 4 4
6477.9 -7087.6 -19.5 194 0 16.4 7.1 5.0 2.5 2 0 2 3 3
6494.0 -7085.5 -19.3 186 0 8.6 10.7 5.0 2.5 2 1 2 5 5
6530.7 -7088.1 -19.6 7 0 6.0 9.2 5.0 2.5 2 1 2 4 4
6530.9 -7071.9 -19.6 8 0 14.9 10.0 2.5 2.5 2 0 1 1 1
6506.0 -7057.9 -19.4 188 0 4.5 5.1 7.5 0.0 0 0 3 5 5
6511.4 -7056.3 -19.5 189 0 4.4 9.1 5.0 2.5 4 0 2 4 4
6507.6 -7063.5 -19.5 188 0 6.3 11.9 5.0 2.5 2 0 2 1 1
6500.4 -7062.9 -19.4 188 0 7.0 7.2 5.0 2.5 2 0 2 0 0
6497.0 -7062.5 -19.3 188 0 7.1 3.4 7.5 2.5 2 0 3 0 0
6491.1 -7062.0 -19.3 190 0 7.5 4.0 2.5 2.5 2 0 1 5 5
6481.1 -7063.9 -19.5 190 0 14.7 9.5 2.5 2.5 2 0 1 1 1
6482.4 -7051.6 -19.5 190 0 5.9 3.0 2.5 0.0 0 0 1 3 3
6486.9 -7050.8 -19.4 190 0 6.1 7.4 5.0 2.5 2 0 2 5 5
6514.8 -6999.1 -19.5 186 0 9.8 13.4 5.0 2.5 2 1 2 0 0
6536.3 -6962.5 -19.8 3 0 9.9 5.9 7.5 2.5 2 0 3 3 3
6541.8 -6997.1 -19.4 3 0 9.3 6.5 5.0 2.5 2 0 2 4 4
6543.8 -6985.2 -19.5 3 0 8.4 8.5 5.0 2.5 4 1 2 0 0
6422.4 -6768.1 -21.8 287 0 9.2 6.8 7.5 2.5 2 0 3 1 1
6557.5 -6721.6 -20.0 195 0 6.1 18.1 2.5 2.5 2 1 1 5 5
6586.6 -6796.4 -20.2 21 0 12.3 8.7 7.5 0.0 0 0 3 5 5
6596.0 -6719.5 -19.7 316 0 4.5 5.4 7.5 2.5 2 1 3 1 1
6597.2 -6699.4 -20.0 350 0 7.0 3.5 2.5 2.5 2 0 1 0 0
6491.0 -6708.6 -21.1 192 0 31.1 11.9 10.0 2.5 2 0 4 1 1
6502.7 -6732.7 -20.8 192 0 6.5 4.2 7.5 2.5 4 0 3 5 5
6484.0 -6765.8 -21.0 108 0 4.2 10.9 5.0 2.5 2 0 2 0 0
6489.8 -6763.6 -20.9 108 0 5.5 10.0 2.5 2.5 2 0 1 2 2
6492.5 -6768.5 -21.0 108 0 13.7 3.9 7.5 2.5 2 0 3 0 0
6457.4 -6777.0 -21.5 289 0 5.4 9.5 2.5 2.5 2 1 1 3 3
6375.7 -7440.0 -21.9 212 0 7.5 8.0 5.0 2.5 2 1 2 4 4
6360.4 -7466.2 -22.2 212 0 9.4 8.6 7.5 2.5 4 0 3 1 1
6360.7 -7475.2 -22.1 212 0 3.5 7.3 5.0 2.5 2 1 2 4 4
6367.6 -7479.2 -22.1 212 0 4.6 13.0 5.0 2.5 2 1 2 0 0
6383.9 -7469.4 -22.0 212 0 15.9 9.2 5.0 2.5 4 0 2 0 0
6433.0 -7449.6 -21.3 302 0 3.7 8.7 5.0 2.5 2 0 2 0 0
6456.4 -7459.1 -21.0 298 0 7.6 3.4 7.5 2.5 2 0 3 3 3
6477.8 -7494.7 -21.0 224 0 6.0 4.0 7.5 2.5 2 0 3 4 4
6468.2 -7485.6 -21.1 30 0 10.1 8.9 5.0 2.5 2 0 2 4 4
6423.0 -7488.9 -21.7 30 0 3.2 3.7 5.0 2.5 2 0 2 1 1
6431.0 -7505.3 -21.6 32 0 6.2 6.6 7.5 2.5 2 0 3 0 0
6440.3 -7501.8 -21.6 32 0 9.6 9.8 7.5 2.5 2 0 3 1 1
6402.1 -7513.0 -21.7 121 0 6.6 5.9 5.0 2.5 2 0 2 3 3
6394.5 -7529.3 -21.6 125 0 5.3 7.2 7.5 2.5 2 1 3 2 2
6405.6 -7533.4 -21.6 124 0 6.4 13.2 5.0 2.5 2 1 2 5 5
6408.1 -7544.1 -21.6 127 0 5.9 4.8 5.0 2.5 2 0 2 5 5
6443.9 -7578.0 -21.4 36 0 6.2 9.9 5.0 2.5 2 1 2 3 3
6420.6 -7560.6 -21.5 218 0 6.3 16.4 7.5 2.5 2 1 3 2 2
6457.1 -7544.4 -21.3 211 0 3.5 10.6 7.5 2.5 2 1 3 0 0
6435.1 -7549.6 -21.4 212 0 7.0 11.3 5.0 0.0 0 0 2 5 5
6446.3 -7542.3 -21.4 302 0 11.3 8.7 2.5 2.5 2 0 1 4 4
6490.3 -7507.5 -21.2 234 0 5.6 3.6 7.5 2.5 2 0 3 4 4
6471.1 -7532.1 -21.3 244 0 6.7 13.4 5.0 2.5 4 1 2 1 1
6510.3 -7509.7 -21.3 337 0 16.3 7.8 5.0 2.5 2 0 2 2 2
6511.6 -7561.2 -21.5 155 0 12.4 6.4 5.0 2.5 2 0 2 1 1
6505.7 -7573.0 -21.5 131 0 5.7 4.8 2.5 2.5 2 0 1 0 0
6522.2 -7582.5 -21.6 158 0 3.0 4.4 5.0 2.5 4 1 2 4 4
6526.9 -7586.2 -21.6 154 0 4.2 3.5 5.0 2.5 2 0 2 1 1
6524.2 -7575.3 -21.6 153 0 4.9 5.3 7.5 2.5 2 1 3 2 2
6534.1 -7588.1 -21.6 158 0 4.8 4.3 7.5 2.5 2 0 3 0 0
6545.9 -7581.0 -21.7 338 0 12.6 9.2 5.0 0.0 0 0 2 0 0
6540.9 -7593.1 -21.7 158 0 6.0 9.2 5.0 2.5 2 0 2 2 2
6531.5 -7658.2 -21.8 232 0 17.1 4.9 7.5 2.5 2 0 3 1 1
6541.2 -7650.7 -21.8 232 0 7.3 3.9 5.0 2.5 2 0 2 3 3
6546.5 -7646.6 -21.8 232 0 6.3 12.8 7.5 0.0 0 0 3 1 1
6575.9 -7656.4 -22.0 333 0 13.3 8.6 2.5 2.5 2 0 1 5 5
6354.4 -7319.8 -20.7 121 0 3.7 11.3 2.5 2.5 2 1 1 2 2
6341.9 -7320.3 -20.8 95 0 3.5 4.1 7.5 2.5 2 1 3 4 4
6345.6 -7341.8 -21.2 122 0 3.2 8.0 7.5 2.5 2 1 3 1 1
6324.0 -7345.0 -21.4 123 0 4.0 16.4 5.0 2.5 2 1 2 3 3
6326.2 -7330.2 -21.1 123 0 5.4 19.2 7.5 2.5 2 1 3 1 1
6306.3 -7331.1 -21.3 116 0 10.3 10.9 2.5 2.5 2 1 1 4 4
6314.1 -7306.2 -20.8 118 0 7.7 3.5 2.5 2.5 2 0 1 0 0
6261.7 -7292.6 -20.9 118 0 4.4 4.1 5.0 2.5 2 0 2 1 1
6283.1 -7294.2 -20.8 118 0 5.8 5.5 2.5 2.5 2 0 1 0 0
6280.4 -7311.0 -21.1 118 0 4.3 6.3 5.0 2.5 2 1 2 5 5
6268.4 -7318.2 -21.3 118 0 5.1 10.9 2.5 2.5 2 0 1 4 4
6265.3 -7275.0 -20.6 209 0 4.0 16.5 7.5 2.5 2 1 3 3 3
6232.9 -7279.3 -20.8 215 0 3.6 9.1 5.0 2.5 2 1 2 1 1
6190.1 -7308.8 -20.5 221 0 5.0 3.1 2.5 2.5 2 0 1 0 0
6327.6 -7355.5 -21.6 120 0 8.2 5.7 5.0 2.5 2 0 2 3 3
6327.6 -7384.0 -22.1 212 0 9.9 19.1 7.5 2.5 2 1 3 0 0
6314.9 -7469.6 -22.5 122 0 9.0 13.2 2.5 2.5 2 1 1 0 0
6331.9 -7490.6 -22.2 122 0 9.5 10.5 5.0 2.5 2 1 2 0 0
6346.7 -7483.8 -22.2 118 0 4.0 11.4 2.5 2.5 2 1 1 1 1
6347.2 -7454.4 -22.4 301 0 4.3 6.0 7.5 2.5 2 0 3 0 0
6344.5 -7447.5 -22.4 30 0 3.3 4.3 2.5 2.5 4 0 1 5 5
6346.1 -7452.0 -22.4 31 0 8.9 8.8 5.0 0.0 0 0 2 5 5
6346.4 -7427.7 -22.2 31 0 3.8 3.5 7.5 2.5 2 0 3 4 4
6361.3 -7435.7 -22.1 31 0 4.5 10.8 5.0 2.5 2 1 2 2 2
6416.4 -7415.3 -21.1 122 0 6.0 14.2 5.0 2.5 2 1 2 3 3
6372.2 -7431.2 -21.9 206 0 13.4 4.8 7.5 0.0 0 0 3 5 5
6382.7 -7422.2 -21.6 211 0 3.1 7.3 7.5 2.5 2 0 3 3 3
5948.2 -7408.9 -20.5 40 0 3.9 3.1 5.0 0.0 0 0 2 5 5
5935.7 -7423.1 -20.7 36 0 7.4 6.2 5.0 2.5 2 0 2 1 1
5912.6 -7390.2 -20.6 306 0 6.4 5.0 2.5 2.5 2 0 1 1 1
5904.1 -7364.6 -20.5 306 0 3.3 5.6 7.5 2.5 4 1 3 1 1
5876.8 -7353.7 -20.6 307 0 7.4 11.5 7.5 0.0 0 0 3 5 5
5858.1 -7366.4 -20.6 124 0 7.1 5.3 7.5 2.5 2 0 3 2 2
5852.1 -7338.0 -20.6 270 0 5.2 11.0 7.5 2.5 2 1 3 4 4
5866.5 -7360.3 -20.6 305 0 7.4 3.3 5.0 2.5 2 0 2 3 3
5886.4 -7336.4 -20.3 39 0 3.2 5.2 7.5 2.5 2 1 3 3 3
5899.9 -7346.2 -20.3 136 0 5.4 3.5 7.5 2.5 2 0 3 1 1
5919.5 -7308.8 -20.3 40 0 3.4 5.6 7.5 2.5 2 1 3 1 1
5898.7 -7332.3 -20.2 40 0 6.3 7.6 2.5 2.5 2 1 1 4 4
5910.4 -7321.6 -20.2 44 0 6.3 7.6 7.5 2.5 2 1 3 5 5
5914.0 -7333.2 -20.1 221 0 5.9 6.5 7.5 2.5 2 1 3 0 0
5949.6 -7297.4 -20.4 224 0 5.6 7.3 5.0 2.5 2 1 2 4 4
5960.7 -7269.9 -20.5 44 0 4.5 5.8 2.5 2.5 4 1 1 1 1
5961.5 -7286.4 -20.4 224 0 4.8 7.1 7.5 2.5 4 1 3 5 5
5972.4 -7317.1 -20.3 44 0 4.5 8.4 7.5 2.5 2 1 3 3 3
5983.7 -7307.0 -20.4 44 0 4.2 8.2 7.5 2.5 2 1 3 4 4
6882.2 7210.9 -13.3 9 0 6.0 6.6 7.5 2.5 2 1 3 0 0
6917.0 7003.9 -13.8 338 0 4.8 7.5 5.0 2.5 2 1 2 5 5
6913.0 7016.8 -13.9 344 0 11.5 9.1 5.0 2.5 2 0 2 2 2
6906.7 7046.0 -13.5 347 0 5.8 7.2 2.5 2.5 2 1 1 2 2
6894.9 6846.0 -10.8 92 0 3.9 6.1 5.0 2.5 2 1 2 3 3
6845.5 6881.9 -11.4 271 0 9.6 9.1 7.5 2.5 4 0 3 0 0
6835.2 6877.1 -11.5 271 0 7.3 11.4 7.5 2.5 2 1 3 4 4
6768.1 6848.9 -11.8 78 0 7.2 5.4 5.0 2.5 2 0 2 1 1
6709.2 6845.3 -12.0 91 0 54.8 12.7 10.0 2.5 2 0 4 1 1
6706.3 6881.4 -11.8 271 0 7.9 8.6 7.5 2.5 2 1 3 0 0
6691.8 6874.9 -11.8 271 0 5.9 6.4 5.0 2.5 2 1 2 4 4
6919.5 6908.3 -11.1 62 0 8.7 12.3 7.5 2.5 4 1 3 0 0
6892.3 6908.6 -11.1 157 0 10.5 9.9 5.0 2.5 2 0 2 4 4
6883.4 7221.5 -13.0 8 0 6.2 4.6 7.5 0.0 0 0 3 2 2
6835.2 7207.4 -11.8 99 0 7.1 9.8 7.5 2.5 2 1 3 4 4
6784.5 7120.7 -13.1 121 0 20.7 11.3 7.5 2.5 2 0 3 4 4
6813.4 7128.8 -13.5 16 0 6.5 5.2 7.5 2.5 2 0 3 1 1
6818.8 7115.7 -13.4 21 0 9.4 11.9 7.5 2.5 4 1 3 3 3
6835.6 7063.0 -12.5 204 0 6.2 7.1 7.5 2.5 2 1 3 5 5
6822.5 7048.5 -12.6 204 0 8.0 10.5 7.5 2.5 2 1 3 5 5
6853.4 7029.3 -13.2 190 0 9.5 7.3 5.0 2.5 4 0 2 1 1
6773.7 6964.9 -12.2 206 0 7.5 8.2 2.5 2.5 4 1 1 2 2
6768.4 6947.7 -11.6 194 0 7.5 8.2 2.5 0.0 0 1 1 0 0
6750.3 6870.5 -11.7 269 0 3.1 7.9 5.0 2.5 2 1 2 1 1
6789.8 6870.9 -11.6 270 0 6.4 5.6 7.5 2.5 2 0 3 0 0
6760.4 6880.4 -11.7 270 0 9.6 8.3 2.5 2.5 2 0 1 1 1
6766.0 6928.6 -11.3 179 0 7.9 8.7 5.0 2.5 2 1 2 5 5
6763.0 6915.4 -11.4 180 0 3.8 4.8 7.5 0.0 0 1 3 3 3
6793.0 6902.5 -11.4 91 0 9.4 6.6 5.0 2.5 2 0 2 3 3
6768.0 6898.7 -11.5 91 0 12.0 12.3 7.5 2.5 2 1 3 1 1
6665.5 6902.2 -11.7 90 0 7.1 9.5 7.5 0.0 0 1 3 1 1
6688.1 6902.4 -11.6 90 0 7.1 9.5 7.5 2.5 2 1 3 5 5
6710.5 6901.8 -11.6 90 0 7.1 9.5 5.0 2.5 2 1 2 0 0
6732.8 6902.2 -11.5 90 0 7.1 9.5 7.5 2.5 2 1 3 0 0
6730.5 6920.8 -11.4 0 0 4.3 6.3 2.5 0.0 0 0 1 5 5
6756.2 6979.2 -12.4 28 0 6.4 8.4 7.5 2.5 2 1 3 2 2
6749.2 6962.5 -12.0 16 0 6.6 8.6 2.5 2.5 4 1 1 2 2
6744.6 6945.2 -11.3 2 0 6.4 8.5 5.0 2.5 2 1 2 1 1
6743.7 6926.6 -11.4 359 0 6.8 9.0 5.0 0.0 0 1 2 3 3
6686.4 6919.3 -11.5 93 0 4.6 5.5 7.5 2.5 2 1 3 2 2
-6903.1 -6918.7 -9.6 276 0 11.2 11.5 2.5 2.5 2 1 1 2 2
6664.4 6768.6 -12.4 180 0 42.4 9.9 7.5 2.5 2 0 3 4 4
-6941.6 1184.2 9.1 287 0 8.8 9.2 5.0 2.5 2 0 2 3 3
-6939.9 1197.4 8.9 107 0 8.8 9.2 2.5 2.5 2 0 1 0 0
-6937.2 1206.2 8.8 107 0 8.8 9.2 5.0 2.5 2 0 2 0 0
-6950.0 1171.9 9.2 197 0 10.0 8.8 2.5 2.5 2 0 1 5 5
