519.1 5904.0 -3.0 68 0 15.0 19.0 10.0 0.0 0 1 4 5 5
547.1 5972.0 -2.1 215 0 14.9 22.4 7.5 0.0 0 1 3 3 3
605.3 5984.1 -2.3 339 0 14.5 19.2 10.0 0.0 0 1 4 0 0
591.3 6038.5 -0.6 339 0 15.2 18.9 10.0 0.0 0 1 4 2 2
597.0 5932.0 -3.4 68 0 12.1 18.5 10.0 2.5 2 1 4 0 0
566.0 5922.1 -3.2 45 0 16.1 21.8 7.5 0.0 0 1 3 4 4
700.2 5924.7 -5.4 249 0 13.7 34.3 7.5 2.5 2 1 3 4 4
6314.5 6759.0 -3.1 92 0 5.0 11.7 2.5 0.0 0 1 1 3 3
6647.8 6240.8 1.2 285 0 14.9 7.7 7.5 2.5 2 0 3 3 3
6687.7 6243.8 0.6 284 0 8.2 11.2 5.0 2.5 4 1 2 4 4
6588.2 6243.5 1.5 197 0 11.3 13.3 7.5 2.5 2 1 3 5 5
6536.1 6226.4 1.7 15 0 16.5 24.2 7.5 0.0 0 1 3 5 5
552.8 -7175.9 3.8 80 0 31.6 17.2 7.5 2.5 2 0 3 1 1
-3620.0 4546.7 1.7 297 0 12.3 34.4 7.5 2.5 2 1 3 4 4
6333.7 6033.9 0.5 198 0 6.9 8.5 7.5 2.5 4 1 3 4 4
6432.7 5975.8 1.1 126 0 5.9 10.7 2.5 2.5 2 1 1 5 5
6450.9 6000.3 1.0 296 0 12.0 7.8 7.5 2.5 4 0 3 0 0
6365.2 5994.6 0.8 118 0 4.9 8.3 7.5 2.5 2 1 3 1 1
6521.2 6010.1 1.8 294 0 6.4 5.9 7.5 0.0 0 0 3 0 0
6500.1 5938.2 0.6 129 0 13.8 7.8 5.0 2.5 2 0 2 4 4
6404.3 6007.4 0.7 116 0 10.8 6.7 2.5 2.5 2 0 1 0 0
6496.5 5952.8 1.1 122 0 6.7 22.0 5.0 2.5 2 1 2 2 2
6387.8 6021.5 0.6 293 0 14.3 10.1 10.0 2.5 2 0 4 1 1
6354.0 5998.9 0.7 114 0 9.0 7.1 7.5 2.5 2 0 3 5 5
6434.2 5930.9 1.0 125 0 12.9 8.2 5.0 0.0 0 0 2 3 3
6468.3 6015.0 1.0 298 0 8.2 7.2 7.5 2.5 2 0 3 1 1
6483.4 6007.7 1.1 295 0 10.4 9.0 5.0 2.5 2 0 2 4 4
6469.3 6031.9 1.0 298 0 7.2 7.9 2.5 2.5 2 1 1 0 0
-6372.9 -3965.0 -7.0 79 0 11.0 11.5 7.0 2.5 2 1 2 0 0
-6410.4 -3851.7 -6.7 173 0 141.4 13.4 12.5 0.0 0 0 5 1 1
-6390.4 -3779.5 -7.0 264 0 14.2 140.4 12.5 0.0 0 1 5 2 2
-6465.3 -3869.2 -6.0 266 0 17.4 34.9 7.5 2.5 2 1 3 3 3
-6422.4 -3915.5 -6.4 353 0 15.7 78.3 12.5 2.5 2 1 5 2 2
-6496.6 -3780.1 -4.4 274 0 5.6 6.5 7.5 0.0 0 1 3 1 1
-6225.3 -3332.4 -8.0 79 0 20.1 29.2 10.0 2.5 2 1 4 1 1
-6065.1 -2884.3 -16.3 89 0 53.3 56.1 10.0 0.0 0 1 4 3 3
-6173.0 -2947.4 -12.5 92 0 21.4 72.7 12.5 2.5 2 1 5 1 1
-6251.0 -2893.4 -12.2 122 0 10.4 9.5 8.0 2.5 4 0 2 5 5
-6246.9 -2876.1 -12.7 211 0 14.7 20.1 17.5 0.0 0 1 7 0 0
-5987.7 -2926.9 -13.4 180 0 25.8 12.4 10.0 2.5 2 0 4 1 1
-5987.8 -3029.2 -11.8 88 0 9.9 23.7 7.0 2.5 2 1 2 5 5
-5943.3 -3031.0 -12.4 87 0 59.4 8.9 5.0 2.5 2 0 2 4 4
-5921.7 -2991.0 -12.6 357 0 40.8 10.2 7.5 0.0 0 0 3 3 3
-5965.6 -2911.8 -13.8 257 0 19.3 8.6 7.0 0.0 0 0 2 5 5
-5987.4 -2871.0 -15.8 86 0 10.4 15.8 5.0 2.5 2 1 2 2 2
-5986.1 -2961.3 -12.2 87 0 6.4 11.1 5.0 2.5 2 1 2 1 1
-6397.6 -3959.7 -6.7 169 0 3.2 3.9 7.5 0.0 0 1 3 2 2
-6263.3 -1424.4 -15.0 178 0 18.3 10.5 3.5 0.0 0 0 1 2 2
-6249.4 -1456.3 -15.1 89 0 26.7 13.4 7.5 2.5 2 0 3 5 5
-6477.8 -399.1 -13.5 85 0 10.4 16.8 4.0 2.5 2 1 1 0 0
-4568.6 7116.5 -9.2 6 0 18.8 146.2 10.0 0.0 0 1 4 4 4
-4560.9 7087.0 -9.4 7 0 17.2 148.5 15.0 0.0 0 1 6 3 3
-4767.6 7113.8 -9.3 187 0 22.1 31.2 10.0 0.0 0 1 4 5 5
-4806.4 6855.6 -9.9 276 0 54.2 15.4 7.5 2.5 2 0 3 2 2
-4908.6 6738.9 -8.6 277 0 11.8 12.2 5.0 2.5 2 1 2 0 0
-4909.3 6685.8 -8.3 96 0 13.3 33.1 10.0 2.5 4 1 4 1 1
-4912.6 6673.8 -7.7 275 0 8.5 14.5 8.0 2.5 2 1 2 5 5
-4827.0 6696.5 -8.3 98 0 13.6 17.0 4.0 2.5 2 1 1 2 2
-4793.2 6698.5 -8.3 97 0 37.3 11.5 10.0 2.5 4 0 4 2 2
-4741.4 6687.7 -8.3 96 0 50.4 16.2 7.5 2.5 2 0 3 1 1
4766.6 6638.5 -3.7 294 0 13.5 20.1 12.5 2.5 4 1 5 1 1
-6509.9 -3875.2 -5.4 172 0 6.0 6.7 2.5 0.0 0 1 1 4 4
-6243.6 -1469.7 -15.1 267 0 13.8 22.0 5.0 0.0 0 1 2 0 0
-6565.8 -1372.7 -15.0 15 0 21.9 14.6 7.0 3.5 2 0 2 5 5
-6634.4 -1473.4 -16.3 113 0 19.2 27.8 14.0 3.5 2 1 4 1 1
-6392.4 -1493.2 -15.6 95 0 13.0 19.7 3.5 0.0 0 1 1 5 5
-6232.7 -1894.5 -18.1 82 0 20.8 36.6 7.5 0.0 0 1 3 5 5
-6363.1 -1417.9 -15.6 269 0 23.2 14.4 7.0 3.5 2 0 2 5 5
-6361.0 -1525.3 -15.3 91 0 14.2 26.9 5.0 2.5 4 0 2 1 1
-6384.5 -1583.1 -17.3 89 0 12.9 23.3 2.5 2.5 2 1 1 4 4
-6171.8 -1561.9 -15.6 359 0 11.6 10.3 5.0 2.5 2 0 2 3 3
-6251.5 -1523.7 -15.1 90 0 11.8 12.1 2.5 2.5 2 1 1 4 4
-6214.5 -1528.3 -15.2 1 0 8.0 11.6 5.0 0.0 0 1 2 2 2
-6102.7 -1521.1 -14.9 180 0 14.3 33.8 5.0 0.0 0 1 2 1 1
-6307.6 -1408.2 -15.3 267 0 18.5 6.6 5.0 2.5 2 0 2 3 3
-6287.0 -1552.1 -16.2 1 0 15.6 10.1 5.0 2.5 2 0 2 5 5
-6390.8 -1389.5 -15.8 272 0 22.6 15.8 10.5 3.5 4 0 3 0 0
-3985.6 -2360.4 -3.6 154 0 7.8 13.1 2.5 2.5 2 1 1 0 0
-6504.1 -1492.8 -16.2 106 0 14.9 17.7 14.0 3.5 2 1 4 3 3
-6225.1 -1546.9 -15.9 271 0 9.6 11.3 2.5 2.5 2 1 1 0 0
-6251.4 -1547.3 -16.1 270 0 12.1 11.9 5.0 2.5 4 0 2 1 1
-6150.4 -1641.8 -17.1 270 0 6.6 10.2 2.5 2.5 4 1 1 0 0
-6147.7 -1608.5 -16.2 169 0 11.7 9.0 5.0 2.5 4 0 2 5 5
-6154.6 -1555.7 -15.1 181 0 8.4 12.4 5.0 2.5 2 1 2 1 1
-5891.6 -1510.4 -15.3 357 0 11.6 12.5 5.0 2.5 2 1 2 1 1
-5919.7 -1538.4 -15.5 89 0 10.1 9.2 5.0 2.5 2 0 2 1 1
-6017.2 -1534.8 -15.3 95 0 9.9 11.0 2.5 2.5 2 1 1 0 0
-5997.1 -1536.0 -15.2 93 0 11.6 13.1 5.0 2.5 2 1 2 1 1
-5975.8 -1535.9 -15.0 90 0 11.4 11.9 5.0 2.5 2 1 2 4 4
-5831.4 -1565.0 -16.6 242 0 10.7 10.3 5.0 2.5 4 0 2 4 4
-6133.1 -1557.6 -15.0 271 0 8.0 10.6 5.0 2.5 2 1 2 1 1
-6116.2 -1557.0 -14.9 269 0 11.0 10.8 5.0 2.5 4 0 2 1 1
-6773.7 -912.8 -14.3 92 0 11.0 13.8 5.0 2.5 2 1 2 4 4
-6505.4 -1534.7 -16.6 12 0 16.1 13.5 14.0 3.5 2 0 4 0 0
-6196.3 -1533.7 -15.2 89 0 4.5 16.4 2.5 2.5 2 0 1 3 3
-5637.4 -1538.7 -16.0 261 0 13.1 10.5 5.0 2.5 2 0 2 5 5
-5234.2 -1443.1 -14.8 264 0 7.9 11.4 2.5 2.5 2 1 1 3 3
-5249.1 -1442.0 -14.6 265 0 12.9 10.9 5.0 2.5 2 0 2 2 2
-3515.0 -2164.4 -1.5 245 0 13.6 10.9 2.5 2.5 2 0 1 1 1
-3499.5 -2111.1 -2.7 150 0 10.8 13.2 2.5 2.5 4 1 1 5 5
-3981.0 -2388.6 -3.3 250 0 9.8 7.5 2.5 2.5 2 0 1 1 1
-6240.3 -1549.4 -16.1 270 0 10.2 12.1 5.0 2.5 2 1 2 1 1
-6292.0 -1363.9 -15.4 351 0 13.1 12.8 5.0 2.5 2 0 2 3 3
-6517.1 -1574.7 -17.8 14 0 8.7 18.2 10.5 3.5 2 1 3 1 1
-6351.9 -1543.5 -16.2 269 0 5.5 12.9 2.5 2.5 2 0 1 4 4
-6357.2 -1543.7 -16.3 267 0 5.0 15.4 5.0 2.5 2 0 2 1 1
-6311.7 -1243.7 -15.0 257 0 7.2 13.2 2.5 2.5 2 1 1 2 2
-6649.9 -1098.5 -12.1 4 0 10.5 7.6 2.5 2.5 2 0 1 2 2
-6648.9 -1076.9 -12.0 3 0 15.2 7.6 2.5 2.5 2 0 1 4 4
-6604.4 -1131.6 -12.6 275 0 18.6 12.5 7.0 0.0 0 0 2 3 3
-6447.1 -1178.7 -13.8 99 0 8.2 10.5 5.0 0.0 0 0 2 5 5
-6439.4 -1180.0 -13.9 101 0 7.5 10.4 5.0 2.5 2 0 2 1 1
-6077.5 -1561.9 -15.2 270 0 12.0 13.3 5.0 2.5 2 1 2 2 2
-6059.4 -1561.8 -15.2 273 0 10.9 9.3 5.0 2.5 4 0 2 3 3
-6041.8 -1560.3 -15.3 275 0 11.7 13.1 5.0 2.5 2 1 2 0 0
-5987.1 -1573.6 -15.5 256 0 9.3 8.4 2.5 0.0 0 0 1 2 2
-5970.6 -1570.6 -15.5 264 0 10.7 12.9 5.0 2.5 2 1 2 3 3
-1829.7 -4113.1 1.2 332 0 15.5 14.3 5.0 2.5 2 0 2 3 3
-2122.5 -3887.3 2.6 154 0 10.6 12.1 2.5 2.5 4 1 1 1 1
-1931.2 -4026.0 1.0 34 0 11.8 11.8 5.0 2.5 2 1 2 3 3
-6060.0 -1532.6 -15.0 183 0 9.4 7.9 2.5 2.5 2 0 1 3 3
-5792.4 -1555.5 -16.1 264 0 25.6 11.6 2.5 2.5 2 0 1 3 3
-6246.7 -1716.1 -18.9 85 0 25.0 15.5 2.5 2.5 2 0 1 4 4
-6182.9 -1607.1 -16.8 350 0 11.2 10.4 5.0 2.5 2 0 2 4 4
-6301.4 -1544.0 -16.2 271 0 8.8 15.7 5.0 2.5 2 0 2 5 5
-6335.6 -1543.1 -16.1 269 0 4.0 13.5 2.5 2.5 2 0 1 3 3
-6492.3 -1434.5 -16.1 100 1 10.1 11.5 14.0 3.5 2 1 4 1 1
-6502.9 -1430.5 -16.1 38 0 6.8 10.1 10.5 3.5 2 1 3 3 3
-6521.6 -1427.3 -16.0 94 1 13.2 10.9 14.0 3.5 2 0 4 0 0
-6536.4 -1423.0 -16.0 13 0 7.2 10.4 10.5 3.5 2 1 3 3 3
-6562.0 -1414.4 -15.8 194 0 10.3 9.0 3.5 3.5 2 0 1 3 3
-6328.0 -2125.0 -19.8 194 0 54.8 18.9 5.0 2.5 4 0 2 0 0
-6162.6 -1634.4 -17.0 272 0 8.0 7.1 2.5 2.5 2 0 1 2 2
-6269.4 -1600.2 -17.8 193 0 13.0 7.7 5.0 2.5 2 0 2 4 4
-3875.4 -2336.7 -2.1 243 0 9.4 11.3 2.5 2.5 2 1 1 4 4
-4045.4 -2458.7 -4.9 66 0 13.2 29.5 2.5 2.5 2 1 1 1 1
-3088.0 -1860.9 -2.5 232 0 15.7 27.3 5.0 2.5 2 0 2 4 4
-3060.0 -1884.0 -2.6 322 0 16.3 15.7 2.5 2.5 2 0 1 5 5
-6388.4 -1417.4 -15.7 360 0 6.3 6.4 10.5 3.5 2 1 3 1 1
-6137.2 -1638.9 -16.8 269 0 10.3 10.7 2.5 2.5 4 1 1 2 2
-6119.1 -1639.5 -16.6 271 0 10.1 9.9 2.5 2.5 4 0 1 3 3
-5826.3 -1522.4 -15.7 343 0 8.9 10.2 5.0 2.5 2 1 2 3 3
-6165.3 -1608.3 -16.6 351 0 11.4 10.9 5.0 2.5 2 0 2 2 2
-5203.7 -1420.0 -14.5 91 0 8.0 9.9 2.5 2.5 2 1 1 3 3
-5270.9 -1419.4 -13.6 76 0 6.1 11.7 2.5 2.5 2 1 1 2 2
-5526.5 -1482.2 -15.7 80 0 9.4 12.0 2.5 2.5 2 1 1 3 3
-5508.6 -1477.1 -15.9 80 0 11.8 10.6 2.5 2.5 2 0 1 4 4
-5493.7 -1477.3 -15.9 79 0 6.4 11.9 2.5 2.5 2 1 1 4 4
-5483.9 -1474.7 -15.9 79 0 6.3 10.5 2.5 2.5 2 1 1 3 3
-5473.0 -1473.4 -15.7 80 0 7.8 11.2 2.5 2.5 2 1 1 0 0
-6142.0 -1443.1 -15.6 85 0 11.0 11.3 5.0 0.0 0 1 2 2 2
-6607.2 -1452.4 -16.2 294 0 6.5 10.6 3.5 3.5 2 1 1 1 1
-6191.7 -1533.7 -15.1 89 0 4.6 16.4 2.5 2.5 2 0 1 5 5
-6548.9 -1503.2 -16.3 291 0 11.4 9.1 3.5 3.5 2 0 1 3 3
-6608.1 -1091.5 -12.4 98 0 9.3 11.5 5.0 2.5 4 1 2 1 1
-6622.9 -1084.2 -12.3 97 0 11.5 10.4 2.5 0.0 0 0 1 1 1
-6580.5 -1107.1 -12.6 98 0 10.9 12.7 2.5 2.5 2 1 1 1 1
-6465.0 -1176.9 -13.7 102 0 8.1 8.3 2.5 2.5 2 1 1 0 0
-6468.9 -1188.6 -13.7 307 0 8.7 9.0 3.5 3.5 2 1 1 0 0
-6456.4 -1200.0 -13.8 313 0 8.8 7.2 3.5 3.5 2 0 1 4 4
-6484.0 -1182.1 -13.5 305 0 9.5 10.3 7.0 3.5 2 1 2 5 5
-6444.5 -1210.0 -13.9 318 0 7.4 5.6 3.5 3.5 2 0 1 5 5
-6653.4 -1128.0 -12.1 2 0 12.4 9.7 2.5 2.5 2 0 1 2 2
-6680.4 -1301.9 -12.8 94 0 8.6 13.3 3.5 3.5 2 1 1 3 3
-6677.2 -1309.7 -13.3 271 0 11.1 16.3 7.0 3.5 2 1 2 3 3
-6667.9 -1224.4 -12.1 2 0 11.0 10.9 3.5 3.5 2 0 1 3 3
-6463.0 -1287.6 -13.9 253 0 8.2 8.2 3.5 3.5 2 0 1 3 3
-6549.0 -1314.8 -13.9 255 0 10.9 6.1 3.5 3.5 2 0 1 5 5
-6534.4 -1301.5 -13.6 75 0 12.9 8.8 3.5 3.5 2 0 1 2 2
-6522.8 -1295.8 -13.6 72 0 6.7 9.6 3.5 3.5 2 1 1 3 3
-6511.7 -1291.7 -13.5 72 0 6.2 10.4 3.5 3.5 2 1 1 3 3
-6499.7 -1289.2 -13.6 71 0 5.9 10.2 3.5 3.5 2 1 1 2 2
-6483.4 -1276.5 -13.6 65 0 8.3 9.6 3.5 0.0 0 1 1 5 5
-6460.4 -1274.0 -13.9 55 0 7.2 16.4 3.5 3.5 2 1 1 4 4
-6447.4 -1263.8 -14.0 59 0 8.2 9.3 3.5 3.5 2 1 1 0 0
-6434.2 -1267.0 -14.1 74 0 7.6 9.4 3.5 3.5 2 1 1 3 3
-6343.3 -1435.7 -15.5 0 0 22.1 7.2 7.0 0.0 0 0 2 0 0
-6497.1 -1450.6 -16.2 282 0 19.4 14.0 7.0 3.5 2 0 2 0 0
-6680.5 -1441.4 -15.6 13 0 13.9 8.5 3.5 3.5 2 0 1 3 3
-6715.6 -958.3 -13.1 94 0 12.4 16.0 7.5 2.5 2 1 3 4 4
-6691.4 -981.1 -12.7 92 0 6.3 12.1 2.5 2.5 2 1 1 1 1
-6701.9 -968.8 -12.9 95 0 7.3 11.7 2.5 2.5 2 1 1 1 1
-6257.6 -1236.2 -15.9 212 0 10.5 9.3 5.0 2.5 2 0 2 3 3
-6269.3 -1222.7 -15.6 74 0 8.1 8.3 2.5 2.5 2 1 1 2 2
-6039.3 -1539.1 -15.2 97 0 16.0 8.7 2.5 2.5 4 0 1 5 5
-1809.4 -4116.9 1.2 243 0 6.4 17.2 5.0 2.5 2 1 2 2 2
-1806.3 -4151.5 1.2 153 0 9.3 19.1 7.5 2.5 2 1 3 4 4
-2029.9 -4007.6 1.3 150 0 11.7 8.2 2.5 2.5 2 0 1 5 5
5287.6 5602.8 -1.8 22 0 19.4 11.6 5.0 2.5 2 0 2 3 3
5592.9 5836.9 -1.9 1 0 9.9 10.4 5.0 2.5 4 1 2 5 5
5508.9 5669.3 0.3 105 0 9.0 12.0 5.0 2.5 2 1 2 5 5
5457.3 5949.0 -6.4 17 0 10.4 11.2 2.5 0.0 0 1 1 2 2
6218.7 6417.2 0.1 89 0 12.5 10.1 7.5 2.5 2 0 3 5 5
6243.2 6189.7 -0.7 101 0 11.2 12.3 5.0 2.5 2 1 2 0 0
6057.0 6455.6 4.2 98 0 14.0 20.2 7.5 2.5 2 1 3 5 5
5470.4 6534.2 0.9 281 0 11.7 8.2 5.0 2.5 2 0 2 3 3
5420.2 6532.3 0.9 278 0 10.7 6.9 2.5 2.5 2 0 1 3 3
5319.7 6641.6 0.6 21 0 11.8 12.3 2.5 2.5 4 1 1 5 5
5230.4 6893.3 1.5 210 0 11.0 11.5 5.0 2.5 2 1 2 1 1
5155.7 6755.2 1.5 199 0 6.3 12.0 5.0 2.5 2 1 2 1 1
6197.7 6186.6 -0.1 101 0 11.0 33.8 10.0 2.5 2 1 4 3 3
5199.7 7068.6 0.3 130 0 7.5 6.3 2.5 2.5 2 0 1 0 0
3843.8 7592.8 0.3 111 0 6.5 14.0 5.0 2.5 2 1 2 2 2
3860.3 7610.5 0.1 20 0 11.8 13.5 5.0 2.5 2 1 2 5 5
3853.1 7667.9 0.1 287 0 6.8 12.4 7.5 2.5 2 1 3 5 5
4246.5 7352.7 3.6 204 0 4.3 11.1 5.0 0.0 0 1 2 5 5
3762.0 8037.0 -0.0 105 0 15.5 12.2 7.5 2.5 4 0 3 0 0
4783.6 7833.9 9.2 8 0 4.6 11.1 5.0 2.5 2 1 2 5 5
5173.7 7721.2 3.8 96 0 11.2 8.4 5.0 2.5 4 0 2 5 5
5407.2 7899.2 0.0 95 0 10.9 8.0 5.0 2.5 2 0 2 5 5
5514.2 8124.1 0.1 272 0 6.6 18.0 5.0 2.5 2 1 2 1 1
5777.8 7942.3 -1.7 92 0 14.5 10.0 7.5 2.5 2 0 3 2 2
6012.1 7884.8 0.1 92 0 8.9 6.6 7.5 0.0 0 0 3 4 4
6082.6 7970.0 0.3 92 0 11.6 10.3 10.0 2.5 2 0 4 3 3
6222.8 7992.5 1.9 92 0 8.9 10.3 7.5 2.5 2 1 3 5 5
5953.1 7233.1 -1.5 4 0 8.2 11.2 7.5 2.5 2 1 3 1 1
5897.4 7228.6 -1.6 95 0 6.5 10.9 2.5 0.0 0 1 1 2 2
5763.0 7226.0 -2.3 6 0 9.5 11.4 7.5 2.5 2 1 3 1 1
5669.5 7234.1 -3.2 272 0 11.9 9.4 5.0 2.5 2 0 2 4 4
5598.9 7253.3 -2.5 272 0 11.8 10.6 5.0 2.5 2 0 2 4 4
5562.7 7253.0 -2.2 188 0 9.4 11.6 7.5 2.5 2 1 3 5 5
5537.9 7219.4 -1.9 186 0 11.5 11.9 10.0 2.5 2 1 4 1 1
5459.6 7276.7 -1.1 186 0 10.9 14.5 2.5 2.5 2 1 1 0 0
5392.7 7231.1 -0.3 95 0 12.5 9.6 5.0 2.5 2 0 2 0 0
5268.4 7276.6 0.3 97 0 10.7 9.9 5.0 2.5 2 0 2 0 0
-6696.1 -1308.2 -13.1 270 0 7.6 15.1 3.5 3.5 4 1 1 5 5
-6326.9 -1463.4 -15.2 177 0 18.5 39.7 5.0 2.5 4 1 2 5 5
-6451.7 -1235.1 -13.9 320 0 8.7 7.3 3.5 3.5 2 0 1 3 3
-6410.8 -1233.8 -14.2 139 0 7.0 13.2 2.5 2.5 4 0 1 3 3
-6406.0 -1239.4 -14.3 139 0 7.7 13.2 2.5 2.5 2 0 1 5 5
-6342.5 -1242.2 -14.7 77 0 10.4 7.1 2.5 2.5 2 0 1 4 4
-6321.3 -1227.8 -14.9 18 0 10.4 7.3 2.5 2.5 4 0 1 0 0
-6072.3 -1605.1 -15.6 79 0 9.7 8.4 5.0 2.5 2 0 2 4 4
-6231.0 -1230.6 -16.2 212 0 6.8 4.8 2.5 2.5 2 0 1 1 1
-6358.2 -1668.6 -18.8 263 0 8.6 8.5 10.5 3.5 4 0 3 3 3
-6408.2 -1544.4 -16.3 271 0 6.9 10.0 2.5 2.5 2 1 1 1 1
-6426.2 -1545.3 -16.5 274 0 11.0 11.2 5.0 2.5 2 1 2 3 3
-6392.4 -1663.3 -18.9 266 0 9.3 9.8 7.0 3.5 2 1 2 2 2
-6363.0 -1614.7 -18.1 266 0 8.8 7.9 7.0 3.5 2 0 2 5 5
-6378.8 -1635.4 -18.4 88 1 10.8 10.1 17.5 3.5 4 0 5 2 2
-6405.0 -1620.4 -18.3 270 0 10.0 13.1 7.0 3.5 4 0 2 4 4
-6464.7 -1616.1 -18.6 273 0 9.5 10.4 7.0 3.5 2 0 2 4 4
-6474.3 -1615.6 -18.7 273 0 9.7 10.4 7.0 3.5 2 0 2 5 5
-6522.2 -1601.7 -18.7 4 0 11.0 8.5 7.0 3.5 2 0 2 3 3
-6670.5 -1242.6 -12.0 3 0 14.8 8.6 3.5 3.5 2 0 1 4 4
-6092.5 -1614.7 -15.6 78 0 11.2 11.2 5.0 0.0 0 1 2 2 2
-6092.5 -1633.5 -16.2 272 0 10.0 13.8 5.0 2.5 2 1 2 5 5
-6343.2 -1421.8 -15.5 0 0 9.5 8.1 7.0 3.5 2 0 2 3 3
-6524.4 -1259.7 -13.3 70 0 6.5 14.2 3.5 3.5 2 1 1 5 5
-3537.6 -2185.3 -1.3 244 0 12.9 12.3 5.0 2.5 2 0 2 0 0
-3562.8 -2196.0 -1.1 241 0 9.2 8.7 5.0 2.5 2 0 2 0 0
-3592.1 -2203.2 -1.0 247 0 11.7 8.9 2.5 2.5 2 0 1 5 5
-3613.1 -2254.5 -0.6 153 0 15.3 6.6 2.5 0.0 0 0 1 4 4
-6493.8 -1530.8 -16.3 196 0 7.2 9.7 2.5 2.5 2 1 1 2 2
-6471.0 -1536.6 -16.5 279 0 6.5 12.0 5.0 2.5 2 1 2 1 1
-6327.5 -1580.6 -17.2 356 0 10.0 6.2 2.5 2.5 2 0 1 2 2
-6231.3 -1601.6 -17.2 179 0 13.2 10.9 5.0 2.5 2 0 2 5 5
-6044.3 -1615.6 -15.9 91 0 11.0 9.6 5.0 2.5 2 0 2 1 1
-6124.8 -1488.2 -15.2 172 0 11.3 11.4 5.0 2.5 4 1 2 5 5
-6112.0 -1463.8 -15.4 265 0 11.9 11.4 5.0 2.5 2 0 2 3 3
-5497.5 -1491.7 -16.4 259 0 11.5 14.8 5.0 2.5 2 1 2 5 5
-5193.8 -1431.0 -14.6 87 0 7.0 10.6 2.5 2.5 4 1 1 2 2
-5184.5 -1429.6 -14.6 89 0 7.3 12.2 2.5 0.0 0 1 1 0 0
-5185.3 -1441.8 -14.7 272 0 6.8 8.9 2.5 2.5 2 1 1 1 1
-5175.3 -1441.8 -14.6 271 0 5.7 10.1 2.5 2.5 2 1 1 3 3
-1958.0 -4074.2 1.1 332 0 10.9 17.9 5.0 2.5 2 1 2 0 0
-1946.1 -3991.8 1.1 307 0 14.0 11.2 7.5 2.5 2 0 3 0 0
-6196.2 -1476.7 -15.3 264 0 11.4 10.7 5.0 2.5 2 0 2 0 0
-6211.5 -1468.9 -15.2 264 0 12.3 8.5 2.5 2.5 2 0 1 5 5
-6685.0 -1166.3 -12.0 274 0 8.4 10.4 3.5 3.5 2 1 1 3 3
-6637.3 -1262.2 -12.3 186 0 6.2 6.1 10.5 3.5 2 0 3 4 4
-6341.2 -1225.9 -14.7 107 0 6.8 10.3 2.5 2.5 2 1 1 3 3
-6351.1 -1219.7 -14.6 111 0 8.3 11.3 5.0 2.5 2 1 2 5 5
-6363.5 -1217.5 -14.5 108 0 8.1 9.2 5.0 2.5 2 1 2 2 2
-6248.0 -1213.9 -16.0 209 0 12.0 8.8 5.0 0.0 0 0 2 5 5
-3958.0 -2381.6 -3.0 248 0 10.4 11.0 5.0 2.5 2 1 2 3 3
-6669.2 -979.9 -12.6 3 0 10.7 8.1 2.5 2.5 2 0 1 1 1
-6654.7 -929.4 -13.7 87 0 9.3 16.3 5.0 2.5 4 1 2 1 1
-6641.8 -950.8 -13.1 87 0 5.8 14.4 2.5 2.5 2 1 1 2 2
-6696.9 -1154.0 -11.9 96 0 7.4 12.9 2.5 2.5 2 1 1 1 1
-6712.8 -1139.0 -11.7 93 0 9.9 10.6 5.0 2.5 2 1 2 5 5
-6702.0 -1164.2 -11.8 275 0 6.2 11.7 3.5 3.5 2 1 1 1 1
-6757.3 -1159.6 -11.4 273 0 10.0 13.1 7.0 3.5 2 1 2 1 1
-6773.8 -1142.4 -11.3 91 0 8.0 16.0 2.5 2.5 2 1 1 3 3
-6774.8 -1157.5 -11.3 273 0 10.5 9.8 7.0 3.5 2 0 2 1 1
-6804.1 -1150.1 -11.0 271 0 5.8 8.9 3.5 3.5 2 1 1 4 4
-6815.6 -1147.2 -10.9 272 0 4.9 9.2 3.5 3.5 2 1 1 0 0
-6857.7 -1136.0 -10.6 87 0 10.1 8.8 2.5 2.5 2 0 1 3 3
-6851.9 -1152.1 -10.7 270 0 8.7 8.8 7.0 3.5 2 1 2 4 4
-6933.1 -1265.9 -11.7 262 0 7.4 14.4 2.5 2.5 2 1 1 1 1
-6804.7 -1324.4 -12.6 119 0 15.8 9.5 3.5 3.5 2 0 1 1 1
-6861.8 -1301.4 -11.9 274 0 6.9 10.1 5.0 2.5 2 1 2 1 1
-6946.5 -1350.4 -12.8 168 0 10.3 10.9 2.5 2.5 4 1 1 0 0
-6936.9 -1431.1 -14.1 1 0 10.6 7.5 2.5 0.0 0 0 1 5 5
-6918.8 -1551.5 -17.4 254 0 7.9 9.8 2.5 2.5 2 1 1 1 1
-6925.0 -1588.7 -17.5 255 0 13.1 12.6 5.0 0.0 0 0 2 1 1
-6683.8 -1458.1 -15.9 9 0 5.9 11.5 3.5 3.5 4 1 1 2 2
-6755.7 -1550.3 -18.8 168 0 11.8 14.6 7.0 3.5 2 1 2 3 3
-6728.3 -1536.3 -18.7 258 0 8.9 10.2 7.0 3.5 2 1 2 3 3
-6712.8 -1531.4 -18.4 349 0 7.7 8.2 7.0 3.5 4 1 2 5 5
-6682.6 -1524.8 -17.6 81 0 8.0 14.2 3.5 3.5 2 1 1 4 4
-6742.6 -1518.6 -18.1 80 0 6.3 9.9 3.5 3.5 2 1 1 0 0
-6764.2 -1509.7 -18.3 82 0 10.4 14.9 7.0 3.5 2 1 2 5 5
-6781.0 -1516.5 -18.4 85 0 8.8 14.6 7.0 3.5 2 1 2 1 1
-6794.6 -1518.0 -18.3 87 0 7.0 13.3 7.0 3.5 2 1 2 0 0
-6906.8 -1257.8 -10.6 91 0 4.7 8.4 3.5 0.0 0 1 1 2 2
-6838.9 -1283.1 -11.5 83 0 9.9 14.3 7.0 3.5 2 1 2 0 0
-6856.4 -1287.5 -11.5 115 0 12.4 10.3 3.5 3.5 2 0 1 3 3
-6790.2 -1287.0 -11.9 86 0 11.2 9.9 3.5 3.5 4 0 1 0 0
-6785.8 -1309.4 -12.5 267 0 9.7 10.3 3.5 3.5 2 1 1 2 2
-6772.8 -1282.7 -11.9 86 0 9.2 11.5 7.0 3.5 2 1 2 0 0
-6761.5 -1306.1 -12.6 272 0 9.2 9.5 3.5 3.5 2 1 1 2 2
-6740.2 -1306.8 -12.8 270 0 7.7 14.1 3.5 3.5 2 1 1 0 0
-6715.5 -1312.3 -13.0 271 0 9.2 13.1 3.5 3.5 2 1 1 4 4
-6720.6 -1299.1 -12.5 88 0 7.8 14.0 3.5 3.5 2 1 1 1 1
-6734.1 -949.0 -13.3 98 0 7.1 16.4 2.5 2.5 2 1 1 3 3
-6751.0 -938.6 -13.5 96 0 6.9 17.1 2.5 2.5 2 1 1 3 3
-6774.3 -948.4 -13.1 273 0 12.6 11.6 5.0 2.5 2 0 2 5 5
-6752.5 -962.1 -12.9 277 0 8.5 12.4 2.5 0.0 0 1 1 0 0
-6613.5 -941.2 -13.1 82 0 11.3 11.8 2.5 2.5 2 1 1 0 0
-6583.0 -949.5 -12.9 93 0 11.4 8.7 2.5 2.5 2 0 1 0 0
-6593.6 -937.9 -13.1 93 0 9.5 9.9 5.0 2.5 2 1 2 2 2
-6532.8 -942.4 -13.0 74 0 10.5 10.2 2.5 2.5 2 0 1 0 0
-6564.0 -951.0 -12.9 75 0 8.2 11.8 2.5 2.5 2 1 1 5 5
-6535.7 -971.0 -12.7 269 0 9.9 11.2 2.5 2.5 2 1 1 4 4
-6519.7 -969.5 -12.8 266 0 10.5 13.1 5.0 2.5 2 1 2 0 0
-6516.3 -948.0 -12.9 76 0 6.1 14.4 2.5 2.5 4 1 1 0 0
-6488.6 -964.7 -13.1 264 0 11.5 12.3 5.0 2.5 2 1 2 1 1
-6471.0 -1002.2 -13.2 267 0 8.1 11.2 2.5 2.5 4 1 1 4 4
-6376.6 -915.0 -13.0 100 0 11.7 15.7 5.0 2.5 2 1 2 0 0
-6396.5 -962.2 -13.7 306 0 6.1 17.3 2.5 2.5 2 1 1 3 3
-6428.1 -960.2 -13.6 213 0 7.4 8.7 5.0 2.5 2 1 2 4 4
-6343.9 -920.9 -13.0 102 0 5.0 13.8 2.5 2.5 2 1 1 4 4
-6308.0 -920.9 -12.9 111 0 7.5 11.2 2.5 2.5 2 1 1 2 2
-6270.8 -912.6 -12.8 120 0 11.1 14.8 5.0 2.5 2 1 2 3 3
-6255.1 -925.3 -13.0 127 0 9.4 11.4 5.0 2.5 2 1 2 3 3
-6282.3 -946.2 -13.5 315 0 10.0 11.2 2.5 2.5 2 1 1 2 2
-6304.8 -941.4 -13.4 313 0 9.8 12.0 2.5 2.5 2 1 1 4 4
-6229.4 -929.3 -13.0 130 0 11.2 13.1 5.0 2.5 2 1 2 3 3
-6219.2 -956.4 -13.5 317 0 10.2 13.4 5.0 2.5 2 1 2 2 2
-6138.3 -967.4 -13.7 130 0 13.0 7.9 5.0 2.5 2 0 2 2 2
-6130.1 -984.1 -13.8 125 0 5.1 15.3 2.5 2.5 4 1 1 5 5
-6117.7 -986.9 -13.9 130 0 8.1 11.0 5.0 0.0 0 1 2 2 2
-6148.6 -992.1 -14.0 316 0 6.0 11.9 2.5 2.5 2 1 1 2 2
-6102.9 -1043.5 -14.8 228 0 11.5 10.5 7.5 2.5 2 0 3 1 1
-6121.1 -1063.9 -15.0 229 0 10.5 10.3 2.5 2.5 2 0 1 2 2
-6144.9 -1036.2 -14.5 49 0 11.5 10.6 5.0 2.5 2 0 2 5 5
-6157.0 -1051.5 -14.7 49 0 4.8 10.1 2.5 2.5 2 1 1 3 3
-6142.9 -1065.2 -15.0 234 0 7.5 6.6 5.0 2.5 2 0 2 3 3
-6208.9 -1073.3 -15.2 38 0 10.8 10.5 5.0 2.5 2 0 2 4 4
-6196.7 -1055.1 -14.9 39 0 10.6 10.3 5.0 2.5 2 0 2 0 0
-6459.5 -1367.6 -15.4 98 0 10.1 9.1 3.5 3.5 2 0 1 2 2
-6522.3 -1368.5 -15.2 275 0 8.1 8.6 3.5 3.5 2 1 1 2 2
-6273.4 -1505.8 -15.0 358 0 8.5 12.6 7.5 2.5 2 1 3 0 0
-6425.2 -1375.5 -15.7 101 0 6.4 10.0 3.5 3.5 2 1 1 0 0
-6490.5 -1362.6 -15.1 88 0 5.9 11.6 3.5 3.5 4 1 1 3 3
-6535.1 -1349.3 -14.6 85 0 9.5 10.6 7.0 3.5 2 1 2 5 5
-6552.9 -1346.0 -14.5 172 0 11.6 6.0 3.5 3.5 2 0 1 3 3
-6515.9 -1310.2 -14.1 262 0 7.8 10.9 3.5 3.5 2 1 1 5 5
-6439.0 -1282.6 -14.1 253 0 18.3 11.7 7.0 3.5 2 0 2 1 1
-6412.1 -1271.8 -14.3 250 0 15.3 9.2 3.5 3.5 2 0 1 0 0
-5812.6 -1065.1 -16.2 164 0 8.7 11.1 2.5 0.0 0 1 1 4 4
-6537.6 -1312.1 -14.2 256 0 9.0 17.9 3.5 3.5 2 1 1 0 0
-6355.1 -1255.0 -14.7 255 0 9.0 12.6 2.5 2.5 2 1 1 4 4
-6365.5 -1286.9 -14.7 164 0 6.6 12.6 2.5 2.5 2 1 1 2 2
-6326.2 -1423.9 -15.4 180 0 13.3 8.3 2.5 2.5 2 0 1 5 5
-6122.0 -1424.6 -15.7 49 0 9.4 7.1 2.5 2.5 2 0 1 1 1
-5815.9 -1039.5 -15.8 132 0 9.3 15.8 5.0 2.5 2 1 2 2 2
-6263.8 -1411.1 -15.1 177 0 8.3 15.8 5.0 2.5 2 0 2 3 3
-6340.9 -1376.7 -15.5 166 0 8.3 11.4 2.5 0.0 0 1 1 4 4
-5917.0 -1587.3 -16.2 251 0 5.7 6.8 2.5 2.5 2 1 1 5 5
-5944.2 -1562.8 -15.4 266 0 8.7 9.5 2.5 2.5 2 1 1 5 5
-5933.8 -1568.6 -15.7 252 0 6.2 11.5 2.5 2.5 2 1 1 3 3
-6066.7 -1487.7 -15.3 170 0 10.8 11.7 5.0 2.5 2 1 2 4 4
-6079.4 -1490.6 -15.3 83 0 11.7 10.8 5.0 2.5 2 0 2 3 3
-6096.9 -1463.6 -15.4 264 0 9.9 11.7 2.5 0.0 0 1 1 5 5
-6063.9 -1401.5 -16.0 44 0 12.4 16.4 5.0 2.5 2 1 2 1 1
-6599.9 -1509.8 -16.6 198 0 13.9 7.0 3.5 3.5 2 0 1 0 0
-6568.7 -1473.0 -16.4 117 0 10.0 9.2 7.0 0.0 0 0 2 5 5
-6670.7 -1401.4 -14.8 20 0 8.8 9.0 3.5 3.5 2 1 1 2 2
-6685.9 -1390.9 -14.7 288 0 7.9 12.9 3.5 3.5 4 1 1 0 0
-6684.7 -1374.8 -14.2 102 0 9.8 6.3 3.5 3.5 2 0 1 5 5
-6696.0 -1371.4 -14.1 94 0 7.0 10.1 3.5 3.5 2 1 1 2 2
-6709.4 -1293.9 -12.5 90 0 6.4 13.5 3.5 3.5 2 1 1 0 0
-6749.6 -1295.4 -12.3 92 0 8.2 10.7 3.5 3.5 2 1 1 5 5
-6879.8 -1136.7 -10.5 175 0 9.4 8.0 2.5 2.5 2 0 1 2 2
-6915.1 -1113.9 -10.7 87 0 13.7 10.0 2.5 2.5 2 0 1 5 5
-6800.2 -964.2 -12.9 271 0 17.8 21.1 2.5 0.0 0 1 1 3 3
-6542.8 -1367.8 -15.1 276 0 11.8 8.7 7.0 3.5 2 0 2 1 1
-6358.5 -1352.3 -15.6 342 0 10.5 13.1 7.0 3.5 2 1 2 4 4
-6365.2 -1333.4 -15.3 343 0 6.7 8.9 3.5 0.0 0 1 1 3 3
-6380.3 -1373.2 -15.7 97 0 5.5 11.7 3.5 3.5 2 1 1 3 3
-6381.2 -1291.7 -14.5 343 0 6.8 9.5 3.5 3.5 4 1 1 5 5
-6347.5 -1335.6 -15.5 166 0 10.8 10.4 5.0 2.5 2 0 2 4 4
-6198.5 -1262.3 -16.5 206 0 14.3 4.5 2.5 2.5 2 0 1 0 0
-6172.3 -1271.3 -16.6 24 0 10.8 6.1 2.5 2.5 2 0 1 2 2
-6164.5 -1218.1 -17.1 23 0 11.5 16.8 5.0 0.0 0 1 2 3 3
-6227.8 -1192.1 -16.3 206 0 11.0 9.6 2.5 0.0 0 0 1 3 3
-5619.5 -517.7 -14.0 266 0 13.9 11.7 5.0 0.0 0 0 2 5 5
-5664.0 -608.6 -14.9 212 0 14.3 19.7 2.5 2.5 4 1 1 5 5
-5670.2 -631.9 -15.0 230 0 10.7 8.4 2.5 2.5 4 0 1 0 0
-5683.3 -646.7 -15.3 231 0 10.8 9.6 2.5 2.5 2 0 1 5 5
-5659.9 -682.5 -15.5 141 0 10.6 14.7 5.0 2.5 2 1 2 3 3
-5542.1 -675.4 -15.2 323 0 10.2 14.2 5.0 2.5 2 1 2 2 2
-5053.5 -1616.8 -16.7 25 0 16.1 12.7 5.0 2.5 4 0 2 4 4
-4902.4 -1591.3 -15.8 40 0 8.5 8.4 5.0 2.5 2 0 2 1 1
-4029.3 -2390.4 -4.4 63 0 12.0 16.1 5.0 2.5 2 1 2 5 5
-3686.3 -2279.6 -0.6 335 0 12.5 9.4 5.0 2.5 2 0 2 1 1
-3733.6 -2286.7 -0.8 243 0 14.2 13.9 5.0 2.5 2 0 2 4 4
-6273.9 -2020.9 -18.3 209 0 9.4 10.4 5.0 2.5 2 1 2 4 4
-6284.3 -1999.8 -18.1 2 0 8.4 9.1 5.0 2.5 2 1 2 5 5
-6316.0 -1947.9 -18.2 354 0 10.8 7.0 2.5 0.0 0 0 1 4 4
-6429.3 -1426.2 -15.9 190 0 7.9 15.9 7.0 3.5 2 1 2 0 0
-1923.7 -4077.0 1.2 242 0 6.4 16.8 7.5 0.0 0 1 3 1 1
-1965.8 -4032.8 1.0 334 0 5.8 10.6 2.5 2.5 2 1 1 3 3
-1887.4 -4091.3 1.2 330 0 9.6 18.6 5.0 2.5 4 1 2 0 0
-1941.7 -4063.4 1.1 330 0 9.0 15.4 7.5 2.5 2 1 3 2 2
-1975.8 -3989.7 1.2 212 0 20.0 6.9 5.0 2.5 2 0 2 5 5
-2072.8 -3976.2 1.8 331 0 10.1 23.0 2.5 2.5 2 1 1 4 4
-1923.8 -4066.7 1.2 334 0 5.1 9.5 2.5 2.5 4 1 1 3 3
-2095.4 -3962.0 1.9 330 0 18.1 9.7 2.5 2.5 2 0 1 1 1
-2132.5 -3964.2 2.1 150 0 9.9 20.8 2.5 2.5 2 1 1 3 3
-2108.2 -3932.2 2.2 332 0 9.1 12.0 2.5 2.5 2 1 1 0 0
-6384.0 -871.5 -12.9 187 0 11.0 13.7 7.5 2.5 2 1 3 3 3
-3789.1 -2306.8 -1.4 247 0 13.4 9.9 5.0 2.5 2 0 2 5 5
-3843.4 -2331.0 -1.9 245 0 13.8 17.4 2.5 2.5 2 1 1 4 4
-3896.9 -2351.1 -2.2 248 0 8.8 9.4 2.5 2.5 2 1 1 1 1
-3910.4 -2358.1 -2.4 249 0 8.3 9.1 2.5 2.5 2 1 1 1 1
-3925.6 -2365.7 -2.6 248 0 6.8 12.0 2.5 2.5 2 1 1 1 1
-3938.8 -2371.6 -2.8 248 0 5.2 9.4 2.5 2.5 2 1 1 1 1
-3990.5 -2411.1 -3.4 159 0 6.5 11.2 5.0 2.5 4 1 2 5 5
-3871.7 -2303.1 -2.5 62 0 9.8 11.8 2.5 2.5 2 1 1 5 5
-3855.9 -2302.0 -2.1 64 0 11.3 5.9 2.5 2.5 2 0 1 0 0
-3837.6 -2287.9 -2.0 63 0 10.7 11.2 2.5 2.5 2 1 1 0 0
-3816.3 -2282.5 -1.6 60 0 11.4 6.1 2.5 2.5 2 0 1 3 3
-3750.2 -2248.3 -1.4 65 0 10.6 9.9 5.0 2.5 2 0 2 5 5
-3728.9 -2241.4 -1.4 64 0 10.0 12.4 2.5 2.5 2 1 1 0 0
-3714.7 -2235.9 -1.1 63 0 5.4 9.9 2.5 2.5 2 1 1 1 1
-3702.5 -2226.4 -1.2 59 0 11.1 10.9 5.0 2.5 2 0 2 2 2
-3645.0 -2163.4 -2.4 149 0 22.2 9.2 2.5 2.5 2 0 1 3 3
-3610.3 -2178.8 -1.8 62 0 8.8 10.6 2.5 2.5 2 1 1 2 2
-3594.3 -2173.7 -1.8 64 0 9.6 7.9 2.5 2.5 2 0 1 1 1
-3535.2 -2137.9 -2.4 66 0 8.4 13.8 2.5 2.5 4 1 1 5 5
-4101.9 -2447.1 -6.0 248 0 15.9 14.1 5.0 2.5 2 0 2 2 2
-4122.5 -2459.0 -6.3 248 0 9.4 9.3 2.5 2.5 2 0 1 5 5
-4135.3 -2480.7 -5.8 248 0 10.3 8.3 2.5 2.5 2 0 1 3 3
-4149.0 -2481.2 -5.9 338 0 8.2 11.8 5.0 2.5 4 1 2 5 5
-4152.8 -2433.9 -7.0 341 0 8.7 11.3 2.5 2.5 2 1 1 0 0
-4104.8 -2414.8 -5.9 155 0 9.0 10.7 5.0 2.5 4 1 2 5 5
-4060.5 -2407.5 -5.0 68 0 4.9 12.5 2.5 2.5 2 1 1 1 1
-4170.2 -2477.5 -5.9 250 0 5.3 6.4 2.5 2.5 2 1 1 4 4
-4217.0 -2493.5 -5.6 253 0 12.3 9.9 5.0 2.5 2 0 2 5 5
-4218.1 -2523.6 -4.6 247 0 6.0 9.4 2.5 2.5 2 1 1 5 5
-4209.1 -2545.9 -4.1 161 0 11.4 10.6 5.0 2.5 2 0 2 3 3
-4191.5 -2587.2 -5.0 70 0 7.5 9.2 5.0 2.5 2 1 2 0 0
-4221.4 -2554.9 -3.5 250 0 4.0 11.3 2.5 2.5 2 1 1 5 5
-4216.3 -2619.7 -4.8 70 0 3.6 12.0 2.5 2.5 2 1 1 2 2
-4267.6 -2615.4 -3.5 247 0 8.4 9.2 2.5 2.5 4 1 1 1 1
-4283.9 -2628.8 -3.2 161 0 8.4 9.9 2.5 2.5 2 1 1 4 4
-4300.2 -2625.1 -3.5 158 0 15.1 7.5 2.5 0.0 0 0 1 4 4
-4321.2 -2641.8 -3.9 153 0 8.6 10.5 2.5 0.0 0 1 1 0 0
-4298.7 -2501.1 -5.6 157 0 6.4 12.5 5.0 2.5 2 1 2 5 5
-4262.8 -2483.7 -5.9 337 0 11.1 16.5 5.0 2.5 2 1 2 2 2
-4250.8 -2499.1 -5.4 246 0 6.7 17.8 7.5 2.5 2 1 3 3 3
-4190.7 -2487.8 -5.7 253 0 10.8 22.8 10.0 0.0 0 1 4 5 5
-4165.6 -2568.9 -4.5 63 0 9.9 31.3 7.5 2.5 4 1 3 5 5
-4011.8 -2316.5 -4.9 152 0 7.8 13.2 2.5 2.5 2 1 1 5 5
-4063.6 -2588.0 -6.0 68 0 14.3 66.4 10.0 2.5 2 1 4 5 5
-4040.3 -2534.1 -4.8 338 0 10.2 27.0 5.0 2.5 2 1 2 3 3
-4265.7 -2700.3 -4.2 68 0 22.8 9.1 7.5 2.5 2 0 3 5 5
-4105.4 -2545.4 -4.3 71 0 15.9 7.8 7.5 2.5 2 0 3 5 5
-3760.4 -2360.4 -1.6 63 0 23.8 10.2 5.0 2.5 4 0 2 4 4
-3733.0 -2183.3 -3.0 241 0 14.9 7.7 5.0 2.5 4 0 2 3 3
-3654.2 -2141.2 -2.9 151 0 9.6 15.4 2.5 2.5 2 1 1 1 1
-3610.8 -2130.1 -2.8 241 0 23.2 9.3 5.0 2.5 2 0 2 1 1
-3554.3 -2093.0 -3.4 242 0 12.7 7.9 5.0 2.5 2 0 2 2 2
-3506.7 -2235.2 -0.6 60 0 25.9 9.3 7.5 2.5 2 0 3 0 0
-3884.4 -2247.1 -3.4 240 0 26.7 9.3 7.5 0.0 0 0 3 2 2
-4243.4 -2676.5 -4.5 71 0 11.5 10.1 10.0 2.5 2 0 4 0 0
-2522.6 -3542.8 1.7 151 0 8.9 17.5 5.0 2.5 2 1 2 0 0
-2352.9 -3687.9 3.2 151 0 9.7 23.8 7.5 2.5 2 1 3 0 0
-2045.4 -3795.0 2.9 242 0 19.9 13.7 7.5 2.5 2 0 3 2 2
-3477.4 -2138.7 -1.7 241 0 10.9 10.4 7.5 2.5 2 0 3 5 5
-3982.0 -2431.0 -3.4 157 0 18.0 5.3 2.5 2.5 4 0 1 4 4
-3833.9 -2416.9 -2.4 66 0 11.1 10.0 5.0 2.5 2 0 2 1 1
-3758.1 -2338.7 -1.4 63 0 11.2 19.7 5.0 2.5 2 1 2 5 5
-6117.1 -1616.1 -15.8 87 0 9.5 11.8 5.0 2.5 2 1 2 0 0
-3097.7 -4207.3 0.5 335 0 8.8 12.9 2.5 2.5 2 1 1 4 4
-3068.1 -4254.4 0.3 337 0 11.2 16.7 5.0 2.5 2 1 2 2 2
-5766.6 -1467.2 -15.1 69 0 9.5 15.6 5.0 2.5 4 1 2 1 1
-5750.7 -1441.3 -15.2 339 0 5.8 13.0 7.5 2.5 2 1 3 2 2
-5691.2 -1604.0 -16.0 68 0 16.5 8.3 5.0 2.5 2 0 2 3 3
-6182.9 -1992.2 -17.4 340 0 8.1 4.6 7.5 2.5 4 0 3 4 4
-6456.5 -1348.0 -15.0 89 0 12.0 7.4 10.5 3.5 2 0 3 5 5
-6073.5 -1933.0 -17.1 96 0 4.8 9.1 2.5 2.5 2 1 1 0 0
-6398.8 -2138.4 -19.8 293 0 30.4 18.8 7.5 2.5 2 0 3 2 2
-6365.2 -2152.4 -19.5 293 0 42.5 18.9 10.0 2.5 2 0 4 0 0
-6382.9 -2112.7 -19.8 271 0 18.5 9.4 7.5 2.5 2 0 3 4 4
-6394.4 -2104.6 -19.8 92 0 10.1 42.3 10.0 2.5 2 1 4 4 4
-6371.6 -2090.6 -19.6 92 0 24.3 19.2 7.5 2.5 2 0 3 1 1
-6363.0 -2033.7 -19.2 3 0 36.4 18.9 10.0 0.0 0 0 4 3 3
-5794.2 -1630.4 -16.6 62 0 16.0 10.5 5.0 2.5 2 0 2 3 3
-5806.5 -1614.3 -16.7 61 0 8.1 13.3 2.5 2.5 2 1 1 2 2
-5856.2 -1647.6 -17.2 65 0 10.5 25.7 10.0 2.5 2 1 4 2 2
-5884.5 -1635.3 -17.4 70 0 12.6 11.8 5.0 2.5 2 0 2 5 5
-5879.1 -1618.1 -17.2 161 0 8.7 13.5 5.0 2.5 4 1 2 1 1
-5875.4 -1493.0 -15.0 160 0 7.6 12.4 5.0 2.5 2 1 2 4 4
-6019.5 -1367.9 -16.1 338 0 39.2 13.5 10.0 2.5 2 0 4 5 5
-6844.7 -1649.8 -19.5 74 0 17.2 48.9 12.5 2.5 2 1 5 4 4
-4054.0 -2335.5 -5.9 327 0 20.9 10.6 2.5 2.5 2 0 1 4 4
-3860.2 -2232.9 -3.2 240 0 6.7 31.1 7.5 2.5 2 1 3 1 1
-3994.5 -2330.8 -4.3 156 0 12.1 5.6 7.5 2.5 2 0 3 0 0
-3956.9 -2406.0 -2.9 246 0 5.7 19.0 7.5 2.5 2 1 3 3 3
-3832.0 -2234.0 -2.6 243 0 6.2 15.2 7.5 2.5 2 1 3 0 0
-3812.4 -2231.8 -2.4 242 0 6.7 13.8 5.0 2.5 2 1 2 4 4
-3812.9 -2216.2 -2.9 243 0 5.8 13.4 7.5 2.5 2 1 3 3 3
-3798.0 -2227.9 -2.3 238 0 4.8 9.7 5.0 2.5 4 1 2 2 2
-3758.5 -2185.4 -3.5 241 0 13.0 7.8 5.0 2.5 2 0 2 1 1
-3700.2 -2373.9 -1.4 64 0 15.1 10.4 2.5 2.5 2 0 1 2 2
-3800.4 -2401.1 -2.1 64 0 26.3 10.7 7.5 2.5 2 0 3 1 1
-3783.2 -2379.3 -1.8 63 0 7.7 31.2 7.5 2.5 2 0 3 3 3
-4278.5 -2444.7 -7.9 331 0 21.7 27.7 12.5 0.0 0 1 5 5 5
-3559.7 -2249.7 -0.7 62 0 19.5 10.1 2.5 2.5 2 0 1 3 3
-3544.6 -2233.3 -0.7 60 0 22.4 9.8 5.0 2.5 2 0 2 1 1
-3680.5 -2297.9 -0.7 336 0 12.3 14.4 5.0 0.0 0 1 2 4 4
-3777.2 -2382.3 -1.9 333 0 10.8 14.7 2.5 2.5 2 0 1 2 2
-3868.5 -2225.3 -3.7 243 0 14.5 9.4 5.0 2.5 2 0 2 1 1
-4085.9 -2338.4 -6.3 247 0 11.3 7.4 5.0 2.5 2 0 2 5 5
-4119.2 -2571.2 -5.3 71 0 13.4 8.0 5.0 2.5 2 0 2 5 5
-2771.7 -3372.4 1.5 153 0 10.0 13.7 5.0 2.5 2 1 2 5 5
-3299.8 -2120.0 -1.4 329 0 13.2 11.4 5.0 2.5 2 0 2 0 0
2943.1 -6315.6 9.0 107 0 22.1 12.8 7.5 2.5 2 0 3 4 4
-2451.2 -3632.5 3.3 151 0 9.6 29.4 7.5 2.5 4 1 3 2 2
-6447.3 -1681.9 -19.5 95 0 10.6 8.6 10.5 3.5 2 0 3 2 2
-6557.2 -1563.0 -17.6 103 0 16.9 9.1 10.5 0.0 0 0 3 4 4
-6591.1 -1553.2 -17.5 105 0 15.6 10.7 14.0 3.5 2 0 4 5 5
-6567.0 -1535.7 -16.8 104 0 9.8 14.0 10.5 3.5 2 1 3 0 0
-1769.8 -4127.4 1.2 330 0 10.1 12.7 2.5 2.5 2 1 1 2 2
-1762.7 -4173.7 1.4 151 0 8.6 22.0 7.5 2.5 2 1 3 5 5
-1707.9 -4174.3 1.5 59 0 18.7 9.3 5.0 2.5 2 0 2 4 4
-1682.0 -4101.9 1.5 157 0 9.9 27.3 7.5 2.5 2 1 3 3 3
-1599.7 -4130.3 1.9 155 0 8.1 21.3 7.5 2.5 2 1 3 5 5
-1520.2 -4145.9 2.4 153 0 11.0 18.8 7.5 2.5 2 1 3 1 1
-1479.5 -4125.4 2.4 333 0 8.2 19.3 7.5 2.5 2 1 3 3 3
-1477.3 -4169.0 2.3 62 0 7.2 22.5 7.5 2.5 2 1 3 2 2
-1549.2 -4121.4 2.1 333 0 7.7 17.5 7.5 2.5 2 1 3 5 5
-1593.0 -4242.2 2.1 154 0 10.6 27.7 7.5 2.5 2 1 3 3 3
-2172.3 -3898.1 2.7 331 0 10.8 20.9 5.0 0.0 0 1 2 0 0
-2285.3 -3828.9 5.1 331 0 9.5 17.9 5.0 2.5 2 1 2 2 2
-2332.7 -3861.0 4.8 62 0 15.1 9.8 7.5 2.5 4 0 3 1 1
-2402.3 -3749.9 5.6 329 0 14.5 32.0 7.5 2.5 2 1 3 5 5
-2415.7 -3717.6 5.3 331 0 16.2 30.3 7.5 2.5 2 1 3 1 1
-2800.3 -1295.4 -8.4 72 0 5.6 7.3 2.5 2.5 4 1 1 5 5
-2456.5 -3677.6 5.1 328 0 10.7 11.6 7.5 2.5 2 1 3 1 1
-1951.2 -4133.4 1.3 95 0 12.0 18.4 5.0 2.5 2 1 2 5 5
-6469.2 -1410.8 -16.1 280 0 12.3 15.4 7.0 3.5 2 0 2 5 5
-138.7 -5485.1 4.5 171 0 4.7 12.6 2.5 2.5 2 0 1 0 0
221.6 -6678.0 3.7 350 0 5.4 11.1 5.0 2.5 2 1 2 1 1
-18.4 -5699.1 5.9 346 0 23.1 8.0 5.0 2.5 2 0 2 3 3
586.3 -7163.3 3.7 168 0 16.1 6.2 5.0 2.5 2 0 2 5 5
549.5 -7382.1 4.5 132 0 7.2 12.3 5.0 2.5 2 1 2 3 3
356.8 -6722.7 6.1 349 0 11.3 13.2 5.0 0.0 0 0 2 2 2
-227.9 -5240.4 3.2 169 0 11.0 12.9 7.5 2.5 2 1 3 5 5
-5984.9 -1620.4 -16.3 73 0 10.3 16.8 2.5 2.5 2 1 1 1 1
-1092.8 -5940.3 -1.5 267 0 6.4 12.4 5.0 0.0 0 1 2 0 0
-6290.3 -1582.1 -17.1 359 0 7.7 6.2 7.5 2.5 2 0 3 4 4
554.0 -7699.5 4.2 169 0 16.7 15.0 7.5 0.0 0 0 3 3 3
113.7 -6301.4 3.6 348 0 7.6 9.8 2.5 2.5 2 1 1 2 2
-1113.2 -7230.2 2.0 105 0 9.4 23.7 5.0 2.5 4 1 2 3 3
631.6 -7734.1 5.6 340 0 10.1 5.9 5.0 2.5 2 0 2 5 5
435.0 -7187.3 3.3 348 0 5.3 10.9 5.0 2.5 4 1 2 3 3
-1105.1 -5961.1 -1.2 177 0 5.5 10.6 7.5 0.0 0 1 3 2 2
-209.6 -5478.5 3.3 351 0 9.3 4.8 2.5 0.0 0 0 1 3 3
473.1 -7289.1 3.6 348 0 7.1 9.0 5.0 2.5 2 1 2 3 3
615.8 -7827.6 5.9 168 0 6.6 12.3 7.5 2.5 2 1 3 0 0
-97.1 -5888.5 3.3 170 0 19.7 10.0 5.0 2.5 2 0 2 4 4
-87.7 -7606.0 3.1 64 0 23.8 5.3 7.5 2.5 2 0 3 5 5
428.6 -7333.0 3.5 168 0 6.1 15.4 7.5 2.5 2 1 3 2 2
218.8 -6508.5 4.6 167 0 9.4 8.0 7.5 2.5 2 0 3 2 2
-284.7 -5090.9 3.4 162 0 5.0 21.3 7.5 2.5 2 1 3 5 5
-1009.5 -7827.3 7.7 21 0 23.4 6.7 7.5 2.5 2 0 3 1 1
103.2 -6149.9 3.6 169 0 4.7 19.3 7.5 2.5 2 1 3 5 5
333.3 -6689.4 6.3 352 0 15.5 6.9 2.5 2.5 2 0 1 4 4
-744.9 -7203.7 1.4 185 0 8.0 13.2 7.5 2.5 2 1 3 3 3
-6346.1 -1696.2 -19.0 81 0 8.5 7.8 10.5 3.5 2 0 3 0 0
147.9 -6309.7 4.1 169 0 9.9 11.5 5.0 2.5 2 1 2 1 1
639.3 -7841.3 6.1 350 0 5.3 12.9 5.0 0.0 0 1 2 2 2
-6213.0 -1702.9 -18.7 84 0 12.6 5.7 5.0 2.5 2 0 2 4 4
-1040.2 -7672.1 5.2 105 0 7.6 5.6 5.0 2.5 2 0 2 0 0
-5621.9 -1858.9 -18.1 144 0 7.4 14.2 2.5 2.5 2 1 1 5 5
7.1 -5772.2 5.8 348 0 13.8 6.8 5.0 2.5 4 0 2 2 2
506.2 -7310.1 3.9 168 0 5.3 10.5 2.5 2.5 2 1 1 3 3
682.8 -7641.3 5.5 348 0 4.3 23.9 5.0 2.5 4 0 2 5 5
791.6 -8051.4 4.5 82 0 7.4 8.8 7.5 2.5 2 1 3 1 1
-45.5 -5910.3 3.6 350 0 7.6 19.8 5.0 2.5 2 1 2 4 4
-163.1 -5470.0 4.2 169 0 10.7 10.1 2.5 2.5 2 0 1 1 1
-10.6 -6107.8 2.6 168 0 4.7 10.7 7.5 2.5 2 1 3 3 3
452.5 -7413.9 3.2 170 0 12.9 8.1 5.0 2.5 2 0 2 5 5
501.1 -7383.5 3.8 348 0 18.2 17.7 7.5 2.5 2 0 3 3 3
-6055.3 -1595.8 -15.6 94 0 9.5 4.6 7.5 2.5 4 0 3 2 2
603.2 -7726.7 5.0 349 0 4.2 17.8 5.0 2.5 2 1 2 1 1
845.2 -8228.6 5.6 170 0 8.5 6.2 2.5 2.5 2 0 1 1 1
829.8 -8275.3 5.8 347 0 4.8 10.3 7.5 2.5 2 1 3 1 1
-1029.5 -7650.0 4.9 283 0 10.9 4.4 5.0 2.5 2 0 2 5 5
155.8 -6467.1 4.2 350 0 5.3 10.7 7.5 2.5 2 0 3 1 1
356.1 -6967.9 3.8 344 0 10.2 6.4 5.0 2.5 2 0 2 5 5
-41.5 -5586.6 5.7 352 0 7.5 15.9 5.0 2.5 2 1 2 5 5
439.2 -7309.9 3.5 350 0 5.6 15.2 5.0 2.5 2 1 2 0 0
239.6 -6583.8 4.3 167 0 9.4 7.9 5.0 2.5 2 0 2 2 2
-65.2 -5874.8 3.8 351 0 4.1 11.0 5.0 2.5 2 1 2 5 5
-145.7 -5462.4 4.4 169 0 4.9 16.5 5.0 2.5 2 1 2 4 4
188.8 -6674.3 3.3 169 0 13.2 7.5 7.5 2.5 4 0 3 0 0
572.7 -7654.3 4.0 347 0 4.9 16.3 5.0 2.5 2 1 2 5 5
339.3 -6591.1 5.6 260 0 5.7 12.0 5.0 2.5 2 1 2 1 1
30.0 -5951.2 4.7 169 0 5.0 14.4 7.5 2.5 2 1 3 3 3
-6518.7 -1657.4 -19.9 191 0 15.5 4.8 10.5 3.5 2 0 3 3 3
-177.7 -5427.3 3.8 164 0 10.6 5.6 7.5 2.5 2 0 3 5 5
-50.7 -5784.7 5.0 166 0 9.5 6.3 5.0 2.5 2 0 2 1 1
-362.4 -5150.1 2.1 170 0 11.3 8.9 7.5 2.5 2 0 3 0 0
-372.3 -7682.8 2.8 142 0 16.7 4.7 7.5 0.0 0 0 3 0 0
215.1 -7290.8 2.8 15 0 4.7 13.4 7.5 2.5 2 1 3 2 2
141.2 -6249.2 4.3 169 0 4.7 16.7 7.5 2.5 2 0 3 3 3
400.4 -7027.1 4.7 164 0 10.8 7.9 7.5 2.5 2 0 3 1 1
49.8 -7301.2 1.8 335 0 10.5 25.6 5.0 2.5 4 1 2 0 0
-204.6 -5272.4 3.4 170 0 5.2 21.9 7.5 2.5 2 1 3 0 0
405.0 -7230.8 3.1 260 0 23.5 4.9 7.5 2.5 2 0 3 4 4
-133.4 -5521.5 4.5 169 0 4.9 17.8 7.5 2.5 2 1 3 5 5
187.9 -6277.1 4.5 351 0 5.0 14.3 5.0 2.5 2 1 2 2 2
494.7 -7283.0 3.7 168 0 10.5 9.3 5.0 2.5 2 0 2 4 4
559.6 -7469.3 4.0 168 0 4.7 9.6 7.5 2.5 2 1 3 3 3
623.3 -7890.6 3.8 168 0 15.9 7.8 2.5 2.5 2 0 1 1 1
-1110.5 -7419.5 3.4 99 0 7.2 12.6 5.0 2.5 2 1 2 5 5
-822.4 -6437.5 -1.0 264 0 4.8 24.0 5.0 2.5 2 1 2 5 5
211.6 -7798.4 1.6 245 0 5.2 10.2 5.0 2.5 2 1 2 3 3
-736.1 -8155.3 7.1 199 0 6.0 8.8 7.5 2.5 2 1 3 1 1
422.9 -7258.4 3.3 259 0 11.8 4.3 5.0 2.5 2 0 2 0 0
197.0 -7322.1 2.8 110 0 8.8 18.1 5.0 2.5 2 1 2 0 0
-147.6 -5375.1 4.0 349 0 12.2 7.1 7.5 2.5 2 0 3 1 1
-369.1 -5097.7 2.6 170 0 6.4 6.5 5.0 2.5 4 1 2 3 3
-110.8 -5537.0 4.9 168 0 4.8 9.2 7.5 2.5 2 0 3 3 3
283.9 -6701.7 4.9 161 0 9.2 6.0 2.5 0.0 0 0 1 2 2
-296.0 -5254.0 2.4 262 0 10.6 4.6 2.5 0.0 0 0 1 5 5
-446.9 -7296.8 2.0 5 0 8.4 17.6 2.5 2.5 2 1 1 4 4
82.5 -6143.0 3.4 170 0 9.8 8.1 2.5 2.5 2 0 1 1 1
-74.9 -5789.2 4.4 345 0 8.6 10.0 2.5 2.5 2 1 1 5 5
117.9 -7790.4 1.6 243 0 18.4 6.6 2.5 2.5 4 0 1 5 5
75.9 -6253.3 3.2 347 0 4.7 12.1 2.5 2.5 2 1 1 3 3
116.9 -6314.5 3.7 347 0 5.1 10.6 5.0 2.5 2 1 2 5 5
-1085.4 -7236.5 2.0 101 0 16.3 4.7 5.0 2.5 2 0 2 5 5
556.5 -7436.4 4.3 167 0 11.4 9.1 5.0 2.5 2 0 2 5 5
470.5 -7041.7 4.7 350 0 4.1 12.8 7.5 2.5 2 0 3 0 0
-803.0 -6396.9 -1.4 258 0 7.8 11.9 7.5 2.5 4 1 3 3 3
-628.1 -7112.8 0.7 179 0 21.8 4.4 5.0 2.5 2 0 2 5 5
490.0 -7343.4 4.0 344 0 7.7 10.1 7.5 2.5 2 1 3 3 3
-6276.5 -1688.8 -18.9 174 0 9.9 6.1 7.5 2.5 2 0 3 2 2
-541.6 -7165.8 2.0 88 0 6.3 12.6 7.5 2.5 4 1 3 5 5
-360.2 -7891.5 4.2 306 0 5.8 16.1 7.5 2.5 2 1 3 5 5
327.6 -7078.7 2.9 170 0 16.0 9.1 2.5 2.5 2 0 1 3 3
-101.0 -7583.6 3.1 155 0 4.1 16.6 7.5 2.5 4 1 3 2 2
234.6 -6554.0 4.7 167 0 10.9 5.5 5.0 2.5 4 0 2 0 0
-266.9 -5056.0 3.4 254 0 8.3 15.4 7.5 2.5 2 1 3 0 0
137.8 -6147.6 4.0 81 0 8.1 15.9 5.0 2.5 2 1 2 0 0
307.2 -6700.2 5.6 170 0 4.3 12.6 5.0 2.5 2 1 2 0 0
100.3 -8374.3 4.5 273 0 4.5 26.0 7.5 2.5 2 0 3 0 0
189.7 -6438.8 4.7 170 0 10.3 8.1 7.5 2.5 2 0 3 3 3
-366.1 -5124.8 2.3 170 0 16.4 7.8 7.5 2.5 2 0 3 5 5
-19.8 -5980.4 3.6 352 0 5.3 8.7 7.5 2.5 2 0 3 5 5
326.5 -6658.2 6.4 350 0 6.8 6.1 5.0 0.0 0 0 2 4 4
164.7 -6304.0 4.1 170 0 5.4 25.4 5.0 2.5 2 1 2 1 1
604.9 -7842.9 5.3 169 0 13.6 7.6 5.0 2.5 2 0 2 0 0
423.0 -7016.2 4.9 170 0 5.5 23.9 5.0 2.5 2 1 2 4 4
-6224.4 -1703.9 -18.8 84 0 7.7 5.7 5.0 0.0 0 0 2 4 4
-1061.7 -7658.1 5.0 192 0 10.6 5.8 5.0 2.5 2 0 2 4 4
15.2 -7826.4 1.6 245 0 9.1 20.0 5.0 0.0 0 1 2 3 3
606.4 -7720.2 5.1 354 0 5.3 10.4 2.5 2.5 2 1 1 2 2
785.6 -7940.6 4.3 79 0 5.9 10.4 5.0 2.5 2 1 2 5 5
-150.1 -5487.0 4.3 171 0 4.7 11.6 5.0 0.0 0 0 2 5 5
90.7 -6320.3 3.3 348 0 4.9 14.4 2.5 2.5 2 1 1 0 0
-1034.6 -6633.5 -0.9 176 0 6.1 10.0 7.5 2.5 2 1 3 4 4
-1066.8 -7840.1 8.5 200 0 9.8 10.3 2.5 2.5 2 1 1 1 1
453.1 -7371.2 3.6 169 0 5.4 14.7 5.0 2.5 2 1 2 3 3
552.2 -7389.7 4.6 169 0 7.3 7.6 5.0 0.0 0 1 2 3 3
-1039.2 -6879.5 0.3 13 0 8.7 10.3 2.5 2.5 2 1 1 5 5
-6027.7 -1636.1 -16.2 4 0 4.1 11.8 5.0 2.5 2 1 2 5 5
-317.3 -5111.0 2.8 346 0 11.1 7.5 2.5 2.5 2 0 1 3 3
-6315.2 -2004.5 -18.4 93 0 15.0 4.0 7.5 2.5 2 0 3 2 2
-600.3 -7984.5 6.6 108 0 11.0 5.1 7.5 2.5 2 0 3 4 4
76.1 -5987.8 4.8 350 0 13.8 6.6 7.5 2.5 2 0 3 1 1
832.5 -8199.9 5.4 170 0 4.5 14.7 7.5 2.5 2 1 3 0 0
807.3 -8289.4 5.7 77 0 20.2 6.1 7.5 2.5 2 0 3 2 2
11.5 -6223.9 2.5 170 0 19.8 8.4 7.5 2.5 2 0 3 0 0
679.3 -7771.8 6.5 173 0 11.1 8.2 5.0 2.5 2 0 2 5 5
175.0 -6472.5 4.3 348 0 8.7 8.9 7.5 2.5 2 1 3 4 4
338.0 -6627.6 6.2 349 0 12.6 6.7 7.5 2.5 2 0 3 1 1
261.9 -7213.5 2.7 77 0 19.7 4.8 2.5 2.5 2 0 1 3 3
-55.0 -5867.0 4.0 350 0 5.0 10.7 7.5 2.5 2 1 3 5 5
-155.5 -5432.6 4.2 170 0 4.8 10.8 7.5 2.5 2 1 3 0 0
209.1 -6639.4 3.7 350 0 4.6 14.7 5.0 2.5 2 1 2 3 3
599.0 -7643.3 4.4 346 0 11.1 9.6 7.5 2.5 2 0 3 4 4
-203.4 -5350.7 3.2 166 0 11.0 8.1 2.5 2.5 2 0 1 4 4
736.4 -8012.9 4.1 342 0 11.2 7.9 5.0 2.5 2 0 2 4 4
-45.4 -5802.4 4.9 170 0 9.8 8.1 5.0 2.5 2 0 2 3 3
-180.4 -7258.1 0.6 19 0 7.4 6.0 7.5 2.5 2 0 3 0 0
-1077.9 -7414.4 3.5 9 0 5.6 9.2 5.0 2.5 4 1 2 4 4
-45.4 -6035.3 2.8 168 0 16.6 7.7 5.0 2.5 2 0 2 4 4
184.7 -7845.1 1.6 64 0 5.6 14.0 5.0 2.5 2 1 2 4 4
-327.6 -5151.3 2.3 350 0 4.7 11.4 7.5 2.5 2 1 3 5 5
-308.3 -8271.8 5.6 209 0 7.5 14.4 2.5 2.5 2 1 1 5 5
-359.4 -7697.2 2.8 142 0 9.1 19.5 7.5 2.5 2 1 3 0 0
152.1 -7268.2 2.7 198 0 10.1 21.6 5.0 2.5 2 1 2 1 1
195.9 -6246.5 4.8 350 0 14.8 9.7 5.0 2.5 2 0 2 5 5
-6468.6 -1654.5 -19.3 98 0 4.9 18.1 10.5 3.5 2 1 3 0 0
-202.4 -5605.6 3.1 81 0 7.6 13.0 2.5 0.0 0 1 1 1 1
123.4 -6419.8 4.1 343 0 6.2 7.9 7.5 2.5 2 1 3 4 4
461.3 -7092.0 4.5 169 0 9.1 6.5 2.5 2.5 2 0 1 5 5
295.6 -6663.7 6.0 169 0 4.1 15.8 7.5 2.5 2 1 3 1 1
-32.5 -5664.5 5.7 349 0 18.9 8.5 2.5 2.5 2 0 1 0 0
-429.2 -7640.7 2.7 22 0 10.4 9.4 7.5 0.0 0 0 3 4 4
479.1 -7433.8 3.4 169 0 13.0 8.4 5.0 2.5 2 0 2 3 3
656.7 -7874.4 4.5 351 0 5.3 12.9 7.5 2.5 2 1 3 2 2
21.9 -5890.0 5.2 171 0 5.2 8.9 7.5 2.5 2 0 3 0 0
-1097.4 -7420.4 3.6 188 0 4.6 9.9 5.0 2.5 2 1 2 0 0
-226.1 -5393.0 2.8 351 0 5.0 14.0 5.0 2.5 2 0 2 1 1
-6351.7 -2002.6 -18.6 92 0 12.1 4.0 7.5 2.5 2 0 3 4 4
102.7 -6064.0 4.3 266 0 6.4 13.4 5.0 2.5 2 1 2 1 1
305.7 -7010.1 2.7 170 0 18.6 11.5 5.0 2.5 2 0 2 5 5
-821.5 -6424.9 -1.2 175 0 7.7 23.7 2.5 0.0 0 1 1 1 1
202.1 -7831.9 1.6 65 0 6.6 10.0 2.5 2.5 2 1 1 0 0
-283.6 -8271.4 5.4 119 0 5.3 12.2 5.0 2.5 2 1 2 4 4
-288.2 -5252.9 2.5 262 0 5.1 4.6 5.0 2.5 2 0 2 2 2
369.5 -6855.7 4.3 171 0 4.6 24.1 7.5 2.5 4 1 3 0 0
-212.0 -5453.3 3.1 350 0 4.9 16.6 5.0 2.5 2 1 2 0 0
-6251.9 -2036.1 -18.3 121 0 11.7 5.6 7.5 2.5 2 0 3 0 0
-7.2 -6038.7 3.1 350 0 5.5 17.5 2.5 2.5 2 1 1 4 4
-123.2 -5554.4 4.6 169 0 9.7 11.1 5.0 2.5 2 1 2 2 2
96.6 -6117.0 3.8 168 0 4.9 17.8 7.5 2.5 2 1 3 2 2
114.5 -8356.2 4.3 273 0 10.3 6.1 2.5 0.0 0 0 1 4 4
-437.4 -7274.5 2.1 5 0 14.4 6.4 5.0 0.0 0 0 2 1 1
623.7 -7762.2 5.5 346 0 5.5 17.4 5.0 2.5 2 1 2 3 3
115.6 -6330.1 3.7 347 0 10.0 8.2 2.5 2.5 2 0 1 5 5
667.3 -7823.8 6.4 346 0 7.0 9.9 7.5 2.5 2 1 3 0 0
543.5 -7416.8 4.4 162 0 8.6 7.8 2.5 2.5 2 0 1 1 1
23.6 -6041.9 3.5 342 0 6.7 12.3 5.0 2.5 2 1 2 2 2
431.9 -7046.7 4.7 170 0 5.3 18.7 5.0 2.5 2 1 2 0 0
-6338.4 -1568.9 -16.7 358 0 4.6 9.8 7.5 2.5 2 1 3 4 4
487.8 -7332.3 3.9 347 0 7.3 10.7 2.5 2.5 2 1 1 2 2
699.9 -7554.0 5.6 353 0 19.1 8.3 5.0 2.5 2 0 2 5 5
44.9 -6161.7 2.8 352 0 4.8 10.5 5.0 2.5 2 1 2 4 4
344.4 -6805.0 4.7 170 0 5.2 15.5 7.5 2.5 2 1 3 3 3
244.0 -6667.7 4.6 345 0 9.6 5.6 5.0 2.5 2 0 2 1 1
366.9 -7068.2 3.4 349 0 8.3 17.1 7.5 2.5 2 1 3 4 4
-20.8 -5783.9 5.4 171 0 5.4 10.3 7.5 2.5 2 1 3 3 3
111.9 -6470.3 3.9 168 0 16.5 10.0 7.5 2.5 4 0 3 5 5
134.5 -6115.2 4.2 351 0 15.9 8.2 2.5 2.5 2 0 1 2 2
-131.2 -5651.0 4.1 350 0 8.6 10.3 5.0 2.5 2 1 2 4 4
194.6 -6454.0 4.7 174 0 10.5 7.8 2.5 2.5 2 0 1 2 2
701.6 -8077.1 4.0 85 0 7.1 12.7 5.0 2.5 2 1 2 4 4
194.2 -7855.2 1.6 64 0 40.6 9.4 7.5 2.5 2 0 3 4 4
-192.0 -5454.4 3.6 342 0 9.6 5.0 5.0 2.5 2 0 2 4 4
593.6 -7835.5 5.0 170 0 8.9 7.0 7.5 2.5 2 0 3 1 1
481.1 -7144.3 4.1 79 0 13.5 5.0 7.5 2.5 4 0 3 5 5
405.2 -6987.8 4.9 169 0 10.1 6.6 5.0 2.5 2 0 2 0 0
195.5 -6533.1 4.3 348 0 10.8 10.1 5.0 2.5 2 0 2 5 5
705.4 -7937.3 3.9 351 0 10.9 8.1 2.5 2.5 2 0 1 0 0
-58.2 -5955.7 3.4 168 0 3.3 13.3 7.5 2.5 2 1 3 1 1
618.7 -7711.2 5.2 346 0 11.5 9.2 7.5 2.5 2 0 3 0 0
406.6 -7154.9 3.4 349 0 5.4 18.6 2.5 2.5 4 1 1 1 1
-1137.5 -6228.7 -1.3 357 0 8.1 4.7 5.0 2.5 4 0 2 1 1
-1023.2 -7832.6 8.0 22 0 4.2 10.5 5.0 2.5 2 1 2 2 2
534.5 -7331.7 4.2 170 0 6.1 20.8 5.0 0.0 0 1 2 1 1
-235.2 -5126.1 3.5 349 0 18.6 7.8 7.5 2.5 2 0 3 1 1
-239.8 -5431.2 3.0 172 0 4.5 16.9 7.5 2.5 2 1 3 4 4
718.1 -8062.6 4.1 80 0 20.5 5.6 7.5 2.5 2 0 3 4 4
-195.8 -5375.8 3.4 165 0 10.0 6.7 2.5 2.5 2 0 1 1 1
229.3 -6421.8 4.6 346 0 7.4 6.9 2.5 2.5 2 0 1 4 4
458.6 -7125.2 4.2 168 0 5.2 19.1 5.0 2.5 4 1 2 2 2
4.4 -6183.5 2.5 169 0 11.6 6.4 5.0 0.0 0 0 2 2 2
186.0 -6495.6 4.3 344 0 8.9 8.6 5.0 2.5 2 0 2 1 1
291.9 -7195.0 2.7 349 0 9.8 7.7 7.5 2.5 2 0 3 5 5
-120.3 -5415.8 4.5 349 0 18.0 8.5 2.5 2.5 4 0 1 4 4
171.6 -6642.5 3.2 170 0 12.7 8.7 7.5 0.0 0 0 3 3 3
373.4 -7155.8 3.2 169 0 15.9 8.5 7.5 2.5 2 0 3 0 0
688.8 -7973.6 3.7 350 0 4.6 17.7 5.0 2.5 2 1 2 4 4
-312.9 -5168.9 2.4 348 0 9.2 12.1 2.5 2.5 2 1 1 2 2
-1106.9 -7178.1 2.1 193 0 17.6 13.9 5.0 2.5 2 0 2 2 2
-314.3 -7670.8 2.8 57 0 14.4 8.0 5.0 2.5 2 0 2 3 3
156.1 -7210.8 2.8 108 0 12.1 9.2 7.5 2.5 2 0 3 5 5
187.2 -6259.4 4.7 350 0 8.6 15.5 7.5 0.0 0 1 3 1 1
-5867.3 -1505.1 -15.1 338 0 11.5 4.4 5.0 2.5 2 0 2 3 3
-92.5 -5802.0 3.9 351 0 4.7 13.4 2.5 2.5 2 1 1 3 3
-397.7 -7909.7 4.5 213 0 9.2 23.6 5.0 2.5 2 1 2 0 0
10.1 -5891.8 5.0 171 0 5.2 11.9 7.5 0.0 0 0 3 2 2
-5820.9 -1634.1 -16.9 63 0 14.6 11.0 2.5 2.5 4 0 1 5 5
256.7 -6575.9 4.6 171 0 4.5 12.5 7.5 2.5 2 1 3 3 3
651.8 -7507.6 5.2 349 0 4.8 26.4 2.5 0.0 0 1 1 5 5
-215.6 -5391.3 3.0 351 0 5.0 10.6 2.5 0.0 0 0 1 1 1
115.6 -6054.9 4.5 259 0 11.9 25.6 10.0 2.5 2 1 4 4 4
268.9 -6717.3 4.1 337 0 8.2 6.1 5.0 2.5 2 0 2 1 1
341.6 -7006.4 3.4 350 0 11.0 5.9 2.5 2.5 2 0 1 0 0
-780.6 -6430.7 -0.9 356 0 8.8 5.1 7.5 0.0 0 0 3 5 5
-616.6 -7087.4 0.6 269 0 16.7 7.7 5.0 2.5 2 0 2 5 5
239.5 -8376.2 4.1 347 0 17.3 5.0 2.5 2.5 2 0 1 2 2
652.4 -7610.5 5.4 169 0 4.9 18.7 5.0 2.5 4 1 2 5 5
28.7 -6123.7 2.7 350 0 4.7 15.9 2.5 2.5 4 1 1 5 5
-302.4 -5294.7 2.3 82 0 6.7 24.2 7.5 0.0 0 1 3 5 5
-17.1 -5936.2 4.1 348 0 10.0 5.3 2.5 0.0 0 0 1 1 1
370.5 -6841.7 4.6 170 0 3.3 13.1 5.0 2.5 2 1 2 5 5
75.1 -6085.0 3.9 166 0 5.3 21.6 5.0 2.5 2 1 2 2 2
-99.0 -5719.6 4.5 347 0 11.8 6.3 2.5 2.5 2 0 1 4 4
106.5 -6374.4 3.7 348 0 4.7 16.3 5.0 2.5 2 1 2 5 5
-6177.1 -1917.9 -16.5 168 0 7.1 8.0 5.0 2.5 2 1 2 5 5
-466.6 -7265.7 2.0 184 0 13.3 5.2 5.0 2.5 2 0 2 4 4
645.2 -7771.4 5.9 351 0 11.2 8.8 2.5 2.5 2 0 1 4 4
-174.3 -5504.2 3.8 349 0 4.1 5.8 2.5 2.5 2 1 1 1 1
657.9 -7809.9 6.3 352 0 6.9 9.6 7.5 0.0 0 1 3 3 3
560.9 -7406.8 4.6 169 0 4.9 12.1 5.0 2.5 2 1 2 1 1
16.1 -5960.2 4.4 168 0 15.2 8.5 7.5 2.5 4 0 3 2 2
692.9 -7525.3 5.5 351 0 8.9 5.2 5.0 2.5 2 0 2 3 3
-74.6 -5687.9 5.1 169 0 4.4 10.3 7.5 2.5 2 0 3 3 3
53.7 -6172.8 2.9 347 0 5.1 9.8 2.5 2.5 2 1 1 0 0
275.9 -6475.3 4.7 347 0 11.4 32.0 10.0 2.5 2 1 4 4 4
-170.1 -5373.5 3.7 171 0 11.9 6.9 5.0 0.0 0 0 2 1 1
-53.2 -5969.4 3.3 171 0 10.6 6.2 5.0 2.5 2 0 2 0 0
-31.2 -5775.7 5.3 172 0 4.2 12.6 5.0 2.5 2 1 2 2 2
408.5 -7297.8 3.3 169 0 11.4 6.8 5.0 2.5 2 0 2 0 0
145.2 -6468.9 4.0 350 0 5.3 13.5 7.5 2.5 4 0 3 4 4
-279.2 -5106.7 3.2 167 0 4.6 15.2 7.5 2.5 2 1 3 0 0
596.2 -7358.0 4.6 351 0 10.0 6.6 7.5 2.5 2 0 3 5 5
-129.2 -5683.2 4.0 348 0 11.5 10.5 7.5 0.0 0 0 3 4 4
76.9 -6375.4 3.5 170 0 12.9 7.0 7.5 2.5 2 0 3 3 3
18.6 -5852.8 5.2 349 0 6.0 12.6 7.5 2.5 4 0 3 0 0
51.9 -6253.9 2.8 353 0 13.0 7.0 2.5 2.5 2 0 1 2 2
-5733.5 -1799.9 -17.4 319 0 6.2 8.1 7.5 2.5 2 1 3 5 5
-184.5 -5475.4 3.7 342 0 8.4 4.9 2.5 0.0 0 0 1 0 0
-1059.4 -7225.1 2.0 12 0 9.9 7.2 5.0 0.0 0 0 2 2 2
202.1 -8385.1 4.2 85 0 4.4 9.4 5.0 2.5 2 1 2 2 2
635.2 -7798.4 5.9 348 0 4.8 14.5 7.5 2.5 2 1 3 2 2
404.7 -6977.2 4.8 170 0 4.8 16.3 2.5 2.5 2 1 1 1 1
698.9 -7736.9 6.4 350 0 5.2 13.2 5.0 2.5 2 1 2 1 1
693.3 -7902.7 4.0 340 0 11.6 8.3 5.0 2.5 2 0 2 2 2
-25.8 -5950.5 3.6 349 0 5.0 17.5 7.5 2.5 2 1 3 0 0
413.2 -7045.3 4.6 169 0 10.3 9.9 5.0 2.5 2 0 2 0 0
400.5 -7320.9 3.3 169 0 14.6 8.2 7.5 2.5 2 0 3 3 3
56.9 -6211.8 2.7 349 0 4.7 20.2 5.0 2.5 2 0 2 1 1
282.6 -6587.8 5.1 169 0 11.5 7.3 5.0 2.5 2 0 2 3 3
-1031.2 -7883.7 8.6 16 0 20.5 8.0 5.0 2.5 2 0 2 0 0
515.1 -7405.6 4.0 345 0 10.8 7.4 7.5 2.5 4 0 3 0 0
525.7 -7316.2 4.1 172 0 3.4 20.2 2.5 2.5 2 1 1 1 1
-131.4 -5726.6 4.1 171 0 8.2 12.0 2.5 2.5 2 1 1 4 4
157.3 -6628.3 3.3 169 0 11.3 9.2 5.0 2.5 2 0 2 5 5
270.6 -6661.4 5.4 170 0 9.6 7.5 2.5 2.5 4 0 1 2 2
751.6 -8063.8 4.3 350 0 10.6 7.1 2.5 2.5 4 0 1 4 4
-703.9 -7262.4 1.4 4 0 10.8 4.9 5.0 2.5 4 0 2 3 3
-5969.6 -1937.8 -17.3 245 0 6.7 9.5 7.5 2.5 4 1 3 0 0
-180.7 -5537.5 3.4 351 0 5.1 20.2 5.0 0.0 0 1 2 4 4
203.8 -6438.0 4.9 171 0 4.5 14.4 5.0 2.5 2 1 2 2 2
622.8 -7537.9 5.0 170 0 10.0 15.1 2.5 2.5 2 1 1 5 5
-1225.5 -7744.4 7.0 99 0 8.1 4.9 5.0 2.5 2 0 2 4 4
47.3 -7838.1 1.6 337 0 5.4 13.7 7.5 2.5 2 1 3 2 2
-294.2 -7625.5 2.9 330 0 8.1 17.2 5.0 2.5 2 1 2 4 4
498.2 -7496.1 2.9 78 0 8.2 12.2 2.5 2.5 2 1 1 2 2
291.4 -6548.9 5.0 344 0 14.4 7.2 5.0 2.5 2 0 2 4 4
453.6 -7273.0 3.4 349 0 9.5 10.1 7.5 2.5 2 1 3 0 0
-6111.3 -1930.3 -16.8 82 0 6.6 6.2 5.0 2.5 2 0 2 0 0
-599.6 -7962.1 7.2 209 0 6.4 8.1 5.0 2.5 4 1 2 1 1
350.0 -6879.3 3.5 166 0 9.9 7.1 5.0 2.5 2 0 2 2 2
365.3 -7017.1 3.8 348 0 9.0 8.0 7.5 2.5 2 0 3 3 3
-468.2 -7170.0 2.2 18 0 14.4 5.1 7.5 2.5 2 0 3 1 1
-93.3 -5789.5 4.1 354 0 4.4 9.7 7.5 2.5 2 1 3 2 2
591.8 -7467.6 4.6 168 0 13.3 6.1 7.5 2.5 2 0 3 5 5
-50.6 -5848.7 4.3 349 0 6.2 9.0 7.5 2.5 2 1 3 5 5
-392.2 -7903.6 4.5 211 0 4.9 18.8 7.5 2.5 4 1 3 4 4
596.0 -7555.8 4.4 172 0 5.8 10.5 5.0 2.5 2 1 2 4 4
419.8 -6847.2 4.2 349 0 5.3 11.6 5.0 2.5 2 0 2 4 4
397.7 -6949.6 4.3 169 0 5.7 19.7 5.0 2.5 2 1 2 3 3
256.2 -6546.5 4.9 170 0 5.1 15.1 7.5 2.5 4 1 3 3 3
-6438.3 -1556.0 -16.9 285 0 4.8 9.9 5.0 2.5 2 1 2 4 4
-6282.1 -1527.1 -15.0 94 0 6.1 7.3 5.0 2.5 2 1 2 1 1
-69.6 -5733.0 5.1 173 0 5.4 9.6 7.5 0.0 0 1 3 2 2
388.9 -6922.5 3.8 169 0 5.8 19.2 2.5 2.5 2 1 1 0 0
804.9 -8259.1 5.5 347 0 4.7 11.6 5.0 0.0 0 0 2 5 5
-285.4 -5289.6 2.4 82 0 19.2 4.3 7.5 2.5 2 0 3 4 4
-30.7 -5906.6 4.1 349 0 8.6 5.4 7.5 2.5 2 0 3 5 5
-73.1 -5523.8 5.4 349 0 15.3 7.9 2.5 2.5 2 0 1 1 1
213.2 -6300.2 3.8 349 0 14.3 13.9 7.5 2.5 4 0 3 5 5
603.2 -7293.7 4.2 350 0 16.8 7.9 7.5 2.5 2 0 3 1 1
380.9 -7236.9 3.0 260 0 11.0 26.9 10.0 2.5 2 1 4 1 1
594.5 -7681.4 4.5 349 0 5.3 22.0 7.5 2.5 2 1 3 3 3
59.9 -6081.9 3.7 166 0 10.1 8.1 5.0 2.5 2 0 2 4 4
-83.6 -5760.1 4.5 352 0 9.7 8.9 7.5 0.0 0 0 3 5 5
132.5 -6362.1 4.0 345 0 11.0 8.8 7.5 2.5 2 0 3 2 2
-53.4 -5644.6 5.5 347 0 12.3 5.5 7.5 2.5 2 0 3 0 0
640.1 -7568.9 5.3 166 0 11.1 8.4 2.5 2.5 2 0 1 5 5
587.4 -7789.7 5.3 173 0 16.9 9.0 2.5 2.5 2 0 1 5 5
435.1 -6941.4 4.2 350 0 4.3 9.3 7.5 2.5 2 1 3 2 2
-92.1 -5749.6 4.3 347 0 5.1 20.6 7.5 2.5 2 1 3 5 5
-176.0 -5521.6 3.7 350 0 8.6 8.5 5.0 0.0 0 0 2 1 1
435.3 -7123.9 4.0 168 0 10.4 7.6 7.5 2.5 2 0 3 5 5
27.8 -5992.9 4.2 172 0 10.0 8.9 7.5 2.5 2 0 3 4 4
77.3 -6202.6 3.1 350 0 10.9 8.6 5.0 2.5 2 0 2 3 3
793.9 -8196.5 5.0 350 0 5.9 20.1 5.0 2.5 2 1 2 5 5
-146.5 -5340.8 3.8 348 0 16.5 8.8 7.5 2.5 2 0 3 3 3
117.4 -7990.3 2.8 334 0 9.3 10.0 7.5 0.0 0 1 3 1 1
378.4 -7099.7 3.7 349 0 5.0 10.3 7.5 2.5 2 1 3 3 3
64.5 -6230.6 2.8 350 0 4.6 17.7 5.0 2.5 2 1 2 2 2
318.4 -6721.4 5.7 170 0 5.3 17.8 7.5 2.5 2 1 3 3 3
178.5 -6482.2 4.3 348 0 4.3 10.0 7.5 2.5 2 1 3 4 4
-117.9 -5583.5 4.6 168 0 8.8 7.5 7.5 0.0 0 0 3 2 2
233.2 -7771.4 1.7 245 0 6.6 13.2 2.5 2.5 2 1 1 2 2
434.7 -7210.7 3.2 76 0 9.6 5.7 5.0 2.5 2 0 2 3 3
-6021.8 -1467.8 -15.5 266 0 17.6 12.7 5.0 2.5 2 0 2 4 4
-208.4 -5253.9 3.4 168 0 5.2 9.8 5.0 0.0 0 1 2 5 5
-5743.7 -1843.9 -17.4 51 0 9.1 8.0 5.0 2.5 2 0 2 1 1
-221.4 -5522.0 3.0 260 0 7.1 12.8 7.5 2.5 2 0 3 2 2
240.8 -6452.1 4.9 349 0 6.0 12.0 5.0 0.0 0 1 2 5 5
186.1 -8363.7 4.1 175 0 10.9 5.6 5.0 2.5 4 0 2 0 0
430.5 -7028.1 4.9 170 0 4.0 11.4 5.0 2.5 2 1 2 2 2
-498.4 -7148.9 2.1 289 0 8.0 15.0 5.0 0.0 0 1 2 3 3
677.1 -7882.8 4.0 347 0 10.1 8.2 5.0 2.5 2 0 2 2 2
-339.6 -7627.6 2.8 238 0 10.3 9.6 5.0 2.5 2 0 2 0 0
369.2 -7132.5 3.4 170 0 15.2 8.8 2.5 2.5 2 0 1 5 5
633.6 -7479.0 4.9 350 0 6.3 28.4 7.5 2.5 2 1 3 0 0
539.0 -7476.1 3.5 348 0 7.8 14.6 2.5 2.5 2 1 1 0 0
-1027.8 -6860.9 -0.1 4 0 4.4 14.5 5.0 2.5 2 1 2 5 5
-6070.2 -1892.6 -16.8 89 0 10.1 6.6 5.0 2.5 2 0 2 1 1
-1062.8 -7886.5 9.1 102 0 14.7 4.5 7.5 2.5 2 0 3 0 0
-6319.8 -1651.5 -18.9 81 0 10.7 9.9 10.5 3.5 2 0 3 1 1
126.4 -6254.4 4.0 165 0 9.9 8.4 7.5 2.5 2 0 3 4 4
-165.6 -5658.1 3.7 171 0 5.0 11.0 7.5 2.5 2 1 3 0 0
205.8 -6606.5 3.8 349 0 9.5 5.2 5.0 2.5 2 0 2 0 0
280.5 -6680.2 5.2 170 0 11.7 8.5 7.5 2.5 2 0 3 5 5
-720.0 -7255.7 1.4 6 0 14.7 4.4 7.5 2.5 2 0 3 2 2
207.4 -6455.5 4.8 169 0 4.5 19.8 5.0 0.0 0 1 2 4 4
361.8 -6911.3 3.4 163 0 11.5 6.5 5.0 2.5 2 0 2 3 3
695.4 -7818.5 6.3 170 0 9.8 10.8 7.5 2.5 2 1 3 0 0
276.8 -6603.4 5.1 169 0 4.5 12.6 2.5 2.5 2 1 1 3 3
-528.3 -7184.7 2.0 107 0 9.7 9.0 7.5 2.5 2 0 3 5 5
-1237.9 -7731.9 6.8 188 0 16.2 8.1 2.5 2.5 2 0 1 4 4
53.7 -7811.5 1.6 335 0 10.1 10.9 7.5 2.5 2 1 3 5 5
731.9 -7830.7 5.9 346 0 5.4 14.8 5.0 2.5 2 1 2 1 1
49.5 -6342.1 3.1 170 0 13.7 6.9 5.0 2.5 2 0 2 3 3
-321.8 -7597.0 2.9 237 0 9.9 9.5 5.0 2.5 2 0 2 3 3
-1023.4 -7794.1 7.5 293 0 39.6 6.1 2.5 2.5 2 0 1 4 4
-227.9 -5272.3 3.1 161 0 10.4 8.6 2.5 2.5 2 0 1 5 5
529.2 -7489.6 3.3 350 0 5.6 11.6 5.0 2.5 2 1 2 5 5
-5699.2 -1752.4 -17.0 231 0 11.1 5.3 10.5 0.0 0 0 3 4 4
-1033.8 -6918.7 0.3 10 0 5.1 18.8 5.0 2.5 4 1 2 5 5
462.5 -7256.8 3.4 346 0 7.3 10.1 5.0 2.5 2 1 2 0 0
262.4 -6742.1 3.5 350 0 4.3 10.5 5.0 2.5 2 1 2 3 3
-6119.5 -1926.4 -16.6 80 0 3.8 11.0 7.5 2.5 2 1 3 0 0
330.3 -6779.3 4.9 169 0 5.8 13.8 2.5 2.5 2 1 1 4 4
-66.0 -7576.4 3.1 333 0 10.7 13.1 2.5 2.5 2 1 1 1 1
419.9 -6888.2 3.8 348 0 14.8 7.2 2.5 0.0 0 0 1 5 5
808.1 -8236.6 5.3 347 0 9.2 8.4 5.0 2.5 2 0 2 0 0
353.0 -6893.9 3.3 169 0 5.8 11.5 7.5 2.5 4 1 3 5 5
578.1 -7616.5 3.9 351 0 9.2 6.3 5.0 2.5 2 0 2 3 3
-485.9 -7187.3 2.1 110 0 11.2 9.2 5.0 2.5 2 0 2 5 5
578.0 -7475.5 4.3 170 0 4.8 12.4 7.5 2.5 2 1 3 4 4
364.1 -6719.6 6.2 349 0 8.1 7.7 5.0 2.5 2 0 2 5 5
-160.8 -5416.7 4.1 169 0 4.5 19.9 7.5 2.5 2 1 3 2 2
-447.2 -7624.5 2.7 292 0 13.2 4.9 2.5 2.5 2 0 1 1 1
325.3 -6956.5 3.1 347 0 3.9 11.1 7.5 2.5 2 1 3 5 5
-6263.5 -1717.7 -19.0 85 0 8.8 15.5 5.0 2.5 2 0 2 5 5
167.3 -7850.0 1.6 65 0 4.9 16.6 7.5 0.0 0 1 3 4 4
338.6 -6930.6 3.1 350 0 5.5 11.0 7.5 2.5 2 1 3 5 5
-60.6 -5755.8 5.1 165 0 6.0 8.1 7.5 2.5 4 1 3 4 4
8.3 -7214.8 2.4 244 0 10.7 6.2 5.0 2.5 2 0 2 0 0
389.7 -6886.6 4.1 165 0 4.3 11.5 5.0 2.5 2 1 2 4 4
-159.6 -5314.7 3.6 350 0 15.4 8.6 2.5 2.5 2 0 1 3 3
-29.4 -5917.7 4.0 345 0 7.9 7.8 7.5 2.5 2 0 3 1 1
-150.7 -5496.9 4.3 168 0 7.0 10.2 2.5 2.5 2 1 1 5 5
152.0 -6264.8 4.4 168 0 3.6 13.2 5.0 2.5 2 1 2 4 4
574.8 -7299.7 4.2 350 0 15.9 8.0 7.5 2.5 4 0 3 1 1
456.9 -7340.0 3.6 348 0 4.5 15.5 5.0 2.5 2 1 2 1 1
-5667.9 -1778.0 -17.4 231 0 7.5 7.1 7.0 3.5 2 0 2 0 0
-80.5 -5770.9 4.4 353 0 5.2 11.4 5.0 0.0 0 1 2 2 2
85.4 -6219.9 3.0 349 0 10.7 14.7 5.0 2.5 4 1 2 1 1
628.7 -7771.9 5.7 348 0 4.0 10.1 7.5 2.5 2 1 3 4 4
-89.9 -5481.1 5.2 349 0 17.4 7.7 7.5 2.5 2 0 3 2 2
283.0 -6766.2 4.1 344 0 11.0 8.1 7.5 2.5 2 0 3 0 0
-794.3 -6465.3 -0.6 85 0 10.6 8.3 7.5 2.5 2 0 3 3 3
-247.3 -5440.3 2.8 169 0 12.9 7.2 5.0 2.5 2 0 2 3 3
378.0 -6957.3 4.1 170 0 10.3 7.4 5.0 2.5 2 0 2 3 3
-379.5 -5067.7 2.7 261 0 8.1 18.0 7.5 2.5 2 1 3 1 1
-11.3 -6123.4 2.5 169 0 15.9 8.4 7.5 2.5 2 0 3 2 2
746.8 -8227.8 4.9 171 0 19.7 10.1 5.0 2.5 2 0 2 0 0
-185.8 -5341.3 3.4 169 0 4.9 22.4 7.5 2.5 2 1 3 2 2
266.9 -7821.7 1.6 64 0 14.2 8.3 5.0 2.5 2 0 2 5 5
228.4 -6627.9 4.1 351 0 7.3 10.5 5.0 2.5 2 1 2 1 1
-41.7 -5754.1 5.4 170 0 4.4 19.8 5.0 2.5 2 1 2 4 4
152.6 -6489.1 4.0 352 0 5.4 12.4 7.5 2.5 2 1 3 0 0
-114.2 -5598.6 4.7 168 0 7.0 9.7 2.5 2.5 2 1 1 2 2
188.5 -7803.6 1.6 333 0 8.0 10.2 7.5 2.5 2 1 3 2 2
86.8 -6287.8 3.2 349 0 4.3 17.5 5.0 0.0 0 1 2 3 3
-1027.5 -7005.5 -0.5 5 0 7.2 10.0 2.5 2.5 2 1 1 2 2
222.3 -6729.3 2.7 172 0 4.4 17.5 7.5 2.5 2 1 3 2 2
642.1 -7754.0 5.8 342 0 11.4 6.3 5.0 2.5 4 0 2 1 1
408.7 -7194.7 3.1 80 0 13.9 4.7 5.0 2.5 2 0 2 0 0
-224.9 -5255.0 3.2 170 0 5.8 11.6 5.0 2.5 2 1 2 5 5
-245.9 -5525.8 2.6 260 0 9.3 18.5 7.5 0.0 0 1 3 5 5
478.3 -7306.0 3.7 356 0 6.2 9.3 2.5 2.5 2 1 1 4 4
643.1 -7825.0 6.2 349 0 4.9 12.3 2.5 2.5 2 1 1 3 3
-1207.1 -7721.2 6.8 277 0 13.2 5.8 5.0 2.5 4 0 2 1 1
-331.2 -5073.8 3.1 344 0 10.8 7.1 5.0 2.5 2 0 2 2 2
-118.1 -7607.1 3.0 155 0 24.1 9.7 7.5 2.5 2 0 3 5 5
211.7 -6493.7 4.6 168 0 9.4 4.7 7.5 2.5 2 0 3 4 4
714.7 -7968.5 3.9 349 0 5.8 10.2 5.0 0.0 0 1 2 0 0
-6384.2 -1613.0 -18.0 267 0 5.7 10.5 10.5 3.5 2 1 3 3 3
-376.9 -7654.1 2.8 234 0 10.8 8.8 5.0 2.5 2 0 2 4 4
309.9 -6779.8 4.5 171 0 10.9 7.8 7.5 2.5 2 0 3 3 3
-1063.9 -6865.4 -0.3 185 0 16.0 9.1 7.5 0.0 0 0 3 0 0
-6414.9 -1558.6 -17.0 276 0 3.3 12.3 2.5 0.0 0 1 1 2 2
542.5 -7349.0 4.3 171 0 5.2 15.2 5.0 2.5 2 1 2 0 0
-6503.0 -1587.9 -18.2 197 0 6.9 7.0 7.5 2.5 2 1 3 4 4
423.2 -7146.6 3.6 344 0 9.8 7.1 2.5 2.5 2 0 1 3 3
48.8 -6295.6 2.9 173 0 13.6 8.6 7.5 2.5 2 0 3 2 2
132.0 -6286.5 4.1 174 0 4.6 11.1 7.5 2.5 2 1 3 2 2
-1036.6 -6977.4 -0.5 12 0 5.7 18.3 5.0 2.5 2 1 2 2 2
-187.3 -5604.3 3.4 170 0 4.6 17.2 7.5 2.5 2 1 3 0 0
-6215.9 -1696.4 -18.7 84 0 9.6 6.4 5.0 2.5 2 0 2 0 0
-718.8 -7244.4 1.4 6 0 8.1 4.4 5.0 2.5 2 0 2 2 2
696.4 -7769.6 6.6 169 0 12.8 7.3 2.5 2.5 2 0 1 5 5
312.2 -6574.1 5.6 261 0 7.8 15.5 7.5 2.5 2 1 3 1 1
-601.4 -7092.7 0.7 358 0 11.3 6.2 2.5 2.5 2 0 1 3 3
-1227.0 -7718.0 6.9 279 0 8.1 5.7 5.0 2.5 2 0 2 2 2
73.9 -7716.4 1.9 65 0 6.7 6.2 2.5 2.5 2 0 1 0 0
695.5 -7840.9 6.0 168 0 6.1 10.6 5.0 2.5 2 1 2 0 0
46.9 -6055.4 3.8 163 0 10.5 5.7 2.5 2.5 2 0 1 3 3
-994.7 -7809.8 7.5 23 0 6.1 12.8 7.5 2.5 2 0 3 3 3
-6306.2 -1610.4 -18.3 175 0 11.6 8.0 5.0 2.5 2 0 2 1 1
-5689.3 -1770.1 -17.4 231 0 4.1 16.1 3.5 3.5 2 1 1 0 0
454.9 -7242.4 3.3 346 0 7.6 9.6 5.0 2.5 2 1 2 4 4
-6125.1 -1901.2 -16.4 259 0 3.4 12.3 7.5 2.5 2 1 3 4 4
322.4 -6742.0 5.4 170 0 5.4 16.3 7.5 2.5 2 1 3 1 1
-1015.2 -7677.5 5.0 104 0 8.6 18.4 2.5 2.5 2 1 1 3 3
34.0 -5878.1 5.3 349 0 7.0 8.0 5.0 2.5 2 1 2 0 0
-57.3 -5895.0 3.6 348 0 5.0 17.1 2.5 2.5 2 1 1 3 3
654.9 -7947.4 3.7 171 0 4.6 21.0 7.5 2.5 2 1 3 0 0
-182.3 -5387.8 3.6 170 0 4.2 9.8 2.5 2.5 4 1 1 1 1
206.9 -6382.8 4.5 349 0 4.2 14.6 5.0 0.0 0 1 2 5 5
39.3 -6316.8 2.9 170 0 4.2 9.7 7.5 2.5 2 1 3 2 2
-52.4 -5769.5 5.1 172 0 10.1 10.6 5.0 2.5 2 1 2 1 1
290.6 -6951.9 2.6 169 0 26.6 10.2 7.5 2.5 2 0 3 3 3
336.5 -7667.7 2.0 245 0 7.6 5.2 7.5 2.5 2 0 3 3 3
-344.1 -5045.4 3.3 345 0 9.9 10.0 5.0 2.5 2 1 2 2 2
30.4 -7247.1 2.2 339 0 5.6 15.4 7.5 0.0 0 1 3 2 2
736.6 -8170.7 4.6 260 0 11.9 15.4 7.5 2.5 2 1 3 2 2
-181.7 -5246.9 3.6 259 0 7.8 24.1 5.0 2.5 2 1 2 3 3
-41.2 -5917.0 3.7 349 0 3.8 13.9 5.0 2.5 2 1 2 1 1
-145.1 -5513.6 4.3 161 0 11.5 6.4 2.5 2.5 2 0 1 4 4
202.8 -6271.3 4.3 347 0 9.5 5.6 7.5 2.5 2 0 3 2 2
36.9 -6023.1 4.0 163 0 8.4 6.2 5.0 2.5 2 0 2 0 0
623.1 -7605.4 4.8 171 0 6.2 9.8 5.0 2.5 2 1 2 3 3
430.5 -7348.0 3.4 79 0 7.7 10.3 2.5 0.0 0 1 1 5 5
-106.0 -5462.1 4.9 350 0 14.1 8.3 7.5 2.5 2 0 3 3 3
-49.8 -5712.8 5.5 173 0 5.0 19.3 2.5 2.5 2 1 1 1 1
-6460.4 -1847.6 -20.5 102 0 7.9 12.5 7.5 2.5 2 1 3 1 1
90.3 -6246.4 3.3 346 0 9.7 8.7 7.5 2.5 2 0 3 2 2
250.3 -7798.9 1.6 334 0 12.5 5.6 5.0 2.5 2 0 2 5 5
-5966.7 -1608.4 -16.1 76 0 3.6 11.4 7.5 2.5 2 1 3 3 3
-5928.8 -1629.6 -17.2 166 0 6.9 10.8 7.5 2.5 2 1 3 0 0
-635.8 -8099.6 6.3 103 0 4.4 11.6 7.5 2.5 2 1 3 2 2
303.2 -6822.0 3.6 348 0 11.2 5.7 2.5 2.5 2 0 1 5 5
688.9 -7570.2 5.6 349 0 4.4 28.8 7.5 2.5 2 1 3 1 1
238.6 -7345.6 2.8 348 0 9.1 9.4 7.5 2.5 2 1 3 0 0
354.5 -6826.4 4.5 170 0 4.3 20.7 5.0 2.5 2 1 2 1 1
329.7 -7692.2 1.9 156 0 4.9 14.8 5.0 2.5 2 1 2 2 2
-348.3 -5083.8 2.8 351 0 5.5 17.2 2.5 2.5 4 1 1 0 0
750.0 -8197.6 4.8 168 0 14.1 7.5 7.5 2.5 4 0 3 1 1
-101.8 -5535.1 5.0 168 0 4.7 13.7 7.5 2.5 2 0 3 3 3
-5780.8 -1593.8 -16.5 79 0 23.0 6.0 7.5 2.5 2 0 3 3 3
-50.5 -5721.3 5.5 172 0 5.2 14.7 7.5 2.5 2 1 3 5 5
-289.0 -5186.0 2.7 344 0 10.1 7.3 5.0 2.5 2 0 2 2 2
72.7 -6124.3 3.4 165 0 4.8 10.6 5.0 2.5 2 1 2 0 0
-86.3 -5597.4 5.1 169 0 4.9 12.4 2.5 2.5 2 1 1 1 1
80.5 -6277.0 3.3 350 0 5.2 12.7 7.5 2.5 2 1 3 5 5
479.7 -7034.1 4.7 350 0 16.0 10.3 5.0 2.5 2 0 2 1 1
231.1 -7190.2 2.7 262 0 11.6 22.0 7.5 2.5 2 0 3 3 3
127.6 -7883.4 1.9 155 0 9.3 15.3 7.5 2.5 2 0 3 5 5
-225.9 -5177.0 3.4 349 0 24.6 8.5 7.5 2.5 2 0 3 2 2
343.7 -7119.1 3.1 169 0 16.3 10.7 5.0 2.5 2 0 2 0 0
187.8 -6211.6 4.4 261 0 8.5 21.8 7.5 2.5 2 0 3 3 3
157.5 -6245.7 4.5 169 0 5.5 16.2 5.0 2.5 2 0 2 3 3
116.8 -8404.7 4.6 3 0 7.1 20.2 5.0 2.5 2 0 2 4 4
70.7 -6056.3 4.1 169 0 5.3 19.7 5.0 0.0 0 0 2 3 3
-6332.6 -1567.2 -16.7 357 0 7.3 3.5 2.5 2.5 2 0 1 5 5
126.3 -7878.9 1.6 65 0 5.2 29.4 5.0 2.5 2 0 2 5 5
70.4 -6061.6 4.1 169 0 4.9 17.2 5.0 2.5 2 0 2 1 1
-34.9 -5770.2 5.3 171 0 4.3 17.2 7.5 2.5 2 0 3 2 2
-5895.5 -1494.8 -15.3 352 0 6.9 17.9 7.5 2.5 2 1 3 3 3
506.3 -7443.6 3.5 350 0 8.6 15.0 7.5 2.5 2 0 3 4 4
389.9 -7233.5 3.0 260 0 7.0 12.6 7.5 2.5 4 0 3 5 5
59.3 -6215.9 2.7 350 0 4.1 21.8 7.5 0.0 0 0 3 5 5
-1066.6 -7002.1 -0.6 184 0 5.4 11.9 7.5 2.5 2 0 3 3 3
291.3 -6609.8 5.5 171 0 4.7 9.8 7.5 2.5 2 0 3 1 1
245.7 -8399.5 4.2 348 0 9.2 20.8 7.5 2.5 2 0 3 0 0
-6327.3 -1509.9 -15.1 176 0 5.3 17.4 2.5 2.5 2 1 1 0 0
31.6 -6227.6 2.6 169 0 16.9 7.5 7.5 2.5 4 0 3 0 0
-1074.0 -6989.7 -0.6 185 0 23.0 8.5 5.0 0.0 0 0 2 1 1
-222.2 -5537.7 3.0 170 0 5.0 27.1 7.5 2.5 2 0 3 1 1
-6452.0 -1538.6 -16.4 282 0 13.9 10.5 10.0 2.5 2 0 4 2 2
817.0 -8256.7 5.5 347 0 5.5 12.3 5.0 2.5 4 0 2 4 4
-5923.4 -1599.6 -16.3 71 0 4.8 13.5 7.5 2.5 2 1 3 0 0
-1047.2 -7162.1 1.7 1 0 9.4 9.6 2.5 2.5 2 0 1 5 5
-1000.3 -7828.6 7.6 21 0 27.6 9.0 2.5 2.5 2 0 1 1 1
101.6 -7816.2 1.6 156 0 5.7 13.8 5.0 2.5 2 0 2 0 0
-181.4 -7244.1 0.6 16 0 9.3 30.0 7.5 2.5 2 0 3 5 5
700.1 -7651.8 5.8 349 0 23.4 7.4 5.0 2.5 2 0 2 2 2
84.6 -8091.0 2.8 251 0 4.7 15.4 7.5 2.5 4 1 3 3 3
-39.3 -5983.4 3.4 172 0 5.3 11.0 2.5 2.5 2 0 1 4 4
-1026.2 -7556.3 4.5 100 0 19.6 5.2 5.0 2.5 2 0 2 5 5
636.4 -7790.3 5.9 347 0 5.0 14.7 2.5 2.5 2 1 1 0 0
-11.7 -6018.4 3.3 351 0 4.5 10.7 7.5 0.0 0 1 3 3 3
-6097.1 -1575.4 -15.2 263 0 11.5 7.2 5.0 2.5 2 0 2 3 3
740.4 -8035.1 4.2 343 0 10.4 12.3 7.5 2.5 2 1 3 2 2
-1115.7 -5934.5 -1.8 179 0 6.9 12.7 7.5 0.0 0 1 3 2 2
347.8 -6517.5 4.4 349 0 4.6 12.4 7.5 2.5 2 1 3 3 3
69.5 -5978.9 4.6 350 0 5.2 20.3 5.0 2.5 4 1 2 0 0
560.4 -7423.0 4.5 170 0 4.9 14.5 5.0 2.5 2 1 2 3 3
673.6 -7917.1 3.8 350 0 4.4 14.1 5.0 2.5 2 1 2 1 1
146.6 -7860.5 1.6 64 0 5.5 20.0 7.5 2.5 2 1 3 4 4
462.7 -7007.1 4.8 259 0 10.3 17.3 2.5 2.5 2 1 1 1 1
398.4 -7136.6 3.5 350 0 5.6 16.6 7.5 2.5 2 1 3 5 5
534.9 -7461.1 3.6 346 0 12.1 13.7 7.5 2.5 2 1 3 4 4
-6075.1 -1896.1 -16.7 181 0 13.1 5.0 2.5 0.0 0 0 1 1 1
440.2 -7223.7 3.3 260 0 8.3 13.8 5.0 2.5 2 1 2 1 1
-98.1 -5867.4 3.5 170 0 10.4 4.8 5.0 2.5 2 0 2 2 2
520.3 -7440.3 3.7 350 0 7.1 14.4 5.0 2.5 2 0 2 0 0
597.8 -7696.6 4.6 350 0 4.8 21.4 5.0 2.5 2 1 2 2 2
159.6 -6337.4 4.3 170 0 9.1 13.0 7.5 2.5 2 1 3 5 5
252.8 -6729.8 3.2 351 0 4.7 14.4 5.0 2.5 2 1 2 1 1
12.6 -6154.0 2.6 170 0 5.1 18.8 5.0 2.5 2 1 2 5 5
795.6 -8211.0 5.1 334 0 9.6 10.2 7.5 2.5 2 1 3 3 3
-437.1 -7652.1 2.7 21 0 5.1 14.8 5.0 2.5 2 1 2 1 1
-6265.1 -1659.1 -18.8 174 0 15.6 7.4 5.0 2.5 2 0 2 3 3
231.0 -6502.8 4.8 169 0 5.6 14.0 7.5 2.5 2 1 3 5 5
572.3 -7448.1 4.4 169 0 4.9 20.2 5.0 2.5 2 1 2 0 0
-0.4 -5862.2 5.1 169 0 5.2 22.0 5.0 2.5 2 0 2 5 5
-1180.6 -7734.7 6.9 280 0 8.9 9.8 7.5 2.5 2 1 3 5 5
-100.8 -5856.1 3.5 170 0 12.8 7.7 5.0 2.5 2 0 2 4 4
-78.0 -5683.9 5.1 169 0 4.8 13.7 2.5 2.5 2 0 1 4 4
150.0 -6283.9 4.3 169 0 5.0 20.7 5.0 2.5 2 1 2 1 1
442.1 -7258.2 3.3 349 0 5.1 11.6 5.0 2.5 2 1 2 1 1
785.4 -8168.6 4.8 350 0 9.7 13.7 5.0 2.5 2 1 2 4 4
352.9 -7110.0 3.3 169 0 5.7 19.2 5.0 2.5 2 0 2 5 5
397.3 -7218.2 3.0 82 0 15.5 5.4 7.5 2.5 2 0 3 5 5
-6381.9 -1662.8 -18.8 267 0 10.3 14.2 14.0 3.5 2 1 4 1 1
91.0 -6341.2 3.4 357 0 3.9 16.6 5.0 2.5 2 1 2 1 1
-1038.9 -7780.7 7.3 293 0 14.7 4.9 7.5 2.5 2 0 3 0 0
-698.8 -7224.0 1.5 5 0 5.0 5.6 7.5 2.5 2 1 3 1 1
263.2 -6638.9 5.1 170 0 10.3 11.9 7.5 2.5 2 1 3 3 3
725.3 -8024.4 4.0 347 0 3.3 20.9 5.0 2.5 2 1 2 0 0
-1052.4 -7534.5 4.7 191 0 9.8 11.6 7.5 2.5 2 1 3 2 2
441.0 -7302.5 3.5 347 0 4.3 17.9 5.0 2.5 2 1 2 1 1
-6506.6 -1641.0 -19.4 188 0 5.0 14.3 10.5 0.0 0 1 3 1 1
573.3 -7428.8 4.6 169 0 5.0 10.3 7.5 2.5 2 1 3 3 3
-6088.0 -1446.8 -15.6 96 0 6.5 12.4 7.5 2.5 2 0 3 0 0
-242.1 -5459.8 2.9 172 0 7.6 12.4 2.5 2.5 2 1 1 4 4
406.3 -7005.4 4.9 169 0 8.8 10.8 7.5 2.5 4 1 3 1 1
174.1 -6213.8 4.3 261 0 19.2 5.7 2.5 2.5 2 0 1 0 0
-5791.5 -1617.7 -16.5 63 0 4.4 10.3 5.0 2.5 2 0 2 0 0
-97.2 -5574.5 5.0 170 0 5.0 20.1 7.5 2.5 2 1 3 3 3
-304.0 -5049.4 3.4 156 0 8.8 9.2 5.0 2.5 2 1 2 3 3
-6298.6 -1598.1 -17.8 355 0 9.4 8.5 7.5 2.5 2 0 3 4 4
-333.3 -5127.0 2.4 349 0 3.4 21.8 7.5 2.5 4 1 3 2 2
6.3 -6005.8 3.7 343 0 5.6 11.3 5.0 2.5 2 1 2 5 5
83.6 -8072.9 2.9 161 0 11.9 10.1 7.5 2.5 2 0 3 5 5
159.8 -6560.6 3.9 81 0 17.9 6.8 7.5 2.5 4 0 3 1 1
78.2 -6310.4 3.2 352 0 8.4 10.3 7.5 2.5 2 1 3 1 1
32.7 -5906.5 5.2 164 0 8.8 9.5 5.0 2.5 2 1 2 2 2
-142.0 -5597.9 4.0 347 0 11.8 9.6 5.0 2.5 2 0 2 3 3
610.0 -7504.5 4.9 170 0 3.3 17.0 5.0 2.5 4 1 2 3 3
178.7 -6356.5 4.5 154 0 8.4 10.5 7.5 2.5 2 1 3 0 0
322.4 -6898.7 2.7 349 0 4.7 9.7 7.5 2.5 2 1 3 4 4
650.8 -7665.5 5.5 167 0 6.1 33.9 5.0 2.5 2 1 2 3 3
488.7 -7411.4 3.5 347 0 4.4 14.5 7.5 2.5 2 1 3 5 5
597.4 -7426.2 4.8 259 0 8.2 14.7 7.5 2.5 2 1 3 0 0
223.6 -6600.4 3.9 346 0 7.5 12.5 5.0 2.5 4 1 2 2 2
-269.0 -5142.2 3.1 172 0 4.6 11.3 7.5 2.5 2 1 3 0 0
507.7 -7275.1 3.8 170 0 6.0 24.3 2.5 2.5 2 1 1 2 2
-69.6 -5851.8 3.9 350 0 5.1 12.4 7.5 2.5 2 1 3 2 2
247.9 -6501.0 4.9 169 0 7.9 10.9 5.0 2.5 2 1 2 2 2
376.2 -7221.9 2.9 80 0 8.1 12.8 5.0 2.5 2 1 2 2 2
302.6 -6598.0 5.6 261 0 6.5 11.1 7.5 2.5 2 0 3 5 5
691.0 -7644.0 5.8 349 0 4.7 7.5 7.5 2.5 2 0 3 3 3
149.8 -6562.1 3.8 81 0 12.0 29.0 7.5 2.5 4 0 3 1 1
407.2 -7341.3 3.1 79 0 12.6 14.0 5.0 2.5 2 0 2 2 2
-6496.8 -1577.6 -17.9 191 0 26.8 6.0 2.5 2.5 2 0 1 0 0
-6340.6 -2072.4 -19.3 85 0 23.1 13.5 10.0 2.5 2 0 4 1 1
-1050.9 -7168.6 2.0 1 0 5.4 9.3 7.5 2.5 2 0 3 0 0
-21.5 -5759.9 5.6 171 0 7.0 9.4 5.0 2.5 2 0 2 0 0
-266.8 -5173.0 3.0 169 0 3.9 30.8 5.0 2.5 2 0 2 0 0
14.1 -5918.5 4.8 174 0 4.7 17.5 7.5 2.5 2 1 3 5 5
-13.4 -5866.8 4.8 169 0 9.5 13.6 5.0 2.5 2 0 2 5 5
684.5 -7699.2 6.0 349 0 8.6 14.0 2.5 2.5 2 1 1 2 2
-1065.2 -7424.1 3.6 6 0 9.4 12.3 5.0 2.5 2 1 2 1 1
-295.3 -8244.6 5.4 298 0 4.7 21.4 5.0 2.5 2 1 2 2 2
226.5 -8399.0 4.2 78 0 4.4 19.3 7.5 2.5 2 0 3 3 3
517.3 -7423.7 3.9 344 0 9.1 5.8 7.5 2.5 2 0 3 2 2
-6022.9 -1966.6 -17.1 73 0 9.4 3.7 7.5 2.5 2 0 3 4 4
96.0 -6306.7 3.4 349 0 4.5 13.3 7.5 2.5 2 1 3 0 0
-1061.3 -7198.6 2.0 14 0 5.9 17.6 5.0 2.5 2 1 2 3 3
622.7 -7550.1 5.0 173 0 6.2 17.9 2.5 2.5 2 1 1 1 1
318.8 -6920.9 2.6 348 0 5.4 14.8 5.0 2.5 2 0 2 2 2
-5989.8 -1957.2 -17.2 62 0 5.7 13.2 5.0 2.5 2 1 2 3 3
109.5 -8012.1 3.0 333 0 6.0 12.4 2.5 0.0 0 1 1 2 2
-6327.7 -1612.8 -18.4 266 0 4.4 12.2 10.5 3.5 2 1 3 2 2
109.6 -6286.1 3.6 348 0 8.7 9.7 5.0 2.5 2 1 2 2 2
-74.6 -7556.8 3.1 334 0 12.0 9.9 2.5 2.5 2 0 1 0 0
137.1 -7827.2 1.6 153 0 8.9 11.0 5.0 2.5 2 1 2 0 0
54.9 -6027.4 4.2 166 0 4.3 16.5 7.5 2.5 2 1 3 5 5
228.6 -8342.8 3.9 350 0 8.0 9.7 5.0 2.5 2 1 2 0 0
646.5 -7910.0 3.8 171 0 15.0 6.7 5.0 2.5 2 0 2 5 5
3.3 -5792.9 5.6 349 0 11.1 8.9 7.5 2.5 2 0 3 4 4
115.9 -6404.1 3.9 351 0 8.2 9.9 7.5 2.5 2 1 3 1 1
310.9 -6656.4 6.2 168 0 15.8 8.9 7.5 2.5 2 0 3 2 2
-5676.0 -1782.1 -17.5 233 0 10.4 9.1 10.5 3.5 2 0 3 2 2
4827.5 6721.6 2.1 314 0 5.4 7.6 2.5 0.0 0 1 1 5 5
4827.4 6740.8 2.1 313 0 5.5 7.8 7.5 2.5 4 1 3 2 2
4827.0 6756.7 2.1 42 0 7.7 5.1 5.0 2.5 2 0 2 5 5
4827.0 6776.1 2.2 40 0 8.2 6.2 2.5 2.5 2 0 1 4 4
4818.6 6794.3 2.2 29 0 9.0 5.5 5.0 2.5 2 0 2 4 4
4799.4 6806.5 2.2 206 0 8.5 5.3 5.0 2.5 2 0 2 4 4
4784.2 6815.8 2.1 205 0 7.7 5.0 2.5 2.5 2 0 1 2 2
4745.2 6719.6 1.9 113 0 5.3 8.1 5.0 2.5 2 1 2 1 1
4757.7 6713.7 1.9 112 0 4.6 7.9 5.0 2.5 4 1 2 5 5
4807.5 6665.7 1.0 235 0 8.5 6.7 7.5 2.5 2 0 3 2 2
4788.7 6633.8 -1.9 118 0 6.6 9.2 7.5 2.5 2 1 3 1 1
4702.8 6718.7 1.5 42 0 8.1 5.9 7.0 2.5 2 0 2 4 4
4670.5 6711.7 1.1 237 0 6.9 5.9 2.5 2.5 4 0 1 3 3
4722.9 6627.8 -4.0 240 0 5.6 7.7 5.0 2.5 4 1 2 0 0
4711.5 6625.0 -4.3 278 0 5.3 7.3 5.0 2.5 2 1 2 0 0
4687.1 6631.6 -3.5 7 0 5.4 5.9 5.0 2.5 2 1 2 1 1
4659.6 6634.5 -3.1 172 0 6.7 9.9 5.0 0.0 0 1 2 5 5
4677.1 6654.8 -1.6 356 0 6.9 10.7 5.0 2.5 4 1 2 5 5
4677.0 6675.5 0.6 354 0 7.2 9.4 5.0 2.5 2 1 2 4 4
4686.2 6793.5 2.2 24 0 7.0 4.5 5.0 2.5 2 0 2 0 0
4681.8 6808.8 2.2 201 0 5.9 3.3 5.0 2.5 2 0 2 0 0
4665.6 6809.7 2.2 204 0 7.5 5.0 5.0 2.5 2 0 2 4 4
4709.4 6819.2 2.1 22 0 7.8 10.5 5.0 2.5 2 1 2 5 5
4709.6 6848.0 2.1 291 0 7.1 12.8 5.0 2.5 2 1 2 1 1
4624.6 6768.1 2.0 107 0 6.0 10.4 2.5 2.5 2 1 1 1 1
4547.6 6859.5 1.5 269 0 8.4 10.2 5.0 2.5 2 1 2 5 5
4573.5 6776.1 2.5 93 0 11.9 7.2 5.0 2.5 2 0 2 3 3
4592.0 6815.4 1.9 291 0 6.6 16.8 5.0 2.5 2 1 2 0 0
4569.8 6808.9 1.8 3 0 8.6 8.7 7.5 2.5 2 1 3 0 0
4515.3 6823.9 1.3 181 0 5.9 8.2 2.5 2.5 2 1 1 4 4
4774.8 6847.0 2.2 201 0 9.6 7.5 2.5 2.5 2 0 1 4 4
4974.3 7062.3 2.1 359 0 11.4 17.9 7.5 2.5 2 1 3 2 2
4934.0 7043.8 1.1 321 0 4.8 3.5 5.0 2.5 2 0 2 2 2
-3684.0 4585.9 0.8 218 0 14.3 22.1 7.5 2.5 2 1 3 5 5
-3884.8 4544.6 -1.4 201 0 18.1 66.1 12.5 2.5 2 1 5 3 3
-3795.2 4476.6 -2.9 20 0 19.1 111.4 12.5 0.0 0 1 5 1 1
1858.7 5784.6 -3.3 165 0 26.1 16.2 7.5 2.5 2 0 3 4 4
1911.5 5681.1 -2.0 74 0 10.7 12.0 5.0 2.5 2 1 2 5 5
1879.6 5689.2 -2.4 165 0 11.9 9.8 2.5 2.5 2 0 1 1 1
1894.8 5674.9 -2.1 73 0 9.1 9.3 5.0 2.5 2 1 2 0 0
4872.5 6805.9 2.4 113 0 7.1 11.3 5.0 2.5 2 1 2 1 1
4887.1 6828.0 2.4 20 0 8.2 13.2 2.5 2.5 2 1 1 1 1
4899.9 6855.1 2.6 20 0 5.2 7.2 2.5 2.5 2 1 1 3 3
4886.6 6874.8 2.4 21 0 5.4 6.3 5.0 2.5 2 1 2 4 4
4904.6 6876.7 2.4 21 0 9.0 8.2 2.5 2.5 2 0 1 5 5
4828.4 6680.5 1.5 199 0 7.4 7.7 5.0 0.0 0 1 2 2 2
4840.8 6673.5 0.0 199 0 7.7 8.5 5.0 2.5 2 1 2 4 4
4821.8 6636.4 -2.4 202 0 9.4 6.9 7.5 2.5 2 0 3 2 2
4846.5 6646.3 -1.9 111 0 6.3 7.3 5.0 2.5 2 1 2 2 2
4868.0 6635.2 -2.3 109 0 7.4 9.4 5.0 2.5 2 1 2 3 3
4894.4 6623.6 -2.9 20 0 7.4 6.7 5.0 2.5 2 0 2 5 5
4905.0 6654.6 0.2 24 0 7.3 6.8 5.0 2.5 2 0 2 5 5
4884.2 6658.5 -0.0 20 0 7.1 8.6 5.0 2.5 2 1 2 0 0
4891.5 6707.4 2.0 290 0 8.1 7.5 7.5 2.5 2 0 3 3 3
4872.9 6724.3 2.2 289 0 6.6 7.5 5.0 0.0 0 1 2 0 0
4855.9 6706.9 2.0 291 0 8.2 12.1 2.5 0.0 0 1 1 3 3
4865.2 6698.0 2.0 291 0 5.9 7.8 2.5 2.5 4 1 1 3 3
4878.0 6691.9 1.9 291 0 6.1 8.2 5.0 2.5 2 1 2 4 4
4868.7 6668.8 0.4 19 0 9.1 6.7 5.0 0.0 0 0 2 4 4
4955.2 6634.7 -0.5 300 0 10.8 6.4 7.5 2.5 2 0 3 0 0
4927.3 6647.8 0.1 181 0 6.6 8.2 5.0 2.5 4 1 2 1 1
4868.0 6754.6 2.3 110 0 9.8 7.1 5.0 2.5 2 0 2 4 4
4875.2 6777.1 2.3 291 0 10.5 7.3 5.0 2.5 2 0 2 2 2
-4753.0 -1690.5 -14.9 131 0 12.0 9.2 5.0 2.5 2 0 2 5 5
-2197.9 -3814.1 3.8 61 0 14.2 13.0 5.0 2.5 2 0 2 1 1
-2099.5 -2788.3 2.3 327 0 6.2 10.1 2.5 2.5 2 1 1 2 2
-2113.8 -2757.8 2.1 331 0 18.5 5.9 5.0 2.5 2 0 2 0 0
-1184.2 -4248.5 0.4 241 0 6.8 11.1 5.0 2.5 2 1 2 4 4
-1196.4 -4272.6 0.3 150 0 14.8 7.0 2.5 2.5 2 0 1 0 0
-1180.1 -4285.3 0.3 64 0 15.3 8.3 5.0 2.5 2 0 2 5 5
-1306.4 -4188.8 1.5 61 0 12.3 11.8 5.0 2.5 4 0 2 1 1
-2262.6 -4603.6 -0.5 151 0 7.5 10.9 2.5 2.5 2 1 1 5 5
-2174.8 -4736.5 -1.2 62 0 9.7 8.5 2.5 2.5 2 0 1 3 3
-2437.2 -2302.9 -0.6 151 0 9.4 14.0 5.0 2.5 2 1 2 3 3
5829.8 5753.4 0.7 270 0 6.7 6.3 2.5 0.0 0 0 1 5 5
-6393.2 -1446.1 -15.7 92 0 15.5 11.9 3.5 3.5 4 0 1 4 4
3739.8 8691.2 -1.6 214 0 20.4 42.3 10.0 2.5 2 1 4 4 4
-3704.1 4509.3 1.8 48 0 12.0 32.7 10.0 2.5 2 1 4 0 0
-2980.0 8412.3 -8.5 130 0 7.0 3.8 5.0 2.5 2 0 2 1 1
-3015.9 8441.2 -9.5 202 0 5.1 8.4 5.0 2.5 2 1 2 3 3
-2954.7 8389.4 -7.8 44 0 5.8 6.9 5.0 2.5 2 1 2 4 4
-2982.1 8399.4 -7.9 134 0 6.9 3.8 5.0 2.5 2 0 2 3 3
-3008.3 8467.5 -9.6 280 0 5.8 8.2 5.0 2.5 2 1 2 4 4
-2966.9 8461.1 -9.4 44 0 3.9 6.0 2.5 2.5 2 1 1 3 3
-2720.0 8330.7 -3.7 8 0 8.4 7.6 5.0 0.0 0 0 2 3 3
-2730.5 8208.1 -3.2 4 0 9.5 4.9 2.5 2.5 4 0 1 4 4
-2766.0 8378.8 -3.5 186 0 4.8 9.7 5.0 0.0 0 1 2 2 2
-2737.3 8545.2 -5.6 17 0 11.3 8.2 5.0 2.5 2 0 2 1 1
-2723.1 8257.1 -4.8 9 0 5.3 7.1 2.5 2.5 2 1 1 1 1
-2660.3 8654.2 -4.2 193 0 6.4 7.9 5.0 2.5 2 1 2 0 0
-2777.9 8495.1 -5.7 45 0 7.4 7.6 5.0 2.5 2 1 2 1 1
-2780.9 8285.1 -4.7 187 0 7.1 8.3 5.0 2.5 2 1 2 4 4
-2739.1 8192.1 -3.1 188 0 7.7 7.0 2.5 2.5 2 0 1 1 1
-2681.3 8532.8 -5.6 280 0 6.0 8.4 2.5 2.5 4 1 1 4 4
-2780.8 8441.1 -5.2 184 0 9.6 10.7 7.5 2.5 2 1 3 5 5
-2675.6 8473.0 -5.0 6 0 5.2 8.8 5.0 2.5 2 1 2 0 0
-2714.0 8399.5 -3.9 6 0 7.1 10.2 5.0 2.5 2 1 2 4 4
-2726.3 8236.0 -4.1 8 0 5.3 7.1 5.0 2.5 2 1 2 3 3
-2791.1 8316.3 -4.5 187 0 7.1 8.4 5.0 2.5 2 1 2 4 4
-2680.2 8422.6 -4.3 98 0 6.1 8.2 5.0 2.5 2 1 2 5 5
-2713.1 8364.6 -3.6 6 0 7.0 9.2 5.0 2.5 2 1 2 5 5
-2687.8 8498.3 -5.4 185 0 5.9 7.5 5.0 2.5 2 1 2 4 4
-2694.5 8633.0 -4.5 194 0 6.3 9.5 2.5 2.5 2 1 1 2 2
-2702.5 8421.2 -4.2 5 0 5.6 10.1 5.0 2.5 2 1 2 2 2
-2657.3 8612.9 -4.4 49 0 11.9 13.0 2.5 2.5 2 1 1 1 1
-2696.6 8454.3 -4.7 6 0 5.2 7.0 5.0 2.5 2 1 2 2 2
-2691.4 8510.5 -5.6 186 0 4.9 9.5 5.0 2.5 2 1 2 5 5
-2710.6 8305.4 -4.1 7 0 7.4 8.4 2.5 2.5 2 1 1 2 2
-2738.7 8171.7 -3.0 99 0 6.5 8.6 5.0 2.5 2 1 2 4 4
-2671.2 8493.6 -5.4 4 0 9.5 4.9 2.5 2.5 2 0 1 0 0
-2781.3 8253.6 -3.8 187 0 5.2 13.1 5.0 2.5 2 1 2 1 1
-2736.6 8462.6 -5.2 273 0 4.9 6.5 2.5 2.5 2 1 1 1 1
-2667.7 8519.2 -5.6 274 0 8.7 9.0 5.0 0.0 0 1 2 0 0
-2737.7 8478.6 -5.4 184 0 7.7 9.1 5.0 2.5 2 1 2 4 4
-2787.0 8549.0 -5.7 191 0 10.1 6.9 5.0 2.5 2 0 2 1 1
-2726.4 8447.0 -4.8 278 0 7.4 9.9 5.0 2.5 2 1 2 2 2
-2608.8 8690.3 -4.1 16 0 11.3 13.0 2.5 2.5 2 1 1 0 0
-2783.4 8349.4 -3.9 192 0 7.1 8.3 5.0 2.5 2 1 2 5 5
-2735.8 8402.3 -3.8 7 0 7.1 8.4 2.5 0.0 0 1 1 1 1
-2725.3 8483.7 -5.4 187 0 6.0 8.9 2.5 2.5 2 1 1 2 2
-2782.6 8414.7 -4.7 190 0 6.5 10.0 5.0 2.5 2 1 2 1 1
-2756.9 8595.6 -5.2 198 0 6.2 8.6 2.5 2.5 2 1 1 2 2
-5599.2 -643.8 -14.7 320 0 13.1 11.7 5.0 2.5 2 0 2 0 0
3989.1 6933.6 0.1 99 0 9.0 5.7 5.0 2.5 2 0 2 5 5
3925.2 6610.3 0.3 97 0 10.7 8.5 5.0 2.5 2 0 2 1 1
3946.4 6658.1 0.4 277 0 7.1 10.9 2.5 2.5 2 1 1 1 1
3970.2 6614.1 0.1 96 0 11.4 13.6 5.0 2.5 2 1 2 4 4
3966.8 6640.7 0.3 100 0 5.8 10.1 2.5 2.5 2 1 1 0 0
3982.5 6678.3 0.4 280 0 14.1 8.4 7.5 2.5 2 0 3 0 0
4027.7 6664.3 0.2 278 0 8.4 10.5 5.0 2.5 2 1 2 5 5
4037.0 6646.9 0.1 100 0 7.8 17.1 5.0 2.5 4 1 2 2 2
4166.4 6646.8 -0.2 92 0 10.2 9.3 5.0 2.5 2 0 2 5 5
4174.6 6617.2 -0.4 280 0 11.0 10.5 2.5 2.5 2 0 1 4 4
4157.6 6617.1 -0.4 278 0 10.8 12.0 7.5 2.5 2 1 3 2 2
4130.5 6640.8 -0.1 91 0 10.8 6.1 5.0 0.0 0 0 2 2 2
4051.8 6634.4 0.0 101 0 11.1 8.3 5.0 2.5 2 0 2 0 0
4086.8 6630.5 -0.1 95 0 8.7 6.0 5.0 0.0 0 0 2 5 5
4115.7 6545.1 -0.7 10 0 13.6 13.0 5.0 2.5 2 0 2 4 4
4101.4 6604.1 -0.3 271 0 13.9 10.4 2.5 2.5 2 0 1 2 2
4069.4 6603.1 -0.2 278 0 12.4 11.0 5.0 2.5 2 0 2 5 5
4016.0 6590.7 -0.2 278 0 12.2 10.7 5.0 2.5 2 0 2 1 1
4004.7 6591.1 -0.1 279 0 10.1 7.7 7.5 2.5 4 0 3 3 3
3945.2 6579.7 0.0 279 0 11.3 11.2 5.0 2.5 2 0 2 4 4
3919.0 6578.2 0.2 278 0 11.8 6.8 5.0 2.5 2 0 2 2 2
3888.3 6573.9 0.2 280 0 7.4 8.0 2.5 2.5 4 1 1 2 2
3875.0 6545.9 0.2 100 0 16.0 9.7 5.0 2.5 2 0 2 0 0
3531.4 6564.4 1.0 7 0 9.4 11.2 5.0 0.0 0 1 2 5 5
3765.8 6549.3 0.3 281 0 12.3 12.1 2.5 0.0 0 0 1 0 0
3759.1 6576.2 0.4 95 0 12.1 10.2 5.0 2.5 4 0 2 2 2
3783.7 6584.3 0.5 98 0 11.9 14.0 5.0 2.5 2 1 2 1 1
3801.4 6586.0 0.5 98 0 12.4 12.7 5.0 2.5 2 1 2 5 5
3809.0 6560.5 0.3 278 0 12.1 12.0 2.5 2.5 2 0 1 2 2
3829.4 6491.3 0.0 11 0 14.8 10.9 5.0 2.5 2 0 2 1 1
3841.7 6562.6 0.3 272 0 11.3 12.6 5.0 2.5 2 1 2 2 2
3691.1 6731.6 0.5 281 0 17.0 101.3 10.0 0.0 0 1 4 0 0
3619.5 6593.9 0.5 191 0 11.4 13.4 5.0 2.5 2 1 2 4 4
3649.6 6527.9 0.1 276 0 12.1 10.2 5.0 2.5 2 0 2 5 5
3606.1 6529.9 0.3 281 0 10.6 8.1 5.0 2.5 2 0 2 4 4
3574.6 6510.8 0.8 277 0 12.4 9.7 5.0 2.5 2 0 2 0 0
3518.2 6515.4 0.8 276 0 10.6 6.8 2.5 2.5 2 0 1 5 5
3484.0 6533.7 1.4 93 0 12.0 9.2 2.5 2.5 2 0 1 5 5
3538.6 6700.5 2.6 12 0 11.7 11.7 5.0 2.5 2 0 2 5 5
3449.6 6526.4 1.8 96 0 13.0 10.7 2.5 2.5 2 0 1 3 3
3395.0 6523.7 2.0 98 0 8.3 9.2 5.0 2.5 2 1 2 5 5
3381.5 6477.8 0.9 277 0 11.2 7.5 2.5 2.5 2 0 1 2 2
3371.6 6490.3 0.9 277 0 6.6 10.2 5.0 0.0 0 1 2 5 5
3353.9 6520.1 1.4 100 0 11.5 12.8 5.0 2.5 2 1 2 5 5
3353.4 6486.3 1.0 272 0 11.1 8.9 5.0 2.5 2 0 2 4 4
3323.9 6508.0 1.0 90 0 12.5 9.2 2.5 2.5 2 0 1 4 4
3279.1 6458.1 1.0 183 0 13.0 14.0 2.5 2.5 2 1 1 1 1
3203.3 6510.7 1.1 8 0 12.7 11.2 2.5 2.5 4 0 1 3 3
3048.7 6455.6 1.3 96 0 6.0 9.7 5.0 0.0 0 1 2 1 1
2984.0 6415.8 1.4 86 0 10.9 7.3 5.0 2.5 2 0 2 2 2
2977.5 6448.3 1.7 272 0 8.8 10.8 5.0 2.5 2 1 2 2 2
2945.7 6396.8 1.5 89 0 11.5 14.1 5.0 2.5 4 1 2 1 1
2932.4 6387.2 1.5 81 0 12.0 9.0 5.0 2.5 2 0 2 4 4
3996.4 6948.1 -0.0 11 0 9.7 6.7 5.0 0.0 0 0 2 5 5
3992.9 6972.4 -0.1 191 0 9.5 10.3 5.0 2.5 2 1 2 3 3
4016.8 6967.7 -0.1 12 0 7.7 10.1 5.0 2.5 2 1 2 1 1
4014.8 6950.5 -0.0 10 0 9.3 9.2 5.0 2.5 4 0 2 3 3
3998.9 7005.3 -0.3 190 0 10.5 9.0 2.5 2.5 2 0 1 1 1
4018.2 7000.2 -0.3 10 0 9.2 7.6 5.0 2.5 2 0 2 5 5
4003.2 7028.9 -0.5 190 0 11.2 9.5 5.0 2.5 2 0 2 5 5
-5587.4 -627.5 -14.6 323 0 11.9 12.7 5.0 2.5 2 1 2 3 3
-2923.5 -3460.4 1.7 63 0 11.8 11.9 5.0 2.5 2 1 2 2 2
-2789.3 -3438.0 1.8 60 0 10.6 10.6 5.0 2.5 2 1 2 1 1
4794.2 6866.2 2.3 203 0 7.7 13.0 5.0 2.5 2 1 2 3 3
4780.7 6867.6 2.2 203 0 4.5 6.7 5.0 2.5 2 1 2 0 0
4797.8 6828.7 2.2 201 0 8.9 6.3 5.0 2.5 2 0 2 3 3
4830.7 6886.0 2.3 201 0 9.7 12.9 5.0 2.5 2 1 2 1 1
4939.0 6869.9 2.8 200 0 6.4 9.7 7.5 2.5 2 1 3 3 3
4962.6 6891.3 2.9 290 0 11.7 11.5 5.0 2.5 2 0 2 1 1
4959.3 6923.0 2.6 134 0 10.3 12.6 5.0 2.5 2 1 2 1 1
4954.7 6949.6 2.2 325 0 5.9 8.3 2.5 2.5 2 1 1 1 1
5233.4 6923.3 1.5 31 0 20.5 7.0 7.5 2.5 2 0 3 4 4
5259.7 6885.5 1.3 119 0 10.4 21.1 7.5 2.5 2 1 3 3 3
5320.5 6931.3 0.8 30 0 13.1 11.1 5.0 2.5 2 0 2 5 5
5365.1 7015.9 -0.1 123 0 10.5 9.4 5.0 2.5 4 0 2 1 1
5332.8 6953.2 0.6 30 0 7.3 8.9 7.5 0.0 0 1 3 5 5
4937.5 6970.6 1.9 214 0 7.1 9.3 2.5 2.5 2 1 1 2 2
4826.3 6821.8 2.3 23 0 9.3 8.1 5.0 0.0 0 0 2 0 0
4850.0 6927.4 2.1 291 0 10.4 9.2 5.0 2.5 2 0 2 2 2
4908.8 6823.6 2.6 294 0 6.9 8.8 5.0 2.5 2 1 2 1 1
4905.0 6799.1 2.5 22 0 9.5 9.9 5.0 2.5 2 1 2 1 1
-3404.3 4305.1 -2.3 23 0 10.8 13.8 5.0 2.5 2 1 2 3 3
-3904.6 4651.3 -2.4 286 0 12.0 8.5 7.5 2.5 2 0 3 5 5
-1143.2 -4235.1 0.4 64 0 11.1 8.1 2.5 2.5 2 0 1 4 4
-2015.4 -3869.2 2.4 64 0 10.6 10.2 5.0 0.0 0 0 2 1 1
-2026.9 -3889.9 2.4 57 0 7.6 16.1 2.5 2.5 2 1 1 0 0
-2503.5 -3844.1 6.5 152 0 9.1 11.6 5.0 2.5 2 1 2 1 1
-2148.9 -3928.5 2.3 240 0 6.8 17.6 2.5 2.5 2 1 1 0 0
-2144.8 -3913.0 2.5 332 0 10.9 11.6 5.0 2.5 2 1 2 3 3
1942.2 -4472.9 2.6 135 0 6.8 13.2 5.0 2.5 4 1 2 1 1
1972.6 -4457.7 2.5 45 0 14.9 8.1 5.0 2.5 2 0 2 3 3
899.1 -3784.0 1.5 138 0 10.3 10.1 5.0 2.5 2 0 2 5 5
1896.9 -4411.7 2.4 47 0 8.8 10.7 5.0 2.5 2 1 2 3 3
2052.5 -4397.2 1.4 227 0 9.4 9.1 5.0 2.5 2 0 2 0 0
1886.5 -4383.6 2.0 138 0 6.0 17.0 2.5 0.0 0 1 1 5 5
2049.7 -4430.8 1.6 46 0 16.8 5.6 7.5 2.5 2 0 3 4 4
2255.8 -4362.3 2.7 131 0 7.8 11.1 5.0 2.5 2 1 2 1 1
-5562.5 -702.2 -15.5 51 0 9.4 13.8 5.0 2.5 2 1 2 5 5
-5101.8 -1410.9 -14.3 175 0 6.3 10.6 5.0 2.5 2 1 2 0 0
6697.9 1521.0 1.1 1 0 10.8 9.0 5.0 2.5 2 0 2 4 4
6672.2 1519.2 1.0 208 0 5.4 9.6 5.0 2.5 4 1 2 0 0
6727.8 1576.7 1.4 38 0 17.5 13.8 14.0 2.5 2 0 4 3 3
6549.6 1522.6 0.5 309 0 7.9 11.7 5.0 2.5 2 1 2 3 3
6551.7 1508.0 0.5 42 0 9.8 5.4 2.5 2.5 2 0 1 0 0
6507.6 1511.7 0.3 218 0 10.0 33.6 10.0 2.5 2 1 4 0 0
6396.6 1558.5 0.3 305 0 8.6 6.2 5.0 2.5 2 0 2 0 0
6389.3 1529.0 -0.0 37 0 16.4 10.4 2.5 2.5 2 0 1 5 5
6380.8 1687.6 2.1 37 0 9.2 8.7 5.0 2.5 2 0 2 0 0
6376.7 1679.1 2.4 35 0 9.1 13.8 2.5 0.0 0 1 1 1 1
6350.4 1629.1 1.3 37 0 10.6 34.3 7.5 2.5 2 1 3 1 1
6316.5 1730.3 2.4 219 0 10.8 11.8 5.0 2.5 2 1 2 0 0
6285.0 1712.3 2.5 130 0 6.4 16.8 7.5 2.5 2 1 3 2 2
6280.6 1691.7 1.9 215 0 8.9 17.8 5.0 2.5 2 1 2 1 1
6243.9 1796.5 2.4 213 0 8.0 9.6 2.5 2.5 2 1 1 5 5
6242.0 1760.3 2.9 123 0 13.0 13.8 5.0 2.5 2 1 2 4 4
6087.4 1875.2 3.7 41 0 5.3 7.0 5.0 2.5 2 1 2 0 0
6081.0 1852.5 3.7 128 0 5.1 7.9 5.0 2.5 2 1 2 0 0
6135.6 1805.2 3.2 39 0 5.2 10.4 5.0 2.5 2 1 2 0 0
4910.0 6758.5 2.4 289 0 8.6 11.8 5.0 2.5 4 1 2 4 4
4920.3 6753.3 2.5 289 0 6.9 8.4 5.0 2.5 4 1 2 5 5
4946.8 6749.2 2.6 21 0 8.4 11.1 5.0 2.5 4 1 2 2 2
4903.2 6734.8 2.4 107 0 8.1 9.5 5.0 2.5 2 1 2 5 5
4910.9 6721.3 2.3 109 0 9.3 9.3 5.0 2.5 2 0 2 0 0
4952.8 6770.4 2.7 20 0 7.8 14.1 5.0 2.5 2 1 2 1 1
4930.4 6803.2 2.7 199 0 12.0 10.0 5.0 2.5 2 0 2 1 1
4929.8 6813.9 2.7 199 0 7.9 8.2 5.0 2.5 2 1 2 3 3
4888.4 6733.8 2.3 108 0 9.7 6.4 5.0 2.5 2 0 2 4 4
4938.6 6726.2 2.2 22 0 11.5 13.5 2.5 0.0 0 1 1 3 3
6184.9 3786.8 1.1 114 0 15.8 10.0 7.5 2.5 2 0 3 1 1
6219.6 3830.0 0.9 22 0 9.6 18.5 7.5 0.0 0 1 3 2 2
6198.1 3867.1 -0.1 202 0 13.0 10.5 7.5 2.5 4 0 3 2 2
6240.1 3903.0 -0.9 294 0 10.1 14.0 2.5 2.5 2 1 1 3 3
6162.4 3862.3 0.2 297 0 9.3 15.0 7.5 2.5 2 1 3 1 1
6143.1 3819.6 0.6 109 0 9.6 10.4 7.5 2.5 2 1 3 1 1
6135.1 3798.6 0.6 117 0 6.8 11.5 5.0 2.5 4 1 2 0 0
6104.3 3845.2 0.0 204 0 17.7 9.3 7.5 2.5 4 0 3 4 4
6124.0 3878.9 -0.3 294 0 9.3 17.2 2.5 2.5 2 1 1 5 5
6132.8 3854.2 0.2 294 0 19.3 11.1 10.0 2.5 2 0 4 2 2
6145.3 3880.2 -0.4 291 0 14.0 6.8 2.5 2.5 2 0 1 5 5
6110.7 3795.6 0.3 113 0 7.1 13.7 7.5 2.5 2 1 3 4 4
6171.3 3716.1 0.7 290 0 10.6 20.5 5.0 2.5 2 1 2 0 0
6131.6 3697.9 0.9 205 0 9.4 15.0 5.0 2.5 2 1 2 0 0
6131.0 3674.3 0.8 202 0 10.6 15.6 2.5 0.0 0 1 1 0 0
6136.6 3728.7 1.0 294 0 9.2 10.1 2.5 2.5 2 1 1 0 0
6105.9 3667.5 1.0 208 0 10.9 8.3 2.5 2.5 2 0 1 4 4
6110.6 3648.3 0.7 207 0 6.8 22.6 2.5 2.5 2 1 1 2 2
6149.9 3645.7 0.6 19 0 18.4 8.0 5.0 2.5 2 0 2 0 0
6178.5 3656.8 0.6 21 0 7.8 13.2 5.0 2.5 2 1 2 4 4
6138.6 3610.0 0.6 111 0 13.4 11.5 2.5 2.5 2 0 1 3 3
6084.5 3603.2 0.8 114 0 13.5 14.6 10.0 2.5 2 1 4 1 1
6073.8 3583.9 0.8 294 0 9.4 8.2 5.0 2.5 2 0 2 0 0
6102.6 3561.3 0.7 294 0 10.1 19.4 5.0 0.0 0 1 2 1 1
6062.8 3548.7 0.8 204 0 7.3 15.9 7.5 2.5 2 1 3 0 0
6048.0 3533.6 0.9 201 0 15.6 10.2 5.0 2.5 2 0 2 1 1
6089.8 3506.1 0.7 113 0 6.8 17.9 7.5 2.5 2 1 3 3 3
6014.1 3453.9 0.8 205 0 12.2 11.1 5.0 2.5 2 0 2 3 3
5989.4 3441.2 0.5 25 0 10.8 8.7 2.5 2.5 2 0 1 1 1
5937.5 3452.6 0.2 202 0 20.1 10.0 5.0 2.5 2 0 2 2 2
5927.0 3385.4 -0.6 27 0 15.1 8.9 5.0 0.0 0 0 2 5 5
5862.0 3349.1 -2.1 205 0 30.4 11.0 10.0 2.5 2 0 4 2 2
5889.1 3313.6 -2.2 115 0 19.1 6.9 2.5 0.0 0 0 1 1 1
5957.9 3317.6 -1.4 203 0 11.9 10.4 5.0 2.5 2 0 2 5 5
5978.4 3323.4 -1.0 205 0 7.7 16.7 7.5 2.5 2 1 3 3 3
6000.7 3295.7 -1.3 21 0 18.1 7.9 5.0 2.5 2 0 2 5 5
5983.0 3247.1 -1.5 20 0 18.7 9.3 5.0 2.5 2 0 2 5 5
5933.3 3266.8 -2.0 202 0 12.1 8.4 7.5 2.5 4 0 3 0 0
5932.3 3050.0 -1.3 121 0 9.3 30.6 5.0 2.5 2 1 2 3 3
5980.7 3044.8 -1.4 108 0 15.0 13.4 7.5 2.5 4 0 3 1 1
6029.4 2997.6 -1.0 34 0 5.0 13.3 7.5 2.5 2 1 3 0 0
6038.2 2835.8 -1.0 35 0 32.0 9.8 7.5 2.5 2 0 3 1 1
6005.0 2837.9 -1.2 125 0 18.8 10.0 5.0 0.0 0 0 2 0 0
5995.6 2877.8 -1.1 215 0 11.1 10.4 10.0 2.5 2 0 4 2 2
6030.3 2876.6 -0.9 306 0 15.0 5.7 7.5 2.5 2 0 3 2 2
5792.1 2688.6 -2.6 125 0 27.5 7.5 5.0 2.5 2 0 2 0 0
5823.7 2694.9 -2.5 28 0 12.9 9.4 5.0 2.5 2 0 2 4 4
5807.5 2721.8 -2.4 304 0 17.2 7.0 5.0 2.5 2 0 2 2 2
5775.5 2704.0 -2.5 122 0 11.7 32.0 10.0 2.5 2 1 4 0 0
5789.8 2327.4 -2.7 122 0 8.1 16.7 2.5 2.5 2 1 1 2 2
5790.5 2320.7 -2.5 207 0 6.6 15.1 2.5 0.0 0 1 1 0 0
5817.3 2336.8 -2.7 304 0 17.1 6.2 7.5 2.5 2 0 3 0 0
5825.2 2296.2 -2.4 118 0 9.4 10.1 2.5 2.5 2 1 1 4 4
5837.0 2309.7 -2.5 32 0 10.3 6.3 5.0 2.5 2 0 2 1 1
5835.3 2323.4 -2.7 31 0 4.4 9.2 5.0 2.5 2 1 2 1 1
5813.4 2165.7 0.2 292 0 5.2 17.3 2.5 2.5 2 1 1 3 3
5807.5 2142.0 0.6 210 0 7.8 15.7 5.0 2.5 2 1 2 4 4
5833.7 2147.4 1.0 299 0 5.2 13.5 7.5 2.5 4 1 3 2 2
5998.3 1954.3 3.8 299 0 10.9 11.5 10.0 2.5 2 1 4 4 4
5969.1 1947.2 4.0 301 0 6.5 28.2 7.5 2.5 2 1 3 1 1
5970.4 1907.7 3.9 36 0 7.6 11.5 2.5 0.0 0 1 1 5 5
6102.7 1778.6 2.5 130 0 17.4 8.4 2.5 2.5 2 0 1 3 3
6954.0 2616.8 -1.2 204 0 11.7 9.7 5.0 2.5 2 0 2 1 1
6936.7 2635.5 -1.2 23 0 11.4 8.5 7.5 2.5 2 0 3 5 5
6911.1 2630.4 -1.1 202 0 5.2 8.9 2.5 2.5 2 1 1 5 5
2592.4 -1454.6 2.1 146 0 6.3 6.7 2.5 2.5 2 1 1 2 2
4879.8 6746.1 2.3 108 0 8.0 5.9 5.0 2.5 2 0 2 4 4
-5434.2 -8313.9 3.7 227 0 4.1 14.7 7.5 2.5 2 1 3 2 2
-4089.0 -8400.0 5.2 10 0 6.1 8.1 5.0 0.0 0 1 2 2 2
-6169.6 -8213.2 -1.6 170 0 10.0 10.9 7.5 2.5 2 1 3 0 0
-6091.3 -8317.4 -1.6 71 0 6.0 5.4 2.5 2.5 2 0 1 2 2
-6275.2 -8143.8 -1.3 72 0 6.5 17.3 5.0 2.5 2 1 2 3 3
-5647.9 -8222.0 0.5 316 0 9.5 28.2 7.5 0.0 0 1 3 5 5
-6184.6 -8080.9 -0.7 166 0 9.6 21.1 5.0 2.5 2 1 2 2 2
-5680.8 -8108.6 -0.7 19 0 7.6 19.3 5.0 2.5 2 1 2 2 2
-6261.6 -8140.6 -1.3 73 0 13.9 4.4 7.5 2.5 2 0 3 5 5
-5750.3 -8073.5 -0.9 293 0 4.9 14.4 7.5 2.5 4 1 3 0 0
-6160.4 -8165.1 -0.9 168 0 10.0 5.7 5.0 2.5 2 0 2 0 0
-6225.5 -8469.5 -1.3 236 0 8.1 19.3 5.0 2.5 2 1 2 1 1
-6130.5 -8151.1 -0.8 348 0 11.8 6.8 7.5 2.5 4 0 3 5 5
-5575.1 -8265.1 2.4 227 0 4.6 16.8 5.0 0.0 0 1 2 1 1
-1218.4 -8670.4 10.9 7 0 5.7 7.6 5.0 0.0 0 0 2 2 2
-5705.9 -8129.2 -0.7 111 0 8.6 13.3 5.0 2.5 2 1 2 1 1
-6319.6 -8269.9 -1.5 339 0 5.5 8.9 5.0 2.5 2 1 2 3 3
-6360.6 -8295.9 -1.4 160 0 22.7 9.1 5.0 2.5 2 0 2 3 3
-6146.7 -8133.8 -0.8 350 0 11.5 7.1 5.0 2.5 2 0 2 5 5
-5799.2 -8146.0 -1.0 293 0 4.8 13.2 7.5 2.5 2 1 3 3 3
-6168.5 -8147.4 -0.9 169 0 4.2 12.8 2.5 2.5 2 1 1 0 0
-6136.7 -8066.3 -0.7 339 0 5.9 13.6 5.0 2.5 2 1 2 0 0
-6359.4 -8257.2 -1.3 254 0 20.2 9.0 7.5 2.5 2 0 3 4 4
-4116.2 -8420.8 5.1 99 0 10.1 6.5 5.0 2.5 2 0 2 3 3
-5872.8 -8093.6 -0.6 313 0 5.1 13.5 5.0 2.5 2 1 2 5 5
-4191.4 -8351.2 3.5 284 0 6.5 12.4 5.0 2.5 2 1 2 2 2
-6245.9 -8301.3 -0.9 235 0 9.3 17.9 5.0 2.5 2 1 2 1 1
-5441.2 -8295.3 3.7 318 0 9.0 10.3 7.5 2.5 4 1 3 0 0
-6191.9 -8473.4 -1.2 56 0 12.9 6.4 5.0 2.5 2 0 2 2 2
-5277.8 -8380.1 4.4 45 0 13.5 10.4 7.5 2.5 2 0 3 1 1
-5628.8 -8403.4 0.9 313 0 6.6 16.3 5.0 2.5 2 1 2 1 1
-4069.5 -8389.8 6.1 278 0 16.6 6.0 5.0 2.5 2 0 2 3 3
-1231.4 -8671.7 10.7 97 0 10.2 5.7 5.0 2.5 2 0 2 2 2
-5702.4 -8196.3 -0.4 309 0 10.6 10.4 5.0 2.5 2 0 2 2 2
853.2 -8179.0 5.3 350 0 10.9 9.2 5.0 2.5 2 0 2 3 3
-5414.7 -8328.4 3.7 47 0 12.3 6.9 5.0 2.5 2 0 2 3 3
-5422.5 -8304.1 3.9 317 0 8.5 5.0 7.5 2.5 4 0 3 3 3
-6162.6 -8193.3 -1.3 171 0 16.6 4.5 5.0 2.5 2 0 2 5 5
-5803.3 -8171.5 -1.0 113 0 16.8 8.8 5.0 2.5 2 0 2 3 3
-5551.7 -8278.7 2.8 45 0 13.7 8.2 2.5 2.5 2 0 1 4 4
-6137.8 -8193.2 -1.3 83 0 10.7 10.7 10.0 2.5 2 1 4 5 5
-5952.4 -8062.7 -0.3 226 0 6.6 19.9 5.0 2.5 2 0 2 2 2
-6183.1 -8132.8 -0.9 169 0 10.8 5.4 2.5 0.0 0 0 1 1 1
-4224.3 -8342.9 3.0 203 0 18.0 5.1 5.0 2.5 2 0 2 5 5
-5499.8 -8217.0 2.8 113 0 4.6 11.8 7.5 2.5 2 0 3 1 1
-6138.5 -8145.9 -0.9 348 0 4.9 16.2 7.5 2.5 2 0 3 3 3
-4144.9 -8365.3 4.1 288 0 10.7 7.9 5.0 2.5 2 0 2 3 3
887.3 -8078.2 5.3 79 0 9.6 7.1 5.0 2.5 2 0 2 4 4
-6368.2 -8273.7 -1.3 164 0 8.7 4.8 7.5 2.5 4 0 3 3 3
-5546.9 -8185.9 1.9 181 0 8.0 14.8 7.5 2.5 4 1 3 4 4
-6210.5 -8287.5 -1.5 235 0 12.9 5.7 7.5 2.5 4 0 3 4 4
-6113.8 -8080.1 -0.7 345 0 7.4 13.7 2.5 2.5 2 1 1 3 3
-5627.2 -8433.8 0.8 137 0 13.0 4.4 5.0 2.5 2 0 2 4 4
-5476.3 -8215.7 3.2 19 0 12.3 4.9 2.5 2.5 2 0 1 4 4
-6158.3 -8175.1 -1.0 168 0 10.5 5.7 5.0 2.5 2 0 2 1 1
-5472.7 -8230.5 3.4 313 0 8.1 9.0 7.5 2.5 2 1 3 3 3
-4221.9 -8362.9 3.6 112 0 6.7 4.8 7.5 2.5 2 0 3 0 0
-5476.9 -8196.2 2.7 23 0 7.5 14.0 7.5 0.0 0 1 3 4 4
-5895.9 -8085.9 -0.5 313 0 4.2 12.6 5.0 2.5 2 0 2 5 5
-5752.9 -8164.4 -0.8 294 0 10.0 9.9 7.5 2.5 2 0 3 3 3
-6313.2 -8287.1 -1.6 338 0 9.4 4.6 7.5 2.5 2 0 3 4 4
-6225.8 -8124.1 -1.1 342 0 9.6 7.7 2.5 2.5 2 0 1 4 4
-5492.0 -8196.5 2.8 291 0 4.0 10.1 5.0 2.5 2 0 2 5 5
-5772.3 -8148.0 -0.9 293 0 7.8 10.7 7.5 2.5 2 1 3 5 5
217.5 -8352.8 4.0 258 0 6.4 15.5 7.5 2.5 2 1 3 1 1
-5937.6 -8086.2 -0.5 142 0 15.9 8.5 5.0 0.0 0 0 2 5 5
-5890.0 -8115.2 -0.7 43 0 9.2 26.3 5.0 2.5 4 0 2 0 0
-5601.0 -8435.6 0.9 314 0 7.3 10.6 5.0 2.5 2 1 2 1 1
-5526.8 -8220.4 2.4 112 0 4.7 19.5 2.5 2.5 2 1 1 2 2
-6323.4 -8305.1 -1.4 59 0 12.5 7.2 2.5 2.5 2 0 1 0 0
-5757.1 -8116.1 -0.9 111 0 10.8 8.7 5.0 2.5 2 0 2 1 1
-5879.9 -8066.9 -0.3 312 0 10.7 9.2 7.5 2.5 2 0 3 0 0
-4198.1 -8338.9 3.1 294 0 7.5 5.5 7.5 2.5 2 0 3 2 2
