-1023.6 -5043.6 -34.7 137 0 12.6 15.6 7.5 2.5 2 1 3 5 5
-896.3 -4755.7 -33.0 322 0 15.6 36.0 10.0 2.5 2 1 4 2 2
-6672.1 4567.8 26.6 246 0 43.4 29.3 7.5 0.0 0 0 3 4 4
-1802.8 -2681.6 -22.9 32 0 31.9 18.0 10.0 2.5 2 0 4 2 2
6458.0 -2851.6 -36.4 48 0 15.1 28.6 10.0 2.5 2 1 4 2 2
-877.3 -5578.3 -34.5 31 0 8.2 5.7 2.5 0.0 0 0 1 3 3
-36.9 -4514.9 -32.0 142 0 12.4 14.3 2.5 2.5 2 1 1 5 5
-645.1 -5130.9 -32.7 202 0 7.9 8.1 7.5 2.5 4 1 3 5 5
-639.3 -5122.9 -32.5 203 0 6.6 6.8 7.5 2.5 2 1 3 0 0
-728.7 -5455.3 -34.4 307 0 8.6 7.5 5.0 2.5 2 0 2 3 3
-456.5 -4981.4 -33.1 315 0 10.2 9.2 7.5 2.5 4 0 3 0 0
-675.4 -5144.8 -33.1 45 0 8.9 9.2 2.5 2.5 2 1 1 3 3
-648.9 -5148.5 -33.0 201 0 12.0 12.6 7.5 2.5 4 1 3 3 3
-621.8 -5101.6 -32.0 135 0 13.7 10.1 7.5 2.5 2 0 3 4 4
56.0 -4374.1 -33.0 49 0 27.8 6.4 7.5 2.5 2 0 3 4 4
-484.3 -4870.6 -34.1 224 0 7.8 30.8 7.5 0.0 0 1 3 0 0
-1325.6 -5542.2 -32.6 128 0 8.4 18.4 5.0 2.5 2 1 2 1 1
-485.8 -4891.4 -33.9 314 0 7.1 13.4 2.5 2.5 2 1 1 4 4
-531.8 -4888.3 -33.6 136 0 5.5 13.7 5.0 2.5 2 0 2 2 2
-666.6 -5090.4 -32.1 45 0 11.1 23.0 15.0 0.0 0 1 6 5 5
-757.7 -5116.5 -33.3 222 0 13.3 14.3 7.5 2.5 2 1 3 1 1
1277.3 6695.4 -9.8 116 0 64.4 10.2 15.0 0.0 0 0 6 2 2
1330.2 6692.2 -10.1 28 0 10.5 28.9 10.0 2.5 2 1 4 0 0
1802.1 6466.3 -9.1 28 0 36.1 14.2 10.0 2.5 2 0 4 4 4
1253.1 6727.1 -8.6 117 0 29.1 12.4 10.0 0.0 0 0 4 0 0
1267.7 6775.6 -8.2 300 0 12.7 23.4 10.0 2.5 4 1 4 5 5
-812.3 -4754.1 -32.6 310 0 12.0 14.9 5.0 2.5 2 1 2 1 1
3389.8 4649.6 3.7 32 0 11.2 14.1 10.0 2.5 4 1 4 5 5
3360.0 4648.6 4.7 307 0 13.4 11.8 2.5 2.5 2 0 1 3 3
-289.2 -4697.2 -32.4 321 0 5.9 4.7 5.0 2.5 2 0 2 3 3
-252.9 -4640.4 -31.5 234 0 5.8 15.5 5.0 0.0 0 1 2 5 5
-263.5 -4619.9 -31.0 236 0 11.5 6.5 2.5 2.5 2 0 1 4 4
-312.0 -4594.0 -30.6 332 0 12.9 6.4 5.0 2.5 2 0 2 4 4
-244.5 -4634.3 -31.3 235 0 4.2 16.4 7.5 2.5 4 1 3 0 0
-299.8 -4700.3 -32.4 322 0 8.3 4.8 7.5 2.5 2 0 3 1 1
-292.2 -4679.2 -32.1 141 0 14.5 6.9 5.0 2.5 2 0 2 3 3
-272.9 -4690.0 -32.2 142 0 6.2 5.0 5.0 2.5 2 0 2 4 4
-282.8 -4696.4 -32.4 141 0 11.2 5.7 5.0 2.5 2 0 2 3 3
-341.4 -4620.6 -31.1 152 0 5.3 14.7 7.5 0.0 0 1 3 4 4
-285.4 -4701.6 -32.5 318 0 5.8 4.7 7.5 2.5 4 0 3 3 3
-311.4 -4680.7 -32.1 320 0 10.0 13.0 7.5 2.5 2 1 3 3 3
-317.2 -4619.7 -31.1 330 0 5.7 10.0 7.5 2.5 2 0 3 4 4
-332.1 -4634.6 -31.3 154 0 6.7 11.7 7.5 2.5 2 0 3 2 2
-193.6 -4574.1 -30.9 233 0 10.8 7.6 7.5 0.0 0 0 3 1 1
-173.8 -4565.0 -31.1 236 0 4.6 11.3 7.5 2.5 2 1 3 1 1
-225.6 -4597.5 -30.4 237 0 12.4 7.5 7.5 2.5 2 0 3 0 0
-136.9 -4601.5 -32.0 53 0 5.6 13.5 7.5 2.5 2 0 3 1 1
-183.7 -4591.1 -31.2 236 0 4.5 5.3 5.0 2.5 2 1 2 4 4
-213.3 -4605.2 -30.6 236 0 4.9 5.8 5.0 2.5 2 1 2 1 1
-184.9 -4632.4 -31.5 55 0 5.3 24.1 7.5 2.5 2 1 3 4 4
-213.4 -4621.3 -31.1 233 0 5.9 12.2 7.5 0.0 0 1 3 5 5
-198.8 -4599.8 -31.0 237 0 12.3 8.0 7.5 2.5 4 0 3 0 0
-144.9 -4590.7 -31.6 53 0 5.6 16.2 5.0 2.5 2 0 2 4 4
-161.9 -4601.3 -31.7 55 0 4.2 10.9 2.5 2.5 2 1 1 3 3
-178.3 -4621.1 -31.6 54 0 9.2 16.2 7.5 2.5 4 1 3 4 4
-270.2 -4667.9 -31.9 142 0 5.8 7.5 7.5 2.5 2 1 3 5 5
-301.5 -4739.0 -32.8 53 0 4.6 19.2 2.5 2.5 2 1 1 5 5
-326.2 -4739.1 -32.6 141 0 7.1 15.5 5.0 2.5 4 0 2 4 4
-319.7 -4662.9 -31.8 57 0 4.4 8.7 2.5 2.5 2 1 1 2 2
-252.0 -4804.9 -33.4 127 0 5.0 6.5 7.5 2.5 2 1 3 2 2
-275.3 -4802.9 -33.5 307 0 5.3 9.9 2.5 2.5 4 1 1 1 1
-179.4 -4748.9 -32.9 45 0 20.3 10.8 7.5 2.5 2 0 3 2 2
-143.3 -4719.6 -32.8 49 0 5.1 11.6 7.5 2.5 2 1 3 5 5
-202.9 -4757.1 -33.2 225 0 24.6 10.8 10.0 2.5 2 0 4 2 2
-178.8 -4804.9 -33.3 289 0 11.2 4.9 5.0 2.5 2 0 2 4 4
-155.3 -4809.1 -33.3 20 0 4.8 6.1 5.0 2.5 2 1 2 0 0
-268.4 -4757.1 -33.1 231 0 3.9 5.0 7.5 2.5 2 1 3 1 1
-126.7 -4753.7 -33.0 290 0 5.5 4.0 7.5 2.5 4 0 3 1 1
-151.4 -4725.2 -32.8 47 0 4.2 9.8 5.0 2.5 2 1 2 0 0
-195.5 -4712.1 -32.5 138 0 5.3 3.1 5.0 2.5 2 0 2 4 4
-225.9 -4800.7 -33.3 46 0 5.8 11.4 7.5 2.5 2 1 3 1 1
-169.1 -4808.2 -33.4 287 0 7.2 12.7 7.5 2.5 2 1 3 2 2
-292.0 -4795.5 -33.4 323 0 10.4 8.2 7.5 2.5 4 0 3 0 0
-135.9 -4761.6 -33.0 110 0 3.9 5.7 5.0 2.5 2 1 2 5 5
-113.8 -4748.5 -33.0 290 0 3.2 5.3 2.5 2.5 4 1 1 1 1
-184.5 -4788.1 -33.3 285 0 9.7 10.8 2.5 2.5 2 1 1 2 2
-363.5 -4890.7 -34.2 50 0 12.1 4.2 5.0 2.5 2 0 2 1 1
-316.9 -4853.4 -34.1 45 0 8.2 5.2 5.0 0.0 0 0 2 2 2
-275.4 -4863.8 -34.1 124 0 6.6 15.7 7.5 0.0 0 1 3 0 0
-285.0 -4816.2 -33.7 311 0 4.6 11.5 5.0 2.5 2 0 2 5 5
-374.2 -4715.1 -32.2 301 0 4.4 8.3 2.5 2.5 2 1 1 1 1
-348.9 -4756.1 -32.8 309 0 9.6 5.1 5.0 0.0 0 0 2 1 1
-354.8 -4748.1 -32.6 32 0 4.8 11.8 2.5 2.5 2 1 1 4 4
-377.9 -4749.7 -32.6 124 0 5.7 11.8 5.0 2.5 2 1 2 0 0
-394.5 -4800.5 -33.4 222 0 7.3 8.0 7.5 2.5 2 0 3 0 0
68.1 -4531.5 -32.3 296 0 11.0 17.4 10.0 2.5 2 1 4 5 5
84.5 -4571.5 -32.6 293 0 11.9 20.7 10.0 2.5 2 1 4 2 2
-39.7 -4621.6 -33.1 48 0 16.3 17.4 7.5 2.5 2 1 3 5 5
-23.4 -4583.8 -32.8 317 0 6.0 11.6 7.5 2.5 2 1 3 4 4
-131.1 -4609.5 -32.3 54 0 5.7 9.9 2.5 0.0 0 0 1 2 2
-124.0 -4604.3 -32.5 54 0 12.0 9.9 7.5 2.5 2 0 3 2 2
-119.6 -4580.9 -32.1 52 0 9.5 24.2 5.0 2.5 2 1 2 0 0
7.6 -4478.0 -31.6 51 0 10.6 26.4 15.0 0.0 0 1 6 5 5
-179.0 -4649.9 -31.8 51 0 5.9 9.3 5.0 2.5 2 0 2 4 4
-174.2 -4646.1 -31.9 51 0 6.3 9.3 7.5 2.5 2 0 3 2 2
-159.5 -4634.5 -32.1 51 0 6.4 15.9 2.5 2.5 2 1 1 5 5
-159.6 -4621.9 -32.0 52 0 9.1 12.6 5.0 2.5 2 1 2 1 1
-143.8 -4616.5 -32.2 54 0 10.5 11.6 10.0 2.5 2 1 4 3 3
-232.9 -4809.5 -33.5 37 0 12.9 11.0 5.0 2.5 2 0 2 4 4
-147.8 -4741.8 -32.9 199 0 12.4 10.2 7.5 2.5 2 0 3 2 2
-362.2 -4839.8 -34.1 236 0 7.6 9.3 5.0 2.5 4 1 2 2 2
-262.5 -4817.4 -33.7 308 0 3.8 12.5 7.5 2.5 2 1 3 0 0
-210.1 -4804.4 -33.4 198 0 8.8 8.4 2.5 2.5 2 0 1 5 5
-332.2 -4820.0 -33.9 232 0 14.9 9.4 7.5 2.5 2 0 3 0 0
-322.4 -4812.4 -33.7 232 0 9.9 9.4 7.5 2.5 2 0 3 2 2
-313.9 -4806.2 -33.6 232 0 8.0 7.1 7.5 2.5 2 0 3 1 1
-299.1 -4800.8 -33.5 322 0 9.3 7.9 7.5 2.5 2 0 3 5 5
-206.4 -4830.2 -33.6 121 0 8.7 9.6 5.0 2.5 2 1 2 2 2
-275.9 -4786.9 -33.2 140 0 9.8 7.2 2.5 2.5 2 0 1 1 1
-271.9 -4780.5 -33.2 140 0 7.6 7.4 7.5 2.5 2 0 3 2 2
-266.5 -4769.1 -33.2 230 0 8.1 11.2 7.5 0.0 0 0 3 0 0
-260.4 -4764.0 -33.2 230 0 7.7 11.2 7.5 2.5 2 0 3 4 4
-249.1 -4760.6 -33.1 320 0 4.6 7.1 5.0 2.5 2 0 2 5 5
-185.9 -4705.3 -32.6 229 0 8.6 8.7 7.5 2.5 2 1 3 4 4
-167.2 -4699.2 -32.5 323 0 5.3 7.7 5.0 0.0 0 1 2 0 0
-160.5 -4694.7 -32.5 323 0 7.4 6.2 7.5 2.5 2 0 3 5 5
-244.3 -4833.6 -33.9 304 0 10.5 11.4 10.0 2.5 2 0 4 5 5
-158.9 -4750.4 -32.9 201 0 5.7 14.3 7.5 2.5 2 1 3 5 5
-66.4 -4681.4 -33.1 199 0 6.4 11.2 2.5 2.5 2 1 1 3 3
-80.4 -4702.3 -33.0 109 0 10.0 11.8 5.0 2.5 2 1 2 5 5
-53.1 -4669.0 -33.2 202 0 12.9 9.9 5.0 2.5 2 0 2 2 2
-31.0 -4655.5 -33.3 200 0 14.8 10.8 2.5 2.5 2 0 1 5 5
-66.8 -4538.8 -32.5 318 0 9.4 10.4 5.0 2.5 2 0 2 5 5
-58.3 -4531.2 -32.6 318 0 9.4 11.5 5.0 2.5 2 0 2 4 4
-86.7 -4489.2 -32.0 328 0 4.3 7.8 2.5 2.5 2 1 1 4 4
-299.1 -4755.6 -33.0 48 0 15.8 11.4 7.5 2.5 2 0 3 1 1
-287.4 -4743.2 -32.9 48 0 8.3 9.9 2.5 2.5 2 1 1 3 3
-285.5 -4714.0 -32.7 319 0 13.5 9.2 7.5 2.5 2 0 3 1 1
-265.0 -4725.1 -32.8 49 0 6.8 9.2 5.0 2.5 2 0 2 2 2
-261.7 -4712.3 -32.7 319 0 13.2 7.5 5.0 2.5 2 0 2 2 2
-241.6 -4695.2 -32.3 51 0 10.4 5.0 5.0 2.5 2 0 2 1 1
-218.4 -4740.3 -33.0 228 0 23.6 9.9 2.5 2.5 2 0 1 4 4
-214.0 -4679.7 -32.0 52 0 10.4 11.3 2.5 2.5 2 1 1 5 5
-203.7 -4669.8 -31.9 49 0 7.6 6.7 5.0 2.5 2 0 2 3 3
-198.1 -4665.0 -31.8 49 0 7.1 6.7 7.5 2.5 2 0 3 1 1
-111.7 -4505.9 -31.7 224 0 5.2 9.0 5.0 2.5 2 1 2 3 3
-118.7 -4493.1 -31.6 138 0 5.0 13.3 7.5 0.0 0 1 3 1 1
-121.7 -4460.9 -31.4 220 0 12.9 11.1 7.5 2.5 2 0 3 5 5
-346.0 -4725.4 -32.4 312 0 8.4 10.5 2.5 2.5 2 1 1 5 5
-369.8 -4591.6 -30.6 152 0 6.7 15.2 7.5 2.5 2 1 3 3 3
-381.0 -4564.2 -30.1 90 0 8.9 5.2 7.5 2.5 2 0 3 2 2
-356.0 -4704.8 -32.1 309 0 8.3 10.0 2.5 2.5 4 1 1 1 1
-383.8 -4741.0 -32.5 122 0 12.5 5.7 5.0 2.5 2 0 2 3 3
-349.5 -4649.0 -31.5 152 0 12.2 8.9 7.5 2.5 2 0 3 0 0
-358.3 -4633.0 -31.2 153 0 11.3 9.1 5.0 2.5 2 0 2 3 3
-386.9 -4621.9 -31.0 337 0 17.4 8.2 7.5 2.5 2 0 3 1 1
-376.0 -4646.2 -31.3 338 0 12.0 9.1 7.5 2.5 4 0 3 3 3
-362.1 -4616.8 -31.0 157 0 10.9 9.1 2.5 2.5 2 0 1 1 1
-6374.6 2920.6 23.1 46 0 7.2 14.0 7.5 2.5 2 1 3 1 1
-363.3 -4806.3 -33.5 44 0 7.0 8.7 7.5 2.5 2 0 3 1 1
-487.1 -4848.6 -33.7 140 0 9.8 8.0 7.5 2.5 2 0 3 4 4
-448.7 -4886.9 -34.2 42 0 6.0 5.4 5.0 2.5 2 0 2 3 3
-329.1 -4759.6 -33.0 318 0 9.4 14.1 5.0 2.5 2 0 2 5 5
-413.7 -4862.0 -34.2 48 0 9.4 8.9 2.5 2.5 2 0 1 1 1
-375.5 -4822.4 -33.8 41 0 7.1 8.0 5.0 2.5 2 0 2 5 5
-628.6 -4793.1 -32.4 134 0 11.2 9.4 5.0 2.5 2 0 2 2 2
-367.4 -4810.6 -33.6 44 0 5.0 8.7 7.5 0.0 0 0 3 0 0
-403.1 -4846.9 -34.1 48 0 8.5 11.9 7.5 2.5 2 0 3 2 2
-617.7 -4803.5 -32.6 134 0 11.2 9.4 2.5 2.5 2 0 1 1 1
-381.7 -4829.4 -33.9 41 0 11.7 8.0 5.0 2.5 2 0 2 1 1
-580.8 -4780.7 -32.4 317 0 7.9 4.2 5.0 2.5 2 0 2 3 3
-512.2 -4764.2 -32.6 136 0 16.6 8.7 5.0 2.5 2 0 2 5 5
-553.0 -4731.0 -32.2 210 0 11.4 5.0 5.0 2.5 2 0 2 4 4
-602.6 -4821.3 -32.9 133 0 9.1 8.0 7.5 2.5 2 0 3 1 1
-642.4 -4782.4 -32.3 133 0 9.6 10.0 5.0 2.5 2 0 2 0 0
-564.6 -4747.5 -32.5 210 0 10.8 8.9 5.0 2.5 4 0 2 1 1
-507.0 -4795.9 -32.9 134 0 13.7 10.2 5.0 2.5 2 0 2 0 0
-563.0 -4735.0 -32.3 210 0 5.6 11.7 7.5 2.5 2 0 3 3 3
-504.6 -4837.7 -33.6 137 0 8.2 9.8 2.5 0.0 0 1 1 1 1
-650.2 -4776.3 -32.3 134 0 10.2 12.8 7.5 2.5 2 0 3 3 3
6796.3 1343.8 -32.8 19 0 16.7 18.3 7.5 2.5 2 0 3 5 5
6682.2 1158.6 -33.1 199 0 11.1 26.8 7.5 2.5 2 1 3 3 3
6690.8 1189.6 -32.8 197 0 8.3 11.0 5.0 2.5 2 0 2 0 0
6510.1 3221.4 -32.7 304 0 5.2 13.6 2.5 2.5 2 1 1 5 5
6844.5 3258.7 -32.9 51 0 7.7 13.3 2.5 2.5 4 1 1 4 4
6812.2 1386.2 -33.1 17 0 15.6 11.1 5.0 2.5 2 0 2 1 1
6732.1 2336.4 -32.7 133 0 14.0 14.0 5.0 2.5 2 1 2 5 5
6686.9 1138.2 -33.0 109 0 8.8 6.0 5.0 2.5 2 0 2 0 0
6719.0 1181.1 -33.1 17 0 8.3 18.4 2.5 2.5 2 0 1 4 4
6516.0 3195.8 -33.1 131 0 11.3 5.2 5.0 2.5 2 0 2 0 0
6881.1 1546.9 -33.1 43 0 6.6 8.6 5.0 2.5 2 1 2 3 3
6946.6 2988.6 -32.1 66 0 8.1 29.9 7.5 2.5 2 1 3 3 3
6814.0 1364.7 -33.0 20 0 16.1 7.8 5.0 0.0 0 0 2 0 0
6756.8 1366.1 -32.9 109 0 11.0 48.5 7.5 0.0 0 0 3 0 0
6738.2 1272.1 -32.1 15 0 6.8 15.1 5.0 2.5 2 1 2 0 0
6893.1 1570.2 -33.1 313 0 12.0 6.3 7.5 2.5 4 0 3 5 5
6740.4 2370.2 -32.7 311 0 24.2 13.8 7.5 2.5 2 0 3 0 0
6609.9 3531.8 -31.2 339 0 8.8 15.0 7.5 2.5 2 1 3 1 1
6611.5 1080.0 -32.8 22 0 14.5 5.5 5.0 2.5 2 0 2 1 1
6730.3 1156.7 -33.3 22 0 13.7 10.2 5.0 0.0 0 0 2 0 0
6475.2 3317.2 -32.2 308 0 21.3 9.9 5.0 0.0 0 0 2 2 2
6889.3 1532.3 -33.3 46 0 10.6 12.2 7.5 2.5 4 1 3 1 1
6434.1 3277.7 -32.5 137 0 11.9 6.0 7.5 0.0 0 0 3 5 5
6640.0 1583.7 -31.9 200 0 10.7 25.6 12.5 2.5 2 1 5 4 4
6741.2 1217.5 -32.8 20 0 13.4 10.1 7.5 2.5 2 0 3 0 0
6868.2 1579.4 -33.1 228 0 16.6 8.2 5.0 2.5 2 0 2 0 0
6867.7 2238.2 -33.4 41 0 16.0 107.0 7.5 0.0 0 1 3 0 0
6629.3 3501.1 -30.3 66 0 7.1 12.9 7.5 2.5 2 1 3 4 4
6783.5 3492.2 -30.3 334 0 7.4 22.7 2.5 0.0 0 1 1 5 5
6575.2 1073.2 -32.6 195 0 5.4 11.6 7.5 2.5 2 1 3 2 2
6943.8 3044.4 -32.1 339 0 11.2 12.2 5.0 2.5 2 1 2 5 5
6468.6 3282.3 -32.3 40 0 18.7 5.9 5.0 2.5 2 0 2 0 0
6835.5 1490.8 -32.6 137 0 9.1 12.8 7.5 2.5 2 1 3 1 1
6435.1 3315.1 -32.4 220 0 11.4 10.7 10.0 2.5 2 0 4 1 1
6739.9 1401.8 -33.0 111 0 4.6 11.6 2.5 2.5 2 1 1 3 3
6668.1 1610.6 -31.7 291 0 18.9 10.2 5.0 2.5 2 0 2 4 4
6729.1 1220.8 -32.6 19 0 12.1 6.5 5.0 2.5 2 0 2 3 3
6890.5 2272.6 -33.4 310 0 15.6 15.8 2.5 2.5 2 1 1 1 1
6596.0 3495.4 -31.0 162 0 9.0 6.9 5.0 2.5 4 0 2 2 2
6795.8 3448.6 -31.3 335 0 9.5 13.0 5.0 2.5 2 1 2 2 2
6567.7 1104.5 -32.2 288 0 11.2 6.0 2.5 2.5 2 0 1 3 3
6681.5 1246.1 -32.0 286 0 7.9 22.2 7.5 2.5 2 1 3 1 1
6800.0 1539.4 -32.8 141 0 8.6 17.3 7.5 2.5 2 1 3 1 1
6018.4 3631.7 -32.7 43 0 6.0 13.4 2.5 2.5 2 1 1 0 0
6557.8 3199.5 -33.4 310 0 6.2 25.4 7.5 2.5 2 1 3 4 4
6718.4 1296.0 -32.1 196 0 9.4 22.8 5.0 2.5 2 1 2 5 5
6871.4 3260.7 -33.0 52 0 24.9 7.6 7.5 2.5 2 0 3 2 2
6641.4 1619.9 -31.8 291 0 10.5 23.4 5.0 2.5 4 1 2 5 5
5888.6 3517.4 -32.2 130 0 9.3 6.9 5.0 2.5 2 0 2 4 4
6700.5 1236.0 -32.1 196 0 5.7 10.0 7.5 2.5 2 1 3 0 0
6908.0 2233.2 -33.3 40 0 15.4 11.1 7.5 2.5 4 0 3 0 0
6683.0 3075.8 -32.9 338 0 9.5 13.7 2.5 2.5 4 1 1 0 0
6827.3 3299.2 -32.7 226 0 12.6 9.5 7.5 2.5 2 0 3 0 0
6560.9 1084.3 -32.3 196 0 13.2 10.6 5.0 2.5 2 0 2 4 4
6678.4 1165.5 -32.9 109 0 9.0 20.3 7.5 2.5 2 1 3 2 2
6697.9 1584.6 -31.8 291 0 12.2 14.2 10.0 2.5 2 1 4 0 0
6539.0 3211.5 -33.1 308 0 13.5 9.2 7.5 2.5 2 0 3 4 4
6819.1 3249.7 -32.9 145 0 9.9 14.5 5.0 2.5 2 1 2 3 3
6784.7 1428.1 -32.9 287 0 40.1 14.2 10.0 2.5 2 0 4 1 1
6697.7 1218.0 -32.5 195 0 7.7 12.8 2.5 0.0 0 1 1 0 0
6653.2 3078.4 -33.0 159 0 6.1 19.1 5.0 2.5 2 1 2 1 1
6845.6 3295.9 -32.8 313 0 6.7 12.4 2.5 2.5 2 1 1 0 0
6739.1 1363.4 -32.7 199 0 16.7 42.2 5.0 2.5 2 0 2 1 1
-1609.4 -2761.7 -21.9 211 0 19.1 10.6 7.5 2.5 2 0 3 3 3
-1717.7 -2597.9 -14.3 41 0 19.3 16.9 10.0 2.5 2 0 4 3 3
4577.8 2415.2 -30.2 309 0 4.5 16.2 5.0 2.5 2 0 2 1 1
4853.2 2362.4 -31.7 133 0 5.7 10.0 7.5 2.5 2 1 3 2 2
3710.7 1393.9 -30.1 293 0 11.4 15.0 7.5 2.5 2 1 3 5 5
5064.0 2276.5 -32.2 221 0 20.9 9.6 2.5 2.5 2 0 1 2 2
4478.2 1891.2 -30.7 247 0 22.5 10.8 5.0 2.5 4 0 2 1 1
5224.2 1243.6 -31.4 44 0 4.7 9.3 7.5 2.5 2 1 3 5 5
5082.1 2283.8 -32.2 219 0 8.3 5.5 2.5 2.5 2 0 1 3 3
4737.6 1008.4 -30.2 38 0 9.6 7.0 5.0 2.5 2 0 2 5 5
3952.3 2328.9 -30.0 154 0 7.4 9.6 7.5 0.0 0 1 3 5 5
5162.0 3184.5 -27.8 19 0 22.2 8.4 7.5 0.0 0 0 3 0 0
4709.1 2313.8 -31.4 32 0 10.4 9.2 7.5 2.5 2 0 3 3 3
4489.2 2355.0 -29.2 223 0 9.5 19.7 5.0 2.5 2 1 2 1 1
3977.0 2327.0 -30.0 337 0 11.4 4.8 7.5 2.5 2 0 3 0 0
4584.9 2513.6 -29.5 35 0 13.8 10.7 7.5 0.0 0 0 3 1 1
3492.4 1407.1 -28.7 300 0 7.0 13.4 2.5 2.5 2 0 1 0 0
4960.2 2401.1 -31.8 41 0 6.9 18.9 7.5 2.5 2 1 3 2 2
4015.0 986.0 -31.4 281 0 8.6 19.9 5.0 2.5 2 1 2 2 2
4047.0 1900.1 -29.4 40 0 5.8 18.3 5.0 2.5 2 0 2 0 0
3889.1 1362.5 -30.9 298 0 23.4 11.5 7.5 2.5 2 0 3 4 4
5099.0 3207.6 -27.0 198 0 12.3 7.6 5.0 2.5 2 0 2 2 2
4811.8 1252.3 -29.0 27 0 12.4 9.1 2.5 2.5 4 0 1 0 0
4846.1 1601.8 -32.0 300 0 16.0 8.7 7.5 2.5 2 0 3 2 2
4575.2 2430.5 -30.0 310 0 10.3 6.9 7.5 2.5 2 0 3 0 0
4464.6 2190.4 -29.7 53 0 11.4 12.0 5.0 2.5 2 1 2 0 0
4834.7 1571.7 -31.9 33 0 5.3 14.2 5.0 2.5 2 1 2 4 4
4697.8 1013.0 -30.2 225 0 15.9 6.8 2.5 2.5 4 0 1 1 1
4198.9 1742.8 -30.9 112 0 7.9 12.0 7.5 0.0 0 1 3 1 1
5188.5 1265.2 -31.5 222 0 9.3 7.7 5.0 2.5 4 0 2 3 3
5247.5 1384.1 -31.7 34 0 7.9 21.8 7.5 2.5 2 1 3 4 4
5428.1 1627.9 -29.2 215 0 8.4 16.7 2.5 2.5 2 1 1 2 2
4602.5 2540.4 -29.4 41 0 7.0 19.8 2.5 2.5 4 1 1 4 4
3698.2 1365.4 -30.1 25 0 5.6 21.5 5.0 2.5 2 1 2 1 1
4547.0 1673.8 -31.3 137 0 8.0 28.2 5.0 2.5 2 1 2 5 5
5042.1 2184.8 -32.1 308 0 6.1 14.3 7.5 2.5 2 1 3 3 3
4106.7 1694.8 -30.9 308 0 17.5 7.0 7.5 2.5 2 0 3 1 1
4309.4 2065.4 -29.9 306 0 20.5 8.1 5.0 2.5 2 0 2 5 5
5251.1 1249.9 -31.5 40 0 27.4 12.0 7.5 2.5 2 0 3 5 5
5279.2 1359.1 -31.7 219 0 11.0 8.4 7.5 2.5 4 0 3 2 2
5372.6 1551.0 -29.8 122 0 19.0 8.9 7.5 2.5 2 0 3 4 4
5135.0 3176.3 -27.6 106 0 12.9 7.8 5.0 0.0 0 0 2 2 2
4805.0 1293.5 -29.3 301 0 13.4 8.0 5.0 0.0 0 0 2 2 2
5571.1 1651.3 -30.4 212 0 6.5 12.1 7.5 0.0 0 1 3 0 0
4667.1 2334.1 -31.1 127 0 11.4 22.8 7.5 2.5 2 1 3 2 2
4525.3 2409.9 -30.2 221 0 15.9 32.2 10.0 0.0 0 1 4 3 3
3485.9 1356.4 -28.7 35 0 10.1 14.5 7.5 2.5 2 1 3 5 5
4962.5 2440.8 -31.5 313 0 8.1 12.9 2.5 2.5 2 1 1 2 2
4478.8 2220.3 -29.6 323 0 4.7 15.0 2.5 2.5 2 0 1 2 2
5173.5 1248.6 -31.4 223 0 12.0 7.1 5.0 2.5 2 0 2 5 5
3868.1 1325.7 -30.8 113 0 22.1 11.0 5.0 0.0 0 0 2 0 0
5107.6 3219.1 -27.1 196 0 9.3 18.7 5.0 2.5 2 1 2 0 0
4749.0 1172.1 -28.6 108 0 8.9 10.1 7.5 2.5 2 1 3 1 1
4542.6 2439.8 -30.1 217 0 22.0 12.9 10.0 2.5 2 0 4 5 5
3965.6 2289.0 -30.0 151 0 14.1 5.4 7.5 2.5 4 0 3 1 1
4560.8 2550.5 -29.2 213 0 17.5 10.2 7.5 2.5 2 0 3 2 2
4039.4 1940.2 -28.7 216 0 29.5 6.4 5.0 2.5 2 0 2 1 1
4381.3 2145.7 -29.8 309 0 38.4 24.5 10.0 0.0 0 0 4 3 3
4814.3 1584.0 -31.8 123 0 6.6 12.4 5.0 2.5 2 1 2 3 3
4711.5 981.0 -30.7 43 0 11.6 25.1 7.5 2.5 2 1 3 5 5
5147.7 3211.1 -27.2 292 0 21.0 8.2 7.5 2.5 2 0 3 3 3
4070.8 1673.0 -30.9 49 0 10.8 20.1 5.0 2.5 2 1 2 0 0
5233.3 1415.6 -31.7 307 0 9.4 21.8 7.5 2.5 2 1 3 0 0
5413.3 1550.9 -29.6 40 0 5.7 13.6 5.0 2.5 2 1 2 4 4
4547.1 1709.1 -31.3 137 0 4.9 12.9 2.5 2.5 4 1 1 3 3
4513.2 1885.6 -30.8 333 0 11.8 10.8 7.5 2.5 2 0 3 5 5
4285.3 2078.1 -29.8 216 0 8.1 16.7 5.0 2.5 2 0 2 2 2
5215.5 1266.6 -31.5 222 0 8.1 11.8 2.5 2.5 2 1 1 1 1
5402.4 1538.4 -30.2 38 0 15.0 9.6 5.0 2.5 4 0 2 0 0
4456.2 2224.5 -29.6 233 0 10.5 6.9 7.5 2.5 4 0 3 2 2
5439.5 1655.5 -29.6 309 0 10.1 20.8 5.0 2.5 2 1 2 1 1
4036.7 993.6 -31.5 285 0 12.8 6.4 2.5 2.5 2 0 1 1 1
4034.2 1884.0 -29.8 45 0 6.3 10.2 5.0 2.5 2 1 2 3 3
4073.7 1992.1 -28.9 309 0 8.6 19.5 7.5 2.5 2 1 3 2 2
4481.1 2183.7 -29.7 156 0 6.2 13.6 7.5 2.5 2 1 3 2 2
4294.0 2017.0 -30.0 129 0 17.3 10.0 7.5 2.5 4 0 3 3 3
5108.7 2270.7 -32.2 300 0 13.9 10.7 7.5 2.5 2 0 3 3 3
5390.2 1573.1 -29.4 307 0 20.6 11.9 2.5 2.5 2 0 1 3 3
4523.1 2354.3 -29.5 46 0 6.7 10.0 2.5 2.5 2 1 1 5 5
4061.2 1906.3 -29.3 43 0 11.5 9.5 5.0 2.5 2 0 2 3 3
4325.6 2033.1 -30.0 35 0 7.6 18.7 5.0 2.5 2 1 2 4 4
3659.9 1380.8 -29.9 117 0 9.3 18.3 5.0 2.5 2 1 2 5 5
5000.4 2189.7 -32.1 129 0 8.0 16.1 7.5 2.5 2 1 3 2 2
4591.6 1711.9 -31.3 316 0 6.2 21.7 5.0 0.0 0 1 2 1 1
4074.5 1720.2 -30.9 308 0 6.4 11.0 5.0 2.5 2 0 2 5 5
4273.6 2063.0 -29.9 222 0 13.0 14.2 5.0 2.5 2 1 2 1 1
5283.2 1402.9 -31.7 35 0 7.1 13.4 5.0 2.5 2 1 2 3 3
4778.4 1280.7 -29.3 210 0 31.6 9.9 7.5 0.0 0 0 3 3 3
5321.3 1334.9 -31.7 312 0 10.2 9.2 5.0 0.0 0 0 2 4 4
5461.3 1609.3 -29.0 33 0 11.6 10.3 5.0 2.5 2 0 2 3 3
4876.8 2367.7 -31.8 309 0 13.3 5.8 5.0 2.5 2 0 2 4 4
4056.2 980.3 -31.6 284 0 7.5 17.9 5.0 2.5 2 1 2 4 4
5094.1 2239.7 -32.1 39 0 5.6 28.8 2.5 2.5 2 1 1 3 3
4099.0 1970.5 -28.7 42 0 7.6 16.2 7.5 0.0 0 1 3 4 4
4464.5 1861.3 -30.9 157 0 14.4 8.2 7.5 2.5 2 0 3 4 4
4731.6 1023.8 -30.0 51 0 10.5 10.9 2.5 2.5 2 1 1 1 1
3979.1 2343.5 -29.9 337 0 18.2 7.4 7.5 2.5 2 0 3 3 3
5167.5 3164.1 -28.4 359 0 20.4 6.7 2.5 2.5 2 0 1 0 0
4924.5 1311.0 -30.0 17 0 6.8 17.5 2.5 2.5 2 1 1 4 4
5359.2 1577.9 -29.3 214 0 20.7 7.7 5.0 2.5 2 0 2 5 5
4709.2 2337.0 -31.2 300 0 9.6 5.6 2.5 2.5 2 0 1 3 3
3967.0 2307.0 -30.0 138 0 13.0 6.9 5.0 2.5 4 0 2 4 4
4558.6 2523.0 -29.3 130 0 15.7 7.5 5.0 2.5 2 0 2 4 4
3479.4 1391.2 -28.6 210 0 13.7 7.0 7.5 2.5 2 0 3 5 5
4026.9 1917.0 -29.1 220 0 5.8 8.0 7.5 2.5 4 0 3 5 5
4305.5 2007.6 -30.0 129 0 12.3 10.0 5.0 2.5 2 0 2 1 1
3850.0 1362.3 -30.7 209 0 11.6 10.1 7.5 2.5 2 0 3 5 5
5095.7 3197.5 -27.0 198 0 9.0 7.6 5.0 2.5 2 0 2 0 0
4781.1 1247.9 -28.6 126 0 16.9 5.6 5.0 2.5 2 0 2 1 1
5202.7 1222.9 -31.3 128 0 7.6 13.9 5.0 0.0 0 1 2 2 2
3996.3 2306.1 -30.0 328 0 3.8 6.9 5.0 2.5 2 0 2 0 0
4069.0 1927.8 -28.9 41 0 7.4 19.3 5.0 2.5 2 1 2 1 1
4577.7 1721.4 -31.3 317 0 10.1 8.8 7.5 2.5 2 0 3 0 0
5004.7 2176.2 -32.2 217 0 7.4 17.5 5.0 2.5 4 1 2 2 2
5207.0 1286.8 -31.6 222 0 12.7 9.6 5.0 2.5 2 0 2 4 4
4086.9 1668.5 -30.9 130 0 8.6 13.1 7.5 2.5 2 1 3 3 3
5246.2 1365.6 -31.7 36 0 15.5 6.9 7.5 0.0 0 0 3 1 1
4282.4 2026.3 -30.0 129 0 12.5 11.9 10.0 2.5 2 0 4 0 0
4817.0 1289.1 -29.1 301 0 11.7 10.4 5.0 2.5 2 0 2 0 0
3994.7 2293.6 -30.0 58 0 15.9 7.9 5.0 2.5 2 0 2 2 2
4088.4 1709.2 -30.9 308 0 29.1 11.0 10.0 2.5 2 0 4 2 2
4564.7 2388.7 -30.2 40 0 25.2 9.0 7.5 0.0 0 0 3 1 1
4468.8 1851.3 -30.9 157 0 7.3 34.3 7.5 2.5 2 0 3 2 2
4835.0 1608.0 -31.8 300 0 9.5 12.9 5.0 2.5 2 0 2 3 3
4497.6 2204.8 -29.6 53 0 11.7 26.0 10.0 2.5 2 0 4 1 1
6296.3 2586.6 -32.3 127 0 19.5 10.0 7.5 2.5 2 0 3 4 4
6357.8 2464.9 -31.2 131 0 10.1 18.9 7.5 2.5 2 1 3 3 3
5855.3 2252.1 -32.6 217 0 18.0 9.6 7.5 2.5 2 0 3 1 1
6182.9 2504.9 -31.7 227 0 11.0 8.4 5.0 2.5 2 0 2 1 1
5880.4 2979.1 -31.3 125 0 7.7 14.5 2.5 2.5 2 1 1 1 1
5937.8 2174.0 -32.3 302 0 9.4 5.4 5.0 2.5 4 0 2 0 0
5703.8 1979.8 -31.7 300 0 11.8 4.6 5.0 2.5 2 0 2 5 5
5926.4 2928.1 -31.7 132 0 13.1 10.6 5.0 2.5 2 0 2 1 1
5524.6 2760.7 -31.4 45 0 12.4 10.0 5.0 0.0 0 0 2 0 0
6221.4 2442.3 -31.7 220 0 6.4 11.8 2.5 2.5 2 1 1 5 5
6166.0 2626.9 -32.9 134 0 6.9 13.5 7.5 2.5 2 1 3 5 5
6219.1 2681.8 -33.1 39 0 7.6 13.6 5.0 2.5 2 1 2 1 1
6458.9 2850.3 -32.7 218 0 10.8 10.5 5.0 2.5 2 0 2 3 3
6601.7 2920.9 -33.0 221 0 9.3 24.9 5.0 2.5 2 1 2 5 5
5864.2 2995.3 -31.3 129 0 6.4 24.8 7.5 2.5 4 1 3 0 0
5915.7 2068.4 -31.9 308 0 7.4 5.5 5.0 2.5 2 0 2 5 5
5893.9 2970.2 -31.4 132 0 7.5 25.1 7.5 2.5 2 1 3 3 3
5548.4 2950.4 -31.0 172 0 5.6 11.1 2.5 2.5 2 1 1 2 2
5790.2 3203.9 -31.3 216 0 16.9 7.6 5.0 2.5 2 0 2 0 0
6229.8 2476.8 -31.7 227 0 12.0 12.8 5.0 2.5 2 1 2 5 5
6446.6 2498.6 -31.9 39 0 5.9 15.0 7.5 2.5 2 1 3 0 0
6401.0 2640.3 -32.1 36 0 7.4 20.7 5.0 2.5 2 1 2 5 5
6113.1 2654.3 -33.1 226 0 7.8 15.9 2.5 2.5 2 1 1 4 4
6036.2 2319.2 -32.1 226 0 11.7 10.6 10.0 2.5 2 0 4 0 0
6251.4 2478.1 -31.5 210 0 13.1 25.2 7.5 2.5 2 1 3 3 3
5757.5 1913.7 -31.2 309 0 10.8 7.0 2.5 2.5 2 0 1 4 4
5526.1 2890.7 -31.2 196 0 11.9 10.7 7.5 2.5 2 0 3 1 1
6210.4 2587.3 -32.2 44 0 10.1 15.9 7.5 2.5 2 0 3 0 0
6413.2 2758.4 -32.9 308 0 10.8 12.8 7.5 2.5 2 1 3 1 1
5848.1 2053.4 -32.1 36 0 4.9 9.0 7.5 2.5 2 1 3 2 2
6484.1 2860.5 -32.8 217 0 7.2 25.2 5.0 2.5 2 1 2 1 1
6043.6 2399.8 -30.5 144 0 9.9 14.7 2.5 2.5 2 1 1 0 0
5896.3 2028.4 -31.7 124 0 25.7 8.6 7.5 2.5 2 0 3 1 1
5868.1 2293.4 -33.0 128 0 7.6 18.1 5.0 2.5 2 1 2 0 0
6200.0 2485.9 -31.7 57 0 9.9 10.6 5.0 2.5 2 1 2 0 0
5902.1 3002.1 -31.4 307 0 14.6 8.1 2.5 2.5 2 0 1 4 4
5901.9 2187.7 -32.3 220 0 11.1 10.8 2.5 2.5 2 0 1 3 3
5556.8 3025.7 -30.9 265 0 7.3 20.2 2.5 2.5 4 1 1 1 1
5857.0 3236.3 -32.0 41 0 14.5 6.7 7.5 2.5 2 0 3 1 1
6369.0 2446.2 -31.3 130 0 16.7 7.8 5.0 2.5 2 0 2 3 3
5785.2 3143.5 -31.1 130 0 6.0 9.1 5.0 2.5 4 1 2 5 5
5926.4 2213.7 -32.1 314 0 8.5 10.8 5.0 2.5 2 1 2 1 1
5846.6 2209.3 -32.1 124 0 13.6 7.0 7.5 2.5 2 0 3 5 5
6350.7 2626.1 -32.3 211 0 12.5 14.2 5.0 0.0 0 1 2 4 4
5942.8 2126.6 -32.9 38 0 16.6 9.2 7.5 2.5 2 0 3 5 5
5692.2 1945.1 -31.5 128 0 10.0 7.0 2.5 2.5 2 0 1 2 2
6416.5 2673.1 -32.5 34 0 7.7 18.1 2.5 2.5 2 1 1 3 3
6179.5 2662.0 -33.0 315 0 8.7 11.5 5.0 2.5 2 1 2 3 3
6448.0 2726.5 -32.6 34 0 15.4 9.0 2.5 2.5 2 0 1 5 5
6097.2 2308.3 -32.1 306 0 10.8 37.9 10.0 2.5 2 1 4 2 2
5765.8 1993.3 -31.9 215 0 13.8 12.3 2.5 2.5 2 0 1 3 3
5781.2 2024.0 -32.2 219 0 9.8 5.7 7.5 2.5 2 0 3 5 5
6452.9 2838.2 -32.7 216 0 6.3 18.0 5.0 2.5 4 1 2 5 5
6162.0 2432.8 -31.7 225 0 12.8 10.9 5.0 2.5 4 0 2 0 0
5858.4 2123.8 -32.9 227 0 12.8 11.5 2.5 2.5 2 0 1 2 2
6000.3 2318.2 -32.2 60 0 12.9 9.0 5.0 2.5 2 0 2 0 0
5901.2 2061.1 -31.8 307 0 13.3 6.3 5.0 2.5 2 0 2 1 1
5914.3 2260.7 -32.8 126 0 8.9 12.4 7.5 2.5 2 1 3 0 0
5573.6 2931.6 -31.1 130 0 10.9 15.1 7.5 0.0 0 1 3 5 5
5535.6 2964.8 -31.0 175 0 15.4 8.7 7.5 2.5 2 0 3 0 0
6291.2 2530.2 -31.6 224 0 14.5 14.0 5.0 2.5 2 0 2 4 4
5883.6 2248.7 -32.5 309 0 17.6 5.4 7.5 2.5 2 0 3 1 1
6449.7 2479.1 -31.9 40 0 14.7 5.6 5.0 2.5 2 0 2 4 4
5923.7 2153.7 -32.5 129 0 21.2 6.5 7.5 2.5 2 0 3 1 1
5714.5 1959.0 -31.5 31 0 12.1 7.2 2.5 2.5 4 0 1 0 0
5998.2 2215.8 -32.2 126 0 8.9 17.8 5.0 2.5 2 1 2 3 3
5740.0 1889.4 -31.2 130 0 21.8 9.8 5.0 2.5 2 0 2 3 3
5433.3 2657.1 -32.3 128 0 9.2 12.3 5.0 2.5 2 1 2 5 5
5819.7 2071.2 -32.3 213 0 10.9 10.3 5.0 2.5 2 0 2 3 3
6057.5 2373.0 -30.7 140 0 12.2 12.1 7.5 2.5 2 0 3 4 4
6273.2 2532.6 -31.6 29 0 6.0 17.9 5.0 2.5 4 1 2 5 5
6222.9 2535.3 -31.5 230 0 10.6 7.0 7.5 2.5 2 0 3 2 2
5857.8 2984.2 -31.1 127 0 11.5 8.9 5.0 2.5 2 0 2 4 4
5874.8 2199.4 -32.1 35 0 12.8 12.6 10.0 2.5 4 0 4 4 4
6181.0 2473.1 -31.7 51 0 6.5 18.1 5.0 2.5 2 0 2 2 2
5804.9 3221.1 -31.4 223 0 9.5 11.1 7.5 2.5 2 1 3 5 5
5848.7 3005.1 -31.3 128 0 5.4 23.0 2.5 2.5 2 0 1 1 1
6414.6 2642.1 -32.0 36 0 18.9 9.3 5.0 2.5 2 0 2 3 3
6002.9 2924.5 -32.2 47 0 8.9 14.6 5.0 2.5 2 1 2 1 1
6394.8 2738.2 -32.8 206 0 16.4 9.5 2.5 2.5 2 0 1 2 2
6149.6 2377.3 -31.2 135 0 20.8 6.8 7.5 2.5 4 0 3 0 0
6508.7 2842.2 -32.7 302 0 7.2 21.7 7.5 2.5 2 1 3 4 4
5874.8 2059.6 -32.0 126 0 15.3 11.7 7.5 2.5 4 0 3 3 3
5905.8 2333.8 -32.8 312 0 13.3 26.4 7.5 2.5 2 1 3 1 1
6215.0 2492.7 -31.6 56 0 7.4 17.0 7.5 2.5 2 1 3 5 5
5885.5 2171.3 -32.5 217 0 12.6 6.7 7.5 2.5 2 0 3 1 1
5576.5 3020.9 -30.8 274 0 10.6 8.1 2.5 2.5 2 0 1 3 3
5871.9 3255.2 -32.1 36 0 6.6 14.0 7.5 2.5 2 1 3 4 4
6391.4 2489.6 -31.4 307 0 10.0 7.8 5.0 2.5 2 0 2 0 0
5804.0 3162.2 -31.2 38 0 13.9 5.6 7.5 2.5 2 0 3 1 1
5792.5 3033.7 -30.9 122 0 15.1 6.6 2.5 2.5 2 0 1 3 3
6356.1 2600.3 -32.4 122 0 11.9 5.4 7.5 2.5 2 0 3 1 1
5963.0 2158.2 -32.7 309 0 9.0 23.4 7.5 0.0 0 1 3 5 5
5689.6 1962.6 -31.5 209 0 5.6 11.6 7.5 2.5 4 1 3 4 4
6436.2 2669.7 -32.3 39 0 22.6 11.5 10.0 2.5 2 0 4 4 4
6057.4 2319.8 -31.9 218 0 9.7 24.2 7.5 0.0 0 1 3 0 0
6280.8 2485.1 -31.3 219 0 5.7 15.7 5.0 2.5 2 0 2 5 5
5579.1 2872.1 -31.2 31 0 7.0 29.5 5.0 2.5 2 1 2 3 3
6449.0 2814.7 -32.8 125 0 9.3 4.7 5.0 2.5 2 0 2 3 3
6188.2 2433.3 -31.8 219 0 7.7 17.6 2.5 2.5 2 0 1 2 2
5852.0 2025.2 -32.0 38 0 18.8 9.6 5.0 2.5 4 0 2 5 5
6589.3 2882.7 -32.8 131 0 20.3 8.4 5.0 2.5 2 0 2 5 5
6010.8 2330.6 -31.8 58 0 6.0 9.5 2.5 2.5 2 1 1 3 3
5932.8 2034.6 -31.7 33 0 7.9 30.3 2.5 2.5 2 1 1 3 3
5611.9 2951.6 -31.0 27 0 10.3 18.3 10.0 2.5 2 1 4 1 1
6274.4 2663.9 -32.8 37 0 21.6 7.3 7.5 2.5 4 0 3 0 0
5546.6 2980.7 -31.0 262 0 4.9 12.7 5.0 2.5 2 1 2 2 2
6324.3 2473.5 -31.3 33 0 31.9 9.2 7.5 2.5 2 0 3 5 5
5847.4 3263.2 -31.9 307 0 4.4 19.8 5.0 2.5 2 1 2 3 3
5895.0 2238.3 -32.3 305 0 10.4 12.7 5.0 0.0 0 1 2 1 1
6427.5 2436.7 -31.3 135 0 20.4 10.4 2.5 2.5 2 0 1 2 2
5923.8 2953.7 -31.7 130 0 10.3 16.7 5.0 2.5 2 1 2 0 0
5903.6 2149.4 -32.6 125 0 16.5 7.0 5.0 2.5 2 0 2 0 0
5821.1 2143.1 -33.0 302 0 20.2 10.6 5.0 2.5 2 0 2 0 0
5973.4 2236.6 -32.3 126 0 14.7 7.3 7.5 2.5 2 0 3 2 2
6429.6 2738.0 -32.7 301 0 18.9 14.1 7.5 2.5 2 0 3 4 4
6239.5 2415.6 -31.8 40 0 7.5 19.8 7.5 2.5 2 0 3 2 2
5805.5 2056.7 -32.2 212 0 12.0 6.0 2.5 2.5 2 0 1 0 0
6151.1 2448.9 -31.7 58 0 11.3 5.9 2.5 2.5 2 0 1 1 1
5874.3 2091.4 -32.3 303 0 10.9 6.6 5.0 2.5 2 0 2 2 2
6217.1 2710.9 -33.2 310 0 20.5 10.1 5.0 2.5 2 0 2 1 1
5609.3 2998.6 -30.9 284 0 15.0 7.7 5.0 2.5 2 0 2 4 4
6277.5 2570.5 -31.8 308 0 9.0 10.0 5.0 2.5 2 1 2 0 0
6400.7 2482.4 -31.5 307 0 13.4 7.8 7.5 2.5 2 0 3 0 0
5892.6 2953.9 -31.3 135 0 11.1 5.4 5.0 2.5 2 0 2 1 1
5856.7 2235.5 -32.3 216 0 7.9 25.7 5.0 2.5 4 1 2 4 4
5952.3 2954.9 -31.9 310 0 12.7 6.7 7.5 2.5 2 0 3 0 0
5946.8 2167.5 -32.4 304 0 7.7 7.7 7.5 2.5 4 0 3 2 2
6207.1 2469.0 -31.7 236 0 14.8 12.3 5.0 0.0 0 0 2 1 1
6260.1 2402.0 -31.8 309 0 16.5 14.4 7.5 2.5 2 0 3 4 4
6186.4 2603.5 -32.5 134 0 25.2 10.1 7.5 2.5 4 0 3 1 1
6269.1 2691.8 -33.0 301 0 21.0 11.6 2.5 2.5 2 0 1 5 5
6476.3 2809.1 -32.7 122 0 6.9 15.8 7.5 2.5 2 1 3 0 0
5906.9 3035.6 -31.6 312 0 18.4 10.6 7.5 2.5 2 0 3 1 1
5572.2 3079.5 -31.2 11 0 13.9 6.9 7.5 2.5 2 0 3 2 2
6212.4 2438.3 -31.7 220 0 7.5 15.5 7.5 2.5 2 0 3 0 0
5833.1 3170.3 -31.5 43 0 4.8 15.3 5.0 2.5 2 1 2 4 4
6389.2 2699.3 -32.6 206 0 12.3 9.7 7.5 2.5 2 0 3 4 4
6149.3 2685.9 -33.3 224 0 9.0 12.2 7.5 2.5 2 1 3 0 0
5752.7 1975.0 -31.7 216 0 12.4 6.2 7.5 2.5 2 0 3 4 4
6391.9 2672.4 -32.3 216 0 8.0 20.3 7.5 2.5 2 1 3 3 3
6182.0 2399.3 -31.6 39 0 11.6 18.1 5.0 2.5 2 1 2 0 0
6432.0 2836.9 -32.8 218 0 8.8 8.7 2.5 2.5 2 0 1 0 0
6176.6 2445.4 -31.8 219 0 10.3 14.1 5.0 2.5 2 1 2 2 2
5838.8 2024.9 -32.1 35 0 8.3 23.9 5.0 2.5 2 1 2 0 0
5930.6 2295.7 -32.8 305 0 10.6 13.1 5.0 2.5 2 1 2 2 2
5612.0 2917.7 -31.1 41 0 7.4 24.5 5.0 2.5 2 1 2 0 0
5557.8 2996.8 -30.9 182 0 7.2 15.0 7.5 2.5 4 1 3 2 2
6276.1 2513.6 -31.4 221 0 12.0 9.0 5.0 2.5 2 0 2 2 2
5940.3 2993.7 -31.7 302 0 10.1 9.3 5.0 2.5 2 0 2 3 3
5898.9 2142.5 -32.7 121 0 10.4 5.6 5.0 0.0 0 0 2 4 4
5829.0 3093.0 -31.3 308 0 18.6 9.4 7.5 2.5 2 0 3 1 1
5712.0 1894.1 -31.3 126 0 6.1 16.2 2.5 2.5 4 1 1 2 2
6447.7 2716.9 -32.6 305 0 9.1 19.9 7.5 2.5 2 1 3 3 3
5799.0 2026.0 -32.2 216 0 7.6 21.2 2.5 2.5 2 1 1 5 5
6204.8 2400.5 -31.8 39 0 22.4 13.1 10.0 2.5 2 0 4 2 2
6185.5 2720.2 -33.2 222 0 21.3 10.1 2.5 2.5 4 0 1 1 1
5592.9 2985.6 -31.0 276 0 7.2 18.5 5.0 2.5 4 1 2 5 5
6273.2 2586.3 -32.1 316 0 5.2 15.9 7.5 2.5 4 1 3 5 5
5874.7 2962.1 -31.2 132 0 14.0 5.7 5.0 0.0 0 0 2 0 0
5943.4 2924.3 -31.9 127 0 6.0 20.9 7.5 2.5 2 1 3 2 2
6190.4 2454.9 -31.7 222 0 10.7 7.2 7.5 2.5 2 0 3 3 3
6256.6 2422.5 -31.8 38 0 22.0 7.2 2.5 2.5 2 0 1 5 5
5956.4 2899.9 -32.2 131 0 6.0 12.0 5.0 2.5 2 1 2 4 4
6146.7 2635.6 -33.0 142 0 17.5 7.0 7.5 2.5 2 0 3 0 0
6130.0 2409.4 -31.2 223 0 13.7 6.0 2.5 2.5 2 0 1 4 4
6234.4 2670.3 -32.9 224 0 10.0 13.9 7.5 2.5 2 1 3 1 1
6237.5 2513.2 -31.4 48 0 12.2 9.4 7.5 0.0 0 0 3 0 0
6004.0 2361.1 -31.7 320 0 8.6 21.5 7.5 2.5 2 1 3 4 4
6202.9 2516.1 -31.6 231 0 10.9 7.2 5.0 2.5 2 0 2 3 3
5890.8 3049.4 -31.5 307 0 20.2 11.7 7.5 2.5 2 0 3 3 3
5921.9 2092.0 -32.4 307 0 9.1 21.8 7.5 2.5 2 1 3 4 4
5913.4 2963.5 -31.5 128 0 5.7 24.6 5.0 2.5 2 1 2 0 0
5780.7 3185.0 -31.2 227 0 8.0 17.2 7.5 2.5 2 1 3 2 2
6251.1 2497.4 -31.4 209 0 10.9 8.6 7.5 2.5 2 0 3 1 1
6411.7 2502.7 -31.8 132 0 8.3 17.5 5.0 2.5 2 1 2 1 1
6225.7 2464.2 -31.7 221 0 5.9 11.9 7.5 2.5 2 0 3 5 5
5685.6 1976.9 -31.7 214 0 14.3 7.5 7.5 2.5 2 0 3 3 3
6374.0 2674.5 -32.4 214 0 12.5 11.1 7.5 2.5 2 0 3 0 0
6133.5 2672.3 -33.3 226 0 16.6 6.2 7.5 2.5 2 0 3 5 5
6043.3 2295.9 -32.1 223 0 7.9 23.5 7.5 2.5 2 1 3 0 0
5741.0 1959.5 -31.5 213 0 11.1 8.7 7.5 2.5 2 0 3 5 5
5547.0 2854.3 -31.3 124 0 23.3 9.5 2.5 2.5 2 0 1 1 1
6224.3 2611.5 -32.7 42 0 11.2 12.2 7.5 2.5 2 1 3 1 1
6151.2 2403.5 -31.3 221 0 8.0 18.5 5.0 2.5 2 1 2 5 5
5475.8 2747.3 -31.4 127 0 12.1 19.2 5.0 2.5 2 0 2 5 5
6566.0 2904.1 -32.9 218 0 14.3 11.1 7.5 2.5 2 0 3 1 1
6076.9 2405.1 -30.6 324 0 19.6 8.8 5.0 0.0 0 0 2 5 5
5938.0 2032.0 -31.5 304 0 8.7 19.5 2.5 2.5 2 1 1 1 1
5899.0 2284.8 -32.9 128 0 19.0 8.5 7.5 0.0 0 0 3 4 4
5926.7 2189.5 -32.2 38 0 7.4 10.9 5.0 0.0 0 1 2 4 4
5840.6 3229.0 -31.7 44 0 6.2 14.4 7.5 2.5 2 1 3 5 5
6278.0 2455.0 -31.5 132 0 11.7 7.3 7.5 2.5 2 0 3 4 4
6217.3 2403.4 -31.8 130 0 14.1 14.7 7.5 2.5 2 1 3 5 5
6390.4 2430.0 -31.3 132 0 8.3 31.3 7.5 2.5 2 1 3 4 4
5822.2 2216.8 -32.2 128 0 7.7 15.0 2.5 2.5 2 1 1 2 2
6398.2 2614.4 -32.1 28 0 6.5 31.5 7.5 2.5 2 0 3 3 3
5956.5 2263.6 -32.7 210 0 12.7 8.6 5.0 2.5 2 0 2 1 1
5788.0 3056.6 -30.9 215 0 11.5 6.3 5.0 2.5 2 0 2 2 2
5702.5 1911.1 -31.4 214 0 9.1 8.4 7.5 2.5 4 0 3 2 2
6096.9 2349.1 -31.1 134 0 15.1 42.7 7.5 2.5 2 1 3 2 2
5770.7 1956.0 -31.6 125 0 31.2 8.2 7.5 2.5 2 0 3 4 4
5890.3 2117.0 -32.9 307 0 21.3 7.9 7.5 2.5 2 0 3 3 3
5986.1 2322.9 -32.2 61 0 9.4 23.0 5.0 2.5 2 1 2 0 0
6212.7 2526.8 -31.5 230 0 15.9 9.2 7.5 2.5 2 0 3 5 5
6159.8 2367.1 -31.3 135 0 8.0 17.5 5.0 2.5 2 0 2 5 5
6273.6 2434.6 -31.7 132 0 8.9 25.5 5.0 2.5 2 0 2 3 3
6214.3 2412.1 -31.8 39 0 7.7 16.0 5.0 2.5 2 0 2 1 1
6611.4 2880.7 -33.2 41 0 25.6 7.9 5.0 2.5 2 0 2 1 1
6253.2 2443.9 -31.7 41 0 11.7 22.2 10.0 2.5 2 0 4 4 4
5802.2 1954.7 -31.6 35 0 33.9 10.9 7.5 2.5 2 0 3 4 4
5844.7 2995.6 -31.1 128 0 10.7 10.0 7.5 2.5 4 0 3 0 0
6164.3 2488.3 -31.7 140 0 8.3 18.4 5.0 2.5 2 0 2 1 1
6410.3 2626.3 -32.1 298 0 10.3 19.4 5.0 2.5 2 0 2 4 4
6297.5 2465.3 -31.4 39 0 15.6 9.8 7.5 2.5 2 0 3 5 5
1950.8 6937.5 -10.1 359 0 5.2 10.2 5.0 2.5 2 1 2 3 3
-560.3 -4860.3 -33.3 134 0 8.4 9.4 5.0 2.5 2 0 2 0 0
-555.4 -5203.4 -33.3 319 0 10.6 13.1 5.0 0.0 0 1 2 0 0
-506.4 -4971.1 -33.5 226 0 10.6 10.8 7.5 2.5 2 1 3 1 1
-569.2 -4851.8 -33.3 134 0 16.2 9.4 7.5 2.5 2 0 3 2 2
-522.3 -5191.8 -33.5 139 0 11.5 10.6 7.5 2.5 2 0 3 4 4
-494.9 -5002.2 -33.1 226 0 4.0 16.5 7.5 2.5 2 1 3 0 0
-501.6 -5213.9 -33.8 137 0 10.1 9.7 2.5 2.5 4 0 1 3 3
-529.9 -5118.9 -32.8 43 0 9.6 10.8 7.5 2.5 2 1 3 0 0
-480.8 -5236.9 -34.2 132 0 10.3 10.5 7.5 2.5 2 1 3 3 3
-578.2 -5073.3 -32.3 225 0 8.6 12.8 5.0 2.5 2 1 2 2 2
-562.3 -5110.6 -32.5 43 0 11.6 9.3 5.0 2.5 2 0 2 1 1
-479.9 -4816.7 -33.3 132 0 10.2 9.7 7.5 2.5 2 0 3 2 2
-573.8 -5167.6 -33.2 321 0 7.4 12.2 2.5 2.5 2 1 1 1 1
-570.4 -5183.7 -33.3 319 0 10.3 9.2 5.0 2.5 2 0 2 0 0
-482.6 -4955.0 -33.6 316 0 9.7 16.8 5.0 2.5 2 1 2 2 2
-495.0 -4817.5 -33.2 132 0 4.6 15.6 5.0 2.5 2 1 2 4 4
-600.8 -5174.1 -33.2 324 0 6.7 10.4 7.5 2.5 2 1 3 2 2
-588.7 -5180.2 -33.2 322 0 4.7 8.3 5.0 2.5 2 1 2 2 2
-514.1 -5015.0 -33.0 225 0 9.4 11.2 5.0 2.5 2 1 2 0 0
-619.4 -5217.2 -33.1 144 0 15.8 7.8 7.5 2.5 2 0 3 0 0
-534.0 -4848.3 -33.4 313 0 5.3 12.0 5.0 2.5 4 1 2 1 1
-513.7 -4828.5 -33.4 134 0 6.0 22.1 7.5 2.5 2 1 3 5 5
-556.4 -4805.9 -33.0 313 0 11.9 9.0 2.5 0.0 0 0 1 3 3
-596.4 -5250.4 -33.4 141 0 12.7 6.5 2.5 0.0 0 0 1 2 2
-595.5 -5193.8 -33.2 324 0 6.4 25.3 2.5 2.5 2 0 1 3 3
-505.7 -5006.5 -33.1 227 0 5.3 15.2 2.5 2.5 2 1 1 2 2
-588.0 -5160.9 -33.2 314 0 9.0 9.6 2.5 2.5 2 1 1 3 3
436.5 -4126.0 -33.1 293 0 9.4 9.6 2.5 2.5 4 1 1 5 5
530.4 -4034.2 -32.7 294 0 10.1 11.9 2.5 2.5 2 1 1 1 1
490.8 -4032.7 -33.1 205 0 13.7 8.7 5.0 2.5 2 0 2 0 0
385.5 -4097.5 -33.6 295 0 10.5 23.3 5.0 2.5 2 1 2 4 4
514.5 -4021.5 -33.1 296 0 12.5 5.8 7.5 2.5 2 0 3 3 3
-413.5 -5023.2 -33.1 319 0 8.9 9.8 7.5 2.5 4 1 3 0 0
-368.8 -5142.7 -33.6 325 0 10.9 11.8 5.0 2.5 2 1 2 2 2
-438.4 -4984.7 -33.2 137 0 12.6 11.8 7.5 2.5 2 0 3 2 2
-494.9 -5083.9 -32.8 43 0 9.1 9.0 7.5 2.5 2 0 3 3 3
-405.5 -4998.3 -33.1 133 0 8.1 10.0 7.5 2.5 4 1 3 3 3
-532.4 -5276.0 -34.1 318 0 10.2 7.0 7.5 2.5 2 0 3 4 4
-401.7 -5016.4 -33.1 138 0 10.7 10.3 2.5 2.5 2 0 1 5 5
-494.7 -5285.9 -34.4 319 0 10.5 10.9 7.5 2.5 4 0 3 1 1
-437.4 -5025.6 -33.1 46 0 7.9 11.2 5.0 2.5 4 0 2 3 3
-487.8 -5293.9 -34.4 320 0 10.6 11.0 7.5 2.5 2 0 3 2 2
-477.5 -5308.7 -34.5 317 0 11.0 11.3 5.0 2.5 2 1 2 4 4
-454.2 -5263.9 -34.7 130 0 13.4 10.0 5.0 2.5 2 0 2 4 4
-440.5 -5277.3 -34.9 130 0 13.4 11.4 10.0 2.5 2 0 4 2 2
-389.0 -5085.7 -33.3 323 0 7.7 11.8 7.5 2.5 2 1 3 2 2
-443.1 -5031.1 -33.1 46 0 7.9 11.2 7.5 2.5 2 0 3 0 0
-445.5 -5058.7 -32.9 228 0 11.9 11.6 10.0 2.5 2 0 4 5 5
-462.0 -4959.3 -33.4 137 0 10.7 11.5 5.0 0.0 0 0 2 3 3
-451.2 -5040.0 -33.1 46 0 6.5 13.8 5.0 2.5 2 1 2 4 4
-454.8 -4967.2 -33.4 138 0 10.8 11.6 5.0 2.5 2 0 2 3 3
-416.1 -5282.6 -35.1 134 0 9.8 6.0 5.0 2.5 2 0 2 2 2
-358.9 -5172.0 -33.8 318 0 4.8 8.3 5.0 0.0 0 1 2 5 5
-382.9 -5130.2 -33.5 325 0 11.9 10.8 5.0 2.5 2 0 2 0 0
-526.7 -5102.6 -32.8 45 0 11.9 24.8 7.5 0.0 0 1 3 4 4
-1682.7 -3047.2 -27.2 163 0 46.3 14.5 7.5 2.5 2 0 3 5 5
-677.3 -4833.0 -32.7 223 0 10.8 9.9 5.0 2.5 2 0 2 0 0
-700.3 -4890.8 -32.8 38 0 11.0 12.6 5.0 0.0 0 1 2 5 5
-663.6 -4933.7 -32.9 226 0 6.6 12.2 2.5 2.5 2 1 1 1 1
-686.6 -4958.0 -32.8 223 0 9.6 5.7 7.5 2.5 2 0 3 5 5
-690.9 -5114.8 -33.0 44 0 28.6 16.4 7.5 2.5 2 0 3 4 4
-726.5 -4922.9 -32.8 43 0 14.0 11.5 5.0 2.5 2 0 2 0 0
-635.8 -4711.2 -31.8 49 0 9.9 11.8 5.0 0.0 0 1 2 1 1
-905.6 -4498.6 -32.0 329 0 10.0 9.6 2.5 2.5 2 0 1 0 0
-936.0 -4483.2 -32.2 331 0 7.3 17.0 5.0 2.5 2 1 2 2 2
-777.8 -4540.3 -31.7 321 0 10.4 12.0 2.5 2.5 2 1 1 3 3
-835.1 -4515.1 -31.9 144 0 9.2 8.6 7.5 2.5 2 0 3 1 1
-853.3 -4499.5 -32.1 148 0 11.2 11.7 7.5 2.5 2 1 3 4 4
-861.0 -4485.8 -32.2 148 0 11.4 11.4 10.0 2.5 2 0 4 3 3
-868.3 -4465.1 -32.2 238 0 12.3 11.5 10.0 2.5 2 0 4 0 0
-805.5 -4705.4 -32.3 53 0 7.5 8.2 7.5 2.5 2 0 3 1 1
-800.9 -4713.4 -32.4 53 0 9.8 9.1 7.5 2.5 2 0 3 3 3
-739.5 -4703.9 -32.2 322 0 7.6 7.0 5.0 2.5 2 0 2 3 3
-763.8 -4716.5 -32.3 51 0 4.7 14.1 7.5 2.5 2 0 3 5 5
-772.8 -4705.6 -32.3 50 0 4.7 10.6 7.5 2.5 2 0 3 0 0
-763.2 -4680.8 -32.2 322 0 15.5 10.4 2.5 2.5 2 0 1 2 2
-763.2 -4621.3 -31.4 141 0 10.1 12.0 7.5 2.5 2 0 3 3 3
-754.8 -4627.6 -31.5 141 0 10.1 9.4 7.5 2.5 2 0 3 3 3
-719.4 -4613.8 -31.5 319 0 6.6 14.5 5.0 2.5 2 1 2 5 5
-738.0 -4631.7 -31.6 139 0 10.5 6.8 7.5 2.5 2 0 3 4 4
-731.2 -4646.0 -31.8 140 0 10.5 8.2 2.5 2.5 2 0 1 3 3
-731.0 -4665.6 -32.0 137 0 5.2 15.8 5.0 2.5 2 0 2 0 0
-719.5 -4654.8 -31.9 137 0 5.2 12.2 5.0 2.5 2 0 2 0 0
-692.8 -4635.7 -31.9 317 0 5.7 10.7 7.5 2.5 2 0 3 1 1
-696.9 -4647.2 -31.9 138 0 5.7 10.7 5.0 2.5 4 0 2 5 5
-717.4 -4675.5 -32.0 136 0 12.6 10.4 5.0 2.5 2 0 2 0 0
-710.3 -4689.7 -32.0 136 0 10.5 10.0 5.0 2.5 2 0 2 3 3
-687.7 -4707.9 -32.0 136 0 9.6 7.0 7.5 2.5 2 0 3 3 3
-672.0 -4710.9 -31.9 137 0 10.3 13.1 2.5 2.5 2 1 1 1 1
-690.9 -4694.0 -32.0 137 0 5.1 20.8 7.5 2.5 2 1 3 3 3
-669.5 -4678.2 -32.0 137 0 11.8 5.7 5.0 2.5 2 0 2 2 2
-687.1 -4662.6 -32.0 134 0 6.1 10.7 5.0 2.5 2 1 2 0 0
-660.3 -4646.8 -31.9 317 0 20.0 7.7 5.0 2.5 2 0 2 2 2
-599.9 -4674.5 -31.4 329 0 11.4 4.1 7.5 0.0 0 0 3 2 2
-557.2 -4717.9 -32.0 205 0 6.1 11.4 7.5 2.5 2 1 3 4 4
-546.7 -4769.9 -32.5 120 0 6.4 13.3 2.5 2.5 2 0 1 3 3
-555.3 -4782.3 -32.5 120 0 8.8 15.1 7.5 2.5 2 0 3 1 1
-585.4 -4797.9 -32.7 316 0 5.9 12.4 2.5 2.5 2 0 1 5 5
-601.3 -4769.1 -32.4 314 0 5.1 14.5 5.0 2.5 2 1 2 5 5
-621.6 -4753.8 -32.3 314 0 4.6 8.8 7.5 2.5 2 1 3 3 3
-610.9 -4752.0 -32.3 314 0 4.6 10.4 7.5 2.5 2 1 3 0 0
-595.6 -4714.1 -31.9 49 0 7.7 24.4 5.0 2.5 2 1 2 2 2
-610.0 -4716.8 -31.9 49 0 11.6 8.1 5.0 2.5 2 0 2 3 3
-627.6 -4736.9 -32.1 49 0 8.6 12.8 7.5 2.5 2 1 3 0 0
-654.6 -4739.1 -32.1 137 0 6.2 15.8 5.0 2.5 2 1 2 4 4
-653.4 -4755.8 -32.2 314 0 7.7 9.2 5.0 2.5 2 1 2 1 1
-643.1 -4805.8 -32.6 315 0 11.2 10.7 2.5 0.0 0 0 1 3 3
-744.5 -4940.5 -32.7 43 0 6.5 11.5 2.5 2.5 2 1 1 1 1
-741.4 -4966.7 -32.7 225 0 12.1 12.0 5.0 2.5 2 0 2 5 5
-702.5 -5011.1 -32.3 133 0 13.6 5.2 5.0 2.5 2 0 2 1 1
-708.8 -4985.9 -32.5 133 0 10.4 4.4 7.5 2.5 4 0 3 2 2
-717.5 -4995.1 -32.4 133 0 10.4 12.6 5.0 2.5 2 0 2 4 4
-683.2 -5029.4 -32.4 44 0 10.8 11.1 7.5 2.5 2 1 3 0 0
-617.5 -4853.1 -33.1 313 0 8.4 8.6 5.0 2.5 2 1 2 4 4
-723.6 -5053.5 -32.8 43 0 6.6 12.1 7.5 2.5 2 1 3 3 3
-737.5 -5064.2 -32.9 43 0 10.7 13.1 2.5 0.0 0 1 1 0 0
-728.5 -5083.5 -32.7 225 0 19.7 8.9 5.0 0.0 0 0 2 2 2
-698.6 -5055.9 -32.5 226 0 37.2 17.0 10.0 2.5 2 0 4 3 3
-707.7 -4936.9 -32.8 225 0 10.2 10.9 2.5 2.5 2 1 1 3 3
-694.7 -4921.4 -32.9 225 0 11.6 12.4 7.5 2.5 2 1 3 1 1
-678.7 -4991.9 -32.6 44 0 4.8 11.1 2.5 2.5 2 1 1 0 0
-673.8 -5003.7 -32.3 44 0 5.6 11.7 5.0 2.5 2 1 2 1 1
-663.7 -5001.7 -32.4 44 0 9.5 4.9 5.0 2.5 2 0 2 0 0
-657.6 -4995.3 -32.6 44 0 8.3 4.9 7.5 2.5 2 0 3 5 5
-643.1 -4986.7 -32.9 45 0 6.9 8.8 2.5 2.5 2 0 1 3 3
-636.2 -4982.7 -32.9 45 0 8.5 10.9 5.0 2.5 2 0 2 2 2
-630.5 -4977.0 -33.0 45 0 7.6 6.8 5.0 2.5 2 0 2 2 2
-639.2 -4940.5 -33.0 45 0 4.7 14.6 7.5 2.5 2 0 3 5 5
-629.4 -4947.1 -33.0 45 0 4.5 11.6 5.0 2.5 2 0 2 1 1
-679.3 -4903.9 -32.9 225 0 10.6 12.1 7.5 2.5 2 1 3 0 0
-625.0 -4823.4 -32.9 315 0 11.2 10.7 7.5 2.5 2 0 3 1 1
-616.0 -4831.3 -33.0 315 0 9.5 8.6 7.5 2.5 4 0 3 0 0
-626.0 -4839.6 -33.0 313 0 6.9 7.5 2.5 2.5 2 1 1 2 2
-631.4 -4850.0 -33.0 313 0 10.9 5.7 5.0 2.5 2 0 2 3 3
-633.1 -4867.5 -33.0 314 0 10.1 5.7 2.5 2.5 2 0 1 0 0
-607.9 -4838.3 -33.1 315 0 6.1 7.8 5.0 2.5 2 0 2 2 2
-602.7 -4845.9 -33.1 315 0 12.0 9.3 7.5 2.5 2 0 3 5 5
-607.4 -4871.0 -33.1 315 0 8.3 7.3 5.0 2.5 4 0 2 3 3
-586.2 -4863.0 -33.2 315 0 10.5 7.6 7.5 0.0 0 0 3 3 3
-594.9 -4873.9 -33.1 314 0 6.1 8.0 7.5 2.5 2 0 3 4 4
-597.1 -4885.7 -33.1 314 0 7.5 10.0 7.5 2.5 4 0 3 1 1
-590.1 -4878.6 -33.2 314 0 7.5 10.0 5.0 2.5 2 0 2 5 5
-596.3 -4910.7 -33.1 45 0 4.0 10.3 7.5 2.5 2 0 3 2 2
-589.9 -4910.9 -33.1 45 0 4.7 15.1 2.5 2.5 2 0 1 1 1
-598.8 -4920.4 -33.1 45 0 6.2 14.9 7.5 2.5 2 1 3 0 0
-635.0 -4891.1 -33.1 225 0 7.1 20.7 7.5 0.0 0 1 3 0 0
-638.2 -4899.4 -33.0 225 0 9.3 11.7 5.0 2.5 2 0 2 3 3
-642.7 -4906.6 -33.0 225 0 7.2 12.2 5.0 0.0 0 0 2 2 2
-626.0 -4933.3 -33.0 45 0 7.4 30.7 7.5 2.5 2 0 3 2 2
-613.5 -4959.9 -33.0 45 0 13.0 7.8 7.5 2.5 2 0 3 1 1
-613.2 -4948.6 -33.0 45 0 3.6 19.9 7.5 2.5 2 0 3 1 1
-606.4 -4952.8 -33.0 45 0 7.2 7.8 2.5 2.5 2 0 1 2 2
-601.8 -4948.2 -33.1 45 0 5.9 16.5 2.5 2.5 2 0 1 3 3
-597.1 -4943.5 -33.1 45 0 7.3 13.7 5.0 2.5 4 0 2 3 3
-593.1 -4939.5 -33.1 45 0 4.1 13.7 5.0 0.0 0 0 2 3 3
-584.4 -4930.7 -33.1 45 0 10.4 9.6 5.0 2.5 2 0 2 4 4
-578.4 -4924.8 -33.1 45 0 6.5 10.5 7.5 2.5 2 0 3 5 5
-421.6 -5231.5 -34.7 128 0 11.5 26.0 7.5 2.5 4 1 3 1 1
-572.5 -4918.9 -33.2 45 0 10.2 10.5 7.5 0.0 0 0 3 5 5
-565.3 -4911.7 -33.2 45 0 10.2 10.5 7.5 2.5 2 0 3 3 3
-568.4 -4879.0 -33.2 315 0 15.8 8.1 5.0 2.5 2 0 2 2 2
-586.0 -4832.6 -33.1 134 0 8.3 8.8 2.5 2.5 2 1 1 5 5
-547.9 -4872.4 -33.4 136 0 9.6 8.2 5.0 2.5 2 0 2 4 4
-540.7 -4879.8 -33.5 136 0 10.9 8.2 5.0 2.5 2 0 2 3 3
-526.8 -4893.5 -33.6 136 0 8.8 7.5 7.5 2.5 2 0 3 0 0
-514.2 -4871.6 -33.6 317 0 5.5 10.6 7.5 0.0 0 0 3 4 4
-502.3 -4863.4 -33.7 316 0 10.0 14.3 5.0 2.5 2 0 2 4 4
-512.0 -4906.8 -33.7 137 0 6.9 9.9 2.5 2.5 2 0 1 1 1
-503.7 -4915.6 -33.7 136 0 17.3 9.9 7.0 2.5 2 0 2 0 0
-475.8 -4913.6 -33.9 47 0 13.7 4.8 2.5 2.5 2 0 1 5 5
-478.5 -4888.6 -33.9 316 0 13.2 5.2 7.5 2.5 2 0 3 5 5
-426.6 -4821.2 -33.7 230 0 17.5 7.9 2.5 2.5 2 0 1 4 4
-405.1 -4851.1 -34.1 318 0 8.5 5.0 2.5 0.0 0 0 1 4 4
-394.3 -4793.2 -33.5 222 0 3.9 20.1 2.5 0.0 0 0 1 1 1
-339.7 -4775.6 -33.0 48 0 9.0 9.4 7.5 2.5 2 0 3 2 2
-330.0 -4734.3 -32.5 141 0 5.2 15.5 5.0 2.5 2 0 2 5 5
-276.3 -4814.0 -33.7 311 0 5.6 18.9 2.5 2.5 2 0 1 5 5
-340.8 -4826.7 -34.0 232 0 7.0 12.1 7.5 0.0 0 0 3 5 5
-379.4 -4867.9 -34.2 231 0 7.1 13.0 5.0 2.5 2 1 2 5 5
-393.8 -5152.7 -33.6 322 0 5.7 9.9 2.5 2.5 2 0 1 5 5
-397.4 -5148.0 -33.5 322 0 6.2 9.9 5.0 2.5 4 0 2 2 2
-509.5 -5315.3 -34.3 140 0 10.9 7.2 2.5 2.5 4 0 1 0 0
-555.5 -5315.5 -33.9 138 0 14.9 8.2 2.5 0.0 0 0 1 1 1
-519.6 -5241.2 -34.0 319 0 17.8 11.4 7.5 2.5 2 0 3 3 3
-472.3 -5214.5 -34.1 130 0 5.4 17.5 5.0 2.5 2 1 2 1 1
-472.1 -5199.0 -33.9 130 0 9.1 14.9 5.0 2.5 2 0 2 3 3
-482.5 -5215.3 -34.0 130 0 4.3 19.2 5.0 2.5 2 0 2 2 2
-537.4 -5222.5 -33.6 319 0 10.2 12.5 2.5 2.5 2 1 1 0 0
-546.4 -5211.7 -33.5 319 0 9.7 8.9 2.5 2.5 2 0 1 5 5
-596.6 -5270.2 -33.6 140 0 7.2 30.2 7.5 0.0 0 1 3 3 3
-557.7 -5236.4 -33.6 321 0 4.5 15.8 5.0 2.5 2 0 2 2 2
-560.6 -5232.9 -33.5 321 0 4.8 12.6 7.5 2.5 4 0 3 4 4
-632.8 -5192.3 -33.1 234 0 7.8 20.1 7.5 2.5 2 0 3 5 5
-622.9 -5137.0 -32.9 292 0 10.3 9.7 2.5 2.5 2 0 1 0 0
-611.6 -5130.9 -32.7 314 0 7.6 7.2 5.0 2.5 2 0 2 3 3
-613.6 -5109.8 -32.2 135 0 9.4 10.1 5.0 0.0 0 0 2 1 1
-606.9 -5116.4 -32.3 135 0 9.4 10.1 5.0 2.5 2 0 2 5 5
-588.9 -5112.0 -32.3 135 0 10.4 6.6 5.0 2.5 2 0 2 3 3
-593.1 -5088.2 -32.2 225 0 5.7 23.8 5.0 2.5 2 1 2 5 5
-602.1 -5126.5 -32.5 134 0 5.6 9.2 7.5 2.5 4 1 3 4 4
-591.2 -5122.6 -32.5 136 0 10.2 5.3 7.5 2.5 2 0 3 0 0
-419.6 -4964.2 -33.3 135 0 7.6 12.9 7.5 2.5 2 0 3 0 0
-593.9 -5134.4 -32.7 135 0 7.1 7.9 7.5 0.0 0 0 3 1 1
-588.8 -5139.4 -32.8 135 0 7.1 7.9 5.0 2.5 2 0 2 5 5
-564.7 -5155.6 -33.2 45 0 10.6 8.7 2.5 2.5 2 0 1 1 1
-581.2 -5147.3 -33.0 134 0 8.0 6.0 2.5 2.5 2 0 1 3 3
-581.1 -5139.0 -32.9 134 0 3.3 9.4 7.5 2.5 2 0 3 5 5
-517.4 -5168.2 -33.4 145 0 6.0 20.7 2.5 0.0 0 0 1 4 4
-529.0 -5155.0 -33.4 236 0 8.5 14.5 5.0 0.0 0 0 2 1 1
-530.0 -5140.2 -33.1 227 0 11.5 9.6 5.0 2.5 2 0 2 4 4
-519.2 -5135.8 -33.2 218 0 5.4 21.5 7.5 2.5 2 1 3 3 3
-504.3 -5106.5 -33.0 228 0 5.2 9.1 2.5 2.5 2 0 1 1 1
-499.4 -5114.5 -33.1 228 0 8.9 9.6 5.0 2.5 2 0 2 2 2
-510.4 -5122.0 -33.1 228 0 11.1 10.1 5.0 2.5 2 0 2 1 1
-547.5 -5103.3 -32.6 44 0 7.4 6.6 7.5 2.5 2 0 3 1 1
-609.6 -5078.3 -32.0 224 0 17.0 9.0 5.0 2.5 2 0 2 5 5
-600.9 -5069.3 -32.0 224 0 8.0 10.4 7.5 2.5 2 0 3 4 4
-593.6 -5061.7 -32.1 224 0 13.0 10.4 5.0 2.5 2 0 2 0 0
-583.5 -5051.2 -32.2 224 0 7.4 13.9 5.0 2.5 2 0 2 2 2
-570.8 -5037.9 -32.2 224 0 7.5 9.6 2.5 2.5 2 0 1 2 2
-566.0 -5032.9 -32.3 224 0 6.5 9.6 2.5 2.5 2 0 1 0 0
-561.7 -5028.5 -32.4 224 0 5.7 13.6 5.0 2.5 2 0 2 2 2
-553.5 -5019.4 -32.7 224 0 11.0 12.6 2.5 2.5 4 0 1 2 2
-546.6 -5012.3 -32.8 224 0 8.8 12.6 2.5 2.5 4 0 1 4 4
-538.8 -5004.2 -33.0 224 0 13.7 10.3 5.0 2.5 4 0 2 0 0
-523.2 -4988.2 -33.2 224 0 15.7 10.5 7.5 2.5 4 0 3 5 5
-516.1 -4980.8 -33.3 224 0 4.5 16.0 5.0 0.0 0 0 2 3 3
-451.6 -4995.8 -33.1 314 0 5.8 12.0 5.0 2.5 2 1 2 5 5
-482.1 -4986.0 -33.1 315 0 14.1 8.9 2.5 2.5 2 0 1 3 3
-528.7 -5026.9 -32.6 226 0 4.2 20.0 7.5 2.5 2 1 3 3 3
-492.7 -5094.9 -32.9 225 0 7.6 6.0 2.5 2.5 2 0 1 3 3
-449.5 -5118.3 -33.3 233 0 6.8 8.3 5.0 2.5 2 1 2 2 2
-419.0 -5079.2 -33.2 317 0 6.4 17.5 7.5 2.5 2 1 3 2 2
-413.2 -5042.5 -33.2 320 0 10.4 6.5 5.0 2.5 2 0 2 4 4
-459.7 -5073.1 -33.0 228 0 11.9 11.6 5.0 2.5 4 0 2 3 3
-470.3 -5057.2 -32.7 45 0 8.5 9.1 5.0 2.5 2 0 2 4 4
-464.3 -5051.2 -32.8 45 0 8.5 9.1 7.5 2.5 2 0 3 2 2
-459.3 -5011.5 -33.1 316 0 4.9 17.2 7.5 2.5 2 0 3 0 0
-373.1 -5004.2 -33.1 323 0 6.3 9.7 7.5 2.5 2 1 3 1 1
-377.4 -4985.9 -33.1 317 0 5.2 20.6 7.5 2.5 2 1 3 3 3
-377.9 -4969.2 -33.1 319 0 5.3 18.8 7.5 2.5 4 0 3 3 3
-392.5 -4974.4 -33.0 319 0 5.9 9.3 5.0 2.5 2 0 2 2 2
-392.8 -4924.7 -33.9 317 0 12.3 13.2 5.0 2.5 2 1 2 1 1
-424.8 -4959.0 -33.5 135 0 7.3 19.9 5.0 2.5 2 0 2 4 4
-446.5 -4949.6 -33.5 135 0 12.8 6.6 5.0 2.5 2 0 2 4 4
-421.7 -4897.4 -34.2 224 0 9.0 17.6 7.5 0.0 0 1 3 1 1
-448.8 -4914.5 -34.0 226 0 12.3 6.5 2.5 2.5 2 0 1 4 4
-469.6 -4934.4 -33.7 225 0 16.1 14.7 5.0 0.0 0 0 2 3 3
-1080.5 -4909.4 -33.1 222 0 13.6 10.2 7.5 2.5 2 0 3 3 3
-1054.8 -4879.1 -33.0 222 0 11.6 14.1 7.5 2.5 2 1 3 2 2
-1042.8 -4866.8 -33.0 222 0 9.7 17.5 2.5 2.5 2 1 1 5 5
-1029.6 -4853.3 -33.0 222 0 11.2 19.3 7.5 2.5 4 1 3 5 5
-1028.6 -4956.2 -33.6 46 0 11.5 10.4 7.5 2.5 2 0 3 5 5
-1098.6 -4937.5 -33.5 225 0 10.0 5.8 7.5 2.5 2 0 3 3 3
-1116.6 -4948.1 -33.8 224 0 10.8 11.5 7.5 2.5 2 1 3 5 5
-1106.2 -4967.5 -33.9 133 0 11.1 11.4 5.0 2.5 2 1 2 2 2
-1089.9 -4985.6 -34.2 136 0 13.5 16.5 7.5 0.0 0 1 3 5 5
-1050.7 -4942.0 -33.4 45 0 7.0 11.3 7.5 2.5 2 1 3 4 4
-1001.8 -4930.3 -32.9 46 0 11.2 11.8 10.0 2.5 2 1 4 0 0
-1001.5 -5055.2 -34.4 47 0 14.2 13.3 2.5 2.5 2 0 1 0 0
-963.2 -5044.9 -34.2 226 0 11.2 12.3 2.5 2.5 2 1 1 0 0
-977.4 -5032.8 -34.4 47 0 11.0 13.8 7.5 2.5 2 1 3 0 0
-953.3 -5004.6 -34.1 47 0 11.5 11.0 7.5 2.5 2 0 3 5 5
-872.4 -4910.6 -32.6 45 0 10.6 12.6 5.0 0.0 0 1 2 0 0
-806.3 -4905.7 -32.6 225 0 11.0 16.9 7.5 2.5 2 1 3 4 4
-804.4 -4976.7 -32.4 46 0 6.3 6.4 7.5 2.5 2 0 3 3 3
-793.3 -4972.7 -32.5 46 0 15.4 11.2 5.0 2.5 2 0 2 0 0
-857.7 -4950.7 -32.5 226 0 6.4 7.4 5.0 2.5 2 0 2 3 3
-819.8 -4938.1 -32.5 316 0 13.2 10.0 7.5 2.5 2 0 3 5 5
-820.0 -5001.2 -32.8 46 0 12.6 13.3 10.0 2.5 2 1 4 4 4
-870.4 -4953.6 -32.8 226 0 15.9 11.7 5.0 2.5 2 0 2 4 4
-892.3 -4975.2 -33.5 226 0 11.5 13.5 7.5 2.5 2 1 3 0 0
-923.8 -5061.1 -33.9 134 0 7.2 11.6 7.5 2.5 2 0 3 5 5
-907.3 -5052.8 -33.9 44 0 11.8 9.7 7.5 0.0 0 0 3 3 3
-873.2 -5053.8 -33.7 46 0 13.5 12.3 2.5 2.5 2 0 1 4 4
-843.8 -5025.0 -33.2 46 0 11.3 13.9 5.0 2.5 2 1 2 4 4
-885.8 -5067.6 -33.8 46 0 12.1 12.9 5.0 2.5 2 1 2 0 0
-899.3 -5081.4 -33.9 46 0 10.5 12.2 5.0 0.0 0 1 2 5 5
-887.4 -5163.7 -34.2 223 0 6.3 15.0 5.0 2.5 2 1 2 2 2
-844.1 -5051.5 -33.5 225 0 15.2 11.3 7.5 2.5 2 0 3 3 3
-860.3 -5068.1 -33.6 223 0 10.4 11.9 5.0 0.0 0 1 2 1 1
-870.9 -5079.6 -33.7 223 0 11.0 12.1 5.0 2.5 4 1 2 1 1
-838.5 -5169.4 -34.0 43 0 11.5 9.7 5.0 2.5 2 0 2 3 3
-825.9 -5156.8 -33.8 43 0 12.2 13.7 5.0 0.0 0 1 2 4 4
-855.4 -5136.7 -33.9 135 0 21.6 6.4 5.0 2.5 2 0 2 3 3
-828.9 -5131.9 -33.7 45 0 6.0 14.7 5.0 2.5 2 1 2 0 0
-835.8 -5083.3 -33.5 225 0 10.1 8.5 2.5 2.5 2 0 1 1 1
-784.4 -5114.1 -33.4 43 0 10.7 13.1 7.5 2.5 2 1 3 3 3
-770.9 -5100.7 -33.3 43 0 10.7 13.1 2.5 2.5 2 1 1 0 0
-765.2 -5059.7 -33.0 43 0 14.7 7.2 5.0 2.5 2 0 2 2 2
-740.1 -5005.4 -32.5 312 0 7.3 12.3 7.5 2.5 2 0 3 3 3
-734.4 -5021.3 -32.6 312 0 22.5 4.4 5.0 2.5 2 0 2 3 3
-764.5 -5026.5 -32.8 314 0 7.2 13.1 2.5 2.5 4 0 1 5 5
-505.3 -5342.3 -34.4 136 0 7.3 12.4 5.0 2.5 2 1 2 5 5
-295.4 -5387.1 -36.0 220 0 12.4 6.1 7.5 2.5 2 0 3 5 5
-300.1 -5383.2 -36.0 220 0 12.4 6.1 5.0 2.5 2 0 2 3 3
-295.5 -5432.6 -36.4 134 0 11.6 10.9 10.0 2.5 2 0 4 0 0
-310.8 -5420.8 -36.2 131 0 11.6 11.9 5.0 2.5 2 1 2 2 2
-328.7 -5408.6 -36.0 129 0 12.0 10.4 2.5 2.5 2 0 1 1 1
-350.1 -5440.5 -35.9 309 0 9.7 9.8 7.5 2.5 2 1 3 4 4
-363.4 -5427.1 -35.9 308 0 9.7 9.8 7.5 2.5 2 1 3 2 2
-346.9 -5387.0 -35.7 219 0 9.8 11.1 5.0 2.5 2 1 2 2 2
-395.1 -5315.6 -35.5 138 0 7.1 35.1 7.5 2.5 2 1 3 5 5
-323.6 -5288.3 -35.4 48 0 6.4 13.2 7.5 2.5 2 1 3 2 2
-357.9 -5372.6 -35.4 44 0 8.7 11.1 7.5 2.5 2 1 3 2 2
-440.0 -5368.0 -34.8 50 0 12.2 12.0 7.5 2.5 2 0 3 3 3
-477.1 -5407.0 -34.9 48 0 9.9 12.7 7.5 2.5 2 1 3 5 5
-472.7 -5381.2 -34.7 46 0 15.1 6.4 7.5 2.5 2 0 3 1 1
-484.5 -5383.8 -34.8 46 0 15.1 5.9 5.0 2.5 2 0 2 0 0
-453.8 -5343.5 -34.7 321 0 11.9 11.8 5.0 2.5 2 0 2 3 3
-717.0 -5165.6 -33.2 222 0 28.3 17.6 10.0 2.5 2 0 4 0 0
-1647.2 2361.4 -15.0 35 0 12.4 5.0 5.0 2.5 2 0 2 0 0
-1835.4 2348.5 -13.1 266 0 11.0 10.0 7.5 2.5 4 0 3 0 0
-1814.0 2323.7 -13.5 357 0 15.4 5.5 5.0 2.5 2 0 2 1 1
-1811.5 2350.8 -13.5 265 0 11.0 9.5 5.0 2.5 2 0 2 2 2
-1816.6 2380.4 -12.8 83 0 14.0 10.1 10.0 2.5 2 0 4 4 4
-1689.0 2412.4 -14.1 263 0 48.8 12.9 7.5 2.5 2 0 3 5 5
-1773.6 2384.9 -13.1 83 0 9.5 9.3 2.5 2.5 2 0 1 4 4
-1831.7 2024.0 -14.3 171 0 18.0 8.1 7.5 0.0 0 0 3 2 2
-1755.7 2400.2 -13.2 259 0 15.6 7.5 7.5 2.5 2 0 3 2 2
-1879.9 2392.0 -12.2 262 0 9.9 10.2 7.5 2.5 2 1 3 1 1
-1829.4 1885.7 -14.2 172 0 11.0 26.0 10.0 2.5 4 1 4 4 4
-1775.0 1880.6 -14.6 354 0 11.5 10.5 5.0 2.5 2 0 2 3 3
-1769.6 1837.2 -14.5 356 0 10.2 8.6 5.0 2.5 2 0 2 1 1
-1774.6 1815.0 -14.6 352 0 6.0 18.4 2.5 2.5 2 1 1 4 4
-1804.1 1827.2 -14.4 172 0 18.3 8.1 7.5 2.5 2 0 3 3 3
-1749.2 1897.7 -15.1 173 0 12.3 10.2 2.5 2.5 2 0 1 1 1
-1747.8 1883.4 -15.1 173 0 13.2 12.1 5.0 2.5 2 0 2 4 4
-1744.7 1861.5 -15.0 174 0 11.1 9.5 7.5 2.5 4 0 3 5 5
-1701.2 1840.9 -15.0 354 0 13.6 9.1 5.0 2.5 2 0 2 3 3
-1713.1 1844.5 -15.1 352 0 5.7 16.0 5.0 2.5 2 1 2 0 0
-1734.6 1815.6 -14.5 177 0 11.1 9.0 5.0 0.0 0 0 2 4 4
-1707.3 1802.3 -14.4 352 0 10.1 20.1 5.0 2.5 4 1 2 3 3
-1687.9 1792.5 -13.8 354 0 22.0 8.6 7.5 2.5 2 0 3 1 1
-1700.3 1771.4 -13.9 83 0 10.3 5.2 7.5 2.5 2 0 3 5 5
-1733.0 1764.2 -14.1 84 0 10.0 13.1 7.5 2.5 2 1 3 3 3
-1743.6 1783.0 -14.2 177 0 10.8 7.3 5.0 2.5 2 0 2 5 5
-1840.9 2001.5 -14.1 173 0 18.1 10.2 7.5 2.5 2 0 3 1 1
-1831.5 2009.5 -14.4 173 0 4.7 26.3 7.5 2.5 2 0 3 3 3
-1811.6 2039.7 -14.5 261 0 19.2 6.0 5.0 2.5 2 0 2 2 2
-1836.1 1967.0 -14.1 172 0 14.0 8.6 7.5 2.5 2 0 3 4 4
-1819.6 1980.9 -14.4 172 0 5.1 14.0 5.0 2.5 2 1 2 1 1
-1811.0 1963.4 -14.4 82 0 15.9 5.9 5.0 2.5 2 0 2 3 3
-1799.3 1933.5 -14.5 262 0 17.4 6.0 5.0 2.5 2 0 2 1 1
-1817.4 1930.9 -14.2 262 0 9.5 20.3 7.5 2.5 2 1 3 0 0
-1776.3 1917.9 -14.7 354 0 11.0 9.6 2.5 2.5 2 0 1 5 5
-1779.9 1941.7 -14.7 264 0 7.2 10.8 7.5 2.5 2 1 3 1 1
-1782.6 2031.1 -14.7 352 0 9.8 7.7 7.5 2.5 2 0 3 4 4
-1760.7 2056.7 -15.0 173 0 7.5 9.7 5.0 2.5 4 1 2 0 0
-1756.9 2031.2 -15.0 173 0 9.4 7.1 5.0 2.5 2 0 2 5 5
-1756.9 2014.4 -15.1 172 0 11.8 10.6 5.0 2.5 2 0 2 4 4
-1754.9 1962.5 -15.0 176 0 11.4 7.4 2.5 2.5 2 0 1 3 3
-1742.3 1945.3 -15.3 173 0 6.3 17.8 5.0 2.5 4 1 2 5 5
-1740.5 1956.5 -15.3 174 0 5.9 14.0 5.0 2.5 2 1 2 2 2
-1711.3 1981.1 -15.4 355 0 22.9 9.4 7.5 2.5 2 0 3 4 4
-1708.0 1942.0 -15.5 353 0 17.5 9.5 7.5 2.5 2 0 3 1 1
-1713.2 2001.2 -15.4 354 0 9.5 18.4 5.0 0.0 0 1 2 2 2
-1711.8 2062.7 -15.5 262 0 9.3 17.0 5.0 2.5 2 1 2 1 1
-1706.7 2024.2 -15.5 82 0 9.2 17.9 7.5 2.5 2 1 3 0 0
-1742.1 2020.6 -15.3 174 0 5.2 16.6 5.0 2.5 2 1 2 0 0
-1737.9 2038.8 -15.3 173 0 7.0 13.2 7.5 0.0 0 0 3 0 0
-1738.6 2045.2 -15.3 173 0 5.8 13.2 2.5 2.5 2 0 1 3 3
-1730.0 2059.4 -15.2 354 0 5.5 7.8 2.5 2.5 2 1 1 0 0
-1727.1 2079.3 -15.3 354 0 5.8 13.4 5.0 2.5 2 1 2 5 5
-1719.3 2106.2 -15.5 84 0 7.3 5.0 5.0 0.0 0 0 2 4 4
-1712.8 2136.2 -15.4 352 0 5.1 9.6 2.5 2.5 2 1 1 1 1
-1740.0 2123.9 -15.2 171 0 11.0 8.3 7.5 2.5 2 0 3 0 0
-1710.7 2168.5 -15.5 352 0 5.5 14.0 5.0 2.5 2 1 2 4 4
-1698.5 2168.8 -15.8 81 0 10.0 13.3 7.5 2.5 2 1 3 5 5
-1722.3 2219.1 -15.3 352 0 5.5 13.5 2.5 2.5 2 0 1 4 4
-1706.2 2212.1 -15.7 261 0 10.0 20.1 2.5 2.5 2 0 1 0 0
-1708.2 2194.0 -15.5 349 0 5.8 13.5 5.0 2.5 2 0 2 4 4
-1749.1 2189.1 -15.4 171 0 6.0 23.5 2.5 2.5 2 1 1 3 3
-1766.2 2168.5 -15.1 172 0 9.8 8.9 5.0 2.5 2 0 2 0 0
-1768.8 2187.3 -15.0 171 0 7.7 11.3 2.5 2.5 2 1 1 5 5
-1765.4 2202.0 -14.9 174 0 11.8 9.6 7.5 2.5 2 0 3 5 5
-1765.9 2251.3 -14.6 263 0 8.5 13.3 2.5 2.5 2 1 1 1 1
-1742.5 2258.1 -15.1 263 0 20.0 6.6 5.0 2.5 2 0 2 3 3
-1711.1 2260.7 -15.6 262 0 11.5 24.6 10.0 2.5 2 1 4 5 5
-1735.7 2294.3 -14.9 83 0 12.3 5.9 2.5 2.5 2 0 1 5 5
-1776.5 2329.4 -14.2 176 0 11.0 10.0 2.5 2.5 2 0 1 2 2
-1753.0 2344.5 -14.2 265 0 11.6 6.1 7.5 2.5 2 0 3 1 1
-1744.4 2332.0 -14.6 263 0 17.9 6.1 2.5 2.5 4 0 1 1 1
-1744.3 2313.5 -14.8 82 0 17.2 6.1 5.0 0.0 0 0 2 5 5
-1725.4 2320.1 -14.9 353 0 7.9 11.0 7.5 2.5 2 0 3 1 1
-1706.4 2311.5 -15.4 349 0 24.1 9.9 5.0 2.5 2 0 2 2 2
-1719.3 2352.6 -14.7 264 0 10.0 22.3 5.0 2.5 2 1 2 1 1
-1663.6 2379.0 -14.7 262 0 11.1 9.3 7.5 2.5 2 0 3 4 4
-1745.5 2479.4 -11.9 81 0 9.2 4.5 5.0 2.5 2 0 2 1 1
-1720.6 2530.2 -12.9 359 0 5.3 21.7 5.0 2.5 2 1 2 5 5
-1724.3 2567.9 -12.8 82 0 6.7 12.7 5.0 2.5 2 1 2 3 3
-1812.4 2604.4 -10.5 175 0 15.8 4.7 2.5 2.5 2 0 1 2 2
-1813.3 2656.4 -10.2 171 0 9.4 14.0 7.5 2.5 2 1 3 5 5
-1573.5 2552.1 -15.9 84 0 18.8 6.9 5.0 2.5 2 0 2 0 0
-1562.0 2535.2 -15.7 353 0 9.9 30.2 7.5 2.5 2 1 3 2 2
-1360.0 2721.2 -16.9 108 0 9.3 9.3 5.0 2.5 2 1 2 0 0
-1337.0 2654.4 -16.1 198 0 10.1 22.5 7.5 2.5 2 1 3 1 1
-1290.8 2650.8 -15.2 18 0 3.1 13.0 2.5 2.5 2 1 1 5 5
-1301.3 2648.2 -15.3 288 0 10.0 10.0 7.5 2.5 2 1 3 0 0
-1283.2 2643.1 -14.5 288 0 7.8 10.8 7.5 2.5 2 1 3 5 5
-1297.8 2467.0 -14.4 261 0 17.6 9.7 7.5 2.5 2 0 3 4 4
-1387.0 2478.4 -16.0 262 0 20.2 5.0 2.5 2.5 2 0 1 0 0
-1354.1 2483.1 -15.7 263 0 35.1 4.9 7.5 2.5 2 0 3 0 0
-1369.7 2458.0 -15.9 261 0 11.3 8.2 5.0 2.5 2 0 2 3 3
-1389.4 2448.0 -15.9 264 0 8.3 11.3 5.0 2.5 2 1 2 4 4
-1286.1 2125.3 -13.4 16 0 4.0 11.4 2.5 2.5 4 1 1 0 0
-1306.8 2145.8 -14.0 290 0 8.5 10.0 7.5 2.5 4 1 3 0 0
-1377.5 2162.6 -16.3 184 0 7.2 14.9 7.5 2.5 2 1 3 1 1
-1344.1 2139.9 -15.2 350 0 9.9 8.9 7.5 2.5 2 0 3 2 2
-1339.9 2119.1 -14.3 349 0 11.5 10.0 7.5 2.5 2 0 3 2 2
-1376.2 2126.3 -16.0 195 0 18.5 6.5 5.0 2.5 2 0 2 1 1
-1374.2 2053.2 -13.4 107 0 7.0 6.2 5.0 2.5 2 0 2 0 0
-1354.1 2098.7 -14.2 19 0 6.7 11.7 2.5 2.5 2 1 1 0 0
-1347.0 2057.0 -12.2 17 0 8.0 7.9 7.5 2.5 2 0 3 3 3
-5845.7 3033.3 22.4 339 0 24.6 35.2 12.5 0.0 0 1 5 2 2
3093.0 -8195.9 -40.8 356 0 5.1 9.4 5.0 2.5 2 1 2 1 1
3090.5 -8148.9 -40.5 358 0 6.2 7.2 5.0 2.5 2 1 2 3 3
3199.9 -7704.7 -39.4 92 0 7.2 13.2 5.0 0.0 0 1 2 0 0
3231.3 -7692.0 -39.5 2 0 6.4 15.1 7.5 2.5 4 1 3 3 3
3237.4 -7700.4 -39.5 289 0 11.4 6.3 5.0 2.5 2 0 2 0 0
3175.7 -7545.9 -38.7 182 0 4.2 10.7 7.5 0.0 0 1 3 3 3
3246.8 -7616.6 -39.6 92 0 5.4 9.6 7.5 2.5 2 1 3 0 0
3246.0 -7515.7 -39.2 92 0 5.4 10.9 7.5 2.5 2 1 3 3 3
3280.4 -7504.8 -39.5 2 0 6.8 11.3 7.5 2.5 2 1 3 5 5
3284.6 -7482.1 -39.3 359 0 9.6 10.0 7.5 2.5 4 1 3 0 0
3265.1 -7489.7 -39.1 1 0 6.3 13.5 7.5 0.0 0 0 3 1 1
3241.7 -7485.9 -39.0 180 0 13.4 9.9 7.5 2.5 2 0 3 5 5
3243.3 -7462.8 -38.7 182 0 11.6 8.3 7.5 2.5 2 0 3 3 3
3262.4 -7448.3 -38.9 272 0 8.6 8.2 7.5 2.5 2 0 3 3 3
3251.7 -7448.0 -38.8 272 0 12.8 8.2 7.5 2.5 2 0 3 2 2
3353.8 -7306.4 -39.8 191 0 7.8 17.5 7.5 2.5 4 1 3 5 5
3385.1 -7296.5 -39.7 20 0 8.6 21.6 5.0 0.0 0 1 2 3 3
3340.8 -7273.7 -38.9 182 0 11.6 9.9 7.5 2.5 2 0 3 1 1
3360.0 -7188.5 -39.2 182 0 4.9 11.3 7.5 2.5 2 1 3 1 1
3388.9 -7183.9 -39.4 2 0 7.4 10.5 5.0 2.5 4 1 2 2 2
3371.0 -7177.2 -39.2 272 0 7.6 4.2 7.5 2.5 2 0 3 0 0
3484.6 -7040.5 -39.9 269 0 4.3 15.5 2.5 2.5 2 1 1 1 1
3618.6 -7076.8 -40.1 63 0 7.6 9.6 7.5 2.5 2 1 3 5 5
3472.8 -6457.4 -39.5 153 0 3.9 8.1 5.0 2.5 2 1 2 4 4
3308.0 -6296.5 -37.9 6 0 16.8 10.4 10.0 2.5 2 0 4 5 5
3282.1 -6275.7 -37.9 278 0 6.8 13.4 7.5 0.0 0 1 3 4 4
3428.4 -6236.3 -36.6 2 0 11.7 6.5 7.5 2.5 4 0 3 0 0
3422.4 -6252.0 -36.8 2 0 7.0 19.2 5.0 2.5 2 1 2 0 0
3394.0 -6245.0 -36.9 186 0 8.4 6.4 5.0 2.5 2 0 2 2 2
3395.1 -6233.7 -36.8 186 0 14.2 6.4 7.5 2.5 4 0 3 2 2
3421.3 -6201.5 -36.7 4 0 11.7 13.1 5.0 2.5 2 1 2 3 3
3360.0 -6127.9 -37.1 99 0 7.6 9.8 2.5 2.5 2 1 1 4 4
3344.1 -6108.9 -37.4 279 0 7.5 5.6 2.5 2.5 4 0 1 4 4
3109.3 -7157.3 -37.1 359 0 11.1 9.9 2.5 0.0 0 0 1 4 4
3065.4 -7169.5 -37.1 178 0 7.3 26.1 5.0 2.5 2 1 2 0 0
3060.4 -7150.7 -37.2 182 0 7.9 8.8 7.5 2.5 2 0 3 1 1
3060.8 -7139.0 -37.1 182 0 15.5 8.8 2.5 2.5 2 0 1 4 4
3069.8 -7134.1 -37.1 182 0 8.3 20.8 5.0 2.5 2 0 2 5 5
3050.9 -7114.8 -37.2 182 0 9.5 10.7 7.5 0.0 0 1 3 2 2
3082.4 -7110.7 -37.1 2 0 17.9 7.8 5.0 2.5 2 0 2 0 0
3045.9 -7093.0 -37.2 182 0 10.1 9.0 7.5 2.5 2 0 3 1 1
3083.1 -7089.0 -37.1 2 0 15.0 9.0 7.5 0.0 0 0 3 4 4
3047.7 -7072.7 -37.2 182 0 7.4 26.5 7.5 2.5 2 1 3 0 0
3119.5 -6996.6 -37.4 2 0 5.4 12.6 5.0 2.5 2 1 2 4 4
3070.5 -6998.8 -37.1 182 0 5.4 11.7 7.5 2.5 2 1 3 0 0
3072.0 -6981.1 -37.1 182 0 6.2 11.2 5.0 2.5 2 1 2 4 4
3079.9 -6968.5 -37.2 182 0 12.6 6.9 2.5 0.0 0 0 1 4 4
3071.1 -6950.4 -37.2 182 0 11.3 11.2 7.5 2.5 2 0 3 1 1
3077.9 -6938.8 -37.3 182 0 7.4 12.2 2.5 2.5 4 1 1 1 1
3107.3 -6932.8 -37.5 2 0 11.0 9.6 5.0 2.5 2 0 2 2 2
3107.7 -6919.7 -37.6 2 0 15.1 9.6 5.0 0.0 0 0 2 0 0
3070.7 -6915.9 -37.4 182 0 8.2 18.0 5.0 2.5 4 1 2 1 1
3071.8 -6901.8 -37.4 182 0 6.8 15.1 5.0 2.5 4 1 2 0 0
3096.6 -6897.6 -37.6 182 0 11.3 6.7 2.5 2.5 2 0 1 2 2
3085.9 -6880.7 -37.6 182 0 7.2 12.8 5.0 2.5 2 1 2 1 1
3070.1 -6875.3 -37.5 182 0 11.4 9.6 5.0 2.5 2 0 2 1 1
3083.6 -6862.4 -37.7 182 0 6.0 10.9 5.0 2.5 2 1 2 0 0
3071.0 -6855.2 -37.6 182 0 10.4 8.3 2.5 0.0 0 0 1 5 5
3084.6 -6843.4 -37.7 182 0 5.8 7.8 7.5 2.5 2 1 3 5 5
3119.7 -6855.9 -38.0 2 0 13.0 9.0 2.5 2.5 2 0 1 1 1
3093.6 -6840.1 -37.9 182 0 7.3 15.7 5.0 2.5 2 0 2 2 2
3086.6 -6832.4 -37.9 182 0 7.8 18.5 2.5 2.5 2 0 1 2 2
3128.3 -6827.3 -38.1 2 0 17.4 10.6 10.0 2.5 2 0 4 3 3
3072.2 -6827.0 -37.7 182 0 11.3 9.9 7.5 2.5 2 0 3 1 1
3087.4 -6810.9 -37.9 182 0 6.5 19.3 2.5 2.5 2 1 1 0 0
3139.8 -6796.2 -38.0 2 0 15.4 7.9 5.0 2.5 2 0 2 2 2
3103.0 -6799.7 -37.9 182 0 8.4 21.3 2.5 2.5 2 1 1 5 5
3082.7 -6792.6 -37.9 182 0 11.3 11.0 7.5 2.5 2 0 3 4 4
3108.8 -6779.8 -38.0 182 0 7.9 16.6 7.5 2.5 2 1 3 5 5
3133.2 -6770.0 -38.1 360 0 12.8 7.7 2.5 0.0 0 0 1 2 2
3117.8 -6752.6 -38.3 181 0 7.6 12.3 5.0 2.5 2 1 2 3 3
3094.8 -6758.4 -38.2 204 0 12.4 9.2 7.5 2.5 2 0 3 5 5
3105.6 -6741.1 -38.3 179 0 9.1 4.4 2.5 2.5 2 0 1 3 3
3126.8 -6736.1 -38.4 182 0 12.2 6.7 5.0 2.5 2 0 2 3 3
3121.5 -6718.7 -38.5 182 0 7.0 6.1 5.0 2.5 2 0 2 4 4
3154.0 -6668.5 -39.0 90 0 4.1 4.5 2.5 2.5 2 1 1 3 3
3197.0 -6638.8 -39.3 0 0 13.1 8.3 7.5 2.5 2 0 3 1 1
3190.2 -6650.7 -39.2 360 0 4.6 9.1 5.0 2.5 2 0 2 2 2
3181.1 -6650.7 -39.2 0 0 4.5 10.8 2.5 2.5 2 0 1 1 1
3151.0 -6649.5 -39.2 180 0 6.9 13.1 7.5 0.0 0 1 3 1 1
3147.7 -6634.7 -39.3 180 0 5.2 10.3 5.0 2.5 2 1 2 5 5
4333.8 -6497.9 -40.1 301 0 20.7 8.2 7.5 2.5 4 0 3 5 5
4636.5 -6829.2 -40.4 33 0 8.8 7.6 7.5 2.5 2 0 3 2 2
4582.6 -6842.7 -40.6 212 0 11.4 8.3 7.5 2.5 2 0 3 3 3
4531.1 -6769.4 -40.6 34 0 6.7 11.0 2.5 2.5 2 1 1 0 0
4509.1 -6792.2 -40.6 123 0 12.6 12.2 7.5 2.5 2 0 3 4 4
4413.0 -6671.1 -40.7 214 0 14.7 11.2 10.0 2.5 2 0 4 4 4
4410.4 -6652.3 -40.6 214 0 10.3 10.8 7.5 2.5 2 0 3 2 2
4419.2 -6639.3 -40.5 214 0 21.2 10.8 7.5 2.5 2 0 3 1 1
4430.3 -6622.9 -40.5 214 0 18.2 10.8 5.0 2.5 2 0 2 1 1
4438.9 -6610.2 -40.4 214 0 12.6 24.9 7.5 2.5 2 0 3 5 5
4428.8 -6537.1 -40.3 113 0 15.1 9.4 7.5 2.5 2 0 3 3 3
4420.7 -6530.5 -40.2 113 0 5.0 8.0 7.5 2.5 2 0 3 3 3
4427.6 -6519.2 -40.2 124 0 6.3 16.8 5.0 2.5 2 1 2 3 3
4453.0 -6516.9 -40.3 23 0 7.1 5.1 5.0 2.5 2 0 2 3 3
4459.5 -6507.8 -40.2 23 0 14.7 5.3 5.0 2.5 2 0 2 4 4
4454.6 -6490.2 -40.2 192 0 7.3 7.4 7.5 2.5 2 1 3 5 5
4463.1 -6473.6 -40.2 214 0 9.5 9.5 7.5 2.5 2 0 3 2 2
4427.8 -6478.4 -40.2 290 0 11.7 10.3 5.0 2.5 2 0 2 2 2
4417.2 -6465.8 -40.2 23 0 6.7 14.9 7.5 2.5 2 1 3 4 4
4391.3 -6499.7 -40.2 113 0 17.7 8.7 7.5 2.5 2 0 3 0 0
4392.9 -6473.5 -40.1 200 0 14.3 5.3 7.5 2.5 2 0 3 4 4
4333.1 -6573.2 -40.2 125 0 11.1 8.7 2.5 2.5 2 0 1 3 3
4320.4 -6532.5 -40.2 125 0 8.8 12.9 7.5 2.5 2 0 3 3 3
4313.8 -6520.1 -40.2 215 0 12.9 8.1 5.0 2.5 2 0 2 1 1
4298.9 -6509.8 -40.1 215 0 12.9 18.1 5.0 2.5 2 0 2 4 4
4319.0 -6403.5 -40.0 120 0 6.6 8.7 7.5 2.5 2 1 3 2 2
4205.5 -6630.8 -39.9 70 0 12.5 7.2 2.5 2.5 2 0 1 2 2
4181.5 -6609.3 -39.9 253 0 7.2 16.2 7.5 2.5 2 1 3 5 5
4205.6 -6597.2 -39.7 252 0 18.1 6.1 5.0 2.5 2 0 2 0 0
4134.9 -6562.5 -40.0 305 0 6.2 22.9 5.0 2.5 2 1 2 3 3
4113.1 -6600.5 -40.1 131 0 13.4 10.2 5.0 2.5 2 0 2 1 1
4084.6 -6569.1 -40.1 221 0 10.2 35.4 10.0 2.5 4 0 4 0 0
4094.8 -6557.2 -40.1 131 0 10.0 25.0 5.0 2.5 2 1 2 4 4
4162.0 -6498.0 -40.0 33 0 9.8 13.0 2.5 2.5 2 1 1 2 2
4136.2 -6492.7 -40.0 125 0 10.6 8.7 5.0 2.5 2 0 2 4 4
4154.6 -6477.8 -40.0 35 0 9.9 4.0 7.5 2.5 2 0 3 3 3
4129.6 -6458.6 -39.9 213 0 22.3 10.8 5.0 2.5 2 0 2 2 2
4162.5 -6447.0 -39.9 305 0 16.6 13.3 5.0 2.5 2 0 2 4 4
4126.5 -6366.1 -39.7 31 0 9.5 15.5 7.5 2.5 2 1 3 5 5
4154.6 -6328.5 -39.6 31 0 9.2 5.8 7.5 2.5 2 0 3 4 4
4029.1 -6251.9 -38.9 39 0 7.1 10.3 5.0 2.5 2 1 2 2 2
4134.5 -6037.7 -38.4 123 0 7.3 11.2 7.5 2.5 2 1 3 3 3
4101.8 -6014.7 -38.4 213 0 16.0 10.0 7.5 2.5 2 0 3 0 0
3923.0 -6166.3 -38.8 217 0 5.6 9.5 5.0 2.5 2 0 2 0 0
3929.8 -6157.2 -38.8 217 0 17.3 7.8 7.5 2.5 2 0 3 1 1
3920.0 -6141.1 -38.8 128 0 8.7 12.9 7.5 2.5 2 1 3 2 2
3896.1 -6163.2 -38.7 35 0 9.1 17.9 7.5 2.5 2 1 3 3 3
3879.8 -6142.0 -38.7 35 0 25.3 11.1 7.5 2.5 2 0 3 1 1
3822.0 -6093.5 -38.7 305 0 20.1 8.8 7.5 2.5 2 0 3 2 2
3816.5 -6126.2 -38.5 125 0 6.6 12.7 7.5 2.5 2 1 3 1 1
3793.3 -6126.1 -38.5 214 0 6.1 13.0 5.0 2.5 2 1 2 0 0
3540.2 -5930.8 -37.7 330 0 11.3 15.3 5.0 2.5 4 1 2 1 1
3555.3 -5978.6 -37.7 36 0 7.5 19.2 5.0 2.5 2 0 2 5 5
3539.9 -5967.2 -37.7 36 0 7.5 8.7 7.5 2.5 2 0 3 2 2
3523.6 -5955.3 -37.6 216 0 7.5 11.4 7.5 2.5 2 0 3 2 2
3517.4 -5968.0 -37.6 217 0 6.6 11.2 5.0 2.5 2 1 2 1 1
3518.6 -6000.8 -37.6 125 0 14.5 6.0 2.5 0.0 0 0 1 2 2
3488.4 -5985.3 -37.5 216 0 10.7 9.1 5.0 2.5 4 0 2 0 0
3508.2 -6006.0 -37.5 126 0 11.0 5.1 7.5 2.5 2 0 3 0 0
3521.9 -6015.8 -37.6 126 0 22.5 5.1 5.0 2.5 2 0 2 2 2
3542.9 -6030.8 -37.7 125 0 15.0 16.4 2.5 2.5 2 1 1 5 5
6953.4 -5572.2 -40.4 32 0 13.4 5.7 5.0 2.5 2 0 2 0 0
6841.5 -5872.6 -40.2 141 0 10.8 14.8 5.0 2.5 4 1 2 5 5
6885.0 -5877.0 -40.2 332 0 27.8 10.9 12.5 2.5 2 0 5 2 2
6894.2 -5894.3 -40.2 332 0 11.5 37.9 10.0 2.5 2 0 4 1 1
5609.1 -7420.9 -41.5 30 0 9.0 4.2 2.5 2.5 2 0 1 3 3
5602.5 -7410.0 -41.5 208 0 4.0 11.1 7.5 2.5 2 0 3 4 4
5587.6 -7424.3 -41.5 126 0 4.5 5.6 2.5 2.5 2 1 1 2 2
5594.7 -7433.9 -41.4 116 0 7.5 9.1 5.0 2.5 2 1 2 1 1
5616.6 -7395.2 -41.6 217 0 10.5 5.2 7.5 0.0 0 0 3 4 4
5657.6 -7355.6 -41.7 215 0 8.5 5.6 7.5 2.5 4 0 3 0 0
5727.8 -7303.7 -41.6 215 0 6.0 15.3 5.0 2.5 2 1 2 3 3
5751.1 -7302.5 -41.6 303 0 7.0 11.2 5.0 2.5 2 1 2 2 2
5763.5 -7295.9 -41.6 34 0 5.7 11.7 7.5 2.5 2 1 3 4 4
5743.4 -7263.3 -41.5 219 0 11.4 8.5 7.5 2.5 2 0 3 1 1
5764.9 -7337.5 -41.6 32 0 7.5 10.0 7.5 2.5 4 1 3 4 4
6351.6 -6934.0 -41.7 344 0 8.9 19.3 7.5 2.5 2 0 3 1 1
6329.2 -6925.9 -41.7 164 0 18.8 6.3 7.5 2.5 2 0 3 0 0
6146.2 -7100.4 -40.6 2 0 8.1 19.3 5.0 2.5 2 1 2 4 4
6151.6 -7113.7 -40.3 272 0 6.5 22.2 5.0 2.5 2 1 2 2 2
6133.6 -7152.7 -40.3 183 0 9.5 13.0 2.5 2.5 2 1 1 5 5
6214.6 -7127.2 -40.3 253 0 6.4 14.1 2.5 2.5 2 1 1 4 4
6212.5 -7158.8 -40.3 163 0 11.1 11.9 5.0 2.5 2 1 2 5 5
6261.6 -7134.7 -40.7 255 0 6.0 16.0 5.0 2.5 2 1 2 0 0
6280.4 -7177.2 -40.7 74 0 13.0 9.5 5.0 2.5 4 0 2 4 4
6284.6 -7122.7 -40.8 257 0 15.0 7.6 5.0 2.5 2 0 2 5 5
6356.5 -7153.4 -40.9 344 0 11.3 6.4 5.0 2.5 2 0 2 3 3
6346.5 -7127.4 -41.2 255 0 5.1 22.1 7.5 2.5 2 0 3 5 5
6347.6 -7122.3 -41.3 344 0 9.1 5.0 7.5 2.5 2 0 3 3 3
6344.7 -7112.5 -41.5 344 0 11.3 16.2 5.0 2.5 2 0 2 2 2
6324.2 -7120.8 -41.1 255 0 9.9 8.4 7.5 2.5 2 0 3 2 2
6326.9 -7166.3 -41.0 165 0 14.6 13.1 10.0 2.5 2 0 4 1 1
6325.7 -7205.4 -40.9 165 0 7.0 6.7 7.5 2.5 2 0 3 1 1
6372.8 -7192.7 -41.1 74 0 6.3 13.6 2.5 0.0 0 1 1 0 0
6396.5 -7202.3 -41.1 74 0 12.1 12.1 7.5 2.5 2 0 3 3 3
6436.5 -7136.2 -41.3 164 0 9.3 21.1 5.0 2.5 2 0 2 3 3
6460.6 -7143.2 -41.3 74 0 9.0 8.8 5.0 2.5 4 0 2 0 0
6496.1 -7139.0 -41.6 72 0 5.2 13.2 7.5 2.5 2 1 3 2 2
6504.0 -7114.1 -41.6 254 0 4.0 12.3 7.5 2.5 2 0 3 3 3
6493.7 -7107.3 -41.6 254 0 20.0 9.4 7.5 2.5 2 0 3 0 0
6516.8 -7092.1 -41.7 254 0 3.5 4.9 2.5 2.5 2 0 1 0 0
6516.2 -7097.4 -41.7 254 0 4.0 13.4 7.5 2.5 2 0 3 3 3
6523.2 -7098.6 -41.7 255 0 4.1 10.2 7.5 2.5 2 1 3 1 1
6527.8 -7135.1 -41.7 75 0 5.8 26.1 5.0 2.5 2 0 2 4 4
6533.1 -7133.7 -41.7 75 0 7.1 20.1 5.0 2.5 2 0 2 2 2
6525.6 -7108.6 -41.7 254 0 12.5 6.0 5.0 2.5 2 0 2 4 4
6508.6 -7160.4 -41.5 74 0 10.8 9.6 5.0 2.5 2 0 2 3 3
6545.2 -7149.2 -41.6 73 0 11.1 10.5 7.5 2.5 2 0 3 1 1
6548.6 -7212.8 -41.3 173 0 11.0 5.5 5.0 2.5 2 0 2 4 4
6566.2 -7213.7 -41.3 81 0 15.0 8.6 5.0 2.5 2 0 2 0 0
6562.6 -7177.7 -41.4 262 0 10.9 10.0 7.5 0.0 0 0 3 2 2
6600.7 -7159.2 -41.2 261 0 9.5 10.5 7.5 0.0 0 1 3 0 0
6603.8 -7198.8 -41.2 81 0 14.3 17.0 7.5 2.5 2 0 3 5 5
6631.9 -7226.4 -41.1 83 0 7.0 34.8 5.0 2.5 4 0 2 4 4
6627.3 -7177.9 -41.0 261 0 8.7 13.8 5.0 2.5 2 0 2 0 0
6634.0 -7151.2 -41.0 260 0 11.0 9.7 2.5 2.5 2 0 1 3 3
6688.5 -7235.3 -41.6 84 0 4.7 10.6 7.5 2.5 2 1 3 2 2
6723.2 -7241.2 -41.6 351 0 9.4 17.1 7.5 2.5 2 1 3 1 1
6725.9 -7227.4 -41.6 353 0 15.1 5.2 7.5 2.5 2 0 3 3 3
6721.2 -7203.4 -40.4 351 0 3.9 4.9 5.0 2.5 2 1 2 0 0
6699.6 -7195.5 -40.6 349 0 10.3 13.2 5.0 2.5 2 1 2 4 4
6723.6 -7122.9 -40.8 262 0 4.2 5.8 5.0 2.5 2 1 2 4 4
6730.7 -7144.7 -40.7 83 0 12.1 6.2 7.5 2.5 2 0 3 0 0
6750.2 -7130.4 -40.8 353 0 10.9 5.0 5.0 2.5 2 0 2 2 2
6785.0 -7203.4 -41.4 174 0 18.4 10.8 5.0 2.5 4 0 2 5 5
6957.3 -7156.3 -41.0 351 0 6.3 22.6 2.5 2.5 2 1 1 0 0
6936.1 -7146.0 -40.9 350 0 15.7 7.0 2.5 2.5 2 0 1 0 0
6936.4 -7103.2 -41.0 350 0 9.0 11.8 2.5 2.5 2 1 1 3 3
6568.2 -7120.3 -41.6 74 0 6.1 19.1 5.0 2.5 2 0 2 0 0
6572.5 -7140.0 -41.5 73 0 9.4 12.9 5.0 2.5 2 1 2 3 3
6600.2 -7112.1 -41.4 71 0 7.0 14.9 5.0 2.5 2 1 2 5 5
6617.8 -7078.3 -41.3 253 0 6.4 11.3 5.0 2.5 2 0 2 2 2
6623.6 -7096.9 -41.3 73 0 6.4 8.2 2.5 2.5 2 0 1 2 2
6648.5 -7060.0 -41.3 254 0 5.0 15.0 5.0 2.5 2 1 2 2 2
6688.3 -7094.0 -41.1 73 0 12.6 10.2 7.5 2.5 2 0 3 2 2
6694.2 -7070.0 -41.2 74 0 6.1 19.9 7.5 2.5 2 1 3 3 3
6689.1 -7030.0 -41.1 254 0 6.5 19.9 7.5 2.5 2 1 3 0 0
6658.2 -7044.9 -41.4 164 0 10.0 30.1 7.5 2.5 2 1 3 4 4
6706.8 -7011.4 -41.0 251 0 15.3 11.7 7.5 2.5 2 0 3 2 2
6717.3 -7058.4 -41.0 75 0 10.7 8.0 7.5 2.5 2 0 3 3 3
6784.3 -7003.7 -41.1 254 0 7.0 14.5 7.5 2.5 2 1 3 4 4
6827.1 -6999.7 -40.8 345 0 23.6 10.4 7.5 2.5 2 0 3 0 0
6801.9 -6974.7 -40.8 165 0 9.8 17.8 5.0 2.5 2 1 2 3 3
6954.4 -6971.8 -41.5 72 0 13.0 10.1 5.0 2.5 2 0 2 2 2
6933.9 -6982.3 -41.3 343 0 10.0 12.0 5.0 2.5 2 1 2 5 5
6898.8 -6956.7 -41.4 255 0 6.6 18.0 2.5 0.0 0 1 1 3 3
6899.1 -6942.0 -41.5 164 0 8.2 16.1 2.5 2.5 2 1 1 3 3
6930.7 -6943.3 -41.4 346 0 22.7 6.2 2.5 2.5 2 0 1 5 5
6940.8 -6940.8 -41.4 346 0 22.7 8.1 7.5 2.5 4 0 3 0 0
6955.9 -6913.7 -41.6 349 0 9.5 27.0 7.5 0.0 0 1 3 2 2
6787.4 -6708.9 -40.7 346 0 10.3 8.2 5.0 2.5 2 0 2 4 4
6777.0 -6719.5 -40.7 346 0 7.0 15.0 7.5 2.5 2 1 3 0 0
6758.4 -6718.3 -40.7 75 0 6.4 23.4 7.5 2.5 2 1 3 0 0
6725.2 -6720.4 -40.6 167 0 8.5 10.9 7.5 2.5 2 1 3 1 1
6775.1 -6674.4 -40.7 346 0 10.1 13.0 5.0 2.5 2 1 2 0 0
6952.0 -8113.2 -41.7 173 0 9.9 17.9 2.5 2.5 2 1 1 0 0
6925.8 -8074.3 -42.1 171 0 10.0 12.1 5.0 2.5 2 1 2 1 1
6907.8 -8094.1 -42.7 253 0 11.0 9.4 5.0 2.5 4 0 2 0 0
6890.7 -8121.6 -43.1 170 0 25.0 6.5 5.0 2.5 2 0 2 2 2
4735.9 -6875.5 -40.1 300 0 5.8 12.0 2.5 2.5 2 1 1 5 5
4722.1 -6909.2 -40.2 215 0 5.6 11.0 7.5 2.5 2 1 3 5 5
4744.9 -6911.1 -40.1 125 0 6.1 11.0 7.5 2.5 2 1 3 3 3
4781.3 -6875.4 -40.2 304 0 8.5 35.7 7.5 2.5 2 1 3 1 1
4802.1 -6883.4 -40.4 34 0 9.1 18.8 5.0 2.5 2 1 2 1 1
4790.7 -6901.1 -40.2 35 0 9.6 6.5 2.5 2.5 2 0 1 0 0
4784.6 -6910.0 -40.1 35 0 11.8 6.5 2.5 2.5 2 0 1 1 1
4789.3 -6996.3 -40.4 305 0 18.7 7.0 5.0 2.5 2 0 2 5 5
4766.6 -7015.6 -40.5 216 0 8.3 5.4 5.0 2.5 2 0 2 2 2
4764.5 -7038.3 -40.5 124 0 13.5 12.7 7.5 2.5 2 0 3 4 4
4985.2 -6725.9 -40.1 303 0 7.5 15.9 7.5 2.5 2 1 3 0 0
4975.0 -6755.3 -40.3 213 0 7.7 13.9 7.5 2.5 2 1 3 5 5
5002.5 -6755.9 -40.2 123 0 4.6 12.1 7.5 2.5 2 1 3 0 0
5001.4 -6719.2 -40.1 213 0 9.3 10.5 7.5 0.0 0 1 3 2 2
5026.9 -6782.0 -40.4 124 0 12.3 6.4 7.5 2.5 2 0 3 0 0
5059.5 -6798.7 -40.5 34 0 8.4 11.1 2.5 2.5 4 1 1 0 0
5064.3 -6761.9 -40.2 304 0 6.5 7.5 2.5 2.5 2 0 1 0 0
5059.4 -6775.1 -40.3 34 0 12.5 6.5 2.5 2.5 2 0 1 2 2
5052.0 -6761.5 -40.2 304 0 5.8 10.5 7.5 2.5 2 1 3 0 0
5047.6 -6741.3 -40.1 306 0 5.5 11.9 7.5 2.5 2 1 3 2 2
5088.7 -6748.7 -40.0 304 0 11.4 10.6 5.0 2.5 2 0 2 2 2
5137.7 -6811.2 -40.4 208 0 6.0 12.3 5.0 2.5 2 1 2 5 5
5135.8 -6842.7 -40.4 118 0 7.0 13.5 7.5 2.5 4 1 3 4 4
5167.9 -6838.2 -40.4 28 0 12.3 8.9 5.0 2.5 2 0 2 3 3
5115.2 -7017.8 -40.3 218 0 8.8 12.9 5.0 2.5 2 1 2 2 2
5145.6 -7013.5 -40.3 35 0 10.4 6.9 5.0 2.5 2 0 2 5 5
5144.8 -6980.9 -40.3 304 0 10.4 6.0 7.5 2.5 2 0 3 1 1
5237.4 -6972.9 -40.2 305 0 10.7 9.8 2.5 0.0 0 0 1 1 1
5203.2 -6989.5 -40.2 215 0 19.1 10.4 10.0 2.5 2 0 4 4 4
5196.6 -7016.3 -40.2 215 0 9.5 21.2 5.0 2.5 2 1 2 3 3
5232.0 -7037.8 -40.3 34 0 28.5 5.3 7.5 0.0 0 0 3 0 0
5256.6 -7050.3 -40.4 34 0 22.2 5.4 2.5 2.5 2 0 1 1 1
5227.9 -7075.3 -40.5 32 0 11.3 12.8 5.0 2.5 2 1 2 2 2
5232.5 -7153.7 -41.0 39 0 8.2 11.0 7.5 2.5 2 1 3 1 1
5238.0 -7118.9 -40.8 306 0 7.0 11.0 7.5 2.5 2 1 3 4 4
5263.8 -7132.8 -40.9 36 0 7.6 14.2 7.5 2.5 2 1 3 3 3
5401.9 -7154.7 -41.2 301 0 25.1 12.2 10.0 2.5 2 0 4 5 5
5373.9 -7189.4 -40.5 205 0 6.0 28.7 7.5 2.5 2 1 3 3 3
5416.3 -7198.9 -40.4 95 0 9.9 11.7 5.0 2.5 2 1 2 5 5
5504.4 -7215.7 -40.9 35 0 5.4 9.5 5.0 2.5 2 1 2 0 0
5474.9 -7189.2 -40.5 154 0 24.6 11.7 10.0 2.5 4 0 4 4 4
5485.4 -7151.1 -41.0 247 0 26.9 10.9 10.0 0.0 0 0 4 4 4
5506.6 -7157.5 -40.6 246 0 7.2 23.2 7.5 2.5 2 1 3 1 1
5529.2 -7150.4 -40.8 318 0 7.8 11.8 7.5 2.5 2 1 3 4 4
5526.6 -7197.1 -40.6 83 0 10.0 13.0 2.5 2.5 2 1 1 3 3
4430.1 -6189.3 -39.8 32 0 7.2 17.7 2.5 2.5 2 0 1 5 5
4426.5 -6191.3 -39.7 302 0 4.0 11.2 7.5 2.5 2 0 3 3 3
4418.6 -6202.2 -39.7 302 0 5.7 7.7 5.0 2.5 2 0 2 2 2
4425.0 -6206.3 -39.7 302 0 9.4 14.0 2.5 2.5 2 0 1 2 2
4397.3 -6191.5 -39.8 124 0 4.9 20.7 7.5 2.5 2 1 3 5 5
4396.8 -6215.1 -39.7 125 0 10.0 9.4 7.5 2.5 2 0 3 3 3
4437.2 -6253.5 -39.5 188 0 7.4 17.0 7.5 0.0 0 1 3 1 1
4601.3 -6528.0 -40.1 126 0 6.5 14.1 5.0 2.5 2 1 2 0 0
4572.6 -6544.4 -40.3 121 0 19.4 10.1 5.0 2.5 2 0 2 2 2
4558.2 -6503.4 -39.8 212 0 19.5 10.4 2.5 2.5 2 0 1 2 2
4591.2 -6496.0 -39.8 215 0 12.7 10.5 7.5 2.5 2 0 3 5 5
4621.1 -6466.2 -39.6 214 0 17.0 4.8 7.5 0.0 0 0 3 0 0
4639.2 -6441.3 -39.5 300 0 11.7 13.3 7.5 2.5 2 1 3 2 2
4641.5 -6629.0 -40.7 34 0 6.8 11.4 5.0 2.5 2 1 2 4 4
4632.5 -6600.0 -40.6 214 0 12.0 23.6 10.0 2.5 2 0 4 1 1
4637.8 -6577.2 -40.5 214 0 15.2 7.2 2.5 2.5 2 0 1 5 5
4663.8 -6549.1 -40.4 298 0 11.0 14.0 5.0 0.0 0 1 2 5 5
4661.9 -6598.6 -40.6 34 0 23.1 6.8 5.0 2.5 2 0 2 5 5
4670.2 -6606.9 -40.6 34 0 18.5 11.5 7.5 2.5 2 0 3 1 1
4679.0 -6593.9 -40.6 34 0 12.9 11.5 2.5 2.5 2 0 1 5 5
4762.2 -6592.2 -40.6 210 0 7.0 12.8 5.0 2.5 2 1 2 0 0
4938.5 -6308.1 -39.2 304 0 7.4 5.0 7.5 2.5 2 0 3 0 0
4925.7 -6317.4 -39.2 214 0 6.7 5.4 7.5 2.5 2 0 3 3 3
4944.6 -6321.0 -39.2 305 0 4.7 10.8 7.5 2.5 2 1 3 0 0
4922.1 -6322.9 -39.2 214 0 6.4 12.9 7.5 0.0 0 0 3 1 1
5016.1 -6340.8 -39.3 34 0 5.6 9.5 5.0 2.5 2 1 2 0 0
5004.2 -6361.8 -39.3 34 0 6.5 10.4 5.0 2.5 4 1 2 5 5
5119.0 -6348.3 -39.3 36 0 9.6 14.0 2.5 0.0 0 1 1 1 1
5209.2 -6496.0 -40.1 140 0 4.1 8.0 2.5 2.5 4 1 1 3 3
5225.2 -6480.5 -40.1 41 0 7.5 9.3 5.0 2.5 2 1 2 3 3
5224.4 -6438.7 -39.9 211 0 9.9 12.4 7.5 0.0 0 1 3 1 1
5264.0 -6427.4 -39.7 303 0 10.8 9.9 7.5 2.5 2 0 3 3 3
5254.4 -6472.4 -40.0 31 0 9.5 12.4 7.5 2.5 2 1 3 0 0
5276.2 -6467.9 -40.0 35 0 15.7 8.1 7.5 2.5 4 0 3 2 2
5631.6 -6438.2 -39.5 299 0 5.9 15.8 5.0 2.5 2 1 2 1 1
5618.3 -6483.9 -39.5 119 0 10.5 26.7 10.0 2.5 2 1 4 4 4
5653.4 -6476.3 -39.5 29 0 6.1 18.4 7.5 2.5 2 1 3 4 4
5741.2 -6427.0 -39.9 298 0 6.7 15.9 5.0 2.5 2 1 2 4 4
5752.9 -6419.6 -40.0 210 0 6.3 27.8 5.0 2.5 2 1 2 2 2
5751.6 -6452.4 -39.9 117 0 16.5 6.8 5.0 2.5 2 0 2 2 2
5771.6 -6456.1 -39.9 119 0 11.1 12.1 5.0 2.5 2 1 2 5 5
5822.2 -6436.3 -39.9 29 0 6.7 15.9 5.0 2.5 4 1 2 3 3
5809.2 -6398.1 -40.0 299 0 9.6 21.7 5.0 2.5 2 0 2 5 5
5825.9 -6405.4 -40.0 299 0 26.8 7.0 5.0 0.0 0 0 2 1 1
5846.6 -6422.3 -39.9 297 0 8.6 10.8 7.5 2.5 2 1 3 4 4
6697.4 -5460.4 -38.9 256 0 11.9 41.9 7.5 2.5 2 1 3 0 0
6666.7 -5462.8 -38.7 255 0 41.0 9.5 7.5 2.5 2 0 3 1 1
6634.7 -5476.4 -38.8 174 0 5.8 10.9 7.5 2.5 2 1 3 1 1
6654.8 -5503.0 -38.9 170 0 11.0 12.1 7.5 2.5 2 1 3 2 2
6682.9 -5514.4 -39.0 63 0 14.0 8.8 5.0 2.5 2 0 2 3 3
6585.4 -5680.1 -39.5 94 0 9.4 26.1 5.0 2.5 2 0 2 3 3
6577.2 -5653.3 -39.4 274 0 11.0 9.5 7.5 2.5 2 0 3 4 4
6567.2 -5652.6 -39.3 274 0 8.9 9.5 2.5 2.5 2 0 1 4 4
6357.4 -5907.3 -39.2 287 0 5.3 4.0 7.5 2.5 2 0 3 1 1
6360.0 -5939.1 -39.6 101 0 17.9 6.4 7.5 2.5 2 0 3 3 3
6375.3 -5932.3 -39.5 102 0 6.4 6.9 7.5 0.0 0 1 3 1 1
6392.4 -5922.6 -39.4 17 0 8.4 14.5 7.5 2.5 2 1 3 0 0
6372.2 -5897.5 -39.1 295 0 11.3 9.3 2.5 2.5 2 0 1 2 2
6381.5 -5843.0 -39.5 192 0 12.7 17.0 7.5 2.5 2 1 3 3 3
6329.2 -5883.1 -39.3 293 0 10.0 18.0 5.0 2.5 2 1 2 1 1
6296.0 -5893.3 -39.5 117 0 6.4 17.4 5.0 2.5 2 1 2 5 5
6317.7 -5862.3 -39.6 300 0 10.5 9.5 5.0 2.5 2 0 2 2 2
6314.1 -5809.4 -39.7 209 0 14.8 5.5 5.0 2.5 2 0 2 4 4
6281.8 -5831.7 -39.5 303 0 8.3 11.0 5.0 2.5 2 1 2 5 5
6271.2 -5866.1 -39.5 119 0 5.9 12.7 7.5 2.5 2 1 3 0 0
6251.6 -5851.3 -39.3 117 0 4.6 6.7 7.5 2.5 2 1 3 1 1
6249.6 -5874.4 -39.4 119 0 16.9 8.3 7.5 2.5 2 0 3 3 3
6223.1 -5858.5 -39.2 123 0 21.6 8.1 5.0 2.5 2 0 2 0 0
6168.3 -5842.9 -38.8 119 0 5.0 12.0 5.0 2.5 2 0 2 5 5
6180.9 -5841.8 -38.9 119 0 14.5 14.0 7.5 2.5 2 0 3 0 0
6178.8 -5824.6 -38.9 119 0 6.8 23.7 7.5 2.5 2 0 3 1 1
6160.7 -5830.5 -38.8 118 0 19.0 10.1 2.5 2.5 2 0 1 0 0
6149.0 -5807.6 -38.6 212 0 5.1 8.9 5.0 2.5 2 1 2 3 3
6211.2 -5804.2 -39.0 301 0 6.9 18.2 5.0 2.5 2 1 2 1 1
6213.9 -5837.6 -39.1 117 0 6.0 20.1 2.5 2.5 2 1 1 2 2
6204.2 -5785.0 -38.9 298 0 11.4 10.3 2.5 2.5 2 0 1 0 0
6181.7 -5781.0 -38.7 301 0 8.0 12.7 7.5 2.5 2 1 3 3 3
6173.6 -5759.1 -38.6 300 0 12.1 9.9 2.5 2.5 2 0 1 5 5
6266.3 -5697.5 -38.9 298 0 30.0 17.0 7.5 2.5 2 0 3 4 4
6209.4 -5724.5 -38.8 208 0 16.2 13.3 5.0 2.5 2 0 2 3 3
6178.2 -5726.3 -38.6 28 0 6.4 13.3 5.0 2.5 2 1 2 2 2
6191.3 -5662.4 -38.6 297 0 30.0 9.0 7.5 2.5 2 0 3 2 2
6139.4 -5780.7 -38.5 117 0 6.0 19.9 2.5 0.0 0 1 1 0 0
6112.1 -5777.5 -38.6 28 0 10.6 20.1 7.5 0.0 0 0 3 4 4
6083.3 -5768.5 -38.6 117 0 19.4 10.5 2.5 2.5 2 0 1 0 0
6103.5 -5763.0 -38.5 118 0 5.4 14.0 2.5 2.5 4 1 1 2 2
6091.3 -5738.1 -38.4 299 0 4.7 6.1 7.5 2.5 2 0 3 3 3
6095.0 -5731.5 -38.4 299 0 5.3 7.5 7.5 2.5 4 0 3 1 1
6080.6 -5729.3 -38.5 298 0 10.4 19.1 2.5 2.5 2 1 1 1 1
6053.3 -5752.2 -38.6 118 0 22.1 8.2 5.0 2.5 2 0 2 3 3
6056.0 -5686.3 -38.4 299 0 10.0 10.9 2.5 2.5 2 1 1 4 4
6074.3 -5696.9 -38.4 298 0 12.0 10.0 7.5 2.5 2 0 3 3 3
6060.5 -5710.2 -38.5 298 0 6.4 17.2 5.0 2.5 2 0 2 4 4
6055.0 -5707.3 -38.5 298 0 6.1 17.2 5.0 2.5 4 0 2 2 2
6031.4 -5737.3 -38.6 118 0 19.3 8.8 5.0 2.5 2 0 2 0 0
6029.3 -5685.9 -38.4 298 0 8.1 10.9 7.5 0.0 0 0 3 3 3
5998.5 -5707.9 -38.6 117 0 19.2 9.3 7.5 2.5 2 0 3 2 2
6008.6 -5677.7 -38.5 298 0 5.6 16.1 5.0 0.0 0 1 2 2 2
6020.1 -5677.1 -38.4 302 0 3.8 5.1 5.0 2.5 2 1 2 0 0
6020.5 -5659.9 -38.4 300 0 10.2 8.2 2.5 2.5 2 0 1 0 0
5984.0 -5680.6 -38.5 116 0 6.1 7.6 5.0 2.5 2 1 2 5 5
5986.3 -5659.3 -38.5 297 0 5.4 16.1 7.5 2.5 2 1 3 3 3
6003.0 -5649.2 -38.4 302 0 12.1 8.3 7.5 2.5 2 0 3 5 5
5954.5 -5670.4 -38.5 117 0 8.0 18.4 7.5 2.5 4 0 3 3 3
5967.2 -5646.1 -38.4 297 0 8.0 9.0 2.5 2.5 2 0 1 1 1
5959.4 -5622.2 -38.2 304 0 14.0 9.0 5.0 2.5 2 0 2 2 2
5929.4 -5618.4 -38.4 298 0 11.0 24.0 7.5 2.5 2 1 3 1 1
5891.9 -5637.8 -38.6 119 0 19.2 8.2 7.5 2.5 2 0 3 3 3
5899.9 -5607.0 -38.5 297 0 5.6 14.9 2.5 2.5 2 1 1 1 1
5913.7 -5591.8 -38.3 301 0 12.9 8.5 5.0 2.5 4 0 2 4 4
5850.6 -5619.1 -38.7 118 0 7.3 39.2 7.5 2.5 2 0 3 2 2
5839.4 -5598.7 -38.7 118 0 18.8 8.0 2.5 2.5 2 0 1 4 4
5842.0 -5543.9 -38.3 300 0 12.5 8.1 7.5 2.5 2 0 3 4 4
5816.3 -5477.9 -37.5 208 0 14.4 4.0 2.5 2.5 2 0 1 3 3
5838.9 -5458.1 -37.4 299 0 17.1 8.2 7.5 2.5 2 0 3 4 4
5837.2 -5482.7 -37.6 27 0 19.2 7.5 7.5 2.5 2 0 3 3 3
5831.0 -5494.8 -37.6 27 0 7.9 7.5 7.5 2.5 2 0 3 0 0
5808.9 -5502.2 -37.7 120 0 10.4 8.5 5.0 2.5 2 0 2 5 5
5813.6 -5599.3 -38.8 118 0 21.9 9.5 7.5 2.5 2 0 3 0 0
5815.0 -5580.6 -38.6 117 0 5.7 20.8 2.5 2.5 2 1 1 5 5
5774.2 -5564.4 -38.4 117 0 6.5 8.5 5.0 2.5 2 0 2 1 1
5778.0 -5556.8 -38.3 116 0 11.1 6.1 2.5 2.5 2 0 1 0 0
5801.0 -5560.8 -38.3 117 0 5.9 12.9 2.5 2.5 2 1 1 1 1
5820.5 -5531.1 -38.1 301 0 10.6 9.8 2.5 2.5 2 0 1 0 0
5801.1 -5523.3 -38.0 297 0 10.9 9.6 2.5 2.5 4 0 1 0 0
5785.8 -5526.9 -38.1 299 0 4.9 10.0 5.0 0.0 0 1 2 0 0
5767.4 -5546.9 -38.2 119 0 20.3 7.1 5.0 2.5 2 0 2 4 4
5772.1 -5523.3 -38.1 297 0 5.5 12.0 7.5 2.5 2 1 3 2 2
5783.4 -5506.9 -37.9 297 0 10.9 9.5 7.5 2.5 4 0 3 1 1
5754.7 -5510.1 -38.1 297 0 9.0 15.0 7.5 2.5 2 1 3 0 0
5734.7 -5546.7 -38.4 119 0 23.9 10.0 7.5 2.5 2 0 3 4 4
5715.8 -5530.7 -38.3 209 0 10.0 12.3 5.0 2.5 2 0 2 0 0
5726.0 -5518.9 -38.1 117 0 6.0 20.8 5.0 2.5 2 1 2 2 2
5748.5 -5486.1 -37.9 301 0 11.6 11.1 5.0 2.5 4 0 2 1 1
5694.6 -5450.7 -38.0 302 0 14.9 8.9 2.5 2.5 2 0 1 4 4
5727.9 -5474.7 -37.8 300 0 10.4 10.3 5.0 2.5 2 0 2 5 5
5706.8 -5501.3 -38.0 118 0 4.8 16.8 7.5 2.5 2 1 3 5 5
5689.5 -5502.1 -38.1 120 0 15.7 7.5 7.5 2.5 2 0 3 3 3
5689.6 -5488.5 -38.0 118 0 6.0 13.1 2.5 2.5 2 1 1 3 3
5708.4 -5461.3 -37.9 305 0 10.8 5.5 5.0 2.5 2 0 2 3 3
5651.0 -5490.3 -38.2 121 0 14.1 8.6 2.5 2.5 2 0 1 0 0
5674.1 -5480.2 -38.0 120 0 6.3 14.8 5.0 0.0 0 1 2 1 1
5680.8 -5441.6 -38.1 302 0 10.4 9.8 5.0 2.5 2 0 2 5 5
5683.9 -5406.1 -38.0 214 0 11.0 11.4 5.0 2.5 2 1 2 5 5
5641.9 -5438.6 -38.2 299 0 8.1 18.1 5.0 2.5 2 1 2 2 2
5605.5 -5449.9 -38.3 209 0 9.1 22.2 5.0 0.0 0 0 2 3 3
5607.0 -5445.5 -38.3 121 0 4.8 24.9 2.5 0.0 0 0 1 1 1
5495.3 -5209.2 -37.8 207 0 10.1 19.8 5.0 2.5 2 0 2 1 1
5490.0 -5222.1 -37.8 207 0 17.9 18.6 7.5 2.5 2 0 3 1 1
5509.4 -5244.0 -37.8 297 0 5.0 7.9 5.0 2.5 2 1 2 2 2
5609.3 -5409.9 -38.3 301 0 8.3 28.9 5.0 2.5 2 1 2 5 5
5570.2 -5443.4 -38.3 117 0 27.7 10.6 7.5 2.5 2 0 3 2 2
5593.1 -5395.1 -38.3 296 0 8.0 17.7 5.0 0.0 0 1 2 5 5
5545.8 -5412.5 -38.3 123 0 21.7 7.6 5.0 2.5 2 0 2 4 4
5534.6 -5394.5 -38.3 117 0 8.5 17.9 5.0 2.5 2 1 2 2 2
5553.8 -5354.5 -38.2 297 0 5.8 8.8 5.0 2.5 2 1 2 5 5
5502.8 -5276.3 -37.9 28 0 14.5 10.1 10.0 2.5 2 0 4 0 0
5526.4 -5361.0 -38.2 298 0 10.2 17.2 2.5 2.5 2 1 1 0 0
5495.7 -5387.9 -38.2 117 0 21.1 9.1 5.0 2.5 2 0 2 1 1
5472.9 -5380.7 -38.1 118 0 10.2 32.3 10.0 0.0 0 1 4 4 4
5509.0 -5344.7 -38.0 297 0 5.0 7.4 7.5 2.5 2 1 3 5 5
5522.7 -5336.0 -38.0 301 0 13.1 9.6 5.0 2.5 2 0 2 4 4
5457.5 -5355.4 -38.0 117 0 18.1 7.1 5.0 0.0 0 0 2 3 3
5423.0 -5365.7 -38.0 208 0 8.1 13.8 5.0 2.5 2 1 2 5 5
5479.2 -5305.7 -37.9 298 0 12.6 8.7 7.5 2.5 2 0 3 2 2
5465.9 -5302.1 -37.9 297 0 10.0 10.9 2.5 2.5 2 0 1 5 5
5461.3 -5311.0 -37.9 298 0 10.0 26.0 7.5 0.0 0 0 3 1 1
5430.2 -5344.4 -37.9 118 0 27.1 10.2 10.0 2.5 2 0 4 1 1
5417.5 -5325.2 -37.8 117 0 10.0 25.1 7.5 2.5 2 1 3 2 2
5416.2 -5284.0 -37.8 298 0 12.0 27.9 12.5 2.5 2 1 5 5 5
5398.9 -5259.7 -37.8 303 0 13.9 10.8 5.0 2.5 2 0 2 0 0
5369.8 -5260.0 -37.9 294 0 6.0 10.0 2.5 2.5 2 1 1 1 1
5348.0 -5284.2 -38.0 117 0 18.2 9.6 7.5 2.5 2 0 3 1 1
5344.7 -5270.8 -37.9 119 0 5.3 15.6 5.0 2.5 2 1 2 2 2
5338.3 -5245.3 -38.0 211 0 5.9 5.0 5.0 2.5 2 0 2 3 3
5367.4 -5233.2 -37.9 298 0 11.7 8.0 5.0 0.0 0 0 2 1 1
5331.0 -5221.7 -38.0 213 0 10.7 14.3 7.5 0.0 0 1 3 0 0
5390.4 -5188.1 -37.8 209 0 7.6 25.8 5.0 2.5 2 1 2 5 5
5263.0 -5180.7 -38.3 302 0 11.9 27.9 10.0 2.5 2 0 4 3 3
5230.4 -5193.3 -38.3 121 0 29.8 7.9 5.0 2.5 2 0 2 3 3
5200.5 -5177.1 -38.1 118 0 26.4 8.9 7.5 2.5 2 0 3 2 2
5230.6 -5161.0 -38.1 304 0 5.0 10.3 5.0 2.5 4 1 2 0 0
5228.6 -5141.3 -37.9 304 0 12.2 8.5 7.5 2.5 2 0 3 1 1
5206.6 -5137.9 -37.8 301 0 6.3 15.7 5.0 2.5 2 1 2 2 2
5184.5 -5121.7 -37.6 297 0 9.2 8.1 7.5 2.5 2 0 3 0 0
5204.2 -5093.8 -37.1 122 0 8.3 20.1 7.5 2.5 2 1 3 1 1
5085.8 -5062.9 -36.3 302 0 16.5 11.1 7.5 2.5 2 0 3 5 5
5123.0 -5097.7 -37.0 27 0 6.2 3.8 7.5 2.5 2 0 3 0 0
5097.5 -5113.9 -37.3 119 0 22.4 8.0 7.5 2.5 2 0 3 4 4
5097.4 -5097.4 -36.9 121 0 6.8 8.8 7.5 2.5 2 0 3 2 2
5044.5 -5076.7 -37.0 121 0 4.0 5.9 7.5 2.5 4 1 3 3 3
5008.8 -5044.2 -37.3 216 0 9.5 19.9 7.5 2.5 4 1 3 4 4
4854.3 -5069.5 -37.3 86 0 24.0 9.5 7.5 2.5 4 0 3 0 0
4828.3 -5050.9 -37.5 176 0 21.0 8.0 2.5 2.5 2 0 1 3 3
4827.3 -5037.0 -37.6 176 0 6.8 8.0 7.5 2.5 2 0 3 1 1
4870.5 -5040.3 -38.0 7 0 21.9 9.9 7.5 2.5 2 0 3 3 3
4817.6 -5007.0 -38.1 265 0 4.0 7.3 2.5 0.0 0 1 1 0 0
4678.8 -5081.2 -37.0 35 0 9.0 20.9 5.0 2.5 2 0 2 0 0
4656.1 -5071.0 -36.9 125 0 7.2 9.0 7.5 2.5 2 0 3 0 0
4636.0 -5061.7 -36.9 123 0 7.0 27.3 7.5 0.0 0 1 3 4 4
4674.4 -5039.0 -36.9 9 0 9.9 11.8 7.5 2.5 4 1 3 5 5
4603.1 -5040.8 -36.8 125 0 20.0 13.0 7.5 2.5 2 0 3 2 2
4534.7 -5198.6 -37.3 125 0 10.0 16.6 10.0 2.5 2 0 4 1 1
4526.6 -5192.9 -37.3 125 0 9.8 5.8 5.0 2.5 4 0 2 4 4
4584.7 -5144.9 -37.2 305 0 18.8 26.6 10.0 2.5 4 0 4 4 4
4547.5 -5139.1 -37.2 305 0 20.0 24.4 7.5 2.5 2 0 3 1 1
4567.0 -5069.4 -36.9 304 0 8.1 10.2 2.5 2.5 2 1 1 1 1
4510.1 -5044.6 -36.7 219 0 4.5 9.1 7.5 2.5 2 1 3 0 0
4502.9 -5058.3 -36.7 122 0 5.1 10.5 5.0 2.5 2 0 2 0 0
4499.4 -5056.1 -36.7 122 0 3.2 3.2 5.0 2.5 2 0 2 2 2
4494.6 -5053.0 -36.7 122 0 8.2 4.0 2.5 0.0 0 0 1 5 5
4508.7 -5027.4 -36.6 251 0 10.5 4.7 5.0 0.0 0 0 2 2 2
4479.4 -5045.5 -36.7 127 0 7.8 9.9 7.5 2.5 4 1 3 3 3
4482.6 -5157.2 -37.1 124 0 10.4 9.8 7.5 2.5 2 0 3 3 3
4447.9 -5145.8 -37.0 38 0 8.3 10.9 7.5 2.5 2 0 3 5 5
4439.7 -5134.5 -36.9 308 0 5.1 8.1 7.5 2.5 2 0 3 2 2
4414.1 -5120.5 -36.8 316 0 11.6 6.7 5.0 2.5 2 0 2 4 4
4404.0 -5114.6 -36.8 314 0 8.4 25.7 5.0 2.5 2 1 2 2 2
4392.0 -5138.6 -36.9 225 0 5.3 10.5 5.0 2.5 2 1 2 5 5
4371.2 -5154.9 -36.9 227 0 13.1 6.4 5.0 0.0 0 0 2 3 3
4399.1 -5170.4 -37.0 46 0 6.0 11.9 7.5 2.5 2 1 3 2 2
4394.9 -5192.4 -37.1 47 0 5.4 10.8 5.0 2.5 2 0 2 2 2
4402.0 -5199.9 -37.1 47 0 5.4 10.4 7.5 2.5 2 0 3 3 3
4388.9 -5210.5 -37.1 42 0 6.5 12.7 5.0 2.5 2 1 2 0 0
4364.2 -5189.9 -37.0 137 0 9.9 5.0 2.5 2.5 2 0 1 2 2
4356.3 -5201.9 -37.0 134 0 11.3 5.2 5.0 2.5 2 0 2 2 2
4342.8 -5240.2 -37.2 226 0 5.9 13.7 7.5 2.5 2 1 3 5 5
4323.8 -5234.1 -37.1 314 0 24.0 9.9 2.5 0.0 0 0 1 2 2
4289.0 -5240.0 -37.1 221 0 5.3 11.1 5.0 2.5 2 1 2 4 4
4312.7 -5261.0 -37.2 46 0 3.5 4.5 7.5 2.5 2 1 3 5 5
4324.9 -5277.3 -37.3 45 0 8.4 12.2 5.0 2.5 2 1 2 4 4
4304.6 -5298.1 -37.3 37 0 13.1 9.1 5.0 2.5 2 0 2 3 3
4275.3 -5281.0 -37.2 128 0 23.0 6.2 7.5 2.5 4 0 3 0 0
4275.1 -5246.2 -37.2 225 0 9.1 40.1 5.0 2.5 2 1 2 2 2
4291.5 -5221.3 -37.0 223 0 18.4 9.1 7.5 2.5 4 0 3 5 5
4250.9 -5244.8 -37.0 220 0 30.1 9.6 7.5 2.5 2 0 3 4 4
4181.4 -5379.6 -37.4 125 0 14.1 5.7 5.0 2.5 2 0 2 5 5
4165.4 -5352.8 -37.3 220 0 20.3 8.2 5.0 0.0 0 0 2 5 5
4190.8 -5324.9 -37.2 308 0 7.7 16.0 7.5 2.5 2 1 3 0 0
4184.8 -5346.4 -37.3 218 0 5.4 10.1 7.5 2.5 2 1 3 1 1
4208.2 -5353.9 -37.4 308 0 11.4 4.1 5.0 2.5 2 0 2 3 3
4198.9 -5344.5 -37.3 309 0 14.7 5.6 5.0 2.5 2 0 2 1 1
4210.5 -5334.1 -37.3 310 0 20.6 5.8 5.0 2.5 2 0 2 5 5
4224.2 -5344.0 -37.4 310 0 5.0 3.1 7.5 2.5 2 0 3 1 1
4246.7 -5353.5 -37.4 39 0 12.1 9.6 5.0 0.0 0 0 2 2 2
4229.3 -5369.0 -37.5 39 0 10.6 9.0 2.5 2.5 2 0 1 3 3
4118.7 -5401.9 -37.4 219 0 22.9 7.7 2.5 2.5 2 0 1 0 0
4148.7 -5416.0 -37.5 304 0 16.0 6.0 5.0 2.5 2 0 2 1 1
4129.2 -5423.6 -37.5 216 0 4.0 7.4 5.0 2.5 2 1 2 4 4
4141.8 -5442.8 -37.6 34 0 4.1 5.7 5.0 2.5 2 1 2 5 5
4161.4 -5443.5 -37.6 36 0 7.8 11.3 7.5 2.5 4 1 3 5 5
4146.2 -5459.5 -37.7 42 0 12.2 9.3 7.5 2.5 2 0 3 3 3
4127.2 -5457.3 -37.6 35 0 5.3 18.8 7.5 2.5 2 1 3 2 2
4123.8 -5478.3 -37.7 37 0 12.1 10.0 2.5 0.0 0 0 1 1 1
4106.8 -5483.2 -37.7 33 0 5.5 18.1 2.5 2.5 2 1 1 5 5
4080.6 -5448.0 -37.5 210 0 4.9 8.2 5.0 2.5 2 0 2 0 0
4075.2 -5457.3 -37.6 210 0 16.7 8.2 7.5 2.5 2 0 3 1 1
3777.8 -5607.8 -36.9 33 0 18.9 16.0 7.5 2.5 2 0 3 3 3
3781.9 -5589.9 -36.9 33 0 7.1 27.2 2.5 2.5 2 0 1 5 5
3753.8 -5563.0 -36.6 303 0 22.2 10.6 5.0 0.0 0 0 2 0 0
3739.1 -5553.3 -36.4 303 0 12.9 20.3 10.0 2.5 2 0 4 2 2
3706.4 -5575.5 -36.4 214 0 13.9 10.5 5.0 2.5 2 0 2 5 5
3707.2 -5604.6 -36.5 123 0 10.2 14.2 7.5 2.5 2 0 3 5 5
3741.4 -5615.9 -36.7 33 0 10.0 20.3 5.0 0.0 0 0 2 4 4
3718.4 -5640.5 -36.7 123 0 11.6 28.2 12.5 2.5 2 0 5 3 3
3608.8 -5673.7 -36.5 125 0 9.4 17.7 2.5 2.5 2 1 1 4 4
6886.8 -5008.7 -38.8 143 0 10.9 18.9 5.0 2.5 2 1 2 1 1
6870.3 -4970.8 -38.5 143 0 8.6 4.7 5.0 0.0 0 0 2 2 2
6953.4 -5230.4 -39.7 213 0 8.8 17.5 5.0 2.5 2 0 2 5 5
6954.0 -5229.4 -39.8 33 0 6.7 27.6 7.5 2.5 2 0 3 2 2
6933.7 -5191.6 -39.7 215 0 11.1 10.1 7.5 2.5 2 0 3 2 2
6873.2 -5261.0 -38.8 214 0 9.3 12.1 5.0 2.5 2 1 2 3 3
6819.4 -5348.5 -39.3 308 0 6.6 16.2 5.0 2.5 2 1 2 4 4
6779.3 -5336.6 -39.3 218 0 14.0 6.0 7.5 2.5 2 0 3 3 3
6745.2 -5370.9 -39.6 227 0 11.4 10.1 7.5 2.5 4 0 3 2 2
6768.6 -5418.9 -39.6 35 0 10.1 30.2 7.5 0.0 0 1 3 2 2
5600.9 -8297.4 -43.0 343 0 9.8 3.6 5.0 2.5 2 0 2 1 1
5596.9 -8278.1 -43.3 352 0 9.7 11.1 5.0 2.5 2 1 2 0 0
5629.0 -8213.1 -43.4 353 0 15.3 5.2 2.5 2.5 2 0 1 4 4
5612.8 -8238.4 -43.3 172 0 8.3 11.7 5.0 2.5 2 1 2 4 4
5599.5 -8324.1 -42.9 81 0 17.3 7.5 7.5 0.0 0 0 3 5 5
5583.0 -8305.2 -43.2 173 0 17.2 5.2 7.5 2.5 2 0 3 2 2
5822.4 -8315.9 -43.1 263 0 5.1 11.5 2.5 2.5 2 1 1 4 4
5844.9 -8358.6 -42.9 353 0 12.1 20.0 5.0 2.5 2 1 2 0 0
5854.2 -8345.6 -43.0 352 0 18.4 7.7 7.5 2.5 2 0 3 3 3
5847.3 -8303.9 -43.1 261 0 10.0 12.1 5.0 2.5 2 0 2 3 3
5835.1 -8635.7 -39.5 289 0 14.1 3.8 5.0 2.5 2 0 2 4 4
5826.6 -8632.8 -39.5 289 0 3.8 5.0 5.0 2.5 2 0 2 2 2
5815.6 -8629.0 -39.8 289 0 19.4 6.5 7.5 2.5 4 0 3 2 2
5769.3 -8605.5 -40.6 43 0 4.1 7.2 7.5 2.5 2 1 3 0 0
5760.6 -8591.5 -40.8 321 0 3.9 5.8 5.0 2.5 2 1 2 0 0
5739.7 -8598.2 -40.9 297 0 14.3 8.2 7.5 2.5 2 0 3 3 3
5748.5 -8602.5 -40.7 296 0 5.3 8.2 5.0 2.5 2 0 2 5 5
5752.4 -8613.4 -40.6 114 0 6.0 8.1 5.0 2.5 2 0 2 1 1
5765.3 -8614.8 -40.5 25 0 8.1 9.3 5.0 2.5 2 0 2 3 3
5810.3 -8612.4 -40.2 72 0 5.2 10.0 5.0 2.5 2 1 2 5 5
5829.6 -8602.8 -40.2 64 0 4.5 11.0 7.5 2.5 4 0 3 1 1
5814.0 -8594.6 -40.3 154 0 6.5 12.7 5.0 2.5 2 0 2 4 4
5801.3 -8592.0 -40.4 163 0 7.0 6.6 5.0 2.5 2 0 2 2 2
5804.2 -8578.0 -40.7 239 0 10.5 6.6 2.5 2.5 2 0 1 4 4
5838.8 -8614.6 -39.8 152 0 10.6 11.2 2.5 0.0 0 1 1 4 4
5868.8 -8597.2 -39.7 341 0 3.6 5.5 7.5 2.5 2 0 3 5 5
5855.1 -8607.2 -39.7 160 0 6.5 14.6 7.5 2.5 2 0 3 1 1
5874.7 -8587.4 -39.8 265 0 5.9 6.9 5.0 2.5 2 1 2 2 2
5868.3 -8633.7 -39.3 93 0 9.1 7.4 7.5 2.5 4 0 3 3 3
5880.8 -8621.0 -39.4 87 0 5.6 9.4 5.0 2.5 2 0 2 2 2
5881.1 -8628.8 -39.3 87 0 5.6 7.7 7.5 2.5 4 0 3 0 0
5901.9 -8608.4 -39.3 347 0 5.8 9.3 7.5 2.5 4 1 3 2 2
5929.8 -8545.6 -40.9 148 0 6.2 6.5 5.0 2.5 2 1 2 0 0
5940.3 -8566.3 -40.2 63 0 15.8 8.7 2.5 2.5 2 0 1 3 3
5951.9 -8560.3 -40.4 63 0 10.3 8.7 5.0 2.5 2 0 2 0 0
5952.9 -8534.0 -42.0 336 0 24.7 7.0 7.5 2.5 2 0 3 1 1
5934.9 -8598.4 -39.1 219 0 11.4 9.8 7.5 2.5 2 0 3 2 2
5929.8 -8617.0 -39.0 272 0 9.5 11.6 7.5 0.0 0 1 3 4 4
5943.0 -8639.3 -38.6 187 0 6.5 10.0 5.0 2.5 2 1 2 0 0
5961.6 -8616.9 -38.7 210 0 15.0 5.8 7.5 2.5 2 0 3 0 0
5986.6 -8619.5 -38.5 209 0 8.7 8.1 7.5 2.5 2 0 3 3 3
6010.9 -8622.6 -38.6 31 0 4.0 8.6 2.5 2.5 2 1 1 2 2
6018.8 -8594.0 -39.0 307 0 5.9 8.7 5.0 2.5 2 1 2 0 0
5992.5 -8596.0 -39.0 217 0 8.7 13.7 7.5 2.5 2 1 3 3 3
5958.7 -8573.7 -39.5 218 0 11.4 11.8 7.5 2.5 2 1 3 2 2
5995.2 -8564.9 -39.8 229 0 11.5 9.0 5.0 0.0 0 0 2 5 5
6026.8 -8549.9 -41.1 275 0 8.1 10.3 5.0 2.5 4 1 2 0 0
6017.9 -8568.2 -39.7 221 0 6.8 14.5 5.0 2.5 2 1 2 0 0
6074.1 -8624.0 -40.0 299 0 6.1 13.3 2.5 2.5 2 1 1 2 2
1169.1 7089.0 1.1 357 0 4.8 6.7 5.0 2.5 2 1 2 1 1
1021.0 6907.7 -5.1 91 0 8.9 11.9 7.5 2.5 2 1 3 2 2
1013.6 6948.6 -4.7 181 0 20.7 6.3 2.5 2.5 2 0 1 2 2
1035.7 6965.9 -4.3 0 0 6.8 18.4 5.0 0.0 0 1 2 4 4
1062.8 6935.5 -4.0 359 0 12.9 12.7 10.0 0.0 0 0 4 5 5
1145.9 6986.0 -1.2 276 0 13.7 14.0 7.5 0.0 0 1 3 4 4
1864.3 6618.5 -8.1 20 0 6.1 12.2 5.0 2.5 2 1 2 1 1
1892.4 6638.5 -6.8 200 0 12.5 10.8 7.5 2.5 2 0 3 0 0
1893.1 6624.0 -6.3 203 0 6.1 9.1 7.5 2.5 2 1 3 5 5
1871.0 6579.4 -6.7 197 0 10.7 9.8 5.0 2.5 2 0 2 2 2
1867.8 6548.7 -6.5 195 0 4.8 12.3 2.5 0.0 0 1 1 1 1
1862.3 6510.4 -6.2 193 0 10.5 5.2 7.5 2.5 4 0 3 5 5
1861.6 6529.6 -6.5 194 0 11.7 5.5 7.5 2.5 2 0 3 1 1
1812.3 6427.2 -7.6 207 0 14.0 10.2 7.5 2.5 2 0 3 3 3
1760.8 6404.6 -9.1 2 0 11.9 10.2 5.0 2.5 2 0 2 4 4
1772.9 6405.0 -8.7 353 0 9.2 7.2 5.0 2.5 2 0 2 0 0
1760.7 6434.7 -9.6 300 0 9.1 10.0 7.5 2.5 2 1 3 2 2
1842.9 6568.1 -7.7 20 0 9.7 6.3 5.0 2.5 2 0 2 1 1
-4448.7 -8482.3 -41.4 128 0 6.2 10.8 5.0 0.0 0 1 2 0 0
-4486.9 -8577.8 -42.2 62 0 4.8 17.4 5.0 2.5 2 1 2 3 3
-4499.0 -8606.1 -42.5 61 0 6.9 21.6 2.5 2.5 2 0 1 2 2
-4215.1 -8146.3 -38.4 325 0 10.9 11.2 10.0 2.5 2 1 4 1 1
-4314.3 -8415.7 -42.5 40 0 10.8 8.2 7.5 2.5 2 0 3 5 5
-4448.3 -8393.2 -42.0 38 0 5.8 17.3 7.5 2.5 2 1 3 5 5
-4523.2 -8377.9 -41.6 217 0 7.8 16.3 5.0 2.5 2 1 2 3 3
-4363.1 -8040.4 -35.9 230 0 5.5 11.6 7.5 2.5 2 1 3 3 3
-4357.2 -8378.5 -42.4 218 0 5.0 9.8 7.5 2.5 2 1 3 3 3
-4305.1 -8322.3 -41.9 312 0 10.6 9.5 7.5 2.5 2 0 3 0 0
-3896.4 -8426.2 -44.1 159 0 8.4 5.1 5.0 2.5 2 0 2 2 2
-4415.4 -8281.1 -42.0 219 0 12.2 7.9 7.5 2.5 2 0 3 2 2
-4614.5 -8548.5 -42.5 218 0 20.3 9.3 5.0 2.5 2 0 2 4 4
-4666.2 -8616.4 -42.9 308 0 7.3 11.9 7.5 2.5 2 1 3 2 2
-4513.5 -8577.1 -42.1 241 0 4.8 10.7 7.5 2.5 2 0 3 1 1
-4478.4 -8421.6 -41.7 38 0 5.9 7.3 2.5 2.5 2 0 1 4 4
-4440.3 -8573.2 -42.6 330 0 12.7 9.0 5.0 2.5 2 0 2 3 3
-4639.3 -8591.6 -42.9 129 0 7.6 16.5 7.5 2.5 2 0 3 5 5
-4523.3 -8416.0 -41.6 218 0 13.7 8.1 5.0 2.5 2 0 2 2 2
-4517.9 -8459.0 -41.1 39 0 4.3 13.9 7.5 2.5 2 1 3 4 4
-4356.4 -8306.1 -41.7 36 0 7.5 8.7 2.5 2.5 2 1 1 1 1
-4423.2 -8510.7 -42.1 127 0 12.5 10.3 7.5 2.5 2 0 3 5 5
-4526.5 -8520.5 -41.6 38 0 5.6 7.3 5.0 0.0 0 1 2 1 1
-4227.0 -8211.4 -41.3 321 0 6.0 9.4 2.5 2.5 2 1 1 2 2
-4225.2 -8172.4 -39.4 54 0 10.6 7.9 2.5 0.0 0 0 1 1 1
-4540.1 -8477.2 -41.4 39 0 13.2 5.4 7.5 0.0 0 0 3 3 3
-4411.1 -8377.9 -42.3 38 0 4.5 8.6 5.0 2.5 4 1 2 4 4
-4239.9 -8190.7 -40.6 52 0 11.2 8.4 2.5 2.5 2 0 1 1 1
-4594.2 -8580.8 -42.5 38 0 5.8 19.5 7.5 2.5 4 0 3 2 2
-4338.9 -8389.8 -42.5 308 0 14.3 4.7 5.0 2.5 2 0 2 2 2
-4175.9 -8224.6 -42.2 139 0 8.6 19.8 5.0 2.5 2 1 2 0 0
-3909.7 -8413.5 -44.1 159 0 8.5 4.8 5.0 2.5 2 0 2 2 2
-4275.8 -8209.4 -40.6 49 0 4.6 12.9 2.5 2.5 4 1 1 4 4
-4496.8 -8451.8 -41.2 40 0 4.0 17.5 2.5 2.5 4 1 1 5 5
-4516.3 -8556.6 -41.9 238 0 8.8 7.5 5.0 2.5 2 0 2 3 3
-4430.3 -8590.1 -42.9 330 0 15.0 4.7 7.5 2.5 2 0 3 4 4
-4490.6 -8393.8 -41.8 214 0 13.0 7.3 7.5 2.5 2 0 3 1 1
-4398.1 -8312.1 -42.0 39 0 4.0 11.4 5.0 2.5 2 1 2 3 3
-4475.4 -8359.4 -41.9 217 0 15.2 8.8 2.5 2.5 2 0 1 3 3
-4587.0 -8539.6 -42.1 36 0 13.5 6.4 7.5 2.5 2 0 3 0 0
-4454.9 -8405.9 -41.9 38 0 6.5 22.6 5.0 0.0 0 1 2 1 1
-4636.3 -8612.3 -42.8 217 0 10.7 5.6 7.5 2.5 2 0 3 4 4
-4412.1 -8364.7 -42.2 41 0 4.7 10.3 5.0 2.5 4 1 2 3 3
-4549.0 -8622.4 -42.7 243 0 4.5 17.8 7.5 2.5 2 1 3 5 5
-4517.8 -8482.8 -41.2 39 0 6.0 16.2 7.5 2.5 2 1 3 2 2
-4513.0 -8510.5 -41.4 37 0 7.0 9.1 7.5 0.0 0 1 3 4 4
-4367.5 -8392.6 -42.4 220 0 9.8 13.9 5.0 2.5 2 1 2 5 5
-4467.5 -8541.8 -42.2 330 0 4.9 8.5 5.0 2.5 2 1 2 5 5
-4502.2 -8487.9 -41.1 39 0 12.6 9.1 7.5 2.5 4 0 3 2 2
-4416.5 -8436.0 -41.8 218 0 10.5 9.8 2.5 2.5 2 0 1 3 3
-4597.0 -8610.6 -42.5 39 0 9.9 10.6 5.0 2.5 2 1 2 2 2
-4412.9 -8340.5 -42.2 35 0 5.5 10.9 5.0 2.5 2 1 2 3 3
-4418.2 -8595.3 -43.0 330 0 6.3 12.6 7.5 2.5 2 0 3 3 3
-4363.5 -8435.8 -42.0 37 0 4.1 10.0 7.5 2.5 2 1 3 3 3
-4470.7 -8418.7 -41.8 37 0 8.1 17.9 2.5 2.5 2 0 1 3 3
-4380.4 -8472.7 -42.5 39 0 4.6 9.0 5.0 2.5 2 0 2 3 3
-4324.3 -8377.3 -42.4 309 0 17.6 7.1 2.5 2.5 4 0 1 0 0
-4493.0 -8520.4 -41.7 240 0 4.9 9.6 2.5 2.5 2 1 1 4 4
-4580.9 -8557.9 -42.1 37 0 5.2 12.8 5.0 2.5 2 1 2 0 0
-4322.9 -8260.8 -41.0 38 0 5.6 9.8 7.5 2.5 2 1 3 3 3
-4493.3 -8464.4 -41.0 40 0 10.7 10.8 5.0 2.5 2 1 2 0 0
-3892.6 -8406.6 -44.1 249 0 11.1 5.5 5.0 2.5 2 0 2 1 1
-4305.4 -8377.2 -42.5 307 0 6.8 16.4 7.5 2.5 2 1 3 4 4
-4365.9 -8222.2 -40.8 218 0 8.2 5.6 2.5 2.5 2 0 1 2 2
-4395.6 -8557.4 -43.3 224 0 12.4 11.1 5.0 2.5 2 0 2 1 1
-4557.9 -8566.2 -41.9 37 0 7.6 12.4 7.5 2.5 2 1 3 4 4
-4348.0 -8245.7 -40.9 39 0 5.6 20.0 5.0 2.5 2 1 2 4 4
-4543.4 -8509.0 -41.6 39 0 6.8 21.6 7.5 2.5 2 1 3 2 2
-4382.1 -8338.2 -42.1 44 0 7.9 11.5 5.0 2.5 2 1 2 1 1
-4463.2 -8351.7 -41.9 217 0 4.0 11.2 2.5 2.5 2 1 1 4 4
-4272.3 -8151.4 -39.1 234 0 14.0 5.7 5.0 2.5 2 0 2 4 4
-4550.1 -8523.7 -41.8 37 0 5.0 9.4 7.5 2.5 2 1 3 4 4
-4378.0 -8416.0 -42.1 216 0 10.8 11.3 5.0 0.0 0 1 2 2 2
-4559.3 -8534.0 -42.0 36 0 5.3 15.0 7.5 2.5 2 1 3 0 0
-5033.5 -8620.5 -39.3 240 0 9.1 12.4 2.5 2.5 2 1 1 3 3
-4356.5 -8456.8 -42.5 39 0 14.3 8.8 2.5 2.5 2 0 1 1 1
-4531.2 -8429.3 -41.4 220 0 4.9 12.7 5.0 2.5 2 1 2 3 3
-4399.3 -8491.2 -42.2 37 0 6.3 17.5 5.0 0.0 0 1 2 5 5
-4478.7 -8542.8 -42.1 332 0 9.1 4.6 5.0 0.0 0 0 2 0 0
-4485.9 -8373.6 -41.8 217 0 20.2 8.8 7.5 2.5 2 0 3 3 3
-3888.5 -8437.1 -44.2 172 0 6.1 9.8 5.0 2.5 2 1 2 4 4
-4573.5 -8585.3 -42.2 39 0 12.0 8.3 5.0 2.5 2 0 2 3 3
-4515.0 -8401.0 -41.7 218 0 20.3 10.8 7.5 2.5 2 0 3 0 0
-4616.3 -8631.0 -42.7 37 0 9.7 12.5 7.5 2.5 2 1 3 0 0
-4335.9 -8385.9 -42.5 307 0 14.3 5.0 5.0 2.5 2 0 2 0 0
-4441.4 -8374.9 -42.1 38 0 5.6 20.3 7.5 2.5 2 1 3 2 2
-3852.3 -8454.5 -44.3 348 0 6.9 5.5 5.0 2.5 2 0 2 5 5
-4234.9 -8130.5 -37.9 322 0 11.3 7.0 5.0 2.5 2 0 2 0 0
-4285.2 -8181.5 -40.2 233 0 4.3 11.0 5.0 2.5 2 1 2 2 2
-4441.5 -8337.8 -42.0 219 0 11.9 7.7 5.0 2.5 2 0 2 4 4
-4316.5 -8243.9 -40.8 40 0 8.9 12.4 5.0 2.5 2 1 2 0 0
-4581.5 -8512.5 -42.0 217 0 12.5 7.3 5.0 2.5 2 0 2 2 2
-3856.7 -8477.0 -44.4 72 0 4.0 6.4 5.0 2.5 2 1 2 4 4
-4476.2 -8572.2 -42.3 61 0 13.8 10.0 5.0 2.5 2 0 2 3 3
-4685.4 -8616.9 -43.0 308 0 7.4 10.2 2.5 2.5 2 1 1 5 5
-4389.9 -8351.0 -42.2 38 0 5.2 10.8 5.0 2.5 2 1 2 2 2
-4192.0 -8219.0 -42.0 132 0 17.8 5.4 5.0 2.5 4 0 2 0 0
-4549.4 -8600.5 -42.2 240 0 11.7 10.8 7.5 2.5 2 0 3 0 0
-4291.7 -8164.0 -39.8 233 0 14.2 7.0 2.5 2.5 2 0 1 5 5
-4372.5 -8325.1 -41.9 43 0 5.8 10.0 5.0 2.5 2 1 2 4 4
-4192.7 -8186.0 -41.1 231 0 12.6 10.9 7.5 2.5 2 0 3 5 5
-4272.5 -8167.6 -39.7 235 0 4.6 11.8 7.5 2.5 2 0 3 4 4
-4490.6 -8479.9 -40.9 37 0 6.6 13.0 5.0 2.5 2 1 2 5 5
-4344.6 -8290.0 -41.6 38 0 4.9 10.7 7.5 2.5 2 1 3 5 5
-4533.8 -8615.7 -42.7 240 0 7.5 18.7 2.5 2.5 2 1 1 0 0
-4534.0 -8575.3 -41.9 239 0 5.3 10.5 5.0 2.5 2 1 2 5 5
-4643.4 -8551.7 -42.8 216 0 12.5 9.5 5.0 2.5 4 0 2 1 1
-4532.6 -8533.3 -41.8 39 0 10.0 10.2 2.5 2.5 2 1 1 4 4
-4270.3 -8162.3 -39.5 234 0 5.2 14.8 2.5 2.5 2 0 1 1 1
-4342.8 -8351.9 -42.2 311 0 9.0 11.2 2.5 2.5 2 1 1 4 4
-4501.6 -8533.7 -41.8 241 0 10.0 8.5 7.5 2.5 2 0 3 5 5
-4460.7 -8439.8 -41.4 37 0 10.7 10.1 7.5 2.5 2 0 3 3 3
-4385.1 -8595.9 -43.6 229 0 6.1 24.9 5.0 2.5 2 1 2 1 1
-4209.5 -8216.8 -41.7 309 0 9.0 4.6 2.5 2.5 2 0 1 1 1
-4428.3 -8400.7 -42.1 38 0 6.9 12.5 7.5 2.5 2 1 3 5 5
-4485.4 -8593.7 -42.4 61 0 18.2 8.8 7.5 2.5 2 0 3 5 5
-4339.7 -8586.8 -43.9 311 0 12.4 33.7 10.0 2.5 2 1 4 1 1
-4634.3 -8591.3 -42.8 218 0 6.8 21.7 5.0 2.5 4 0 2 2 2
-4268.2 -8260.2 -41.7 307 0 10.4 7.3 5.0 2.5 2 0 2 5 5
-4530.1 -8498.0 -41.4 40 0 4.6 17.3 2.5 2.5 2 1 1 2 2
-4421.6 -8329.5 -42.1 39 0 12.7 6.1 2.5 2.5 2 0 1 5 5
-4352.4 -8567.8 -43.9 309 0 31.4 6.4 5.0 2.5 2 0 2 0 0
-4333.7 -8045.4 -35.7 321 0 9.2 9.4 7.5 2.5 2 1 3 3 3
-4376.5 -8478.8 -42.6 129 0 9.3 20.1 7.5 2.5 2 0 3 4 4
-4253.2 -8150.1 -38.9 235 0 4.8 11.7 7.5 2.5 2 0 3 5 5
-4225.2 -8238.3 -42.0 135 0 15.8 6.0 5.0 2.5 2 0 2 1 1
-4438.4 -8464.9 -41.5 219 0 12.3 6.4 5.0 2.5 4 0 2 0 0
-4403.7 -8625.4 -43.5 330 0 7.1 9.0 7.5 2.5 2 1 3 0 0
-4316.9 -8365.0 -42.3 310 0 16.0 5.2 7.5 0.0 0 0 3 0 0
-4474.5 -8456.5 -41.1 37 0 10.8 7.8 7.5 0.0 0 0 3 1 1
-4452.0 -8427.1 -41.7 37 0 12.3 9.7 7.5 2.5 2 0 3 4 4
-4563.1 -8615.7 -42.3 242 0 8.5 9.5 7.5 2.5 2 1 3 0 0
-4429.9 -8294.0 -42.1 219 0 18.7 7.7 2.5 2.5 2 0 1 4 4
-4307.4 -8407.4 -42.6 40 0 10.8 8.2 7.5 2.5 2 0 3 0 0
-4165.7 -8176.8 -40.3 320 0 8.1 8.8 7.5 2.5 2 1 3 1 1
-4589.1 -8577.8 -42.4 38 0 5.2 19.3 5.0 2.5 2 0 2 1 1
-4571.2 -8498.2 -41.8 217 0 16.0 5.7 7.5 2.5 2 0 3 0 0
-4355.3 -8201.6 -40.5 308 0 13.2 14.1 7.5 2.5 2 1 3 3 3
-4355.8 -8265.0 -41.4 40 0 5.9 15.8 7.5 2.5 2 1 3 0 0
-4404.7 -8370.4 -42.3 38 0 4.7 7.2 5.0 2.5 2 1 2 4 4
-4258.6 -8197.3 -40.5 54 0 10.9 7.9 5.0 2.5 2 0 2 3 3
-4616.7 -8567.0 -42.5 128 0 13.6 5.8 7.5 2.5 2 0 3 3 3
-4417.2 -8385.3 -42.2 38 0 7.2 9.6 7.5 2.5 2 1 3 0 0
-4255.1 -8140.9 -38.6 233 0 12.8 8.6 5.0 2.5 2 0 2 0 0
-4262.0 -8339.5 -42.4 218 0 6.1 12.7 5.0 2.5 2 1 2 2 2
-5044.0 4239.6 28.0 247 0 8.6 8.8 7.5 2.5 2 1 3 3 3
-1890.9 2620.0 -8.8 1 0 11.5 16.2 2.5 0.0 0 1 1 3 3
-5140.3 4479.3 28.4 245 0 10.2 10.1 2.5 2.5 2 0 1 1 1
-6941.8 -3468.8 -7.1 181 0 9.1 4.2 5.0 2.5 2 0 2 1 1
-6846.7 -5457.5 -7.6 355 0 11.2 6.1 5.0 2.5 2 0 2 4 4
-6741.5 -1702.6 3.4 255 0 8.8 7.2 7.5 2.5 2 0 3 2 2
-6794.5 -1700.7 2.9 261 0 11.2 5.6 5.0 2.5 2 0 2 4 4
-6857.8 -3275.2 -2.6 173 0 11.3 10.5 7.5 2.5 4 0 3 5 5
-6925.9 -3306.9 -6.9 264 0 11.5 12.7 5.0 2.5 2 1 2 3 3
-6811.8 -3185.5 -0.1 174 0 9.1 13.8 7.5 2.5 2 1 3 5 5
-6319.0 -4805.4 -2.1 315 0 8.5 10.4 5.0 2.5 2 1 2 4 4
-6853.6 -3328.2 -6.7 355 0 5.3 20.4 7.5 0.0 0 0 3 0 0
-6805.0 -3269.2 -1.3 349 0 6.1 12.2 5.0 2.5 4 1 2 3 3
-6952.6 -3374.0 -7.1 176 0 12.7 9.8 2.5 2.5 2 0 1 1 1
-6837.1 -3245.1 -1.1 263 0 11.3 13.8 5.0 2.5 2 1 2 5 5
-6902.5 -3354.5 -6.4 174 0 11.9 9.6 5.0 0.0 0 0 2 0 0
-6819.4 -3288.0 -2.1 79 0 4.9 10.0 5.0 2.5 4 1 2 1 1
-6922.3 -3485.8 -6.9 170 0 9.9 5.3 7.5 2.5 4 0 3 1 1
-6949.2 -3324.0 -7.0 174 0 9.3 5.5 2.5 2.5 2 0 1 5 5
-6921.8 -3270.5 -4.3 83 0 7.0 10.0 5.0 2.5 2 1 2 5 5
-6918.3 -5531.5 -10.6 263 0 10.2 7.1 7.5 2.5 2 0 3 1 1
-6898.2 -3338.5 -6.4 177 0 10.3 4.8 5.0 2.5 2 0 2 1 1
-6852.4 -5434.9 -7.6 264 0 4.0 11.8 7.5 2.5 4 1 3 4 4
-6903.3 -3395.5 -6.5 82 0 9.3 13.3 5.0 2.5 2 1 2 5 5
-6930.2 -3514.3 -7.1 82 0 13.0 6.5 2.5 2.5 2 0 1 5 5
-6925.7 -3450.9 -7.0 265 0 22.6 6.9 7.5 2.5 2 0 3 4 4
-6943.9 -3649.1 -7.5 183 0 5.5 10.1 7.5 2.5 2 1 3 1 1
-6791.9 -3280.8 -1.5 358 0 9.4 7.9 7.5 2.5 2 0 3 3 3
-6798.2 -1737.1 2.3 82 0 11.3 11.6 7.5 2.5 4 1 3 3 3
-6724.4 -1732.6 3.6 77 0 8.5 27.8 7.5 2.5 2 1 3 2 2
-6927.8 -3640.4 -7.3 270 0 9.2 14.0 2.5 2.5 2 1 1 2 2
-6744.8 -1707.2 3.1 345 0 7.2 22.6 2.5 2.5 2 0 1 5 5
-6941.2 -3483.2 -7.1 172 0 10.3 9.2 7.5 2.5 2 0 3 0 0
-6862.9 -5482.8 -8.1 175 0 12.7 15.0 10.0 2.5 2 1 4 4 4
-6369.7 -4805.1 -2.2 134 0 9.8 4.3 2.5 2.5 2 0 1 3 3
-6770.8 -3190.4 -1.6 352 0 7.8 14.2 5.0 2.5 2 1 2 2 2
-6844.3 -3332.7 -6.3 354 0 16.0 8.8 5.0 2.5 2 0 2 5 5
-6873.5 -3357.1 -6.4 86 0 18.0 5.8 5.0 2.5 2 0 2 2 2
-6730.6 -1754.1 3.8 353 0 11.2 9.9 5.0 2.5 2 0 2 3 3
-6952.4 -3855.6 -8.0 175 0 17.5 8.5 7.5 0.0 0 0 3 3 3
-6762.5 -1753.5 2.8 80 0 11.1 10.8 10.0 2.5 2 0 4 5 5
-5626.3 2658.1 20.0 241 0 18.7 13.1 5.0 2.5 2 0 2 0 0
-5793.7 3139.4 22.1 250 0 17.6 17.3 5.0 2.5 2 0 2 3 3
-5765.6 3170.0 21.9 68 0 24.6 16.9 5.0 2.5 2 0 2 3 3
-5817.4 3186.1 22.0 160 0 16.7 30.7 5.0 2.5 2 0 2 3 3
-5762.6 3209.1 22.0 67 0 21.2 22.0 5.0 0.0 0 0 2 1 1
-5985.6 3647.6 23.3 131 0 8.4 14.6 2.5 2.5 2 0 1 0 0
-6182.7 4844.6 32.7 245 0 12.7 5.9 2.5 2.5 2 0 1 2 2
-6164.1 4822.2 32.3 336 0 5.9 13.0 2.5 0.0 0 1 1 3 3
-6207.1 4829.6 32.6 154 0 5.2 6.1 2.5 2.5 2 1 1 0 0
-6037.9 4813.5 31.1 336 0 21.1 12.1 2.5 2.5 2 0 1 4 4
