1089.7 -8324.2 -7.0 292 0 14.6 24.4 5.0 0.0 0 1 2 4 4
1311.5 -6302.6 6.6 44 0 11.1 73.2 12.5 2.5 2 1 5 2 2
3247.0 7059.6 -12.4 358 0 10.8 13.1 5.0 2.5 2 1 2 3 3
3782.3 8161.4 -16.6 266 0 23.7 9.3 5.0 2.5 2 0 2 3 3
-1233.8 2613.9 -10.3 244 0 7.5 5.4 2.5 2.5 2 0 1 5 5
173.1 4091.6 -9.0 245 0 11.7 12.7 2.5 2.5 2 1 1 5 5
-268.4 3863.3 -10.8 245 0 19.0 9.4 2.5 0.0 0 0 1 4 4
-1258.2 2688.2 -10.5 154 0 10.1 28.9 10.0 0.0 0 1 4 2 2
-1302.4 2574.3 -10.4 246 0 12.0 23.7 7.5 2.5 4 1 3 5 5
-5315.8 -677.1 -24.4 158 0 4.5 5.0 5.0 2.5 2 1 2 5 5
-5586.3 777.1 -19.7 272 0 20.5 10.1 2.5 2.5 2 0 1 2 2
-5349.7 444.9 -23.5 313 0 12.0 7.5 7.5 0.0 0 0 3 2 2
-5496.5 -241.1 -25.0 150 0 8.1 9.9 5.0 2.5 2 1 2 0 0
-5552.3 1692.5 -14.6 181 0 12.6 7.9 7.5 2.5 2 0 3 2 2
-5514.1 1705.8 -14.4 273 0 10.5 13.5 7.5 2.5 2 1 3 4 4
-5592.8 1617.0 -15.6 3 0 14.9 8.5 7.5 0.0 0 0 3 4 4
-5536.4 -170.9 -25.2 59 0 13.2 6.2 5.0 2.5 2 0 2 1 1
-5358.1 122.7 -25.7 146 0 13.1 21.2 10.0 2.5 2 1 4 5 5
3826.0 -1164.0 13.5 22 0 16.4 10.3 7.5 2.5 2 0 3 3 3
4522.9 -2178.5 24.6 21 0 10.8 7.7 7.5 2.5 2 0 3 3 3
4874.3 -1495.4 22.0 21 0 14.4 11.6 5.0 0.0 0 0 2 5 5
3332.3 -2010.1 13.0 188 0 9.6 8.7 5.0 2.5 2 0 2 1 1
3340.8 -1980.5 13.2 16 0 10.1 9.9 7.5 2.5 2 0 3 4 4
-5965.3 8236.4 -28.5 165 0 13.2 6.9 5.0 2.5 2 0 2 4 4
-6286.4 8042.9 -25.9 13 0 8.3 11.7 2.5 2.5 2 1 1 4 4
-5970.9 8261.7 -28.7 166 0 13.2 12.6 7.5 2.5 2 0 3 5 5
-5993.4 8220.0 -28.5 343 0 10.5 8.8 2.5 2.5 2 0 1 3 3
-5756.5 8517.0 -27.0 72 0 24.7 13.7 7.5 2.5 2 0 3 5 5
-5949.3 8198.5 -28.3 161 0 17.5 9.9 7.5 2.5 2 0 3 2 2
6642.3 8316.6 -9.9 103 0 15.5 18.6 10.0 0.0 0 1 4 5 5
6692.2 3821.0 -0.7 179 0 20.2 21.2 10.0 0.0 0 1 4 3 3
6709.4 4443.7 -4.6 176 0 24.6 11.7 7.5 2.5 2 0 3 1 1
6757.5 3757.7 -0.2 174 0 14.2 10.4 7.5 2.5 2 0 3 2 2
6746.4 5050.0 -2.9 349 0 9.8 8.8 7.5 2.5 4 0 3 0 0
6157.4 4805.8 -6.5 178 0 5.1 9.2 7.5 2.5 2 1 3 0 0
6738.3 3627.5 -0.2 0 0 26.8 10.7 10.0 2.5 2 0 4 4 4
6786.5 3672.9 -0.7 182 0 6.0 5.6 5.0 2.5 2 0 2 2 2
6755.4 3787.4 -0.6 172 0 18.8 9.8 5.0 2.5 2 0 2 3 3
6749.4 3833.3 -0.1 175 0 14.0 10.3 5.0 2.5 2 0 2 5 5
6752.3 5017.2 -3.0 1 0 8.6 5.5 5.0 0.0 0 0 2 5 5
6773.5 3716.9 -0.1 175 0 7.5 4.2 2.5 2.5 2 0 1 5 5
848.0 3675.9 -0.9 27 0 15.2 6.3 7.5 2.5 2 0 3 1 1
823.9 3704.6 -1.0 114 0 5.4 11.4 7.5 2.5 2 1 3 4 4
846.7 3733.7 -0.6 208 0 6.8 9.3 5.0 2.5 2 1 2 4 4
862.8 3696.8 -0.7 26 0 8.2 4.5 5.0 2.5 2 0 2 2 2
844.9 3727.3 -0.8 297 0 6.6 8.6 7.5 0.0 0 1 3 1 1
862.8 3706.8 -0.6 117 0 6.2 15.7 7.5 2.5 4 1 3 0 0
888.5 3750.7 -0.2 295 0 6.4 15.6 5.0 2.5 2 1 2 4 4
879.1 3735.3 -0.4 296 0 10.5 12.8 2.5 2.5 2 1 1 4 4
982.4 3707.5 0.7 118 0 8.1 19.4 7.5 2.5 4 1 3 2 2
1023.9 3791.3 1.5 295 0 9.4 9.5 5.0 2.5 2 1 2 4 4
999.6 3782.4 1.2 296 0 7.2 10.2 2.5 2.5 2 1 1 2 2
1038.3 3797.5 1.7 205 0 5.9 9.2 2.5 2.5 2 1 1 5 5
1078.4 3780.6 2.1 119 0 14.0 5.6 7.5 2.5 2 0 3 1 1
1095.7 3804.1 2.3 300 0 7.4 17.1 2.5 2.5 4 1 1 0 0
1098.4 3816.5 2.4 296 0 6.2 8.8 7.5 2.5 2 1 3 0 0
1108.7 3811.8 2.6 297 0 4.5 10.5 7.5 2.5 2 1 3 4 4
1123.0 3777.0 2.6 27 0 7.8 17.5 7.5 2.5 2 1 3 4 4
1134.9 3799.0 2.9 27 0 18.3 6.1 5.0 2.5 2 0 2 2 2
1121.7 3833.7 2.8 295 0 5.1 10.0 5.0 2.5 2 1 2 1 1
1145.2 3841.5 3.3 213 0 6.5 10.6 7.5 2.5 2 1 3 2 2
1165.9 3847.1 3.6 209 0 8.1 17.8 7.5 2.5 4 1 3 5 5
1194.1 3829.9 4.0 115 0 5.6 5.1 5.0 2.5 2 0 2 3 3
1196.8 3867.5 4.0 296 0 5.0 14.1 5.0 2.5 2 1 2 4 4
1196.1 3886.2 3.9 205 0 10.7 9.0 7.5 2.5 2 0 3 0 0
1213.0 3871.8 4.1 295 0 7.1 16.8 7.5 2.5 2 1 3 5 5
1128.6 3840.3 3.0 219 0 4.6 5.9 7.5 2.5 4 1 3 0 0
-5956.8 5185.6 -24.7 105 0 7.9 7.4 2.5 2.5 4 0 1 2 2
-1257.0 2652.3 -10.7 167 0 11.8 9.8 5.0 2.5 2 0 2 2 2
-1219.8 2648.7 -10.4 60 0 21.4 7.0 5.0 2.5 2 0 2 5 5
-1215.0 2663.1 -10.4 68 0 5.9 18.0 5.0 0.0 0 1 2 4 4
-5543.0 787.4 -19.0 182 0 11.7 10.7 7.5 0.0 0 0 3 2 2
3262.8 6914.3 -10.7 179 0 7.5 23.4 2.5 2.5 2 1 1 0 0
4032.5 8054.6 -17.4 351 0 11.4 11.3 5.0 0.0 0 0 2 0 0
3588.6 8149.8 -16.9 267 0 7.9 9.5 2.5 2.5 2 1 1 5 5
2864.7 5491.6 1.5 262 0 17.3 6.4 5.0 2.5 2 0 2 0 0
4003.5 8079.6 -17.8 161 0 15.3 6.9 7.5 2.5 2 0 3 3 3
4034.7 8176.2 -17.7 350 0 10.3 13.1 10.0 2.5 2 1 4 2 2
2841.8 5476.4 1.9 173 0 6.3 7.3 7.5 2.5 4 1 3 4 4
4035.4 8036.7 -17.3 351 0 24.8 13.0 12.5 2.5 2 0 5 5 5
-5946.5 8392.0 -29.4 271 0 12.1 14.8 7.5 2.5 2 1 3 0 0
6685.5 3869.5 0.7 89 0 11.1 16.3 2.5 2.5 2 1 1 3 3
6709.4 3855.9 0.5 176 0 4.9 6.8 7.5 2.5 2 1 3 2 2
3241.3 7111.2 -13.1 354 0 11.1 10.2 5.0 2.5 2 0 2 1 1
-6607.7 -3791.9 -18.6 280 0 9.7 4.2 2.5 0.0 0 0 1 5 5
-6772.9 -4174.6 -21.3 107 0 7.3 13.3 7.5 2.5 2 1 3 4 4
-6623.9 -3826.3 -18.9 89 0 6.6 24.6 5.0 2.5 2 1 2 4 4
-6566.1 -3880.3 -20.1 196 0 7.1 17.1 2.5 2.5 2 1 1 5 5
-6737.6 -4093.2 -21.1 19 0 7.6 20.1 7.5 2.5 2 1 3 5 5
-6727.4 -4113.0 -21.3 22 0 11.4 5.7 5.0 2.5 2 0 2 5 5
-6767.6 -4154.2 -21.3 21 0 7.9 18.4 7.5 2.5 2 1 3 4 4
-6801.8 -4149.3 -21.2 108 0 7.5 18.7 2.5 2.5 2 1 1 4 4
-6530.6 -3886.3 -20.4 297 0 7.5 26.2 5.0 2.5 2 1 2 1 1
-6584.1 -3873.8 -19.7 201 0 6.8 5.0 7.5 2.5 2 0 3 2 2
-6523.6 -3915.8 -20.6 24 0 18.8 7.7 5.0 2.5 2 0 2 2 2
-6617.7 -3790.9 -18.6 275 0 9.6 5.0 7.5 2.5 2 0 3 2 2
-6709.8 -3928.3 -19.5 93 0 9.4 6.4 5.0 2.5 4 0 2 5 5
-6572.9 -3799.4 -19.0 5 0 11.1 10.0 7.5 2.5 2 0 3 5 5
-6582.7 -3821.2 -19.1 2 0 5.7 15.6 7.5 2.5 2 1 3 4 4
-6592.3 -3888.3 -19.8 205 0 11.0 10.0 2.5 2.5 2 0 1 5 5
-6744.3 -4126.7 -21.3 22 0 5.2 22.9 7.5 2.5 2 1 3 1 1
-6561.7 -3908.6 -20.3 109 0 24.8 5.5 7.5 2.5 2 0 3 5 5
-6733.9 -3909.8 -19.4 271 0 12.8 10.4 7.5 2.5 2 0 3 3 3
-6693.7 -4042.6 -20.8 21 0 10.9 9.8 7.5 2.5 2 0 3 4 4
-6744.4 -4136.6 -21.3 21 0 5.1 34.9 5.0 2.5 2 1 2 5 5
-6747.2 -4153.4 -21.3 24 0 11.2 8.3 7.5 2.5 2 0 3 1 1
3212.4 7044.8 -12.7 90 0 15.6 6.2 2.5 2.5 2 0 1 0 0
6052.3 -6518.0 7.1 116 0 10.9 10.7 5.0 2.5 2 0 2 2 2
6258.1 -6336.5 7.8 119 0 10.0 7.6 7.5 2.5 2 0 3 4 4
6034.6 -6559.1 7.3 298 0 10.3 11.3 7.5 2.5 2 1 3 4 4
6244.0 -6460.2 4.4 297 0 5.7 10.3 5.0 0.0 0 1 2 1 1
6253.4 -6369.3 6.5 298 0 4.6 4.5 7.5 2.5 2 0 3 2 2
6237.3 -6474.0 4.5 27 0 5.5 4.0 7.5 2.5 2 0 3 3 3
6234.6 -6477.8 4.6 298 0 5.3 10.2 7.5 2.5 2 1 3 0 0
6235.6 -6371.4 6.3 208 0 6.3 12.9 2.5 2.5 2 1 1 1 1
6227.7 -6503.6 4.6 116 0 13.5 7.5 5.0 2.5 2 0 2 5 5
6239.7 -6356.6 7.2 118 0 5.7 16.1 5.0 2.5 2 1 2 3 3
6697.3 3492.2 3.7 3 0 4.8 9.5 2.5 2.5 2 1 1 3 3
6697.3 3468.0 4.4 7 0 6.5 15.8 5.0 2.5 2 1 2 0 0
6659.4 4000.7 -3.3 87 0 16.0 4.7 5.0 2.5 2 0 2 0 0
6646.5 4000.0 -3.4 87 0 9.8 4.7 2.5 2.5 2 0 1 0 0
6631.0 4006.7 -3.3 177 0 9.7 6.6 5.0 2.5 2 0 2 3 3
6670.6 4011.7 -2.9 267 0 7.6 10.4 7.5 2.5 2 0 3 1 1
6654.0 3896.2 -0.0 174 0 4.8 6.8 2.5 2.5 2 0 1 3 3
6655.7 3912.5 -0.6 264 0 6.8 13.6 7.5 2.5 2 0 3 1 1
6678.9 3924.1 -0.5 266 0 15.2 6.4 5.0 2.5 2 0 2 3 3
6742.4 3338.4 1.5 98 0 7.7 17.7 5.0 2.5 2 1 2 0 0
6740.2 3321.7 1.5 96 0 8.4 15.8 7.5 2.5 2 1 3 2 2
6688.8 3349.8 4.4 198 0 9.1 7.8 5.0 2.5 2 0 2 5 5
6683.5 3333.0 4.3 188 0 8.5 9.5 7.5 2.5 2 1 3 4 4
6708.5 3325.5 2.2 97 0 22.8 5.9 2.5 2.5 2 0 1 3 3
6704.3 3338.9 2.2 186 0 4.9 17.3 2.5 2.5 2 1 1 4 4
6711.9 3345.4 2.0 186 0 7.1 18.1 5.0 2.5 2 1 2 4 4
6731.7 3471.9 2.9 182 0 7.0 9.2 7.5 2.5 2 1 3 4 4
6718.2 3414.0 3.2 194 0 10.7 6.1 5.0 2.5 2 0 2 3 3
6762.7 3410.4 1.5 9 0 11.3 7.3 7.5 0.0 0 0 3 2 2
6716.9 3476.3 3.9 14 0 9.7 8.0 7.5 2.5 2 0 3 4 4
6674.4 3373.2 6.8 15 0 9.0 9.2 2.5 2.5 2 1 1 3 3
6678.2 3389.8 6.8 15 0 10.5 10.9 7.5 2.5 2 1 3 5 5
6696.0 3414.4 5.9 12 0 9.2 5.2 7.5 2.5 2 0 3 3 3
6705.8 3438.4 5.1 10 0 9.6 5.8 7.5 2.5 2 0 3 3 3
6688.6 3440.0 5.3 7 0 6.0 21.0 2.5 2.5 4 1 1 5 5
6638.7 3413.7 6.4 191 0 7.9 18.2 7.5 2.5 2 0 3 3 3
6632.6 3403.0 6.2 101 0 7.8 17.1 2.5 2.5 4 0 1 5 5
6653.0 3419.4 5.9 100 0 6.9 16.1 5.0 2.5 2 1 2 3 3
6669.1 3478.2 4.3 7 0 17.7 10.0 7.5 2.5 2 0 3 1 1
6664.8 3452.9 5.1 10 0 15.6 7.2 5.0 2.5 2 0 2 1 1
6605.7 3447.7 5.4 100 0 5.7 12.4 5.0 2.5 2 1 2 4 4
6612.3 3473.0 5.2 194 0 9.5 7.0 7.5 2.5 2 0 3 1 1
6602.4 3474.1 5.2 188 0 13.4 6.4 7.5 2.5 4 0 3 3 3
6588.9 3475.4 5.0 188 0 6.2 13.5 2.5 2.5 2 1 1 5 5
6578.2 3464.6 4.9 187 0 7.7 13.0 7.5 2.5 2 1 3 3 3
6600.5 3530.8 3.7 198 0 19.6 6.7 7.5 2.5 2 0 3 1 1
6625.1 3540.0 3.4 274 0 14.5 9.9 7.5 2.5 2 0 3 5 5
6563.3 3597.9 2.8 271 0 9.4 8.1 5.0 2.5 2 0 2 4 4
6569.3 3579.3 3.1 2 0 4.0 12.9 5.0 2.5 2 1 2 4 4
6557.1 3556.6 3.6 92 0 15.3 5.9 2.5 2.5 2 0 1 0 0
6545.9 3557.0 3.3 92 0 7.1 23.4 5.0 2.5 2 0 2 5 5
6584.8 3576.7 3.0 1 0 9.0 10.0 5.0 2.5 2 1 2 1 1
6849.1 3836.0 -0.5 352 0 12.4 13.9 7.5 0.0 0 0 3 3 3
6846.3 3805.9 -0.3 82 0 13.9 23.2 12.5 2.5 2 0 5 3 3
6798.1 3876.0 0.8 265 0 12.8 24.7 12.5 2.5 2 1 5 0 0
6770.0 3845.2 1.3 175 0 6.4 17.0 7.5 2.5 2 1 3 5 5
6759.0 3870.7 2.5 175 0 4.1 9.8 5.0 2.5 2 0 2 1 1
6758.5 3875.9 2.3 175 0 6.5 6.0 7.5 2.5 2 0 3 4 4
6751.9 3898.2 1.8 175 0 4.4 14.9 5.0 2.5 2 0 2 2 2
6753.8 3904.7 1.7 174 0 5.8 15.2 2.5 2.5 2 1 1 0 0
6783.0 3918.4 0.6 353 0 18.6 7.7 7.5 2.5 2 0 3 4 4
6769.4 3976.8 -0.2 269 0 6.3 9.7 5.0 2.5 2 1 2 3 3
6752.5 3961.1 0.1 171 0 5.4 11.0 5.0 2.5 4 1 2 0 0
6736.8 3981.9 -1.2 175 0 8.8 6.5 5.0 2.5 2 0 2 0 0
6732.7 3966.5 -0.7 171 0 8.5 5.2 7.5 2.5 2 0 3 2 2
6742.1 3944.2 0.4 173 0 10.7 9.0 2.5 0.0 0 0 1 4 4
6737.9 3921.4 1.1 176 0 10.1 9.1 7.5 2.5 2 0 3 2 2
6740.3 3896.6 1.6 175 0 5.8 11.7 5.0 2.5 2 0 2 0 0
6742.2 3879.9 1.9 176 0 10.3 8.1 5.0 2.5 2 0 2 4 4
6658.8 3629.5 0.8 181 0 10.7 13.3 2.5 2.5 2 1 1 1 1
6684.8 3648.2 0.1 181 0 5.2 13.8 2.5 2.5 4 1 1 0 0
6694.9 3543.9 2.5 271 0 9.8 7.7 5.0 2.5 2 0 2 2 2
6723.6 3540.7 2.2 279 0 9.3 10.1 5.0 2.5 2 1 2 2 2
6708.3 3543.6 2.3 273 0 9.4 6.9 5.0 2.5 2 0 2 2 2
6715.2 3560.2 1.6 90 0 5.8 12.9 2.5 2.5 2 1 1 2 2
6714.8 3586.7 1.1 91 0 11.7 6.1 5.0 2.5 2 0 2 2 2
6734.0 3589.2 1.0 1 0 6.1 13.3 5.0 2.5 2 0 2 3 3
6732.0 3599.5 0.7 360 0 8.8 6.7 7.5 2.5 2 0 3 0 0
6822.7 3611.7 -0.7 273 0 8.1 12.2 5.0 2.5 2 1 2 1 1
6778.1 3583.1 0.4 180 0 10.5 10.4 7.5 2.5 4 0 3 1 1
6782.6 3603.7 -0.1 180 0 9.5 9.3 5.0 2.5 2 0 2 4 4
6773.9 3629.2 -0.5 182 0 8.1 5.4 5.0 2.5 4 0 2 3 3
6790.3 3634.3 -0.9 182 0 6.3 10.5 5.0 2.5 2 1 2 0 0
6795.1 3621.4 -0.6 182 0 9.3 8.3 5.0 2.5 2 0 2 2 2
6811.8 3702.5 -0.3 2 0 6.6 13.7 7.5 2.5 2 1 3 2 2
6780.8 3690.7 -0.2 182 0 6.0 6.6 7.5 0.0 0 0 3 1 1
6771.2 3693.1 -0.2 182 0 10.0 9.7 7.5 2.5 4 0 3 1 1
6790.9 3812.2 -0.1 86 0 12.5 23.7 12.5 0.0 0 1 5 5 5
6750.4 3848.7 0.9 176 0 11.0 11.0 2.5 2.5 4 1 1 3 3
6741.1 3704.7 0.1 357 0 16.7 62.4 7.5 2.5 2 0 3 0 0
6681.8 3751.9 0.1 267 0 10.6 41.5 7.5 2.5 2 0 3 0 0
6687.7 3736.9 0.1 177 0 30.5 18.1 10.0 2.5 2 0 4 4 4
6734.3 3745.2 -0.0 351 0 16.8 7.7 7.5 2.5 4 0 3 2 2
6722.0 3752.9 -0.0 356 0 5.8 8.1 5.0 2.5 2 1 2 0 0
6720.9 3783.3 -0.3 261 0 9.2 17.0 5.0 2.5 4 1 2 0 0
6780.8 -6788.2 4.2 91 0 5.6 15.8 5.0 2.5 2 1 2 3 3
6799.7 -6788.3 4.3 0 0 5.1 13.1 5.0 2.5 2 1 2 3 3
6809.8 -6779.4 4.4 1 0 13.0 10.0 7.5 2.5 2 0 3 4 4
6824.4 -6747.8 4.5 4 0 10.4 10.5 10.0 2.5 2 1 4 2 2
6800.4 -6761.0 4.3 360 0 5.9 16.0 2.5 2.5 2 1 1 4 4
6773.5 -6741.7 4.3 180 0 19.9 8.0 5.0 2.5 2 0 2 3 3
6802.3 -6723.5 4.4 0 0 6.1 19.8 5.0 2.5 2 1 2 2 2
6776.0 -6692.3 4.9 2 0 7.1 16.5 2.5 2.5 2 1 1 3 3
6773.3 -6701.9 4.6 268 0 6.9 15.4 5.0 2.5 4 1 2 3 3
6737.3 -6715.3 4.6 178 0 5.4 19.8 5.0 2.5 2 1 2 5 5
6726.0 -6710.8 4.7 180 0 11.5 4.9 2.5 2.5 2 0 1 4 4
6749.3 -6697.1 4.9 179 0 3.7 9.5 7.5 2.5 2 1 3 1 1
6751.3 -6674.9 5.3 359 0 5.1 10.6 7.5 2.5 2 1 3 1 1
6725.5 -6667.6 5.5 179 0 12.1 6.1 2.5 2.5 2 0 1 4 4
6702.0 -6666.2 5.6 357 0 10.1 10.5 7.5 2.5 2 1 3 5 5
6689.4 -6657.6 5.8 358 0 5.2 19.9 5.0 2.5 2 1 2 3 3
6660.3 -6656.1 5.8 88 0 7.9 13.9 7.5 2.5 2 1 3 3 3
6678.0 -6640.5 6.1 0 0 6.0 7.1 5.0 2.5 4 0 2 5 5
6696.7 -6640.5 6.1 360 0 6.0 18.7 5.0 2.5 2 0 2 3 3
6757.5 -6534.8 6.5 358 0 7.9 12.7 7.5 2.5 4 1 3 1 1
6762.1 -6567.3 6.3 86 0 4.9 19.8 2.5 2.5 4 1 1 5 5
6738.1 -6571.0 6.6 179 0 4.8 9.0 7.5 2.5 2 1 3 2 2
6738.0 -6564.2 6.5 180 0 5.2 15.2 5.0 2.5 2 1 2 0 0
6722.9 -6545.1 6.9 178 0 10.0 10.4 7.5 2.5 2 1 3 4 4
6642.3 -6580.3 6.9 179 0 7.0 9.9 7.5 2.5 2 1 3 5 5
6661.2 -6545.4 7.5 268 0 6.8 9.2 7.5 2.5 2 0 3 4 4
6661.5 -6554.6 7.4 268 0 6.9 12.9 5.0 2.5 2 0 2 3 3
6684.4 -6482.4 8.0 4 0 5.2 10.4 5.0 2.5 2 1 2 3 3
6679.3 -6190.7 10.1 0 0 5.0 13.8 7.5 2.5 4 1 3 1 1
6642.8 -6123.9 10.3 178 0 8.0 14.9 7.5 2.5 2 1 3 3 3
6676.8 -6158.4 10.3 1 0 6.0 20.0 5.0 2.5 2 1 2 2 2
6692.3 -6179.8 10.6 358 0 15.6 5.5 2.5 2.5 2 0 1 4 4
6690.6 -6132.0 10.9 358 0 10.4 8.2 5.0 2.5 2 0 2 0 0
6753.2 -6105.8 13.5 271 0 10.5 7.0 2.5 2.5 2 0 1 5 5
6714.6 -6135.3 11.5 178 0 10.5 10.1 5.0 2.5 2 0 2 3 3
6757.3 -6123.3 12.9 270 0 8.0 18.5 5.0 2.5 2 1 2 5 5
6734.1 -6138.9 12.0 178 0 6.2 12.2 5.0 2.5 2 1 2 2 2
6733.3 -6181.8 11.5 180 0 5.0 11.4 2.5 2.5 2 1 1 5 5
6745.4 -6183.2 11.2 178 0 18.7 10.0 7.5 2.5 2 0 3 0 0
6744.8 -6162.9 11.9 178 0 12.8 6.3 5.0 2.5 2 0 2 1 1
6730.0 -6154.2 11.7 178 0 4.6 8.1 5.0 2.5 2 1 2 5 5
6725.9 -6170.4 11.5 179 0 5.0 17.8 7.5 2.5 2 1 3 0 0
6714.2 -6187.0 11.1 180 0 11.0 10.0 2.5 2.5 2 0 1 4 4
6722.9 -6208.5 10.8 182 0 6.4 21.0 7.5 2.5 2 1 3 5 5
6768.0 -6221.1 10.7 1 0 5.0 7.9 5.0 2.5 2 0 2 5 5
6784.1 -6222.0 10.6 0 0 6.4 16.1 7.5 2.5 2 0 3 2 2
6760.9 -6296.9 8.8 86 0 8.0 17.6 7.5 0.0 0 1 3 4 4
6742.3 -6282.0 9.1 181 0 4.5 8.8 2.5 2.5 2 1 1 5 5
6681.7 -6242.8 9.6 357 0 4.4 9.0 7.5 2.5 2 1 3 0 0
6655.4 -6257.8 9.1 90 0 7.1 16.0 5.0 2.5 2 1 2 5 5
6672.7 -6287.0 8.7 181 0 4.9 7.3 5.0 2.5 2 1 2 4 4
6697.5 -6278.2 8.8 359 0 7.0 4.5 5.0 2.5 4 0 2 0 0
6725.9 -6312.0 8.6 181 0 4.7 14.5 5.0 2.5 2 1 2 1 1
6729.7 -6348.4 8.5 183 0 4.5 9.6 5.0 2.5 2 1 2 4 4
6734.0 -6364.9 8.5 181 0 5.3 10.4 7.5 2.5 2 1 3 4 4
6683.4 -6395.2 8.3 360 0 9.1 12.1 5.0 2.5 2 1 2 4 4
6698.5 -6417.0 8.2 360 0 10.4 11.8 5.0 2.5 2 1 2 0 0
6682.3 -6411.9 8.2 3 0 5.9 12.0 2.5 2.5 4 1 1 4 4
6687.5 -6437.0 8.2 359 0 5.6 18.4 7.5 0.0 0 0 3 4 4
6657.1 -6437.2 8.2 179 0 5.5 11.9 5.0 2.5 4 0 2 1 1
6640.6 -6413.2 7.9 181 0 17.6 9.8 7.5 2.5 2 0 3 3 3
6659.7 -6377.3 8.3 271 0 6.5 13.3 2.5 2.5 2 1 1 4 4
6700.3 -6378.2 8.4 359 0 12.2 10.3 5.0 2.5 2 0 2 0 0
6719.3 -6367.6 8.4 177 0 11.5 5.4 5.0 2.5 2 0 2 0 0
6808.0 -6447.2 6.4 90 0 29.9 14.9 10.0 2.5 2 0 4 5 5
6721.3 -6428.3 8.1 184 0 13.8 9.6 7.5 2.5 2 0 3 4 4
6745.2 -6405.8 7.9 177 0 4.7 10.2 2.5 2.5 2 1 1 1 1
6768.7 -6401.9 7.4 268 0 8.2 26.3 7.5 2.5 4 1 3 0 0
6743.4 -6438.4 7.4 179 0 10.2 16.0 10.0 2.5 2 1 4 2 2
6754.2 -6509.7 6.7 359 0 11.6 5.3 5.0 0.0 0 0 2 1 1
6720.6 -6511.5 7.2 179 0 10.8 5.1 5.0 0.0 0 0 2 1 1
6730.1 -6457.6 7.5 179 0 9.0 13.5 7.5 0.0 0 1 3 5 5
6465.5 -6836.5 3.1 38 0 9.1 5.4 5.0 2.5 2 0 2 4 4
6465.6 -6826.8 3.3 42 0 9.3 9.5 5.0 2.5 2 1 2 3 3
6493.5 -6823.6 3.3 48 0 15.1 9.6 5.0 2.5 4 0 2 0 0
6485.7 -6787.7 3.4 224 0 7.8 21.4 7.5 2.5 2 1 3 4 4
6399.9 -7018.0 -0.2 320 0 10.5 10.5 7.5 2.5 2 1 3 4 4
6403.7 -7110.6 -0.9 136 0 8.6 15.2 2.5 2.5 2 1 1 2 2
6425.7 -7056.4 -0.7 318 0 14.0 13.9 2.5 2.5 2 0 1 3 3
6457.6 -7095.7 -0.8 314 0 4.8 6.5 2.5 2.5 2 0 1 4 4
6463.1 -7086.4 -0.8 314 0 9.4 10.5 2.5 2.5 4 0 1 0 0
6413.7 -7124.7 -1.0 137 0 8.7 10.8 7.5 2.5 2 0 3 3 3
6421.5 -7117.2 -1.0 137 0 9.2 16.5 5.0 2.5 2 0 2 0 0
6438.6 -7124.5 -1.0 133 0 5.4 10.1 5.0 2.5 2 1 2 2 2
6459.5 -7117.6 -0.9 316 0 11.1 4.8 2.5 2.5 2 0 1 3 3
6476.1 -7125.9 -1.0 316 0 10.2 11.2 5.0 2.5 2 1 2 1 1
6463.3 -7132.9 -1.0 317 0 4.3 8.5 5.0 2.5 4 1 2 3 3
6447.0 -7149.3 -1.1 136 0 5.0 10.9 2.5 2.5 2 1 1 0 0
6444.7 -7159.5 -1.1 137 0 14.7 5.8 7.5 2.5 2 0 3 4 4
6479.8 -7146.6 -1.1 322 0 4.6 11.7 5.0 2.5 2 1 2 2 2
6475.8 -7183.3 -1.2 147 0 6.1 13.7 5.0 2.5 2 1 2 3 3
6503.9 -7196.2 -1.3 58 0 4.3 14.5 2.5 2.5 4 1 1 2 2
6514.3 -7191.5 -1.2 144 0 3.8 11.9 7.5 2.5 2 1 3 0 0
6539.4 -7184.3 -1.2 326 0 4.7 7.0 2.5 2.5 2 1 1 0 0
6557.3 -7200.6 -1.3 328 0 6.5 9.6 5.0 2.5 2 1 2 0 0
6618.1 -7231.9 -1.5 334 0 5.0 10.6 5.0 2.5 2 0 2 4 4
6631.6 -7232.1 -1.4 333 0 10.0 10.9 7.5 2.5 2 1 3 1 1
6603.2 -7236.3 -1.6 244 0 9.5 5.0 7.5 2.5 2 0 3 2 2
6590.8 -7245.8 -1.8 240 0 8.0 17.4 7.5 2.5 4 1 3 1 1
6572.8 -7290.4 -2.1 154 0 9.0 14.0 7.5 2.5 2 1 3 1 1
6600.1 -7298.7 -2.2 65 0 10.0 20.0 2.5 2.5 2 1 1 2 2
6639.2 -7250.1 -1.7 336 0 8.0 23.2 2.5 2.5 2 1 1 0 0
6633.6 -7262.6 -1.8 337 0 6.0 20.0 5.0 2.5 2 1 2 1 1
6646.9 -7259.0 -1.6 334 0 11.2 10.0 5.0 2.5 2 0 2 2 2
6657.4 -7295.0 -1.8 336 0 11.0 10.7 5.0 2.5 2 0 2 3 3
6648.2 -7279.0 -2.0 336 0 5.2 29.0 7.5 2.5 2 1 3 5 5
6748.4 -7299.2 -1.1 269 0 6.9 14.0 5.0 0.0 0 1 2 1 1
6701.1 -7314.1 -1.5 167 0 10.2 10.5 5.0 2.5 2 1 2 0 0
6678.0 -7266.0 -1.2 173 0 12.7 6.1 5.0 2.5 2 0 2 4 4
6678.7 -7250.3 -1.0 169 0 10.3 10.5 5.0 0.0 0 1 2 2 2
6740.7 -7229.0 -0.1 85 0 7.9 16.6 5.0 0.0 0 1 2 1 1
6687.0 -7230.1 -0.6 175 0 5.4 21.8 5.0 2.5 2 1 2 0 0
6698.0 -7205.3 -0.3 177 0 4.9 11.5 5.0 2.5 2 1 2 5 5
6708.6 -7133.2 0.2 194 0 9.2 10.0 5.0 2.5 2 1 2 0 0
6710.7 -7156.4 0.1 198 0 5.3 16.9 5.0 2.5 2 1 2 2 2
6756.0 -7163.3 0.3 359 0 7.4 17.5 2.5 2.5 2 1 1 3 3
6739.8 -7144.1 0.3 291 0 4.2 15.9 7.5 2.5 2 1 3 0 0
6759.0 -7125.9 0.5 7 0 5.9 14.6 2.5 2.5 4 0 1 2 2
6731.8 -7122.7 0.4 187 0 5.9 12.8 5.0 2.5 2 0 2 1 1
6723.9 -7103.1 0.4 188 0 9.7 10.0 7.5 2.5 2 1 3 3 3
6724.9 -7079.7 0.6 181 0 5.4 10.2 2.5 2.5 2 1 1 2 2
6754.0 -7081.2 0.9 6 0 4.3 8.0 7.5 2.5 2 0 3 2 2
6739.9 -7077.5 0.8 186 0 8.8 6.4 7.5 2.5 2 0 3 3 3
6761.3 -7064.2 1.0 358 0 9.4 12.3 5.0 2.5 2 1 2 0 0
6755.1 -7016.6 1.5 182 0 9.5 5.2 7.5 2.5 2 0 3 0 0
6810.6 -6990.1 2.5 2 0 4.9 8.3 5.0 2.5 2 1 2 1 1
6800.7 -6989.9 2.3 2 0 5.1 13.9 7.5 2.5 2 1 3 1 1
6768.8 -6979.1 2.2 188 0 10.1 9.1 5.0 2.5 2 0 2 4 4
6794.8 -6934.7 3.1 180 0 5.3 15.2 5.0 0.0 0 0 2 4 4
6793.6 -6955.0 2.8 181 0 5.2 10.0 5.0 2.5 2 1 2 1 1
6774.0 -6942.5 2.7 201 0 10.9 6.1 5.0 2.5 2 0 2 3 3
6769.6 -6865.0 3.5 5 0 19.0 9.0 7.5 2.5 2 0 3 4 4
6736.6 -6882.5 3.1 181 0 5.4 15.0 5.0 2.5 4 1 2 4 4
6723.6 -6864.6 3.1 180 0 10.3 5.6 5.0 2.5 2 0 2 3 3
6727.6 -6850.9 3.4 180 0 10.0 10.5 7.5 2.5 2 1 3 0 0
-741.9 -6766.5 -16.7 30 0 11.6 19.0 5.0 0.0 0 1 2 2 2
-738.7 -6735.8 -16.8 302 0 23.0 17.2 15.0 0.0 0 0 6 0 0
5827.1 -6376.8 9.4 205 0 11.3 29.8 12.5 2.5 2 1 5 2 2
2416.4 -8686.7 12.4 10 0 26.9 11.7 10.0 2.5 2 0 4 3 3
878.3 -4990.1 10.0 203 0 9.8 28.5 7.5 2.5 2 1 3 4 4
921.7 -5009.4 10.0 25 0 11.6 13.5 5.0 2.5 2 1 2 3 3
882.3 -5038.3 9.9 113 0 9.5 18.2 7.5 2.5 4 1 3 0 0
932.5 -5049.1 9.9 10 0 9.6 11.1 7.5 0.0 0 1 3 3 3
917.4 -5055.5 9.9 15 0 8.1 22.7 7.5 2.5 4 1 3 0 0
868.0 -5118.1 9.9 202 0 18.6 8.6 7.5 2.5 2 0 3 3 3
917.0 -5120.1 9.8 17 0 12.7 14.3 10.0 2.5 2 1 4 5 5
907.7 -5193.8 8.5 9 0 9.4 7.6 7.5 0.0 0 0 3 1 1
911.8 -5171.4 8.9 12 0 11.3 11.0 5.0 0.0 0 0 2 0 0
892.0 -5152.6 9.4 22 0 7.6 32.9 5.0 2.5 2 1 2 2 2
836.7 -5135.6 9.7 204 0 18.0 18.1 10.0 2.5 2 1 4 4 4
889.8 -5193.0 8.6 26 0 7.5 18.3 2.5 2.5 2 1 1 4 4
864.4 -5255.7 9.0 206 0 12.6 6.7 2.5 2.5 2 0 1 5 5
866.5 -5209.1 8.8 113 0 9.1 12.9 7.5 2.5 2 1 3 0 0
936.9 -5207.7 7.9 206 0 11.9 12.0 7.5 2.5 2 1 3 1 1
932.6 -5232.8 7.8 206 0 11.9 12.0 10.0 2.5 2 1 4 4 4
919.3 -5295.8 8.2 205 0 6.4 16.3 2.5 2.5 4 1 1 5 5
896.6 -5271.5 8.7 11 0 9.7 9.8 5.0 2.5 2 1 2 1 1
883.7 -5288.6 8.9 27 0 5.7 11.8 7.5 2.5 2 1 3 2 2
896.2 -5293.2 8.7 18 0 10.4 12.0 2.5 2.5 2 1 1 4 4
895.2 -5314.1 8.8 10 0 6.7 6.1 7.5 2.5 2 0 3 3 3
884.1 -5311.8 9.0 24 0 7.4 13.8 5.0 2.5 2 1 2 3 3
845.2 -5325.6 8.8 111 0 9.4 17.9 2.5 0.0 0 1 1 0 0
859.8 -5342.8 8.2 116 0 22.6 6.4 7.5 2.5 2 0 3 5 5
916.7 -5425.2 7.9 202 0 6.5 18.6 5.0 2.5 2 1 2 4 4
925.1 -5394.8 6.9 291 0 15.8 6.0 2.5 2.5 2 0 1 1 1
960.5 -5407.2 7.4 294 0 12.0 6.3 7.5 2.5 2 0 3 1 1
958.9 -5417.6 7.7 295 0 7.8 28.0 7.5 2.5 2 1 3 2 2
908.8 -5480.9 9.3 116 0 18.4 10.7 7.5 2.5 2 0 3 4 4
871.3 -5397.2 6.9 28 0 19.0 12.6 2.5 2.5 2 0 1 1 1
885.9 -5450.4 8.6 193 0 5.0 5.8 7.5 2.5 2 1 3 1 1
878.5 -5461.7 8.9 197 0 10.9 8.8 5.0 2.5 2 0 2 4 4
852.7 -5444.7 8.2 27 0 11.0 11.6 5.0 2.5 2 1 2 3 3
858.6 -5476.1 8.3 18 0 13.1 10.0 2.5 2.5 2 0 1 4 4
894.4 -5579.4 8.6 22 0 24.0 9.6 5.0 2.5 4 0 2 3 3
871.3 -5541.8 9.1 205 0 7.7 30.8 5.0 2.5 2 1 2 0 0
815.3 -5566.8 10.9 20 0 10.5 10.4 5.0 2.5 2 0 2 0 0
835.5 -5793.2 5.9 31 0 7.1 18.1 7.5 2.5 2 1 3 3 3
812.8 -5750.8 6.6 204 0 10.9 11.3 5.0 2.5 2 1 2 4 4
786.6 -5739.7 7.8 26 0 8.4 8.0 7.5 2.5 2 0 3 2 2
778.2 -5763.4 7.3 22 0 9.1 8.6 7.5 2.5 2 0 3 5 5
748.4 -5835.2 7.1 15 0 9.6 12.7 2.5 2.5 2 1 1 1 1
733.3 -5867.8 5.8 30 0 5.5 22.6 5.0 2.5 2 1 2 0 0
697.2 -5868.7 6.6 115 0 7.3 16.4 2.5 2.5 2 1 1 0 0
741.6 -5879.6 5.4 21 0 10.2 10.7 7.5 2.5 2 1 3 3 3
677.0 -5482.4 5.3 206 0 15.5 101.9 10.0 2.5 2 1 4 2 2
388.2 -5162.6 3.6 257 0 16.6 24.1 12.5 2.5 2 1 5 4 4
1585.9 -5656.3 5.7 223 0 5.7 11.8 2.5 2.5 2 1 1 2 2
1599.6 -5684.5 6.0 40 0 15.8 7.8 7.5 2.5 2 0 3 5 5
1705.9 -5849.8 6.3 43 0 6.2 13.0 2.5 2.5 2 1 1 3 3
1685.3 -5834.7 6.1 135 0 9.4 9.0 5.0 2.5 2 0 2 2 2
1723.6 -5826.8 6.5 315 0 8.3 14.1 5.0 2.5 2 1 2 5 5
1694.5 -5794.8 6.1 222 0 6.1 24.8 7.5 2.5 2 1 3 1 1
-6925.4 -4379.5 -20.5 17 0 10.6 10.4 10.0 2.5 2 0 4 4 4
-6919.5 -4369.1 -20.5 13 0 9.3 11.3 5.0 2.5 2 1 2 4 4
-6908.0 -4345.3 -20.3 12 0 13.1 13.0 10.0 2.5 2 0 4 2 2
-6947.0 -4372.2 -20.5 188 0 4.7 4.3 5.0 2.5 2 0 2 0 0
-6883.0 -4317.9 -20.5 20 0 10.9 6.1 7.5 2.5 2 0 3 1 1
-6895.2 -4319.9 -20.4 15 0 6.8 15.0 2.5 2.5 4 1 1 5 5
-6890.0 -4304.3 -20.5 17 0 5.9 9.6 5.0 2.5 2 1 2 4 4
-6876.3 -4295.0 -20.7 16 0 9.9 11.1 5.0 2.5 2 1 2 4 4
-6898.6 -4279.7 -20.7 197 0 5.1 14.0 5.0 2.5 2 1 2 0 0
-6871.9 -4372.1 -20.6 192 0 8.8 16.9 7.5 2.5 2 1 3 2 2
-6885.9 -4369.9 -20.5 207 0 15.6 11.9 7.5 2.5 2 0 3 0 0
-6826.5 -4323.4 -21.0 29 0 11.4 10.0 5.0 2.5 2 0 2 3 3
-6802.4 -4304.6 -21.4 25 0 16.1 7.7 7.5 2.5 4 0 3 5 5
-6826.6 -4281.6 -21.4 211 0 14.5 12.3 5.0 2.5 2 0 2 0 0
-6816.7 -4312.6 -21.2 27 0 5.4 11.3 7.5 2.5 2 1 3 1 1
-6812.9 -4286.5 -21.4 211 0 6.8 3.6 2.5 2.5 2 0 1 5 5
-6901.7 -4973.0 -21.1 9 0 12.3 12.6 5.0 2.5 2 1 2 4 4
-6899.1 -4953.9 -21.3 10 0 6.5 25.1 5.0 2.5 2 1 2 2 2
-6914.1 -4925.7 -21.1 268 0 5.8 5.6 7.5 2.5 4 0 3 3 3
-6887.7 -4934.2 -20.6 11 0 11.1 5.9 7.5 2.5 2 0 3 1 1
-6875.2 -4941.5 -20.2 187 0 11.1 10.9 7.5 2.5 4 0 3 4 4
-6871.1 -4920.1 -20.1 184 0 10.2 5.3 5.0 2.5 2 0 2 4 4
-6855.7 -4930.2 -19.9 176 0 6.2 18.2 2.5 2.5 2 1 1 2 2
-6514.3 -4863.7 -20.3 135 0 19.1 17.6 10.0 2.5 2 0 4 5 5
-6514.9 -4828.9 -19.8 218 0 11.6 10.2 5.0 2.5 2 0 2 2 2
-6491.3 -4889.8 -20.5 126 0 15.8 14.5 5.0 2.5 4 0 2 5 5
-6472.6 -4853.8 -20.0 306 0 6.5 7.6 5.0 2.5 2 1 2 2 2
-6478.7 -4906.4 -20.5 124 0 8.6 11.2 7.5 0.0 0 1 3 5 5
-6431.0 -4936.2 -19.4 131 0 13.7 9.7 7.5 0.0 0 0 3 3 3
-6444.5 -4935.3 -19.5 128 0 10.4 6.4 7.5 2.5 4 0 3 2 2
-6450.9 -4919.8 -20.0 130 0 9.9 28.3 7.5 2.5 2 1 3 1 1
-6329.0 -4979.1 -19.5 221 0 8.1 15.1 5.0 2.5 2 1 2 5 5
-6311.4 -4948.8 -19.4 315 0 7.2 15.4 5.0 2.5 2 1 2 2 2
-6342.0 -5057.6 -19.1 306 0 8.1 13.5 5.0 2.5 2 1 2 2 2
-6197.1 -5050.0 -18.4 307 0 18.2 8.5 5.0 2.5 4 0 2 1 1
-6228.8 -5096.2 -18.2 39 0 7.2 10.7 5.0 2.5 2 1 2 3 3
-6272.8 -5074.3 -18.5 128 0 9.5 6.4 2.5 2.5 2 0 1 4 4
-6528.4 -5712.6 -20.3 332 0 14.5 24.4 7.5 2.5 2 1 3 2 2
-6558.1 -5680.4 -19.7 252 0 6.9 21.7 7.5 2.5 2 1 3 0 0
-6572.7 -5657.6 -19.0 246 0 6.5 13.5 7.5 2.5 4 1 3 5 5
-6583.0 -5688.3 -19.8 158 0 7.5 18.1 5.0 2.5 2 1 2 1 1
-6592.5 -5716.3 -20.6 159 0 11.6 11.0 2.5 2.5 2 0 1 5 5
-6565.1 -5776.0 -20.3 63 0 11.2 17.8 5.0 2.5 2 1 2 0 0
-6656.6 -5787.5 -21.7 57 0 12.7 9.7 5.0 0.0 0 0 2 4 4
-6705.4 -5810.4 -21.6 146 0 6.3 23.7 2.5 2.5 2 1 1 3 3
-6659.8 -5825.6 -21.2 351 0 11.0 9.2 5.0 2.5 2 0 2 0 0
-6674.1 -5829.1 -21.3 329 0 4.3 17.3 5.0 2.5 2 1 2 0 0
-6683.2 -5885.3 -21.4 65 0 8.4 11.3 5.0 2.5 2 1 2 5 5
-6697.5 -5902.0 -21.6 328 0 5.8 17.8 7.5 2.5 2 1 3 1 1
-6730.5 -5897.7 -21.9 239 0 6.5 18.1 2.5 2.5 2 1 1 3 3
-6719.2 -5887.2 -21.8 231 0 10.9 3.6 7.5 2.5 2 0 3 4 4
-6687.6 -5896.9 -21.4 334 0 4.6 7.8 2.5 2.5 2 1 1 5 5
-6656.8 -5914.9 -20.7 142 0 4.3 9.2 2.5 2.5 2 1 1 5 5
-6665.2 -5924.6 -20.8 234 0 9.6 11.8 5.0 2.5 2 1 2 3 3
-6737.0 -5959.5 -21.9 62 0 6.7 17.9 5.0 2.5 2 1 2 3 3
-6711.9 -5943.4 -21.6 327 0 6.6 20.6 5.0 2.5 2 1 2 4 4
-6727.7 -5929.8 -21.8 331 0 4.7 9.8 5.0 2.5 2 1 2 0 0
-6697.5 -5925.0 -21.4 9 0 13.4 7.0 7.5 2.5 2 0 3 5 5
-6707.4 -5918.3 -21.6 330 0 5.4 10.1 5.0 2.5 2 1 2 5 5
-6721.4 -5973.6 -21.6 64 0 11.5 11.1 5.0 2.5 4 0 2 0 0
-6733.0 -5987.4 -21.7 325 0 7.8 17.0 7.5 2.5 2 1 3 4 4
-6767.0 -6023.1 -21.9 155 0 7.5 5.8 5.0 0.0 0 0 2 0 0
-6748.3 -6005.7 -21.8 336 0 4.7 10.5 7.5 2.5 2 1 3 5 5
-6724.8 -6003.0 -21.4 358 0 10.1 6.3 2.5 2.5 4 0 1 3 3
-6690.9 -5996.5 -20.9 241 0 12.7 12.1 5.0 2.5 2 0 2 5 5
-6695.2 -6081.6 -20.6 323 0 19.3 7.3 7.5 2.5 2 0 3 0 0
-6724.3 -6109.2 -21.2 147 0 6.1 12.6 7.5 2.5 2 1 3 2 2
-6698.4 -6093.5 -20.7 328 0 5.2 10.0 7.5 2.5 2 1 3 3 3
-6727.4 -6083.7 -21.2 235 0 9.5 7.5 5.0 2.5 2 0 2 4 4
-6744.9 -6101.9 -21.7 180 0 12.5 7.3 7.5 2.5 2 0 3 2 2
-6710.6 -6150.9 -20.9 55 0 9.6 16.2 7.5 2.5 2 1 3 3 3
-6726.8 -6184.8 -21.1 331 0 7.1 18.5 7.5 2.5 2 1 3 1 1
-6719.6 -6183.9 -20.9 61 0 7.4 17.3 7.5 2.5 2 1 3 5 5
-6762.3 -6199.4 -21.6 175 0 12.7 8.9 5.0 2.5 2 0 2 0 0
-6752.8 -6181.9 -21.4 148 0 5.3 16.4 2.5 2.5 2 1 1 0 0
-6803.3 -6252.2 -22.1 342 0 12.6 9.2 5.0 2.5 2 0 2 3 3
-6765.5 -6251.2 -21.3 235 0 6.7 12.8 5.0 2.5 2 1 2 2 2
-6794.4 -6267.3 -21.6 185 0 11.8 7.0 5.0 2.5 2 0 2 1 1
-6778.5 -6284.4 -21.1 148 0 9.2 17.7 5.0 2.5 2 1 2 3 3
-6784.5 -6277.4 -21.3 143 0 4.6 22.6 7.5 2.5 4 1 3 0 0
-6725.5 -6249.7 -20.6 328 0 9.1 18.6 5.0 2.5 2 1 2 1 1
-6798.2 -6338.1 -21.2 156 0 11.7 6.6 5.0 2.5 2 0 2 5 5
-6753.5 -6316.1 -20.6 51 0 6.2 13.6 7.5 2.5 2 1 3 0 0
-6840.6 -6323.8 -22.3 331 0 6.3 19.8 2.5 2.5 4 1 1 2 2
-6866.2 -6267.9 -22.9 56 0 10.7 6.3 7.5 2.5 2 0 3 5 5
-6838.7 -6262.0 -22.4 237 0 23.8 6.4 2.5 2.5 2 0 1 5 5
-6859.1 -6346.6 -22.4 61 0 10.4 12.8 2.5 2.5 4 1 1 2 2
-6820.3 -6310.9 -21.8 332 0 6.6 10.4 5.0 2.5 4 1 2 1 1
-6870.8 -6370.0 -22.6 58 0 32.5 7.3 7.5 2.5 4 0 3 0 0
-6907.5 -6402.1 -23.1 151 0 27.9 10.8 10.0 0.0 0 0 4 4 4
-6911.8 -6360.9 -23.2 149 0 4.5 8.0 7.5 2.5 2 1 3 5 5
-6914.1 -6338.7 -23.3 236 0 6.3 12.2 7.5 2.5 2 1 3 2 2
-6847.8 -6377.5 -22.1 58 0 7.9 9.3 2.5 2.5 2 1 1 5 5
-6840.5 -6386.4 -21.9 251 0 6.3 10.5 5.0 2.5 2 1 2 1 1
-6883.2 -6409.2 -22.6 241 0 6.3 16.0 7.5 2.5 2 1 3 1 1
-6863.3 -6398.5 -22.5 330 0 7.8 15.0 2.5 2.5 2 1 1 3 3
-6829.9 -6417.1 -21.9 344 0 11.6 9.7 7.5 2.5 2 0 3 2 2
-6833.5 -6405.0 -22.0 331 0 5.4 12.4 7.5 0.0 0 1 3 0 0
-6850.3 -6423.9 -22.4 329 0 6.1 16.7 7.5 2.5 2 1 3 2 2
-6848.1 -6412.6 -22.3 332 0 5.4 16.8 5.0 2.5 2 1 2 3 3
-6878.1 -6458.8 -23.0 150 0 19.2 10.4 7.5 2.5 2 0 3 5 5
-6855.2 -6452.8 -22.6 331 0 5.3 10.6 7.5 2.5 2 1 3 5 5
-6837.6 -6440.5 -22.3 326 0 6.0 19.5 5.0 2.5 2 1 2 4 4
-6828.2 -6459.0 -22.0 346 0 11.3 7.3 7.5 2.5 2 0 3 1 1
-6836.7 -6472.5 -22.5 327 0 7.9 11.0 7.5 2.5 2 1 3 0 0
-6768.1 -6409.8 -20.8 239 0 8.8 16.6 5.0 2.5 2 1 2 1 1
-6795.4 -6446.9 -21.2 147 0 6.0 23.1 7.5 2.5 2 1 3 5 5
-6813.6 -6434.3 -21.5 178 0 13.1 6.8 7.5 2.5 2 0 3 3 3
-6759.1 -6486.1 -20.9 54 0 7.5 19.5 7.5 2.5 2 1 3 0 0
-6771.2 -6491.4 -21.4 326 0 7.7 25.5 7.5 2.5 2 1 3 2 2
-6813.5 -6507.8 -22.0 166 0 18.3 10.5 7.5 2.5 2 0 3 4 4
-6778.8 -6531.3 -21.2 324 0 9.6 20.0 7.5 2.5 2 1 3 4 4
-6771.2 -6528.5 -21.2 58 0 9.4 23.9 2.5 2.5 2 1 1 3 3
-6820.0 -6547.1 -21.6 183 0 11.9 5.7 7.5 2.5 2 0 3 1 1
-6811.9 -6556.3 -21.5 153 0 6.1 11.1 5.0 2.5 2 1 2 4 4
-6784.7 -6578.9 -21.2 55 0 7.9 17.8 5.0 2.5 2 1 2 1 1
-6804.8 -6645.6 -21.5 54 0 7.5 17.5 2.5 2.5 2 1 1 5 5
-6864.2 -6625.6 -22.4 66 0 6.6 17.2 7.5 0.0 0 1 3 5 5
-6856.6 -6637.9 -22.2 358 0 12.9 5.4 5.0 0.0 0 0 2 4 4
-6896.8 -6670.7 -23.0 147 0 17.4 7.8 7.5 2.5 2 0 3 5 5
-6868.4 -6659.4 -22.7 327 0 6.8 17.7 7.5 2.5 2 1 3 5 5
-6879.1 -6647.0 -22.7 335 0 6.3 9.0 7.5 2.5 2 1 3 4 4
-6827.4 -6658.7 -21.6 145 0 6.1 16.2 5.0 2.5 2 1 2 4 4
-6842.3 -6658.7 -21.9 240 0 8.6 12.0 2.5 2.5 2 1 1 1 1
-6861.0 -6710.6 -22.7 347 0 13.1 6.6 7.5 2.5 2 0 3 0 0
-6838.5 -6725.3 -22.2 172 0 8.2 7.8 5.0 2.5 2 0 2 4 4
-6870.8 -6734.7 -23.1 334 0 4.9 8.6 5.0 2.5 2 1 2 1 1
-6912.6 -6743.4 -23.9 237 0 8.7 18.3 7.5 2.5 4 1 3 5 5
-6868.8 -6755.7 -23.5 324 0 9.1 28.2 7.5 2.5 2 1 3 0 0
-6849.2 -6766.8 -22.8 337 0 13.0 10.9 2.5 2.5 2 0 1 1 1
-6859.1 -6775.8 -23.0 332 0 7.9 10.9 5.0 2.5 2 1 2 2 2
-6854.6 -6802.0 -23.0 329 0 6.7 23.5 5.0 2.5 2 1 2 4 4
-6877.2 -6795.3 -23.3 328 0 3.3 12.2 5.0 2.5 2 1 2 1 1
-6868.6 -6789.3 -23.1 330 0 5.1 8.6 5.0 2.5 2 1 2 4 4
-6825.8 -6796.2 -22.0 145 0 10.2 8.0 5.0 2.5 2 0 2 5 5
-6804.5 -6808.8 -21.4 147 0 5.4 31.6 5.0 2.5 2 1 2 2 2
-6806.9 -6801.2 -21.5 148 0 6.3 21.4 7.5 2.5 4 1 3 1 1
-6756.9 -6788.1 -20.8 329 0 22.9 9.7 5.0 2.5 2 0 2 5 5
-6793.5 -6820.8 -21.1 148 0 7.3 33.9 5.0 2.5 2 1 2 0 0
-6814.5 -6828.7 -21.6 157 0 11.7 14.8 5.0 2.5 2 1 2 5 5
-6844.1 -6816.0 -22.6 325 0 16.8 12.3 5.0 2.5 2 0 2 5 5
-6856.0 -6832.6 -22.9 328 0 8.7 14.8 5.0 2.5 2 1 2 4 4
-6849.6 -6842.3 -23.0 326 0 7.1 31.4 5.0 2.5 2 1 2 4 4
-6889.0 -6870.9 -23.4 165 0 15.2 13.2 5.0 0.0 0 0 2 2 2
-6827.8 -6846.1 -22.2 327 0 12.6 11.6 7.5 2.5 2 0 3 5 5
-6825.4 -6864.9 -22.2 329 0 10.4 14.2 7.5 2.5 2 1 3 4 4
-6867.3 -6905.0 -22.9 149 0 8.2 8.9 7.5 2.5 2 1 3 3 3
-6839.5 -6886.3 -22.7 329 0 7.9 23.2 2.5 2.5 4 1 1 0 0
-6878.6 -6889.6 -23.2 150 0 6.7 16.7 7.5 2.5 2 1 3 3 3
-6850.5 -6865.4 -22.8 330 0 5.0 15.9 7.5 2.5 2 1 3 5 5
-6801.9 -6856.6 -21.3 153 0 12.3 11.9 5.0 2.5 2 0 2 5 5
-6794.8 -6841.9 -21.1 146 0 7.2 10.9 5.0 2.5 2 1 2 5 5
-6756.7 -6842.5 -20.6 320 0 11.2 19.1 5.0 2.5 2 1 2 0 0
-6756.6 -6834.0 -20.5 60 0 7.1 19.1 7.5 2.5 2 1 3 2 2
-6746.4 -6888.2 -20.5 54 0 10.4 27.0 5.0 2.5 2 1 2 3 3
-6787.7 -6914.9 -21.4 147 0 6.1 26.2 2.5 2.5 2 1 1 3 3
-6803.8 -6897.9 -21.5 170 0 13.0 10.6 5.0 2.5 2 0 2 2 2
-6782.5 -6862.6 -20.9 149 0 7.8 10.9 5.0 2.5 2 1 2 0 0
-6750.5 -6921.9 -21.2 59 0 6.3 18.1 7.5 2.5 2 1 3 5 5
-6839.8 -6945.3 -23.0 331 0 9.8 11.5 5.0 2.5 2 1 2 4 4
-6876.4 -6976.3 -23.8 68 0 4.7 5.7 5.0 2.5 2 1 2 3 3
-6861.3 -7054.7 -23.6 58 0 9.8 17.2 7.5 2.5 2 1 3 3 3
-6828.0 -7029.4 -23.2 329 0 6.4 24.9 5.0 2.5 4 1 2 2 2
-6819.2 -7021.5 -23.0 343 0 10.7 8.3 5.0 2.5 2 0 2 4 4
-6756.4 -7024.7 -22.3 57 0 20.2 11.0 2.5 0.0 0 0 1 0 0
-6752.3 -7004.6 -22.4 57 0 7.4 13.7 2.5 0.0 0 1 1 5 5
-6779.8 -6971.6 -22.5 149 0 9.1 24.8 2.5 2.5 2 1 1 1 1
-6806.1 -6977.0 -22.9 166 0 11.8 8.7 2.5 2.5 2 0 1 0 0
-6804.7 -6947.3 -22.4 161 0 12.6 5.8 2.5 2.5 2 0 1 2 2
-6791.1 -7012.4 -22.6 150 0 5.0 12.8 2.5 2.5 4 1 1 3 3
-6778.2 -7004.6 -22.6 148 0 6.3 13.6 2.5 2.5 2 1 1 4 4
-6800.0 -7030.9 -22.7 150 0 10.7 10.2 5.0 2.5 2 0 2 3 3
-6790.1 -7105.3 -22.5 141 0 5.4 10.2 5.0 2.5 2 1 2 2 2
-6767.0 -7113.5 -22.3 327 0 6.7 12.9 5.0 2.5 2 1 2 0 0
-6774.4 -7142.6 -22.4 149 0 8.3 22.8 7.5 2.5 2 1 3 3 3
-6752.3 -7113.5 -22.1 232 0 7.4 16.2 7.5 2.5 4 1 3 1 1
-6799.5 -7155.8 -22.7 149 0 11.5 12.4 5.0 2.5 2 1 2 2 2
-6818.2 -7178.5 -23.0 332 0 9.4 12.8 7.5 2.5 2 1 3 0 0
-6819.8 -7235.2 -23.2 336 0 12.9 10.3 7.5 2.5 2 0 3 4 4
-6752.4 -7170.6 -22.4 60 0 9.4 16.9 7.5 2.5 4 1 3 0 0
-6786.8 -7176.1 -22.6 148 0 8.2 24.8 7.5 2.5 2 1 3 5 5
-6795.5 -7181.1 -22.7 150 0 7.0 8.2 2.5 2.5 2 1 1 1 1
-6800.2 -7199.4 -22.8 154 0 11.4 10.7 7.5 2.5 4 0 3 5 5
-6793.9 -7261.0 -23.0 152 0 12.7 13.6 5.0 2.5 4 1 2 3 3
-6800.7 -7227.1 -22.9 151 0 6.1 12.9 5.0 2.5 2 1 2 0 0
-6785.9 -7275.8 -23.0 151 0 12.2 9.9 5.0 2.5 2 0 2 1 1
-6828.8 -7195.9 -23.3 326 0 5.5 28.1 7.5 2.5 2 1 3 1 1
-6743.7 -7223.7 -22.5 329 0 19.3 9.1 7.5 2.5 2 0 3 1 1
-6727.6 -7242.7 -22.4 328 0 19.1 10.7 10.0 2.5 2 0 4 2 2
-6759.0 -7278.8 -22.8 143 0 24.3 17.4 7.5 0.0 0 0 3 2 2
-6779.7 -7299.9 -23.0 147 0 9.4 6.1 5.0 2.5 2 0 2 0 0
-6778.2 -7315.6 -23.1 151 0 9.1 5.9 5.0 0.0 0 0 2 5 5
-6835.1 -7347.3 -23.9 236 0 23.2 12.7 7.5 2.5 2 0 3 5 5
-6799.7 -7360.1 -24.0 330 0 6.2 33.3 5.0 0.0 0 1 2 0 0
-6799.5 -7343.8 -23.6 335 0 11.7 20.2 2.5 2.5 2 1 1 0 0
-6731.1 -7344.4 -23.3 57 0 14.5 16.3 5.0 2.5 2 1 2 3 3
-6769.0 -7348.8 -23.5 150 0 5.2 12.9 2.5 2.5 2 1 1 3 3
-6782.2 -7373.8 -23.9 150 0 4.7 15.3 7.5 2.5 2 1 3 0 0
-6818.9 -7396.1 -23.8 332 0 6.5 6.6 2.5 2.5 2 1 1 4 4
-6826.4 -7399.6 -24.0 331 0 11.9 22.4 7.5 2.5 2 1 3 5 5
-6799.4 -7379.6 -23.9 332 0 11.0 11.2 5.0 0.0 0 1 2 2 2
-6816.3 -7412.8 -23.8 332 0 11.5 12.0 2.5 2.5 2 1 1 2 2
-6750.4 -7436.0 -23.2 149 0 13.1 21.4 7.5 2.5 2 1 3 1 1
-6759.1 -7419.8 -23.3 149 0 5.2 18.1 5.0 2.5 2 1 2 0 0
-6753.7 -7424.1 -23.2 148 0 4.1 10.0 5.0 2.5 2 1 2 3 3
-6768.8 -7470.7 -23.4 149 0 14.2 11.7 2.5 2.5 4 0 1 1 1
-6777.5 -7426.9 -23.4 147 0 8.5 7.7 7.5 2.5 4 0 3 2 2
-6707.6 -7431.3 -23.0 328 0 12.7 5.8 5.0 2.5 2 0 2 0 0
-6811.0 -7496.9 -23.8 150 0 14.8 9.8 2.5 2.5 2 0 1 2 2
-6797.7 -7454.4 -23.8 325 0 4.6 16.9 5.0 2.5 2 1 2 4 4
-6843.4 -7367.7 -24.0 241 0 12.1 19.9 7.5 2.5 2 1 3 1 1
-6801.7 -7572.2 -24.0 150 0 17.7 8.4 2.5 2.5 2 0 1 0 0
-6768.0 -7562.8 -23.8 328 0 11.9 18.5 7.5 2.5 2 1 3 4 4
-6759.1 -7541.9 -23.6 329 0 11.1 9.6 7.5 2.5 2 0 3 4 4
-6753.6 -7509.1 -23.4 146 0 11.4 11.5 5.0 2.5 2 1 2 3 3
-6715.3 -7453.6 -23.0 327 0 9.1 8.9 7.5 2.5 2 0 3 0 0
-6714.0 -7488.8 -23.1 59 0 19.0 12.3 2.5 2.5 2 0 1 5 5
-6678.8 -7473.3 -22.7 59 0 10.7 18.9 5.0 2.5 2 1 2 3 3
-6715.5 -7500.0 -23.1 326 0 4.6 12.5 5.0 2.5 2 1 2 4 4
-6705.1 -7543.0 -23.2 330 0 12.4 12.5 7.5 2.5 2 1 3 0 0
-6727.3 -7574.6 -23.4 150 0 5.6 12.6 5.0 2.5 2 1 2 0 0
-6695.6 -7564.7 -23.3 329 0 5.7 12.9 5.0 2.5 2 1 2 0 0
-6785.3 -7515.0 -23.7 326 0 11.4 4.3 7.5 2.5 2 0 3 0 0
-6729.9 -7601.6 -23.6 329 0 10.3 11.6 2.5 2.5 2 1 1 3 3
-6740.1 -7627.2 -23.9 328 0 10.9 20.1 5.0 2.5 2 1 2 2 2
-6679.7 -7618.1 -23.5 146 0 5.8 16.5 5.0 2.5 2 1 2 5 5
-6703.1 -7619.7 -23.6 150 0 10.8 7.6 5.0 2.5 2 0 2 0 0
-6708.3 -7639.3 -23.8 332 0 10.7 12.0 7.5 0.0 0 1 3 1 1
-6721.0 -7627.8 -23.7 328 0 5.0 9.2 2.5 2.5 2 1 1 0 0
-6664.5 -7627.3 -23.5 148 0 9.6 20.9 7.5 2.5 2 1 3 3 3
-6595.6 -7551.0 -22.9 326 0 16.7 15.1 7.5 2.5 2 0 3 0 0
-6691.3 -7645.7 -23.7 150 0 11.9 17.9 5.0 2.5 2 1 2 2 2
-6732.9 -7677.4 -23.8 325 0 11.6 8.6 7.5 2.5 2 0 3 4 4
-6699.0 -7654.2 -23.8 332 0 10.7 6.9 5.0 2.5 2 0 2 5 5
-6706.3 -7687.1 -23.5 328 0 7.3 17.2 5.0 2.5 2 1 2 3 3
-6724.7 -7685.4 -23.8 328 0 4.5 15.3 7.5 2.5 2 1 3 0 0
-6700.9 -7668.3 -23.6 325 0 5.0 11.1 5.0 2.5 2 1 2 0 0
-6723.2 -7656.0 -23.9 327 0 8.3 19.0 5.0 2.5 2 1 2 5 5
-6707.9 -7656.1 -23.8 327 0 5.1 15.2 2.5 0.0 0 1 1 0 0
-6746.7 -7707.2 -24.0 147 0 15.3 13.2 2.5 2.5 2 0 1 4 4
-6657.6 -7668.1 -23.3 146 0 9.8 12.4 5.0 2.5 2 1 2 0 0
-6666.5 -7681.0 -23.2 147 0 11.2 6.1 7.5 2.5 4 0 3 2 2
-6666.9 -7717.9 -23.0 330 0 12.2 13.5 5.0 2.5 2 1 2 3 3
-6719.0 -7751.1 -23.8 149 0 19.3 9.5 2.5 2.5 2 0 1 3 3
-6670.9 -7739.8 -23.2 326 0 7.0 23.5 5.0 2.5 2 1 2 0 0
-6700.2 -7752.1 -23.4 152 0 18.5 6.2 7.5 2.5 2 0 3 4 4
-6575.9 -7796.6 -21.8 325 0 14.5 10.6 2.5 0.0 0 0 1 3 3
-6677.3 -7805.3 -23.3 145 0 17.6 8.3 5.0 2.5 2 0 2 1 1
-6644.0 -7811.7 -23.0 328 0 6.7 13.6 7.5 2.5 2 1 3 4 4
-6644.6 -7789.8 -22.9 325 0 4.1 15.7 2.5 2.5 2 1 1 5 5
-6625.5 -7796.5 -22.5 333 0 9.8 8.4 5.0 2.5 2 0 2 4 4
-6626.8 -7836.5 -22.8 331 0 12.1 18.6 5.0 2.5 2 1 2 0 0
-6635.3 -7873.5 -22.9 147 0 22.4 7.5 7.5 2.5 2 0 3 3 3
-6613.0 -7842.0 -22.5 328 0 7.4 9.0 2.5 2.5 2 1 1 3 3
-6596.3 -7855.2 -22.4 330 0 11.7 8.8 5.0 2.5 2 0 2 3 3
-6532.5 -7852.6 -22.2 327 0 14.6 13.4 5.0 2.5 2 0 2 3 3
-6577.0 -7902.6 -24.1 322 0 6.4 16.5 7.5 2.5 2 1 3 4 4
-6569.1 -7907.4 -24.2 326 0 5.2 18.2 5.0 2.5 2 1 2 4 4
-6570.3 -7977.8 -24.3 63 0 7.2 14.5 7.5 2.5 2 1 3 0 0
-6551.6 -7962.6 -24.2 330 0 7.4 16.7 7.5 2.5 2 1 3 2 2
-6545.8 -7960.1 -24.0 62 0 4.0 9.0 7.5 2.5 4 1 3 5 5
-6490.1 -7945.7 -22.8 332 0 11.1 15.3 2.5 2.5 2 1 1 5 5
-6497.4 -8085.2 -23.4 325 0 8.8 15.4 5.0 2.5 2 1 2 0 0
-6530.1 -8209.8 -23.7 235 0 25.2 10.8 7.5 2.5 2 0 3 3 3
-6500.6 -8237.1 -22.8 329 0 6.4 16.6 5.0 2.5 2 1 2 4 4
-6457.9 -8199.5 -21.7 339 0 16.4 12.9 5.0 2.5 4 0 2 2 2
-6574.5 -8280.3 -24.3 224 0 13.4 14.2 10.0 0.0 0 1 4 4 4
-6547.7 -8337.2 -24.3 129 0 26.8 7.6 5.0 2.5 2 0 2 1 1
-6544.9 -8319.0 -23.9 132 0 6.3 13.7 5.0 2.5 2 1 2 0 0
-6530.2 -8350.4 -23.9 135 0 5.0 17.3 2.5 2.5 2 1 1 0 0
-6504.9 -8325.6 -23.0 48 0 11.9 11.0 7.5 2.5 2 0 3 0 0
-6533.2 -8303.8 -23.3 140 0 5.9 10.3 7.5 2.5 2 1 3 4 4
-6456.5 -8275.8 -21.8 325 0 9.0 41.0 7.5 2.5 4 1 3 5 5
-6495.5 -8281.8 -22.1 329 0 7.1 10.7 5.0 2.5 4 1 2 0 0
-6481.9 -8271.4 -21.9 326 0 6.6 16.0 5.0 2.5 2 1 2 4 4
-6491.3 -8344.3 -23.0 321 0 10.2 8.7 5.0 0.0 0 0 2 1 1
-6484.9 -8355.3 -23.3 317 0 10.0 12.8 7.5 2.5 2 1 3 4 4
-6521.6 -8392.1 -24.3 135 0 7.9 18.5 7.5 2.5 2 1 3 1 1
-6535.7 -8404.2 -24.6 221 0 8.1 19.4 7.5 2.5 2 1 3 5 5
-6502.5 -8397.2 -23.8 130 0 7.0 25.5 2.5 2.5 2 1 1 4 4
-6477.0 -8366.6 -23.0 311 0 9.1 6.4 2.5 2.5 2 0 1 2 2
-6476.2 -8401.8 -22.9 133 0 10.0 8.9 5.0 2.5 4 0 2 2 2
-6438.4 -8362.3 -22.3 336 0 11.9 15.0 5.0 0.0 0 1 2 3 3
-6454.6 -8407.4 -22.6 45 0 9.6 10.2 5.0 2.5 2 1 2 3 3
-6463.1 -8455.2 -23.8 135 0 7.6 15.8 2.5 2.5 4 1 1 5 5
-6465.0 -8480.4 -24.7 222 0 8.1 23.7 7.5 0.0 0 1 3 4 4
-6431.4 -8471.1 -24.0 315 0 10.8 19.2 7.5 2.5 2 1 3 3 3
-6457.4 -8467.2 -24.0 131 0 9.7 13.8 5.0 2.5 2 1 2 1 1
-6427.2 -8450.3 -22.9 16 0 8.1 15.4 2.5 2.5 2 1 1 1 1
-6446.7 -8510.3 -24.9 222 0 7.6 17.5 5.0 2.5 2 1 2 1 1
-6369.9 -8685.4 -24.6 229 0 6.5 15.3 5.0 2.5 2 1 2 0 0
-6410.9 -8484.4 -23.1 325 0 9.2 6.5 7.5 2.5 2 0 3 0 0
-6416.2 -8473.8 -23.2 320 0 7.4 9.7 7.5 0.0 0 1 3 1 1
-6410.9 -8498.7 -23.7 317 0 7.1 13.0 5.0 2.5 2 1 2 2 2
-6433.5 -8486.2 -24.1 317 0 5.0 8.2 2.5 2.5 2 1 1 4 4
-6391.3 -8522.2 -23.3 324 0 11.9 11.7 5.0 2.5 2 0 2 3 3
-6379.6 -8446.7 -21.4 326 0 10.3 11.7 5.0 0.0 0 1 2 4 4
-6370.1 -8457.0 -21.2 328 0 12.5 9.1 2.5 2.5 4 0 1 5 5
-6377.5 -8546.7 -23.0 329 0 11.0 8.6 7.5 2.5 4 0 3 2 2
-6406.9 -8520.6 -23.9 319 0 7.0 12.5 5.0 2.5 4 1 2 2 2
-6433.7 -8572.2 -25.2 128 0 15.4 8.2 7.5 2.5 2 0 3 4 4
-6406.0 -8605.4 -24.7 132 0 46.6 8.0 7.5 2.5 2 0 3 4 4
-6386.5 -8576.0 -24.1 316 0 6.0 25.9 2.5 2.5 2 1 1 1 1
-6376.9 -8579.2 -23.4 314 0 11.0 12.6 10.0 2.5 4 1 4 1 1
-6366.9 -8592.5 -23.2 316 0 5.4 18.3 5.0 2.5 2 1 2 3 3
-6357.8 -8595.4 -22.7 326 0 6.7 11.5 2.5 2.5 2 1 1 2 2
-6369.3 -8617.1 -23.5 314 0 6.6 20.3 5.0 2.5 4 1 2 4 4
-6347.7 -8625.5 -23.5 325 0 9.4 8.1 2.5 2.5 4 0 1 2 2
-6323.0 -8590.6 -22.4 144 0 12.7 14.5 7.5 0.0 0 1 3 2 2
-6280.4 -8570.6 -22.1 325 0 6.4 16.1 7.5 2.5 2 1 3 2 2
-6300.0 -8635.3 -23.8 174 0 15.2 11.7 5.0 2.5 2 0 2 0 0
-6344.1 -8714.9 -24.6 132 0 4.2 15.7 2.5 2.5 2 1 1 4 4
-6306.0 -8736.0 -24.7 136 0 5.2 9.7 5.0 2.5 2 1 2 4 4
-4046.1 -8580.1 3.9 295 0 8.6 6.4 5.0 2.5 2 0 2 5 5
-4243.3 -8704.1 -2.2 208 0 7.4 14.2 5.0 2.5 2 1 2 5 5
-4234.6 -8737.4 -2.0 29 0 6.1 15.8 2.5 2.5 2 1 1 1 1
-4211.9 -8734.5 -0.6 118 0 11.3 11.9 2.5 2.5 2 1 1 0 0
-4167.7 -8699.2 0.7 28 0 10.0 12.6 7.5 0.0 0 1 3 1 1
-4151.8 -8628.9 2.0 209 0 7.4 26.1 7.5 2.5 4 1 3 4 4
-4114.5 -8666.7 3.1 28 0 12.6 12.9 5.0 2.5 2 1 2 4 4
-4147.0 -8672.3 1.6 32 0 6.3 16.0 7.5 2.5 2 1 3 0 0
-4096.4 -8653.9 4.0 28 0 11.3 11.4 2.5 2.5 2 1 1 3 3
-4078.6 -8633.3 4.1 26 0 10.5 15.5 5.0 2.5 2 1 2 2 2
-4062.9 -8639.8 4.5 25 0 11.5 8.4 5.0 0.0 0 0 2 1 1
-4047.5 -8626.6 4.5 32 0 11.4 11.0 5.0 2.5 2 0 2 1 1
-4061.9 -8620.9 4.3 29 0 5.8 6.7 5.0 2.5 2 1 2 5 5
-4059.1 -8572.7 3.6 296 0 7.7 18.5 5.0 2.5 2 1 2 1 1
-4015.9 -8590.3 4.1 24 0 17.5 12.6 7.5 2.5 4 0 3 0 0
-4024.3 -8613.7 4.6 30 0 13.4 10.0 10.0 2.5 2 0 4 2 2
-4045.5 -8606.6 4.2 28 0 6.9 14.0 7.5 2.5 2 1 3 1 1
-3985.0 -8538.7 3.5 294 0 15.0 5.7 7.5 0.0 0 0 3 5 5
-3966.1 -8577.1 4.3 34 0 11.0 13.8 10.0 2.5 2 1 4 3 3
-3921.8 -8451.7 1.6 297 0 67.9 14.4 15.0 0.0 0 0 6 5 5
-3885.1 -8512.4 3.7 26 0 11.4 11.6 7.5 2.5 2 1 3 5 5
-3892.2 -8568.7 5.0 207 0 24.7 14.0 10.0 2.5 2 0 4 3 3
-3868.6 -8533.6 4.5 215 0 18.4 17.6 7.5 2.5 2 0 3 4 4
-3899.0 -8509.7 3.4 27 0 6.0 18.2 7.5 2.5 2 1 3 5 5
-3820.1 -8462.3 2.9 28 0 7.4 16.1 5.0 2.5 2 1 2 2 2
-3788.4 -8475.8 3.6 294 0 11.0 20.8 10.0 2.5 2 1 4 4 4
-3751.0 -8448.6 3.3 216 0 11.6 11.3 2.5 2.5 2 0 1 4 4
-3795.4 -8384.0 1.5 206 0 21.2 13.0 7.5 2.5 2 0 3 2 2
-3764.9 -8426.4 2.3 30 0 11.6 24.1 7.5 2.5 2 1 3 4 4
-3769.3 -8439.5 2.9 49 0 8.7 7.9 7.5 2.5 2 0 3 2 2
-3748.7 -8403.8 1.8 31 0 6.8 33.8 5.0 2.5 2 1 2 3 3
-3735.3 -8342.9 1.5 297 0 31.1 10.5 7.5 2.5 2 0 3 2 2
-3710.9 -8348.6 2.0 297 0 12.9 12.3 7.5 2.5 4 0 3 1 1
-3707.6 -8390.3 2.0 29 0 13.4 17.0 2.5 2.5 2 1 1 0 0
-3727.7 -8403.6 2.3 27 0 7.4 17.6 2.5 2.5 2 1 1 3 3
-3746.1 -8387.0 1.7 28 0 10.9 17.5 5.0 2.5 2 1 2 0 0
-3714.5 -8481.0 4.1 30 0 19.8 6.9 2.5 2.5 4 0 1 3 3
-3755.2 -8473.8 3.9 210 0 6.9 26.4 5.0 2.5 4 1 2 1 1
-3736.6 -8449.5 3.5 205 0 4.9 20.1 7.5 2.5 4 1 3 0 0
-3701.3 -8454.6 3.6 25 0 17.9 10.4 5.0 0.0 0 0 2 5 5
-3679.2 -8405.8 2.9 219 0 10.8 16.2 5.0 2.5 2 1 2 1 1
-3645.7 -8444.4 3.7 27 0 8.5 17.7 2.5 2.5 2 1 1 5 5
-3658.0 -8407.1 3.1 210 0 8.6 12.5 5.0 2.5 2 1 2 1 1
-3670.7 -8390.1 2.8 217 0 10.2 12.6 7.5 2.5 2 1 3 3 3
-3621.6 -8401.0 3.6 300 0 7.7 20.2 5.0 2.5 2 1 2 4 4
-3599.6 -8283.8 4.5 305 0 11.7 8.3 5.0 2.5 2 0 2 1 1
-3604.4 -8311.8 4.2 35 0 5.7 11.4 7.5 2.5 2 1 3 1 1
-3617.3 -8310.5 3.9 27 0 6.3 15.9 5.0 2.5 2 1 2 3 3
-3604.9 -8365.1 4.1 115 0 12.8 9.3 5.0 2.5 2 0 2 5 5
-3601.1 -8341.5 4.3 210 0 8.9 9.8 7.5 2.5 2 1 3 2 2
-3590.3 -8351.6 4.5 208 0 6.5 12.7 7.5 2.5 2 1 3 5 5
-3540.9 -8347.3 5.3 26 0 8.4 16.3 7.5 2.5 2 1 3 3 3
-3568.2 -8345.4 4.9 298 0 5.7 12.5 7.5 2.5 2 1 3 1 1
-3552.6 -8315.9 5.4 208 0 11.8 12.1 10.0 2.5 4 1 4 3 3
-3549.4 -8236.2 5.9 205 0 25.1 6.7 5.0 2.5 2 0 2 1 1
-3534.3 -8223.4 5.9 208 0 7.7 20.9 5.0 2.5 2 1 2 0 0
-3525.1 -8264.2 6.1 28 0 7.0 20.9 5.0 2.5 2 1 2 2 2
-3503.9 -8256.2 6.1 24 0 11.0 11.3 7.5 2.5 4 1 3 0 0
-3486.4 -8242.5 6.0 25 0 11.6 8.2 5.0 2.5 2 0 2 0 0
-3483.4 -8280.1 6.3 209 0 13.6 13.5 2.5 2.5 2 0 1 2 2
-3468.3 -8222.9 5.9 31 0 7.5 20.1 7.5 0.0 0 1 3 0 0
-3480.3 -8186.7 5.7 207 0 22.6 9.4 2.5 2.5 2 0 1 4 4
-3439.5 -8213.3 5.9 34 0 12.9 13.0 5.0 0.0 0 1 2 0 0
-3425.7 -8240.6 6.1 210 0 10.0 19.8 10.0 2.5 2 1 4 1 1
-3437.1 -8190.5 5.7 26 0 7.1 23.3 7.5 2.5 2 1 3 2 2
-3426.0 -8197.4 5.8 28 0 5.6 11.6 2.5 2.5 2 1 1 3 3
-3420.5 -8162.1 5.9 30 0 6.8 19.9 7.5 2.5 4 1 3 1 1
-3401.4 -8184.4 5.9 28 0 16.0 14.9 7.5 2.5 2 0 3 5 5
-3433.3 -8115.9 5.9 296 0 15.3 18.4 10.0 2.5 2 1 4 4 4
-3402.8 -8146.6 6.0 25 0 8.2 7.6 5.0 2.5 2 0 2 2 2
-3359.1 -8136.3 7.1 25 0 19.4 11.6 7.5 0.0 0 0 3 0 0
-3367.8 -8103.6 8.1 203 0 19.7 9.3 7.5 2.5 2 0 3 0 0
-3359.2 -8076.7 9.4 204 0 13.3 8.4 7.5 2.5 2 0 3 1 1
-3326.8 -8109.6 9.2 27 0 8.0 27.9 2.5 2.5 2 1 1 1 1
-3304.0 -8102.2 11.2 25 0 12.1 11.2 7.5 2.5 2 0 3 2 2
-3630.9 -8347.9 3.6 49 0 4.3 8.2 7.5 2.5 2 1 3 1 1
-3644.6 -8334.2 3.5 121 0 4.6 11.2 5.0 0.0 0 1 2 1 1
-4365.3 -6021.1 -2.6 252 0 23.0 7.6 7.5 2.5 2 0 3 2 2
-4348.6 -6024.2 -2.4 248 0 5.6 16.5 7.5 2.5 2 1 3 5 5
-4318.3 -6090.7 -1.5 73 0 6.6 22.9 5.0 2.5 2 1 2 1 1
-4380.7 -6071.6 -2.0 166 0 12.7 9.4 5.0 2.5 2 0 2 2 2
-4394.3 -6038.8 -2.6 161 0 7.5 8.8 7.5 2.5 2 1 3 4 4
-4355.5 -6102.2 -1.2 159 0 7.3 7.4 7.5 2.5 2 1 3 1 1
-4398.2 -6086.0 -1.9 347 0 8.0 10.7 7.5 2.5 2 1 3 1 1
-4413.7 -6070.1 -2.2 342 0 5.8 20.8 7.5 2.5 2 1 3 1 1
-4382.6 -6130.3 -1.0 340 0 12.1 11.0 10.0 0.0 0 0 4 0 0
-4439.7 -6166.3 -0.9 162 0 13.0 23.7 7.5 2.5 2 1 3 1 1
-4443.0 -6137.9 -1.2 251 0 15.1 6.7 5.0 2.5 2 0 2 2 2
-4427.9 -6133.2 -1.2 255 0 12.6 7.4 5.0 2.5 2 0 2 0 0
-4408.2 -6209.1 -0.5 71 0 9.6 20.6 2.5 0.0 0 1 1 0 0
-4394.7 -6211.0 -0.3 75 0 9.7 6.3 7.5 2.5 2 0 3 5 5
-4368.9 -6197.3 -0.3 341 0 6.6 22.4 5.0 0.0 0 1 2 1 1
-4379.9 -6180.1 -0.4 339 0 3.8 13.5 5.0 2.5 4 1 2 3 3
-4376.0 -6169.7 -0.5 343 0 7.2 14.5 5.0 2.5 2 1 2 5 5
-4367.0 -6161.1 -0.4 340 0 9.3 8.5 5.0 0.0 0 0 2 0 0
-4362.9 -6176.2 -0.3 340 0 11.4 7.6 5.0 2.5 2 0 2 2 2
-4353.7 -6150.1 -0.5 157 0 10.5 6.3 5.0 2.5 2 0 2 1 1
-4297.9 -6254.9 0.6 161 0 14.8 9.4 7.5 2.5 2 0 3 2 2
-4296.5 -6297.6 1.4 161 0 11.7 12.5 2.5 2.5 2 1 1 3 3
-4264.3 -6341.6 2.0 160 0 7.7 23.9 5.0 2.5 2 1 2 1 1
-4277.1 -6349.3 2.3 162 0 5.4 11.1 7.5 2.5 2 1 3 2 2
-4241.1 -6315.2 1.6 250 0 8.6 20.3 5.0 2.5 2 1 2 2 2
-4224.2 -6345.9 2.2 340 0 19.1 7.5 2.5 2.5 4 0 1 5 5
-4256.9 -6348.3 2.2 162 0 5.7 22.8 2.5 2.5 4 1 1 1 1
-4247.0 -6374.8 2.7 164 0 13.4 19.1 7.5 2.5 2 1 3 4 4
-4264.5 -6371.4 2.7 163 0 12.9 11.8 7.5 2.5 4 0 3 4 4
-4207.4 -6367.0 2.8 345 0 9.4 19.2 7.5 2.5 4 1 3 3 3
-4213.2 -6360.7 2.7 345 0 3.5 15.6 5.0 2.5 2 1 2 5 5
-4351.1 -6361.2 2.5 158 0 18.3 8.8 7.5 2.5 2 0 3 0 0
-4310.8 -6363.9 2.7 338 0 7.0 19.5 5.0 2.5 2 1 2 0 0
-4330.4 -6301.7 1.6 335 0 8.5 24.6 2.5 2.5 2 1 1 1 1
-4363.7 -6294.6 1.5 251 0 5.8 17.7 7.5 2.5 2 1 3 1 1
-4289.1 -6405.3 3.3 341 0 20.1 11.4 7.5 2.5 2 0 3 1 1
-4267.3 -6429.8 3.1 343 0 8.4 7.1 5.0 2.5 2 0 2 1 1
-4262.7 -6389.3 3.1 155 0 10.7 10.8 5.0 2.5 2 1 2 4 4
-4228.9 -6426.6 2.8 160 0 8.1 23.3 5.0 2.5 2 1 2 3 3
-4247.0 -6429.1 3.0 161 0 10.8 6.3 7.5 2.5 2 0 3 5 5
-4249.0 -6413.4 3.0 158 0 10.1 12.3 7.5 0.0 0 1 3 2 2
-4248.9 -6397.8 3.1 164 0 11.0 11.6 5.0 2.5 2 1 2 2 2
-4248.8 -6488.8 3.1 343 0 13.8 18.3 10.0 0.0 0 1 4 4 4
-4233.7 -6514.0 3.0 342 0 12.3 11.3 5.0 2.5 4 0 2 3 3
-4261.6 -6521.4 3.2 161 0 5.4 9.9 5.0 2.5 2 1 2 5 5
-4232.2 -6540.2 3.1 341 0 8.9 19.6 5.0 2.5 2 1 2 1 1
-4172.2 -6474.1 2.5 250 0 8.9 25.2 2.5 2.5 2 1 1 0 0
-4147.5 -6507.4 2.5 339 0 10.1 29.2 7.5 2.5 2 1 3 4 4
-4213.1 -6515.6 2.8 159 0 12.1 11.7 2.5 0.0 0 0 1 4 4
-4183.2 -6536.1 2.5 163 0 7.9 29.4 5.0 2.5 2 1 2 1 1
-4197.4 -6552.6 2.8 161 0 12.8 8.5 5.0 2.5 2 0 2 4 4
-4167.2 -6562.2 2.6 164 0 8.1 14.3 7.5 2.5 2 1 3 2 2
-4231.9 -6558.0 3.1 342 0 8.4 19.3 5.0 2.5 4 1 2 1 1
-4266.6 -6569.6 3.3 205 0 12.5 22.0 10.0 2.5 2 1 4 2 2
-4223.4 -6591.8 3.2 343 0 7.5 24.4 7.5 0.0 0 1 3 1 1
-4184.7 -6582.0 2.8 161 0 12.0 14.4 7.5 2.5 2 1 3 0 0
-4162.7 -6623.5 2.3 165 0 6.7 31.4 2.5 2.5 2 1 1 5 5
-4163.7 -6645.3 2.5 156 0 12.3 10.6 7.5 2.5 4 0 3 2 2
-4145.9 -6644.1 2.2 157 0 6.7 14.0 7.5 2.5 2 1 3 1 1
-4170.6 -6673.3 2.7 342 0 9.5 8.9 7.5 2.5 4 0 3 4 4
-4166.7 -6686.8 2.7 345 0 12.7 12.4 5.0 2.5 2 0 2 4 4
-4181.4 -6691.5 2.8 340 0 7.5 24.3 5.0 2.5 2 1 2 3 3
-4226.4 -6690.9 3.2 164 0 21.3 11.7 7.5 2.5 2 0 3 1 1
-4213.4 -6716.6 3.2 160 0 9.1 27.7 7.5 2.5 2 1 3 5 5
-4139.1 -6686.2 2.2 157 0 14.8 9.7 5.0 2.5 2 0 2 0 0
-4130.1 -6720.7 2.3 161 0 10.7 13.8 7.5 2.5 4 1 3 3 3
-4125.9 -6739.1 2.7 163 0 7.7 10.0 5.0 2.5 2 1 2 5 5
-4148.4 -6749.9 3.2 341 0 6.7 15.2 5.0 2.5 2 1 2 4 4
-4149.9 -6730.2 3.1 340 0 16.0 8.5 5.0 0.0 0 0 2 0 0
-4161.5 -6731.2 3.2 344 0 6.7 14.5 5.0 2.5 4 1 2 1 1
-4134.6 -6770.7 3.1 342 0 9.0 11.7 7.5 2.5 2 1 3 4 4
-4129.0 -6793.5 3.1 338 0 11.8 10.8 10.0 2.5 2 0 4 3 3
-4112.9 -6770.6 3.0 164 0 8.6 6.9 7.5 2.5 2 0 3 5 5
-4096.7 -6775.5 2.9 163 0 7.9 20.2 5.0 2.5 2 1 2 4 4
-4072.0 -6742.5 2.1 250 0 9.0 20.9 5.0 2.5 2 1 2 2 2
-4097.2 -6796.6 2.9 163 0 9.4 14.4 7.5 2.5 2 1 3 3 3
-4135.5 -6820.4 3.1 344 0 6.7 13.9 7.5 2.5 2 1 3 4 4
-4166.3 -6817.4 3.2 161 0 21.7 7.4 5.0 2.5 2 0 2 3 3
-4120.1 -6812.6 3.0 338 0 10.3 5.4 7.5 2.5 2 0 3 1 1
-4161.3 -6841.7 3.1 162 0 5.7 22.7 5.0 2.5 2 1 2 2 2
-4113.8 -6846.4 3.0 339 0 13.1 14.1 5.0 2.5 2 1 2 5 5
-4157.8 -6862.6 3.1 160 0 16.7 11.2 5.0 2.5 2 0 2 2 2
-4110.3 -6866.4 3.0 342 0 7.8 20.5 7.5 2.5 2 1 3 4 4
-4090.4 -6844.8 2.9 161 0 7.0 12.3 2.5 2.5 2 1 1 5 5
-4101.0 -6926.3 3.0 345 0 6.5 11.6 7.5 2.5 2 1 3 3 3
-4102.0 -6950.4 3.0 340 0 6.2 15.8 5.0 0.0 0 1 2 5 5
-4079.1 -6945.9 2.9 340 0 12.7 13.0 2.5 2.5 2 1 1 3 3
-4149.1 -6950.8 3.1 161 0 18.8 11.5 7.5 2.5 2 0 3 3 3
-4170.5 -7028.4 2.9 162 0 13.4 44.6 7.5 2.5 4 1 3 2 2
-4121.8 -7005.6 3.0 159 0 10.6 12.0 5.0 2.5 2 1 2 4 4
-4073.9 -7004.5 3.0 332 0 7.3 26.4 7.5 2.5 2 1 3 3 3
-4109.1 -7032.7 2.8 153 0 24.5 11.1 10.0 0.0 0 0 4 5 5
-4066.4 -7026.2 2.9 330 0 11.9 17.6 2.5 2.5 2 1 1 4 4
-4054.3 -7014.0 2.9 338 0 8.8 11.5 2.5 2.5 2 1 1 5 5
-4049.6 -7000.5 2.9 340 0 10.5 8.0 5.0 2.5 4 0 2 0 0
-4092.4 -7055.4 2.8 152 0 19.1 7.9 7.5 2.5 2 0 3 1 1
-4040.8 -7017.6 2.8 339 0 5.5 6.6 5.0 0.0 0 1 2 1 1
-4034.2 -6989.6 2.9 162 0 11.9 9.9 7.5 2.5 2 0 3 1 1
-4028.3 -7013.8 2.8 158 0 10.2 8.0 5.0 2.5 2 0 2 3 3
-3985.2 -7081.0 3.2 145 0 9.2 20.8 7.5 0.0 0 1 3 1 1
-3993.0 -7049.9 3.1 216 0 6.7 16.9 2.5 0.0 0 1 1 3 3
-3992.1 -7042.8 2.8 120 0 7.7 18.1 5.0 2.5 2 1 2 1 1
-4012.4 -7047.6 3.0 129 0 10.9 10.9 7.5 2.5 2 0 3 2 2
-4019.2 -7026.1 2.8 207 0 5.9 14.0 7.5 2.5 2 1 3 3 3
-4002.8 -7065.4 3.2 148 0 18.7 6.2 5.0 2.5 2 0 2 3 3
-4048.4 -7071.4 2.7 324 0 7.9 26.7 7.5 2.5 2 1 3 4 4
-4082.5 -7106.6 2.5 147 0 22.6 9.4 5.0 2.5 2 0 2 1 1
-4034.4 -7087.9 2.8 321 0 9.3 19.9 5.0 2.5 2 1 2 2 2
-4015.2 -7077.3 3.0 329 0 11.2 13.2 2.5 2.5 2 1 1 2 2
-4011.3 -7099.0 2.9 317 0 13.2 10.4 7.5 2.5 2 0 3 4 4
-4039.3 -7128.6 2.5 44 0 18.6 12.5 2.5 2.5 2 0 1 0 0
-4042.6 -7159.9 2.3 51 0 10.7 26.4 7.5 2.5 2 1 3 1 1
-3916.4 -7151.9 3.4 302 0 9.8 8.5 2.5 2.5 2 0 1 0 0
-3923.3 -7159.1 3.5 310 0 7.7 18.8 5.0 2.5 2 1 2 2 2
-3970.5 -7133.1 3.0 215 0 16.8 11.2 2.5 2.5 2 0 1 3 3
-3941.8 -7137.5 3.1 299 0 9.1 6.6 5.0 2.5 2 0 2 4 4
-4018.9 -7166.0 2.7 217 0 4.9 11.6 2.5 2.5 2 1 1 2 2
-4030.6 -7174.3 2.7 215 0 6.8 11.4 5.0 2.5 2 1 2 1 1
-4043.3 -7178.3 2.5 234 0 4.2 6.2 7.5 2.5 2 1 3 4 4
-4051.8 -7187.9 2.3 232 0 4.7 8.9 7.5 2.5 2 1 3 0 0
-3990.6 -7237.8 2.3 44 0 12.8 20.3 7.5 2.5 2 1 3 3 3
-4115.9 -7353.0 2.4 45 0 12.0 13.4 5.0 2.5 2 1 2 4 4
-4146.7 -7346.5 2.3 221 0 21.5 8.1 2.5 2.5 2 0 1 4 4
-4126.3 -7293.4 2.4 308 0 8.1 23.8 7.5 2.5 2 1 3 2 2
-4117.4 -7333.0 2.5 42 0 6.1 13.2 2.5 2.5 4 1 1 3 3
-4101.8 -7340.2 2.5 41 0 6.1 10.2 5.0 0.0 0 1 2 3 3
-4103.5 -7320.5 2.5 39 0 7.9 11.7 7.5 2.5 2 1 3 3 3
-4129.0 -7381.6 2.3 43 0 6.3 23.9 5.0 2.5 2 1 2 3 3
-4112.7 -7389.4 2.4 38 0 11.2 10.1 5.0 2.5 2 0 2 3 3
-4102.2 -7361.4 2.5 44 0 4.8 9.2 7.5 2.5 2 1 3 2 2
-4124.2 -7412.0 2.1 46 0 9.2 13.4 5.0 2.5 2 1 2 3 3
-4126.5 -7391.2 2.4 45 0 3.7 6.6 7.5 0.0 0 1 3 2 2
-4165.9 -7390.0 2.0 222 0 6.1 27.4 7.5 2.5 2 1 3 2 2
-4187.7 -7390.0 1.6 220 0 34.1 15.3 7.5 2.5 2 0 3 3 3
-4157.5 -7431.9 1.2 46 0 6.1 32.9 5.0 2.5 2 1 2 0 0
-3221.8 -8727.4 7.4 107 0 12.2 6.3 7.5 2.5 2 0 3 1 1
-3234.1 -8722.2 7.8 103 0 8.2 5.5 5.0 2.5 2 0 2 3 3
-3207.7 -8736.2 6.8 106 0 10.9 8.8 5.0 2.5 2 0 2 1 1
-2789.8 -8733.4 8.2 99 0 13.6 12.0 2.5 0.0 0 0 1 2 2
-2843.8 -8732.3 8.2 100 0 8.4 18.2 7.5 2.5 2 1 3 5 5
-2833.6 -8737.8 8.2 96 0 4.3 6.0 2.5 2.5 2 1 1 0 0
-2816.5 -8719.0 8.6 99 0 9.9 3.4 7.5 2.5 2 0 3 2 2
-2782.6 -8703.7 9.0 5 0 10.0 7.9 7.5 2.5 2 0 3 0 0
-2774.0 -8686.2 9.4 4 0 12.5 14.0 5.0 2.5 2 1 2 2 2
-2795.7 -8685.0 9.5 8 0 7.0 7.8 7.5 2.5 2 1 3 4 4
-2698.2 -8560.2 10.0 189 0 11.9 12.2 7.5 2.5 2 1 3 4 4
-2564.6 -8431.3 8.1 102 0 8.6 35.9 7.5 2.5 2 1 3 4 4
-2516.6 -8417.3 8.2 10 0 8.4 21.5 5.0 2.5 2 1 2 5 5
-2509.4 -8449.5 8.6 13 0 9.1 8.8 2.5 2.5 4 0 1 0 0
-2497.0 -8423.9 8.3 283 0 13.0 18.0 7.5 0.0 0 1 3 2 2
-2432.9 -8173.1 6.5 297 0 21.1 11.6 10.0 2.5 2 0 4 1 1
-2460.9 -8177.6 6.6 208 0 19.0 8.5 7.5 2.5 2 0 3 0 0
-2448.7 -8215.3 6.4 115 0 4.7 19.9 7.5 2.5 2 1 3 0 0
-2460.4 -8220.9 6.4 27 0 11.1 11.0 5.0 2.5 2 0 2 0 0
-2556.9 -8098.8 7.2 120 0 11.7 16.3 2.5 2.5 2 1 1 2 2
-2531.3 -8068.6 6.7 30 0 26.5 9.2 7.5 2.5 2 0 3 0 0
-1687.3 -8500.0 8.3 120 0 8.0 17.8 5.0 2.5 2 1 2 4 4
-1707.6 -8499.1 8.4 118 0 15.5 11.0 5.0 2.5 2 0 2 1 1
-1733.5 -8467.1 8.1 208 0 19.4 15.1 7.5 2.5 2 0 3 2 2
-2042.3 -8026.7 3.3 304 0 12.2 16.0 7.5 2.5 2 1 3 1 1
-2078.4 -7794.3 0.8 29 0 6.9 16.1 7.5 2.5 2 1 3 5 5
-2101.1 -7760.2 0.9 206 0 12.7 15.2 5.0 2.5 2 1 2 2 2
-2077.7 -7658.5 0.1 207 0 18.1 12.1 5.0 0.0 0 0 2 2 2
-2028.9 -7689.3 0.3 25 0 11.6 12.0 2.5 2.5 2 1 1 2 2
-2060.9 -7729.5 0.7 26 0 5.6 16.9 5.0 2.5 2 1 2 5 5
-2060.2 -7707.2 0.6 21 0 5.8 11.5 5.0 2.5 2 1 2 5 5
-2042.6 -7728.4 0.5 25 0 10.6 7.2 7.5 2.5 2 0 3 2 2
-2040.9 -7669.9 0.3 27 0 7.1 20.2 7.5 2.5 2 1 3 1 1
-2009.0 -7643.5 -0.1 24 0 13.1 8.6 7.5 2.5 2 0 3 5 5
-2042.6 -7637.2 -0.1 212 0 6.6 11.5 7.5 2.5 4 1 3 4 4
-1976.5 -7548.1 -4.4 27 0 19.3 11.8 7.5 0.0 0 0 3 1 1
-2015.7 -7545.0 -3.6 203 0 9.1 5.2 7.5 2.5 2 0 3 5 5
-1994.8 -7498.4 -4.8 295 0 5.8 24.1 7.5 2.5 2 1 3 5 5
-2021.7 -7474.2 -4.7 210 0 7.7 23.8 7.5 2.5 4 1 3 4 4
-1990.9 -7487.6 -4.9 294 0 6.9 7.8 5.0 0.0 0 1 2 2 2
-1961.1 -7507.2 -5.4 25 0 8.8 17.0 7.5 2.5 2 1 3 0 0
-1993.7 -7553.0 -3.8 24 0 7.4 8.4 7.5 2.5 2 1 3 2 2
-1943.2 -7513.5 -5.9 204 0 9.9 28.1 7.5 2.5 4 1 3 2 2
-1895.9 -7544.8 -6.1 29 0 19.6 8.0 7.5 2.5 2 0 3 2 2
-1943.4 -7544.1 -5.2 201 0 10.5 12.3 2.5 2.5 2 1 1 3 3
-1949.5 -7528.7 -5.2 202 0 4.6 4.9 2.5 2.5 2 1 1 3 3
-1914.1 -7555.8 -5.3 107 0 7.7 4.4 5.0 2.5 2 0 2 4 4
-1935.0 -7402.1 -6.1 26 0 13.0 16.6 7.5 2.5 2 1 3 5 5
-1977.4 -7420.0 -5.6 122 0 21.9 7.2 5.0 2.5 2 0 2 0 0
-1950.9 -7431.1 -5.8 29 0 7.6 15.7 7.5 2.5 2 1 3 3 3
-1990.9 -7390.3 -5.3 209 0 6.1 6.8 7.5 2.5 4 1 3 5 5
-1990.5 -7410.5 -5.3 121 0 8.0 3.8 5.0 2.5 2 0 2 4 4
-1849.5 -7233.7 -1.2 30 0 11.3 17.7 5.0 2.5 2 1 2 1 1
-1833.8 -7217.2 -0.7 29 0 10.3 11.4 7.5 2.5 4 1 3 3 3
-1838.2 -7199.4 -0.1 27 0 8.0 11.7 5.0 2.5 2 1 2 1 1
-1882.4 -7232.4 -0.9 116 0 11.0 6.4 2.5 2.5 2 0 1 1 1
-1883.6 -7198.9 -0.3 205 0 28.1 11.0 7.5 2.5 4 0 3 5 5
-1872.0 -7166.3 0.6 209 0 13.1 12.5 2.5 0.0 0 0 1 5 5
-1851.8 -7198.8 -0.0 21 0 8.8 5.7 5.0 2.5 2 0 2 1 1
-1831.9 -7176.5 0.5 28 0 11.8 29.3 12.5 2.5 2 1 5 3 3
-1819.0 -7194.3 -0.1 24 0 10.7 12.3 2.5 2.5 2 1 1 1 1
-1822.6 -7143.6 1.6 297 0 11.7 10.4 5.0 2.5 2 0 2 4 4
-1803.9 -7161.6 0.9 27 0 7.6 6.7 7.5 2.5 2 0 3 4 4
-1714.6 -6925.3 -1.1 242 0 11.9 18.4 7.5 0.0 0 1 3 4 4
-1682.4 -6933.1 -1.7 29 0 13.3 11.3 7.5 2.5 2 0 3 3 3
-1792.4 -6611.4 -3.1 126 0 13.0 10.8 2.5 2.5 4 0 1 5 5
-1819.6 -6597.2 -2.8 126 0 12.3 7.4 7.5 0.0 0 0 3 3 3
-1832.8 -6582.6 -3.0 124 0 8.2 20.8 7.5 2.5 2 1 3 2 2
-1808.9 -6565.0 -3.2 301 0 5.1 7.3 2.5 2.5 2 1 1 0 0
-1484.5 -6402.5 -12.0 304 0 11.4 12.3 7.5 2.5 2 1 3 2 2
-1492.4 -6436.9 -11.3 213 0 6.5 8.1 7.5 2.5 2 1 3 1 1
-1459.9 -6414.2 -12.2 307 0 11.1 12.5 2.5 2.5 2 1 1 3 3
-1435.4 -6410.6 -13.0 116 0 28.5 8.6 7.5 2.5 2 0 3 5 5
-1402.4 -6416.6 -13.5 112 0 13.6 11.6 5.0 2.5 2 0 2 3 3
-1390.6 -6426.7 -13.4 117 0 11.1 11.3 2.5 2.5 2 1 1 1 1
-1372.2 -6393.1 -14.1 306 0 16.6 7.7 7.5 2.5 2 0 3 3 3
-1354.9 -6411.0 -14.0 307 0 7.2 17.9 2.5 2.5 2 1 1 3 3
-1384.0 -6445.2 -12.8 290 0 11.7 9.7 7.5 0.0 0 0 3 4 4
-1372.7 -6356.2 -15.4 145 0 10.5 11.3 7.5 2.5 2 1 3 0 0
-1353.3 -6344.9 -15.7 56 0 5.4 7.5 2.5 2.5 2 1 1 2 2
-1324.1 -6417.2 -14.7 143 0 8.8 11.1 5.0 2.5 2 1 2 1 1
-1310.0 -6398.0 -15.0 315 0 4.9 7.4 2.5 2.5 2 1 1 4 4
-1295.4 -6392.4 -15.5 237 0 9.2 20.1 7.5 2.5 2 1 3 1 1
-1312.7 -6434.5 -14.7 150 0 8.0 20.3 7.5 2.5 2 1 3 2 2
-1281.5 -6416.5 -15.1 324 0 7.1 4.5 2.5 2.5 2 0 1 5 5
-1302.9 -6452.3 -14.2 132 0 6.7 13.4 5.0 2.5 2 1 2 0 0
-1341.9 -6426.0 -13.9 308 0 11.8 10.7 2.5 2.5 2 0 1 3 3
-1376.6 -6479.5 -12.2 129 0 15.0 6.8 7.5 2.5 2 0 3 5 5
-1353.3 -6444.5 -13.4 113 0 13.2 5.6 2.5 0.0 0 0 1 2 2
-1359.0 -6402.6 -14.1 303 0 10.9 4.1 5.0 2.5 2 0 2 2 2
-1321.0 -6484.2 -12.7 300 0 7.2 14.5 7.5 2.5 2 1 3 1 1
-1337.8 -6474.0 -12.8 308 0 4.7 7.3 5.0 2.5 2 1 2 3 3
-1293.7 -6468.6 -14.0 131 0 9.2 12.8 5.0 2.5 2 1 2 3 3
-1300.5 -6500.8 -12.7 310 0 16.3 17.1 5.0 2.5 2 1 2 5 5
-1271.5 -6474.1 -14.5 134 0 7.5 21.4 7.5 2.5 2 1 3 3 3
-1235.1 -6451.8 -14.9 308 0 28.3 10.8 10.0 2.5 2 0 4 5 5
-1248.5 -6459.2 -14.5 305 0 3.6 3.8 2.5 2.5 2 1 1 4 4
-1281.6 -6479.6 -13.8 129 0 4.8 7.8 7.5 0.0 0 1 3 2 2
-1264.7 -6495.3 -13.7 128 0 11.3 10.9 5.0 2.5 2 0 2 2 2
-1250.2 -6486.4 -14.1 128 0 5.8 8.5 7.5 2.5 2 1 3 4 4
-1243.4 -6491.9 -14.2 124 0 6.8 14.2 7.5 2.5 4 1 3 0 0
-1250.6 -6508.2 -13.7 132 0 10.2 11.9 7.5 2.5 2 1 3 4 4
-1306.0 -6551.3 -12.1 130 0 16.6 8.4 7.5 2.5 2 0 3 0 0
-1289.2 -6525.9 -12.4 311 0 8.0 10.2 2.5 2.5 2 1 1 1 1
-1281.3 -6515.4 -12.6 309 0 5.0 12.1 7.5 2.5 2 1 3 1 1
-1267.3 -6516.2 -13.0 309 0 9.6 10.8 7.5 2.5 2 1 3 2 2
-1272.1 -6530.1 -12.8 308 0 5.3 15.0 7.5 2.5 2 1 3 4 4
-1265.1 -6561.1 -13.0 136 0 5.4 8.0 5.0 2.5 2 1 2 5 5
-1222.2 -6523.3 -14.3 128 0 13.0 11.7 5.0 2.5 2 0 2 4 4
-1216.0 -6540.6 -14.5 132 0 6.7 20.3 7.5 2.5 2 1 3 4 4
-1191.8 -6530.9 -14.7 314 0 13.9 7.1 7.5 2.5 2 0 3 4 4
-1216.5 -6557.5 -14.3 138 0 10.2 14.2 5.0 2.5 2 1 2 3 3
-1197.0 -6557.4 -14.7 129 0 7.7 17.1 5.0 2.5 2 1 2 3 3
-1174.9 -6544.3 -14.9 307 0 9.2 7.3 5.0 2.5 2 0 2 1 1
-1206.5 -6577.0 -14.6 134 0 7.1 19.3 7.5 2.5 2 1 3 3 3
-1234.3 -6637.9 -13.4 239 0 17.4 7.1 7.5 2.5 2 0 3 0 0
-1242.6 -6656.4 -13.1 237 0 9.8 18.0 5.0 2.5 2 1 2 4 4
-1201.6 -6655.5 -13.9 320 0 8.3 17.6 7.5 2.5 2 1 3 3 3
-1183.9 -6673.0 -14.2 331 0 11.8 14.1 7.5 2.5 2 1 3 1 1
-1221.1 -6694.4 -13.5 144 0 16.6 7.3 2.5 2.5 2 0 1 3 3
-1202.5 -6699.8 -13.7 60 0 6.5 5.7 7.5 2.5 2 0 3 0 0
-1196.0 -6591.5 -14.5 130 0 11.4 8.8 5.0 2.5 2 0 2 2 2
-1163.8 -6576.6 -15.1 316 0 15.5 7.4 5.0 2.5 2 0 2 4 4
-1156.7 -6588.4 -15.2 314 0 6.1 19.8 7.5 2.5 2 1 3 3 3
-1182.7 -6616.9 -14.8 132 0 4.8 13.5 7.5 2.5 2 1 3 5 5
-1183.8 -6578.9 -14.8 131 0 5.3 5.7 2.5 2.5 2 1 1 2 2
-1157.7 -6653.6 -15.3 153 0 10.2 12.7 7.5 2.5 2 1 3 0 0
-1124.4 -6630.9 -15.9 63 0 16.6 6.7 5.0 2.5 2 0 2 1 1
-1066.6 -6632.5 -16.4 271 0 17.9 11.4 5.0 2.5 2 0 2 0 0
-1032.2 -6682.4 -15.9 354 0 11.1 11.3 5.0 2.5 2 1 2 5 5
-1079.9 -6665.0 -16.2 178 0 13.6 6.8 7.5 2.5 4 0 3 4 4
-1071.3 -6695.1 -15.9 158 0 4.9 4.6 5.0 2.5 2 0 2 1 1
-1031.5 -6889.6 -10.7 143 0 19.2 7.1 7.5 2.5 2 0 3 0 0
-967.1 -6892.6 -12.2 46 0 10.2 58.5 10.0 2.5 2 1 4 5 5
-1032.4 -6826.2 -12.6 313 0 8.7 20.3 7.5 2.5 2 1 3 4 4
-1020.8 -6851.5 -12.2 315 0 11.9 6.7 2.5 2.5 2 0 1 3 3
-1055.1 -6947.3 -8.0 43 0 15.0 12.7 5.0 2.5 2 0 2 0 0
-1098.7 -6945.1 -8.4 137 0 15.8 8.2 7.5 2.5 2 0 3 1 1
-1107.0 -6928.3 -9.7 130 0 8.1 20.3 7.5 2.5 2 1 3 1 1
-1031.9 -7012.3 -6.4 228 0 8.3 19.7 7.5 2.5 2 1 3 0 0
-986.2 -6980.6 -8.1 318 0 11.4 11.7 7.5 2.5 2 1 3 3 3
-910.6 -6927.3 -12.1 290 0 4.7 10.4 5.0 2.5 2 1 2 2 2
-897.8 -6992.3 -11.0 124 0 22.2 15.4 10.0 2.5 2 0 4 1 1
-736.5 -7270.7 -6.6 131 0 22.4 8.5 7.5 2.5 2 0 3 1 1
-707.0 -7251.3 -7.3 298 0 6.1 25.9 7.5 2.5 2 1 3 2 2
-723.8 -7219.4 -7.5 300 0 13.2 12.8 5.0 2.5 2 0 2 5 5
-685.0 -7273.4 -7.4 298 0 6.9 16.7 5.0 2.5 4 1 2 4 4
-684.2 -7254.6 -7.7 304 0 11.8 5.9 5.0 2.5 2 0 2 0 0
-635.8 -7312.5 -7.6 298 0 5.7 4.7 7.5 2.5 2 0 3 3 3
-622.5 -7226.3 -9.3 292 0 11.5 11.1 5.0 2.5 2 0 2 0 0
-579.0 -7294.5 -9.3 117 0 5.2 14.1 5.0 2.5 2 1 2 2 2
-587.9 -7268.6 -9.2 294 0 5.8 7.1 2.5 0.0 0 1 1 4 4
-604.3 -7294.4 -8.8 122 0 5.7 11.3 5.0 2.5 4 1 2 0 0
-568.2 -7394.9 -7.7 209 0 29.2 7.7 7.5 2.5 2 0 3 1 1
-583.4 -7431.2 -6.5 213 0 9.4 27.5 7.5 2.5 2 1 3 2 2
-535.9 -7387.0 -8.0 303 0 12.6 8.9 2.5 2.5 2 0 1 3 3
-524.1 -7406.3 -7.8 301 0 12.3 10.0 7.5 2.5 4 0 3 3 3
-563.8 -7310.7 -9.2 118 0 9.9 10.6 5.0 2.5 2 1 2 1 1
-563.6 -7326.9 -8.9 114 0 11.9 10.8 5.0 2.5 4 0 2 0 0
-550.4 -7284.5 -9.6 298 0 5.4 17.9 7.5 2.5 2 1 3 1 1
-543.1 -7314.7 -9.6 113 0 6.1 18.3 2.5 2.5 2 1 1 4 4
-548.8 -7322.5 -9.2 120 0 5.9 8.2 7.5 2.5 2 1 3 3 3
-520.1 -7313.3 -9.7 31 0 3.7 8.2 2.5 2.5 2 1 1 3 3
-455.3 -7420.1 -9.0 126 0 12.4 12.2 5.0 2.5 2 0 2 5 5
-405.4 -7448.3 -9.2 123 0 16.5 12.2 10.0 0.0 0 0 4 0 0
-420.5 -7403.1 -9.5 298 0 5.5 13.0 7.5 2.5 2 1 3 3 3
-369.7 -7550.1 -7.7 296 0 14.7 13.1 7.5 2.5 4 0 3 1 1
-402.4 -7554.1 -7.0 301 0 13.0 11.6 2.5 2.5 2 0 1 1 1
-424.7 -7552.2 -6.6 311 0 6.0 11.3 5.0 2.5 2 1 2 1 1
-433.9 -7534.2 -6.8 298 0 11.5 10.3 7.5 2.5 2 0 3 2 2
-403.6 -7577.9 -6.8 37 0 9.7 4.5 5.0 2.5 2 0 2 3 3
-368.5 -7482.4 -9.4 122 0 11.4 23.0 15.0 0.0 0 1 6 5 5
-339.4 -7465.3 -9.7 32 0 12.4 19.0 7.5 2.5 2 1 3 5 5
-359.1 -7507.8 -8.7 122 0 12.0 10.0 5.0 2.5 2 0 2 3 3
-336.9 -7643.0 -7.9 116 0 6.5 30.4 5.0 2.5 2 1 2 1 1
-354.9 -7645.9 -7.3 116 0 12.4 8.2 2.5 2.5 2 0 1 4 4
-317.2 -7591.0 -8.3 295 0 13.9 15.0 2.5 2.5 2 1 1 4 4
-307.9 -7556.7 -9.0 118 0 6.3 13.8 5.0 2.5 2 1 2 2 2
-285.0 -7563.4 -9.3 119 0 6.3 14.0 5.0 2.5 2 1 2 4 4
-266.2 -7517.2 -9.8 301 0 20.7 8.8 5.0 2.5 4 0 2 1 1
-252.8 -7535.9 -9.7 301 0 4.3 20.5 5.0 2.5 2 1 2 4 4
-247.2 -7538.9 -9.8 302 0 6.6 20.3 5.0 2.5 2 1 2 5 5
-252.1 -7574.7 -9.4 33 0 14.7 13.4 10.0 2.5 2 0 4 5 5
-295.8 -7621.2 -8.2 299 0 7.0 12.3 7.5 2.5 2 1 3 3 3
-312.4 -7671.3 -7.6 121 0 23.4 8.0 5.0 2.5 2 0 2 2 2
-281.8 -7625.1 -8.4 305 0 10.8 13.0 7.5 2.5 2 1 3 1 1
-265.2 -7644.5 -8.3 310 0 9.5 11.7 7.5 2.5 2 1 3 0 0
-226.2 -7666.8 -8.6 299 0 10.9 13.1 7.5 2.5 2 1 3 1 1
-231.0 -7745.0 -7.5 116 0 7.7 13.3 2.5 0.0 0 1 1 3 3
-202.7 -7715.6 -8.4 355 0 9.5 17.3 7.5 2.5 2 1 3 0 0
-152.3 -7786.8 -7.8 206 0 7.2 9.3 5.0 2.5 2 1 2 3 3
-148.9 -7827.1 -8.1 211 0 8.7 23.6 5.0 2.5 4 1 2 4 4
-109.0 -7811.7 -8.8 299 0 12.0 17.7 7.5 2.5 2 1 3 1 1
-108.1 -7777.5 -8.9 308 0 12.7 10.4 7.5 2.5 2 0 3 4 4
-77.5 -7836.7 -8.9 296 0 5.8 12.2 7.5 2.5 2 1 3 2 2
38.4 -7855.0 -9.3 122 0 16.2 14.4 2.5 2.5 2 0 1 4 4
44.5 -7878.5 -8.8 123 0 9.5 12.2 5.0 2.5 2 1 2 3 3
109.7 -7928.4 -8.1 111 0 11.6 10.2 5.0 2.5 2 0 2 3 3
115.1 -7892.7 -8.5 298 0 14.9 7.6 5.0 2.5 2 0 2 3 3
19.4 -8058.8 -7.3 24 0 6.5 12.5 5.0 2.5 2 1 2 4 4
30.8 -8059.7 -7.2 23 0 11.4 8.8 5.0 2.5 2 0 2 0 0
26.7 -8089.1 -7.2 24 0 7.7 23.1 7.5 2.5 2 1 3 5 5
29.1 -8118.1 -7.0 204 0 10.4 6.3 5.0 2.5 2 0 2 0 0
10.7 -8181.3 -6.7 208 0 17.1 12.5 10.0 0.0 0 0 4 2 2
-7.1 -8194.4 -6.5 213 0 6.0 13.7 5.0 0.0 0 1 2 5 5
-19.6 -8221.0 -6.0 205 0 16.0 4.9 7.5 2.5 2 0 3 3 3
-37.8 -8216.4 -5.7 211 0 5.4 10.9 5.0 2.5 4 1 2 2 2
-44.3 -8194.0 -5.7 30 0 10.6 12.0 5.0 2.5 2 1 2 5 5
-74.7 -8183.7 -5.4 115 0 17.4 6.6 2.5 2.5 2 0 1 5 5
165.3 -7865.0 -9.4 31 0 8.3 17.8 7.5 2.5 2 1 3 2 2
155.0 -7847.0 -9.6 210 0 8.1 6.6 7.5 2.5 2 0 3 3 3
185.1 -7820.1 -9.8 298 0 9.0 22.4 7.5 2.5 2 1 3 4 4
275.6 -7715.6 -11.1 33 0 18.6 13.2 5.0 2.5 2 0 2 1 1
305.4 -7680.6 -11.6 32 0 12.7 15.1 5.0 2.5 2 1 2 3 3
-38.2 -8234.5 -5.6 209 0 11.1 11.4 5.0 2.5 2 1 2 1 1
-31.8 -8257.3 -5.5 205 0 14.7 6.9 7.5 2.5 2 0 3 1 1
-4.7 -8261.0 -5.8 33 0 4.1 5.6 5.0 2.5 2 1 2 4 4
-55.3 -8258.4 -5.2 207 0 8.3 16.7 7.5 0.0 0 1 3 5 5
1205.5 -8374.5 -8.6 305 0 20.3 65.6 12.5 0.0 0 1 5 3 3
1219.1 -8346.8 -9.4 114 0 6.1 13.5 7.5 2.5 2 1 3 3 3
1237.8 -8334.6 -9.9 108 0 14.2 15.6 2.5 2.5 2 1 1 3 3
1253.2 -8355.3 -9.8 120 0 11.4 10.4 5.0 2.5 2 0 2 5 5
1238.4 -8358.5 -9.4 113 0 11.3 7.1 7.5 2.5 2 0 3 1 1
1268.3 -8354.5 -9.9 117 0 5.4 4.1 2.5 2.5 2 0 1 5 5
1163.4 -8309.5 -9.0 220 0 15.2 11.9 10.0 2.5 2 0 4 4 4
1181.5 -8290.2 -9.5 216 0 8.0 12.2 5.0 2.5 2 1 2 0 0
1187.7 -8276.0 -9.7 216 0 8.9 7.9 5.0 2.5 2 0 2 3 3
1195.6 -8261.9 -10.3 132 0 8.7 20.5 7.5 2.5 2 1 3 5 5
1138.2 -8298.6 -8.2 37 0 9.3 11.9 7.5 2.5 2 1 3 0 0
1139.4 -8254.8 -8.3 309 0 7.3 11.0 2.5 2.5 2 1 1 1 1
1107.6 -8289.8 -7.7 125 0 7.9 17.4 2.5 2.5 2 1 1 1 1
1119.5 -8253.9 -7.7 307 0 7.2 17.1 7.5 2.5 2 1 3 2 2
1089.4 -8273.1 -7.2 125 0 5.2 12.9 5.0 2.5 2 1 2 5 5
1072.8 -8228.2 -6.8 304 0 15.0 11.1 7.5 2.5 2 0 3 4 4
1039.3 -8248.7 -5.9 213 0 11.9 6.7 2.5 2.5 2 0 1 2 2
1009.2 -8294.8 -4.8 291 0 19.6 14.0 10.0 0.0 0 0 4 5 5
989.7 -8278.0 -4.2 294 0 6.7 15.2 7.5 2.5 2 1 3 0 0
1007.9 -8236.5 -5.1 22 0 9.1 19.0 2.5 2.5 2 1 1 5 5
972.8 -8269.1 -3.9 294 0 11.7 11.7 5.0 2.5 2 1 2 5 5
974.8 -8238.5 -4.6 111 0 13.2 10.1 7.5 2.5 2 0 3 5 5
942.6 -8281.2 -3.3 110 0 18.8 6.6 7.5 2.5 4 0 3 1 1
854.9 -8186.8 -4.9 117 0 4.8 7.4 7.5 2.5 2 1 3 3 3
863.2 -8170.2 -5.1 294 0 6.1 5.7 5.0 2.5 2 0 2 3 3
1038.4 -8171.6 -6.6 26 0 12.3 20.5 7.5 2.5 2 1 3 4 4
1039.8 -8123.9 -7.6 291 0 10.2 16.7 5.0 2.5 2 1 2 0 0
1018.0 -8178.4 -6.3 25 0 6.7 19.8 5.0 2.5 2 1 2 2 2
980.9 -8162.9 -7.0 117 0 13.1 31.7 5.0 0.0 0 1 2 0 0
1005.0 -8114.8 -7.5 293 0 13.6 11.7 2.5 2.5 2 0 1 0 0
959.6 -8085.0 -8.0 297 0 16.2 16.9 10.0 0.0 0 1 4 4 4
934.5 -8048.6 -9.0 117 0 17.0 16.0 7.5 2.5 2 0 3 2 2
1138.8 -8052.6 -10.1 304 0 9.9 11.2 7.5 2.5 2 1 3 3 3
1106.0 -8088.7 -9.1 36 0 7.3 14.0 7.5 2.5 2 1 3 3 3
1107.9 -8073.2 -9.5 43 0 12.8 5.5 7.5 2.5 2 0 3 1 1
1073.2 -8029.7 -10.0 308 0 14.9 10.2 5.0 2.5 2 0 2 2 2
1060.2 -8014.9 -9.9 304 0 10.1 12.3 2.5 2.5 2 1 1 1 1
1043.1 -8060.5 -9.4 125 0 7.5 9.0 5.0 2.5 2 1 2 4 4
1051.1 -8032.3 -9.8 306 0 7.3 12.6 5.0 2.5 4 1 2 0 0
1043.1 -7992.5 -10.3 301 0 11.8 10.3 5.0 2.5 2 0 2 3 3
1058.3 -7972.1 -11.2 121 0 5.5 12.1 2.5 2.5 2 1 1 0 0
990.9 -8026.0 -9.4 122 0 7.5 20.1 7.5 2.5 2 1 3 0 0
1006.4 -7971.5 -10.3 301 0 6.5 16.3 5.0 2.5 2 1 2 5 5
974.8 -7981.9 -9.8 214 0 7.7 20.6 5.0 2.5 2 1 2 5 5
987.8 -7957.8 -10.5 304 0 12.1 12.4 2.5 2.5 2 1 1 5 5
1004.2 -7934.4 -11.5 127 0 8.0 12.8 2.5 2.5 2 1 1 5 5
1024.3 -7905.5 -12.0 297 0 7.0 5.4 5.0 2.5 2 0 2 3 3
1188.0 -8069.7 -11.1 133 0 8.3 11.9 5.0 2.5 2 1 2 3 3
1205.4 -8046.4 -11.0 314 0 4.7 9.3 7.5 2.5 2 1 3 2 2
1205.2 -8171.7 -10.9 122 0 16.3 15.3 12.5 2.5 2 0 5 5 5
1274.7 -8262.2 -11.3 45 0 5.9 11.1 2.5 2.5 2 1 1 3 3
1258.3 -8258.4 -11.0 314 0 6.2 14.6 5.0 2.5 4 1 2 1 1
1258.1 -8280.6 -10.8 50 0 12.7 6.4 7.5 0.0 0 0 3 3 3
1489.5 -8437.1 -9.8 221 0 9.1 16.5 7.5 2.5 2 1 3 0 0
1487.7 -8493.8 -9.3 129 0 5.8 13.0 2.5 2.5 4 1 1 0 0
1438.5 -8562.1 -6.7 220 0 16.1 21.7 7.5 2.5 2 1 3 2 2
1453.1 -8545.3 -7.3 220 0 13.5 23.1 7.5 2.5 2 1 3 0 0
1485.9 -8571.2 -7.3 37 0 10.9 8.1 7.5 2.5 2 0 3 5 5
1411.2 -8593.6 -5.8 220 0 23.8 6.6 2.5 2.5 2 0 1 1 1
1420.7 -8598.7 -5.8 218 0 25.0 14.4 7.5 2.5 2 0 3 2 2
1490.2 -8650.3 -6.0 38 0 33.2 20.3 12.5 0.0 0 0 5 5 5
1437.7 -8702.1 -3.7 28 0 7.6 24.6 5.0 2.5 4 1 2 5 5
1400.4 -8682.2 -3.6 208 0 6.2 15.9 7.5 2.5 2 1 3 3 3
1563.9 -8587.2 -8.6 38 0 12.0 18.8 10.0 2.5 2 1 4 3 3
1526.1 -8561.5 -8.5 219 0 11.1 20.1 5.0 2.5 2 1 2 3 3
1502.7 -8578.1 -7.5 222 0 5.1 26.5 7.5 0.0 0 1 3 0 0
1543.9 -8607.6 -7.6 38 0 5.2 22.6 5.0 0.0 0 1 2 0 0
1434.1 -8510.4 -8.7 125 0 19.9 24.0 10.0 2.5 2 1 4 4 4
1611.4 -8536.1 -11.4 213 0 22.9 10.2 5.0 2.5 2 0 2 5 5
1585.2 -8580.0 -9.2 218 0 9.9 10.6 5.0 2.5 2 1 2 1 1
1610.9 -8588.7 -9.1 306 0 12.1 10.3 7.5 2.5 2 0 3 5 5
1581.6 -8612.3 -8.2 223 0 16.3 7.7 2.5 2.5 2 0 1 3 3
1564.8 -8640.8 -7.3 132 0 13.4 14.0 2.5 0.0 0 1 1 1 1
1581.8 -8603.2 -8.4 217 0 12.6 4.7 5.0 2.5 2 0 2 3 3
1624.3 -8610.9 -8.5 311 0 9.2 34.6 7.5 2.5 2 1 3 2 2
1624.8 -8595.0 -9.1 309 0 11.1 7.9 7.5 2.5 4 0 3 1 1
1616.5 -8603.4 -8.7 308 0 7.8 5.3 2.5 2.5 2 0 1 1 1
1611.3 -8607.2 -8.5 311 0 6.7 4.3 5.0 2.5 2 0 2 0 0
1588.7 -8635.0 -7.5 129 0 9.6 5.5 7.5 0.0 0 0 3 4 4
1632.0 -8648.0 -7.5 40 0 7.4 6.5 5.0 2.5 2 0 2 0 0
1636.4 -8601.9 -9.0 308 0 12.0 10.7 7.5 2.5 2 0 3 1 1
1648.2 -8619.0 -8.7 38 0 10.5 10.3 5.0 2.5 2 0 2 2 2
1654.6 -8626.5 -8.6 40 0 12.6 8.0 5.0 2.5 2 0 2 0 0
1627.1 -8543.5 -11.2 210 0 12.9 40.1 12.5 2.5 2 1 5 4 4
1684.8 -8571.5 -10.4 307 0 19.6 14.1 7.5 2.5 2 0 3 5 5
1659.3 -8471.9 -11.9 304 0 11.0 48.7 10.0 2.5 2 1 4 3 3
1696.7 -8605.4 -9.8 117 0 13.0 13.3 7.5 0.0 0 1 3 1 1
1706.2 -8641.2 -8.7 225 0 9.3 13.0 5.0 2.5 2 1 2 0 0
1653.6 -8693.0 -6.9 224 0 18.8 6.6 2.5 2.5 2 0 1 5 5
1682.9 -8664.5 -8.1 225 0 33.7 7.8 7.5 2.5 2 0 3 0 0
1725.2 -8660.7 -8.4 310 0 6.1 15.7 7.5 2.5 2 1 3 5 5
1732.7 -8657.0 -8.6 311 0 11.6 6.0 2.5 2.5 2 0 1 2 2
1726.2 -8698.3 -7.7 34 0 11.5 11.0 5.0 2.5 2 0 2 1 1
1721.2 -8681.6 -7.9 310 0 3.7 6.6 7.5 2.5 2 1 3 3 3
1747.7 -8694.5 -8.1 41 0 10.6 5.9 2.5 2.5 2 0 1 2 2
1741.8 -8690.7 -8.1 41 0 10.4 6.2 5.0 0.0 0 0 2 1 1
1753.3 -8610.0 -10.1 240 0 11.0 13.9 5.0 2.5 2 1 2 1 1
1734.0 -8637.2 -9.3 136 0 4.2 10.5 7.5 2.5 2 1 3 5 5
1766.7 -8660.6 -9.3 123 0 9.8 10.5 2.5 2.5 2 1 1 0 0
1793.0 -8646.3 -9.7 306 0 7.0 7.7 5.0 2.5 2 1 2 5 5
1815.5 -8648.7 -10.0 307 0 16.1 7.5 7.5 2.5 2 0 3 4 4
1795.3 -8682.9 -9.3 126 0 13.7 12.6 10.0 2.5 2 0 4 1 1
1760.6 -8708.6 -8.1 217 0 12.9 11.7 10.5 3.5 2 0 3 3 3
1786.6 -8711.3 -8.3 313 0 9.4 9.6 10.5 3.5 2 1 3 5 5
1780.2 -8732.8 -8.5 312 0 10.9 8.7 10.5 3.5 2 0 3 0 0
1837.4 -8731.8 -9.6 40 0 9.6 10.2 5.0 2.5 2 1 2 5 5
1844.7 -8718.9 -9.6 38 0 12.8 6.5 5.0 2.5 4 0 2 4 4
2142.5 -8719.4 -4.2 309 0 8.4 6.8 2.5 0.0 0 0 1 5 5
2105.1 -8722.2 -6.8 135 0 6.5 23.3 2.5 2.5 4 1 1 5 5
2101.2 -8717.4 -6.8 135 0 4.5 15.2 5.0 2.5 2 1 2 5 5
2122.2 -8689.4 -4.1 320 0 13.6 6.8 7.5 0.0 0 0 3 5 5
2088.4 -8712.9 -7.3 136 0 9.9 13.5 7.5 2.5 2 1 3 0 0
2084.7 -8700.5 -6.7 141 0 9.0 14.7 7.5 2.5 2 1 3 3 3
2065.9 -8685.0 -6.9 136 0 10.2 10.9 10.0 2.5 4 1 4 5 5
2084.8 -8667.5 -5.2 321 0 12.8 7.0 5.0 2.5 2 0 2 2 2
2043.8 -8668.7 -7.2 138 0 6.1 10.4 5.0 2.5 2 1 2 3 3
-6949.2 1282.6 -29.2 148 0 7.1 4.9 5.0 2.5 2 0 2 0 0
-6872.4 1190.0 -27.6 322 0 9.3 5.5 5.0 2.5 2 0 2 4 4
-6908.0 1329.4 -30.4 229 0 6.7 6.9 5.0 2.5 2 1 2 0 0
-6805.3 1073.0 -27.2 328 0 6.6 29.9 5.0 2.5 4 1 2 0 0
-6799.1 1096.3 -27.7 319 0 11.0 11.1 5.0 2.5 2 1 2 3 3
-6798.8 1032.1 -26.9 59 0 5.8 14.2 5.0 0.0 0 1 2 1 1
-6781.7 1046.6 -27.3 326 0 6.1 16.4 7.5 2.5 2 1 3 1 1
-6782.5 1059.2 -27.5 326 0 4.3 5.0 5.0 0.0 0 1 2 2 2
-6769.8 1058.3 -27.8 325 0 11.3 8.8 7.5 2.5 2 0 3 1 1
-6768.7 979.9 -27.2 144 0 7.2 21.9 5.0 2.5 2 1 2 1 1
-6727.9 996.4 -27.8 325 0 9.4 12.4 5.0 2.5 2 1 2 0 0
-6709.3 970.0 -28.1 322 0 9.3 5.3 2.5 2.5 2 0 1 0 0
-6697.0 952.8 -28.3 325 0 9.7 10.6 7.5 2.5 2 1 3 3 3
-6709.5 902.9 -27.8 59 0 6.6 26.1 7.5 2.5 2 1 3 0 0
-6739.3 895.9 -27.4 146 0 4.5 6.3 7.5 0.0 0 1 3 0 0
-6708.0 941.5 -28.1 319 0 3.4 9.0 7.5 2.5 2 1 3 2 2
-6701.2 924.6 -28.0 332 0 6.2 7.6 2.5 2.5 2 1 1 1 1
-6686.3 918.4 -28.0 329 0 5.9 17.2 7.5 2.5 2 1 3 5 5
-6676.9 927.6 -28.2 330 0 11.5 7.4 7.5 2.5 2 0 3 5 5
-6670.5 913.1 -28.1 332 0 10.9 6.3 5.0 2.5 2 0 2 0 0
-6675.2 900.7 -27.9 327 0 6.6 8.3 5.0 2.5 2 1 2 1 1
-6691.9 895.3 -27.7 327 0 12.8 6.7 5.0 2.5 2 0 2 0 0
-6662.0 941.3 -28.6 145 0 15.4 12.6 5.0 2.5 2 0 2 5 5
-6670.8 960.5 -28.7 144 0 4.1 6.3 5.0 2.5 2 1 2 1 1
-6664.0 841.0 -27.4 323 0 5.4 11.8 7.5 2.5 2 1 3 5 5
-6702.0 845.8 -27.2 234 0 8.5 18.9 7.5 2.5 2 1 3 1 1
-6651.5 851.7 -27.6 333 0 11.6 6.3 7.5 2.5 2 0 3 0 0
-6698.6 800.3 -26.7 238 0 7.3 17.3 5.0 2.5 2 1 2 3 3
-6663.6 805.0 -27.0 325 0 6.1 14.7 2.5 2.5 2 1 1 4 4
-6662.2 790.2 -26.8 56 0 7.0 7.5 7.5 2.5 2 1 3 0 0
-6656.5 776.9 -26.6 143 0 5.5 10.1 2.5 2.5 2 1 1 2 2
-6660.2 774.1 -26.3 60 0 3.3 3.8 5.0 2.5 2 1 2 2 2
-6637.5 779.2 -26.5 331 0 5.6 5.7 5.0 2.5 2 1 2 4 4
-6639.8 803.4 -27.2 331 0 6.0 19.9 2.5 2.5 2 1 1 5 5
-6570.4 824.2 -28.2 235 0 37.1 12.7 10.0 2.5 2 0 4 1 1
-6603.1 778.0 -26.8 147 0 8.9 10.3 2.5 2.5 2 1 1 4 4
-6585.6 774.8 -26.9 146 0 7.7 12.8 7.5 2.5 2 1 3 1 1
-6571.0 782.7 -27.1 143 0 7.3 7.1 2.5 2.5 2 0 1 4 4
-6581.1 768.1 -26.8 147 0 5.4 13.1 7.5 0.0 0 1 3 3 3
-6588.1 749.3 -26.1 151 0 8.0 10.0 5.0 2.5 2 1 2 3 3
-6583.1 735.4 -25.8 154 0 13.6 6.8 5.0 2.5 2 0 2 0 0
-6572.1 718.9 -25.4 140 0 8.1 5.1 2.5 2.5 2 0 1 1 1
-6523.8 709.0 -25.6 141 0 5.8 3.3 5.0 2.5 2 0 2 1 1
-6508.9 701.1 -25.7 139 0 11.6 9.1 2.5 0.0 0 0 1 0 0
-6476.2 682.7 -25.6 144 0 6.6 10.4 2.5 2.5 2 1 1 2 2
-6479.7 670.1 -25.2 61 0 6.8 10.9 7.5 2.5 2 1 3 2 2
-6445.0 663.0 -25.0 143 0 7.3 14.6 7.5 2.5 2 1 3 1 1
-6501.6 627.4 -22.9 148 0 4.0 11.8 7.5 2.5 4 1 3 0 0
-6485.5 648.4 -23.7 236 0 6.4 10.5 5.0 0.0 0 1 2 3 3
-6454.7 629.9 -22.9 329 0 10.5 9.0 7.5 2.5 2 0 3 5 5
-6447.4 578.4 -20.6 149 0 16.1 8.0 2.5 2.5 2 0 1 2 2
-6407.1 589.8 -21.2 326 0 7.7 23.5 5.0 2.5 2 1 2 0 0
-6416.1 599.1 -21.4 329 0 6.1 6.3 2.5 2.5 2 1 1 3 3
-6396.7 597.8 -22.0 328 0 9.6 9.5 7.5 2.5 2 0 3 1 1
-6390.6 583.8 -21.4 329 0 11.1 6.4 5.0 2.5 2 0 2 3 3
-6380.3 532.3 -19.3 147 0 13.7 7.6 5.0 2.5 4 0 2 1 1
-6361.3 592.1 -23.0 135 0 10.9 6.5 5.0 2.5 2 0 2 0 0
-6362.0 608.7 -24.3 147 0 5.0 13.1 2.5 2.5 2 1 1 5 5
-5917.8 355.8 -28.4 305 0 5.7 8.2 7.5 0.0 0 1 3 2 2
-6004.3 313.8 -26.7 121 0 7.0 11.5 5.0 2.5 2 1 2 5 5
-6012.5 268.3 -24.7 335 0 11.4 7.0 5.0 0.0 0 0 2 4 4
-6024.1 258.9 -24.2 332 0 5.1 9.6 5.0 2.5 2 1 2 2 2
-6062.0 224.7 -23.1 245 0 33.3 9.9 5.0 2.5 2 0 2 0 0
-5975.4 217.8 -23.7 334 0 5.5 18.7 7.5 2.5 2 1 3 0 0
-6047.6 185.9 -23.4 66 0 54.1 7.8 7.5 2.5 2 0 3 1 1
-6104.8 200.7 -23.1 156 0 7.9 5.9 7.5 2.5 4 0 3 3 3
-6095.8 191.6 -23.2 158 0 3.9 10.8 5.0 2.5 2 1 2 2 2
-5941.1 208.6 -24.1 334 0 16.1 11.0 5.0 2.5 2 0 2 4 4
-5972.4 174.5 -23.9 159 0 19.2 12.2 2.5 2.5 4 0 1 3 3
-5936.2 183.6 -23.8 332 0 6.4 15.0 7.5 2.5 2 1 3 0 0
-5925.8 197.9 -24.0 329 0 8.4 13.2 5.0 0.0 0 1 2 5 5
-5903.7 175.5 -24.0 337 0 6.2 9.0 2.5 0.0 0 1 1 4 4
-5832.1 85.8 -25.6 156 0 10.2 11.5 7.5 2.5 4 1 3 4 4
-5836.7 81.3 -25.6 155 0 5.7 3.8 2.5 2.5 2 0 1 1 1
-5835.6 71.7 -25.7 239 0 6.1 18.3 5.0 2.5 2 1 2 2 2
-5828.3 50.2 -25.7 153 0 4.8 6.2 5.0 2.5 2 1 2 0 0
-5796.3 75.4 -25.6 332 0 10.8 7.9 5.0 2.5 4 0 2 4 4
-5779.8 66.6 -25.7 330 0 6.3 10.6 2.5 2.5 4 1 1 2 2
-5797.2 37.0 -25.7 159 0 4.2 13.2 7.5 2.5 2 1 3 5 5
-5773.1 54.9 -25.7 340 0 4.3 4.4 5.0 2.5 4 1 2 5 5
-5679.9 -7.4 -25.7 335 0 7.4 15.3 7.5 2.5 2 1 3 3 3
-5710.1 -16.6 -25.8 248 0 14.7 7.0 2.5 2.5 2 0 1 5 5
-5727.2 -4.9 -25.8 241 0 6.7 12.2 7.5 2.5 2 1 3 5 5
-5741.4 -25.1 -25.8 153 0 4.8 8.7 7.5 2.5 2 1 3 1 1
-5713.1 -52.5 -25.7 64 0 12.9 20.5 10.0 2.5 2 1 4 2 2
-5656.0 -29.8 -25.5 330 0 6.5 18.1 5.0 2.5 2 1 2 1 1
-5660.9 0.7 -25.7 140 0 5.5 11.2 7.5 2.5 2 1 3 5 5
-5596.2 27.8 -25.6 325 0 8.2 9.6 5.0 2.5 2 1 2 5 5
-5635.7 -43.0 -25.2 330 0 6.3 11.2 2.5 2.5 2 1 1 2 2
-5629.5 -60.1 -24.6 331 0 5.0 7.6 2.5 2.5 2 1 1 5 5
-5612.4 -64.0 -24.4 324 0 13.4 5.6 2.5 2.5 4 0 1 3 3
-5597.9 -86.6 -24.2 333 0 9.9 9.8 5.0 0.0 0 0 2 0 0
-5627.7 -106.2 -24.4 68 0 11.6 5.6 5.0 2.5 2 0 2 2 2
-5573.5 -68.1 -24.0 141 0 5.8 7.0 7.5 2.5 4 1 3 0 0
-5559.3 -81.0 -23.9 150 0 13.1 10.7 7.5 2.5 2 0 3 4 4
-5538.0 -16.3 -24.1 312 0 4.6 11.1 7.5 2.5 2 1 3 4 4
-5512.2 -4.6 -24.1 233 0 9.0 17.1 5.0 2.5 2 1 2 3 3
-5536.5 -41.5 -23.8 55 0 18.7 5.7 5.0 2.5 2 0 2 3 3
-5560.5 -49.1 -23.9 148 0 11.1 6.0 5.0 2.5 4 0 2 4 4
-5557.6 -29.2 -24.1 317 0 4.0 10.9 2.5 2.5 2 1 1 5 5
-5538.1 -108.4 -24.6 144 0 12.9 9.1 5.0 2.5 2 0 2 5 5
-5572.9 -109.0 -24.1 322 0 12.4 9.6 7.5 2.5 2 0 3 1 1
-5561.4 -126.2 -24.5 325 0 10.1 11.0 7.5 2.5 2 1 3 4 4
-5543.3 -137.8 -24.9 323 0 8.8 12.3 2.5 2.5 2 1 1 4 4
-6111.0 8223.2 -29.0 110 0 6.8 17.8 5.0 2.5 2 1 2 5 5
-6091.1 8217.7 -28.9 25 0 4.5 14.7 2.5 2.5 2 1 1 0 0
-6073.7 8234.0 -28.9 19 0 10.7 9.4 5.0 0.0 0 0 2 1 1
-6092.9 8251.7 -29.1 288 0 7.6 5.2 5.0 2.5 2 0 2 0 0
-6026.2 8271.2 -29.0 72 0 24.4 10.1 5.0 2.5 2 0 2 4 4
-6045.9 8271.3 -29.2 74 0 8.5 27.3 7.5 0.0 0 1 3 0 0
-6015.6 8307.9 -29.2 341 0 6.3 29.1 5.0 2.5 2 1 2 2 2
-6001.3 8278.2 -28.9 92 0 7.9 10.1 2.5 2.5 2 1 1 1 1
-5995.1 8321.3 -29.2 5 0 12.8 10.4 7.5 2.5 2 0 3 5 5
-6018.1 8331.3 -29.4 356 0 10.2 5.7 7.5 2.5 2 0 3 3 3
-6010.0 8417.6 -29.3 260 0 5.8 11.2 5.0 2.5 2 1 2 1 1
-6029.7 8413.1 -29.3 285 0 8.2 4.7 5.0 2.5 2 0 2 4 4
-6013.7 8423.9 -29.3 20 0 4.8 18.3 5.0 2.5 2 1 2 0 0
-6005.8 8430.2 -29.2 85 0 6.4 11.1 7.5 2.5 2 1 3 0 0
-6010.1 8452.2 -29.2 3 0 5.9 11.4 5.0 2.5 4 1 2 1 1
-5976.8 8502.4 -29.1 5 0 7.7 9.7 7.5 0.0 0 0 3 2 2
-5969.1 8504.7 -29.0 85 0 15.0 5.1 2.5 2.5 2 0 1 3 3
-5957.8 8505.7 -29.0 86 0 7.7 23.6 5.0 0.0 0 0 2 2 2
-5983.7 8532.0 -28.9 176 0 9.4 15.5 7.5 2.5 2 1 3 1 1
-5985.3 8545.3 -28.8 178 0 7.1 11.7 5.0 2.5 2 1 2 1 1
-5965.4 8550.0 -28.8 179 0 21.2 5.8 5.0 2.5 2 0 2 3 3
-5975.6 8567.8 -28.6 178 0 4.5 3.2 5.0 2.5 2 0 2 1 1
-5939.3 8575.0 -28.5 358 0 3.2 4.5 7.5 2.5 2 1 3 5 5
-5919.7 8575.5 -28.6 0 0 5.8 15.4 7.5 2.5 2 1 3 0 0
-5911.4 8582.1 -28.6 360 0 10.2 4.6 2.5 2.5 2 0 1 1 1
-5936.8 8584.0 -28.6 27 0 6.0 9.8 5.0 2.5 2 1 2 5 5
-5947.4 8617.8 -28.6 187 0 9.6 7.4 7.5 0.0 0 0 3 4 4
-5920.6 8606.6 -28.7 6 0 4.9 13.7 7.5 2.5 2 1 3 3 3
-5925.2 8625.7 -28.7 279 0 18.7 5.2 5.0 2.5 2 0 2 5 5
-5912.5 8624.0 -28.7 277 0 7.1 15.8 5.0 2.5 2 0 2 2 2
-6073.9 8506.4 -29.1 185 0 12.4 32.7 7.5 0.0 0 1 3 1 1
-6087.9 8536.2 -28.8 186 0 22.3 10.7 7.5 0.0 0 0 3 2 2
-6076.6 8542.8 -28.8 188 0 6.4 38.2 2.5 2.5 2 0 1 2 2
-6082.0 8570.6 -28.7 187 0 43.7 12.2 10.0 2.5 2 0 4 5 5
-6034.0 8560.2 -28.6 5 0 5.8 19.3 7.5 0.0 0 1 3 0 0
-6028.9 8566.7 -28.5 8 0 4.8 12.0 7.5 2.5 2 1 3 4 4
-6013.4 8557.2 -28.7 4 0 10.8 8.9 5.0 2.5 2 0 2 3 3
-6012.7 8548.2 -28.7 5 0 7.1 13.9 2.5 2.5 2 0 1 5 5
-6012.8 8576.9 -28.5 11 0 11.2 10.6 7.5 2.5 2 0 3 2 2
-6057.8 8650.3 -28.2 188 0 14.5 9.7 5.0 2.5 2 0 2 0 0
