-6671.0 -3478.1 -14.1 295 0 13.8 34.7 5.0 2.5 2 1 2 0 0
-6638.8 -3552.0 -11.7 122 0 31.2 14.3 10.0 0.0 0 0 4 0 0
-6719.3 -3491.0 -14.3 119 0 10.3 20.9 12.5 2.5 2 1 5 5 5
-6664.1 -3766.4 -4.1 293 0 9.2 6.4 2.5 2.5 2 0 1 5 5
-6643.2 -3811.1 -5.2 16 0 11.1 11.3 7.5 2.5 2 1 3 5 5
-6660.8 -3833.2 -6.3 107 0 5.8 3.9 5.0 2.5 2 0 2 5 5
-6755.0 -3807.1 -6.3 306 0 7.2 17.9 5.0 2.5 2 0 2 3 3
-6804.2 -3833.0 -7.3 197 0 7.3 20.4 7.5 2.5 2 1 3 3 3
-6711.1 -3515.3 -12.3 115 0 9.5 6.0 0.0 0.0 0 0 0 2 2
-6765.6 -3821.6 -6.9 305 0 7.2 23.2 7.5 2.5 2 0 3 5 5
-6754.4 -3852.3 -7.3 16 0 5.2 18.0 2.5 2.5 2 1 1 3 3
-6649.9 -3846.7 -6.2 104 0 6.6 7.5 7.5 2.5 4 1 3 1 1
-6658.6 -3780.1 -3.5 291 0 6.1 13.2 2.5 2.5 2 1 1 3 3
-6701.3 -3711.8 -6.7 125 0 9.9 7.0 5.0 2.5 2 0 2 0 0
-6609.6 -3570.7 -11.1 122 0 12.0 17.6 7.5 2.5 4 1 3 0 0
-6592.4 -3583.3 -10.8 122 0 15.6 13.3 2.5 2.5 2 0 1 2 2
-6812.5 -3650.3 -11.7 306 0 11.7 12.5 5.0 2.5 4 1 2 0 0
-6939.9 -3583.5 -16.3 134 0 4.1 14.5 7.5 2.5 2 1 3 5 5
-6925.1 -3537.4 -16.9 316 0 5.1 9.0 7.5 2.5 2 1 3 1 1
-6954.7 -3574.9 -16.7 137 0 11.2 5.7 7.5 0.0 0 0 3 2 2
-6820.9 -3697.9 -10.6 124 0 7.0 13.6 5.0 2.5 2 1 2 5 5
-6949.4 -3537.6 -17.2 230 0 5.7 7.0 2.5 2.5 2 0 1 5 5
-6899.0 -3590.9 -15.2 310 0 6.7 30.3 5.0 2.5 2 1 2 3 3
-6700.6 -3702.9 -6.9 124 0 7.6 6.5 7.5 2.5 2 0 3 3 3
-6838.8 -3631.6 -13.0 308 0 10.8 11.7 5.0 2.5 2 1 2 3 3
-6785.1 -3680.0 -10.0 299 0 5.6 9.2 2.5 2.5 2 1 1 0 0
-6728.2 -3681.0 -8.5 129 0 11.1 11.6 5.0 0.0 0 1 2 0 0
-6751.4 -3631.6 -10.5 305 0 12.5 12.5 5.0 2.5 2 0 2 4 4
-6888.9 -3609.1 -14.8 311 0 5.6 8.3 7.5 2.5 2 1 3 5 5
-6947.3 -3510.9 -17.6 227 0 11.1 16.5 5.0 2.5 2 1 2 1 1
-6950.2 -3555.2 -16.9 135 0 3.3 5.7 2.5 2.5 2 1 1 5 5
-6901.3 -3573.7 -15.5 319 0 8.4 8.7 5.0 2.5 2 0 2 3 3
-6930.0 -3530.2 -17.1 314 0 5.9 5.0 7.5 2.5 2 0 3 1 1
-6871.9 -3679.4 -12.6 125 0 4.6 7.9 2.5 2.5 2 1 1 3 3
-6582.5 -3786.7 -2.5 22 0 6.4 5.4 5.0 2.5 2 0 2 2 2
-6596.6 -3752.6 -3.5 22 0 7.0 6.5 7.5 2.5 2 0 3 1 1
-6614.2 -3731.6 -4.0 273 0 7.3 5.6 7.5 0.0 0 0 3 1 1
-6584.9 -3935.0 -4.9 106 0 6.4 16.5 7.5 2.5 2 1 3 0 0
-6787.1 -3658.9 -10.6 305 0 5.8 10.1 5.0 2.5 2 1 2 4 4
-6641.4 -3477.9 -14.8 127 0 20.2 10.1 7.5 2.5 2 0 3 0 0
-6918.0 -3554.4 -16.5 316 0 11.9 12.3 5.0 2.5 4 1 2 1 1
-6810.7 -3668.8 -11.0 304 0 5.7 9.7 5.0 2.5 2 1 2 2 2
-6924.7 -3584.8 -15.8 225 0 6.6 11.8 7.5 2.5 2 1 3 0 0
-6833.3 -3702.0 -10.9 123 0 4.9 16.5 2.5 2.5 2 1 1 4 4
-6884.4 -3622.6 -14.5 310 0 5.6 4.1 5.0 2.5 2 0 2 5 5
-6881.4 -3582.7 -14.8 313 0 8.9 9.4 2.5 2.5 2 1 1 3 3
-6866.8 -3606.6 -14.5 310 0 10.2 9.2 2.5 2.5 2 0 1 1 1
-6906.4 -3567.7 -15.8 320 0 7.3 8.6 2.5 2.5 2 0 1 0 0
-6585.6 -3773.8 -2.7 20 0 7.6 4.3 5.0 2.5 4 0 2 5 5
-6951.1 -3565.0 -16.8 136 0 4.2 5.3 7.5 2.5 2 1 3 0 0
-6704.1 -3683.6 -7.8 121 0 16.7 5.9 5.0 0.0 0 0 2 5 5
-6593.2 -3744.5 -3.9 21 0 7.6 5.2 7.5 2.5 2 0 3 2 2
-6800.9 -3678.6 -10.5 301 0 5.3 9.0 5.0 2.5 2 1 2 1 1
-6852.3 -3619.2 -13.8 309 0 9.8 16.4 2.5 2.5 2 0 1 3 3
-6954.5 -3536.3 -17.4 138 0 8.4 7.4 5.0 2.5 2 0 2 2 2
-6601.2 -3724.8 -4.5 291 0 11.6 9.1 7.5 0.0 0 0 3 1 1
-6767.5 -3673.1 -9.7 306 0 9.9 14.3 5.0 2.5 2 1 2 1 1
-6602.7 -3906.1 -5.2 192 0 14.7 14.0 5.0 2.5 4 0 2 5 5
-6632.5 -3741.0 -4.0 113 0 9.1 11.4 5.0 2.5 2 1 2 0 0
-6559.0 -3922.2 -4.7 286 0 8.7 12.5 2.5 2.5 4 1 1 5 5
-6778.8 -3612.4 -11.8 305 0 7.1 13.8 5.0 2.5 2 0 2 4 4
-6802.9 -3595.6 -13.0 305 0 9.7 11.8 5.0 2.5 2 0 2 1 1
-6762.9 -3623.6 -11.2 305 0 15.5 12.4 5.0 2.5 2 0 2 3 3
-6809.9 -3590.6 -13.3 305 0 7.6 11.8 5.0 2.5 2 0 2 5 5
-6790.3 -3604.4 -12.6 305 0 21.0 13.8 7.5 2.5 2 0 3 0 0
-6772.6 -3616.8 -11.5 305 0 8.2 13.8 5.0 2.5 2 0 2 5 5
-6253.5 -3731.4 -3.0 297 0 5.0 6.8 7.5 2.5 4 0 3 4 4
-6440.5 -3670.4 -8.7 117 0 13.1 13.6 5.0 2.5 2 1 2 5 5
-6272.8 -3814.7 -1.8 294 0 11.0 12.6 5.0 2.5 2 1 2 5 5
-6556.3 -3606.9 -10.2 122 0 10.4 11.2 5.0 2.5 2 1 2 5 5
-6234.7 -3763.4 -2.2 209 0 16.8 12.2 10.0 2.5 2 0 4 5 5
-6482.9 -3950.7 -3.7 113 0 8.8 12.4 5.0 0.0 0 1 2 0 0
-6230.8 -3911.6 -0.6 113 0 3.9 15.4 2.5 2.5 4 0 1 3 3
-6518.7 -3567.3 -10.6 113 0 10.3 9.5 2.5 2.5 2 0 1 5 5
-6471.1 -3912.4 -3.8 291 0 7.4 13.9 5.0 2.5 2 1 2 2 2
-6367.6 -3711.2 -6.2 119 0 15.6 12.9 5.0 2.5 2 0 2 3 3
-6533.9 -3566.9 -10.6 297 0 10.9 13.9 5.0 0.0 0 1 2 0 0
-6423.6 -3678.0 -8.5 118 0 10.8 10.7 5.0 0.0 0 0 2 4 4
-6341.9 -3816.2 -3.5 115 0 11.9 25.1 10.0 2.5 2 1 4 0 0
-6185.9 -3637.5 -1.7 120 0 5.6 6.3 2.5 2.5 2 1 1 0 0
-6248.8 -3637.5 -3.7 299 0 8.7 50.0 7.5 0.0 0 0 3 3 3
-6572.7 -3596.4 -10.5 119 0 11.8 10.1 2.5 2.5 2 0 1 1 1
-6174.1 -3675.9 -1.4 210 0 101.4 16.0 10.0 0.0 0 0 4 1 1
-6322.9 -3772.7 -4.3 294 0 10.6 12.2 5.0 2.5 2 1 2 2 2
-6523.4 -3632.1 -9.6 119 0 6.6 5.1 7.5 2.5 4 0 3 1 1
-6278.7 -3719.8 -3.9 297 0 11.3 7.5 7.5 2.5 4 0 3 1 1
-6050.8 -3941.3 1.2 20 0 5.3 6.5 7.5 2.5 2 1 3 0 0
-6633.5 -3521.1 -12.2 208 0 10.1 11.4 7.5 2.5 2 1 3 0 0
-6219.8 -3671.2 -2.6 118 0 9.5 32.6 7.5 2.5 2 1 3 3 3
-6047.2 -3688.8 0.9 207 0 12.8 10.4 5.0 2.5 2 0 2 0 0
-6507.3 -3602.6 -10.0 331 0 18.8 7.2 7.5 2.5 2 0 3 0 0
-6512.5 -3905.6 -4.4 111 0 9.3 14.5 2.5 0.0 0 1 1 2 2
-6633.4 -3509.4 -12.6 205 0 7.2 10.4 2.5 2.5 2 1 1 1 1
-6537.1 -3619.0 -9.9 120 0 10.8 10.5 5.0 2.5 2 0 2 5 5
-6058.5 -3931.0 1.1 201 0 6.9 3.6 2.5 2.5 2 0 1 5 5
-6060.9 -3949.4 1.2 114 0 3.6 4.7 7.5 2.5 2 1 3 0 0
-6189.4 -3928.7 -0.1 23 0 7.3 16.0 5.0 2.5 2 1 2 1 1
-6226.0 -3633.1 -2.5 122 0 5.6 5.4 7.5 2.5 2 0 3 0 0
-6513.4 -3874.3 -4.5 289 0 11.6 7.3 2.5 2.5 2 0 1 5 5
-6520.0 -3583.8 -10.2 302 0 5.5 10.7 5.0 2.5 2 0 2 1 1
-6242.7 -3825.7 -1.0 291 0 10.2 11.8 5.0 2.5 2 1 2 5 5
-6071.3 -3646.1 0.9 118 0 31.2 7.7 5.0 2.5 2 0 2 1 1
-6173.6 -3890.3 0.2 293 0 11.5 9.9 5.0 2.5 2 0 2 0 0
-6056.9 -3660.8 1.1 121 0 5.4 6.2 5.0 2.5 4 1 2 3 3
-6218.4 -3889.6 -0.4 114 0 8.7 23.0 7.5 2.5 2 1 3 4 4
-6354.1 -3783.9 -4.5 115 0 4.1 10.6 7.5 2.5 2 1 3 0 0
-6529.5 -3909.5 -4.5 109 0 11.5 13.3 2.5 2.5 2 1 1 2 2
-6208.2 -3914.7 -0.2 114 0 5.9 14.5 7.5 2.5 2 1 3 2 2
-6449.3 -3633.1 -9.1 299 0 3.5 4.3 7.5 2.5 2 1 3 4 4
-6264.3 -3856.9 -1.1 113 0 7.1 18.0 7.5 2.5 2 1 3 5 5
-6562.8 -3566.5 -10.7 297 0 6.6 11.8 7.5 2.5 2 1 3 1 1
-6311.5 -3788.4 -3.5 295 0 10.5 11.7 5.0 2.5 2 1 2 4 4
-6581.3 -3523.0 -11.9 297 0 11.5 11.4 5.0 2.5 2 0 2 1 1
-6546.3 -3553.3 -10.9 303 0 15.1 13.3 2.5 2.5 2 0 1 4 4
-6099.0 -3659.0 0.0 299 0 8.7 5.7 5.0 0.0 0 0 2 3 3
-6222.6 -3740.9 -2.0 210 0 5.9 32.0 7.5 2.5 2 1 3 3 3
-6283.2 -3703.1 -4.2 118 0 18.4 11.5 5.0 2.5 2 0 2 0 0
-6323.9 -3828.7 -2.5 115 0 10.6 21.0 2.5 2.5 2 1 1 1 1
-6234.3 -3915.0 -0.6 203 0 9.0 6.8 7.5 2.5 2 0 3 1 1
-6111.8 -3735.0 -0.5 300 0 5.7 28.1 5.0 0.0 0 0 2 0 0
-6282.0 -3801.7 -2.6 296 0 7.5 11.5 5.0 2.5 2 1 2 2 2
-6054.0 -3701.7 0.6 208 0 16.4 13.3 10.0 2.5 2 0 4 2 2
-6474.9 -3652.2 -9.1 116 0 11.4 10.2 5.0 2.5 2 0 2 1 1
-6264.3 -3725.6 -3.6 298 0 19.5 9.0 2.5 2.5 2 0 1 0 0
-6522.0 -3581.6 -10.3 28 0 16.1 6.7 5.0 2.5 2 0 2 3 3
-6095.4 -3639.9 0.6 120 0 16.6 32.1 12.5 2.5 2 0 5 5 5
-6339.8 -3758.9 -5.2 294 0 10.2 13.6 5.0 2.5 2 1 2 2 2
-6198.6 -3846.1 -0.2 293 0 13.6 15.2 2.5 2.5 2 1 1 0 0
-6460.8 -3660.2 -8.9 116 0 7.7 15.6 5.0 2.5 2 1 2 3 3
-6282.1 -3683.6 -4.0 208 0 12.6 21.0 2.5 2.5 2 0 1 1 1
-6300.0 -3727.7 -4.3 271 0 3.7 4.1 7.5 2.5 2 1 3 3 3
-6476.0 -3701.6 -8.0 294 0 9.9 11.7 5.0 2.5 2 1 2 1 1
-6531.1 -3655.0 -9.1 291 0 9.8 10.1 5.0 2.5 2 1 2 0 0
-6688.3 -3660.4 -7.7 204 0 4.7 8.4 5.0 2.5 2 1 2 5 5
-6553.8 -3654.6 -8.6 295 0 9.3 13.5 5.0 2.5 2 1 2 2 2
-6425.6 -3729.1 -7.6 299 0 11.9 6.2 7.5 2.5 4 0 3 5 5
-6505.7 -3678.7 -8.4 292 0 5.0 11.4 5.0 2.5 4 1 2 4 4
-6596.0 -3614.5 -9.7 296 0 12.9 9.8 5.0 0.0 0 0 2 2 2
-6733.0 -3651.8 -9.2 208 0 9.1 9.4 5.0 0.0 0 0 2 0 0
-6600.0 -3657.8 -8.3 118 0 7.8 13.8 7.5 2.5 2 1 3 0 0
-6494.4 -3679.9 -8.6 296 0 3.5 6.0 7.5 2.5 2 1 3 1 1
-6439.9 -3700.3 -8.1 299 0 7.3 4.9 5.0 2.5 2 0 2 3 3
-6638.0 -3679.5 -6.3 27 0 16.6 6.7 2.5 2.5 2 0 1 2 2
-6496.6 -3732.1 -6.8 111 0 6.1 13.0 2.5 2.5 4 1 1 4 4
-6535.9 -3687.3 -7.9 112 0 4.6 7.7 2.5 2.5 2 1 1 3 3
-6620.2 -3604.0 -9.7 298 0 5.9 15.7 5.0 2.5 4 1 2 0 0
-6576.2 -3627.4 -9.5 296 0 12.5 12.8 5.0 2.5 2 1 2 5 5
-6420.1 -3767.4 -6.0 33 0 8.6 3.8 7.5 2.5 2 0 3 4 4
-6629.0 -3589.3 -10.3 301 0 11.3 9.0 5.0 2.5 2 0 2 4 4
-6513.4 -3658.1 -9.1 293 0 10.5 13.9 5.0 2.5 4 1 2 1 1
-6627.8 -3667.0 -6.8 27 0 4.2 5.7 7.5 0.0 0 1 3 2 2
-6696.9 -3650.5 -8.2 206 0 10.6 11.4 5.0 2.5 2 1 2 0 0
-6546.6 -3685.7 -7.9 114 0 5.3 10.1 2.5 2.5 2 1 1 4 4
-6472.5 -3715.3 -7.4 294 0 4.4 3.9 5.0 2.5 2 0 2 2 2
-6481.0 -3756.0 -5.8 107 0 13.2 7.8 5.0 2.5 2 0 2 5 5
-6708.1 -3664.0 -8.1 206 0 5.4 9.3 2.5 2.5 2 0 1 5 5
-6608.5 -3636.7 -8.4 295 0 6.9 12.3 5.0 2.5 2 1 2 3 3
-6438.8 -3733.8 -7.3 236 0 4.1 9.2 5.0 2.5 2 1 2 5 5
-6404.4 -3726.0 -7.5 297 0 10.7 11.3 5.0 2.5 2 1 2 5 5
-6636.9 -3613.2 -9.0 297 0 12.7 8.5 7.5 2.5 2 0 3 1 1
-6484.7 -3682.4 -8.6 296 0 10.3 12.3 5.0 2.5 2 1 2 2 2
-6680.0 -3674.9 -7.3 114 0 7.1 11.4 5.0 2.5 2 1 2 1 1
-6506.2 -3694.6 -7.7 291 0 6.3 12.7 5.0 2.5 2 1 2 5 5
-6506.2 -3716.6 -7.6 113 0 4.6 17.5 2.5 2.5 2 1 1 5 5
-6729.4 -3642.9 -9.4 209 0 9.9 11.2 5.0 2.5 2 0 2 2 2
-6463.6 -3697.0 -8.2 295 0 5.9 12.9 5.0 2.5 2 1 2 5 5
-6723.5 -3628.1 -9.6 207 0 4.9 10.3 5.0 0.0 0 0 2 3 3
-6004.6 -3233.0 -3.3 298 0 13.7 17.2 5.0 2.5 2 1 2 0 0
-6662.2 -3569.3 -10.6 300 0 23.3 5.1 7.5 2.5 2 0 3 2 2
-6725.9 -3632.9 -9.6 207 0 5.8 10.2 5.0 2.5 2 0 2 0 0
-6773.7 -3637.7 -10.9 127 0 3.4 5.3 5.0 2.5 2 0 2 4 4
-6777.4 -3655.3 -10.6 125 0 5.5 10.4 7.5 2.5 2 0 3 4 4
-6815.5 -3586.7 -13.6 305 0 6.0 11.8 2.5 2.5 2 0 1 3 3
-6690.2 -3568.5 -10.6 210 0 11.1 11.0 2.5 2.5 2 0 1 3 3
-6650.0 -3583.7 -10.1 299 0 8.0 14.1 5.0 2.5 2 1 2 4 4
-6764.7 -3662.7 -10.0 122 0 3.2 11.4 5.0 2.5 2 1 2 5 5
-6826.9 -3613.7 -13.2 124 0 4.6 8.4 7.5 2.5 2 1 3 5 5
-6708.7 -3630.5 -9.1 206 0 4.7 7.8 2.5 2.5 2 1 1 1 1
-6701.3 -3628.5 -9.0 205 0 3.2 9.9 2.5 2.5 2 0 1 4 4
-6831.0 -3581.7 -13.8 215 0 9.7 5.0 2.5 2.5 2 0 1 4 4
-6046.3 -3260.7 -2.8 207 0 4.7 11.3 7.5 2.5 2 1 3 5 5
-6801.6 -3636.8 -11.8 124 0 5.0 13.7 2.5 2.5 2 1 1 0 0
-6672.5 -3550.8 -11.2 299 0 8.9 10.1 5.0 2.5 2 1 2 1 1
-6650.8 -3567.0 -10.9 301 0 36.9 6.7 5.0 2.5 4 0 2 0 0
-6721.2 -3623.6 -9.7 207 0 5.0 10.5 2.5 2.5 2 0 1 4 4
-6080.1 -3300.4 -3.6 115 0 17.6 7.8 7.5 2.5 2 0 3 0 0
-6770.8 -3647.2 -10.5 125 0 3.8 6.8 7.5 2.5 2 0 3 2 2
-6808.3 -3628.0 -12.2 125 0 3.9 6.5 7.5 2.5 2 1 3 1 1
-6719.0 -3619.1 -9.8 206 0 5.0 10.5 5.0 2.5 2 0 2 5 5
-6827.0 -3584.6 -13.8 215 0 9.7 7.7 5.0 2.5 4 0 2 3 3
-6786.9 -3648.0 -11.0 125 0 4.1 7.8 7.5 2.5 2 0 3 1 1
-6698.7 -3583.6 -10.3 209 0 23.5 15.3 10.0 2.5 2 0 4 4 4
-6786.6 -3641.2 -11.2 125 0 3.3 8.4 2.5 2.5 2 0 1 0 0
-6063.6 -3308.1 -2.9 115 0 18.8 12.3 5.0 2.5 2 0 2 0 0
-6769.1 -3653.1 -10.4 125 0 5.6 10.6 7.5 2.5 2 0 3 1 1
-6680.3 -3616.9 -8.7 206 0 5.9 16.9 7.5 2.5 2 1 3 2 2
-6700.2 -3623.5 -9.1 205 0 6.9 12.8 5.0 2.5 2 0 2 3 3
-6111.2 -3271.3 -4.7 206 0 6.2 17.8 5.0 2.5 2 1 2 2 2
-6582.0 -3218.4 -16.7 198 0 5.3 12.4 2.5 0.0 0 1 1 1 1
-6461.9 -3487.0 -12.7 286 0 9.8 10.4 2.5 2.5 2 1 1 1 1
-6460.3 -3352.2 -14.1 16 0 5.2 10.5 5.0 2.5 2 1 2 3 3
-6611.6 -3156.0 -18.1 36 0 3.7 10.1 5.0 2.5 2 1 2 1 1
-6391.4 -3490.9 -11.6 20 0 5.7 15.6 7.5 2.5 2 1 3 5 5
-6355.4 -3332.0 -11.2 107 0 10.1 10.5 5.0 2.5 4 1 2 0 0
-6374.5 -3646.6 -7.7 117 0 13.6 9.5 5.0 2.5 4 0 2 1 1
-6347.0 -3462.1 -10.2 19 0 6.4 12.9 2.5 2.5 2 1 1 5 5
-6392.4 -3314.9 -12.0 196 0 11.9 10.8 5.0 2.5 2 0 2 4 4
-6562.8 -3406.7 -16.4 33 0 7.2 17.6 5.0 2.5 2 1 2 3 3
-6427.0 -3415.9 -12.7 223 0 9.9 10.0 5.0 2.5 2 0 2 5 5
-6491.5 -3578.3 -10.3 112 0 5.6 12.6 7.5 2.5 2 1 3 2 2
-6435.2 -3483.7 -12.7 16 0 10.5 9.4 5.0 2.5 2 0 2 1 1
-6346.0 -3631.5 -6.9 296 0 19.9 7.5 7.5 2.5 2 0 3 2 2
-6619.6 -3166.7 -18.5 36 0 5.9 18.7 2.5 2.5 2 0 1 2 2
-6546.1 -3369.5 -15.8 33 0 10.5 10.2 2.5 2.5 2 0 1 5 5
-6475.8 -3587.3 -10.1 109 0 11.6 10.7 5.0 0.0 0 0 2 0 0
-6533.3 -3302.4 -15.3 283 0 6.9 22.6 5.0 2.5 2 1 2 4 4
-6678.9 -3462.5 -15.1 299 0 6.1 6.5 0.0 0.0 0 1 0 3 3
-6368.7 -3446.7 -11.1 19 0 11.9 9.9 2.5 2.5 2 0 1 5 5
-6480.5 -3499.3 -12.8 197 0 9.9 11.5 2.5 2.5 4 1 1 2 2
-6337.2 -3445.3 -9.9 17 0 5.7 8.2 7.5 2.5 2 1 3 0 0
-6439.2 -3602.3 -9.8 113 0 8.6 18.8 5.0 2.5 2 1 2 1 1
-6397.1 -3414.7 -12.0 235 0 14.8 7.5 2.5 2.5 2 0 1 5 5
-6407.7 -3630.6 -9.1 116 0 10.1 9.9 5.0 2.5 2 0 2 2 2
-6532.3 -3399.8 -15.6 36 0 6.5 9.7 2.5 2.5 2 1 1 2 2
-6357.4 -3374.0 -11.3 246 0 19.3 10.3 5.0 2.5 2 0 2 1 1
-6421.7 -3517.0 -11.5 17 0 6.0 5.4 5.0 2.5 2 0 2 1 1
-6607.9 -3332.4 -16.8 292 0 13.1 7.5 5.0 2.5 2 0 2 4 4
-6349.0 -3438.3 -10.5 17 0 10.9 9.8 2.5 2.5 4 0 1 0 0
-6394.9 -3401.4 -11.9 221 0 7.4 16.4 5.0 2.5 2 1 2 5 5
-6486.9 -3354.6 -14.6 104 0 5.6 8.9 7.5 2.5 2 1 3 1 1
-6657.4 -3445.2 -16.1 124 0 3.8 9.6 7.5 2.5 4 1 3 5 5
-6427.5 -3434.0 -12.6 228 0 8.1 10.6 2.5 2.5 4 1 1 5 5
-6578.0 -3508.7 -12.9 115 0 5.7 10.3 5.0 2.5 2 1 2 5 5
-6522.3 -3373.7 -15.3 303 0 6.7 11.8 5.0 2.5 2 1 2 1 1
-6422.2 -3500.5 -12.3 16 0 4.5 31.4 7.5 2.5 2 0 3 4 4
-6630.3 -3338.9 -17.3 304 0 6.1 8.9 7.5 2.5 2 1 3 3 3
-6607.0 -3214.9 -17.3 201 0 10.2 10.5 5.0 2.5 2 1 2 4 4
-6555.1 -3525.9 -12.1 123 0 9.5 11.2 5.0 2.5 2 1 2 2 2
-6341.4 -3667.0 -5.7 117 0 9.3 15.6 5.0 2.5 2 1 2 1 1
-6416.2 -3476.4 -12.4 19 0 10.1 9.3 2.5 0.0 0 0 1 3 3
-6490.0 -3131.8 -15.0 301 0 33.9 8.6 7.5 2.5 2 0 3 5 5
-6517.4 -3190.1 -15.5 25 0 15.1 9.6 2.5 2.5 2 0 1 0 0
-6498.1 -3398.2 -15.2 207 0 9.4 8.6 2.5 2.5 2 0 1 0 0
-6420.2 -3408.5 -12.6 223 0 10.1 10.1 5.0 2.5 2 0 2 3 3
-6380.2 -3392.1 -11.6 242 0 7.4 15.9 5.0 2.5 2 1 2 0 0
-6573.9 -3193.7 -16.7 202 0 6.2 14.8 2.5 2.5 2 1 1 1 1
-6646.9 -3451.5 -16.2 125 0 4.6 21.4 5.0 2.5 2 1 2 0 0
-6693.0 -3351.8 -18.4 216 0 13.3 11.7 7.5 2.5 2 0 3 5 5
-6523.0 -3159.1 -15.6 208 0 9.6 13.8 5.0 2.5 2 1 2 1 1
-6532.6 -3211.1 -16.0 27 0 7.0 17.0 2.5 2.5 2 1 1 1 1
-6487.8 -3526.5 -12.2 108 0 9.1 14.8 5.0 2.5 4 1 2 1 1
-6670.5 -3435.8 -16.7 123 0 6.0 21.7 7.5 2.5 2 1 3 0 0
-6663.0 -3464.3 -15.6 130 0 13.6 8.6 5.0 2.5 2 0 2 1 1
-6529.7 -3367.5 -15.4 27 0 5.9 9.0 2.5 2.5 2 1 1 4 4
-6596.2 -3497.1 -13.3 113 0 4.5 5.7 7.5 2.5 4 1 3 4 4
-6616.7 -3234.1 -17.2 203 0 17.1 7.8 7.5 2.5 2 0 3 1 1
-6328.5 -3676.4 -5.0 116 0 9.0 14.8 5.0 2.5 2 1 2 1 1
-6321.2 -3314.9 -10.3 106 0 10.5 14.3 5.0 2.5 2 1 2 4 4
-6714.7 -3368.6 -18.2 208 0 6.9 13.1 7.5 2.5 2 1 3 0 0
-6699.7 -3415.5 -17.2 126 0 19.9 10.6 7.5 0.0 0 0 3 3 3
-6682.2 -3395.9 -17.8 126 0 11.3 19.7 2.5 2.5 2 1 1 5 5
-6464.0 -3163.5 -14.0 23 0 12.0 9.8 5.0 2.5 2 0 2 3 3
-6492.0 -3350.0 -14.5 106 0 6.0 11.1 5.0 2.5 2 1 2 2 2
-6592.9 -3192.8 -17.3 207 0 11.2 9.2 5.0 2.5 2 0 2 1 1
-6375.8 -3342.5 -11.7 107 0 10.3 11.3 2.5 2.5 2 1 1 5 5
-6531.2 -3474.5 -14.2 243 0 12.9 10.9 5.0 2.5 2 0 2 1 1
-6485.1 -3447.9 -14.6 229 0 7.8 4.8 2.5 2.5 4 0 1 1 1
-6554.8 -3182.3 -16.3 204 0 13.1 5.6 7.5 2.5 2 0 3 3 3
-6343.6 -3294.1 -10.8 284 0 10.3 5.6 7.5 2.5 2 0 3 1 1
-6503.1 -3571.8 -10.3 201 0 3.9 9.2 5.0 2.5 2 1 2 4 4
-6552.7 -3477.5 -14.3 243 0 11.1 10.8 5.0 2.5 2 0 2 1 1
-6359.6 -3655.0 -6.9 117 0 14.5 11.7 5.0 2.5 4 0 2 2 2
-6454.2 -3362.7 -13.8 1 0 5.8 9.9 5.0 0.0 0 1 2 2 2
-6432.5 -3513.4 -12.2 18 0 6.1 27.0 5.0 2.5 4 1 2 4 4
-6548.2 -3340.1 -15.5 197 0 8.1 13.0 7.5 2.5 2 1 3 3 3
-6392.9 -3639.3 -8.7 117 0 14.2 14.4 5.0 2.5 2 1 2 5 5
-6564.2 -3227.0 -16.4 108 0 7.9 19.1 2.5 2.5 4 1 1 1 1
-6603.5 -3500.8 -13.1 110 0 7.1 5.0 5.0 2.5 2 0 2 2 2
-6654.6 -3336.5 -18.1 306 0 6.1 37.5 5.0 2.5 2 1 2 3 3
-6507.3 -3471.3 -13.9 239 0 3.2 10.1 7.5 2.5 2 1 3 0 0
-6331.1 -3437.3 -9.6 15 0 7.5 4.4 7.5 2.5 2 0 3 2 2
-6458.7 -3601.1 -9.8 112 0 14.1 7.5 5.0 2.5 2 0 2 3 3
-6562.2 -3505.9 -12.9 154 0 5.9 8.5 2.5 2.5 2 1 1 3 3
-6537.3 -3382.1 -15.7 304 0 7.2 10.1 7.5 2.5 2 1 3 1 1
-6606.9 -3172.9 -18.0 35 0 10.3 14.0 2.5 0.0 0 0 1 3 3
-6563.9 -3370.6 -16.1 306 0 6.8 8.3 5.0 2.5 2 0 2 3 3
-6521.9 -3126.5 -15.5 211 0 23.6 13.3 10.0 2.5 2 0 4 3 3
-6559.9 -3376.8 -16.2 304 0 6.9 16.9 7.5 2.5 2 0 3 4 4
-6449.3 -3547.8 -11.1 16 0 7.6 12.5 5.0 2.5 2 1 2 4 4
-6410.2 -3505.2 -11.7 16 0 16.7 12.8 2.5 2.5 2 0 1 5 5
-6672.1 -3451.5 -16.1 128 0 9.6 13.0 5.0 0.0 0 1 2 3 3
-6467.9 -3431.8 -14.3 234 0 11.1 10.9 5.0 0.0 0 0 2 1 1
-6691.7 -3431.8 -16.6 126 0 7.1 13.0 5.0 2.5 2 1 2 3 3
-6270.9 -3362.9 -8.8 15 0 5.9 19.9 5.0 2.5 2 1 2 0 0
-6413.6 -3425.0 -12.3 221 0 4.1 12.3 7.5 2.5 2 1 3 3 3
-6637.7 -3150.3 -18.7 126 0 7.0 13.8 7.5 2.5 2 1 3 3 3
-6479.8 -3460.4 -13.9 233 0 4.4 8.4 2.5 2.5 2 0 1 0 0
-6491.4 -3466.8 -13.9 248 0 9.5 5.0 5.0 2.5 2 0 2 2 2
-6578.1 -3359.8 -16.4 303 0 6.1 14.2 5.0 2.5 4 1 2 4 4
-6719.7 -3222.3 -19.7 36 0 6.3 12.3 2.5 2.5 2 1 1 4 4
-6786.2 -3291.5 -20.1 54 0 5.8 10.3 7.5 2.5 2 1 3 1 1
-6786.3 -3326.2 -19.5 287 0 6.3 15.5 5.0 2.5 2 1 2 4 4
-6741.4 -3204.2 -20.2 216 0 4.0 13.9 7.5 2.5 2 1 3 5 5
-6806.6 -3384.5 -17.9 298 0 5.9 14.7 5.0 2.5 2 0 2 1 1
-6856.3 -3429.2 -17.6 120 0 8.4 9.4 2.5 2.5 4 0 1 2 2
-6741.2 -3294.2 -19.3 55 0 11.0 13.5 5.0 2.5 2 1 2 3 3
-6767.7 -3438.9 -16.6 28 0 11.9 10.6 5.0 2.5 2 0 2 3 3
-6822.1 -3338.9 -19.3 298 0 19.8 8.7 2.5 2.5 2 0 1 2 2
-6953.3 -3370.6 -20.0 292 0 11.3 7.6 5.0 2.5 4 0 2 3 3
-6774.4 -3365.8 -18.4 297 0 12.0 10.5 5.0 2.5 4 0 2 2 2
-6907.5 -3379.3 -19.6 122 0 5.3 18.8 5.0 2.5 2 1 2 3 3
-6752.0 -3400.8 -17.6 25 0 12.0 11.8 2.5 2.5 2 0 1 4 4
-6781.8 -3465.1 -15.7 28 0 8.8 9.5 5.0 2.5 2 0 2 4 4
-6777.6 -3457.2 -16.0 28 0 9.1 9.5 7.5 2.5 2 0 3 3 3
-6763.6 -3245.7 -19.8 228 0 7.2 9.1 7.5 2.5 2 1 3 0 0
-6800.6 -3285.6 -20.3 55 0 3.7 9.5 7.5 2.5 2 0 3 2 2
-6732.5 -3270.1 -19.1 50 0 11.9 11.9 2.5 2.5 2 0 1 1 1
-6781.9 -3421.1 -16.9 23 0 5.4 4.3 2.5 2.5 2 0 1 5 5
-6695.2 -3302.2 -18.5 31 0 17.2 12.5 2.5 2.5 2 0 1 3 3
-6755.4 -3275.1 -19.4 49 0 4.7 9.8 5.0 2.5 2 1 2 1 1
-6812.6 -3272.9 -20.7 328 0 7.4 16.0 5.0 2.5 2 1 2 1 1
-6923.6 -3350.8 -20.0 297 0 5.0 15.1 7.5 2.5 2 1 3 1 1
-6805.4 -3452.4 -16.1 114 0 7.4 3.5 5.0 0.0 0 0 2 0 0
-6670.9 -3270.8 -18.1 31 0 7.7 19.9 5.0 2.5 2 1 2 0 0
-6725.0 -3359.9 -18.7 33 0 21.6 8.1 5.0 2.5 2 0 2 4 4
-6948.1 -3350.2 -20.1 293 0 3.6 7.6 5.0 2.5 2 1 2 5 5
-6711.5 -3233.1 -19.3 32 0 15.4 10.6 5.0 0.0 0 0 2 5 5
-6662.3 -3253.6 -18.1 31 0 6.7 16.8 5.0 0.0 0 1 2 2 2
-6903.7 -3392.6 -19.3 121 0 11.2 15.3 2.5 2.5 2 1 1 3 3
-6678.5 -3289.4 -18.0 28 0 10.2 9.3 5.0 2.5 2 0 2 3 3
-6909.2 -3358.6 -19.8 302 0 5.5 20.6 5.0 2.5 2 1 2 3 3
-6773.6 -3382.6 -17.9 294 0 7.4 17.5 2.5 2.5 2 0 1 3 3
-6765.6 -3302.7 -19.7 55 0 8.5 11.4 5.0 0.0 0 1 2 5 5
-6748.3 -3340.3 -19.1 210 0 11.4 16.4 5.0 2.5 2 1 2 2 2
-6760.2 -3424.1 -16.9 28 0 11.1 10.7 2.5 2.5 2 0 1 3 3
-6796.3 -3299.2 -20.2 56 0 3.8 5.4 7.5 2.5 2 1 3 3 3
-6695.0 -3271.0 -18.2 211 0 15.2 6.7 2.5 2.5 2 0 1 2 2
-6847.5 -3434.3 -17.3 120 0 12.1 10.5 5.0 2.5 2 0 2 5 5
-6876.9 -3420.5 -18.3 122 0 10.1 7.9 5.0 2.5 2 0 2 4 4
-6806.9 -3270.3 -20.3 235 0 11.0 6.7 7.5 0.0 0 0 3 0 0
-6800.5 -3450.9 -16.2 116 0 15.1 5.3 7.5 2.5 2 0 3 3 3
-6775.3 -3313.5 -19.9 61 0 9.3 7.1 2.5 2.5 2 0 1 0 0
-6874.9 -3412.4 -18.5 122 0 5.0 23.5 7.5 2.5 2 0 3 0 0
-6802.9 -3443.8 -16.5 117 0 5.0 11.6 5.0 2.5 2 0 2 3 3
-6778.9 -3380.4 -17.9 291 0 4.1 31.1 7.5 2.5 2 0 3 4 4
-6844.2 -3339.3 -19.4 301 0 6.6 12.8 5.0 2.5 2 1 2 1 1
-6748.5 -3380.2 -17.9 296 0 8.2 8.8 5.0 0.0 0 1 2 1 1
-6777.2 -3350.3 -19.1 110 0 7.0 10.3 5.0 2.5 2 1 2 3 3
-6890.7 -3411.9 -18.6 119 0 4.9 13.2 5.0 2.5 2 1 2 2 2
-6926.4 -3472.1 -18.1 133 0 9.2 5.8 5.0 2.5 4 0 2 5 5
-6857.5 -3529.8 -14.9 210 0 4.1 11.1 5.0 2.5 2 1 2 2 2
-6840.5 -3476.5 -16.0 32 0 10.8 6.5 5.0 2.5 2 0 2 4 4
-6906.1 -3533.8 -16.6 127 0 11.8 11.0 5.0 0.0 0 0 2 5 5
-6799.5 -3509.7 -13.9 27 0 6.9 12.3 7.5 2.5 2 0 3 3 3
-6880.1 -3280.5 -21.1 242 0 5.2 8.7 5.0 2.5 2 1 2 5 5
-6899.1 -3469.1 -17.9 36 0 7.3 13.0 5.0 2.5 2 0 2 5 5
-6834.9 -3507.6 -14.9 119 0 8.5 3.3 7.5 2.5 2 0 3 2 2
-6837.8 -3571.5 -14.1 33 0 13.8 10.9 5.0 0.0 0 0 2 5 5
-6955.6 -3473.5 -18.3 229 0 12.1 9.5 5.0 2.5 2 0 2 0 0
-6897.5 -3524.5 -16.5 127 0 8.9 4.4 5.0 2.5 2 0 2 5 5
-6919.8 -3334.0 -20.4 67 0 8.9 8.5 5.0 2.5 2 0 2 3 3
-6941.3 -3457.8 -18.5 130 0 5.3 9.0 7.5 2.5 2 0 3 3 3
-6910.4 -3319.2 -20.7 65 0 5.6 10.8 7.5 2.5 2 1 3 5 5
-6841.5 -3492.6 -15.3 209 0 5.0 25.2 7.5 2.5 2 1 3 1 1
-6888.9 -3429.4 -18.3 303 0 5.9 9.7 5.0 2.5 2 1 2 1 1
-6890.5 -3326.3 -20.4 72 0 9.7 8.4 2.5 2.5 2 0 1 3 3
-6858.7 -3521.9 -15.1 212 0 4.9 12.0 5.0 2.5 4 0 2 0 0
-6955.0 -3398.0 -19.7 289 0 11.2 9.3 2.5 2.5 2 0 1 2 2
-6858.7 -3501.3 -15.9 300 0 11.1 9.1 5.0 2.5 2 0 2 5 5
-6885.3 -3443.4 -18.0 306 0 10.1 11.8 5.0 2.5 2 1 2 5 5
-6931.2 -3414.8 -19.1 310 0 9.1 12.1 2.5 2.5 2 1 1 5 5
-6875.2 -3532.0 -15.9 35 0 5.2 9.4 7.5 2.5 2 1 3 0 0
-5804.9 -3125.0 -2.5 24 0 6.7 10.6 5.0 2.5 2 1 2 5 5
-6796.2 -3503.4 -13.9 28 0 7.2 12.2 5.0 2.5 2 0 2 5 5
-6838.4 -3512.6 -14.8 300 0 5.9 6.1 5.0 2.5 2 1 2 5 5
-6848.6 -3460.5 -16.5 302 0 9.1 8.5 5.0 2.5 4 0 2 1 1
-6827.0 -3479.9 -15.2 209 0 4.8 9.8 7.5 2.5 2 0 3 2 2
-6886.4 -3263.5 -21.2 329 0 8.0 29.8 7.5 2.5 2 1 3 4 4
-6951.4 -3434.5 -19.0 313 0 10.5 6.0 2.5 2.5 2 0 1 3 3
-6853.2 -3481.4 -16.4 31 0 8.7 8.6 5.0 2.5 2 0 2 5 5
-6820.6 -3548.9 -13.9 30 0 8.2 14.6 5.0 2.5 2 0 2 1 1
-6889.1 -3484.3 -17.2 120 0 6.0 7.7 7.5 2.5 2 1 3 2 2
-6866.9 -3313.5 -20.7 61 0 11.5 14.1 2.5 2.5 2 1 1 1 1
-6929.0 -3321.2 -20.7 65 0 4.2 13.0 2.5 2.5 2 1 1 4 4
-6813.9 -3526.1 -13.7 300 0 11.0 7.5 5.0 2.5 2 0 2 4 4
-6908.8 -3501.3 -17.3 215 0 10.2 8.7 5.0 2.5 2 0 2 5 5
-6899.2 -3311.8 -20.7 66 0 4.0 8.0 2.5 2.5 2 1 1 1 1
-6813.0 -3522.9 -13.8 118 0 12.7 11.9 5.0 2.5 2 0 2 0 0
-6901.8 -3431.5 -18.4 305 0 11.0 12.6 5.0 2.5 2 1 2 0 0
-6903.4 -3331.6 -20.4 75 0 9.4 8.2 5.0 2.5 2 0 2 0 0
-6846.7 -3491.3 -15.8 30 0 12.5 4.3 2.5 2.5 4 0 1 5 5
-6856.1 -3517.7 -15.2 211 0 5.0 17.6 7.5 2.5 2 0 3 5 5
-6888.7 -3540.0 -16.2 37 0 11.0 11.7 2.5 2.5 2 0 1 3 3
-6815.7 -3540.4 -13.8 30 0 11.4 14.6 5.0 0.0 0 0 2 3 3
-6903.8 -3479.0 -17.8 126 0 4.0 27.3 7.5 0.0 0 0 3 5 5
-6879.3 -3492.6 -16.7 299 0 5.5 7.0 5.0 2.5 2 0 2 4 4
-6829.2 -3483.6 -15.1 209 0 3.9 20.4 2.5 2.5 2 0 1 0 0
-6873.1 -3485.7 -16.7 118 0 5.4 14.8 2.5 2.5 2 0 1 4 4
-6935.0 -3453.0 -18.5 146 0 10.1 10.4 10.0 2.5 2 0 4 1 1
-6882.0 -3499.1 -16.8 299 0 8.6 12.6 5.0 2.5 2 0 2 3 3
-6871.6 -3445.9 -17.6 306 0 11.9 24.3 7.5 2.5 4 0 3 1 1
-6692.4 -3753.4 -5.2 297 0 7.1 6.0 7.5 0.0 0 0 3 3 3
-6688.0 -3757.5 -4.9 298 0 4.6 4.4 2.5 2.5 2 0 1 2 2
-6701.1 -3753.0 -5.4 207 0 4.7 4.3 2.5 2.5 2 0 1 5 5
3122.4 1562.1 -2.4 206 0 32.3 11.7 14.0 3.5 2 0 4 2 2
3168.6 1740.7 4.7 200 0 12.4 35.0 10.5 3.5 2 1 3 4 4
3128.4 1741.2 4.3 109 0 24.6 28.2 7.0 0.0 0 1 2 4 4
3142.1 1602.2 -0.3 204 0 32.6 11.8 14.0 0.0 0 0 4 5 5
3638.8 1999.4 -12.6 89 0 37.2 32.9 2.5 0.0 0 0 1 3 3
2992.5 1700.5 5.1 17 1 12.2 10.9 14.0 3.5 2 0 4 4 4
3128.8 2658.8 5.2 289 0 12.7 11.1 5.0 2.5 2 0 2 2 2
3143.6 2684.0 6.5 19 0 10.0 12.8 5.0 2.5 2 0 2 5 5
3120.2 2617.4 4.4 19 0 10.7 12.0 5.0 2.5 2 0 2 3 3
3153.1 2451.1 -0.9 14 0 13.8 15.9 5.0 2.5 2 1 2 5 5
3146.8 2693.0 6.4 20 0 9.1 12.8 7.5 2.5 2 0 3 0 0
3022.5 1748.6 4.7 110 0 15.8 9.7 10.5 3.5 2 0 3 0 0
3093.5 1588.7 0.6 113 0 14.2 24.2 14.0 3.5 2 1 4 5 5
3126.6 1725.2 4.8 199 0 20.9 13.3 14.0 0.0 0 0 4 4 4
3116.7 2539.8 2.3 199 0 18.4 13.6 7.5 2.5 4 0 3 2 2
3112.9 2593.0 3.9 17 0 9.2 11.1 5.0 2.5 2 0 2 1 1
3122.3 2563.0 3.2 201 0 9.2 13.1 7.5 2.5 2 1 3 2 2
3129.6 2641.9 4.9 19 0 9.2 12.7 5.0 2.5 2 0 2 5 5
3089.8 1792.9 4.0 197 0 8.6 17.1 10.5 3.5 2 1 3 1 1
3123.5 2626.9 4.6 20 0 9.4 14.1 7.5 2.5 2 0 3 5 5
3148.5 2634.4 5.6 199 0 9.1 12.4 5.0 2.5 2 1 2 3 3
3137.1 2596.0 3.9 203 0 9.4 12.1 5.0 2.5 4 0 2 5 5
3144.6 2621.6 4.7 199 0 7.4 13.1 5.0 2.5 2 0 2 2 2
3081.2 2659.8 5.3 199 0 8.9 11.2 2.5 2.5 2 0 1 0 0
3059.4 2598.6 3.9 197 0 7.4 13.8 7.5 2.5 2 0 3 1 1
3056.3 2589.0 3.6 198 0 12.6 13.8 2.5 2.5 2 0 1 3 3
3051.0 2571.3 3.2 200 0 19.9 11.6 5.0 2.5 2 0 2 0 0
-751.9 244.0 7.5 182 0 13.6 44.5 12.5 2.5 2 1 5 0 0
-662.1 255.3 7.3 256 0 28.1 9.7 7.5 2.5 2 0 3 0 0
3758.6 1958.0 -7.4 180 0 6.3 16.7 5.0 2.5 4 1 2 5 5
4440.2 1388.0 5.9 94 0 7.7 12.9 5.0 2.5 2 1 2 3 3
3344.2 821.7 -6.6 165 0 15.5 23.3 10.0 2.5 2 1 4 4 4
3203.0 2761.5 3.6 289 0 10.0 11.4 5.0 2.5 2 1 2 3 3
2743.7 1802.0 5.8 15 0 15.1 16.2 10.0 2.5 2 1 4 5 5
2801.9 1784.8 5.9 108 0 68.1 10.2 10.0 2.5 2 0 4 2 2
2793.9 1759.3 5.7 288 0 67.8 11.2 10.0 2.5 2 0 4 5 5
2734.0 1715.4 5.7 105 0 67.5 12.3 10.0 2.5 2 0 4 3 3
2751.8 1684.9 5.6 284 0 72.6 10.9 14.0 3.5 2 0 4 1 1
2887.4 1835.5 5.0 17 0 14.2 15.0 7.0 2.5 2 0 2 1 1
2846.6 1752.4 6.0 16 0 8.0 8.6 5.0 2.5 2 1 2 2 2
2951.8 1615.5 4.0 18 0 25.2 13.7 3.5 3.5 2 0 1 1 1
3151.4 1624.8 1.5 205 0 11.8 9.4 10.5 3.5 2 0 3 5 5
3033.3 1744.4 4.5 113 0 7.6 13.3 10.5 3.5 2 0 3 1 1
2775.9 1886.1 5.1 199 0 10.5 11.3 5.0 2.5 4 0 2 1 1
2733.7 1777.0 5.5 287 0 5.2 5.7 5.0 2.5 4 1 2 3 3
2847.7 1911.0 3.7 292 0 26.8 11.6 7.5 0.0 0 0 3 1 1
3082.4 1872.0 3.2 19 0 10.3 9.2 7.0 3.5 2 0 2 4 4
3099.2 1967.4 1.9 16 0 10.7 24.1 14.0 3.5 2 1 4 0 0
2961.8 1768.0 5.3 108 0 30.5 14.0 14.0 3.5 2 0 4 3 3
3101.3 1739.1 4.6 289 0 24.1 17.0 14.0 0.0 0 0 4 4 4
3785.3 -4951.6 2.5 91 0 14.6 30.6 10.0 2.5 2 0 4 1 1
3616.7 -4592.0 3.3 92 0 12.7 19.9 7.5 2.5 2 1 3 1 1
3947.2 -4467.3 5.1 83 0 14.0 14.6 5.0 2.5 2 1 2 1 1
-5873.3 -3081.1 -2.6 336 0 23.4 19.3 7.5 0.0 0 0 3 0 0
3113.1 2751.4 4.4 200 0 11.4 11.9 5.0 2.5 2 1 2 5 5
3107.2 2732.9 4.7 200 0 14.2 11.8 2.5 2.5 2 0 1 1 1
3152.5 2709.9 6.2 20 0 7.2 12.3 5.0 2.5 4 0 2 1 1
3154.9 2716.4 6.1 19 0 6.9 12.3 5.0 2.5 2 0 2 2 2
3162.2 2734.6 5.4 19 0 8.2 13.1 5.0 2.5 2 0 2 3 3
3165.2 2742.6 5.1 22 0 8.9 13.0 5.0 2.5 2 0 2 3 3
3063.6 2494.6 1.4 110 0 10.7 6.9 5.0 2.5 2 0 2 5 5
3082.8 2490.3 0.8 109 0 28.5 14.2 12.5 2.5 2 0 5 4 4
3158.2 2506.3 0.9 22 0 13.1 17.8 2.5 2.5 2 1 1 0 0
3162.4 2525.8 1.7 20 0 13.1 13.4 7.5 2.5 2 1 3 5 5
3181.1 2570.1 2.5 18 0 8.8 12.1 5.0 0.0 0 0 2 1 1
3183.7 2577.8 2.6 19 0 7.4 12.2 5.0 2.5 2 0 2 0 0
3176.2 2552.1 2.3 21 0 7.4 16.7 5.0 2.5 4 1 2 2 2
2871.2 1753.6 6.0 107 0 16.4 14.5 14.0 3.5 2 0 4 0 0
2889.2 1721.4 5.8 287 0 15.4 16.2 14.0 3.5 2 1 4 3 3
2918.7 1737.3 6.0 110 0 16.2 15.4 14.0 3.5 2 0 4 0 0
2990.3 1754.2 5.1 113 0 15.9 11.8 3.5 3.5 2 0 1 2 2
2986.2 1732.8 5.4 291 0 15.5 12.2 7.0 3.5 2 0 2 0 0
-994.5 1781.8 2.4 82 0 13.5 25.0 12.5 2.5 2 1 5 2 2
-225.9 433.3 8.3 342 0 4.4 3.5 7.5 2.5 2 0 3 0 0
3061.7 1688.5 5.2 286 0 14.6 11.7 7.0 3.5 4 0 2 4 4
3118.8 1692.8 5.4 289 0 23.5 14.8 14.0 3.5 2 0 4 1 1
3913.4 1736.5 -5.0 8 0 47.6 65.7 12.5 0.0 0 1 5 3 3
3867.0 1865.5 -5.3 273 0 17.2 46.5 7.5 2.5 2 1 3 3 3
3808.2 1941.2 -6.7 271 0 21.9 23.1 7.5 0.0 0 1 3 5 5
3084.9 1631.1 3.3 107 0 14.7 16.9 3.5 3.5 4 1 1 0 0
3148.2 2175.3 0.4 286 0 25.3 11.7 10.0 2.5 2 0 4 0 0
3108.2 2186.7 1.0 286 0 32.8 10.5 10.0 2.5 2 0 4 0 0
3090.5 1898.9 2.7 18 0 12.7 14.1 7.0 3.5 2 1 2 2 2
2952.4 1743.4 5.7 290 0 19.8 12.3 14.0 3.5 2 0 4 0 0
3077.9 2150.0 2.5 14 0 11.6 41.7 10.0 2.5 2 1 4 5 5
3123.2 2234.5 0.5 107 0 6.0 5.7 7.5 2.5 4 0 3 4 4
2907.0 1794.8 5.6 109 0 14.8 9.1 10.5 3.5 2 0 3 0 0
2894.6 1896.1 3.2 109 0 37.2 11.1 10.5 3.5 2 0 3 0 0
2858.4 1673.9 5.4 291 0 12.0 40.5 14.0 3.5 2 1 4 1 1
6047.3 8030.1 -29.2 8 0 12.1 7.7 7.5 2.5 2 0 3 4 4
6056.7 8030.7 -28.3 188 0 17.2 14.8 12.5 2.5 2 0 5 0 0
3961.5 1728.5 -1.8 183 0 25.2 14.1 7.5 2.5 2 0 3 3 3
3964.6 1774.8 -2.2 183 0 39.5 13.8 10.0 0.0 0 0 4 4 4
4035.3 1724.8 0.2 188 0 7.1 25.4 8.0 2.5 4 0 2 4 4
4055.6 1775.0 0.0 278 0 25.3 49.1 7.5 0.0 0 0 3 2 2
4066.9 1723.6 0.9 278 0 12.1 7.4 8.0 2.5 2 0 2 3 3
2923.4 1782.9 5.6 110 0 11.0 11.8 7.0 0.0 0 1 2 3 3
3180.8 2282.2 -2.1 19 0 32.7 15.0 12.5 2.5 2 0 5 2 2
-6934.8 -3382.2 -19.7 115 0 15.5 10.5 2.5 2.5 2 0 1 4 4
3779.2 -4555.6 1.4 256 0 11.4 6.8 2.5 2.5 4 0 1 3 3
3762.3 -4554.2 1.4 256 0 9.1 9.3 5.0 2.5 2 1 2 2 2
3784.6 -4546.7 1.5 257 0 5.8 7.2 7.5 2.5 2 0 3 2 2
3774.2 1328.5 -0.0 189 0 20.6 17.3 7.5 2.5 2 0 3 5 5
3796.2 1189.2 -0.3 97 0 25.1 14.1 10.0 2.5 2 0 4 2 2
3729.1 -4502.9 1.8 164 0 12.3 8.9 7.5 2.5 2 0 3 2 2
3723.2 -4758.4 3.2 4 0 10.3 6.2 7.5 2.5 2 0 3 1 1
3742.0 -4747.2 2.7 185 0 8.8 12.1 7.5 2.5 2 1 3 2 2
3762.4 -4711.4 2.3 270 0 9.8 14.6 7.5 2.5 2 1 3 5 5
6887.7 -7749.9 17.9 335 0 25.3 12.1 10.0 2.5 2 0 4 3 3
6918.2 -7831.1 18.3 170 0 7.2 8.6 7.5 2.5 2 1 3 3 3
131.6 5801.5 -8.1 239 0 11.5 10.4 2.5 2.5 2 0 1 4 4
-212.7 5629.1 -13.4 59 0 12.1 13.0 7.5 2.5 2 1 3 0 0
171.5 1680.3 3.6 293 0 7.2 14.1 5.0 2.5 2 1 2 2 2
184.3 1669.1 4.0 295 0 6.9 13.0 5.0 0.0 0 1 2 2 2
164.2 1611.1 6.3 284 0 10.1 8.2 5.0 2.5 2 0 2 0 0
170.5 1593.5 7.0 284 0 7.0 11.3 5.0 2.5 2 1 2 0 0
213.4 1601.3 6.7 281 0 11.2 10.5 2.5 2.5 2 0 1 3 3
197.5 1586.5 7.3 286 0 6.7 22.0 5.0 2.5 4 1 2 5 5
194.9 1541.3 8.7 106 0 20.4 10.4 2.5 2.5 2 0 1 3 3
212.2 1576.4 7.7 285 0 6.8 16.4 5.0 2.5 4 0 2 5 5
208.8 1560.4 8.3 285 0 4.8 11.7 7.5 2.5 2 0 3 1 1
266.1 1590.2 7.1 284 0 6.7 15.1 5.0 2.5 2 1 2 0 0
305.2 1586.5 7.3 281 0 12.0 6.1 2.5 2.5 2 0 1 4 4
309.8 1562.6 8.2 285 0 6.8 15.9 7.5 2.5 2 1 3 0 0
294.9 1540.1 9.1 285 0 10.8 11.1 5.0 2.5 2 1 2 4 4
312.2 1540.3 9.1 284 0 13.4 10.9 5.0 2.5 2 0 2 2 2
325.6 1570.2 7.9 287 0 5.9 12.2 7.5 2.5 4 1 3 5 5
325.9 1586.0 7.3 284 0 9.6 8.1 5.0 2.5 2 0 2 1 1
455.3 1555.3 8.5 284 0 9.6 8.3 2.5 2.5 2 0 1 2 2
470.0 1553.2 8.5 287 0 9.7 6.2 7.5 2.5 2 0 3 3 3
429.2 1566.4 8.0 288 0 6.5 11.2 5.0 2.5 2 1 2 4 4
-4536.8 -4274.3 6.9 95 0 4.8 14.9 7.5 2.5 2 1 3 5 5
-5193.3 1950.7 -17.2 280 0 7.2 23.3 5.0 2.5 2 1 2 5 5
-2560.1 -18.1 5.1 292 0 10.8 7.2 5.0 2.5 2 0 2 3 3
-5151.2 1958.0 -17.4 8 0 8.4 6.6 5.0 2.5 2 0 2 4 4
-1599.6 8255.3 -11.9 104 0 14.1 11.8 5.0 2.5 2 0 2 3 3
-3280.4 7542.9 -32.2 183 0 5.4 4.4 5.0 2.5 2 0 2 5 5
5351.3 5775.8 -18.9 35 0 9.7 5.3 5.0 2.5 2 0 2 1 1
5239.1 5597.3 -16.8 20 0 6.3 14.2 7.5 2.5 4 1 3 0 0
5767.1 7256.1 -26.4 106 0 7.0 11.5 5.0 2.5 2 1 2 5 5
3938.8 -970.5 -0.6 349 0 8.2 7.4 7.5 2.5 2 0 3 2 2
3890.2 -1064.8 3.2 347 0 4.1 9.9 5.0 2.5 2 1 2 0 0
-136.7 5556.0 -9.0 331 0 8.6 8.9 5.0 2.5 2 1 2 5 5
-121.3 5477.6 -8.2 60 0 7.8 10.9 5.0 2.5 2 1 2 2 2
-119.9 5523.7 -8.4 330 0 7.7 8.5 5.0 0.0 0 1 2 0 0
-202.2 276.2 9.2 358 0 10.0 9.8 7.5 2.5 2 0 3 5 5
-215.3 550.0 9.0 349 0 6.1 4.6 7.5 2.5 2 0 3 2 2
-144.4 -4744.8 15.7 90 0 8.6 41.0 7.5 2.5 2 1 3 5 5
-138.5 -4691.7 16.3 268 0 19.0 10.2 2.5 2.5 4 0 1 3 3
-889.7 2557.6 -1.1 10 0 20.0 9.4 7.5 2.5 2 0 3 1 1
3889.0 -759.2 -5.0 169 0 15.4 12.4 7.5 2.5 2 0 3 4 4
3871.6 -810.4 -1.8 348 0 6.2 7.6 7.5 2.5 2 1 3 3 3
-816.3 3777.8 -6.0 150 0 9.5 8.9 7.5 2.5 2 0 3 3 3
-843.0 3249.6 -3.1 179 0 5.4 6.4 2.5 2.5 2 1 1 5 5
3672.1 -6841.0 4.0 6 0 10.6 9.2 5.0 2.5 2 0 2 4 4
-788.3 3799.4 -6.2 242 0 5.2 13.9 5.0 2.5 2 1 2 0 0
3494.3 -8339.0 5.1 180 0 7.9 9.8 5.0 2.5 2 1 2 2 2
3395.6 1798.6 -5.1 216 0 11.8 19.6 14.0 3.5 2 1 4 3 3
6838.6 -7727.6 17.9 347 0 12.9 9.2 5.0 2.5 2 0 2 3 3
6895.9 -7795.5 18.2 155 0 12.0 11.2 5.0 2.5 2 0 2 5 5
3663.5 1863.9 -10.7 113 0 14.0 55.4 10.0 2.5 2 1 4 5 5
3682.8 1958.8 -10.7 265 0 14.1 35.8 10.0 2.5 4 1 4 0 0
3312.4 2305.8 -6.1 14 0 9.7 10.4 5.0 2.5 2 1 2 5 5
2629.1 1887.0 5.7 13 0 10.8 14.9 5.0 0.0 0 1 2 3 3
4482.3 1392.9 5.4 7 0 10.1 16.2 8.0 0.0 0 1 2 2 2
5566.5 1056.3 8.4 5 0 15.9 14.6 5.0 2.5 2 0 2 4 4
3502.4 3258.2 -14.5 179 0 7.8 16.7 5.0 2.5 2 1 2 1 1
-6950.5 7408.9 -5.3 17 0 7.1 15.4 7.5 0.0 0 1 3 5 5
2953.5 1579.4 2.3 18 1 16.7 11.5 14.0 0.0 0 0 4 1 1
2849.7 1617.6 4.8 199 0 7.1 42.0 10.5 3.5 2 0 3 4 4
2825.6 1618.8 5.2 200 0 6.8 39.0 10.5 3.5 2 1 3 4 4
2639.9 1416.7 4.3 287 0 18.7 12.9 2.5 2.5 2 0 1 5 5
2664.6 1377.6 4.8 290 0 11.6 41.7 15.0 0.0 0 1 6 4 4
2697.2 1828.3 5.7 283 0 5.2 10.8 3.5 3.5 2 1 1 0 0
2603.9 1903.8 5.4 105 0 15.6 6.1 7.5 2.5 4 0 3 1 1
2572.5 1916.6 5.3 197 0 6.4 14.7 5.0 2.5 2 1 2 3 3
3125.0 2001.4 0.9 17 0 11.3 10.8 7.0 3.5 2 0 2 0 0
2873.0 2257.6 3.2 198 0 16.4 49.2 7.5 2.5 4 1 3 2 2
3561.2 1581.8 -9.7 24 0 7.6 26.1 10.5 0.0 0 1 3 5 5
4422.9 1386.1 6.2 7 0 10.8 72.7 12.5 0.0 0 1 5 4 4
4311.7 1442.7 6.6 96 0 38.0 13.0 10.0 2.5 4 0 4 3 3
4301.4 1394.4 7.0 97 0 49.7 19.1 12.5 2.5 2 0 5 1 1
4255.9 1399.4 6.8 95 0 13.6 20.3 10.0 2.5 2 1 4 3 3
4260.5 1446.9 7.0 95 0 13.4 17.1 12.0 2.5 2 0 3 0 0
4251.7 1491.0 5.6 275 0 40.2 25.7 15.0 0.0 0 0 6 3 3
4200.2 1422.1 5.4 95 0 26.6 52.9 12.5 0.0 0 0 5 5 5
4230.8 1482.8 5.1 4 0 19.6 49.0 10.0 0.0 0 0 4 4 4
3915.7 1639.6 -3.1 6 0 19.2 37.8 12.5 0.0 0 0 5 1 1
3864.0 1636.1 -3.5 98 0 26.4 14.9 12.5 2.5 2 0 5 1 1
2923.4 2384.5 2.7 19 0 24.6 13.2 10.0 2.5 2 0 4 1 1
2962.5 2354.4 2.7 18 0 7.9 13.1 5.0 2.5 2 1 2 1 1
2937.1 2303.7 2.8 108 0 13.9 26.6 7.5 0.0 0 1 3 5 5
3344.7 472.9 -8.1 155 0 6.9 14.9 5.0 2.5 2 1 2 5 5
3383.5 473.1 -8.3 331 0 11.6 13.4 5.0 2.5 2 1 2 0 0
3404.3 546.6 -7.9 149 0 10.7 10.3 5.0 0.0 0 0 2 0 0
3427.8 544.0 -8.2 154 0 13.6 14.3 2.5 2.5 2 1 1 3 3
3446.9 496.1 -8.8 78 0 12.9 9.2 5.0 2.5 2 0 2 5 5
3447.2 486.1 -8.9 259 0 11.0 10.1 2.5 2.5 2 0 1 0 0
3478.1 491.2 -10.2 262 0 11.8 9.1 5.0 2.5 2 0 2 1 1
3466.1 439.1 -9.2 167 0 14.1 11.5 5.0 0.0 0 0 2 2 2
3423.6 402.1 -7.3 79 0 12.6 12.7 2.5 2.5 2 1 1 3 3
3439.9 388.5 -7.2 258 0 11.4 10.8 5.0 2.5 2 0 2 2 2
3452.1 364.6 -6.8 348 0 10.1 12.7 2.5 2.5 2 1 1 1 1
3488.0 408.3 -8.5 258 0 12.2 14.9 5.0 2.5 2 1 2 5 5
3493.3 378.5 -7.9 169 0 14.1 13.6 5.0 2.5 2 0 2 2 2
3473.4 314.9 -6.0 348 0 14.6 13.7 5.0 2.5 4 0 2 5 5
3486.3 284.6 -5.5 349 0 19.3 16.8 7.5 2.5 4 0 3 3 3
3483.2 255.2 -4.7 348 0 10.1 18.9 7.5 2.5 4 1 3 5 5
3506.3 240.3 -5.1 350 0 8.7 14.4 5.0 2.5 2 1 2 0 0
3530.0 171.7 -5.2 350 0 9.4 11.6 5.0 2.5 2 1 2 5 5
3552.0 140.2 -5.2 352 0 12.7 17.5 5.0 2.5 2 1 2 1 1
3553.3 123.5 -4.9 353 0 10.0 12.8 2.5 2.5 4 1 1 4 4
3558.5 102.4 -5.0 348 0 10.5 13.1 5.0 2.5 4 1 2 5 5
3533.1 104.6 -4.0 353 0 7.6 11.5 5.0 2.5 2 1 2 5 5
3544.1 86.2 -4.2 348 0 10.4 17.8 5.0 2.5 2 1 2 3 3
3551.4 71.7 -4.2 347 0 6.4 11.7 5.0 2.5 2 1 2 0 0
3567.2 37.9 -4.4 350 0 10.3 10.8 7.5 0.0 0 1 3 5 5
3571.6 20.5 -4.3 349 0 10.7 13.8 5.0 2.5 2 1 2 2 2
3595.6 5.5 -4.8 347 0 10.2 10.7 5.0 2.5 2 1 2 1 1
3602.2 -12.0 -4.5 345 0 8.8 13.9 7.5 2.5 2 1 3 4 4
3597.7 -46.7 -2.8 349 0 13.8 16.2 5.0 2.5 2 1 2 4 4
3597.2 -81.1 -2.1 347 0 9.0 19.6 5.0 2.5 2 1 2 0 0
3609.1 -93.5 -2.3 349 0 9.5 7.5 7.5 2.5 2 0 3 5 5
3617.1 -111.8 -2.7 346 0 8.8 11.3 5.0 2.5 2 1 2 2 2
3665.6 -193.9 -4.3 349 0 11.3 13.3 5.0 2.5 2 1 2 3 3
3716.5 -267.6 -4.2 351 0 10.9 12.9 5.0 2.5 2 1 2 5 5
3727.1 -305.3 -4.2 348 0 8.5 11.7 5.0 2.5 2 1 2 5 5
3747.2 -339.5 -4.6 349 0 9.7 10.7 5.0 2.5 2 1 2 5 5
3754.0 -368.0 -4.1 347 0 9.6 9.7 5.0 2.5 2 1 2 5 5
3763.8 -385.2 -4.3 348 0 9.7 9.8 5.0 2.5 2 1 2 3 3
3766.5 -396.8 -4.2 349 0 9.0 10.2 5.0 2.5 2 1 2 5 5
3793.2 -467.8 -3.0 348 0 10.9 10.7 2.5 2.5 2 0 1 5 5
3806.1 -506.9 -2.9 349 0 10.2 11.6 5.0 2.5 2 1 2 4 4
3807.3 -523.1 -3.1 348 0 10.0 10.2 5.0 2.5 2 1 2 3 3
3801.9 -555.3 -2.9 352 0 7.5 15.6 5.0 2.5 2 1 2 1 1
3826.9 -567.5 -3.8 348 0 12.8 7.9 5.0 2.5 2 0 2 1 1
3830.2 -589.0 -3.8 346 0 10.5 7.5 2.5 2.5 2 0 1 2 2
3826.3 -611.5 -3.4 350 0 10.7 8.7 5.0 0.0 0 0 2 0 0
3829.0 -624.2 -3.5 349 0 10.4 11.8 5.0 2.5 2 1 2 2 2
3831.1 -645.1 -3.6 347 0 10.0 11.6 5.0 2.5 2 1 2 0 0
3835.7 -669.9 -3.7 350 0 11.5 11.3 5.0 2.5 2 0 2 0 0
3850.3 -495.7 -4.6 347 0 13.1 10.1 5.0 2.5 2 0 2 0 0
3862.0 -545.1 -5.4 348 0 10.4 13.3 5.0 2.5 2 1 2 2 2
3864.7 -642.2 -5.0 169 0 11.7 10.0 5.0 2.5 2 0 2 5 5
3869.1 -661.6 -5.2 171 0 8.4 11.2 5.0 2.5 2 1 2 4 4
3839.2 -689.1 -3.7 348 0 10.8 11.7 5.0 2.5 2 1 2 1 1
3843.3 -706.5 -3.7 351 0 8.8 10.9 5.0 2.5 2 1 2 5 5
3846.6 -729.6 -3.5 350 0 10.5 11.7 5.0 2.5 2 1 2 0 0
3878.4 -720.7 -5.1 171 0 10.7 12.5 5.0 2.5 2 1 2 4 4
3849.9 -752.1 -3.2 350 0 9.6 16.4 7.5 2.5 2 1 3 2 2
3881.0 -745.6 -5.0 167 0 11.9 14.5 5.0 2.5 2 1 2 1 1
3857.3 -790.8 -1.9 351 0 10.4 11.0 5.0 2.5 2 1 2 2 2
3897.7 -835.1 -2.5 166 0 8.9 9.8 5.0 2.5 4 1 2 3 3
3909.0 -860.3 -2.5 174 0 10.5 9.8 5.0 2.5 4 0 2 4 4
3870.2 -854.8 -0.3 348 0 10.4 10.5 5.0 2.5 2 1 2 5 5
3877.3 -893.1 0.4 347 0 11.5 13.2 2.5 2.5 2 1 1 0 0
3882.5 -926.4 0.8 350 0 12.0 11.9 5.0 2.5 2 0 2 2 2
3891.1 -1006.3 3.0 356 0 11.8 13.4 5.0 2.5 2 1 2 0 0
3879.3 -1041.4 3.7 357 0 11.7 9.1 5.0 2.5 2 0 2 4 4
3893.0 -1047.9 3.2 352 0 13.4 8.2 2.5 2.5 2 0 1 4 4
3889.8 -1074.3 3.1 351 0 10.7 14.2 5.0 2.5 2 1 2 1 1
3891.9 -1087.6 3.0 352 0 10.8 13.5 2.5 2.5 2 1 1 3 3
3878.8 -1119.7 3.1 350 0 12.9 13.5 5.0 2.5 2 1 2 3 3
3883.9 -1147.8 2.9 350 0 10.7 8.1 2.5 2.5 2 0 1 2 2
3942.6 -1136.8 0.1 180 0 8.9 11.9 5.0 2.5 2 1 2 2 2
3936.3 -1168.1 1.1 360 0 20.7 10.2 5.0 2.5 2 0 2 5 5
3912.8 -1203.1 2.7 184 0 11.7 7.0 5.0 2.5 2 0 2 1 1
3931.0 -1219.1 2.0 359 0 12.0 8.7 5.0 2.5 2 0 2 4 4
3939.9 -1235.0 1.3 360 1 10.6 14.6 10.0 2.5 2 1 4 5 5
3913.1 -1252.4 2.8 180 1 11.4 12.5 10.0 2.5 2 1 4 4 4
3888.0 -1199.1 4.4 347 0 11.1 9.4 5.0 2.5 4 0 2 4 4
3876.8 -1237.1 5.4 352 0 10.6 11.5 5.0 2.5 2 1 2 1 1
3879.4 -1248.4 5.7 352 0 9.6 11.4 2.5 2.5 2 1 1 0 0
3880.8 -1270.7 5.7 0 0 10.6 13.1 5.0 2.5 2 1 2 3 3
3876.1 -1293.2 5.3 351 0 12.4 11.4 5.0 2.5 2 0 2 0 0
3877.8 -1309.0 5.1 355 0 10.7 14.1 5.0 2.5 2 1 2 4 4
3908.2 -1286.0 3.5 180 0 10.7 10.5 7.5 2.5 2 0 3 3 3
3903.4 -1304.8 3.9 186 0 11.6 7.4 5.0 2.5 4 0 2 2 2
3879.0 -1333.7 4.2 355 0 8.8 8.4 5.0 2.5 2 0 2 1 1
3905.6 -1336.6 2.4 182 0 10.8 14.6 7.5 2.5 4 1 3 2 2
3873.4 -1355.9 3.3 1 0 10.2 11.8 2.5 2.5 2 1 1 1 1
3870.0 -1372.3 2.8 353 0 11.4 14.7 5.0 2.5 2 1 2 3 3
3849.8 -1392.6 3.2 349 0 10.2 12.8 5.0 2.5 2 1 2 5 5
3866.8 -1404.1 2.5 348 0 10.3 6.7 5.0 2.5 2 0 2 3 3
3867.6 -1454.9 1.7 350 0 10.4 15.6 5.0 2.5 4 1 2 1 1
3867.3 -1485.8 3.0 354 0 10.6 6.8 5.0 2.5 2 0 2 4 4
3862.8 -1502.6 3.9 350 0 9.7 8.8 5.0 0.0 0 0 2 2 2
3861.5 -1517.9 4.3 347 0 10.0 11.3 5.0 2.5 2 1 2 1 1
3856.3 -1578.7 5.1 350 0 11.4 11.3 5.0 2.5 2 0 2 5 5
3854.6 -1598.8 4.9 81 0 9.8 10.3 2.5 2.5 2 1 1 5 5
3326.5 752.6 -3.4 2 0 12.3 12.4 2.5 2.5 2 1 1 5 5
3277.6 749.8 -2.6 183 0 8.9 6.1 5.0 2.5 2 0 2 0 0
3319.4 815.1 -4.0 360 0 13.4 10.0 5.0 2.5 2 0 2 4 4
3317.6 841.9 -4.5 347 0 8.9 6.2 5.0 2.5 2 0 2 2 2
3341.2 857.7 -7.5 162 0 12.3 26.2 12.5 0.0 0 1 5 2 2
3326.3 907.0 -8.7 163 0 20.8 45.8 10.0 2.5 2 1 4 4 4
3294.6 926.2 -5.5 354 0 11.4 7.8 5.0 2.5 2 0 2 5 5
3258.1 912.1 -4.3 3 0 4.5 4.8 5.0 2.5 2 1 2 0 0
3276.8 939.6 -5.2 358 0 6.2 5.4 2.5 2.5 2 0 1 2 2
3286.2 954.0 -5.8 353 0 9.9 11.3 5.0 2.5 2 1 2 5 5
3306.3 973.2 -7.0 164 0 15.7 10.8 5.0 2.5 2 0 2 4 4
3274.9 996.4 -5.0 352 0 12.5 16.3 5.0 2.5 2 1 2 3 3
3306.8 1006.3 -6.9 161 0 14.8 15.9 5.0 2.5 2 1 2 5 5
3299.5 1034.9 -6.2 161 0 17.7 14.4 10.0 2.5 2 0 4 1 1
3355.9 1025.9 -8.0 344 0 10.5 7.3 5.0 2.5 2 0 2 3 3
3243.4 988.9 -3.7 358 0 9.2 6.6 2.5 2.5 2 0 1 2 2
3263.4 1016.7 -4.2 332 0 9.8 10.8 5.0 2.5 2 1 2 5 5
3288.3 1084.4 -6.9 165 0 9.5 13.4 5.0 2.5 2 1 2 3 3
3282.5 1105.1 -7.4 173 0 11.1 11.6 5.0 0.0 0 1 2 0 0
3298.3 1105.2 -7.6 164 0 10.9 10.0 5.0 2.5 4 0 2 2 2
3281.7 1122.6 -8.3 167 0 10.6 13.6 5.0 2.5 2 1 2 1 1
3257.5 1118.9 -6.8 351 0 6.3 10.9 5.0 2.5 4 1 2 5 5
3255.7 1126.3 -6.9 353 0 7.2 9.5 2.5 0.0 0 1 1 1 1
3279.6 1136.2 -8.0 164 0 7.9 5.3 5.0 2.5 4 0 2 5 5
3253.7 1146.3 -7.3 354 0 10.7 10.0 5.0 2.5 2 0 2 1 1
3275.3 1154.3 -8.3 174 0 4.7 8.5 5.0 2.5 2 1 2 5 5
3251.5 1165.4 -7.6 355 0 10.1 13.0 5.0 2.5 2 1 2 5 5
3249.8 1181.7 -7.9 353 0 10.9 10.9 7.5 2.5 4 0 3 0 0
3246.8 1202.1 -8.2 349 0 11.6 10.8 5.0 2.5 2 0 2 1 1
3243.3 1230.0 -8.0 350 0 11.9 11.4 5.0 2.5 2 0 2 3 3
3243.0 1255.1 -7.3 351 0 6.1 8.9 5.0 2.5 2 1 2 5 5
3266.6 1228.9 -9.0 170 0 10.0 9.1 10.5 0.0 0 0 3 3 3
3264.0 1248.3 -8.5 169 1 13.0 14.6 14.0 3.5 2 1 4 2 2
3232.5 1273.6 -6.9 359 0 8.7 10.6 5.0 2.5 2 1 2 5 5
3260.7 1274.0 -8.0 171 1 13.5 11.9 14.0 3.5 2 0 4 1 1
3235.2 1290.5 -7.2 0 0 10.7 11.0 5.0 0.0 0 1 2 0 0
3254.4 1288.9 -7.8 165 0 9.3 6.8 10.5 3.5 2 0 3 4 4
3234.3 1304.9 -7.4 0 0 8.2 9.6 5.0 2.5 2 1 2 3 3
3256.3 1302.1 -8.3 165 1 10.2 15.1 14.0 3.5 2 1 4 2 2
3250.0 1313.6 -8.1 172 0 11.7 7.8 10.5 3.5 2 0 3 3 3
3229.5 1336.6 -7.6 352 0 5.3 12.8 2.5 2.5 2 1 1 5 5
3228.7 1345.1 -7.8 353 0 8.3 12.5 5.0 0.0 0 1 2 3 3
3255.0 1361.3 -9.0 177 1 10.7 11.7 14.0 3.5 2 1 4 2 2
3224.6 1410.7 -7.7 22 0 11.5 9.1 10.5 3.5 2 0 3 3 3
3252.2 1413.7 -8.8 193 1 13.6 15.1 14.0 3.5 2 1 4 3 3
3228.3 1425.8 -7.5 17 0 6.8 11.2 10.5 3.5 2 1 3 0 0
3220.6 1436.3 -7.1 16 0 6.4 10.9 10.5 3.5 2 1 3 4 4
3256.7 1438.0 -8.6 194 1 11.4 15.9 14.0 0.0 0 1 4 5 5
3221.1 1453.7 -6.9 13 1 10.3 13.5 14.0 3.5 4 1 4 2 2
3222.8 1465.2 -6.7 15 0 9.3 13.7 10.5 3.5 2 1 3 2 2
3225.1 1475.2 -6.6 13 0 7.6 10.4 10.5 3.5 2 1 3 5 5
3224.8 1495.0 -6.3 14 0 9.0 10.6 10.5 3.5 2 1 3 1 1
3241.9 1486.9 -7.2 189 0 9.2 9.0 10.5 3.5 2 0 3 5 5
3242.1 1496.9 -7.0 188 0 9.6 9.8 10.5 3.5 4 1 3 4 4
3222.3 1528.0 -5.1 2 0 9.4 8.1 10.5 3.5 2 0 3 3 3
3227.2 1509.1 -6.2 4 0 10.3 9.5 10.5 0.0 0 0 3 0 0
3242.0 1514.4 -6.5 187 1 10.3 11.3 14.0 3.5 2 1 4 1 1
3246.8 1536.7 -5.4 278 0 7.7 10.7 10.5 0.0 0 1 3 2 2
3242.1 1573.3 -3.0 201 0 12.4 9.7 10.5 3.5 2 0 3 4 4
3246.0 1590.3 -2.1 197 0 14.5 8.7 10.5 3.5 2 0 3 0 0
3220.6 1612.4 -0.7 116 0 49.6 14.1 14.0 3.5 2 0 4 5 5
3196.2 1598.6 -0.9 200 0 17.0 8.4 10.5 3.5 4 0 3 2 2
3188.2 1573.4 -2.3 196 0 16.7 9.4 10.5 3.5 2 0 3 3 3
3185.8 1631.7 1.9 110 0 9.3 9.6 10.5 3.5 2 1 3 5 5
3184.8 1609.8 0.5 25 1 11.2 12.2 14.0 3.5 2 1 4 1 1
3163.6 1563.9 -2.2 25 0 20.1 10.9 14.0 3.5 2 0 4 4 4
3158.2 1547.4 -3.3 293 0 10.7 8.6 10.5 0.0 0 0 3 1 1
3178.6 1545.8 -4.2 197 0 18.7 20.1 14.0 3.5 2 1 4 3 3
3171.8 1526.1 -4.7 196 0 9.6 11.4 10.5 3.5 2 1 3 5 5
3165.1 1494.8 -5.0 194 0 11.0 8.8 10.5 3.5 2 0 3 3 3
3164.6 1483.3 -5.2 195 0 9.1 9.7 10.5 3.5 4 1 3 2 2
3160.0 1526.1 -4.0 16 0 8.4 8.1 10.5 3.5 2 0 3 1 1
3154.7 1516.1 -4.1 19 0 9.1 10.2 10.5 3.5 4 1 3 1 1
3160.6 1453.3 -5.4 107 0 7.3 9.8 10.5 0.0 0 1 3 1 1
3157.8 1445.3 -5.7 193 0 8.3 12.0 10.5 0.0 0 1 3 5 5
3154.8 1432.4 -5.8 196 0 9.7 8.9 10.5 3.5 2 0 3 1 1
3136.5 1435.6 -5.0 13 0 9.3 9.4 10.5 3.5 2 1 3 5 5
3150.8 1404.2 -6.2 195 0 8.0 10.3 10.5 3.5 2 1 3 5 5
3149.5 1393.0 -6.2 278 0 6.1 10.8 10.5 3.5 4 1 3 0 0
3093.2 1387.7 -4.8 94 0 9.7 10.1 10.5 3.5 2 1 3 2 2
3079.4 1405.5 -4.4 182 0 12.9 8.7 10.5 3.5 2 0 3 5 5
3084.3 1426.0 -4.1 273 0 7.8 13.0 10.5 3.5 2 1 3 4 4
3081.8 1434.8 -3.9 186 1 14.2 10.7 14.0 3.5 2 0 4 0 0
3084.4 1449.6 -3.7 184 1 11.2 10.1 14.0 3.5 2 0 4 5 5
3087.2 1464.4 -3.5 193 0 12.1 9.7 10.5 3.5 2 0 3 1 1
3088.5 1475.6 -3.3 193 0 8.0 9.9 10.5 3.5 2 1 3 3 3
3093.0 1492.2 -3.2 191 0 12.2 9.7 10.5 3.5 2 0 3 3 3
3097.8 1498.0 -3.0 105 0 7.5 10.1 10.5 0.0 0 1 3 5 5
3107.5 1532.9 -2.9 201 1 13.4 10.7 14.0 3.5 2 0 4 1 1
3277.6 1481.9 -8.2 200 0 7.9 10.3 10.5 3.5 2 1 3 0 0
3283.3 1501.4 -7.9 212 0 10.0 6.9 10.5 3.5 4 0 3 0 0
3307.2 1534.1 -6.3 302 0 5.3 9.3 10.5 3.5 2 1 3 2 2
3279.7 1518.8 -6.5 32 0 10.2 6.3 10.5 3.5 2 0 3 3 3
3301.2 1551.1 -4.9 28 0 12.5 8.5 10.5 0.0 0 0 3 1 1
3337.4 1592.3 -3.9 42 0 13.1 9.2 10.5 3.5 2 0 3 0 0
3313.6 1587.5 -3.3 43 0 9.3 9.5 10.5 3.5 2 1 3 0 0
3302.5 1580.2 -3.2 43 0 8.7 8.9 10.5 3.5 4 1 3 4 4
3285.9 1588.7 -2.3 33 0 9.0 10.8 10.5 3.5 2 1 3 5 5
3299.0 1605.8 -2.3 308 0 8.1 10.5 10.5 3.5 4 1 3 2 2
3272.3 1612.0 -1.3 208 0 7.2 8.4 10.5 0.0 0 1 3 4 4
3257.2 1607.3 -1.1 190 0 8.1 12.0 10.5 3.5 2 1 3 3 3
2970.2 1558.7 1.3 188 0 12.7 8.5 10.5 3.5 2 0 3 1 1
2968.1 1544.5 1.1 191 0 13.2 7.9 10.5 3.5 2 0 3 5 5
2965.3 1529.9 0.9 188 0 10.2 9.8 10.5 0.0 0 0 3 5 5
2963.8 1502.0 0.4 187 0 9.7 10.5 10.5 3.5 2 1 3 3 3
2937.7 1525.7 1.8 18 0 9.7 14.2 10.5 3.5 2 1 3 1 1
2933.1 1510.6 1.7 17 0 6.5 14.7 10.5 0.0 0 1 3 0 0
2930.5 1499.3 1.6 16 0 9.2 9.1 10.5 3.5 2 0 3 0 0
2928.3 1483.4 1.3 17 0 9.8 11.5 10.5 3.5 2 1 3 1 1
2913.7 1433.3 0.7 15 0 10.1 8.8 10.5 3.5 4 0 3 3 3
2898.4 1420.4 0.9 18 0 7.5 9.0 10.5 3.5 2 1 3 3 3
2912.5 1407.7 0.3 12 0 9.3 9.2 10.5 3.5 4 0 3 2 2
2908.9 1384.6 0.1 17 0 18.1 8.6 10.5 3.5 2 0 3 5 5
2948.2 1419.0 -0.8 182 1 18.5 10.7 14.0 3.5 2 0 4 4 4
2946.4 1394.1 -1.2 188 1 11.2 13.9 14.0 3.5 2 1 4 1 1
2936.6 1365.0 -0.8 185 1 12.5 14.8 14.0 3.5 2 1 4 5 5
2934.0 1335.3 -0.2 183 0 9.8 10.7 10.5 3.5 4 1 3 5 5
2932.2 1318.0 0.0 185 0 9.8 10.1 10.5 3.5 2 1 3 3 3
2935.7 1284.2 0.1 182 0 15.6 17.3 14.0 3.5 2 1 4 5 5
2933.5 1233.8 0.9 180 0 9.5 13.5 10.5 3.5 2 1 3 5 5
2885.2 1330.7 1.0 107 1 12.0 16.1 14.0 3.5 4 1 4 5 5
2868.6 1373.1 1.1 109 0 12.5 7.8 10.5 3.5 2 0 3 0 0
2865.3 1354.7 1.3 109 0 13.4 8.4 10.5 3.5 2 0 3 3 3
2892.9 1271.7 1.8 15 0 10.0 10.9 10.5 3.5 2 1 3 5 5
2891.2 1253.5 2.1 15 0 6.2 12.8 10.5 3.5 2 0 3 3 3
2888.7 1245.1 2.2 17 1 11.2 12.9 14.0 3.5 2 0 4 2 2
2883.8 1228.8 2.5 18 1 10.2 12.2 14.0 0.0 0 1 4 5 5
2881.8 1217.5 2.7 17 0 7.6 10.3 10.5 0.0 0 1 3 5 5
2704.0 236.0 0.2 190 0 13.6 25.3 10.0 2.5 2 1 4 3 3
2728.7 349.8 2.5 191 0 9.1 11.9 2.5 2.5 2 1 1 2 2
2735.1 373.1 2.8 190 0 16.8 13.3 5.0 0.0 0 0 2 0 0
2733.8 429.9 4.0 192 0 10.8 8.3 5.0 2.5 2 0 2 0 0
2816.0 592.4 4.6 194 0 18.8 10.9 5.0 2.5 2 0 2 0 0
2777.2 598.6 4.7 4 1 10.6 12.0 14.0 3.5 2 1 4 0 0
2779.6 665.4 4.6 12 1 11.4 14.9 14.0 3.5 4 1 4 0 0
3074.6 1656.9 4.9 8 1 13.4 11.3 14.0 3.5 4 0 4 3 3
3143.8 1649.3 3.5 21 0 10.0 7.9 10.5 3.5 2 0 3 5 5
3129.9 1648.0 3.7 111 0 8.9 8.2 10.5 3.5 2 0 3 5 5
3121.2 1650.0 4.0 109 0 8.9 7.2 10.5 3.5 2 0 3 4 4
3136.3 1631.3 2.5 20 0 10.0 10.9 14.0 3.5 2 1 4 1 1
3101.5 1577.2 -0.6 289 0 7.4 9.4 10.5 3.5 2 1 3 0 0
3099.2 1560.3 -1.3 21 0 13.8 7.8 10.5 3.5 4 0 3 4 4
3089.9 1532.2 -2.1 13 1 12.9 11.7 14.0 0.0 0 0 4 4 4
3084.7 1521.0 -2.2 10 0 10.0 7.8 10.5 3.5 4 0 3 4 4
3076.7 1492.8 -2.4 13 0 11.7 7.9 10.5 3.5 2 0 3 3 3
3074.2 1481.7 -2.6 13 0 11.1 8.1 10.5 3.5 2 0 3 2 2
3067.8 1459.2 -2.8 10 1 11.6 11.2 14.0 3.5 2 0 4 5 5
3065.9 1447.4 -3.0 9 1 12.1 11.4 14.0 3.5 2 0 4 5 5
3064.2 1436.4 -3.1 9 0 9.5 11.7 10.5 3.5 2 0 3 0 0
3062.0 1426.0 -3.2 14 0 11.4 6.4 10.5 0.0 0 0 3 4 4
3061.0 1382.3 -3.9 359 0 6.9 6.6 10.5 3.5 2 0 3 1 1
3061.4 1375.2 -3.8 360 0 5.0 6.4 10.5 3.5 2 1 3 3 3
3061.1 1367.6 -3.7 2 0 5.3 6.2 10.5 3.5 2 1 3 3 3
3059.5 1354.3 -3.5 2 0 7.7 7.7 10.5 3.5 2 1 3 5 5
3054.3 1341.3 -3.1 2 0 6.2 9.0 10.5 3.5 2 1 3 5 5
3061.5 1326.3 -3.2 3 0 10.8 7.9 10.5 3.5 2 0 3 3 3
3059.2 1312.6 -2.9 3 0 7.9 6.4 10.5 3.5 2 0 3 2 2
3051.4 1301.3 -2.6 1 0 6.5 9.8 10.5 3.5 2 1 3 4 4
3049.9 1288.9 -2.4 2 0 9.2 8.5 10.5 0.0 0 0 3 1 1
3047.1 1258.9 -2.0 0 0 14.9 8.6 10.5 0.0 0 0 3 0 0
3047.7 1238.8 -1.8 19 0 8.9 7.6 10.5 3.5 2 0 3 2 2
3030.9 1215.9 -1.5 99 1 10.3 12.3 14.0 3.5 4 1 4 0 0
3058.6 1188.5 -2.7 200 0 10.0 9.7 5.0 2.5 2 0 2 5 5
2969.1 1129.8 1.3 8 0 11.9 8.8 10.5 0.0 0 0 3 4 4
2976.8 1112.6 1.5 11 0 10.0 9.6 10.5 3.5 2 0 3 1 1
2975.4 1103.7 1.8 6 0 8.3 9.3 10.5 3.5 2 0 3 3 3
2964.7 1071.7 2.3 15 1 10.9 11.2 14.0 3.5 2 1 4 5 5
2952.8 1093.2 2.6 11 1 10.3 14.6 14.0 3.5 2 1 4 0 0
2955.6 1047.4 2.2 9 1 13.1 11.1 14.0 0.0 0 0 4 3 3
2947.7 1021.2 2.4 10 0 11.9 9.4 10.5 3.5 2 0 3 4 4
2916.3 1004.7 3.1 5 0 8.6 13.6 10.5 3.5 2 1 3 4 4
2935.6 1003.7 2.8 6 1 10.4 13.8 14.0 3.5 2 1 4 4 4
2931.4 981.0 3.1 2 0 8.3 11.0 10.5 3.5 2 1 3 3 3
2921.9 963.3 3.2 1 0 9.2 10.9 10.5 3.5 2 1 3 0 0
2919.7 942.7 3.2 9 1 12.3 15.9 14.0 3.5 2 1 4 4 4
2895.6 954.0 3.6 4 0 8.1 17.2 10.5 3.5 2 1 3 4 4
2884.0 931.0 3.4 3 0 7.5 21.4 10.5 3.5 2 1 3 4 4
2895.7 888.6 2.8 17 0 13.9 20.2 14.0 3.5 2 1 4 5 5
2840.8 790.8 3.8 19 1 11.7 15.7 14.0 3.5 2 1 4 5 5
2831.4 773.6 4.0 22 1 12.4 15.2 14.0 3.5 2 1 4 0 0
2955.3 839.7 2.6 190 0 10.3 10.5 2.5 2.5 2 1 1 1 1
2937.4 854.9 2.8 189 0 10.0 15.5 5.0 0.0 0 1 2 5 5
2926.0 891.1 2.4 201 0 12.7 17.3 5.0 0.0 0 1 2 0 0
2933.7 910.7 2.4 198 0 13.9 18.2 10.0 2.5 4 1 4 1 1
2956.1 952.5 2.5 192 0 10.2 10.5 5.0 2.5 2 1 2 4 4
2973.9 992.3 2.0 194 0 11.3 12.4 5.0 2.5 2 1 2 5 5
2976.6 1003.2 1.9 193 0 9.5 12.8 2.5 2.5 2 1 1 1 1
2980.5 1014.8 1.7 192 0 8.2 13.5 5.0 2.5 2 1 2 0 0
2987.9 1027.0 1.5 193 0 9.6 13.9 2.5 2.5 4 1 1 4 4
2996.6 1051.7 1.6 197 0 8.9 9.3 2.5 2.5 4 1 1 3 3
3001.8 1066.1 1.5 199 0 9.2 9.8 5.0 2.5 2 1 2 2 2
3005.4 1093.7 0.8 201 0 13.9 8.0 5.0 2.5 2 0 2 0 0
3020.0 1124.7 -0.4 197 0 7.0 19.4 5.0 2.5 2 1 2 0 0
3077.5 1218.1 -2.9 91 0 8.8 8.0 5.0 0.0 0 0 2 1 1
3073.0 1235.8 -2.8 181 0 11.0 10.6 5.0 2.5 2 0 2 4 4
3076.6 1271.8 -3.2 182 0 11.5 11.5 5.0 2.5 2 0 2 1 1
3079.2 1286.7 -3.4 189 0 8.6 8.6 2.5 2.5 2 1 1 5 5
3083.4 1321.1 -4.0 188 0 10.0 12.6 2.5 2.5 2 1 1 1 1
3089.6 1366.2 -4.5 279 0 11.9 9.1 5.0 2.5 2 0 2 0 0
3080.8 1344.4 -4.2 187 0 11.8 13.6 5.0 2.5 2 1 2 4 4
3056.6 1580.7 -0.4 287 0 18.7 18.5 14.0 3.5 2 0 4 2 2
3049.2 1764.6 4.3 22 0 6.4 12.3 10.5 3.5 2 0 3 0 0
3052.7 1773.8 4.1 22 0 12.7 11.5 14.0 3.5 2 0 4 0 0
3068.7 1849.9 3.4 108 0 14.6 9.9 10.5 3.5 2 0 3 0 0
3095.0 1917.5 2.5 16 0 9.3 10.2 10.5 3.5 2 1 3 4 4
3105.0 1865.6 3.3 199 1 15.4 11.1 14.0 3.5 2 0 4 2 2
3113.5 1898.5 2.5 189 1 10.3 11.0 14.0 3.5 2 1 4 2 2
3126.1 1925.0 2.2 193 0 9.7 8.7 10.5 3.5 2 0 3 4 4
3132.9 1951.0 1.5 194 1 17.8 13.3 14.0 3.5 2 0 4 1 1
3147.2 1985.8 0.5 200 1 12.0 15.6 14.0 3.5 2 0 4 3 3
3181.1 1976.6 0.0 196 0 9.9 13.8 10.5 3.5 2 1 3 5 5
3178.4 1963.6 0.3 196 1 15.4 12.0 14.0 3.5 2 0 4 0 0
3189.3 2079.6 -0.1 198 0 10.2 10.9 5.0 0.0 0 1 2 1 1
3186.2 2070.7 -0.1 199 0 8.5 10.3 5.0 2.5 2 1 2 2 2
3193.6 2096.4 -0.4 196 0 12.0 9.2 5.0 2.5 2 0 2 0 0
3196.4 2106.8 -0.6 199 0 8.5 10.4 5.0 2.5 2 1 2 4 4
3208.6 2127.3 -1.2 195 0 7.8 11.1 5.0 2.5 2 0 2 2 2
3210.9 2135.5 -1.4 196 0 9.0 11.1 5.0 2.5 2 0 2 5 5
3223.6 2151.1 -1.8 199 0 11.0 11.5 5.0 2.5 2 1 2 4 4
3309.3 2127.7 -4.3 17 0 7.4 15.1 5.0 2.5 4 1 2 3 3
3315.7 2087.4 -4.1 11 0 9.2 10.5 5.0 2.5 2 0 2 1 1
3313.9 2077.9 -3.9 10 0 10.3 10.5 2.5 2.5 2 0 1 4 4
3313.6 2056.1 -3.7 13 0 11.2 10.4 5.0 0.0 0 0 2 3 3
3310.3 2045.4 -3.4 16 0 8.2 14.8 5.0 2.5 2 1 2 5 5
3311.5 2027.5 -3.3 16 0 10.8 15.0 5.0 2.5 2 1 2 2 2
3302.5 1991.1 -2.7 288 0 12.4 8.0 10.5 0.0 0 0 3 4 4
3304.5 1969.9 -2.1 12 1 12.0 10.7 14.0 3.5 2 0 4 2 2
3297.9 1956.6 -1.5 13 0 9.6 11.3 10.5 3.5 2 1 3 4 4
3293.5 1942.2 -1.0 13 1 10.7 11.3 14.0 3.5 4 1 4 4 4
3291.8 1916.0 -0.3 15 1 13.8 11.1 14.0 3.5 2 0 4 4 4
3287.6 1901.5 0.3 9 0 8.5 8.5 10.5 3.5 2 0 3 1 1
3281.8 1885.5 0.7 13 0 19.1 14.8 14.0 3.5 2 0 4 5 5
3275.6 1864.5 1.3 9 1 10.6 14.7 14.0 3.5 2 1 4 0 0
3268.4 1834.5 2.7 16 0 9.0 10.3 10.5 3.5 4 0 3 5 5
3265.8 1826.0 3.0 19 0 9.1 10.1 10.5 3.5 2 0 3 0 0
3253.3 1813.2 3.4 105 1 18.3 11.2 14.0 3.5 2 0 4 1 1
3239.4 1817.0 3.4 106 1 10.5 11.4 14.0 0.0 0 0 4 0 0
3240.2 1835.3 2.8 105 0 27.5 9.9 10.5 3.5 2 0 3 1 1
3225.4 1820.8 3.5 104 1 10.2 10.9 14.0 3.5 2 0 4 1 1
3213.4 1823.8 3.3 104 1 14.9 16.2 14.0 3.5 2 0 4 2 2
3202.4 1826.5 3.0 103 0 8.2 24.3 10.5 3.5 2 0 3 1 1
3186.8 1829.8 3.5 103 1 10.0 12.3 14.0 3.5 2 0 4 1 1
3175.9 1832.4 3.6 103 1 12.5 12.3 14.0 0.0 0 0 4 4 4
3165.5 1834.7 3.6 102 0 8.6 12.5 10.5 3.5 2 0 3 4 4
3158.5 1836.2 3.6 102 0 5.9 12.5 10.5 3.5 2 0 3 1 1
3145.3 1839.3 3.5 104 1 13.3 11.6 14.0 3.5 2 0 4 4 4
3122.7 1843.3 3.5 104 0 12.5 9.6 10.5 3.5 2 0 3 2 2
3143.6 2092.8 1.1 103 0 12.2 9.5 5.0 2.5 2 0 2 2 2
3160.8 2142.3 0.7 10 0 8.6 9.9 5.0 2.5 2 0 2 1 1
3159.2 2133.7 0.7 12 0 8.7 9.9 2.5 2.5 2 0 1 5 5
3250.3 2246.2 -3.5 281 0 14.0 12.1 5.0 2.5 2 0 2 4 4
3319.0 2223.6 -5.2 7 0 11.9 11.6 5.0 2.5 2 0 2 3 3
3291.0 2227.2 -4.4 282 0 11.9 13.8 5.0 2.5 2 1 2 0 0
3304.0 2258.6 -5.5 99 0 17.2 8.3 5.0 2.5 2 0 2 4 4
3314.1 2269.7 -5.6 9 0 6.9 15.8 5.0 2.5 2 1 2 2 2
3314.8 2277.6 -5.7 9 0 7.1 14.1 5.0 2.5 2 1 2 2 2
3317.3 2293.7 -6.1 2 0 12.0 7.8 2.5 2.5 4 0 1 3 3
3315.3 2320.9 -6.2 14 0 8.9 12.1 5.0 2.5 2 1 2 5 5
3304.6 2345.2 -6.6 14 0 14.4 9.7 5.0 2.5 2 0 2 1 1
3301.3 2376.0 -6.9 14 0 18.6 12.4 7.5 2.5 4 0 3 3 3
3322.5 2412.6 -7.6 19 0 13.6 12.9 5.0 2.5 2 0 2 3 3
3329.1 2426.7 -7.3 19 0 10.1 10.0 5.0 2.5 2 0 2 0 0
3336.4 2438.0 -7.0 15 0 5.4 12.8 5.0 2.5 2 1 2 2 2
3339.1 2472.4 -6.9 284 0 8.6 11.7 2.5 2.5 2 1 1 5 5
3343.2 2480.0 -7.3 110 0 11.0 9.5 5.0 2.5 2 0 2 3 3
3353.1 2499.5 -7.1 20 0 10.1 10.6 5.0 2.5 2 1 2 5 5
3357.5 2514.3 -6.9 18 0 8.5 12.5 5.0 2.5 2 0 2 1 1
3358.3 2523.5 -6.8 18 0 9.5 9.9 5.0 2.5 2 0 2 4 4
3375.7 2541.5 -7.2 20 0 13.8 10.8 5.0 2.5 2 0 2 1 1
3380.6 2557.7 -7.7 20 0 12.2 9.9 5.0 2.5 2 0 2 0 0
3387.4 2591.9 -7.4 112 0 9.9 10.0 5.0 2.5 2 1 2 5 5
3400.0 2607.7 -7.3 19 0 10.8 11.2 5.0 2.5 2 1 2 5 5
3406.8 2627.2 -6.9 18 0 9.4 10.6 5.0 2.5 2 1 2 2 2
3413.7 2643.5 -6.8 21 0 8.9 11.2 5.0 2.5 2 1 2 5 5
3420.2 2660.3 -6.8 19 0 9.6 9.9 5.0 2.5 4 1 2 5 5
3421.3 2678.2 -6.5 21 0 12.2 12.1 5.0 2.5 2 0 2 5 5
3425.4 2694.5 -6.4 20 0 9.6 10.1 5.0 0.0 0 1 2 1 1
3429.9 2721.4 -6.5 290 0 10.2 10.4 5.0 2.5 2 1 2 5 5
3474.7 2736.5 -9.8 185 0 13.7 31.2 12.5 2.5 2 1 5 2 2
3476.6 2703.8 -9.6 189 0 12.4 10.9 5.0 2.5 2 0 2 4 4
3495.2 2678.7 -11.2 189 0 11.4 13.8 7.5 0.0 0 1 3 5 5
3441.1 2619.7 -9.5 199 0 11.4 10.3 5.0 2.5 2 0 2 5 5
3429.3 2595.3 -9.8 189 0 10.7 11.1 5.0 2.5 2 1 2 4 4
3414.7 2568.3 -9.9 199 0 13.1 13.0 5.0 2.5 2 0 2 4 4
3395.5 2508.7 -9.4 194 0 11.8 11.0 5.0 2.5 2 0 2 1 1
3382.1 2475.5 -8.9 195 0 10.8 11.8 5.0 2.5 2 1 2 3 3
3374.6 2455.6 -8.4 193 0 9.5 9.7 5.0 2.5 2 1 2 1 1
3363.9 2429.9 -8.7 199 0 8.5 5.9 5.0 2.5 2 0 2 2 2
3359.8 2412.1 -9.1 190 0 9.6 12.3 5.0 2.5 2 1 2 3 3
3339.3 2351.7 -7.9 184 0 8.5 18.3 5.0 2.5 2 1 2 3 3
3333.3 2295.8 -6.8 174 0 11.6 8.1 5.0 2.5 4 0 2 0 0
3338.1 2271.5 -6.7 183 0 12.2 9.8 2.5 2.5 2 0 1 4 4
3351.6 2253.2 -7.5 183 0 9.4 34.2 7.5 2.5 2 1 3 1 1
3359.6 2233.4 -6.9 183 0 9.5 13.0 5.0 2.5 2 0 2 0 0
3337.0 2214.7 -6.0 181 0 13.0 12.8 5.0 2.5 4 0 2 2 2
3337.0 2189.7 -5.6 182 0 9.7 12.3 2.5 2.5 2 1 1 0 0
3368.0 2189.6 -6.6 182 0 11.4 10.8 5.0 2.5 2 0 2 4 4
3334.0 2161.2 -5.7 180 0 9.3 13.1 5.0 2.5 2 1 2 0 0
3334.1 2147.9 -5.6 177 0 12.4 10.7 2.5 0.0 0 0 1 5 5
3338.4 2127.5 -5.5 182 0 10.3 9.3 5.0 2.5 2 0 2 4 4
3338.5 2112.1 -5.4 182 0 10.2 9.6 2.5 2.5 2 0 1 3 3
3338.8 2099.2 -5.3 180 0 10.9 12.0 5.0 2.5 2 1 2 0 0
3339.1 2084.2 -5.0 181 0 12.6 7.9 5.0 2.5 2 0 2 2 2
3338.4 2068.9 -5.0 185 0 11.5 12.2 5.0 2.5 2 1 2 5 5
3337.0 2055.6 -4.8 186 0 10.6 11.9 5.0 2.5 2 1 2 0 0
3336.0 2041.4 -4.6 186 0 11.2 10.8 5.0 2.5 2 0 2 2 2
3334.7 2025.2 -4.2 187 0 12.8 6.5 2.5 2.5 2 0 1 2 2
3332.6 2001.1 -4.1 187 0 15.1 10.5 5.0 2.5 2 0 2 2 2
3331.7 1974.9 -3.5 186 0 10.4 7.4 10.5 3.5 4 0 3 1 1
3327.1 1958.7 -3.1 190 0 12.5 11.3 10.5 3.5 4 0 3 1 1
3322.5 1941.7 -2.3 195 0 11.0 10.8 10.5 3.5 2 0 3 2 2
3336.1 1913.4 -2.6 194 0 10.0 16.3 10.5 3.5 2 0 3 0 0
3310.7 1905.8 -0.9 196 0 10.6 14.4 10.5 3.5 2 1 3 0 0
3307.8 1889.6 -0.2 192 0 7.9 10.2 10.5 3.5 2 0 3 3 3
3305.6 1879.6 0.1 192 0 12.7 10.2 10.5 3.5 4 0 3 1 1
3409.7 1979.7 -7.3 93 0 11.3 12.0 5.0 2.5 2 1 2 3 3
3442.0 1979.7 -8.8 91 0 9.7 8.7 5.0 2.5 2 0 2 0 0
3449.2 1998.1 -8.4 4 0 5.6 10.6 5.0 2.5 2 1 2 0 0
3450.1 2006.4 -8.2 6 0 11.4 10.8 5.0 2.5 2 0 2 1 1
3447.1 2021.5 -7.8 3 0 9.6 8.5 5.0 2.5 4 0 2 4 4
3462.4 1997.9 -9.7 180 0 11.9 15.2 5.0 2.5 2 1 2 5 5
3457.7 2018.2 -8.5 179 0 10.1 8.3 7.5 2.5 2 0 3 2 2
3446.3 2041.6 -8.2 4 0 8.9 11.3 5.0 2.5 2 1 2 4 4
3447.7 2052.4 -8.2 2 0 11.2 22.3 7.5 0.0 0 1 3 3 3
3462.0 2040.5 -8.6 180 0 12.1 11.7 5.0 2.5 2 0 2 0 0
3462.4 2052.9 -8.9 178 0 8.0 11.6 2.5 2.5 2 1 1 4 4
3463.3 2060.5 -9.2 177 0 7.2 10.9 5.0 0.0 0 1 2 2 2
3448.9 2071.1 -8.2 6 0 7.3 10.7 7.5 2.5 2 1 3 5 5
3457.2 2113.5 -9.5 172 0 10.7 13.9 5.0 2.5 2 1 2 4 4
3439.8 2120.7 -8.5 0 0 11.9 6.8 5.0 2.5 2 0 2 2 2
3437.3 2137.6 -8.6 3 0 10.8 15.0 5.0 2.5 2 1 2 4 4
3362.1 1969.5 -4.7 283 0 16.7 7.3 10.5 0.0 0 0 3 2 2
3387.2 1971.2 -6.1 281 0 17.3 12.1 10.5 3.5 2 0 3 4 4
3387.6 1956.7 -5.6 279 0 8.7 17.2 10.5 3.5 4 1 3 0 0
3439.7 1964.3 -8.5 275 0 10.3 7.3 10.5 0.0 0 0 3 0 0
3435.9 1949.8 -8.0 10 0 7.5 11.8 10.5 3.5 2 1 3 1 1
3433.8 1939.2 -7.7 9 0 9.7 10.6 10.5 3.5 2 1 3 2 2
3432.4 1915.3 -7.2 15 0 12.4 10.9 10.5 3.5 2 0 3 3 3
3429.3 1905.0 -6.7 15 0 9.0 9.9 10.5 3.5 4 1 3 1 1
3478.6 1923.7 -10.1 193 0 11.8 31.5 14.0 3.5 2 1 4 2 2
3460.0 1940.2 -9.3 191 1 12.2 11.1 14.0 3.5 2 0 4 5 5
3453.1 1924.8 -8.6 193 1 11.5 11.1 14.0 3.5 4 0 4 5 5
3449.4 1909.2 -8.1 194 1 11.1 10.3 14.0 3.5 2 0 4 4 4
3445.9 1894.4 -7.6 194 1 10.3 10.5 14.0 3.5 2 1 4 4 4
3441.0 1880.9 -6.8 198 1 10.7 10.1 14.0 3.5 4 0 4 4 4
3438.3 1872.3 -6.0 290 1 11.3 13.1 14.0 3.5 2 1 4 3 3
3425.4 1842.0 -5.5 217 0 22.4 12.5 14.0 3.5 2 0 4 3 3
3424.0 1883.6 -5.7 17 0 8.9 9.1 10.5 3.5 2 1 3 4 4
3411.3 1868.1 -4.5 22 0 11.1 10.4 10.5 3.5 2 0 3 1 1
3406.7 1857.4 -4.1 22 0 8.9 11.1 10.5 3.5 2 1 3 2 2
3383.9 1844.5 -3.2 115 0 11.6 9.7 10.5 3.5 2 0 3 0 0
3375.5 1823.9 -2.0 346 0 10.0 22.9 14.0 3.5 2 1 4 5 5
3387.8 1886.4 -3.9 14 0 5.6 17.0 10.5 3.5 4 1 3 4 4
3390.3 1706.6 -4.4 112 0 6.2 10.7 10.5 3.5 2 0 3 5 5
3383.7 1709.2 -4.0 111 0 8.1 10.7 10.5 3.5 2 0 3 1 1
3391.5 1689.8 -4.2 295 0 6.6 12.4 10.5 3.5 2 1 3 5 5
3400.7 1668.3 -4.8 21 0 8.7 10.1 10.5 3.5 2 1 3 1 1
3382.8 1691.2 -3.6 289 0 4.1 13.3 10.5 3.5 2 0 3 1 1
3345.3 1709.7 -1.6 286 0 8.1 10.7 10.5 3.5 2 0 3 3 3
3352.2 1707.7 -2.0 286 0 6.2 10.7 10.5 3.5 2 0 3 4 4
3359.1 1717.1 -2.7 108 1 12.8 11.6 14.0 3.5 2 0 4 5 5
3349.1 1720.4 -1.9 109 0 8.2 11.5 10.5 3.5 2 0 3 2 2
3343.4 1722.4 -1.5 110 0 4.0 11.3 10.5 3.5 2 0 3 0 0
3334.2 1725.6 -1.0 109 0 7.9 11.2 10.5 3.5 2 0 3 5 5
3347.3 1766.7 -1.9 194 0 10.3 9.8 10.5 3.5 2 0 3 5 5
3321.6 1771.9 0.1 285 1 14.4 11.6 14.0 3.5 2 0 4 2 2
3328.9 1734.0 -0.4 19 0 12.9 40.3 14.0 3.5 2 0 4 5 5
3286.3 1741.8 2.2 109 0 5.2 15.8 10.5 3.5 2 0 3 1 1
3279.6 1744.1 2.5 109 0 9.5 15.5 10.5 3.5 2 0 3 5 5
3269.3 1747.5 3.1 108 0 13.2 19.7 14.0 3.5 2 0 4 4 4
3280.0 1785.6 2.9 286 0 13.1 19.9 14.0 3.5 2 0 4 3 3
3298.0 1772.2 1.7 286 1 14.1 12.6 14.0 3.5 2 0 4 5 5
3191.7 1778.0 4.1 110 0 51.5 11.4 14.0 3.5 2 0 4 3 3
3252.3 1781.0 4.1 25 0 10.1 10.3 14.0 3.5 2 1 4 1 1
3240.7 1791.7 4.1 296 0 6.0 8.7 10.5 3.5 2 1 3 3 3
3220.1 1805.2 4.0 284 0 13.4 13.7 14.0 3.5 2 1 4 2 2
3202.8 1808.7 4.0 283 0 8.5 10.4 10.5 0.0 0 0 3 3 3
3191.2 1811.4 3.9 283 0 15.2 10.4 14.0 3.5 2 0 4 4 4
3164.0 1788.0 4.0 107 0 7.7 11.0 10.5 3.5 4 0 3 2 2
3156.8 1790.3 4.0 108 0 7.5 10.9 10.5 3.5 2 0 3 2 2
3149.9 1792.6 4.0 109 0 7.0 10.7 10.5 3.5 2 0 3 3 3
3156.1 1816.9 3.9 193 0 6.6 5.2 10.5 3.5 2 0 3 4 4
3135.8 1797.5 3.8 104 0 6.4 24.7 10.5 3.5 4 1 3 5 5
3129.4 1805.6 3.9 18 0 12.0 11.5 10.5 3.5 2 0 3 1 1
3116.9 1824.3 3.8 285 0 9.1 6.2 10.5 3.5 2 0 3 2 2
3159.9 1776.7 4.1 18 0 8.1 15.2 10.5 3.5 2 0 3 5 5
3157.2 1768.9 4.2 20 0 8.1 15.3 10.5 3.5 2 0 3 0 0
3133.2 1783.1 4.1 289 0 11.0 8.5 10.5 3.5 2 0 3 2 2
3229.1 1953.9 -0.0 289 1 14.4 10.9 14.0 0.0 0 0 4 3 3
3228.1 1855.6 2.0 103 1 15.3 13.6 14.0 3.5 2 0 4 2 2
3213.2 1883.3 1.8 97 0 11.5 8.6 10.5 0.0 0 0 3 0 0
3253.5 2270.6 -4.2 100 0 21.1 8.4 2.5 2.5 2 0 1 5 5
3240.2 2351.2 -5.1 195 0 10.6 13.3 5.0 2.5 2 1 2 0 0
3202.8 2569.8 0.9 197 0 9.8 9.1 5.0 2.5 2 0 2 0 0
3177.9 2471.7 -0.7 113 0 9.7 10.8 7.5 2.5 2 1 3 5 5
3177.5 2496.9 0.2 203 0 8.4 9.0 5.0 2.5 2 1 2 1 1
3189.3 2517.0 0.5 290 0 11.3 10.1 5.0 2.5 4 0 2 0 0
3192.9 2528.1 0.7 111 0 11.2 22.7 7.5 2.5 2 1 3 1 1
3199.7 2562.0 0.4 197 0 5.4 17.5 7.5 2.5 2 1 3 4 4
3209.2 2584.4 0.9 199 0 9.7 11.2 5.0 2.5 2 1 2 0 0
3212.7 2594.1 1.1 199 0 10.4 10.4 5.0 2.5 2 1 2 0 0
3216.4 2615.6 1.4 199 0 14.4 12.9 5.0 2.5 2 0 2 5 5
3261.3 2602.7 -0.4 21 0 8.2 9.2 5.0 2.5 4 1 2 2 2
3258.2 2595.2 -0.5 21 0 8.0 8.6 5.0 2.5 2 1 2 4 4
3254.0 2580.3 -0.8 18 0 8.9 11.3 5.0 2.5 2 1 2 3 3
3251.4 2570.9 -1.0 18 0 8.9 9.9 5.0 2.5 2 1 2 0 0
3244.1 2550.5 -1.1 18 0 19.1 11.9 10.0 2.5 2 0 4 3 3
3236.9 2531.3 -1.0 20 0 10.4 12.3 5.0 2.5 2 1 2 5 5
3226.6 2520.0 -1.1 110 0 11.4 8.8 5.0 0.0 0 0 2 4 4
3220.9 2507.8 -1.3 290 0 12.4 15.2 5.0 2.5 2 1 2 5 5
3217.9 2480.0 -1.4 18 0 12.0 13.3 5.0 2.5 2 1 2 1 1
3211.6 2462.8 -1.6 18 0 11.4 12.8 5.0 2.5 2 1 2 3 3
3204.0 2445.3 -1.8 20 0 11.2 12.6 5.0 0.0 0 1 2 3 3
3222.5 2440.5 -3.3 200 0 13.0 11.3 5.0 2.5 2 0 2 4 4
3218.3 2428.2 -3.7 198 0 13.2 11.3 5.0 2.5 2 0 2 5 5
3231.1 2460.3 -3.0 199 0 10.2 9.2 5.0 2.5 2 0 2 5 5
3236.4 2477.3 -2.9 198 0 12.3 10.9 5.0 2.5 2 0 2 4 4
3249.5 2498.6 -2.8 289 0 11.4 13.2 5.0 2.5 2 1 2 5 5
3257.3 2533.7 -2.4 201 0 11.7 10.7 5.0 2.5 2 0 2 0 0
3263.3 2547.0 -2.4 201 0 14.1 10.4 7.5 2.5 2 0 3 3 3
3268.0 2565.7 -2.5 201 0 10.8 11.0 5.0 2.5 2 1 2 0 0
3274.4 2582.2 -2.5 200 0 11.6 11.5 5.0 0.0 0 0 2 4 4
3276.7 2596.2 -2.2 198 0 12.1 12.6 5.0 2.5 4 1 2 1 1
3023.2 1198.1 -1.7 281 0 14.5 17.9 7.0 3.5 4 1 2 5 5
3167.2 1654.5 2.5 204 0 32.4 11.8 14.0 3.5 2 0 4 0 0
3252.0 2192.4 -3.4 104 0 29.7 20.2 2.5 2.5 2 0 1 5 5
2336.1 1810.5 4.5 108 0 15.1 9.9 2.5 2.5 2 0 1 3 3
3144.0 2407.9 -0.9 98 0 12.7 13.8 5.0 2.5 2 1 2 5 5
3286.1 2498.0 -4.3 106 0 10.7 10.5 5.0 2.5 2 0 2 4 4
3297.9 2519.5 -4.1 21 0 9.9 10.1 5.0 2.5 2 1 2 5 5
3300.4 2533.8 -3.8 20 0 12.6 11.7 5.0 2.5 4 0 2 2 2
3310.1 2549.5 -4.2 22 0 11.6 9.8 5.0 2.5 2 0 2 1 1
3304.4 2400.4 -7.1 16 0 11.3 32.4 10.0 2.5 2 1 4 5 5
3647.3 1193.5 -5.0 187 0 11.5 34.6 10.0 2.5 2 1 4 5 5
2980.6 2416.0 2.2 20 0 29.6 12.1 7.5 2.5 2 0 3 4 4
3353.8 2602.4 -5.4 111 0 11.6 10.9 5.0 2.5 2 0 2 5 5
3358.5 2628.4 -5.1 200 0 9.8 10.0 5.0 2.5 2 1 2 4 4
3361.6 2644.2 -4.7 197 0 10.5 10.4 5.0 2.5 2 0 2 0 0
3391.4 2725.8 -4.6 197 0 8.9 9.6 5.0 2.5 2 0 2 4 4
3393.7 2733.3 -4.8 198 0 6.8 12.4 5.0 0.0 0 0 2 3 3
3386.1 2708.9 -4.7 199 0 11.6 9.8 5.0 2.5 2 0 2 1 1
3344.2 2650.5 -3.0 19 0 10.9 9.4 5.0 2.5 2 0 2 5 5
1353.7 3129.8 1.9 261 0 17.0 7.3 5.0 2.5 2 0 2 4 4
1786.0 3259.7 0.4 177 0 10.9 6.3 5.0 2.5 2 0 2 1 1
1801.6 3315.1 1.2 263 0 9.6 10.5 5.0 2.5 2 1 2 1 1
1824.0 3269.1 0.7 2 0 5.6 8.1 5.0 2.5 2 1 2 0 0
1835.0 3273.7 0.9 88 0 13.6 6.6 5.0 2.5 2 0 2 2 2
1851.1 3305.6 1.5 265 0 5.9 9.3 2.5 2.5 2 1 1 1 1
1870.0 3308.5 1.4 273 0 10.1 8.8 5.0 0.0 0 0 2 4 4
2080.6 3267.8 -0.3 88 0 10.1 12.2 5.0 2.5 4 1 2 2 2
2097.4 3275.3 -0.6 90 0 10.0 10.9 2.5 2.5 2 1 1 0 0
3331.2 2617.6 -3.5 20 0 9.8 9.1 5.0 2.5 2 0 2 3 3
3349.0 2667.0 -2.9 18 0 10.1 9.0 5.0 2.5 2 0 2 3 3
3356.2 2684.5 -3.0 18 0 9.3 8.8 5.0 2.5 2 0 2 3 3
3357.1 2703.8 -2.7 13 0 9.9 9.6 5.0 2.5 2 0 2 1 1
3367.0 2717.4 -3.0 17 0 13.3 9.4 5.0 2.5 2 0 2 2 2
3367.3 2742.4 -2.8 289 0 9.9 8.6 5.0 2.5 2 0 2 0 0
3234.4 2367.0 -5.2 192 0 10.7 11.2 5.0 2.5 2 1 2 2 2
3098.4 1954.7 2.3 17 0 8.0 21.6 10.5 3.5 2 1 3 5 5
3173.6 2710.6 5.7 199 0 10.7 16.4 5.0 2.5 2 0 2 1 1
3170.3 2700.8 6.1 198 0 10.0 16.4 5.0 2.5 2 0 2 4 4
3199.4 1350.5 -7.2 277 0 13.8 8.9 5.0 2.5 2 0 2 0 0
3130.3 1362.7 -5.5 281 0 9.2 9.4 5.0 2.5 2 1 2 2 2
3139.4 1360.8 -5.7 283 0 8.9 9.0 5.0 2.5 2 1 2 2 2
3116.5 1389.5 -5.5 102 0 16.2 9.4 10.5 3.5 2 0 3 3 3
3344.5 1615.9 -3.6 128 0 11.3 17.9 14.0 3.5 2 0 4 2 2
3424.4 1565.5 -9.1 116 0 30.8 8.3 10.5 3.5 2 0 3 2 2
3169.3 1623.5 1.1 293 0 10.5 9.4 10.5 3.5 2 0 3 1 1
2979.1 1198.0 -0.4 286 1 10.1 10.5 14.0 3.5 2 1 4 0 0
3166.9 1119.7 -4.4 172 0 9.0 9.5 5.0 2.5 2 1 2 5 5
3127.3 1169.0 -4.4 180 0 10.5 10.8 5.0 2.5 2 1 2 5 5
3116.4 1178.4 -4.0 80 0 3.5 9.6 2.5 2.5 2 1 1 4 4
3107.7 1198.0 -4.4 176 0 10.7 9.8 2.5 2.5 2 0 1 3 3
3841.1 2011.1 -4.5 100 0 9.5 8.9 5.0 2.5 2 0 2 1 1
3851.6 2062.5 -4.4 10 0 7.1 12.2 2.5 2.5 2 1 1 2 2
3857.6 2107.6 -3.9 11 0 17.8 10.0 5.0 2.5 2 0 2 5 5
3870.3 2162.6 -3.3 5 0 18.3 13.2 5.0 2.5 2 0 2 4 4
3865.7 2195.4 -2.6 191 0 7.7 8.1 5.0 2.5 2 1 2 0 0
3879.1 2206.4 -2.5 10 0 7.5 9.4 2.5 2.5 2 1 1 3 3
3670.3 1346.3 -2.9 187 0 13.6 10.7 5.0 2.5 2 0 2 4 4
3662.9 1308.8 -3.6 189 0 16.9 8.9 5.0 2.5 2 0 2 3 3
3653.9 1276.0 -4.2 189 0 8.9 10.9 5.0 2.5 2 1 2 0 0
3653.8 1261.4 -4.2 187 0 8.8 11.6 5.0 2.5 2 1 2 2 2
3654.0 1226.7 -4.4 189 0 19.5 13.1 10.0 0.0 0 0 4 0 0
3647.1 1122.2 -3.5 185 0 10.4 10.9 5.0 2.5 2 0 2 4 4
3651.0 1097.5 -2.4 182 0 12.2 10.9 5.0 2.5 2 0 2 3 3
3665.4 1062.2 -0.3 184 0 8.6 9.6 5.0 2.5 2 1 2 2 2
3694.3 1072.7 -0.3 4 0 8.8 14.1 5.0 2.5 2 1 2 2 2
3664.7 1040.3 0.0 186 0 8.0 10.8 5.0 2.5 2 1 2 2 2
3675.8 985.0 -0.6 185 0 9.8 12.3 5.0 2.5 2 1 2 0 0
3672.3 1012.2 -0.2 184 0 9.1 9.6 5.0 2.5 2 1 2 0 0
3758.9 556.1 3.0 162 0 11.4 14.7 5.0 2.5 2 1 2 2 2
3753.6 568.9 2.4 171 0 12.3 9.2 5.0 2.5 4 0 2 5 5
3746.4 613.6 1.1 176 0 15.2 13.4 5.0 2.5 2 0 2 1 1
3802.8 566.1 3.8 349 0 12.2 11.2 5.0 0.0 0 0 2 3 3
3802.5 649.7 2.4 351 0 12.1 12.7 2.5 2.5 2 1 1 2 2
3794.0 678.2 2.5 254 0 9.6 12.2 7.5 2.5 2 1 3 0 0
3730.5 695.5 0.7 181 0 12.1 10.8 5.0 2.5 2 0 2 0 0
3725.7 727.3 -0.3 185 0 10.8 14.5 7.5 2.5 2 1 3 3 3
3632.9 1395.5 -4.9 275 0 11.5 10.3 5.0 2.5 2 0 2 3 3
3618.2 1304.5 -4.9 180 0 10.0 9.4 5.0 2.5 2 0 2 1 1
3641.9 1322.3 -4.3 7 0 9.0 13.0 7.5 2.5 2 1 3 0 0
3645.9 1351.1 -4.3 4 0 9.8 12.0 5.0 2.5 2 1 2 4 4
3646.6 1371.9 -4.6 3 0 15.3 14.3 5.0 2.5 2 0 2 4 4
3595.7 1334.1 -5.5 181 0 6.8 17.0 5.0 0.0 0 1 2 1 1
3603.0 1283.3 -5.9 0 0 7.8 9.2 5.0 2.5 2 1 2 3 3
3556.5 1281.8 -7.1 97 0 9.3 9.4 5.0 2.5 4 1 2 0 0
3542.0 1309.1 -7.1 189 0 7.3 7.1 2.5 0.0 0 0 1 3 3
3567.2 1321.9 -6.5 279 0 8.1 10.9 5.0 2.5 2 1 2 0 0
3551.2 1368.2 -8.1 11 0 10.1 9.6 7.5 2.5 2 0 3 1 1
3565.1 1344.5 -7.5 8 0 13.1 11.4 5.0 2.5 2 0 2 5 5
3552.2 1430.0 -9.1 167 0 14.9 11.7 7.5 2.5 2 0 3 2 2
3566.3 1401.2 -7.4 183 0 11.6 10.2 5.0 2.5 2 0 2 1 1
3583.5 1348.0 -6.4 92 0 3.7 10.8 2.5 2.5 2 1 1 3 3
3576.5 1371.7 -6.7 184 0 5.3 8.8 5.0 2.5 4 1 2 3 3
3574.5 1383.1 -6.9 184 0 12.3 11.2 2.5 2.5 2 0 1 2 2
3615.8 1171.4 -6.6 8 0 11.4 9.8 5.0 2.5 2 0 2 2 2
3476.4 3049.7 -10.9 176 0 7.7 15.1 5.0 2.5 2 1 2 2 2
3432.0 3020.6 -8.3 10 0 20.3 15.2 7.5 2.5 4 0 3 3 3
3781.6 2303.0 -6.0 17 0 13.7 13.4 5.0 2.5 2 0 2 1 1
3828.6 2471.1 -8.3 100 0 9.8 11.1 5.0 2.5 2 1 2 4 4
3756.6 2165.0 -6.4 180 0 9.2 13.0 5.0 2.5 4 1 2 2 2
3756.4 2177.1 -6.3 174 0 7.6 7.9 5.0 2.5 4 1 2 0 0
3783.9 2222.3 -5.7 268 0 10.2 19.6 7.5 2.5 2 1 3 3 3
3792.6 2235.6 -5.1 185 0 10.3 11.6 5.0 2.5 2 1 2 5 5
3796.1 2261.8 -4.5 184 0 8.9 10.6 5.0 2.5 2 1 2 3 3
3804.2 2289.3 -3.8 185 0 9.5 10.5 5.0 2.5 2 1 2 1 1
3807.6 2309.1 -4.6 190 0 15.2 10.4 5.0 2.5 2 0 2 1 1
3834.2 2379.5 -6.4 276 0 9.9 10.4 2.5 2.5 2 1 1 2 2
3872.1 2462.0 -7.0 97 0 12.1 14.5 5.0 2.5 2 1 2 5 5
3316.3 2566.6 -4.4 19 0 8.9 10.3 5.0 2.5 2 1 2 3 3
3321.6 2582.5 -4.2 19 0 10.8 9.4 5.0 2.5 4 0 2 0 0
3315.0 2490.1 -5.8 109 0 10.8 9.2 5.0 2.5 2 0 2 2 2
3314.1 2511.2 -5.5 197 0 8.7 9.1 5.0 2.5 2 1 2 5 5
3324.0 2540.8 -5.3 199 0 9.0 10.3 7.5 2.5 2 1 3 1 1
3333.6 2558.0 -5.9 198 0 10.9 10.4 5.0 2.5 2 0 2 0 0
3336.4 2575.4 -5.7 195 0 11.2 9.9 5.0 2.5 2 0 2 1 1
3292.8 2631.8 -1.8 203 0 11.1 11.6 5.0 2.5 2 1 2 2 2
3200.3 2623.1 3.2 18 0 16.8 17.0 17.5 0.0 0 1 7 0 0
3308.3 2740.1 0.6 18 0 10.6 11.5 5.0 2.5 2 1 2 1 1
3289.6 2689.3 0.6 17 0 11.2 11.2 5.0 0.0 0 0 2 3 3
3292.9 2699.6 0.6 19 0 10.5 11.1 5.0 2.5 2 0 2 3 3
3300.9 2665.2 -1.0 197 0 10.2 9.9 5.0 0.0 0 0 2 5 5
3307.9 2682.4 -1.0 200 0 10.1 9.4 5.0 2.5 2 0 2 2 2
3313.7 2698.8 -1.1 193 0 10.2 11.3 5.0 2.5 2 1 2 0 0
3321.3 2716.5 -1.1 199 0 12.2 10.2 5.0 2.5 4 0 2 1 1
3329.1 2732.9 -1.2 199 0 11.1 9.8 5.0 2.5 2 0 2 5 5
3332.0 2750.1 -1.0 199 0 9.5 9.3 5.0 2.5 2 0 2 1 1
3051.2 1511.2 -1.4 13 0 5.2 16.0 10.5 3.5 2 1 3 3 3
3298.5 1508.8 -8.1 208 1 15.3 13.6 14.0 3.5 2 0 4 5 5
3420.5 1663.8 -6.4 203 0 14.1 9.6 10.5 3.5 4 0 3 2 2
3150.0 2781.2 4.3 286 0 10.5 10.8 2.5 2.5 2 1 1 0 0
3167.3 2775.2 4.1 287 0 7.1 10.2 5.0 2.5 2 1 2 3 3
3186.6 2594.5 3.1 19 0 7.5 15.9 7.5 2.5 2 0 3 3 3
3273.4 2772.0 1.3 195 0 8.0 8.2 5.0 2.5 2 1 2 4 4
3266.7 2754.8 2.0 203 0 10.7 10.8 5.0 2.5 2 1 2 3 3
3134.9 2816.0 3.0 198 0 16.1 12.7 5.0 2.5 2 0 2 5 5
3133.0 2787.5 3.7 290 0 11.0 9.8 5.0 2.5 2 0 2 5 5
3177.2 2754.2 3.8 109 0 8.8 15.9 5.0 2.5 2 1 2 1 1
3220.6 2755.4 3.4 291 0 8.4 11.6 5.0 2.5 4 1 2 2 2
3239.1 2750.3 3.0 287 0 13.4 13.9 5.0 2.5 2 1 2 3 3
3245.6 2769.1 1.8 106 0 10.6 12.6 5.0 2.5 2 1 2 4 4
3227.9 2773.4 2.1 105 0 11.6 12.6 5.0 2.5 2 1 2 5 5
3211.8 2779.0 2.2 105 0 12.6 14.7 5.0 2.5 2 1 2 5 5
3189.2 2786.4 2.6 110 0 12.0 13.4 5.0 0.0 0 1 2 3 3
3173.2 2793.2 2.7 107 0 10.4 14.6 5.0 2.5 2 1 2 1 1
3158.3 2798.8 3.0 102 0 11.5 12.4 7.5 2.5 2 1 3 0 0
3274.7 1550.9 -5.0 207 1 10.4 12.7 14.0 3.5 2 1 4 0 0
3878.4 3504.6 -13.0 111 0 8.9 12.6 5.0 2.5 2 1 2 0 0
3897.1 3487.0 -12.2 109 0 11.6 9.5 5.0 2.5 2 0 2 1 1
3863.8 3517.3 -13.4 105 0 13.2 12.9 5.0 2.5 2 0 2 1 1
3895.2 3300.2 -11.6 200 0 12.3 12.3 5.0 2.5 2 0 2 2 2
3897.3 3268.3 -11.7 202 0 12.7 10.9 7.5 0.0 0 0 3 4 4
3897.3 3243.2 -11.8 184 0 13.7 10.3 5.0 2.5 2 0 2 0 0
3896.6 3222.1 -11.9 180 0 12.2 9.8 5.0 2.5 4 0 2 5 5
3906.2 3207.0 -10.9 180 0 11.6 9.3 5.0 2.5 2 0 2 1 1
3906.9 3187.9 -10.3 191 0 11.5 11.7 5.0 2.5 2 1 2 0 0
3856.7 3247.2 -13.8 8 0 14.7 17.0 2.5 2.5 2 1 1 5 5
3857.8 3289.2 -13.9 16 0 19.0 16.5 7.5 2.5 2 0 3 2 2
3861.0 3319.0 -14.0 12 0 12.4 12.7 7.5 2.5 2 1 3 3 3
3455.8 3131.7 -12.1 9 0 10.5 10.7 5.0 2.5 2 0 2 4 4
3457.4 3141.8 -12.4 10 0 10.0 10.7 5.0 2.5 2 0 2 5 5
3450.0 3176.3 -12.6 3 0 8.8 10.2 5.0 2.5 2 1 2 0 0
3467.1 3223.6 -13.4 7 0 9.1 11.0 7.5 2.5 2 1 3 3 3
3469.0 3337.4 -12.9 9 0 13.7 10.8 2.5 2.5 4 0 1 3 3
3474.4 3271.7 -13.6 9 0 11.0 7.0 2.5 2.5 2 0 1 2 2
3465.9 3281.9 -13.3 9 0 6.9 9.0 2.5 0.0 0 1 1 2 2
3477.4 3294.4 -13.4 359 0 8.9 6.2 5.0 2.5 2 0 2 3 3
3439.9 3449.5 -10.7 8 0 12.5 14.8 7.5 0.0 0 1 3 0 0
3459.5 3385.9 -12.5 15 0 9.8 8.2 5.0 2.5 2 0 2 3 3
3459.3 3416.4 -12.0 16 0 11.0 11.3 5.0 2.5 2 1 2 1 1
3405.6 3515.9 -9.6 196 0 13.4 6.6 5.0 2.5 2 0 2 4 4
3473.2 3544.1 -13.5 185 0 16.4 12.6 5.0 2.5 2 0 2 1 1
3515.2 3567.9 -14.2 276 0 16.8 16.0 12.5 2.5 2 0 5 5 5
3505.1 3320.2 -14.3 178 0 17.0 16.7 12.5 2.5 2 0 5 4 4
3505.2 3354.5 -14.7 174 0 15.4 16.2 5.0 2.5 2 1 2 1 1
3496.7 3376.1 -14.9 178 0 15.4 17.8 7.5 2.5 2 1 3 1 1
3239.9 1653.8 1.1 291 0 31.5 11.0 14.0 3.5 2 0 4 2 2
2710.9 1915.0 5.6 193 0 8.6 8.0 10.5 3.5 2 0 3 0 0
3876.0 2834.6 -11.3 192 0 10.7 13.6 5.0 2.5 2 1 2 2 2
3909.3 3130.5 -9.2 188 0 7.6 12.7 5.0 2.5 2 1 2 5 5
3925.6 3106.9 -9.5 8 0 21.2 14.0 12.5 2.5 2 0 5 1 1
3925.9 3043.2 -10.0 13 0 14.0 12.0 7.5 2.5 2 0 3 5 5
3927.8 3016.6 -10.8 11 0 16.1 14.7 7.5 2.5 2 0 3 3 3
3904.7 2990.7 -11.8 188 0 8.8 10.4 7.5 0.0 0 1 3 1 1
3908.9 2964.6 -11.7 191 0 10.4 9.4 5.0 2.5 2 0 2 3 3
3939.5 2929.1 -10.1 20 0 18.4 15.0 12.5 2.5 4 0 5 5 5
3901.3 2978.0 -12.3 192 0 9.8 6.3 5.0 2.5 2 0 2 0 0
3916.1 2860.6 -10.2 16 0 10.1 13.1 5.0 2.5 2 1 2 5 5
3892.5 2892.4 -11.1 192 0 11.2 12.0 5.0 2.5 2 1 2 5 5
3898.3 2915.5 -11.3 193 0 15.2 11.0 5.0 2.5 2 0 2 4 4
3850.7 2887.8 -12.7 12 0 10.3 10.2 5.0 2.5 2 0 2 4 4
3816.2 2904.7 -13.2 190 0 8.6 18.1 5.0 2.5 4 1 2 1 1
3848.0 2922.9 -13.4 11 0 16.2 17.4 7.5 2.5 2 1 3 1 1
3864.0 2942.7 -13.3 16 0 10.2 10.1 2.5 2.5 2 0 1 4 4
3876.0 2970.3 -13.5 15 0 11.7 16.3 5.0 2.5 2 1 2 5 5
3866.7 2993.2 -13.4 21 0 10.4 11.1 2.5 2.5 2 1 1 5 5
3864.2 3029.4 -12.8 12 0 13.5 9.4 5.0 2.5 4 0 2 1 1
3876.9 3053.1 -12.0 10 0 10.1 6.8 5.0 2.5 2 0 2 1 1
3866.1 3084.9 -11.8 12 0 10.8 10.8 5.0 2.5 2 1 2 0 0
3875.7 2813.2 -11.1 195 0 12.9 13.4 5.0 2.5 2 1 2 1 1
3812.0 2830.0 -12.6 194 0 9.6 12.3 5.0 2.5 2 1 2 3 3
3816.9 2847.7 -12.5 199 0 12.4 12.8 5.0 2.5 2 1 2 0 0
3841.3 2860.0 -12.5 15 0 18.0 9.1 5.0 0.0 0 0 2 2 2
3828.0 2792.3 -12.5 12 0 10.5 11.5 5.0 2.5 4 1 2 1 1
3859.4 2780.2 -11.5 193 0 11.1 10.5 5.0 0.0 0 0 2 1 1
3853.5 2760.7 -11.6 193 0 11.8 9.3 2.5 2.5 2 0 1 3 3
3875.1 2731.9 -11.2 20 0 10.4 17.2 5.0 2.5 2 1 2 0 0
3844.2 2720.5 -11.7 191 0 8.2 8.2 2.5 0.0 0 1 1 4 4
3847.1 2703.0 -11.6 193 0 8.4 10.2 5.0 2.5 2 1 2 1 1
3840.8 2687.3 -12.0 197 0 8.8 8.4 2.5 2.5 2 0 1 0 0
3804.0 2749.8 -12.8 14 0 11.1 11.6 5.0 2.5 2 1 2 0 0
3805.7 2700.0 -13.6 13 0 12.9 13.9 5.0 2.5 2 1 2 3 3
3782.7 2680.4 -14.2 104 0 9.7 8.0 2.5 2.5 2 0 1 3 3
3830.4 2650.2 -12.7 201 0 7.2 11.6 5.0 2.5 2 1 2 4 4
3833.7 2670.7 -12.5 194 0 9.4 10.0 5.0 2.5 4 1 2 2 2
3739.6 2730.9 -13.5 194 0 12.7 19.8 15.0 0.0 0 1 6 5 5
3733.9 1991.3 -8.4 96 0 11.7 18.9 5.0 2.5 2 1 2 5 5
3726.3 2030.6 -8.4 184 0 11.4 10.1 5.0 2.5 2 0 2 1 1
3727.8 2090.7 -8.1 187 0 8.3 15.4 7.5 2.5 2 1 3 1 1
3731.1 2114.5 -7.8 176 0 14.3 12.4 5.0 2.5 2 0 2 2 2
3742.4 2152.3 -7.0 186 0 12.2 11.3 5.0 2.5 2 0 2 3 3
3728.7 2297.6 -8.0 188 0 20.8 12.2 10.0 2.5 4 0 4 3 3
3734.5 2323.4 -8.2 206 0 12.2 11.6 5.0 2.5 2 0 2 0 0
3735.4 2344.4 -8.4 198 0 11.5 10.8 5.0 2.5 2 0 2 4 4
3738.2 2365.7 -8.6 200 0 10.8 10.1 5.0 2.5 2 0 2 3 3
3749.8 2419.0 -9.1 197 0 10.2 10.0 5.0 2.5 2 0 2 5 5
3755.8 2438.5 -9.1 198 0 8.2 9.5 5.0 2.5 2 1 2 0 0
3812.2 2575.5 -11.6 202 0 11.0 13.5 5.0 2.5 2 1 2 2 2
3803.9 2525.1 -10.4 202 0 18.2 18.6 12.5 2.5 2 1 5 0 0
3790.9 2549.8 -11.6 197 0 10.6 8.1 5.0 2.5 2 0 2 2 2
3774.1 2490.3 -10.8 204 0 10.5 10.7 5.0 2.5 2 1 2 2 2
3776.2 2517.5 -11.4 205 0 11.2 11.4 5.0 2.5 4 1 2 2 2
3677.4 2328.6 -10.4 8 0 14.5 15.2 5.0 0.0 0 1 2 2 2
3690.3 2372.0 -10.2 5 0 15.4 10.9 5.0 2.5 2 0 2 5 5
3690.1 2347.7 -10.1 4 0 12.9 13.4 5.0 2.5 2 1 2 3 3
3697.7 2407.3 -10.5 7 0 17.9 10.4 5.0 2.5 2 0 2 1 1
3704.6 2427.8 -10.4 6 0 15.1 11.0 5.0 2.5 2 0 2 2 2
3715.7 2504.8 -12.8 104 0 13.4 11.5 5.0 2.5 2 0 2 0 0
3747.5 2555.8 -12.9 19 0 9.8 10.6 5.0 2.5 2 1 2 1 1
3752.4 2603.2 -13.7 199 0 8.5 10.0 2.5 2.5 2 1 1 0 0
3685.5 2090.6 -10.1 91 0 15.2 73.2 12.5 2.5 2 1 5 0 0
3028.7 2678.2 5.2 198 0 4.3 6.4 5.0 2.5 2 1 2 0 0
2972.5 2700.3 4.6 294 0 5.6 4.1 5.0 2.5 2 0 2 5 5
3696.9 1230.1 -3.3 280 0 18.5 16.3 7.5 2.5 2 0 3 5 5
3736.3 1391.6 -1.4 109 0 11.8 10.2 5.0 2.5 2 0 2 2 2
3716.8 1405.1 -2.1 109 0 8.5 4.9 5.0 2.5 2 0 2 1 1
3699.8 1411.2 -2.8 108 0 9.9 8.9 2.5 2.5 2 0 1 2 2
3672.0 1417.8 -3.8 109 0 9.6 4.9 2.5 2.5 2 0 1 3 3
3642.9 1429.2 -5.0 107 0 13.0 13.5 7.5 2.5 2 1 3 2 2
3898.1 2534.8 -7.9 280 0 12.0 17.3 5.0 2.5 2 1 2 4 4
3918.8 1283.2 2.4 272 0 26.6 21.3 7.5 0.0 0 0 3 0 0
3809.8 2078.4 -5.3 187 0 6.6 23.0 7.5 2.5 2 1 3 3 3
3000.8 1719.9 5.2 20 0 10.4 10.5 14.0 3.5 2 0 4 1 1
3423.8 1622.0 -7.8 202 1 12.1 14.4 14.0 3.5 2 1 4 2 2
3084.3 2669.0 5.5 198 0 10.5 14.1 5.0 2.5 2 0 2 3 3
3691.8 1794.6 -9.5 190 0 12.6 12.3 5.0 2.5 2 0 2 2 2
3678.5 1773.4 -9.7 190 0 11.3 6.4 5.0 2.5 2 0 2 2 2
3705.5 1832.8 -9.4 194 0 11.2 10.1 2.5 2.5 2 0 1 2 2
3709.0 1852.8 -9.4 191 0 10.3 10.9 5.0 2.5 4 1 2 0 0
3712.0 1869.2 -9.3 186 0 12.4 4.7 5.0 2.5 4 0 2 0 0
3700.8 1809.6 -9.4 190 0 11.4 12.6 2.5 0.0 0 1 1 5 5
3689.5 1701.6 -9.5 6 0 85.7 19.7 7.5 0.0 0 0 3 0 0
3871.9 1590.1 -2.1 275 0 31.4 30.2 10.0 2.5 2 0 4 5 5
3901.8 1589.0 -1.0 275 0 8.6 10.0 7.5 2.5 2 1 3 4 4
3793.5 1381.7 0.1 96 0 12.3 30.1 12.5 2.5 4 1 5 1 1
3823.8 1369.0 1.0 96 0 14.5 10.8 5.0 2.5 2 0 2 2 2
3839.7 1367.5 1.4 96 0 13.6 11.2 5.0 2.5 2 0 2 2 2
3894.6 1403.3 2.5 3 0 36.5 13.0 10.0 2.5 2 0 4 5 5
3895.7 1433.7 1.5 5 0 12.4 36.4 10.0 2.5 2 1 4 2 2
3631.2 2058.7 -11.8 180 0 40.1 9.2 7.5 2.5 2 0 3 5 5
3651.3 2079.1 -11.5 271 0 14.5 47.0 7.5 2.5 2 1 3 4 4
3692.9 2071.2 -10.4 2 0 19.3 24.4 12.5 2.5 2 1 5 4 4
3651.4 2091.8 -10.8 90 0 11.5 48.1 12.5 2.5 4 0 5 4 4
3695.8 2299.6 -9.5 5 0 10.7 12.2 5.0 2.5 2 1 2 2 2
3694.7 2315.8 -9.7 3 0 10.8 7.5 5.0 2.5 2 0 2 1 1
3228.5 2707.8 4.2 20 0 9.9 11.7 5.0 2.5 2 0 2 5 5
3232.3 2718.2 4.1 20 0 12.1 11.7 5.0 2.5 2 0 2 2 2
3199.2 2657.9 4.3 110 0 10.8 9.3 5.0 2.5 4 0 2 1 1
3209.3 2669.1 4.4 20 0 9.6 11.0 5.0 2.5 2 0 2 4 4
3230.0 2653.0 2.2 199 0 9.2 10.7 5.0 2.5 2 0 2 3 3
3232.8 2661.1 2.3 199 0 7.9 10.8 5.0 2.5 2 0 2 0 0
3238.6 2677.5 2.5 200 0 10.3 10.3 5.0 0.0 0 0 2 0 0
3219.4 2683.2 4.2 20 0 8.9 11.1 5.0 2.5 2 0 2 1 1
3222.8 2692.3 4.2 21 0 10.7 11.1 5.0 2.5 2 0 2 5 5
3242.0 2686.9 2.5 201 0 9.7 10.4 5.0 2.5 2 0 2 5 5
3248.1 2703.5 2.5 198 0 9.1 10.3 7.5 2.5 4 0 3 4 4
3251.1 2712.3 2.5 200 0 9.5 10.4 5.0 2.5 2 0 2 0 0
3257.2 2729.9 2.4 200 0 7.9 10.9 7.5 2.5 2 0 3 0 0
3260.2 2738.1 2.4 200 0 9.5 10.9 5.0 2.5 2 0 2 4 4
3297.2 2647.8 -1.4 199 0 10.8 10.6 5.0 2.5 2 0 2 5 5
3299.2 2713.5 0.5 19 0 10.0 10.9 5.0 2.5 2 0 2 1 1
3302.5 2723.1 0.5 19 0 10.2 10.9 5.0 2.5 4 0 2 1 1
3471.8 2602.2 -11.5 198 0 12.3 7.8 5.0 2.5 2 0 2 5 5
3280.1 2663.6 0.6 20 0 9.8 10.8 5.0 2.5 2 0 2 3 3
3283.0 2671.9 0.6 19 0 7.7 10.8 5.0 2.5 2 0 2 0 0
3271.5 2637.9 0.2 19 0 10.1 12.1 5.0 2.5 2 0 2 0 0
3274.7 2646.8 0.3 20 0 8.9 12.1 5.0 2.5 2 0 2 4 4
3091.7 2185.3 2.3 16 0 10.9 25.0 7.5 2.5 2 0 3 4 4
3038.9 2201.4 2.5 196 0 11.2 30.2 7.5 2.5 2 0 3 2 2
3310.9 2141.5 -4.4 359 0 10.6 11.5 2.5 2.5 2 0 1 2 2
3310.7 2152.4 -4.4 358 0 11.1 11.4 5.0 2.5 2 0 2 5 5
3304.6 2167.9 -4.4 269 0 11.3 10.0 5.0 0.0 0 0 2 3 3
3674.1 958.1 -1.3 184 0 10.0 11.1 5.0 2.5 2 0 2 1 1
3674.9 968.0 -1.0 185 0 9.9 11.1 5.0 2.5 2 0 2 4 4
3647.8 1131.4 -3.8 184 0 8.0 10.9 5.0 2.5 2 0 2 5 5
3407.6 1645.8 -6.1 205 0 12.8 7.5 10.5 3.5 2 0 3 1 1
3221.2 1660.8 2.5 290 0 8.4 11.1 10.5 3.5 2 0 3 0 0
3211.5 1664.3 2.8 290 1 12.1 11.1 14.0 3.5 4 0 4 1 1
3031.4 1401.1 -3.0 5 1 10.2 10.9 14.0 3.5 2 1 4 1 1
3045.4 1415.1 -3.0 11 0 9.6 12.9 10.5 3.5 2 1 3 3 3
3189.1 2601.7 3.2 19 0 7.7 15.9 5.0 2.5 2 0 2 4 4
3184.4 1671.9 4.0 292 0 6.1 6.6 10.5 3.5 2 0 3 5 5
3216.8 1395.6 -7.8 14 0 9.2 19.7 10.5 3.5 2 1 3 2 2
3037.0 1738.4 4.7 114 0 4.2 4.0 10.5 3.5 2 0 3 4 4
3274.8 1657.4 0.3 201 0 8.8 16.3 10.5 3.5 4 0 3 2 2
3277.1 1663.4 0.3 200 0 4.1 16.4 10.5 3.5 2 0 3 2 2
3278.5 1667.2 0.5 200 0 3.9 13.0 10.5 3.5 2 0 3 3 3
3280.3 1672.2 0.5 200 0 6.8 12.9 10.5 3.5 2 0 3 5 5
3282.4 1677.9 0.7 199 0 5.6 12.8 10.5 3.5 2 0 3 5 5
3284.7 1684.8 0.8 199 0 8.9 12.7 10.5 3.5 2 0 3 0 0
3287.0 1691.5 0.4 199 0 5.0 20.0 10.5 0.0 0 0 3 3 3
3288.9 1697.2 0.4 198 0 7.0 20.5 10.5 3.5 2 0 3 0 0
3294.0 1712.4 0.8 198 0 7.5 12.8 10.5 3.5 2 0 3 3 3
3296.9 1721.2 0.8 198 0 10.9 13.1 14.0 3.5 2 0 4 3 3
3290.7 1702.6 0.8 200 0 4.5 16.1 10.5 3.5 2 0 3 4 4
3292.1 1706.8 0.8 198 0 4.3 15.9 10.5 3.5 2 0 3 4 4
3218.6 1768.0 4.2 111 0 6.2 11.9 10.5 3.5 2 0 3 0 0
3223.9 1766.1 4.2 109 0 5.2 12.0 10.5 3.5 2 0 3 1 1
3229.2 1764.3 4.3 108 0 5.9 11.9 10.5 3.5 2 0 3 4 4
3235.7 1762.2 4.3 107 0 7.8 11.9 10.5 3.5 2 0 3 2 2
3250.1 1764.7 4.3 19 0 11.8 9.1 10.5 3.5 2 0 3 5 5
1160.4 3011.8 -0.6 254 0 11.6 12.1 5.0 2.5 2 1 2 1 1
3374.7 1694.3 -3.4 291 0 13.2 13.3 14.0 3.5 2 0 4 2 2
3386.8 1644.1 -4.7 36 0 9.1 7.4 10.5 3.5 2 0 3 0 0
3391.6 1650.9 -4.7 34 0 7.3 9.3 10.5 3.5 2 0 3 4 4
3318.2 1457.4 -9.4 16 0 10.6 10.6 14.0 3.5 2 0 4 0 0
3435.3 1297.8 -11.0 184 0 7.3 5.1 5.0 2.5 2 0 2 5 5
3475.5 1546.7 -10.0 306 0 8.1 14.0 5.0 2.5 2 1 2 1 1
3584.5 1417.1 -7.2 279 0 10.3 6.7 7.5 2.5 2 0 3 5 5
3570.5 2257.9 -11.7 176 0 30.6 16.0 10.0 2.5 2 0 4 3 3
4157.3 1421.3 5.2 95 0 28.6 73.8 10.0 0.0 0 1 4 3 3
3882.3 1670.0 -4.5 9 0 25.6 26.5 17.5 0.0 0 1 7 5 5
4490.6 5855.4 -2.2 223 0 12.3 17.1 8.0 2.5 2 1 2 4 4
4508.5 5821.3 -2.3 45 0 11.4 10.0 4.0 2.5 2 0 1 4 4
4616.5 5864.1 -3.0 133 0 49.9 11.4 10.0 2.5 2 0 4 0 0
3754.4 1872.4 -8.2 99 0 7.9 17.4 7.5 2.5 2 1 3 1 1
3152.7 2105.9 1.2 12 0 10.5 12.2 5.0 2.5 2 0 2 3 3
3115.6 2103.6 1.6 105 0 20.5 5.7 5.0 2.5 2 0 2 4 4
3132.1 2099.5 1.3 103 0 13.1 5.6 2.5 2.5 2 0 1 3 3
2685.6 1829.2 5.6 286 0 10.9 9.6 10.5 3.5 2 0 3 4 4
4090.9 2010.2 2.9 135 0 100.0 163.3 12.5 0.0 0 1 5 3 3
3126.9 1705.6 5.1 109 0 13.2 8.0 10.5 3.5 2 0 3 3 3
3117.0 1709.0 5.0 109 0 7.7 8.1 10.5 3.5 2 0 3 4 4
3007.5 1841.0 4.2 288 0 14.0 32.2 14.0 3.5 2 0 4 2 2
3442.1 3155.6 -12.2 2 0 6.6 16.8 5.0 2.5 2 1 2 1 1
3492.6 3199.7 -14.0 180 0 6.1 8.5 2.5 2.5 2 1 1 1 1
3975.0 1810.7 -2.1 94 0 9.0 15.4 2.5 2.5 2 1 1 0 0
3992.9 1850.3 -2.1 3 0 9.3 17.1 5.0 2.5 2 1 2 1 1
3028.6 1082.7 0.2 194 0 9.8 19.0 5.0 2.5 2 1 2 4 4
3028.9 1102.8 -0.2 192 0 10.8 13.7 5.0 2.5 4 1 2 1 1
3153.1 1972.9 0.7 190 0 9.7 26.0 10.5 3.5 4 0 3 4 4
3368.7 1960.6 -4.7 282 0 8.9 17.8 10.5 3.5 2 0 3 5 5
3370.1 1862.2 -3.2 111 0 15.5 14.1 10.5 3.5 4 0 3 0 0
3395.1 2693.2 -5.3 198 0 8.3 8.0 5.0 0.0 0 0 2 4 4
3391.2 2643.0 -5.6 20 0 8.9 4.0 5.0 2.5 2 0 2 3 3
3072.5 2636.1 4.7 197 0 8.9 16.9 5.0 2.5 2 0 2 4 4
3075.1 2644.5 4.8 196 0 8.5 16.9 2.5 2.5 2 0 1 5 5
3276.7 2278.9 -4.9 99 0 12.8 7.0 5.0 2.5 2 0 2 5 5
2951.2 1808.2 5.1 289 0 52.6 7.1 10.5 3.5 2 0 3 4 4
3092.0 1255.2 -3.5 187 0 14.5 15.1 5.0 2.5 2 1 2 2 2
3259.2 2341.8 -5.3 194 0 9.3 6.5 2.5 2.5 2 0 1 2 2
3640.6 1891.1 -12.0 6 0 54.5 11.5 10.0 2.5 2 0 4 1 1
3126.7 1820.7 3.8 292 0 5.2 5.3 10.5 0.0 0 1 3 2 2
3095.5 1802.7 3.9 197 0 7.0 14.9 10.5 3.5 2 0 3 5 5
3098.1 1811.1 3.8 197 0 10.7 14.9 10.5 3.5 2 0 3 2 2
3195.0 1828.3 3.6 103 0 7.1 9.4 10.5 3.5 2 0 3 4 4
3396.9 1550.3 -7.9 347 0 5.6 6.1 10.5 3.5 2 1 3 0 0
3184.5 2042.4 -0.7 109 0 33.3 14.8 7.5 2.5 2 0 3 1 1
3335.6 2234.2 -6.5 182 0 9.5 24.0 7.5 2.5 2 0 3 1 1
6407.8 8724.1 -34.1 298 0 11.5 10.5 5.0 2.5 2 0 2 0 0
6433.4 8716.1 -33.7 285 0 11.4 6.6 5.0 2.5 2 0 2 4 4
6402.4 8682.6 -31.3 27 0 7.7 16.8 5.0 2.5 2 1 2 1 1
6309.2 8741.0 -33.3 204 0 6.0 12.5 7.5 2.5 2 1 3 2 2
6339.6 8721.3 -33.0 287 0 22.9 7.1 5.0 2.5 2 0 2 0 0
6262.8 8726.9 -31.9 295 0 6.4 22.8 2.5 2.5 2 1 1 5 5
6216.3 8725.6 -31.1 206 0 6.9 18.1 5.0 0.0 0 1 2 1 1
3510.0 7694.5 1.6 211 0 8.6 6.0 5.0 2.5 2 0 2 2 2
3557.8 7738.3 0.9 293 0 9.3 10.4 5.0 2.5 2 1 2 1 1
3563.7 7721.2 0.9 113 0 10.6 6.1 7.5 0.0 0 0 3 2 2
3588.2 7714.0 0.5 113 0 6.3 13.5 5.0 2.5 2 1 2 0 0
3484.6 7595.5 1.4 109 0 6.5 8.7 5.0 0.0 0 1 2 5 5
3491.2 7643.5 1.6 27 0 6.1 5.0 2.5 0.0 0 0 1 1 1
3470.4 7662.8 1.7 213 0 10.2 5.5 7.5 2.5 2 0 3 1 1
3448.7 7603.3 1.5 202 0 5.9 12.8 7.5 2.5 2 1 3 4 4
3440.8 7616.5 1.6 120 0 9.4 9.7 5.0 2.5 2 1 2 0 0
3353.7 7474.1 1.5 275 0 6.1 8.4 5.0 2.5 2 1 2 0 0
3280.7 7066.9 3.9 94 0 5.9 8.5 5.0 2.5 2 1 2 5 5
3283.7 7130.4 4.2 191 0 6.2 11.7 7.5 2.5 2 1 3 2 2
3312.5 -4643.0 10.5 99 0 8.7 10.1 5.0 2.5 4 1 2 5 5
3330.8 -4626.8 10.1 11 0 8.9 11.6 7.5 0.0 0 1 3 4 4
3351.6 -4584.6 7.3 275 0 6.3 11.1 2.5 2.5 2 1 1 2 2
3369.3 -4523.1 6.6 189 0 10.7 11.4 5.0 0.0 0 1 2 2 2
3392.4 -4570.7 6.6 91 0 12.3 12.3 7.5 2.5 2 1 3 0 0
4707.4 1389.5 4.3 88 0 11.5 10.3 5.0 2.5 2 0 2 5 5
4711.7 1425.0 4.3 89 0 19.8 7.8 5.0 2.5 2 0 2 4 4
4725.5 1419.3 4.5 90 0 7.6 10.9 5.0 2.5 2 0 2 2 2
4747.5 1417.9 4.6 89 0 7.8 5.9 7.5 2.5 2 0 3 5 5
5820.5 4983.0 10.8 23 0 12.4 13.5 2.5 2.5 2 1 1 1 1
5819.6 5016.4 10.0 291 0 10.3 8.0 5.0 2.5 2 0 2 3 3
3097.5 1939.0 2.4 18 0 7.2 17.5 10.5 0.0 0 1 3 4 4
6133.4 4515.6 10.0 109 0 10.3 17.2 7.5 2.5 2 1 3 2 2
6131.7 4573.0 9.4 202 0 9.9 16.5 5.0 2.5 2 0 2 2 2
6170.8 4556.7 8.6 23 0 9.9 25.7 7.5 2.5 2 0 3 0 0
6171.9 4539.6 9.1 21 0 13.0 9.0 5.0 0.0 0 0 2 5 5
6157.9 4526.1 9.6 17 0 10.1 5.1 5.0 2.5 2 0 2 0 0
3768.3 506.9 4.2 173 0 10.6 11.1 10.0 2.5 2 1 4 2 2
3771.4 488.5 4.6 175 0 9.9 10.6 2.5 2.5 2 1 1 1 1
3812.6 497.7 4.7 356 0 6.1 20.9 7.5 0.0 0 0 3 5 5
3812.2 503.6 4.5 357 0 5.9 20.9 2.5 2.5 2 0 1 2 2
3796.7 471.9 5.4 175 0 6.3 27.9 7.5 2.5 2 1 3 1 1
3839.3 476.1 5.2 356 0 5.2 11.7 7.5 2.5 2 1 3 2 2
3865.0 475.5 5.0 356 0 9.3 8.0 5.0 0.0 0 0 2 0 0
3801.6 426.5 5.7 176 0 5.7 18.1 5.0 2.5 2 0 2 4 4
3801.6 415.2 5.8 175 0 4.6 18.7 2.5 2.5 2 1 1 5 5
3780.1 431.6 6.2 175 0 8.7 10.0 5.0 2.5 2 0 2 4 4
3780.9 422.8 6.2 175 0 8.8 10.0 5.0 2.5 2 0 2 0 0
3814.6 391.8 5.6 173 0 5.8 18.1 5.0 2.5 2 1 2 5 5
3853.3 374.7 5.3 355 0 6.0 18.5 7.5 2.5 2 1 3 5 5
3859.7 378.2 5.2 264 0 11.2 11.9 2.5 2.5 2 1 1 5 5
3807.9 369.5 5.8 175 0 9.4 9.1 2.5 2.5 2 0 1 3 3
3823.7 339.4 6.1 86 0 7.7 9.9 2.5 2.5 4 0 1 5 5
3825.2 334.0 6.3 173 0 11.1 10.5 5.0 2.5 2 0 2 2 2
3841.3 343.6 5.9 175 0 5.8 15.6 5.0 2.5 2 1 2 5 5
3849.7 328.1 6.2 177 0 3.6 15.2 5.0 0.0 0 1 2 5 5
3897.6 307.3 6.3 355 0 4.7 18.2 5.0 0.0 0 1 2 4 4
3910.5 307.5 6.3 266 0 11.2 19.0 12.5 2.5 2 1 5 4 4
3854.0 295.2 6.6 173 0 9.4 13.3 7.5 2.5 2 1 3 1 1
3873.7 283.7 6.7 175 0 3.7 14.0 7.5 2.5 2 1 3 3 3
3870.6 256.1 7.1 171 0 8.6 8.8 7.5 2.5 2 1 3 1 1
3892.3 254.1 7.0 170 0 4.4 11.9 5.0 2.5 2 1 2 2 2
3931.0 264.4 6.7 356 0 15.6 10.6 7.5 2.5 2 0 3 2 2
3910.2 224.9 7.5 175 0 5.8 22.9 7.5 2.5 2 1 3 1 1
3889.9 213.1 8.1 171 0 11.4 6.0 5.0 2.5 2 0 2 4 4
3897.2 218.7 8.0 176 0 5.6 9.5 7.5 2.5 2 1 3 5 5
3912.3 190.6 8.3 174 0 4.5 10.6 7.5 0.0 0 1 3 3 3
3946.3 189.8 7.7 355 0 4.6 12.4 7.5 2.5 4 1 3 1 1
3927.0 170.6 8.1 172 0 5.4 9.5 7.5 2.5 2 1 3 3 3
3898.0 175.0 8.8 171 0 10.4 9.8 7.5 2.5 2 0 3 1 1
3903.4 167.9 8.8 171 0 3.7 7.2 5.0 2.5 4 1 2 5 5
3905.4 157.0 8.9 171 0 9.2 5.2 7.5 2.5 4 0 3 5 5
3915.8 130.9 8.6 171 0 13.4 9.7 2.5 2.5 2 0 1 3 3
3921.8 112.1 8.1 174 0 5.1 27.5 7.5 2.5 2 1 3 2 2
3948.2 100.2 7.9 174 0 5.4 10.6 7.5 2.5 2 1 3 1 1
3945.7 93.4 8.0 172 0 4.2 7.9 2.5 0.0 0 1 1 3 3
3951.8 73.4 7.6 177 0 10.5 18.1 5.0 0.0 0 1 2 0 0
3951.9 64.8 7.8 173 0 3.6 6.1 7.5 2.5 4 1 3 3 3
3941.6 55.1 7.9 174 0 10.2 7.5 7.5 2.5 2 0 3 1 1
3951.5 41.6 7.7 164 0 3.0 5.0 7.5 2.5 2 1 3 3 3
3799.8 287.2 7.0 79 0 6.6 12.3 5.0 2.5 2 1 2 1 1
3840.9 265.7 7.1 336 0 12.2 5.8 5.0 2.5 2 0 2 1 1
3856.1 225.3 8.0 347 0 10.7 5.9 5.0 0.0 0 0 2 1 1
3818.8 223.5 8.3 169 0 4.4 6.5 5.0 2.5 2 1 2 4 4
3858.2 205.1 8.8 350 0 6.4 5.4 7.5 2.5 2 0 3 3 3
3864.0 30.5 7.7 173 0 12.4 8.2 5.0 2.5 2 0 2 5 5
3884.7 80.7 9.5 30 0 3.2 5.3 2.5 2.5 2 1 1 1 1
3910.0 58.0 8.8 349 0 9.1 10.1 5.0 0.0 0 1 2 5 5
3905.7 41.1 8.8 351 0 5.7 15.0 7.5 2.5 2 1 3 2 2
3879.0 36.6 8.8 165 0 4.9 6.1 2.5 0.0 0 1 1 0 0
3895.5 26.5 9.0 354 0 5.5 9.6 7.5 2.5 2 1 3 2 2
3909.7 23.3 8.6 354 0 4.9 6.7 7.5 2.5 4 1 3 1 1
3924.7 34.6 8.4 352 0 9.7 11.0 5.0 2.5 2 1 2 1 1
3928.8 3.6 8.4 355 0 5.4 18.4 5.0 2.5 2 1 2 3 3
3943.1 -12.9 8.5 2 0 3.4 5.5 7.5 2.5 4 1 3 5 5
3903.8 -29.8 7.6 85 0 12.6 14.8 2.5 2.5 2 1 1 4 4
3965.3 -15.4 8.3 267 0 6.3 10.8 2.5 2.5 2 1 1 1 1
3997.5 5.2 7.7 173 0 5.0 15.3 7.5 2.5 2 1 3 0 0
4025.7 10.4 7.6 266 0 7.7 12.1 5.0 2.5 2 1 2 1 1
3998.7 -20.2 8.1 136 0 8.7 15.1 5.0 2.5 2 1 2 0 0
3984.9 -42.9 8.4 351 0 9.3 9.5 5.0 2.5 2 1 2 3 3
3964.6 -39.0 8.1 355 0 5.2 14.3 5.0 2.5 2 1 2 1 1
4024.8 -74.1 8.3 334 0 9.3 9.1 5.0 2.5 2 0 2 3 3
4026.9 -89.3 8.7 255 0 4.0 7.5 2.5 2.5 4 1 1 5 5
4023.9 -98.4 8.9 349 0 5.6 21.6 7.5 2.5 2 1 3 3 3
4046.3 -102.4 8.6 353 0 3.2 3.7 2.5 0.0 0 1 1 0 0
4032.2 -111.0 9.1 267 0 9.3 6.8 2.5 2.5 2 0 1 5 5
4057.5 -105.5 8.4 262 0 5.9 9.7 5.0 2.5 2 1 2 4 4
4041.0 -145.6 8.9 169 0 19.9 7.2 2.5 2.5 2 0 1 1 1
4075.8 -152.3 8.3 351 0 3.8 11.1 5.0 2.5 2 1 2 5 5
4088.2 -140.0 8.1 353 0 9.4 5.3 2.5 0.0 0 0 1 0 0
4088.3 -197.7 8.0 355 0 6.4 19.8 7.5 2.5 2 1 3 4 4
4107.5 -200.1 7.5 354 0 10.2 17.2 2.5 2.5 2 1 1 0 0
4111.3 -127.6 7.2 176 0 4.9 9.3 2.5 2.5 2 1 1 3 3
4106.2 -140.6 7.5 173 0 7.9 8.6 5.0 0.0 0 1 2 3 3
4120.7 -175.3 7.1 176 0 11.7 9.6 7.5 2.5 2 0 3 0 0
4131.2 -169.1 6.9 178 0 5.0 9.0 5.0 2.5 2 1 2 0 0
4151.9 -163.6 6.5 267 0 11.2 7.3 7.5 2.5 2 0 3 0 0
4130.1 -187.2 6.9 173 0 4.7 7.5 5.0 0.0 0 1 2 5 5
4098.6 -219.5 7.7 356 0 4.7 16.3 7.5 2.5 2 1 3 0 0
4113.5 -232.6 7.4 350 0 9.5 5.6 2.5 2.5 2 0 1 1 1
4100.4 -253.7 7.7 357 0 4.8 13.0 5.0 2.5 2 1 2 1 1
4117.7 -250.4 7.3 355 0 10.9 10.0 5.0 0.0 0 0 2 0 0
4106.0 -258.0 7.6 350 0 4.8 7.8 5.0 2.5 2 1 2 2 2
4120.3 -265.8 7.3 354 0 10.4 9.6 5.0 2.5 2 0 2 1 1
4140.5 -225.2 6.6 176 0 8.1 10.1 7.5 2.5 2 0 3 5 5
4141.2 -234.5 6.6 176 0 10.5 10.1 7.5 2.5 4 0 3 4 4
4153.9 -220.9 6.5 176 0 6.6 3.5 5.0 2.5 2 0 2 0 0
4176.9 -225.0 6.0 87 0 18.1 8.5 5.0 2.5 2 0 2 0 0
4150.3 -302.8 6.6 173 0 10.4 10.3 7.5 2.5 2 0 3 0 0
4174.0 -300.1 6.3 265 0 5.2 8.5 5.0 2.5 2 1 2 4 4
4109.0 -282.1 7.5 357 0 5.7 18.4 7.5 2.5 4 1 3 5 5
4127.6 -334.2 6.4 355 0 10.4 11.8 2.5 2.5 2 1 1 2 2
4157.2 -348.9 5.3 177 0 9.9 11.1 7.5 0.0 0 1 3 5 5
4193.5 -354.7 4.9 83 0 11.9 5.1 7.5 2.5 2 0 3 0 0
4083.3 -361.2 5.6 174 0 14.0 5.8 2.5 2.5 2 0 1 1 1
4113.9 -365.4 5.3 355 0 4.5 16.6 5.0 2.5 2 1 2 1 1
4130.0 -357.8 5.3 356 0 12.1 11.1 7.5 2.5 2 0 3 3 3
4123.6 -394.6 4.3 352 0 11.5 10.4 5.0 2.5 2 0 2 4 4
4133.2 -390.6 4.3 351 0 11.0 6.2 5.0 2.5 2 0 2 3 3
4120.7 -404.6 4.2 360 0 4.8 10.3 5.0 2.5 2 1 2 1 1
4138.0 -428.3 5.4 352 0 14.2 10.7 7.5 2.5 4 0 3 2 2
4117.1 -443.0 5.7 81 0 7.4 5.2 5.0 2.5 2 0 2 2 2
4286.2 -164.5 5.2 356 0 14.1 78.4 10.0 2.5 2 1 4 3 3
4124.0 106.9 6.1 356 0 14.0 77.1 7.5 2.5 2 1 3 1 1
4018.0 82.7 6.3 265 0 34.5 8.4 7.5 2.5 4 0 3 1 1
3966.3 240.3 7.1 358 0 5.5 8.4 7.5 2.5 2 1 3 0 0
4062.4 1318.9 4.5 96 0 12.9 42.7 10.0 2.5 2 1 4 4 4
4096.9 1379.7 4.8 278 0 13.2 18.9 5.0 0.0 0 1 2 5 5
4130.3 1375.9 4.8 276 0 10.1 9.6 7.5 2.5 2 0 3 2 2
-5056.4 2894.2 -19.1 96 0 10.7 9.0 7.5 2.5 2 0 3 5 5
3125.6 1656.1 4.4 109 0 4.5 21.0 10.5 3.5 2 0 3 4 4
3130.3 1690.2 5.4 200 0 11.6 9.9 10.5 3.5 2 0 3 0 0
3144.8 1686.6 5.1 288 0 9.9 14.1 10.5 0.0 0 0 3 0 0
3157.6 1675.0 4.7 19 0 14.3 10.8 14.0 3.5 4 0 4 0 0
4379.1 1362.7 6.3 276 0 29.7 31.6 7.5 0.0 0 1 3 0 0
3339.8 1723.7 -1.3 109 0 3.9 11.2 10.5 3.5 2 0 3 4 4
3047.0 1759.2 4.3 23 0 5.3 12.3 10.5 3.5 2 0 3 2 2
