13.7 1424.2 -18.8 38 0 9.9 15.3 2.5 2.5 2 1 1 1 1
977.0 2290.4 -29.2 138 0 15.3 23.9 10.0 2.5 2 1 4 3 3
5989.5 7298.3 3.4 34 0 53.1 13.1 10.0 2.5 2 0 4 5 5
5968.6 7359.3 6.2 302 0 6.7 41.9 7.5 0.0 0 1 3 5 5
-2047.4 -8102.1 -8.4 94 0 9.0 12.5 7.5 2.5 2 1 3 4 4
-2075.4 -8088.5 -9.0 169 0 11.3 7.4 5.0 2.5 2 0 2 1 1
5325.8 -7470.2 4.0 356 0 9.6 5.4 2.5 2.5 2 0 1 0 0
5286.0 -7477.1 5.0 175 0 6.4 15.9 5.0 2.5 2 1 2 5 5
5350.5 -8028.9 11.1 358 0 8.4 16.2 5.0 2.5 2 1 2 1 1
5315.7 -7409.8 3.5 359 0 9.0 5.5 7.5 2.5 2 0 3 2 2
5472.5 -8780.2 14.8 78 0 9.0 11.0 7.5 2.5 2 1 3 2 2
5332.6 -7596.8 5.7 177 0 11.4 9.2 7.5 2.5 2 0 3 3 3
5970.2 -8002.5 21.5 0 0 17.0 11.6 2.5 2.5 2 0 1 5 5
5337.2 -7722.0 7.8 180 0 11.1 9.1 7.5 2.5 4 0 3 0 0
6034.5 -7845.4 22.1 358 0 9.7 8.3 7.5 2.5 2 0 3 5 5
1439.9 -8780.5 18.2 117 0 13.7 7.3 5.0 2.5 2 0 2 3 3
1075.6 -8625.8 12.5 298 0 3.1 8.6 7.5 2.5 4 1 3 2 2
1305.2 -8721.2 14.5 117 0 9.0 19.7 2.5 2.5 2 1 1 3 3
1045.5 -8575.0 12.6 214 0 7.4 13.6 7.5 2.5 4 1 3 5 5
911.1 -8551.5 15.8 116 0 11.5 7.5 7.5 2.5 2 0 3 5 5
486.5 -7910.0 31.3 210 0 11.4 12.0 7.5 2.5 2 1 3 2 2
866.1 -8389.2 15.3 359 0 5.1 4.0 7.5 0.0 0 0 3 2 2
1219.9 -8754.9 13.9 29 0 9.0 7.0 5.0 2.5 2 0 2 1 1
822.5 -8462.7 16.4 302 0 10.3 9.6 2.5 2.5 2 0 1 0 0
946.5 -8497.7 14.1 24 0 8.4 14.3 5.0 2.5 2 1 2 2 2
1131.0 -8683.8 12.8 299 0 10.2 10.1 10.0 2.5 2 0 4 0 0
1106.4 -8694.7 12.7 118 0 11.4 9.2 7.5 2.5 2 0 3 3 3
826.6 -8495.8 16.6 116 0 11.3 10.8 7.5 2.5 2 0 3 3 3
941.2 -8477.0 13.6 205 0 15.6 5.9 5.0 0.0 0 0 2 2 2
1296.2 -8756.8 15.3 202 0 11.9 11.5 5.0 2.5 2 0 2 0 0
940.8 -8514.1 14.7 27 0 16.6 7.7 7.5 2.5 2 0 3 2 2
936.9 -8452.4 13.2 206 0 10.1 15.3 2.5 2.5 2 1 1 2 2
594.1 -8384.1 21.9 290 0 5.9 9.1 5.0 2.5 2 1 2 1 1
1133.4 -8744.1 13.1 306 0 11.7 7.6 7.5 2.5 2 0 3 3 3
1145.4 -8751.0 13.1 304 0 12.4 8.6 2.5 2.5 2 0 1 0 0
1174.0 -8786.4 13.7 34 0 11.7 16.3 5.0 2.5 2 1 2 3 3
847.2 -8555.6 17.3 137 0 14.1 12.6 7.5 2.5 2 0 3 1 1
1105.6 -8742.0 12.7 333 0 6.0 9.9 7.5 0.0 0 1 3 4 4
894.2 -8722.0 14.9 75 0 8.3 15.3 7.5 2.5 2 1 3 3 3
-3208.5 -5239.6 -11.2 152 0 8.2 10.4 7.5 2.5 2 1 3 1 1
-3310.1 -5168.4 -15.9 83 0 5.5 15.5 5.0 2.5 2 1 2 5 5
-2952.7 -5146.1 1.1 242 0 14.7 14.1 5.0 2.5 2 0 2 3 3
-2975.7 -5627.0 -3.7 244 0 5.5 8.9 5.0 2.5 2 1 2 0 0
-2939.9 -5618.3 -2.2 61 0 7.0 17.4 5.0 2.5 2 1 2 1 1
-2771.6 -5144.6 5.9 152 0 15.2 8.1 5.0 0.0 0 0 2 4 4
-3582.7 -5094.8 -24.2 333 0 8.8 5.0 2.5 2.5 2 0 1 3 3
-3403.6 -4947.7 -16.5 236 0 15.0 6.3 7.5 2.5 2 0 3 1 1
-3359.5 -5157.5 -18.1 263 0 5.5 3.4 7.5 0.0 0 0 3 4 4
-3120.4 -5517.0 -11.2 58 0 9.7 22.2 7.5 2.5 2 1 3 5 5
-2946.5 -5629.3 -2.5 62 0 8.5 6.2 7.5 2.5 2 0 3 0 0
-2956.2 -5217.5 0.3 244 0 6.6 15.2 7.5 2.5 2 1 3 3 3
-2769.4 -5108.8 5.3 244 0 10.1 6.9 5.0 2.5 2 0 2 5 5
-2743.1 -5150.2 6.7 329 0 9.7 19.5 5.0 2.5 2 1 2 2 2
-3417.0 -4984.7 -19.4 70 0 6.7 9.7 7.5 2.5 2 1 3 0 0
-3168.5 -5203.7 -9.1 239 0 6.3 14.3 7.5 0.0 0 1 3 0 0
-3183.4 -5211.7 -10.4 333 0 5.0 14.5 7.5 2.5 4 1 3 0 0
-3007.9 -5250.0 -2.3 66 0 5.4 11.4 5.0 2.5 2 1 2 0 0
-3594.9 -5093.8 -24.1 246 0 8.9 9.4 2.5 2.5 2 1 1 4 4
-3113.4 -5519.4 -10.1 149 0 6.9 18.2 7.5 2.5 4 1 3 5 5
-3015.4 -5222.1 -2.3 240 0 9.5 5.6 7.5 2.5 2 0 3 2 2
-2923.2 -5233.4 0.4 333 0 11.4 25.4 7.5 2.5 2 1 3 3 3
-3584.6 -5117.8 -24.1 66 0 7.4 9.4 5.0 2.5 4 1 2 0 0
-3092.1 -5481.1 -9.1 243 0 7.3 8.8 2.5 2.5 2 1 1 3 3
-3383.2 -4948.4 -16.2 325 0 16.5 7.9 7.5 2.5 2 0 3 1 1
-2927.5 -5218.9 1.1 334 0 9.6 5.7 2.5 2.5 4 0 1 5 5
-3372.0 -4964.4 -17.6 325 0 9.3 16.8 7.5 2.5 2 1 3 5 5
-3441.6 -5084.7 -21.9 343 0 7.8 6.5 7.5 2.5 2 0 3 0 0
-3375.1 -5431.7 -18.8 77 0 15.3 17.4 12.5 2.5 2 1 5 0 0
-3332.5 -5179.4 -16.9 81 0 13.4 6.2 5.0 2.5 2 0 2 5 5
400.9 3856.7 -34.9 157 0 6.7 13.7 7.5 2.5 2 1 3 3 3
410.1 3928.5 -35.7 335 0 7.3 11.2 7.5 2.5 4 1 3 2 2
1056.1 2235.3 -30.5 225 0 11.4 29.6 12.5 2.5 2 1 5 1 1
1093.9 2210.2 -30.6 312 0 10.0 12.2 5.0 2.5 2 1 2 5 5
395.1 3824.8 -34.5 157 0 7.7 17.6 7.5 2.5 2 1 3 2 2
1138.0 2471.4 -25.0 353 0 7.7 19.2 7.5 2.5 2 1 3 3 3
1162.4 2417.6 -22.8 270 0 8.4 16.2 7.5 2.5 4 1 3 4 4
1040.8 2122.3 -29.6 49 0 5.1 9.9 5.0 2.5 2 1 2 0 0
320.8 3827.4 -31.1 148 0 6.7 9.2 2.5 2.5 4 1 1 4 4
380.4 3857.8 -33.7 169 0 12.8 7.5 2.5 2.5 2 0 1 5 5
1004.1 2165.0 -28.4 118 0 12.5 6.3 5.0 2.5 2 0 2 3 3
330.0 3908.7 -32.0 320 0 8.3 14.4 5.0 2.5 2 1 2 3 3
379.8 3887.1 -34.3 169 0 11.7 9.6 5.0 0.0 0 0 2 3 3
410.5 3772.1 -34.9 63 0 11.3 5.9 7.5 0.0 0 0 3 3 3
905.7 2129.0 -30.8 329 0 9.6 8.0 5.0 2.5 2 0 2 5 5
1034.9 2142.1 -29.5 325 0 9.6 7.5 2.5 2.5 2 0 1 0 0
1054.2 2267.1 -29.9 321 0 12.4 9.0 5.0 0.0 0 0 2 4 4
421.1 3844.0 -35.1 334 0 19.1 10.1 2.5 2.5 2 0 1 1 1
1152.4 2383.6 -24.8 88 0 12.7 7.3 5.0 2.5 2 0 2 0 0
373.6 3828.1 -33.2 165 0 10.3 7.7 7.5 2.5 2 0 3 3 3
1034.6 2110.0 -29.4 51 0 12.6 6.7 7.5 2.5 2 0 3 5 5
307.5 3822.8 -30.5 237 0 7.9 13.1 7.5 2.5 4 1 3 3 3
1107.9 2188.2 -30.6 51 0 8.9 10.5 7.5 2.5 2 1 3 0 0
330.7 3928.4 -32.5 238 0 8.0 11.4 7.5 2.5 2 1 3 4 4
1139.6 2435.5 -24.0 90 0 10.3 6.5 7.5 2.5 2 0 3 4 4
346.7 3846.4 -32.0 323 0 5.1 8.0 5.0 2.5 2 1 2 2 2
1113.5 2440.4 -26.3 78 0 7.8 12.2 7.5 2.5 2 1 3 2 2
419.3 3874.2 -35.4 336 0 19.1 9.5 2.5 0.0 0 0 1 5 5
370.1 3769.9 -33.3 170 0 12.1 9.2 7.5 2.5 2 0 3 2 2
1076.0 2504.3 -28.5 172 0 10.9 7.5 5.0 2.5 2 0 2 3 3
997.9 2331.2 -30.1 320 0 17.2 7.1 2.5 2.5 2 0 1 0 0
392.6 3842.7 -34.3 153 0 5.2 11.5 7.5 2.5 2 1 3 5 5
387.7 3812.1 -34.2 159 0 7.2 19.6 5.0 2.5 2 0 2 5 5
882.7 2123.3 -31.4 241 0 4.4 11.6 7.5 2.5 2 1 3 0 0
1093.2 2486.9 -27.1 167 0 7.2 18.2 2.5 2.5 2 1 1 2 2
418.9 3778.3 -35.2 71 0 6.7 17.8 5.0 2.5 2 1 2 4 4
1105.6 2517.8 -26.7 257 0 12.0 6.2 7.5 2.5 2 0 3 2 2
1145.6 2425.5 -24.2 273 0 13.4 7.0 5.0 2.5 2 0 2 0 0
1004.7 2144.1 -29.0 232 0 12.9 5.3 7.5 2.5 2 0 3 3 3
381.0 3927.2 -34.6 249 0 8.1 13.6 5.0 2.5 4 1 2 2 2
1010.2 2116.1 -29.3 144 0 21.6 8.5 7.5 2.5 2 0 3 5 5
387.1 3774.8 -34.2 166 0 6.3 13.2 7.5 2.5 2 1 3 1 1
370.7 3797.1 -33.1 171 0 11.6 9.6 2.5 2.5 2 0 1 1 1
407.8 3919.1 -35.5 339 0 5.3 12.5 7.5 2.5 2 0 3 4 4
1124.1 2404.0 -26.2 173 0 11.4 9.0 7.5 2.5 2 0 3 0 0
381.6 3809.7 -33.4 159 0 7.2 6.5 7.5 2.5 2 0 3 3 3
416.0 3891.9 -35.5 334 0 8.9 14.7 7.5 2.5 2 1 3 5 5
330.3 3793.6 -31.1 56 0 6.9 15.2 5.0 2.5 2 1 2 1 1
1121.1 2510.6 -25.8 347 0 21.1 7.5 2.5 2.5 2 0 1 2 2
421.4 3815.4 -35.2 339 0 25.7 13.1 12.5 2.5 2 0 5 5 5
411.5 3923.3 -36.0 250 0 9.9 21.1 7.5 0.0 0 0 3 3 3
1152.9 2447.4 -23.0 0 0 24.0 8.1 7.5 2.5 2 0 3 0 0
6282.5 6870.1 -20.1 44 0 12.8 28.8 10.0 2.5 2 1 4 5 5
6278.0 6822.3 -22.5 129 0 7.5 10.0 5.0 2.5 2 1 2 5 5
5838.6 6475.9 -27.9 327 0 8.3 12.0 2.5 2.5 2 1 1 2 2
6337.1 7043.4 -16.0 314 0 11.3 10.2 7.5 2.5 2 0 3 3 3
6085.4 6595.5 -26.5 40 0 11.7 7.3 7.5 2.5 2 0 3 0 0
6441.1 6893.3 -22.4 139 0 5.9 9.8 7.5 2.5 2 1 3 5 5
6457.3 6911.4 -21.1 50 0 5.0 13.8 2.5 2.5 2 1 1 3 3
6646.5 7050.6 -26.5 137 0 6.2 11.9 5.0 2.5 2 1 2 5 5
6012.2 6136.4 -26.6 35 0 9.5 9.5 5.0 2.5 2 1 2 1 1
6486.6 6060.5 -15.0 47 0 6.6 20.0 2.5 2.5 2 1 1 1 1
6174.8 6689.6 -25.6 36 0 12.3 10.0 5.0 2.5 2 0 2 0 0
6277.8 7193.7 -8.8 305 0 5.0 9.2 5.0 2.5 2 1 2 1 1
5884.4 6318.6 -28.8 223 0 8.0 17.2 2.5 2.5 2 1 1 0 0
5886.7 7360.5 8.7 124 0 6.7 18.2 5.0 2.5 2 1 2 5 5
5681.3 6135.0 -26.1 138 0 8.0 24.8 7.5 2.5 2 1 3 4 4
6225.8 6735.7 -24.7 45 0 5.3 7.9 2.5 2.5 2 1 1 1 1
6258.3 6776.6 -24.1 37 0 12.2 7.0 7.5 2.5 2 0 3 3 3
6609.5 7086.4 -23.9 50 0 4.7 11.3 5.0 2.5 2 1 2 3 3
6013.6 6172.9 -26.9 27 0 7.9 12.3 5.0 2.5 2 1 2 0 0
6136.2 6691.8 -24.9 224 0 4.9 11.7 7.5 2.5 2 1 3 4 4
6161.5 7023.4 -11.1 300 0 5.7 13.5 5.0 2.5 2 1 2 5 5
6304.7 7172.9 -10.1 306 0 6.0 10.3 7.5 2.5 2 1 3 2 2
6380.8 7110.1 -15.1 307 0 13.9 6.6 2.5 2.5 2 0 1 3 3
5941.9 6235.6 -27.2 118 0 6.4 18.1 2.5 2.5 2 0 1 4 4
5862.4 6294.1 -28.2 229 0 5.1 11.4 5.0 2.5 2 0 2 3 3
5761.4 7448.7 13.8 131 0 20.7 9.5 7.5 2.5 2 0 3 0 0
5911.0 6288.5 -28.3 304 0 14.1 6.2 5.0 2.5 2 0 2 0 0
5847.5 7430.1 12.9 35 0 15.2 8.0 7.5 0.0 0 0 3 2 2
6063.1 6570.0 -27.2 41 0 8.4 4.9 7.5 2.5 2 0 3 0 0
6176.4 6606.9 -28.7 225 0 5.0 14.6 2.5 2.5 2 1 1 2 2
6144.1 6610.4 -27.7 220 0 7.3 12.3 7.5 2.5 2 1 3 5 5
6259.7 6750.4 -25.4 218 0 11.2 5.0 7.5 2.5 2 0 3 0 0
6193.9 7149.0 -7.7 217 0 8.9 13.8 7.5 2.5 2 1 3 3 3
5925.9 6573.8 -25.0 229 0 5.5 11.4 2.5 2.5 4 1 1 0 0
6175.9 7248.9 -4.0 126 0 10.6 7.9 7.5 2.5 2 0 3 1 1
6606.2 6997.5 -26.1 320 0 6.8 12.6 2.5 2.5 4 1 1 5 5
5823.6 6518.2 -25.1 315 0 7.2 13.6 5.0 2.5 2 1 2 5 5
6176.5 6706.7 -25.3 40 0 8.4 17.8 7.5 2.5 2 1 3 4 4
6162.8 6987.3 -11.9 33 0 11.8 9.2 5.0 2.5 2 0 2 3 3
6307.9 7067.2 -14.6 316 0 8.5 16.6 5.0 2.5 2 1 2 5 5
6367.7 7050.7 -16.3 132 0 6.9 12.5 7.5 2.5 2 1 3 4 4
6068.3 6629.4 -25.5 221 0 7.1 15.8 7.5 2.5 4 1 3 1 1
5935.5 6224.0 -27.0 119 0 6.4 13.2 2.5 2.5 2 0 1 5 5
6469.3 6936.1 -21.0 136 0 7.7 14.4 7.5 2.5 2 1 3 4 4
5934.2 6276.8 -28.1 299 0 6.3 10.3 7.5 2.5 2 0 3 1 1
5827.3 7449.4 14.0 309 0 6.4 11.8 7.5 2.5 2 1 3 0 0
6043.6 6538.4 -27.7 43 0 9.8 12.6 5.0 2.5 2 1 2 0 0
6154.1 6561.9 -29.4 133 0 15.3 7.1 5.0 2.5 2 0 2 5 5
6204.5 6486.7 -29.0 41 0 5.8 13.6 2.5 2.5 2 0 1 1 1
6262.0 6720.0 -26.9 226 0 6.6 10.3 5.0 2.5 2 1 2 3 3
6182.8 7093.6 -9.5 42 0 8.6 15.4 5.0 2.5 2 1 2 5 5
5916.0 6532.0 -25.6 124 0 8.0 10.6 7.5 0.0 0 1 3 0 0
6789.5 7045.0 -33.0 142 0 5.1 7.8 7.5 2.5 2 1 3 3 3
5805.5 6455.9 -27.3 58 0 10.1 6.1 2.5 2.5 2 0 1 4 4
6192.0 6729.2 -24.6 40 0 6.2 11.5 5.0 2.5 2 1 2 0 0
6178.4 6996.6 -12.3 34 0 10.3 5.7 5.0 2.5 2 0 2 1 1
6406.2 7052.6 -17.1 42 0 15.4 10.7 5.0 2.5 2 0 2 5 5
6051.4 6619.6 -25.7 224 0 4.7 18.5 5.0 2.5 2 1 2 5 5
5959.3 6278.0 -27.7 298 0 6.5 14.7 7.5 2.5 2 1 3 1 1
6490.4 6975.2 -21.1 313 0 7.3 17.3 5.0 2.5 2 1 2 0 0
6010.2 6544.3 -27.1 40 0 16.4 7.3 5.0 2.5 4 0 2 1 1
5935.1 6155.1 -26.4 231 0 15.7 13.5 5.0 2.5 2 0 2 5 5
6105.4 6660.1 -24.9 220 0 14.4 6.3 7.5 2.5 2 0 3 0 0
6576.7 7111.8 -22.4 230 0 5.6 7.5 2.5 0.0 0 0 1 2 2
6022.4 6502.9 -27.7 38 0 10.6 9.3 7.5 2.5 2 0 3 0 0
6271.5 6913.0 -18.7 219 0 7.4 15.1 5.0 2.5 2 1 2 3 3
6180.1 6352.3 -28.5 199 0 6.4 9.6 2.5 2.5 2 1 1 4 4
6353.5 7161.5 -13.0 304 0 20.1 11.6 5.0 2.5 2 0 2 1 1
6103.4 7165.6 -5.2 37 0 11.3 9.2 2.5 2.5 2 0 1 4 4
6049.4 6871.6 -11.6 132 0 5.2 10.6 2.5 2.5 4 1 1 0 0
5745.8 6579.6 -21.8 221 0 7.0 12.6 5.0 2.5 2 1 2 0 0
6708.7 7149.0 -25.9 324 0 6.7 11.9 5.0 2.5 2 1 2 0 0
5776.5 6451.6 -27.4 45 0 6.5 7.8 5.0 2.5 2 1 2 3 3
6186.7 7036.0 -11.7 305 0 6.4 13.1 2.5 2.5 2 1 1 4 4
5642.1 6322.7 -25.2 126 0 7.9 17.9 5.0 2.5 2 1 2 4 4
6542.4 7106.7 -21.4 232 0 11.8 6.2 5.0 2.5 2 0 2 1 1
6051.7 6610.8 -25.7 311 0 7.6 13.7 7.5 2.5 2 1 3 0 0
5970.5 6268.7 -27.4 300 0 9.9 9.6 5.0 0.0 0 0 2 1 1
6553.1 6922.1 -25.6 321 0 10.3 6.1 5.0 0.0 0 0 2 3 3
6007.5 6610.1 -25.1 312 0 8.1 17.7 5.0 2.5 2 1 2 2 2
5703.2 6227.8 -27.2 236 0 11.8 9.1 7.5 2.5 4 0 3 5 5
5988.4 6516.7 -26.9 45 0 4.9 12.9 5.0 2.5 2 0 2 5 5
6320.5 7122.1 -12.9 125 0 9.5 14.4 5.0 2.5 4 1 2 3 3
6419.7 6469.1 -29.2 39 0 11.4 24.4 7.5 2.5 2 1 3 2 2
6441.6 6513.5 -29.5 313 0 11.3 10.7 5.0 2.5 2 0 2 0 0
6500.4 6068.7 -14.4 52 0 17.0 8.5 7.5 2.5 2 0 3 5 5
6276.0 7163.2 -9.3 125 0 10.7 11.2 10.0 0.0 0 1 4 4 4
5787.7 7471.5 14.4 306 0 7.2 13.6 7.5 2.5 4 1 3 4 4
5767.9 6530.5 -23.6 215 0 7.0 13.6 7.5 0.0 0 1 3 1 1
6095.1 6023.9 -24.6 307 0 8.2 11.4 7.5 2.5 2 1 3 2 2
6508.2 7047.0 -21.5 227 0 18.3 8.3 7.5 2.5 2 0 3 1 1
6516.8 6940.3 -22.6 315 0 5.6 10.5 5.0 2.5 2 1 2 0 0
5905.0 6580.7 -24.2 137 0 4.4 14.0 5.0 2.5 2 0 2 4 4
6251.7 6634.0 -29.2 312 0 10.4 16.0 10.0 2.5 2 1 4 1 1
6118.5 6686.5 -25.2 221 0 12.1 30.1 10.0 0.0 0 1 4 2 2
6349.2 7111.6 -14.1 127 0 4.7 9.8 7.5 2.5 2 1 3 0 0
6247.3 6807.7 -22.6 314 0 7.4 14.4 5.0 2.5 2 1 2 0 0
6427.9 7067.5 -17.3 43 0 11.1 23.3 10.0 2.5 2 1 4 2 2
5652.3 6122.5 -25.5 139 0 8.4 15.4 7.5 2.5 2 1 3 1 1
6394.0 6497.0 -29.4 129 0 6.8 12.9 7.5 2.5 2 0 3 3 3
6296.0 6963.1 -17.1 308 0 11.2 4.3 2.5 2.5 2 0 1 1 1
6099.3 6608.5 -26.3 39 0 12.6 9.4 5.0 2.5 2 0 2 5 5
5733.7 7469.4 14.2 128 0 28.8 12.3 7.5 2.5 2 0 3 2 2
6329.2 6976.8 -17.7 307 0 12.4 26.7 10.0 2.5 4 1 4 4 4
6172.9 6335.0 -28.1 199 0 9.8 7.8 5.0 2.5 4 0 2 1 1
5862.3 6311.9 -28.3 229 0 10.2 8.9 5.0 2.5 2 0 2 3 3
6453.9 7035.2 -19.1 223 0 7.4 10.2 2.5 2.5 2 1 1 1 1
5849.0 7456.5 14.5 309 0 10.9 5.6 7.5 2.5 2 0 3 4 4
6589.5 7169.7 -20.3 231 0 9.5 7.0 7.5 2.5 2 0 3 0 0
6025.8 6550.9 -27.1 43 0 8.4 25.5 2.5 2.5 2 1 1 1 1
6135.3 6595.5 -27.9 219 0 10.1 8.2 7.5 2.5 2 0 3 0 0
6571.0 7118.6 -22.0 230 0 5.6 8.8 5.0 2.5 2 0 2 5 5
6474.2 7116.7 -18.5 44 0 11.7 8.6 7.5 2.5 2 0 3 4 4
5816.4 6496.0 -26.2 315 0 8.9 9.5 5.0 2.5 4 1 2 3 3
5751.0 6200.6 -27.4 321 0 8.8 30.7 7.5 2.5 2 1 3 1 1
6080.9 6577.5 -27.2 38 0 13.5 9.2 7.5 2.5 2 0 3 0 0
6020.3 6530.2 -27.4 46 0 5.5 10.3 7.5 2.5 4 1 3 3 3
6460.3 6894.6 -22.6 138 0 6.2 12.0 2.5 2.5 4 1 1 0 0
6120.1 6617.0 -26.5 36 0 10.4 8.1 7.5 2.5 2 0 3 0 0
5936.8 6294.9 -28.0 299 0 11.0 9.0 5.0 2.5 2 0 2 0 0
6434.6 6993.7 -19.7 225 0 20.4 7.3 7.5 2.5 2 0 3 1 1
6634.0 7139.6 -23.2 230 0 6.4 11.8 7.5 2.5 2 1 3 0 0
6051.1 6554.1 -27.5 38 0 9.6 8.2 7.5 2.5 2 0 3 5 5
5991.0 6191.7 -26.9 301 0 10.5 11.8 5.0 2.5 2 1 2 5 5
6221.9 6492.4 -29.1 42 0 13.2 9.2 7.5 2.5 2 0 3 4 4
6288.4 7192.6 -9.8 213 0 6.5 15.7 5.0 2.5 2 1 2 2 2
5743.3 6429.4 -27.6 43 0 10.7 7.7 7.5 2.5 4 0 3 3 3
6483.8 7083.7 -20.2 229 0 11.2 9.6 7.5 2.5 2 0 3 5 5
6522.5 6954.9 -22.8 49 0 9.9 23.8 5.0 2.5 2 1 2 3 3
5801.2 6525.5 -24.3 305 0 8.2 11.0 2.5 2.5 2 1 1 5 5
5734.2 6119.6 -25.3 49 0 7.0 13.1 5.0 2.5 2 1 2 1 1
6211.0 6635.6 -28.2 221 0 9.2 8.3 2.5 2.5 2 0 1 1 1
6058.7 6639.8 -24.9 310 0 10.6 22.7 5.0 2.5 2 1 2 1 1
6247.9 6761.2 -24.3 40 0 11.2 7.2 5.0 2.5 2 0 2 5 5
6493.5 6938.1 -21.3 53 0 7.4 15.6 5.0 2.5 2 1 2 2 2
6015.5 6209.2 -27.2 29 0 8.1 14.9 5.0 2.5 2 1 2 4 4
6436.9 6918.5 -20.4 138 0 6.6 13.4 2.5 2.5 2 1 1 3 3
5650.3 6185.7 -26.3 228 0 12.0 8.9 7.5 2.5 2 0 3 3 3
6035.8 6518.7 -27.8 41 0 10.9 8.6 5.0 2.5 2 0 2 1 1
5998.0 6149.0 -26.7 40 0 9.0 10.4 5.0 2.5 2 1 2 1 1
6198.6 6702.3 -26.0 40 0 14.6 10.2 7.5 2.5 2 0 3 4 4
6319.0 6995.5 -16.8 130 0 10.0 30.1 5.0 2.5 2 1 2 5 5
6326.6 7187.1 -11.1 305 0 17.4 16.4 15.0 0.0 0 0 6 0 0
6251.3 7185.7 -8.5 213 0 6.9 12.8 5.0 2.5 2 1 2 4 4
5974.2 6223.2 -27.1 302 0 5.3 15.9 2.5 2.5 2 0 1 1 1
5831.8 7425.3 13.0 39 0 5.8 17.9 7.5 2.5 2 1 3 5 5
5787.5 6447.9 -27.7 56 0 13.9 7.3 7.5 0.0 0 0 3 3 3
5662.2 6161.5 -26.1 228 0 7.8 16.2 2.5 2.5 2 1 1 4 4
6545.0 7137.9 -20.6 230 0 9.4 9.5 7.5 2.5 2 1 3 0 0
6238.5 6608.6 -29.4 42 0 15.5 7.5 5.0 2.5 2 0 2 5 5
6067.8 6595.6 -26.2 41 0 5.9 15.3 5.0 2.5 2 1 2 2 2
6217.1 6743.4 -24.2 41 0 5.3 8.0 5.0 2.5 2 1 2 2 2
6179.5 7278.1 -3.1 213 0 9.8 5.5 5.0 2.5 4 0 2 3 3
6509.1 6887.9 -24.7 136 0 6.3 10.1 5.0 2.5 2 1 2 0 0
6374.9 6937.7 -19.3 221 0 9.7 11.5 5.0 2.5 2 1 2 4 4
5616.1 6070.8 -25.7 317 0 8.7 13.1 5.0 2.5 2 1 2 1 1
6502.3 7002.5 -21.3 228 0 12.6 6.3 7.5 2.5 2 0 3 1 1
6157.6 6674.9 -25.5 44 0 7.5 12.7 5.0 2.5 2 1 2 0 0
6155.2 7034.9 -10.4 304 0 5.4 8.9 5.0 2.5 2 1 2 4 4
6361.7 7005.9 -17.4 39 0 15.5 11.6 2.5 2.5 4 0 1 0 0
6308.0 7143.4 -11.2 123 0 9.0 14.2 7.5 0.0 0 1 3 4 4
6358.5 7091.4 -14.9 121 0 7.1 7.9 5.0 2.5 4 1 2 2 2
5904.2 6248.1 -28.3 125 0 20.3 12.2 10.0 2.5 2 0 4 4 4
5795.2 7491.2 15.1 302 0 11.3 8.8 2.5 2.5 2 0 1 4 4
6610.2 7151.8 -21.5 318 0 6.8 13.7 2.5 2.5 4 1 1 1 1
6172.3 6638.7 -27.3 220 0 11.3 10.0 5.0 2.5 2 0 2 3 3
6200.8 6779.8 -22.5 216 0 12.8 6.4 5.0 2.5 2 0 2 5 5
6161.6 7208.4 -4.5 310 0 21.4 9.8 7.5 2.5 2 0 3 5 5
5662.1 6028.0 -25.4 318 0 11.7 25.6 12.5 2.5 2 1 5 1 1
6404.6 6783.7 -28.8 326 0 10.2 7.0 5.0 2.5 2 0 2 2 2
6147.5 7000.1 -11.1 123 0 4.7 10.3 2.5 2.5 2 1 1 0 0
6329.2 7058.9 -15.4 316 0 11.1 22.5 7.5 2.5 4 1 3 1 1
6331.5 7099.4 -14.0 127 0 5.0 8.0 7.5 2.5 2 1 3 0 0
5918.5 6229.9 -27.6 119 0 12.4 20.9 7.5 0.0 0 1 3 1 1
5977.7 6120.5 -26.2 60 0 6.4 10.9 5.0 2.5 2 1 2 5 5
5771.0 7487.6 14.7 305 0 11.8 12.1 7.5 2.5 2 1 3 3 3
6616.0 7074.6 -24.7 143 0 7.2 11.7 7.5 2.5 2 1 3 3 3
6002.1 6503.0 -27.3 46 0 6.6 14.1 7.5 2.5 2 1 3 1 1
6010.2 6156.3 -26.8 32 0 7.9 6.7 2.5 2.5 2 0 1 1 1
6189.5 6581.9 -29.4 40 0 22.8 7.9 2.5 2.5 2 0 1 5 5
6186.1 6322.8 -27.8 109 0 5.8 13.1 7.5 0.0 0 1 3 0 0
6214.8 7121.7 -9.1 41 0 35.7 11.9 10.0 0.0 0 0 4 0 0
6410.9 7005.4 -18.9 227 0 8.2 8.6 7.5 2.5 2 1 3 5 5
5683.5 6308.6 -27.0 317 0 8.4 11.2 5.0 2.5 2 1 2 2 2
6662.2 7164.5 -23.6 232 0 6.0 11.4 7.5 2.5 2 1 3 2 2
6596.3 7015.6 -25.0 319 0 10.1 5.2 7.5 2.5 2 0 3 1 1
5774.1 6505.4 -24.7 127 0 8.2 14.3 7.5 2.5 2 1 3 3 3
6503.0 7079.9 -21.5 228 0 8.3 24.2 5.0 2.5 2 1 2 2 2
6036.9 6592.7 -25.8 46 0 9.2 5.2 5.0 2.5 2 0 2 2 2
6547.5 6924.2 -25.0 51 0 6.1 12.5 2.5 2.5 2 0 1 4 4
5935.8 6543.7 -25.7 141 0 7.7 9.2 5.0 2.5 2 1 2 3 3
5710.4 6200.4 -27.1 229 0 9.6 16.1 5.0 2.5 4 1 2 0 0
6603.3 7112.3 -23.0 319 0 6.9 13.4 2.5 2.5 2 1 1 0 0
6031.4 6155.7 -26.9 29 0 6.7 14.0 7.5 2.5 2 1 3 5 5
6131.7 6714.0 -24.2 219 0 23.7 9.3 5.0 2.5 2 0 2 0 0
6140.6 6634.0 -26.3 39 0 11.3 8.3 7.5 2.5 2 0 3 4 4
6364.4 7069.1 -15.8 129 0 10.7 5.9 5.0 2.5 2 0 2 1 1
6428.7 7010.3 -19.3 229 0 6.3 13.3 2.5 2.5 4 1 1 1 1
5980.7 6221.2 -27.1 301 0 5.7 15.0 7.5 2.5 2 1 3 0 0
5767.4 7516.6 15.2 305 0 10.3 13.4 5.0 2.5 2 1 2 3 3
6409.4 6921.7 -19.8 35 0 6.5 15.0 2.5 2.5 2 1 1 4 4
5782.4 6553.4 -23.0 308 0 8.0 19.8 5.0 2.5 4 1 2 0 0
6487.4 7057.3 -20.7 229 0 6.0 19.2 7.5 2.5 4 1 3 0 0
6251.8 6733.7 -25.8 222 0 9.7 5.4 5.0 2.5 2 0 2 1 1
6552.7 6965.5 -24.4 47 0 9.0 9.5 2.5 2.5 2 1 1 5 5
5909.3 6551.3 -25.3 226 0 5.0 10.3 5.0 2.5 2 1 2 3 3
5731.0 6143.4 -26.2 50 0 13.7 12.6 10.0 2.5 2 0 4 4 4
6213.4 6656.3 -27.7 222 0 9.6 8.3 7.5 2.5 2 0 3 4 4
6237.8 6783.4 -23.0 44 0 5.4 11.7 7.5 2.5 4 1 3 2 2
6153.2 6735.6 -24.2 221 0 21.8 7.6 7.5 2.5 2 0 3 3 3
6134.8 6971.9 -11.4 129 0 9.1 9.8 2.5 2.5 2 1 1 1 1
6336.3 7082.7 -14.7 127 0 10.9 5.1 2.5 2.5 2 0 1 5 5
6386.2 7065.9 -16.3 127 0 5.5 8.5 5.0 2.5 2 1 2 5 5
6445.5 6966.5 -20.5 222 0 11.6 8.0 5.0 2.5 2 0 2 2 2
5933.8 6209.7 -26.9 121 0 17.2 9.9 5.0 2.5 2 0 2 1 1
5650.5 6145.3 -25.8 140 0 9.5 6.6 7.5 2.5 2 0 3 0 0
6032.1 6893.0 -10.0 222 0 12.3 5.4 5.0 0.0 0 0 2 2 2
6210.6 6718.7 -25.5 42 0 9.7 7.9 5.0 2.5 2 0 2 1 1
6259.4 7011.8 -15.6 217 0 12.4 23.1 7.5 2.5 2 1 3 0 0
6260.5 6830.1 -21.3 43 0 5.9 15.9 5.0 2.5 2 1 2 1 1
6473.9 7054.5 -19.7 229 0 10.7 5.3 5.0 0.0 0 0 2 5 5
6168.6 6559.9 -29.5 131 0 7.6 15.0 5.0 0.0 0 1 2 3 3
6282.2 6706.7 -27.6 40 0 11.1 6.0 5.0 2.5 2 0 2 1 1
6069.9 7173.5 -4.4 125 0 11.3 21.1 5.0 2.5 2 1 2 3 3
6659.6 7116.4 -24.7 47 0 14.3 8.4 5.0 2.5 2 0 2 1 1
5909.5 6576.0 -24.4 137 0 8.5 14.0 2.5 2.5 2 0 1 0 0
5677.2 6172.7 -26.3 230 0 6.1 14.3 7.5 0.0 0 1 3 3 3
6226.6 6611.4 -29.0 44 0 5.6 11.3 7.5 2.5 2 1 3 4 4
6744.4 7106.6 -28.9 315 0 4.3 9.4 2.5 2.5 2 1 1 3 3
6233.7 6747.8 -24.4 38 0 10.7 7.0 7.5 2.5 2 0 3 0 0
6199.4 7266.1 -4.1 32 0 10.4 5.8 2.5 2.5 2 0 1 3 3
6168.8 6753.4 -23.3 219 0 11.7 8.6 2.5 2.5 2 0 1 1 1
6192.1 7004.0 -12.6 36 0 6.6 13.8 5.0 2.5 2 1 2 1 1
6270.0 6787.2 -23.9 43 0 6.1 12.6 2.5 2.5 2 1 1 4 4
6384.3 7036.8 -17.3 133 0 15.0 10.3 5.0 2.5 4 0 2 3 3
5963.7 6296.2 -27.9 298 0 10.7 9.9 5.0 2.5 2 0 2 1 1
5633.0 6160.6 -25.9 224 0 9.6 8.0 7.5 2.5 2 0 3 3 3
6527.9 6968.3 -22.9 53 0 5.4 14.4 7.5 2.5 4 1 3 2 2
6121.3 7027.2 -9.7 217 0 6.4 12.3 5.0 2.5 2 1 2 1 1
5995.6 6583.0 -26.2 224 0 15.6 15.1 7.5 2.5 2 0 3 3 3
6340.6 6987.0 -17.5 124 0 8.8 13.2 5.0 2.5 2 1 2 5 5
6088.3 6638.5 -25.2 224 0 12.9 6.1 5.0 2.5 2 0 2 1 1
6244.1 6952.7 -16.0 134 0 11.8 5.4 5.0 0.0 0 0 2 5 5
6139.0 7056.2 -9.6 223 0 7.5 12.9 5.0 2.5 2 1 2 2 2
6623.4 7157.2 -21.8 228 0 8.9 8.0 5.0 2.5 2 0 2 2 2
6029.2 6572.1 -26.5 41 0 6.9 19.7 7.5 2.5 2 1 3 1 1
5975.1 6173.9 -26.7 207 0 12.6 10.6 5.0 2.5 4 0 2 2 2
6498.9 6109.9 -15.1 229 0 11.0 9.5 5.0 2.5 2 0 2 1 1
6213.3 6600.8 -29.2 45 0 16.1 8.2 7.5 2.5 2 0 3 0 0
6686.4 7165.8 -24.4 244 0 8.7 6.3 7.5 0.0 0 0 3 5 5
6200.8 7290.4 -3.1 307 0 17.3 8.6 7.5 2.5 2 0 3 4 4
6098.3 5992.4 -23.8 44 0 6.7 10.1 5.0 2.5 2 1 2 0 0
6468.6 7151.8 -17.8 219 0 6.9 10.3 5.0 2.5 2 1 2 2 2
5987.8 6243.3 -27.3 32 0 6.8 14.9 7.5 2.5 2 1 3 1 1
5650.6 6046.7 -25.3 319 0 21.9 8.0 7.5 0.0 0 0 3 0 0
6373.5 6790.0 -27.3 139 0 6.7 11.1 7.5 2.5 2 1 3 3 3
6415.5 6526.6 -29.6 309 0 10.2 23.6 7.5 0.0 0 0 3 3 3
5946.3 6201.6 -26.8 212 0 10.1 20.8 7.5 2.5 4 0 3 3 3
5870.4 6280.9 -28.4 139 0 7.7 17.7 7.5 2.5 2 0 3 1 1
5961.8 6197.8 -26.9 122 0 11.3 12.1 7.5 2.5 2 0 3 2 2
6188.6 6496.8 -29.2 131 0 10.1 20.4 10.0 2.5 2 0 4 1 1
5979.2 6525.8 -26.8 45 0 15.9 12.5 10.0 0.0 0 0 4 2 2
5944.2 6278.0 -28.0 299 0 10.0 16.2 5.0 0.0 0 0 2 4 4
5969.4 6607.2 -24.7 221 0 8.2 10.4 5.0 2.5 4 1 2 1 1
2935.3 -2542.8 -16.1 156 0 6.1 10.5 5.0 0.0 0 1 2 5 5
2801.0 -2467.9 -11.3 345 0 17.5 27.2 7.5 2.5 2 1 3 4 4
2748.9 -2324.8 -14.9 339 0 7.8 6.6 7.5 2.5 2 0 3 1 1
2607.4 -2324.4 -10.9 257 0 10.6 7.6 5.0 2.5 2 0 2 4 4
2877.9 -2456.0 -15.6 59 0 12.5 16.6 2.5 2.5 4 1 1 4 4
2591.4 -2515.4 -5.0 79 0 5.8 20.9 5.0 2.5 2 1 2 1 1
2889.2 -2565.2 -14.3 238 0 15.8 20.1 12.5 2.5 2 1 5 0 0
2726.9 -2552.3 -8.6 349 0 10.1 28.9 10.0 2.5 2 1 4 3 3
2936.6 -2491.8 -17.4 246 0 16.6 9.2 5.0 2.5 2 0 2 4 4
2561.5 -2334.3 -9.3 258 0 10.9 9.0 7.5 2.5 2 0 3 3 3
2700.0 -2507.4 -7.9 76 0 12.0 10.1 5.0 2.5 2 0 2 1 1
2730.8 -2332.2 -14.2 341 0 7.0 11.5 2.5 2.5 2 1 1 4 4
2810.9 -2645.7 -9.7 347 0 9.5 10.3 7.5 2.5 2 1 3 3 3
2486.4 -2354.7 -6.8 259 0 11.2 10.2 5.0 2.5 2 0 2 3 3
2920.7 -2618.7 -14.1 323 0 27.3 14.1 5.0 2.5 2 0 2 2 2
2594.2 -2239.9 -13.0 255 0 8.1 14.1 7.5 2.5 2 1 3 0 0
2936.8 -2468.4 -17.6 250 0 6.6 13.5 7.5 2.5 2 1 3 5 5
2536.4 -2348.9 -8.1 256 0 9.9 9.2 7.5 2.5 2 0 3 3 3
2490.5 -2625.1 0.6 345 0 9.6 16.8 7.5 2.5 2 1 3 5 5
2872.8 -2556.3 -13.8 67 0 11.5 9.9 5.0 2.5 2 0 2 1 1
2704.3 -2302.7 -14.4 255 0 6.6 9.7 2.5 2.5 2 1 1 1 1
2585.1 -2330.3 -10.1 255 0 10.6 8.5 7.5 2.5 2 0 3 2 2
2617.6 -2497.7 -6.0 78 0 15.6 9.3 5.0 2.5 2 0 2 3 3
2513.2 -2388.5 -6.4 78 0 7.0 7.8 5.0 2.5 2 0 2 4 4
2675.8 -2446.6 -8.6 348 0 9.1 12.0 2.5 2.5 2 0 1 1 1
2736.4 -2539.4 -9.7 165 0 9.9 16.6 2.5 2.5 2 1 1 4 4
2633.3 -2249.0 -14.3 77 0 20.1 6.2 2.5 2.5 4 0 1 1 1
2740.8 -2300.3 -15.6 329 0 12.5 8.6 7.5 2.5 2 0 3 4 4
2722.0 -2502.1 -8.7 77 0 12.9 8.9 5.0 2.5 2 0 2 0 0
2702.4 -2626.3 -6.9 167 0 6.5 16.3 5.0 2.5 4 0 2 3 3
2633.1 -2308.8 -12.2 256 0 14.7 6.9 5.0 2.5 2 0 2 0 0
2513.8 -2344.6 -7.6 257 0 12.4 9.8 7.5 2.5 2 0 3 0 0
2576.5 -2538.1 -3.7 77 0 10.0 8.4 5.0 0.0 0 0 2 3 3
2952.9 -2487.9 -17.9 251 0 9.9 6.7 7.5 2.5 2 0 3 5 5
2681.6 -2504.3 -7.4 81 0 7.0 14.3 2.5 2.5 2 1 1 4 4
2710.3 -2676.9 -5.8 77 0 7.6 14.2 5.0 2.5 2 1 2 0 0
2691.6 -2272.8 -15.4 75 0 9.5 11.5 2.5 2.5 2 1 1 3 3
2708.0 -2481.9 -8.3 348 0 6.0 13.4 7.5 2.5 2 1 3 4 4
2667.5 -2367.7 -11.8 169 0 7.1 13.7 5.0 2.5 2 1 2 3 3
2603.1 -2536.6 -4.6 77 0 10.9 9.0 7.5 2.5 2 0 3 3 3
2583.8 -2516.9 -4.6 78 0 6.7 14.2 5.0 2.5 2 0 2 5 5
2901.0 -2415.0 -17.9 334 0 9.1 14.0 2.5 2.5 2 0 1 0 0
2842.9 -2565.4 -12.7 76 0 14.9 6.8 7.5 2.5 2 0 3 3 3
2529.3 -2553.9 -2.2 76 0 10.9 9.8 2.5 2.5 2 0 1 3 3
2510.7 -2394.6 -6.7 166 0 8.8 22.1 5.0 2.5 2 1 2 1 1
2876.3 -2595.8 -13.3 163 0 6.8 9.8 5.0 2.5 2 1 2 0 0
2657.4 -2445.8 -8.3 258 0 11.6 9.1 7.5 2.5 2 0 3 4 4
2900.8 -2454.5 -16.7 73 0 5.3 8.8 7.5 2.5 2 1 3 0 0
2978.1 -2536.1 -17.4 340 0 12.5 5.7 5.0 2.5 2 0 2 5 5
2785.2 -2313.9 -17.3 155 0 14.9 11.4 10.0 2.5 2 0 4 5 5
2882.8 -2418.8 -16.9 244 0 7.9 9.1 5.0 2.5 2 0 2 3 3
2696.7 -2317.1 -13.7 260 0 6.1 12.1 7.5 2.5 2 1 3 1 1
2757.7 -2340.5 -14.6 338 0 11.1 9.6 2.5 2.5 4 0 1 1 1
2667.4 -2454.7 -8.1 260 0 4.6 19.8 5.0 2.5 2 0 2 2 2
2851.9 -2615.5 -11.9 251 0 11.0 15.5 5.0 2.5 2 1 2 2 2
2550.9 -2549.2 -2.8 77 0 8.9 6.6 5.0 2.5 2 0 2 1 1
2754.7 -2577.9 -9.4 207 0 9.9 15.6 5.0 2.5 2 1 2 5 5
2895.8 -2517.9 -15.5 148 0 16.0 13.0 7.5 2.5 2 0 3 0 0
2685.3 -2332.2 -13.1 258 0 13.8 6.6 5.0 2.5 4 0 2 0 0
2666.9 -2202.4 -16.3 345 0 12.4 11.1 7.5 2.5 2 0 3 3 3
2815.1 -2662.3 -9.7 78 0 7.1 7.2 5.0 2.5 2 1 2 5 5
2537.8 -2513.5 -3.6 169 0 6.9 10.0 7.5 2.5 4 1 3 2 2
2968.8 -2519.1 -17.3 340 0 4.8 10.0 5.0 2.5 2 1 2 1 1
2577.8 -2288.4 -11.4 75 0 21.7 6.5 7.5 2.5 2 0 3 5 5
2667.6 -2507.2 -6.9 78 0 10.1 8.9 2.5 2.5 2 0 1 3 3
2963.5 -2466.2 -18.5 251 0 9.2 17.0 5.0 2.5 2 1 2 4 4
2686.3 -2243.7 -15.7 346 0 10.3 7.9 5.0 2.5 2 0 2 5 5
2765.4 -2358.7 -14.1 338 0 11.4 9.7 2.5 2.5 2 0 1 4 4
2501.5 -2371.0 -6.5 257 0 5.7 7.9 7.5 2.5 4 1 3 0 0
2875.3 -2613.5 -13.2 168 0 6.5 17.3 7.5 2.5 2 1 3 3 3
2662.2 -2361.1 -11.8 81 0 7.8 13.0 7.5 2.5 4 1 3 3 3
2796.0 -2599.1 -10.1 348 0 10.4 11.8 5.0 2.5 2 1 2 1 1
2626.1 -2528.4 -5.4 78 0 10.4 8.8 2.5 2.5 2 0 1 5 5
2731.2 -2608.3 -7.8 259 0 9.0 9.4 7.5 2.5 2 1 3 3 3
2681.0 -2303.0 -13.8 258 0 12.3 7.6 2.5 2.5 2 0 1 1 1
2637.0 -2457.7 -7.5 257 0 14.8 7.4 7.5 2.5 2 0 3 2 2
2557.0 -2530.6 -3.6 79 0 7.9 13.1 5.0 2.5 2 1 2 5 5
2645.3 -2269.2 -14.2 78 0 22.3 9.1 7.5 2.5 2 0 3 3 3
2669.3 -2233.3 -15.5 345 0 12.7 10.1 2.5 2.5 2 0 1 5 5
2826.8 -2546.0 -12.5 259 0 17.5 6.1 7.5 2.5 2 0 3 5 5
2486.2 -2388.2 -6.3 167 0 7.4 15.0 7.5 0.0 0 1 3 0 0
2662.7 -2455.6 -8.0 260 0 5.0 19.8 7.5 2.5 4 0 3 5 5
2663.5 -2313.5 -12.9 258 0 9.3 7.2 5.0 2.5 2 0 2 0 0
2648.1 -2517.9 -6.2 78 0 11.7 9.6 7.5 0.0 0 0 3 3 3
2733.6 -2692.0 -6.3 74 0 7.9 13.9 5.0 2.5 2 1 2 5 5
2722.9 -2584.8 -7.9 259 0 7.9 12.5 5.0 2.5 2 1 2 2 2
2797.6 -2671.8 -8.9 80 0 6.1 10.0 5.0 2.5 2 1 2 4 4
2812.7 -2462.7 -12.0 161 0 4.2 9.8 2.5 2.5 2 1 1 0 0
2509.1 -2369.3 -6.6 258 0 7.0 11.8 5.0 2.5 4 0 2 2 2
2811.1 -2549.1 -11.8 259 0 14.5 6.1 2.5 2.5 2 0 1 3 3
2609.1 -2508.9 -5.4 78 0 5.8 9.2 2.5 2.5 2 0 1 2 2
2920.0 -2549.0 -15.5 141 0 10.1 9.7 7.5 2.5 2 0 3 5 5
2561.0 -2305.7 -10.3 76 0 10.8 10.4 7.5 2.5 4 0 3 4 4
2488.5 -2602.0 0.1 346 0 11.5 12.5 5.0 2.5 2 1 2 4 4
2744.2 -2604.9 -8.3 258 0 9.8 11.7 2.5 2.5 2 1 1 4 4
2710.5 -2322.5 -14.0 253 0 6.6 13.4 5.0 2.5 2 1 2 1 1
2771.5 -2388.3 -13.1 343 0 10.5 9.0 5.0 0.0 0 0 2 5 5
2761.5 -2660.0 -8.5 77 0 25.9 11.5 7.5 2.5 2 0 3 0 0
2647.3 -2467.6 -7.3 260 0 7.0 19.6 5.0 2.5 2 1 2 4 4
2734.3 -2579.8 -8.5 257 0 12.6 5.9 5.0 2.5 2 0 2 2 2
2633.1 -2232.8 -14.5 258 0 13.6 5.8 5.0 2.5 2 0 2 5 5
2820.6 -2570.3 -11.9 77 0 20.0 5.0 7.5 2.5 2 0 3 0 0
2688.2 -2696.8 -4.4 349 0 10.3 8.5 2.5 2.5 2 0 1 4 4
2546.8 -2382.0 -7.8 77 0 15.3 8.7 7.5 2.5 2 0 3 5 5
2505.0 -2667.3 0.2 166 0 8.7 40.0 7.5 2.5 2 1 3 2 2
2807.4 -2573.2 -11.2 77 0 7.1 12.3 2.5 2.5 2 0 1 0 0
2600.6 -2491.9 -5.6 258 0 15.2 9.3 5.0 2.5 2 0 2 0 0
2597.2 -2302.5 -11.7 75 0 8.3 25.2 5.0 2.5 2 0 2 3 3
2693.2 -2623.4 -6.4 167 0 16.2 8.3 5.0 2.5 2 0 2 2 2
2571.3 -2498.3 -4.8 258 0 23.6 6.5 5.0 2.5 2 0 2 3 3
2804.2 -2619.8 -10.0 346 0 13.0 12.3 7.5 2.5 2 0 3 4 4
2920.4 -2514.4 -16.4 156 0 5.9 12.1 7.5 2.5 2 0 3 0 0
2634.4 -2294.4 -13.7 79 0 9.2 43.5 7.5 2.5 2 0 3 2 2
2920.1 -2492.7 -16.5 246 0 7.1 17.9 5.0 2.5 2 0 2 2 2
2740.8 -2354.6 -13.6 342 0 12.5 28.5 7.5 2.5 2 0 3 1 1
-996.9 8755.2 -39.8 228 0 11.1 13.9 10.0 2.5 2 1 4 5 5
-809.1 8768.7 -42.3 232 0 9.4 12.8 7.5 2.5 2 1 3 4 4
-899.7 8775.8 -41.2 322 0 8.8 21.6 7.5 2.5 2 0 3 5 5
-764.1 8786.4 -41.9 50 0 7.8 11.9 7.5 2.5 2 1 3 0 0
-1013.8 8722.7 -38.6 136 0 7.7 19.3 5.0 2.5 2 1 2 4 4
-830.2 8777.5 -41.9 239 0 10.8 9.5 7.5 2.5 2 0 3 5 5
-794.2 8787.1 -41.9 230 0 24.3 8.0 7.5 2.5 2 0 3 1 1
-941.1 8784.4 -41.1 232 0 11.8 36.5 12.5 2.5 2 0 5 1 1
-5448.8 4797.9 20.1 143 0 14.4 34.6 7.5 2.5 2 1 3 2 2
-6064.3 4518.6 15.2 62 0 8.7 11.0 5.0 2.5 2 1 2 1 1
-5521.7 4321.9 21.2 237 0 11.0 10.1 5.0 2.5 2 0 2 4 4
-5323.6 4584.9 22.8 237 0 7.0 17.4 5.0 2.5 2 1 2 0 0
-5297.2 4686.4 20.3 56 0 7.6 13.1 5.0 2.5 2 1 2 5 5
-5552.9 4238.4 20.3 56 0 7.2 8.2 7.5 2.5 4 0 3 3 3
-5176.8 4818.6 14.3 353 0 11.2 10.6 5.0 2.5 2 0 2 5 5
-5680.7 4040.6 16.5 150 0 6.9 21.4 5.0 2.5 2 1 2 4 4
-6087.7 4498.6 14.7 63 0 5.4 10.4 5.0 0.0 0 1 2 5 5
-5253.7 4863.7 15.9 321 0 11.2 10.9 7.5 2.5 2 0 3 1 1
-5600.4 4361.1 21.4 141 0 9.7 22.4 2.5 2.5 4 1 1 5 5
-5369.9 4652.2 21.9 326 0 23.5 12.7 10.0 2.5 2 0 4 1 1
-5705.4 4195.0 17.8 242 0 8.6 17.6 2.5 2.5 2 1 1 2 2
-5336.4 4520.3 23.2 57 0 7.6 21.8 5.0 2.5 2 1 2 2 2
-6045.0 4538.9 15.6 331 0 7.9 7.7 2.5 2.5 4 0 1 2 2
-5258.9 4807.7 15.4 106 0 31.5 14.4 7.5 2.5 4 0 3 4 4
-5569.4 4337.8 21.2 56 0 8.2 7.3 7.5 2.5 4 0 3 5 5
-5416.8 4489.2 23.5 227 0 11.3 11.0 5.0 0.0 0 0 2 3 3
-5596.7 4347.8 21.2 140 0 8.3 6.0 7.5 2.5 2 0 3 2 2
-5689.0 4076.2 16.8 230 0 9.6 8.2 7.5 2.5 2 0 3 0 0
-5216.5 4628.9 22.3 55 0 5.7 9.3 2.5 2.5 2 0 1 0 0
-6170.8 5016.3 -4.8 88 0 18.4 10.9 5.0 2.5 2 0 2 2 2
-5661.1 4233.2 17.9 239 0 8.8 10.5 7.5 2.5 2 1 3 2 2
-5471.7 4374.7 22.9 237 0 6.8 14.9 2.5 2.5 2 1 1 3 3
-5756.1 3953.4 13.3 249 0 6.9 13.0 7.5 2.5 2 1 3 3 3
-5543.8 4244.5 20.4 56 0 14.7 8.2 7.5 0.0 0 0 3 4 4
-5566.7 4351.4 21.6 58 0 5.9 12.1 7.5 2.5 2 1 3 4 4
-5521.9 4301.1 20.8 239 0 6.1 10.2 5.0 2.5 2 0 2 0 0
-5383.4 4537.1 22.9 232 0 11.8 10.4 7.5 2.5 2 0 3 3 3
-5461.6 4401.3 23.7 235 0 9.3 8.1 7.5 2.5 2 0 3 5 5
-5227.0 4804.1 14.7 151 0 8.8 11.9 5.0 2.5 2 1 2 4 4
-5219.5 4702.7 19.3 341 0 14.8 11.5 7.5 2.5 2 0 3 5 5
-5559.2 4330.0 21.1 56 0 13.3 9.1 7.5 2.5 2 0 3 4 4
-5552.2 4292.9 20.2 237 0 9.5 9.1 5.0 2.5 2 0 2 2 2
-5211.9 4626.4 22.3 146 0 7.9 17.3 7.5 2.5 2 1 3 3 3
-5701.6 4203.6 17.5 151 0 9.3 23.9 7.5 2.5 2 1 3 4 4
-5359.4 4817.0 18.6 322 0 10.3 19.0 7.5 2.5 2 1 3 2 2
-6112.0 4485.2 14.2 65 0 4.9 10.0 7.5 2.5 2 1 3 5 5
-5651.3 4247.1 18.1 239 0 14.4 7.6 7.5 2.5 2 0 3 5 5
-5180.3 4994.8 13.7 332 0 9.4 10.4 7.5 2.5 2 1 3 0 0
-5494.3 4300.7 21.1 326 0 16.8 5.7 2.5 2.5 2 0 1 1 1
-5290.5 4817.5 16.4 127 0 7.7 19.7 7.5 2.5 2 1 3 3 3
-5291.0 4753.9 17.3 233 0 7.7 16.9 5.0 2.5 2 1 2 0 0
-5399.3 4445.1 24.1 56 0 7.5 21.4 5.0 2.5 2 1 2 0 0
-5234.7 4769.5 16.0 327 0 13.2 8.7 7.5 2.5 2 0 3 3 3
-6050.0 4547.9 15.4 331 0 12.7 7.7 5.0 0.0 0 0 2 1 1
-5231.5 4957.6 11.1 140 0 12.0 23.2 7.5 2.5 2 1 3 2 2
-5802.5 3971.5 12.6 239 0 9.8 6.2 7.5 0.0 0 0 3 0 0
-5634.4 4211.5 19.0 59 0 9.1 6.0 5.0 0.0 0 0 2 0 0
-5389.8 4792.2 19.2 142 0 11.2 13.9 10.0 2.5 2 1 4 1 1
-5274.3 4770.4 16.6 321 0 6.8 10.5 7.5 2.5 2 1 3 2 2
-5562.0 4277.5 19.8 233 0 10.9 5.8 7.5 2.5 2 0 3 0 0
-5361.3 4501.9 23.6 55 0 6.1 8.2 5.0 2.5 2 0 2 5 5
-5439.9 4386.5 23.6 327 0 10.5 5.8 2.5 2.5 2 0 1 1 1
-5671.3 4065.5 16.9 332 0 7.5 5.6 7.5 2.5 2 0 3 3 3
-5186.6 4657.7 21.7 333 0 9.0 8.8 5.0 2.5 2 0 2 1 1
-6193.4 5051.5 -2.7 184 0 9.4 6.2 5.0 2.5 2 0 2 1 1
-5504.1 4271.9 20.6 59 0 6.1 11.6 7.5 2.5 4 0 3 4 4
-6078.5 4473.3 15.0 62 0 11.1 11.8 5.0 2.5 2 1 2 5 5
-5674.4 4162.1 18.4 61 0 10.2 9.0 2.5 2.5 2 0 1 0 0
-5270.8 4743.2 17.5 56 0 7.6 5.3 7.5 2.5 2 0 3 2 2
-5567.0 4262.2 19.6 238 0 6.9 15.1 5.0 2.5 2 1 2 3 3
-5689.9 4049.7 16.4 147 0 10.2 6.0 7.5 2.5 2 0 3 5 5
-5368.5 4746.6 19.1 147 0 22.8 9.5 5.0 2.5 2 0 2 4 4
-6161.3 5043.1 -4.4 4 0 10.0 6.0 5.0 2.5 2 0 2 1 1
-5282.6 4574.0 23.4 323 0 10.5 22.8 5.0 2.5 2 1 2 3 3
-5434.1 4375.1 23.1 328 0 8.2 21.3 5.0 2.5 2 1 2 2 2
-5204.0 4782.5 15.0 198 0 10.1 21.2 5.0 2.5 2 1 2 3 3
-5742.3 3972.1 13.9 235 0 10.6 5.2 5.0 2.5 2 0 2 3 3
-6117.8 4503.1 14.2 151 0 7.4 9.7 7.5 2.5 4 1 3 5 5
-5516.6 4292.4 20.6 239 0 6.1 12.3 5.0 2.5 2 0 2 5 5
-5310.8 4606.9 22.2 328 0 9.6 11.5 5.0 2.5 2 1 2 0 0
-5674.5 4188.7 18.3 58 0 5.5 13.9 7.5 2.5 2 1 3 2 2
-5207.6 4660.8 21.9 331 0 5.8 8.5 5.0 2.5 2 1 2 1 1
-5828.4 3976.4 12.0 251 0 7.8 10.9 5.0 2.5 2 1 2 0 0
-6055.7 4558.2 14.9 331 0 10.9 28.6 7.5 2.5 2 0 3 0 0
-5367.2 4513.8 23.5 235 0 10.4 5.0 5.0 0.0 0 0 2 1 1
-5234.9 4652.8 22.2 235 0 8.6 20.8 7.5 2.5 2 0 3 4 4
-5346.6 4501.2 23.7 55 0 29.3 9.0 7.5 2.5 2 0 3 5 5
-5351.5 4733.0 18.9 57 0 13.6 9.3 7.5 2.5 2 0 3 2 2
-5481.0 4281.0 21.0 329 0 8.7 27.5 7.5 2.5 2 0 3 3 3
3093.1 -2941.0 -18.9 343 0 14.6 16.6 15.0 0.0 0 1 6 4 4
6371.6 2841.3 -17.8 209 0 6.2 4.5 7.5 2.5 2 0 3 2 2
5979.9 2236.0 -19.0 28 0 7.7 7.0 5.0 2.5 2 0 2 5 5
3114.2 -2639.6 -18.8 68 0 42.9 34.6 10.0 0.0 0 0 4 5 5
3026.0 -2697.3 -17.2 141 0 3.3 5.0 5.0 2.5 2 1 2 2 2
3030.8 -2637.0 -17.4 160 0 13.0 18.0 5.0 2.5 2 1 2 3 3
2978.4 -2622.9 -15.9 148 0 10.1 15.6 5.0 2.5 2 1 2 4 4
2970.3 -2611.2 -15.6 143 0 9.4 10.5 5.0 2.5 2 1 2 5 5
2954.0 -2584.7 -15.9 147 0 6.7 12.2 5.0 2.5 2 1 2 5 5
3011.2 -2452.7 -18.7 248 0 11.9 13.3 5.0 2.5 4 1 2 4 4
3051.8 -2439.3 -18.6 245 0 14.5 10.2 5.0 2.5 2 0 2 4 4
2775.4 -2437.8 -11.9 75 0 21.1 10.5 2.5 0.0 0 0 1 3 3
2742.4 -2388.1 -12.7 165 0 4.6 9.6 2.5 0.0 0 1 1 3 3
2747.7 -2397.5 -12.3 74 0 4.5 7.1 2.5 2.5 2 1 1 2 2
2752.2 -2374.2 -13.1 342 0 4.8 3.2 2.5 2.5 2 0 1 4 4
2988.9 -2830.0 -16.3 345 0 6.8 19.0 2.5 2.5 2 1 1 1 1
2964.4 -2830.8 -15.5 167 0 5.4 3.7 5.0 2.5 2 0 2 2 2
2963.9 -2820.2 -15.6 164 0 6.9 8.0 5.0 2.5 2 1 2 1 1
2990.6 -2807.8 -16.1 346 0 10.1 11.2 5.0 2.5 2 1 2 2 2
2953.1 -2775.8 -15.3 165 0 5.7 13.8 7.5 2.5 4 1 3 1 1
2966.3 -2758.7 -15.3 258 0 3.9 3.7 5.0 2.5 2 0 2 3 3
3036.2 -2747.8 -17.5 339 0 39.8 17.1 10.0 2.5 2 0 4 2 2
2976.8 -2682.6 -16.1 234 0 15.0 16.0 12.5 2.5 2 1 5 2 2
2975.1 -2676.2 -15.7 65 0 14.6 7.6 7.5 2.5 4 0 3 0 0
2958.1 -2686.2 -14.9 69 0 7.0 10.4 2.5 0.0 0 1 1 1 1
2956.4 -2710.2 -14.8 256 0 5.4 6.4 2.5 2.5 2 1 1 2 2
2953.9 -2721.8 -14.7 163 0 5.1 3.0 5.0 2.5 4 0 2 2 2
2973.3 -2733.9 -15.4 51 0 10.8 13.2 10.0 2.5 2 1 4 3 3
2928.7 -2743.3 -13.7 346 0 16.7 17.3 10.0 0.0 0 1 4 1 1
2915.7 -2708.9 -13.3 79 0 6.8 9.5 7.5 2.5 2 0 3 4 4
2917.0 -2712.5 -13.3 78 0 3.4 3.8 5.0 2.5 2 0 2 1 1
2889.1 -2713.1 -12.6 168 0 11.2 11.4 2.5 2.5 2 1 1 5 5
2883.8 -2693.7 -12.4 167 0 11.2 12.8 5.0 2.5 4 1 2 4 4
2903.8 -2682.4 -12.8 256 0 7.0 7.8 5.0 0.0 0 1 2 2 2
2917.7 -2650.2 -13.6 252 0 8.4 4.2 5.0 2.5 2 0 2 1 1
2930.7 -2665.0 -14.1 254 0 14.7 6.4 5.0 2.5 2 0 2 1 1
2934.6 -2684.2 -13.9 343 0 4.8 6.8 5.0 0.0 0 1 2 5 5
3143.4 -2690.3 -19.9 159 0 12.4 5.3 5.0 0.0 0 0 2 5 5
3138.3 -2680.0 -19.6 160 0 4.8 6.1 2.5 2.5 2 1 1 5 5
3134.9 -2671.7 -19.5 158 0 6.4 5.0 5.0 2.5 2 0 2 1 1
3128.4 -2667.2 -19.2 72 0 5.2 4.6 5.0 0.0 0 0 2 1 1
3108.4 -2672.7 -19.0 73 0 6.5 5.1 2.5 2.5 2 0 1 1 1
3114.3 -2670.9 -19.0 73 0 5.8 5.1 7.5 2.5 2 0 3 0 0
3096.5 -2678.0 -18.8 74 0 7.9 5.9 2.5 2.5 2 0 1 0 0
3084.3 -2680.9 -18.6 74 0 6.3 5.1 5.0 2.5 2 0 2 2 2
3136.4 -2701.3 -19.7 349 0 10.1 15.6 5.0 0.0 0 1 2 4 4
3126.3 -2709.6 -19.4 258 0 6.9 5.4 2.5 2.5 2 0 1 1 1
3118.9 -2716.1 -19.1 261 0 6.4 4.2 5.0 2.5 2 0 2 3 3
3120.5 -2722.0 -19.2 260 0 6.9 7.9 2.5 2.5 2 1 1 2 2
3141.7 -2726.0 -19.5 336 0 22.7 11.9 10.0 2.5 2 0 4 2 2
3156.3 -2715.4 -20.5 156 0 5.7 21.8 5.0 2.5 2 1 2 1 1
3170.0 -2738.6 -20.8 159 0 5.2 18.4 2.5 2.5 4 1 1 1 1
3204.4 -2704.5 -20.9 249 0 4.1 11.4 7.5 2.5 4 1 3 4 4
3200.4 -2744.8 -20.6 160 0 3.3 5.6 5.0 2.5 2 1 2 5 5
3203.0 -2751.3 -20.6 159 0 3.1 5.4 7.5 2.5 2 0 3 0 0
3206.1 -2754.8 -20.5 160 0 5.7 3.7 2.5 2.5 4 0 1 5 5
3226.0 -2750.9 -20.1 335 0 5.5 5.2 5.0 2.5 4 0 2 2 2
3218.8 -2764.1 -20.9 338 0 8.0 11.8 5.0 2.5 2 1 2 2 2
3187.8 -2776.8 -20.7 160 0 9.8 11.4 7.5 2.5 2 1 3 1 1
3193.3 -2792.8 -20.6 159 0 7.5 7.4 7.5 2.5 2 0 3 2 2
3211.8 -2790.0 -20.9 157 0 5.5 3.5 7.5 2.5 2 0 3 3 3
3217.6 -2805.9 -21.0 157 0 7.8 5.1 5.0 2.5 2 0 2 4 4
3198.7 -2810.8 -20.6 158 0 10.8 9.5 7.5 2.5 2 0 3 1 1
3170.8 -2804.6 -20.0 68 0 6.2 10.7 2.5 2.5 2 1 1 4 4
3167.3 -2784.3 -19.9 340 0 4.3 11.7 5.0 2.5 2 1 2 2 2
3153.1 -2794.6 -19.5 69 0 5.1 6.1 5.0 2.5 2 0 2 0 0
3156.2 -2800.7 -19.6 69 0 6.6 6.9 7.5 2.5 2 0 3 0 0
3145.9 -2803.0 -19.3 340 0 10.8 15.9 5.0 2.5 4 1 2 3 3
3164.3 -2769.4 -19.9 336 0 10.7 10.2 5.0 2.5 2 0 2 3 3
3140.0 -2785.1 -19.3 68 0 4.3 5.2 5.0 2.5 2 0 2 1 1
3117.7 -2777.4 -19.1 159 0 9.6 13.2 7.5 2.5 2 0 3 3 3
3121.4 -2766.1 -19.2 157 0 7.7 14.5 5.0 2.5 2 0 2 2 2
3112.4 -2756.1 -19.0 160 0 10.2 9.3 5.0 2.5 2 0 2 1 1
3107.3 -2736.7 -19.0 169 0 10.9 9.6 5.0 2.5 2 0 2 0 0
3145.3 -2764.3 -19.5 340 0 10.5 5.9 7.5 2.5 2 0 3 5 5
3136.0 -2750.6 -19.3 340 0 4.8 3.8 7.5 2.5 2 0 3 4 4
3054.4 -2719.5 -18.1 160 0 29.9 13.6 7.5 2.5 2 0 3 4 4
3079.5 -2749.1 -18.3 340 0 32.9 13.4 10.0 0.0 0 0 4 2 2
3092.5 -2805.8 -18.3 71 0 12.7 32.8 7.5 2.5 2 1 3 5 5
3091.2 -2812.6 -18.2 250 0 11.7 9.3 7.5 2.5 2 0 3 5 5
3114.5 -2814.7 -18.6 340 0 11.2 8.0 5.0 2.5 2 0 2 2 2
3104.9 -2803.5 -18.5 177 0 9.9 10.3 5.0 2.5 2 0 2 3 3
3062.9 -2859.3 -18.1 256 0 6.5 5.9 7.5 2.5 2 0 3 2 2
3055.7 -2859.9 -18.2 255 0 5.6 9.4 5.0 2.5 2 1 2 4 4
3063.1 -2887.3 -18.3 344 0 3.3 6.0 2.5 2.5 2 1 1 5 5
3072.4 -2900.4 -18.5 340 0 6.1 10.2 5.0 2.5 2 1 2 1 1
3084.6 -2890.8 -18.6 341 0 8.6 8.8 5.0 2.5 2 1 2 4 4
3090.5 -2909.1 -18.8 340 0 6.9 12.8 7.5 2.5 4 1 3 5 5
3059.6 -2918.3 -18.2 80 0 10.0 9.3 7.5 2.5 2 0 3 3 3
3053.0 -2934.4 -17.8 352 0 8.3 8.4 2.5 2.5 2 1 1 2 2
3055.1 -2943.0 -17.9 353 0 4.4 3.3 5.0 2.5 2 0 2 5 5
3031.9 -2963.8 -17.7 81 0 7.5 11.9 7.5 2.5 2 1 3 0 0
3011.0 -2967.2 -17.3 79 0 8.7 14.1 2.5 0.0 0 1 1 5 5
2999.9 -2954.7 -16.8 82 0 3.2 6.0 5.0 2.5 2 1 2 3 3
3014.9 -2920.2 -17.7 170 0 10.6 25.3 5.0 2.5 2 1 2 0 0
2988.6 -2935.2 -16.5 257 0 10.3 7.1 7.5 2.5 2 0 3 1 1
2959.9 -2936.4 -16.0 258 0 9.4 12.5 7.5 2.5 2 1 3 5 5
2981.5 -2973.8 -16.7 79 0 3.5 4.4 5.0 2.5 2 1 2 4 4
2982.7 -2961.0 -16.6 78 0 10.6 5.3 7.5 2.5 2 0 3 0 0
2983.3 -2966.4 -16.7 78 0 9.3 5.4 5.0 2.5 2 0 2 2 2
2996.4 -2904.9 -17.0 171 0 8.9 8.2 7.5 2.5 2 0 3 0 0
3007.0 -2888.6 -17.2 258 0 7.9 12.4 7.5 2.5 2 1 3 3 3
2921.9 -2886.5 -14.5 75 0 8.9 11.7 2.5 2.5 2 1 1 4 4
2928.5 -2864.1 -14.5 79 0 7.6 15.5 5.0 2.5 2 1 2 1 1
2915.8 -2853.0 -14.0 170 0 3.3 4.6 7.5 2.5 2 1 3 3 3
2935.2 -2859.4 -14.7 80 0 6.0 6.2 5.0 2.5 4 1 2 2 2
2942.9 -2793.3 -14.6 352 0 10.1 9.0 7.5 2.5 2 0 3 0 0
2940.1 -2828.6 -14.7 348 0 7.7 18.1 7.5 2.5 4 0 3 2 2
2915.2 -2834.2 -14.0 168 0 5.7 7.6 5.0 2.5 2 0 2 0 0
2890.0 -2777.5 -12.6 169 0 7.8 5.0 2.5 2.5 2 0 1 4 4
2913.6 -2803.1 -13.6 167 0 3.2 4.7 7.5 2.5 2 1 3 5 5
2929.5 -2803.3 -14.1 345 0 5.3 10.6 7.5 0.0 0 1 3 1 1
2902.4 -2796.6 -13.8 165 0 3.9 20.0 5.0 2.5 2 0 2 4 4
2908.1 -2774.5 -13.7 254 0 22.8 17.8 10.0 0.0 0 0 4 4 4
2904.3 -2893.3 -13.8 72 0 10.8 6.7 7.5 2.5 2 0 3 1 1
2900.1 -2910.3 -14.1 248 0 3.5 8.1 2.5 2.5 2 1 1 2 2
2924.1 -2931.7 -14.9 339 0 12.4 14.1 2.5 2.5 2 1 1 1 1
2923.8 -2952.9 -15.1 338 0 7.2 8.9 5.0 2.5 4 1 2 0 0
2930.4 -2970.0 -15.5 332 0 9.9 17.3 5.0 0.0 0 1 2 0 0
2950.8 -3000.5 -16.4 351 0 11.2 13.1 5.0 2.5 2 1 2 4 4
2939.6 -3009.1 -16.3 257 0 10.9 15.3 7.5 2.5 2 1 3 3 3
2954.6 -3028.6 -16.6 261 0 7.2 19.7 2.5 2.5 4 0 1 5 5
2960.5 -3066.5 -16.5 80 0 7.0 18.6 7.5 0.0 0 0 3 5 5
2951.9 -3082.0 -16.4 79 0 37.9 13.7 10.0 2.5 2 0 4 0 0
2982.0 -2984.4 -17.0 257 0 7.1 14.0 5.0 2.5 2 1 2 4 4
2998.4 -2984.4 -17.4 261 0 11.2 11.8 2.5 2.5 2 1 1 3 3
3031.7 -2982.7 -18.0 170 0 7.4 7.4 5.0 2.5 2 1 2 1 1
3032.6 -2999.1 -18.0 261 0 10.6 17.5 7.5 2.5 2 1 3 3 3
3021.4 -3018.8 -17.8 260 0 6.4 5.2 7.5 0.0 0 0 3 2 2
3020.9 -3024.1 -17.8 260 0 5.1 4.9 5.0 2.5 2 0 2 4 4
3008.4 -3013.2 -17.6 256 0 8.6 13.0 2.5 2.5 2 1 1 4 4
2990.1 -3006.2 -17.2 262 0 6.6 15.7 5.0 2.5 2 1 2 4 4
2980.4 -3039.9 -17.0 262 0 5.1 13.0 2.5 2.5 4 1 1 0 0
2915.4 -3056.9 -15.7 173 0 4.9 5.3 2.5 0.0 0 1 1 5 5
2904.8 -3028.2 -15.7 174 0 6.1 5.1 2.5 0.0 0 0 1 2 2
2912.0 -3045.2 -15.9 81 0 7.5 14.0 7.5 2.5 2 1 3 3 3
3029.1 -2235.6 -21.2 321 0 6.9 9.2 5.0 2.5 2 1 2 1 1
3011.6 -2618.1 -16.3 63 0 6.0 12.5 5.0 2.5 2 0 2 5 5
3016.3 -2615.7 -16.4 63 0 4.4 6.7 5.0 2.5 2 0 2 3 3
3010.1 -2601.8 -16.8 74 0 6.4 11.0 2.5 2.5 2 1 1 2 2
2973.6 -2570.5 -16.7 157 0 5.0 6.9 5.0 2.5 4 1 2 3 3
3002.7 -2574.9 -17.1 344 0 6.7 10.0 7.5 0.0 0 1 3 2 2
3037.2 -2562.5 -17.9 252 0 10.9 6.3 5.0 2.5 2 0 2 0 0
3072.9 -2554.3 -18.5 343 0 5.5 10.8 5.0 2.5 2 1 2 2 2
3058.9 -2530.9 -18.7 252 0 5.3 9.9 2.5 2.5 2 1 1 2 2
3076.8 -2520.9 -19.0 247 0 10.0 9.0 5.0 2.5 2 0 2 2 2
3086.5 -2409.2 -18.4 152 0 12.1 7.0 5.0 2.5 2 0 2 2 2
3082.6 -2424.4 -18.6 151 0 7.0 11.4 5.0 2.5 2 1 2 3 3
3070.2 -2397.6 -18.3 152 0 8.1 10.7 2.5 2.5 2 1 1 4 4
3093.3 -2392.3 -18.2 150 0 5.6 10.0 2.5 2.5 2 1 1 0 0
3049.0 -2361.8 -19.0 147 0 11.5 14.0 7.5 0.0 0 1 3 1 1
3030.6 -2321.1 -19.8 148 0 12.7 11.2 5.0 2.5 2 0 2 5 5
3057.1 -2306.9 -19.9 329 0 10.6 7.1 7.5 2.5 4 0 3 3 3
3044.8 -2296.0 -20.2 331 0 17.0 7.1 5.0 2.5 2 0 2 5 5
3024.3 -2290.1 -20.3 149 0 5.4 15.3 7.5 2.5 2 1 3 3 3
3010.0 -2305.2 -20.2 149 0 10.0 11.2 2.5 2.5 2 1 1 3 3
2987.7 -2272.6 -20.8 143 0 4.2 4.6 5.0 2.5 2 1 2 2 2
3004.6 -2263.6 -20.9 140 0 6.9 10.9 5.0 0.0 0 0 2 1 1
3010.6 -2251.1 -21.0 231 0 6.3 14.3 5.0 2.5 2 0 2 5 5
3017.0 -2246.8 -21.0 232 0 7.3 13.8 5.0 2.5 2 0 2 3 3
3055.7 -2397.2 -18.3 324 0 7.7 9.1 5.0 2.5 2 1 2 5 5
3040.2 -2417.2 -18.4 47 0 5.4 9.7 7.5 2.5 4 0 3 3 3
3042.5 -2408.5 -18.2 49 0 4.9 4.6 7.5 2.5 2 0 3 1 1
2950.8 -2290.7 -20.5 142 0 9.5 11.7 7.5 2.5 2 1 3 4 4
2910.4 -2247.9 -21.2 157 0 14.7 10.4 7.5 0.0 0 0 3 4 4
2920.9 -2248.3 -21.1 158 0 6.0 7.5 7.5 2.5 2 0 3 0 0
2940.8 -2247.4 -21.0 337 0 6.2 12.6 7.5 2.5 4 1 3 1 1
2939.1 -2230.9 -21.4 336 0 6.1 15.4 2.5 2.5 2 1 1 1 1
2959.2 -2244.7 -21.1 339 0 9.8 8.8 7.5 2.5 2 0 3 2 2
2953.3 -2213.3 -21.5 335 0 10.8 10.0 2.5 0.0 0 0 1 3 3
2913.0 -2212.8 -21.2 153 0 13.8 7.5 5.0 0.0 0 0 2 4 4
2923.5 -2184.9 -20.8 330 0 8.0 14.9 5.0 2.5 2 1 2 2 2
2929.4 -2182.6 -20.9 328 0 7.4 5.3 7.5 2.5 2 0 3 0 0
2888.3 -2179.9 -20.4 152 0 6.8 11.4 5.0 2.5 2 1 2 4 4
2904.3 -2150.2 -20.4 324 0 3.7 5.0 7.5 2.5 2 1 3 3 3
2877.4 -2183.1 -20.3 67 0 7.7 17.7 5.0 2.5 2 0 2 0 0
2887.2 -2161.5 -20.2 334 0 5.0 13.6 7.5 2.5 2 0 3 0 0
2896.3 -2141.9 -20.3 331 0 9.9 9.4 5.0 2.5 2 0 2 3 3
2892.1 -2123.6 -20.3 332 0 10.7 10.6 5.0 2.5 2 0 2 5 5
2821.2 -2171.6 -19.5 162 0 6.7 5.2 2.5 2.5 2 0 1 2 2
2814.2 -2174.4 -19.3 163 0 4.8 3.1 2.5 2.5 2 0 1 3 3
2804.9 -2110.5 -20.0 69 0 7.3 11.5 5.0 2.5 2 1 2 1 1
2786.9 -2085.0 -19.9 250 0 14.1 11.5 2.5 2.5 4 0 1 4 4
2802.3 -2071.4 -19.9 249 0 5.9 9.9 2.5 2.5 4 1 1 3 3
2828.9 -2069.2 -20.0 246 0 10.4 5.3 7.5 2.5 4 0 3 5 5
2832.2 -2081.8 -20.0 245 0 5.2 4.2 5.0 0.0 0 0 2 4 4
2858.6 -2053.3 -20.1 342 0 13.6 12.3 5.0 2.5 2 0 2 1 1
2870.3 -2087.8 -20.2 337 0 6.7 11.1 2.5 2.5 2 1 1 1 1
2850.1 -2102.0 -20.1 337 0 6.1 21.1 5.0 2.5 2 1 2 1 1
2868.3 -2146.0 -20.1 339 0 5.9 10.2 7.5 2.5 2 0 3 3 3
3132.8 -2835.2 -19.1 250 0 13.1 4.1 5.0 2.5 2 0 2 2 2
3130.1 -2870.0 -19.3 164 0 7.8 10.8 2.5 2.5 2 1 1 4 4
3183.7 -2834.8 -20.1 341 0 5.7 7.2 5.0 2.5 2 1 2 3 3
3168.4 -2822.8 -19.8 256 0 3.9 5.1 7.5 2.5 4 1 3 0 0
3205.1 -2866.8 -21.3 339 0 6.9 3.8 7.5 0.0 0 0 3 2 2
3204.7 -2872.3 -21.4 339 0 3.2 5.3 7.5 2.5 2 0 3 4 4
3214.2 -2890.0 -22.9 341 0 11.7 9.6 5.0 2.5 2 0 2 2 2
3215.5 -2844.6 -21.4 159 0 9.3 8.5 5.0 2.5 2 0 2 3 3
3230.9 -2838.6 -22.2 160 0 17.6 6.6 5.0 2.5 2 0 2 4 4
3239.7 -2843.3 -22.7 161 0 8.4 6.6 7.5 2.5 4 0 3 5 5
3248.4 -2821.9 -22.2 248 0 13.3 13.6 5.0 2.5 2 0 2 3 3
3262.4 -2864.1 -24.5 69 0 10.0 14.0 2.5 2.5 2 1 1 1 1
3225.1 -2858.5 -22.4 159 0 5.0 8.2 5.0 0.0 0 1 2 0 0
3237.7 -2889.8 -24.1 69 0 8.6 7.9 7.5 2.5 2 0 3 0 0
2997.6 -3124.7 -15.0 173 0 11.3 12.9 2.5 2.5 2 1 1 1 1
3000.6 -3148.3 -13.6 150 0 6.8 9.5 7.5 2.5 4 1 3 2 2
2997.5 -3140.3 -13.7 178 0 3.7 3.5 7.5 2.5 2 0 3 2 2
2903.7 -2991.7 -15.1 348 0 4.9 15.6 7.5 2.5 2 0 3 5 5
2887.4 -2997.2 -14.8 76 0 3.4 5.2 7.5 2.5 2 0 3 5 5
2892.7 -2978.5 -14.8 346 0 11.6 10.9 5.0 2.5 2 0 2 3 3
2896.2 -2959.4 -14.5 348 0 6.7 4.6 7.5 0.0 0 0 3 0 0
2866.3 -2989.5 -14.4 166 0 5.7 11.2 7.5 2.5 2 1 3 5 5
2872.7 -3001.0 -14.4 75 0 4.6 5.1 7.5 2.5 2 1 3 5 5
2852.6 -3019.9 -14.3 165 0 6.5 9.1 2.5 2.5 2 1 1 2 2
2851.0 -3009.6 -14.2 102 0 10.5 14.6 2.5 2.5 2 1 1 3 3
2839.3 -2960.4 -12.8 250 0 4.1 4.7 7.5 2.5 2 1 3 1 1
2850.4 -2952.8 -13.3 249 0 8.8 11.1 7.5 2.5 2 1 3 3 3
2829.4 -2991.6 -12.9 76 0 12.8 8.8 5.0 2.5 2 0 2 5 5
2834.6 -2941.8 -12.5 252 0 6.8 9.1 5.0 2.5 2 1 2 5 5
2759.8 -2963.6 -9.5 253 0 10.9 10.7 7.5 0.0 0 0 3 1 1
2771.3 -2976.7 -10.3 255 0 14.9 16.6 15.0 0.0 0 1 6 0 0
3149.7 -2962.8 -21.3 182 0 8.6 4.8 5.0 2.5 2 0 2 0 0
3183.5 -2884.0 -21.0 161 0 9.7 5.6 7.5 2.5 2 0 3 2 2
3170.0 -2878.4 -20.2 162 0 9.4 6.7 2.5 2.5 2 0 1 3 3
3155.3 -2973.9 -23.5 174 0 19.1 24.9 10.0 0.0 0 1 4 0 0
3178.0 -2939.3 -23.3 261 0 13.9 14.2 5.0 0.0 0 1 2 4 4
3220.1 -2950.2 -25.7 259 0 9.2 9.1 5.0 0.0 0 0 2 5 5
3217.4 -2927.7 -25.2 260 0 11.1 10.8 5.0 2.5 2 0 2 2 2
3201.5 -2936.0 -24.7 260 0 11.6 12.6 5.0 2.5 2 1 2 4 4
3241.9 -2921.7 -26.5 264 0 16.1 11.5 2.5 2.5 2 0 1 3 3
3248.1 -2932.6 -26.8 265 0 5.8 6.4 7.5 2.5 2 0 3 4 4
3244.6 -2939.2 -27.1 266 0 7.9 6.4 2.5 2.5 2 0 1 3 3
3249.0 -2945.3 -27.3 268 0 10.2 16.1 5.0 2.5 2 0 2 2 2
3259.6 -2946.2 -28.4 260 0 15.9 8.7 5.0 2.5 2 0 2 5 5
3257.0 -2955.5 -28.0 259 0 10.0 5.0 7.5 2.5 2 0 3 5 5
3260.2 -2914.7 -27.3 263 0 12.2 15.1 5.0 2.5 2 1 2 3 3
3276.1 -2923.9 -28.4 261 0 8.7 9.6 2.5 2.5 4 0 1 5 5
3277.6 -2933.4 -28.8 261 0 8.7 8.6 5.0 2.5 2 0 2 0 0
3620.3 -2934.8 -20.8 340 0 9.2 16.5 7.5 2.5 2 1 3 2 2
3574.5 -2896.5 -21.2 245 0 18.8 42.4 12.5 0.0 0 1 5 4 4
3306.6 -2967.4 -30.9 79 0 5.5 8.9 5.0 2.5 2 1 2 5 5
3329.3 -2970.1 -32.8 351 0 8.0 23.1 2.5 2.5 2 1 1 4 4
3314.9 -2950.6 -31.2 77 0 4.9 10.2 7.5 2.5 2 1 3 0 0
3316.9 -2930.8 -30.7 343 0 11.4 11.4 7.5 2.5 2 1 3 2 2
3512.7 -2793.7 -12.0 242 0 11.1 14.8 5.0 2.5 2 1 2 1 1
3522.4 -2813.4 -11.3 150 0 3.5 5.6 5.0 2.5 2 1 2 4 4
3519.1 -2820.4 -11.2 151 0 3.9 12.0 7.5 2.5 2 1 3 0 0
3547.4 -2779.1 -11.9 331 0 9.7 23.0 7.5 2.5 2 1 3 1 1
3563.1 -2787.5 -11.3 239 0 18.0 7.6 7.5 2.5 2 0 3 2 2
3578.7 -2779.6 -10.9 147 0 26.4 10.2 10.0 2.5 2 0 4 3 3
3607.3 -2867.2 -9.9 332 0 3.9 4.4 5.0 2.5 2 1 2 5 5
3585.3 -2884.4 -10.2 155 0 5.1 8.7 5.0 2.5 2 1 2 1 1
3604.1 -2890.5 -10.4 334 0 5.0 4.3 7.5 2.5 2 0 3 2 2
3604.1 -2901.7 -12.3 338 0 3.6 7.6 2.5 2.5 2 1 1 1 1
3604.1 -2922.0 -17.8 336 0 13.7 6.1 2.5 2.5 2 0 1 0 0
3520.5 -2966.4 -31.3 155 0 15.7 55.8 10.0 0.0 0 1 4 2 2
3560.8 -2974.1 -28.2 160 0 12.7 7.4 5.0 2.5 2 0 2 2 2
3535.6 -2898.5 -19.5 245 0 20.6 11.7 10.0 2.5 2 0 4 3 3
3645.1 -2996.4 -20.9 71 0 23.1 10.0 5.0 2.5 2 0 2 5 5
3645.0 -2954.4 -22.4 336 0 16.1 18.9 10.0 2.5 2 1 4 2 2
3666.9 -2953.1 -20.2 336 0 24.3 14.5 12.5 2.5 2 0 5 0 0
3238.9 -3029.2 -29.9 360 0 10.3 14.0 2.5 2.5 2 1 1 2 2
3244.9 -3057.1 -31.4 359 0 11.3 10.5 7.5 2.5 2 0 3 2 2
3159.0 -3119.3 -21.9 91 0 3.0 7.9 5.0 2.5 2 1 2 4 4
3201.6 -3104.9 -27.6 79 0 14.7 24.6 15.0 0.0 0 1 6 5 5
3177.6 -3210.1 -22.8 266 0 4.8 9.5 2.5 2.5 2 1 1 0 0
3152.7 -3214.1 -19.9 172 0 10.5 10.5 5.0 2.5 2 0 2 4 4
3143.1 -3238.2 -17.2 181 0 13.3 6.4 7.5 2.5 2 0 3 1 1
3192.3 -3319.5 -19.9 347 0 7.0 17.2 7.5 2.5 2 1 3 5 5
3167.7 -3334.9 -18.3 172 0 7.5 14.3 2.5 2.5 2 1 1 1 1
3188.5 -3339.5 -19.1 346 0 3.9 6.0 5.0 2.5 2 1 2 0 0
3148.5 -3346.4 -15.2 178 0 9.9 10.2 7.5 2.5 4 1 3 4 4
3147.6 -3363.3 -15.3 174 0 6.5 14.4 5.0 2.5 2 0 2 1 1
3150.8 -3372.9 -14.6 166 0 5.6 6.3 7.5 2.5 2 1 3 4 4
3145.9 -3391.6 -14.1 183 0 10.1 9.5 7.5 2.5 2 0 3 2 2
3184.7 -3388.5 -18.4 80 0 8.5 25.6 5.0 2.5 2 1 2 2 2
3162.1 -3395.5 -15.4 168 0 11.7 4.0 7.5 2.5 2 0 3 5 5
3206.6 -3395.4 -21.0 80 0 7.1 12.6 2.5 2.5 2 1 1 2 2
3103.2 -3396.5 -9.8 357 0 10.0 9.7 7.5 2.5 2 0 3 2 2
3058.2 -3417.2 -9.1 169 0 5.4 28.3 7.5 2.5 2 1 3 5 5
3054.4 -3399.9 -8.8 168 0 24.1 9.0 7.5 2.5 2 0 3 5 5
3060.1 -3383.0 -9.4 170 0 6.5 16.6 5.0 2.5 2 0 2 5 5
3034.4 -3497.7 -7.2 171 0 46.4 17.8 12.5 2.5 2 0 5 2 2
3071.7 -3539.6 -7.6 79 0 24.4 7.5 2.5 2.5 4 0 1 0 0
3102.6 -3518.1 -8.3 352 0 14.7 8.6 7.5 2.5 2 0 3 4 4
3061.4 -3660.8 -5.7 170 0 7.3 6.4 7.5 2.5 2 0 3 4 4
3065.2 -3638.4 -6.3 168 0 5.1 9.7 2.5 2.5 2 1 1 2 2
3053.4 -3648.6 -5.7 168 0 6.6 11.6 2.5 2.5 2 1 1 1 1
3063.8 -3624.3 -6.0 261 0 6.0 4.6 5.0 2.5 2 0 2 0 0
3065.8 -3620.1 -6.4 167 0 4.2 9.3 2.5 2.5 2 1 1 1 1
3112.0 -3329.6 -11.6 356 0 10.6 11.8 2.5 2.5 2 1 1 4 4
3093.0 -3315.2 -11.3 353 0 5.5 13.7 7.5 2.5 2 1 3 2 2
3062.0 -3326.0 -10.3 168 0 16.8 7.1 5.0 2.5 2 0 2 2 2
3063.3 -3302.4 -11.0 170 0 16.7 8.6 5.0 2.5 2 0 2 3 3
3070.8 -3284.3 -11.8 168 0 6.9 14.1 5.0 2.5 2 1 2 3 3
3100.6 -3267.4 -12.9 7 0 11.1 16.3 10.0 2.5 2 1 4 2 2
3067.6 -3262.9 -11.9 171 0 4.6 6.1 2.5 2.5 2 1 1 1 1
3072.8 -3255.9 -12.5 170 0 6.7 14.1 7.5 2.5 2 1 3 0 0
3111.3 -3245.9 -13.6 352 0 10.7 14.4 5.0 2.5 2 1 2 1 1
3114.9 -3215.8 -14.1 355 0 7.6 9.2 7.5 0.0 0 1 3 1 1
3104.9 -3204.9 -14.2 348 0 10.2 38.0 7.5 2.5 2 0 3 4 4
3052.8 -3218.6 -12.5 171 0 5.2 6.3 2.5 2.5 2 1 1 1 1
3061.7 -3217.7 -12.8 169 0 5.4 7.0 5.0 2.5 2 0 2 1 1
3051.2 -3191.0 -13.5 168 0 6.6 8.3 7.5 2.5 2 0 3 4 4
3084.7 -3177.3 -14.7 348 0 5.6 16.2 5.0 2.5 2 0 2 4 4
3089.4 -3175.8 -14.9 348 0 6.9 4.9 7.5 2.5 2 0 3 5 5
3111.1 -3188.0 -15.2 353 0 6.7 14.8 5.0 2.5 2 1 2 4 4
3108.1 -3167.4 -15.9 350 0 11.7 13.0 5.0 2.5 2 1 2 4 4
3094.6 -3129.5 -16.7 344 0 4.8 5.5 2.5 2.5 2 1 1 5 5
3087.6 -3132.5 -16.3 346 0 3.6 9.1 7.5 2.5 2 1 3 4 4
3090.0 -3107.7 -17.1 345 0 6.1 11.9 5.0 2.5 2 1 2 5 5
3108.2 -3118.0 -17.5 345 0 11.7 11.3 2.5 2.5 2 0 1 0 0
3029.2 -3043.9 -17.9 265 0 4.7 10.5 5.0 2.5 2 1 2 3 3
3049.2 -3028.0 -18.3 265 0 5.4 7.9 2.5 2.5 2 1 1 3 3
3058.4 -3082.8 -17.9 351 0 8.4 8.9 7.5 2.5 2 0 3 0 0
3075.8 -3080.1 -18.3 352 0 8.3 17.6 5.0 2.5 2 0 2 0 0
3095.4 -3077.4 -18.7 352 0 8.2 19.8 2.5 2.5 2 0 1 1 1
3118.7 -3056.2 -19.4 355 0 10.1 9.7 7.5 2.5 2 0 3 0 0
3117.9 -3037.1 -19.5 355 0 11.1 10.3 7.5 2.5 2 0 3 3 3
3051.5 -3009.4 -18.4 173 0 9.0 6.8 2.5 2.5 2 0 1 2 2
3049.1 -3002.2 -18.3 174 0 5.9 8.4 5.0 2.5 2 0 2 2 2
3054.4 -2975.1 -18.4 259 0 10.5 14.3 2.5 2.5 2 1 1 5 5
3066.2 -2981.3 -18.5 262 0 4.8 10.1 7.5 2.5 2 1 3 2 2
3084.3 -2984.0 -18.9 262 0 10.9 12.9 2.5 2.5 4 0 1 1 1
3092.2 -2980.0 -19.0 262 0 6.0 15.8 5.0 0.0 0 0 2 3 3
3080.2 -2964.5 -18.9 258 0 8.5 16.4 7.5 2.5 2 1 3 4 4
3113.7 -2974.3 -19.4 348 0 11.9 14.5 5.0 2.5 2 1 2 4 4
3106.6 -3002.2 -19.2 352 0 6.1 12.4 5.0 2.5 2 1 2 2 2
2469.9 -3034.1 3.9 254 0 4.8 13.2 7.5 2.5 2 0 3 1 1
2781.3 -3039.0 -10.9 75 0 23.4 10.9 12.5 2.5 2 0 5 5 5
2747.8 -3032.4 -8.5 77 0 8.1 12.6 7.5 0.0 0 1 3 2 2
2725.9 -3020.5 -7.0 76 0 6.5 9.8 7.5 2.5 2 1 3 0 0
2749.4 -2983.7 -8.9 253 0 5.4 6.9 5.0 2.5 2 1 2 5 5
2731.6 -2969.4 -7.8 258 0 8.0 11.2 5.0 2.5 2 1 2 0 0
2704.8 -2983.9 -6.0 257 0 5.6 17.6 2.5 2.5 2 1 1 1 1
2714.9 -2977.9 -6.7 257 0 9.0 10.7 7.5 2.5 2 1 3 1 1
2668.0 -2981.5 -4.4 169 0 11.9 19.3 5.0 2.5 2 1 2 5 5
2642.4 -3094.2 -3.7 345 0 54.5 10.1 10.0 2.5 2 0 4 1 1
2599.0 -3059.0 -1.7 254 0 24.9 13.4 10.0 0.0 0 0 4 5 5
2616.0 -3054.4 -2.0 255 0 10.3 13.4 5.0 2.5 2 0 2 1 1
2586.2 -3138.2 -3.1 166 0 10.2 36.9 12.5 2.5 2 1 5 2 2
2532.7 -3053.5 1.4 75 0 9.5 8.0 7.5 2.5 2 0 3 1 1
2522.1 -3046.2 1.9 79 0 6.3 3.9 5.0 2.5 2 0 2 1 1
2513.3 -3050.3 2.3 79 0 4.2 6.1 7.5 2.5 2 1 3 1 1
2543.3 -3037.0 1.4 347 0 8.0 8.7 7.5 2.5 2 1 3 0 0
2532.6 -3018.0 2.1 348 0 10.8 10.7 7.5 2.5 2 0 3 3 3
2496.9 -3022.4 3.2 257 0 7.9 10.5 7.5 2.5 2 1 3 5 5
2484.3 -3019.2 3.8 255 0 9.8 9.2 5.0 2.5 2 0 2 0 0
2480.1 -3003.2 4.3 255 0 11.3 13.6 5.0 2.5 2 1 2 0 0
2495.7 -3054.9 2.9 80 0 3.5 18.9 2.5 2.5 4 1 1 0 0
2504.5 -3060.1 2.4 75 0 4.6 5.4 7.5 2.5 4 1 3 3 3
2472.1 -3032.9 3.6 165 0 19.6 6.3 7.5 2.5 2 0 3 3 3
2469.8 -3015.5 4.7 248 0 3.6 4.7 7.5 2.5 2 1 3 0 0
2457.1 -3024.3 4.6 254 0 6.9 11.8 5.0 2.5 2 1 2 1 1
2466.4 -3061.9 3.6 75 0 15.4 9.9 5.0 2.5 2 0 2 0 0
2417.1 -3027.5 5.3 258 0 11.0 13.4 5.0 2.5 2 1 2 0 0
2434.8 -3067.6 4.3 77 0 5.1 8.5 5.0 2.5 2 0 2 5 5
2429.2 -3068.9 4.4 76 0 12.6 7.8 5.0 2.5 2 0 2 4 4
2397.5 -3124.7 3.4 74 0 4.4 6.2 7.5 2.5 4 1 3 4 4
2390.4 -3104.1 3.8 77 0 3.5 7.2 7.5 2.5 2 1 3 0 0
2381.4 -3089.9 4.1 76 0 6.8 12.6 5.0 2.5 2 1 2 3 3
2407.6 -3081.3 4.3 76 0 5.5 8.3 7.5 2.5 2 0 3 0 0
2404.0 -3078.0 4.0 346 0 14.5 15.5 7.5 2.5 2 0 3 2 2
2398.5 -3029.7 5.2 259 0 11.7 15.2 5.0 0.0 0 1 2 0 0
2351.3 -3056.9 4.7 257 0 9.6 12.6 2.5 2.5 2 1 1 0 0
2317.3 -3103.2 4.5 79 0 20.9 8.1 5.0 2.5 2 0 2 2 2
2316.0 -3049.3 4.9 259 0 13.2 20.1 7.5 2.5 2 1 3 5 5
2293.7 -3069.3 4.9 258 0 7.5 17.6 7.5 2.5 2 1 3 0 0
2287.5 -3049.2 5.3 257 0 10.2 14.0 10.0 2.5 2 1 4 0 0
2281.3 -3080.1 5.0 259 0 5.8 13.0 7.5 2.5 4 1 3 0 0
2296.5 -3124.6 4.6 79 0 3.8 5.8 7.5 0.0 0 1 3 4 4
2302.0 -3129.0 4.5 78 0 3.7 6.0 7.5 2.5 2 1 3 1 1
2258.2 -3091.4 5.2 259 0 5.7 9.6 7.5 2.5 2 1 3 4 4
2208.0 -3133.0 5.6 82 0 17.5 9.8 7.5 2.5 4 0 3 1 1
2193.2 -3116.1 5.8 81 0 5.5 10.2 5.0 0.0 0 1 2 1 1
2185.8 -3107.4 5.9 260 0 4.6 4.0 7.5 2.5 2 0 3 5 5
2161.1 -3122.9 5.7 84 0 11.2 6.7 7.5 2.5 2 0 3 2 2
2139.0 -3112.3 5.6 264 0 3.1 4.0 7.5 2.5 2 1 3 0 0
2105.4 -3109.1 5.4 259 0 6.1 13.9 2.5 2.5 2 1 1 0 0
2171.3 -3090.5 5.6 262 0 6.7 10.5 7.5 2.5 2 1 3 1 1
1974.8 -3129.6 3.7 277 0 8.5 15.8 5.0 2.5 2 1 2 5 5
2065.8 -3098.1 5.1 256 0 9.6 13.7 5.0 2.5 2 1 2 2 2
2069.6 -3131.4 5.5 77 0 3.2 12.3 2.5 2.5 2 1 1 4 4
2066.2 -3140.6 5.7 132 0 8.1 14.7 2.5 2.5 4 1 1 2 2
2853.1 -2562.8 -12.9 75 0 6.2 6.8 2.5 0.0 0 0 1 2 2
2912.5 -2035.1 -20.6 249 0 9.6 18.8 2.5 2.5 2 1 1 1 1
2948.8 -2029.9 -20.7 244 0 4.8 9.6 5.0 2.5 2 1 2 4 4
2617.5 -2594.9 -4.5 166 0 16.3 12.0 7.5 0.0 0 0 3 5 5
3100.0 -3443.5 -9.0 349 0 9.9 8.2 5.0 2.5 2 0 2 4 4
2398.5 -2913.2 6.3 256 0 12.5 9.5 5.0 0.0 0 0 2 1 1
2416.1 -2968.6 6.2 76 0 7.0 27.2 7.5 2.5 2 1 3 4 4
2837.4 -2818.8 -10.6 346 0 10.5 5.6 7.5 2.5 2 0 3 4 4
2869.7 -2749.4 -11.4 348 0 7.9 12.4 5.0 2.5 2 1 2 0 0
2857.0 -2737.3 -10.9 348 0 10.1 9.0 2.5 0.0 0 0 1 0 0
2850.6 -2695.9 -10.6 349 0 9.9 12.1 2.5 2.5 4 1 1 4 4
2886.2 -2841.8 -12.7 349 0 15.0 9.4 5.0 2.5 2 0 2 0 0
2882.2 -2795.1 -12.2 349 0 9.6 7.4 5.0 2.5 4 0 2 4 4
2872.0 -2815.3 -11.9 347 0 5.3 15.0 5.0 2.5 4 1 2 1 1
2857.0 -2808.6 -11.3 348 0 8.3 8.3 2.5 2.5 2 1 1 5 5
2849.0 -2843.9 -11.2 347 0 6.5 7.7 5.0 2.5 2 1 2 1 1
2855.1 -2858.7 -11.6 345 0 6.4 15.1 5.0 2.5 2 1 2 2 2
2830.5 -2840.6 -10.5 346 0 6.5 14.5 5.0 2.5 2 1 2 1 1
2829.1 -2821.2 -10.3 352 0 5.4 11.6 2.5 0.0 0 1 1 4 4
2796.7 -2843.7 -9.5 165 0 8.9 8.4 7.5 2.5 2 0 3 0 0
2792.3 -2815.6 -9.2 169 0 14.0 7.4 2.5 2.5 2 0 1 5 5
2818.8 -2861.2 -10.3 76 0 8.6 12.9 5.0 2.5 2 1 2 0 0
2878.2 -2900.4 -13.0 70 0 4.2 5.2 7.5 2.5 2 1 3 1 1
2856.2 -2910.8 -12.5 71 0 10.2 13.0 7.5 2.5 2 1 3 4 4
2835.9 -2899.1 -11.5 96 0 6.3 5.2 2.5 2.5 2 0 1 5 5
2843.1 -2915.0 -12.1 70 0 5.0 9.1 5.0 2.5 2 1 2 3 3
2808.5 -2925.6 -11.2 72 0 11.6 11.9 7.5 2.5 2 1 3 2 2
2799.4 -2909.7 -10.5 72 0 9.3 5.4 7.5 2.5 2 0 3 5 5
2778.4 -2930.5 -10.5 86 0 13.8 14.7 2.5 0.0 0 1 1 4 4
2772.5 -2900.7 -9.8 166 0 10.6 14.5 5.0 2.5 2 1 2 1 1
2779.0 -2837.2 -8.7 170 0 3.8 6.6 2.5 2.5 2 1 1 3 3
2770.1 -2834.7 -8.4 164 0 10.6 6.9 5.0 2.5 2 0 2 5 5
2823.0 -2745.1 -9.7 346 0 9.4 7.0 5.0 2.5 2 0 2 0 0
2825.9 -2709.8 -9.9 258 0 11.6 4.2 5.0 2.5 2 0 2 1 1
2811.4 -2698.1 -9.3 260 0 8.4 13.1 7.5 2.5 2 1 3 2 2
2796.2 -2689.9 -8.6 260 0 8.3 8.8 2.5 2.5 2 1 1 3 3
2801.8 -2716.2 -8.8 260 0 4.5 4.4 7.5 2.5 2 0 3 3 3
2778.8 -2721.8 -8.1 256 0 6.0 11.8 5.0 2.5 2 0 2 1 1
2786.5 -2728.8 -8.3 257 0 5.7 3.3 5.0 2.5 2 0 2 4 4
2784.7 -2698.3 -8.0 260 0 6.0 3.6 5.0 2.5 2 0 2 1 1
2754.6 -2634.8 -8.0 78 0 6.5 3.8 5.0 2.5 4 0 2 3 3
2710.2 -2605.6 -7.0 257 0 6.4 4.2 5.0 2.5 2 0 2 0 0
2758.9 -2760.7 -7.4 165 0 5.0 3.2 7.5 2.5 2 0 3 2 2
2756.3 -2693.0 -7.0 256 0 5.9 11.7 5.0 2.5 2 1 2 0 0
2737.4 -2703.1 -6.3 255 0 11.3 9.3 7.5 2.5 2 0 3 3 3
2735.7 -2752.1 -6.9 168 0 10.1 14.1 5.0 2.5 2 1 2 0 0
2738.1 -2766.9 -7.0 167 0 10.0 13.3 2.5 0.0 0 1 1 4 4
2678.4 -2673.2 -4.5 267 0 3.8 9.6 2.5 2.5 2 1 1 1 1
2644.3 -2682.5 -3.8 165 0 5.0 19.4 5.0 0.0 0 1 2 3 3
2639.6 -2688.3 -3.1 256 0 16.1 15.4 5.0 2.5 2 0 2 2 2
2699.3 -2727.3 -4.6 346 0 3.0 5.5 7.5 2.5 2 1 3 5 5
2708.7 -2739.8 -5.2 343 0 10.5 9.4 7.5 2.5 2 0 3 2 2
2737.4 -2829.7 -6.8 346 0 7.1 13.6 7.5 2.5 2 1 3 4 4
2749.4 -2888.1 -8.3 347 0 10.8 12.1 5.0 2.5 2 0 2 5 5
2739.7 -2883.1 -7.9 345 0 8.1 5.2 7.5 2.5 2 0 3 0 0
2738.8 -2876.1 -7.7 345 0 5.8 6.1 7.5 2.5 2 0 3 0 0
2720.4 -2871.7 -7.0 346 0 13.3 7.8 7.5 2.5 2 0 3 2 2
2724.5 -2897.5 -7.4 348 0 3.8 6.4 5.0 2.5 2 1 2 3 3
2715.2 -2897.5 -6.9 348 0 12.2 11.4 5.0 2.5 2 0 2 0 0
2706.8 -2860.1 -6.3 346 0 8.1 16.7 5.0 2.5 2 1 2 3 3
2670.4 -2911.4 -4.4 76 0 5.6 13.8 7.5 2.5 2 1 3 2 2
2682.2 -2919.8 -4.9 77 0 3.0 5.0 7.5 2.5 2 1 3 3 3
2626.6 -2891.7 -2.6 162 0 6.5 11.2 5.0 2.5 2 1 2 4 4
2631.3 -2871.5 -2.6 167 0 8.3 3.7 7.5 2.5 2 0 3 5 5
2553.7 -2957.2 1.7 76 0 6.8 10.2 5.0 2.5 2 1 2 2 2
2537.5 -2947.7 2.4 76 0 11.4 10.1 10.0 2.5 2 0 4 5 5
2533.9 -2905.7 2.5 258 0 5.4 16.2 7.5 2.5 2 1 3 3 3
2516.6 -2918.2 3.3 255 0 6.3 12.6 5.0 2.5 2 0 2 1 1
2519.1 -2952.6 3.2 74 0 13.8 11.4 7.5 2.5 2 0 3 4 4
2486.0 -2932.1 4.2 164 0 12.0 5.7 5.0 2.5 2 0 2 3 3
2482.5 -2918.1 4.0 167 0 7.8 17.4 7.5 2.5 2 1 3 2 2
2362.1 -2986.7 5.7 74 0 10.7 10.6 7.5 2.5 2 0 3 3 3
2372.2 -2963.0 6.2 76 0 4.7 22.0 7.5 2.5 2 1 3 1 1
2367.0 -2920.0 6.4 255 0 16.2 9.4 5.0 2.5 2 0 2 0 0
2338.3 -2967.6 6.0 75 0 12.7 18.2 10.0 2.5 2 0 4 3 3
2292.7 -2953.6 5.9 164 0 8.6 19.9 2.5 2.5 2 1 1 5 5
2301.1 -2990.2 5.5 76 0 3.6 6.7 5.0 0.0 0 1 2 2 2
2312.2 -3009.8 5.5 77 0 10.6 11.5 5.0 0.0 0 1 2 1 1
2249.5 -2949.0 5.5 167 0 7.0 8.3 5.0 2.5 2 1 2 0 0
2265.9 -2959.7 5.7 76 0 7.7 8.1 7.5 0.0 0 1 3 5 5
2268.6 -2920.3 5.5 189 0 3.3 5.7 7.5 2.5 2 1 3 3 3
2191.0 -3027.5 5.3 74 0 5.9 4.6 5.0 2.5 4 0 2 5 5
2171.4 -3032.6 5.1 74 0 9.1 12.9 5.0 2.5 2 1 2 0 0
2190.7 -3013.8 5.1 346 0 3.8 6.2 5.0 2.5 2 1 2 3 3
2160.3 -2993.9 4.8 256 0 12.9 6.6 7.5 2.5 4 0 3 3 3
2138.9 -3042.8 4.9 78 0 10.9 9.9 7.5 2.5 2 0 3 4 4
2144.7 -3002.4 4.8 258 0 3.4 3.4 5.0 2.5 2 0 2 5 5
2123.6 -2994.8 4.6 255 0 8.0 10.8 2.5 2.5 2 0 1 5 5
2133.0 -3020.0 4.8 74 0 5.0 16.0 7.5 2.5 2 0 3 0 0
2106.7 -3045.9 4.5 76 0 4.9 7.9 2.5 2.5 2 0 1 0 0
2109.2 -3055.7 4.6 76 0 4.9 10.1 5.0 2.5 2 0 2 1 1
2100.9 -2996.6 4.2 164 0 7.1 11.9 7.5 0.0 0 1 3 3 3
3210.0 -1751.2 -3.8 317 0 13.5 19.3 10.0 2.5 2 1 4 3 3
3163.6 -1744.5 -3.9 139 0 27.3 9.6 7.5 2.5 4 0 3 5 5
3145.4 -1716.2 -3.8 229 0 9.7 19.7 5.0 2.5 2 0 2 4 4
-5501.2 -2230.0 -31.6 210 0 6.9 11.7 5.0 2.5 2 1 2 0 0
-5484.4 -2288.5 -30.2 32 0 10.7 11.1 5.0 2.5 2 1 2 5 5
6265.7 6825.8 -22.0 312 0 9.4 3.8 5.0 2.5 2 0 2 1 1
4867.2 4427.5 1.4 174 0 10.7 10.4 5.0 2.5 2 0 2 0 0
4731.4 4571.6 -9.3 91 0 14.0 11.0 10.0 2.5 2 0 4 2 2
4724.6 4490.1 -7.6 250 0 6.7 9.5 7.5 2.5 2 1 3 1 1
4715.4 4461.1 -7.5 164 0 10.7 7.8 5.0 2.5 2 0 2 2 2
